fra;vaccin;jour;n_dose1;n_dose2;n_dose3;n_dose4;n_complet;n_rappel;n_2_rappel;n_rappel_biv;n_3_rappel;n_cum_dose1;n_cum_dose2;n_cum_dose3;n_cum_dose4;n_cum_complet;n_cum_rappel;n_cum_2_rappel;n_cum_rappel_biv;n_cum_3_rappel
FR;1;2020-12-27;616;0;0;0;55;0;0;0;0;616;0;0;0;55;0;0;0;0
FR;1;2020-12-28;708;1;0;0;44;0;0;0;0;1324;1;0;0;99;0;0;0;0
FR;1;2020-12-29;389;0;0;0;19;0;0;0;0;1713;1;0;0;118;0;0;0;0
FR;1;2020-12-30;456;0;0;0;20;0;0;0;0;2169;1;0;0;138;0;0;0;0
FR;1;2020-12-31;451;1;0;0;21;0;0;0;0;2620;2;0;0;159;0;0;0;0
FR;1;2021-01-01;1196;2;0;0;66;0;0;0;0;3816;4;0;0;225;0;0;0;0
FR;1;2021-01-02;369;4;0;0;29;0;0;0;0;4185;8;0;0;254;0;0;0;0
FR;1;2021-01-03;419;0;0;0;23;0;0;0;0;4604;8;0;0;277;0;0;0;0
FR;1;2021-01-04;2149;5;0;0;51;0;0;0;0;6753;13;0;0;328;0;0;0;0
FR;1;2021-01-05;7790;6;0;0;128;0;0;0;0;14543;19;0;0;456;0;0;0;0
FR;1;2021-01-06;12486;23;0;0;128;0;0;0;0;27029;42;0;0;584;0;0;0;0
FR;1;2021-01-07;29480;24;0;0;159;0;0;0;0;56509;66;0;0;743;0;0;0;0
FR;1;2021-01-08;37170;35;0;0;204;0;0;0;0;93679;101;0;0;947;0;0;0;0
FR;1;2021-01-09;11221;9;0;0;77;0;0;0;0;104900;110;0;0;1024;0;0;0;0
FR;1;2021-01-10;6017;8;0;0;28;0;0;0;0;110917;118;0;0;1052;0;0;0;0
FR;1;2021-01-11;39956;39;0;0;232;0;0;0;0;150873;157;0;0;1284;0;0;0;0
FR;1;2021-01-12;62165;31;0;0;299;0;0;0;0;213038;188;0;0;1583;0;0;0;0
FR;1;2021-01-13;65150;62;0;0;433;0;0;0;0;278188;250;0;0;2016;0;0;0;0
FR;1;2021-01-14;81473;262;0;0;957;0;0;0;0;359661;512;0;0;2973;0;0;0;0
FR;1;2021-01-15;68639;102;0;0;528;0;0;0;0;428300;614;0;0;3501;0;0;0;0
FR;1;2021-01-16;19903;73;0;0;171;0;0;0;0;448203;687;0;0;3672;0;0;0;0
FR;1;2021-01-17;10909;54;0;0;130;0;0;0;0;459112;741;0;0;3802;0;0;0;0
FR;1;2021-01-18;82849;176;0;0;587;0;0;0;0;541961;917;0;0;4389;0;0;0;0
FR;1;2021-01-19;125935;209;0;0;837;0;0;0;0;667896;1126;0;0;5226;0;0;0;0
FR;1;2021-01-20;132439;191;0;0;779;0;0;0;0;800335;1317;0;0;6005;0;0;0;0
FR;1;2021-01-21;153088;196;0;0;896;0;0;0;0;953423;1513;0;0;6901;0;0;0;0
FR;1;2021-01-22;115972;240;0;0;776;0;0;0;0;1069395;1753;0;0;7677;0;0;0;0
FR;1;2021-01-23;36617;84;0;0;207;0;0;0;0;1106012;1837;0;0;7884;0;0;0;0
FR;1;2021-01-24;9589;129;0;0;188;0;0;0;0;1115601;1966;0;0;8072;0;0;0;0
FR;1;2021-01-25;74442;1454;0;0;1772;0;0;0;0;1190043;3420;0;0;9844;0;0;0;0
FR;1;2021-01-26;96471;3705;1;0;4146;0;0;0;0;1286514;7125;1;0;13990;0;0;0;0
FR;1;2021-01-27;103660;6440;0;0;7124;0;0;0;0;1390174;13565;1;0;21114;0;0;0;0
FR;1;2021-01-28;120627;16414;0;0;17203;0;0;0;0;1510801;29979;1;0;38317;0;0;0;0
FR;1;2021-01-29;88904;18797;0;0;19337;0;0;0;0;1599705;48776;1;0;57654;0;0;0;0
FR;1;2021-01-30;27995;4532;0;0;4656;0;0;0;0;1627700;53308;1;0;62310;0;0;0;0
FR;1;2021-01-31;5194;1898;0;0;1936;0;0;0;0;1632894;55206;1;0;64246;0;0;0;0
FR;1;2021-02-01;49752;23046;0;0;23288;0;0;0;0;1682646;78252;1;0;87534;0;0;0;0
FR;1;2021-02-02;67839;38205;0;0;38662;0;0;0;0;1750485;116457;1;0;126196;0;0;0;0
FR;1;2021-02-03;67105;40255;0;0;40690;0;0;0;0;1817590;156712;1;0;166886;0;0;0;0
FR;1;2021-02-04;77156;55130;0;0;55700;0;0;0;0;1894746;211842;1;0;222586;0;0;0;0
FR;1;2021-02-05;63435;48225;0;0;48630;0;0;0;0;1958181;260067;1;0;271216;0;0;0;0
FR;1;2021-02-06;19428;11420;0;0;11527;0;0;0;0;1977609;271487;1;0;282743;0;0;0;0
FR;1;2021-02-07;3669;6067;0;0;6094;0;0;0;0;1981278;277554;1;0;288837;0;0;0;0
FR;1;2021-02-08;36508;48781;0;0;49034;0;0;0;0;2017786;326335;1;0;337871;0;0;0;0
FR;1;2021-02-09;50829;78437;0;0;78964;0;0;0;0;2068615;404772;1;0;416835;0;0;0;0
FR;1;2021-02-10;52088;83457;0;0;83940;0;0;0;0;2120703;488229;1;0;500775;0;0;0;0
FR;1;2021-02-11;63397;105556;0;0;106466;0;0;0;0;2184100;593785;1;0;607241;0;0;0;0
FR;1;2021-02-12;55887;75806;0;0;76492;0;0;0;0;2239987;669591;1;0;683733;0;0;0;0
FR;1;2021-02-13;15469;19309;0;0;19421;0;0;0;0;2255456;688900;1;0;703154;0;0;0;0
FR;1;2021-02-14;3747;7311;0;0;7377;0;0;0;0;2259203;696211;1;0;710531;0;0;0;0
FR;1;2021-02-15;24175;73667;0;0;73925;0;0;0;0;2283378;769878;1;0;784456;0;0;0;0
FR;1;2021-02-16;32788;95519;0;0;95933;0;0;0;0;2316166;865397;1;0;880389;0;0;0;0
FR;1;2021-02-17;35141;102374;20;0;103032;0;0;0;0;2351307;967771;21;0;983421;0;0;0;0
FR;1;2021-02-18;49466;118557;0;0;119554;0;0;0;0;2400773;1086328;21;0;1102975;0;0;0;0
FR;1;2021-02-19;45400;87843;1;0;88788;0;0;0;0;2446173;1174171;22;0;1191763;0;0;0;0
FR;1;2021-02-20;13398;27026;0;0;27202;0;0;0;0;2459571;1201197;22;0;1218965;0;0;0;0
FR;1;2021-02-21;2471;5945;0;0;6013;0;0;0;0;2462042;1207142;22;0;1224978;0;0;0;0
FR;1;2021-02-22;24726;69392;2;0;69692;0;0;0;0;2486768;1276534;24;0;1294670;0;0;0;0
FR;1;2021-02-23;37441;81552;1;0;82256;0;0;0;0;2524209;1358086;25;0;1376926;0;0;0;0
FR;1;2021-02-24;40717;79375;1;0;80075;0;0;0;0;2564926;1437461;26;0;1457001;0;0;0;0
FR;1;2021-02-25;50176;87700;1;0;88798;0;0;0;0;2615102;1525161;27;0;1545799;0;0;0;0
FR;1;2021-02-26;47235;67557;1;0;68445;0;0;0;0;2662337;1592718;28;0;1614244;0;0;0;0
FR;1;2021-02-27;15691;21358;1;0;21571;0;0;0;0;2678028;1614076;29;0;1635815;0;0;0;0
FR;1;2021-02-28;3566;4099;2;0;4172;0;0;0;0;2681594;1618175;31;0;1639987;0;0;0;0
FR;1;2021-03-01;40232;50292;1;0;51030;0;0;0;0;2721826;1668467;32;0;1691017;0;0;0;0
FR;1;2021-03-02;55997;62426;3;0;63606;0;0;0;0;2777823;1730893;35;0;1754623;0;0;0;0
FR;1;2021-03-03;61271;60499;0;0;61938;0;0;0;0;2839094;1791392;35;0;1816561;0;0;0;0
FR;1;2021-03-04;73022;68400;3;0;70618;0;0;0;0;2912116;1859792;38;0;1887179;0;0;0;0
FR;1;2021-03-05;74787;58608;3;0;60508;0;0;0;0;2986903;1918400;41;0;1947687;0;0;0;0
FR;1;2021-03-06;82475;15736;2;0;17444;0;0;0;0;3069378;1934136;43;0;1965131;0;0;0;0
FR;1;2021-03-07;63734;3917;1;0;5461;0;0;0;0;3133112;1938053;44;0;1970592;0;0;0;0
FR;1;2021-03-08;60200;41129;2;0;42416;0;0;0;0;3193312;1979182;46;0;2013008;0;0;0;0
FR;1;2021-03-09;86015;47357;1;0;49359;0;0;0;0;3279327;2026539;47;0;2062367;0;0;0;0
FR;1;2021-03-10;90950;47740;5;0;50013;0;0;0;0;3370277;2074279;52;0;2112380;0;0;0;0
FR;1;2021-03-11;105107;54598;1;0;57675;0;0;0;0;3475384;2128877;53;0;2170055;0;0;0;0
FR;1;2021-03-12;104169;44880;1;0;47878;0;0;0;0;3579553;2173757;54;0;2217933;0;0;0;0
FR;1;2021-03-13;89226;12579;1;0;14796;0;0;0;0;3668779;2186336;55;0;2232729;0;0;0;0
FR;1;2021-03-14;44462;2656;1;0;3989;0;0;0;0;3713241;2188992;56;0;2236718;0;0;0;0
FR;1;2021-03-15;95538;27941;3;0;30292;0;0;0;0;3808779;2216933;59;0;2267010;0;0;0;0
FR;1;2021-03-16;123607;34035;5;0;37583;0;0;0;0;3932386;2250968;64;0;2304593;0;0;0;0
FR;1;2021-03-17;129327;33515;4;0;37570;0;0;0;0;4061713;2284483;68;0;2342163;0;0;0;0
FR;1;2021-03-18;142919;39160;5;0;43838;0;0;0;0;4204632;2323643;73;0;2386001;0;0;0;0
FR;1;2021-03-19;136282;32012;2;0;36604;0;0;0;0;4340914;2355655;75;0;2422605;0;0;0;0
FR;1;2021-03-20;76027;9746;1;0;11962;0;0;0;0;4416941;2365401;76;0;2434567;0;0;0;0
FR;1;2021-03-21;26523;1967;1;0;2957;0;0;0;0;4443464;2367368;77;0;2437524;0;0;0;0
FR;1;2021-03-22;114783;30207;2;0;34040;0;0;0;0;4558247;2397575;79;0;2471564;0;0;0;0
FR;1;2021-03-23;143065;37998;1;0;42789;0;0;0;0;4701312;2435573;80;0;2514353;0;0;0;0
FR;1;2021-03-24;142031;38413;0;0;43286;0;0;0;0;4843343;2473986;80;0;2557639;0;0;0;0
FR;1;2021-03-25;165046;39879;4;0;46042;0;0;0;0;5008389;2513865;84;0;2603681;0;0;0;0
FR;1;2021-03-26;166426;37414;5;1;44035;0;0;0;0;5174815;2551279;89;1;2647716;0;0;0;0
FR;1;2021-03-27;110909;15482;1;0;19493;0;0;0;0;5285724;2566761;90;1;2667209;0;0;0;0
FR;1;2021-03-28;42316;4431;3;0;5986;0;0;0;0;5328040;2571192;93;1;2673195;0;0;0;0
FR;1;2021-03-29;129853;48963;4;0;53631;0;0;0;0;5457893;2620155;97;1;2726826;0;0;0;0
FR;1;2021-03-30;167766;63830;5;0;70843;0;0;0;0;5625659;2683985;102;1;2797669;0;0;0;0
FR;1;2021-03-31;170974;68016;4;0;75542;0;0;0;0;5796633;2752001;106;1;2873211;0;0;0;0
FR;1;2021-04-01;194889;84126;10;0;93635;0;0;0;0;5991522;2836127;116;1;2966846;0;0;0;0
FR;1;2021-04-02;164477;86901;7;0;94726;0;0;0;0;6155999;2923028;123;1;3061572;0;0;0;0
FR;1;2021-04-03;88262;58208;6;0;61756;0;0;0;0;6244261;2981236;129;1;3123328;0;0;0;0
FR;1;2021-04-04;33665;17733;0;0;19233;0;0;0;0;6277926;2998969;129;1;3142561;0;0;0;0
FR;1;2021-04-05;46433;9565;11;0;11442;0;0;0;0;6324359;3008534;140;1;3154003;0;0;0;0
FR;1;2021-04-06;160352;105676;17;0;112164;0;0;0;0;6484711;3114210;157;1;3266167;0;0;0;0
FR;1;2021-04-07;197042;108097;16;0;116936;0;0;0;0;6681753;3222307;173;1;3383103;0;0;0;0
FR;1;2021-04-08;222195;114358;14;0;125718;0;0;0;0;6903948;3336665;187;1;3508821;0;0;0;0
FR;1;2021-04-09;214624;108039;21;0;118938;0;0;0;0;7118572;3444704;208;1;3627759;0;0;0;0
FR;1;2021-04-10;117211;73240;14;0;78389;0;0;0;0;7235783;3517944;222;1;3706148;0;0;0;0
FR;1;2021-04-11;40903;29892;6;0;31796;0;0;0;0;7276686;3547836;228;1;3737944;0;0;0;0
FR;1;2021-04-12;168509;104586;46;0;111836;0;0;0;0;7445195;3652422;274;1;3849780;0;0;0;0
FR;1;2021-04-13;203856;127755;97;1;137103;0;0;0;0;7649051;3780177;371;2;3986883;0;0;0;0
FR;1;2021-04-14;208689;123036;208;0;133268;0;0;0;0;7857740;3903213;579;2;4120151;0;0;0;0
FR;1;2021-04-15;221749;128241;313;0;139291;0;0;0;0;8079489;4031454;892;2;4259442;0;0;0;0
FR;1;2021-04-16;206110;125773;309;0;135444;0;0;0;0;8285599;4157227;1201;2;4394886;0;0;0;0
FR;1;2021-04-17;122112;67118;103;0;72180;0;0;0;0;8407711;4224345;1304;2;4467066;0;0;0;0
FR;1;2021-04-18;35980;21016;42;0;22724;0;0;0;0;8443691;4245361;1346;2;4489790;0;0;0;0
FR;1;2021-04-19;163783;121618;433;0;129170;0;0;0;0;8607474;4366979;1779;2;4618960;0;0;0;0
FR;1;2021-04-20;189491;149795;531;0;158924;0;0;0;0;8796965;4516774;2310;2;4777884;0;0;0;0
FR;1;2021-04-21;194064;147786;760;0;157316;0;0;0;0;8991029;4664560;3070;2;4935200;0;0;0;0
FR;1;2021-04-22;209086;164624;779;0;175854;0;0;0;0;9200115;4829184;3849;2;5111054;0;0;0;0
FR;1;2021-04-23;198999;158148;671;0;169171;0;0;0;0;9399114;4987332;4520;2;5280225;0;0;0;0
FR;1;2021-04-24;126355;95888;148;0;101957;0;0;0;0;9525469;5083220;4668;2;5382182;0;0;0;0
FR;1;2021-04-25;53642;30082;46;0;32839;0;0;0;0;9579111;5113302;4714;2;5415021;0;0;0;0
FR;1;2021-04-26;181174;140327;543;0;149046;0;0;0;0;9760285;5253629;5257;2;5564067;0;0;0;0
FR;1;2021-04-27;221406;162630;901;0;174007;0;0;0;0;9981691;5416259;6158;2;5738074;0;0;0;0
FR;1;2021-04-28;238373;156214;1314;1;168896;1;0;0;0;10220064;5572473;7472;3;5906970;1;0;0;0
FR;1;2021-04-29;270352;161682;1211;0;177289;0;0;0;0;10490416;5734155;8683;3;6084259;1;0;0;0
FR;1;2021-04-30;272030;149045;1074;0;165146;0;0;0;0;10762446;5883200;9757;3;6249405;1;0;0;0
FR;1;2021-05-01;141180;40616;173;0;48644;0;0;0;0;10903626;5923816;9930;3;6298049;1;0;0;0
FR;1;2021-05-02;81564;28243;81;0;32999;0;0;0;0;10985190;5952059;10011;3;6331048;1;0;0;0
FR;1;2021-05-03;250825;142055;803;0;155748;0;0;0;0;11236015;6094114;10814;3;6486796;1;0;0;0
FR;1;2021-05-04;265939;188054;1204;0;203625;0;0;0;0;11501954;6282168;12018;3;6690421;1;0;0;0
FR;1;2021-05-05;283977;186321;1268;0;202985;0;0;0;0;11785931;6468489;13286;3;6893406;1;0;0;0
FR;1;2021-05-06;310084;184601;1502;0;204354;0;0;0;0;12096015;6653090;14788;3;7097760;1;0;0;0
FR;1;2021-05-07;284152;196760;1128;0;214578;0;0;0;0;12380167;6849850;15916;3;7312338;1;0;0;0
FR;1;2021-05-08;191687;51623;285;0;63006;0;0;0;0;12571854;6901473;16201;3;7375344;1;0;0;0
FR;1;2021-05-09;114076;34208;236;0;41380;0;0;0;0;12685930;6935681;16437;3;7416724;1;0;0;0
FR;1;2021-05-10;258240;195097;1188;0;211090;0;0;0;0;12944170;7130778;17625;3;7627814;1;0;0;0
FR;1;2021-05-11;318946;211265;1465;0;231506;0;0;0;0;13263116;7342043;19090;3;7859320;1;0;0;0
FR;1;2021-05-12;356710;186094;1401;0;208401;0;0;0;0;13619826;7528137;20491;3;8067721;1;0;0;0
FR;1;2021-05-13;283473;47325;401;0;64248;0;0;0;0;13903299;7575462;20892;3;8131969;1;0;0;0
FR;1;2021-05-14;370544;128531;998;0;151952;0;0;0;0;14273843;7703993;21890;3;8283921;1;0;0;0
FR;1;2021-05-15;298127;66208;404;0;84916;0;0;0;0;14571970;7770201;22294;3;8368837;1;0;0;0
FR;1;2021-05-16;157796;15470;158;0;26038;0;0;0;0;14729766;7785671;22452;3;8394875;1;0;0;0
FR;1;2021-05-17;318961;116203;1441;0;138166;0;0;0;0;15048727;7901874;23893;3;8533041;1;0;0;0
FR;1;2021-05-18;383394;111694;1801;0;137643;0;0;0;0;15432121;8013568;25694;3;8670684;1;0;0;0
FR;1;2021-05-19;395324;101589;2185;0;128526;0;0;0;0;15827445;8115157;27879;3;8799210;1;0;0;0
FR;1;2021-05-20;421861;95611;2049;0;125076;0;0;0;0;16249306;8210768;29928;3;8924286;1;0;0;0
FR;1;2021-05-21;399843;97453;1765;0;125850;0;0;0;0;16649149;8308221;31693;3;9050136;1;0;0;0
FR;1;2021-05-22;275713;41926;604;0;60950;0;0;0;0;16924862;8350147;32297;3;9111086;1;0;0;0
FR;1;2021-05-23;123033;10969;224;0;20571;0;0;0;0;17047895;8361116;32521;3;9131657;1;0;0;0
FR;1;2021-05-24;244028;26265;569;0;43791;0;0;0;0;17291923;8387381;33090;3;9175448;1;0;0;0
FR;1;2021-05-25;366247;131455;2115;1;158390;0;0;0;0;17658170;8518836;35205;4;9333838;1;0;0;0
FR;1;2021-05-26;380864;127551;1996;0;155875;0;0;0;0;18039034;8646387;37201;4;9489713;1;0;0;0
FR;1;2021-05-27;406209;128357;1978;0;158836;0;0;0;0;18445243;8774744;39179;4;9648549;1;0;0;0
FR;1;2021-05-28;366081;145708;1702;0;174269;0;0;0;0;18811324;8920452;40881;4;9822818;1;0;0;0
FR;1;2021-05-29;253852;81139;527;0;100337;0;0;0;0;19065176;9001591;41408;4;9923155;1;0;0;0
FR;1;2021-05-30;100983;22601;158;0;30835;0;0;0;0;19166159;9024192;41566;4;9953990;1;0;0;0
FR;1;2021-05-31;314351;149246;1287;1;172502;1;0;0;0;19480510;9173438;42853;5;10126492;2;0;0;0
FR;1;2021-06-01;361710;166430;1733;1;194134;1;0;0;0;19842220;9339868;44586;6;10320626;3;0;0;0
FR;1;2021-06-02;365447;154544;1798;0;184085;0;0;0;0;20207667;9494412;46384;6;10504711;3;0;0;0
FR;1;2021-06-03;391504;147438;1654;0;178411;0;0;0;0;20599171;9641850;48038;6;10683122;3;0;0;0
FR;1;2021-06-04;364145;175898;1496;1;205192;1;0;0;0;20963316;9817748;49534;7;10888314;4;0;0;0
FR;1;2021-06-05;258534;112821;597;0;133182;0;0;0;0;21221850;9930569;50131;7;11021496;4;0;0;0
FR;1;2021-06-06;126834;37555;216;0;48194;0;0;0;0;21348684;9968124;50347;7;11069690;4;0;0;0
FR;1;2021-06-07;301134;207764;1368;0;233040;0;0;0;0;21649818;10175888;51715;7;11302730;4;0;0;0
FR;1;2021-06-08;330914;221017;1645;0;248978;0;0;0;0;21980732;10396905;53360;7;11551708;4;0;0;0
FR;1;2021-06-09;336660;210947;1614;0;239704;0;0;0;0;22317392;10607852;54974;7;11791412;4;0;0;0
FR;1;2021-06-10;343948;199512;1615;0;229256;0;0;0;0;22661340;10807364;56589;7;12020668;4;0;0;0
FR;1;2021-06-11;311946;234706;1300;1;262617;0;0;0;0;22973286;11042070;57889;8;12283285;4;0;0;0
FR;1;2021-06-12;244101;150611;438;0;172220;0;0;0;0;23217387;11192681;58327;8;12455505;4;0;0;0
FR;1;2021-06-13;100383;61037;188;0;70699;0;0;0;0;23317770;11253718;58515;8;12526204;4;0;0;0
FR;1;2021-06-14;207884;287575;1320;1;307385;0;0;0;0;23525654;11541293;59835;9;12833589;4;0;0;0
FR;1;2021-06-15;256913;281110;1400;1;304957;0;0;0;0;23782567;11822403;61235;10;13138546;4;0;0;0
FR;1;2021-06-16;273688;270713;1264;1;296151;0;0;0;0;24056255;12093116;62499;11;13434697;4;0;0;0
FR;1;2021-06-17;268258;245103;1241;1;271175;0;0;0;0;24324513;12338219;63740;12;13705872;4;0;0;0
FR;1;2021-06-18;260625;295199;1155;1;321025;0;0;0;0;24585138;12633418;64895;13;14026897;4;0;0;0
FR;1;2021-06-19;193468;209609;388;0;228269;0;0;0;0;24778606;12843027;65283;13;14255166;4;0;0;0
FR;1;2021-06-20;69724;89030;122;0;96869;0;0;0;0;24848330;12932057;65405;13;14352035;4;0;0;0
FR;1;2021-06-21;172400;319785;934;1;338495;1;0;0;0;25020730;13251842;66339;14;14690530;5;0;0;0
FR;1;2021-06-22;185898;348074;1102;10;369140;1;0;0;0;25206628;13599916;67441;24;15059670;6;0;0;0
FR;1;2021-06-23;204244;339644;1050;0;363543;0;0;0;0;25410872;13939560;68491;24;15423213;6;0;0;0
FR;1;2021-06-24;203558;282099;1176;0;306845;0;0;0;0;25614430;14221659;69667;24;15730058;6;0;0;0
FR;1;2021-06-25;182685;371703;1200;0;395711;0;0;0;0;25797115;14593362;70867;24;16125769;6;0;0;0
FR;1;2021-06-26;131415;278609;506;0;295984;0;0;0;0;25928530;14871971;71373;24;16421753;6;0;0;0
FR;1;2021-06-27;52421;122844;146;0;130381;0;0;0;0;25980951;14994815;71519;24;16552134;6;0;0;0
FR;1;2021-06-28;136682;368243;1066;0;386844;0;0;0;0;26117633;15363058;72585;24;16938978;6;0;0;0
FR;1;2021-06-29;154928;391165;1849;0;412259;0;0;0;0;26272561;15754223;74434;24;17351237;6;0;0;0
FR;1;2021-06-30;180076;381963;1668;4;406562;2;0;0;0;26452637;16136186;76102;28;17757799;8;0;0;0
FR;1;2021-07-01;201592;332516;1890;5;360587;0;0;0;0;26654229;16468702;77992;33;18118386;8;0;0;0
FR;1;2021-07-02;193889;367288;1765;5;395484;2;0;0;0;26848118;16835990;79757;38;18513870;10;0;0;0
FR;1;2021-07-03;124485;280410;704;3;299515;1;0;0;0;26972603;17116400;80461;41;18813385;11;0;0;0
FR;1;2021-07-04;53969;113731;244;0;122137;0;0;0;0;27026572;17230131;80705;41;18935522;11;0;0;0
FR;1;2021-07-05;153987;355777;1500;8;379117;0;0;0;0;27180559;17585908;82205;49;19314639;11;0;0;0
FR;1;2021-07-06;173534;382277;1603;45;408166;8;0;0;0;27354093;17968185;83808;94;19722805;19;0;0;0
FR;1;2021-07-07;190874;362297;1659;25;390639;2;0;0;0;27544967;18330482;85467;119;20113444;21;0;0;0
FR;1;2021-07-08;201595;322966;1827;20;353610;2;0;0;0;27746562;18653448;87294;139;20467054;23;0;0;0
FR;1;2021-07-09;189996;387763;1854;3;418164;1;0;0;0;27936558;19041211;89148;142;20885218;24;0;0;0
FR;1;2021-07-10;129968;281183;818;1;302610;0;0;0;0;28066526;19322394;89966;143;21187828;24;0;0;0
FR;1;2021-07-11;57688;102529;263;0;112409;0;0;0;0;28124214;19424923;90229;143;21300237;24;0;0;0
FR;1;2021-07-12;149931;416804;1588;4;442794;0;0;0;0;28274145;19841727;91817;147;21743031;24;0;0;0
FR;1;2021-07-13;234311;438997;1808;8;476175;0;0;0;0;28508456;20280724;93625;155;22219206;24;0;0;0
FR;1;2021-07-14;171931;151300;418;0;176928;0;0;0;0;28680387;20432024;94043;155;22396134;24;0;0;0
FR;1;2021-07-15;279706;424131;1859;1;467103;0;0;0;0;28960093;20856155;95902;156;22863237;24;0;0;0
FR;1;2021-07-16;290447;400517;1711;3;445155;1;0;0;0;29250540;21256672;97613;159;23308392;25;0;0;0
FR;1;2021-07-17;217361;281972;755;1;315437;0;0;0;0;29467901;21538644;98368;160;23623829;25;0;0;0
FR;1;2021-07-18;102032;107204;288;0;123091;0;0;0;0;29569933;21645848;98656;160;23746920;25;0;0;0
FR;1;2021-07-19;238250;378362;1498;3;414402;0;0;0;0;29808183;22024210;100154;163;24161322;25;0;0;0
FR;1;2021-07-20;305777;379726;1471;0;425547;0;0;0;0;30113960;22403936;101625;163;24586869;25;0;0;0
FR;1;2021-07-21;333313;352690;1413;4;404057;1;0;0;0;30447273;22756626;103038;167;24990926;26;0;0;0
FR;1;2021-07-22;364708;318527;1502;3;374932;2;0;0;0;30811981;23075153;104540;170;25365858;28;0;0;0
FR;1;2021-07-23;349412;342721;1589;4;398258;1;0;0;0;31161393;23417874;106129;174;25764116;29;0;0;0
FR;1;2021-07-24;238968;240734;697;1;278061;0;0;0;0;31400361;23658608;106826;175;26042177;29;0;0;0
FR;1;2021-07-25;112810;76013;223;0;93705;0;0;0;0;31513171;23734621;107049;175;26135882;29;0;0;0
FR;1;2021-07-26;299150;289266;1495;2;334975;1;0;0;0;31812321;24023887;108544;177;26470857;30;0;0;0
FR;1;2021-07-27;385872;267857;1459;4;324823;1;0;0;0;32198193;24291744;110003;181;26795680;31;0;0;0
FR;1;2021-07-28;390229;250919;1463;4;307203;1;0;0;0;32588422;24542663;111466;185;27102883;32;0;0;0
FR;1;2021-07-29;406162;227577;1541;2;284267;0;0;0;0;32994584;24770240;113007;187;27387150;32;0;0;0
FR;1;2021-07-30;370761;246479;1639;4;298309;1;0;0;0;33365345;25016719;114646;191;27685459;33;0;0;0
FR;1;2021-07-31;243395;165091;794;1;199411;0;0;0;0;33608740;25181810;115440;192;27884870;33;0;0;0
FR;1;2021-08-01;105614;47204;237;0;61196;0;0;0;0;33714354;25229014;115677;192;27946066;33;0;0;0
FR;1;2021-08-02;297438;212828;1480;2;250606;0;0;0;0;34011792;25441842;117157;194;28196672;33;0;0;0
FR;1;2021-08-03;331354;208673;1557;2;250639;1;0;0;0;34343146;25650515;118714;196;28447311;34;0;0;0
FR;1;2021-08-04;328058;183821;1440;5;223968;3;0;0;0;34671204;25834336;120154;201;28671279;37;0;0;0
FR;1;2021-08-05;301300;193082;1483;0;229375;0;0;0;0;34972504;26027418;121637;201;28900654;37;0;0;0
FR;1;2021-08-06;291005;224082;1560;3;261363;0;0;0;0;35263509;26251500;123197;204;29162017;37;0;0;0
FR;1;2021-08-07;182685;158758;655;5;181663;1;0;0;0;35446194;26410258;123852;209;29343680;38;0;0;0
FR;1;2021-08-08;68896;59102;253;0;67630;0;0;0;0;35515090;26469360;124105;209;29411310;38;0;0;0
FR;1;2021-08-09;222800;235146;1446;4;263851;2;0;0;0;35737890;26704506;125551;213;29675161;40;0;0;0
FR;1;2021-08-10;252763;239822;1492;2;271651;0;0;0;0;35990653;26944328;127043;215;29946812;40;0;0;0
FR;1;2021-08-11;236256;231717;1272;5;261229;0;0;0;0;36226909;27176045;128315;220;30208041;40;0;0;0
FR;1;2021-08-12;220805;239715;1492;3;267804;0;0;0;0;36447714;27415760;129807;223;30475845;40;0;0;0
FR;1;2021-08-13;201733;238489;1360;2;264028;2;0;0;0;36649447;27654249;131167;225;30739873;42;0;0;0
FR;1;2021-08-14;122876;174030;645;0;189532;0;0;0;0;36772323;27828279;131812;225;30929405;42;0;0;0
FR;1;2021-08-15;34711;46113;201;1;50330;0;0;0;0;36807034;27874392;132013;226;30979735;42;0;0;0
FR;1;2021-08-16;156967;289319;1424;0;309887;0;0;0;0;36964001;28163711;133437;226;31289622;42;0;0;0
FR;1;2021-08-17;171626;290953;1422;5;313352;0;0;0;0;37135627;28454664;134859;231;31602974;42;0;0;0
FR;1;2021-08-18;161453;286674;1394;6;307301;3;0;0;0;37297080;28741338;136253;237;31910275;45;0;0;0
FR;1;2021-08-19;148962;277415;1405;1;297256;0;0;0;0;37446042;29018753;137658;238;32207531;45;0;0;0
FR;1;2021-08-20;140533;308910;1535;2;328139;2;0;0;0;37586575;29327663;139193;240;32535670;47;0;0;0
FR;1;2021-08-21;84288;213210;589;0;224528;0;0;0;0;37670863;29540873;139782;240;32760198;47;0;0;0
FR;1;2021-08-22;28585;82696;233;0;86701;0;0;0;0;37699448;29623569;140015;240;32846899;47;0;0;0
FR;1;2021-08-23;118672;320939;1422;2;337673;0;0;0;0;37818120;29944508;141437;242;33184572;47;0;0;0
FR;1;2021-08-24;126687;319599;1604;5;337412;0;0;0;0;37944807;30264107;143041;247;33521984;47;0;0;0
FR;1;2021-08-25;121548;306406;1783;8;323578;2;0;0;0;38066355;30570513;144824;255;33845562;49;0;0;0
FR;1;2021-08-26;106648;286081;2165;10;302376;0;0;0;0;38173003;30856594;146989;265;34147938;49;0;0;0
FR;1;2021-08-27;107659;321593;2303;9;338850;1;0;0;0;38280662;31178187;149292;274;34486788;50;0;0;0
FR;1;2021-08-28;71030;220699;1102;0;231219;0;0;0;0;38351692;31398886;150394;274;34718007;50;0;0;0
FR;1;2021-08-29;24156;78208;469;1;82098;0;0;0;0;38375848;31477094;150863;275;34800105;50;0;0;0
FR;1;2021-08-30;96904;286273;4315;6;299759;4967;0;0;0;38472752;31763367;155178;281;35099864;5017;0;0;0
FR;1;2021-08-31;98136;276230;9295;15;289898;10063;2;0;0;38570888;32039597;164473;296;35389762;15080;2;0;0
FR;1;2021-09-01;112367;245289;21121;8;257672;22157;1;0;0;38683255;32284886;185594;304;35647434;37237;3;0;0
FR;1;2021-09-02;86758;197902;24536;18;208298;25518;0;0;0;38770013;32482788;210130;322;35855732;62755;3;0;0
FR;1;2021-09-03;82434;227483;26958;21;238921;28038;0;0;0;38852447;32710271;237088;343;36094653;90793;3;0;0
FR;1;2021-09-04;71631;189718;11141;11;199300;11712;7;0;0;38924078;32899989;248229;354;36293953;102505;10;0;0
FR;1;2021-09-05;18614;41144;4126;2;43849;4277;0;0;0;38942692;32941133;252355;356;36337802;106782;10;0;0
FR;1;2021-09-06;59826;151362;30182;15;158892;31206;2;0;0;39002518;33092495;282537;371;36496694;137988;12;0;0
FR;1;2021-09-07;57401;139620;30215;30;146739;31253;2;0;0;39059919;33232115;312752;401;36643433;169241;14;0;0
FR;1;2021-09-08;72357;173794;26926;22;182265;27967;4;0;0;39132276;33405909;339678;423;36825698;197208;18;0;0
FR;1;2021-09-09;54514;124429;28638;24;131185;29749;5;0;0;39186790;33530338;368316;447;36956883;226957;23;0;0
FR;1;2021-09-10;66224;152062;30452;24;161149;31692;5;0;0;39253014;33682400;398768;471;37118032;258649;28;0;0
FR;1;2021-09-11;52688;146638;9731;14;154127;10356;0;0;0;39305702;33829038;408499;485;37272159;269005;28;0;0
FR;1;2021-09-12;10800;29270;2490;1;30968;2660;2;0;0;39316502;33858308;410989;486;37303127;271665;30;0;0
FR;1;2021-09-13;51520;104393;38767;31;110925;40096;16;0;0;39368022;33962701;449756;517;37414052;311761;46;0;0
FR;1;2021-09-14;53344;96007;51291;67;102370;53291;42;0;0;39421366;34058708;501047;584;37516422;365052;88;0;0
FR;1;2021-09-15;60590;139225;50499;55;146395;47071;67;0;0;39481956;34197933;551546;639;37662817;412123;155;0;0
FR;1;2021-09-16;46647;81364;53354;70;86258;49611;61;0;0;39528603;34279297;604900;709;37749075;461734;216;0;0
FR;1;2021-09-17;53227;109328;45085;61;115662;42718;61;0;0;39581830;34388625;649985;770;37864737;504452;277;0;0
FR;1;2021-09-18;37887;118498;11797;19;124082;11280;19;0;0;39619717;34507123;661782;789;37988819;515732;296;0;0
FR;1;2021-09-19;6531;21024;2045;1;22128;1985;1;0;0;39626248;34528147;663827;790;38010947;517717;297;0;0
FR;1;2021-09-20;36543;74842;46231;65;78563;44198;30;0;0;39662791;34602989;710058;855;38089510;561915;327;0;0
FR;1;2021-09-21;34209;68099;56270;72;71134;52747;76;0;0;39697000;34671088;766328;927;38160644;614662;403;0;0
FR;1;2021-09-22;38849;118601;49883;76;123020;46935;39;0;0;39735849;34789689;816211;1003;38283664;661597;442;0;0
FR;1;2021-09-23;32043;62890;54515;85;65793;50922;76;0;0;39767892;34852579;870726;1088;38349457;712519;518;0;0
FR;1;2021-09-24;36805;90023;43677;89;94382;41957;57;0;0;39804697;34942602;914403;1177;38443839;754476;575;0;0
FR;1;2021-09-25;27655;96711;12307;27;101065;12187;19;0;0;39832352;35039313;926710;1204;38544904;766663;594;0;0
FR;1;2021-09-26;4390;15202;1777;5;16066;1700;4;0;0;39836742;35054515;928487;1209;38560970;768363;598;0;0
FR;1;2021-09-27;27356;60205;42914;89;63435;41644;79;0;1;39864098;35114720;971401;1298;38624405;810007;677;0;1
FR;1;2021-09-28;26913;49418;47207;76;52035;44494;40;0;0;39891011;35164138;1018608;1374;38676440;854501;717;0;1
FR;1;2021-09-29;35927;80253;47297;88;84639;45624;33;0;0;39926938;35244391;1065905;1462;38761079;900125;750;0;1
FR;1;2021-09-30;26078;46899;47529;80;49258;45478;52;0;0;39953016;35291290;1113434;1542;38810337;945603;802;0;1
FR;1;2021-10-01;47307;66911;44909;83;70793;44634;14;0;0;40000323;35358201;1158343;1625;38881130;990237;816;0;1
FR;1;2021-10-02;32383;62416;16114;32;67224;16325;6;0;0;40032706;35420617;1174457;1657;38948354;1006562;822;0;1
FR;1;2021-10-03;4343;8564;2043;3;9312;2039;4;0;0;40037049;35429181;1176500;1660;38957666;1008601;826;0;1
FR;1;2021-10-04;28985;44426;47117;79;46839;46986;31;0;0;40066034;35473607;1223617;1739;39004505;1055587;857;0;1
FR;1;2021-10-05;24576;41641;49895;116;43138;49352;47;0;0;40090610;35515248;1273512;1855;39047643;1104939;904;0;1
FR;1;2021-10-06;34660;61390;57510;101;64497;57265;25;0;0;40125270;35576638;1331022;1956;39112140;1162204;929;0;1
FR;1;2021-10-07;21083;39915;53053;74;41092;51999;32;0;0;40146353;35616553;1384075;2030;39153232;1214203;961;0;1
FR;1;2021-10-08;35672;59644;60412;83;62871;61169;28;0;0;40182025;35676197;1444487;2113;39216103;1275372;989;0;1
FR;1;2021-10-09;27466;48025;25498;29;52492;26028;10;0;0;40209491;35724222;1469985;2142;39268595;1301400;999;0;1
FR;1;2021-10-10;3728;5810;2759;7;6288;2865;1;0;0;40213219;35730032;1472744;2149;39274883;1304265;1000;0;1
FR;1;2021-10-11;24858;38211;54590;88;40295;55272;43;0;0;40238077;35768243;1527334;2237;39315178;1359537;1043;0;1
FR;1;2021-10-12;23386;36583;58078;128;37082;59241;18;0;0;40261463;35804826;1585412;2365;39352260;1418778;1061;0;1
FR;1;2021-10-13;32974;47843;64177;125;50647;65703;22;0;1;40294437;35852669;1649589;2490;39402907;1484481;1083;0;2
FR;1;2021-10-14;21715;34774;53776;103;35680;54370;24;0;0;40316152;35887443;1703365;2593;39438587;1538851;1107;0;2
FR;1;2021-10-15;32757;48763;72338;165;50456;75035;22;0;0;40348909;35936206;1775703;2758;39489043;1613886;1129;0;2
FR;1;2021-10-16;26014;35286;34874;45;38301;36432;13;0;0;40374923;35971492;1810577;2803;39527344;1650318;1142;0;2
FR;1;2021-10-17;3161;4053;3418;2;4496;3319;3;0;0;40378084;35975545;1813995;2805;39531840;1653637;1145;0;2
FR;1;2021-10-18;24353;34877;66853;132;34915;69738;27;0;0;40402437;36010422;1880848;2937;39566755;1723375;1172;0;2
FR;1;2021-10-19;20724;35571;75678;135;33222;79610;40;0;0;40423161;36045993;1956526;3072;39599977;1802985;1212;0;2
FR;1;2021-10-20;29917;44205;96191;178;43279;99882;45;0;0;40453078;36090198;2052717;3250;39643256;1902867;1257;0;2
FR;1;2021-10-21;19804;35053;83202;107;31763;87065;29;0;0;40472882;36125251;2135919;3357;39675019;1989932;1286;0;2
FR;1;2021-10-22;29756;47759;103757;196;44555;109723;58;0;0;40502638;36173010;2239676;3553;39719574;2099655;1344;0;2
FR;1;2021-10-23;23055;35142;44876;57;36130;47386;11;0;0;40525693;36208152;2284552;3610;39755704;2147041;1355;0;2
FR;1;2021-10-24;2407;3841;3585;6;4041;3718;1;0;0;40528100;36211993;2288137;3616;39759745;2150759;1356;0;2
FR;1;2021-10-25;22504;30718;82031;143;29600;85840;36;0;0;40550604;36242711;2370168;3759;39789345;2236599;1392;0;2
FR;1;2021-10-26;19368;27645;86126;162;24738;90358;29;0;0;40569972;36270356;2456294;3921;39814083;2326957;1421;0;2
FR;1;2021-10-27;26223;39610;107827;252;37302;112742;45;0;0;40596195;36309966;2564121;4173;39851385;2439699;1466;0;2
FR;1;2021-10-28;18804;27108;86969;150;23482;91737;34;0;0;40614999;36337074;2651090;4323;39874867;2531436;1500;0;2
FR;1;2021-10-29;25936;40253;114844;202;35487;121683;49;0;0;40640935;36377327;2765934;4525;39910354;2653119;1549;0;2
FR;1;2021-10-30;17714;28718;49373;74;28302;51970;18;0;0;40658649;36406045;2815307;4599;39938656;2705089;1567;0;2
FR;1;2021-10-31;2088;3169;3452;2;3215;3686;2;0;0;40660737;36409214;2818759;4601;39941871;2708775;1569;0;2
FR;1;2021-11-01;8026;4274;3037;3;4358;3294;6;0;0;40668763;36413488;2821796;4604;39946229;2712069;1575;0;2
FR;1;2021-11-02;22916;33218;92416;156;29173;97870;39;0;1;40691679;36446706;2914212;4760;39975402;2809939;1614;0;3
FR;1;2021-11-03;26638;41548;117525;219;36996;123909;56;0;0;40718317;36488254;3031737;4979;40012398;2933848;1670;0;3
FR;1;2021-11-04;19629;30290;105825;213;24184;111970;42;0;0;40737946;36518544;3137562;5192;40036582;3045818;1712;0;3
FR;1;2021-11-05;27034;42298;138800;230;34178;147490;47;0;0;40764980;36560842;3276362;5422;40070760;3193308;1759;0;3
FR;1;2021-11-06;18864;29807;63501;123;27605;66521;24;0;0;40783844;36590649;3339863;5545;40098365;3259829;1783;0;3
FR;1;2021-11-07;1834;3268;4985;6;3025;5302;5;0;0;40785678;36593917;3344848;5551;40101390;3265131;1788;0;3
FR;1;2021-11-08;17881;32245;126022;224;25387;132660;47;0;0;40803559;36626162;3470870;5775;40126777;3397791;1835;0;3
FR;1;2021-11-09;19521;37604;159331;334;26125;169155;63;0;0;40823080;36663766;3630201;6109;40152902;3566946;1898;0;3
FR;1;2021-11-10;28895;49048;181930;441;39012;192547;82;0;0;40851975;36712814;3812131;6550;40191914;3759493;1980;0;3
FR;1;2021-11-11;4192;5931;12239;26;5108;13029;14;0;0;40856167;36718745;3824370;6576;40197022;3772522;1994;0;3
FR;1;2021-11-12;26027;46820;174848;244;35287;186548;76;0;0;40882194;36765565;3999218;6820;40232309;3959070;2070;0;3
FR;1;2021-11-13;18736;29144;76847;111;25370;81792;40;0;0;40900930;36794709;4076065;6931;40257679;4040862;2110;0;3
FR;1;2021-11-14;2051;3240;6827;5;2796;7357;6;0;0;40902981;36797949;4082892;6936;40260475;4048219;2116;0;3
FR;1;2021-11-15;18797;34707;156449;306;24615;166286;59;0;0;40921778;36832656;4239341;7242;40285090;4214505;2175;0;3
FR;1;2021-11-16;21369;37811;192163;380;23317;205080;99;0;1;40943147;36870467;4431504;7622;40308407;4419585;2274;0;4
FR;1;2021-11-17;28675;45549;193256;398;33020;205081;92;0;0;40971822;36916016;4624760;8020;40341427;4624666;2366;0;4
FR;1;2021-11-18;21149;39598;182544;459;25136;194672;85;0;0;40992971;36955614;4807304;8479;40366563;4819338;2451;0;4
FR;1;2021-11-19;30894;53320;230287;532;34815;246784;134;0;0;41023865;37008934;5037591;9011;40401378;5066122;2585;0;4
FR;1;2021-11-20;23776;33214;97002;202;26734;103655;40;0;0;41047641;37042148;5134593;9213;40428112;5169777;2625;0;4
FR;1;2021-11-21;2342;3909;9133;19;2957;9939;16;0;0;41049983;37046057;5143726;9232;40431069;5179716;2641;0;4
FR;1;2021-11-22;21426;30328;175932;467;16946;189481;79;0;0;41071409;37076385;5319658;9699;40448015;5369197;2720;0;4
FR;1;2021-11-23;24031;40969;221266;540;21319;238018;77;0;0;41095440;37117354;5540924;10239;40469334;5607215;2797;0;4
FR;1;2021-11-24;30298;49644;217402;701;31963;234585;67;0;0;41125738;37166998;5758326;10940;40501297;5841800;2864;0;4
FR;1;2021-11-25;23732;44045;244526;718;22072;264227;101;0;0;41149470;37211043;6002852;11658;40523369;6106027;2965;0;4
FR;1;2021-11-26;30618;66638;356842;836;33239;388629;154;0;0;41180088;37277681;6359694;12494;40556608;6494656;3119;0;4
FR;1;2021-11-27;21960;45261;202667;372;26149;222697;112;0;0;41202048;37322942;6562361;12866;40582757;6717353;3231;0;4
FR;1;2021-11-28;3180;9544;54804;63;3468;61017;37;0;0;41205228;37332486;6617165;12929;40586225;6778370;3268;0;4
FR;1;2021-11-29;17905;49468;326437;841;20779;354582;150;0;0;41223133;37381954;6943602;13770;40607004;7132952;3418;0;4
FR;1;2021-11-30;22790;64816;431196;952;23794;470845;266;0;0;41245923;37446770;7374798;14722;40630798;7603797;3684;0;4
FR;1;2021-12-01;25364;69038;442957;1131;28429;481823;271;0;0;41271287;37515808;7817755;15853;40659227;8085620;3955;0;4
FR;1;2021-12-02;20093;64297;489465;1230;18435;532969;274;0;0;41291380;37580105;8307220;17083;40677662;8618589;4229;0;4
FR;1;2021-12-03;22912;82299;542842;1310;30271;591857;308;0;0;41314292;37662404;8850062;18393;40707933;9210446;4537;0;4
FR;1;2021-12-04;16417;53779;299138;654;23205;328998;180;0;0;41330709;37716183;9149200;19047;40731138;9539444;4717;0;4
FR;1;2021-12-05;3635;13771;81549;143;4193;91046;85;0;0;41334344;37729954;9230749;19190;40735331;9630490;4802;0;4
FR;1;2021-12-06;25848;62420;415524;1066;22062;455252;358;0;0;41360192;37792374;9646273;20256;40757393;10085742;5160;0;4
FR;1;2021-12-07;20020;75457;523081;1536;24274;572742;372;0;0;41380212;37867831;10169354;21792;40781667;10658484;5532;0;4
FR;1;2021-12-08;21718;75492;458635;1545;30648;502294;377;0;0;41401930;37943323;10627989;23337;40812315;11160778;5909;0;4
FR;1;2021-12-09;19473;73941;493115;1624;24326;541128;398;0;0;41421403;38017264;11121104;24961;40836641;11701906;6307;0;4
FR;1;2021-12-10;23330;87516;547473;1585;32416;600113;392;0;1;41444733;38104780;11668577;26546;40869057;12302019;6699;0;5
FR;1;2021-12-11;16534;59084;302768;751;25944;335501;278;0;0;41461267;38163864;11971345;27297;40895001;12637520;6977;0;5
FR;1;2021-12-12;4397;15876;83241;179;5242;94047;96;0;0;41465664;38179740;12054586;27476;40900243;12731567;7073;0;5
FR;1;2021-12-13;15761;63399;367087;1094;23905;406372;236;0;0;41481425;38243139;12421673;28570;40924148;13137939;7309;0;5
FR;1;2021-12-14;20870;80109;464899;1749;28638;515356;507;0;1;41502295;38323248;12886572;30319;40952786;13653295;7816;0;6
FR;1;2021-12-15;21631;77289;409188;1309;33005;453259;311;0;1;41523926;38400537;13295760;31628;40985791;14106554;8127;0;7
FR;1;2021-12-16;20070;77051;452010;1577;27919;500750;324;0;0;41543996;38477588;13747770;33205;41013710;14607304;8451;0;7
FR;1;2021-12-17;22629;86369;480030;1737;34640;531054;372;0;0;41566625;38563957;14227800;34942;41048350;15138358;8823;0;7
FR;1;2021-12-18;17610;54545;257662;731;24683;288528;232;0;0;41584235;38618502;14485462;35673;41073033;15426886;9055;0;7
FR;1;2021-12-19;5563;16907;79205;194;5921;90676;117;0;0;41589798;38635409;14564667;35867;41078954;15517562;9172;0;7
FR;1;2021-12-20;20957;62869;316306;1082;26487;355339;286;0;0;41610755;38698278;14880973;36949;41105441;15872901;9458;0;7
FR;1;2021-12-21;26344;72856;372823;1422;30552;418149;338;0;0;41637099;38771134;15253796;38371;41135993;16291050;9796;0;7
FR;1;2021-12-22;24989;65643;310704;1217;29571;349627;361;0;1;41662088;38836777;15564500;39588;41165564;16640677;10157;0;8
FR;1;2021-12-23;21278;52105;241542;958;23338;273075;362;0;0;41683366;38888882;15806042;40546;41188902;16913752;10519;0;8
FR;1;2021-12-24;7130;18267;67173;258;9243;77065;154;0;1;41690496;38907149;15873215;40804;41198145;16990817;10673;0;9
FR;1;2021-12-25;510;2864;5595;15;1796;6539;55;0;0;41691006;38910013;15878810;40819;41199941;16997356;10728;0;9
FR;1;2021-12-26;2751;7569;26960;71;3493;31470;100;0;0;41693757;38917582;15905770;40890;41203434;17028826;10828;0;9
FR;1;2021-12-27;18312;53457;235147;705;25449;265805;365;0;0;41712069;38971039;16140917;41595;41228883;17294631;11193;0;9
FR;1;2021-12-28;23302;61879;292070;1026;26988;330245;595;0;1;41735371;39032918;16432987;42621;41255871;17624876;11788;0;10
FR;1;2021-12-29;22218;55371;255049;921;25255;288245;645;0;1;41757589;39088289;16688036;43542;41281126;17913121;12433;0;11
FR;1;2021-12-30;21240;46407;212183;857;22442;239632;718;0;0;41778829;39134696;16900219;44399;41303568;18152753;13151;0;11
FR;1;2021-12-31;7468;16535;61882;229;8713;70416;347;0;0;41786297;39151231;16962101;44628;41312281;18223169;13498;0;11
FR;1;2022-01-01;1170;2489;5668;30;1543;6577;73;0;0;41787467;39153720;16967769;44658;41313824;18229746;13571;0;11
FR;1;2022-01-02;3093;8074;28896;50;3672;33537;190;0;0;41790560;39161794;16996665;44708;41317496;18263283;13761;0;11
FR;1;2022-01-03;26975;54160;228289;790;27528;257749;964;0;1;41817535;39215954;17224954;45498;41345024;18521032;14725;0;12
FR;1;2022-01-04;26360;64973;299326;1241;29774;337372;1367;0;2;41843895;39280927;17524280;46739;41374798;18858404;16092;0;14
FR;1;2022-01-05;30570;64239;274936;1099;32506;310315;1264;0;0;41874465;39345166;17799216;47838;41407304;19168719;17356;0;14
FR;1;2022-01-06;26861;66196;306956;1404;29269;346630;1569;0;1;41901326;39411362;18106172;49242;41436573;19515349;18925;0;15
FR;1;2022-01-07;31583;74961;349882;1538;34387;394010;1822;0;1;41932909;39486323;18456054;50780;41470960;19909359;20747;0;16
FR;1;2022-01-08;23391;51358;222511;698;25571;251139;913;0;1;41956300;39537681;18678565;51478;41496531;20160498;21660;0;17
FR;1;2022-01-09;7091;17130;66036;163;8165;76142;335;0;0;41963391;39554811;18744601;51641;41504696;20236640;21995;0;17
FR;1;2022-01-10;21814;60574;236837;957;32913;267629;1258;0;1;41985205;39615385;18981438;52598;41537609;20504269;23253;0;18
FR;1;2022-01-11;26784;63427;282347;1280;31190;317862;1837;0;1;42011989;39678812;19263785;53878;41568799;20822131;25090;0;19
FR;1;2022-01-12;28969;62473;246305;1106;35037;278093;1686;0;3;42040958;39741285;19510090;54984;41603836;21100224;26776;0;22
FR;1;2022-01-13;24791;60153;262845;1253;30023;296166;1993;0;4;42065749;39801438;19772935;56237;41633859;21396390;28769;0;26
FR;1;2022-01-14;27972;66682;314056;1366;32103;351309;2475;0;1;42093721;39868120;20086991;57603;41665962;21747699;31244;0;27
FR;1;2022-01-15;19372;44405;199333;619;22460;223869;1363;0;1;42113093;39912525;20286324;58222;41688422;21971568;32607;0;28
FR;1;2022-01-16;5161;12955;51537;135;6020;59557;338;0;0;42118254;39925480;20337861;58357;41694442;22031125;32945;0;28
FR;1;2022-01-17;16884;39661;184865;783;20111;206843;1690;0;2;42135138;39965141;20522726;59140;41714553;22237968;34635;0;30
FR;1;2022-01-18;19460;45957;212462;1154;22982;237063;2456;0;1;42154598;40011098;20735188;60294;41737535;22475031;37091;0;31
FR;1;2022-01-19;20314;43939;176150;898;25466;197206;1977;0;4;42174912;40055037;20911338;61192;41763001;22672237;39068;0;35
FR;1;2022-01-20;16852;40562;183722;1147;20810;204766;2516;0;2;42191764;40095599;21095060;62339;41783811;22877003;41584;0;37
FR;1;2022-01-21;19923;47001;228984;1405;23881;253361;3105;0;1;42211687;40142600;21324044;63744;41807692;23130364;44689;0;38
FR;1;2022-01-22;13845;33332;144509;579;18433;161398;1404;0;2;42225532;40175932;21468553;64323;41826125;23291762;46093;0;40
FR;1;2022-01-23;3379;8763;33439;132;4576;38324;352;0;1;42228911;40184695;21501992;64455;41830701;23330086;46445;0;41
FR;1;2022-01-24;11816;32969;142244;718;17789;158282;2104;0;1;42240727;40217664;21644236;65173;41848490;23488368;48549;0;42
FR;1;2022-01-25;14217;38157;163435;1049;20282;181569;3181;0;1;42254944;40255821;21807671;66222;41868772;23669937;51730;0;43
FR;1;2022-01-26;14865;37720;150273;934;22632;166401;2516;0;1;42269809;40293541;21957944;67156;41891404;23836338;54246;0;44
FR;1;2022-01-27;12341;33340;143471;896;18501;158051;3230;0;3;42282150;40326881;22101415;68052;41909905;23994389;57476;0;47
FR;1;2022-01-28;16331;56907;198337;1144;32662;222397;4007;0;3;42298481;40383788;22299752;69196;41942567;24216786;61483;0;50
FR;1;2022-01-29;10270;35469;135216;525;19611;151542;1879;0;1;42308751;40419257;22434968;69721;41962178;24368328;63362;0;51
FR;1;2022-01-30;2484;9254;29688;86;4827;34449;434;0;1;42311235;40428511;22464656;69807;41967005;24402777;63796;0;52
FR;1;2022-01-31;8759;32459;104354;533;19470;117342;2340;0;3;42319994;40460970;22569010;70340;41986475;24520119;66136;0;55
FR;1;2022-02-01;11010;36447;127092;865;20632;141214;4319;0;1;42331004;40497417;22696102;71205;42007107;24661333;70455;0;56
FR;1;2022-02-02;12154;41572;130370;782;25263;145817;3774;0;9;42343158;40538989;22826472;71987;42032370;24807150;74229;0;65
FR;1;2022-02-03;9518;34053;117034;785;19121;130334;4284;0;4;42352676;40573042;22943506;72772;42051491;24937484;78513;0;69
FR;1;2022-02-04;11543;49682;172589;968;26973;192725;5479;0;5;42364219;40622724;23116095;73740;42078464;25130209;83992;0;74
FR;1;2022-02-05;8000;33921;117593;391;18170;133024;2414;0;3;42372219;40656645;23233688;74131;42096634;25263233;86406;0;77
FR;1;2022-02-06;1706;7995;22754;86;3873;26905;444;0;0;42373925;40664640;23256442;74217;42100507;25290138;86850;0;77
FR;1;2022-02-07;7367;35385;119114;460;18171;134971;3398;0;4;42381292;40700025;23375556;74677;42118678;25425109;90248;0;81
FR;1;2022-02-08;7771;31960;125676;696;14892;140666;4301;0;5;42389063;40731985;23501232;75373;42133570;25565775;94549;0;86
FR;1;2022-02-09;8741;36530;135267;702;17930;152511;3884;0;7;42397804;40768515;23636499;76075;42151500;25718286;98433;0;93
FR;1;2022-02-10;7031;30141;116383;677;13906;130171;4445;0;1;42404835;40798656;23752882;76752;42165406;25848457;102878;0;94
FR;1;2022-02-11;8662;41567;165150;878;18380;185374;5430;0;3;42413497;40840223;23918032;77630;42183786;26033831;108308;0;97
FR;1;2022-02-12;5346;27617;106715;379;12540;120900;2396;0;2;42418843;40867840;24024747;78009;42196326;26154731;110704;0;99
FR;1;2022-02-13;1269;5721;21721;66;2188;25339;402;0;3;42420112;40873561;24046468;78075;42198514;26180070;111106;0;102
FR;1;2022-02-14;5461;27230;118096;395;10645;133124;3385;0;4;42425573;40900791;24164564;78470;42209159;26313194;114491;0;106
FR;1;2022-02-15;5797;28872;118941;611;12221;132572;4883;0;1;42431370;40929663;24283505;79081;42221380;26445766;119374;0;107
FR;1;2022-02-16;5763;28496;110428;597;13763;123058;4153;0;3;42437133;40958159;24393933;79678;42235143;26568824;123527;0;110
FR;1;2022-02-17;4616;19747;73155;489;10128;80261;3999;0;3;42441749;40977906;24467088;80167;42245271;26649085;127526;0;113
FR;1;2022-02-18;5615;26802;99207;673;14174;108168;5519;0;2;42447364;41004708;24566295;80840;42259445;26757253;133045;0;115
FR;1;2022-02-19;3551;17177;59479;305;9570;66060;2267;0;0;42450915;41021885;24625774;81145;42269015;26823313;135312;0;115
FR;1;2022-02-20;794;3258;10706;36;1651;12333;360;0;1;42451709;41025143;24636480;81181;42270666;26835646;135672;0;116
FR;1;2022-02-21;3430;14599;52830;286;7919;57678;3126;0;2;42455139;41039742;24689310;81467;42278585;26893324;138798;0;118
FR;1;2022-02-22;3804;15550;51919;500;9047;55657;4070;0;1;42458943;41055292;24741229;81967;42287632;26948981;142868;0;119
FR;1;2022-02-23;4235;17828;57487;510;10748;62589;3568;0;3;42463178;41073120;24798716;82477;42298380;27011570;146436;0;122
FR;1;2022-02-24;3345;13145;43620;436;7840;46410;3658;0;2;42466523;41086265;24842336;82913;42306220;27057980;150094;0;124
FR;1;2022-02-25;4478;20133;64928;697;12251;68799;5768;0;4;42471001;41106398;24907264;83610;42318471;27126779;155862;0;128
FR;1;2022-02-26;2698;12806;41372;310;7653;45125;2494;0;2;42473699;41119204;24948636;83920;42326124;27171904;158356;0;130
FR;1;2022-02-27;644;2192;7131;42;1207;7994;433;0;0;42474343;41121396;24955767;83962;42327331;27179898;158789;0;130
FR;1;2022-02-28;2614;10501;34969;306;6081;37395;3124;0;0;42476957;41131897;24990736;84268;42333412;27217293;161913;0;130
FR;1;2022-03-01;3592;10762;38707;391;6364;39663;4548;0;4;42480549;41142659;25029443;84659;42339776;27256956;166461;0;134
FR;1;2022-03-02;3685;12274;41871;398;7541;43941;4110;0;1;42484234;41154933;25071314;85057;42347317;27300897;170571;0;135
FR;1;2022-03-03;2463;7994;26186;329;5249;26524;3380;0;1;42486697;41162927;25097500;85386;42352566;27327421;173951;0;136
FR;1;2022-03-04;2691;10549;35468;594;6980;34962;5280;0;3;42489388;41173476;25132968;85980;42359546;27362383;179231;0;139
FR;1;2022-03-05;1823;6369;21972;280;4207;22370;2572;0;1;42491211;41179845;25154940;86260;42363753;27384753;181803;0;140
FR;1;2022-03-06;360;959;2918;38;605;3121;327;0;0;42491571;41180804;25157858;86298;42364358;27387874;182130;0;140
FR;1;2022-03-07;1922;4724;16442;245;3046;15910;2831;0;4;42493493;41185528;25174300;86543;42367404;27403784;184961;0;144
FR;1;2022-03-08;1719;5259;17172;309;3670;16001;3471;0;3;42495212;41190787;25191472;86852;42371074;27419785;188432;0;147
FR;1;2022-03-09;1988;6749;19821;371;4824;19179;3424;0;4;42497200;41197536;25211293;87223;42375898;27438964;191856;0;151
FR;1;2022-03-10;1416;5023;15301;309;3675;14339;2944;0;2;42498616;41202559;25226594;87532;42379573;27453303;194800;0;153
FR;1;2022-03-11;1761;6415;21717;487;4449;19873;4737;0;1;42500377;41208974;25248311;88019;42384022;27473176;199537;0;154
FR;1;2022-03-12;1263;4652;15367;281;3093;14915;2687;0;2;42501640;41213626;25263678;88300;42387115;27488091;202224;0;156
FR;1;2022-03-13;257;614;2119;119;415;2065;468;0;0;42501897;41214240;25265797;88419;42387530;27490156;202692;0;156
FR;1;2022-03-14;1158;3681;13407;3882;2296;12528;6342;0;8;42503055;41217921;25279204;92301;42389826;27502684;209034;0;164
FR;1;2022-03-15;1409;5735;14665;6865;4319;13262;9847;0;8;42504464;41223656;25293869;99166;42394145;27515946;218881;0;172
FR;1;2022-03-16;1696;5090;17401;11521;3601;16465;14126;0;6;42506160;41228746;25311270;110687;42397746;27532411;233007;0;178
FR;1;2022-03-17;1181;3442;11735;9648;2367;10830;11732;0;8;42507341;41232188;25323005;120335;42400113;27543241;244739;0;186
FR;1;2022-03-18;1725;4930;17980;16508;3324;16419;19722;0;14;42509066;41237118;25340985;136843;42403437;27559660;264461;0;200
FR;1;2022-03-19;1126;3302;11891;8460;2277;11362;10142;0;6;42510192;41240420;25352876;145303;42405714;27571022;274603;0;206
FR;1;2022-03-20;224;562;1726;1015;364;1761;1224;0;2;42510416;41240982;25354602;146318;42406078;27572783;275827;0;208
FR;1;2022-03-21;1088;2768;11504;13462;1787;10855;15142;0;10;42511504;41243750;25366106;159780;42407865;27583638;290969;0;218
FR;1;2022-03-22;1282;3215;12264;18716;2156;11252;20619;0;5;42512786;41246965;25378370;178496;42410021;27594890;311588;0;223
FR;1;2022-03-23;1514;4365;16034;20111;2961;15715;21883;0;34;42514300;41251330;25394404;198607;42412982;27610605;333471;0;257
FR;1;2022-03-24;1121;2754;10405;16060;1910;9666;17565;0;15;42515421;41254084;25404809;214667;42414892;27620271;351036;0;272
FR;1;2022-03-25;1540;4364;16758;25315;2882;15409;27960;0;23;42516961;41258448;25421567;239982;42417774;27635680;378996;0;295
FR;1;2022-03-26;1110;3018;10856;11452;2065;10518;12864;0;20;42518071;41261466;25432423;251434;42419839;27646198;391860;0;315
FR;1;2022-03-27;237;546;1750;1383;334;1803;1594;0;1;42518308;41262012;25434173;252817;42420173;27648001;393454;0;316
FR;1;2022-03-28;1086;2490;9981;15885;1558;9602;17230;0;10;42519394;41264502;25444154;268702;42421731;27657603;410684;0;326
FR;1;2022-03-29;1141;2754;11562;25111;1603;10926;26508;0;30;42520535;41267256;25455716;293813;42423334;27668529;437192;0;356
FR;1;2022-03-30;1632;3680;14176;24233;2454;13716;25897;0;19;42522167;41270936;25469892;318046;42425788;27682245;463089;0;375
FR;1;2022-03-31;1281;3032;11701;22700;2060;11214;24021;0;40;42523448;41273968;25481593;340746;42427848;27693459;487110;0;415
FR;1;2022-04-01;2239;4025;18492;28534;2482;17362;30806;0;54;42525687;41277993;25500085;369280;42430330;27710821;517916;0;469
FR;1;2022-04-02;911;1894;8196;9240;1106;7959;10233;0;28;42526598;41279887;25508281;378520;42431436;27718780;528149;0;497
FR;1;2022-04-03;207;382;1433;1058;219;1435;1249;0;1;42526805;41280269;25509714;379578;42431655;27720215;529398;0;498
FR;1;2022-04-04;4275;2608;11385;17680;1696;10776;18900;0;30;42531080;41282877;25521099;397258;42433351;27730991;548298;0;528
FR;1;2022-04-05;2261;2725;13007;31222;1708;12033;32603;0;68;42533341;41285602;25534106;428480;42435059;27743024;580901;0;596
FR;1;2022-04-06;1891;3018;12206;23982;1926;11643;25279;0;62;42535232;41288620;25546312;452462;42436985;27754667;606180;0;658
FR;1;2022-04-07;1694;2754;12360;31120;1651;11827;32196;0;68;42536926;41291374;25558672;483582;42438636;27766494;638376;0;726
FR;1;2022-04-08;1847;3713;17570;40648;2099;16500;42701;0;76;42538773;41295087;25576242;524230;42440735;27782994;681077;0;802
FR;1;2022-04-09;827;2000;8406;12504;1078;8106;13502;0;26;42539600;41297087;25584648;536734;42441813;27791100;694579;0;828
FR;1;2022-04-10;202;654;1837;1855;419;1883;2075;0;6;42539802;41297741;25586485;538589;42442232;27792983;696654;0;834
FR;1;2022-04-11;1107;2269;10973;22372;1322;10687;23480;0;68;42540909;41300010;25597458;560961;42443554;27803670;720134;0;902
FR;1;2022-04-12;1352;2679;12829;38147;1593;12317;38899;0;119;42542261;41302689;25610287;599108;42445147;27815987;759033;0;1021
FR;1;2022-04-13;1283;2894;12278;30627;1790;12008;31399;0;85;42543544;41305583;25622565;629735;42446937;27827995;790432;0;1106
FR;1;2022-04-14;1239;2629;12119;33661;1632;12133;34098;0;87;42544783;41308212;25634684;663396;42448569;27840128;824530;0;1193
FR;1;2022-04-15;1512;3346;14408;33269;2161;13814;34671;0;107;42546295;41311558;25649092;696665;42450730;27853942;859201;0;1300
FR;1;2022-04-16;663;1410;5845;8003;767;5777;8757;0;31;42546958;41312968;25654937;704668;42451497;27859719;867958;0;1331
FR;1;2022-04-17;157;290;930;1121;177;975;1171;0;7;42547115;41313258;25655867;705789;42451674;27860694;869129;0;1338
FR;1;2022-04-18;169;485;2636;1002;299;2660;1187;0;5;42547284;41313743;25658503;706791;42451973;27863354;870316;0;1343
FR;1;2022-04-19;1259;2610;11788;27936;1500;11519;28791;0;69;42548543;41316353;25670291;734727;42453473;27874873;899107;0;1412
FR;1;2022-04-20;1360;2675;12179;26886;1679;12031;27711;0;82;42549903;41319028;25682470;761613;42455152;27886904;926818;0;1494
FR;1;2022-04-21;1245;2465;11554;33285;1514;11785;33623;0;107;42551148;41321493;25694024;794898;42456666;27898689;960441;0;1601
FR;1;2022-04-22;1527;3094;15217;35507;1928;14795;36705;0;120;42552675;41324587;25709241;830405;42458594;27913484;997146;0;1721
FR;1;2022-04-23;767;1590;6738;9894;927;6644;10578;0;30;42553442;41326177;25715979;840299;42459521;27920128;1007724;0;1751
FR;1;2022-04-24;195;378;1376;1524;242;1329;1749;0;7;42553637;41326555;25717355;841823;42459763;27921457;1009473;0;1758
FR;1;2022-04-25;1042;2132;9858;19736;1255;9758;20558;0;64;42554679;41328687;25727213;861559;42461018;27931215;1030031;0;1822
FR;1;2022-04-26;1351;2627;12608;36640;1608;12207;37228;0;163;42556030;41331314;25739821;898199;42462626;27943422;1067259;0;1985
FR;1;2022-04-27;1330;2408;10654;29290;1468;10790;29675;0;123;42557360;41333722;25750475;927489;42464094;27954212;1096934;0;2108
FR;1;2022-04-28;1284;2418;11565;34327;1524;11406;34477;0;127;42558644;41336140;25762040;961816;42465618;27965618;1131411;0;2235
FR;1;2022-04-29;1616;4296;14407;35563;3169;13859;36853;0;153;42560260;41340436;25776447;997379;42468787;27979477;1168264;0;2388
FR;1;2022-04-30;841;4336;6448;9173;3763;6292;9974;0;35;42561101;41344772;25782895;1006552;42472550;27985769;1178238;0;2423
FR;1;2022-05-01;178;288;832;951;190;826;1080;0;5;42561279;41345060;25783727;1007503;42472740;27986595;1179318;0;2428
FR;1;2022-05-02;2099;2618;10383;16953;1773;10308;17634;0;64;42563378;41347678;25794110;1024456;42474513;27996903;1196952;0;2492
FR;1;2022-05-03;1687;2879;12712;32916;1763;12604;33715;0;149;42565065;41350557;25806822;1057372;42476276;28009507;1230667;0;2641
FR;1;2022-05-04;1382;2751;11234;23826;1696;11396;24365;0;96;42566447;41353308;25818056;1081198;42477972;28020903;1255032;0;2737
FR;1;2022-05-05;1501;2738;12200;31862;1722;12123;32410;0;170;42567948;41356046;25830256;1113060;42479694;28033026;1287442;0;2907
FR;1;2022-05-06;1822;3242;14242;34941;1919;13826;36203;0;166;42569770;41359288;25844498;1148001;42481613;28046852;1323645;0;3073
FR;1;2022-05-07;860;1473;5979;9097;878;6013;9731;0;44;42570630;41360761;25850477;1157098;42482491;28052865;1333376;0;3117
FR;1;2022-05-08;190;329;1062;1472;221;1124;1548;0;8;42570820;41361090;25851539;1158570;42482712;28053989;1334924;0;3125
FR;1;2022-05-09;1167;2020;9250;19262;1160;9165;20034;0;93;42571987;41363110;25860789;1177832;42483872;28063154;1354958;0;3218
FR;1;2022-05-10;1511;3050;12616;37145;1961;12215;38043;0;177;42573498;41366160;25873405;1214977;42485833;28075369;1393001;0;3395
FR;1;2022-05-11;1441;2479;9912;26042;1697;9860;26559;0;138;42574939;41368639;25883317;1241019;42487530;28085229;1419560;0;3533
FR;1;2022-05-12;1326;2457;10528;33644;1549;10229;34289;0;188;42576265;41371096;25893845;1274663;42489079;28095458;1453849;0;3721
FR;1;2022-05-13;1618;2806;12770;35855;1684;12418;36950;0;149;42577883;41373902;25906615;1310518;42490763;28107876;1490799;0;3870
FR;1;2022-05-14;783;1329;5481;10217;815;5365;10732;0;51;42578666;41375231;25912096;1320735;42491578;28113241;1501531;0;3921
FR;1;2022-05-15;223;422;1182;1352;246;1252;1497;0;5;42578889;41375653;25913278;1322087;42491824;28114493;1503028;0;3926
FR;1;2022-05-16;972;1786;8080;20138;1005;8144;20550;0;117;42579861;41377439;25921358;1342225;42492829;28122637;1523578;0;4043
FR;1;2022-05-17;1296;2303;11126;36187;1386;10730;36973;0;172;42581157;41379742;25932484;1378412;42494215;28133367;1560551;0;4215
FR;1;2022-05-18;1313;2136;9041;25730;1368;8991;26289;0;99;42582470;41381878;25941525;1404142;42495583;28142358;1586840;0;4314
FR;1;2022-05-19;1207;2404;9857;34005;1415;9952;34208;0;150;42583677;41384282;25951382;1438147;42496998;28152310;1621048;0;4464
FR;1;2022-05-20;1563;2757;12533;37655;1720;12113;38516;0;151;42585240;41387039;25963915;1475802;42498718;28164423;1659564;0;4615
FR;1;2022-05-21;775;1387;5247;9374;880;5164;9944;0;37;42586015;41388426;25969162;1485176;42499598;28169587;1669508;0;4652
FR;1;2022-05-22;194;292;954;1398;204;953;1521;0;10;42586209;41388718;25970116;1486574;42499802;28170540;1671029;0;4662
FR;1;2022-05-23;971;1891;8370;19439;1179;8346;20056;0;79;42587180;41390609;25978486;1506013;42500981;28178886;1691085;0;4741
FR;1;2022-05-24;1289;2448;10728;37252;1440;10598;37825;0;173;42588469;41393057;25989214;1543265;42502421;28189484;1728910;0;4914
FR;1;2022-05-25;1272;2300;8793;23695;1425;8957;24057;0;111;42589741;41395357;25998007;1566960;42503846;28198441;1752967;0;5025
FR;1;2022-05-26;175;385;1585;1155;261;1580;1288;0;24;42589916;41395742;25999592;1568115;42504107;28200021;1754255;0;5049
FR;1;2022-05-27;1120;2192;8789;20457;1377;8537;21410;0;84;42591036;41397934;26008381;1588572;42505484;28208558;1775665;0;5133
FR;1;2022-05-28;486;1059;3692;6543;627;3729;6930;0;37;42591522;41398993;26012073;1595115;42506111;28212287;1782595;0;5170
FR;1;2022-05-29;121;257;708;896;149;719;1005;0;4;42591643;41399250;26012781;1596011;42506260;28213006;1783600;0;5174
FR;1;2022-05-30;832;1744;6559;18536;1045;6592;18990;0;85;42592475;41400994;26019340;1614547;42507305;28219598;1802590;0;5259
FR;1;2022-05-31;1266;2241;9248;34376;1372;9118;34976;0;159;42593741;41403235;26028588;1648923;42508677;28228716;1837566;0;5418
FR;1;2022-06-01;1336;2605;10439;23460;1752;10302;24307;0;116;42595077;41405840;26039027;1672383;42510429;28239018;1861873;0;5534
FR;1;2022-06-02;1228;2309;10668;34153;1448;10246;34986;0;162;42596305;41408149;26049695;1706536;42511877;28249264;1896859;0;5696
FR;1;2022-06-03;1447;2749;12735;37112;1740;12156;38288;0;157;42597752;41410898;26062430;1743648;42513617;28261420;1935147;0;5853
FR;1;2022-06-04;686;1262;4750;8677;759;4826;9167;0;62;42598438;41412160;26067180;1752325;42514376;28266246;1944314;0;5915
FR;1;2022-06-05;134;292;811;1049;150;835;1154;0;3;42598572;41412452;26067991;1753374;42514526;28267081;1945468;0;5918
FR;1;2022-06-06;839;1196;2028;1252;1018;2047;1427;0;9;42599411;41413648;26070019;1754626;42515544;28269128;1946895;0;5927
FR;1;2022-06-07;1264;2343;9185;34056;1440;8845;35155;0;143;42600675;41415991;26079204;1788682;42516984;28277973;1982050;0;6070
FR;1;2022-06-08;1140;2239;8682;27613;1402;8566;28484;0;107;42601815;41418230;26087886;1816295;42518386;28286539;2010534;0;6177
FR;1;2022-06-09;1076;2151;9987;37573;1282;9672;38340;0;148;42602891;41420381;26097873;1853868;42519668;28296211;2048874;0;6325
FR;1;2022-06-10;1336;2861;12424;43134;1824;12015;44363;0;200;42604227;41423242;26110297;1897002;42521492;28308226;2093237;0;6525
FR;1;2022-06-11;661;1451;5136;11085;798;5185;11614;0;50;42604888;41424693;26115433;1908087;42522290;28313411;2104851;0;6575
FR;1;2022-06-12;157;377;1019;1687;189;1077;1788;0;11;42605045;41425070;26116452;1909774;42522479;28314488;2106639;0;6586
FR;1;2022-06-13;950;1840;7014;22226;1135;6871;23067;0;84;42605995;41426910;26123466;1932000;42523614;28321359;2129706;0;6670
FR;1;2022-06-14;1117;2234;9840;42851;1312;9245;43943;0;186;42607112;41429144;26133306;1974851;42524926;28330604;2173649;0;6856
FR;1;2022-06-15;1094;2011;8788;29393;1362;8476;29941;0;169;42608206;41431155;26142094;2004244;42526288;28339080;2203590;0;7025
FR;1;2022-06-16;959;1840;9404;38510;1061;8882;39417;0;188;42609165;41432995;26151498;2042754;42527349;28347962;2243007;0;7213
FR;1;2022-06-17;1229;2568;11916;44864;1483;11382;46004;0;224;42610394;41435563;26163414;2087618;42528832;28359344;2289011;0;7437
FR;1;2022-06-18;564;1277;4319;10544;717;4258;11086;0;62;42610958;41436840;26167733;2098162;42529549;28363602;2300097;0;7499
FR;1;2022-06-19;137;325;1003;1543;173;1082;1609;0;12;42611095;41437165;26168736;2099705;42529722;28364684;2301706;0;7511
FR;1;2022-06-20;861;1709;8493;25049;1008;8157;25910;0;146;42611956;41438874;26177229;2124754;42530730;28372841;2327616;0;7657
FR;1;2022-06-21;1103;2140;9765;47760;1256;8856;49105;0;241;42613059;41441014;26186994;2172514;42531986;28381697;2376721;0;7898
FR;1;2022-06-22;1045;2074;8442;37162;1301;7963;38022;0;231;42614104;41443088;26195436;2209676;42533287;28389660;2414743;0;8129
FR;1;2022-06-23;1054;2181;10125;52819;1210;9408;53828;0;290;42615158;41445269;26205561;2262495;42534497;28399068;2468571;0;8419
FR;1;2022-06-24;1256;2719;12917;65969;1487;11701;67641;0;367;42616414;41447988;26218478;2328464;42535984;28410769;2536212;0;8786
FR;1;2022-06-25;685;1506;5930;18923;792;5712;19722;0;163;42617099;41449494;26224408;2347387;42536776;28416481;2555934;0;8949
FR;1;2022-06-26;167;406;1817;3494;191;1713;3730;0;34;42617266;41449900;26226225;2350881;42536967;28418194;2559664;0;8983
FR;1;2022-06-27;945;1777;9901;45979;943;9127;47114;0;300;42618211;41451677;26236126;2396860;42537910;28427321;2606778;0;9283
FR;1;2022-06-28;1215;2576;13844;86578;1381;12406;88265;0;569;42619426;41454253;26249970;2483438;42539291;28439727;2695043;0;9852
FR;1;2022-06-29;1242;2297;11482;67403;1261;10549;68448;0;487;42620668;41456550;26261452;2550841;42540552;28450276;2763491;0;10339
FR;1;2022-06-30;1290;2486;13518;89967;1437;11828;91769;0;645;42621958;41459036;26274970;2640808;42541989;28462104;2855260;0;10984
FR;1;2022-07-01;1659;3482;20314;109200;1992;17970;111596;0;859;42623617;41462518;26295284;2750008;42543981;28480074;2966856;0;11843
FR;1;2022-07-02;770;1527;8025;33776;751;7254;34802;0;315;42624387;41464045;26303309;2783784;42544732;28487328;3001658;0;12158
FR;1;2022-07-03;230;480;1943;6118;257;1759;6444;0;71;42624617;41464525;26305252;2789902;42544989;28489087;3008102;0;12229
FR;1;2022-07-04;1678;3179;13935;75420;2063;12362;77309;0;589;42626295;41467704;26319187;2865322;42547052;28501449;3085411;0;12818
FR;1;2022-07-05;1506;2858;17691;126371;1512;15147;128485;0;1060;42627801;41470562;26336878;2991693;42548564;28516596;3213896;0;13878
FR;1;2022-07-06;1378;2405;14888;93747;1384;12912;95183;0;815;42629179;41472967;26351766;3085440;42549948;28529508;3309079;0;14693
FR;1;2022-07-07;1444;2539;16938;119493;1407;14009;121588;0;1074;42630623;41475506;26368704;3204933;42551355;28543517;3430667;0;15767
FR;1;2022-07-08;1534;2823;19608;130004;1541;15971;132808;0;1220;42632157;41478329;26388312;3334937;42552896;28559488;3563475;0;16987
FR;1;2022-07-09;663;1281;7310;36022;699;6353;36809;0;392;42632820;41479610;26395622;3370959;42553595;28565841;3600284;0;17379
FR;1;2022-07-10;245;657;2240;6689;412;2032;7068;0;89;42633065;41480267;26397862;3377648;42554007;28567873;3607352;0;17468
FR;1;2022-07-11;1241;2245;14320;84455;1180;11942;86565;0;734;42634306;41482512;26412182;3462103;42555187;28579815;3693917;0;18202
FR;1;2022-07-12;1604;2806;19464;137423;1442;15903;139914;0;1485;42635910;41485318;26431646;3599526;42556629;28595718;3833831;0;19687
FR;1;2022-07-13;1461;2440;14791;89838;1317;12644;91523;0;1002;42637371;41487758;26446437;3689364;42557946;28608362;3925354;0;20689
FR;1;2022-07-14;162;350;1864;5290;195;1773;5437;0;74;42637533;41488108;26448301;3694654;42558141;28610135;3930791;0;20763
FR;1;2022-07-15;1266;2319;14364;80599;1206;12007;82603;0;960;42638799;41490427;26462665;3775253;42559347;28622142;4013394;0;21723
FR;1;2022-07-16;514;1064;5641;23949;556;4894;24590;0;302;42639313;41491491;26468306;3799202;42559903;28627036;4037984;0;22025
FR;1;2022-07-17;163;369;1656;4464;193;1501;4727;0;60;42639476;41491860;26469962;3803666;42560096;28628537;4042711;0;22085
FR;1;2022-07-18;975;2037;11301;59282;1148;9571;61006;0;715;42640451;41493897;26481263;3862948;42561244;28638108;4103717;0;22800
FR;1;2022-07-19;1235;2132;14695;99429;1196;11727;101426;0;1386;42641686;41496029;26495958;3962377;42562440;28649835;4205143;0;24186
FR;1;2022-07-20;1184;2007;12372;74374;1173;10283;75859;0;964;42642870;41498036;26508330;4036751;42563613;28660118;4281002;0;25150
FR;1;2022-07-21;1137;1955;12418;84546;1189;9994;85911;0;1211;42644007;41499991;26520748;4121297;42564802;28670112;4366913;0;26361
FR;1;2022-07-22;1273;2245;14111;85963;1256;11434;87688;0;1264;42645280;41502236;26534859;4207260;42566058;28681546;4454601;0;27625
FR;1;2022-07-23;548;1093;5238;21296;634;4611;21842;0;373;42645828;41503329;26540097;4228556;42566692;28686157;4476443;0;27998
FR;1;2022-07-24;149;306;1327;3700;153;1168;3925;0;65;42645977;41503635;26541424;4232256;42566845;28687325;4480368;0;28063
FR;1;2022-07-25;890;1634;9076;46124;984;7526;47497;0;680;42646867;41505269;26550500;4278380;42567829;28694851;4527865;0;28743
FR;1;2022-07-26;1136;1964;12681;81968;1121;10336;83582;0;1198;42648003;41507233;26563181;4360348;42568950;28705187;4611447;0;29941
FR;1;2022-07-27;1021;1730;9760;58521;1047;8138;59702;0;874;42649024;41508963;26572941;4418869;42569997;28713325;4671149;0;30815
FR;1;2022-07-28;982;1705;9857;61914;1113;7854;63140;0;967;42650006;41510668;26582798;4480783;42571110;28721179;4734289;0;31782
FR;1;2022-07-29;1112;1845;10461;62989;1171;8385;64303;0;1066;42651118;41512513;26593259;4543772;42572281;28729564;4798592;0;32848
FR;1;2022-07-30;395;726;3349;14491;442;2849;14851;0;279;42651513;41513239;26596608;4558263;42572723;28732413;4813443;0;33127
FR;1;2022-07-31;141;264;900;2335;159;766;2477;0;47;42651654;41513503;26597508;4560598;42572882;28733179;4815920;0;33174
FR;1;2022-08-01;881;1473;7260;28967;1087;6122;29960;0;519;42652535;41514976;26604768;4589565;42573969;28739301;4845880;0;33693
FR;1;2022-08-02;929;1487;8237;54043;1000;6633;54688;0;1091;42653464;41516463;26613005;4643608;42574969;28745934;4900568;0;34784
FR;1;2022-08-03;738;1108;6157;37044;753;4939;37774;0;645;42654202;41517571;26619162;4680652;42575722;28750873;4938342;0;35429
FR;1;2022-08-04;651;1080;6263;41453;696;5058;42007;0;850;42654853;41518651;26625425;4722105;42576418;28755931;4980349;0;36279
FR;1;2022-08-05;744;1198;6766;43081;809;5436;43707;0;933;42655597;41519849;26632191;4765186;42577227;28761367;5024056;0;37212
FR;1;2022-08-06;277;465;1993;9000;305;1674;9192;0;218;42655874;41520314;26634184;4774186;42577532;28763041;5033248;0;37430
FR;1;2022-08-07;89;148;520;1557;104;436;1630;0;35;42655963;41520462;26634704;4775743;42577636;28763477;5034878;0;37465
FR;1;2022-08-08;581;1077;3806;21229;832;3140;21627;0;457;42656544;41521539;26638510;4796972;42578468;28766617;5056505;0;37922
FR;1;2022-08-09;668;1056;5683;38477;747;4558;38967;0;794;42657212;41522595;26644193;4835449;42579215;28771175;5095472;0;38716
FR;1;2022-08-10;568;1184;4435;26915;885;3636;27228;0;601;42657780;41523779;26648628;4862364;42580100;28774811;5122700;0;39317
FR;1;2022-08-11;566;920;4315;28210;632;3589;28538;0;634;42658346;41524699;26652943;4890574;42580732;28778400;5151238;0;39951
FR;1;2022-08-12;732;1042;4555;27171;719;3762;27583;0;668;42659078;41525741;26657498;4917745;42581451;28782162;5178821;0;40619
FR;1;2022-08-13;319;371;1248;5111;263;1066;5282;0;116;42659397;41526112;26658746;4922856;42581714;28783228;5184103;0;40735
FR;1;2022-08-14;67;115;277;871;96;236;941;0;24;42659464;41526227;26659023;4923727;42581810;28783464;5185044;0;40759
FR;1;2022-08-15;112;216;574;542;185;535;593;0;16;42659576;41526443;26659597;4924269;42581995;28783999;5185637;0;40775
FR;1;2022-08-16;550;953;3792;21490;712;3221;21691;0;582;42660126;41527396;26663389;4945759;42582707;28787220;5207328;0;41357
FR;1;2022-08-17;548;915;3769;22150;682;3195;22391;0;579;42660674;41528311;26667158;4967909;42583389;28790415;5229719;0;41936
FR;1;2022-08-18;562;899;3942;25451;700;3141;25673;0;630;42661236;41529210;26671100;4993360;42584089;28793556;5255392;0;42566
FR;1;2022-08-19;537;1050;4369;26547;749;3601;26855;0;732;42661773;41530260;26675469;5019907;42584838;28797157;5282247;0;43298
FR;1;2022-08-20;251;422;1290;5371;322;1107;5524;0;138;42662024;41530682;26676759;5025278;42585160;28798264;5287771;0;43436
FR;1;2022-08-21;84;112;287;990;77;253;1013;0;27;42662108;41530794;26677046;5026268;42585237;28798517;5288784;0;43463
FR;1;2022-08-22;511;900;3141;14956;674;2713;15232;0;411;42662619;41531694;26680187;5041224;42585911;28801230;5304016;0;43874
FR;1;2022-08-23;655;1064;4155;28323;748;3486;28405;0;830;42663274;41532758;26684342;5069547;42586659;28804716;5332421;0;44704
FR;1;2022-08-24;568;838;3403;19069;660;2772;19254;0;587;42663842;41533596;26687745;5088616;42587319;28807488;5351675;0;45291
FR;1;2022-08-25;565;937;3831;22919;654;3214;23148;0;655;42664407;41534533;26691576;5111535;42587973;28810702;5374823;0;45946
FR;1;2022-08-26;754;1137;4350;25157;810;3568;25532;0;745;42665161;41535670;26695926;5136692;42588783;28814270;5400355;0;46691
FR;1;2022-08-27;221;432;1324;5308;277;1191;5362;0;192;42665382;41536102;26697250;5142000;42589060;28815461;5405717;0;46883
FR;1;2022-08-28;113;147;298;899;106;280;948;0;33;42665495;41536249;26697548;5142899;42589166;28815741;5406665;0;46916
FR;1;2022-08-29;506;861;2979;14256;638;2519;14566;0;409;42666001;41537110;26700527;5157155;42589804;28818260;5421231;0;47325
FR;1;2022-08-30;745;1111;4626;27712;788;3776;28033;0;793;42666746;41538221;26705153;5184867;42590592;28822036;5449264;0;48118
FR;1;2022-08-31;587;835;3114;17241;614;2624;17503;0;483;42667333;41539056;26708267;5202108;42591206;28824660;5466767;0;48601
FR;1;2022-09-01;700;927;4333;21893;652;3693;22148;0;587;42668033;41539983;26712600;5224001;42591858;28828353;5488915;0;49188
FR;1;2022-09-02;858;1062;4886;27865;761;4083;28153;0;882;42668891;41541045;26717486;5251866;42592619;28832436;5517068;0;50070
FR;1;2022-09-03;322;511;1833;5876;349;1595;6105;0;174;42669213;41541556;26719319;5257742;42592968;28834031;5523173;0;50244
FR;1;2022-09-04;109;137;341;845;73;334;915;0;21;42669322;41541693;26719660;5258587;42593041;28834365;5524088;0;50265
FR;1;2022-09-05;715;873;3051;15698;697;2557;15982;0;499;42670037;41542566;26722711;5274285;42593738;28836922;5540070;0;50764
FR;1;2022-09-06;839;965;4572;31062;612;3712;31283;0;1002;42670876;41543531;26727283;5305347;42594350;28840634;5571353;0;51766
FR;1;2022-09-07;609;704;2921;16444;466;2425;16581;0;550;42671485;41544235;26730204;5321791;42594816;28843059;5587934;0;52316
FR;1;2022-09-08;582;796;3701;24224;543;3041;24305;0;796;42672067;41545031;26733905;5346015;42595359;28846100;5612239;0;53112
FR;1;2022-09-09;781;976;4307;26897;618;3597;27078;0;903;42672848;41546007;26738212;5372912;42595977;28849697;5639317;0;54015
FR;1;2022-09-10;348;572;1679;5590;402;1479;5782;0;203;42673196;41546579;26739891;5378502;42596379;28851176;5645099;0;54218
FR;1;2022-09-11;106;120;313;646;82;293;703;0;17;42673302;41546699;26740204;5379148;42596461;28851469;5645802;0;54235
FR;1;2022-09-12;482;605;2616;12955;426;2233;13235;0;462;42673784;41547304;26742820;5392103;42596887;28853702;5659037;0;54697
FR;1;2022-09-13;643;830;3869;25849;541;3382;25721;0;834;42674427;41548134;26746689;5417952;42597428;28857084;5684758;0;55531
FR;1;2022-09-14;623;724;2881;15702;508;2412;15938;0;537;42675050;41548858;26749570;5433654;42597936;28859496;5700696;0;56068
FR;1;2022-09-15;532;776;3343;23092;548;2849;23156;0;679;42675582;41549634;26752913;5456746;42598484;28862345;5723852;0;56747
FR;1;2022-09-16;726;946;4019;25348;630;3391;25549;0;891;42676308;41550580;26756932;5482094;42599114;28865736;5749401;0;57638
FR;1;2022-09-17;303;428;1397;5979;300;1222;6087;0;227;42676611;41551008;26758329;5488073;42599414;28866958;5755488;0;57865
FR;1;2022-09-18;99;126;310;924;103;278;980;0;34;42676710;41551134;26758639;5488997;42599517;28867236;5756468;0;57899
FR;1;2022-09-19;400;577;2142;12864;379;1837;13018;0;414;42677110;41551711;26760781;5501861;42599896;28869073;5769486;0;58313
FR;1;2022-09-20;564;839;3669;25830;587;3066;25870;0;854;42677674;41552550;26764450;5527691;42600483;28872139;5795356;0;59167
FR;1;2022-09-21;484;690;2628;15862;490;2256;15826;0;561;42678158;41553240;26767078;5543553;42600973;28874395;5811182;0;59728
FR;1;2022-09-22;549;777;3295;22968;516;2694;23156;0;744;42678707;41554017;26770373;5566521;42601489;28877089;5834338;0;60472
FR;1;2022-09-23;767;944;4353;28163;678;3634;28326;0;981;42679474;41554961;26774726;5594684;42602167;28880723;5862664;0;61453
FR;1;2022-09-24;356;539;1591;6706;379;1373;6880;0;300;42679830;41555500;26776317;5601390;42602546;28882096;5869544;0;61753
FR;1;2022-09-25;81;157;321;1072;111;293;1110;0;32;42679911;41555657;26776638;5602462;42602657;28882389;5870654;0;61785
FR;1;2022-09-26;383;654;2182;13078;432;1935;13171;0;412;42680294;41556311;26778820;5615540;42603089;28884324;5883825;0;62197
FR;1;2022-09-27;542;767;3458;25025;541;2794;25223;0;906;42680836;41557078;26782278;5640565;42603630;28887118;5909048;0;63103
FR;1;2022-09-28;525;720;2448;14972;507;2217;15061;0;597;42681361;41557798;26784726;5655537;42604137;28889335;5924109;0;63700
FR;1;2022-09-29;504;697;2999;20366;486;2523;20381;0;767;42681865;41558495;26787725;5675903;42604623;28891858;5944490;0;64467
FR;1;2022-09-30;694;996;3776;24429;705;3160;24677;0;970;42682559;41559491;26791501;5700332;42605328;28895018;5969167;0;65437
FR;1;2022-10-01;352;610;1905;5507;446;1659;5733;0;273;42682911;41560101;26793406;5705839;42605774;28896677;5974900;0;65710
FR;1;2022-10-02;56;120;204;568;82;204;589;0;29;42682967;41560221;26793610;5706407;42605856;28896881;5975489;0;65739
FR;1;2022-10-03;548;875;2225;10042;719;1985;10210;0;489;42683515;41561096;26795835;5716449;42606575;28898866;5985699;0;66228
FR;1;2022-10-04;657;738;2930;18922;506;2481;19010;0;1086;42684172;41561834;26798765;5735371;42607081;28901347;6004709;0;67314
FR;1;2022-10-05;486;726;2099;11114;500;1872;11243;0;723;42684658;41562560;26800864;5746485;42607581;28903219;6015952;0;68037
FR;1;2022-10-06;451;643;2497;15777;465;2062;15959;0;1062;42685109;41563203;26803361;5762262;42608046;28905281;6031911;0;69099
FR;1;2022-10-07;558;771;2694;16068;569;2311;16092;0;1161;42685667;41563974;26806055;5778330;42608615;28907592;6048003;0;70260
FR;1;2022-10-08;242;315;888;3171;248;776;3276;0;291;42685909;41564289;26806943;5781501;42608863;28908368;6051279;0;70551
FR;1;2022-10-09;76;90;151;461;80;135;487;0;51;42685985;41564379;26807094;5781962;42608943;28908503;6051766;0;70602
FR;1;2022-10-10;314;561;1324;4999;468;1240;5096;0;463;42686299;41564940;26808418;5786961;42609411;28909743;6056862;0;71065
FR;1;2022-10-11;336;456;1316;8086;341;1198;8187;0;758;42686635;41565396;26809734;5795047;42609752;28910941;6065049;0;71823
FR;1;2022-10-12;346;480;1078;5222;367;1075;5239;0;521;42686981;41565876;26810812;5800269;42610119;28912016;6070288;0;72344
FR;1;2022-10-13;337;450;1078;6099;360;935;6146;0;629;42687318;41566326;26811890;5806368;42610479;28912951;6076434;0;72973
FR;1;2022-10-14;413;552;1176;6711;467;1049;6780;0;676;42687731;41566878;26813066;5813079;42610946;28914000;6083214;0;73649
FR;1;2022-10-15;212;345;531;1860;297;514;1868;0;226;42687943;41567223;26813597;5814939;42611243;28914514;6085082;0;73875
FR;1;2022-10-16;47;67;111;296;48;118;315;0;48;42687990;41567290;26813708;5815235;42611291;28914632;6085397;0;73923
FR;1;2022-10-17;237;335;740;2653;267;696;2698;0;366;42688227;41567625;26814448;5817888;42611558;28915328;6088095;0;74289
FR;1;2022-10-18;265;319;956;4596;257;833;4700;0;866;42688492;41567944;26815404;5822484;42611815;28916161;6092795;0;75155
FR;1;2022-10-19;286;405;697;3185;338;666;3164;0;502;42688778;41568349;26816101;5825669;42612153;28916827;6095959;0;75657
FR;1;2022-10-20;288;353;903;4369;300;795;4404;0;771;42689066;41568702;26817004;5830038;42612453;28917622;6100363;0;76428
FR;1;2022-10-21;304;420;847;3806;371;743;3878;0;675;42689370;41569122;26817851;5833844;42612824;28918365;6104241;0;77103
FR;1;2022-10-22;135;184;306;1253;162;300;1218;0;210;42689505;41569306;26818157;5835097;42612986;28918665;6105459;0;77313
FR;1;2022-10-23;33;43;65;197;41;59;213;0;25;42689538;41569349;26818222;5835294;42613027;28918724;6105672;0;77338
FR;1;2022-10-24;273;236;479;1603;204;476;1660;0;306;42689811;41569585;26818701;5836897;42613231;28919200;6107332;0;77644
FR;1;2022-10-25;222;258;526;2651;227;447;2707;0;487;42690033;41569843;26819227;5839548;42613458;28919647;6110039;0;78131
FR;1;2022-10-26;235;251;394;1958;240;371;1965;0;438;42690268;41570094;26819621;5841506;42613698;28920018;6112004;0;78569
FR;1;2022-10-27;260;234;490;2167;206;509;2151;0;518;42690528;41570328;26820111;5843673;42613904;28920527;6114155;0;79087
FR;1;2022-10-28;312;332;534;2335;311;471;2402;0;478;42690840;41570660;26820645;5846008;42614215;28920998;6116557;0;79565
FR;1;2022-10-29;99;157;176;716;127;210;708;0;203;42690939;41570817;26820821;5846724;42614342;28921208;6117265;0;79768
FR;1;2022-10-30;38;49;62;184;41;56;189;0;38;42690977;41570866;26820883;5846908;42614383;28921264;6117454;0;79806
FR;1;2022-10-31;135;189;295;796;168;273;863;0;143;42691112;41571055;26821178;5847704;42614551;28921537;6118317;0;79949
FR;1;2022-11-01;72;135;767;115;117;767;134;0;19;42691184;41571190;26821945;5847819;42614668;28922304;6118451;0;79968
FR;1;2022-11-02;269;245;530;985;241;496;1048;0;356;42691453;41571435;26822475;5848804;42614909;28922800;6119499;0;80324
FR;1;2022-11-03;272;238;442;1379;223;403;1418;0;377;42691725;41571673;26822917;5850183;42615132;28923203;6120917;0;80701
FR;1;2022-11-04;233;262;424;1597;242;401;1637;0;438;42691958;41571935;26823341;5851780;42615374;28923604;6122554;0;81139
FR;1;2022-11-05;100;135;273;503;124;255;525;0;111;42692058;41572070;26823614;5852283;42615498;28923859;6123079;0;81250
FR;1;2022-11-06;36;48;32;131;47;35;129;0;33;42692094;41572118;26823646;5852414;42615545;28923894;6123208;0;81283
FR;1;2022-11-07;219;282;326;899;269;319;944;0;212;42692313;41572400;26823972;5853313;42615814;28924213;6124152;0;81495
FR;1;2022-11-08;236;265;472;1709;253;417;1738;0;524;42692549;41572665;26824444;5855022;42616067;28924630;6125890;0;82019
FR;1;2022-11-09;196;255;337;1104;245;303;1141;0;477;42692745;41572920;26824781;5856126;42616312;28924933;6127031;0;82496
FR;1;2022-11-10;216;376;435;1680;368;442;1670;0;605;42692961;41573296;26825216;5857806;42616680;28925375;6128701;0;83101
FR;1;2022-11-11;34;48;105;100;45;92;114;0;44;42692995;41573344;26825321;5857906;42616725;28925467;6128815;0;83145
FR;1;2022-11-12;95;150;257;375;137;256;390;0;101;42693090;41573494;26825578;5858281;42616862;28925723;6129205;0;83246
FR;1;2022-11-13;25;56;28;64;53;31;66;0;26;42693115;41573550;26825606;5858345;42616915;28925754;6129271;0;83272
FR;1;2022-11-14;173;184;271;768;172;275;838;0;235;42693288;41573734;26825877;5859113;42617087;28926029;6130109;0;83507
FR;1;2022-11-15;227;403;394;1300;402;372;1338;0;436;42693515;41574137;26826271;5860413;42617489;28926401;6131447;0;83943
FR;1;2022-11-16;197;272;335;983;266;349;1017;0;359;42693712;41574409;26826606;5861396;42617755;28926750;6132464;0;84302
FR;1;2022-11-17;171;210;297;1207;204;273;1211;0;387;42693883;41574619;26826903;5862603;42617959;28927023;6133675;0;84689
FR;1;2022-11-18;229;269;394;1315;261;383;1349;0;411;42694112;41574888;26827297;5863918;42618220;28927406;6135024;0;85100
FR;1;2022-11-19;120;115;249;441;114;214;474;0;102;42694232;41575003;26827546;5864359;42618334;28927620;6135498;0;85202
FR;1;2022-11-20;35;128;31;66;124;33;74;0;28;42694267;41575131;26827577;5864425;42618458;28927653;6135572;0;85230
FR;1;2022-11-21;174;172;271;640;145;288;677;0;211;42694441;41575303;26827848;5865065;42618603;28927941;6136249;0;85441
FR;1;2022-11-22;157;168;417;1160;151;398;1185;0;409;42694598;41575471;26828265;5866225;42618754;28928339;6137434;0;85850
FR;1;2022-11-23;179;185;246;763;170;247;786;0;241;42694777;41575656;26828511;5866988;42618924;28928586;6138220;0;86091
FR;1;2022-11-24;138;170;288;1212;151;300;1215;0;442;42694915;41575826;26828799;5868200;42619075;28928886;6139435;0;86533
FR;1;2022-11-25;210;247;428;1159;233;417;1191;0;392;42695125;41576073;26829227;5869359;42619308;28929303;6140626;0;86925
FR;1;2022-11-26;90;109;113;323;101;125;311;0;118;42695215;41576182;26829340;5869682;42619409;28929428;6140937;0;87043
FR;1;2022-11-27;18;38;22;72;25;34;78;0;49;42695233;41576220;26829362;5869754;42619434;28929462;6141015;0;87092
FR;1;2022-11-28;210;146;209;665;153;205;708;0;332;42695443;41576366;26829571;5870419;42619587;28929667;6141723;0;87424
FR;1;2022-11-29;171;145;269;1107;130;251;1119;0;458;42695614;41576511;26829840;5871526;42619717;28929918;6142842;0;87882
FR;1;2022-11-30;161;209;235;938;195;238;960;0;322;42695775;41576720;26830075;5872464;42619912;28930156;6143802;0;88204
FR;1;2022-12-01;165;160;715;1097;148;680;1146;0;379;42695940;41576880;26830790;5873561;42620060;28930836;6144948;0;88583
FR;1;2022-12-02;200;199;516;1186;194;512;1234;0;470;42696140;41577079;26831306;5874747;42620254;28931348;6146182;0;89053
FR;1;2022-12-03;102;111;262;532;99;240;529;0;180;42696242;41577190;26831568;5875279;42620353;28931588;6146711;0;89233
FR;1;2022-12-04;27;27;19;138;24;20;129;0;58;42696269;41577217;26831587;5875417;42620377;28931608;6146840;0;89291
FR;1;2022-12-05;148;164;307;867;161;301;899;0;316;42696417;41577381;26831894;5876284;42620538;28931909;6147739;0;89607
FR;1;2022-12-06;156;171;274;1449;157;279;1455;0;739;42696573;41577552;26832168;5877733;42620695;28932188;6149194;0;90346
FR;1;2022-12-07;155;168;256;1187;177;236;1203;0;576;42696728;41577720;26832424;5878920;42620872;28932424;6150397;0;90922
FR;1;2022-12-08;131;143;302;1756;135;259;1797;0;765;42696859;41577863;26832726;5880676;42621007;28932683;6152194;0;91687
FR;1;2022-12-09;202;196;356;1815;169;364;1836;0;721;42697061;41578059;26833082;5882491;42621176;28933047;6154030;0;92408
FR;1;2022-12-10;116;144;341;856;131;324;877;0;292;42697177;41578203;26833423;5883347;42621307;28933371;6154907;0;92700
FR;1;2022-12-11;31;30;32;218;27;30;200;0;62;42697208;41578233;26833455;5883565;42621334;28933401;6155107;0;92762
FR;1;2022-12-12;128;104;296;1099;100;283;1112;0;457;42697336;41578337;26833751;5884664;42621434;28933684;6156219;0;93219
FR;1;2022-12-13;125;129;292;1307;103;267;1321;0;618;42697461;41578466;26834043;5885971;42621537;28933951;6157540;0;93837
FR;1;2022-12-14;105;159;256;867;153;235;892;0;372;42697566;41578625;26834299;5886838;42621690;28934186;6158432;0;94209
FR;1;2022-12-15;139;179;455;1492;167;424;1518;0;691;42697705;41578804;26834754;5888330;42621857;28934610;6159950;0;94900
FR;1;2022-12-16;205;217;567;1344;220;552;1366;0;623;42697910;41579021;26835321;5889674;42622077;28935162;6161316;0;95523
FR;1;2022-12-17;88;93;224;467;82;219;475;0;204;42697998;41579114;26835545;5890141;42622159;28935381;6161791;0;95727
FR;1;2022-12-18;17;22;27;112;19;29;108;0;37;42698015;41579136;26835572;5890253;42622178;28935410;6161899;0;95764
FR;1;2022-12-19;151;131;250;791;139;220;835;0;381;42698166;41579267;26835822;5891044;42622317;28935630;6162734;0;96145
FR;1;2022-12-20;145;161;354;906;148;348;912;0;427;42698311;41579428;26836176;5891950;42622465;28935978;6163646;0;96572
FR;1;2022-12-21;138;112;214;638;122;180;646;0;388;42698449;41579540;26836390;5892588;42622587;28936158;6164292;0;96960
FR;1;2022-12-22;147;111;165;552;121;150;543;0;329;42698596;41579651;26836555;5893140;42622708;28936308;6164835;0;97289
FR;1;2022-12-23;130;156;456;419;139;446;426;0;182;42698726;41579807;26837011;5893559;42622847;28936754;6165261;0;97471
FR;1;2022-12-24;30;27;33;56;29;32;63;0;21;42698756;41579834;26837044;5893615;42622876;28936786;6165324;0;97492
FR;1;2022-12-25;4;11;20;12;12;14;15;0;11;42698760;41579845;26837064;5893627;42622888;28936800;6165339;0;97503
FR;1;2022-12-26;94;90;248;251;89;253;257;0;93;42698854;41579935;26837312;5893878;42622977;28937053;6165596;0;97596
FR;1;2022-12-27;117;159;310;387;150;316;402;0;180;42698971;41580094;26837622;5894265;42623127;28937369;6165998;0;97776
FR;1;2022-12-28;107;143;203;270;129;206;281;0;126;42699078;41580237;26837825;5894535;42623256;28937575;6166279;0;97902
FR;1;2022-12-29;105;105;154;282;105;153;303;0;114;42699183;41580342;26837979;5894817;42623361;28937728;6166582;0;98016
FR;1;2022-12-30;127;123;89;258;115;94;268;0;143;42699310;41580465;26838068;5895075;42623476;28937822;6166850;0;98159
FR;1;2022-12-31;38;35;28;79;40;25;79;0;25;42699348;41580500;26838096;5895154;42623516;28937847;6166929;0;98184
FR;1;2023-01-01;6;12;61;22;12;57;27;0;10;42699354;41580512;26838157;5895176;42623528;28937904;6166956;0;98194
FR;1;2023-01-02;243;135;673;169;141;653;194;0;64;42699597;41580647;26838830;5895345;42623669;28938557;6167150;0;98258
FR;1;2023-01-03;165;103;369;207;101;362;215;0;146;42699762;41580750;26839199;5895552;42623770;28938919;6167365;0;98404
FR;1;2023-01-04;94;93;246;198;94;247;208;0;193;42699856;41580843;26839445;5895750;42623864;28939166;6167573;0;98597
FR;1;2023-01-05;147;125;173;334;135;174;335;0;206;42700003;41580968;26839618;5896084;42623999;28939340;6167908;0;98803
FR;1;2023-01-06;198;143;224;325;146;210;350;0;230;42700201;41581111;26839842;5896409;42624145;28939550;6168258;0;99033
FR;1;2023-01-07;106;89;175;147;92;158;164;0;93;42700307;41581200;26840017;5896556;42624237;28939708;6168422;0;99126
FR;1;2023-01-08;26;19;30;59;18;25;64;0;24;42700333;41581219;26840047;5896615;42624255;28939733;6168486;0;99150
FR;1;2023-01-09;138;125;133;135;121;141;153;0;115;42700471;41581344;26840180;5896750;42624376;28939874;6168639;0;99265
FR;1;2023-01-10;118;123;280;277;121;286;278;0;192;42700589;41581467;26840460;5897027;42624497;28940160;6168917;0;99457
FR;1;2023-01-11;106;111;91;209;120;95;221;0;96;42700695;41581578;26840551;5897236;42624617;28940255;6169138;0;99553
FR;1;2023-01-12;135;119;213;243;114;213;268;0;166;42700830;41581697;26840764;5897479;42624731;28940468;6169406;0;99719
FR;1;2023-01-13;222;163;172;285;161;171;306;0;188;42701052;41581860;26840936;5897764;42624892;28940639;6169712;0;99907
FR;1;2023-01-14;89;64;162;104;66;172;103;0;62;42701141;41581924;26841098;5897868;42624958;28940811;6169815;0;99969
FR;1;2023-01-15;23;36;31;42;33;31;46;0;30;42701164;41581960;26841129;5897910;42624991;28940842;6169861;0;99999
FR;1;2023-01-16;113;104;310;155;98;314;133;0;100;42701277;41582064;26841439;5898065;42625089;28941156;6169994;0;100099
FR;1;2023-01-17;113;100;167;214;99;164;241;0;128;42701390;41582164;26841606;5898279;42625188;28941320;6170235;0;100227
FR;1;2023-01-18;99;89;97;143;88;92;184;0;121;42701489;41582253;26841703;5898422;42625276;28941412;6170419;0;100348
FR;1;2023-01-19;112;78;104;134;76;116;134;0;135;42701601;41582331;26841807;5898556;42625352;28941528;6170553;0;100483
FR;1;2023-01-20;169;145;166;277;146;194;266;0;203;42701770;41582476;26841973;5898833;42625498;28941722;6170819;0;100686
FR;1;2023-01-21;58;71;91;85;71;102;75;0;35;42701828;41582547;26842064;5898918;42625569;28941824;6170894;0;100721
FR;1;2023-01-22;10;9;13;21;7;9;25;0;14;42701838;41582556;26842077;5898939;42625576;28941833;6170919;0;100735
FR;1;2023-01-23;88;84;108;100;87;100;119;0;85;42701926;41582640;26842185;5899039;42625663;28941933;6171038;0;100820
FR;1;2023-01-24;121;76;73;122;89;70;131;0;183;42702047;41582716;26842258;5899161;42625752;28942003;6171169;0;101003
FR;1;2023-01-25;98;118;78;108;119;78;124;0;106;42702145;41582834;26842336;5899269;42625871;28942081;6171293;0;101109
FR;1;2023-01-26;105;105;62;152;94;67;173;0;107;42702250;41582939;26842398;5899421;42625965;28942148;6171466;0;101216
FR;1;2023-01-27;172;265;104;137;281;121;137;0;200;42702422;41583204;26842502;5899558;42626246;28942269;6171603;0;101416
FR;1;2023-01-28;73;74;55;40;76;52;48;0;28;42702495;41583278;26842557;5899598;42626322;28942321;6171651;0;101444
FR;1;2023-01-29;12;22;33;10;20;31;16;0;12;42702507;41583300;26842590;5899608;42626342;28942352;6171667;0;101456
FR;1;2023-01-30;144;108;64;72;110;70;80;0;51;42702651;41583408;26842654;5899680;42626452;28942422;6171747;0;101507
FR;1;2023-01-31;122;84;65;137;73;68;149;0;143;42702773;41583492;26842719;5899817;42626525;28942490;6171896;0;101650
FR;1;2023-02-01;122;140;345;106;138;338;134;0;77;42702895;41583632;26843064;5899923;42626663;28942828;6172030;0;101727
FR;1;2023-02-02;88;93;91;106;88;98;108;0;98;42702983;41583725;26843155;5900029;42626751;28942926;6172138;0;101825
FR;1;2023-02-03;155;146;133;98;146;139;104;0;97;42703138;41583871;26843288;5900127;42626897;28943065;6172242;0;101922
FR;1;2023-02-04;50;78;72;46;85;74;47;0;24;42703188;41583949;26843360;5900173;42626982;28943139;6172289;0;101946
FR;1;2023-02-05;6;8;18;6;7;21;7;0;8;42703194;41583957;26843378;5900179;42626989;28943160;6172296;0;101954
FR;1;2023-02-06;95;75;112;77;81;114;81;0;89;42703289;41584032;26843490;5900256;42627070;28943274;6172377;0;102043
FR;1;2023-02-07;91;75;97;75;76;91;95;0;114;42703380;41584107;26843587;5900331;42627146;28943365;6172472;0;102157
FR;1;2023-02-08;83;91;62;30;90;67;34;0;51;42703463;41584198;26843649;5900361;42627236;28943432;6172506;0;102208
FR;1;2023-02-09;65;65;82;59;75;81;67;0;79;42703528;41584263;26843731;5900420;42627311;28943513;6172573;0;102287
FR;1;2023-02-10;142;130;56;72;133;68;73;0;117;42703670;41584393;26843787;5900492;42627444;28943581;6172646;0;102404
FR;1;2023-02-11;45;52;78;25;49;87;27;0;11;42703715;41584445;26843865;5900517;42627493;28943668;6172673;0;102415
FR;1;2023-02-12;10;8;10;8;12;10;9;0;9;42703725;41584453;26843875;5900525;42627505;28943678;6172682;0;102424
FR;1;2023-02-13;80;110;45;42;111;52;34;0;31;42703805;41584563;26843920;5900567;42627616;28943730;6172716;0;102455
FR;1;2023-02-14;69;70;73;50;69;77;47;0;77;42703874;41584633;26843993;5900617;42627685;28943807;6172763;0;102532
FR;1;2023-02-15;75;97;76;52;105;82;60;0;81;42703949;41584730;26844069;5900669;42627790;28943889;6172823;0;102613
FR;1;2023-02-16;60;75;113;82;63;122;86;0;73;42704009;41584805;26844182;5900751;42627853;28944011;6172909;0;102686
FR;1;2023-02-17;104;124;166;61;129;170;70;0;47;42704113;41584929;26844348;5900812;42627982;28944181;6172979;0;102733
FR;1;2023-02-18;44;56;147;41;56;153;43;0;9;42704157;41584985;26844495;5900853;42628038;28944334;6173022;0;102742
FR;1;2023-02-19;14;0;6;4;2;5;4;0;5;42704171;41584985;26844501;5900857;42628040;28944339;6173026;0;102747
FR;1;2023-02-20;76;71;50;28;75;55;32;0;16;42704247;41585056;26844551;5900885;42628115;28944394;6173058;0;102763
FR;1;2023-02-21;62;74;54;49;78;57;47;0;38;42704309;41585130;26844605;5900934;42628193;28944451;6173105;0;102801
FR;1;2023-02-22;64;77;32;18;78;36;18;0;22;42704373;41585207;26844637;5900952;42628271;28944487;6173123;0;102823
FR;1;2023-02-23;51;78;47;36;75;57;31;0;54;42704424;41585285;26844684;5900988;42628346;28944544;6173154;0;102877
FR;1;2023-02-24;95;111;40;33;112;48;34;0;37;42704519;41585396;26844724;5901021;42628458;28944592;6173188;0;102914
FR;1;2023-02-25;42;49;69;22;56;69;24;0;26;42704561;41585445;26844793;5901043;42628514;28944661;6173212;0;102940
FR;1;2023-02-26;2;3;1;2;1;3;1;0;3;42704563;41585448;26844794;5901045;42628515;28944664;6173213;0;102943
FR;1;2023-02-27;91;77;62;35;77;70;32;0;20;42704654;41585525;26844856;5901080;42628592;28944734;6173245;0;102963
FR;1;2023-02-28;86;72;34;50;68;44;52;0;32;42704740;41585597;26844890;5901130;42628660;28944778;6173297;0;102995
FR;1;2023-03-01;72;89;242;52;87;234;69;0;42;42704812;41585686;26845132;5901182;42628747;28945012;6173366;0;103037
FR;1;2023-03-02;64;63;88;55;64;85;66;0;117;42704876;41585749;26845220;5901237;42628811;28945097;6173432;0;103154
FR;1;2023-03-03;103;107;65;52;106;64;55;0;47;42704979;41585856;26845285;5901289;42628917;28945161;6173487;0;103201
FR;1;2023-03-04;51;46;69;26;43;70;31;0;15;42705030;41585902;26845354;5901315;42628960;28945231;6173518;0;103216
FR;1;2023-03-05;4;2;5;0;3;5;1;0;0;42705034;41585904;26845359;5901315;42628963;28945236;6173519;0;103216
FR;1;2023-03-06;86;57;79;17;63;85;23;0;14;42705120;41585961;26845438;5901332;42629026;28945321;6173542;0;103230
FR;1;2023-03-07;52;70;47;40;67;45;50;0;71;42705172;41586031;26845485;5901372;42629093;28945366;6173592;0;103301
FR;1;2023-03-08;47;65;32;16;68;34;22;0;6;42705219;41586096;26845517;5901388;42629161;28945400;6173614;0;103307
FR;1;2023-03-09;37;53;45;22;49;48;31;0;27;42705256;41586149;26845562;5901410;42629210;28945448;6173645;0;103334
FR;1;2023-03-10;93;97;84;41;97;88;46;0;25;42705349;41586246;26845646;5901451;42629307;28945536;6173691;0;103359
FR;1;2023-03-11;47;39;50;9;33;57;12;0;6;42705396;41586285;26845696;5901460;42629340;28945593;6173703;0;103365
FR;1;2023-03-12;2;10;7;0;12;6;1;0;0;42705398;41586295;26845703;5901460;42629352;28945599;6173704;0;103365
FR;1;2023-03-13;46;57;38;14;53;45;14;0;18;42705444;41586352;26845741;5901474;42629405;28945644;6173718;0;103383
FR;1;2023-03-14;66;46;53;21;50;57;23;0;31;42705510;41586398;26845794;5901495;42629455;28945701;6173741;0;103414
FR;1;2023-03-15;39;59;62;19;59;70;21;0;19;42705549;41586457;26845856;5901514;42629514;28945771;6173762;0;103433
FR;1;2023-03-16;55;49;86;23;53;85;27;0;20;42705604;41586506;26845942;5901537;42629567;28945856;6173789;0;103453
FR;1;2023-03-17;109;86;99;36;100;102;40;0;35;42705713;41586592;26846041;5901573;42629667;28945958;6173829;0;103488
FR;1;2023-03-18;34;33;144;10;28;148;15;0;5;42705747;41586625;26846185;5901583;42629695;28946106;6173844;0;103493
FR;1;2023-03-19;11;2;1;2;3;1;3;0;0;42705758;41586627;26846186;5901585;42629698;28946107;6173847;0;103493
FR;1;2023-03-20;43;55;42;14;45;53;17;0;9;42705801;41586682;26846228;5901599;42629743;28946160;6173864;0;103502
FR;1;2023-03-21;73;60;40;11;65;43;16;0;26;42705874;41586742;26846268;5901610;42629808;28946203;6173880;0;103528
FR;1;2023-03-22;58;53;35;31;53;49;26;0;13;42705932;41586795;26846303;5901641;42629861;28946252;6173906;0;103541
FR;1;2023-03-23;58;46;35;23;47;39;25;0;47;42705990;41586841;26846338;5901664;42629908;28946291;6173931;0;103588
FR;1;2023-03-24;77;103;188;29;106;194;35;0;23;42706067;41586944;26846526;5901693;42630014;28946485;6173966;0;103611
FR;1;2023-03-25;45;49;47;10;46;51;14;0;5;42706112;41586993;26846573;5901703;42630060;28946536;6173980;0;103616
FR;1;2023-03-26;2;3;8;0;0;9;2;0;2;42706114;41586996;26846581;5901703;42630060;28946545;6173982;0;103618
FR;1;2023-03-27;103;58;68;11;61;71;15;0;22;42706217;41587054;26846649;5901714;42630121;28946616;6173997;0;103640
FR;1;2023-03-28;46;38;23;21;42;25;21;0;31;42706263;41587092;26846672;5901735;42630163;28946641;6174018;0;103671
FR;1;2023-03-29;55;45;31;28;44;38;25;0;14;42706318;41587137;26846703;5901763;42630207;28946679;6174043;0;103685
FR;1;2023-03-30;56;39;58;19;42;57;26;0;29;42706374;41587176;26846761;5901782;42630249;28946736;6174069;0;103714
FR;1;2023-03-31;66;84;27;16;82;33;13;0;35;42706440;41587260;26846788;5901798;42630331;28946769;6174082;0;103749
FR;1;2023-04-01;29;51;125;10;48;127;17;0;10;42706469;41587311;26846913;5901808;42630379;28946896;6174099;0;103759
FR;1;2023-04-02;1;1;6;0;1;5;1;0;0;42706470;41587312;26846919;5901808;42630380;28946901;6174100;0;103759
FR;1;2023-04-03;90;46;134;26;43;135;31;0;19;42706560;41587358;26847053;5901834;42630423;28947036;6174131;0;103778
FR;1;2023-04-04;38;49;34;10;42;40;11;0;25;42706598;41587407;26847087;5901844;42630465;28947076;6174142;0;103803
FR;1;2023-04-05;24;40;31;19;37;25;27;0;14;42706622;41587447;26847118;5901863;42630502;28947101;6174169;0;103817
FR;1;2023-04-06;41;44;27;10;41;28;15;0;15;42706663;41587491;26847145;5901873;42630543;28947129;6174184;0;103832
FR;1;2023-04-07;46;63;29;17;62;33;16;0;13;42706709;41587554;26847174;5901890;42630605;28947162;6174200;0;103845
FR;1;2023-04-08;25;32;7;13;25;14;13;0;13;42706734;41587586;26847181;5901903;42630630;28947176;6174213;0;103858
FR;1;2023-04-09;1;2;0;2;1;1;2;0;1;42706735;41587588;26847181;5901905;42630631;28947177;6174215;0;103859
FR;1;2023-04-10;5;13;21;1;13;23;1;0;1;42706740;41587601;26847202;5901906;42630644;28947200;6174216;0;103860
FR;1;2023-04-11;38;50;18;12;49;17;14;0;17;42706778;41587651;26847220;5901918;42630693;28947217;6174230;0;103877
FR;1;2023-04-12;36;34;26;18;32;33;19;0;24;42706814;41587685;26847246;5901936;42630725;28947250;6174249;0;103901
FR;1;2023-04-13;37;33;9;15;35;14;13;0;26;42706851;41587718;26847255;5901951;42630760;28947264;6174262;0;103927
FR;1;2023-04-14;59;69;52;11;78;50;13;0;17;42706910;41587787;26847307;5901962;42630838;28947314;6174275;0;103944
FR;1;2023-04-15;27;28;9;8;28;14;8;0;2;42706937;41587815;26847316;5901970;42630866;28947328;6174283;0;103946
FR;1;2023-04-16;3;2;0;0;2;0;0;0;0;42706940;41587817;26847316;5901970;42630868;28947328;6174283;0;103946
FR;1;2023-04-17;37;36;14;15;40;21;12;0;9;42706977;41587853;26847330;5901985;42630908;28947349;6174295;0;103955
FR;1;2023-04-18;36;37;13;7;32;17;11;0;23;42707013;41587890;26847343;5901992;42630940;28947366;6174306;0;103978
FR;1;2023-04-19;36;57;10;5;57;11;7;0;13;42707049;41587947;26847353;5901997;42630997;28947377;6174313;0;103991
FR;1;2023-04-20;27;35;28;14;36;28;15;0;14;42707076;41587982;26847381;5902011;42631033;28947405;6174328;0;104005
FR;1;2023-04-21;45;54;13;11;50;19;11;0;17;42707121;41588036;26847394;5902022;42631083;28947424;6174339;0;104022
FR;1;2023-04-22;18;20;9;4;17;14;4;0;4;42707139;41588056;26847403;5902026;42631100;28947438;6174343;0;104026
FR;1;2023-04-23;0;1;2;1;1;2;1;0;0;42707139;41588057;26847405;5902027;42631101;28947440;6174344;0;104026
FR;1;2023-04-24;57;38;27;4;36;31;5;0;8;42707196;41588095;26847432;5902031;42631137;28947471;6174349;0;104034
FR;1;2023-04-25;29;32;22;15;28;23;19;0;15;42707225;41588127;26847454;5902046;42631165;28947494;6174368;0;104049
FR;1;2023-04-26;31;24;6;6;24;11;7;0;7;42707256;41588151;26847460;5902052;42631189;28947505;6174375;0;104056
FR;1;2023-04-27;32;30;17;23;30;17;27;0;9;42707288;41588181;26847477;5902075;42631219;28947522;6174402;0;104065
FR;1;2023-04-28;68;48;16;9;41;22;15;0;8;42707356;41588229;26847493;5902084;42631260;28947544;6174417;0;104073
FR;1;2023-04-29;19;16;11;2;15;9;6;0;0;42707375;41588245;26847504;5902086;42631275;28947553;6174423;0;104073
FR;1;2023-04-30;6;0;0;1;0;0;1;0;0;42707381;41588245;26847504;5902087;42631275;28947553;6174424;0;104073
FR;2;2020-12-27;0;0;0;0;0;0;0;0;0;0;0;0;0;0;0;0;0;0
FR;2;2020-12-28;0;0;0;0;0;0;0;0;0;0;0;0;0;0;0;0;0;0
FR;2;2020-12-29;0;0;0;0;0;0;0;0;0;0;0;0;0;0;0;0;0;0
FR;2;2020-12-30;0;0;0;0;0;0;0;0;0;0;0;0;0;0;0;0;0;0
FR;2;2020-12-31;0;0;0;0;0;0;0;0;0;0;0;0;0;0;0;0;0;0
FR;2;2021-01-01;0;0;0;0;0;0;0;0;0;0;0;0;0;0;0;0;0;0
FR;2;2021-01-02;0;0;0;0;0;0;0;0;0;0;0;0;0;0;0;0;0;0
FR;2;2021-01-03;0;0;0;0;0;0;0;0;0;0;0;0;0;0;0;0;0;0
FR;2;2021-01-04;0;0;0;0;0;0;0;0;0;0;0;0;0;0;0;0;0;0
FR;2;2021-01-05;0;0;0;0;0;0;0;0;0;0;0;0;0;0;0;0;0;0
FR;2;2021-01-06;0;0;0;0;0;0;0;0;0;0;0;0;0;0;0;0;0;0
FR;2;2021-01-07;0;0;0;0;0;0;0;0;0;0;0;0;0;0;0;0;0;0
FR;2;2021-01-08;0;0;0;0;0;0;0;0;0;0;0;0;0;0;0;0;0;0
FR;2;2021-01-09;0;0;0;0;0;0;0;0;0;0;0;0;0;0;0;0;0;0
FR;2;2021-01-10;0;0;0;0;0;0;0;0;0;0;0;0;0;0;0;0;0;0
FR;2;2021-01-11;0;0;0;0;0;0;0;0;0;0;0;0;0;0;0;0;0;0
FR;2;2021-01-12;0;0;0;0;0;0;0;0;0;0;0;0;0;0;0;0;0;0
FR;2;2021-01-13;0;0;0;0;0;0;0;0;0;0;0;0;0;0;0;0;0;0
FR;2;2021-01-14;1636;0;0;0;213;0;0;0;0;1636;0;0;0;213;0;0;0;0
FR;2;2021-01-15;398;0;0;0;28;0;0;0;0;2034;0;0;0;241;0;0;0;0
FR;2;2021-01-16;316;0;0;0;12;0;0;0;0;2350;0;0;0;253;0;0;0;0
FR;2;2021-01-17;84;0;0;0;7;0;0;0;0;2434;0;0;0;260;0;0;0;0
FR;2;2021-01-18;3075;3;0;0;27;0;0;0;0;5509;3;0;0;287;0;0;0;0
FR;2;2021-01-19;4681;2;0;0;31;0;0;0;0;10190;5;0;0;318;0;0;0;0
FR;2;2021-01-20;5138;6;0;0;58;0;0;0;0;15328;11;0;0;376;0;0;0;0
FR;2;2021-01-21;5345;9;0;0;55;0;0;0;0;20673;20;0;0;431;0;0;0;0
FR;2;2021-01-22;5119;19;0;0;70;0;0;0;0;25792;39;0;0;501;0;0;0;0
FR;2;2021-01-23;1875;2;0;0;16;0;0;0;0;27667;41;0;0;517;0;0;0;0
FR;2;2021-01-24;163;2;0;0;8;0;0;0;0;27830;43;0;0;525;0;0;0;0
FR;2;2021-01-25;3814;4;0;0;37;0;0;0;0;31644;47;0;0;562;0;0;0;0
FR;2;2021-01-26;3930;6;0;0;42;0;0;0;0;35574;53;0;0;604;0;0;0;0
FR;2;2021-01-27;3606;4;0;0;36;0;0;0;0;39180;57;0;0;640;0;0;0;0
FR;2;2021-01-28;3757;9;0;0;44;0;0;0;0;42937;66;0;0;684;0;0;0;0
FR;2;2021-01-29;3300;6;0;0;42;0;0;0;0;46237;72;0;0;726;0;0;0;0
FR;2;2021-01-30;1133;3;0;0;16;0;0;0;0;47370;75;0;0;742;0;0;0;0
FR;2;2021-01-31;46;2;0;0;9;0;0;0;0;47416;77;0;0;751;0;0;0;0
FR;2;2021-02-01;3408;13;0;0;44;0;0;0;0;50824;90;0;0;795;0;0;0;0
FR;2;2021-02-02;4498;19;0;0;53;0;0;0;0;55322;109;0;0;848;0;0;0;0
FR;2;2021-02-03;5223;12;0;0;83;0;0;0;0;60545;121;0;0;931;0;0;0;0
FR;2;2021-02-04;4941;11;0;0;36;0;0;0;0;65486;132;0;0;967;0;0;0;0
FR;2;2021-02-05;4817;17;0;0;50;0;0;0;0;70303;149;0;0;1017;0;0;0;0
FR;2;2021-02-06;2047;15;0;0;41;0;0;0;0;72350;164;0;0;1058;0;0;0;0
FR;2;2021-02-07;103;6;0;0;20;0;0;0;0;72453;170;0;0;1078;0;0;0;0
FR;2;2021-02-08;7559;27;0;0;86;0;0;0;0;80012;197;0;0;1164;0;0;0;0
FR;2;2021-02-09;8435;31;0;0;100;0;0;0;0;88447;228;0;0;1264;0;0;0;0
FR;2;2021-02-10;9349;63;0;0;183;0;0;0;0;97796;291;0;0;1447;0;0;0;0
FR;2;2021-02-11;10292;132;0;0;256;0;0;0;0;108088;423;0;0;1703;0;0;0;0
FR;2;2021-02-12;10059;276;0;0;430;0;0;0;0;118147;699;0;0;2133;0;0;0;0
FR;2;2021-02-13;3121;223;0;0;261;0;0;0;0;121268;922;0;0;2394;0;0;0;0
FR;2;2021-02-14;358;11;0;0;21;0;0;0;0;121626;933;0;0;2415;0;0;0;0
FR;2;2021-02-15;3460;3129;0;0;3176;0;0;0;0;125086;4062;0;0;5591;0;0;0;0
FR;2;2021-02-16;5076;4164;0;0;4237;0;0;0;0;130162;8226;0;0;9828;0;0;0;0
FR;2;2021-02-17;4259;4554;0;0;4631;0;0;0;0;134421;12780;0;0;14459;0;0;0;0
FR;2;2021-02-18;5406;5179;0;0;5249;0;0;0;0;139827;17959;0;0;19708;0;0;0;0
FR;2;2021-02-19;5329;4491;0;0;4592;0;0;0;0;145156;22450;0;0;24300;0;0;0;0
FR;2;2021-02-20;1872;1520;0;0;1537;0;0;0;0;147028;23970;0;0;25837;0;0;0;0
FR;2;2021-02-21;244;96;0;0;98;0;0;0;0;147272;24066;0;0;25935;0;0;0;0
FR;2;2021-02-22;3614;3782;0;0;3844;0;0;0;0;150886;27848;0;0;29779;0;0;0;0
FR;2;2021-02-23;4956;3740;0;0;3804;0;0;0;0;155842;31588;0;0;33583;0;0;0;0
FR;2;2021-02-24;5017;3558;0;0;3611;0;0;0;0;160859;35146;0;0;37194;0;0;0;0
FR;2;2021-02-25;5501;3495;0;0;3585;0;0;0;0;166360;38641;0;0;40779;0;0;0;0
FR;2;2021-02-26;4368;3179;0;0;3253;0;0;0;0;170728;41820;0;0;44032;0;0;0;0
FR;2;2021-02-27;1629;1067;0;0;1086;0;0;0;0;172357;42887;0;0;45118;0;0;0;0
FR;2;2021-02-28;179;17;0;0;28;0;0;0;0;172536;42904;0;0;45146;0;0;0;0
FR;2;2021-03-01;5193;3763;0;0;3852;0;0;0;0;177729;46667;0;0;48998;0;0;0;0
FR;2;2021-03-02;6542;4728;0;0;4829;0;0;0;0;184271;51395;0;0;53827;0;0;0;0
FR;2;2021-03-03;6544;4955;0;0;5096;0;0;0;0;190815;56350;0;0;58923;0;0;0;0
FR;2;2021-03-04;8412;4210;0;0;4396;0;0;0;0;199227;60560;0;0;63319;0;0;0;0
FR;2;2021-03-05;8037;4054;0;0;4237;0;0;0;0;207264;64614;0;0;67556;0;0;0;0
FR;2;2021-03-06;4791;1683;0;0;1783;0;0;0;0;212055;66297;0;0;69339;0;0;0;0
FR;2;2021-03-07;2373;32;0;0;76;0;0;0;0;214428;66329;0;0;69415;0;0;0;0
FR;2;2021-03-08;4166;8392;0;0;8549;0;0;0;0;218594;74721;0;0;77964;0;0;0;0
FR;2;2021-03-09;7494;8610;1;0;8868;0;0;0;0;226088;83331;1;0;86832;0;0;0;0
FR;2;2021-03-10;7108;9246;0;0;9473;0;0;0;0;233196;92577;1;0;96305;0;0;0;0
FR;2;2021-03-11;9379;9365;1;0;9685;0;0;0;0;242575;101942;2;0;105990;0;0;0;0
FR;2;2021-03-12;7988;8367;0;0;8669;0;0;0;0;250563;110309;2;0;114659;0;0;0;0
FR;2;2021-03-13;10058;2593;0;0;2914;0;0;0;0;260621;112902;2;0;117573;0;0;0;0
FR;2;2021-03-14;4841;380;0;0;539;0;0;0;0;265462;113282;2;0;118112;0;0;0;0
FR;2;2021-03-15;10919;3476;0;0;3765;0;0;0;0;276381;116758;2;0;121877;0;0;0;0
FR;2;2021-03-16;16770;4732;1;0;5282;0;0;0;0;293151;121490;3;0;127159;0;0;0;0
FR;2;2021-03-17;20242;3998;0;0;4672;0;0;0;0;313393;125488;3;0;131831;0;0;0;0
FR;2;2021-03-18;23375;5128;0;0;5957;0;0;0;0;336768;130616;3;0;137788;0;0;0;0
FR;2;2021-03-19;23316;4680;0;0;5443;0;0;0;0;360084;135296;3;0;143231;0;0;0;0
FR;2;2021-03-20;25452;1588;0;0;2345;0;0;0;0;385536;136884;3;0;145576;0;0;0;0
FR;2;2021-03-21;17675;153;0;0;731;0;0;0;0;403211;137037;3;0;146307;0;0;0;0
FR;2;2021-03-22;17791;3261;0;0;3930;0;0;0;0;421002;140298;3;0;150237;0;0;0;0
FR;2;2021-03-23;22707;4288;0;0;5142;0;0;0;0;443709;144586;3;0;155379;0;0;0;0
FR;2;2021-03-24;23966;5091;0;0;5928;0;0;0;0;467675;149677;3;0;161307;0;0;0;0
FR;2;2021-03-25;26762;5257;1;0;6454;0;0;0;0;494437;154934;4;0;167761;0;0;0;0
FR;2;2021-03-26;26992;4236;0;0;5382;0;0;0;0;521429;159170;4;0;173143;0;0;0;0
FR;2;2021-03-27;15923;1369;0;0;1899;0;0;0;0;537352;160539;4;0;175042;0;0;0;0
FR;2;2021-03-28;10563;136;0;0;428;0;0;0;0;547915;160675;4;0;175470;0;0;0;0
FR;2;2021-03-29;19004;4349;0;0;5049;0;0;0;0;566919;165024;4;0;180519;0;0;0;0
FR;2;2021-03-30;24597;6105;0;0;7045;0;0;0;0;591516;171129;4;0;187564;0;0;0;0
FR;2;2021-03-31;28562;5930;0;0;7222;0;0;0;0;620078;177059;4;0;194786;0;0;0;0
FR;2;2021-04-01;34560;8576;1;0;10269;0;0;0;0;654638;185635;5;0;205055;0;0;0;0
FR;2;2021-04-02;29992;7736;0;0;9164;0;0;0;0;684630;193371;5;0;214219;0;0;0;0
FR;2;2021-04-03;16959;4263;0;0;4945;0;0;0;0;701589;197634;5;0;219164;0;0;0;0
FR;2;2021-04-04;9309;1269;2;0;1677;0;0;0;0;710898;198903;7;0;220841;0;0;0;0
FR;2;2021-04-05;12448;797;0;0;1381;0;0;0;0;723346;199700;7;0;222222;0;0;0;0
FR;2;2021-04-06;27159;7358;0;0;8750;0;0;0;0;750505;207058;7;0;230972;0;0;0;0
FR;2;2021-04-07;30931;7070;1;0;8646;0;0;0;0;781436;214128;8;0;239618;0;0;0;0
FR;2;2021-04-08;36896;8591;1;0;10516;0;0;0;0;818332;222719;9;0;250134;0;0;0;0
FR;2;2021-04-09;33856;8389;28;0;10174;0;0;0;0;852188;231108;37;0;260308;0;0;0;0
FR;2;2021-04-10;19689;9270;1;0;10182;0;0;0;0;871877;240378;38;0;270490;0;0;0;0
FR;2;2021-04-11;7943;4240;1;0;4603;0;0;0;0;879820;244618;39;0;275093;0;0;0;0
FR;2;2021-04-12;17137;11028;0;0;11869;0;0;0;0;896957;255646;39;0;286962;0;0;0;0
FR;2;2021-04-13;19465;16036;1;0;17104;0;0;0;0;916422;271682;40;0;304066;0;0;0;0
FR;2;2021-04-14;18071;16446;7;0;17542;0;0;0;0;934493;288128;47;0;321608;0;0;0;0
FR;2;2021-04-15;22208;21890;27;0;23344;0;0;0;0;956701;310018;74;0;344952;0;0;0;0
FR;2;2021-04-16;20721;20643;45;0;21916;0;0;0;0;977422;330661;119;0;366868;0;0;0;0
FR;2;2021-04-17;13258;22496;5;0;23227;0;0;0;0;990680;353157;124;0;390095;0;0;0;0
FR;2;2021-04-18;5911;14397;6;0;14737;0;0;0;0;996591;367554;130;0;404832;0;0;0;0
FR;2;2021-04-19;16850;16394;24;0;17197;0;0;0;0;1013441;383948;154;0;422029;0;0;0;0
FR;2;2021-04-20;19328;21807;38;0;22868;0;0;0;0;1032769;405755;192;0;444897;0;0;0;0
FR;2;2021-04-21;20294;21901;76;0;23051;0;0;0;0;1053063;427656;268;0;467948;0;0;0;0
FR;2;2021-04-22;23824;24956;41;0;26369;0;0;0;0;1076887;452612;309;0;494317;0;0;0;0
FR;2;2021-04-23;24534;25501;76;0;27013;0;0;0;0;1101421;478113;385;0;521330;0;0;0;0
FR;2;2021-04-24;25305;15068;104;0;16506;0;0;0;0;1126726;493181;489;0;537836;0;0;0;0
FR;2;2021-04-25;9597;8622;5;0;9183;0;0;0;0;1136323;501803;494;0;547019;0;0;0;0
FR;2;2021-04-26;17169;17678;21;0;18564;0;0;0;0;1153492;519481;515;0;565583;0;0;0;0
FR;2;2021-04-27;19246;24100;40;0;25284;0;0;0;0;1172738;543581;555;0;590867;0;0;0;0
FR;2;2021-04-28;22343;26464;113;0;27865;0;0;0;0;1195081;570045;668;0;618732;0;0;0;0
FR;2;2021-04-29;25477;30500;70;0;32190;0;0;0;0;1220558;600545;738;0;650922;0;0;0;0
FR;2;2021-04-30;25541;27977;49;1;29627;0;0;0;0;1246099;628522;787;1;680549;0;0;0;0
FR;2;2021-05-01;14988;9853;6;0;10654;0;0;0;0;1261087;638375;793;1;691203;0;0;0;0
FR;2;2021-05-02;6642;9160;2;0;9506;0;0;0;0;1267729;647535;795;1;700709;0;0;0;0
FR;2;2021-05-03;20026;19127;40;0;20334;0;0;0;0;1287755;666662;835;1;721043;0;0;0;0
FR;2;2021-05-04;18288;29202;33;0;30348;0;0;0;0;1306043;695864;868;1;751391;0;0;0;0
FR;2;2021-05-05;18385;29524;48;0;30822;0;0;0;0;1324428;725388;916;1;782213;0;0;0;0
FR;2;2021-05-06;23553;35413;132;0;36986;0;0;0;0;1347981;760801;1048;1;819199;0;0;0;0
FR;2;2021-05-07;25349;33241;97;0;35100;0;0;0;0;1373330;794042;1145;1;854299;0;0;0;0
FR;2;2021-05-08;21343;10691;15;0;11778;0;0;0;0;1394673;804733;1160;1;866077;0;0;0;0
FR;2;2021-05-09;13170;7615;7;0;8290;0;0;0;0;1407843;812348;1167;1;874367;0;0;0;0
FR;2;2021-05-10;32949;21718;50;0;23575;0;0;0;0;1440792;834066;1217;1;897942;0;0;0;0
FR;2;2021-05-11;43616;20904;101;0;23529;0;0;0;0;1484408;854970;1318;1;921471;0;0;0;0
FR;2;2021-05-12;50070;19638;143;0;22518;0;0;0;0;1534478;874608;1461;1;943989;0;0;0;0
FR;2;2021-05-13;51302;5597;31;0;8465;0;0;0;0;1585780;880205;1492;1;952454;0;0;0;0
FR;2;2021-05-14;61361;12883;132;0;16537;0;0;0;0;1647141;893088;1624;1;968991;0;0;0;0
FR;2;2021-05-15;65938;7100;40;0;10650;0;0;0;0;1713079;900188;1664;1;979641;0;0;0;0
FR;2;2021-05-16;43588;2573;10;0;4944;0;0;0;0;1756667;902761;1674;1;984585;0;0;0;0
FR;2;2021-05-17;44756;12447;114;0;15354;0;0;0;0;1801423;915208;1788;1;999939;0;0;0;0
FR;2;2021-05-18;54650;12289;190;0;15972;0;0;0;0;1856073;927497;1978;1;1015911;0;0;0;0
FR;2;2021-05-19;57180;10459;281;0;14499;0;0;0;0;1913253;937956;2259;1;1030410;0;0;0;0
FR;2;2021-05-20;63452;10803;288;0;14898;0;0;0;0;1976705;948759;2547;1;1045308;0;0;0;0
FR;2;2021-05-21;64306;11601;230;0;16026;0;0;0;0;2041011;960360;2777;1;1061334;0;0;0;0
FR;2;2021-05-22;61488;4529;65;0;8499;0;0;0;0;2102499;964889;2842;1;1069833;0;0;0;0
FR;2;2021-05-23;37536;575;22;0;2912;0;0;0;0;2140035;965464;2864;1;1072745;0;0;0;0
FR;2;2021-05-24;17248;2052;35;0;3259;0;0;0;0;2157283;967516;2899;1;1076004;0;0;0;0
FR;2;2021-05-25;21121;12253;241;0;13854;0;0;0;0;2178404;979769;3140;1;1089858;0;0;0;0
FR;2;2021-05-26;19946;11539;230;0;13068;0;0;0;0;2198350;991308;3370;1;1102926;0;0;0;0
FR;2;2021-05-27;23001;12663;182;0;14400;0;0;0;0;2221351;1003971;3552;1;1117326;0;0;0;0
FR;2;2021-05-28;29398;15044;190;0;17225;0;0;0;0;2250749;1019015;3742;1;1134551;0;0;0;0
FR;2;2021-05-29;30425;8196;58;0;10105;0;0;0;0;2281174;1027211;3800;1;1144656;0;0;0;0
FR;2;2021-05-30;4648;1819;6;0;2154;0;0;0;0;2285822;1029030;3806;1;1146810;0;0;0;0
FR;2;2021-05-31;28590;18741;184;0;20820;0;0;0;0;2314412;1047771;3990;1;1167630;0;0;0;0
FR;2;2021-06-01;45744;19915;225;0;23151;0;0;0;0;2360156;1067686;4215;1;1190781;0;0;0;0
FR;2;2021-06-02;37483;19312;182;0;22318;0;0;0;0;2397639;1086998;4397;1;1213099;0;0;0;0
FR;2;2021-06-03;51284;23118;161;0;26972;0;0;0;0;2448923;1110116;4558;1;1240071;0;0;0;0
FR;2;2021-06-04;65519;24088;217;0;29053;0;0;0;0;2514442;1134204;4775;1;1269124;0;0;0;0
FR;2;2021-06-05;34607;24109;52;0;26964;0;0;0;0;2549049;1158313;4827;1;1296088;0;0;0;0
FR;2;2021-06-06;4958;6194;10;0;6613;0;0;0;0;2554007;1164507;4837;1;1302701;0;0;0;0
FR;2;2021-06-07;28177;23016;150;0;25432;0;0;0;0;2582184;1187523;4987;1;1328133;0;0;0;0
FR;2;2021-06-08;46379;22944;143;0;26910;0;0;0;0;2628563;1210467;5130;1;1355043;0;0;0;0
FR;2;2021-06-09;34297;21000;107;0;24132;0;0;0;0;2662860;1231467;5237;1;1379175;0;0;0;0
FR;2;2021-06-10;42644;19081;96;1;23003;0;0;0;0;2705504;1250548;5333;2;1402178;0;0;0;0
FR;2;2021-06-11;55306;25133;134;0;30232;0;0;0;0;2760810;1275681;5467;2;1432410;0;0;0;0
FR;2;2021-06-12;30567;19800;53;0;22654;0;0;0;0;2791377;1295481;5520;2;1455064;0;0;0;0
FR;2;2021-06-13;3333;9197;13;0;9586;0;0;0;0;2794710;1304678;5533;2;1464650;0;0;0;0
FR;2;2021-06-14;25304;24119;92;0;26699;0;0;0;0;2820014;1328797;5625;2;1491349;0;0;0;0
FR;2;2021-06-15;39049;22819;154;0;26567;0;0;0;0;2859063;1351616;5779;2;1517916;0;0;0;0
FR;2;2021-06-16;30168;21368;135;0;24521;0;0;0;0;2889231;1372984;5914;2;1542437;0;0;0;0
FR;2;2021-06-17;36913;25738;150;0;29600;0;0;0;0;2926144;1398722;6064;2;1572037;0;0;0;0
FR;2;2021-06-18;46860;28891;123;0;33594;0;0;0;0;2973004;1427613;6187;2;1605631;0;0;0;0
FR;2;2021-06-19;24527;24940;39;0;27714;0;0;0;0;2997531;1452553;6226;2;1633345;0;0;0;0
FR;2;2021-06-20;3745;10058;9;0;10557;0;0;0;0;3001276;1462611;6235;2;1643902;0;0;0;0
FR;2;2021-06-21;17538;42861;88;0;44873;0;0;0;0;3018814;1505472;6323;2;1688775;0;0;0;0
FR;2;2021-06-22;28366;49617;110;0;53046;0;0;0;0;3047180;1555089;6433;2;1741821;0;0;0;0
FR;2;2021-06-23;21790;49618;107;1;52467;1;0;0;0;3068970;1604707;6540;3;1794288;1;0;0;0
FR;2;2021-06-24;28380;50317;134;0;54048;0;0;0;0;3097350;1655024;6674;3;1848336;1;0;0;0
FR;2;2021-06-25;33402;60489;129;0;64878;0;0;0;0;3130752;1715513;6803;3;1913214;1;0;0;0
FR;2;2021-06-26;16395;59356;54;1;61748;0;0;0;0;3147147;1774869;6857;4;1974962;1;0;0;0
FR;2;2021-06-27;2566;29316;22;1;29898;0;0;0;0;3149713;1804185;6879;5;2004860;1;0;0;0
FR;2;2021-06-28;12641;54341;84;0;56317;0;0;0;0;3162354;1858526;6963;5;2061177;1;0;0;0
FR;2;2021-06-29;19857;59999;178;0;62941;0;0;0;0;3182211;1918525;7141;5;2124118;1;0;0;0
FR;2;2021-06-30;16337;58039;253;17;60723;0;0;0;0;3198548;1976564;7394;22;2184841;1;0;0;0
FR;2;2021-07-01;20497;59874;228;0;63201;0;0;0;0;3219045;2036438;7622;22;2248042;1;0;0;0
FR;2;2021-07-02;24083;62160;184;0;66374;0;0;0;0;3243128;2098598;7806;22;2314416;1;0;0;0
FR;2;2021-07-03;12123;57146;153;0;59485;0;0;0;0;3255251;2155744;7959;22;2373901;1;0;0;0
FR;2;2021-07-04;1961;23303;18;0;23870;0;0;0;0;3257212;2179047;7977;22;2397771;1;0;0;0
FR;2;2021-07-05;9179;29257;106;0;30893;0;0;0;0;3266391;2208304;8083;22;2428664;1;0;0;0
FR;2;2021-07-06;14584;36279;135;0;38958;0;0;0;0;3280975;2244583;8218;22;2467622;1;0;0;0
FR;2;2021-07-07;14421;33663;140;0;36417;0;0;0;0;3295396;2278246;8358;22;2504039;1;0;0;0
FR;2;2021-07-08;19723;40324;162;0;43981;0;0;0;0;3315119;2318570;8520;22;2548020;1;0;0;0
FR;2;2021-07-09;27105;54334;202;1;59484;0;0;0;0;3342224;2372904;8722;23;2607504;1;0;0;0
FR;2;2021-07-10;13389;33708;107;0;36392;0;0;0;0;3355613;2406612;8829;23;2643896;1;0;0;0
FR;2;2021-07-11;1811;4344;16;0;4771;0;0;0;0;3357424;2410956;8845;23;2648667;1;0;0;0
FR;2;2021-07-12;12971;37264;119;0;39919;0;0;0;0;3370395;2448220;8964;23;2688586;1;0;0;0
FR;2;2021-07-13;37120;53147;152;0;60281;0;0;0;0;3407515;2501367;9116;23;2748867;1;0;0;0
FR;2;2021-07-14;6628;3540;15;0;4887;0;0;0;0;3414143;2504907;9131;23;2753754;1;0;0;0
FR;2;2021-07-15;47244;47014;156;0;55210;0;0;0;0;3461387;2551921;9287;23;2808964;1;0;0;0
FR;2;2021-07-16;64320;55755;188;0;66738;0;0;0;0;3525707;2607676;9475;23;2875702;1;0;0;0
FR;2;2021-07-17;31603;23918;96;0;29375;0;0;0;0;3557310;2631594;9571;23;2905077;1;0;0;0
FR;2;2021-07-18;6090;4807;19;0;5952;0;0;0;0;3563400;2636401;9590;23;2911029;1;0;0;0
FR;2;2021-07-19;33007;28599;94;0;34211;0;0;0;0;3596407;2665000;9684;23;2945240;1;0;0;0
FR;2;2021-07-20;51999;44525;155;0;53160;0;0;0;0;3648406;2709525;9839;23;2998400;1;0;0;0
FR;2;2021-07-21;45257;34626;93;0;42130;0;0;0;0;3693663;2744151;9932;23;3040530;1;0;0;0
FR;2;2021-07-22;56280;41081;128;1;50354;0;0;0;0;3749943;2785232;10060;24;3090884;1;0;0;0
FR;2;2021-07-23;68304;48967;170;0;60257;0;0;0;0;3818247;2834199;10230;24;3151141;1;0;0;0
FR;2;2021-07-24;36178;21613;82;0;27471;0;0;0;0;3854425;2855812;10312;24;3178612;1;0;0;0
FR;2;2021-07-25;6751;2608;10;0;3866;0;0;0;0;3861176;2858420;10322;24;3182478;1;0;0;0
FR;2;2021-07-26;36320;22337;91;1;27840;0;0;0;0;3897496;2880757;10413;25;3210318;1;0;0;0
FR;2;2021-07-27;62392;34563;180;0;43710;0;0;0;0;3959888;2915320;10593;25;3254028;1;0;0;0
FR;2;2021-07-28;55326;26425;132;0;34511;0;0;0;0;4015214;2941745;10725;25;3288539;1;0;0;0
FR;2;2021-07-29;68481;32797;189;0;42480;0;0;0;0;4083695;2974542;10914;25;3331019;1;0;0;0
FR;2;2021-07-30;74468;37816;222;1;48606;0;0;0;0;4158163;3012358;11136;26;3379625;1;0;0;0
FR;2;2021-07-31;34778;16207;105;0;21406;0;0;0;0;4192941;3028565;11241;26;3401031;1;0;0;0
FR;2;2021-08-01;5416;2260;19;0;3123;0;0;0;0;4198357;3030825;11260;26;3404154;1;0;0;0
FR;2;2021-08-02;35896;16151;101;0;21054;0;0;0;0;4234253;3046976;11361;26;3425208;1;0;0;0
FR;2;2021-08-03;55988;28259;143;0;35462;0;0;0;0;4290241;3075235;11504;26;3460670;1;0;0;0
FR;2;2021-08-04;46639;20828;128;1;26936;0;0;0;0;4336880;3096063;11632;27;3487606;1;0;0;0
FR;2;2021-08-05;54641;31562;215;0;38738;0;0;0;0;4391521;3127625;11847;27;3526344;1;0;0;0
FR;2;2021-08-06;58098;42397;242;1;50225;0;0;0;0;4449619;3170022;12089;28;3576569;1;0;0;0
FR;2;2021-08-07;25152;17628;89;0;21318;0;0;0;0;4474771;3187650;12178;28;3597887;1;0;0;0
FR;2;2021-08-08;3840;3653;21;0;4311;0;0;0;0;4478611;3191303;12199;28;3602198;1;0;0;0
FR;2;2021-08-09;29308;21023;92;0;24849;0;0;0;0;4507919;3212326;12291;28;3627047;1;0;0;0
FR;2;2021-08-10;45014;33465;155;0;39226;0;0;0;0;4552933;3245791;12446;28;3666273;1;0;0;0
FR;2;2021-08-11;35277;25143;151;0;29742;0;0;0;0;4588210;3270934;12597;28;3696015;1;0;0;0
FR;2;2021-08-12;41905;35692;163;0;41229;0;0;0;0;4630115;3306626;12760;28;3737244;1;0;0;0
FR;2;2021-08-13;42608;37350;218;0;43037;0;0;0;0;4672723;3343976;12978;28;3780281;1;0;0;0
FR;2;2021-08-14;18524;22132;94;0;24763;0;0;0;0;4691247;3366108;13072;28;3805044;1;0;0;0
FR;2;2021-08-15;3865;3795;17;0;4381;0;0;0;0;4695112;3369903;13089;28;3809425;1;0;0;0
FR;2;2021-08-16;25094;27124;111;0;30446;0;0;0;0;4720206;3397027;13200;28;3839871;1;0;0;0
FR;2;2021-08-17;38270;43398;207;2;48382;0;0;0;0;4758476;3440425;13407;30;3888253;1;0;0;0
FR;2;2021-08-18;32254;36353;195;1;40695;0;0;0;0;4790730;3476778;13602;31;3928948;1;0;0;0
FR;2;2021-08-19;37435;46574;224;0;51777;0;0;0;0;4828165;3523352;13826;31;3980725;1;0;0;0
FR;2;2021-08-20;40569;55649;271;1;61576;0;0;0;0;4868734;3579001;14097;32;4042301;1;0;0;0
FR;2;2021-08-21;18121;24321;117;0;27113;0;0;0;0;4886855;3603322;14214;32;4069414;1;0;0;0
FR;2;2021-08-22;2909;4320;22;1;4852;1;0;0;0;4889764;3607642;14236;33;4074266;2;0;0;0
FR;2;2021-08-23;19250;35148;131;1;38037;0;0;0;0;4909014;3642790;14367;34;4112303;2;0;0;0
FR;2;2021-08-24;31952;56037;236;0;60694;0;0;0;0;4940966;3698827;14603;34;4172997;2;0;0;0
FR;2;2021-08-25;25934;43456;251;0;47406;0;0;0;0;4966900;3742283;14854;34;4220403;2;0;0;0
FR;2;2021-08-26;32362;55845;388;0;60584;0;0;0;0;4999262;3798128;15242;34;4280987;2;0;0;0
FR;2;2021-08-27;37004;65679;477;2;71404;0;0;0;0;5036266;3863807;15719;36;4352391;2;0;0;0
FR;2;2021-08-28;17819;28556;300;0;31616;0;0;0;0;5054085;3892363;16019;36;4384007;2;0;0;0
FR;2;2021-08-29;2656;5012;47;0;5623;0;0;0;0;5056741;3897375;16066;36;4389630;2;0;0;0
FR;2;2021-08-30;18418;37727;399;0;40146;756;0;0;0;5075159;3935102;16465;36;4429776;758;0;0;0
FR;2;2021-08-31;28077;57518;887;4;60949;1558;0;0;0;5103236;3992620;17352;40;4490725;2316;0;0;0
FR;2;2021-09-01;21595;39876;1309;0;42256;2129;0;0;0;5124831;4032496;18661;40;4532981;4445;0;0;0
FR;2;2021-09-02;25486;48668;1963;2;50943;3369;0;0;0;5150317;4081164;20624;42;4583924;7814;0;0;0
FR;2;2021-09-03;33414;64574;2988;3;67537;4886;1;0;0;5183731;4145738;23612;45;4651461;12700;1;0;0
FR;2;2021-09-04;16833;27766;1443;1;29557;2386;0;0;0;5200564;4173504;25055;46;4681018;15086;1;0;0
FR;2;2021-09-05;2265;3585;266;0;3941;412;0;0;0;5202829;4177089;25321;46;4684959;15498;1;0;0
FR;2;2021-09-06;14045;28694;1771;1;29759;2945;0;0;0;5216874;4205783;27092;47;4714718;18443;1;0;0
FR;2;2021-09-07;21111;41110;3022;13;42263;4945;0;0;0;5237985;4246893;30114;60;4756981;23388;1;0;0
FR;2;2021-09-08;17248;31921;2735;6;32738;4498;0;0;0;5255233;4278814;32849;66;4789719;27886;1;0;0
FR;2;2021-09-09;20982;40485;4437;3;41229;6842;0;0;0;5276215;4319299;37286;69;4830948;34728;1;0;0
FR;2;2021-09-10;28203;51315;5286;4;51884;8979;1;0;0;5304418;4370614;42572;73;4882832;43707;2;0;0
FR;2;2021-09-11;13655;22460;2405;5;23132;3990;0;0;0;5318073;4393074;44977;78;4905964;47697;2;0;0
FR;2;2021-09-12;1824;2770;292;0;2965;509;0;0;0;5319897;4395844;45269;78;4908929;48206;2;0;0
FR;2;2021-09-13;11659;21441;2474;4;21701;4052;0;0;0;5331556;4417285;47743;82;4930630;52258;2;0;0
FR;2;2021-09-14;18578;32720;5092;13;31678;9055;2;0;0;5350134;4450005;52835;95;4962308;61313;4;0;0
FR;2;2021-09-15;14917;28226;5168;3;26926;7748;9;0;0;5365051;4478231;58003;98;4989234;69061;13;0;0
FR;2;2021-09-16;16079;32798;6737;12;30179;10541;4;0;0;5381130;4511029;64740;110;5019413;79602;17;0;0
FR;2;2021-09-17;20916;47179;8782;10;42825;14631;6;0;0;5402046;4558208;73522;120;5062238;94233;23;0;0
FR;2;2021-09-18;9857;20960;3804;6;19596;6034;1;0;0;5411903;4579168;77326;126;5081834;100267;24;0;0
FR;2;2021-09-19;1166;2590;396;0;2533;631;0;0;0;5413069;4581758;77722;126;5084367;100898;24;0;0
FR;2;2021-09-20;7503;18702;3856;7;17025;6135;4;0;0;5420572;4600460;81578;133;5101392;107033;28;0;0
FR;2;2021-09-21;11215;29983;6495;5;26536;10744;3;0;0;5431787;4630443;88073;138;5127928;117777;31;0;0
FR;2;2021-09-22;9415;23546;5490;6;21194;8526;8;0;0;5441202;4653989;93563;144;5149122;126303;39;0;0
FR;2;2021-09-23;10730;28903;7881;10;24731;12646;10;0;0;5451932;4682892;101444;154;5173853;138949;49;0;0
FR;2;2021-09-24;15075;42945;10878;18;37280;17245;21;0;0;5467007;4725837;112322;172;5211133;156194;70;0;0
FR;2;2021-09-25;7258;18798;3965;9;17152;6120;3;0;0;5474265;4744635;116287;181;5228285;162314;73;0;0
FR;2;2021-09-26;1080;2544;495;0;2490;630;1;0;0;5475345;4747179;116782;181;5230775;162944;74;0;0
FR;2;2021-09-27;6311;16400;4287;8;14792;6533;2;0;0;5481656;4763579;121069;189;5245567;169477;76;0;0
FR;2;2021-09-28;9243;25573;7770;14;21720;12089;7;0;0;5490899;4789152;128839;203;5267287;181566;83;0;0
FR;2;2021-09-29;8081;20198;6067;25;17605;9259;8;0;0;5498980;4809350;134906;228;5284892;190825;91;0;0
FR;2;2021-09-30;9865;25838;9509;16;21639;14099;6;0;0;5508845;4835188;144415;244;5306531;204924;97;0;0
FR;2;2021-10-01;13979;35735;12921;25;30045;19328;9;0;0;5522824;4870923;157336;269;5336576;224252;106;0;0
FR;2;2021-10-02;6874;15933;4850;7;14226;7047;6;0;0;5529698;4886856;162186;276;5350802;231299;112;0;0
FR;2;2021-10-03;841;1909;492;1;1840;502;0;0;0;5530539;4888765;162678;277;5352642;231801;112;0;0
FR;2;2021-10-04;5826;13901;5516;5;12137;7854;6;0;0;5536365;4902666;168194;282;5364779;239655;118;0;0
FR;2;2021-10-05;9058;22571;11125;19;18531;15741;1;0;0;5545423;4925237;179319;301;5383310;255396;119;0;0
FR;2;2021-10-06;7785;17748;8243;11;15274;11091;4;0;0;5553208;4942985;187562;312;5398584;266487;123;0;0
FR;2;2021-10-07;9204;22213;12386;14;18006;16878;6;0;0;5562412;4965198;199948;326;5416590;283365;129;0;0
FR;2;2021-10-08;13432;32144;17349;28;26518;23609;11;0;0;5575844;4997342;217297;354;5443108;306974;140;0;0
FR;2;2021-10-09;6000;12847;6044;6;11381;7897;7;0;0;5581844;5010189;223341;360;5454489;314871;147;0;0
FR;2;2021-10-10;885;1592;436;2;1535;604;1;0;0;5582729;5011781;223777;362;5456024;315475;148;0;0
FR;2;2021-10-11;5607;11543;6455;17;9932;8828;3;0;0;5588336;5023324;230232;379;5465956;324303;151;0;0
FR;2;2021-10-12;8031;17790;12551;13;13922;16790;9;0;0;5596367;5041114;242783;392;5479878;341093;160;0;0
FR;2;2021-10-13;6947;14870;10256;12;11811;13663;7;0;0;5603314;5055984;253039;404;5491689;354756;167;0;0
FR;2;2021-10-14;8314;17941;14996;13;13558;19478;10;0;0;5611628;5073925;268035;417;5505247;374234;177;0;0
FR;2;2021-10-15;11856;26309;20902;26;19412;27981;4;0;0;5623484;5100234;288937;443;5524659;402215;181;0;0
FR;2;2021-10-16;5141;8728;1819;0;8172;3205;2;0;0;5628625;5108962;290756;443;5532831;405420;183;0;0
FR;2;2021-10-17;654;1150;185;0;1083;354;1;0;0;5629279;5110112;290941;443;5533914;405774;184;0;0
FR;2;2021-10-18;4564;7337;665;2;7243;1630;0;0;0;5633843;5117449;291606;445;5541157;407404;184;0;0
FR;2;2021-10-19;6239;9849;732;5;9656;2030;5;0;0;5640082;5127298;292338;450;5550813;409434;189;0;0
FR;2;2021-10-20;5170;8051;759;3;8173;1675;0;0;0;5645252;5135349;293097;453;5558986;411109;189;0;0
FR;2;2021-10-21;6090;9984;780;5;9841;2105;1;0;0;5651342;5145333;293877;458;5568827;413214;190;0;0
FR;2;2021-10-22;8452;14601;1151;4;14477;2891;2;0;0;5659794;5159934;295028;462;5583304;416105;192;0;0
FR;2;2021-10-23;3845;5994;587;0;6127;1235;3;0;0;5663639;5165928;295615;462;5589431;417340;195;0;0
FR;2;2021-10-24;494;882;101;0;900;204;0;0;0;5664133;5166810;295716;462;5590331;417544;195;0;0
FR;2;2021-10-25;3360;5342;307;1;5518;825;2;0;0;5667493;5172152;296023;463;5595849;418369;197;0;0
FR;2;2021-10-26;4177;7236;1134;4;7125;2023;5;0;0;5671670;5179388;297157;467;5602974;420392;202;0;0
FR;2;2021-10-27;3677;6586;1194;5;6448;1989;1;0;0;5675347;5185974;298351;472;5609422;422381;203;0;0
FR;2;2021-10-28;4597;7687;1737;3;7415;2746;1;0;0;5679944;5193661;300088;475;5616837;425127;204;0;0
FR;2;2021-10-29;5414;11082;2438;4;10692;3684;3;0;0;5685358;5204743;302526;479;5627529;428811;207;0;0
FR;2;2021-10-30;2749;4457;976;1;4452;1448;2;0;0;5688107;5209200;303502;480;5631981;430259;209;0;0
FR;2;2021-10-31;364;535;140;1;544;191;1;0;0;5688471;5209735;303642;481;5632525;430450;210;0;0
FR;2;2021-11-01;430;546;181;0;563;267;1;0;0;5688901;5210281;303823;481;5633088;430717;211;0;0
FR;2;2021-11-02;3294;6759;1184;0;6799;1771;5;0;0;5692195;5217040;305007;481;5639887;432488;216;0;0
FR;2;2021-11-03;3340;6226;1389;2;6311;1970;2;0;0;5695535;5223266;306396;483;5646198;434458;218;0;0
FR;2;2021-11-04;3987;7069;1769;4;7109;2495;3;0;0;5699522;5230335;308165;487;5653307;436953;221;0;0
FR;2;2021-11-05;5235;10502;2869;5;10215;3957;6;0;0;5704757;5240837;311034;492;5663522;440910;227;0;0
FR;2;2021-11-06;2597;4684;1407;0;4641;1824;2;0;0;5707354;5245521;312441;492;5668163;442734;229;0;0
FR;2;2021-11-07;506;862;221;0;869;291;2;0;0;5707860;5246383;312662;492;5669032;443025;231;0;0
FR;2;2021-11-08;2578;5348;1207;3;5268;1678;3;0;0;5710438;5251731;313869;495;5674300;444703;234;0;0
FR;2;2021-11-09;2749;6908;2402;5;6442;3182;2;0;0;5713187;5258639;316271;500;5680742;447885;236;0;0
FR;2;2021-11-10;2590;5668;5118;6;4761;6294;7;0;0;5715777;5264307;321389;506;5685503;454179;243;0;0
FR;2;2021-11-11;446;754;755;2;647;938;3;0;0;5716223;5265061;322144;508;5686150;455117;246;0;0
FR;2;2021-11-12;2953;8088;8982;8;6196;10933;9;0;0;5719176;5273149;331126;516;5692346;466050;255;0;0
FR;2;2021-11-13;1539;3373;3872;7;2721;4538;4;0;0;5720715;5276522;334998;523;5695067;470588;259;0;0
FR;2;2021-11-14;258;585;351;1;486;480;3;0;0;5720973;5277107;335349;524;5695553;471068;262;0;0
FR;2;2021-11-15;1621;3655;4449;8;2909;5329;16;0;0;5722594;5280762;339798;532;5698462;476397;278;0;0
FR;2;2021-11-16;2185;5875;8314;14;4152;10083;16;0;0;5724779;5286637;348112;546;5702614;486480;294;0;0
FR;2;2021-11-17;1740;4523;6634;8;3168;7852;5;0;0;5726519;5291160;354746;554;5705782;494332;299;0;0
FR;2;2021-11-18;2192;5920;9188;10;4018;11018;8;0;0;5728711;5297080;363934;564;5709800;505350;307;0;0
FR;2;2021-11-19;2701;7752;12981;19;4832;15480;12;0;0;5731412;5304832;376915;583;5714632;520830;319;0;0
FR;2;2021-11-20;1566;3333;5185;5;2351;6098;3;0;0;5732978;5308165;382100;588;5716983;526928;322;0;0
FR;2;2021-11-21;251;504;543;0;393;656;3;0;0;5733229;5308669;382643;588;5717376;527584;325;0;0
FR;2;2021-11-22;1278;2570;4485;5;1673;5397;9;0;0;5734507;5311239;387128;593;5719049;532981;334;0;0
FR;2;2021-11-23;1617;4277;8207;9;2536;9923;6;0;0;5736124;5315516;395335;602;5721585;542904;340;0;0
FR;2;2021-11-24;1421;3747;7486;14;2246;8736;9;0;0;5737545;5319263;402821;616;5723831;551640;349;0;0
FR;2;2021-11-25;1814;4863;11474;21;2682;13668;6;0;0;5739359;5324126;414295;637;5726513;565308;355;0;0
FR;2;2021-11-26;2541;7735;22676;31;3812;26091;14;0;0;5741900;5331861;436971;668;5730325;591399;369;0;0
FR;2;2021-11-27;1498;4144;12278;19;2127;14042;13;0;0;5743398;5336005;449249;687;5732452;605441;382;0;0
FR;2;2021-11-28;292;836;1976;3;478;2303;5;0;0;5743690;5336841;451225;690;5732930;607744;387;0;0
FR;2;2021-11-29;1449;4349;15099;23;2010;17269;25;0;0;5745139;5341190;466324;713;5734940;625013;412;0;0
FR;2;2021-11-30;1913;6658;26251;36;2640;30013;22;0;0;5747052;5347848;492575;749;5737580;655026;434;0;0
FR;2;2021-12-01;1918;6006;26210;31;2477;29518;20;0;0;5748970;5353854;518785;780;5740057;684544;454;0;0
FR;2;2021-12-02;1916;6780;37736;52;2112;41995;32;0;0;5750886;5360634;556521;832;5742169;726539;486;0;0
FR;2;2021-12-03;2558;10069;53644;111;3592;59391;31;0;0;5753444;5370703;610165;943;5745761;785930;517;0;0
FR;2;2021-12-04;1850;6275;37132;38;2185;40820;16;0;0;5755294;5376978;647297;981;5747946;826750;533;0;0
FR;2;2021-12-05;458;2242;14265;14;533;15990;7;0;0;5755752;5379220;661562;995;5748479;842740;540;0;0
FR;2;2021-12-06;2486;9848;77735;109;2701;84785;25;0;0;5758238;5389068;739297;1104;5751180;927525;565;0;0
FR;2;2021-12-07;3458;15288;122473;238;3742;133795;40;0;0;5761696;5404356;861770;1342;5754922;1061320;605;0;0
FR;2;2021-12-08;3725;15969;133225;330;3847;145413;54;0;0;5765421;5420325;994995;1672;5758769;1206733;659;0;0
FR;2;2021-12-09;4547;19624;170241;554;4165;185638;61;0;0;5769968;5439949;1165236;2226;5762934;1392371;720;0;0
FR;2;2021-12-10;4676;22804;188699;490;5011;206188;69;0;0;5774644;5462753;1353935;2716;5767945;1598559;789;0;0
FR;2;2021-12-11;3687;16621;132469;239;3663;144937;60;0;0;5778331;5479374;1486404;2955;5771608;1743496;849;0;0
FR;2;2021-12-12;1256;7119;59116;83;1016;65169;12;0;0;5779587;5486493;1545520;3038;5772624;1808665;861;0;0
FR;2;2021-12-13;5529;26811;220733;605;5223;243029;159;0;0;5785116;5513304;1766253;3643;5777847;2051694;1020;0;0
FR;2;2021-12-14;7019;37458;300806;909;6136;332278;190;0;0;5792135;5550762;2067059;4552;5783983;2383972;1210;0;0
FR;2;2021-12-15;6555;36216;285264;958;5866;315903;186;0;0;5798690;5586978;2352323;5510;5789849;2699875;1396;0;0
FR;2;2021-12-16;7765;37923;312178;982;6565;343820;186;0;0;5806455;5624901;2664501;6492;5796414;3043695;1582;0;0
FR;2;2021-12-17;8681;41188;327910;976;8020;360987;232;0;0;5815136;5666089;2992411;7468;5804434;3404682;1814;0;0
FR;2;2021-12-18;6515;26527;212374;448;4904;233673;120;0;0;5821651;5692616;3204785;7916;5809338;3638355;1934;0;0
FR;2;2021-12-19;2603;11403;90226;182;1655;100356;26;0;0;5824254;5704019;3295011;8098;5810993;3738711;1960;0;0
FR;2;2021-12-20;9548;33515;275258;707;6587;303403;209;0;0;5833802;5737534;3570269;8805;5817580;4042114;2169;0;0
FR;2;2021-12-21;11567;38269;309662;968;7370;341437;262;0;0;5845369;5775803;3879931;9773;5824950;4383551;2431;0;0
FR;2;2021-12-22;10461;32775;265147;952;6442;292502;316;0;1;5855830;5808578;4145078;10725;5831392;4676053;2747;0;1
FR;2;2021-12-23;9426;26619;199534;701;5874;221293;225;0;0;5865256;5835197;4344612;11426;5837266;4897346;2972;0;1
FR;2;2021-12-24;2783;7466;43866;140;2036;49561;78;0;0;5868039;5842663;4388478;11566;5839302;4946907;3050;0;1
FR;2;2021-12-25;201;670;2003;10;209;2477;15;0;0;5868240;5843333;4390481;11576;5839511;4949384;3065;0;1
FR;2;2021-12-26;1320;4215;25161;71;1052;28693;70;0;0;5869560;5847548;4415642;11647;5840563;4978077;3135;0;1
FR;2;2021-12-27;8076;29927;218437;659;6624;243387;294;0;0;5877636;5877475;4634079;12306;5847187;5221464;3429;0;1
FR;2;2021-12-28;9832;36287;272116;742;6982;302014;957;0;1;5887468;5913762;4906195;13048;5854169;5523478;4386;0;2
FR;2;2021-12-29;9498;32218;246151;765;6402;272696;1088;0;0;5896966;5945980;5152346;13813;5860571;5796174;5474;0;2
FR;2;2021-12-30;9464;28091;208839;663;5970;231479;1155;0;0;5906430;5974071;5361185;14476;5866541;6027653;6629;0;2
FR;2;2021-12-31;3011;8341;54991;176;2170;61233;392;0;0;5909441;5982412;5416176;14652;5868711;6088886;7021;0;2
FR;2;2022-01-01;231;693;2858;7;207;3353;29;0;0;5909672;5983105;5419034;14659;5868918;6092239;7050;0;2
FR;2;2022-01-02;1503;4859;29524;76;1166;33418;217;0;0;5911175;5987964;5448558;14735;5870084;6125657;7267;0;2
FR;2;2022-01-03;9606;35393;266544;806;8498;293918;1672;0;0;5920781;6023357;5715102;15541;5878582;6419575;8939;0;2
FR;2;2022-01-04;12857;45402;342103;1068;9971;377043;2458;0;1;5933638;6068759;6057205;16609;5888553;6796618;11397;0;3
FR;2;2022-01-05;11273;38627;294222;885;8635;323856;2155;0;2;5944911;6107386;6351427;17494;5897188;7120474;13552;0;5
FR;2;2022-01-06;13653;43487;331957;1298;9933;364767;2977;0;1;5958564;6150873;6683384;18792;5907121;7485241;16529;0;6
FR;2;2022-01-07;14224;47606;361123;1271;11231;396464;3159;0;0;5972788;6198479;7044507;20063;5918352;7881705;19688;0;6
FR;2;2022-01-08;7946;28137;201276;515;7209;221703;1531;0;2;5980734;6226616;7245783;20578;5925561;8103408;21219;0;8
FR;2;2022-01-09;2749;8946;62531;137;2069;69497;493;0;0;5983483;6235562;7308314;20715;5927630;8172905;21712;0;8
FR;2;2022-01-10;10100;31906;232509;859;8901;255084;2460;0;0;5993583;6267468;7540823;21574;5936531;8427989;24172;0;8
FR;2;2022-01-11;11466;36236;265948;1030;10055;290654;3380;0;1;6005049;6303704;7806771;22604;5946586;8718643;27552;0;9
FR;2;2022-01-12;8766;29788;206336;863;8717;226178;2798;0;5;6013815;6333492;8013107;23467;5955303;8944821;30350;0;14
FR;2;2022-01-13;9387;31337;224510;831;9038;244858;3463;0;4;6023202;6364829;8237617;24298;5964341;9189679;33813;0;18
FR;2;2022-01-14;9746;35575;254551;920;9842;277655;3979;0;1;6032948;6400404;8492168;25218;5974183;9467334;37792;0;19
FR;2;2022-01-15;5361;19443;140787;363;5321;153647;1929;0;0;6038309;6419847;8632955;25581;5979504;9620981;39721;0;19
FR;2;2022-01-16;1512;5457;35892;81;1619;39818;424;0;0;6039821;6425304;8668847;25662;5981123;9660799;40145;0;19
FR;2;2022-01-17;5546;19264;135421;601;6600;147263;2264;0;2;6045367;6444568;8804268;26263;5987723;9808062;42409;0;21
FR;2;2022-01-18;6422;21480;148647;648;7519;160471;3311;0;0;6051789;6466048;8952915;26911;5995242;9968533;45720;0;21
FR;2;2022-01-19;4398;16304;105112;552;6206;113702;2411;0;1;6056187;6482352;9058027;27463;6001448;10082235;48131;0;22
FR;2;2022-01-20;4873;17572;115304;603;7067;123695;3111;0;2;6061060;6499924;9173331;28066;6008515;10205930;51242;0;24
FR;2;2022-01-21;5198;20041;137357;679;7169;147775;3455;0;1;6066258;6519965;9310688;28745;6015684;10353705;54697;0;25
FR;2;2022-01-22;3033;10956;74265;260;3956;80339;1428;0;0;6069291;6530921;9384953;29005;6019640;10434044;56125;0;25
FR;2;2022-01-23;724;2707;15243;41;1055;16826;238;0;0;6070015;6533628;9400196;29046;6020695;10450870;56363;0;25
FR;2;2022-01-24;3292;12793;75084;431;5843;81019;1994;0;2;6073307;6546421;9475280;29477;6026538;10531889;58357;0;27
FR;2;2022-01-25;3575;14404;79637;496;6650;85462;2879;0;4;6076882;6560825;9554917;29973;6033188;10617351;61236;0;31
FR;2;2022-01-26;2515;10701;58986;363;5330;63035;1958;0;1;6079397;6571526;9613903;30336;6038518;10680386;63194;0;32
FR;2;2022-01-27;2684;11386;64185;391;5738;67972;2462;0;1;6082081;6582912;9678088;30727;6044256;10748358;65656;0;33
FR;2;2022-01-28;3551;18257;91730;430;8611;98907;3399;0;1;6085632;6601169;9769818;31157;6052867;10847265;69055;0;34
FR;2;2022-01-29;1896;9234;48856;164;4170;52929;1374;0;1;6087528;6610403;9818674;31321;6057037;10900194;70429;0;35
FR;2;2022-01-30;464;2206;9457;38;1049;10584;203;0;0;6087992;6612609;9828131;31359;6058086;10910778;70632;0;35
FR;2;2022-01-31;1891;9551;43834;209;4709;47322;1885;0;2;6089883;6622160;9871965;31568;6062795;10958100;72517;0;37
FR;2;2022-02-01;1917;10020;47030;279;4797;50080;2707;0;0;6091800;6632180;9918995;31847;6067592;11008180;75224;0;37
FR;2;2022-02-02;1614;8971;41124;250;4191;44147;2189;0;1;6093414;6641151;9960119;32097;6071783;11052327;77413;0;38
FR;2;2022-02-03;1732;8930;40526;205;4370;42911;2640;0;2;6095146;6650081;10000645;32302;6076153;11095238;80053;0;40
FR;2;2022-02-04;2151;15170;66648;299;7382;71317;3670;0;1;6097297;6665251;10067293;32601;6083535;11166555;83723;0;41
FR;2;2022-02-05;1360;8517;35948;132;4214;39220;1369;0;0;6098657;6673768;10103241;32733;6087749;11205775;85092;0;41
FR;2;2022-02-06;275;1761;6130;16;842;6899;217;0;0;6098932;6675529;10109371;32749;6088591;11212674;85309;0;41
FR;2;2022-02-07;1352;9543;37760;134;4535;41288;1888;0;2;6100284;6685072;10147131;32883;6093126;11253962;87197;0;43
FR;2;2022-02-08;1299;9833;40956;173;4645;43750;2741;0;1;6101583;6694905;10188087;33056;6097771;11297712;89938;0;44
FR;2;2022-02-09;1160;8841;37040;174;3804;40465;1901;0;2;6102743;6703746;10225127;33230;6101575;11338177;91839;0;46
FR;2;2022-02-10;1030;8001;33837;204;3605;36511;2051;0;1;6103773;6711747;10258964;33434;6105180;11374688;93890;0;47
FR;2;2022-02-11;1391;12087;53348;223;5282;57702;2888;0;0;6105164;6723834;10312312;33657;6110462;11432390;96778;0;47
FR;2;2022-02-12;753;6535;27989;86;2792;30808;1113;0;2;6105917;6730369;10340301;33743;6113254;11463198;97891;0;49
FR;2;2022-02-13;200;1340;4836;20;562;5577;141;0;0;6106117;6731709;10345137;33763;6113816;11468775;98032;0;49
FR;2;2022-02-14;836;6732;30274;92;2599;33233;1399;0;1;6106953;6738441;10375411;33855;6116415;11502008;99431;0;50
FR;2;2022-02-15;773;6473;28051;140;2801;29994;1965;0;2;6107726;6744914;10403462;33995;6119216;11532002;101396;0;52
FR;2;2022-02-16;657;5363;22069;124;2529;23635;1569;0;3;6108383;6750277;10425531;34119;6121745;11555637;102965;0;55
FR;2;2022-02-17;518;3786;14152;98;2131;14617;1406;0;2;6108901;6754063;10439683;34217;6123876;11570254;104371;0;57
FR;2;2022-02-18;723;5369;20443;134;3041;21130;1895;0;0;6109624;6759432;10460126;34351;6126917;11591384;106266;0;57
FR;2;2022-02-19;431;3061;10533;66;1699;11247;753;0;2;6110055;6762493;10470659;34417;6128616;11602631;107019;0;59
FR;2;2022-02-20;102;520;1463;3;314;1613;100;0;0;6110157;6763013;10472122;34420;6128930;11604244;107119;0;59
FR;2;2022-02-21;423;2685;9122;65;1569;9499;930;0;0;6110580;6765698;10481244;34485;6130499;11613743;108049;0;59
FR;2;2022-02-22;393;2568;8894;77;1622;8797;1180;0;0;6110973;6768266;10490138;34562;6132121;11622540;109229;0;59
FR;2;2022-02-23;432;2605;8992;82;1522;9269;1022;0;0;6111405;6770871;10499130;34644;6133643;11631809;110251;0;59
FR;2;2022-02-24;314;2039;6805;82;1251;6835;870;0;0;6111719;6772910;10505935;34726;6134894;11638644;111121;0;59
FR;2;2022-02-25;456;3210;11424;107;1979;11287;1560;0;3;6112175;6776120;10517359;34833;6136873;11649931;112681;0;62
FR;2;2022-02-26;297;1892;6038;49;1161;6345;587;0;1;6112472;6778012;10523397;34882;6138034;11656276;113268;0;63
FR;2;2022-02-27;76;313;908;5;214;951;98;0;0;6112548;6778325;10524305;34887;6138248;11657227;113366;0;63
FR;2;2022-02-28;332;1689;5525;53;1088;5531;733;0;0;6112880;6780014;10529830;34940;6139336;11662758;114099;0;63
FR;2;2022-03-01;279;1569;5484;46;952;5201;964;0;2;6113159;6781583;10535314;34986;6140288;11667959;115063;0;65
FR;2;2022-03-02;298;1446;5248;46;878;5092;816;0;1;6113457;6783029;10540562;35032;6141166;11673051;115879;0;66
FR;2;2022-03-03;226;1112;3709;42;721;3486;668;0;1;6113683;6784141;10544271;35074;6141887;11676537;116547;0;67
FR;2;2022-03-04;243;1469;4860;74;983;4506;950;0;1;6113926;6785610;10549131;35148;6142870;11681043;117497;0;68
FR;2;2022-03-05;174;906;2981;34;613;2725;561;0;0;6114100;6786516;10552112;35182;6143483;11683768;118058;0;68
FR;2;2022-03-06;42;188;280;5;110;320;52;0;0;6114142;6786704;10552392;35187;6143593;11684088;118110;0;68
FR;2;2022-03-07;157;659;1989;70;491;1779;472;0;0;6114299;6787363;10554381;35257;6144084;11685867;118582;0;68
FR;2;2022-03-08;144;670;2273;53;461;1908;619;0;0;6114443;6788033;10556654;35310;6144545;11687775;119201;0;68
FR;2;2022-03-09;156;709;2351;37;473;2052;617;0;0;6114599;6788742;10559005;35347;6145018;11689827;119818;0;68
FR;2;2022-03-10;123;603;1695;35;446;1470;456;0;1;6114722;6789345;10560700;35382;6145464;11691297;120274;0;69
FR;2;2022-03-11;172;757;2770;57;505;2369;737;0;1;6114894;6790102;10563470;35439;6145969;11693666;121011;0;70
FR;2;2022-03-12;149;485;1787;27;331;1557;450;0;0;6115043;6790587;10565257;35466;6146300;11695223;121461;0;70
FR;2;2022-03-13;25;75;203;30;45;204;69;0;0;6115068;6790662;10565460;35496;6146345;11695427;121530;0;70
FR;2;2022-03-14;129;470;1572;529;333;1301;951;0;0;6115197;6791132;10567032;36025;6146678;11696728;122481;0;70
FR;2;2022-03-15;139;441;1713;691;333;1333;1186;0;1;6115336;6791573;10568745;36716;6147011;11698061;123667;0;71
FR;2;2022-03-16;142;476;2013;1616;331;1593;2160;0;2;6115478;6792049;10570758;38332;6147342;11699654;125827;0;73
FR;2;2022-03-17;95;413;1412;1192;273;1148;1576;0;1;6115573;6792462;10572170;39524;6147615;11700802;127403;0;74
FR;2;2022-03-18;147;496;2026;1795;335;1669;2313;0;1;6115720;6792958;10574196;41319;6147950;11702471;129716;0;75
FR;2;2022-03-19;108;321;1210;941;219;1015;1259;0;0;6115828;6793279;10575406;42260;6148169;11703486;130975;0;75
FR;2;2022-03-20;13;77;191;59;39;168;115;0;0;6115841;6793356;10575597;42319;6148208;11703654;131090;0;75
FR;2;2022-03-21;98;307;1218;1483;181;1081;1760;0;1;6115939;6793663;10576815;43802;6148389;11704735;132850;0;76
FR;2;2022-03-22;118;391;1533;1830;244;1294;2219;0;0;6116057;6794054;10578348;45632;6148633;11706029;135069;0;76
FR;2;2022-03-23;137;362;1684;3032;232;1475;3374;0;6;6116194;6794416;10580032;48664;6148865;11707504;138443;0;82
FR;2;2022-03-24;117;293;1183;1548;186;1001;1814;0;8;6116311;6794709;10581215;50212;6149051;11708505;140257;0;90
FR;2;2022-03-25;119;361;1807;2451;238;1477;2837;0;8;6116430;6795070;10583022;52663;6149289;11709982;143094;0;98
FR;2;2022-03-26;79;247;1205;1222;138;953;1531;0;5;6116509;6795317;10584227;53885;6149427;11710935;144625;0;103
FR;2;2022-03-27;19;36;154;100;19;133;144;0;0;6116528;6795353;10584381;53985;6149446;11711068;144769;0;103
FR;2;2022-03-28;94;290;1140;1602;189;996;1835;0;6;6116622;6795643;10585521;55587;6149635;11712064;146604;0;109
FR;2;2022-03-29;108;258;1325;2467;167;1105;2760;0;4;6116730;6795901;10586846;58054;6149802;11713169;149364;0;113
FR;2;2022-03-30;91;313;1489;3187;164;1320;3424;0;2;6116821;6796214;10588335;61241;6149966;11714489;152788;0;115
FR;2;2022-03-31;104;284;1277;2332;171;1092;2616;0;3;6116925;6796498;10589612;63573;6150137;11715581;155404;0;118
FR;2;2022-04-01;123;324;1568;2349;164;1323;2667;0;7;6117048;6796822;10591180;65922;6150301;11716904;158071;0;125
FR;2;2022-04-02;81;161;845;891;83;737;1052;0;1;6117129;6796983;10592025;66813;6150384;11717641;159123;0;126
FR;2;2022-04-03;16;53;128;113;27;142;133;0;1;6117145;6797036;10592153;66926;6150411;11717783;159256;0;127
FR;2;2022-04-04;114;249;990;1447;151;799;1693;0;5;6117259;6797285;10593143;68373;6150562;11718582;160949;0;132
FR;2;2022-04-05;143;302;1322;2921;162;1150;3150;0;17;6117402;6797587;10594465;71294;6150724;11719732;164099;0;149
FR;2;2022-04-06;89;261;1308;2522;129;1131;2687;0;10;6117491;6797848;10595773;73816;6150853;11720863;166786;0;159
FR;2;2022-04-07;120;230;1303;2682;141;1042;2958;0;8;6117611;6798078;10597076;76498;6150994;11721905;169744;0;167
FR;2;2022-04-08;126;346;1636;3351;182;1328;3642;0;12;6117737;6798424;10598712;79849;6151176;11723233;173386;0;179
FR;2;2022-04-09;90;219;900;1046;144;732;1288;0;4;6117827;6798643;10599612;80895;6151320;11723965;174674;0;183
FR;2;2022-04-10;37;49;143;162;46;119;200;0;1;6117864;6798692;10599755;81057;6151366;11724084;174874;0;184
FR;2;2022-04-11;88;196;892;1560;122;782;1718;0;6;6117952;6798888;10600647;82617;6151488;11724866;176592;0;190
FR;2;2022-04-12;176;273;1183;2770;175;1062;2903;0;8;6118128;6799161;10601830;85387;6151663;11725928;179495;0;198
FR;2;2022-04-13;147;232;1125;2477;111;989;2671;0;11;6118275;6799393;10602955;87864;6151774;11726917;182166;0;209
FR;2;2022-04-14;116;227;1085;2677;114;919;2911;0;18;6118391;6799620;10604040;90541;6151888;11727836;185077;0;227
FR;2;2022-04-15;114;261;1221;2304;131;1078;2544;0;7;6118505;6799881;10605261;92845;6152019;11728914;187621;0;234
FR;2;2022-04-16;67;108;548;549;68;459;675;0;9;6118572;6799989;10605809;93394;6152087;11729373;188296;0;243
FR;2;2022-04-17;15;28;57;53;17;53;71;0;0;6118587;6800017;10605866;93447;6152104;11729426;188367;0;243
FR;2;2022-04-18;12;35;121;70;18;116;95;0;0;6118599;6800052;10605987;93517;6152122;11729542;188462;0;243
FR;2;2022-04-19;112;237;1120;1750;149;951;1934;0;9;6118711;6800289;10607107;95267;6152271;11730493;190396;0;252
FR;2;2022-04-20;95;243;1111;2172;127;935;2366;0;14;6118806;6800532;10608218;97439;6152398;11731428;192762;0;266
FR;2;2022-04-21;111;233;983;1912;125;838;2141;0;10;6118917;6800765;10609201;99351;6152523;11732266;194903;0;276
FR;2;2022-04-22;100;276;1243;2102;141;1024;2440;0;11;6119017;6801041;10610444;101453;6152664;11733290;197343;0;287
FR;2;2022-04-23;67;156;645;762;107;574;862;0;8;6119084;6801197;10611089;102215;6152771;11733864;198205;0;295
FR;2;2022-04-24;12;30;101;68;12;79;100;0;0;6119096;6801227;10611190;102283;6152783;11733943;198305;0;295
FR;2;2022-04-25;104;204;822;1329;103;711;1528;0;15;6119200;6801431;10612012;103612;6152886;11734654;199833;0;310
FR;2;2022-04-26;110;184;1041;2022;118;879;2219;0;18;6119310;6801615;10613053;105634;6153004;11735533;202052;0;328
FR;2;2022-04-27;98;181;860;1787;122;764;1809;0;7;6119408;6801796;10613913;107421;6153126;11736297;203861;0;335
FR;2;2022-04-28;93;214;949;1931;128;842;2087;0;12;6119501;6802010;10614862;109352;6153254;11737139;205948;0;347
FR;2;2022-04-29;81;282;1133;1697;131;1044;1876;0;11;6119582;6802292;10615995;111049;6153385;11738183;207824;0;358
FR;2;2022-04-30;66;127;471;540;80;430;628;0;9;6119648;6802419;10616466;111589;6153465;11738613;208452;0;367
FR;2;2022-05-01;24;24;84;49;20;85;61;0;1;6119672;6802443;10616550;111638;6153485;11738698;208513;0;368
FR;2;2022-05-02;115;232;764;1217;141;662;1375;0;5;6119787;6802675;10617314;112855;6153626;11739360;209888;0;373
FR;2;2022-05-03;153;233;999;1781;155;938;1895;0;14;6119940;6802908;10618313;114636;6153781;11740298;211783;0;387
FR;2;2022-05-04;90;226;926;1811;116;869;1822;0;13;6120030;6803134;10619239;116447;6153897;11741167;213605;0;400
FR;2;2022-05-05;127;198;857;1732;147;774;1848;0;10;6120157;6803332;10620096;118179;6154044;11741941;215453;0;410
FR;2;2022-05-06;133;246;1100;1855;139;1016;2052;0;16;6120290;6803578;10621196;120034;6154183;11742957;217505;0;426
FR;2;2022-05-07;40;99;470;504;61;406;593;0;4;6120330;6803677;10621666;120538;6154244;11743363;218098;0;430
FR;2;2022-05-08;48;54;107;71;41;102;101;0;0;6120378;6803731;10621773;120609;6154285;11743465;218199;0;430
FR;2;2022-05-09;101;174;654;986;103;604;1130;0;9;6120479;6803905;10622427;121595;6154388;11744069;219329;0;439
FR;2;2022-05-10;121;252;938;1841;155;893;1965;0;23;6120600;6804157;10623365;123436;6154543;11744962;221294;0;462
FR;2;2022-05-11;103;179;816;1879;117;795;1868;0;8;6120703;6804336;10624181;125315;6154660;11745757;223162;0;470
FR;2;2022-05-12;111;174;845;2096;116;803;2213;0;21;6120814;6804510;10625026;127411;6154776;11746560;225375;0;491
FR;2;2022-05-13;100;236;969;2097;122;900;2273;0;13;6120914;6804746;10625995;129508;6154898;11747460;227648;0;504
FR;2;2022-05-14;76;124;451;553;93;411;632;0;6;6120990;6804870;10626446;130061;6154991;11747871;228280;0;510
FR;2;2022-05-15;24;39;94;88;20;108;95;0;1;6121014;6804909;10626540;130149;6155011;11747979;228375;0;511
FR;2;2022-05-16;102;171;601;925;116;537;1037;0;11;6121116;6805080;10627141;131074;6155127;11748516;229412;0;522
FR;2;2022-05-17;95;184;690;1687;119;658;1739;0;8;6121211;6805264;10627831;132761;6155246;11749174;231151;0;530
FR;2;2022-05-18;80;181;643;1431;97;648;1486;0;10;6121291;6805445;10628474;134192;6155343;11749822;232637;0;540
FR;2;2022-05-19;73;161;710;1830;81;752;1816;0;12;6121364;6805606;10629184;136022;6155424;11750574;234453;0;552
FR;2;2022-05-20;107;181;874;1701;111;779;1849;0;17;6121471;6805787;10630058;137723;6155535;11751353;236302;0;569
FR;2;2022-05-21;48;96;398;517;71;339;581;0;8;6121519;6805883;10630456;138240;6155606;11751692;236883;0;577
FR;2;2022-05-22;8;23;69;37;18;57;56;0;0;6121527;6805906;10630525;138277;6155624;11751749;236939;0;577
FR;2;2022-05-23;86;133;498;931;100;469;967;0;7;6121613;6806039;10631023;139208;6155724;11752218;237906;0;584
FR;2;2022-05-24;87;164;627;1626;103;615;1680;0;17;6121700;6806203;10631650;140834;6155827;11752833;239586;0;601
FR;2;2022-05-25;72;146;539;1149;90;494;1260;0;5;6121772;6806349;10632189;141983;6155917;11753327;240846;0;606
FR;2;2022-05-26;12;31;77;45;13;85;56;0;1;6121784;6806380;10632266;142028;6155930;11753412;240902;0;607
FR;2;2022-05-27;44;124;456;818;68;438;893;0;9;6121828;6806504;10632722;142846;6155998;11753850;241795;0;616
FR;2;2022-05-28;28;60;221;244;29;221;266;0;1;6121856;6806564;10632943;143090;6156027;11754071;242061;0;617
FR;2;2022-05-29;13;34;43;25;22;51;28;0;0;6121869;6806598;10632986;143115;6156049;11754122;242089;0;617
FR;2;2022-05-30;65;109;425;755;60;410;806;0;6;6121934;6806707;10633411;143870;6156109;11754532;242895;0;623
FR;2;2022-05-31;76;135;564;1278;92;511;1304;0;12;6122010;6806842;10633975;145148;6156201;11755043;244199;0;635
FR;2;2022-06-01;59;160;564;1075;86;543;1170;0;6;6122069;6807002;10634539;146223;6156287;11755586;245369;0;641
FR;2;2022-06-02;92;178;626;1415;109;593;1521;0;12;6122161;6807180;10635165;147638;6156396;11756179;246890;0;653
FR;2;2022-06-03;71;157;668;1605;96;595;1694;0;19;6122232;6807337;10635833;149243;6156492;11756774;248584;0;672
FR;2;2022-06-04;69;93;283;434;66;269;476;0;11;6122301;6807430;10636116;149677;6156558;11757043;249060;0;683
FR;2;2022-06-05;12;17;63;58;16;47;75;0;1;6122313;6807447;10636179;149735;6156574;11757090;249135;0;684
FR;2;2022-06-06;12;41;93;76;30;92;81;0;4;6122325;6807488;10636272;149811;6156604;11757182;249216;0;688
FR;2;2022-06-07;99;222;667;1535;154;577;1661;0;10;6122424;6807710;10636939;151346;6156758;11757759;250877;0;698
FR;2;2022-06-08;70;119;477;1166;76;411;1262;0;5;6122494;6807829;10637416;152512;6156834;11758170;252139;0;703
FR;2;2022-06-09;93;167;613;1923;108;571;1927;0;18;6122587;6807996;10638029;154435;6156942;11758741;254066;0;721
FR;2;2022-06-10;93;168;650;1683;107;622;1774;0;23;6122680;6808164;10638679;156118;6157049;11759363;255840;0;744
FR;2;2022-06-11;44;85;287;529;42;258;583;0;5;6122724;6808249;10638966;156647;6157091;11759621;256423;0;749
FR;2;2022-06-12;18;38;58;78;27;60;78;0;0;6122742;6808287;10639024;156725;6157118;11759681;256501;0;749
FR;2;2022-06-13;39;121;395;953;63;379;1021;0;6;6122781;6808408;10639419;157678;6157181;11760060;257522;0;755
FR;2;2022-06-14;68;157;599;2088;101;537;2189;0;14;6122849;6808565;10640018;159766;6157282;11760597;259711;0;769
FR;2;2022-06-15;78;104;522;1504;84;444;1641;0;10;6122927;6808669;10640540;161270;6157366;11761041;261352;0;779
FR;2;2022-06-16;127;128;497;1411;123;424;1526;0;12;6123054;6808797;10641037;162681;6157489;11761465;262878;0;791
FR;2;2022-06-17;73;138;589;1817;88;516;1921;0;16;6123127;6808935;10641626;164498;6157577;11761981;264799;0;807
FR;2;2022-06-18;76;93;224;579;81;196;630;0;4;6123203;6809028;10641850;165077;6157658;11762177;265429;0;811
FR;2;2022-06-19;11;17;53;71;7;41;90;0;2;6123214;6809045;10641903;165148;6157665;11762218;265519;0;813
FR;2;2022-06-20;62;125;401;1028;72;392;1105;0;10;6123276;6809170;10642304;166176;6157737;11762610;266624;0;823
FR;2;2022-06-21;108;116;526;2127;105;455;2164;0;22;6123384;6809286;10642830;168303;6157842;11763065;268788;0;845
FR;2;2022-06-22;39;110;462;1889;57;415;1971;0;25;6123423;6809396;10643292;170192;6157899;11763480;270759;0;870
FR;2;2022-06-23;58;109;537;2282;68;452;2400;0;30;6123481;6809505;10643829;172474;6157967;11763932;273159;0;900
FR;2;2022-06-24;66;122;709;3199;65;571;3339;0;38;6123547;6809627;10644538;175673;6158032;11764503;276498;0;938
FR;2;2022-06-25;30;90;298;988;55;254;1041;0;13;6123577;6809717;10644836;176661;6158087;11764757;277539;0;951
FR;2;2022-06-26;30;27;131;194;29;97;236;0;5;6123607;6809744;10644967;176855;6158116;11764854;277775;0;956
FR;2;2022-06-27;79;137;582;2490;94;483;2623;0;39;6123686;6809881;10645549;179345;6158210;11765337;280398;0;995
FR;2;2022-06-28;110;140;812;4817;81;650;4894;0;54;6123796;6810021;10646361;184162;6158291;11765987;285292;0;1049
FR;2;2022-06-29;73;150;776;4436;80;637;4532;0;56;6123869;6810171;10647137;188598;6158371;11766624;289824;0;1105
FR;2;2022-06-30;72;133;834;5177;71;619;5398;0;79;6123941;6810304;10647971;193775;6158442;11767243;295222;0;1184
FR;2;2022-07-01;113;161;1152;6692;95;853;6944;0;92;6124054;6810465;10649123;200467;6158537;11768096;302166;0;1276
FR;2;2022-07-02;69;132;474;1977;82;392;2068;0;27;6124123;6810597;10649597;202444;6158619;11768488;304234;0;1303
FR;2;2022-07-03;23;30;147;334;21;131;357;0;8;6124146;6810627;10649744;202778;6158640;11768619;304591;0;1311
FR;2;2022-07-04;122;184;776;3785;113;612;3971;0;49;6124268;6810811;10650520;206563;6158753;11769231;308562;0;1360
FR;2;2022-07-05;119;188;1121;6818;121;829;6999;0;85;6124387;6810999;10651641;213381;6158874;11770060;315561;0;1445
FR;2;2022-07-06;92;152;951;5807;94;698;5933;0;84;6124479;6811151;10652592;219188;6158968;11770758;321494;0;1529
FR;2;2022-07-07;81;185;1021;6501;116;752;6732;0;101;6124560;6811336;10653613;225689;6159084;11771510;328226;0;1630
FR;2;2022-07-08;65;122;1095;7044;51;758;7235;0;123;6124625;6811458;10654708;232733;6159135;11772268;335461;0;1753
FR;2;2022-07-09;34;62;417;1869;31;299;1919;0;33;6124659;6811520;10655125;234602;6159166;11772567;337380;0;1786
FR;2;2022-07-10;7;17;97;315;8;83;327;0;5;6124666;6811537;10655222;234917;6159174;11772650;337707;0;1791
FR;2;2022-07-11;68;121;683;3826;76;541;3901;0;67;6124734;6811658;10655905;238743;6159250;11773191;341608;0;1858
FR;2;2022-07-12;102;180;1054;6517;107;809;6725;0;119;6124836;6811838;10656959;245260;6159357;11774000;348333;0;1977
FR;2;2022-07-13;65;128;879;4664;76;591;4830;0;78;6124901;6811966;10657838;249924;6159433;11774591;353163;0;2055
FR;2;2022-07-14;6;13;89;250;8;60;269;0;8;6124907;6811979;10657927;250174;6159441;11774651;353432;0;2063
FR;2;2022-07-15;61;129;739;3795;53;560;3961;0;75;6124968;6812108;10658666;253969;6159494;11775211;357393;0;2138
FR;2;2022-07-16;27;54;289;1031;30;242;1077;0;25;6124995;6812162;10658955;255000;6159524;11775453;358470;0;2163
FR;2;2022-07-17;5;12;78;201;6;67;207;0;6;6125000;6812174;10659033;255201;6159530;11775520;358677;0;2169
FR;2;2022-07-18;57;103;514;2510;61;385;2648;0;59;6125057;6812277;10659547;257711;6159591;11775905;361325;0;2228
FR;2;2022-07-19;66;133;770;4258;72;555;4447;0;72;6125123;6812410;10660317;261969;6159663;11776460;365772;0;2300
FR;2;2022-07-20;59;117;582;3179;68;430;3278;0;87;6125182;6812527;10660899;265148;6159731;11776890;369050;0;2387
FR;2;2022-07-21;60;110;673;3680;73;487;3797;0;105;6125242;6812637;10661572;268828;6159804;11777377;372847;0;2492
FR;2;2022-07-22;51;100;700;3550;48;507;3701;0;80;6125293;6812737;10662272;272378;6159852;11777884;376548;0;2572
FR;2;2022-07-23;38;97;290;1175;51;229;1228;0;37;6125331;6812834;10662562;273553;6159903;11778113;377776;0;2609
FR;2;2022-07-24;14;24;69;201;19;68;203;0;7;6125345;6812858;10662631;273754;6159922;11778181;377979;0;2616
FR;2;2022-07-25;50;71;405;1938;60;300;2000;0;56;6125395;6812929;10663036;275692;6159982;11778481;379979;0;2672
FR;2;2022-07-26;57;133;606;3423;67;476;3496;0;113;6125452;6813062;10663642;279115;6160049;11778957;383475;0;2785
FR;2;2022-07-27;42;81;457;2782;50;361;2801;0;89;6125494;6813143;10664099;281897;6160099;11779318;386276;0;2874
FR;2;2022-07-28;29;75;450;2487;37;356;2491;0;78;6125523;6813218;10664549;284384;6160136;11779674;388767;0;2952
FR;2;2022-07-29;68;88;535;2857;63;347;2978;0;73;6125591;6813306;10665084;287241;6160199;11780021;391745;0;3025
FR;2;2022-07-30;22;39;163;776;32;110;796;0;24;6125613;6813345;10665247;288017;6160231;11780131;392541;0;3049
FR;2;2022-07-31;6;13;27;104;12;21;110;0;2;6125619;6813358;10665274;288121;6160243;11780152;392651;0;3051
FR;2;2022-08-01;38;107;323;1262;74;260;1344;0;29;6125657;6813465;10665597;289383;6160317;11780412;393995;0;3080
FR;2;2022-08-02;49;75;325;2061;50;247;2097;0;78;6125706;6813540;10665922;291444;6160367;11780659;396092;0;3158
FR;2;2022-08-03;29;53;260;1611;25;188;1617;0;57;6125735;6813593;10666182;293055;6160392;11780847;397709;0;3215
FR;2;2022-08-04;40;65;306;1692;39;240;1701;0;66;6125775;6813658;10666488;294747;6160431;11781087;399410;0;3281
FR;2;2022-08-05;33;94;328;1881;67;236;1912;0;60;6125808;6813752;10666816;296628;6160498;11781323;401322;0;3341
FR;2;2022-08-06;22;41;106;365;29;82;372;0;10;6125830;6813793;10666922;296993;6160527;11781405;401694;0;3351
FR;2;2022-08-07;7;8;15;69;5;16;71;0;3;6125837;6813801;10666937;297062;6160532;11781421;401765;0;3354
FR;2;2022-08-08;19;35;220;877;22;148;915;0;33;6125856;6813836;10667157;297939;6160554;11781569;402680;0;3387
FR;2;2022-08-09;30;52;279;1474;42;238;1470;0;50;6125886;6813888;10667436;299413;6160596;11781807;404150;0;3437
FR;2;2022-08-10;17;22;213;1134;19;150;1155;0;46;6125903;6813910;10667649;300547;6160615;11781957;405305;0;3483
FR;2;2022-08-11;21;41;174;1038;26;117;1047;0;40;6125924;6813951;10667823;301585;6160641;11782074;406352;0;3523
FR;2;2022-08-12;36;50;184;1046;38;140;1069;0;35;6125960;6814001;10668007;302631;6160679;11782214;407421;0;3558
FR;2;2022-08-13;11;19;47;149;15;53;137;0;5;6125971;6814020;10668054;302780;6160694;11782267;407558;0;3563
FR;2;2022-08-14;1;2;12;52;1;11;54;0;1;6125972;6814022;10668066;302832;6160695;11782278;407612;0;3564
FR;2;2022-08-15;0;5;32;22;2;21;21;0;3;6125972;6814027;10668098;302854;6160697;11782299;407633;0;3567
FR;2;2022-08-16;27;33;144;681;34;120;678;0;33;6125999;6814060;10668242;303535;6160731;11782419;408311;0;3600
FR;2;2022-08-17;18;27;109;738;18;88;744;0;34;6126017;6814087;10668351;304273;6160749;11782507;409055;0;3634
FR;2;2022-08-18;14;30;160;836;14;107;852;0;42;6126031;6814117;10668511;305109;6160763;11782614;409907;0;3676
FR;2;2022-08-19;8;38;118;706;31;88;706;0;33;6126039;6814155;10668629;305815;6160794;11782702;410613;0;3709
FR;2;2022-08-20;6;26;61;197;16;52;201;0;8;6126045;6814181;10668690;306012;6160810;11782754;410814;0;3717
FR;2;2022-08-21;4;14;15;19;6;13;31;0;0;6126049;6814195;10668705;306031;6160816;11782767;410845;0;3717
FR;2;2022-08-22;11;25;116;395;17;73;451;0;13;6126060;6814220;10668821;306426;6160833;11782840;411296;0;3730
FR;2;2022-08-23;12;42;134;671;23;112;679;0;38;6126072;6814262;10668955;307097;6160856;11782952;411975;0;3768
FR;2;2022-08-24;11;28;87;466;21;80;472;0;18;6126083;6814290;10669042;307563;6160877;11783032;412447;0;3786
FR;2;2022-08-25;8;32;109;481;16;69;516;0;17;6126091;6814322;10669151;308044;6160893;11783101;412963;0;3803
FR;2;2022-08-26;16;46;117;720;36;91;713;0;32;6126107;6814368;10669268;308764;6160929;11783192;413676;0;3835
FR;2;2022-08-27;10;19;47;158;16;42;166;0;2;6126117;6814387;10669315;308922;6160945;11783234;413842;0;3837
FR;2;2022-08-28;1;5;5;15;1;7;16;0;1;6126118;6814392;10669320;308937;6160946;11783241;413858;0;3838
FR;2;2022-08-29;24;43;94;400;29;88;396;0;24;6126142;6814435;10669414;309337;6160975;11783329;414254;0;3862
FR;2;2022-08-30;31;54;154;791;34;119;798;0;29;6126173;6814489;10669568;310128;6161009;11783448;415052;0;3891
FR;2;2022-08-31;19;37;85;392;24;79;393;0;25;6126192;6814526;10669653;310520;6161033;11783527;415445;0;3916
FR;2;2022-09-01;19;43;139;600;25;122;609;0;36;6126211;6814569;10669792;311120;6161058;11783649;416054;0;3952
FR;2;2022-09-02;34;57;147;744;34;160;748;0;32;6126245;6814626;10669939;311864;6161092;11783809;416802;0;3984
FR;2;2022-09-03;17;20;83;205;11;67;213;0;7;6126262;6814646;10670022;312069;6161103;11783876;417015;0;3991
FR;2;2022-09-04;8;5;9;31;2;10;30;0;3;6126270;6814651;10670031;312100;6161105;11783886;417045;0;3994
FR;2;2022-09-05;29;32;126;367;24;98;397;0;24;6126299;6814683;10670157;312467;6161129;11783984;417442;0;4018
FR;2;2022-09-06;44;63;158;762;43;153;768;0;36;6126343;6814746;10670315;313229;6161172;11784137;418210;0;4054
FR;2;2022-09-07;21;22;76;375;18;51;387;0;23;6126364;6814768;10670391;313604;6161190;11784188;418597;0;4077
FR;2;2022-09-08;31;58;109;636;41;100;646;0;22;6126395;6814826;10670500;314240;6161231;11784288;419243;0;4099
FR;2;2022-09-09;18;24;126;754;21;74;747;0;48;6126413;6814850;10670626;314994;6161252;11784362;419990;0;4147
FR;2;2022-09-10;14;25;57;117;17;48;131;0;4;6126427;6814875;10670683;315111;6161269;11784410;420121;0;4151
FR;2;2022-09-11;12;5;11;11;3;13;13;0;0;6126439;6814880;10670694;315122;6161272;11784423;420134;0;4151
FR;2;2022-09-12;20;31;70;340;26;56;352;0;16;6126459;6814911;10670764;315462;6161298;11784479;420486;0;4167
FR;2;2022-09-13;15;34;125;670;13;99;674;0;40;6126474;6814945;10670889;316132;6161311;11784578;421160;0;4207
FR;2;2022-09-14;19;23;81;480;20;60;478;0;36;6126493;6814968;10670970;316612;6161331;11784638;421638;0;4243
FR;2;2022-09-15;23;45;126;486;27;102;493;0;47;6126516;6815013;10671096;317098;6161358;11784740;422131;0;4290
FR;2;2022-09-16;22;31;124;563;17;89;585;0;39;6126538;6815044;10671220;317661;6161375;11784829;422716;0;4329
FR;2;2022-09-17;6;20;56;160;15;52;147;0;14;6126544;6815064;10671276;317821;6161390;11784881;422863;0;4343
FR;2;2022-09-18;4;7;13;37;6;10;37;0;3;6126548;6815071;10671289;317858;6161396;11784891;422900;0;4346
FR;2;2022-09-19;26;24;114;353;16;87;381;0;22;6126574;6815095;10671403;318211;6161412;11784978;423281;0;4368
FR;2;2022-09-20;29;27;117;624;21;84;639;0;38;6126603;6815122;10671520;318835;6161433;11785062;423920;0;4406
FR;2;2022-09-21;15;30;100;393;15;78;418;0;22;6126618;6815152;10671620;319228;6161448;11785140;424338;0;4428
FR;2;2022-09-22;19;39;124;581;18;95;619;0;28;6126637;6815191;10671744;319809;6161466;11785235;424957;0;4456
FR;2;2022-09-23;21;38;135;555;22;111;570;0;39;6126658;6815229;10671879;320364;6161488;11785346;425527;0;4495
FR;2;2022-09-24;10;8;52;190;8;37;201;0;7;6126668;6815237;10671931;320554;6161496;11785383;425728;0;4502
FR;2;2022-09-25;9;11;15;29;11;12;33;0;5;6126677;6815248;10671946;320583;6161507;11785395;425761;0;4507
FR;2;2022-09-26;22;41;116;447;27;79;458;0;20;6126699;6815289;10672062;321030;6161534;11785474;426219;0;4527
FR;2;2022-09-27;30;46;162;906;35;108;861;0;52;6126729;6815335;10672224;321936;6161569;11785582;427080;0;4579
FR;2;2022-09-28;15;31;93;421;18;74;439;0;23;6126744;6815366;10672317;322357;6161587;11785656;427519;0;4602
FR;2;2022-09-29;26;48;115;618;23;110;630;0;33;6126770;6815414;10672432;322975;6161610;11785766;428149;0;4635
FR;2;2022-09-30;25;44;111;520;44;84;533;0;31;6126795;6815458;10672543;323495;6161654;11785850;428682;0;4666
FR;2;2022-10-01;11;20;51;128;20;36;129;0;8;6126806;6815478;10672594;323623;6161674;11785886;428811;0;4674
FR;2;2022-10-02;0;5;8;21;4;5;25;0;2;6126806;6815483;10672602;323644;6161678;11785891;428836;0;4676
FR;2;2022-10-03;22;35;85;291;30;69;306;0;22;6126828;6815518;10672687;323935;6161708;11785960;429142;0;4698
FR;2;2022-10-04;17;21;106;601;19;71;620;0;46;6126845;6815539;10672793;324536;6161727;11786031;429762;0;4744
FR;2;2022-10-05;20;31;75;491;26;67;488;0;54;6126865;6815570;10672868;325027;6161753;11786098;430250;0;4798
FR;2;2022-10-06;30;23;74;442;17;71;428;0;65;6126895;6815593;10672942;325469;6161770;11786169;430678;0;4863
FR;2;2022-10-07;21;30;86;499;27;66;503;0;42;6126916;6815623;10673028;325968;6161797;11786235;431181;0;4905
FR;2;2022-10-08;12;8;24;114;3;25;108;0;12;6126928;6815631;10673052;326082;6161800;11786260;431289;0;4917
FR;2;2022-10-09;1;8;15;17;6;11;22;0;5;6126929;6815639;10673067;326099;6161806;11786271;431311;0;4922
FR;2;2022-10-10;18;27;47;223;25;49;218;0;21;6126947;6815666;10673114;326322;6161831;11786320;431529;0;4943
FR;2;2022-10-11;16;15;48;253;11;39;241;0;52;6126963;6815681;10673162;326575;6161842;11786359;431770;0;4995
FR;2;2022-10-12;9;20;52;290;16;36;305;0;56;6126972;6815701;10673214;326865;6161858;11786395;432075;0;5051
FR;2;2022-10-13;11;14;48;271;9;48;261;0;26;6126983;6815715;10673262;327136;6161867;11786443;432336;0;5077
FR;2;2022-10-14;13;30;36;230;18;40;231;0;29;6126996;6815745;10673298;327366;6161885;11786483;432567;0;5106
FR;2;2022-10-15;4;13;22;111;7;17;113;0;15;6127000;6815758;10673320;327477;6161892;11786500;432680;0;5121
FR;2;2022-10-16;0;7;4;11;6;7;8;0;1;6127000;6815765;10673324;327488;6161898;11786507;432688;0;5122
FR;2;2022-10-17;15;19;31;121;18;26;131;0;29;6127015;6815784;10673355;327609;6161916;11786533;432819;0;5151
FR;2;2022-10-18;13;12;68;185;6;34;247;0;46;6127028;6815796;10673423;327794;6161922;11786567;433066;0;5197
FR;2;2022-10-19;8;17;39;184;12;31;223;0;52;6127036;6815813;10673462;327978;6161934;11786598;433289;0;5249
FR;2;2022-10-20;11;29;41;200;15;40;196;0;52;6127047;6815842;10673503;328178;6161949;11786638;433485;0;5301
FR;2;2022-10-21;6;15;60;233;6;53;222;0;31;6127053;6815857;10673563;328411;6161955;11786691;433707;0;5332
FR;2;2022-10-22;8;7;25;102;2;23;103;0;20;6127061;6815864;10673588;328513;6161957;11786714;433810;0;5352
FR;2;2022-10-23;0;3;1;5;3;0;6;0;2;6127061;6815867;10673589;328518;6161960;11786714;433816;0;5354
FR;2;2022-10-24;12;12;16;110;12;16;113;0;20;6127073;6815879;10673605;328628;6161972;11786730;433929;0;5374
FR;2;2022-10-25;12;7;23;138;6;15;145;0;51;6127085;6815886;10673628;328766;6161978;11786745;434074;0;5425
FR;2;2022-10-26;4;3;17;90;2;11;96;0;27;6127089;6815889;10673645;328856;6161980;11786756;434170;0;5452
FR;2;2022-10-27;7;10;18;88;10;20;71;0;27;6127096;6815899;10673663;328944;6161990;11786776;434241;0;5479
FR;2;2022-10-28;5;3;15;91;3;7;92;0;27;6127101;6815902;10673678;329035;6161993;11786783;434333;0;5506
FR;2;2022-10-29;7;8;18;33;6;14;37;0;8;6127108;6815910;10673696;329068;6161999;11786797;434370;0;5514
FR;2;2022-10-30;3;7;5;8;5;2;5;0;1;6127111;6815917;10673701;329076;6162004;11786799;434375;0;5515
FR;2;2022-10-31;2;8;6;49;6;10;48;0;11;6127113;6815925;10673707;329125;6162010;11786809;434423;0;5526
FR;2;2022-11-01;0;5;8;1;5;5;4;0;0;6127113;6815930;10673715;329126;6162015;11786814;434427;0;5526
FR;2;2022-11-02;6;5;12;44;5;12;45;0;11;6127119;6815935;10673727;329170;6162020;11786826;434472;0;5537
FR;2;2022-11-03;6;7;16;77;6;10;75;0;18;6127125;6815942;10673743;329247;6162026;11786836;434547;0;5555
FR;2;2022-11-04;7;12;15;85;10;14;93;0;10;6127132;6815954;10673758;329332;6162036;11786850;434640;0;5565
FR;2;2022-11-05;0;11;13;38;6;17;35;0;6;6127132;6815965;10673771;329370;6162042;11786867;434675;0;5571
FR;2;2022-11-06;0;2;2;1;0;4;0;0;2;6127132;6815967;10673773;329371;6162042;11786871;434675;0;5573
FR;2;2022-11-07;13;8;15;67;6;14;66;0;20;6127145;6815975;10673788;329438;6162048;11786885;434741;0;5593
FR;2;2022-11-08;14;8;18;58;6;14;65;0;27;6127159;6815983;10673806;329496;6162054;11786899;434806;0;5620
FR;2;2022-11-09;4;5;17;56;2;17;50;0;28;6127163;6815988;10673823;329552;6162056;11786916;434856;0;5648
FR;2;2022-11-10;7;10;17;74;7;14;76;0;14;6127170;6815998;10673840;329626;6162063;11786930;434932;0;5662
FR;2;2022-11-11;0;3;9;3;0;10;4;0;0;6127170;6816001;10673849;329629;6162063;11786940;434936;0;5662
FR;2;2022-11-12;2;5;7;19;4;7;19;0;4;6127172;6816006;10673856;329648;6162067;11786947;434955;0;5666
FR;2;2022-11-13;3;2;4;2;1;5;1;0;0;6127175;6816008;10673860;329650;6162068;11786952;434956;0;5666
FR;2;2022-11-14;7;6;13;29;3;10;33;0;7;6127182;6816014;10673873;329679;6162071;11786962;434989;0;5673
FR;2;2022-11-15;8;15;15;35;16;18;32;0;7;6127190;6816029;10673888;329714;6162087;11786980;435021;0;5680
FR;2;2022-11-16;3;6;4;45;6;4;46;0;18;6127193;6816035;10673892;329759;6162093;11786984;435067;0;5698
FR;2;2022-11-17;2;6;12;56;5;9;55;0;22;6127195;6816041;10673904;329815;6162098;11786993;435122;0;5720
FR;2;2022-11-18;3;4;7;41;4;6;44;0;10;6127198;6816045;10673911;329856;6162102;11786999;435166;0;5730
FR;2;2022-11-19;3;3;2;25;3;3;18;0;5;6127201;6816048;10673913;329881;6162105;11787002;435184;0;5735
FR;2;2022-11-20;0;2;6;9;2;6;10;0;26;6127201;6816050;10673919;329890;6162107;11787008;435194;0;5761
FR;2;2022-11-21;6;10;9;31;7;8;34;0;22;6127207;6816060;10673928;329921;6162114;11787016;435228;0;5783
FR;2;2022-11-22;8;8;20;65;6;21;70;0;71;6127215;6816068;10673948;329986;6162120;11787037;435298;0;5854
FR;2;2022-11-23;7;6;8;68;3;5;73;0;8;6127222;6816074;10673956;330054;6162123;11787042;435371;0;5862
FR;2;2022-11-24;2;2;11;50;2;7;57;0;10;6127224;6816076;10673967;330104;6162125;11787049;435428;0;5872
FR;2;2022-11-25;11;8;14;25;11;14;26;0;8;6127235;6816084;10673981;330129;6162136;11787063;435454;0;5880
FR;2;2022-11-26;1;5;4;8;4;7;6;0;0;6127236;6816089;10673985;330137;6162140;11787070;435460;0;5880
FR;2;2022-11-27;2;2;12;2;0;11;4;0;1;6127238;6816091;10673997;330139;6162140;11787081;435464;0;5881
FR;2;2022-11-28;0;2;8;35;1;6;37;0;5;6127238;6816093;10674005;330174;6162141;11787087;435501;0;5886
FR;2;2022-11-29;1;1;10;24;0;4;30;0;8;6127239;6816094;10674015;330198;6162141;11787091;435531;0;5894
FR;2;2022-11-30;2;2;10;47;1;11;44;0;21;6127241;6816096;10674025;330245;6162142;11787102;435575;0;5915
FR;2;2022-12-01;2;12;6;63;9;13;55;0;24;6127243;6816108;10674031;330308;6162151;11787115;435630;0;5939
FR;2;2022-12-02;1;2;12;51;2;10;51;0;27;6127244;6816110;10674043;330359;6162153;11787125;435681;0;5966
FR;2;2022-12-03;1;4;8;19;2;8;18;0;10;6127245;6816114;10674051;330378;6162155;11787133;435699;0;5976
FR;2;2022-12-04;0;0;0;4;0;0;4;0;2;6127245;6816114;10674051;330382;6162155;11787133;435703;0;5978
FR;2;2022-12-05;3;5;8;51;8;4;45;0;16;6127248;6816119;10674059;330433;6162163;11787137;435748;0;5994
FR;2;2022-12-06;3;5;14;45;4;6;48;0;17;6127251;6816124;10674073;330478;6162167;11787143;435796;0;6011
FR;2;2022-12-07;1;5;9;42;3;8;44;0;11;6127252;6816129;10674082;330520;6162170;11787151;435840;0;6022
FR;2;2022-12-08;0;2;11;44;0;6;49;0;16;6127252;6816131;10674093;330564;6162170;11787157;435889;0;6038
FR;2;2022-12-09;0;1;13;52;0;9;57;0;17;6127252;6816132;10674106;330616;6162170;11787166;435946;0;6055
FR;2;2022-12-10;0;3;15;50;1;6;52;0;9;6127252;6816135;10674121;330666;6162171;11787172;435998;0;6064
FR;2;2022-12-11;0;0;2;2;0;2;1;0;3;6127252;6816135;10674123;330668;6162171;11787174;435999;0;6067
FR;2;2022-12-12;1;0;6;37;0;6;36;0;11;6127253;6816135;10674129;330705;6162171;11787180;436035;0;6078
FR;2;2022-12-13;0;3;2;37;2;1;37;0;14;6127253;6816138;10674131;330742;6162173;11787181;436072;0;6092
FR;2;2022-12-14;0;5;8;26;5;3;31;0;14;6127253;6816143;10674139;330768;6162178;11787184;436103;0;6106
FR;2;2022-12-15;0;5;12;43;5;9;44;0;17;6127253;6816148;10674151;330811;6162183;11787193;436147;0;6123
FR;2;2022-12-16;2;4;27;56;3;20;62;0;16;6127255;6816152;10674178;330867;6162186;11787213;436209;0;6139
FR;2;2022-12-17;1;4;10;44;3;6;39;0;5;6127256;6816156;10674188;330911;6162189;11787219;436248;0;6144
FR;2;2022-12-18;1;0;0;0;0;0;0;0;1;6127257;6816156;10674188;330911;6162189;11787219;436248;0;6145
FR;2;2022-12-19;6;5;4;31;6;5;24;0;24;6127263;6816161;10674192;330942;6162195;11787224;436272;0;6169
FR;2;2022-12-20;0;4;6;37;2;7;38;0;24;6127263;6816165;10674198;330979;6162197;11787231;436310;0;6193
FR;2;2022-12-21;0;1;4;13;1;4;13;0;8;6127263;6816166;10674202;330992;6162198;11787235;436323;0;6201
FR;2;2022-12-22;0;5;17;32;2;6;45;0;10;6127263;6816171;10674219;331024;6162200;11787241;436368;0;6211
FR;2;2022-12-23;1;5;15;18;3;12;22;0;4;6127264;6816176;10674234;331042;6162203;11787253;436390;0;6215
FR;2;2022-12-24;0;0;1;1;0;1;1;0;0;6127264;6816176;10674235;331043;6162203;11787254;436391;0;6215
FR;2;2022-12-25;0;1;1;3;0;1;4;0;0;6127264;6816177;10674236;331046;6162203;11787255;436395;0;6215
FR;2;2022-12-26;0;0;7;11;0;5;11;0;3;6127264;6816177;10674243;331057;6162203;11787260;436406;0;6218
FR;2;2022-12-27;0;1;7;5;1;5;7;0;4;6127264;6816178;10674250;331062;6162204;11787265;436413;0;6222
FR;2;2022-12-28;0;2;4;13;2;3;14;0;5;6127264;6816180;10674254;331075;6162206;11787268;436427;0;6227
FR;2;2022-12-29;1;2;4;18;1;5;18;0;7;6127265;6816182;10674258;331093;6162207;11787273;436445;0;6234
FR;2;2022-12-30;1;0;2;8;0;2;7;0;1;6127266;6816182;10674260;331101;6162207;11787275;436452;0;6235
FR;2;2022-12-31;0;0;1;2;0;1;2;0;1;6127266;6816182;10674261;331103;6162207;11787276;436454;0;6236
FR;2;2023-01-01;0;0;0;0;0;0;0;0;0;6127266;6816182;10674261;331103;6162207;11787276;436454;0;6236
FR;2;2023-01-02;5;2;9;21;1;7;23;0;2;6127271;6816184;10674270;331124;6162208;11787283;436477;0;6238
FR;2;2023-01-03;1;0;6;13;0;7;11;0;6;6127272;6816184;10674276;331137;6162208;11787290;436488;0;6244
FR;2;2023-01-04;1;2;9;13;3;7;13;0;6;6127273;6816186;10674285;331150;6162211;11787297;436501;0;6250
FR;2;2023-01-05;0;2;7;6;2;4;7;0;3;6127273;6816188;10674292;331156;6162213;11787301;436508;0;6253
FR;2;2023-01-06;1;0;9;9;0;4;13;0;9;6127274;6816188;10674301;331165;6162213;11787305;436521;0;6262
FR;2;2023-01-07;0;0;4;10;0;4;8;0;5;6127274;6816188;10674305;331175;6162213;11787309;436529;0;6267
FR;2;2023-01-08;0;0;3;3;0;3;3;0;2;6127274;6816188;10674308;331178;6162213;11787312;436532;0;6269
FR;2;2023-01-09;0;2;8;9;2;3;13;0;5;6127274;6816190;10674316;331187;6162215;11787315;436545;0;6274
FR;2;2023-01-10;0;4;4;8;3;3;10;0;6;6127274;6816194;10674320;331195;6162218;11787318;436555;0;6280
FR;2;2023-01-11;3;0;4;7;0;3;9;0;3;6127277;6816194;10674324;331202;6162218;11787321;436564;0;6283
FR;2;2023-01-12;1;0;9;13;0;7;10;0;11;6127278;6816194;10674333;331215;6162218;11787328;436574;0;6294
FR;2;2023-01-13;0;1;5;7;1;3;10;0;3;6127278;6816195;10674338;331222;6162219;11787331;436584;0;6297
FR;2;2023-01-14;0;1;2;6;0;3;6;0;1;6127278;6816196;10674340;331228;6162219;11787334;436590;0;6298
FR;2;2023-01-15;0;0;0;0;0;0;0;0;0;6127278;6816196;10674340;331228;6162219;11787334;436590;0;6298
FR;2;2023-01-16;1;1;5;6;2;2;7;0;1;6127279;6816197;10674345;331234;6162221;11787336;436597;0;6299
FR;2;2023-01-17;1;0;5;4;0;5;3;0;0;6127280;6816197;10674350;331238;6162221;11787341;436600;0;6299
FR;2;2023-01-18;0;0;3;2;0;3;2;0;0;6127280;6816197;10674353;331240;6162221;11787344;436602;0;6299
FR;2;2023-01-19;0;0;1;6;0;1;6;0;6;6127280;6816197;10674354;331246;6162221;11787345;436608;0;6305
FR;2;2023-01-20;0;0;1;8;0;1;8;0;4;6127280;6816197;10674355;331254;6162221;11787346;436616;0;6309
FR;2;2023-01-21;0;0;0;3;0;0;0;0;0;6127280;6816197;10674355;331257;6162221;11787346;436616;0;6309
FR;2;2023-01-22;0;0;0;0;0;0;0;0;0;6127280;6816197;10674355;331257;6162221;11787346;436616;0;6309
FR;2;2023-01-23;0;0;3;3;0;2;3;0;1;6127280;6816197;10674358;331260;6162221;11787348;436619;0;6310
FR;2;2023-01-24;1;3;1;6;3;0;7;0;4;6127281;6816200;10674359;331266;6162224;11787348;436626;0;6314
FR;2;2023-01-25;1;0;0;6;1;0;6;0;0;6127282;6816200;10674359;331272;6162225;11787348;436632;0;6314
FR;2;2023-01-26;1;0;3;7;0;1;9;0;3;6127283;6816200;10674362;331279;6162225;11787349;436641;0;6317
FR;2;2023-01-27;0;2;3;3;1;2;3;0;2;6127283;6816202;10674365;331282;6162226;11787351;436644;0;6319
FR;2;2023-01-28;0;0;0;1;0;0;1;0;0;6127283;6816202;10674365;331283;6162226;11787351;436645;0;6319
FR;2;2023-01-29;0;0;1;0;0;0;1;0;0;6127283;6816202;10674366;331283;6162226;11787351;436646;0;6319
FR;2;2023-01-30;0;1;2;3;1;1;4;0;1;6127283;6816203;10674368;331286;6162227;11787352;436650;0;6320
FR;2;2023-01-31;1;0;3;2;0;2;3;0;0;6127284;6816203;10674371;331288;6162227;11787354;436653;0;6320
FR;2;2023-02-01;0;3;2;0;2;3;0;0;0;6127284;6816206;10674373;331288;6162229;11787357;436653;0;6320
FR;2;2023-02-02;0;2;3;4;1;4;6;0;4;6127284;6816208;10674376;331292;6162230;11787361;436659;0;6324
FR;2;2023-02-03;0;2;1;12;2;0;11;0;9;6127284;6816210;10674377;331304;6162232;11787361;436670;0;6333
FR;2;2023-02-04;0;1;1;0;0;2;0;0;0;6127284;6816211;10674378;331304;6162232;11787363;436670;0;6333
FR;2;2023-02-05;0;0;0;0;0;0;0;0;0;6127284;6816211;10674378;331304;6162232;11787363;436670;0;6333
FR;2;2023-02-06;0;3;2;2;2;3;2;0;0;6127284;6816214;10674380;331306;6162234;11787366;436672;0;6333
FR;2;2023-02-07;2;1;0;0;0;1;0;0;1;6127286;6816215;10674380;331306;6162234;11787367;436672;0;6334
FR;2;2023-02-08;0;0;3;2;0;2;4;0;1;6127286;6816215;10674383;331308;6162234;11787369;436676;0;6335
FR;2;2023-02-09;0;0;1;4;0;2;3;0;3;6127286;6816215;10674384;331312;6162234;11787371;436679;0;6338
FR;2;2023-02-10;0;0;1;3;0;1;2;0;6;6127286;6816215;10674385;331315;6162234;11787372;436681;0;6344
FR;2;2023-02-11;2;2;1;1;0;2;2;0;0;6127288;6816217;10674386;331316;6162234;11787374;436683;0;6344
FR;2;2023-02-12;0;0;0;0;0;0;0;0;0;6127288;6816217;10674386;331316;6162234;11787374;436683;0;6344
FR;2;2023-02-13;3;0;1;5;0;0;5;0;1;6127291;6816217;10674387;331321;6162234;11787374;436688;0;6345
FR;2;2023-02-14;1;2;1;1;2;0;2;0;0;6127292;6816219;10674388;331322;6162236;11787374;436690;0;6345
FR;2;2023-02-15;2;0;1;1;0;1;1;0;0;6127294;6816219;10674389;331323;6162236;11787375;436691;0;6345
FR;2;2023-02-16;1;1;1;1;1;1;1;0;2;6127295;6816220;10674390;331324;6162237;11787376;436692;0;6347
FR;2;2023-02-17;0;0;1;4;0;1;3;0;4;6127295;6816220;10674391;331328;6162237;11787377;436695;0;6351
FR;2;2023-02-18;0;0;4;1;0;4;0;0;1;6127295;6816220;10674395;331329;6162237;11787381;436695;0;6352
FR;2;2023-02-19;0;1;0;0;1;0;0;0;0;6127295;6816221;10674395;331329;6162238;11787381;436695;0;6352
FR;2;2023-02-20;1;0;0;1;0;0;1;0;2;6127296;6816221;10674395;331330;6162238;11787381;436696;0;6354
FR;2;2023-02-21;0;0;0;1;0;0;1;0;2;6127296;6816221;10674395;331331;6162238;11787381;436697;0;6356
FR;2;2023-02-22;1;0;0;3;0;0;3;0;0;6127297;6816221;10674395;331334;6162238;11787381;436700;0;6356
FR;2;2023-02-23;0;0;0;1;0;0;1;0;3;6127297;6816221;10674395;331335;6162238;11787381;436701;0;6359
FR;2;2023-02-24;1;0;1;2;0;0;3;0;0;6127298;6816221;10674396;331337;6162238;11787381;436704;0;6359
FR;2;2023-02-25;0;0;1;2;0;1;2;0;0;6127298;6816221;10674397;331339;6162238;11787382;436706;0;6359
FR;2;2023-02-26;0;0;0;0;0;0;0;0;0;6127298;6816221;10674397;331339;6162238;11787382;436706;0;6359
FR;2;2023-02-27;1;0;1;1;1;1;1;0;0;6127299;6816221;10674398;331340;6162239;11787383;436707;0;6359
FR;2;2023-02-28;1;0;0;0;0;0;0;0;2;6127300;6816221;10674398;331340;6162239;11787383;436707;0;6361
FR;2;2023-03-01;0;2;3;2;1;3;1;0;1;6127300;6816223;10674401;331342;6162240;11787386;436708;0;6362
FR;2;2023-03-02;0;2;2;1;2;1;1;0;1;6127300;6816225;10674403;331343;6162242;11787387;436709;0;6363
FR;2;2023-03-03;1;0;3;1;0;3;1;0;0;6127301;6816225;10674406;331344;6162242;11787390;436710;0;6363
FR;2;2023-03-04;0;0;1;0;0;1;0;0;0;6127301;6816225;10674407;331344;6162242;11787391;436710;0;6363
FR;2;2023-03-05;0;0;0;0;0;0;0;0;0;6127301;6816225;10674407;331344;6162242;11787391;436710;0;6363
FR;2;2023-03-06;0;0;2;1;0;1;2;0;2;6127301;6816225;10674409;331345;6162242;11787392;436712;0;6365
FR;2;2023-03-07;0;1;2;1;1;2;1;0;1;6127301;6816226;10674411;331346;6162243;11787394;436713;0;6366
FR;2;2023-03-08;0;0;0;0;0;0;0;0;2;6127301;6816226;10674411;331346;6162243;11787394;436713;0;6368
FR;2;2023-03-09;0;0;1;1;0;0;2;0;0;6127301;6816226;10674412;331347;6162243;11787394;436715;0;6368
FR;2;2023-03-10;0;0;1;0;0;1;0;0;0;6127301;6816226;10674413;331347;6162243;11787395;436715;0;6368
FR;2;2023-03-11;0;0;4;1;0;3;2;0;0;6127301;6816226;10674417;331348;6162243;11787398;436717;0;6368
FR;2;2023-03-12;0;0;0;0;0;0;0;0;0;6127301;6816226;10674417;331348;6162243;11787398;436717;0;6368
FR;2;2023-03-13;0;0;1;3;0;1;3;0;0;6127301;6816226;10674418;331351;6162243;11787399;436720;0;6368
FR;2;2023-03-14;1;0;0;0;0;0;0;0;0;6127302;6816226;10674418;331351;6162243;11787399;436720;0;6368
FR;2;2023-03-15;0;1;0;3;1;0;3;0;0;6127302;6816227;10674418;331354;6162244;11787399;436723;0;6368
FR;2;2023-03-16;0;1;0;0;1;0;1;0;0;6127302;6816228;10674418;331354;6162245;11787399;436724;0;6368
FR;2;2023-03-17;0;0;1;1;0;1;0;0;0;6127302;6816228;10674419;331355;6162245;11787400;436724;0;6368
FR;2;2023-03-18;0;0;7;0;0;7;0;0;1;6127302;6816228;10674426;331355;6162245;11787407;436724;0;6369
FR;2;2023-03-19;0;0;0;0;0;0;0;0;0;6127302;6816228;10674426;331355;6162245;11787407;436724;0;6369
FR;2;2023-03-20;0;0;1;0;0;1;0;0;0;6127302;6816228;10674427;331355;6162245;11787408;436724;0;6369
FR;2;2023-03-21;0;0;1;2;0;1;2;0;1;6127302;6816228;10674428;331357;6162245;11787409;436726;0;6370
FR;2;2023-03-22;0;0;0;0;0;0;0;0;1;6127302;6816228;10674428;331357;6162245;11787409;436726;0;6371
FR;2;2023-03-23;0;1;0;0;1;0;0;0;1;6127302;6816229;10674428;331357;6162246;11787409;436726;0;6372
FR;2;2023-03-24;0;1;0;2;1;0;2;0;2;6127302;6816230;10674428;331359;6162247;11787409;436728;0;6374
FR;2;2023-03-25;0;0;1;2;0;1;2;0;0;6127302;6816230;10674429;331361;6162247;11787410;436730;0;6374
FR;2;2023-03-26;0;1;1;0;1;1;0;0;0;6127302;6816231;10674430;331361;6162248;11787411;436730;0;6374
FR;2;2023-03-27;0;2;2;0;2;2;0;0;1;6127302;6816233;10674432;331361;6162250;11787413;436730;0;6375
FR;2;2023-03-28;0;0;0;0;0;0;0;0;1;6127302;6816233;10674432;331361;6162250;11787413;436730;0;6376
FR;2;2023-03-29;0;0;0;2;0;0;2;0;0;6127302;6816233;10674432;331363;6162250;11787413;436732;0;6376
FR;2;2023-03-30;0;0;0;0;0;0;0;0;0;6127302;6816233;10674432;331363;6162250;11787413;436732;0;6376
FR;2;2023-03-31;0;1;0;1;1;0;1;0;0;6127302;6816234;10674432;331364;6162251;11787413;436733;0;6376
FR;2;2023-04-01;0;0;1;0;0;0;1;0;0;6127302;6816234;10674433;331364;6162251;11787413;436734;0;6376
FR;2;2023-04-02;0;0;0;0;0;0;0;0;0;6127302;6816234;10674433;331364;6162251;11787413;436734;0;6376
FR;2;2023-04-03;0;1;1;2;1;1;2;0;1;6127302;6816235;10674434;331366;6162252;11787414;436736;0;6377
FR;2;2023-04-04;0;0;0;2;0;0;2;0;0;6127302;6816235;10674434;331368;6162252;11787414;436738;0;6377
FR;2;2023-04-05;0;0;0;0;0;0;0;0;0;6127302;6816235;10674434;331368;6162252;11787414;436738;0;6377
FR;2;2023-04-06;0;1;0;0;1;0;0;0;0;6127302;6816236;10674434;331368;6162253;11787414;436738;0;6377
FR;2;2023-04-07;0;0;0;1;0;0;1;0;0;6127302;6816236;10674434;331369;6162253;11787414;436739;0;6377
FR;2;2023-04-08;0;0;0;0;0;0;0;0;0;6127302;6816236;10674434;331369;6162253;11787414;436739;0;6377
FR;2;2023-04-09;0;0;1;0;0;1;0;0;0;6127302;6816236;10674435;331369;6162253;11787415;436739;0;6377
FR;2;2023-04-10;0;2;0;0;1;1;0;0;0;6127302;6816238;10674435;331369;6162254;11787416;436739;0;6377
FR;2;2023-04-11;0;0;0;0;0;0;0;0;1;6127302;6816238;10674435;331369;6162254;11787416;436739;0;6378
FR;2;2023-04-12;0;0;0;0;0;0;0;0;0;6127302;6816238;10674435;331369;6162254;11787416;436739;0;6378
FR;2;2023-04-13;0;0;1;0;0;1;0;0;0;6127302;6816238;10674436;331369;6162254;11787417;436739;0;6378
FR;2;2023-04-14;0;0;0;1;0;0;1;0;0;6127302;6816238;10674436;331370;6162254;11787417;436740;0;6378
FR;2;2023-04-15;0;0;0;0;0;0;0;0;0;6127302;6816238;10674436;331370;6162254;11787417;436740;0;6378
FR;2;2023-04-16;0;0;0;0;0;0;0;0;0;6127302;6816238;10674436;331370;6162254;11787417;436740;0;6378
FR;2;2023-04-17;1;1;0;0;1;0;0;0;0;6127303;6816239;10674436;331370;6162255;11787417;436740;0;6378
FR;2;2023-04-18;0;0;1;2;0;1;2;0;0;6127303;6816239;10674437;331372;6162255;11787418;436742;0;6378
FR;2;2023-04-19;0;0;0;0;0;0;2;0;0;6127303;6816239;10674437;331372;6162255;11787418;436744;0;6378
FR;2;2023-04-20;0;0;1;1;0;1;1;0;0;6127303;6816239;10674438;331373;6162255;11787419;436745;0;6378
FR;2;2023-04-21;0;0;0;0;0;0;0;0;0;6127303;6816239;10674438;331373;6162255;11787419;436745;0;6378
FR;2;2023-04-22;0;0;0;2;0;0;0;0;2;6127303;6816239;10674438;331375;6162255;11787419;436745;0;6380
FR;2;2023-04-23;0;0;0;0;0;0;0;0;0;6127303;6816239;10674438;331375;6162255;11787419;436745;0;6380
FR;2;2023-04-24;0;0;1;0;0;0;1;0;0;6127303;6816239;10674439;331375;6162255;11787419;436746;0;6380
FR;2;2023-04-25;0;0;0;0;0;0;0;0;0;6127303;6816239;10674439;331375;6162255;11787419;436746;0;6380
FR;2;2023-04-26;0;1;0;0;0;1;0;0;0;6127303;6816240;10674439;331375;6162255;11787420;436746;0;6380
FR;2;2023-04-27;0;0;0;0;0;0;0;0;1;6127303;6816240;10674439;331375;6162255;11787420;436746;0;6381
FR;2;2023-04-28;0;0;0;0;0;0;0;0;2;6127303;6816240;10674439;331375;6162255;11787420;436746;0;6383
FR;2;2023-04-29;0;0;0;1;0;0;1;0;0;6127303;6816240;10674439;331376;6162255;11787420;436747;0;6383
FR;2;2023-04-30;0;0;0;0;0;0;0;0;0;6127303;6816240;10674439;331376;6162255;11787420;436747;0;6383
FR;3;2020-12-27;0;0;0;0;0;0;0;0;0;0;0;0;0;0;0;0;0;0
FR;3;2020-12-28;0;0;0;0;0;0;0;0;0;0;0;0;0;0;0;0;0;0
FR;3;2020-12-29;0;0;0;0;0;0;0;0;0;0;0;0;0;0;0;0;0;0
FR;3;2020-12-30;0;0;0;0;0;0;0;0;0;0;0;0;0;0;0;0;0;0
FR;3;2020-12-31;0;0;0;0;0;0;0;0;0;0;0;0;0;0;0;0;0;0
FR;3;2021-01-01;0;0;0;0;0;0;0;0;0;0;0;0;0;0;0;0;0;0
FR;3;2021-01-02;0;0;0;0;0;0;0;0;0;0;0;0;0;0;0;0;0;0
FR;3;2021-01-03;0;0;0;0;0;0;0;0;0;0;0;0;0;0;0;0;0;0
FR;3;2021-01-04;0;0;0;0;0;0;0;0;0;0;0;0;0;0;0;0;0;0
FR;3;2021-01-05;0;0;0;0;0;0;0;0;0;0;0;0;0;0;0;0;0;0
FR;3;2021-01-06;0;0;0;0;0;0;0;0;0;0;0;0;0;0;0;0;0;0
FR;3;2021-01-07;0;0;0;0;0;0;0;0;0;0;0;0;0;0;0;0;0;0
FR;3;2021-01-08;0;0;0;0;0;0;0;0;0;0;0;0;0;0;0;0;0;0
FR;3;2021-01-09;0;0;0;0;0;0;0;0;0;0;0;0;0;0;0;0;0;0
FR;3;2021-01-10;0;0;0;0;0;0;0;0;0;0;0;0;0;0;0;0;0;0
FR;3;2021-01-11;0;0;0;0;0;0;0;0;0;0;0;0;0;0;0;0;0;0
FR;3;2021-01-12;0;0;0;0;0;0;0;0;0;0;0;0;0;0;0;0;0;0
FR;3;2021-01-13;0;0;0;0;0;0;0;0;0;0;0;0;0;0;0;0;0;0
FR;3;2021-01-14;0;0;0;0;0;0;0;0;0;0;0;0;0;0;0;0;0;0
FR;3;2021-01-15;0;0;0;0;0;0;0;0;0;0;0;0;0;0;0;0;0;0
FR;3;2021-01-16;0;0;0;0;0;0;0;0;0;0;0;0;0;0;0;0;0;0
FR;3;2021-01-17;0;0;0;0;0;0;0;0;0;0;0;0;0;0;0;0;0;0
FR;3;2021-01-18;0;0;0;0;0;0;0;0;0;0;0;0;0;0;0;0;0;0
FR;3;2021-01-19;0;0;0;0;0;0;0;0;0;0;0;0;0;0;0;0;0;0
FR;3;2021-01-20;0;0;0;0;0;0;0;0;0;0;0;0;0;0;0;0;0;0
FR;3;2021-01-21;0;0;0;0;0;0;0;0;0;0;0;0;0;0;0;0;0;0
FR;3;2021-01-22;0;0;0;0;0;0;0;0;0;0;0;0;0;0;0;0;0;0
FR;3;2021-01-23;0;0;0;0;0;0;0;0;0;0;0;0;0;0;0;0;0;0
FR;3;2021-01-24;0;0;0;0;0;0;0;0;0;0;0;0;0;0;0;0;0;0
FR;3;2021-01-25;0;0;0;0;0;0;0;0;0;0;0;0;0;0;0;0;0;0
FR;3;2021-01-26;0;0;0;0;0;0;0;0;0;0;0;0;0;0;0;0;0;0
FR;3;2021-01-27;0;0;0;0;0;0;0;0;0;0;0;0;0;0;0;0;0;0
FR;3;2021-01-28;0;0;0;0;0;0;0;0;0;0;0;0;0;0;0;0;0;0
FR;3;2021-01-29;0;0;0;0;0;0;0;0;0;0;0;0;0;0;0;0;0;0
FR;3;2021-01-30;0;0;0;0;0;0;0;0;0;0;0;0;0;0;0;0;0;0
FR;3;2021-01-31;0;0;0;0;0;0;0;0;0;0;0;0;0;0;0;0;0;0
FR;3;2021-02-01;0;0;0;0;0;0;0;0;0;0;0;0;0;0;0;0;0;0
FR;3;2021-02-02;0;0;0;0;0;0;0;0;0;0;0;0;0;0;0;0;0;0
FR;3;2021-02-03;0;0;0;0;0;0;0;0;0;0;0;0;0;0;0;0;0;0
FR;3;2021-02-04;0;0;0;0;0;0;0;0;0;0;0;0;0;0;0;0;0;0
FR;3;2021-02-05;0;0;0;0;0;0;0;0;0;0;0;0;0;0;0;0;0;0
FR;3;2021-02-06;1476;0;0;0;106;0;0;0;0;1476;0;0;0;106;0;0;0;0
FR;3;2021-02-07;1423;2;0;0;87;0;0;0;0;2899;2;0;0;193;0;0;0;0
FR;3;2021-02-08;2789;1;0;0;177;0;0;0;0;5688;3;0;0;370;0;0;0;0
FR;3;2021-02-09;6786;0;0;0;502;0;0;0;0;12474;3;0;0;872;0;0;0;0
FR;3;2021-02-10;9612;0;0;0;695;0;0;0;0;22086;3;0;0;1567;0;0;0;0
FR;3;2021-02-11;13620;4;0;0;919;0;0;0;0;35706;7;0;0;2486;0;0;0;0
FR;3;2021-02-12;13410;0;0;0;907;0;0;0;0;49116;7;0;0;3393;0;0;0;0
FR;3;2021-02-13;3800;1;0;0;218;0;0;0;0;52916;8;0;0;3611;0;0;0;0
FR;3;2021-02-14;975;1;0;0;53;0;0;0;0;53891;9;0;0;3664;0;0;0;0
FR;3;2021-02-15;10497;2;0;0;719;0;0;0;0;64388;11;0;0;4383;0;0;0;0
FR;3;2021-02-16;12556;5;0;0;871;0;0;0;0;76944;16;0;0;5254;0;0;0;0
FR;3;2021-02-17;11159;1;0;0;717;0;0;0;0;88103;17;0;0;5971;0;0;0;0
FR;3;2021-02-18;14943;2;0;0;985;0;0;0;0;103046;19;0;0;6956;0;0;0;0
FR;3;2021-02-19;14364;1;0;0;846;0;0;0;0;117410;20;0;0;7802;0;0;0;0
FR;3;2021-02-20;3332;0;0;0;178;0;0;0;0;120742;20;0;0;7980;0;0;0;0
FR;3;2021-02-21;620;0;0;0;35;0;0;0;0;121362;20;0;0;8015;0;0;0;0
FR;3;2021-02-22;9171;1;0;0;654;0;0;0;0;130533;21;0;0;8669;0;0;0;0
FR;3;2021-02-23;11406;6;0;0;761;0;0;0;0;141939;27;0;0;9430;0;0;0;0
FR;3;2021-02-24;14305;1;0;0;829;0;0;0;0;156244;28;0;0;10259;0;0;0;0
FR;3;2021-02-25;44935;3;0;0;1814;0;0;0;0;201179;31;0;0;12073;0;0;0;0
FR;3;2021-02-26;61889;13;0;0;2201;0;0;0;0;263068;44;0;0;14274;0;0;0;0
FR;3;2021-02-27;34811;14;0;0;1028;0;0;0;0;297879;58;0;0;15302;0;0;0;0
FR;3;2021-02-28;2464;0;0;0;114;0;0;0;0;300343;58;0;0;15416;0;0;0;0
FR;3;2021-03-01;20521;21;0;0;1067;0;0;0;0;320864;79;0;0;16483;0;0;0;0
FR;3;2021-03-02;38878;25;0;0;1790;0;0;0;0;359742;104;0;0;18273;0;0;0;0
FR;3;2021-03-03;48750;18;0;0;2130;0;0;0;0;408492;122;0;0;20403;0;0;0;0
FR;3;2021-03-04;82229;25;0;0;3194;0;0;0;0;490721;147;0;0;23597;0;0;0;0
FR;3;2021-03-05;118138;42;0;0;4692;0;0;0;0;608859;189;0;0;28289;0;0;0;0
FR;3;2021-03-06;120727;65;1;0;3559;0;0;0;0;729586;254;1;0;31848;0;0;0;0
FR;3;2021-03-07;55186;23;0;0;1729;0;0;0;0;784772;277;1;0;33577;0;0;0;0
FR;3;2021-03-08;42814;29;0;0;2074;0;0;0;0;827586;306;1;0;35651;0;0;0;0
FR;3;2021-03-09;78978;51;0;0;3288;0;0;0;0;906564;357;1;0;38939;0;0;0;0
FR;3;2021-03-10;80985;67;0;0;3243;0;0;0;0;987549;424;1;0;42182;0;0;0;0
FR;3;2021-03-11;128447;66;0;0;4766;0;0;0;0;1115996;490;1;0;46948;0;0;0;0
FR;3;2021-03-12;182719;122;0;0;6279;0;0;0;0;1298715;612;1;0;53227;0;0;0;0
FR;3;2021-03-13;132160;91;0;0;3530;0;0;0;0;1430875;703;1;0;56757;0;0;0;0
FR;3;2021-03-14;14061;6;0;0;550;0;0;0;0;1444936;709;1;0;57307;0;0;0;0
FR;3;2021-03-15;52242;82;0;0;2097;0;0;0;0;1497178;791;1;0;59404;0;0;0;0
FR;3;2021-03-16;1221;51;0;0;105;0;0;0;0;1498399;842;1;0;59509;0;0;0;0
FR;3;2021-03-17;950;56;0;0;95;0;0;0;0;1499349;898;1;0;59604;0;0;0;0
FR;3;2021-03-18;1576;42;0;0;102;0;0;0;0;1500925;940;1;0;59706;0;0;0;0
FR;3;2021-03-19;70458;56;0;0;2060;0;0;0;0;1571383;996;1;0;61766;0;0;0;0
FR;3;2021-03-20;65242;51;0;0;1702;0;0;0;0;1636625;1047;1;0;63468;0;0;0;0
FR;3;2021-03-21;5761;8;0;0;199;0;0;0;0;1642386;1055;1;0;63667;0;0;0;0
FR;3;2021-03-22;37511;49;0;0;1052;0;0;0;0;1679897;1104;1;0;64719;0;0;0;0
FR;3;2021-03-23;84670;87;0;0;2288;0;0;0;0;1764567;1191;1;0;67007;0;0;0;0
FR;3;2021-03-24;90955;99;0;0;2491;0;0;0;0;1855522;1290;1;0;69498;0;0;0;0
FR;3;2021-03-25;150068;149;0;0;3792;0;0;0;0;2005590;1439;1;0;73290;0;0;0;0
FR;3;2021-03-26;165431;157;0;0;4148;0;0;0;0;2171021;1596;1;0;77438;0;0;0;0
FR;3;2021-03-27;68465;101;0;0;2004;0;0;0;0;2239486;1697;1;0;79442;0;0;0;0
FR;3;2021-03-28;6481;20;0;0;238;0;0;0;0;2245967;1717;1;0;79680;0;0;0;0
FR;3;2021-03-29;54171;83;0;0;1480;0;0;0;0;2300138;1800;1;0;81160;0;0;0;0
FR;3;2021-03-30;93185;103;0;0;2564;0;0;0;0;2393323;1903;1;0;83724;0;0;0;0
FR;3;2021-03-31;63547;110;0;0;1964;0;0;0;0;2456870;2013;1;0;85688;0;0;0;0
FR;3;2021-04-01;86136;116;0;0;2496;0;0;0;0;2543006;2129;1;0;88184;0;0;0;0
FR;3;2021-04-02;86915;186;0;0;2766;0;0;0;0;2629921;2315;1;0;90950;0;0;0;0
FR;3;2021-04-03;35876;133;0;0;1164;0;0;0;0;2665797;2448;1;0;92114;0;0;0;0
FR;3;2021-04-04;3577;19;0;0;164;0;0;0;0;2669374;2467;1;0;92278;0;0;0;0
FR;3;2021-04-05;4492;40;0;0;236;0;0;0;0;2673866;2507;1;0;92514;0;0;0;0
FR;3;2021-04-06;29763;105;0;0;1091;0;0;0;0;2703629;2612;1;0;93605;0;0;0;0
FR;3;2021-04-07;32350;113;0;0;1052;0;0;0;0;2735979;2725;1;0;94657;0;0;0;0
FR;3;2021-04-08;78826;273;0;0;2618;0;0;0;0;2814805;2998;1;0;97275;0;0;0;0
FR;3;2021-04-09;161764;454;0;0;5180;0;0;0;0;2976569;3452;1;0;102455;0;0;0;0
FR;3;2021-04-10;75765;365;0;0;2697;0;0;0;0;3052334;3817;1;0;105152;0;0;0;0
FR;3;2021-04-11;7316;47;0;0;306;0;0;0;0;3059650;3864;1;0;105458;0;0;0;0
FR;3;2021-04-12;51484;219;0;0;1738;0;0;0;0;3111134;4083;1;0;107196;0;0;0;0
FR;3;2021-04-13;86236;364;0;0;2911;0;0;0;0;3197370;4447;1;0;110107;0;0;0;0
FR;3;2021-04-14;67847;377;0;0;2429;0;0;0;0;3265217;4824;1;0;112536;0;0;0;0
FR;3;2021-04-15;93246;404;0;0;3442;0;0;0;0;3358463;5228;1;0;115978;0;0;0;0
FR;3;2021-04-16;112532;628;0;0;4343;0;0;0;0;3470995;5856;1;0;120321;0;0;0;0
FR;3;2021-04-17;53319;371;1;0;2277;0;0;0;0;3524314;6227;2;0;122598;0;0;0;0
FR;3;2021-04-18;9752;49;0;0;423;0;0;0;0;3534066;6276;2;0;123021;0;0;0;0
FR;3;2021-04-19;25117;287;0;0;1093;0;0;0;0;3559183;6563;2;0;124114;0;0;0;0
FR;3;2021-04-20;45676;438;0;0;1908;0;0;0;0;3604859;7001;2;0;126022;0;0;0;0
FR;3;2021-04-21;38988;552;0;0;1896;0;0;0;0;3643847;7553;2;0;127918;0;0;0;0
FR;3;2021-04-22;54723;875;0;0;2827;0;0;0;0;3698570;8428;2;0;130745;0;0;0;0
FR;3;2021-04-23;70493;1094;0;0;3696;0;0;0;0;3769063;9522;2;0;134441;0;0;0;0
FR;3;2021-04-24;37253;1101;0;0;2490;0;0;0;0;3806316;10623;2;0;136931;0;0;0;0
FR;3;2021-04-25;6213;158;0;0;446;0;0;0;0;3812529;10781;2;0;137377;0;0;0;0
FR;3;2021-04-26;19792;700;0;0;1435;0;0;0;0;3832321;11481;2;0;138812;0;0;0;0
FR;3;2021-04-27;34486;1337;0;0;2595;0;0;0;0;3866807;12818;2;0;141407;0;0;0;0
FR;3;2021-04-28;28971;2047;0;0;3164;0;0;0;0;3895778;14865;2;0;144571;0;0;0;0
FR;3;2021-04-29;45393;6126;0;0;7945;0;0;0;0;3941171;20991;2;0;152516;0;0;0;0
FR;3;2021-04-30;55465;9117;1;0;11512;0;0;0;0;3996636;30108;3;0;164028;0;0;0;0
FR;3;2021-05-01;9518;2064;0;0;2495;0;0;0;0;4006154;32172;3;0;166523;0;0;0;0
FR;3;2021-05-02;3081;466;0;0;611;0;0;0;0;4009235;32638;3;0;167134;0;0;0;0
FR;3;2021-05-03;13067;3940;0;0;4507;0;0;0;0;4022302;36578;3;0;171641;0;0;0;0
FR;3;2021-05-04;23123;8374;0;0;9441;0;0;0;0;4045425;44952;3;0;181082;0;0;0;0
FR;3;2021-05-05;18767;10832;0;0;11770;0;0;0;0;4064192;55784;3;0;192852;0;0;0;0
FR;3;2021-05-06;34632;21265;0;0;22815;0;0;0;0;4098824;77049;3;0;215667;0;0;0;0
FR;3;2021-05-07;44211;28903;0;0;31206;0;0;0;0;4143035;105952;3;0;246873;0;0;0;0
FR;3;2021-05-08;6786;9190;0;0;9556;0;0;0;0;4149821;115142;3;0;256429;0;0;0;0
FR;3;2021-05-09;1797;2666;0;0;2767;0;0;0;0;4151618;117808;3;0;259196;0;0;0;0
FR;3;2021-05-10;15001;12916;0;0;13609;0;0;0;0;4166619;130724;3;0;272805;0;0;0;0
FR;3;2021-05-11;27100;26273;0;0;27546;0;0;0;0;4193719;156997;3;0;300351;0;0;0;0
FR;3;2021-05-12;17273;28146;0;0;29084;0;0;0;0;4210992;185143;3;0;329435;0;0;0;0
FR;3;2021-05-13;2285;3510;0;0;3631;0;0;0;0;4213277;188653;3;0;333066;0;0;0;0
FR;3;2021-05-14;14521;26084;0;0;26865;0;0;0;0;4227798;214737;3;0;359931;0;0;0;0
FR;3;2021-05-15;7233;21086;0;0;21516;0;0;0;0;4235031;235823;3;0;381447;0;0;0;0
FR;3;2021-05-16;977;2649;0;0;2695;0;0;0;0;4236008;238472;3;0;384142;0;0;0;0
FR;3;2021-05-17;7967;20223;0;0;20667;0;0;0;0;4243975;258695;3;0;404809;0;0;0;0
FR;3;2021-05-18;13418;30157;0;0;30919;0;0;0;0;4257393;288852;3;0;435728;0;0;0;0
FR;3;2021-05-19;9277;30525;0;0;31119;0;0;0;0;4266670;319377;3;0;466847;0;0;0;0
FR;3;2021-05-20;12808;53831;3;0;54758;0;0;0;0;4279478;373208;6;0;521605;0;0;0;0
FR;3;2021-05-21;12771;66184;2;0;67115;0;0;0;0;4292249;439392;8;0;588720;0;0;0;0
FR;3;2021-05-22;4967;33780;1;0;34163;0;0;0;0;4297216;473172;9;0;622883;0;0;0;0
FR;3;2021-05-23;651;2663;0;0;2695;0;0;0;0;4297867;475835;9;0;625578;0;0;0;0
FR;3;2021-05-24;885;4784;0;0;4828;0;0;0;0;4298752;480619;9;0;630406;0;0;0;0
FR;3;2021-05-25;5316;46736;1;0;47143;0;0;0;0;4304068;527355;10;0;677549;0;0;0;0
FR;3;2021-05-26;4982;52191;1;0;52665;0;0;0;0;4309050;579546;11;0;730214;0;0;0;0
FR;3;2021-05-27;6338;79067;3;0;79678;0;0;0;0;4315388;658613;14;0;809892;0;0;0;0
FR;3;2021-05-28;7546;100334;2;0;101140;0;0;0;0;4322934;758947;16;0;911032;0;0;0;0
FR;3;2021-05-29;3350;61184;1;0;61566;0;0;0;0;4326284;820131;17;0;972598;0;0;0;0
FR;3;2021-05-30;551;8078;0;0;8127;0;0;0;0;4326835;828209;17;0;980725;0;0;0;0
FR;3;2021-05-31;2442;35484;3;0;35750;0;0;0;0;4329277;863693;20;0;1016475;0;0;0;0
FR;3;2021-06-01;3418;64902;10;0;65354;0;0;0;0;4332695;928595;30;0;1081829;0;0;0;0
FR;3;2021-06-02;2735;58931;6;0;59266;0;0;0;0;4335430;987526;36;0;1141095;0;0;0;0
FR;3;2021-06-03;3496;87202;10;0;87741;0;0;0;0;4338926;1074728;46;0;1228836;0;0;0;0
FR;3;2021-06-04;4125;105868;22;0;106534;0;0;0;0;4343051;1180596;68;0;1335370;0;0;0;0
FR;3;2021-06-05;1983;52608;4;0;52926;0;0;0;0;4345034;1233204;72;0;1388296;0;0;0;0
FR;3;2021-06-06;511;5269;1;0;5317;0;0;0;0;4345545;1238473;73;0;1393613;0;0;0;0
FR;3;2021-06-07;1487;30716;11;0;30897;0;0;0;0;4347032;1269189;84;0;1424510;0;0;0;0
FR;3;2021-06-08;2066;47426;18;0;47772;0;0;0;0;4349098;1316615;102;0;1472282;0;0;0;0
FR;3;2021-06-09;1796;41807;13;0;42112;0;0;0;0;4350894;1358422;115;0;1514394;0;0;0;0
FR;3;2021-06-10;2261;67663;17;0;68061;0;0;0;0;4353155;1426085;132;0;1582455;0;0;0;0
FR;3;2021-06-11;2493;96635;34;0;97111;0;0;0;0;4355648;1522720;166;0;1679566;0;0;0;0
FR;3;2021-06-12;1179;40557;6;0;40789;0;0;0;0;4356827;1563277;172;0;1720355;0;0;0;0
FR;3;2021-06-13;283;3606;3;0;3641;0;0;0;0;4357110;1566883;175;0;1723996;0;0;0;0
FR;3;2021-06-14;1051;42315;17;0;42485;0;0;0;0;4358161;1609198;192;0;1766481;0;0;0;0
FR;3;2021-06-15;1379;80355;20;0;80660;0;0;0;0;4359540;1689553;212;0;1847141;0;0;0;0
FR;3;2021-06-16;1263;65506;20;0;65779;0;0;0;0;4360803;1755059;232;0;1912920;0;0;0;0
FR;3;2021-06-17;1667;102292;41;0;102678;0;0;0;0;4362470;1857351;273;0;2015598;0;0;0;0
FR;3;2021-06-18;1873;118469;63;0;118939;0;0;0;0;4364343;1975820;336;0;2134537;0;0;0;0
FR;3;2021-06-19;804;39455;22;0;39650;0;0;0;0;4365147;2015275;358;0;2174187;0;0;0;0
FR;3;2021-06-20;162;3195;0;0;3224;0;0;0;0;4365309;2018470;358;0;2177411;0;0;0;0
FR;3;2021-06-21;775;39089;16;0;39247;0;0;0;0;4366084;2057559;374;0;2216658;0;0;0;0
FR;3;2021-06-22;1065;70093;52;0;70363;0;0;0;0;4367149;2127652;426;0;2287021;0;0;0;0
FR;3;2021-06-23;946;50831;39;0;51103;0;0;0;0;4368095;2178483;465;0;2338124;0;0;0;0
FR;3;2021-06-24;1314;77298;48;0;77671;0;0;0;0;4369409;2255781;513;0;2415795;0;0;0;0
FR;3;2021-06-25;1410;90853;73;0;91286;0;0;0;0;4370819;2346634;586;0;2507081;0;0;0;0
FR;3;2021-06-26;631;33112;29;0;33304;0;0;0;0;4371450;2379746;615;0;2540385;0;0;0;0
FR;3;2021-06-27;168;3779;1;0;3803;0;0;0;0;4371618;2383525;616;0;2544188;0;0;0;0
FR;3;2021-06-28;655;29929;27;0;30123;0;0;0;0;4372273;2413454;643;0;2574311;0;0;0;0
FR;3;2021-06-29;856;56655;95;0;56899;0;0;0;0;4373129;2470109;738;0;2631210;0;0;0;0
FR;3;2021-06-30;905;45214;93;0;45482;0;0;0;0;4374034;2515323;831;0;2676692;0;0;0;0
FR;3;2021-07-01;1164;66128;108;0;66477;0;0;0;0;4375198;2581451;939;0;2743169;0;0;0;0
FR;3;2021-07-02;1305;90527;170;0;91009;0;0;0;0;4376503;2671978;1109;0;2834178;0;0;0;0
FR;3;2021-07-03;602;31186;51;0;31387;0;0;0;0;4377105;2703164;1160;0;2865565;0;0;0;0
FR;3;2021-07-04;144;3967;3;0;3997;0;0;0;0;4377249;2707131;1163;0;2869562;0;0;0;0
FR;3;2021-07-05;613;33605;60;0;33806;0;0;0;0;4377862;2740736;1223;0;2903368;0;0;0;0
FR;3;2021-07-06;965;55936;88;0;56247;0;0;0;0;4378827;2796672;1311;0;2959615;0;0;0;0
FR;3;2021-07-07;874;42964;80;0;43262;0;0;0;0;4379701;2839636;1391;0;3002877;0;0;0;0
FR;3;2021-07-08;1127;60812;99;0;61222;0;0;0;0;4380828;2900448;1490;0;3064099;0;0;0;0
FR;3;2021-07-09;1261;68940;128;0;69405;0;0;0;0;4382089;2969388;1618;0;3133504;0;0;0;0
FR;3;2021-07-10;644;25020;59;0;25217;0;0;0;0;4382733;2994408;1677;0;3158721;0;0;0;0
FR;3;2021-07-11;132;3173;4;0;3198;0;0;0;0;4382865;2997581;1681;0;3161919;0;0;0;0
FR;3;2021-07-12;662;23597;59;0;23810;0;0;0;0;4383527;3021178;1740;0;3185729;0;0;0;0
FR;3;2021-07-13;1648;34426;90;0;34916;0;0;0;0;4385175;3055604;1830;0;3220645;0;0;0;0
FR;3;2021-07-14;272;2475;2;0;2532;0;0;0;0;4385447;3058079;1832;0;3223177;0;0;0;0
FR;3;2021-07-15;1941;30417;85;0;30992;0;0;0;0;4387388;3088496;1917;0;3254169;0;0;0;0
FR;3;2021-07-16;2520;38620;122;0;39354;0;0;0;0;4389908;3127116;2039;0;3293523;0;0;0;0
FR;3;2021-07-17;1051;13724;26;0;14032;0;0;0;0;4390959;3140840;2065;0;3307555;0;0;0;0
FR;3;2021-07-18;266;2549;3;0;2597;0;0;0;0;4391225;3143389;2068;0;3310152;0;0;0;0
FR;3;2021-07-19;1280;16884;38;0;17252;0;0;0;0;4392505;3160273;2106;0;3327404;0;0;0;0
FR;3;2021-07-20;1823;26931;98;0;27472;0;0;0;0;4394328;3187204;2204;0;3354876;0;0;0;0
FR;3;2021-07-21;1652;19472;44;0;19977;0;0;0;0;4395980;3206676;2248;0;3374853;0;0;0;0
FR;3;2021-07-22;1856;27647;83;0;28212;0;0;0;0;4397836;3234323;2331;0;3403065;0;0;0;0
FR;3;2021-07-23;2217;30212;117;0;30949;0;0;0;0;4400053;3264535;2448;0;3434014;0;0;0;0
FR;3;2021-07-24;828;6928;25;0;7151;0;0;0;0;4400881;3271463;2473;0;3441165;0;0;0;0
FR;3;2021-07-25;210;1287;1;0;1342;0;0;0;0;4401091;3272750;2474;0;3442507;0;0;0;0
FR;3;2021-07-26;933;10508;28;0;10816;0;0;0;0;4402024;3283258;2502;0;3453323;0;0;0;0
FR;3;2021-07-27;1171;16802;56;0;17165;0;0;0;0;4403195;3300060;2558;0;3470488;0;0;0;0
FR;3;2021-07-28;989;12000;40;0;12312;0;0;0;0;4404184;3312060;2598;0;3482800;0;0;0;0
FR;3;2021-07-29;1127;15676;63;0;16089;0;0;0;0;4405311;3327736;2661;0;3498889;0;0;0;0
FR;3;2021-07-30;1129;17991;79;0;18366;0;0;0;0;4406440;3345727;2740;0;3517255;0;0;0;0
FR;3;2021-07-31;407;3711;15;0;3837;0;0;0;0;4406847;3349438;2755;0;3521092;0;0;0;0
FR;3;2021-08-01;117;444;1;0;466;0;0;0;0;4406964;3349882;2756;0;3521558;0;0;0;0
FR;3;2021-08-02;424;5015;22;0;5136;0;0;0;0;4407388;3354897;2778;0;3526694;0;0;0;0
FR;3;2021-08-03;498;7466;27;0;7599;0;0;0;0;4407886;3362363;2805;0;3534293;0;0;0;0
FR;3;2021-08-04;440;4831;26;0;4976;0;0;0;0;4408326;3367194;2831;0;3539269;0;0;0;0
FR;3;2021-08-05;433;3653;13;0;3763;0;0;0;0;4408759;3370847;2844;0;3543032;0;0;0;0
FR;3;2021-08-06;456;4699;30;0;4800;0;0;0;0;4409215;3375546;2874;0;3547832;0;0;0;0
FR;3;2021-08-07;214;1900;11;0;1946;0;0;0;0;4409429;3377446;2885;0;3549778;0;0;0;0
FR;3;2021-08-08;251;423;2;0;456;0;0;0;0;4409680;3377869;2887;0;3550234;0;0;0;0
FR;3;2021-08-09;320;2377;11;0;2447;0;0;0;0;4410000;3380246;2898;0;3552681;0;0;0;0
FR;3;2021-08-10;369;3735;15;0;3823;0;0;0;0;4410369;3383981;2913;0;3556504;0;0;0;0
FR;3;2021-08-11;291;2640;15;0;2700;0;0;0;0;4410660;3386621;2928;0;3559204;0;0;0;0
FR;3;2021-08-12;279;2563;13;0;2651;0;0;0;0;4410939;3389184;2941;0;3561855;0;0;0;0
FR;3;2021-08-13;279;2254;16;0;2340;0;0;0;0;4411218;3391438;2957;0;3564195;0;0;0;0
FR;3;2021-08-14;172;874;1;0;905;0;0;0;0;4411390;3392312;2958;0;3565100;0;0;0;0
FR;3;2021-08-15;56;174;0;0;183;0;0;0;0;4411446;3392486;2958;0;3565283;0;0;0;0
FR;3;2021-08-16;126;1002;8;0;1041;0;0;0;0;4411572;3393488;2966;0;3566324;0;0;0;0
FR;3;2021-08-17;191;1430;8;0;1471;0;0;0;0;4411763;3394918;2974;0;3567795;0;0;0;0
FR;3;2021-08-18;205;1309;10;0;1351;0;0;0;0;4411968;3396227;2984;0;3569146;0;0;0;0
FR;3;2021-08-19;165;1373;10;0;1420;0;0;0;0;4412133;3397600;2994;0;3570566;0;0;0;0
FR;3;2021-08-20;167;1595;16;0;1657;0;0;0;0;4412300;3399195;3010;0;3572223;0;0;0;0
FR;3;2021-08-21;94;576;2;0;591;0;0;0;0;4412394;3399771;3012;0;3572814;0;0;0;0
FR;3;2021-08-22;42;192;1;0;195;0;0;0;0;4412436;3399963;3013;0;3573009;0;0;0;0
FR;3;2021-08-23;141;885;7;0;930;0;0;0;0;4412577;3400848;3020;0;3573939;0;0;0;0
FR;3;2021-08-24;125;924;10;0;956;0;0;0;0;4412702;3401772;3030;0;3574895;0;0;0;0
FR;3;2021-08-25;137;820;3;0;849;0;0;0;0;4412839;3402592;3033;0;3575744;0;0;0;0
FR;3;2021-08-26;172;824;9;0;872;0;0;0;0;4413011;3403416;3042;0;3576616;0;0;0;0
FR;3;2021-08-27;178;937;9;0;989;0;0;0;0;4413189;3404353;3051;0;3577605;0;0;0;0
FR;3;2021-08-28;101;374;4;0;391;0;0;0;0;4413290;3404727;3055;0;3577996;0;0;0;0
FR;3;2021-08-29;128;129;1;0;162;0;0;0;0;4413418;3404856;3056;0;3578158;0;0;0;0
FR;3;2021-08-30;100;560;0;0;469;108;0;0;0;4413518;3405416;3056;0;3578627;108;0;0;0
FR;3;2021-08-31;134;682;7;0;587;134;0;0;0;4413652;3406098;3063;0;3579214;242;0;0;0
FR;3;2021-09-01;122;461;5;0;383;106;0;0;0;4413774;3406559;3068;0;3579597;348;0;0;0
FR;3;2021-09-02;100;595;22;0;531;105;0;0;0;4413874;3407154;3090;0;3580128;453;0;0;0
FR;3;2021-09-03;116;552;17;0;477;116;0;0;0;4413990;3407706;3107;0;3580605;569;0;0;0
FR;3;2021-09-04;55;295;3;0;256;50;0;0;0;4414045;3408001;3110;0;3580861;619;0;0;0
FR;3;2021-09-05;52;65;5;0;55;25;0;0;0;4414097;3408066;3115;0;3580916;644;0;0;0
FR;3;2021-09-06;118;367;4;0;261;130;0;0;0;4414215;3408433;3119;0;3581177;774;0;0;0
FR;3;2021-09-07;125;431;14;0;347;116;0;0;0;4414340;3408864;3133;0;3581524;890;0;0;0
FR;3;2021-09-08;122;344;2;0;274;87;0;0;0;4414462;3409208;3135;0;3581798;977;0;0;0
FR;3;2021-09-09;94;378;8;0;298;103;0;0;0;4414556;3409586;3143;0;3582096;1080;0;0;0
FR;3;2021-09-10;101;402;3;0;332;93;0;0;0;4414657;3409988;3146;0;3582428;1173;0;0;0
FR;3;2021-09-11;79;232;4;0;177;65;0;0;0;4414736;3410220;3150;0;3582605;1238;0;0;0
FR;3;2021-09-12;37;49;1;0;38;16;0;0;0;4414773;3410269;3151;0;3582643;1254;0;0;0
FR;3;2021-09-13;78;298;7;0;215;102;1;0;0;4414851;3410567;3158;0;3582858;1356;1;0;0
FR;3;2021-09-14;75;271;6;0;191;94;0;0;0;4414926;3410838;3164;0;3583049;1450;1;0;0
FR;3;2021-09-15;64;252;3;0;257;6;0;0;0;4414990;3411090;3167;0;3583306;1456;1;0;0
FR;3;2021-09-16;65;320;6;0;331;6;0;0;0;4415055;3411410;3173;0;3583637;1462;1;0;0
FR;3;2021-09-17;52;327;3;0;339;6;0;0;0;4415107;3411737;3176;0;3583976;1468;1;0;0
FR;3;2021-09-18;37;172;1;0;176;1;0;0;0;4415144;3411909;3177;0;3584152;1469;1;0;0
FR;3;2021-09-19;29;31;2;0;34;1;0;0;0;4415173;3411940;3179;0;3584186;1470;1;0;0
FR;3;2021-09-20;82;188;0;0;196;1;0;0;0;4415255;3412128;3179;0;3584382;1471;1;0;0
FR;3;2021-09-21;60;273;7;0;277;8;0;0;0;4415315;3412401;3186;0;3584659;1479;1;0;0
FR;3;2021-09-22;67;229;6;0;242;7;0;0;0;4415382;3412630;3192;0;3584901;1486;1;0;0
FR;3;2021-09-23;37;257;11;0;261;7;0;0;0;4415419;3412887;3203;0;3585162;1493;1;0;0
FR;3;2021-09-24;29;315;12;0;313;18;0;0;0;4415448;3413202;3215;0;3585475;1511;1;0;0
FR;3;2021-09-25;31;144;3;0;150;3;0;0;0;4415479;3413346;3218;0;3585625;1514;1;0;0
FR;3;2021-09-26;16;57;1;0;59;1;0;0;0;4415495;3413403;3219;0;3585684;1515;1;0;0
FR;3;2021-09-27;49;282;3;0;285;5;0;0;0;4415544;3413685;3222;0;3585969;1520;1;0;0
FR;3;2021-09-28;49;245;6;0;253;8;0;0;0;4415593;3413930;3228;0;3586222;1528;1;0;0
FR;3;2021-09-29;40;218;10;0;222;15;0;0;0;4415633;3414148;3238;0;3586444;1543;1;0;0
FR;3;2021-09-30;40;200;8;0;204;11;0;0;0;4415673;3414348;3246;0;3586648;1554;1;0;0
FR;3;2021-10-01;23;159;6;0;161;8;0;0;0;4415696;3414507;3252;0;3586809;1562;1;0;0
FR;3;2021-10-02;17;88;0;0;89;0;0;0;0;4415713;3414595;3252;0;3586898;1562;1;0;0
FR;3;2021-10-03;19;19;1;0;19;2;0;0;0;4415732;3414614;3253;0;3586917;1564;1;0;0
FR;3;2021-10-04;33;157;4;0;162;4;0;0;0;4415765;3414771;3257;0;3587079;1568;1;0;0
FR;3;2021-10-05;17;148;10;0;153;12;0;0;0;4415782;3414919;3267;0;3587232;1580;1;0;0
FR;3;2021-10-06;34;145;9;0;153;10;0;0;0;4415816;3415064;3276;0;3587385;1590;1;0;0
FR;3;2021-10-07;20;132;6;0;130;6;0;0;0;4415836;3415196;3282;0;3587515;1596;1;0;0
FR;3;2021-10-08;25;136;10;0;141;9;0;0;0;4415861;3415332;3292;0;3587656;1605;1;0;0
FR;3;2021-10-09;17;72;1;0;73;1;0;0;0;4415878;3415404;3293;0;3587729;1606;1;0;0
FR;3;2021-10-10;13;17;2;0;16;3;0;0;0;4415891;3415421;3295;0;3587745;1609;1;0;0
FR;3;2021-10-11;17;117;4;0;122;5;0;0;0;4415908;3415538;3299;0;3587867;1614;1;0;0
FR;3;2021-10-12;22;99;6;0;99;6;0;0;0;4415930;3415637;3305;0;3587966;1620;1;0;0
FR;3;2021-10-13;25;114;9;0;121;7;0;0;0;4415955;3415751;3314;0;3588087;1627;1;0;0
FR;3;2021-10-14;19;138;3;0;139;4;0;0;0;4415974;3415889;3317;0;3588226;1631;1;0;0
FR;3;2021-10-15;23;140;8;0;139;13;0;0;0;4415997;3416029;3325;0;3588365;1644;1;0;0
FR;3;2021-10-16;13;66;6;0;65;8;0;0;0;4416010;3416095;3331;0;3588430;1652;1;0;0
FR;3;2021-10-17;13;24;0;0;26;0;0;0;0;4416023;3416119;3331;0;3588456;1652;1;0;0
FR;3;2021-10-18;18;112;2;0;117;2;0;0;0;4416041;3416231;3333;0;3588573;1654;1;0;0
FR;3;2021-10-19;18;112;19;0;113;21;0;0;0;4416059;3416343;3352;0;3588686;1675;1;0;0
FR;3;2021-10-20;27;124;6;0;126;7;0;0;0;4416086;3416467;3358;0;3588812;1682;1;0;0
FR;3;2021-10-21;28;120;17;0;120;13;0;0;0;4416114;3416587;3375;0;3588932;1695;1;0;0
FR;3;2021-10-22;25;103;18;0;102;21;0;0;0;4416139;3416690;3393;0;3589034;1716;1;0;0
FR;3;2021-10-23;17;53;3;0;53;2;0;0;0;4416156;3416743;3396;0;3589087;1718;1;0;0
FR;3;2021-10-24;7;36;0;0;34;0;0;0;0;4416163;3416779;3396;0;3589121;1718;1;0;0
FR;3;2021-10-25;27;141;7;0;145;7;0;0;0;4416190;3416920;3403;0;3589266;1725;1;0;0
FR;3;2021-10-26;25;96;22;0;93;19;0;0;0;4416215;3417016;3425;0;3589359;1744;1;0;0
FR;3;2021-10-27;19;91;9;0;93;9;0;0;0;4416234;3417107;3434;0;3589452;1753;1;0;0
FR;3;2021-10-28;23;114;33;0;111;36;0;0;0;4416257;3417221;3467;0;3589563;1789;1;0;0
FR;3;2021-10-29;12;98;64;0;92;54;0;0;0;4416269;3417319;3531;0;3589655;1843;1;0;0
FR;3;2021-10-30;11;62;11;1;62;10;0;0;0;4416280;3417381;3542;1;3589717;1853;1;0;0
FR;3;2021-10-31;8;25;1;0;25;1;0;0;0;4416288;3417406;3543;1;3589742;1854;1;0;0
FR;3;2021-11-01;11;22;2;0;23;1;0;0;0;4416299;3417428;3545;1;3589765;1855;1;0;0
FR;3;2021-11-02;11;100;10;0;100;12;0;0;0;4416310;3417528;3555;1;3589865;1867;1;0;0
FR;3;2021-11-03;22;105;10;0;113;10;0;0;0;4416332;3417633;3565;1;3589978;1877;1;0;0
FR;3;2021-11-04;20;88;6;0;93;5;0;0;0;4416352;3417721;3571;1;3590071;1882;1;0;0
FR;3;2021-11-05;19;119;9;1;125;6;1;0;0;4416371;3417840;3580;2;3590196;1888;2;0;0
FR;3;2021-11-06;11;54;3;0;56;3;0;0;0;4416382;3417894;3583;2;3590252;1891;2;0;0
FR;3;2021-11-07;6;23;1;0;24;1;0;0;0;4416388;3417917;3584;2;3590276;1892;2;0;0
FR;3;2021-11-08;12;124;7;0;129;5;0;0;0;4416400;3418041;3591;2;3590405;1897;2;0;0
FR;3;2021-11-09;15;123;6;0;125;6;0;0;0;4416415;3418164;3597;2;3590530;1903;2;0;0
FR;3;2021-11-10;15;130;15;0;128;16;0;0;0;4416430;3418294;3612;2;3590658;1919;2;0;0
FR;3;2021-11-11;12;49;3;0;51;3;0;0;0;4416442;3418343;3615;2;3590709;1922;2;0;0
FR;3;2021-11-12;15;126;6;0;128;5;0;0;0;4416457;3418469;3621;2;3590837;1927;2;0;0
FR;3;2021-11-13;7;66;9;0;61;10;0;0;0;4416464;3418535;3630;2;3590898;1937;2;0;0
FR;3;2021-11-14;3;24;1;0;24;1;0;0;0;4416467;3418559;3631;2;3590922;1938;2;0;0
FR;3;2021-11-15;7;161;11;0;158;12;0;0;0;4416474;3418720;3642;2;3591080;1950;2;0;0
FR;3;2021-11-16;9;125;11;0;120;10;0;0;0;4416483;3418845;3653;2;3591200;1960;2;0;0
FR;3;2021-11-17;8;134;11;0;135;8;0;0;0;4416491;3418979;3664;2;3591335;1968;2;0;0
FR;3;2021-11-18;16;131;10;0;132;11;0;0;0;4416507;3419110;3674;2;3591467;1979;2;0;0
FR;3;2021-11-19;12;178;23;0;173;28;0;0;0;4416519;3419288;3697;2;3591640;2007;2;0;0
FR;3;2021-11-20;6;101;6;0;102;6;0;0;0;4416525;3419389;3703;2;3591742;2013;2;0;0
FR;3;2021-11-21;3;24;4;0;23;4;0;0;0;4416528;3419413;3707;2;3591765;2017;2;0;0
FR;3;2021-11-22;11;185;11;0;185;11;0;0;0;4416539;3419598;3718;2;3591950;2028;2;0;0
FR;3;2021-11-23;10;180;16;0;178;15;0;0;0;4416549;3419778;3734;2;3592128;2043;2;0;0
FR;3;2021-11-24;11;180;9;0;172;17;0;0;0;4416560;3419958;3743;2;3592300;2060;2;0;0
FR;3;2021-11-25;12;197;11;0;196;11;0;0;0;4416572;3420155;3754;2;3592496;2071;2;0;0
FR;3;2021-11-26;10;251;35;0;250;33;1;0;0;4416582;3420406;3789;2;3592746;2104;3;0;0
FR;3;2021-11-27;8;124;20;0;123;21;0;0;0;4416590;3420530;3809;2;3592869;2125;3;0;0
FR;3;2021-11-28;3;56;7;0;57;7;0;0;0;4416593;3420586;3816;2;3592926;2132;3;0;0
FR;3;2021-11-29;5;214;22;0;209;23;1;0;0;4416598;3420800;3838;2;3593135;2155;4;0;0
FR;3;2021-11-30;9;281;31;0;280;33;1;0;0;4416607;3421081;3869;2;3593415;2188;5;0;0
FR;3;2021-12-01;30;315;39;0;313;41;2;0;0;4416637;3421396;3908;2;3593728;2229;7;0;0
FR;3;2021-12-02;9;337;33;0;333;36;0;0;0;4416646;3421733;3941;2;3594061;2265;7;0;0
FR;3;2021-12-03;6;364;37;0;360;38;0;0;0;4416652;3422097;3978;2;3594421;2303;7;0;0
FR;3;2021-12-04;3;201;26;0;197;28;0;0;0;4416655;3422298;4004;2;3594618;2331;7;0;0
FR;3;2021-12-05;1;61;5;0;61;5;0;0;0;4416656;3422359;4009;2;3594679;2336;7;0;0
FR;3;2021-12-06;7;348;14;0;347;15;0;0;0;4416663;3422707;4023;2;3595026;2351;7;0;0
FR;3;2021-12-07;6;410;20;0;404;24;1;0;0;4416669;3423117;4043;2;3595430;2375;8;0;0
FR;3;2021-12-08;8;375;29;0;367;30;1;0;0;4416677;3423492;4072;2;3595797;2405;9;0;0
FR;3;2021-12-09;3;424;17;0;411;22;1;0;0;4416680;3423916;4089;2;3596208;2427;10;0;0
FR;3;2021-12-10;10;443;29;0;440;25;0;0;0;4416690;3424359;4118;2;3596648;2452;10;0;0
FR;3;2021-12-11;4;299;10;0;296;9;2;0;0;4416694;3424658;4128;2;3596944;2461;12;0;0
FR;3;2021-12-12;1;96;3;0;96;3;0;0;0;4416695;3424754;4131;2;3597040;2464;12;0;0
FR;3;2021-12-13;2;432;19;0;426;21;0;0;0;4416697;3425186;4150;2;3597466;2485;12;0;0
FR;3;2021-12-14;8;551;18;0;539;21;1;0;0;4416705;3425737;4168;2;3598005;2506;13;0;0
FR;3;2021-12-15;10;521;17;0;508;21;0;0;0;4416715;3426258;4185;2;3598513;2527;13;0;0
FR;3;2021-12-16;10;527;19;0;521;18;3;0;0;4416725;3426785;4204;2;3599034;2545;16;0;0
FR;3;2021-12-17;5;592;18;0;588;19;0;0;0;4416730;3427377;4222;2;3599622;2564;16;0;0
FR;3;2021-12-18;5;344;4;0;338;5;1;0;0;4416735;3427721;4226;2;3599960;2569;17;0;0
FR;3;2021-12-19;3;176;2;0;174;2;0;0;0;4416738;3427897;4228;2;3600134;2571;17;0;0
FR;3;2021-12-20;10;566;23;0;560;28;0;0;0;4416748;3428463;4251;2;3600694;2599;17;0;0
FR;3;2021-12-21;5;660;10;0;652;13;2;0;0;4416753;3429123;4261;2;3601346;2612;19;0;0
FR;3;2021-12-22;10;612;9;0;606;10;1;0;0;4416763;3429735;4270;2;3601952;2622;20;0;0
FR;3;2021-12-23;4;536;8;0;534;8;0;0;0;4416767;3430271;4278;2;3602486;2630;20;0;0
FR;3;2021-12-24;2;233;3;0;228;6;0;0;0;4416769;3430504;4281;2;3602714;2636;20;0;0
FR;3;2021-12-25;0;24;0;0;24;0;0;0;0;4416769;3430528;4281;2;3602738;2636;20;0;0
FR;3;2021-12-26;0;87;1;0;87;1;0;0;0;4416769;3430615;4282;2;3602825;2637;20;0;0
FR;3;2021-12-27;7;456;17;0;453;20;1;0;0;4416776;3431071;4299;2;3603278;2657;21;0;0
FR;3;2021-12-28;3;572;6;0;571;5;0;0;0;4416779;3431643;4305;2;3603849;2662;21;0;0
FR;3;2021-12-29;5;488;14;0;483;16;0;0;0;4416784;3432131;4319;2;3604332;2678;21;0;0
FR;3;2021-12-30;3;517;7;0;510;10;2;0;0;4416787;3432648;4326;2;3604842;2688;23;0;0
FR;3;2021-12-31;0;182;5;0;178;7;0;0;0;4416787;3432830;4331;2;3605020;2695;23;0;0
FR;3;2022-01-01;0;26;0;0;24;2;0;0;0;4416787;3432856;4331;2;3605044;2697;23;0;0
FR;3;2022-01-02;0;76;0;0;76;0;0;0;0;4416787;3432932;4331;2;3605120;2697;23;0;0
FR;3;2022-01-03;5;489;17;0;479;21;3;0;0;4416792;3433421;4348;2;3605599;2718;26;0;0
FR;3;2022-01-04;7;535;9;0;534;8;0;0;0;4416799;3433956;4357;2;3606133;2726;26;0;0
FR;3;2022-01-05;5;487;10;0;479;14;1;0;0;4416804;3434443;4367;2;3606612;2740;27;0;0
FR;3;2022-01-06;6;464;9;0;459;10;1;0;0;4416810;3434907;4376;2;3607071;2750;28;0;0
FR;3;2022-01-07;2;489;11;0;483;13;1;0;1;4416812;3435396;4387;2;3607554;2763;29;0;1
FR;3;2022-01-08;6;251;4;0;248;5;0;0;0;4416818;3435647;4391;2;3607802;2768;29;0;1
FR;3;2022-01-09;0;116;0;0;116;0;0;0;0;4416818;3435763;4391;2;3607918;2768;29;0;1
FR;3;2022-01-10;2;421;12;0;419;12;0;0;0;4416820;3436184;4403;2;3608337;2780;29;0;1
FR;3;2022-01-11;3;456;1;0;455;1;0;0;0;4416823;3436640;4404;2;3608792;2781;29;0;1
FR;3;2022-01-12;4;393;9;0;390;10;2;0;0;4416827;3437033;4413;2;3609182;2791;31;0;1
FR;3;2022-01-13;3;382;11;0;380;12;1;0;0;4416830;3437415;4424;2;3609562;2803;32;0;1
FR;3;2022-01-14;4;420;10;0;414;13;1;0;0;4416834;3437835;4434;2;3609976;2816;33;0;1
FR;3;2022-01-15;0;275;2;0;271;3;0;0;0;4416834;3438110;4436;2;3610247;2819;33;0;1
FR;3;2022-01-16;1;108;1;0;106;1;1;0;0;4416835;3438218;4437;2;3610353;2820;34;0;1
FR;3;2022-01-17;2;318;8;0;315;9;1;0;0;4416837;3438536;4445;2;3610668;2829;35;0;1
FR;3;2022-01-18;2;359;1;0;355;2;1;0;0;4416839;3438895;4446;2;3611023;2831;36;0;1
FR;3;2022-01-19;2;322;5;0;316;10;0;0;0;4416841;3439217;4451;2;3611339;2841;36;0;1
FR;3;2022-01-20;1;351;5;0;350;3;2;0;0;4416842;3439568;4456;2;3611689;2844;38;0;1
FR;3;2022-01-21;4;337;5;0;331;7;2;0;0;4416846;3439905;4461;2;3612020;2851;40;0;1
FR;3;2022-01-22;2;218;1;0;214;2;3;0;0;4416848;3440123;4462;2;3612234;2853;43;0;1
FR;3;2022-01-23;0;77;0;0;75;1;1;0;0;4416848;3440200;4462;2;3612309;2854;44;0;1
FR;3;2022-01-24;3;316;1;0;308;6;2;0;0;4416851;3440516;4463;2;3612617;2860;46;0;1
FR;3;2022-01-25;0;171;0;0;168;0;1;0;0;4416851;3440687;4463;2;3612785;2860;47;0;1
FR;3;2022-01-26;0;77;0;0;77;0;0;0;0;4416851;3440764;4463;2;3612862;2860;47;0;1
FR;3;2022-01-27;0;52;0;0;52;0;0;0;0;4416851;3440816;4463;2;3612914;2860;47;0;1
FR;3;2022-01-28;0;115;0;0;114;0;0;0;0;4416851;3440931;4463;2;3613028;2860;47;0;1
FR;3;2022-01-29;0;97;0;0;97;0;0;0;0;4416851;3441028;4463;2;3613125;2860;47;0;1
FR;3;2022-01-30;0;50;0;0;50;0;0;0;0;4416851;3441078;4463;2;3613175;2860;47;0;1
FR;3;2022-01-31;0;91;0;0;91;0;0;0;0;4416851;3441169;4463;2;3613266;2860;47;0;1
FR;3;2022-02-01;0;98;0;0;96;1;0;0;0;4416851;3441267;4463;2;3613362;2861;47;0;1
FR;3;2022-02-02;0;85;0;0;83;0;0;0;0;4416851;3441352;4463;2;3613445;2861;47;0;1
FR;3;2022-02-03;0;91;0;0;89;0;0;0;0;4416851;3441443;4463;2;3613534;2861;47;0;1
FR;3;2022-02-04;0;113;0;0;110;0;1;0;0;4416851;3441556;4463;2;3613644;2861;48;0;1
FR;3;2022-02-05;0;68;0;0;68;0;0;0;0;4416851;3441624;4463;2;3613712;2861;48;0;1
FR;3;2022-02-06;0;10;0;0;10;0;0;0;0;4416851;3441634;4463;2;3613722;2861;48;0;1
FR;3;2022-02-07;0;75;0;0;75;0;0;0;0;4416851;3441709;4463;2;3613797;2861;48;0;1
FR;3;2022-02-08;0;0;0;0;0;0;0;0;0;4416851;3441709;4463;2;3613797;2861;48;0;1
FR;3;2022-02-09;0;0;0;0;0;0;0;0;0;4416851;3441709;4463;2;3613797;2861;48;0;1
FR;3;2022-02-10;0;0;0;0;0;0;0;0;0;4416851;3441709;4463;2;3613797;2861;48;0;1
FR;3;2022-02-11;0;0;0;0;0;0;0;0;0;4416851;3441709;4463;2;3613797;2861;48;0;1
FR;3;2022-02-12;0;0;0;0;0;0;0;0;0;4416851;3441709;4463;2;3613797;2861;48;0;1
FR;3;2022-02-13;0;0;0;0;0;0;0;0;0;4416851;3441709;4463;2;3613797;2861;48;0;1
FR;3;2022-02-14;0;0;0;0;0;0;0;0;0;4416851;3441709;4463;2;3613797;2861;48;0;1
FR;3;2022-02-15;0;0;0;0;0;0;0;0;0;4416851;3441709;4463;2;3613797;2861;48;0;1
FR;3;2022-02-16;0;0;0;0;0;0;0;0;0;4416851;3441709;4463;2;3613797;2861;48;0;1
FR;3;2022-02-17;0;0;0;0;0;0;0;0;0;4416851;3441709;4463;2;3613797;2861;48;0;1
FR;3;2022-02-18;0;0;0;0;0;0;0;0;0;4416851;3441709;4463;2;3613797;2861;48;0;1
FR;3;2022-02-19;0;0;0;0;0;0;0;0;0;4416851;3441709;4463;2;3613797;2861;48;0;1
FR;3;2022-02-20;0;0;0;0;0;0;0;0;0;4416851;3441709;4463;2;3613797;2861;48;0;1
FR;3;2022-02-21;2;0;0;0;0;0;0;0;0;4416853;3441709;4463;2;3613797;2861;48;0;1
FR;3;2022-02-22;0;0;0;0;0;0;0;0;0;4416853;3441709;4463;2;3613797;2861;48;0;1
FR;3;2022-02-23;0;0;0;0;0;0;0;0;0;4416853;3441709;4463;2;3613797;2861;48;0;1
FR;3;2022-02-24;0;0;0;0;0;0;0;0;0;4416853;3441709;4463;2;3613797;2861;48;0;1
FR;3;2022-02-25;0;0;0;0;0;0;0;0;0;4416853;3441709;4463;2;3613797;2861;48;0;1
FR;3;2022-02-26;0;0;0;0;0;0;0;0;0;4416853;3441709;4463;2;3613797;2861;48;0;1
FR;3;2022-02-27;0;0;0;0;0;0;0;0;0;4416853;3441709;4463;2;3613797;2861;48;0;1
FR;3;2022-02-28;1;0;0;0;0;0;0;0;0;4416854;3441709;4463;2;3613797;2861;48;0;1
FR;3;2022-03-01;1;0;0;0;0;0;0;0;0;4416855;3441709;4463;2;3613797;2861;48;0;1
FR;3;2022-03-02;0;0;0;0;0;0;0;0;0;4416855;3441709;4463;2;3613797;2861;48;0;1
FR;3;2022-03-03;0;0;0;0;0;0;0;0;0;4416855;3441709;4463;2;3613797;2861;48;0;1
FR;3;2022-03-04;0;0;0;0;0;0;0;0;0;4416855;3441709;4463;2;3613797;2861;48;0;1
FR;3;2022-03-05;0;0;0;0;0;0;0;0;0;4416855;3441709;4463;2;3613797;2861;48;0;1
FR;3;2022-03-06;1;0;0;0;0;0;0;0;0;4416856;3441709;4463;2;3613797;2861;48;0;1
FR;3;2022-03-07;0;0;0;0;0;0;0;0;0;4416856;3441709;4463;2;3613797;2861;48;0;1
FR;3;2022-03-08;1;0;0;0;0;0;0;0;0;4416857;3441709;4463;2;3613797;2861;48;0;1
FR;3;2022-03-09;0;0;0;0;0;0;0;0;0;4416857;3441709;4463;2;3613797;2861;48;0;1
FR;3;2022-03-10;0;0;0;0;0;0;0;0;0;4416857;3441709;4463;2;3613797;2861;48;0;1
FR;3;2022-03-11;0;0;0;0;0;0;0;0;0;4416857;3441709;4463;2;3613797;2861;48;0;1
FR;3;2022-03-12;0;0;0;0;0;0;0;0;0;4416857;3441709;4463;2;3613797;2861;48;0;1
FR;3;2022-03-13;0;0;0;0;0;0;0;0;0;4416857;3441709;4463;2;3613797;2861;48;0;1
FR;3;2022-03-14;0;0;0;0;0;0;0;0;0;4416857;3441709;4463;2;3613797;2861;48;0;1
FR;3;2022-03-15;0;0;0;0;0;0;0;0;0;4416857;3441709;4463;2;3613797;2861;48;0;1
FR;3;2022-03-16;0;0;0;0;0;0;0;0;0;4416857;3441709;4463;2;3613797;2861;48;0;1
FR;3;2022-03-17;0;0;0;0;0;0;0;0;0;4416857;3441709;4463;2;3613797;2861;48;0;1
FR;3;2022-03-18;0;0;0;0;0;0;0;0;0;4416857;3441709;4463;2;3613797;2861;48;0;1
FR;3;2022-03-19;0;0;0;0;0;0;0;0;0;4416857;3441709;4463;2;3613797;2861;48;0;1
FR;3;2022-03-20;1;0;0;0;0;0;0;0;0;4416858;3441709;4463;2;3613797;2861;48;0;1
FR;3;2022-03-21;0;0;0;0;0;0;0;0;0;4416858;3441709;4463;2;3613797;2861;48;0;1
FR;3;2022-03-22;0;0;0;0;0;0;0;0;0;4416858;3441709;4463;2;3613797;2861;48;0;1
FR;3;2022-03-23;1;0;0;0;0;0;0;0;0;4416859;3441709;4463;2;3613797;2861;48;0;1
FR;3;2022-03-24;0;0;0;0;0;0;0;0;0;4416859;3441709;4463;2;3613797;2861;48;0;1
FR;3;2022-03-25;1;0;0;0;0;0;0;0;0;4416860;3441709;4463;2;3613797;2861;48;0;1
FR;3;2022-03-26;0;0;0;0;0;0;0;0;0;4416860;3441709;4463;2;3613797;2861;48;0;1
FR;3;2022-03-27;0;0;0;0;0;0;0;0;0;4416860;3441709;4463;2;3613797;2861;48;0;1
FR;3;2022-03-28;0;0;0;0;0;0;0;0;0;4416860;3441709;4463;2;3613797;2861;48;0;1
FR;3;2022-03-29;0;0;0;0;0;0;0;0;0;4416860;3441709;4463;2;3613797;2861;48;0;1
FR;3;2022-03-30;0;0;0;0;0;0;0;0;0;4416860;3441709;4463;2;3613797;2861;48;0;1
FR;3;2022-03-31;0;0;0;0;0;0;0;0;0;4416860;3441709;4463;2;3613797;2861;48;0;1
FR;3;2022-04-01;0;0;0;0;0;0;0;0;0;4416860;3441709;4463;2;3613797;2861;48;0;1
FR;3;2022-04-02;0;0;0;0;0;0;0;0;0;4416860;3441709;4463;2;3613797;2861;48;0;1
FR;3;2022-04-03;0;0;0;0;0;0;0;0;0;4416860;3441709;4463;2;3613797;2861;48;0;1
FR;3;2022-04-04;0;0;0;0;0;0;0;0;0;4416860;3441709;4463;2;3613797;2861;48;0;1
FR;3;2022-04-05;0;0;0;0;0;0;0;0;0;4416860;3441709;4463;2;3613797;2861;48;0;1
FR;3;2022-04-06;0;0;0;0;0;0;0;0;0;4416860;3441709;4463;2;3613797;2861;48;0;1
FR;3;2022-04-07;0;0;0;0;0;0;0;0;0;4416860;3441709;4463;2;3613797;2861;48;0;1
FR;3;2022-04-08;0;0;0;0;0;0;0;0;0;4416860;3441709;4463;2;3613797;2861;48;0;1
FR;3;2022-04-09;0;0;0;0;0;0;0;0;0;4416860;3441709;4463;2;3613797;2861;48;0;1
FR;3;2022-04-10;0;0;0;0;0;0;0;0;0;4416860;3441709;4463;2;3613797;2861;48;0;1
FR;3;2022-04-11;0;0;0;0;0;0;0;0;0;4416860;3441709;4463;2;3613797;2861;48;0;1
FR;3;2022-04-12;0;0;0;0;0;0;0;0;0;4416860;3441709;4463;2;3613797;2861;48;0;1
FR;3;2022-04-13;0;0;0;0;0;0;0;0;0;4416860;3441709;4463;2;3613797;2861;48;0;1
FR;3;2022-04-14;0;0;0;0;0;0;0;0;0;4416860;3441709;4463;2;3613797;2861;48;0;1
FR;3;2022-04-15;1;0;0;0;0;0;0;0;0;4416861;3441709;4463;2;3613797;2861;48;0;1
FR;3;2022-04-16;0;0;0;0;0;0;0;0;0;4416861;3441709;4463;2;3613797;2861;48;0;1
FR;3;2022-04-17;0;0;0;0;0;0;0;0;0;4416861;3441709;4463;2;3613797;2861;48;0;1
FR;3;2022-04-18;0;0;0;0;0;0;0;0;0;4416861;3441709;4463;2;3613797;2861;48;0;1
FR;3;2022-04-19;0;0;0;0;0;0;0;0;0;4416861;3441709;4463;2;3613797;2861;48;0;1
FR;3;2022-04-20;0;0;0;0;0;0;0;0;0;4416861;3441709;4463;2;3613797;2861;48;0;1
FR;3;2022-04-21;0;0;0;0;0;0;0;0;0;4416861;3441709;4463;2;3613797;2861;48;0;1
FR;3;2022-04-22;0;0;0;0;0;0;0;0;0;4416861;3441709;4463;2;3613797;2861;48;0;1
FR;3;2022-04-23;0;0;0;0;0;0;0;0;0;4416861;3441709;4463;2;3613797;2861;48;0;1
FR;3;2022-04-24;0;0;0;0;0;0;0;0;0;4416861;3441709;4463;2;3613797;2861;48;0;1
FR;3;2022-04-25;0;0;0;0;0;0;0;0;0;4416861;3441709;4463;2;3613797;2861;48;0;1
FR;3;2022-04-26;0;0;0;0;0;0;0;0;0;4416861;3441709;4463;2;3613797;2861;48;0;1
FR;3;2022-04-27;0;0;0;0;0;0;0;0;0;4416861;3441709;4463;2;3613797;2861;48;0;1
FR;3;2022-04-28;0;0;0;0;0;0;0;0;0;4416861;3441709;4463;2;3613797;2861;48;0;1
FR;3;2022-04-29;0;0;0;0;0;0;0;0;0;4416861;3441709;4463;2;3613797;2861;48;0;1
FR;3;2022-04-30;0;0;0;0;0;0;0;0;0;4416861;3441709;4463;2;3613797;2861;48;0;1
FR;3;2022-05-01;0;0;0;0;0;0;0;0;0;4416861;3441709;4463;2;3613797;2861;48;0;1
FR;3;2022-05-02;0;0;0;0;0;0;0;0;0;4416861;3441709;4463;2;3613797;2861;48;0;1
FR;3;2022-05-03;0;0;0;0;0;0;0;0;0;4416861;3441709;4463;2;3613797;2861;48;0;1
FR;3;2022-05-04;0;0;0;0;0;0;0;0;0;4416861;3441709;4463;2;3613797;2861;48;0;1
FR;3;2022-05-05;0;0;0;0;0;0;0;0;0;4416861;3441709;4463;2;3613797;2861;48;0;1
FR;3;2022-05-06;0;0;0;0;0;0;0;0;0;4416861;3441709;4463;2;3613797;2861;48;0;1
FR;3;2022-05-07;0;0;0;0;0;0;0;0;0;4416861;3441709;4463;2;3613797;2861;48;0;1
FR;3;2022-05-08;0;0;0;0;0;0;0;0;0;4416861;3441709;4463;2;3613797;2861;48;0;1
FR;3;2022-05-09;0;0;0;0;0;0;0;0;0;4416861;3441709;4463;2;3613797;2861;48;0;1
FR;3;2022-05-10;0;0;0;0;0;0;0;0;0;4416861;3441709;4463;2;3613797;2861;48;0;1
FR;3;2022-05-11;0;0;0;0;0;0;0;0;0;4416861;3441709;4463;2;3613797;2861;48;0;1
FR;3;2022-05-12;0;0;0;0;0;0;0;0;0;4416861;3441709;4463;2;3613797;2861;48;0;1
FR;3;2022-05-13;0;0;0;0;0;0;0;0;0;4416861;3441709;4463;2;3613797;2861;48;0;1
FR;3;2022-05-14;1;0;0;0;0;0;0;0;0;4416862;3441709;4463;2;3613797;2861;48;0;1
FR;3;2022-05-15;0;0;0;0;0;0;0;0;0;4416862;3441709;4463;2;3613797;2861;48;0;1
FR;3;2022-05-16;0;0;0;0;0;0;0;0;0;4416862;3441709;4463;2;3613797;2861;48;0;1
FR;3;2022-05-17;0;0;0;0;0;0;0;0;0;4416862;3441709;4463;2;3613797;2861;48;0;1
FR;3;2022-05-18;0;0;0;0;0;0;0;0;0;4416862;3441709;4463;2;3613797;2861;48;0;1
FR;3;2022-05-19;0;0;0;0;0;0;0;0;0;4416862;3441709;4463;2;3613797;2861;48;0;1
FR;3;2022-05-20;0;0;0;0;0;0;0;0;0;4416862;3441709;4463;2;3613797;2861;48;0;1
FR;3;2022-05-21;0;0;0;0;0;0;0;0;0;4416862;3441709;4463;2;3613797;2861;48;0;1
FR;3;2022-05-22;0;0;0;0;0;0;0;0;0;4416862;3441709;4463;2;3613797;2861;48;0;1
FR;3;2022-05-23;0;0;0;0;0;0;0;0;0;4416862;3441709;4463;2;3613797;2861;48;0;1
FR;3;2022-05-24;0;0;0;0;0;0;0;0;0;4416862;3441709;4463;2;3613797;2861;48;0;1
FR;3;2022-05-25;0;0;0;0;0;0;0;0;0;4416862;3441709;4463;2;3613797;2861;48;0;1
FR;3;2022-05-26;0;0;0;0;0;0;0;0;0;4416862;3441709;4463;2;3613797;2861;48;0;1
FR;3;2022-05-27;0;0;0;0;0;0;0;0;0;4416862;3441709;4463;2;3613797;2861;48;0;1
FR;3;2022-05-28;0;0;0;0;0;0;0;0;0;4416862;3441709;4463;2;3613797;2861;48;0;1
FR;3;2022-05-29;0;0;0;0;0;0;0;0;0;4416862;3441709;4463;2;3613797;2861;48;0;1
FR;3;2022-05-30;0;0;0;0;0;0;0;0;0;4416862;3441709;4463;2;3613797;2861;48;0;1
FR;3;2022-05-31;0;0;0;0;0;0;0;0;0;4416862;3441709;4463;2;3613797;2861;48;0;1
FR;3;2022-06-01;0;0;0;0;0;0;0;0;0;4416862;3441709;4463;2;3613797;2861;48;0;1
FR;3;2022-06-02;0;0;0;0;0;0;0;0;0;4416862;3441709;4463;2;3613797;2861;48;0;1
FR;3;2022-06-03;0;0;0;0;0;0;0;0;0;4416862;3441709;4463;2;3613797;2861;48;0;1
FR;3;2022-06-04;0;0;0;0;0;0;0;0;0;4416862;3441709;4463;2;3613797;2861;48;0;1
FR;3;2022-06-05;0;0;0;0;0;0;0;0;0;4416862;3441709;4463;2;3613797;2861;48;0;1
FR;3;2022-06-06;0;0;0;0;0;0;0;0;0;4416862;3441709;4463;2;3613797;2861;48;0;1
FR;3;2022-06-07;0;0;0;0;0;0;0;0;0;4416862;3441709;4463;2;3613797;2861;48;0;1
FR;3;2022-06-08;0;0;0;0;0;0;0;0;0;4416862;3441709;4463;2;3613797;2861;48;0;1
FR;3;2022-06-09;0;0;0;0;0;0;0;0;0;4416862;3441709;4463;2;3613797;2861;48;0;1
FR;3;2022-06-10;0;0;0;0;0;0;0;0;0;4416862;3441709;4463;2;3613797;2861;48;0;1
FR;3;2022-06-11;0;0;0;0;0;0;0;0;0;4416862;3441709;4463;2;3613797;2861;48;0;1
FR;3;2022-06-12;0;0;0;0;0;0;0;0;0;4416862;3441709;4463;2;3613797;2861;48;0;1
FR;3;2022-06-13;1;0;0;0;0;0;0;0;0;4416863;3441709;4463;2;3613797;2861;48;0;1
FR;3;2022-06-14;0;0;0;0;0;0;0;0;0;4416863;3441709;4463;2;3613797;2861;48;0;1
FR;3;2022-06-15;0;0;0;0;0;0;0;0;0;4416863;3441709;4463;2;3613797;2861;48;0;1
FR;3;2022-06-16;0;0;0;0;0;0;0;0;0;4416863;3441709;4463;2;3613797;2861;48;0;1
FR;3;2022-06-17;0;0;0;0;0;0;0;0;0;4416863;3441709;4463;2;3613797;2861;48;0;1
FR;3;2022-06-18;0;0;0;0;0;0;0;0;0;4416863;3441709;4463;2;3613797;2861;48;0;1
FR;3;2022-06-19;0;0;0;0;0;0;0;0;0;4416863;3441709;4463;2;3613797;2861;48;0;1
FR;3;2022-06-20;0;0;0;0;0;0;0;0;0;4416863;3441709;4463;2;3613797;2861;48;0;1
FR;3;2022-06-21;0;0;0;0;0;0;0;0;0;4416863;3441709;4463;2;3613797;2861;48;0;1
FR;3;2022-06-22;0;0;0;0;0;0;0;0;0;4416863;3441709;4463;2;3613797;2861;48;0;1
FR;3;2022-06-23;0;0;0;0;0;0;0;0;0;4416863;3441709;4463;2;3613797;2861;48;0;1
FR;3;2022-06-24;0;0;0;0;0;0;0;0;0;4416863;3441709;4463;2;3613797;2861;48;0;1
FR;3;2022-06-25;0;0;0;0;0;0;0;0;0;4416863;3441709;4463;2;3613797;2861;48;0;1
FR;3;2022-06-26;0;0;0;0;0;0;0;0;0;4416863;3441709;4463;2;3613797;2861;48;0;1
FR;3;2022-06-27;0;0;0;0;0;0;0;0;0;4416863;3441709;4463;2;3613797;2861;48;0;1
FR;3;2022-06-28;0;0;0;0;0;0;0;0;0;4416863;3441709;4463;2;3613797;2861;48;0;1
FR;3;2022-06-29;1;0;0;0;0;0;0;0;0;4416864;3441709;4463;2;3613797;2861;48;0;1
FR;3;2022-06-30;0;0;0;0;0;0;0;0;0;4416864;3441709;4463;2;3613797;2861;48;0;1
FR;3;2022-07-01;0;0;0;0;0;0;0;0;0;4416864;3441709;4463;2;3613797;2861;48;0;1
FR;3;2022-07-02;0;0;0;0;0;0;0;0;0;4416864;3441709;4463;2;3613797;2861;48;0;1
FR;3;2022-07-03;0;0;0;0;0;0;0;0;0;4416864;3441709;4463;2;3613797;2861;48;0;1
FR;3;2022-07-04;0;0;0;0;0;0;0;0;0;4416864;3441709;4463;2;3613797;2861;48;0;1
FR;3;2022-07-05;0;0;0;0;0;0;0;0;0;4416864;3441709;4463;2;3613797;2861;48;0;1
FR;3;2022-07-06;0;0;0;0;0;0;0;0;0;4416864;3441709;4463;2;3613797;2861;48;0;1
FR;3;2022-07-07;0;0;0;0;0;0;0;0;0;4416864;3441709;4463;2;3613797;2861;48;0;1
FR;3;2022-07-08;0;0;0;0;0;0;0;0;0;4416864;3441709;4463;2;3613797;2861;48;0;1
FR;3;2022-07-09;0;0;0;0;0;0;0;0;0;4416864;3441709;4463;2;3613797;2861;48;0;1
FR;3;2022-07-10;0;0;0;0;0;0;0;0;0;4416864;3441709;4463;2;3613797;2861;48;0;1
FR;3;2022-07-11;0;0;0;0;0;0;0;0;0;4416864;3441709;4463;2;3613797;2861;48;0;1
FR;3;2022-07-12;0;0;0;0;0;0;0;0;0;4416864;3441709;4463;2;3613797;2861;48;0;1
FR;3;2022-07-13;0;0;0;0;0;0;0;0;0;4416864;3441709;4463;2;3613797;2861;48;0;1
FR;3;2022-07-14;0;0;0;0;0;0;0;0;0;4416864;3441709;4463;2;3613797;2861;48;0;1
FR;3;2022-07-15;0;0;0;0;0;0;0;0;0;4416864;3441709;4463;2;3613797;2861;48;0;1
FR;3;2022-07-16;0;0;0;0;0;0;0;0;0;4416864;3441709;4463;2;3613797;2861;48;0;1
FR;3;2022-07-17;0;0;0;0;0;0;0;0;0;4416864;3441709;4463;2;3613797;2861;48;0;1
FR;3;2022-07-18;0;0;0;0;0;0;0;0;0;4416864;3441709;4463;2;3613797;2861;48;0;1
FR;3;2022-07-19;0;0;0;0;0;0;0;0;0;4416864;3441709;4463;2;3613797;2861;48;0;1
FR;3;2022-07-20;0;0;0;0;0;0;0;0;0;4416864;3441709;4463;2;3613797;2861;48;0;1
FR;3;2022-07-21;0;0;0;0;0;0;0;0;0;4416864;3441709;4463;2;3613797;2861;48;0;1
FR;3;2022-07-22;0;0;0;0;0;0;0;0;0;4416864;3441709;4463;2;3613797;2861;48;0;1
FR;3;2022-07-23;0;0;0;0;0;0;0;0;0;4416864;3441709;4463;2;3613797;2861;48;0;1
FR;3;2022-07-24;0;0;0;0;0;0;0;0;0;4416864;3441709;4463;2;3613797;2861;48;0;1
FR;3;2022-07-25;0;0;0;0;0;0;0;0;0;4416864;3441709;4463;2;3613797;2861;48;0;1
FR;3;2022-07-26;0;0;0;0;0;0;0;0;0;4416864;3441709;4463;2;3613797;2861;48;0;1
FR;3;2022-07-27;0;0;0;0;0;0;0;0;0;4416864;3441709;4463;2;3613797;2861;48;0;1
FR;3;2022-07-28;0;0;0;0;0;0;0;0;0;4416864;3441709;4463;2;3613797;2861;48;0;1
FR;3;2022-07-29;0;0;0;0;0;0;0;0;0;4416864;3441709;4463;2;3613797;2861;48;0;1
FR;3;2022-07-30;0;0;0;0;0;0;0;0;0;4416864;3441709;4463;2;3613797;2861;48;0;1
FR;3;2022-07-31;0;0;0;0;0;0;0;0;0;4416864;3441709;4463;2;3613797;2861;48;0;1
FR;3;2022-08-01;0;0;0;0;0;0;0;0;0;4416864;3441709;4463;2;3613797;2861;48;0;1
FR;3;2022-08-02;0;0;0;0;0;0;0;0;0;4416864;3441709;4463;2;3613797;2861;48;0;1
FR;3;2022-08-03;0;0;0;0;0;0;0;0;0;4416864;3441709;4463;2;3613797;2861;48;0;1
FR;3;2022-08-04;0;0;0;0;0;0;0;0;0;4416864;3441709;4463;2;3613797;2861;48;0;1
FR;3;2022-08-05;0;0;0;0;0;0;0;0;0;4416864;3441709;4463;2;3613797;2861;48;0;1
FR;3;2022-08-06;0;0;0;0;0;0;0;0;0;4416864;3441709;4463;2;3613797;2861;48;0;1
FR;3;2022-08-07;0;0;0;0;0;0;0;0;0;4416864;3441709;4463;2;3613797;2861;48;0;1
FR;3;2022-08-08;0;0;0;0;0;0;0;0;0;4416864;3441709;4463;2;3613797;2861;48;0;1
FR;3;2022-08-09;0;0;0;0;0;0;0;0;0;4416864;3441709;4463;2;3613797;2861;48;0;1
FR;3;2022-08-10;0;0;0;0;0;0;0;0;0;4416864;3441709;4463;2;3613797;2861;48;0;1
FR;3;2022-08-11;0;0;0;0;0;0;0;0;0;4416864;3441709;4463;2;3613797;2861;48;0;1
FR;3;2022-08-12;0;0;0;0;0;0;0;0;0;4416864;3441709;4463;2;3613797;2861;48;0;1
FR;3;2022-08-13;0;0;0;0;0;0;0;0;0;4416864;3441709;4463;2;3613797;2861;48;0;1
FR;3;2022-08-14;0;0;0;0;0;0;0;0;0;4416864;3441709;4463;2;3613797;2861;48;0;1
FR;3;2022-08-15;0;0;0;0;0;0;0;0;0;4416864;3441709;4463;2;3613797;2861;48;0;1
FR;3;2022-08-16;0;0;0;0;0;0;0;0;0;4416864;3441709;4463;2;3613797;2861;48;0;1
FR;3;2022-08-17;0;0;0;0;0;0;0;0;0;4416864;3441709;4463;2;3613797;2861;48;0;1
FR;3;2022-08-18;0;0;0;0;0;0;0;0;0;4416864;3441709;4463;2;3613797;2861;48;0;1
FR;3;2022-08-19;0;0;0;0;0;0;0;0;0;4416864;3441709;4463;2;3613797;2861;48;0;1
FR;3;2022-08-20;0;0;0;0;0;0;0;0;0;4416864;3441709;4463;2;3613797;2861;48;0;1
FR;3;2022-08-21;0;0;0;0;0;0;0;0;0;4416864;3441709;4463;2;3613797;2861;48;0;1
FR;3;2022-08-22;0;0;0;0;0;0;0;0;0;4416864;3441709;4463;2;3613797;2861;48;0;1
FR;3;2022-08-23;0;0;0;0;0;0;0;0;0;4416864;3441709;4463;2;3613797;2861;48;0;1
FR;3;2022-08-24;0;0;0;0;0;0;0;0;0;4416864;3441709;4463;2;3613797;2861;48;0;1
FR;3;2022-08-25;0;0;0;0;0;0;0;0;0;4416864;3441709;4463;2;3613797;2861;48;0;1
FR;3;2022-08-26;0;0;0;0;0;0;0;0;0;4416864;3441709;4463;2;3613797;2861;48;0;1
FR;3;2022-08-27;0;0;0;0;0;0;0;0;0;4416864;3441709;4463;2;3613797;2861;48;0;1
FR;3;2022-08-28;0;0;0;0;0;0;0;0;0;4416864;3441709;4463;2;3613797;2861;48;0;1
FR;3;2022-08-29;0;0;0;0;0;0;0;0;0;4416864;3441709;4463;2;3613797;2861;48;0;1
FR;3;2022-08-30;0;0;0;0;0;0;0;0;0;4416864;3441709;4463;2;3613797;2861;48;0;1
FR;3;2022-08-31;0;0;0;0;0;0;0;0;0;4416864;3441709;4463;2;3613797;2861;48;0;1
FR;3;2022-09-01;0;0;0;0;0;0;0;0;0;4416864;3441709;4463;2;3613797;2861;48;0;1
FR;3;2022-09-02;0;0;0;0;0;0;0;0;0;4416864;3441709;4463;2;3613797;2861;48;0;1
FR;3;2022-09-03;0;0;0;0;0;0;0;0;0;4416864;3441709;4463;2;3613797;2861;48;0;1
FR;3;2022-09-04;0;0;0;0;0;0;0;0;0;4416864;3441709;4463;2;3613797;2861;48;0;1
FR;3;2022-09-05;0;0;0;0;0;0;0;0;0;4416864;3441709;4463;2;3613797;2861;48;0;1
FR;3;2022-09-06;0;0;0;0;0;0;0;0;0;4416864;3441709;4463;2;3613797;2861;48;0;1
FR;3;2022-09-07;0;0;0;0;0;0;0;0;0;4416864;3441709;4463;2;3613797;2861;48;0;1
FR;3;2022-09-08;0;0;0;0;0;0;0;0;0;4416864;3441709;4463;2;3613797;2861;48;0;1
FR;3;2022-09-09;0;0;0;0;0;0;0;0;0;4416864;3441709;4463;2;3613797;2861;48;0;1
FR;3;2022-09-10;0;0;0;0;0;0;0;0;0;4416864;3441709;4463;2;3613797;2861;48;0;1
FR;3;2022-09-11;0;0;0;0;0;0;0;0;0;4416864;3441709;4463;2;3613797;2861;48;0;1
FR;3;2022-09-12;0;0;0;0;0;0;0;0;0;4416864;3441709;4463;2;3613797;2861;48;0;1
FR;3;2022-09-13;0;0;0;0;0;0;0;0;0;4416864;3441709;4463;2;3613797;2861;48;0;1
FR;3;2022-09-14;0;0;0;0;0;0;0;0;0;4416864;3441709;4463;2;3613797;2861;48;0;1
FR;3;2022-09-15;0;0;0;0;0;0;0;0;0;4416864;3441709;4463;2;3613797;2861;48;0;1
FR;3;2022-09-16;0;0;0;0;0;0;0;0;0;4416864;3441709;4463;2;3613797;2861;48;0;1
FR;3;2022-09-17;0;0;0;0;0;0;0;0;0;4416864;3441709;4463;2;3613797;2861;48;0;1
FR;3;2022-09-18;0;0;0;0;0;0;0;0;0;4416864;3441709;4463;2;3613797;2861;48;0;1
FR;3;2022-09-19;0;0;0;0;0;0;0;0;0;4416864;3441709;4463;2;3613797;2861;48;0;1
FR;3;2022-09-20;0;0;0;0;0;0;0;0;0;4416864;3441709;4463;2;3613797;2861;48;0;1
FR;3;2022-09-21;0;0;0;0;0;0;0;0;0;4416864;3441709;4463;2;3613797;2861;48;0;1
FR;3;2022-09-22;0;0;0;0;0;0;0;0;0;4416864;3441709;4463;2;3613797;2861;48;0;1
FR;3;2022-09-23;0;0;0;0;0;0;0;0;0;4416864;3441709;4463;2;3613797;2861;48;0;1
FR;3;2022-09-24;0;0;0;0;0;0;0;0;0;4416864;3441709;4463;2;3613797;2861;48;0;1
FR;3;2022-09-25;0;0;0;0;0;0;0;0;0;4416864;3441709;4463;2;3613797;2861;48;0;1
FR;3;2022-09-26;0;0;0;0;0;0;0;0;0;4416864;3441709;4463;2;3613797;2861;48;0;1
FR;3;2022-09-27;0;0;0;0;0;0;0;0;0;4416864;3441709;4463;2;3613797;2861;48;0;1
FR;3;2022-09-28;0;0;0;0;0;0;0;0;0;4416864;3441709;4463;2;3613797;2861;48;0;1
FR;3;2022-09-29;0;0;0;0;0;0;0;0;0;4416864;3441709;4463;2;3613797;2861;48;0;1
FR;3;2022-09-30;0;0;0;0;0;0;0;0;0;4416864;3441709;4463;2;3613797;2861;48;0;1
FR;3;2022-10-01;0;0;0;0;0;0;0;0;0;4416864;3441709;4463;2;3613797;2861;48;0;1
FR;3;2022-10-02;0;0;0;0;0;0;0;0;0;4416864;3441709;4463;2;3613797;2861;48;0;1
FR;3;2022-10-03;0;0;0;0;0;0;0;0;0;4416864;3441709;4463;2;3613797;2861;48;0;1
FR;3;2022-10-04;0;0;0;0;0;0;0;0;0;4416864;3441709;4463;2;3613797;2861;48;0;1
FR;3;2022-10-05;0;0;0;0;0;0;0;0;0;4416864;3441709;4463;2;3613797;2861;48;0;1
FR;3;2022-10-06;0;0;0;0;0;0;0;0;0;4416864;3441709;4463;2;3613797;2861;48;0;1
FR;3;2022-10-07;0;0;0;0;0;0;0;0;0;4416864;3441709;4463;2;3613797;2861;48;0;1
FR;3;2022-10-08;0;0;0;0;0;0;0;0;0;4416864;3441709;4463;2;3613797;2861;48;0;1
FR;3;2022-10-09;0;0;0;0;0;0;0;0;0;4416864;3441709;4463;2;3613797;2861;48;0;1
FR;3;2022-10-10;0;0;0;0;0;0;0;0;0;4416864;3441709;4463;2;3613797;2861;48;0;1
FR;3;2022-10-11;0;0;0;0;0;0;0;0;0;4416864;3441709;4463;2;3613797;2861;48;0;1
FR;3;2022-10-12;0;0;0;0;0;0;0;0;0;4416864;3441709;4463;2;3613797;2861;48;0;1
FR;3;2022-10-13;0;0;0;0;0;0;0;0;0;4416864;3441709;4463;2;3613797;2861;48;0;1
FR;3;2022-10-14;0;0;0;0;0;0;0;0;0;4416864;3441709;4463;2;3613797;2861;48;0;1
FR;3;2022-10-15;0;0;0;0;0;0;0;0;0;4416864;3441709;4463;2;3613797;2861;48;0;1
FR;3;2022-10-16;0;0;0;0;0;0;0;0;0;4416864;3441709;4463;2;3613797;2861;48;0;1
FR;3;2022-10-17;0;0;0;0;0;0;0;0;0;4416864;3441709;4463;2;3613797;2861;48;0;1
FR;3;2022-10-18;0;0;0;0;0;0;0;0;0;4416864;3441709;4463;2;3613797;2861;48;0;1
FR;3;2022-10-19;0;0;0;0;0;0;0;0;0;4416864;3441709;4463;2;3613797;2861;48;0;1
FR;3;2022-10-20;0;0;0;0;0;0;0;0;0;4416864;3441709;4463;2;3613797;2861;48;0;1
FR;3;2022-10-21;0;0;0;0;0;0;0;0;0;4416864;3441709;4463;2;3613797;2861;48;0;1
FR;3;2022-10-22;0;0;0;0;0;0;0;0;0;4416864;3441709;4463;2;3613797;2861;48;0;1
FR;3;2022-10-23;0;0;0;0;0;0;0;0;0;4416864;3441709;4463;2;3613797;2861;48;0;1
FR;3;2022-10-24;0;0;0;0;0;0;0;0;0;4416864;3441709;4463;2;3613797;2861;48;0;1
FR;3;2022-10-25;0;0;0;0;0;0;0;0;0;4416864;3441709;4463;2;3613797;2861;48;0;1
FR;3;2022-10-26;0;0;0;0;0;0;0;0;0;4416864;3441709;4463;2;3613797;2861;48;0;1
FR;3;2022-10-27;0;0;0;0;0;0;0;0;0;4416864;3441709;4463;2;3613797;2861;48;0;1
FR;3;2022-10-28;0;0;0;0;0;0;0;0;0;4416864;3441709;4463;2;3613797;2861;48;0;1
FR;3;2022-10-29;0;0;0;0;0;0;0;0;0;4416864;3441709;4463;2;3613797;2861;48;0;1
FR;3;2022-10-30;0;0;0;0;0;0;0;0;0;4416864;3441709;4463;2;3613797;2861;48;0;1
FR;3;2022-10-31;0;0;0;0;0;0;0;0;0;4416864;3441709;4463;2;3613797;2861;48;0;1
FR;3;2022-11-01;0;0;0;0;0;0;0;0;0;4416864;3441709;4463;2;3613797;2861;48;0;1
FR;3;2022-11-02;0;0;0;0;0;0;0;0;0;4416864;3441709;4463;2;3613797;2861;48;0;1
FR;3;2022-11-03;0;0;0;0;0;0;0;0;0;4416864;3441709;4463;2;3613797;2861;48;0;1
FR;3;2022-11-04;0;0;0;0;0;0;0;0;0;4416864;3441709;4463;2;3613797;2861;48;0;1
FR;3;2022-11-05;0;0;0;0;0;0;0;0;0;4416864;3441709;4463;2;3613797;2861;48;0;1
FR;3;2022-11-06;0;0;0;0;0;0;0;0;0;4416864;3441709;4463;2;3613797;2861;48;0;1
FR;3;2022-11-07;0;0;0;0;0;0;0;0;0;4416864;3441709;4463;2;3613797;2861;48;0;1
FR;3;2022-11-08;1;0;0;0;0;0;0;0;0;4416865;3441709;4463;2;3613797;2861;48;0;1
FR;3;2022-11-09;0;0;0;0;0;0;0;0;0;4416865;3441709;4463;2;3613797;2861;48;0;1
FR;3;2022-11-10;0;0;0;0;0;0;0;0;0;4416865;3441709;4463;2;3613797;2861;48;0;1
FR;3;2022-11-11;0;0;0;0;0;0;0;0;0;4416865;3441709;4463;2;3613797;2861;48;0;1
FR;3;2022-11-12;0;0;0;0;0;0;0;0;0;4416865;3441709;4463;2;3613797;2861;48;0;1
FR;3;2022-11-13;0;0;0;0;0;0;0;0;0;4416865;3441709;4463;2;3613797;2861;48;0;1
FR;3;2022-11-14;0;0;0;0;0;0;0;0;0;4416865;3441709;4463;2;3613797;2861;48;0;1
FR;3;2022-11-15;0;0;0;0;0;0;0;0;0;4416865;3441709;4463;2;3613797;2861;48;0;1
FR;3;2022-11-16;0;0;0;0;0;0;0;0;0;4416865;3441709;4463;2;3613797;2861;48;0;1
FR;3;2022-11-17;0;0;0;0;0;0;0;0;0;4416865;3441709;4463;2;3613797;2861;48;0;1
FR;3;2022-11-18;0;0;0;0;0;0;0;0;0;4416865;3441709;4463;2;3613797;2861;48;0;1
FR;3;2022-11-19;0;0;0;0;0;0;0;0;0;4416865;3441709;4463;2;3613797;2861;48;0;1
FR;3;2022-11-20;0;0;0;0;0;0;0;0;0;4416865;3441709;4463;2;3613797;2861;48;0;1
FR;3;2022-11-21;0;0;0;0;0;0;0;0;0;4416865;3441709;4463;2;3613797;2861;48;0;1
FR;3;2022-11-22;0;0;0;0;0;0;0;0;0;4416865;3441709;4463;2;3613797;2861;48;0;1
FR;3;2022-11-23;0;0;0;0;0;0;0;0;0;4416865;3441709;4463;2;3613797;2861;48;0;1
FR;3;2022-11-24;0;0;0;0;0;0;0;0;0;4416865;3441709;4463;2;3613797;2861;48;0;1
FR;3;2022-11-25;0;0;0;0;0;0;0;0;0;4416865;3441709;4463;2;3613797;2861;48;0;1
FR;3;2022-11-26;0;0;0;0;0;0;0;0;0;4416865;3441709;4463;2;3613797;2861;48;0;1
FR;3;2022-11-27;0;0;0;0;0;0;0;0;0;4416865;3441709;4463;2;3613797;2861;48;0;1
FR;3;2022-11-28;0;0;0;0;0;0;0;0;0;4416865;3441709;4463;2;3613797;2861;48;0;1
FR;3;2022-11-29;0;0;0;0;0;0;0;0;0;4416865;3441709;4463;2;3613797;2861;48;0;1
FR;3;2022-11-30;0;0;0;0;0;0;0;0;0;4416865;3441709;4463;2;3613797;2861;48;0;1
FR;3;2022-12-01;0;0;0;0;0;0;0;0;0;4416865;3441709;4463;2;3613797;2861;48;0;1
FR;3;2022-12-02;0;0;0;0;0;0;0;0;0;4416865;3441709;4463;2;3613797;2861;48;0;1
FR;3;2022-12-03;0;0;0;0;0;0;0;0;0;4416865;3441709;4463;2;3613797;2861;48;0;1
FR;3;2022-12-04;0;0;0;0;0;0;0;0;0;4416865;3441709;4463;2;3613797;2861;48;0;1
FR;3;2022-12-05;0;0;0;0;0;0;0;0;0;4416865;3441709;4463;2;3613797;2861;48;0;1
FR;3;2022-12-06;0;0;0;0;0;0;0;0;0;4416865;3441709;4463;2;3613797;2861;48;0;1
FR;3;2022-12-07;0;0;0;0;0;0;0;0;0;4416865;3441709;4463;2;3613797;2861;48;0;1
FR;3;2022-12-08;0;0;0;0;0;0;0;0;0;4416865;3441709;4463;2;3613797;2861;48;0;1
FR;3;2022-12-09;0;0;0;0;0;0;0;0;0;4416865;3441709;4463;2;3613797;2861;48;0;1
FR;3;2022-12-10;0;0;0;0;0;0;0;0;0;4416865;3441709;4463;2;3613797;2861;48;0;1
FR;3;2022-12-11;0;0;0;0;0;0;0;0;0;4416865;3441709;4463;2;3613797;2861;48;0;1
FR;3;2022-12-12;0;0;0;0;0;0;0;0;0;4416865;3441709;4463;2;3613797;2861;48;0;1
FR;3;2022-12-13;0;0;0;0;0;0;0;0;0;4416865;3441709;4463;2;3613797;2861;48;0;1
FR;3;2022-12-14;0;0;0;0;0;0;0;0;0;4416865;3441709;4463;2;3613797;2861;48;0;1
FR;3;2022-12-15;0;0;0;0;0;0;0;0;0;4416865;3441709;4463;2;3613797;2861;48;0;1
FR;3;2022-12-16;0;0;0;0;0;0;0;0;0;4416865;3441709;4463;2;3613797;2861;48;0;1
FR;3;2022-12-17;0;0;0;0;0;0;0;0;0;4416865;3441709;4463;2;3613797;2861;48;0;1
FR;3;2022-12-18;0;0;0;0;0;0;0;0;0;4416865;3441709;4463;2;3613797;2861;48;0;1
FR;3;2022-12-19;0;0;0;0;0;0;0;0;0;4416865;3441709;4463;2;3613797;2861;48;0;1
FR;3;2022-12-20;0;0;0;0;0;0;0;0;0;4416865;3441709;4463;2;3613797;2861;48;0;1
FR;3;2022-12-21;0;0;0;0;0;0;0;0;0;4416865;3441709;4463;2;3613797;2861;48;0;1
FR;3;2022-12-22;0;0;0;0;0;0;0;0;0;4416865;3441709;4463;2;3613797;2861;48;0;1
FR;3;2022-12-23;0;0;0;0;0;0;0;0;0;4416865;3441709;4463;2;3613797;2861;48;0;1
FR;3;2022-12-24;0;0;0;0;0;0;0;0;0;4416865;3441709;4463;2;3613797;2861;48;0;1
FR;3;2022-12-25;0;0;0;0;0;0;0;0;0;4416865;3441709;4463;2;3613797;2861;48;0;1
FR;3;2022-12-26;0;0;0;0;0;0;0;0;0;4416865;3441709;4463;2;3613797;2861;48;0;1
FR;3;2022-12-27;0;0;0;0;0;0;0;0;0;4416865;3441709;4463;2;3613797;2861;48;0;1
FR;3;2022-12-28;0;0;0;0;0;0;0;0;0;4416865;3441709;4463;2;3613797;2861;48;0;1
FR;3;2022-12-29;0;0;0;0;0;0;0;0;0;4416865;3441709;4463;2;3613797;2861;48;0;1
FR;3;2022-12-30;0;0;0;0;0;0;0;0;0;4416865;3441709;4463;2;3613797;2861;48;0;1
FR;3;2022-12-31;0;0;0;0;0;0;0;0;0;4416865;3441709;4463;2;3613797;2861;48;0;1
FR;3;2023-01-01;0;0;0;0;0;0;0;0;0;4416865;3441709;4463;2;3613797;2861;48;0;1
FR;3;2023-01-02;0;0;0;0;0;0;0;0;0;4416865;3441709;4463;2;3613797;2861;48;0;1
FR;3;2023-01-03;0;0;0;0;0;0;0;0;0;4416865;3441709;4463;2;3613797;2861;48;0;1
FR;3;2023-01-04;0;0;0;0;0;0;0;0;0;4416865;3441709;4463;2;3613797;2861;48;0;1
FR;3;2023-01-05;0;0;0;0;0;0;0;0;0;4416865;3441709;4463;2;3613797;2861;48;0;1
FR;3;2023-01-06;0;0;0;0;0;0;0;0;0;4416865;3441709;4463;2;3613797;2861;48;0;1
FR;3;2023-01-07;0;0;0;0;0;0;0;0;0;4416865;3441709;4463;2;3613797;2861;48;0;1
FR;3;2023-01-08;0;0;0;0;0;0;0;0;0;4416865;3441709;4463;2;3613797;2861;48;0;1
FR;3;2023-01-09;0;0;0;0;0;0;0;0;0;4416865;3441709;4463;2;3613797;2861;48;0;1
FR;3;2023-01-10;0;0;0;0;0;0;0;0;0;4416865;3441709;4463;2;3613797;2861;48;0;1
FR;3;2023-01-11;0;0;0;0;0;0;0;0;0;4416865;3441709;4463;2;3613797;2861;48;0;1
FR;3;2023-01-12;0;0;0;0;0;0;0;0;0;4416865;3441709;4463;2;3613797;2861;48;0;1
FR;3;2023-01-13;0;0;0;0;0;0;0;0;0;4416865;3441709;4463;2;3613797;2861;48;0;1
FR;3;2023-01-14;0;0;0;0;0;0;0;0;0;4416865;3441709;4463;2;3613797;2861;48;0;1
FR;3;2023-01-15;0;0;0;0;0;0;0;0;0;4416865;3441709;4463;2;3613797;2861;48;0;1
FR;3;2023-01-16;0;0;0;0;0;0;0;0;0;4416865;3441709;4463;2;3613797;2861;48;0;1
FR;3;2023-01-17;0;0;0;0;0;0;0;0;0;4416865;3441709;4463;2;3613797;2861;48;0;1
FR;3;2023-01-18;0;0;0;0;0;0;0;0;0;4416865;3441709;4463;2;3613797;2861;48;0;1
FR;3;2023-01-19;0;0;0;0;0;0;0;0;0;4416865;3441709;4463;2;3613797;2861;48;0;1
FR;3;2023-01-20;0;0;0;0;0;0;0;0;0;4416865;3441709;4463;2;3613797;2861;48;0;1
FR;3;2023-01-21;0;0;0;0;0;0;0;0;0;4416865;3441709;4463;2;3613797;2861;48;0;1
FR;3;2023-01-22;0;0;0;0;0;0;0;0;0;4416865;3441709;4463;2;3613797;2861;48;0;1
FR;3;2023-01-23;0;0;0;0;0;0;0;0;0;4416865;3441709;4463;2;3613797;2861;48;0;1
FR;3;2023-01-24;0;0;0;0;0;0;0;0;0;4416865;3441709;4463;2;3613797;2861;48;0;1
FR;3;2023-01-25;1;0;0;0;0;0;0;0;0;4416866;3441709;4463;2;3613797;2861;48;0;1
FR;3;2023-01-26;0;0;0;0;0;0;0;0;0;4416866;3441709;4463;2;3613797;2861;48;0;1
FR;3;2023-01-27;0;0;0;0;0;0;0;0;0;4416866;3441709;4463;2;3613797;2861;48;0;1
FR;3;2023-01-28;0;0;0;0;0;0;0;0;0;4416866;3441709;4463;2;3613797;2861;48;0;1
FR;3;2023-01-29;0;0;0;0;0;0;0;0;0;4416866;3441709;4463;2;3613797;2861;48;0;1
FR;3;2023-01-30;0;0;0;0;0;0;0;0;0;4416866;3441709;4463;2;3613797;2861;48;0;1
FR;3;2023-01-31;0;0;0;0;0;0;0;0;0;4416866;3441709;4463;2;3613797;2861;48;0;1
FR;3;2023-02-01;0;0;0;0;0;0;0;0;0;4416866;3441709;4463;2;3613797;2861;48;0;1
FR;3;2023-02-02;0;0;0;0;0;0;0;0;0;4416866;3441709;4463;2;3613797;2861;48;0;1
FR;3;2023-02-03;0;0;0;0;0;0;0;0;0;4416866;3441709;4463;2;3613797;2861;48;0;1
FR;3;2023-02-04;0;0;0;0;0;0;0;0;0;4416866;3441709;4463;2;3613797;2861;48;0;1
FR;3;2023-02-05;0;0;0;0;0;0;0;0;0;4416866;3441709;4463;2;3613797;2861;48;0;1
FR;3;2023-02-06;0;0;0;0;0;0;0;0;0;4416866;3441709;4463;2;3613797;2861;48;0;1
FR;3;2023-02-07;0;0;0;0;0;0;0;0;0;4416866;3441709;4463;2;3613797;2861;48;0;1
FR;3;2023-02-08;0;0;0;0;0;0;0;0;0;4416866;3441709;4463;2;3613797;2861;48;0;1
FR;3;2023-02-09;0;0;0;0;0;0;0;0;0;4416866;3441709;4463;2;3613797;2861;48;0;1
FR;3;2023-02-10;0;0;0;0;0;0;0;0;0;4416866;3441709;4463;2;3613797;2861;48;0;1
FR;3;2023-02-11;0;0;0;0;0;0;0;0;0;4416866;3441709;4463;2;3613797;2861;48;0;1
FR;3;2023-02-12;0;0;0;0;0;0;0;0;0;4416866;3441709;4463;2;3613797;2861;48;0;1
FR;3;2023-02-13;0;0;0;0;0;0;0;0;0;4416866;3441709;4463;2;3613797;2861;48;0;1
FR;3;2023-02-14;0;0;0;0;0;0;0;0;0;4416866;3441709;4463;2;3613797;2861;48;0;1
FR;3;2023-02-15;0;0;0;0;0;0;0;0;0;4416866;3441709;4463;2;3613797;2861;48;0;1
FR;3;2023-02-16;0;0;0;0;0;0;0;0;0;4416866;3441709;4463;2;3613797;2861;48;0;1
FR;3;2023-02-17;0;0;0;0;0;0;0;0;0;4416866;3441709;4463;2;3613797;2861;48;0;1
FR;3;2023-02-18;0;0;0;0;0;0;0;0;0;4416866;3441709;4463;2;3613797;2861;48;0;1
FR;3;2023-02-19;0;0;0;0;0;0;0;0;0;4416866;3441709;4463;2;3613797;2861;48;0;1
FR;3;2023-02-20;0;0;0;0;0;0;0;0;0;4416866;3441709;4463;2;3613797;2861;48;0;1
FR;3;2023-02-21;0;0;0;0;0;0;0;0;0;4416866;3441709;4463;2;3613797;2861;48;0;1
FR;3;2023-02-22;0;0;0;0;0;0;0;0;0;4416866;3441709;4463;2;3613797;2861;48;0;1
FR;3;2023-02-23;0;0;0;0;0;0;0;0;0;4416866;3441709;4463;2;3613797;2861;48;0;1
FR;3;2023-02-24;0;0;0;0;0;0;0;0;0;4416866;3441709;4463;2;3613797;2861;48;0;1
FR;3;2023-02-25;0;0;0;0;0;0;0;0;0;4416866;3441709;4463;2;3613797;2861;48;0;1
FR;3;2023-02-26;0;0;0;0;0;0;0;0;0;4416866;3441709;4463;2;3613797;2861;48;0;1
FR;3;2023-02-27;0;0;0;0;0;0;0;0;0;4416866;3441709;4463;2;3613797;2861;48;0;1
FR;3;2023-02-28;0;0;0;0;0;0;0;0;0;4416866;3441709;4463;2;3613797;2861;48;0;1
FR;3;2023-03-01;0;0;0;0;0;0;0;0;0;4416866;3441709;4463;2;3613797;2861;48;0;1
FR;3;2023-03-02;0;0;0;0;0;0;0;0;0;4416866;3441709;4463;2;3613797;2861;48;0;1
FR;3;2023-03-03;0;0;0;0;0;0;0;0;0;4416866;3441709;4463;2;3613797;2861;48;0;1
FR;3;2023-03-04;0;0;0;0;0;0;0;0;0;4416866;3441709;4463;2;3613797;2861;48;0;1
FR;3;2023-03-05;0;0;0;0;0;0;0;0;0;4416866;3441709;4463;2;3613797;2861;48;0;1
FR;3;2023-03-06;0;0;0;0;0;0;0;0;0;4416866;3441709;4463;2;3613797;2861;48;0;1
FR;3;2023-03-07;0;0;0;0;0;0;0;0;0;4416866;3441709;4463;2;3613797;2861;48;0;1
FR;3;2023-03-08;0;0;0;0;0;0;0;0;0;4416866;3441709;4463;2;3613797;2861;48;0;1
FR;3;2023-03-09;0;0;0;0;0;0;0;0;0;4416866;3441709;4463;2;3613797;2861;48;0;1
FR;3;2023-03-10;0;0;0;0;0;0;0;0;0;4416866;3441709;4463;2;3613797;2861;48;0;1
FR;3;2023-03-11;0;0;0;0;0;0;0;0;0;4416866;3441709;4463;2;3613797;2861;48;0;1
FR;3;2023-03-12;0;0;0;0;0;0;0;0;0;4416866;3441709;4463;2;3613797;2861;48;0;1
FR;3;2023-03-13;0;0;0;0;0;0;0;0;0;4416866;3441709;4463;2;3613797;2861;48;0;1
FR;3;2023-03-14;0;0;0;0;0;0;0;0;0;4416866;3441709;4463;2;3613797;2861;48;0;1
FR;3;2023-03-15;0;0;0;0;0;0;0;0;0;4416866;3441709;4463;2;3613797;2861;48;0;1
FR;3;2023-03-16;0;0;0;0;0;0;0;0;0;4416866;3441709;4463;2;3613797;2861;48;0;1
FR;3;2023-03-17;0;0;0;0;0;0;0;0;0;4416866;3441709;4463;2;3613797;2861;48;0;1
FR;3;2023-03-18;0;0;0;0;0;0;0;0;0;4416866;3441709;4463;2;3613797;2861;48;0;1
FR;3;2023-03-19;0;0;0;0;0;0;0;0;0;4416866;3441709;4463;2;3613797;2861;48;0;1
FR;3;2023-03-20;0;0;0;0;0;0;0;0;0;4416866;3441709;4463;2;3613797;2861;48;0;1
FR;3;2023-03-21;0;0;0;0;0;0;0;0;0;4416866;3441709;4463;2;3613797;2861;48;0;1
FR;3;2023-03-22;0;0;0;0;0;0;0;0;0;4416866;3441709;4463;2;3613797;2861;48;0;1
FR;3;2023-03-23;0;0;0;0;0;0;0;0;0;4416866;3441709;4463;2;3613797;2861;48;0;1
FR;3;2023-03-24;0;0;0;0;0;0;0;0;0;4416866;3441709;4463;2;3613797;2861;48;0;1
FR;3;2023-03-25;0;0;0;0;0;0;0;0;0;4416866;3441709;4463;2;3613797;2861;48;0;1
FR;3;2023-03-26;0;0;0;0;0;0;0;0;0;4416866;3441709;4463;2;3613797;2861;48;0;1
FR;3;2023-03-27;0;0;0;0;0;0;0;0;0;4416866;3441709;4463;2;3613797;2861;48;0;1
FR;3;2023-03-28;0;0;0;0;0;0;0;0;0;4416866;3441709;4463;2;3613797;2861;48;0;1
FR;3;2023-03-29;0;0;0;0;0;0;0;0;0;4416866;3441709;4463;2;3613797;2861;48;0;1
FR;3;2023-03-30;0;0;0;0;0;0;0;0;0;4416866;3441709;4463;2;3613797;2861;48;0;1
FR;3;2023-03-31;0;0;0;0;0;0;0;0;0;4416866;3441709;4463;2;3613797;2861;48;0;1
FR;3;2023-04-01;0;0;0;0;0;0;0;0;0;4416866;3441709;4463;2;3613797;2861;48;0;1
FR;3;2023-04-02;0;0;0;0;0;0;0;0;0;4416866;3441709;4463;2;3613797;2861;48;0;1
FR;3;2023-04-03;0;0;0;0;0;0;0;0;0;4416866;3441709;4463;2;3613797;2861;48;0;1
FR;3;2023-04-04;0;0;0;0;0;0;0;0;0;4416866;3441709;4463;2;3613797;2861;48;0;1
FR;3;2023-04-05;0;0;0;0;0;0;0;0;0;4416866;3441709;4463;2;3613797;2861;48;0;1
FR;3;2023-04-06;0;0;0;0;0;0;0;0;0;4416866;3441709;4463;2;3613797;2861;48;0;1
FR;3;2023-04-07;0;0;0;0;0;0;0;0;0;4416866;3441709;4463;2;3613797;2861;48;0;1
FR;3;2023-04-08;0;0;0;0;0;0;0;0;0;4416866;3441709;4463;2;3613797;2861;48;0;1
FR;3;2023-04-09;0;0;0;0;0;0;0;0;0;4416866;3441709;4463;2;3613797;2861;48;0;1
FR;3;2023-04-10;0;0;0;0;0;0;0;0;0;4416866;3441709;4463;2;3613797;2861;48;0;1
FR;3;2023-04-11;0;0;0;0;0;0;0;0;0;4416866;3441709;4463;2;3613797;2861;48;0;1
FR;3;2023-04-12;0;0;0;0;0;0;0;0;0;4416866;3441709;4463;2;3613797;2861;48;0;1
FR;3;2023-04-13;0;0;0;0;0;0;0;0;0;4416866;3441709;4463;2;3613797;2861;48;0;1
FR;3;2023-04-14;0;0;0;0;0;0;0;0;0;4416866;3441709;4463;2;3613797;2861;48;0;1
FR;3;2023-04-15;0;0;0;0;0;0;0;0;0;4416866;3441709;4463;2;3613797;2861;48;0;1
FR;3;2023-04-16;0;0;0;0;0;0;0;0;0;4416866;3441709;4463;2;3613797;2861;48;0;1
FR;3;2023-04-17;0;0;0;0;0;0;0;0;0;4416866;3441709;4463;2;3613797;2861;48;0;1
FR;3;2023-04-18;0;0;0;0;0;0;0;0;0;4416866;3441709;4463;2;3613797;2861;48;0;1
FR;3;2023-04-19;0;0;0;0;0;0;0;0;0;4416866;3441709;4463;2;3613797;2861;48;0;1
FR;3;2023-04-20;0;0;0;0;0;0;0;0;0;4416866;3441709;4463;2;3613797;2861;48;0;1
FR;3;2023-04-21;0;0;0;0;0;0;0;0;0;4416866;3441709;4463;2;3613797;2861;48;0;1
FR;3;2023-04-22;0;0;0;0;0;0;0;0;0;4416866;3441709;4463;2;3613797;2861;48;0;1
FR;3;2023-04-23;0;0;0;0;0;0;0;0;0;4416866;3441709;4463;2;3613797;2861;48;0;1
FR;3;2023-04-24;0;0;0;0;0;0;0;0;0;4416866;3441709;4463;2;3613797;2861;48;0;1
FR;3;2023-04-25;0;0;0;0;0;0;0;0;0;4416866;3441709;4463;2;3613797;2861;48;0;1
FR;3;2023-04-26;0;0;0;0;0;0;0;0;0;4416866;3441709;4463;2;3613797;2861;48;0;1
FR;3;2023-04-27;0;0;0;0;0;0;0;0;0;4416866;3441709;4463;2;3613797;2861;48;0;1
FR;3;2023-04-28;0;0;0;0;0;0;0;0;0;4416866;3441709;4463;2;3613797;2861;48;0;1
FR;3;2023-04-29;0;0;0;0;0;0;0;0;0;4416866;3441709;4463;2;3613797;2861;48;0;1
FR;3;2023-04-30;0;0;0;0;0;0;0;0;0;4416866;3441709;4463;2;3613797;2861;48;0;1
FR;4;2020-12-27;0;0;0;0;0;0;0;0;0;0;0;0;0;0;0;0;0;0
FR;4;2020-12-28;0;0;0;0;0;0;0;0;0;0;0;0;0;0;0;0;0;0
FR;4;2020-12-29;0;0;0;0;0;0;0;0;0;0;0;0;0;0;0;0;0;0
FR;4;2020-12-30;0;0;0;0;0;0;0;0;0;0;0;0;0;0;0;0;0;0
FR;4;2020-12-31;0;0;0;0;0;0;0;0;0;0;0;0;0;0;0;0;0;0
FR;4;2021-01-01;0;0;0;0;0;0;0;0;0;0;0;0;0;0;0;0;0;0
FR;4;2021-01-02;0;0;0;0;0;0;0;0;0;0;0;0;0;0;0;0;0;0
FR;4;2021-01-03;0;0;0;0;0;0;0;0;0;0;0;0;0;0;0;0;0;0
FR;4;2021-01-04;0;0;0;0;0;0;0;0;0;0;0;0;0;0;0;0;0;0
FR;4;2021-01-05;0;0;0;0;0;0;0;0;0;0;0;0;0;0;0;0;0;0
FR;4;2021-01-06;0;0;0;0;0;0;0;0;0;0;0;0;0;0;0;0;0;0
FR;4;2021-01-07;0;0;0;0;0;0;0;0;0;0;0;0;0;0;0;0;0;0
FR;4;2021-01-08;0;0;0;0;0;0;0;0;0;0;0;0;0;0;0;0;0;0
FR;4;2021-01-09;0;0;0;0;0;0;0;0;0;0;0;0;0;0;0;0;0;0
FR;4;2021-01-10;0;0;0;0;0;0;0;0;0;0;0;0;0;0;0;0;0;0
FR;4;2021-01-11;0;0;0;0;0;0;0;0;0;0;0;0;0;0;0;0;0;0
FR;4;2021-01-12;0;0;0;0;0;0;0;0;0;0;0;0;0;0;0;0;0;0
FR;4;2021-01-13;0;0;0;0;0;0;0;0;0;0;0;0;0;0;0;0;0;0
FR;4;2021-01-14;0;0;0;0;0;0;0;0;0;0;0;0;0;0;0;0;0;0
FR;4;2021-01-15;0;0;0;0;0;0;0;0;0;0;0;0;0;0;0;0;0;0
FR;4;2021-01-16;0;0;0;0;0;0;0;0;0;0;0;0;0;0;0;0;0;0
FR;4;2021-01-17;0;0;0;0;0;0;0;0;0;0;0;0;0;0;0;0;0;0
FR;4;2021-01-18;0;0;0;0;0;0;0;0;0;0;0;0;0;0;0;0;0;0
FR;4;2021-01-19;0;0;0;0;0;0;0;0;0;0;0;0;0;0;0;0;0;0
FR;4;2021-01-20;0;0;0;0;0;0;0;0;0;0;0;0;0;0;0;0;0;0
FR;4;2021-01-21;0;0;0;0;0;0;0;0;0;0;0;0;0;0;0;0;0;0
FR;4;2021-01-22;0;0;0;0;0;0;0;0;0;0;0;0;0;0;0;0;0;0
FR;4;2021-01-23;0;0;0;0;0;0;0;0;0;0;0;0;0;0;0;0;0;0
FR;4;2021-01-24;0;0;0;0;0;0;0;0;0;0;0;0;0;0;0;0;0;0
FR;4;2021-01-25;0;0;0;0;0;0;0;0;0;0;0;0;0;0;0;0;0;0
FR;4;2021-01-26;0;0;0;0;0;0;0;0;0;0;0;0;0;0;0;0;0;0
FR;4;2021-01-27;0;0;0;0;0;0;0;0;0;0;0;0;0;0;0;0;0;0
FR;4;2021-01-28;0;0;0;0;0;0;0;0;0;0;0;0;0;0;0;0;0;0
FR;4;2021-01-29;0;0;0;0;0;0;0;0;0;0;0;0;0;0;0;0;0;0
FR;4;2021-01-30;0;0;0;0;0;0;0;0;0;0;0;0;0;0;0;0;0;0
FR;4;2021-01-31;0;0;0;0;0;0;0;0;0;0;0;0;0;0;0;0;0;0
FR;4;2021-02-01;0;0;0;0;0;0;0;0;0;0;0;0;0;0;0;0;0;0
FR;4;2021-02-02;0;0;0;0;0;0;0;0;0;0;0;0;0;0;0;0;0;0
FR;4;2021-02-03;0;0;0;0;0;0;0;0;0;0;0;0;0;0;0;0;0;0
FR;4;2021-02-04;0;0;0;0;0;0;0;0;0;0;0;0;0;0;0;0;0;0
FR;4;2021-02-05;0;0;0;0;0;0;0;0;0;0;0;0;0;0;0;0;0;0
FR;4;2021-02-06;0;0;0;0;0;0;0;0;0;0;0;0;0;0;0;0;0;0
FR;4;2021-02-07;0;0;0;0;0;0;0;0;0;0;0;0;0;0;0;0;0;0
FR;4;2021-02-08;0;0;0;0;0;0;0;0;0;0;0;0;0;0;0;0;0;0
FR;4;2021-02-09;0;0;0;0;0;0;0;0;0;0;0;0;0;0;0;0;0;0
FR;4;2021-02-10;0;0;0;0;0;0;0;0;0;0;0;0;0;0;0;0;0;0
FR;4;2021-02-11;0;0;0;0;0;0;0;0;0;0;0;0;0;0;0;0;0;0
FR;4;2021-02-12;0;0;0;0;0;0;0;0;0;0;0;0;0;0;0;0;0;0
FR;4;2021-02-13;0;0;0;0;0;0;0;0;0;0;0;0;0;0;0;0;0;0
FR;4;2021-02-14;0;0;0;0;0;0;0;0;0;0;0;0;0;0;0;0;0;0
FR;4;2021-02-15;0;0;0;0;0;0;0;0;0;0;0;0;0;0;0;0;0;0
FR;4;2021-02-16;0;0;0;0;0;0;0;0;0;0;0;0;0;0;0;0;0;0
FR;4;2021-02-17;0;0;0;0;0;0;0;0;0;0;0;0;0;0;0;0;0;0
FR;4;2021-02-18;0;0;0;0;0;0;0;0;0;0;0;0;0;0;0;0;0;0
FR;4;2021-02-19;0;0;0;0;0;0;0;0;0;0;0;0;0;0;0;0;0;0
FR;4;2021-02-20;0;0;0;0;0;0;0;0;0;0;0;0;0;0;0;0;0;0
FR;4;2021-02-21;0;0;0;0;0;0;0;0;0;0;0;0;0;0;0;0;0;0
FR;4;2021-02-22;0;0;0;0;0;0;0;0;0;0;0;0;0;0;0;0;0;0
FR;4;2021-02-23;0;0;0;0;0;0;0;0;0;0;0;0;0;0;0;0;0;0
FR;4;2021-02-24;0;0;0;0;0;0;0;0;0;0;0;0;0;0;0;0;0;0
FR;4;2021-02-25;0;0;0;0;0;0;0;0;0;0;0;0;0;0;0;0;0;0
FR;4;2021-02-26;0;0;0;0;0;0;0;0;0;0;0;0;0;0;0;0;0;0
FR;4;2021-02-27;0;0;0;0;0;0;0;0;0;0;0;0;0;0;0;0;0;0
FR;4;2021-02-28;0;0;0;0;0;0;0;0;0;0;0;0;0;0;0;0;0;0
FR;4;2021-03-01;0;0;0;0;0;0;0;0;0;0;0;0;0;0;0;0;0;0
FR;4;2021-03-02;0;0;0;0;0;0;0;0;0;0;0;0;0;0;0;0;0;0
FR;4;2021-03-03;0;0;0;0;0;0;0;0;0;0;0;0;0;0;0;0;0;0
FR;4;2021-03-04;0;0;0;0;0;0;0;0;0;0;0;0;0;0;0;0;0;0
FR;4;2021-03-05;0;0;0;0;0;0;0;0;0;0;0;0;0;0;0;0;0;0
FR;4;2021-03-06;0;0;0;0;0;0;0;0;0;0;0;0;0;0;0;0;0;0
FR;4;2021-03-07;0;0;0;0;0;0;0;0;0;0;0;0;0;0;0;0;0;0
FR;4;2021-03-08;0;0;0;0;0;0;0;0;0;0;0;0;0;0;0;0;0;0
FR;4;2021-03-09;0;0;0;0;0;0;0;0;0;0;0;0;0;0;0;0;0;0
FR;4;2021-03-10;0;0;0;0;0;0;0;0;0;0;0;0;0;0;0;0;0;0
FR;4;2021-03-11;0;0;0;0;0;0;0;0;0;0;0;0;0;0;0;0;0;0
FR;4;2021-03-12;0;0;0;0;0;0;0;0;0;0;0;0;0;0;0;0;0;0
FR;4;2021-03-13;0;0;0;0;0;0;0;0;0;0;0;0;0;0;0;0;0;0
FR;4;2021-03-14;0;0;0;0;0;0;0;0;0;0;0;0;0;0;0;0;0;0
FR;4;2021-03-15;0;0;0;0;0;0;0;0;0;0;0;0;0;0;0;0;0;0
FR;4;2021-03-16;0;0;0;0;0;0;0;0;0;0;0;0;0;0;0;0;0;0
FR;4;2021-03-17;0;0;0;0;0;0;0;0;0;0;0;0;0;0;0;0;0;0
FR;4;2021-03-18;0;0;0;0;0;0;0;0;0;0;0;0;0;0;0;0;0;0
FR;4;2021-03-19;0;0;0;0;0;0;0;0;0;0;0;0;0;0;0;0;0;0
FR;4;2021-03-20;0;0;0;0;0;0;0;0;0;0;0;0;0;0;0;0;0;0
FR;4;2021-03-21;0;0;0;0;0;0;0;0;0;0;0;0;0;0;0;0;0;0
FR;4;2021-03-22;0;0;0;0;0;0;0;0;0;0;0;0;0;0;0;0;0;0
FR;4;2021-03-23;0;0;0;0;0;0;0;0;0;0;0;0;0;0;0;0;0;0
FR;4;2021-03-24;0;0;0;0;0;0;0;0;0;0;0;0;0;0;0;0;0;0
FR;4;2021-03-25;0;0;0;0;0;0;0;0;0;0;0;0;0;0;0;0;0;0
FR;4;2021-03-26;0;0;0;0;0;0;0;0;0;0;0;0;0;0;0;0;0;0
FR;4;2021-03-27;0;0;0;0;0;0;0;0;0;0;0;0;0;0;0;0;0;0
FR;4;2021-03-28;0;0;0;0;0;0;0;0;0;0;0;0;0;0;0;0;0;0
FR;4;2021-03-29;0;0;0;0;0;0;0;0;0;0;0;0;0;0;0;0;0;0
FR;4;2021-03-30;0;0;0;0;0;0;0;0;0;0;0;0;0;0;0;0;0;0
FR;4;2021-03-31;0;0;0;0;0;0;0;0;0;0;0;0;0;0;0;0;0;0
FR;4;2021-04-01;0;0;0;0;0;0;0;0;0;0;0;0;0;0;0;0;0;0
FR;4;2021-04-02;0;0;0;0;0;0;0;0;0;0;0;0;0;0;0;0;0;0
FR;4;2021-04-03;0;0;0;0;0;0;0;0;0;0;0;0;0;0;0;0;0;0
FR;4;2021-04-04;0;0;0;0;0;0;0;0;0;0;0;0;0;0;0;0;0;0
FR;4;2021-04-05;0;0;0;0;0;0;0;0;0;0;0;0;0;0;0;0;0;0
FR;4;2021-04-06;0;0;0;0;0;0;0;0;0;0;0;0;0;0;0;0;0;0
FR;4;2021-04-07;0;0;0;0;0;0;0;0;0;0;0;0;0;0;0;0;0;0
FR;4;2021-04-08;0;0;0;0;0;0;0;0;0;0;0;0;0;0;0;0;0;0
FR;4;2021-04-09;0;0;0;0;0;0;0;0;0;0;0;0;0;0;0;0;0;0
FR;4;2021-04-10;0;0;0;0;0;0;0;0;0;0;0;0;0;0;0;0;0;0
FR;4;2021-04-11;0;0;0;0;0;0;0;0;0;0;0;0;0;0;0;0;0;0
FR;4;2021-04-12;0;0;0;0;0;0;0;0;0;0;0;0;0;0;0;0;0;0
FR;4;2021-04-13;0;0;0;0;0;0;0;0;0;0;0;0;0;0;0;0;0;0
FR;4;2021-04-14;0;0;0;0;0;0;0;0;0;0;0;0;0;0;0;0;0;0
FR;4;2021-04-15;0;0;0;0;0;0;0;0;0;0;0;0;0;0;0;0;0;0
FR;4;2021-04-16;0;0;0;0;0;0;0;0;0;0;0;0;0;0;0;0;0;0
FR;4;2021-04-17;0;0;0;0;0;0;0;0;0;0;0;0;0;0;0;0;0;0
FR;4;2021-04-18;0;0;0;0;0;0;0;0;0;0;0;0;0;0;0;0;0;0
FR;4;2021-04-19;0;0;0;0;0;0;0;0;0;0;0;0;0;0;0;0;0;0
FR;4;2021-04-20;0;0;0;0;0;0;0;0;0;0;0;0;0;0;0;0;0;0
FR;4;2021-04-21;0;0;0;0;0;0;0;0;0;0;0;0;0;0;0;0;0;0
FR;4;2021-04-22;0;0;0;0;0;0;0;0;0;0;0;0;0;0;0;0;0;0
FR;4;2021-04-23;3660;0;0;0;3622;0;0;0;0;3660;0;0;0;3622;0;0;0;0
FR;4;2021-04-24;1570;1;0;0;1559;0;0;0;0;5230;1;0;0;5181;0;0;0;0
FR;4;2021-04-25;125;0;0;0;125;0;0;0;0;5355;1;0;0;5306;0;0;0;0
FR;4;2021-04-26;2872;1;0;0;2862;0;0;0;0;8227;2;0;0;8168;0;0;0;0
FR;4;2021-04-27;9520;3;0;0;9501;0;0;0;0;17747;5;0;0;17669;0;0;0;0
FR;4;2021-04-28;9910;6;0;0;9885;0;0;0;0;27657;11;0;0;27554;0;0;0;0
FR;4;2021-04-29;15995;8;0;0;15979;0;0;0;0;43652;19;0;0;43533;0;0;0;0
FR;4;2021-04-30;19234;10;0;0;19205;0;0;0;0;62886;29;0;0;62738;0;0;0;0
FR;4;2021-05-01;1994;6;0;0;1992;0;0;0;0;64880;35;0;0;64730;0;0;0;0
FR;4;2021-05-02;484;0;0;0;482;0;0;0;0;65364;35;0;0;65212;0;0;0;0
FR;4;2021-05-03;5066;2;0;0;5059;0;0;0;0;70430;37;0;0;70271;0;0;0;0
FR;4;2021-05-04;8411;11;0;0;8400;0;0;0;0;78841;48;0;0;78671;0;0;0;0
FR;4;2021-05-05;6193;7;0;0;6188;0;0;0;0;85034;55;0;0;84859;0;0;0;0
FR;4;2021-05-06;11388;11;0;0;11385;0;0;0;0;96422;66;0;0;96244;0;0;0;0
FR;4;2021-05-07;19127;9;0;0;19088;0;0;0;0;115549;75;0;0;115332;0;0;0;0
FR;4;2021-05-08;2376;7;0;0;2380;0;0;0;0;117925;82;0;0;117712;0;0;0;0
FR;4;2021-05-09;692;3;0;0;693;0;0;0;0;118617;85;0;0;118405;0;0;0;0
FR;4;2021-05-10;7246;5;1;0;7243;0;0;0;0;125863;90;1;0;125648;0;0;0;0
FR;4;2021-05-11;14325;13;0;0;14305;0;0;0;0;140188;103;1;0;139953;0;0;0;0
FR;4;2021-05-12;10176;15;0;0;10179;0;0;0;0;150364;118;1;0;150132;0;0;0;0
FR;4;2021-05-13;1584;4;0;0;1585;0;0;0;0;151948;122;1;0;151717;0;0;0;0
FR;4;2021-05-14;7768;7;0;0;7763;0;0;0;0;159716;129;1;0;159480;0;0;0;0
FR;4;2021-05-15;3721;8;1;0;3720;0;0;0;0;163437;137;2;0;163200;0;0;0;0
FR;4;2021-05-16;417;1;0;0;417;0;0;0;0;163854;138;2;0;163617;0;0;0;0
FR;4;2021-05-17;4485;8;0;0;4484;0;0;0;0;168339;146;2;0;168101;0;0;0;0
FR;4;2021-05-18;8769;10;0;0;8769;0;0;0;0;177108;156;2;0;176870;0;0;0;0
FR;4;2021-05-19;5699;7;0;0;5701;0;0;0;0;182807;163;2;0;182571;0;0;0;0
FR;4;2021-05-20;9487;8;0;0;9479;0;0;0;0;192294;171;2;0;192050;0;0;0;0
FR;4;2021-05-21;12816;30;0;0;12823;0;0;0;0;205110;201;2;0;204873;0;0;0;0
FR;4;2021-05-22;5063;15;0;0;5070;0;0;0;0;210173;216;2;0;209943;0;0;0;0
FR;4;2021-05-23;498;4;0;0;501;0;0;0;0;210671;220;2;0;210444;0;0;0;0
FR;4;2021-05-24;1062;7;0;0;1066;0;0;0;0;211733;227;2;0;211510;0;0;0;0
FR;4;2021-05-25;7637;16;0;0;7643;0;0;0;0;219370;243;2;0;219153;0;0;0;0
FR;4;2021-05-26;7731;16;0;0;7739;0;0;0;0;227101;259;2;0;226892;0;0;0;0
FR;4;2021-05-27;14340;35;0;0;14349;0;0;0;0;241441;294;2;0;241241;0;0;0;0
FR;4;2021-05-28;26593;82;1;0;26634;0;0;0;0;268034;376;3;0;267875;0;0;0;0
FR;4;2021-05-29;11385;19;0;0;11385;0;0;0;0;279419;395;3;0;279260;0;0;0;0
FR;4;2021-05-30;974;7;0;0;973;0;0;0;0;280393;402;3;0;280233;0;0;0;0
FR;4;2021-05-31;12701;21;0;0;12701;0;0;0;0;293094;423;3;0;292934;0;0;0;0
FR;4;2021-06-01;20283;48;1;0;20301;0;0;0;0;313377;471;4;0;313235;0;0;0;0
FR;4;2021-06-02;14526;33;0;0;14538;0;0;0;0;327903;504;4;0;327773;0;0;0;0
FR;4;2021-06-03;19436;24;1;0;19434;0;0;0;0;347339;528;5;0;347207;0;0;0;0
FR;4;2021-06-04;22520;48;0;0;22538;0;0;0;0;369859;576;5;0;369745;0;0;0;0
FR;4;2021-06-05;9717;32;0;0;9721;0;0;0;0;379576;608;5;0;379466;0;0;0;0
FR;4;2021-06-06;1041;2;0;0;1037;0;0;0;0;380617;610;5;0;380503;0;0;0;0
FR;4;2021-06-07;9230;19;0;0;9238;0;0;0;0;389847;629;5;0;389741;0;0;0;0
FR;4;2021-06-08;14614;32;0;0;14626;0;0;0;0;404461;661;5;0;404367;0;0;0;0
FR;4;2021-06-09;12218;25;0;0;12226;0;0;0;0;416679;686;5;0;416593;0;0;0;0
FR;4;2021-06-10;15408;30;0;0;15416;0;0;0;0;432087;716;5;0;432009;0;0;0;0
FR;4;2021-06-11;16989;57;0;0;17016;0;0;0;0;449076;773;5;0;449025;0;0;0;0
FR;4;2021-06-12;7453;27;0;0;7478;0;0;0;0;456529;800;5;0;456503;0;0;0;0
FR;4;2021-06-13;908;3;0;0;910;0;0;0;0;457437;803;5;0;457413;0;0;0;0
FR;4;2021-06-14;6652;27;0;0;6662;0;0;0;0;464089;830;5;0;464075;0;0;0;0
FR;4;2021-06-15;10896;39;0;0;10913;0;0;0;0;474985;869;5;0;474988;0;0;0;0
FR;4;2021-06-16;8909;17;0;0;8917;0;0;0;0;483894;886;5;0;483905;0;0;0;0
FR;4;2021-06-17;10903;36;0;0;10915;0;0;0;0;494797;922;5;0;494820;0;0;0;0
FR;4;2021-06-18;12427;45;0;0;12454;0;0;0;0;507224;967;5;0;507274;0;0;0;0
FR;4;2021-06-19;5568;25;0;0;5588;0;0;0;0;512792;992;5;0;512862;0;0;0;0
FR;4;2021-06-20;828;5;0;0;832;0;0;0;0;513620;997;5;0;513694;0;0;0;0
FR;4;2021-06-21;5106;21;0;0;5106;0;0;0;0;518726;1018;5;0;518800;0;0;0;0
FR;4;2021-06-22;7914;29;2;0;7932;0;0;0;0;526640;1047;7;0;526732;0;0;0;0
FR;4;2021-06-23;7106;43;2;0;7133;0;0;0;0;533746;1090;9;0;533865;0;0;0;0
FR;4;2021-06-24;8657;46;1;0;8689;0;0;0;0;542403;1136;10;0;542554;0;0;0;0
FR;4;2021-06-25;10179;41;2;0;10211;0;0;0;0;552582;1177;12;0;552765;0;0;0;0
FR;4;2021-06-26;4854;23;0;0;4871;0;0;0;0;557436;1200;12;0;557636;0;0;0;0
FR;4;2021-06-27;769;4;0;0;771;0;0;0;0;558205;1204;12;0;558407;0;0;0;0
FR;4;2021-06-28;4835;16;1;0;4844;0;0;0;0;563040;1220;13;0;563251;0;0;0;0
FR;4;2021-06-29;7110;28;2;0;7119;0;0;0;0;570150;1248;15;0;570370;0;0;0;0
FR;4;2021-06-30;6728;41;2;0;6756;0;0;0;0;576878;1289;17;0;577126;0;0;0;0
FR;4;2021-07-01;8213;42;0;0;8235;0;0;0;0;585091;1331;17;0;585361;0;0;0;0
FR;4;2021-07-02;9430;53;1;0;9470;0;0;0;0;594521;1384;18;0;594831;0;0;0;0
FR;4;2021-07-03;4848;20;0;0;4863;0;0;0;0;599369;1404;18;0;599694;0;0;0;0
FR;4;2021-07-04;690;5;0;0;692;0;0;0;0;600059;1409;18;0;600386;0;0;0;0
FR;4;2021-07-05;4774;19;2;0;4785;0;0;0;0;604833;1428;20;0;605171;0;0;0;0
FR;4;2021-07-06;7729;29;4;0;7742;0;0;0;0;612562;1457;24;0;612913;0;0;0;0
FR;4;2021-07-07;7088;34;2;0;7100;0;0;0;0;619650;1491;26;0;620013;0;0;0;0
FR;4;2021-07-08;9235;40;2;0;9258;0;0;0;0;628885;1531;28;0;629271;0;0;0;0
FR;4;2021-07-09;10282;34;1;0;10305;0;0;0;0;639167;1565;29;0;639576;0;0;0;0
FR;4;2021-07-10;4639;14;2;0;4646;0;0;0;0;643806;1579;31;0;644222;0;0;0;0
FR;4;2021-07-11;586;4;1;0;584;0;0;0;0;644392;1583;32;0;644806;0;0;0;0
FR;4;2021-07-12;5878;29;0;0;5900;0;0;0;0;650270;1612;32;0;650706;0;0;0;0
FR;4;2021-07-13;14231;29;0;0;14249;0;0;0;0;664501;1641;32;0;664955;0;0;0;0
FR;4;2021-07-14;2291;15;0;0;2291;0;0;0;0;666792;1656;32;0;667246;0;0;0;0
FR;4;2021-07-15;18239;37;0;0;18256;0;0;0;0;685031;1693;32;0;685502;0;0;0;0
FR;4;2021-07-16;22838;71;2;0;22888;0;0;0;0;707869;1764;34;0;708390;0;0;0;0
FR;4;2021-07-17;9741;20;0;0;9749;0;0;0;0;717610;1784;34;0;718139;0;0;0;0
FR;4;2021-07-18;1359;5;0;0;1362;0;0;0;0;718969;1789;34;0;719501;0;0;0;0
FR;4;2021-07-19;12991;30;1;0;13016;0;0;0;0;731960;1819;35;0;732517;0;0;0;0
FR;4;2021-07-20;17344;26;1;0;17360;0;0;0;0;749304;1845;36;0;749877;0;0;0;0
FR;4;2021-07-21;15623;33;0;0;15643;0;0;0;0;764927;1878;36;0;765520;0;0;0;0
FR;4;2021-07-22;18247;45;2;0;18271;0;0;0;0;783174;1923;38;0;783791;0;0;0;0
FR;4;2021-07-23;20420;57;7;0;20453;0;0;0;0;803594;1980;45;0;804244;0;0;0;0
FR;4;2021-07-24;9290;34;0;0;9305;0;0;0;0;812884;2014;45;0;813549;0;0;0;0
FR;4;2021-07-25;1356;11;0;0;1358;0;0;0;0;814240;2025;45;0;814907;0;0;0;0
FR;4;2021-07-26;11050;23;0;0;11057;0;0;0;0;825290;2048;45;0;825964;0;0;0;0
FR;4;2021-07-27;14688;35;3;0;14708;0;0;0;0;839978;2083;48;0;840672;0;0;0;0
FR;4;2021-07-28;12937;26;2;0;12954;0;0;0;0;852915;2109;50;0;853626;0;0;0;0
FR;4;2021-07-29;14097;54;4;0;14139;0;0;0;0;867012;2163;54;0;867765;0;0;0;0
FR;4;2021-07-30;15502;46;2;0;15532;0;0;0;0;882514;2209;56;0;883297;0;0;0;0
FR;4;2021-07-31;6845;14;2;0;6855;0;0;0;0;889359;2223;58;0;890152;0;0;0;0
FR;4;2021-08-01;906;1;0;0;901;0;0;0;0;890265;2224;58;0;891053;0;0;0;0
FR;4;2021-08-02;7918;31;0;0;7919;0;0;0;0;898183;2255;58;0;898972;0;0;0;0
FR;4;2021-08-03;10805;31;2;0;10801;0;0;0;0;908988;2286;60;0;909773;0;0;0;0
FR;4;2021-08-04;9749;29;0;0;9748;0;0;0;0;918737;2315;60;0;919521;0;0;0;0
FR;4;2021-08-05;9831;42;0;0;9837;0;0;0;0;928568;2357;60;0;929358;0;0;0;0
FR;4;2021-08-06;10201;30;3;0;10198;0;0;0;0;938769;2387;63;0;939556;0;0;0;0
FR;4;2021-08-07;5100;30;1;0;5116;0;0;0;0;943869;2417;64;0;944672;0;0;0;0
FR;4;2021-08-08;1225;13;0;0;1228;0;0;0;0;945094;2430;64;0;945900;0;0;0;0
FR;4;2021-08-09;6350;31;0;0;6343;0;0;0;0;951444;2461;64;0;952243;0;0;0;0
FR;4;2021-08-10;8753;18;0;0;8724;0;0;0;0;960197;2479;64;0;960967;0;0;0;0
FR;4;2021-08-11;7945;34;4;0;7934;0;0;0;0;968142;2513;68;0;968901;0;0;0;0
FR;4;2021-08-12;8585;31;1;0;8573;0;0;0;0;976727;2544;69;0;977474;0;0;0;0
FR;4;2021-08-13;7561;25;0;1;7548;0;0;0;0;984288;2569;69;1;985022;0;0;0;0
FR;4;2021-08-14;3793;20;0;0;3777;0;0;0;0;988081;2589;69;1;988799;0;0;0;0
FR;4;2021-08-15;771;5;0;0;773;0;0;0;0;988852;2594;69;1;989572;0;0;0;0
FR;4;2021-08-16;4009;17;0;0;4004;0;0;0;0;992861;2611;69;1;993576;0;0;0;0
FR;4;2021-08-17;5634;17;1;0;5624;0;0;0;0;998495;2628;70;1;999200;0;0;0;0
FR;4;2021-08-18;5172;37;0;0;5189;0;0;0;0;1003667;2665;70;1;1004389;0;0;0;0
FR;4;2021-08-19;5489;34;3;0;5503;0;0;0;0;1009156;2699;73;1;1009892;0;0;0;0
FR;4;2021-08-20;5225;25;1;0;5235;0;0;0;0;1014381;2724;74;1;1015127;0;0;0;0
FR;4;2021-08-21;2311;23;1;0;2328;0;0;0;0;1016692;2747;75;1;1017455;0;0;0;0
FR;4;2021-08-22;414;2;0;0;415;0;0;0;0;1017106;2749;75;1;1017870;0;0;0;0
FR;4;2021-08-23;2936;21;1;0;2944;0;0;0;0;1020042;2770;76;1;1020814;0;0;0;0
FR;4;2021-08-24;3758;16;0;0;3761;0;0;0;0;1023800;2786;76;1;1024575;0;0;0;0
FR;4;2021-08-25;3546;25;1;0;3562;0;0;0;0;1027346;2811;77;1;1028137;0;0;0;0
FR;4;2021-08-26;3716;21;2;0;3728;0;0;0;0;1031062;2832;79;1;1031865;0;0;0;0
FR;4;2021-08-27;3617;31;2;0;3635;0;0;0;0;1034679;2863;81;1;1035500;0;0;0;0
FR;4;2021-08-28;1732;10;1;0;1737;0;0;0;0;1036411;2873;82;1;1037237;0;0;0;0
FR;4;2021-08-29;385;7;1;0;389;0;0;0;0;1036796;2880;83;1;1037626;0;0;0;0
FR;4;2021-08-30;2010;25;0;0;2018;16;0;0;0;1038806;2905;83;1;1039644;16;0;0;0
FR;4;2021-08-31;2487;21;0;0;2494;14;0;0;0;1041293;2926;83;1;1042138;30;0;0;0
FR;4;2021-09-01;2085;38;1;0;2096;22;0;0;0;1043378;2964;84;1;1044234;52;0;0;0
FR;4;2021-09-02;2309;31;4;0;2322;18;0;0;0;1045687;2995;88;1;1046556;70;0;0;0
FR;4;2021-09-03;2366;44;5;0;2375;36;0;0;0;1048053;3039;93;1;1048931;106;0;0;0
FR;4;2021-09-04;1374;18;0;0;1381;9;0;0;0;1049427;3057;93;1;1050312;115;0;0;0
FR;4;2021-09-05;434;2;0;0;434;2;0;0;0;1049861;3059;93;1;1050746;117;0;0;0
FR;4;2021-09-06;1713;62;0;0;1750;24;0;0;0;1051574;3121;93;1;1052496;141;0;0;0
FR;4;2021-09-07;1681;18;0;0;1690;8;0;0;0;1053255;3139;93;1;1054186;149;0;0;0
FR;4;2021-09-08;1286;26;3;0;1291;19;0;0;0;1054541;3165;96;1;1055477;168;0;0;0
FR;4;2021-09-09;1394;23;2;0;1404;9;0;0;0;1055935;3188;98;1;1056881;177;0;0;0
FR;4;2021-09-10;1522;31;2;0;1526;23;1;0;0;1057457;3219;100;1;1058407;200;1;0;0
FR;4;2021-09-11;746;11;0;0;749;3;0;0;0;1058203;3230;100;1;1059156;203;1;0;0
FR;4;2021-09-12;169;5;0;0;170;4;0;0;0;1058372;3235;100;1;1059326;207;1;0;0
FR;4;2021-09-13;1325;22;1;0;1328;16;0;0;0;1059697;3257;101;1;1060654;223;1;0;0
FR;4;2021-09-14;1507;9;2;0;1509;7;0;0;0;1061204;3266;103;1;1062163;230;1;0;0
FR;4;2021-09-15;1095;28;1;0;1098;25;0;0;0;1062299;3294;104;1;1063261;255;1;0;0
FR;4;2021-09-16;1107;22;2;0;1111;15;0;0;0;1063406;3316;106;1;1064372;270;1;0;0
FR;4;2021-09-17;898;21;1;0;905;12;0;0;0;1064304;3337;107;1;1065277;282;1;0;0
FR;4;2021-09-18;464;7;1;0;465;6;0;0;0;1064768;3344;108;1;1065742;288;1;0;0
FR;4;2021-09-19;182;3;0;0;183;2;0;0;0;1064950;3347;108;1;1065925;290;1;0;0
FR;4;2021-09-20;452;19;0;0;458;13;0;0;0;1065402;3366;108;1;1066383;303;1;0;0
FR;4;2021-09-21;434;11;0;0;436;7;0;0;0;1065836;3377;108;1;1066819;310;1;0;0
FR;4;2021-09-22;377;19;4;0;384;15;0;0;0;1066213;3396;112;1;1067203;325;1;0;0
FR;4;2021-09-23;488;15;1;0;489;14;0;0;0;1066701;3411;113;1;1067692;339;1;0;0
FR;4;2021-09-24;416;13;2;0;420;9;0;0;0;1067117;3424;115;1;1068112;348;1;0;0
FR;4;2021-09-25;281;10;1;0;282;5;0;0;0;1067398;3434;116;1;1068394;353;1;0;0
FR;4;2021-09-26;75;2;0;0;76;1;0;0;0;1067473;3436;116;1;1068470;354;1;0;0
FR;4;2021-09-27;270;10;1;0;271;8;0;0;0;1067743;3446;117;1;1068741;362;1;0;0
FR;4;2021-09-28;319;8;0;0;319;8;0;0;0;1068062;3454;117;1;1069060;370;1;0;0
FR;4;2021-09-29;378;19;1;0;380;13;0;0;0;1068440;3473;118;1;1069440;383;1;0;0
FR;4;2021-09-30;367;41;0;0;381;22;0;0;0;1068807;3514;118;1;1069821;405;1;0;0
FR;4;2021-10-01;411;56;0;0;413;50;0;0;0;1069218;3570;118;1;1070234;455;1;0;0
FR;4;2021-10-02;196;23;1;0;198;14;0;0;0;1069414;3593;119;1;1070432;469;1;0;0
FR;4;2021-10-03;86;1;0;0;87;0;0;0;0;1069500;3594;119;1;1070519;469;1;0;0
FR;4;2021-10-04;363;20;1;0;367;16;0;0;0;1069863;3614;120;1;1070886;485;1;0;0
FR;4;2021-10-05;286;19;2;0;288;15;0;0;0;1070149;3633;122;1;1071174;500;1;0;0
FR;4;2021-10-06;249;23;1;0;254;18;0;0;0;1070398;3656;123;1;1071428;518;1;0;0
FR;4;2021-10-07;268;25;2;0;273;13;0;0;0;1070666;3681;125;1;1071701;531;1;0;0
FR;4;2021-10-08;357;24;2;0;360;20;0;0;0;1071023;3705;127;1;1072061;551;1;0;0
FR;4;2021-10-09;194;6;6;0;195;7;0;0;0;1071217;3711;133;1;1072256;558;1;0;0
FR;4;2021-10-10;97;3;2;0;99;3;0;0;0;1071314;3714;135;1;1072355;561;1;0;0
FR;4;2021-10-11;252;15;1;0;253;14;0;0;0;1071566;3729;136;1;1072608;575;1;0;0
FR;4;2021-10-12;211;14;0;0;211;13;0;0;0;1071777;3743;136;1;1072819;588;1;0;0
FR;4;2021-10-13;221;28;1;0;224;25;0;0;0;1071998;3771;137;1;1073043;613;1;0;0
FR;4;2021-10-14;316;21;4;0;320;15;0;0;0;1072314;3792;141;1;1073363;628;1;0;0
FR;4;2021-10-15;324;24;5;0;325;25;0;0;0;1072638;3816;146;1;1073688;653;1;0;0
FR;4;2021-10-16;167;6;2;0;167;6;0;0;0;1072805;3822;148;1;1073855;659;1;0;0
FR;4;2021-10-17;70;2;0;0;71;1;0;0;0;1072875;3824;148;1;1073926;660;1;0;0
FR;4;2021-10-18;282;16;1;0;284;13;0;0;0;1073157;3840;149;1;1074210;673;1;0;0
FR;4;2021-10-19;215;15;2;0;215;16;0;0;0;1073372;3855;151;1;1074425;689;1;0;0
FR;4;2021-10-20;232;27;4;0;235;15;0;0;0;1073604;3882;155;1;1074660;704;1;0;0
FR;4;2021-10-21;244;18;0;0;246;14;0;0;0;1073848;3900;155;1;1074906;718;1;0;0
FR;4;2021-10-22;217;25;2;0;219;20;1;0;0;1074065;3925;157;1;1075125;738;2;0;0
FR;4;2021-10-23;117;16;1;0;118;15;0;0;0;1074182;3941;158;1;1075243;753;2;0;0
FR;4;2021-10-24;39;4;0;0;39;1;0;0;0;1074221;3945;158;1;1075282;754;2;0;0
FR;4;2021-10-25;218;7;2;0;218;9;0;0;0;1074439;3952;160;1;1075500;763;2;0;0
FR;4;2021-10-26;200;14;0;0;202;12;0;0;0;1074639;3966;160;1;1075702;775;2;0;0
FR;4;2021-10-27;196;12;4;0;196;12;2;0;0;1074835;3978;164;1;1075898;787;4;0;0
FR;4;2021-10-28;187;18;5;0;187;22;0;0;0;1075022;3996;169;1;1076085;809;4;0;0
FR;4;2021-10-29;227;18;2;0;228;16;0;0;0;1075249;4014;171;1;1076313;825;4;0;0
FR;4;2021-10-30;104;2;1;0;105;2;0;0;0;1075353;4016;172;1;1076418;827;4;0;0
FR;4;2021-10-31;59;3;2;0;60;3;0;0;0;1075412;4019;174;1;1076478;830;4;0;0
FR;4;2021-11-01;76;27;4;0;77;24;3;0;0;1075488;4046;178;1;1076555;854;7;0;0
FR;4;2021-11-02;164;21;2;0;165;21;0;0;0;1075652;4067;180;1;1076720;875;7;0;0
FR;4;2021-11-03;132;21;8;1;133;19;6;0;0;1075784;4088;188;2;1076853;894;13;0;0
FR;4;2021-11-04;187;15;1;0;188;12;1;0;0;1075971;4103;189;2;1077041;906;14;0;0
FR;4;2021-11-05;130;17;1;0;131;16;0;0;0;1076101;4120;190;2;1077172;922;14;0;0
FR;4;2021-11-06;82;6;1;0;82;6;0;0;0;1076183;4126;191;2;1077254;928;14;0;0
FR;4;2021-11-07;83;2;2;0;83;4;0;0;0;1076266;4128;193;2;1077337;932;14;0;0
FR;4;2021-11-08;162;20;1;0;163;20;0;0;0;1076428;4148;194;2;1077500;952;14;0;0
FR;4;2021-11-09;159;14;3;0;159;16;0;0;0;1076587;4162;197;2;1077659;968;14;0;0
FR;4;2021-11-10;121;30;7;0;121;33;2;0;0;1076708;4192;204;2;1077780;1001;16;0;0
FR;4;2021-11-11;100;10;1;0;100;11;0;0;0;1076808;4202;205;2;1077880;1012;16;0;0
FR;4;2021-11-12;107;19;2;0;108;18;1;0;0;1076915;4221;207;2;1077988;1030;17;0;0
FR;4;2021-11-13;74;15;2;0;75;14;0;0;0;1076989;4236;209;2;1078063;1044;17;0;0
FR;4;2021-11-14;55;5;4;0;56;8;0;0;0;1077044;4241;213;2;1078119;1052;17;0;0
FR;4;2021-11-15;99;26;2;0;101;24;2;0;0;1077143;4267;215;2;1078220;1076;19;0;0
FR;4;2021-11-16;112;14;3;0;112;17;0;0;0;1077255;4281;218;2;1078332;1093;19;0;0
FR;4;2021-11-17;122;30;4;0;122;30;1;0;0;1077377;4311;222;2;1078454;1123;20;0;0
FR;4;2021-11-18;103;34;14;0;105;43;1;0;0;1077480;4345;236;2;1078559;1166;21;0;0
FR;4;2021-11-19;89;21;3;0;89;22;1;0;0;1077569;4366;239;2;1078648;1188;22;0;0
FR;4;2021-11-20;78;8;1;0;78;8;0;0;0;1077647;4374;240;2;1078726;1196;22;0;0
FR;4;2021-11-21;69;7;2;0;69;9;0;0;0;1077716;4381;242;2;1078795;1205;22;0;0
FR;4;2021-11-22;109;28;9;0;110;33;2;0;0;1077825;4409;251;2;1078905;1238;24;0;0
FR;4;2021-11-23;78;31;6;0;79;29;2;0;0;1077903;4440;257;2;1078984;1267;26;0;0
FR;4;2021-11-24;91;23;12;0;93;25;4;0;0;1077994;4463;269;2;1079077;1292;30;0;0
FR;4;2021-11-25;96;28;19;0;97;35;5;0;0;1078090;4491;288;2;1079174;1327;35;0;0
FR;4;2021-11-26;86;43;12;0;90;45;3;0;0;1078176;4534;300;2;1079264;1372;38;0;0
FR;4;2021-11-27;42;22;15;0;42;25;10;0;0;1078218;4556;315;2;1079306;1397;48;0;0
FR;4;2021-11-28;53;8;0;0;54;7;0;0;0;1078271;4564;315;2;1079360;1404;48;0;0
FR;4;2021-11-29;90;31;16;0;90;40;2;0;0;1078361;4595;331;2;1079450;1444;50;0;0
FR;4;2021-11-30;77;37;13;0;77;42;2;0;0;1078438;4632;344;2;1079527;1486;52;0;0
FR;4;2021-12-01;88;60;19;0;88;67;11;0;0;1078526;4692;363;2;1079615;1553;63;0;0
FR;4;2021-12-02;114;48;21;0;118;56;3;0;0;1078640;4740;384;2;1079733;1609;66;0;0
FR;4;2021-12-03;105;36;15;0;105;44;4;0;0;1078745;4776;399;2;1079838;1653;70;0;0
FR;4;2021-12-04;73;31;18;0;75;44;1;0;0;1078818;4807;417;2;1079913;1697;71;0;0
FR;4;2021-12-05;64;7;1;0;65;7;0;0;0;1078882;4814;418;2;1079978;1704;71;0;0
FR;4;2021-12-06;112;46;20;0;112;60;3;0;0;1078994;4860;438;2;1080090;1764;74;0;0
FR;4;2021-12-07;85;37;9;0;88;36;3;0;0;1079079;4897;447;2;1080178;1800;77;0;0
FR;4;2021-12-08;74;31;17;0;76;38;7;0;0;1079153;4928;464;2;1080254;1838;84;0;0
FR;4;2021-12-09;65;32;10;1;65;39;3;0;0;1079218;4960;474;3;1080319;1877;87;0;0
FR;4;2021-12-10;64;64;20;0;65;68;10;0;0;1079282;5024;494;3;1080384;1945;97;0;0
FR;4;2021-12-11;30;34;7;0;30;34;3;0;0;1079312;5058;501;3;1080414;1979;100;0;0
FR;4;2021-12-12;30;12;3;0;30;15;0;0;0;1079342;5070;504;3;1080444;1994;100;0;0
FR;4;2021-12-13;78;40;14;0;80;49;2;0;0;1079420;5110;518;3;1080524;2043;102;0;0
FR;4;2021-12-14;61;43;18;0;62;55;2;0;0;1079481;5153;536;3;1080586;2098;104;0;0
FR;4;2021-12-15;68;65;29;0;68;86;6;0;0;1079549;5218;565;3;1080654;2184;110;0;0
FR;4;2021-12-16;35;45;18;0;36;58;3;0;0;1079584;5263;583;3;1080690;2242;113;0;0
FR;4;2021-12-17;39;55;11;0;39;59;6;0;0;1079623;5318;594;3;1080729;2301;119;0;0
FR;4;2021-12-18;49;31;3;0;50;33;0;0;0;1079672;5349;597;3;1080779;2334;119;0;0
FR;4;2021-12-19;16;4;1;0;17;4;0;0;0;1079688;5353;598;3;1080796;2338;119;0;0
FR;4;2021-12-20;45;38;10;0;46;41;6;0;0;1079733;5391;608;3;1080842;2379;125;0;0
FR;4;2021-12-21;32;32;17;0;34;39;5;0;0;1079765;5423;625;3;1080876;2418;130;0;0
FR;4;2021-12-22;37;39;10;0;38;39;7;0;0;1079802;5462;635;3;1080914;2457;137;0;0
FR;4;2021-12-23;41;45;8;0;41;49;2;0;0;1079843;5507;643;3;1080955;2506;139;0;0
FR;4;2021-12-24;24;28;10;0;26;31;4;0;0;1079867;5535;653;3;1080981;2537;143;0;0
FR;4;2021-12-25;7;3;3;0;7;4;2;0;0;1079874;5538;656;3;1080988;2541;145;0;0
FR;4;2021-12-26;5;3;1;0;6;2;0;0;0;1079879;5541;657;3;1080994;2543;145;0;0
FR;4;2021-12-27;31;41;9;0;32;43;4;0;0;1079910;5582;666;3;1081026;2586;149;0;0
FR;4;2021-12-28;27;28;7;0;29;29;4;0;0;1079937;5610;673;3;1081055;2615;153;0;0
FR;4;2021-12-29;56;25;11;0;57;30;5;0;0;1079993;5635;684;3;1081112;2645;158;0;0
FR;4;2021-12-30;48;19;12;0;51;22;5;0;0;1080041;5654;696;3;1081163;2667;163;0;0
FR;4;2021-12-31;20;6;8;0;21;11;2;0;0;1080061;5660;704;3;1081184;2678;165;0;0
FR;4;2022-01-01;6;4;5;0;6;7;1;0;0;1080067;5664;709;3;1081190;2685;166;0;0
FR;4;2022-01-02;43;5;16;0;43;20;1;0;0;1080110;5669;725;3;1081233;2705;167;0;0
FR;4;2022-01-03;45;55;25;1;47;65;10;0;0;1080155;5724;750;4;1081280;2770;177;0;0
FR;4;2022-01-04;44;28;16;0;45;33;8;0;0;1080199;5752;766;4;1081325;2803;185;0;0
FR;4;2022-01-05;52;24;19;0;58;27;9;0;0;1080251;5776;785;4;1081383;2830;194;0;0
FR;4;2022-01-06;52;24;24;0;52;40;8;0;0;1080303;5800;809;4;1081435;2870;202;0;0
FR;4;2022-01-07;31;20;16;0;33;21;12;0;0;1080334;5820;825;4;1081468;2891;214;0;0
FR;4;2022-01-08;13;6;10;0;14;12;3;0;0;1080347;5826;835;4;1081482;2903;217;0;0
FR;4;2022-01-09;20;2;3;0;21;4;0;0;0;1080367;5828;838;4;1081503;2907;217;0;0
FR;4;2022-01-10;52;22;19;0;52;36;4;0;0;1080419;5850;857;4;1081555;2943;221;0;0
FR;4;2022-01-11;30;31;12;0;34;35;1;0;0;1080449;5881;869;4;1081589;2978;222;0;0
FR;4;2022-01-12;35;21;13;0;37;23;9;0;0;1080484;5902;882;4;1081626;3001;231;0;0
FR;4;2022-01-13;55;20;27;0;56;38;8;0;0;1080539;5922;909;4;1081682;3039;239;0;0
FR;4;2022-01-14;25;32;13;0;26;35;7;0;0;1080564;5954;922;4;1081708;3074;246;0;0
FR;4;2022-01-15;15;6;8;0;16;12;1;0;0;1080579;5960;930;4;1081724;3086;247;0;0
FR;4;2022-01-16;13;9;14;0;13;22;1;0;0;1080592;5969;944;4;1081737;3108;248;0;0
FR;4;2022-01-17;27;20;15;0;27;29;5;0;0;1080619;5989;959;4;1081764;3137;253;0;0
FR;4;2022-01-18;17;14;10;0;17;21;3;0;0;1080636;6003;969;4;1081781;3158;256;0;0
FR;4;2022-01-19;33;23;13;0;33;34;1;0;0;1080669;6026;982;4;1081814;3192;257;0;0
FR;4;2022-01-20;34;34;13;0;36;39;5;0;0;1080703;6060;995;4;1081850;3231;262;0;0
FR;4;2022-01-21;13;12;20;1;13;17;15;0;1;1080716;6072;1015;5;1081863;3248;277;0;1
FR;4;2022-01-22;30;13;3;0;30;14;2;0;0;1080746;6085;1018;5;1081893;3262;279;0;1
FR;4;2022-01-23;8;2;7;0;8;9;0;0;0;1080754;6087;1025;5;1081901;3271;279;0;1
FR;4;2022-01-24;14;21;9;0;15;28;1;0;0;1080768;6108;1034;5;1081916;3299;280;0;1
FR;4;2022-01-25;22;32;10;1;23;38;3;0;0;1080790;6140;1044;6;1081939;3337;283;0;1
FR;4;2022-01-26;20;17;9;1;21;21;4;0;0;1080810;6157;1053;7;1081960;3358;287;0;1
FR;4;2022-01-27;22;19;8;0;23;25;1;0;0;1080832;6176;1061;7;1081983;3383;288;0;1
FR;4;2022-01-28;14;23;8;0;15;26;4;0;0;1080846;6199;1069;7;1081998;3409;292;0;1
FR;4;2022-01-29;17;6;5;0;17;10;0;0;0;1080863;6205;1074;7;1082015;3419;292;0;1
FR;4;2022-01-30;19;3;2;0;19;5;0;0;0;1080882;6208;1076;7;1082034;3424;292;0;1
FR;4;2022-01-31;22;28;8;0;22;32;2;0;0;1080904;6236;1084;7;1082056;3456;294;0;1
FR;4;2022-02-01;13;24;13;0;15;25;9;0;0;1080917;6260;1097;7;1082071;3481;303;0;1
FR;4;2022-02-02;19;12;14;2;20;20;7;0;0;1080936;6272;1111;9;1082091;3501;310;0;1
FR;4;2022-02-03;16;24;11;0;18;29;4;0;0;1080952;6296;1122;9;1082109;3530;314;0;1
FR;4;2022-02-04;7;5;7;0;7;9;3;0;0;1080959;6301;1129;9;1082116;3539;317;0;1
FR;4;2022-02-05;7;14;1;0;8;13;1;0;0;1080966;6315;1130;9;1082124;3552;318;0;1
FR;4;2022-02-06;8;4;4;0;8;7;1;0;0;1080974;6319;1134;9;1082132;3559;319;0;1
FR;4;2022-02-07;15;20;8;0;17;20;6;0;0;1080989;6339;1142;9;1082149;3579;325;0;1
FR;4;2022-02-08;20;21;13;1;22;22;10;0;0;1081009;6360;1155;10;1082171;3601;335;0;1
FR;4;2022-02-09;18;12;9;0;19;17;2;0;0;1081027;6372;1164;10;1082190;3618;337;0;1
FR;4;2022-02-10;23;23;10;0;24;25;7;0;0;1081050;6395;1174;10;1082214;3643;344;0;1
FR;4;2022-02-11;18;15;8;0;18;20;3;0;0;1081068;6410;1182;10;1082232;3663;347;0;1
FR;4;2022-02-12;24;6;3;0;26;7;0;0;0;1081092;6416;1185;10;1082258;3670;347;0;1
FR;4;2022-02-13;7;3;3;0;7;6;0;0;0;1081099;6419;1188;10;1082265;3676;347;0;1
FR;4;2022-02-14;22;10;10;0;22;16;4;0;0;1081121;6429;1198;10;1082287;3692;351;0;1
FR;4;2022-02-15;18;7;2;0;18;8;0;0;0;1081139;6436;1200;10;1082305;3700;351;0;1
FR;4;2022-02-16;17;11;11;0;17;18;3;0;0;1081156;6447;1211;10;1082322;3718;354;0;1
FR;4;2022-02-17;11;4;5;0;11;7;2;0;0;1081167;6451;1216;10;1082333;3725;356;0;1
FR;4;2022-02-18;16;15;8;0;16;21;2;0;0;1081183;6466;1224;10;1082349;3746;358;0;1
FR;4;2022-02-19;16;4;2;0;17;5;0;0;0;1081199;6470;1226;10;1082366;3751;358;0;1
FR;4;2022-02-20;9;4;0;0;10;3;0;0;0;1081208;6474;1226;10;1082376;3754;358;0;1
FR;4;2022-02-21;24;5;4;0;24;7;2;0;0;1081232;6479;1230;10;1082400;3761;360;0;1
FR;4;2022-02-22;8;5;10;0;9;10;4;0;0;1081240;6484;1240;10;1082409;3771;364;0;1
FR;4;2022-02-23;17;6;10;0;17;10;5;0;0;1081257;6490;1250;10;1082426;3781;369;0;1
FR;4;2022-02-24;11;5;4;0;11;7;2;0;0;1081268;6495;1254;10;1082437;3788;371;0;1
FR;4;2022-02-25;17;5;7;0;17;6;6;0;0;1081285;6500;1261;10;1082454;3794;377;0;1
FR;4;2022-02-26;27;3;1;0;27;4;0;0;0;1081312;6503;1262;10;1082481;3798;377;0;1
FR;4;2022-02-27;9;0;1;0;9;1;0;0;0;1081321;6503;1263;10;1082490;3799;377;0;1
FR;4;2022-02-28;18;3;2;0;19;3;1;0;0;1081339;6506;1265;10;1082509;3802;378;0;1
FR;4;2022-03-01;8;4;7;0;8;5;5;0;0;1081347;6510;1272;10;1082517;3807;383;0;1
FR;4;2022-03-02;16;3;5;0;17;6;1;0;0;1081363;6513;1277;10;1082534;3813;384;0;1
FR;4;2022-03-03;19;5;3;0;19;6;1;0;0;1081382;6518;1280;10;1082553;3819;385;0;1
FR;4;2022-03-04;7;8;2;1;7;6;3;0;0;1081389;6526;1282;11;1082560;3825;388;0;1
FR;4;2022-03-05;9;2;0;0;9;2;0;0;0;1081398;6528;1282;11;1082569;3827;388;0;1
FR;4;2022-03-06;4;0;1;0;4;1;0;0;0;1081402;6528;1283;11;1082573;3828;388;0;1
FR;4;2022-03-07;11;6;2;0;11;5;2;0;0;1081413;6534;1285;11;1082584;3833;390;0;1
FR;4;2022-03-08;15;3;0;0;15;3;0;0;0;1081428;6537;1285;11;1082599;3836;390;0;1
FR;4;2022-03-09;9;7;2;0;11;7;0;0;0;1081437;6544;1287;11;1082610;3843;390;0;1
FR;4;2022-03-10;6;1;6;0;6;3;4;0;0;1081443;6545;1293;11;1082616;3846;394;0;1
FR;4;2022-03-11;10;4;5;0;12;2;5;0;0;1081453;6549;1298;11;1082628;3848;399;0;1
FR;4;2022-03-12;10;2;0;0;11;0;0;0;0;1081463;6551;1298;11;1082639;3848;399;0;1
FR;4;2022-03-13;6;2;1;0;7;2;0;0;0;1081469;6553;1299;11;1082646;3850;399;0;1
FR;4;2022-03-14;4;3;1;0;5;3;0;0;0;1081473;6556;1300;11;1082651;3853;399;0;1
FR;4;2022-03-15;8;8;3;0;10;7;2;0;0;1081481;6564;1303;11;1082661;3860;401;0;1
FR;4;2022-03-16;7;3;4;0;7;4;3;0;0;1081488;6567;1307;11;1082668;3864;404;0;1
FR;4;2022-03-17;4;4;1;0;4;5;0;0;0;1081492;6571;1308;11;1082672;3869;404;0;1
FR;4;2022-03-18;9;3;0;0;9;3;0;0;0;1081501;6574;1308;11;1082681;3872;404;0;1
FR;4;2022-03-19;1;1;1;0;1;2;0;0;0;1081502;6575;1309;11;1082682;3874;404;0;1
FR;4;2022-03-20;3;1;2;0;3;2;1;0;0;1081505;6576;1311;11;1082685;3876;405;0;1
FR;4;2022-03-21;6;4;1;0;6;5;0;0;0;1081511;6580;1312;11;1082691;3881;405;0;1
FR;4;2022-03-22;4;2;2;0;4;3;1;0;0;1081515;6582;1314;11;1082695;3884;406;0;1
FR;4;2022-03-23;6;4;5;0;6;8;1;0;0;1081521;6586;1319;11;1082701;3892;407;0;1
FR;4;2022-03-24;2;5;3;1;2;7;2;0;0;1081523;6591;1322;12;1082703;3899;409;0;1
FR;4;2022-03-25;4;1;2;0;4;1;2;0;0;1081527;6592;1324;12;1082707;3900;411;0;1
FR;4;2022-03-26;5;5;0;0;5;5;0;0;0;1081532;6597;1324;12;1082712;3905;411;0;1
FR;4;2022-03-27;1;0;3;0;1;2;1;0;0;1081533;6597;1327;12;1082713;3907;412;0;1
FR;4;2022-03-28;6;1;3;0;7;3;0;0;0;1081539;6598;1330;12;1082720;3910;412;0;1
FR;4;2022-03-29;9;0;4;1;9;0;2;0;0;1081548;6598;1334;13;1082729;3910;414;0;1
FR;4;2022-03-30;3;4;0;0;3;4;0;0;0;1081551;6602;1334;13;1082732;3914;414;0;1
FR;4;2022-03-31;5;3;2;1;5;4;1;0;0;1081556;6605;1336;14;1082737;3918;415;0;1
FR;4;2022-04-01;15;3;5;0;15;6;2;0;0;1081571;6608;1341;14;1082752;3924;417;0;1
FR;4;2022-04-02;4;4;0;0;5;3;0;0;0;1081575;6612;1341;14;1082757;3927;417;0;1
FR;4;2022-04-03;0;1;0;0;0;1;0;0;0;1081575;6613;1341;14;1082757;3928;417;0;1
FR;4;2022-04-04;4;4;4;0;5;5;2;0;0;1081579;6617;1345;14;1082762;3933;419;0;1
FR;4;2022-04-05;4;3;3;1;5;3;3;0;0;1081583;6620;1348;15;1082767;3936;422;0;1
FR;4;2022-04-06;6;1;0;0;6;1;0;0;0;1081589;6621;1348;15;1082773;3937;422;0;1
FR;4;2022-04-07;3;2;3;2;3;5;0;0;0;1081592;6623;1351;17;1082776;3942;422;0;1
FR;4;2022-04-08;4;2;1;0;4;2;1;0;0;1081596;6625;1352;17;1082780;3944;423;0;1
FR;4;2022-04-09;0;0;1;1;0;1;1;0;0;1081596;6625;1353;18;1082780;3945;424;0;1
FR;4;2022-04-10;2;2;0;0;2;2;0;0;0;1081598;6627;1353;18;1082782;3947;424;0;1
FR;4;2022-04-11;4;3;4;0;4;5;2;0;0;1081602;6630;1357;18;1082786;3952;426;0;1
FR;4;2022-04-12;6;1;4;0;6;2;3;0;0;1081608;6631;1361;18;1082792;3954;429;0;1
FR;4;2022-04-13;5;8;2;1;5;10;1;0;0;1081613;6639;1363;19;1082797;3964;430;0;1
FR;4;2022-04-14;6;4;2;1;7;5;1;0;0;1081619;6643;1365;20;1082804;3969;431;0;1
FR;4;2022-04-15;7;9;1;0;7;10;0;0;0;1081626;6652;1366;20;1082811;3979;431;0;1
FR;4;2022-04-16;1;0;0;0;1;0;0;0;0;1081627;6652;1366;20;1082812;3979;431;0;1
FR;4;2022-04-17;3;2;1;0;3;3;0;0;0;1081630;6654;1367;20;1082815;3982;431;0;1
FR;4;2022-04-18;2;2;6;0;2;4;4;0;0;1081632;6656;1373;20;1082817;3986;435;0;1
FR;4;2022-04-19;3;1;1;0;3;1;1;0;0;1081635;6657;1374;20;1082820;3987;436;0;1
FR;4;2022-04-20;15;4;1;1;16;3;1;0;0;1081650;6661;1375;21;1082836;3990;437;0;1
FR;4;2022-04-21;7;1;0;0;7;1;0;0;0;1081657;6662;1375;21;1082843;3991;437;0;1
FR;4;2022-04-22;1;1;2;0;1;2;1;0;0;1081658;6663;1377;21;1082844;3993;438;0;1
FR;4;2022-04-23;2;3;3;0;2;6;0;0;0;1081660;6666;1380;21;1082846;3999;438;0;1
FR;4;2022-04-24;0;3;0;0;0;3;0;0;0;1081660;6669;1380;21;1082846;4002;438;0;1
FR;4;2022-04-25;3;5;3;0;3;8;0;0;0;1081663;6674;1383;21;1082849;4010;438;0;1
FR;4;2022-04-26;5;6;1;0;5;6;1;0;0;1081668;6680;1384;21;1082854;4016;439;0;1
FR;4;2022-04-27;4;1;1;2;5;1;2;0;0;1081672;6681;1385;23;1082859;4017;441;0;1
FR;4;2022-04-28;3;5;5;1;3;7;4;0;0;1081675;6686;1390;24;1082862;4024;445;0;1
FR;4;2022-04-29;6;3;0;0;6;2;0;0;0;1081681;6689;1390;24;1082868;4026;445;0;1
FR;4;2022-04-30;2;1;1;0;2;2;0;0;0;1081683;6690;1391;24;1082870;4028;445;0;1
FR;4;2022-05-01;0;0;0;0;0;0;0;0;0;1081683;6690;1391;24;1082870;4028;445;0;1
FR;4;2022-05-02;5;16;6;0;5;19;3;0;0;1081688;6706;1397;24;1082875;4047;448;0;1
FR;4;2022-05-03;2;6;2;0;2;7;1;0;0;1081690;6712;1399;24;1082877;4054;449;0;1
FR;4;2022-05-04;7;4;1;0;7;4;1;0;0;1081697;6716;1400;24;1082884;4058;450;0;1
FR;4;2022-05-05;5;2;1;1;6;1;2;0;0;1081702;6718;1401;25;1082890;4059;452;0;1
FR;4;2022-05-06;5;3;1;0;6;2;1;0;0;1081707;6721;1402;25;1082896;4061;453;0;1
FR;4;2022-05-07;0;1;0;0;0;1;0;0;0;1081707;6722;1402;25;1082896;4062;453;0;1
FR;4;2022-05-08;1;1;0;0;1;1;0;0;0;1081708;6723;1402;25;1082897;4063;453;0;1
FR;4;2022-05-09;5;1;0;1;5;1;1;0;0;1081713;6724;1402;26;1082902;4064;454;0;1
FR;4;2022-05-10;3;1;0;2;3;3;0;0;0;1081716;6725;1402;28;1082905;4067;454;0;1
FR;4;2022-05-11;4;2;4;0;4;5;1;0;0;1081720;6727;1406;28;1082909;4072;455;0;1
FR;4;2022-05-12;7;4;2;1;7;5;1;0;1;1081727;6731;1408;29;1082916;4077;456;0;2
FR;4;2022-05-13;1;0;2;0;1;2;0;0;0;1081728;6731;1410;29;1082917;4079;456;0;2
FR;4;2022-05-14;0;2;0;0;0;2;0;0;0;1081728;6733;1410;29;1082917;4081;456;0;2
FR;4;2022-05-15;2;2;0;0;4;0;0;0;0;1081730;6735;1410;29;1082921;4081;456;0;2
FR;4;2022-05-16;5;2;2;0;5;2;2;0;0;1081735;6737;1412;29;1082926;4083;458;0;2
FR;4;2022-05-17;5;1;2;0;5;3;0;0;0;1081740;6738;1414;29;1082931;4086;458;0;2
FR;4;2022-05-18;3;6;0;0;3;6;0;0;0;1081743;6744;1414;29;1082934;4092;458;0;2
FR;4;2022-05-19;2;3;3;0;2;5;1;0;0;1081745;6747;1417;29;1082936;4097;459;0;2
FR;4;2022-05-20;5;2;3;0;5;2;3;0;0;1081750;6749;1420;29;1082941;4099;462;0;2
FR;4;2022-05-21;2;0;1;0;2;1;0;0;0;1081752;6749;1421;29;1082943;4100;462;0;2
FR;4;2022-05-22;0;0;1;0;0;1;0;0;0;1081752;6749;1422;29;1082943;4101;462;0;2
FR;4;2022-05-23;0;0;2;0;0;0;2;0;0;1081752;6749;1424;29;1082943;4101;464;0;2
FR;4;2022-05-24;2;4;1;0;2;5;0;0;0;1081754;6753;1425;29;1082945;4106;464;0;2
FR;4;2022-05-25;1;4;1;0;3;3;0;0;0;1081755;6757;1426;29;1082948;4109;464;0;2
FR;4;2022-05-26;5;0;1;0;5;1;0;0;0;1081760;6757;1427;29;1082953;4110;464;0;2
FR;4;2022-05-27;0;2;1;1;0;3;1;0;0;1081760;6759;1428;30;1082953;4113;465;0;2
FR;4;2022-05-28;1;0;0;0;1;0;0;0;0;1081761;6759;1428;30;1082954;4113;465;0;2
FR;4;2022-05-29;1;0;1;0;1;1;0;0;0;1081762;6759;1429;30;1082955;4114;465;0;2
FR;4;2022-05-30;3;4;2;0;3;5;1;0;0;1081765;6763;1431;30;1082958;4119;466;0;2
FR;4;2022-05-31;2;1;0;0;2;1;0;0;0;1081767;6764;1431;30;1082960;4120;466;0;2
FR;4;2022-06-01;3;11;7;0;3;15;3;0;0;1081770;6775;1438;30;1082963;4135;469;0;2
FR;4;2022-06-02;6;7;3;0;6;7;2;0;0;1081776;6782;1441;30;1082969;4142;471;0;2
FR;4;2022-06-03;2;6;4;1;2;7;4;0;0;1081778;6788;1445;31;1082971;4149;475;0;2
FR;4;2022-06-04;0;1;1;1;0;1;2;0;0;1081778;6789;1446;32;1082971;4150;477;0;2
FR;4;2022-06-05;1;0;0;0;1;0;0;0;0;1081779;6789;1446;32;1082972;4150;477;0;2
FR;4;2022-06-06;8;0;3;0;8;2;1;0;0;1081787;6789;1449;32;1082980;4152;478;0;2
FR;4;2022-06-07;7;2;0;1;7;2;1;0;0;1081794;6791;1449;33;1082987;4154;479;0;2
FR;4;2022-06-08;0;5;3;0;1;7;0;0;0;1081794;6796;1452;33;1082988;4161;479;0;2
FR;4;2022-06-09;1;2;0;0;2;1;0;0;0;1081795;6798;1452;33;1082990;4162;479;0;2
FR;4;2022-06-10;4;0;3;0;4;1;2;0;0;1081799;6798;1455;33;1082994;4163;481;0;2
FR;4;2022-06-11;1;0;0;0;1;0;0;0;0;1081800;6798;1455;33;1082995;4163;481;0;2
FR;4;2022-06-12;4;1;1;0;4;2;0;0;0;1081804;6799;1456;33;1082999;4165;481;0;2
FR;4;2022-06-13;6;2;3;0;7;2;1;0;0;1081810;6801;1459;33;1083006;4167;482;0;2
FR;4;2022-06-14;4;3;0;0;5;2;0;0;0;1081814;6804;1459;33;1083011;4169;482;0;2
FR;4;2022-06-15;10;3;4;0;10;3;4;0;0;1081824;6807;1463;33;1083021;4172;486;0;2
FR;4;2022-06-16;2;3;1;1;3;2;1;0;1;1081826;6810;1464;34;1083024;4174;487;0;3
FR;4;2022-06-17;6;1;0;0;6;1;0;0;0;1081832;6811;1464;34;1083030;4175;487;0;3
FR;4;2022-06-18;0;0;0;0;0;0;0;0;0;1081832;6811;1464;34;1083030;4175;487;0;3
FR;4;2022-06-19;3;0;0;0;3;0;0;0;0;1081835;6811;1464;34;1083033;4175;487;0;3
FR;4;2022-06-20;6;2;2;1;6;3;2;0;0;1081841;6813;1466;35;1083039;4178;489;0;3
FR;4;2022-06-21;5;2;4;1;6;4;2;0;0;1081846;6815;1470;36;1083045;4182;491;0;3
FR;4;2022-06-22;3;2;1;3;4;2;1;0;0;1081849;6817;1471;39;1083049;4184;492;0;3
FR;4;2022-06-23;3;3;3;0;3;5;1;0;0;1081852;6820;1474;39;1083052;4189;493;0;3
FR;4;2022-06-24;3;0;2;0;3;0;2;0;0;1081855;6820;1476;39;1083055;4189;495;0;3
FR;4;2022-06-25;3;0;1;1;3;1;1;0;0;1081858;6820;1477;40;1083058;4190;496;0;3
FR;4;2022-06-26;0;0;2;0;0;2;0;0;0;1081858;6820;1479;40;1083058;4192;496;0;3
FR;4;2022-06-27;2;2;1;3;2;3;3;0;0;1081860;6822;1480;43;1083060;4195;499;0;3
FR;4;2022-06-28;0;4;2;1;0;5;2;0;0;1081860;6826;1482;44;1083060;4200;501;0;3
FR;4;2022-06-29;1;2;0;0;1;2;0;0;0;1081861;6828;1482;44;1083061;4202;501;0;3
FR;4;2022-06-30;2;0;0;0;2;0;0;0;0;1081863;6828;1482;44;1083063;4202;501;0;3
FR;4;2022-07-01;2;4;8;0;2;4;8;0;0;1081865;6832;1490;44;1083065;4206;509;0;3
FR;4;2022-07-02;0;1;0;0;1;0;0;0;0;1081865;6833;1490;44;1083066;4206;509;0;3
FR;4;2022-07-03;0;0;0;0;0;0;0;0;0;1081865;6833;1490;44;1083066;4206;509;0;3
FR;4;2022-07-04;4;1;0;0;4;1;0;0;0;1081869;6834;1490;44;1083070;4207;509;0;3
FR;4;2022-07-05;4;1;3;0;4;3;1;0;0;1081873;6835;1493;44;1083074;4210;510;0;3
FR;4;2022-07-06;5;0;1;1;5;0;1;0;1;1081878;6835;1494;45;1083079;4210;511;0;4
FR;4;2022-07-07;2;1;2;1;2;1;3;0;0;1081880;6836;1496;46;1083081;4211;514;0;4
FR;4;2022-07-08;4;1;0;0;4;1;0;0;0;1081884;6837;1496;46;1083085;4212;514;0;4
FR;4;2022-07-09;2;2;1;0;2;3;0;0;0;1081886;6839;1497;46;1083087;4215;514;0;4
FR;4;2022-07-10;2;0;1;0;2;0;0;0;0;1081888;6839;1498;46;1083089;4215;514;0;4
FR;4;2022-07-11;3;0;2;0;3;0;1;0;0;1081891;6839;1500;46;1083092;4215;515;0;4
FR;4;2022-07-12;0;0;2;0;0;2;0;0;0;1081891;6839;1502;46;1083092;4217;515;0;4
FR;4;2022-07-13;3;2;3;1;3;2;4;0;0;1081894;6841;1505;47;1083095;4219;519;0;4
FR;4;2022-07-14;6;0;1;0;6;0;1;0;0;1081900;6841;1506;47;1083101;4219;520;0;4
FR;4;2022-07-15;11;2;0;0;11;2;0;0;0;1081911;6843;1506;47;1083112;4221;520;0;4
FR;4;2022-07-16;5;0;0;2;5;0;2;0;0;1081916;6843;1506;49;1083117;4221;522;0;4
FR;4;2022-07-17;1;0;1;1;1;0;2;0;0;1081917;6843;1507;50;1083118;4221;524;0;4
FR;4;2022-07-18;3;3;2;0;3;3;2;0;0;1081920;6846;1509;50;1083121;4224;526;0;4
FR;4;2022-07-19;5;0;1;0;5;1;0;0;0;1081925;6846;1510;50;1083126;4225;526;0;4
FR;4;2022-07-20;12;2;1;0;13;2;0;0;0;1081937;6848;1511;50;1083139;4227;526;0;4
FR;4;2022-07-21;2;3;1;0;2;3;1;0;0;1081939;6851;1512;50;1083141;4230;527;0;4
FR;4;2022-07-22;5;1;3;0;5;2;2;0;0;1081944;6852;1515;50;1083146;4232;529;0;4
FR;4;2022-07-23;1;2;0;0;1;1;0;0;0;1081945;6854;1515;50;1083147;4233;529;0;4
FR;4;2022-07-24;1;0;0;0;1;0;0;0;0;1081946;6854;1515;50;1083148;4233;529;0;4
FR;4;2022-07-25;7;0;2;0;7;2;0;0;0;1081953;6854;1517;50;1083155;4235;529;0;4
FR;4;2022-07-26;2;0;0;0;2;0;0;0;0;1081955;6854;1517;50;1083157;4235;529;0;4
FR;4;2022-07-27;3;1;0;0;3;0;0;0;0;1081958;6855;1517;50;1083160;4235;529;0;4
FR;4;2022-07-28;13;0;0;0;13;0;0;0;0;1081971;6855;1517;50;1083173;4235;529;0;4
FR;4;2022-07-29;3;0;2;0;3;1;1;0;0;1081974;6855;1519;50;1083176;4236;530;0;4
FR;4;2022-07-30;5;0;2;0;5;0;2;0;0;1081979;6855;1521;50;1083181;4236;532;0;4
FR;4;2022-07-31;0;0;0;0;0;0;0;0;0;1081979;6855;1521;50;1083181;4236;532;0;4
FR;4;2022-08-01;4;0;3;0;4;2;1;0;0;1081983;6855;1524;50;1083185;4238;533;0;4
FR;4;2022-08-02;6;0;0;0;6;0;0;0;0;1081989;6855;1524;50;1083191;4238;533;0;4
FR;4;2022-08-03;2;2;1;0;2;2;1;0;0;1081991;6857;1525;50;1083193;4240;534;0;4
FR;4;2022-08-04;5;2;0;1;5;2;1;0;0;1081996;6859;1525;51;1083198;4242;535;0;4
FR;4;2022-08-05;3;1;1;0;3;1;1;0;0;1081999;6860;1526;51;1083201;4243;536;0;4
FR;4;2022-08-06;2;0;0;0;2;0;0;0;0;1082001;6860;1526;51;1083203;4243;536;0;4
FR;4;2022-08-07;5;0;0;0;5;0;0;0;0;1082006;6860;1526;51;1083208;4243;536;0;4
FR;4;2022-08-08;2;0;1;1;2;1;1;0;0;1082008;6860;1527;52;1083210;4244;537;0;4
FR;4;2022-08-09;1;1;2;2;1;2;3;0;0;1082009;6861;1529;54;1083211;4246;540;0;4
FR;4;2022-08-10;6;1;1;0;7;1;0;0;0;1082015;6862;1530;54;1083218;4247;540;0;4
FR;4;2022-08-11;2;0;1;0;2;1;0;0;0;1082017;6862;1531;54;1083220;4248;540;0;4
FR;4;2022-08-12;4;0;1;0;4;0;1;0;0;1082021;6862;1532;54;1083224;4248;541;0;4
FR;4;2022-08-13;1;0;0;0;1;0;0;0;0;1082022;6862;1532;54;1083225;4248;541;0;4
FR;4;2022-08-14;1;0;0;0;1;0;0;0;0;1082023;6862;1532;54;1083226;4248;541;0;4
FR;4;2022-08-15;1;2;3;0;1;2;3;0;0;1082024;6864;1535;54;1083227;4250;544;0;4
FR;4;2022-08-16;0;0;1;0;0;1;0;0;0;1082024;6864;1536;54;1083227;4251;544;0;4
FR;4;2022-08-17;3;0;0;0;3;0;0;0;0;1082027;6864;1536;54;1083230;4251;544;0;4
FR;4;2022-08-18;6;0;0;0;6;0;0;0;0;1082033;6864;1536;54;1083236;4251;544;0;4
FR;4;2022-08-19;5;0;0;0;5;0;0;0;0;1082038;6864;1536;54;1083241;4251;544;0;4
FR;4;2022-08-20;3;1;0;0;4;0;0;0;0;1082041;6865;1536;54;1083245;4251;544;0;4
FR;4;2022-08-21;1;0;0;0;1;0;0;0;0;1082042;6865;1536;54;1083246;4251;544;0;4
FR;4;2022-08-22;3;9;0;0;3;9;0;0;0;1082045;6874;1536;54;1083249;4260;544;0;4
FR;4;2022-08-23;3;3;3;0;3;4;2;0;0;1082048;6877;1539;54;1083252;4264;546;0;4
FR;4;2022-08-24;6;0;0;1;6;0;1;0;0;1082054;6877;1539;55;1083258;4264;547;0;4
FR;4;2022-08-25;1;3;2;0;1;4;1;0;0;1082055;6880;1541;55;1083259;4268;548;0;4
FR;4;2022-08-26;6;0;0;1;6;0;1;0;0;1082061;6880;1541;56;1083265;4268;549;0;4
FR;4;2022-08-27;1;0;0;0;1;0;0;0;0;1082062;6880;1541;56;1083266;4268;549;0;4
FR;4;2022-08-28;0;1;0;0;0;0;0;0;0;1082062;6881;1541;56;1083266;4268;549;0;4
FR;4;2022-08-29;8;0;0;0;8;0;0;0;0;1082070;6881;1541;56;1083274;4268;549;0;4
FR;4;2022-08-30;5;1;0;0;5;1;0;0;0;1082075;6882;1541;56;1083279;4269;549;0;4
FR;4;2022-08-31;3;1;0;0;3;1;0;0;0;1082078;6883;1541;56;1083282;4270;549;0;4
FR;4;2022-09-01;4;8;2;0;5;7;2;0;0;1082082;6891;1543;56;1083287;4277;551;0;4
FR;4;2022-09-02;2;2;1;0;3;2;0;0;0;1082084;6893;1544;56;1083290;4279;551;0;4
FR;4;2022-09-03;3;0;0;0;3;0;0;0;0;1082087;6893;1544;56;1083293;4279;551;0;4
FR;4;2022-09-04;1;0;0;0;1;0;0;0;0;1082088;6893;1544;56;1083294;4279;551;0;4
FR;4;2022-09-05;4;2;0;0;4;2;0;0;0;1082092;6895;1544;56;1083298;4281;551;0;4
FR;4;2022-09-06;1;0;0;0;1;0;0;0;0;1082093;6895;1544;56;1083299;4281;551;0;4
FR;4;2022-09-07;2;0;1;1;2;1;1;0;0;1082095;6895;1545;57;1083301;4282;552;0;4
FR;4;2022-09-08;3;0;0;0;3;0;0;0;0;1082098;6895;1545;57;1083304;4282;552;0;4
FR;4;2022-09-09;2;2;0;0;2;2;0;0;0;1082100;6897;1545;57;1083306;4284;552;0;4
FR;4;2022-09-10;0;1;0;3;0;2;2;0;0;1082100;6898;1545;60;1083306;4286;554;0;4
FR;4;2022-09-11;2;0;0;0;2;0;0;0;0;1082102;6898;1545;60;1083308;4286;554;0;4
FR;4;2022-09-12;1;1;1;0;1;1;1;0;0;1082103;6899;1546;60;1083309;4287;555;0;4
FR;4;2022-09-13;1;0;0;0;1;0;0;0;0;1082104;6899;1546;60;1083310;4287;555;0;4
FR;4;2022-09-14;4;0;0;0;4;0;0;0;0;1082108;6899;1546;60;1083314;4287;555;0;4
FR;4;2022-09-15;4;0;0;0;4;0;0;0;0;1082112;6899;1546;60;1083318;4287;555;0;4
FR;4;2022-09-16;1;0;0;0;1;0;0;0;0;1082113;6899;1546;60;1083319;4287;555;0;4
FR;4;2022-09-17;2;0;0;0;2;0;0;0;0;1082115;6899;1546;60;1083321;4287;555;0;4
FR;4;2022-09-18;0;1;0;0;0;1;0;0;0;1082115;6900;1546;60;1083321;4288;555;0;4
FR;4;2022-09-19;4;0;2;0;4;2;0;0;0;1082119;6900;1548;60;1083325;4290;555;0;4
FR;4;2022-09-20;4;0;0;0;4;0;0;0;0;1082123;6900;1548;60;1083329;4290;555;0;4
FR;4;2022-09-21;2;1;0;0;2;1;0;0;0;1082125;6901;1548;60;1083331;4291;555;0;4
FR;4;2022-09-22;2;1;0;0;2;1;0;0;0;1082127;6902;1548;60;1083333;4292;555;0;4
FR;4;2022-09-23;2;3;0;0;3;2;0;0;0;1082129;6905;1548;60;1083336;4294;555;0;4
FR;4;2022-09-24;1;0;0;0;1;0;0;0;0;1082130;6905;1548;60;1083337;4294;555;0;4
FR;4;2022-09-25;0;0;0;0;0;0;0;0;0;1082130;6905;1548;60;1083337;4294;555;0;4
FR;4;2022-09-26;2;0;1;0;2;0;1;0;0;1082132;6905;1549;60;1083339;4294;556;0;4
FR;4;2022-09-27;1;0;1;1;1;0;2;0;0;1082133;6905;1550;61;1083340;4294;558;0;4
FR;4;2022-09-28;3;0;2;0;3;2;0;0;0;1082136;6905;1552;61;1083343;4296;558;0;4
FR;4;2022-09-29;5;0;1;1;5;1;1;0;0;1082141;6905;1553;62;1083348;4297;559;0;4
FR;4;2022-09-30;1;1;0;0;1;1;0;0;0;1082142;6906;1553;62;1083349;4298;559;0;4
FR;4;2022-10-01;1;1;0;0;2;0;0;0;0;1082143;6907;1553;62;1083351;4298;559;0;4
FR;4;2022-10-02;0;1;0;0;0;1;0;0;0;1082143;6908;1553;62;1083351;4299;559;0;4
FR;4;2022-10-03;2;3;1;1;3;3;1;0;0;1082145;6911;1554;63;1083354;4302;560;0;4
FR;4;2022-10-04;3;0;0;0;3;0;0;0;0;1082148;6911;1554;63;1083357;4302;560;0;4
FR;4;2022-10-05;0;1;0;0;0;1;0;0;0;1082148;6912;1554;63;1083357;4303;560;0;4
FR;4;2022-10-06;2;0;0;0;2;0;0;0;0;1082150;6912;1554;63;1083359;4303;560;0;4
FR;4;2022-10-07;3;1;1;0;3;1;1;0;0;1082153;6913;1555;63;1083362;4304;561;0;4
FR;4;2022-10-08;4;1;0;0;4;0;0;0;0;1082157;6914;1555;63;1083366;4304;561;0;4
FR;4;2022-10-09;0;0;0;0;0;0;0;0;0;1082157;6914;1555;63;1083366;4304;561;0;4
FR;4;2022-10-10;5;0;2;3;5;2;1;0;2;1082162;6914;1557;66;1083371;4306;562;0;6
FR;4;2022-10-11;2;2;0;0;2;1;0;0;0;1082164;6916;1557;66;1083373;4307;562;0;6
FR;4;2022-10-12;1;0;0;0;1;0;0;0;0;1082165;6916;1557;66;1083374;4307;562;0;6
FR;4;2022-10-13;5;0;0;0;5;0;0;0;0;1082170;6916;1557;66;1083379;4307;562;0;6
FR;4;2022-10-14;1;0;0;0;1;0;0;0;0;1082171;6916;1557;66;1083380;4307;562;0;6
FR;4;2022-10-15;1;2;0;0;1;2;0;0;0;1082172;6918;1557;66;1083381;4309;562;0;6
FR;4;2022-10-16;0;0;0;0;0;0;0;0;0;1082172;6918;1557;66;1083381;4309;562;0;6
FR;4;2022-10-17;3;0;1;0;3;1;0;0;0;1082175;6918;1558;66;1083384;4310;562;0;6
FR;4;2022-10-18;1;0;0;1;1;0;1;0;0;1082176;6918;1558;67;1083385;4310;563;0;6
FR;4;2022-10-19;1;0;0;2;1;0;2;0;3;1082177;6918;1558;69;1083386;4310;565;0;9
FR;4;2022-10-20;4;1;0;0;4;1;0;0;0;1082181;6919;1558;69;1083390;4311;565;0;9
FR;4;2022-10-21;3;1;0;0;3;1;0;0;0;1082184;6920;1558;69;1083393;4312;565;0;9
FR;4;2022-10-22;1;0;0;0;1;0;0;0;0;1082185;6920;1558;69;1083394;4312;565;0;9
FR;4;2022-10-23;0;0;0;0;0;0;0;0;0;1082185;6920;1558;69;1083394;4312;565;0;9
FR;4;2022-10-24;3;0;0;0;3;0;0;0;0;1082188;6920;1558;69;1083397;4312;565;0;9
FR;4;2022-10-25;4;0;0;0;4;0;0;0;0;1082192;6920;1558;69;1083401;4312;565;0;9
FR;4;2022-10-26;2;1;0;0;2;1;0;0;0;1082194;6921;1558;69;1083403;4313;565;0;9
FR;4;2022-10-27;3;1;1;0;3;0;1;0;0;1082197;6922;1559;69;1083406;4313;566;0;9
FR;4;2022-10-28;0;0;0;0;0;0;0;0;0;1082197;6922;1559;69;1083406;4313;566;0;9
FR;4;2022-10-29;1;0;0;3;1;0;3;0;3;1082198;6922;1559;72;1083407;4313;569;0;12
FR;4;2022-10-30;1;0;0;0;1;0;0;0;0;1082199;6922;1559;72;1083408;4313;569;0;12
FR;4;2022-10-31;1;0;0;0;1;0;0;0;0;1082200;6922;1559;72;1083409;4313;569;0;12
FR;4;2022-11-01;1;6;0;0;1;6;0;0;0;1082201;6928;1559;72;1083410;4319;569;0;12
FR;4;2022-11-02;0;0;2;2;0;1;3;0;0;1082201;6928;1561;74;1083410;4320;572;0;12
FR;4;2022-11-03;1;0;0;0;1;0;0;0;0;1082202;6928;1561;74;1083411;4320;572;0;12
FR;4;2022-11-04;4;1;0;0;4;0;0;0;0;1082206;6929;1561;74;1083415;4320;572;0;12
FR;4;2022-11-05;0;0;0;0;0;0;0;0;0;1082206;6929;1561;74;1083415;4320;572;0;12
FR;4;2022-11-06;2;0;0;0;2;0;0;0;0;1082208;6929;1561;74;1083417;4320;572;0;12
FR;4;2022-11-07;2;0;0;0;2;0;0;0;0;1082210;6929;1561;74;1083419;4320;572;0;12
FR;4;2022-11-08;7;0;0;0;7;0;0;0;0;1082217;6929;1561;74;1083426;4320;572;0;12
FR;4;2022-11-09;0;0;0;0;0;0;0;0;0;1082217;6929;1561;74;1083426;4320;572;0;12
FR;4;2022-11-10;2;0;1;0;2;1;0;0;0;1082219;6929;1562;74;1083428;4321;572;0;12
FR;4;2022-11-11;1;0;0;0;1;0;0;0;0;1082220;6929;1562;74;1083429;4321;572;0;12
FR;4;2022-11-12;3;1;0;0;3;1;0;0;0;1082223;6930;1562;74;1083432;4322;572;0;12
FR;4;2022-11-13;2;0;0;0;2;0;0;0;0;1082225;6930;1562;74;1083434;4322;572;0;12
FR;4;2022-11-14;0;1;0;0;0;1;0;0;0;1082225;6931;1562;74;1083434;4323;572;0;12
FR;4;2022-11-15;3;1;0;0;3;1;0;0;0;1082228;6932;1562;74;1083437;4324;572;0;12
FR;4;2022-11-16;1;1;1;0;1;1;1;0;0;1082229;6933;1563;74;1083438;4325;573;0;12
FR;4;2022-11-17;0;2;0;0;0;2;0;0;0;1082229;6935;1563;74;1083438;4327;573;0;12
FR;4;2022-11-18;5;0;1;0;5;0;1;0;0;1082234;6935;1564;74;1083443;4327;574;0;12
FR;4;2022-11-19;0;0;0;0;0;0;0;0;0;1082234;6935;1564;74;1083443;4327;574;0;12
FR;4;2022-11-20;0;0;0;1;0;0;0;0;1;1082234;6935;1564;75;1083443;4327;574;0;13
FR;4;2022-11-21;0;0;0;0;0;0;0;0;0;1082234;6935;1564;75;1083443;4327;574;0;13
FR;4;2022-11-22;0;1;1;0;0;2;0;0;0;1082234;6936;1565;75;1083443;4329;574;0;13
FR;4;2022-11-23;1;0;0;0;1;0;0;0;1;1082235;6936;1565;75;1083444;4329;574;0;14
FR;4;2022-11-24;0;2;0;0;0;2;0;0;0;1082235;6938;1565;75;1083444;4331;574;0;14
FR;4;2022-11-25;3;4;0;0;3;4;0;0;0;1082238;6942;1565;75;1083447;4335;574;0;14
FR;4;2022-11-26;1;0;0;0;1;0;0;0;0;1082239;6942;1565;75;1083448;4335;574;0;14
FR;4;2022-11-27;0;0;0;0;0;0;0;0;0;1082239;6942;1565;75;1083448;4335;574;0;14
FR;4;2022-11-28;4;0;0;0;4;0;0;0;0;1082243;6942;1565;75;1083452;4335;574;0;14
FR;4;2022-11-29;3;0;0;0;3;0;0;0;0;1082246;6942;1565;75;1083455;4335;574;0;14
FR;4;2022-11-30;0;0;0;0;0;0;0;0;0;1082246;6942;1565;75;1083455;4335;574;0;14
FR;4;2022-12-01;1;2;2;0;2;2;1;0;0;1082247;6944;1567;75;1083457;4337;575;0;14
FR;4;2022-12-02;6;1;0;1;6;1;0;0;1;1082253;6945;1567;76;1083463;4338;575;0;15
FR;4;2022-12-03;1;0;0;0;1;0;0;0;0;1082254;6945;1567;76;1083464;4338;575;0;15
FR;4;2022-12-04;0;0;0;0;0;0;0;0;0;1082254;6945;1567;76;1083464;4338;575;0;15
FR;4;2022-12-05;2;1;0;0;2;1;0;0;0;1082256;6946;1567;76;1083466;4339;575;0;15
FR;4;2022-12-06;2;0;0;0;2;0;0;0;0;1082258;6946;1567;76;1083468;4339;575;0;15
FR;4;2022-12-07;2;3;1;0;2;4;0;0;0;1082260;6949;1568;76;1083470;4343;575;0;15
FR;4;2022-12-08;1;0;0;0;1;0;0;0;0;1082261;6949;1568;76;1083471;4343;575;0;15
FR;4;2022-12-09;2;0;1;0;2;0;1;0;0;1082263;6949;1569;76;1083473;4343;576;0;15
FR;4;2022-12-10;1;0;0;0;1;0;0;0;0;1082264;6949;1569;76;1083474;4343;576;0;15
FR;4;2022-12-11;0;0;0;0;0;0;0;0;0;1082264;6949;1569;76;1083474;4343;576;0;15
FR;4;2022-12-12;2;1;0;5;2;1;5;0;0;1082266;6950;1569;81;1083476;4344;581;0;15
FR;4;2022-12-13;1;0;0;0;1;0;0;0;0;1082267;6950;1569;81;1083477;4344;581;0;15
FR;4;2022-12-14;0;0;0;0;0;0;0;0;0;1082267;6950;1569;81;1083477;4344;581;0;15
FR;4;2022-12-15;1;1;0;0;1;1;0;0;0;1082268;6951;1569;81;1083478;4345;581;0;15
FR;4;2022-12-16;2;0;0;0;2;0;0;0;0;1082270;6951;1569;81;1083480;4345;581;0;15
FR;4;2022-12-17;0;0;1;0;0;0;1;0;0;1082270;6951;1570;81;1083480;4345;582;0;15
FR;4;2022-12-18;1;0;0;0;1;0;0;0;0;1082271;6951;1570;81;1083481;4345;582;0;15
FR;4;2022-12-19;1;0;0;0;1;0;0;0;0;1082272;6951;1570;81;1083482;4345;582;0;15
FR;4;2022-12-20;4;2;0;0;5;1;0;0;0;1082276;6953;1570;81;1083487;4346;582;0;15
FR;4;2022-12-21;6;0;0;0;6;0;0;0;0;1082282;6953;1570;81;1083493;4346;582;0;15
FR;4;2022-12-22;2;1;0;0;2;1;0;0;0;1082284;6954;1570;81;1083495;4347;582;0;15
FR;4;2022-12-23;3;0;0;0;3;0;0;0;0;1082287;6954;1570;81;1083498;4347;582;0;15
FR;4;2022-12-24;0;0;1;0;0;1;0;0;0;1082287;6954;1571;81;1083498;4348;582;0;15
FR;4;2022-12-25;0;0;0;0;0;0;0;0;0;1082287;6954;1571;81;1083498;4348;582;0;15
FR;4;2022-12-26;1;2;0;0;1;1;0;0;0;1082288;6956;1571;81;1083499;4349;582;0;15
FR;4;2022-12-27;1;1;0;0;1;1;0;0;0;1082289;6957;1571;81;1083500;4350;582;0;15
FR;4;2022-12-28;0;0;0;0;0;0;0;0;0;1082289;6957;1571;81;1083500;4350;582;0;15
FR;4;2022-12-29;0;1;0;0;1;0;0;0;0;1082289;6958;1571;81;1083501;4350;582;0;15
FR;4;2022-12-30;1;0;0;0;1;0;0;0;0;1082290;6958;1571;81;1083502;4350;582;0;15
FR;4;2022-12-31;0;0;0;0;0;0;0;0;0;1082290;6958;1571;81;1083502;4350;582;0;15
FR;4;2023-01-01;0;0;0;0;0;0;0;0;0;1082290;6958;1571;81;1083502;4350;582;0;15
FR;4;2023-01-02;2;0;2;0;2;1;1;0;0;1082292;6958;1573;81;1083504;4351;583;0;15
FR;4;2023-01-03;1;1;0;0;1;1;0;0;0;1082293;6959;1573;81;1083505;4352;583;0;15
FR;4;2023-01-04;0;0;0;0;0;0;0;0;0;1082293;6959;1573;81;1083505;4352;583;0;15
FR;4;2023-01-05;0;0;0;0;0;0;0;0;0;1082293;6959;1573;81;1083505;4352;583;0;15
FR;4;2023-01-06;1;1;3;0;1;4;0;0;0;1082294;6960;1576;81;1083506;4356;583;0;15
FR;4;2023-01-07;1;0;0;0;1;0;0;0;0;1082295;6960;1576;81;1083507;4356;583;0;15
FR;4;2023-01-08;1;0;0;0;1;0;0;0;0;1082296;6960;1576;81;1083508;4356;583;0;15
FR;4;2023-01-09;1;0;0;0;1;0;0;0;0;1082297;6960;1576;81;1083509;4356;583;0;15
FR;4;2023-01-10;2;1;0;0;2;1;0;0;0;1082299;6961;1576;81;1083511;4357;583;0;15
FR;4;2023-01-11;0;0;0;0;0;0;0;0;0;1082299;6961;1576;81;1083511;4357;583;0;15
FR;4;2023-01-12;3;2;0;0;3;2;0;0;0;1082302;6963;1576;81;1083514;4359;583;0;15
FR;4;2023-01-13;3;0;2;0;3;0;2;0;0;1082305;6963;1578;81;1083517;4359;585;0;15
FR;4;2023-01-14;0;0;1;0;0;0;1;0;0;1082305;6963;1579;81;1083517;4359;586;0;15
FR;4;2023-01-15;0;0;0;0;0;0;0;0;0;1082305;6963;1579;81;1083517;4359;586;0;15
FR;4;2023-01-16;3;0;0;0;3;0;0;0;0;1082308;6963;1579;81;1083520;4359;586;0;15
FR;4;2023-01-17;2;0;0;0;2;0;0;0;0;1082310;6963;1579;81;1083522;4359;586;0;15
FR;4;2023-01-18;3;0;0;0;3;0;0;0;0;1082313;6963;1579;81;1083525;4359;586;0;15
FR;4;2023-01-19;1;0;0;2;1;0;0;0;0;1082314;6963;1579;83;1083526;4359;586;0;15
FR;4;2023-01-20;0;0;0;0;0;0;0;0;0;1082314;6963;1579;83;1083526;4359;586;0;15
FR;4;2023-01-21;0;0;0;0;0;0;0;0;0;1082314;6963;1579;83;1083526;4359;586;0;15
FR;4;2023-01-22;0;0;0;0;0;0;0;0;0;1082314;6963;1579;83;1083526;4359;586;0;15
FR;4;2023-01-23;1;0;0;0;1;0;0;0;0;1082315;6963;1579;83;1083527;4359;586;0;15
FR;4;2023-01-24;3;1;0;0;3;1;0;0;0;1082318;6964;1579;83;1083530;4360;586;0;15
FR;4;2023-01-25;6;0;0;0;6;0;0;0;0;1082324;6964;1579;83;1083536;4360;586;0;15
FR;4;2023-01-26;1;0;0;0;1;0;0;0;0;1082325;6964;1579;83;1083537;4360;586;0;15
FR;4;2023-01-27;0;0;0;0;0;0;0;0;0;1082325;6964;1579;83;1083537;4360;586;0;15
FR;4;2023-01-28;0;0;0;0;0;0;0;0;0;1082325;6964;1579;83;1083537;4360;586;0;15
FR;4;2023-01-29;0;0;0;0;0;0;0;0;0;1082325;6964;1579;83;1083537;4360;586;0;15
FR;4;2023-01-30;0;0;0;0;0;0;0;0;0;1082325;6964;1579;83;1083537;4360;586;0;15
FR;4;2023-01-31;0;0;0;0;0;0;0;0;0;1082325;6964;1579;83;1083537;4360;586;0;15
FR;4;2023-02-01;0;0;0;0;0;0;0;0;0;1082325;6964;1579;83;1083537;4360;586;0;15
FR;4;2023-02-02;2;2;2;1;2;3;1;0;0;1082327;6966;1581;84;1083539;4363;587;0;15
FR;4;2023-02-03;0;0;0;0;0;0;0;0;0;1082327;6966;1581;84;1083539;4363;587;0;15
FR;4;2023-02-04;1;0;0;0;1;0;0;0;0;1082328;6966;1581;84;1083540;4363;587;0;15
FR;4;2023-02-05;0;0;0;0;0;0;0;0;0;1082328;6966;1581;84;1083540;4363;587;0;15
FR;4;2023-02-06;1;0;0;0;1;0;0;0;0;1082329;6966;1581;84;1083541;4363;587;0;15
FR;4;2023-02-07;2;0;0;0;2;0;0;0;0;1082331;6966;1581;84;1083543;4363;587;0;15
FR;4;2023-02-08;2;1;0;0;2;0;0;0;0;1082333;6967;1581;84;1083545;4363;587;0;15
FR;4;2023-02-09;1;1;0;0;1;1;0;0;0;1082334;6968;1581;84;1083546;4364;587;0;15
FR;4;2023-02-10;5;1;0;0;5;0;0;0;0;1082339;6969;1581;84;1083551;4364;587;0;15
FR;4;2023-02-11;4;0;0;0;4;0;0;0;0;1082343;6969;1581;84;1083555;4364;587;0;15
FR;4;2023-02-12;0;0;0;0;0;0;0;0;0;1082343;6969;1581;84;1083555;4364;587;0;15
FR;4;2023-02-13;3;0;0;0;3;0;0;0;0;1082346;6969;1581;84;1083558;4364;587;0;15
FR;4;2023-02-14;0;2;0;0;2;0;0;0;0;1082346;6971;1581;84;1083560;4364;587;0;15
FR;4;2023-02-15;2;0;0;0;2;0;0;0;0;1082348;6971;1581;84;1083562;4364;587;0;15
FR;4;2023-02-16;1;1;0;0;1;1;0;0;0;1082349;6972;1581;84;1083563;4365;587;0;15
FR;4;2023-02-17;1;0;0;0;1;0;0;0;0;1082350;6972;1581;84;1083564;4365;587;0;15
FR;4;2023-02-18;0;2;0;0;0;2;0;0;0;1082350;6974;1581;84;1083564;4367;587;0;15
FR;4;2023-02-19;0;0;0;0;0;0;0;0;0;1082350;6974;1581;84;1083564;4367;587;0;15
FR;4;2023-02-20;1;0;0;0;1;0;0;0;0;1082351;6974;1581;84;1083565;4367;587;0;15
FR;4;2023-02-21;2;0;0;0;2;0;0;0;0;1082353;6974;1581;84;1083567;4367;587;0;15
FR;4;2023-02-22;0;0;0;0;0;0;0;0;0;1082353;6974;1581;84;1083567;4367;587;0;15
FR;4;2023-02-23;0;0;0;0;0;0;0;0;0;1082353;6974;1581;84;1083567;4367;587;0;15
FR;4;2023-02-24;1;0;0;0;1;0;0;0;0;1082354;6974;1581;84;1083568;4367;587;0;15
FR;4;2023-02-25;2;1;0;0;2;1;0;0;0;1082356;6975;1581;84;1083570;4368;587;0;15
FR;4;2023-02-26;0;0;0;0;0;0;0;0;0;1082356;6975;1581;84;1083570;4368;587;0;15
FR;4;2023-02-27;1;0;0;0;1;0;0;0;0;1082357;6975;1581;84;1083571;4368;587;0;15
FR;4;2023-02-28;0;0;0;0;0;0;0;0;0;1082357;6975;1581;84;1083571;4368;587;0;15
FR;4;2023-03-01;1;0;0;0;1;0;0;0;0;1082358;6975;1581;84;1083572;4368;587;0;15
FR;4;2023-03-02;1;1;2;0;1;1;2;0;0;1082359;6976;1583;84;1083573;4369;589;0;15
FR;4;2023-03-03;1;0;0;0;1;0;0;0;0;1082360;6976;1583;84;1083574;4369;589;0;15
FR;4;2023-03-04;0;0;0;0;0;0;0;0;0;1082360;6976;1583;84;1083574;4369;589;0;15
FR;4;2023-03-05;0;0;0;0;0;0;0;0;0;1082360;6976;1583;84;1083574;4369;589;0;15
FR;4;2023-03-06;0;0;0;0;0;0;0;0;0;1082360;6976;1583;84;1083574;4369;589;0;15
FR;4;2023-03-07;0;0;0;0;0;0;0;0;0;1082360;6976;1583;84;1083574;4369;589;0;15
FR;4;2023-03-08;1;0;0;0;1;0;0;0;0;1082361;6976;1583;84;1083575;4369;589;0;15
FR;4;2023-03-09;0;0;0;0;0;0;0;0;0;1082361;6976;1583;84;1083575;4369;589;0;15
FR;4;2023-03-10;2;0;1;0;2;0;1;0;0;1082363;6976;1584;84;1083577;4369;590;0;15
FR;4;2023-03-11;0;0;0;0;0;0;0;0;0;1082363;6976;1584;84;1083577;4369;590;0;15
FR;4;2023-03-12;0;0;0;0;0;0;0;0;0;1082363;6976;1584;84;1083577;4369;590;0;15
FR;4;2023-03-13;0;0;0;0;0;0;0;0;0;1082363;6976;1584;84;1083577;4369;590;0;15
FR;4;2023-03-14;0;0;0;0;0;0;0;0;0;1082363;6976;1584;84;1083577;4369;590;0;15
FR;4;2023-03-15;1;0;0;1;1;0;0;0;1;1082364;6976;1584;85;1083578;4369;590;0;16
FR;4;2023-03-16;1;0;0;0;1;0;0;0;0;1082365;6976;1584;85;1083579;4369;590;0;16
FR;4;2023-03-17;1;0;0;0;1;0;0;0;0;1082366;6976;1584;85;1083580;4369;590;0;16
FR;4;2023-03-18;0;1;0;0;0;1;0;0;0;1082366;6977;1584;85;1083580;4370;590;0;16
FR;4;2023-03-19;0;0;0;0;0;0;0;0;0;1082366;6977;1584;85;1083580;4370;590;0;16
FR;4;2023-03-20;0;0;0;0;0;0;0;0;0;1082366;6977;1584;85;1083580;4370;590;0;16
FR;4;2023-03-21;2;0;0;0;2;0;0;0;0;1082368;6977;1584;85;1083582;4370;590;0;16
FR;4;2023-03-22;1;0;1;0;1;0;1;0;0;1082369;6977;1585;85;1083583;4370;591;0;16
FR;4;2023-03-23;1;0;0;0;1;0;0;0;0;1082370;6977;1585;85;1083584;4370;591;0;16
FR;4;2023-03-24;0;0;0;0;0;0;0;0;0;1082370;6977;1585;85;1083584;4370;591;0;16
FR;4;2023-03-25;0;0;0;0;0;0;0;0;0;1082370;6977;1585;85;1083584;4370;591;0;16
FR;4;2023-03-26;0;0;0;0;0;0;0;0;0;1082370;6977;1585;85;1083584;4370;591;0;16
FR;4;2023-03-27;1;0;0;0;1;0;0;0;0;1082371;6977;1585;85;1083585;4370;591;0;16
FR;4;2023-03-28;1;0;0;0;1;0;0;0;0;1082372;6977;1585;85;1083586;4370;591;0;16
FR;4;2023-03-29;2;0;0;0;2;0;0;0;0;1082374;6977;1585;85;1083588;4370;591;0;16
FR;4;2023-03-30;0;1;0;0;1;0;0;0;0;1082374;6978;1585;85;1083589;4370;591;0;16
FR;4;2023-03-31;3;0;0;1;3;0;0;0;4;1082377;6978;1585;86;1083592;4370;591;0;20
FR;4;2023-04-01;2;0;0;0;2;0;0;0;0;1082379;6978;1585;86;1083594;4370;591;0;20
FR;4;2023-04-02;0;0;0;0;0;0;0;0;0;1082379;6978;1585;86;1083594;4370;591;0;20
FR;4;2023-04-03;0;0;0;0;0;0;0;0;0;1082379;6978;1585;86;1083594;4370;591;0;20
FR;4;2023-04-04;0;0;0;0;0;0;0;0;0;1082379;6978;1585;86;1083594;4370;591;0;20
FR;4;2023-04-05;0;0;0;0;0;0;0;0;0;1082379;6978;1585;86;1083594;4370;591;0;20
FR;4;2023-04-06;0;0;0;0;0;0;0;0;0;1082379;6978;1585;86;1083594;4370;591;0;20
FR;4;2023-04-07;0;0;0;0;0;0;0;0;0;1082379;6978;1585;86;1083594;4370;591;0;20
FR;4;2023-04-08;0;0;0;0;0;0;0;0;0;1082379;6978;1585;86;1083594;4370;591;0;20
FR;4;2023-04-09;0;0;0;0;0;0;0;0;0;1082379;6978;1585;86;1083594;4370;591;0;20
FR;4;2023-04-10;1;0;0;0;1;0;0;0;0;1082380;6978;1585;86;1083595;4370;591;0;20
FR;4;2023-04-11;0;0;0;0;0;0;0;0;0;1082380;6978;1585;86;1083595;4370;591;0;20
FR;4;2023-04-12;1;0;0;0;1;0;0;0;0;1082381;6978;1585;86;1083596;4370;591;0;20
FR;4;2023-04-13;0;0;0;0;0;0;0;0;0;1082381;6978;1585;86;1083596;4370;591;0;20
FR;4;2023-04-14;0;0;0;0;0;0;0;0;0;1082381;6978;1585;86;1083596;4370;591;0;20
FR;4;2023-04-15;0;0;0;0;0;0;0;0;0;1082381;6978;1585;86;1083596;4370;591;0;20
FR;4;2023-04-16;0;0;0;0;0;0;0;0;0;1082381;6978;1585;86;1083596;4370;591;0;20
FR;4;2023-04-17;0;0;0;0;0;0;0;0;0;1082381;6978;1585;86;1083596;4370;591;0;20
FR;4;2023-04-18;0;0;0;0;0;0;0;0;0;1082381;6978;1585;86;1083596;4370;591;0;20
FR;4;2023-04-19;1;0;0;0;1;0;0;0;0;1082382;6978;1585;86;1083597;4370;591;0;20
FR;4;2023-04-20;0;0;0;0;0;0;0;0;0;1082382;6978;1585;86;1083597;4370;591;0;20
FR;4;2023-04-21;0;1;0;0;0;1;0;0;0;1082382;6979;1585;86;1083597;4371;591;0;20
FR;4;2023-04-22;0;0;0;0;0;0;0;0;0;1082382;6979;1585;86;1083597;4371;591;0;20
FR;4;2023-04-23;1;0;0;0;1;0;0;0;0;1082383;6979;1585;86;1083598;4371;591;0;20
FR;4;2023-04-24;1;0;0;0;1;0;0;0;0;1082384;6979;1585;86;1083599;4371;591;0;20
FR;4;2023-04-25;1;0;0;0;1;0;0;0;0;1082385;6979;1585;86;1083600;4371;591;0;20
FR;4;2023-04-26;0;0;0;0;0;0;0;0;0;1082385;6979;1585;86;1083600;4371;591;0;20
FR;4;2023-04-27;0;0;0;0;0;0;0;0;0;1082385;6979;1585;86;1083600;4371;591;0;20
FR;4;2023-04-28;0;0;0;0;0;0;0;0;0;1082385;6979;1585;86;1083600;4371;591;0;20
FR;4;2023-04-29;0;0;0;0;0;0;0;0;0;1082385;6979;1585;86;1083600;4371;591;0;20
FR;4;2023-04-30;0;0;0;0;0;0;0;0;0;1082385;6979;1585;86;1083600;4371;591;0;20
FR;5;2020-12-27;0;0;0;0;0;0;0;0;0;0;0;0;0;0;0;0;0;0
FR;5;2020-12-28;0;0;0;0;0;0;0;0;0;0;0;0;0;0;0;0;0;0
FR;5;2020-12-29;0;0;0;0;0;0;0;0;0;0;0;0;0;0;0;0;0;0
FR;5;2020-12-30;0;0;0;0;0;0;0;0;0;0;0;0;0;0;0;0;0;0
FR;5;2020-12-31;0;0;0;0;0;0;0;0;0;0;0;0;0;0;0;0;0;0
FR;5;2021-01-01;0;0;0;0;0;0;0;0;0;0;0;0;0;0;0;0;0;0
FR;5;2021-01-02;0;0;0;0;0;0;0;0;0;0;0;0;0;0;0;0;0;0
FR;5;2021-01-03;0;0;0;0;0;0;0;0;0;0;0;0;0;0;0;0;0;0
FR;5;2021-01-04;0;0;0;0;0;0;0;0;0;0;0;0;0;0;0;0;0;0
FR;5;2021-01-05;0;0;0;0;0;0;0;0;0;0;0;0;0;0;0;0;0;0
FR;5;2021-01-06;0;0;0;0;0;0;0;0;0;0;0;0;0;0;0;0;0;0
FR;5;2021-01-07;0;0;0;0;0;0;0;0;0;0;0;0;0;0;0;0;0;0
FR;5;2021-01-08;0;0;0;0;0;0;0;0;0;0;0;0;0;0;0;0;0;0
FR;5;2021-01-09;0;0;0;0;0;0;0;0;0;0;0;0;0;0;0;0;0;0
FR;5;2021-01-10;0;0;0;0;0;0;0;0;0;0;0;0;0;0;0;0;0;0
FR;5;2021-01-11;0;0;0;0;0;0;0;0;0;0;0;0;0;0;0;0;0;0
FR;5;2021-01-12;0;0;0;0;0;0;0;0;0;0;0;0;0;0;0;0;0;0
FR;5;2021-01-13;0;0;0;0;0;0;0;0;0;0;0;0;0;0;0;0;0;0
FR;5;2021-01-14;0;0;0;0;0;0;0;0;0;0;0;0;0;0;0;0;0;0
FR;5;2021-01-15;0;0;0;0;0;0;0;0;0;0;0;0;0;0;0;0;0;0
FR;5;2021-01-16;0;0;0;0;0;0;0;0;0;0;0;0;0;0;0;0;0;0
FR;5;2021-01-17;0;0;0;0;0;0;0;0;0;0;0;0;0;0;0;0;0;0
FR;5;2021-01-18;0;0;0;0;0;0;0;0;0;0;0;0;0;0;0;0;0;0
FR;5;2021-01-19;0;0;0;0;0;0;0;0;0;0;0;0;0;0;0;0;0;0
FR;5;2021-01-20;0;0;0;0;0;0;0;0;0;0;0;0;0;0;0;0;0;0
FR;5;2021-01-21;0;0;0;0;0;0;0;0;0;0;0;0;0;0;0;0;0;0
FR;5;2021-01-22;0;0;0;0;0;0;0;0;0;0;0;0;0;0;0;0;0;0
FR;5;2021-01-23;0;0;0;0;0;0;0;0;0;0;0;0;0;0;0;0;0;0
FR;5;2021-01-24;0;0;0;0;0;0;0;0;0;0;0;0;0;0;0;0;0;0
FR;5;2021-01-25;0;0;0;0;0;0;0;0;0;0;0;0;0;0;0;0;0;0
FR;5;2021-01-26;0;0;0;0;0;0;0;0;0;0;0;0;0;0;0;0;0;0
FR;5;2021-01-27;0;0;0;0;0;0;0;0;0;0;0;0;0;0;0;0;0;0
FR;5;2021-01-28;0;0;0;0;0;0;0;0;0;0;0;0;0;0;0;0;0;0
FR;5;2021-01-29;0;0;0;0;0;0;0;0;0;0;0;0;0;0;0;0;0;0
FR;5;2021-01-30;0;0;0;0;0;0;0;0;0;0;0;0;0;0;0;0;0;0
FR;5;2021-01-31;0;0;0;0;0;0;0;0;0;0;0;0;0;0;0;0;0;0
FR;5;2021-02-01;0;0;0;0;0;0;0;0;0;0;0;0;0;0;0;0;0;0
FR;5;2021-02-02;0;0;0;0;0;0;0;0;0;0;0;0;0;0;0;0;0;0
FR;5;2021-02-03;0;0;0;0;0;0;0;0;0;0;0;0;0;0;0;0;0;0
FR;5;2021-02-04;0;0;0;0;0;0;0;0;0;0;0;0;0;0;0;0;0;0
FR;5;2021-02-05;0;0;0;0;0;0;0;0;0;0;0;0;0;0;0;0;0;0
FR;5;2021-02-06;0;0;0;0;0;0;0;0;0;0;0;0;0;0;0;0;0;0
FR;5;2021-02-07;0;0;0;0;0;0;0;0;0;0;0;0;0;0;0;0;0;0
FR;5;2021-02-08;0;0;0;0;0;0;0;0;0;0;0;0;0;0;0;0;0;0
FR;5;2021-02-09;0;0;0;0;0;0;0;0;0;0;0;0;0;0;0;0;0;0
FR;5;2021-02-10;0;0;0;0;0;0;0;0;0;0;0;0;0;0;0;0;0;0
FR;5;2021-02-11;0;0;0;0;0;0;0;0;0;0;0;0;0;0;0;0;0;0
FR;5;2021-02-12;0;0;0;0;0;0;0;0;0;0;0;0;0;0;0;0;0;0
FR;5;2021-02-13;0;0;0;0;0;0;0;0;0;0;0;0;0;0;0;0;0;0
FR;5;2021-02-14;0;0;0;0;0;0;0;0;0;0;0;0;0;0;0;0;0;0
FR;5;2021-02-15;0;0;0;0;0;0;0;0;0;0;0;0;0;0;0;0;0;0
FR;5;2021-02-16;0;0;0;0;0;0;0;0;0;0;0;0;0;0;0;0;0;0
FR;5;2021-02-17;0;0;0;0;0;0;0;0;0;0;0;0;0;0;0;0;0;0
FR;5;2021-02-18;0;0;0;0;0;0;0;0;0;0;0;0;0;0;0;0;0;0
FR;5;2021-02-19;0;0;0;0;0;0;0;0;0;0;0;0;0;0;0;0;0;0
FR;5;2021-02-20;0;0;0;0;0;0;0;0;0;0;0;0;0;0;0;0;0;0
FR;5;2021-02-21;0;0;0;0;0;0;0;0;0;0;0;0;0;0;0;0;0;0
FR;5;2021-02-22;0;0;0;0;0;0;0;0;0;0;0;0;0;0;0;0;0;0
FR;5;2021-02-23;0;0;0;0;0;0;0;0;0;0;0;0;0;0;0;0;0;0
FR;5;2021-02-24;0;0;0;0;0;0;0;0;0;0;0;0;0;0;0;0;0;0
FR;5;2021-02-25;0;0;0;0;0;0;0;0;0;0;0;0;0;0;0;0;0;0
FR;5;2021-02-26;0;0;0;0;0;0;0;0;0;0;0;0;0;0;0;0;0;0
FR;5;2021-02-27;0;0;0;0;0;0;0;0;0;0;0;0;0;0;0;0;0;0
FR;5;2021-02-28;0;0;0;0;0;0;0;0;0;0;0;0;0;0;0;0;0;0
FR;5;2021-03-01;0;0;0;0;0;0;0;0;0;0;0;0;0;0;0;0;0;0
FR;5;2021-03-02;0;0;0;0;0;0;0;0;0;0;0;0;0;0;0;0;0;0
FR;5;2021-03-03;0;0;0;0;0;0;0;0;0;0;0;0;0;0;0;0;0;0
FR;5;2021-03-04;0;0;0;0;0;0;0;0;0;0;0;0;0;0;0;0;0;0
FR;5;2021-03-05;0;0;0;0;0;0;0;0;0;0;0;0;0;0;0;0;0;0
FR;5;2021-03-06;0;0;0;0;0;0;0;0;0;0;0;0;0;0;0;0;0;0
FR;5;2021-03-07;0;0;0;0;0;0;0;0;0;0;0;0;0;0;0;0;0;0
FR;5;2021-03-08;0;0;0;0;0;0;0;0;0;0;0;0;0;0;0;0;0;0
FR;5;2021-03-09;0;0;0;0;0;0;0;0;0;0;0;0;0;0;0;0;0;0
FR;5;2021-03-10;0;0;0;0;0;0;0;0;0;0;0;0;0;0;0;0;0;0
FR;5;2021-03-11;0;0;0;0;0;0;0;0;0;0;0;0;0;0;0;0;0;0
FR;5;2021-03-12;0;0;0;0;0;0;0;0;0;0;0;0;0;0;0;0;0;0
FR;5;2021-03-13;0;0;0;0;0;0;0;0;0;0;0;0;0;0;0;0;0;0
FR;5;2021-03-14;0;0;0;0;0;0;0;0;0;0;0;0;0;0;0;0;0;0
FR;5;2021-03-15;0;0;0;0;0;0;0;0;0;0;0;0;0;0;0;0;0;0
FR;5;2021-03-16;0;0;0;0;0;0;0;0;0;0;0;0;0;0;0;0;0;0
FR;5;2021-03-17;0;0;0;0;0;0;0;0;0;0;0;0;0;0;0;0;0;0
FR;5;2021-03-18;0;0;0;0;0;0;0;0;0;0;0;0;0;0;0;0;0;0
FR;5;2021-03-19;0;0;0;0;0;0;0;0;0;0;0;0;0;0;0;0;0;0
FR;5;2021-03-20;0;0;0;0;0;0;0;0;0;0;0;0;0;0;0;0;0;0
FR;5;2021-03-21;0;0;0;0;0;0;0;0;0;0;0;0;0;0;0;0;0;0
FR;5;2021-03-22;0;0;0;0;0;0;0;0;0;0;0;0;0;0;0;0;0;0
FR;5;2021-03-23;0;0;0;0;0;0;0;0;0;0;0;0;0;0;0;0;0;0
FR;5;2021-03-24;0;0;0;0;0;0;0;0;0;0;0;0;0;0;0;0;0;0
FR;5;2021-03-25;0;0;0;0;0;0;0;0;0;0;0;0;0;0;0;0;0;0
FR;5;2021-03-26;0;0;0;0;0;0;0;0;0;0;0;0;0;0;0;0;0;0
FR;5;2021-03-27;0;0;0;0;0;0;0;0;0;0;0;0;0;0;0;0;0;0
FR;5;2021-03-28;0;0;0;0;0;0;0;0;0;0;0;0;0;0;0;0;0;0
FR;5;2021-03-29;0;0;0;0;0;0;0;0;0;0;0;0;0;0;0;0;0;0
FR;5;2021-03-30;0;0;0;0;0;0;0;0;0;0;0;0;0;0;0;0;0;0
FR;5;2021-03-31;0;0;0;0;0;0;0;0;0;0;0;0;0;0;0;0;0;0
FR;5;2021-04-01;0;0;0;0;0;0;0;0;0;0;0;0;0;0;0;0;0;0
FR;5;2021-04-02;0;0;0;0;0;0;0;0;0;0;0;0;0;0;0;0;0;0
FR;5;2021-04-03;0;0;0;0;0;0;0;0;0;0;0;0;0;0;0;0;0;0
FR;5;2021-04-04;0;0;0;0;0;0;0;0;0;0;0;0;0;0;0;0;0;0
FR;5;2021-04-05;0;0;0;0;0;0;0;0;0;0;0;0;0;0;0;0;0;0
FR;5;2021-04-06;0;0;0;0;0;0;0;0;0;0;0;0;0;0;0;0;0;0
FR;5;2021-04-07;0;0;0;0;0;0;0;0;0;0;0;0;0;0;0;0;0;0
FR;5;2021-04-08;0;0;0;0;0;0;0;0;0;0;0;0;0;0;0;0;0;0
FR;5;2021-04-09;0;0;0;0;0;0;0;0;0;0;0;0;0;0;0;0;0;0
FR;5;2021-04-10;0;0;0;0;0;0;0;0;0;0;0;0;0;0;0;0;0;0
FR;5;2021-04-11;0;0;0;0;0;0;0;0;0;0;0;0;0;0;0;0;0;0
FR;5;2021-04-12;0;0;0;0;0;0;0;0;0;0;0;0;0;0;0;0;0;0
FR;5;2021-04-13;0;0;0;0;0;0;0;0;0;0;0;0;0;0;0;0;0;0
FR;5;2021-04-14;0;0;0;0;0;0;0;0;0;0;0;0;0;0;0;0;0;0
FR;5;2021-04-15;0;0;0;0;0;0;0;0;0;0;0;0;0;0;0;0;0;0
FR;5;2021-04-16;0;0;0;0;0;0;0;0;0;0;0;0;0;0;0;0;0;0
FR;5;2021-04-17;0;0;0;0;0;0;0;0;0;0;0;0;0;0;0;0;0;0
FR;5;2021-04-18;0;0;0;0;0;0;0;0;0;0;0;0;0;0;0;0;0;0
FR;5;2021-04-19;0;0;0;0;0;0;0;0;0;0;0;0;0;0;0;0;0;0
FR;5;2021-04-20;0;0;0;0;0;0;0;0;0;0;0;0;0;0;0;0;0;0
FR;5;2021-04-21;0;0;0;0;0;0;0;0;0;0;0;0;0;0;0;0;0;0
FR;5;2021-04-22;0;0;0;0;0;0;0;0;0;0;0;0;0;0;0;0;0;0
FR;5;2021-04-23;0;0;0;0;0;0;0;0;0;0;0;0;0;0;0;0;0;0
FR;5;2021-04-24;0;0;0;0;0;0;0;0;0;0;0;0;0;0;0;0;0;0
FR;5;2021-04-25;0;0;0;0;0;0;0;0;0;0;0;0;0;0;0;0;0;0
FR;5;2021-04-26;0;0;0;0;0;0;0;0;0;0;0;0;0;0;0;0;0;0
FR;5;2021-04-27;0;0;0;0;0;0;0;0;0;0;0;0;0;0;0;0;0;0
FR;5;2021-04-28;0;0;0;0;0;0;0;0;0;0;0;0;0;0;0;0;0;0
FR;5;2021-04-29;0;0;0;0;0;0;0;0;0;0;0;0;0;0;0;0;0;0
FR;5;2021-04-30;0;0;0;0;0;0;0;0;0;0;0;0;0;0;0;0;0;0
FR;5;2021-05-01;0;0;0;0;0;0;0;0;0;0;0;0;0;0;0;0;0;0
FR;5;2021-05-02;0;0;0;0;0;0;0;0;0;0;0;0;0;0;0;0;0;0
FR;5;2021-05-03;0;0;0;0;0;0;0;0;0;0;0;0;0;0;0;0;0;0
FR;5;2021-05-04;0;0;0;0;0;0;0;0;0;0;0;0;0;0;0;0;0;0
FR;5;2021-05-05;0;0;0;0;0;0;0;0;0;0;0;0;0;0;0;0;0;0
FR;5;2021-05-06;0;0;0;0;0;0;0;0;0;0;0;0;0;0;0;0;0;0
FR;5;2021-05-07;0;0;0;0;0;0;0;0;0;0;0;0;0;0;0;0;0;0
FR;5;2021-05-08;0;0;0;0;0;0;0;0;0;0;0;0;0;0;0;0;0;0
FR;5;2021-05-09;0;0;0;0;0;0;0;0;0;0;0;0;0;0;0;0;0;0
FR;5;2021-05-10;0;0;0;0;0;0;0;0;0;0;0;0;0;0;0;0;0;0
FR;5;2021-05-11;0;0;0;0;0;0;0;0;0;0;0;0;0;0;0;0;0;0
FR;5;2021-05-12;0;0;0;0;0;0;0;0;0;0;0;0;0;0;0;0;0;0
FR;5;2021-05-13;0;0;0;0;0;0;0;0;0;0;0;0;0;0;0;0;0;0
FR;5;2021-05-14;0;0;0;0;0;0;0;0;0;0;0;0;0;0;0;0;0;0
FR;5;2021-05-15;0;0;0;0;0;0;0;0;0;0;0;0;0;0;0;0;0;0
FR;5;2021-05-16;0;0;0;0;0;0;0;0;0;0;0;0;0;0;0;0;0;0
FR;5;2021-05-17;0;0;0;0;0;0;0;0;0;0;0;0;0;0;0;0;0;0
FR;5;2021-05-18;0;0;0;0;0;0;0;0;0;0;0;0;0;0;0;0;0;0
FR;5;2021-05-19;0;0;0;0;0;0;0;0;0;0;0;0;0;0;0;0;0;0
FR;5;2021-05-20;0;0;0;0;0;0;0;0;0;0;0;0;0;0;0;0;0;0
FR;5;2021-05-21;0;0;0;0;0;0;0;0;0;0;0;0;0;0;0;0;0;0
FR;5;2021-05-22;0;0;0;0;0;0;0;0;0;0;0;0;0;0;0;0;0;0
FR;5;2021-05-23;0;0;0;0;0;0;0;0;0;0;0;0;0;0;0;0;0;0
FR;5;2021-05-24;0;0;0;0;0;0;0;0;0;0;0;0;0;0;0;0;0;0
FR;5;2021-05-25;0;0;0;0;0;0;0;0;0;0;0;0;0;0;0;0;0;0
FR;5;2021-05-26;0;0;0;0;0;0;0;0;0;0;0;0;0;0;0;0;0;0
FR;5;2021-05-27;0;0;0;0;0;0;0;0;0;0;0;0;0;0;0;0;0;0
FR;5;2021-05-28;0;0;0;0;0;0;0;0;0;0;0;0;0;0;0;0;0;0
FR;5;2021-05-29;0;0;0;0;0;0;0;0;0;0;0;0;0;0;0;0;0;0
FR;5;2021-05-30;0;0;0;0;0;0;0;0;0;0;0;0;0;0;0;0;0;0
FR;5;2021-05-31;0;0;0;0;0;0;0;0;0;0;0;0;0;0;0;0;0;0
FR;5;2021-06-01;0;0;0;0;0;0;0;0;0;0;0;0;0;0;0;0;0;0
FR;5;2021-06-02;0;0;0;0;0;0;0;0;0;0;0;0;0;0;0;0;0;0
FR;5;2021-06-03;0;0;0;0;0;0;0;0;0;0;0;0;0;0;0;0;0;0
FR;5;2021-06-04;0;0;0;0;0;0;0;0;0;0;0;0;0;0;0;0;0;0
FR;5;2021-06-05;0;0;0;0;0;0;0;0;0;0;0;0;0;0;0;0;0;0
FR;5;2021-06-06;0;0;0;0;0;0;0;0;0;0;0;0;0;0;0;0;0;0
FR;5;2021-06-07;0;0;0;0;0;0;0;0;0;0;0;0;0;0;0;0;0;0
FR;5;2021-06-08;0;0;0;0;0;0;0;0;0;0;0;0;0;0;0;0;0;0
FR;5;2021-06-09;0;0;0;0;0;0;0;0;0;0;0;0;0;0;0;0;0;0
FR;5;2021-06-10;0;0;0;0;0;0;0;0;0;0;0;0;0;0;0;0;0;0
FR;5;2021-06-11;0;0;0;0;0;0;0;0;0;0;0;0;0;0;0;0;0;0
FR;5;2021-06-12;0;0;0;0;0;0;0;0;0;0;0;0;0;0;0;0;0;0
FR;5;2021-06-13;0;0;0;0;0;0;0;0;0;0;0;0;0;0;0;0;0;0
FR;5;2021-06-14;0;0;0;0;0;0;0;0;0;0;0;0;0;0;0;0;0;0
FR;5;2021-06-15;0;0;0;0;0;0;0;0;0;0;0;0;0;0;0;0;0;0
FR;5;2021-06-16;0;0;0;0;0;0;0;0;0;0;0;0;0;0;0;0;0;0
FR;5;2021-06-17;0;0;0;0;0;0;0;0;0;0;0;0;0;0;0;0;0;0
FR;5;2021-06-18;0;0;0;0;0;0;0;0;0;0;0;0;0;0;0;0;0;0
FR;5;2021-06-19;0;0;0;0;0;0;0;0;0;0;0;0;0;0;0;0;0;0
FR;5;2021-06-20;0;0;0;0;0;0;0;0;0;0;0;0;0;0;0;0;0;0
FR;5;2021-06-21;0;0;0;0;0;0;0;0;0;0;0;0;0;0;0;0;0;0
FR;5;2021-06-22;0;0;0;0;0;0;0;0;0;0;0;0;0;0;0;0;0;0
FR;5;2021-06-23;0;0;0;0;0;0;0;0;0;0;0;0;0;0;0;0;0;0
FR;5;2021-06-24;0;0;0;0;0;0;0;0;0;0;0;0;0;0;0;0;0;0
FR;5;2021-06-25;0;0;0;0;0;0;0;0;0;0;0;0;0;0;0;0;0;0
FR;5;2021-06-26;0;0;0;0;0;0;0;0;0;0;0;0;0;0;0;0;0;0
FR;5;2021-06-27;0;0;0;0;0;0;0;0;0;0;0;0;0;0;0;0;0;0
FR;5;2021-06-28;0;0;0;0;0;0;0;0;0;0;0;0;0;0;0;0;0;0
FR;5;2021-06-29;0;0;0;0;0;0;0;0;0;0;0;0;0;0;0;0;0;0
FR;5;2021-06-30;0;0;0;0;0;0;0;0;0;0;0;0;0;0;0;0;0;0
FR;5;2021-07-01;0;0;0;0;0;0;0;0;0;0;0;0;0;0;0;0;0;0
FR;5;2021-07-02;0;0;0;0;0;0;0;0;0;0;0;0;0;0;0;0;0;0
FR;5;2021-07-03;0;0;0;0;0;0;0;0;0;0;0;0;0;0;0;0;0;0
FR;5;2021-07-04;0;0;0;0;0;0;0;0;0;0;0;0;0;0;0;0;0;0
FR;5;2021-07-05;0;0;0;0;0;0;0;0;0;0;0;0;0;0;0;0;0;0
FR;5;2021-07-06;0;0;0;0;0;0;0;0;0;0;0;0;0;0;0;0;0;0
FR;5;2021-07-07;0;0;0;0;0;0;0;0;0;0;0;0;0;0;0;0;0;0
FR;5;2021-07-08;0;0;0;0;0;0;0;0;0;0;0;0;0;0;0;0;0;0
FR;5;2021-07-09;0;0;0;0;0;0;0;0;0;0;0;0;0;0;0;0;0;0
FR;5;2021-07-10;0;0;0;0;0;0;0;0;0;0;0;0;0;0;0;0;0;0
FR;5;2021-07-11;0;0;0;0;0;0;0;0;0;0;0;0;0;0;0;0;0;0
FR;5;2021-07-12;0;0;0;0;0;0;0;0;0;0;0;0;0;0;0;0;0;0
FR;5;2021-07-13;0;0;0;0;0;0;0;0;0;0;0;0;0;0;0;0;0;0
FR;5;2021-07-14;0;0;0;0;0;0;0;0;0;0;0;0;0;0;0;0;0;0
FR;5;2021-07-15;0;0;0;0;0;0;0;0;0;0;0;0;0;0;0;0;0;0
FR;5;2021-07-16;0;0;0;0;0;0;0;0;0;0;0;0;0;0;0;0;0;0
FR;5;2021-07-17;0;0;0;0;0;0;0;0;0;0;0;0;0;0;0;0;0;0
FR;5;2021-07-18;0;0;0;0;0;0;0;0;0;0;0;0;0;0;0;0;0;0
FR;5;2021-07-19;0;0;0;0;0;0;0;0;0;0;0;0;0;0;0;0;0;0
FR;5;2021-07-20;0;0;0;0;0;0;0;0;0;0;0;0;0;0;0;0;0;0
FR;5;2021-07-21;0;0;0;0;0;0;0;0;0;0;0;0;0;0;0;0;0;0
FR;5;2021-07-22;0;0;0;0;0;0;0;0;0;0;0;0;0;0;0;0;0;0
FR;5;2021-07-23;0;0;0;0;0;0;0;0;0;0;0;0;0;0;0;0;0;0
FR;5;2021-07-24;0;0;0;0;0;0;0;0;0;0;0;0;0;0;0;0;0;0
FR;5;2021-07-25;0;0;0;0;0;0;0;0;0;0;0;0;0;0;0;0;0;0
FR;5;2021-07-26;0;0;0;0;0;0;0;0;0;0;0;0;0;0;0;0;0;0
FR;5;2021-07-27;0;0;0;0;0;0;0;0;0;0;0;0;0;0;0;0;0;0
FR;5;2021-07-28;0;0;0;0;0;0;0;0;0;0;0;0;0;0;0;0;0;0
FR;5;2021-07-29;0;0;0;0;0;0;0;0;0;0;0;0;0;0;0;0;0;0
FR;5;2021-07-30;0;0;0;0;0;0;0;0;0;0;0;0;0;0;0;0;0;0
FR;5;2021-07-31;0;0;0;0;0;0;0;0;0;0;0;0;0;0;0;0;0;0
FR;5;2021-08-01;0;0;0;0;0;0;0;0;0;0;0;0;0;0;0;0;0;0
FR;5;2021-08-02;0;0;0;0;0;0;0;0;0;0;0;0;0;0;0;0;0;0
FR;5;2021-08-03;0;0;0;0;0;0;0;0;0;0;0;0;0;0;0;0;0;0
FR;5;2021-08-04;0;0;0;0;0;0;0;0;0;0;0;0;0;0;0;0;0;0
FR;5;2021-08-05;0;0;0;0;0;0;0;0;0;0;0;0;0;0;0;0;0;0
FR;5;2021-08-06;0;0;0;0;0;0;0;0;0;0;0;0;0;0;0;0;0;0
FR;5;2021-08-07;0;0;0;0;0;0;0;0;0;0;0;0;0;0;0;0;0;0
FR;5;2021-08-08;0;0;0;0;0;0;0;0;0;0;0;0;0;0;0;0;0;0
FR;5;2021-08-09;0;0;0;0;0;0;0;0;0;0;0;0;0;0;0;0;0;0
FR;5;2021-08-10;0;0;0;0;0;0;0;0;0;0;0;0;0;0;0;0;0;0
FR;5;2021-08-11;0;0;0;0;0;0;0;0;0;0;0;0;0;0;0;0;0;0
FR;5;2021-08-12;0;0;0;0;0;0;0;0;0;0;0;0;0;0;0;0;0;0
FR;5;2021-08-13;0;0;0;0;0;0;0;0;0;0;0;0;0;0;0;0;0;0
FR;5;2021-08-14;0;0;0;0;0;0;0;0;0;0;0;0;0;0;0;0;0;0
FR;5;2021-08-15;0;0;0;0;0;0;0;0;0;0;0;0;0;0;0;0;0;0
FR;5;2021-08-16;0;0;0;0;0;0;0;0;0;0;0;0;0;0;0;0;0;0
FR;5;2021-08-17;0;0;0;0;0;0;0;0;0;0;0;0;0;0;0;0;0;0
FR;5;2021-08-18;0;0;0;0;0;0;0;0;0;0;0;0;0;0;0;0;0;0
FR;5;2021-08-19;0;0;0;0;0;0;0;0;0;0;0;0;0;0;0;0;0;0
FR;5;2021-08-20;0;0;0;0;0;0;0;0;0;0;0;0;0;0;0;0;0;0
FR;5;2021-08-21;0;0;0;0;0;0;0;0;0;0;0;0;0;0;0;0;0;0
FR;5;2021-08-22;0;0;0;0;0;0;0;0;0;0;0;0;0;0;0;0;0;0
FR;5;2021-08-23;0;0;0;0;0;0;0;0;0;0;0;0;0;0;0;0;0;0
FR;5;2021-08-24;0;0;0;0;0;0;0;0;0;0;0;0;0;0;0;0;0;0
FR;5;2021-08-25;0;0;0;0;0;0;0;0;0;0;0;0;0;0;0;0;0;0
FR;5;2021-08-26;0;0;0;0;0;0;0;0;0;0;0;0;0;0;0;0;0;0
FR;5;2021-08-27;0;0;0;0;0;0;0;0;0;0;0;0;0;0;0;0;0;0
FR;5;2021-08-28;0;0;0;0;0;0;0;0;0;0;0;0;0;0;0;0;0;0
FR;5;2021-08-29;0;0;0;0;0;0;0;0;0;0;0;0;0;0;0;0;0;0
FR;5;2021-08-30;0;0;0;0;0;0;0;0;0;0;0;0;0;0;0;0;0;0
FR;5;2021-08-31;0;0;0;0;0;0;0;0;0;0;0;0;0;0;0;0;0;0
FR;5;2021-09-01;0;0;0;0;0;0;0;0;0;0;0;0;0;0;0;0;0;0
FR;5;2021-09-02;0;0;0;0;0;0;0;0;0;0;0;0;0;0;0;0;0;0
FR;5;2021-09-03;0;0;0;0;0;0;0;0;0;0;0;0;0;0;0;0;0;0
FR;5;2021-09-04;0;0;0;0;0;0;0;0;0;0;0;0;0;0;0;0;0;0
FR;5;2021-09-05;0;0;0;0;0;0;0;0;0;0;0;0;0;0;0;0;0;0
FR;5;2021-09-06;0;0;0;0;0;0;0;0;0;0;0;0;0;0;0;0;0;0
FR;5;2021-09-07;0;0;0;0;0;0;0;0;0;0;0;0;0;0;0;0;0;0
FR;5;2021-09-08;0;0;0;0;0;0;0;0;0;0;0;0;0;0;0;0;0;0
FR;5;2021-09-09;0;0;0;0;0;0;0;0;0;0;0;0;0;0;0;0;0;0
FR;5;2021-09-10;0;0;0;0;0;0;0;0;0;0;0;0;0;0;0;0;0;0
FR;5;2021-09-11;0;0;0;0;0;0;0;0;0;0;0;0;0;0;0;0;0;0
FR;5;2021-09-12;0;0;0;0;0;0;0;0;0;0;0;0;0;0;0;0;0;0
FR;5;2021-09-13;0;0;0;0;0;0;0;0;0;0;0;0;0;0;0;0;0;0
FR;5;2021-09-14;0;0;0;0;0;0;0;0;0;0;0;0;0;0;0;0;0;0
FR;5;2021-09-15;0;0;0;0;0;0;0;0;0;0;0;0;0;0;0;0;0;0
FR;5;2021-09-16;0;0;0;0;0;0;0;0;0;0;0;0;0;0;0;0;0;0
FR;5;2021-09-17;0;0;0;0;0;0;0;0;0;0;0;0;0;0;0;0;0;0
FR;5;2021-09-18;0;0;0;0;0;0;0;0;0;0;0;0;0;0;0;0;0;0
FR;5;2021-09-19;0;0;0;0;0;0;0;0;0;0;0;0;0;0;0;0;0;0
FR;5;2021-09-20;0;0;0;0;0;0;0;0;0;0;0;0;0;0;0;0;0;0
FR;5;2021-09-21;0;0;0;0;0;0;0;0;0;0;0;0;0;0;0;0;0;0
FR;5;2021-09-22;0;0;0;0;0;0;0;0;0;0;0;0;0;0;0;0;0;0
FR;5;2021-09-23;0;0;0;0;0;0;0;0;0;0;0;0;0;0;0;0;0;0
FR;5;2021-09-24;0;0;0;0;0;0;0;0;0;0;0;0;0;0;0;0;0;0
FR;5;2021-09-25;0;0;0;0;0;0;0;0;0;0;0;0;0;0;0;0;0;0
FR;5;2021-09-26;0;0;0;0;0;0;0;0;0;0;0;0;0;0;0;0;0;0
FR;5;2021-09-27;0;0;0;0;0;0;0;0;0;0;0;0;0;0;0;0;0;0
FR;5;2021-09-28;0;0;0;0;0;0;0;0;0;0;0;0;0;0;0;0;0;0
FR;5;2021-09-29;0;0;0;0;0;0;0;0;0;0;0;0;0;0;0;0;0;0
FR;5;2021-09-30;0;0;0;0;0;0;0;0;0;0;0;0;0;0;0;0;0;0
FR;5;2021-10-01;0;0;0;0;0;0;0;0;0;0;0;0;0;0;0;0;0;0
FR;5;2021-10-02;0;0;0;0;0;0;0;0;0;0;0;0;0;0;0;0;0;0
FR;5;2021-10-03;0;0;0;0;0;0;0;0;0;0;0;0;0;0;0;0;0;0
FR;5;2021-10-04;0;0;0;0;0;0;0;0;0;0;0;0;0;0;0;0;0;0
FR;5;2021-10-05;0;0;0;0;0;0;0;0;0;0;0;0;0;0;0;0;0;0
FR;5;2021-10-06;0;0;0;0;0;0;0;0;0;0;0;0;0;0;0;0;0;0
FR;5;2021-10-07;0;0;0;0;0;0;0;0;0;0;0;0;0;0;0;0;0;0
FR;5;2021-10-08;0;0;0;0;0;0;0;0;0;0;0;0;0;0;0;0;0;0
FR;5;2021-10-09;0;0;0;0;0;0;0;0;0;0;0;0;0;0;0;0;0;0
FR;5;2021-10-10;0;0;0;0;0;0;0;0;0;0;0;0;0;0;0;0;0;0
FR;5;2021-10-11;0;0;0;0;0;0;0;0;0;0;0;0;0;0;0;0;0;0
FR;5;2021-10-12;0;0;0;0;0;0;0;0;0;0;0;0;0;0;0;0;0;0
FR;5;2021-10-13;0;0;0;0;0;0;0;0;0;0;0;0;0;0;0;0;0;0
FR;5;2021-10-14;0;0;0;0;0;0;0;0;0;0;0;0;0;0;0;0;0;0
FR;5;2021-10-15;0;0;0;0;0;0;0;0;0;0;0;0;0;0;0;0;0;0
FR;5;2021-10-16;0;0;0;0;0;0;0;0;0;0;0;0;0;0;0;0;0;0
FR;5;2021-10-17;0;0;0;0;0;0;0;0;0;0;0;0;0;0;0;0;0;0
FR;5;2021-10-18;0;0;0;0;0;0;0;0;0;0;0;0;0;0;0;0;0;0
FR;5;2021-10-19;0;0;0;0;0;0;0;0;0;0;0;0;0;0;0;0;0;0
FR;5;2021-10-20;0;0;0;0;0;0;0;0;0;0;0;0;0;0;0;0;0;0
FR;5;2021-10-21;0;0;0;0;0;0;0;0;0;0;0;0;0;0;0;0;0;0
FR;5;2021-10-22;0;0;0;0;0;0;0;0;0;0;0;0;0;0;0;0;0;0
FR;5;2021-10-23;0;0;0;0;0;0;0;0;0;0;0;0;0;0;0;0;0;0
FR;5;2021-10-24;0;0;0;0;0;0;0;0;0;0;0;0;0;0;0;0;0;0
FR;5;2021-10-25;0;0;0;0;0;0;0;0;0;0;0;0;0;0;0;0;0;0
FR;5;2021-10-26;0;0;0;0;0;0;0;0;0;0;0;0;0;0;0;0;0;0
FR;5;2021-10-27;0;0;0;0;0;0;0;0;0;0;0;0;0;0;0;0;0;0
FR;5;2021-10-28;0;0;0;0;0;0;0;0;0;0;0;0;0;0;0;0;0;0
FR;5;2021-10-29;0;0;0;0;0;0;0;0;0;0;0;0;0;0;0;0;0;0
FR;5;2021-10-30;0;0;0;0;0;0;0;0;0;0;0;0;0;0;0;0;0;0
FR;5;2021-10-31;0;0;0;0;0;0;0;0;0;0;0;0;0;0;0;0;0;0
FR;5;2021-11-01;0;0;0;0;0;0;0;0;0;0;0;0;0;0;0;0;0;0
FR;5;2021-11-02;0;0;0;0;0;0;0;0;0;0;0;0;0;0;0;0;0;0
FR;5;2021-11-03;0;0;0;0;0;0;0;0;0;0;0;0;0;0;0;0;0;0
FR;5;2021-11-04;0;0;0;0;0;0;0;0;0;0;0;0;0;0;0;0;0;0
FR;5;2021-11-05;0;0;0;0;0;0;0;0;0;0;0;0;0;0;0;0;0;0
FR;5;2021-11-06;0;0;0;0;0;0;0;0;0;0;0;0;0;0;0;0;0;0
FR;5;2021-11-07;0;0;0;0;0;0;0;0;0;0;0;0;0;0;0;0;0;0
FR;5;2021-11-08;0;0;0;0;0;0;0;0;0;0;0;0;0;0;0;0;0;0
FR;5;2021-11-09;0;0;0;0;0;0;0;0;0;0;0;0;0;0;0;0;0;0
FR;5;2021-11-10;0;0;0;0;0;0;0;0;0;0;0;0;0;0;0;0;0;0
FR;5;2021-11-11;0;0;0;0;0;0;0;0;0;0;0;0;0;0;0;0;0;0
FR;5;2021-11-12;0;0;0;0;0;0;0;0;0;0;0;0;0;0;0;0;0;0
FR;5;2021-11-13;0;0;0;0;0;0;0;0;0;0;0;0;0;0;0;0;0;0
FR;5;2021-11-14;0;0;0;0;0;0;0;0;0;0;0;0;0;0;0;0;0;0
FR;5;2021-11-15;0;0;0;0;0;0;0;0;0;0;0;0;0;0;0;0;0;0
FR;5;2021-11-16;0;0;0;0;0;0;0;0;0;0;0;0;0;0;0;0;0;0
FR;5;2021-11-17;0;0;0;0;0;0;0;0;0;0;0;0;0;0;0;0;0;0
FR;5;2021-11-18;0;0;0;0;0;0;0;0;0;0;0;0;0;0;0;0;0;0
FR;5;2021-11-19;0;0;0;0;0;0;0;0;0;0;0;0;0;0;0;0;0;0
FR;5;2021-11-20;0;0;0;0;0;0;0;0;0;0;0;0;0;0;0;0;0;0
FR;5;2021-11-21;0;0;0;0;0;0;0;0;0;0;0;0;0;0;0;0;0;0
FR;5;2021-11-22;0;0;0;0;0;0;0;0;0;0;0;0;0;0;0;0;0;0
FR;5;2021-11-23;0;0;0;0;0;0;0;0;0;0;0;0;0;0;0;0;0;0
FR;5;2021-11-24;0;0;0;0;0;0;0;0;0;0;0;0;0;0;0;0;0;0
FR;5;2021-11-25;0;0;0;0;0;0;0;0;0;0;0;0;0;0;0;0;0;0
FR;5;2021-11-26;0;0;0;0;0;0;0;0;0;0;0;0;0;0;0;0;0;0
FR;5;2021-11-27;0;0;0;0;0;0;0;0;0;0;0;0;0;0;0;0;0;0
FR;5;2021-11-28;0;0;0;0;0;0;0;0;0;0;0;0;0;0;0;0;0;0
FR;5;2021-11-29;0;0;0;0;0;0;0;0;0;0;0;0;0;0;0;0;0;0
FR;5;2021-11-30;0;0;0;0;0;0;0;0;0;0;0;0;0;0;0;0;0;0
FR;5;2021-12-01;0;0;0;0;0;0;0;0;0;0;0;0;0;0;0;0;0;0
FR;5;2021-12-02;0;0;0;0;0;0;0;0;0;0;0;0;0;0;0;0;0;0
FR;5;2021-12-03;0;0;0;0;0;0;0;0;0;0;0;0;0;0;0;0;0;0
FR;5;2021-12-04;0;0;0;0;0;0;0;0;0;0;0;0;0;0;0;0;0;0
FR;5;2021-12-05;0;0;0;0;0;0;0;0;0;0;0;0;0;0;0;0;0;0
FR;5;2021-12-06;0;0;0;0;0;0;0;0;0;0;0;0;0;0;0;0;0;0
FR;5;2021-12-07;0;0;0;0;0;0;0;0;0;0;0;0;0;0;0;0;0;0
FR;5;2021-12-08;0;0;0;0;0;0;0;0;0;0;0;0;0;0;0;0;0;0
FR;5;2021-12-09;0;0;0;0;0;0;0;0;0;0;0;0;0;0;0;0;0;0
FR;5;2021-12-10;0;0;0;0;0;0;0;0;0;0;0;0;0;0;0;0;0;0
FR;5;2021-12-11;0;0;0;0;0;0;0;0;0;0;0;0;0;0;0;0;0;0
FR;5;2021-12-12;0;0;0;0;0;0;0;0;0;0;0;0;0;0;0;0;0;0
FR;5;2021-12-13;0;0;0;0;0;0;0;0;0;0;0;0;0;0;0;0;0;0
FR;5;2021-12-14;33;45;77;0;27;88;1;0;0;33;45;77;0;27;88;1;0;0
FR;5;2021-12-15;196;44;37;0;42;49;0;0;0;229;89;114;0;69;137;1;0;0
FR;5;2021-12-16;181;21;44;0;38;48;0;0;0;410;110;158;0;107;185;1;0;0
FR;5;2021-12-17;313;16;72;0;34;74;2;0;0;723;126;230;0;141;259;3;0;0
FR;5;2021-12-18;766;24;22;0;67;29;0;0;0;1489;150;252;0;208;288;3;0;0
FR;5;2021-12-19;585;15;15;0;67;17;0;0;0;2074;165;267;0;275;305;3;0;0
FR;5;2021-12-20;1225;31;34;0;134;37;2;0;0;3299;196;301;0;409;342;5;0;0
FR;5;2021-12-21;1535;22;54;1;141;60;0;0;0;4834;218;355;1;550;402;5;0;0
FR;5;2021-12-22;4069;40;37;0;420;46;2;0;0;8903;258;392;1;970;448;7;0;0
FR;5;2021-12-23;3043;16;21;0;305;25;0;0;0;11946;274;413;1;1275;473;7;0;0
FR;5;2021-12-24;761;18;9;0;103;14;0;0;0;12707;292;422;1;1378;487;7;0;0
FR;5;2021-12-25;61;5;2;0;9;3;0;0;0;12768;297;424;1;1387;490;7;0;0
FR;5;2021-12-26;623;6;3;0;101;4;0;0;0;13391;303;427;1;1488;494;7;0;0
FR;5;2021-12-27;4085;25;21;0;458;23;1;0;0;17476;328;448;1;1946;517;8;0;0
FR;5;2021-12-28;5204;23;41;1;513;43;2;0;0;22680;351;489;2;2459;560;10;0;0
FR;5;2021-12-29;8105;34;66;1;888;69;0;0;0;30785;385;555;3;3347;629;10;0;0
FR;5;2021-12-30;5173;18;33;0;525;39;0;0;0;35958;403;588;3;3872;668;10;0;0
FR;5;2021-12-31;1554;8;10;0;182;11;0;0;0;37512;411;598;3;4054;679;10;0;0
FR;5;2022-01-01;186;2;2;0;24;3;0;0;0;37698;413;600;3;4078;682;10;0;0
FR;5;2022-01-02;1489;1;1;0;152;1;0;0;0;39187;414;601;3;4230;683;10;0;0
FR;5;2022-01-03;3069;36;34;0;323;33;1;0;0;42256;450;635;3;4553;716;11;0;0
FR;5;2022-01-04;3034;39;33;0;321;42;3;0;0;45290;489;668;3;4874;758;14;0;0
FR;5;2022-01-05;19324;203;97;1;2117;108;0;0;0;64614;692;765;4;6991;866;14;0;0
FR;5;2022-01-06;3748;134;122;0;507;142;2;0;0;68362;826;887;4;7498;1008;16;0;0
FR;5;2022-01-07;5006;202;48;2;704;56;1;0;0;73368;1028;935;6;8202;1064;17;0;0
FR;5;2022-01-08;13659;514;45;0;2003;52;0;0;0;87027;1542;980;6;10205;1116;17;0;0
FR;5;2022-01-09;5754;399;15;0;1112;20;1;0;0;92781;1941;995;6;11317;1136;18;0;0
FR;5;2022-01-10;3455;326;25;0;735;29;0;0;0;96236;2267;1020;6;12052;1165;18;0;0
FR;5;2022-01-11;3671;283;38;0;661;41;1;0;0;99907;2550;1058;6;12713;1206;19;0;0
FR;5;2022-01-12;22650;3005;89;0;5297;112;2;0;0;122557;5555;1147;6;18010;1318;21;0;0
FR;5;2022-01-13;4039;623;29;0;1051;31;2;0;0;126596;6178;1176;6;19061;1349;23;0;0
FR;5;2022-01-14;4843;583;45;0;1115;52;1;0;0;131439;6761;1221;6;20176;1401;24;0;0
FR;5;2022-01-15;14686;1747;38;3;3378;49;3;0;0;146125;8508;1259;9;23554;1450;27;0;0
FR;5;2022-01-16;4728;666;3;0;1261;5;0;0;0;150853;9174;1262;9;24815;1455;27;0;0
FR;5;2022-01-17;2297;718;26;0;986;29;0;0;0;153150;9892;1288;9;25801;1484;27;0;0
FR;5;2022-01-18;2431;870;30;0;1141;40;0;0;0;155581;10762;1318;9;26942;1524;27;0;0
FR;5;2022-01-19;18484;6423;74;2;8366;142;3;0;0;174065;17185;1392;11;35308;1666;30;0;0
FR;5;2022-01-20;1920;1067;25;0;1295;34;2;0;0;175985;18252;1417;11;36603;1700;32;0;0
FR;5;2022-01-21;3077;1372;47;1;1677;59;2;0;0;179062;19624;1464;12;38280;1759;34;0;0
FR;5;2022-01-22;10720;3454;33;1;4671;43;1;0;0;189782;23078;1497;13;42951;1802;35;0;0
FR;5;2022-01-23;2629;1415;6;0;1789;10;0;0;0;192411;24493;1503;13;44740;1812;35;0;0
FR;5;2022-01-24;1161;1341;19;0;1447;23;1;0;0;193572;25834;1522;13;46187;1835;36;0;0
FR;5;2022-01-25;1220;1550;20;2;1684;31;3;0;0;194792;27384;1542;15;47871;1866;39;0;0
FR;5;2022-01-26;10748;12032;50;1;13300;89;1;0;1;205540;39416;1592;16;61171;1955;40;0;1
FR;5;2022-01-27;1291;1693;10;0;1838;17;0;0;0;206831;41109;1602;16;63009;1972;40;0;1
FR;5;2022-01-28;1698;3346;16;0;3566;19;1;0;0;208529;44455;1618;16;66575;1991;41;0;1
FR;5;2022-01-29;6241;8041;68;0;8855;96;2;0;0;214770;52496;1686;16;75430;2087;43;0;1
FR;5;2022-01-30;1509;2950;5;0;3185;18;0;0;0;216279;55446;1691;16;78615;2105;43;0;1
FR;5;2022-01-31;589;1773;23;0;1837;24;3;0;0;216868;57219;1714;16;80452;2129;46;0;1
FR;5;2022-02-01;712;1706;10;0;1791;15;0;0;0;217580;58925;1724;16;82243;2144;46;0;1
FR;5;2022-02-02;6959;15655;52;0;16603;94;0;0;0;224539;74580;1776;16;98846;2238;46;0;1
FR;5;2022-02-03;492;1691;14;0;1748;13;5;0;0;225031;76271;1790;16;100594;2251;51;0;1
FR;5;2022-02-04;945;3002;19;0;3123;31;0;0;0;225976;79273;1809;16;103717;2282;51;0;1
FR;5;2022-02-05;3536;8919;23;0;9517;37;0;0;0;229512;88192;1832;16;113234;2319;51;0;1
FR;5;2022-02-06;737;2398;10;0;2556;19;0;0;0;230249;90590;1842;16;115790;2338;51;0;1
FR;5;2022-02-07;884;1596;23;0;1715;25;2;0;0;231133;92186;1865;16;117505;2363;53;0;1
FR;5;2022-02-08;725;1287;18;0;1407;20;2;0;0;231858;93473;1883;16;118912;2383;55;0;1
FR;5;2022-02-09;4544;12880;44;0;13608;76;1;0;0;236402;106353;1927;16;132520;2459;56;0;1
FR;5;2022-02-10;646;1059;14;0;1166;15;0;0;0;237048;107412;1941;16;133686;2474;56;0;1
FR;5;2022-02-11;793;2032;16;0;2163;21;1;0;0;237841;109444;1957;16;135849;2495;57;0;1
FR;5;2022-02-12;2286;6812;33;0;7279;53;0;0;0;240127;116256;1990;16;143128;2548;57;0;1
FR;5;2022-02-13;464;1541;8;0;1654;8;1;0;0;240591;117797;1998;16;144782;2556;58;0;1
FR;5;2022-02-14;678;1288;10;0;1407;13;1;0;0;241269;119085;2008;16;146189;2569;59;0;1
FR;5;2022-02-15;482;886;9;0;968;14;1;0;0;241751;119971;2017;16;147157;2583;60;0;1
FR;5;2022-02-16;2980;9124;41;1;9676;58;2;0;0;244731;129095;2058;17;156833;2641;62;0;1
FR;5;2022-02-17;436;809;6;0;876;7;1;0;0;245167;129904;2064;17;157709;2648;63;0;1
FR;5;2022-02-18;649;1408;13;0;1535;17;0;0;0;245816;131312;2077;17;159244;2665;63;0;1
FR;5;2022-02-19;1373;4315;16;0;4623;28;0;0;0;247189;135627;2093;17;163867;2693;63;0;1
FR;5;2022-02-20;247;879;6;0;941;8;0;0;0;247436;136506;2099;17;164808;2701;63;0;1
FR;5;2022-02-21;221;607;2;0;661;4;1;0;0;247657;137113;2101;17;165469;2705;64;0;1
FR;5;2022-02-22;262;545;17;0;591;17;1;0;0;247919;137658;2118;17;166060;2722;65;0;1
FR;5;2022-02-23;1909;6926;23;1;7346;43;0;0;0;249828;144584;2141;18;173406;2765;65;0;1
FR;5;2022-02-24;182;374;6;1;421;7;1;0;0;250010;144958;2147;19;173827;2772;66;0;1
FR;5;2022-02-25;336;951;13;0;1028;12;2;0;0;250346;145909;2160;19;174855;2784;68;0;1
FR;5;2022-02-26;972;3071;11;0;3333;15;2;0;0;251318;148980;2171;19;178188;2799;70;0;1
FR;5;2022-02-27;151;506;0;0;549;3;0;0;0;251469;149486;2171;19;178737;2802;70;0;1
FR;5;2022-02-28;162;369;1;0;408;1;0;0;0;251631;149855;2172;19;179145;2803;70;0;1
FR;5;2022-03-01;130;280;6;0;315;7;1;0;0;251761;150135;2178;19;179460;2810;71;0;1
FR;5;2022-03-02;1242;4156;28;3;4497;40;3;0;0;253003;154291;2206;22;183957;2850;74;0;1
FR;5;2022-03-03;121;251;5;0;271;10;1;0;0;253124;154542;2211;22;184228;2860;75;0;1
FR;5;2022-03-04;197;488;13;0;538;14;2;0;0;253321;155030;2224;22;184766;2874;77;0;1
FR;5;2022-03-05;677;1990;8;0;2243;16;2;0;0;253998;157020;2232;22;187009;2890;79;0;1
FR;5;2022-03-06;108;260;0;0;310;0;0;0;0;254106;157280;2232;22;187319;2890;79;0;1
FR;5;2022-03-07;71;228;5;0;254;3;2;0;0;254177;157508;2237;22;187573;2893;81;0;1
FR;5;2022-03-08;46;134;7;1;141;8;3;0;0;254223;157642;2244;23;187714;2901;84;0;1
FR;5;2022-03-09;911;3078;24;0;3407;36;0;0;0;255134;160720;2268;23;191121;2937;84;0;1
FR;5;2022-03-10;82;202;9;0;216;13;3;0;0;255216;160922;2277;23;191337;2950;87;0;1
FR;5;2022-03-11;148;369;13;1;426;15;0;0;0;255364;161291;2290;24;191763;2965;87;0;1
FR;5;2022-03-12;758;1613;13;1;1977;30;0;0;0;256122;162904;2303;25;193740;2995;87;0;1
FR;5;2022-03-13;78;102;0;0;135;0;0;0;0;256200;163006;2303;25;193875;2995;87;0;1
FR;5;2022-03-14;69;119;7;1;139;7;1;0;0;256269;163125;2310;26;194014;3002;88;0;1
FR;5;2022-03-15;83;99;4;0;119;7;1;0;0;256352;163224;2314;26;194133;3009;89;0;1
FR;5;2022-03-16;882;1827;15;3;2227;36;7;0;0;257234;165051;2329;29;196360;3045;96;0;1
FR;5;2022-03-17;68;123;8;4;151;10;4;0;0;257302;165174;2337;33;196511;3055;100;0;1
FR;5;2022-03-18;172;318;13;4;391;18;4;0;0;257474;165492;2350;37;196902;3073;104;0;1
FR;5;2022-03-19;752;1163;12;5;1555;33;8;0;0;258226;166655;2362;42;198457;3106;112;0;1
FR;5;2022-03-20;45;93;1;0;119;1;0;0;0;258271;166748;2363;42;198576;3107;112;0;1
FR;5;2022-03-21;71;120;10;6;136;15;8;0;0;258342;166868;2373;48;198712;3122;120;0;1
FR;5;2022-03-22;56;119;8;7;143;9;6;0;0;258398;166987;2381;55;198855;3131;126;0;1
FR;5;2022-03-23;805;1461;14;8;1878;36;9;0;0;259203;168448;2395;63;200733;3167;135;0;1
FR;5;2022-03-24;71;93;8;7;118;7;10;0;0;259274;168541;2403;70;200851;3174;145;0;1
FR;5;2022-03-25;222;293;14;8;388;18;9;0;0;259496;168834;2417;78;201239;3192;154;0;1
FR;5;2022-03-26;707;853;12;5;1273;26;6;0;1;260203;169687;2429;83;202512;3218;160;0;2
FR;5;2022-03-27;76;81;0;0;124;3;0;0;0;260279;169768;2429;83;202636;3221;160;0;2
FR;5;2022-03-28;81;93;1;2;132;3;2;0;0;260360;169861;2430;85;202768;3224;162;0;2
FR;5;2022-03-29;71;83;10;4;114;12;5;0;0;260431;169944;2440;89;202882;3236;167;0;2
FR;5;2022-03-30;823;1116;16;13;1604;29;14;0;0;261254;171060;2456;102;204486;3265;181;0;2
FR;5;2022-03-31;102;125;1;4;173;6;4;0;0;261356;171185;2457;106;204659;3271;185;0;2
FR;5;2022-04-01;114;86;7;12;135;11;12;0;1;261470;171271;2464;118;204794;3282;197;0;3
FR;5;2022-04-02;330;349;3;3;535;15;4;0;0;261800;171620;2467;121;205329;3297;201;0;3
FR;5;2022-04-03;54;59;1;0;88;1;0;0;0;261854;171679;2468;121;205417;3298;201;0;3
FR;5;2022-04-04;40;57;4;1;70;8;2;0;0;261894;171736;2472;122;205487;3306;203;0;3
FR;5;2022-04-05;53;60;6;6;75;9;5;0;0;261947;171796;2478;128;205562;3315;208;0;3
FR;5;2022-04-06;421;439;7;14;678;16;14;0;0;262368;172235;2485;142;206240;3331;222;0;3
FR;5;2022-04-07;45;69;5;7;89;7;10;0;0;262413;172304;2490;149;206329;3338;232;0;3
FR;5;2022-04-08;134;112;12;13;175;14;15;0;0;262547;172416;2502;162;206504;3352;247;0;3
FR;5;2022-04-09;311;324;2;5;511;17;5;0;0;262858;172740;2504;167;207015;3369;252;0;3
FR;5;2022-04-10;44;31;2;0;61;2;1;0;0;262902;172771;2506;167;207076;3371;253;0;3
FR;5;2022-04-11;50;60;3;2;78;4;3;0;0;262952;172831;2509;169;207154;3375;256;0;3
FR;5;2022-04-12;59;54;3;3;78;5;3;0;0;263011;172885;2512;172;207232;3380;259;0;3
FR;5;2022-04-13;382;413;3;8;606;16;8;0;0;263393;173298;2515;180;207838;3396;267;0;3
FR;5;2022-04-14;48;53;5;5;70;9;3;0;0;263441;173351;2520;185;207908;3405;270;0;3
FR;5;2022-04-15;91;111;4;4;152;5;6;0;0;263532;173462;2524;189;208060;3410;276;0;3
FR;5;2022-04-16;188;184;2;1;265;13;1;0;0;263720;173646;2526;190;208325;3423;277;0;3
FR;5;2022-04-17;12;11;1;0;17;1;0;0;0;263732;173657;2527;190;208342;3424;277;0;3
FR;5;2022-04-18;9;10;2;0;11;3;1;0;0;263741;173667;2529;190;208353;3427;278;0;3
FR;5;2022-04-19;75;71;6;1;96;6;4;0;0;263816;173738;2535;191;208449;3433;282;0;3
FR;5;2022-04-20;361;349;9;6;521;12;7;0;0;264177;174087;2544;197;208970;3445;289;0;3
FR;5;2022-04-21;42;64;9;10;71;12;14;0;0;264219;174151;2553;207;209041;3457;303;0;3
FR;5;2022-04-22;113;96;5;4;144;5;5;0;0;264332;174247;2558;211;209185;3462;308;0;3
FR;5;2022-04-23;209;193;4;2;284;11;3;0;0;264541;174440;2562;213;209469;3473;311;0;3
FR;5;2022-04-24;37;35;0;0;50;3;0;0;0;264578;174475;2562;213;209519;3476;311;0;3
FR;5;2022-04-25;69;65;1;1;102;4;1;0;0;264647;174540;2563;214;209621;3480;312;0;3
FR;5;2022-04-26;60;63;2;1;85;5;1;0;0;264707;174603;2565;215;209706;3485;313;0;3
FR;5;2022-04-27;335;316;3;7;463;14;8;0;0;265042;174919;2568;222;210169;3499;321;0;3
FR;5;2022-04-28;81;54;4;5;81;8;7;0;0;265123;174973;2572;227;210250;3507;328;0;3
FR;5;2022-04-29;117;84;5;19;118;12;17;0;0;265240;175057;2577;246;210368;3519;345;0;3
FR;5;2022-04-30;183;114;2;3;184;10;4;0;0;265423;175171;2579;249;210552;3529;349;0;3
FR;5;2022-05-01;11;7;0;0;11;0;0;0;0;265434;175178;2579;249;210563;3529;349;0;3
FR;5;2022-05-02;52;28;4;5;48;2;7;0;0;265486;175206;2583;254;210611;3531;356;0;3
FR;5;2022-05-03;87;57;2;4;84;11;4;0;0;265573;175263;2585;258;210695;3542;360;0;3
FR;5;2022-05-04;278;205;1;2;324;7;2;0;0;265851;175468;2586;260;211019;3549;362;0;3
FR;5;2022-05-05;62;32;3;4;46;5;4;0;0;265913;175500;2589;264;211065;3554;366;0;3
FR;5;2022-05-06;105;65;2;3;106;5;3;0;0;266018;175565;2591;267;211171;3559;369;0;3
FR;5;2022-05-07;171;117;2;10;180;13;7;0;0;266189;175682;2593;277;211351;3572;376;0;3
FR;5;2022-05-08;8;8;0;0;9;2;0;0;0;266197;175690;2593;277;211360;3574;376;0;3
FR;5;2022-05-09;44;34;15;3;51;16;4;0;0;266241;175724;2608;280;211411;3590;380;0;3
FR;5;2022-05-10;54;49;3;4;67;5;5;0;0;266295;175773;2611;284;211478;3595;385;0;3
FR;5;2022-05-11;327;237;12;7;344;21;11;0;0;266622;176010;2623;291;211822;3616;396;0;3
FR;5;2022-05-12;46;34;2;2;47;2;3;0;0;266668;176044;2625;293;211869;3618;399;0;3
FR;5;2022-05-13;109;83;3;8;120;8;7;0;0;266777;176127;2628;301;211989;3626;406;0;3
FR;5;2022-05-14;209;131;0;1;212;8;0;0;0;266986;176258;2628;302;212201;3634;406;0;3
FR;5;2022-05-15;22;9;2;0;18;1;1;0;0;267008;176267;2630;302;212219;3635;407;0;3
FR;5;2022-05-16;52;34;4;5;53;4;5;0;0;267060;176301;2634;307;212272;3639;412;0;3
FR;5;2022-05-17;72;40;5;0;68;2;3;0;0;267132;176341;2639;307;212340;3641;415;0;3
FR;5;2022-05-18;289;215;4;4;330;8;6;0;0;267421;176556;2643;311;212670;3649;421;0;3
FR;5;2022-05-19;45;35;5;3;42;3;4;0;0;267466;176591;2648;314;212712;3652;425;0;3
FR;5;2022-05-20;76;63;3;10;92;1;11;0;0;267542;176654;2651;324;212804;3653;436;0;3
FR;5;2022-05-21;242;166;2;3;268;17;1;0;0;267784;176820;2653;327;213072;3670;437;0;3
FR;5;2022-05-22;20;14;2;5;20;2;6;0;0;267804;176834;2655;332;213092;3672;443;0;3
FR;5;2022-05-23;42;31;4;3;42;6;3;0;0;267846;176865;2659;335;213134;3678;446;0;3
FR;5;2022-05-24;47;45;3;2;60;5;2;0;0;267893;176910;2662;337;213194;3683;448;0;3
FR;5;2022-05-25;329;258;4;1;386;16;1;0;0;268222;177168;2666;338;213580;3699;449;0;3
FR;5;2022-05-26;17;5;0;1;9;2;0;0;1;268239;177173;2666;339;213589;3701;449;0;4
FR;5;2022-05-27;99;54;4;4;89;9;3;0;0;268338;177227;2670;343;213678;3710;452;0;4
FR;5;2022-05-28;100;78;5;3;106;10;3;0;0;268438;177305;2675;346;213784;3720;455;0;4
FR;5;2022-05-29;14;14;1;0;18;2;0;0;0;268452;177319;2676;346;213802;3722;455;0;4
FR;5;2022-05-30;56;41;2;1;54;2;2;0;0;268508;177360;2678;347;213856;3724;457;0;4
FR;5;2022-05-31;57;43;1;8;62;1;8;0;0;268565;177403;2679;355;213918;3725;465;0;4
FR;5;2022-06-01;257;241;9;2;300;25;5;0;0;268822;177644;2688;357;214218;3750;470;0;4
FR;5;2022-06-02;63;61;5;0;73;9;1;0;0;268885;177705;2693;357;214291;3759;471;0;4
FR;5;2022-06-03;82;71;4;5;88;10;6;0;0;268967;177776;2697;362;214379;3769;477;0;4
FR;5;2022-06-04;157;109;2;1;187;9;1;0;0;269124;177885;2699;363;214566;3778;478;0;4
FR;5;2022-06-05;18;11;0;0;21;1;0;0;0;269142;177896;2699;363;214587;3779;478;0;4
FR;5;2022-06-06;16;12;0;1;15;0;1;0;0;269158;177908;2699;364;214602;3779;479;0;4
FR;5;2022-06-07;50;56;1;1;76;2;1;0;0;269208;177964;2700;365;214678;3781;480;0;4
FR;5;2022-06-08;283;225;3;4;332;17;2;0;0;269491;178189;2703;369;215010;3798;482;0;4
FR;5;2022-06-09;52;41;6;3;57;7;2;0;1;269543;178230;2709;372;215067;3805;484;0;5
FR;5;2022-06-10;81;72;1;1;105;6;1;0;0;269624;178302;2710;373;215172;3811;485;0;5
FR;5;2022-06-11;173;141;3;3;202;10;4;0;0;269797;178443;2713;376;215374;3821;489;0;5
FR;5;2022-06-12;17;16;0;0;19;2;0;0;0;269814;178459;2713;376;215393;3823;489;0;5
FR;5;2022-06-13;56;47;9;3;70;10;6;0;0;269870;178506;2722;379;215463;3833;495;0;5
FR;5;2022-06-14;59;56;1;4;64;6;4;0;0;269929;178562;2723;383;215527;3839;499;0;5
FR;5;2022-06-15;266;260;5;2;363;27;1;0;0;270195;178822;2728;385;215890;3866;500;0;5
FR;5;2022-06-16;47;30;5;2;44;5;2;0;0;270242;178852;2733;387;215934;3871;502;0;5
FR;5;2022-06-17;100;67;5;5;102;10;5;0;0;270342;178919;2738;392;216036;3881;507;0;5
FR;5;2022-06-18;146;95;10;2;152;26;2;0;1;270488;179014;2748;394;216188;3907;509;0;6
FR;5;2022-06-19;26;15;0;1;18;4;1;0;0;270514;179029;2748;395;216206;3911;510;0;6
FR;5;2022-06-20;56;50;8;0;62;11;2;0;0;270570;179079;2756;395;216268;3922;512;0;6
FR;5;2022-06-21;53;73;5;3;91;7;5;0;1;270623;179152;2761;398;216359;3929;517;0;7
FR;5;2022-06-22;224;248;7;9;348;33;10;0;0;270847;179400;2768;407;216707;3962;527;0;7
FR;5;2022-06-23;50;38;2;5;43;6;6;0;0;270897;179438;2770;412;216750;3968;533;0;7
FR;5;2022-06-24;91;70;12;5;101;16;8;0;0;270988;179508;2782;417;216851;3984;541;0;7
FR;5;2022-06-25;154;124;3;7;185;14;8;0;1;271142;179632;2785;424;217036;3998;549;0;8
FR;5;2022-06-26;26;19;2;0;29;5;0;0;0;271168;179651;2787;424;217065;4003;549;0;8
FR;5;2022-06-27;57;60;5;7;78;11;9;0;0;271225;179711;2792;431;217143;4014;558;0;8
FR;5;2022-06-28;70;49;8;2;69;14;5;0;0;271295;179760;2800;433;217212;4028;563;0;8
FR;5;2022-06-29;297;269;9;21;391;34;23;0;0;271592;180029;2809;454;217603;4062;586;0;8
FR;5;2022-06-30;89;57;10;12;89;17;11;0;0;271681;180086;2819;466;217692;4079;597;0;8
FR;5;2022-07-01;127;65;7;11;118;12;11;0;2;271808;180151;2826;477;217810;4091;608;0;10
FR;5;2022-07-02;191;132;4;0;210;22;0;0;0;271999;180283;2830;477;218020;4113;608;0;10
FR;5;2022-07-03;30;25;1;0;36;4;0;0;0;272029;180308;2831;477;218056;4117;608;0;10
FR;5;2022-07-04;103;65;2;5;102;7;5;0;1;272132;180373;2833;482;218158;4124;613;0;11
FR;5;2022-07-05;104;72;3;8;107;13;8;0;1;272236;180445;2836;490;218265;4137;621;0;12
FR;5;2022-07-06;278;168;9;36;289;27;36;0;0;272514;180613;2845;526;218554;4164;657;0;12
FR;5;2022-07-07;88;69;6;9;89;13;11;0;0;272602;180682;2851;535;218643;4177;668;0;12
FR;5;2022-07-08;152;120;7;14;146;25;13;0;1;272754;180802;2858;549;218789;4202;681;0;13
FR;5;2022-07-09;116;68;1;8;100;10;8;0;0;272870;180870;2859;557;218889;4212;689;0;13
FR;5;2022-07-10;15;6;0;0;10;1;0;0;0;272885;180876;2859;557;218899;4213;689;0;13
FR;5;2022-07-11;92;72;10;2;98;19;3;0;0;272977;180948;2869;559;218997;4232;692;0;13
FR;5;2022-07-12;67;63;5;10;81;7;12;0;0;273044;181011;2874;569;219078;4239;704;0;13
FR;5;2022-07-13;169;118;10;19;196;16;23;0;0;273213;181129;2884;588;219274;4255;727;0;13
FR;5;2022-07-14;8;4;0;0;7;0;0;0;0;273221;181133;2884;588;219281;4255;727;0;13
FR;5;2022-07-15;74;66;5;14;86;15;15;0;0;273295;181199;2889;602;219367;4270;742;0;13
FR;5;2022-07-16;54;44;3;0;71;3;2;0;0;273349;181243;2892;602;219438;4273;744;0;13
FR;5;2022-07-17;10;7;3;0;10;2;2;0;0;273359;181250;2895;602;219448;4275;746;0;13
FR;5;2022-07-18;60;47;0;4;70;4;3;0;0;273419;181297;2895;606;219518;4279;749;0;13
FR;5;2022-07-19;63;42;5;3;63;7;4;0;0;273482;181339;2900;609;219581;4286;753;0;13
FR;5;2022-07-20;120;106;4;11;141;14;9;0;0;273602;181445;2904;620;219722;4300;762;0;13
FR;5;2022-07-21;38;43;2;10;52;5;10;0;0;273640;181488;2906;630;219774;4305;772;0;13
FR;5;2022-07-22;48;69;11;13;75;23;11;0;1;273688;181557;2917;643;219849;4328;783;0;14
FR;5;2022-07-23;59;78;2;1;95;11;2;0;0;273747;181635;2919;644;219944;4339;785;0;14
FR;5;2022-07-24;11;9;3;1;12;3;1;0;0;273758;181644;2922;645;219956;4342;786;0;14
FR;5;2022-07-25;53;48;2;7;57;8;8;0;0;273811;181692;2924;652;220013;4350;794;0;14
FR;5;2022-07-26;58;52;5;41;70;6;44;0;0;273869;181744;2929;693;220083;4356;838;0;14
FR;5;2022-07-27;106;118;4;4;161;13;4;0;0;273975;181862;2933;697;220244;4369;842;0;14
FR;5;2022-07-28;39;35;2;2;47;6;1;0;0;274014;181897;2935;699;220291;4375;843;0;14
FR;5;2022-07-29;56;74;3;14;90;8;10;0;0;274070;181971;2938;713;220381;4383;853;0;14
FR;5;2022-07-30;55;53;5;1;76;7;2;0;0;274125;182024;2943;714;220457;4390;855;0;14
FR;5;2022-07-31;7;11;1;0;13;1;0;0;0;274132;182035;2944;714;220470;4391;855;0;14
FR;5;2022-08-01;39;53;1;2;64;6;2;0;0;274171;182088;2945;716;220534;4397;857;0;14
FR;5;2022-08-02;32;43;8;7;47;8;7;0;1;274203;182131;2953;723;220581;4405;864;0;15
FR;5;2022-08-03;54;51;4;10;70;9;8;0;0;274257;182182;2957;733;220651;4414;872;0;15
FR;5;2022-08-04;20;18;1;6;22;1;6;0;0;274277;182200;2958;739;220673;4415;878;0;15
FR;5;2022-08-05;35;26;3;3;39;3;3;0;0;274312;182226;2961;742;220712;4418;881;0;15
FR;5;2022-08-06;23;26;1;0;31;1;0;0;0;274335;182252;2962;742;220743;4419;881;0;15
FR;5;2022-08-07;2;2;1;0;1;1;1;0;0;274337;182254;2963;742;220744;4420;882;0;15
FR;5;2022-08-08;26;19;1;2;24;2;1;0;0;274363;182273;2964;744;220768;4422;883;0;15
FR;5;2022-08-09;26;28;3;3;35;3;3;0;0;274389;182301;2967;747;220803;4425;886;0;15
FR;5;2022-08-10;47;47;2;0;56;5;0;0;0;274436;182348;2969;747;220859;4430;886;0;15
FR;5;2022-08-11;19;36;2;2;42;5;2;0;0;274455;182384;2971;749;220901;4435;888;0;15
FR;5;2022-08-12;27;28;2;0;39;2;0;0;0;274482;182412;2973;749;220940;4437;888;0;15
FR;5;2022-08-13;16;18;0;0;24;0;0;0;0;274498;182430;2973;749;220964;4437;888;0;15
FR;5;2022-08-14;2;3;0;0;4;0;0;0;0;274500;182433;2973;749;220968;4437;888;0;15
FR;5;2022-08-15;2;6;0;0;6;0;0;0;0;274502;182439;2973;749;220974;4437;888;0;15
FR;5;2022-08-16;33;26;3;0;28;6;0;0;0;274535;182465;2976;749;221002;4443;888;0;15
FR;5;2022-08-17;52;55;2;1;72;1;1;0;0;274587;182520;2978;750;221074;4444;889;0;15
FR;5;2022-08-18;26;18;8;17;25;10;16;0;0;274613;182538;2986;767;221099;4454;905;0;15
FR;5;2022-08-19;26;34;1;2;43;2;2;0;0;274639;182572;2987;769;221142;4456;907;0;15
FR;5;2022-08-20;25;27;2;1;33;4;2;0;0;274664;182599;2989;770;221175;4460;909;0;15
FR;5;2022-08-21;7;4;1;0;7;1;0;0;0;274671;182603;2990;770;221182;4461;909;0;15
FR;5;2022-08-22;39;26;1;6;42;2;5;0;1;274710;182629;2991;776;221224;4463;914;0;16
FR;5;2022-08-23;27;26;1;1;32;2;1;0;0;274737;182655;2992;777;221256;4465;915;0;16
FR;5;2022-08-24;50;43;0;0;62;0;0;0;0;274787;182698;2992;777;221318;4465;915;0;16
FR;5;2022-08-25;27;26;3;1;31;2;0;0;1;274814;182724;2995;778;221349;4467;915;0;17
FR;5;2022-08-26;48;39;7;2;58;5;4;0;0;274862;182763;3002;780;221407;4472;919;0;17
FR;5;2022-08-27;46;28;1;0;46;3;1;0;0;274908;182791;3003;780;221453;4475;920;0;17
FR;5;2022-08-28;5;7;0;0;7;0;0;0;0;274913;182798;3003;780;221460;4475;920;0;17
FR;5;2022-08-29;58;44;1;1;66;4;1;0;0;274971;182842;3004;781;221526;4479;921;0;17
FR;5;2022-08-30;45;23;12;29;40;10;30;0;1;275016;182865;3016;810;221566;4489;951;0;18
FR;5;2022-08-31;53;47;6;1;58;11;1;0;0;275069;182912;3022;811;221624;4500;952;0;18
FR;5;2022-09-01;16;8;1;4;13;1;4;0;0;275085;182920;3023;815;221637;4501;956;0;18
FR;5;2022-09-02;42;23;8;2;35;9;3;0;0;275127;182943;3031;817;221672;4510;959;0;18
FR;5;2022-09-03;69;37;2;0;58;2;0;0;0;275196;182980;3033;817;221730;4512;959;0;18
FR;5;2022-09-04;12;7;1;0;8;3;0;0;0;275208;182987;3034;817;221738;4515;959;0;18
FR;5;2022-09-05;7;4;1;0;4;1;0;0;0;275215;182991;3035;817;221742;4516;959;0;18
FR;5;2022-09-06;23;14;3;15;17;2;14;0;2;275238;183005;3038;832;221759;4518;973;0;20
FR;5;2022-09-07;79;53;1;1;76;3;1;0;0;275317;183058;3039;833;221835;4521;974;0;20
FR;5;2022-09-08;10;4;0;4;7;0;4;0;0;275327;183062;3039;837;221842;4521;978;0;20
FR;5;2022-09-09;42;11;9;2;14;10;3;0;0;275369;183073;3048;839;221856;4531;981;0;20
FR;5;2022-09-10;40;45;1;1;50;8;1;0;0;275409;183118;3049;840;221906;4539;982;0;20
FR;5;2022-09-11;3;3;0;0;3;1;0;0;0;275412;183121;3049;840;221909;4540;982;0;20
FR;5;2022-09-12;7;5;2;2;7;2;2;0;0;275419;183126;3051;842;221916;4542;984;0;20
FR;5;2022-09-13;9;6;0;1;4;3;1;0;0;275428;183132;3051;843;221920;4545;985;0;20
FR;5;2022-09-14;52;47;4;6;55;9;5;0;0;275480;183179;3055;849;221975;4554;990;0;20
FR;5;2022-09-15;11;13;2;3;11;5;3;0;0;275491;183192;3057;852;221986;4559;993;0;20
FR;5;2022-09-16;25;33;1;4;38;3;3;0;0;275516;183225;3058;856;222024;4562;996;0;20
FR;5;2022-09-17;60;43;1;1;51;5;1;0;0;275576;183268;3059;857;222075;4567;997;0;20
FR;5;2022-09-18;9;6;0;1;10;1;0;0;0;275585;183274;3059;858;222085;4568;997;0;20
FR;5;2022-09-19;22;17;2;1;20;5;2;0;0;275607;183291;3061;859;222105;4573;999;0;20
FR;5;2022-09-20;15;11;3;3;15;1;4;0;0;275622;183302;3064;862;222120;4574;1003;0;20
FR;5;2022-09-21;68;45;9;0;65;13;0;0;0;275690;183347;3073;862;222185;4587;1003;0;20
FR;5;2022-09-22;12;6;4;24;6;4;23;0;1;275702;183353;3077;886;222191;4591;1026;0;21
FR;5;2022-09-23;20;25;2;3;23;8;3;0;0;275722;183378;3079;889;222214;4599;1029;0;21
FR;5;2022-09-24;44;51;1;8;65;5;8;0;0;275766;183429;3080;897;222279;4604;1037;0;21
FR;5;2022-09-25;6;12;0;0;13;1;0;0;0;275772;183441;3080;897;222292;4605;1037;0;21
FR;5;2022-09-26;15;7;0;2;12;0;1;0;1;275787;183448;3080;899;222304;4605;1038;0;22
FR;5;2022-09-27;7;12;4;9;14;4;9;0;1;275794;183460;3084;908;222318;4609;1047;0;23
FR;5;2022-09-28;65;67;5;0;91;7;0;0;0;275859;183527;3089;908;222409;4616;1047;0;23
FR;5;2022-09-29;17;9;1;0;15;1;1;0;1;275876;183536;3090;908;222424;4617;1048;0;24
FR;5;2022-09-30;28;47;2;2;54;4;3;0;0;275904;183583;3092;910;222478;4621;1051;0;24
FR;5;2022-10-01;40;35;5;5;48;8;7;0;0;275944;183618;3097;915;222526;4629;1058;0;24
FR;5;2022-10-02;1;9;1;0;10;1;0;0;0;275945;183627;3098;915;222536;4630;1058;0;24
FR;5;2022-10-03;7;6;3;0;5;4;0;0;0;275952;183633;3101;915;222541;4634;1058;0;24
FR;5;2022-10-04;11;8;1;3;11;2;3;0;0;275963;183641;3102;918;222552;4636;1061;0;24
FR;5;2022-10-05;57;62;2;2;79;13;2;0;0;276020;183703;3104;920;222631;4649;1063;0;24
FR;5;2022-10-06;12;10;1;4;15;2;4;0;0;276032;183713;3105;924;222646;4651;1067;0;24
FR;5;2022-10-07;21;31;1;0;34;5;0;0;0;276053;183744;3106;924;222680;4656;1067;0;24
FR;5;2022-10-08;33;51;1;0;54;7;0;0;0;276086;183795;3107;924;222734;4663;1067;0;24
FR;5;2022-10-09;7;10;0;0;11;1;0;0;0;276093;183805;3107;924;222745;4664;1067;0;24
FR;5;2022-10-10;14;6;0;1;8;1;1;0;0;276107;183811;3107;925;222753;4665;1068;0;24
FR;5;2022-10-11;6;13;2;1;14;2;2;0;0;276113;183824;3109;926;222767;4667;1070;0;24
FR;5;2022-10-12;40;57;3;2;69;8;2;0;0;276153;183881;3112;928;222836;4675;1072;0;24
FR;5;2022-10-13;11;16;2;0;18;4;0;0;0;276164;183897;3114;928;222854;4679;1072;0;24
FR;5;2022-10-14;21;21;1;0;20;5;0;0;0;276185;183918;3115;928;222874;4684;1072;0;24
FR;5;2022-10-15;19;26;10;0;25;11;2;0;0;276204;183944;3125;928;222899;4695;1074;0;24
FR;5;2022-10-16;3;1;0;0;1;1;0;0;0;276207;183945;3125;928;222900;4696;1074;0;24
FR;5;2022-10-17;8;8;2;1;8;3;1;0;2;276215;183953;3127;929;222908;4699;1075;0;26
FR;5;2022-10-18;6;7;0;2;8;0;2;0;0;276221;183960;3127;931;222916;4699;1077;0;26
FR;5;2022-10-19;38;44;8;0;53;11;0;0;1;276259;184004;3135;931;222969;4710;1077;0;27
FR;5;2022-10-20;18;15;2;1;16;3;1;0;0;276277;184019;3137;932;222985;4713;1078;0;27
FR;5;2022-10-21;22;15;6;0;19;8;1;0;2;276299;184034;3143;932;223004;4721;1079;0;29
FR;5;2022-10-22;35;29;2;12;32;5;12;0;0;276334;184063;3145;944;223036;4726;1091;0;29
FR;5;2022-10-23;9;3;0;0;4;0;0;0;0;276343;184066;3145;944;223040;4726;1091;0;29
FR;5;2022-10-24;14;7;6;7;9;9;8;0;0;276357;184073;3151;951;223049;4735;1099;0;29
FR;5;2022-10-25;13;9;6;3;9;8;3;0;2;276370;184082;3157;954;223058;4743;1102;0;31
FR;5;2022-10-26;34;22;6;0;29;10;0;0;0;276404;184104;3163;954;223087;4753;1102;0;31
FR;5;2022-10-27;16;4;4;0;11;4;0;0;0;276420;184108;3167;954;223098;4757;1102;0;31
FR;5;2022-10-28;19;13;5;3;14;6;4;0;0;276439;184121;3172;957;223112;4763;1106;0;31
FR;5;2022-10-29;21;13;0;0;17;3;0;0;0;276460;184134;3172;957;223129;4766;1106;0;31
FR;5;2022-10-30;1;4;2;0;4;3;0;0;0;276461;184138;3174;957;223133;4769;1106;0;31
FR;5;2022-10-31;14;11;2;1;12;3;1;0;0;276475;184149;3176;958;223145;4772;1107;0;31
FR;5;2022-11-01;3;3;0;1;3;0;1;0;0;276478;184152;3176;959;223148;4772;1108;0;31
FR;5;2022-11-02;23;17;5;4;23;5;5;0;0;276501;184169;3181;963;223171;4777;1113;0;31
FR;5;2022-11-03;22;4;1;1;11;1;1;0;0;276523;184173;3182;964;223182;4778;1114;0;31
FR;5;2022-11-04;19;18;1;0;18;2;0;0;0;276542;184191;3183;964;223200;4780;1114;0;31
FR;5;2022-11-05;25;16;1;0;21;1;0;0;0;276567;184207;3184;964;223221;4781;1114;0;31
FR;5;2022-11-06;1;7;0;0;7;0;0;0;0;276568;184214;3184;964;223228;4781;1114;0;31
FR;5;2022-11-07;9;3;3;0;3;3;0;0;0;276577;184217;3187;964;223231;4784;1114;0;31
FR;5;2022-11-08;12;7;1;2;8;1;1;0;0;276589;184224;3188;966;223239;4785;1115;0;31
FR;5;2022-11-09;30;29;6;1;32;6;1;0;0;276619;184253;3194;967;223271;4791;1116;0;31
FR;5;2022-11-10;11;16;1;0;17;1;0;0;0;276630;184269;3195;967;223288;4792;1116;0;31
FR;5;2022-11-11;2;4;0;1;6;0;1;0;0;276632;184273;3195;968;223294;4792;1117;0;31
FR;5;2022-11-12;19;10;5;9;18;6;9;0;2;276651;184283;3200;977;223312;4798;1126;0;33
FR;5;2022-11-13;2;2;0;1;2;0;1;0;0;276653;184285;3200;978;223314;4798;1127;0;33
FR;5;2022-11-14;8;11;0;1;10;3;0;0;0;276661;184296;3200;979;223324;4801;1127;0;33
FR;5;2022-11-15;8;6;4;3;6;4;3;0;0;276669;184302;3204;982;223330;4805;1130;0;33
FR;5;2022-11-16;29;28;2;1;33;5;0;0;0;276698;184330;3206;983;223363;4810;1130;0;33
FR;5;2022-11-17;6;15;4;0;15;5;0;0;0;276704;184345;3210;983;223378;4815;1130;0;33
FR;5;2022-11-18;17;17;7;0;19;9;0;0;0;276721;184362;3217;983;223397;4824;1130;0;33
FR;5;2022-11-19;18;27;2;0;28;6;0;0;0;276739;184389;3219;983;223425;4830;1130;0;33
FR;5;2022-11-20;6;3;0;0;5;0;0;0;0;276745;184392;3219;983;223430;4830;1130;0;33
FR;5;2022-11-21;8;5;0;2;4;2;1;0;0;276753;184397;3219;985;223434;4832;1131;0;33
FR;5;2022-11-22;9;3;0;1;4;0;1;0;0;276762;184400;3219;986;223438;4832;1132;0;33
FR;5;2022-11-23;34;25;6;1;27;13;0;0;0;276796;184425;3225;987;223465;4845;1132;0;33
FR;5;2022-11-24;3;7;2;0;8;1;1;0;0;276799;184432;3227;987;223473;4846;1133;0;33
FR;5;2022-11-25;15;20;2;0;25;3;0;0;1;276814;184452;3229;987;223498;4849;1133;0;34
FR;5;2022-11-26;22;19;4;0;20;8;0;0;0;276836;184471;3233;987;223518;4857;1133;0;34
FR;5;2022-11-27;7;0;1;0;3;1;0;0;0;276843;184471;3234;987;223521;4858;1133;0;34
FR;5;2022-11-28;7;15;3;0;15;5;0;0;0;276850;184486;3237;987;223536;4863;1133;0;34
FR;5;2022-11-29;10;9;1;0;11;3;0;0;1;276860;184495;3238;987;223547;4866;1133;0;35
FR;5;2022-11-30;35;48;12;0;56;17;1;0;0;276895;184543;3250;987;223603;4883;1134;0;35
FR;5;2022-12-01;5;10;2;0;10;3;0;0;0;276900;184553;3252;987;223613;4886;1134;0;35
FR;5;2022-12-02;1;5;2;1;4;3;1;0;0;276901;184558;3254;988;223617;4889;1135;0;35
FR;5;2022-12-03;3;3;8;1;5;8;1;0;0;276904;184561;3262;989;223622;4897;1136;0;35
FR;5;2022-12-04;3;2;1;0;2;2;0;0;0;276907;184563;3263;989;223624;4899;1136;0;35
FR;5;2022-12-05;1;1;0;0;0;1;0;0;0;276908;184564;3263;989;223624;4900;1136;0;35
FR;5;2022-12-06;5;1;0;0;1;0;0;0;1;276913;184565;3263;989;223625;4900;1136;0;36
FR;5;2022-12-07;5;8;1;0;8;1;0;0;0;276918;184573;3264;989;223633;4901;1136;0;36
FR;5;2022-12-08;2;2;0;0;2;0;0;0;0;276920;184575;3264;989;223635;4901;1136;0;36
FR;5;2022-12-09;5;8;0;0;6;2;0;0;0;276925;184583;3264;989;223641;4903;1136;0;36
FR;5;2022-12-10;4;7;2;1;8;2;1;0;0;276929;184590;3266;990;223649;4905;1137;0;36
FR;5;2022-12-11;2;0;0;0;0;0;0;0;0;276931;184590;3266;990;223649;4905;1137;0;36
FR;5;2022-12-12;0;0;0;0;0;0;0;0;0;276931;184590;3266;990;223649;4905;1137;0;36
FR;5;2022-12-13;2;3;0;0;4;1;0;0;0;276933;184593;3266;990;223653;4906;1137;0;36
FR;5;2022-12-14;2;3;0;9;3;1;8;0;3;276935;184596;3266;999;223656;4907;1145;0;39
FR;5;2022-12-15;0;2;0;0;2;0;0;0;0;276935;184598;3266;999;223658;4907;1145;0;39
FR;5;2022-12-16;3;3;2;0;4;3;0;0;0;276938;184601;3268;999;223662;4910;1145;0;39
FR;5;2022-12-17;3;3;3;0;3;2;1;0;0;276941;184604;3271;999;223665;4912;1146;0;39
FR;5;2022-12-18;3;0;0;1;0;0;1;0;1;276944;184604;3271;1000;223665;4912;1147;0;40
FR;5;2022-12-19;1;0;0;2;0;0;2;0;0;276945;184604;3271;1002;223665;4912;1149;0;40
FR;5;2022-12-20;0;1;3;0;1;3;0;0;0;276945;184605;3274;1002;223666;4915;1149;0;40
FR;5;2022-12-21;2;4;0;0;4;0;0;0;0;276947;184609;3274;1002;223670;4915;1149;0;40
FR;5;2022-12-22;2;2;0;0;2;0;0;0;0;276949;184611;3274;1002;223672;4915;1149;0;40
FR;5;2022-12-23;3;1;1;0;1;1;0;0;0;276952;184612;3275;1002;223673;4916;1149;0;40
FR;5;2022-12-24;0;1;0;0;1;0;0;0;0;276952;184613;3275;1002;223674;4916;1149;0;40
FR;5;2022-12-25;0;1;2;0;0;3;0;0;0;276952;184614;3277;1002;223674;4919;1149;0;40
FR;5;2022-12-26;2;2;0;0;2;0;0;0;0;276954;184616;3277;1002;223676;4919;1149;0;40
FR;5;2022-12-27;0;3;0;0;3;0;0;0;0;276954;184619;3277;1002;223679;4919;1149;0;40
FR;5;2022-12-28;5;3;3;0;3;3;2;0;0;276959;184622;3280;1002;223682;4922;1151;0;40
FR;5;2022-12-29;3;2;2;0;3;2;0;0;0;276962;184624;3282;1002;223685;4924;1151;0;40
FR;5;2022-12-30;3;2;1;0;2;1;0;0;0;276965;184626;3283;1002;223687;4925;1151;0;40
FR;5;2022-12-31;0;0;0;0;0;0;0;0;0;276965;184626;3283;1002;223687;4925;1151;0;40
FR;5;2023-01-01;0;0;0;0;0;0;0;0;0;276965;184626;3283;1002;223687;4925;1151;0;40
FR;5;2023-01-02;1;1;1;0;1;1;0;0;0;276966;184627;3284;1002;223688;4926;1151;0;40
FR;5;2023-01-03;3;1;0;0;2;0;0;0;0;276969;184628;3284;1002;223690;4926;1151;0;40
FR;5;2023-01-04;6;1;1;0;2;1;0;0;0;276975;184629;3285;1002;223692;4927;1151;0;40
FR;5;2023-01-05;0;3;0;0;3;0;0;0;0;276975;184632;3285;1002;223695;4927;1151;0;40
FR;5;2023-01-06;2;1;1;0;1;1;0;0;0;276977;184633;3286;1002;223696;4928;1151;0;40
FR;5;2023-01-07;5;1;1;0;1;2;0;0;0;276982;184634;3287;1002;223697;4930;1151;0;40
FR;5;2023-01-08;2;2;0;0;2;0;0;0;0;276984;184636;3287;1002;223699;4930;1151;0;40
FR;5;2023-01-09;4;0;1;0;1;1;0;0;0;276988;184636;3288;1002;223700;4931;1151;0;40
FR;5;2023-01-10;3;1;0;0;2;0;0;0;0;276991;184637;3288;1002;223702;4931;1151;0;40
FR;5;2023-01-11;7;5;3;0;4;4;0;0;0;276998;184642;3291;1002;223706;4935;1151;0;40
FR;5;2023-01-12;14;6;4;0;6;6;0;0;0;277012;184648;3295;1002;223712;4941;1151;0;40
FR;5;2023-01-13;56;16;16;0;31;18;0;0;0;277068;184664;3311;1002;223743;4959;1151;0;40
FR;5;2023-01-14;56;34;13;1;34;20;2;0;0;277124;184698;3324;1003;223777;4979;1153;0;40
FR;5;2023-01-15;13;9;0;0;5;4;0;0;0;277137;184707;3324;1003;223782;4983;1153;0;40
FR;5;2023-01-16;13;8;3;0;8;3;0;0;0;277150;184715;3327;1003;223790;4986;1153;0;40
FR;5;2023-01-17;12;8;3;0;4;7;0;0;0;277162;184723;3330;1003;223794;4993;1153;0;40
FR;5;2023-01-18;71;35;21;2;46;25;2;0;0;277233;184758;3351;1005;223840;5018;1155;0;40
FR;5;2023-01-19;13;6;8;0;5;10;1;0;0;277246;184764;3359;1005;223845;5028;1156;0;40
FR;5;2023-01-20;27;17;13;0;17;18;0;0;2;277273;184781;3372;1005;223862;5046;1156;0;42
FR;5;2023-01-21;34;23;18;1;31;21;1;0;0;277307;184804;3390;1006;223893;5067;1157;0;42
FR;5;2023-01-22;6;4;2;0;4;3;0;0;0;277313;184808;3392;1006;223897;5070;1157;0;42
FR;5;2023-01-23;6;5;3;0;3;5;0;0;0;277319;184813;3395;1006;223900;5075;1157;0;42
FR;5;2023-01-24;16;3;3;0;6;4;0;0;0;277335;184816;3398;1006;223906;5079;1157;0;42
FR;5;2023-01-25;33;31;12;2;27;23;2;0;0;277368;184847;3410;1008;223933;5102;1159;0;42
FR;5;2023-01-26;6;5;4;0;6;4;0;0;0;277374;184852;3414;1008;223939;5106;1159;0;42
FR;5;2023-01-27;18;13;8;0;17;8;1;0;0;277392;184865;3422;1008;223956;5114;1160;0;42
FR;5;2023-01-28;21;8;4;3;11;6;3;0;0;277413;184873;3426;1011;223967;5120;1163;0;42
FR;5;2023-01-29;0;3;0;0;2;1;0;0;0;277413;184876;3426;1011;223969;5121;1163;0;42
FR;5;2023-01-30;7;5;3;0;4;6;0;0;0;277420;184881;3429;1011;223973;5127;1163;0;42
FR;5;2023-01-31;3;7;2;0;5;4;0;0;0;277423;184888;3431;1011;223978;5131;1163;0;42
FR;5;2023-02-01;18;18;7;1;19;8;1;0;0;277441;184906;3438;1012;223997;5139;1164;0;42
FR;5;2023-02-02;7;8;1;0;7;2;0;0;0;277448;184914;3439;1012;224004;5141;1164;0;42
FR;5;2023-02-03;15;26;6;0;27;9;0;0;0;277463;184940;3445;1012;224031;5150;1164;0;42
FR;5;2023-02-04;15;23;5;0;25;6;0;0;0;277478;184963;3450;1012;224056;5156;1164;0;42
FR;5;2023-02-05;1;2;0;1;2;1;0;0;0;277479;184965;3450;1013;224058;5157;1164;0;42
FR;5;2023-02-06;12;11;7;0;12;7;0;0;0;277491;184976;3457;1013;224070;5164;1164;0;42
FR;5;2023-02-07;6;11;2;0;10;4;0;0;0;277497;184987;3459;1013;224080;5168;1164;0;42
FR;5;2023-02-08;29;35;8;0;39;10;0;0;0;277526;185022;3467;1013;224119;5178;1164;0;42
FR;5;2023-02-09;15;7;5;0;8;5;0;0;0;277541;185029;3472;1013;224127;5183;1164;0;42
FR;5;2023-02-10;11;22;5;0;24;7;0;0;0;277552;185051;3477;1013;224151;5190;1164;0;42
FR;5;2023-02-11;12;11;3;1;15;4;0;0;0;277564;185062;3480;1014;224166;5194;1164;0;42
FR;5;2023-02-12;4;7;1;0;8;1;0;0;0;277568;185069;3481;1014;224174;5195;1164;0;42
FR;5;2023-02-13;4;6;6;0;5;7;0;0;0;277572;185075;3487;1014;224179;5202;1164;0;42
FR;5;2023-02-14;11;8;2;0;9;3;0;0;0;277583;185083;3489;1014;224188;5205;1164;0;42
FR;5;2023-02-15;27;25;4;0;27;5;0;0;0;277610;185108;3493;1014;224215;5210;1164;0;42
FR;5;2023-02-16;8;4;3;0;8;3;0;0;0;277618;185112;3496;1014;224223;5213;1164;0;42
FR;5;2023-02-17;9;5;9;0;6;9;0;0;0;277627;185117;3505;1014;224229;5222;1164;0;42
FR;5;2023-02-18;9;14;3;1;16;3;1;0;0;277636;185131;3508;1015;224245;5225;1165;0;42
FR;5;2023-02-19;0;1;0;0;1;0;0;0;0;277636;185132;3508;1015;224246;5225;1165;0;42
FR;5;2023-02-20;6;6;4;0;6;5;0;0;0;277642;185138;3512;1015;224252;5230;1165;0;42
FR;5;2023-02-21;4;6;5;0;7;5;0;0;0;277646;185144;3517;1015;224259;5235;1165;0;42
FR;5;2023-02-22;10;16;5;0;15;5;1;0;0;277656;185160;3522;1015;224274;5240;1166;0;42
FR;5;2023-02-23;5;5;2;0;5;2;0;0;0;277661;185165;3524;1015;224279;5242;1166;0;42
FR;5;2023-02-24;17;23;1;0;22;3;0;0;0;277678;185188;3525;1015;224301;5245;1166;0;42
FR;5;2023-02-25;11;9;0;0;10;0;0;0;0;277689;185197;3525;1015;224311;5245;1166;0;42
FR;5;2023-02-26;1;1;0;0;1;0;0;0;0;277690;185198;3525;1015;224312;5245;1166;0;42
FR;5;2023-02-27;7;5;2;0;5;2;0;0;0;277697;185203;3527;1015;224317;5247;1166;0;42
FR;5;2023-02-28;4;8;2;0;8;4;0;0;0;277701;185211;3529;1015;224325;5251;1166;0;42
FR;5;2023-03-01;12;25;1;0;23;3;1;0;0;277713;185236;3530;1015;224348;5254;1167;0;42
FR;5;2023-03-02;7;13;3;0;12;5;0;0;0;277720;185249;3533;1015;224360;5259;1167;0;42
FR;5;2023-03-03;11;4;3;0;8;3;1;0;0;277731;185253;3536;1015;224368;5262;1168;0;42
FR;5;2023-03-04;8;17;7;0;18;8;0;0;0;277739;185270;3543;1015;224386;5270;1168;0;42
FR;5;2023-03-05;3;3;0;0;3;0;0;0;0;277742;185273;3543;1015;224389;5270;1168;0;42
FR;5;2023-03-06;2;8;2;0;6;4;0;0;0;277744;185281;3545;1015;224395;5274;1168;0;42
FR;5;2023-03-07;2;9;4;0;9;4;0;0;0;277746;185290;3549;1015;224404;5278;1168;0;42
FR;5;2023-03-08;9;21;1;0;22;1;0;0;0;277755;185311;3550;1015;224426;5279;1168;0;42
FR;5;2023-03-09;1;6;0;0;5;1;0;0;0;277756;185317;3550;1015;224431;5280;1168;0;42
FR;5;2023-03-10;3;7;2;1;8;2;1;0;0;277759;185324;3552;1016;224439;5282;1169;0;42
FR;5;2023-03-11;5;2;0;0;4;0;0;0;0;277764;185326;3552;1016;224443;5282;1169;0;42
FR;5;2023-03-12;0;1;0;0;1;0;0;0;0;277764;185327;3552;1016;224444;5282;1169;0;42
FR;5;2023-03-13;2;2;0;0;4;0;0;0;0;277766;185329;3552;1016;224448;5282;1169;0;42
FR;5;2023-03-14;6;1;1;1;5;1;1;0;0;277772;185330;3553;1017;224453;5283;1170;0;42
FR;5;2023-03-15;7;8;2;0;12;3;0;0;0;277779;185338;3555;1017;224465;5286;1170;0;42
FR;5;2023-03-16;2;6;0;0;6;0;0;0;0;277781;185344;3555;1017;224471;5286;1170;0;42
FR;5;2023-03-17;14;15;3;0;13;4;1;0;0;277795;185359;3558;1017;224484;5290;1171;0;42
FR;5;2023-03-18;4;9;0;0;9;1;0;0;0;277799;185368;3558;1017;224493;5291;1171;0;42
FR;5;2023-03-19;0;0;0;0;0;0;0;0;0;277799;185368;3558;1017;224493;5291;1171;0;42
FR;5;2023-03-20;3;8;0;0;9;0;0;0;0;277802;185376;3558;1017;224502;5291;1171;0;42
FR;5;2023-03-21;3;8;2;2;8;2;2;0;0;277805;185384;3560;1019;224510;5293;1173;0;42
FR;5;2023-03-22;9;22;3;0;20;4;0;0;0;277814;185406;3563;1019;224530;5297;1173;0;42
FR;5;2023-03-23;2;5;1;0;5;1;0;0;0;277816;185411;3564;1019;224535;5298;1173;0;42
FR;5;2023-03-24;5;9;1;0;9;3;0;0;0;277821;185420;3565;1019;224544;5301;1173;0;42
FR;5;2023-03-25;3;8;2;0;8;2;0;0;0;277824;185428;3567;1019;224552;5303;1173;0;42
FR;5;2023-03-26;0;1;0;0;0;1;0;0;0;277824;185429;3567;1019;224552;5304;1173;0;42
FR;5;2023-03-27;3;0;1;0;1;1;0;0;0;277827;185429;3568;1019;224553;5305;1173;0;42
FR;5;2023-03-28;3;3;0;0;4;0;0;0;0;277830;185432;3568;1019;224557;5305;1173;0;42
FR;5;2023-03-29;7;16;4;0;16;6;0;0;0;277837;185448;3572;1019;224573;5311;1173;0;42
FR;5;2023-03-30;3;2;0;0;4;0;0;0;1;277840;185450;3572;1019;224577;5311;1173;0;43
FR;5;2023-03-31;3;7;2;1;7;2;1;0;0;277843;185457;3574;1020;224584;5313;1174;0;43
FR;5;2023-04-01;5;7;3;1;5;4;2;0;0;277848;185464;3577;1021;224589;5317;1176;0;43
FR;5;2023-04-02;0;1;0;0;1;0;0;0;0;277848;185465;3577;1021;224590;5317;1176;0;43
FR;5;2023-04-03;3;4;2;0;4;0;2;0;0;277851;185469;3579;1021;224594;5317;1178;0;43
FR;5;2023-04-04;1;3;0;0;3;0;0;0;0;277852;185472;3579;1021;224597;5317;1178;0;43
FR;5;2023-04-05;3;6;1;0;5;2;0;0;0;277855;185478;3580;1021;224602;5319;1178;0;43
FR;5;2023-04-06;3;3;0;0;3;0;0;0;0;277858;185481;3580;1021;224605;5319;1178;0;43
FR;5;2023-04-07;5;4;1;0;4;1;0;0;0;277863;185485;3581;1021;224609;5320;1178;0;43
FR;5;2023-04-08;6;10;1;0;10;1;0;0;0;277869;185495;3582;1021;224619;5321;1178;0;43
FR;5;2023-04-09;0;0;0;0;0;0;0;0;0;277869;185495;3582;1021;224619;5321;1178;0;43
FR;5;2023-04-10;0;0;0;0;0;0;0;0;0;277869;185495;3582;1021;224619;5321;1178;0;43
FR;5;2023-04-11;1;6;0;0;6;0;0;0;1;277870;185501;3582;1021;224625;5321;1178;0;44
FR;5;2023-04-12;4;9;1;0;9;1;0;0;0;277874;185510;3583;1021;224634;5322;1178;0;44
FR;5;2023-04-13;2;1;2;0;0;3;0;0;0;277876;185511;3585;1021;224634;5325;1178;0;44
FR;5;2023-04-14;5;5;2;0;8;2;0;0;0;277881;185516;3587;1021;224642;5327;1178;0;44
FR;5;2023-04-15;3;4;0;0;4;0;0;0;0;277884;185520;3587;1021;224646;5327;1178;0;44
FR;5;2023-04-16;1;0;0;0;0;0;0;0;0;277885;185520;3587;1021;224646;5327;1178;0;44
FR;5;2023-04-17;4;4;3;0;4;3;0;0;0;277889;185524;3590;1021;224650;5330;1178;0;44
FR;5;2023-04-18;3;2;0;0;2;0;0;0;0;277892;185526;3590;1021;224652;5330;1178;0;44
FR;5;2023-04-19;10;7;0;0;3;5;0;0;0;277902;185533;3590;1021;224655;5335;1178;0;44
FR;5;2023-04-20;5;2;0;0;2;0;0;0;0;277907;185535;3590;1021;224657;5335;1178;0;44
FR;5;2023-04-21;3;7;1;0;6;2;0;0;0;277910;185542;3591;1021;224663;5337;1178;0;44
FR;5;2023-04-22;4;6;1;0;6;1;0;0;0;277914;185548;3592;1021;224669;5338;1178;0;44
FR;5;2023-04-23;1;0;0;0;0;0;0;0;0;277915;185548;3592;1021;224669;5338;1178;0;44
FR;5;2023-04-24;3;5;2;0;5;2;0;0;0;277918;185553;3594;1021;224674;5340;1178;0;44
FR;5;2023-04-25;0;1;1;2;1;1;2;0;0;277918;185554;3595;1023;224675;5341;1180;0;44
FR;5;2023-04-26;1;3;0;0;3;0;0;0;0;277919;185557;3595;1023;224678;5341;1180;0;44
FR;5;2023-04-27;3;3;0;0;2;1;0;0;0;277922;185560;3595;1023;224680;5342;1180;0;44
FR;5;2023-04-28;2;3;0;0;2;1;0;0;0;277924;185563;3595;1023;224682;5343;1180;0;44
FR;5;2023-04-29;2;7;0;0;7;0;0;0;0;277926;185570;3595;1023;224689;5343;1180;0;44
FR;5;2023-04-30;0;0;0;0;0;0;0;0;0;277926;185570;3595;1023;224689;5343;1180;0;44
FR;6;2020-12-27;0;0;0;0;0;0;0;0;0;0;0;0;0;0;0;0;0;0
FR;6;2020-12-28;0;0;0;0;0;0;0;0;0;0;0;0;0;0;0;0;0;0
FR;6;2020-12-29;0;0;0;0;0;0;0;0;0;0;0;0;0;0;0;0;0;0
FR;6;2020-12-30;0;0;0;0;0;0;0;0;0;0;0;0;0;0;0;0;0;0
FR;6;2020-12-31;0;0;0;0;0;0;0;0;0;0;0;0;0;0;0;0;0;0
FR;6;2021-01-01;0;0;0;0;0;0;0;0;0;0;0;0;0;0;0;0;0;0
FR;6;2021-01-02;0;0;0;0;0;0;0;0;0;0;0;0;0;0;0;0;0;0
FR;6;2021-01-03;0;0;0;0;0;0;0;0;0;0;0;0;0;0;0;0;0;0
FR;6;2021-01-04;0;0;0;0;0;0;0;0;0;0;0;0;0;0;0;0;0;0
FR;6;2021-01-05;0;0;0;0;0;0;0;0;0;0;0;0;0;0;0;0;0;0
FR;6;2021-01-06;0;0;0;0;0;0;0;0;0;0;0;0;0;0;0;0;0;0
FR;6;2021-01-07;0;0;0;0;0;0;0;0;0;0;0;0;0;0;0;0;0;0
FR;6;2021-01-08;0;0;0;0;0;0;0;0;0;0;0;0;0;0;0;0;0;0
FR;6;2021-01-09;0;0;0;0;0;0;0;0;0;0;0;0;0;0;0;0;0;0
FR;6;2021-01-10;0;0;0;0;0;0;0;0;0;0;0;0;0;0;0;0;0;0
FR;6;2021-01-11;0;0;0;0;0;0;0;0;0;0;0;0;0;0;0;0;0;0
FR;6;2021-01-12;0;0;0;0;0;0;0;0;0;0;0;0;0;0;0;0;0;0
FR;6;2021-01-13;0;0;0;0;0;0;0;0;0;0;0;0;0;0;0;0;0;0
FR;6;2021-01-14;0;0;0;0;0;0;0;0;0;0;0;0;0;0;0;0;0;0
FR;6;2021-01-15;0;0;0;0;0;0;0;0;0;0;0;0;0;0;0;0;0;0
FR;6;2021-01-16;0;0;0;0;0;0;0;0;0;0;0;0;0;0;0;0;0;0
FR;6;2021-01-17;0;0;0;0;0;0;0;0;0;0;0;0;0;0;0;0;0;0
FR;6;2021-01-18;0;0;0;0;0;0;0;0;0;0;0;0;0;0;0;0;0;0
FR;6;2021-01-19;0;0;0;0;0;0;0;0;0;0;0;0;0;0;0;0;0;0
FR;6;2021-01-20;0;0;0;0;0;0;0;0;0;0;0;0;0;0;0;0;0;0
FR;6;2021-01-21;0;0;0;0;0;0;0;0;0;0;0;0;0;0;0;0;0;0
FR;6;2021-01-22;0;0;0;0;0;0;0;0;0;0;0;0;0;0;0;0;0;0
FR;6;2021-01-23;0;0;0;0;0;0;0;0;0;0;0;0;0;0;0;0;0;0
FR;6;2021-01-24;0;0;0;0;0;0;0;0;0;0;0;0;0;0;0;0;0;0
FR;6;2021-01-25;0;0;0;0;0;0;0;0;0;0;0;0;0;0;0;0;0;0
FR;6;2021-01-26;0;0;0;0;0;0;0;0;0;0;0;0;0;0;0;0;0;0
FR;6;2021-01-27;0;0;0;0;0;0;0;0;0;0;0;0;0;0;0;0;0;0
FR;6;2021-01-28;0;0;0;0;0;0;0;0;0;0;0;0;0;0;0;0;0;0
FR;6;2021-01-29;0;0;0;0;0;0;0;0;0;0;0;0;0;0;0;0;0;0
FR;6;2021-01-30;0;0;0;0;0;0;0;0;0;0;0;0;0;0;0;0;0;0
FR;6;2021-01-31;0;0;0;0;0;0;0;0;0;0;0;0;0;0;0;0;0;0
FR;6;2021-02-01;0;0;0;0;0;0;0;0;0;0;0;0;0;0;0;0;0;0
FR;6;2021-02-02;0;0;0;0;0;0;0;0;0;0;0;0;0;0;0;0;0;0
FR;6;2021-02-03;0;0;0;0;0;0;0;0;0;0;0;0;0;0;0;0;0;0
FR;6;2021-02-04;0;0;0;0;0;0;0;0;0;0;0;0;0;0;0;0;0;0
FR;6;2021-02-05;0;0;0;0;0;0;0;0;0;0;0;0;0;0;0;0;0;0
FR;6;2021-02-06;0;0;0;0;0;0;0;0;0;0;0;0;0;0;0;0;0;0
FR;6;2021-02-07;0;0;0;0;0;0;0;0;0;0;0;0;0;0;0;0;0;0
FR;6;2021-02-08;0;0;0;0;0;0;0;0;0;0;0;0;0;0;0;0;0;0
FR;6;2021-02-09;0;0;0;0;0;0;0;0;0;0;0;0;0;0;0;0;0;0
FR;6;2021-02-10;0;0;0;0;0;0;0;0;0;0;0;0;0;0;0;0;0;0
FR;6;2021-02-11;0;0;0;0;0;0;0;0;0;0;0;0;0;0;0;0;0;0
FR;6;2021-02-12;0;0;0;0;0;0;0;0;0;0;0;0;0;0;0;0;0;0
FR;6;2021-02-13;0;0;0;0;0;0;0;0;0;0;0;0;0;0;0;0;0;0
FR;6;2021-02-14;0;0;0;0;0;0;0;0;0;0;0;0;0;0;0;0;0;0
FR;6;2021-02-15;0;0;0;0;0;0;0;0;0;0;0;0;0;0;0;0;0;0
FR;6;2021-02-16;0;0;0;0;0;0;0;0;0;0;0;0;0;0;0;0;0;0
FR;6;2021-02-17;0;0;0;0;0;0;0;0;0;0;0;0;0;0;0;0;0;0
FR;6;2021-02-18;0;0;0;0;0;0;0;0;0;0;0;0;0;0;0;0;0;0
FR;6;2021-02-19;0;0;0;0;0;0;0;0;0;0;0;0;0;0;0;0;0;0
FR;6;2021-02-20;0;0;0;0;0;0;0;0;0;0;0;0;0;0;0;0;0;0
FR;6;2021-02-21;0;0;0;0;0;0;0;0;0;0;0;0;0;0;0;0;0;0
FR;6;2021-02-22;0;0;0;0;0;0;0;0;0;0;0;0;0;0;0;0;0;0
FR;6;2021-02-23;0;0;0;0;0;0;0;0;0;0;0;0;0;0;0;0;0;0
FR;6;2021-02-24;0;0;0;0;0;0;0;0;0;0;0;0;0;0;0;0;0;0
FR;6;2021-02-25;0;0;0;0;0;0;0;0;0;0;0;0;0;0;0;0;0;0
FR;6;2021-02-26;0;0;0;0;0;0;0;0;0;0;0;0;0;0;0;0;0;0
FR;6;2021-02-27;0;0;0;0;0;0;0;0;0;0;0;0;0;0;0;0;0;0
FR;6;2021-02-28;0;0;0;0;0;0;0;0;0;0;0;0;0;0;0;0;0;0
FR;6;2021-03-01;0;0;0;0;0;0;0;0;0;0;0;0;0;0;0;0;0;0
FR;6;2021-03-02;0;0;0;0;0;0;0;0;0;0;0;0;0;0;0;0;0;0
FR;6;2021-03-03;0;0;0;0;0;0;0;0;0;0;0;0;0;0;0;0;0;0
FR;6;2021-03-04;0;0;0;0;0;0;0;0;0;0;0;0;0;0;0;0;0;0
FR;6;2021-03-05;0;0;0;0;0;0;0;0;0;0;0;0;0;0;0;0;0;0
FR;6;2021-03-06;0;0;0;0;0;0;0;0;0;0;0;0;0;0;0;0;0;0
FR;6;2021-03-07;0;0;0;0;0;0;0;0;0;0;0;0;0;0;0;0;0;0
FR;6;2021-03-08;0;0;0;0;0;0;0;0;0;0;0;0;0;0;0;0;0;0
FR;6;2021-03-09;0;0;0;0;0;0;0;0;0;0;0;0;0;0;0;0;0;0
FR;6;2021-03-10;0;0;0;0;0;0;0;0;0;0;0;0;0;0;0;0;0;0
FR;6;2021-03-11;0;0;0;0;0;0;0;0;0;0;0;0;0;0;0;0;0;0
FR;6;2021-03-12;0;0;0;0;0;0;0;0;0;0;0;0;0;0;0;0;0;0
FR;6;2021-03-13;0;0;0;0;0;0;0;0;0;0;0;0;0;0;0;0;0;0
FR;6;2021-03-14;0;0;0;0;0;0;0;0;0;0;0;0;0;0;0;0;0;0
FR;6;2021-03-15;0;0;0;0;0;0;0;0;0;0;0;0;0;0;0;0;0;0
FR;6;2021-03-16;0;0;0;0;0;0;0;0;0;0;0;0;0;0;0;0;0;0
FR;6;2021-03-17;0;0;0;0;0;0;0;0;0;0;0;0;0;0;0;0;0;0
FR;6;2021-03-18;0;0;0;0;0;0;0;0;0;0;0;0;0;0;0;0;0;0
FR;6;2021-03-19;0;0;0;0;0;0;0;0;0;0;0;0;0;0;0;0;0;0
FR;6;2021-03-20;0;0;0;0;0;0;0;0;0;0;0;0;0;0;0;0;0;0
FR;6;2021-03-21;0;0;0;0;0;0;0;0;0;0;0;0;0;0;0;0;0;0
FR;6;2021-03-22;0;0;0;0;0;0;0;0;0;0;0;0;0;0;0;0;0;0
FR;6;2021-03-23;0;0;0;0;0;0;0;0;0;0;0;0;0;0;0;0;0;0
FR;6;2021-03-24;0;0;0;0;0;0;0;0;0;0;0;0;0;0;0;0;0;0
FR;6;2021-03-25;0;0;0;0;0;0;0;0;0;0;0;0;0;0;0;0;0;0
FR;6;2021-03-26;0;0;0;0;0;0;0;0;0;0;0;0;0;0;0;0;0;0
FR;6;2021-03-27;0;0;0;0;0;0;0;0;0;0;0;0;0;0;0;0;0;0
FR;6;2021-03-28;0;0;0;0;0;0;0;0;0;0;0;0;0;0;0;0;0;0
FR;6;2021-03-29;0;0;0;0;0;0;0;0;0;0;0;0;0;0;0;0;0;0
FR;6;2021-03-30;0;0;0;0;0;0;0;0;0;0;0;0;0;0;0;0;0;0
FR;6;2021-03-31;0;0;0;0;0;0;0;0;0;0;0;0;0;0;0;0;0;0
FR;6;2021-04-01;0;0;0;0;0;0;0;0;0;0;0;0;0;0;0;0;0;0
FR;6;2021-04-02;0;0;0;0;0;0;0;0;0;0;0;0;0;0;0;0;0;0
FR;6;2021-04-03;0;0;0;0;0;0;0;0;0;0;0;0;0;0;0;0;0;0
FR;6;2021-04-04;0;0;0;0;0;0;0;0;0;0;0;0;0;0;0;0;0;0
FR;6;2021-04-05;0;0;0;0;0;0;0;0;0;0;0;0;0;0;0;0;0;0
FR;6;2021-04-06;0;0;0;0;0;0;0;0;0;0;0;0;0;0;0;0;0;0
FR;6;2021-04-07;0;0;0;0;0;0;0;0;0;0;0;0;0;0;0;0;0;0
FR;6;2021-04-08;0;0;0;0;0;0;0;0;0;0;0;0;0;0;0;0;0;0
FR;6;2021-04-09;0;0;0;0;0;0;0;0;0;0;0;0;0;0;0;0;0;0
FR;6;2021-04-10;0;0;0;0;0;0;0;0;0;0;0;0;0;0;0;0;0;0
FR;6;2021-04-11;0;0;0;0;0;0;0;0;0;0;0;0;0;0;0;0;0;0
FR;6;2021-04-12;0;0;0;0;0;0;0;0;0;0;0;0;0;0;0;0;0;0
FR;6;2021-04-13;0;0;0;0;0;0;0;0;0;0;0;0;0;0;0;0;0;0
FR;6;2021-04-14;0;0;0;0;0;0;0;0;0;0;0;0;0;0;0;0;0;0
FR;6;2021-04-15;0;0;0;0;0;0;0;0;0;0;0;0;0;0;0;0;0;0
FR;6;2021-04-16;0;0;0;0;0;0;0;0;0;0;0;0;0;0;0;0;0;0
FR;6;2021-04-17;0;0;0;0;0;0;0;0;0;0;0;0;0;0;0;0;0;0
FR;6;2021-04-18;0;0;0;0;0;0;0;0;0;0;0;0;0;0;0;0;0;0
FR;6;2021-04-19;0;0;0;0;0;0;0;0;0;0;0;0;0;0;0;0;0;0
FR;6;2021-04-20;0;0;0;0;0;0;0;0;0;0;0;0;0;0;0;0;0;0
FR;6;2021-04-21;0;0;0;0;0;0;0;0;0;0;0;0;0;0;0;0;0;0
FR;6;2021-04-22;0;0;0;0;0;0;0;0;0;0;0;0;0;0;0;0;0;0
FR;6;2021-04-23;0;0;0;0;0;0;0;0;0;0;0;0;0;0;0;0;0;0
FR;6;2021-04-24;0;0;0;0;0;0;0;0;0;0;0;0;0;0;0;0;0;0
FR;6;2021-04-25;0;0;0;0;0;0;0;0;0;0;0;0;0;0;0;0;0;0
FR;6;2021-04-26;0;0;0;0;0;0;0;0;0;0;0;0;0;0;0;0;0;0
FR;6;2021-04-27;0;0;0;0;0;0;0;0;0;0;0;0;0;0;0;0;0;0
FR;6;2021-04-28;0;0;0;0;0;0;0;0;0;0;0;0;0;0;0;0;0;0
FR;6;2021-04-29;0;0;0;0;0;0;0;0;0;0;0;0;0;0;0;0;0;0
FR;6;2021-04-30;0;0;0;0;0;0;0;0;0;0;0;0;0;0;0;0;0;0
FR;6;2021-05-01;0;0;0;0;0;0;0;0;0;0;0;0;0;0;0;0;0;0
FR;6;2021-05-02;0;0;0;0;0;0;0;0;0;0;0;0;0;0;0;0;0;0
FR;6;2021-05-03;0;0;0;0;0;0;0;0;0;0;0;0;0;0;0;0;0;0
FR;6;2021-05-04;0;0;0;0;0;0;0;0;0;0;0;0;0;0;0;0;0;0
FR;6;2021-05-05;0;0;0;0;0;0;0;0;0;0;0;0;0;0;0;0;0;0
FR;6;2021-05-06;0;0;0;0;0;0;0;0;0;0;0;0;0;0;0;0;0;0
FR;6;2021-05-07;0;0;0;0;0;0;0;0;0;0;0;0;0;0;0;0;0;0
FR;6;2021-05-08;0;0;0;0;0;0;0;0;0;0;0;0;0;0;0;0;0;0
FR;6;2021-05-09;0;0;0;0;0;0;0;0;0;0;0;0;0;0;0;0;0;0
FR;6;2021-05-10;0;0;0;0;0;0;0;0;0;0;0;0;0;0;0;0;0;0
FR;6;2021-05-11;0;0;0;0;0;0;0;0;0;0;0;0;0;0;0;0;0;0
FR;6;2021-05-12;0;0;0;0;0;0;0;0;0;0;0;0;0;0;0;0;0;0
FR;6;2021-05-13;0;0;0;0;0;0;0;0;0;0;0;0;0;0;0;0;0;0
FR;6;2021-05-14;0;0;0;0;0;0;0;0;0;0;0;0;0;0;0;0;0;0
FR;6;2021-05-15;0;0;0;0;0;0;0;0;0;0;0;0;0;0;0;0;0;0
FR;6;2021-05-16;0;0;0;0;0;0;0;0;0;0;0;0;0;0;0;0;0;0
FR;6;2021-05-17;0;0;0;0;0;0;0;0;0;0;0;0;0;0;0;0;0;0
FR;6;2021-05-18;0;0;0;0;0;0;0;0;0;0;0;0;0;0;0;0;0;0
FR;6;2021-05-19;0;0;0;0;0;0;0;0;0;0;0;0;0;0;0;0;0;0
FR;6;2021-05-20;0;0;0;0;0;0;0;0;0;0;0;0;0;0;0;0;0;0
FR;6;2021-05-21;0;0;0;0;0;0;0;0;0;0;0;0;0;0;0;0;0;0
FR;6;2021-05-22;0;0;0;0;0;0;0;0;0;0;0;0;0;0;0;0;0;0
FR;6;2021-05-23;0;0;0;0;0;0;0;0;0;0;0;0;0;0;0;0;0;0
FR;6;2021-05-24;0;0;0;0;0;0;0;0;0;0;0;0;0;0;0;0;0;0
FR;6;2021-05-25;0;0;0;0;0;0;0;0;0;0;0;0;0;0;0;0;0;0
FR;6;2021-05-26;0;0;0;0;0;0;0;0;0;0;0;0;0;0;0;0;0;0
FR;6;2021-05-27;0;0;0;0;0;0;0;0;0;0;0;0;0;0;0;0;0;0
FR;6;2021-05-28;0;0;0;0;0;0;0;0;0;0;0;0;0;0;0;0;0;0
FR;6;2021-05-29;0;0;0;0;0;0;0;0;0;0;0;0;0;0;0;0;0;0
FR;6;2021-05-30;0;0;0;0;0;0;0;0;0;0;0;0;0;0;0;0;0;0
FR;6;2021-05-31;0;0;0;0;0;0;0;0;0;0;0;0;0;0;0;0;0;0
FR;6;2021-06-01;0;0;0;0;0;0;0;0;0;0;0;0;0;0;0;0;0;0
FR;6;2021-06-02;0;0;0;0;0;0;0;0;0;0;0;0;0;0;0;0;0;0
FR;6;2021-06-03;0;0;0;0;0;0;0;0;0;0;0;0;0;0;0;0;0;0
FR;6;2021-06-04;0;0;0;0;0;0;0;0;0;0;0;0;0;0;0;0;0;0
FR;6;2021-06-05;0;0;0;0;0;0;0;0;0;0;0;0;0;0;0;0;0;0
FR;6;2021-06-06;0;0;0;0;0;0;0;0;0;0;0;0;0;0;0;0;0;0
FR;6;2021-06-07;0;0;0;0;0;0;0;0;0;0;0;0;0;0;0;0;0;0
FR;6;2021-06-08;0;0;0;0;0;0;0;0;0;0;0;0;0;0;0;0;0;0
FR;6;2021-06-09;0;0;0;0;0;0;0;0;0;0;0;0;0;0;0;0;0;0
FR;6;2021-06-10;0;0;0;0;0;0;0;0;0;0;0;0;0;0;0;0;0;0
FR;6;2021-06-11;0;0;0;0;0;0;0;0;0;0;0;0;0;0;0;0;0;0
FR;6;2021-06-12;0;0;0;0;0;0;0;0;0;0;0;0;0;0;0;0;0;0
FR;6;2021-06-13;0;0;0;0;0;0;0;0;0;0;0;0;0;0;0;0;0;0
FR;6;2021-06-14;0;0;0;0;0;0;0;0;0;0;0;0;0;0;0;0;0;0
FR;6;2021-06-15;0;0;0;0;0;0;0;0;0;0;0;0;0;0;0;0;0;0
FR;6;2021-06-16;0;0;0;0;0;0;0;0;0;0;0;0;0;0;0;0;0;0
FR;6;2021-06-17;0;0;0;0;0;0;0;0;0;0;0;0;0;0;0;0;0;0
FR;6;2021-06-18;0;0;0;0;0;0;0;0;0;0;0;0;0;0;0;0;0;0
FR;6;2021-06-19;0;0;0;0;0;0;0;0;0;0;0;0;0;0;0;0;0;0
FR;6;2021-06-20;0;0;0;0;0;0;0;0;0;0;0;0;0;0;0;0;0;0
FR;6;2021-06-21;0;0;0;0;0;0;0;0;0;0;0;0;0;0;0;0;0;0
FR;6;2021-06-22;0;0;0;0;0;0;0;0;0;0;0;0;0;0;0;0;0;0
FR;6;2021-06-23;0;0;0;0;0;0;0;0;0;0;0;0;0;0;0;0;0;0
FR;6;2021-06-24;0;0;0;0;0;0;0;0;0;0;0;0;0;0;0;0;0;0
FR;6;2021-06-25;0;0;0;0;0;0;0;0;0;0;0;0;0;0;0;0;0;0
FR;6;2021-06-26;0;0;0;0;0;0;0;0;0;0;0;0;0;0;0;0;0;0
FR;6;2021-06-27;0;0;0;0;0;0;0;0;0;0;0;0;0;0;0;0;0;0
FR;6;2021-06-28;0;0;0;0;0;0;0;0;0;0;0;0;0;0;0;0;0;0
FR;6;2021-06-29;0;0;0;0;0;0;0;0;0;0;0;0;0;0;0;0;0;0
FR;6;2021-06-30;0;0;0;0;0;0;0;0;0;0;0;0;0;0;0;0;0;0
FR;6;2021-07-01;0;0;0;0;0;0;0;0;0;0;0;0;0;0;0;0;0;0
FR;6;2021-07-02;0;0;0;0;0;0;0;0;0;0;0;0;0;0;0;0;0;0
FR;6;2021-07-03;0;0;0;0;0;0;0;0;0;0;0;0;0;0;0;0;0;0
FR;6;2021-07-04;0;0;0;0;0;0;0;0;0;0;0;0;0;0;0;0;0;0
FR;6;2021-07-05;0;0;0;0;0;0;0;0;0;0;0;0;0;0;0;0;0;0
FR;6;2021-07-06;0;0;0;0;0;0;0;0;0;0;0;0;0;0;0;0;0;0
FR;6;2021-07-07;0;0;0;0;0;0;0;0;0;0;0;0;0;0;0;0;0;0
FR;6;2021-07-08;0;0;0;0;0;0;0;0;0;0;0;0;0;0;0;0;0;0
FR;6;2021-07-09;0;0;0;0;0;0;0;0;0;0;0;0;0;0;0;0;0;0
FR;6;2021-07-10;0;0;0;0;0;0;0;0;0;0;0;0;0;0;0;0;0;0
FR;6;2021-07-11;0;0;0;0;0;0;0;0;0;0;0;0;0;0;0;0;0;0
FR;6;2021-07-12;0;0;0;0;0;0;0;0;0;0;0;0;0;0;0;0;0;0
FR;6;2021-07-13;0;0;0;0;0;0;0;0;0;0;0;0;0;0;0;0;0;0
FR;6;2021-07-14;0;0;0;0;0;0;0;0;0;0;0;0;0;0;0;0;0;0
FR;6;2021-07-15;0;0;0;0;0;0;0;0;0;0;0;0;0;0;0;0;0;0
FR;6;2021-07-16;0;0;0;0;0;0;0;0;0;0;0;0;0;0;0;0;0;0
FR;6;2021-07-17;0;0;0;0;0;0;0;0;0;0;0;0;0;0;0;0;0;0
FR;6;2021-07-18;0;0;0;0;0;0;0;0;0;0;0;0;0;0;0;0;0;0
FR;6;2021-07-19;0;0;0;0;0;0;0;0;0;0;0;0;0;0;0;0;0;0
FR;6;2021-07-20;0;0;0;0;0;0;0;0;0;0;0;0;0;0;0;0;0;0
FR;6;2021-07-21;0;0;0;0;0;0;0;0;0;0;0;0;0;0;0;0;0;0
FR;6;2021-07-22;0;0;0;0;0;0;0;0;0;0;0;0;0;0;0;0;0;0
FR;6;2021-07-23;0;0;0;0;0;0;0;0;0;0;0;0;0;0;0;0;0;0
FR;6;2021-07-24;0;0;0;0;0;0;0;0;0;0;0;0;0;0;0;0;0;0
FR;6;2021-07-25;0;0;0;0;0;0;0;0;0;0;0;0;0;0;0;0;0;0
FR;6;2021-07-26;0;0;0;0;0;0;0;0;0;0;0;0;0;0;0;0;0;0
FR;6;2021-07-27;0;0;0;0;0;0;0;0;0;0;0;0;0;0;0;0;0;0
FR;6;2021-07-28;0;0;0;0;0;0;0;0;0;0;0;0;0;0;0;0;0;0
FR;6;2021-07-29;0;0;0;0;0;0;0;0;0;0;0;0;0;0;0;0;0;0
FR;6;2021-07-30;0;0;0;0;0;0;0;0;0;0;0;0;0;0;0;0;0;0
FR;6;2021-07-31;0;0;0;0;0;0;0;0;0;0;0;0;0;0;0;0;0;0
FR;6;2021-08-01;0;0;0;0;0;0;0;0;0;0;0;0;0;0;0;0;0;0
FR;6;2021-08-02;0;0;0;0;0;0;0;0;0;0;0;0;0;0;0;0;0;0
FR;6;2021-08-03;0;0;0;0;0;0;0;0;0;0;0;0;0;0;0;0;0;0
FR;6;2021-08-04;0;0;0;0;0;0;0;0;0;0;0;0;0;0;0;0;0;0
FR;6;2021-08-05;0;0;0;0;0;0;0;0;0;0;0;0;0;0;0;0;0;0
FR;6;2021-08-06;0;0;0;0;0;0;0;0;0;0;0;0;0;0;0;0;0;0
FR;6;2021-08-07;0;0;0;0;0;0;0;0;0;0;0;0;0;0;0;0;0;0
FR;6;2021-08-08;0;0;0;0;0;0;0;0;0;0;0;0;0;0;0;0;0;0
FR;6;2021-08-09;0;0;0;0;0;0;0;0;0;0;0;0;0;0;0;0;0;0
FR;6;2021-08-10;0;0;0;0;0;0;0;0;0;0;0;0;0;0;0;0;0;0
FR;6;2021-08-11;0;0;0;0;0;0;0;0;0;0;0;0;0;0;0;0;0;0
FR;6;2021-08-12;0;0;0;0;0;0;0;0;0;0;0;0;0;0;0;0;0;0
FR;6;2021-08-13;0;0;0;0;0;0;0;0;0;0;0;0;0;0;0;0;0;0
FR;6;2021-08-14;0;0;0;0;0;0;0;0;0;0;0;0;0;0;0;0;0;0
FR;6;2021-08-15;0;0;0;0;0;0;0;0;0;0;0;0;0;0;0;0;0;0
FR;6;2021-08-16;0;0;0;0;0;0;0;0;0;0;0;0;0;0;0;0;0;0
FR;6;2021-08-17;0;0;0;0;0;0;0;0;0;0;0;0;0;0;0;0;0;0
FR;6;2021-08-18;0;0;0;0;0;0;0;0;0;0;0;0;0;0;0;0;0;0
FR;6;2021-08-19;0;0;0;0;0;0;0;0;0;0;0;0;0;0;0;0;0;0
FR;6;2021-08-20;0;0;0;0;0;0;0;0;0;0;0;0;0;0;0;0;0;0
FR;6;2021-08-21;0;0;0;0;0;0;0;0;0;0;0;0;0;0;0;0;0;0
FR;6;2021-08-22;0;0;0;0;0;0;0;0;0;0;0;0;0;0;0;0;0;0
FR;6;2021-08-23;0;0;0;0;0;0;0;0;0;0;0;0;0;0;0;0;0;0
FR;6;2021-08-24;0;0;0;0;0;0;0;0;0;0;0;0;0;0;0;0;0;0
FR;6;2021-08-25;0;0;0;0;0;0;0;0;0;0;0;0;0;0;0;0;0;0
FR;6;2021-08-26;0;0;0;0;0;0;0;0;0;0;0;0;0;0;0;0;0;0
FR;6;2021-08-27;0;0;0;0;0;0;0;0;0;0;0;0;0;0;0;0;0;0
FR;6;2021-08-28;0;0;0;0;0;0;0;0;0;0;0;0;0;0;0;0;0;0
FR;6;2021-08-29;0;0;0;0;0;0;0;0;0;0;0;0;0;0;0;0;0;0
FR;6;2021-08-30;0;0;0;0;0;0;0;0;0;0;0;0;0;0;0;0;0;0
FR;6;2021-08-31;0;0;0;0;0;0;0;0;0;0;0;0;0;0;0;0;0;0
FR;6;2021-09-01;0;0;0;0;0;0;0;0;0;0;0;0;0;0;0;0;0;0
FR;6;2021-09-02;0;0;0;0;0;0;0;0;0;0;0;0;0;0;0;0;0;0
FR;6;2021-09-03;0;0;0;0;0;0;0;0;0;0;0;0;0;0;0;0;0;0
FR;6;2021-09-04;0;0;0;0;0;0;0;0;0;0;0;0;0;0;0;0;0;0
FR;6;2021-09-05;0;0;0;0;0;0;0;0;0;0;0;0;0;0;0;0;0;0
FR;6;2021-09-06;0;0;0;0;0;0;0;0;0;0;0;0;0;0;0;0;0;0
FR;6;2021-09-07;0;0;0;0;0;0;0;0;0;0;0;0;0;0;0;0;0;0
FR;6;2021-09-08;0;0;0;0;0;0;0;0;0;0;0;0;0;0;0;0;0;0
FR;6;2021-09-09;0;0;0;0;0;0;0;0;0;0;0;0;0;0;0;0;0;0
FR;6;2021-09-10;0;0;0;0;0;0;0;0;0;0;0;0;0;0;0;0;0;0
FR;6;2021-09-11;0;0;0;0;0;0;0;0;0;0;0;0;0;0;0;0;0;0
FR;6;2021-09-12;0;0;0;0;0;0;0;0;0;0;0;0;0;0;0;0;0;0
FR;6;2021-09-13;0;0;0;0;0;0;0;0;0;0;0;0;0;0;0;0;0;0
FR;6;2021-09-14;0;0;0;0;0;0;0;0;0;0;0;0;0;0;0;0;0;0
FR;6;2021-09-15;0;0;0;0;0;0;0;0;0;0;0;0;0;0;0;0;0;0
FR;6;2021-09-16;0;0;0;0;0;0;0;0;0;0;0;0;0;0;0;0;0;0
FR;6;2021-09-17;0;0;0;0;0;0;0;0;0;0;0;0;0;0;0;0;0;0
FR;6;2021-09-18;0;0;0;0;0;0;0;0;0;0;0;0;0;0;0;0;0;0
FR;6;2021-09-19;0;0;0;0;0;0;0;0;0;0;0;0;0;0;0;0;0;0
FR;6;2021-09-20;0;0;0;0;0;0;0;0;0;0;0;0;0;0;0;0;0;0
FR;6;2021-09-21;0;0;0;0;0;0;0;0;0;0;0;0;0;0;0;0;0;0
FR;6;2021-09-22;0;0;0;0;0;0;0;0;0;0;0;0;0;0;0;0;0;0
FR;6;2021-09-23;0;0;0;0;0;0;0;0;0;0;0;0;0;0;0;0;0;0
FR;6;2021-09-24;0;0;0;0;0;0;0;0;0;0;0;0;0;0;0;0;0;0
FR;6;2021-09-25;0;0;0;0;0;0;0;0;0;0;0;0;0;0;0;0;0;0
FR;6;2021-09-26;0;0;0;0;0;0;0;0;0;0;0;0;0;0;0;0;0;0
FR;6;2021-09-27;0;0;0;0;0;0;0;0;0;0;0;0;0;0;0;0;0;0
FR;6;2021-09-28;0;0;0;0;0;0;0;0;0;0;0;0;0;0;0;0;0;0
FR;6;2021-09-29;0;0;0;0;0;0;0;0;0;0;0;0;0;0;0;0;0;0
FR;6;2021-09-30;0;0;0;0;0;0;0;0;0;0;0;0;0;0;0;0;0;0
FR;6;2021-10-01;0;0;0;0;0;0;0;0;0;0;0;0;0;0;0;0;0;0
FR;6;2021-10-02;0;0;0;0;0;0;0;0;0;0;0;0;0;0;0;0;0;0
FR;6;2021-10-03;0;0;0;0;0;0;0;0;0;0;0;0;0;0;0;0;0;0
FR;6;2021-10-04;0;0;0;0;0;0;0;0;0;0;0;0;0;0;0;0;0;0
FR;6;2021-10-05;0;0;0;0;0;0;0;0;0;0;0;0;0;0;0;0;0;0
FR;6;2021-10-06;0;0;0;0;0;0;0;0;0;0;0;0;0;0;0;0;0;0
FR;6;2021-10-07;0;0;0;0;0;0;0;0;0;0;0;0;0;0;0;0;0;0
FR;6;2021-10-08;0;0;0;0;0;0;0;0;0;0;0;0;0;0;0;0;0;0
FR;6;2021-10-09;0;0;0;0;0;0;0;0;0;0;0;0;0;0;0;0;0;0
FR;6;2021-10-10;0;0;0;0;0;0;0;0;0;0;0;0;0;0;0;0;0;0
FR;6;2021-10-11;0;0;0;0;0;0;0;0;0;0;0;0;0;0;0;0;0;0
FR;6;2021-10-12;0;0;0;0;0;0;0;0;0;0;0;0;0;0;0;0;0;0
FR;6;2021-10-13;0;0;0;0;0;0;0;0;0;0;0;0;0;0;0;0;0;0
FR;6;2021-10-14;0;0;0;0;0;0;0;0;0;0;0;0;0;0;0;0;0;0
FR;6;2021-10-15;0;0;0;0;0;0;0;0;0;0;0;0;0;0;0;0;0;0
FR;6;2021-10-16;0;0;0;0;0;0;0;0;0;0;0;0;0;0;0;0;0;0
FR;6;2021-10-17;0;0;0;0;0;0;0;0;0;0;0;0;0;0;0;0;0;0
FR;6;2021-10-18;0;0;0;0;0;0;0;0;0;0;0;0;0;0;0;0;0;0
FR;6;2021-10-19;0;0;0;0;0;0;0;0;0;0;0;0;0;0;0;0;0;0
FR;6;2021-10-20;0;0;0;0;0;0;0;0;0;0;0;0;0;0;0;0;0;0
FR;6;2021-10-21;0;0;0;0;0;0;0;0;0;0;0;0;0;0;0;0;0;0
FR;6;2021-10-22;0;0;0;0;0;0;0;0;0;0;0;0;0;0;0;0;0;0
FR;6;2021-10-23;0;0;0;0;0;0;0;0;0;0;0;0;0;0;0;0;0;0
FR;6;2021-10-24;0;0;0;0;0;0;0;0;0;0;0;0;0;0;0;0;0;0
FR;6;2021-10-25;0;0;0;0;0;0;0;0;0;0;0;0;0;0;0;0;0;0
FR;6;2021-10-26;0;0;0;0;0;0;0;0;0;0;0;0;0;0;0;0;0;0
FR;6;2021-10-27;0;0;0;0;0;0;0;0;0;0;0;0;0;0;0;0;0;0
FR;6;2021-10-28;0;0;0;0;0;0;0;0;0;0;0;0;0;0;0;0;0;0
FR;6;2021-10-29;0;0;0;0;0;0;0;0;0;0;0;0;0;0;0;0;0;0
FR;6;2021-10-30;0;0;0;0;0;0;0;0;0;0;0;0;0;0;0;0;0;0
FR;6;2021-10-31;0;0;0;0;0;0;0;0;0;0;0;0;0;0;0;0;0;0
FR;6;2021-11-01;0;0;0;0;0;0;0;0;0;0;0;0;0;0;0;0;0;0
FR;6;2021-11-02;0;0;0;0;0;0;0;0;0;0;0;0;0;0;0;0;0;0
FR;6;2021-11-03;0;0;0;0;0;0;0;0;0;0;0;0;0;0;0;0;0;0
FR;6;2021-11-04;0;0;0;0;0;0;0;0;0;0;0;0;0;0;0;0;0;0
FR;6;2021-11-05;0;0;0;0;0;0;0;0;0;0;0;0;0;0;0;0;0;0
FR;6;2021-11-06;0;0;0;0;0;0;0;0;0;0;0;0;0;0;0;0;0;0
FR;6;2021-11-07;0;0;0;0;0;0;0;0;0;0;0;0;0;0;0;0;0;0
FR;6;2021-11-08;0;0;0;0;0;0;0;0;0;0;0;0;0;0;0;0;0;0
FR;6;2021-11-09;0;0;0;0;0;0;0;0;0;0;0;0;0;0;0;0;0;0
FR;6;2021-11-10;0;0;0;0;0;0;0;0;0;0;0;0;0;0;0;0;0;0
FR;6;2021-11-11;0;0;0;0;0;0;0;0;0;0;0;0;0;0;0;0;0;0
FR;6;2021-11-12;0;0;0;0;0;0;0;0;0;0;0;0;0;0;0;0;0;0
FR;6;2021-11-13;0;0;0;0;0;0;0;0;0;0;0;0;0;0;0;0;0;0
FR;6;2021-11-14;0;0;0;0;0;0;0;0;0;0;0;0;0;0;0;0;0;0
FR;6;2021-11-15;0;0;0;0;0;0;0;0;0;0;0;0;0;0;0;0;0;0
FR;6;2021-11-16;0;0;0;0;0;0;0;0;0;0;0;0;0;0;0;0;0;0
FR;6;2021-11-17;0;0;0;0;0;0;0;0;0;0;0;0;0;0;0;0;0;0
FR;6;2021-11-18;0;0;0;0;0;0;0;0;0;0;0;0;0;0;0;0;0;0
FR;6;2021-11-19;0;0;0;0;0;0;0;0;0;0;0;0;0;0;0;0;0;0
FR;6;2021-11-20;0;0;0;0;0;0;0;0;0;0;0;0;0;0;0;0;0;0
FR;6;2021-11-21;0;0;0;0;0;0;0;0;0;0;0;0;0;0;0;0;0;0
FR;6;2021-11-22;0;0;0;0;0;0;0;0;0;0;0;0;0;0;0;0;0;0
FR;6;2021-11-23;0;0;0;0;0;0;0;0;0;0;0;0;0;0;0;0;0;0
FR;6;2021-11-24;0;0;0;0;0;0;0;0;0;0;0;0;0;0;0;0;0;0
FR;6;2021-11-25;0;0;0;0;0;0;0;0;0;0;0;0;0;0;0;0;0;0
FR;6;2021-11-26;0;0;0;0;0;0;0;0;0;0;0;0;0;0;0;0;0;0
FR;6;2021-11-27;0;0;0;0;0;0;0;0;0;0;0;0;0;0;0;0;0;0
FR;6;2021-11-28;0;0;0;0;0;0;0;0;0;0;0;0;0;0;0;0;0;0
FR;6;2021-11-29;0;0;0;0;0;0;0;0;0;0;0;0;0;0;0;0;0;0
FR;6;2021-11-30;0;0;0;0;0;0;0;0;0;0;0;0;0;0;0;0;0;0
FR;6;2021-12-01;0;0;0;0;0;0;0;0;0;0;0;0;0;0;0;0;0;0
FR;6;2021-12-02;0;0;0;0;0;0;0;0;0;0;0;0;0;0;0;0;0;0
FR;6;2021-12-03;0;0;0;0;0;0;0;0;0;0;0;0;0;0;0;0;0;0
FR;6;2021-12-04;0;0;0;0;0;0;0;0;0;0;0;0;0;0;0;0;0;0
FR;6;2021-12-05;0;0;0;0;0;0;0;0;0;0;0;0;0;0;0;0;0;0
FR;6;2021-12-06;0;0;0;0;0;0;0;0;0;0;0;0;0;0;0;0;0;0
FR;6;2021-12-07;0;0;0;0;0;0;0;0;0;0;0;0;0;0;0;0;0;0
FR;6;2021-12-08;0;0;0;0;0;0;0;0;0;0;0;0;0;0;0;0;0;0
FR;6;2021-12-09;0;0;0;0;0;0;0;0;0;0;0;0;0;0;0;0;0;0
FR;6;2021-12-10;0;0;0;0;0;0;0;0;0;0;0;0;0;0;0;0;0;0
FR;6;2021-12-11;0;0;0;0;0;0;0;0;0;0;0;0;0;0;0;0;0;0
FR;6;2021-12-12;0;0;0;0;0;0;0;0;0;0;0;0;0;0;0;0;0;0
FR;6;2021-12-13;0;0;0;0;0;0;0;0;0;0;0;0;0;0;0;0;0;0
FR;6;2021-12-14;0;0;0;0;0;0;0;0;0;0;0;0;0;0;0;0;0;0
FR;6;2021-12-15;0;0;0;0;0;0;0;0;0;0;0;0;0;0;0;0;0;0
FR;6;2021-12-16;0;0;0;0;0;0;0;0;0;0;0;0;0;0;0;0;0;0
FR;6;2021-12-17;0;0;0;0;0;0;0;0;0;0;0;0;0;0;0;0;0;0
FR;6;2021-12-18;0;0;0;0;0;0;0;0;0;0;0;0;0;0;0;0;0;0
FR;6;2021-12-19;0;0;0;0;0;0;0;0;0;0;0;0;0;0;0;0;0;0
FR;6;2021-12-20;0;0;0;0;0;0;0;0;0;0;0;0;0;0;0;0;0;0
FR;6;2021-12-21;0;0;0;0;0;0;0;0;0;0;0;0;0;0;0;0;0;0
FR;6;2021-12-22;0;0;0;0;0;0;0;0;0;0;0;0;0;0;0;0;0;0
FR;6;2021-12-23;0;0;0;0;0;0;0;0;0;0;0;0;0;0;0;0;0;0
FR;6;2021-12-24;0;0;0;0;0;0;0;0;0;0;0;0;0;0;0;0;0;0
FR;6;2021-12-25;0;0;0;0;0;0;0;0;0;0;0;0;0;0;0;0;0;0
FR;6;2021-12-26;0;0;0;0;0;0;0;0;0;0;0;0;0;0;0;0;0;0
FR;6;2021-12-27;0;0;0;0;0;0;0;0;0;0;0;0;0;0;0;0;0;0
FR;6;2021-12-28;0;0;0;0;0;0;0;0;0;0;0;0;0;0;0;0;0;0
FR;6;2021-12-29;0;0;0;0;0;0;0;0;0;0;0;0;0;0;0;0;0;0
FR;6;2021-12-30;0;0;0;0;0;0;0;0;0;0;0;0;0;0;0;0;0;0
FR;6;2021-12-31;0;0;0;0;0;0;0;0;0;0;0;0;0;0;0;0;0;0
FR;6;2022-01-01;0;0;0;0;0;0;0;0;0;0;0;0;0;0;0;0;0;0
FR;6;2022-01-02;0;0;0;0;0;0;0;0;0;0;0;0;0;0;0;0;0;0
FR;6;2022-01-03;0;0;0;0;0;0;0;0;0;0;0;0;0;0;0;0;0;0
FR;6;2022-01-04;0;0;0;0;0;0;0;0;0;0;0;0;0;0;0;0;0;0
FR;6;2022-01-05;0;0;0;0;0;0;0;0;0;0;0;0;0;0;0;0;0;0
FR;6;2022-01-06;0;0;0;0;0;0;0;0;0;0;0;0;0;0;0;0;0;0
FR;6;2022-01-07;0;0;0;0;0;0;0;0;0;0;0;0;0;0;0;0;0;0
FR;6;2022-01-08;0;0;0;0;0;0;0;0;0;0;0;0;0;0;0;0;0;0
FR;6;2022-01-09;0;0;0;0;0;0;0;0;0;0;0;0;0;0;0;0;0;0
FR;6;2022-01-10;0;0;0;0;0;0;0;0;0;0;0;0;0;0;0;0;0;0
FR;6;2022-01-11;0;0;0;0;0;0;0;0;0;0;0;0;0;0;0;0;0;0
FR;6;2022-01-12;0;0;0;0;0;0;0;0;0;0;0;0;0;0;0;0;0;0
FR;6;2022-01-13;0;0;0;0;0;0;0;0;0;0;0;0;0;0;0;0;0;0
FR;6;2022-01-14;0;0;0;0;0;0;0;0;0;0;0;0;0;0;0;0;0;0
FR;6;2022-01-15;0;0;0;0;0;0;0;0;0;0;0;0;0;0;0;0;0;0
FR;6;2022-01-16;0;0;0;0;0;0;0;0;0;0;0;0;0;0;0;0;0;0
FR;6;2022-01-17;0;0;0;0;0;0;0;0;0;0;0;0;0;0;0;0;0;0
FR;6;2022-01-18;0;0;0;0;0;0;0;0;0;0;0;0;0;0;0;0;0;0
FR;6;2022-01-19;0;0;0;0;0;0;0;0;0;0;0;0;0;0;0;0;0;0
FR;6;2022-01-20;0;0;0;0;0;0;0;0;0;0;0;0;0;0;0;0;0;0
FR;6;2022-01-21;0;0;0;0;0;0;0;0;0;0;0;0;0;0;0;0;0;0
FR;6;2022-01-22;0;0;0;0;0;0;0;0;0;0;0;0;0;0;0;0;0;0
FR;6;2022-01-23;0;0;0;0;0;0;0;0;0;0;0;0;0;0;0;0;0;0
FR;6;2022-01-24;0;0;0;0;0;0;0;0;0;0;0;0;0;0;0;0;0;0
FR;6;2022-01-25;0;0;0;0;0;0;0;0;0;0;0;0;0;0;0;0;0;0
FR;6;2022-01-26;0;0;0;0;0;0;0;0;0;0;0;0;0;0;0;0;0;0
FR;6;2022-01-27;0;0;0;0;0;0;0;0;0;0;0;0;0;0;0;0;0;0
FR;6;2022-01-28;0;0;0;0;0;0;0;0;0;0;0;0;0;0;0;0;0;0
FR;6;2022-01-29;0;0;0;0;0;0;0;0;0;0;0;0;0;0;0;0;0;0
FR;6;2022-01-30;0;0;0;0;0;0;0;0;0;0;0;0;0;0;0;0;0;0
FR;6;2022-01-31;0;0;0;0;0;0;0;0;0;0;0;0;0;0;0;0;0;0
FR;6;2022-02-01;0;0;0;0;0;0;0;0;0;0;0;0;0;0;0;0;0;0
FR;6;2022-02-02;0;0;0;0;0;0;0;0;0;0;0;0;0;0;0;0;0;0
FR;6;2022-02-03;0;0;0;0;0;0;0;0;0;0;0;0;0;0;0;0;0;0
FR;6;2022-02-04;0;0;0;0;0;0;0;0;0;0;0;0;0;0;0;0;0;0
FR;6;2022-02-05;0;0;0;0;0;0;0;0;0;0;0;0;0;0;0;0;0;0
FR;6;2022-02-06;0;0;0;0;0;0;0;0;0;0;0;0;0;0;0;0;0;0
FR;6;2022-02-07;0;0;0;0;0;0;0;0;0;0;0;0;0;0;0;0;0;0
FR;6;2022-02-08;0;0;0;0;0;0;0;0;0;0;0;0;0;0;0;0;0;0
FR;6;2022-02-09;0;0;0;0;0;0;0;0;0;0;0;0;0;0;0;0;0;0
FR;6;2022-02-10;0;0;0;0;0;0;0;0;0;0;0;0;0;0;0;0;0;0
FR;6;2022-02-11;0;0;0;0;0;0;0;0;0;0;0;0;0;0;0;0;0;0
FR;6;2022-02-12;0;0;0;0;0;0;0;0;0;0;0;0;0;0;0;0;0;0
FR;6;2022-02-13;0;0;0;0;0;0;0;0;0;0;0;0;0;0;0;0;0;0
FR;6;2022-02-14;0;0;0;0;0;0;0;0;0;0;0;0;0;0;0;0;0;0
FR;6;2022-02-15;0;0;0;0;0;0;0;0;0;0;0;0;0;0;0;0;0;0
FR;6;2022-02-16;0;0;0;0;0;0;0;0;0;0;0;0;0;0;0;0;0;0
FR;6;2022-02-17;0;0;0;0;0;0;0;0;0;0;0;0;0;0;0;0;0;0
FR;6;2022-02-18;0;0;0;0;0;0;0;0;0;0;0;0;0;0;0;0;0;0
FR;6;2022-02-19;0;0;0;0;0;0;0;0;0;0;0;0;0;0;0;0;0;0
FR;6;2022-02-20;0;0;0;0;0;0;0;0;0;0;0;0;0;0;0;0;0;0
FR;6;2022-02-21;0;0;0;0;0;0;0;0;0;0;0;0;0;0;0;0;0;0
FR;6;2022-02-22;0;0;0;0;0;0;0;0;0;0;0;0;0;0;0;0;0;0
FR;6;2022-02-23;0;0;0;0;0;0;0;0;0;0;0;0;0;0;0;0;0;0
FR;6;2022-02-24;0;0;0;0;0;0;0;0;0;0;0;0;0;0;0;0;0;0
FR;6;2022-02-25;0;0;0;0;0;0;0;0;0;0;0;0;0;0;0;0;0;0
FR;6;2022-02-26;1;0;0;0;0;0;0;0;0;1;0;0;0;0;0;0;0;0
FR;6;2022-02-27;1;0;0;0;1;0;0;0;0;2;0;0;0;1;0;0;0;0
FR;6;2022-02-28;0;0;0;0;0;0;0;0;0;2;0;0;0;1;0;0;0;0
FR;6;2022-03-01;3;0;0;0;0;0;0;0;0;5;0;0;0;1;0;0;0;0
FR;6;2022-03-02;97;9;2;0;15;7;0;0;0;102;9;2;0;16;7;0;0;0
FR;6;2022-03-03;0;0;0;0;0;0;0;0;0;102;9;2;0;16;7;0;0;0
FR;6;2022-03-04;92;4;0;0;8;4;0;0;0;194;13;2;0;24;11;0;0;0
FR;6;2022-03-05;391;23;2;0;60;14;0;0;0;585;36;4;0;84;25;0;0;0
FR;6;2022-03-06;7;1;0;0;2;0;0;0;0;592;37;4;0;86;25;0;0;0
FR;6;2022-03-07;337;19;0;0;51;13;0;0;0;929;56;4;0;137;38;0;0;0
FR;6;2022-03-08;230;14;0;0;47;5;0;0;0;1159;70;4;0;184;43;0;0;0
FR;6;2022-03-09;519;29;2;0;84;21;1;0;0;1678;99;6;0;268;64;1;0;0
FR;6;2022-03-10;206;19;0;1;54;12;1;0;0;1884;118;6;1;322;76;2;0;0
FR;6;2022-03-11;331;22;6;0;53;21;0;0;0;2215;140;12;1;375;97;2;0;0
FR;6;2022-03-12;518;25;1;0;83;20;0;0;0;2733;165;13;1;458;117;2;0;0
FR;6;2022-03-13;40;2;0;0;2;1;0;0;0;2773;167;13;1;460;118;2;0;0
FR;6;2022-03-14;201;4;2;0;39;3;1;0;0;2974;171;15;1;499;121;3;0;0
FR;6;2022-03-15;112;11;2;0;28;9;0;0;0;3086;182;17;1;527;130;3;0;0
FR;6;2022-03-16;310;17;2;1;49;15;1;0;0;3396;199;19;2;576;145;4;0;0
FR;6;2022-03-17;117;6;1;2;14;4;2;0;0;3513;205;20;4;590;149;6;0;0
FR;6;2022-03-18;215;10;0;0;40;6;0;0;0;3728;215;20;4;630;155;6;0;0
FR;6;2022-03-19;307;19;2;0;90;9;0;0;0;4035;234;22;4;720;164;6;0;0
FR;6;2022-03-20;15;5;0;0;5;1;0;0;0;4050;239;22;4;725;165;6;0;0
FR;6;2022-03-21;132;23;1;0;47;4;0;0;0;4182;262;23;4;772;169;6;0;0
FR;6;2022-03-22;97;15;0;0;34;4;0;0;0;4279;277;23;4;806;173;6;0;0
FR;6;2022-03-23;226;108;3;0;154;14;1;0;0;4505;385;26;4;960;187;7;0;0
FR;6;2022-03-24;100;15;1;3;32;4;3;0;0;4605;400;27;7;992;191;10;0;0
FR;6;2022-03-25;203;141;2;1;179;15;2;0;0;4808;541;29;8;1171;206;12;0;0
FR;6;2022-03-26;331;295;7;1;385;19;1;0;0;5139;836;36;9;1556;225;13;0;0
FR;6;2022-03-27;32;30;1;0;37;1;1;0;0;5171;866;37;9;1593;226;14;0;0
FR;6;2022-03-28;201;208;8;1;234;17;3;0;0;5372;1074;45;10;1827;243;17;0;0
FR;6;2022-03-29;124;189;12;2;206;12;9;0;0;5496;1263;57;12;2033;255;26;0;0
FR;6;2022-03-30;305;476;10;2;548;22;6;0;0;5801;1739;67;14;2581;277;32;0;0
FR;6;2022-03-31;123;140;10;0;160;14;5;0;0;5924;1879;77;14;2741;291;37;0;0
FR;6;2022-04-01;195;150;11;2;178;23;3;0;0;6119;2029;88;16;2919;314;40;0;0
FR;6;2022-04-02;206;241;9;1;280;13;8;0;0;6325;2270;97;17;3199;327;48;0;0
FR;6;2022-04-03;17;21;0;0;26;1;0;0;0;6342;2291;97;17;3225;328;48;0;0
FR;6;2022-04-04;137;114;6;1;131;9;5;0;0;6479;2405;103;18;3356;337;53;0;0
FR;6;2022-04-05;146;88;15;1;105;11;8;0;0;6625;2493;118;19;3461;348;61;0;0
FR;6;2022-04-06;204;245;22;26;291;27;33;0;0;6829;2738;140;45;3752;375;94;0;0
FR;6;2022-04-07;127;96;15;9;115;17;14;0;0;6956;2834;155;54;3867;392;108;0;0
FR;6;2022-04-08;199;171;16;3;214;17;9;0;1;7155;3005;171;57;4081;409;117;0;1
FR;6;2022-04-09;145;139;6;12;171;13;4;0;0;7300;3144;177;69;4252;422;121;0;1
FR;6;2022-04-10;11;20;3;0;26;1;3;0;0;7311;3164;180;69;4278;423;124;0;1
FR;6;2022-04-11;101;106;4;0;129;5;3;0;0;7412;3270;184;69;4407;428;127;0;1
FR;6;2022-04-12;136;75;5;8;114;10;10;0;0;7548;3345;189;77;4521;438;137;0;1
FR;6;2022-04-13;162;175;7;5;208;13;8;0;0;7710;3520;196;82;4729;451;145;0;1
FR;6;2022-04-14;100;103;5;10;121;8;10;0;0;7810;3623;201;92;4850;459;155;0;1
FR;6;2022-04-15;158;149;11;7;167;19;14;0;1;7968;3772;212;99;5017;478;169;0;2
FR;6;2022-04-16;127;132;5;0;162;14;2;0;0;8095;3904;217;99;5179;492;171;0;2
FR;6;2022-04-17;8;9;4;0;10;4;0;0;0;8103;3913;221;99;5189;496;171;0;2
FR;6;2022-04-18;8;15;3;0;14;4;0;0;0;8111;3928;224;99;5203;500;171;0;2
FR;6;2022-04-19;97;112;4;3;130;3;7;0;0;8208;4040;228;102;5333;503;178;0;2
FR;6;2022-04-20;177;227;8;7;269;15;3;0;0;8385;4267;236;109;5602;518;181;0;2
FR;6;2022-04-21;111;93;8;4;110;11;7;0;0;8496;4360;244;113;5712;529;188;0;2
FR;6;2022-04-22;139;160;13;12;189;13;13;0;0;8635;4520;257;125;5901;542;201;0;2
FR;6;2022-04-23;106;129;1;1;161;7;1;0;0;8741;4649;258;126;6062;549;202;0;2
FR;6;2022-04-24;5;21;1;0;22;0;1;0;0;8746;4670;259;126;6084;549;203;0;2
FR;6;2022-04-25;90;128;3;8;151;11;9;0;0;8836;4798;262;134;6235;560;212;0;2
FR;6;2022-04-26;101;128;19;2;151;17;13;0;0;8937;4926;281;136;6386;577;225;0;2
FR;6;2022-04-27;197;159;21;1;222;27;11;0;1;9134;5085;302;137;6608;604;236;0;3
FR;6;2022-04-28;109;87;7;1;123;8;7;0;0;9243;5172;309;138;6731;612;243;0;3
FR;6;2022-04-29;191;169;16;2;215;20;6;0;0;9434;5341;325;140;6946;632;249;0;3
FR;6;2022-04-30;133;125;7;1;168;24;2;0;0;9567;5466;332;141;7114;656;251;0;3
FR;6;2022-05-01;7;6;0;0;8;0;0;0;0;9574;5472;332;141;7122;656;251;0;3
FR;6;2022-05-02;94;65;3;4;88;3;4;0;0;9668;5537;335;145;7210;659;255;0;3
FR;6;2022-05-03;136;93;11;2;125;7;9;0;0;9804;5630;346;147;7335;666;264;0;3
FR;6;2022-05-04;167;118;25;12;161;29;12;0;1;9971;5748;371;159;7496;695;276;0;4
FR;6;2022-05-05;101;70;8;3;97;12;6;0;0;10072;5818;379;162;7593;707;282;0;4
FR;6;2022-05-06;152;110;10;9;155;16;11;0;0;10224;5928;389;171;7748;723;293;0;4
FR;6;2022-05-07;139;93;13;3;136;23;8;0;0;10363;6021;402;174;7884;746;301;0;4
FR;6;2022-05-08;20;8;6;5;16;7;5;0;0;10383;6029;408;179;7900;753;306;0;4
FR;6;2022-05-09;86;78;9;7;95;13;6;0;0;10469;6107;417;186;7995;766;312;0;4
FR;6;2022-05-10;112;80;15;7;110;12;13;0;0;10581;6187;432;193;8105;778;325;0;4
FR;6;2022-05-11;130;124;11;14;163;20;6;0;0;10711;6311;443;207;8268;798;331;0;4
FR;6;2022-05-12;105;76;7;5;96;15;6;0;1;10816;6387;450;212;8364;813;337;0;5
FR;6;2022-05-13;155;97;17;21;137;22;16;0;0;10971;6484;467;233;8501;835;353;0;5
FR;6;2022-05-14;81;60;6;7;84;15;2;0;0;11052;6544;473;240;8585;850;355;0;5
FR;6;2022-05-15;12;7;0;0;14;0;0;0;0;11064;6551;473;240;8599;850;355;0;5
FR;6;2022-05-16;65;54;6;2;69;12;3;0;0;11129;6605;479;242;8668;862;358;0;5
FR;6;2022-05-17;123;77;5;7;92;11;8;0;0;11252;6682;484;249;8760;873;366;0;5
FR;6;2022-05-18;131;116;5;1;158;14;3;0;0;11383;6798;489;250;8918;887;369;0;5
FR;6;2022-05-19;124;57;6;8;96;9;8;0;0;11507;6855;495;258;9014;896;377;0;5
FR;6;2022-05-20;125;115;13;3;151;18;10;0;0;11632;6970;508;261;9165;914;387;0;5
FR;6;2022-05-21;92;69;14;3;93;12;8;0;0;11724;7039;522;264;9258;926;395;0;5
FR;6;2022-05-22;19;12;5;0;21;4;1;0;0;11743;7051;527;264;9279;930;396;0;5
FR;6;2022-05-23;77;72;4;2;90;7;2;0;0;11820;7123;531;266;9369;937;398;0;5
FR;6;2022-05-24;117;98;8;2;131;16;4;0;0;11937;7221;539;268;9500;953;402;0;5
FR;6;2022-05-25;140;129;6;3;171;11;6;0;0;12077;7350;545;271;9671;964;408;0;5
FR;6;2022-05-26;7;9;3;0;5;9;0;0;0;12084;7359;548;271;9676;973;408;0;5
FR;6;2022-05-27;127;105;15;11;136;18;18;0;1;12211;7464;563;282;9812;991;426;0;6
FR;6;2022-05-28;54;75;1;5;89;8;5;0;0;12265;7539;564;287;9901;999;431;0;6
FR;6;2022-05-29;8;10;0;0;10;1;0;0;0;12273;7549;564;287;9911;1000;431;0;6
FR;6;2022-05-30;70;70;7;4;86;4;9;0;0;12343;7619;571;291;9997;1004;440;0;6
FR;6;2022-05-31;87;102;10;2;121;14;7;0;0;12430;7721;581;293;10118;1018;447;0;6
FR;6;2022-06-01;97;89;10;1;111;11;6;0;0;12527;7810;591;294;10229;1029;453;0;6
FR;6;2022-06-02;91;60;6;3;80;9;6;0;0;12618;7870;597;297;10309;1038;459;0;6
FR;6;2022-06-03;126;102;13;7;128;21;8;0;0;12744;7972;610;304;10437;1059;467;0;6
FR;6;2022-06-04;63;51;10;0;64;12;3;0;0;12807;8023;620;304;10501;1071;470;0;6
FR;6;2022-06-05;16;15;2;1;18;4;1;0;0;12823;8038;622;305;10519;1075;471;0;6
FR;6;2022-06-06;9;6;0;0;8;0;0;0;0;12832;8044;622;305;10527;1075;471;0;6
FR;6;2022-06-07;79;90;3;4;117;8;6;0;0;12911;8134;625;309;10644;1083;477;0;6
FR;6;2022-06-08;92;110;13;5;130;20;6;0;0;13003;8244;638;314;10774;1103;483;0;6
FR;6;2022-06-09;75;81;15;3;106;15;8;0;0;13078;8325;653;317;10880;1118;491;0;6
FR;6;2022-06-10;116;93;26;10;120;22;13;0;0;13194;8418;679;327;11000;1140;504;0;6
FR;6;2022-06-11;83;62;6;10;82;12;11;0;0;13277;8480;685;337;11082;1152;515;0;6
FR;6;2022-06-12;6;14;1;0;16;2;0;0;0;13283;8494;686;337;11098;1154;515;0;6
FR;6;2022-06-13;74;59;18;1;68;7;4;0;0;13357;8553;704;338;11166;1161;519;0;6
FR;6;2022-06-14;98;100;8;5;116;16;8;0;0;13455;8653;712;343;11282;1177;527;0;6
FR;6;2022-06-15;80;86;7;8;114;15;10;0;0;13535;8739;719;351;11396;1192;537;0;6
FR;6;2022-06-16;53;40;11;7;45;14;6;0;0;13588;8779;730;358;11441;1206;543;0;6
FR;6;2022-06-17;86;85;3;13;109;11;5;0;0;13674;8864;733;371;11550;1217;548;0;6
FR;6;2022-06-18;71;62;13;0;88;21;1;0;0;13745;8926;746;371;11638;1238;549;0;6
FR;6;2022-06-19;6;6;3;0;7;4;1;0;0;13751;8932;749;371;11645;1242;550;0;6
FR;6;2022-06-20;42;41;4;1;55;6;1;0;0;13793;8973;753;372;11700;1248;551;0;6
FR;6;2022-06-21;59;73;10;7;83;17;7;0;0;13852;9046;763;379;11783;1265;558;0;6
FR;6;2022-06-22;86;85;8;2;98;17;3;0;0;13938;9131;771;381;11881;1282;561;0;6
FR;6;2022-06-23;64;39;13;7;41;15;10;0;0;14002;9170;784;388;11922;1297;571;0;6
FR;6;2022-06-24;77;85;7;14;95;20;16;0;0;14079;9255;791;402;12017;1317;587;0;6
FR;6;2022-06-25;67;61;4;3;77;8;5;0;0;14146;9316;795;405;12094;1325;592;0;6
FR;6;2022-06-26;6;7;1;0;10;1;0;0;0;14152;9323;796;405;12104;1326;592;0;6
FR;6;2022-06-27;51;50;4;9;62;12;7;0;0;14203;9373;800;414;12166;1338;599;0;6
FR;6;2022-06-28;68;47;6;3;53;15;5;0;0;14271;9420;806;417;12219;1353;604;0;6
FR;6;2022-06-29;98;117;26;37;115;19;35;0;5;14369;9537;832;454;12334;1372;639;0;11
FR;6;2022-06-30;84;60;33;10;61;12;7;0;0;14453;9597;865;464;12395;1384;646;0;11
FR;6;2022-07-01;115;94;25;33;102;18;27;0;1;14568;9691;890;497;12497;1402;673;0;12
FR;6;2022-07-02;58;67;26;2;64;37;6;0;0;14626;9758;916;499;12561;1439;679;0;12
FR;6;2022-07-03;11;4;4;3;5;4;3;0;0;14637;9762;920;502;12566;1443;682;0;12
FR;6;2022-07-04;61;43;3;23;55;13;20;0;0;14698;9805;923;525;12621;1456;702;0;12
FR;6;2022-07-05;65;53;19;67;60;27;63;0;0;14763;9858;942;592;12681;1483;765;0;12
FR;6;2022-07-06;94;64;7;11;78;12;17;0;0;14857;9922;949;603;12759;1495;782;0;12
FR;6;2022-07-07;99;79;42;37;99;14;34;0;4;14956;10001;991;640;12858;1509;816;0;16
FR;6;2022-07-08;139;87;42;27;115;10;25;0;3;15095;10088;1033;667;12973;1519;841;0;19
FR;6;2022-07-09;53;51;16;29;51;27;33;0;1;15148;10139;1049;696;13024;1546;874;0;20
FR;6;2022-07-10;3;7;8;0;9;9;0;0;0;15151;10146;1057;696;13033;1555;874;0;20
FR;6;2022-07-11;54;44;5;4;47;12;4;0;0;15205;10190;1062;700;13080;1567;878;0;20
FR;6;2022-07-12;70;72;12;23;87;12;27;0;0;15275;10262;1074;723;13167;1579;905;0;20
FR;6;2022-07-13;84;65;14;21;71;25;22;0;0;15359;10327;1088;744;13238;1604;927;0;20
FR;6;2022-07-14;4;3;1;0;4;1;0;0;0;15363;10330;1089;744;13242;1605;927;0;20
FR;6;2022-07-15;74;59;9;57;85;16;45;0;0;15437;10389;1098;801;13327;1621;972;0;20
FR;6;2022-07-16;27;31;17;0;37;17;3;0;0;15464;10420;1115;801;13364;1638;975;0;20
FR;6;2022-07-17;3;7;0;0;8;0;0;0;0;15467;10427;1115;801;13372;1638;975;0;20
FR;6;2022-07-18;37;62;11;14;60;15;14;0;6;15504;10489;1126;815;13432;1653;989;0;26
FR;6;2022-07-19;54;48;4;19;60;6;21;0;1;15558;10537;1130;834;13492;1659;1010;0;27
FR;6;2022-07-20;53;70;7;22;75;11;27;0;0;15611;10607;1137;856;13567;1670;1037;0;27
FR;6;2022-07-21;51;61;4;7;56;11;9;0;0;15662;10668;1141;863;13623;1681;1046;0;27
FR;6;2022-07-22;55;74;7;26;82;8;16;0;2;15717;10742;1148;889;13705;1689;1062;0;29
FR;6;2022-07-23;38;40;6;10;40;6;9;0;1;15755;10782;1154;899;13745;1695;1071;0;30
FR;6;2022-07-24;11;14;1;3;19;3;3;0;0;15766;10796;1155;902;13764;1698;1074;0;30
FR;6;2022-07-25;60;44;8;12;41;9;13;0;1;15826;10840;1163;914;13805;1707;1087;0;31
FR;6;2022-07-26;47;64;14;6;62;10;13;0;0;15873;10904;1177;920;13867;1717;1100;0;31
FR;6;2022-07-27;54;78;15;11;80;18;15;0;8;15927;10982;1192;931;13947;1735;1115;0;39
FR;6;2022-07-28;30;48;4;6;50;8;7;0;1;15957;11030;1196;937;13997;1743;1122;0;40
FR;6;2022-07-29;43;71;10;38;60;24;36;0;1;16000;11101;1206;975;14057;1767;1158;0;41
FR;6;2022-07-30;26;48;4;15;49;7;15;0;0;16026;11149;1210;990;14106;1774;1173;0;41
FR;6;2022-07-31;0;1;1;0;1;0;1;0;0;16026;11150;1211;990;14107;1774;1174;0;41
FR;6;2022-08-01;39;36;14;8;32;10;6;0;1;16065;11186;1225;998;14139;1784;1180;0;42
FR;6;2022-08-02;37;46;10;14;52;6;16;0;0;16102;11232;1235;1012;14191;1790;1196;0;42
FR;6;2022-08-03;29;52;7;16;53;11;19;0;0;16131;11284;1242;1028;14244;1801;1215;0;42
FR;6;2022-08-04;25;21;4;9;20;6;10;0;1;16156;11305;1246;1037;14264;1807;1225;0;43
FR;6;2022-08-05;43;45;1;7;54;5;7;0;0;16199;11350;1247;1044;14318;1812;1232;0;43
FR;6;2022-08-06;17;27;1;3;33;2;4;0;0;16216;11377;1248;1047;14351;1814;1236;0;43
FR;6;2022-08-07;1;2;0;0;2;0;0;0;0;16217;11379;1248;1047;14353;1814;1236;0;43
FR;6;2022-08-08;24;33;1;0;40;1;0;0;0;16241;11412;1249;1047;14393;1815;1236;0;43
FR;6;2022-08-09;22;30;6;3;29;3;3;0;0;16263;11442;1255;1050;14422;1818;1239;0;43
FR;6;2022-08-10;32;36;5;9;38;5;9;0;5;16295;11478;1260;1059;14460;1823;1248;0;48
FR;6;2022-08-11;32;33;1;1;40;1;0;0;1;16327;11511;1261;1060;14500;1824;1248;0;49
FR;6;2022-08-12;50;44;6;2;50;15;3;0;1;16377;11555;1267;1062;14550;1839;1251;0;50
FR;6;2022-08-13;9;20;0;0;22;1;0;0;0;16386;11575;1267;1062;14572;1840;1251;0;50
FR;6;2022-08-14;3;1;0;0;2;0;0;0;0;16389;11576;1267;1062;14574;1840;1251;0;50
FR;6;2022-08-15;2;3;1;0;4;0;1;0;0;16391;11579;1268;1062;14578;1840;1252;0;50
FR;6;2022-08-16;35;66;21;7;66;7;2;0;0;16426;11645;1289;1069;14644;1847;1254;0;50
FR;6;2022-08-17;32;44;10;9;41;10;6;0;7;16458;11689;1299;1078;14685;1857;1260;0;57
FR;6;2022-08-18;29;55;14;4;61;4;0;0;1;16487;11744;1313;1082;14746;1861;1260;0;58
FR;6;2022-08-19;30;45;5;4;47;3;2;0;1;16517;11789;1318;1086;14793;1864;1262;0;59
FR;6;2022-08-20;26;28;3;0;27;8;1;0;0;16543;11817;1321;1086;14820;1872;1263;0;59
FR;6;2022-08-21;1;5;2;0;5;0;0;0;0;16544;11822;1323;1086;14825;1872;1263;0;59
FR;6;2022-08-22;20;42;15;1;45;0;0;0;0;16564;11864;1338;1087;14870;1872;1263;0;59
FR;6;2022-08-23;34;45;6;7;47;6;4;0;2;16598;11909;1344;1094;14917;1878;1267;0;61
FR;6;2022-08-24;34;30;6;3;36;6;2;0;3;16632;11939;1350;1097;14953;1884;1269;0;64
FR;6;2022-08-25;25;27;1;1;29;5;1;0;0;16657;11966;1351;1098;14982;1889;1270;0;64
FR;6;2022-08-26;38;44;4;4;51;7;7;0;0;16695;12010;1355;1102;15033;1896;1277;0;64
FR;6;2022-08-27;19;21;7;3;22;8;4;0;0;16714;12031;1362;1105;15055;1904;1281;0;64
FR;6;2022-08-28;6;3;0;6;3;1;1;0;4;16720;12034;1362;1111;15058;1905;1282;0;68
FR;6;2022-08-29;26;22;2;6;29;3;6;0;0;16746;12056;1364;1117;15087;1908;1288;0;68
FR;6;2022-08-30;28;35;4;12;33;8;13;0;0;16774;12091;1368;1129;15120;1916;1301;0;68
FR;6;2022-08-31;35;38;2;11;46;3;12;0;0;16809;12129;1370;1140;15166;1919;1313;0;68
FR;6;2022-09-01;17;11;5;1;13;4;3;0;0;16826;12140;1375;1141;15179;1923;1316;0;68
FR;6;2022-09-02;19;14;2;1;13;3;2;0;0;16845;12154;1377;1142;15192;1926;1318;0;68
FR;6;2022-09-03;10;3;1;5;4;2;5;0;0;16855;12157;1378;1147;15196;1928;1323;0;68
FR;6;2022-09-04;4;1;0;0;1;0;0;0;0;16859;12158;1378;1147;15197;1928;1323;0;68
FR;6;2022-09-05;8;7;0;0;10;0;0;0;0;16867;12165;1378;1147;15207;1928;1323;0;68
FR;6;2022-09-06;7;9;7;12;8;6;15;0;0;16874;12174;1385;1159;15215;1934;1338;0;68
FR;6;2022-09-07;3;8;1;0;8;1;0;0;0;16877;12182;1386;1159;15223;1935;1338;0;68
FR;6;2022-09-08;6;4;0;2;3;1;2;0;0;16883;12186;1386;1161;15226;1936;1340;0;68
FR;6;2022-09-09;7;9;2;7;9;3;8;0;0;16890;12195;1388;1168;15235;1939;1348;0;68
FR;6;2022-09-10;3;4;1;0;3;1;1;0;0;16893;12199;1389;1168;15238;1940;1349;0;68
FR;6;2022-09-11;1;3;0;0;3;0;0;0;0;16894;12202;1389;1168;15241;1940;1349;0;68
FR;6;2022-09-12;10;4;1;0;3;3;0;0;0;16904;12206;1390;1168;15244;1943;1349;0;68
FR;6;2022-09-13;7;2;3;0;2;2;2;0;0;16911;12208;1393;1168;15246;1945;1351;0;68
FR;6;2022-09-14;9;8;2;0;7;4;0;0;0;16920;12216;1395;1168;15253;1949;1351;0;68
FR;6;2022-09-15;8;13;5;5;9;9;3;0;2;16928;12229;1400;1173;15262;1958;1354;0;70
FR;6;2022-09-16;25;39;1;1;47;4;1;0;2;16953;12268;1401;1174;15309;1962;1355;0;72
FR;6;2022-09-17;24;22;0;6;24;5;3;0;2;16977;12290;1401;1180;15333;1967;1358;0;74
FR;6;2022-09-18;5;4;0;0;4;1;0;0;0;16982;12294;1401;1180;15337;1968;1358;0;74
FR;6;2022-09-19;30;30;2;1;32;5;1;0;0;17012;12324;1403;1181;15369;1973;1359;0;74
FR;6;2022-09-20;34;25;1;4;30;6;2;0;1;17046;12349;1404;1185;15399;1979;1361;0;75
FR;6;2022-09-21;21;9;3;3;7;7;5;0;3;17067;12358;1407;1188;15406;1986;1366;0;78
FR;6;2022-09-22;19;28;1;22;32;3;21;0;1;17086;12386;1408;1210;15438;1989;1387;0;79
FR;6;2022-09-23;28;41;5;9;47;9;2;0;0;17114;12427;1413;1219;15485;1998;1389;0;79
FR;6;2022-09-24;16;16;4;2;21;6;2;0;0;17130;12443;1417;1221;15506;2004;1391;0;79
FR;6;2022-09-25;3;14;0;0;14;1;0;0;0;17133;12457;1417;1221;15520;2005;1391;0;79
FR;6;2022-09-26;16;13;0;18;12;5;18;0;2;17149;12470;1417;1239;15532;2010;1409;0;81
FR;6;2022-09-27;32;19;2;3;23;4;4;0;0;17181;12489;1419;1242;15555;2014;1413;0;81
FR;6;2022-09-28;27;10;9;11;16;5;17;0;2;17208;12499;1428;1253;15571;2019;1430;0;83
FR;6;2022-09-29;13;13;10;34;16;6;33;0;7;17221;12512;1438;1287;15587;2025;1463;0;90
FR;6;2022-09-30;34;24;5;6;33;5;3;0;0;17255;12536;1443;1293;15620;2030;1466;0;90
FR;6;2022-10-01;17;12;5;8;9;8;8;0;2;17272;12548;1448;1301;15629;2038;1474;0;92
FR;6;2022-10-02;4;0;0;0;1;0;0;0;0;17276;12548;1448;1301;15630;2038;1474;0;92
FR;6;2022-10-03;11;10;3;5;11;4;6;0;0;17287;12558;1451;1306;15641;2042;1480;0;92
FR;6;2022-10-04;19;17;4;28;21;3;30;0;3;17306;12575;1455;1334;15662;2045;1510;0;95
FR;6;2022-10-05;11;12;3;2;9;7;4;0;0;17317;12587;1458;1336;15671;2052;1514;0;95
FR;6;2022-10-06;19;13;4;6;17;2;10;0;0;17336;12600;1462;1342;15688;2054;1524;0;95
FR;6;2022-10-07;27;26;5;24;24;11;16;0;5;17363;12626;1467;1366;15712;2065;1540;0;100
FR;6;2022-10-08;18;13;0;0;16;0;0;0;0;17381;12639;1467;1366;15728;2065;1540;0;100
FR;6;2022-10-09;7;3;4;27;3;4;30;0;6;17388;12642;1471;1393;15731;2069;1570;0;106
FR;6;2022-10-10;15;14;1;16;16;6;13;0;0;17403;12656;1472;1409;15747;2075;1583;0;106
FR;6;2022-10-11;21;23;3;11;22;8;13;0;3;17424;12679;1475;1420;15769;2083;1596;0;109
FR;6;2022-10-12;20;16;7;19;18;3;24;0;7;17444;12695;1482;1439;15787;2086;1620;0;116
FR;6;2022-10-13;28;15;2;36;23;0;38;0;6;17472;12710;1484;1475;15810;2086;1658;0;122
FR;6;2022-10-14;29;23;5;49;23;11;45;0;13;17501;12733;1489;1524;15833;2097;1703;0;135
FR;6;2022-10-15;13;9;0;22;8;4;21;0;6;17514;12742;1489;1546;15841;2101;1724;0;141
FR;6;2022-10-16;4;5;0;6;2;3;6;0;0;17518;12747;1489;1552;15843;2104;1730;0;141
FR;6;2022-10-17;14;14;2;10;14;1;12;0;2;17532;12761;1491;1562;15857;2105;1742;0;143
FR;6;2022-10-18;12;19;9;26;19;4;18;0;11;17544;12780;1500;1588;15876;2109;1760;0;154
FR;6;2022-10-19;10;20;6;16;20;5;19;0;5;17554;12800;1506;1604;15896;2114;1779;0;159
FR;6;2022-10-20;16;15;12;57;19;5;67;0;13;17570;12815;1518;1661;15915;2119;1846;0;172
FR;6;2022-10-21;16;21;9;34;22;11;37;0;10;17586;12836;1527;1695;15937;2130;1883;0;182
FR;6;2022-10-22;19;14;1;4;17;3;4;0;0;17605;12850;1528;1699;15954;2133;1887;0;182
FR;6;2022-10-23;3;3;1;0;4;0;1;0;0;17608;12853;1529;1699;15958;2133;1888;0;182
FR;6;2022-10-24;12;14;2;7;14;6;5;0;2;17620;12867;1531;1706;15972;2139;1893;0;184
FR;6;2022-10-25;20;13;6;17;16;7;19;0;4;17640;12880;1537;1723;15988;2146;1912;0;188
FR;6;2022-10-26;17;9;4;13;12;4;15;0;5;17657;12889;1541;1736;16000;2150;1927;0;193
FR;6;2022-10-27;20;7;8;37;10;6;36;0;14;17677;12896;1549;1773;16010;2156;1963;0;207
FR;6;2022-10-28;21;27;3;4;28;6;5;0;1;17698;12923;1552;1777;16038;2162;1968;0;208
FR;6;2022-10-29;7;11;5;11;10;6;14;0;12;17705;12934;1557;1788;16048;2168;1982;0;220
FR;6;2022-10-30;2;5;0;0;5;0;0;0;0;17707;12939;1557;1788;16053;2168;1982;0;220
FR;6;2022-10-31;20;14;2;13;17;4;12;0;3;17727;12953;1559;1801;16070;2172;1994;0;223
FR;6;2022-11-01;2;1;1;0;1;1;0;0;0;17729;12954;1560;1801;16071;2173;1994;0;223
FR;6;2022-11-02;15;25;9;21;26;11;19;0;12;17744;12979;1569;1822;16097;2184;2013;0;235
FR;6;2022-11-03;17;17;11;39;20;8;43;0;9;17761;12996;1580;1861;16117;2192;2056;0;244
FR;6;2022-11-04;19;22;9;16;27;5;16;0;10;17780;13018;1589;1877;16144;2197;2072;0;254
FR;6;2022-11-05;9;16;2;4;17;4;6;0;0;17789;13034;1591;1881;16161;2201;2078;0;254
FR;6;2022-11-06;5;1;0;0;1;0;0;0;0;17794;13035;1591;1881;16162;2201;2078;0;254
FR;6;2022-11-07;18;10;6;17;12;4;18;0;11;17812;13045;1597;1898;16174;2205;2096;0;265
FR;6;2022-11-08;18;10;2;3;8;5;5;0;4;17830;13055;1599;1901;16182;2210;2101;0;269
FR;6;2022-11-09;16;22;1;6;21;4;5;0;4;17846;13077;1600;1907;16203;2214;2106;0;273
FR;6;2022-11-10;10;10;4;12;8;5;11;0;10;17856;13087;1604;1919;16211;2219;2117;0;283
FR;6;2022-11-11;4;1;0;0;1;1;0;0;0;17860;13088;1604;1919;16212;2220;2117;0;283
FR;6;2022-11-12;4;11;1;7;11;2;5;0;9;17864;13099;1605;1926;16223;2222;2122;0;292
FR;6;2022-11-13;1;1;0;1;1;0;1;0;0;17865;13100;1605;1927;16224;2222;2123;0;292
FR;6;2022-11-14;13;10;7;32;14;8;33;0;14;17878;13110;1612;1959;16238;2230;2156;0;306
FR;6;2022-11-15;7;18;1;11;16;4;7;0;2;17885;13128;1613;1970;16254;2234;2163;0;308
FR;6;2022-11-16;16;15;9;32;16;3;42;0;9;17901;13143;1622;2002;16270;2237;2205;0;317
FR;6;2022-11-17;10;8;1;29;8;2;28;0;5;17911;13151;1623;2031;16278;2239;2233;0;322
FR;6;2022-11-18;19;12;5;23;17;4;25;0;7;17930;13163;1628;2054;16295;2243;2258;0;329
FR;6;2022-11-19;5;13;0;2;11;3;2;0;1;17935;13176;1628;2056;16306;2246;2260;0;330
FR;6;2022-11-20;2;1;2;0;1;2;0;0;0;17937;13177;1630;2056;16307;2248;2260;0;330
FR;6;2022-11-21;22;13;1;14;14;6;11;0;3;17959;13190;1631;2070;16321;2254;2271;0;333
FR;6;2022-11-22;14;9;0;4;11;1;3;0;1;17973;13199;1631;2074;16332;2255;2274;0;334
FR;6;2022-11-23;14;15;15;23;17;9;31;0;8;17987;13214;1646;2097;16349;2264;2305;0;342
FR;6;2022-11-24;14;17;1;13;19;5;12;0;7;18001;13231;1647;2110;16368;2269;2317;0;349
FR;6;2022-11-25;23;15;5;50;15;5;47;0;5;18024;13246;1652;2160;16383;2274;2364;0;354
FR;6;2022-11-26;9;5;2;4;3;2;5;0;1;18033;13251;1654;2164;16386;2276;2369;0;355
FR;6;2022-11-27;1;4;0;0;4;0;0;0;0;18034;13255;1654;2164;16390;2276;2369;0;355
FR;6;2022-11-28;9;11;6;22;11;3;24;0;11;18043;13266;1660;2186;16401;2279;2393;0;366
FR;6;2022-11-29;15;10;1;12;14;1;8;0;7;18058;13276;1661;2198;16415;2280;2401;0;373
FR;6;2022-11-30;18;20;8;23;19;12;22;0;8;18076;13296;1669;2221;16434;2292;2423;0;381
FR;6;2022-12-01;12;9;7;20;11;4;24;0;9;18088;13305;1676;2241;16445;2296;2447;0;390
FR;6;2022-12-02;17;9;12;36;12;8;42;0;1;18105;13314;1688;2277;16457;2304;2489;0;391
FR;6;2022-12-03;13;3;13;20;6;5;28;0;13;18118;13317;1701;2297;16463;2309;2517;0;404
FR;6;2022-12-04;3;1;0;2;1;0;2;0;0;18121;13318;1701;2299;16464;2309;2519;0;404
FR;6;2022-12-05;11;10;7;16;10;4;19;0;8;18132;13328;1708;2315;16474;2313;2538;0;412
FR;6;2022-12-06;10;19;3;30;12;11;28;0;3;18142;13347;1711;2345;16486;2324;2566;0;415
FR;6;2022-12-07;17;8;10;56;10;8;57;0;30;18159;13355;1721;2401;16496;2332;2623;0;445
FR;6;2022-12-08;9;13;8;19;11;7;21;0;13;18168;13368;1729;2420;16507;2339;2644;0;458
FR;6;2022-12-09;15;9;5;29;12;4;30;0;6;18183;13377;1734;2449;16519;2343;2674;0;464
FR;6;2022-12-10;12;9;6;9;7;4;14;0;7;18195;13386;1740;2458;16526;2347;2688;0;471
FR;6;2022-12-11;4;2;1;0;2;1;0;0;0;18199;13388;1741;2458;16528;2348;2688;0;471
FR;6;2022-12-12;17;10;8;36;14;9;33;0;17;18216;13398;1749;2494;16542;2357;2721;0;488
FR;6;2022-12-13;17;21;12;66;16;18;65;0;14;18233;13419;1761;2560;16558;2375;2786;0;502
FR;6;2022-12-14;14;13;8;53;11;12;53;0;14;18247;13432;1769;2613;16569;2387;2839;0;516
FR;6;2022-12-15;12;15;14;38;13;9;44;0;9;18259;13447;1783;2651;16582;2396;2883;0;525
FR;6;2022-12-16;18;14;15;39;15;14;39;0;13;18277;13461;1798;2690;16597;2410;2922;0;538
FR;6;2022-12-17;11;10;15;28;9;15;29;0;8;18288;13471;1813;2718;16606;2425;2951;0;546
FR;6;2022-12-18;7;4;0;2;5;0;2;0;0;18295;13475;1813;2720;16611;2425;2953;0;546
FR;6;2022-12-19;12;8;9;29;8;12;29;0;15;18307;13483;1822;2749;16619;2437;2982;0;561
FR;6;2022-12-20;17;23;11;23;17;19;22;0;21;18324;13506;1833;2772;16636;2456;3004;0;582
FR;6;2022-12-21;23;16;9;19;13;13;17;0;5;18347;13522;1842;2791;16649;2469;3021;0;587
FR;6;2022-12-22;13;14;9;21;15;13;18;0;11;18360;13536;1851;2812;16664;2482;3039;0;598
FR;6;2022-12-23;10;19;12;7;14;18;7;0;3;18370;13555;1863;2819;16678;2500;3046;0;601
FR;6;2022-12-24;4;5;3;1;5;2;2;0;1;18374;13560;1866;2820;16683;2502;3048;0;602
FR;6;2022-12-25;0;0;0;0;0;0;0;0;0;18374;13560;1866;2820;16683;2502;3048;0;602
FR;6;2022-12-26;8;12;12;11;10;18;11;0;3;18382;13572;1878;2831;16693;2520;3059;0;605
FR;6;2022-12-27;16;13;15;8;11;19;8;0;0;18398;13585;1893;2839;16704;2539;3067;0;605
FR;6;2022-12-28;15;19;6;8;19;9;9;0;4;18413;13604;1899;2847;16723;2548;3076;0;609
FR;6;2022-12-29;15;12;7;8;10;9;9;0;7;18428;13616;1906;2855;16733;2557;3085;0;616
FR;6;2022-12-30;20;19;13;8;20;13;11;0;4;18448;13635;1919;2863;16753;2570;3096;0;620
FR;6;2022-12-31;5;2;6;1;4;7;1;0;1;18453;13637;1925;2864;16757;2577;3097;0;621
FR;6;2023-01-01;2;1;0;3;0;3;0;0;1;18455;13638;1925;2867;16757;2580;3097;0;622
FR;6;2023-01-02;9;14;2;3;10;7;3;0;0;18464;13652;1927;2870;16767;2587;3100;0;622
FR;6;2023-01-03;8;17;9;21;17;9;21;0;7;18472;13669;1936;2891;16784;2596;3121;0;629
FR;6;2023-01-04;9;10;4;10;9;8;6;0;14;18481;13679;1940;2901;16793;2604;3127;0;643
FR;6;2023-01-05;11;11;6;23;10;3;26;0;8;18492;13690;1946;2924;16803;2607;3153;0;651
FR;6;2023-01-06;16;24;15;30;21;17;29;0;15;18508;13714;1961;2954;16824;2624;3182;0;666
FR;6;2023-01-07;9;19;4;1;10;13;3;0;1;18517;13733;1965;2955;16834;2637;3185;0;667
FR;6;2023-01-08;2;7;4;11;6;4;11;0;3;18519;13740;1969;2966;16840;2641;3196;0;670
FR;6;2023-01-09;16;10;5;35;9;8;34;0;17;18535;13750;1974;3001;16849;2649;3230;0;687
FR;6;2023-01-10;13;15;13;23;13;10;26;0;9;18548;13765;1987;3024;16862;2659;3256;0;696
FR;6;2023-01-11;15;14;5;16;18;6;14;0;12;18563;13779;1992;3040;16880;2665;3270;0;708
FR;6;2023-01-12;7;13;2;5;10;3;5;0;12;18570;13792;1994;3045;16890;2668;3275;0;720
FR;6;2023-01-13;19;14;18;43;14;20;43;0;31;18589;13806;2012;3088;16904;2688;3318;0;751
FR;6;2023-01-14;20;8;6;2;9;9;2;0;0;18609;13814;2018;3090;16913;2697;3320;0;751
FR;6;2023-01-15;0;0;1;3;0;1;3;0;0;18609;13814;2019;3093;16913;2698;3323;0;751
FR;6;2023-01-16;22;12;2;1;10;6;3;0;2;18631;13826;2021;3094;16923;2704;3326;0;753
FR;6;2023-01-17;8;17;12;8;17;11;14;0;5;18639;13843;2033;3102;16940;2715;3340;0;758
FR;6;2023-01-18;22;15;9;7;17;10;8;0;1;18661;13858;2042;3109;16957;2725;3348;0;759
FR;6;2023-01-19;9;9;14;9;11;12;13;0;7;18670;13867;2056;3118;16968;2737;3361;0;766
FR;6;2023-01-20;17;13;9;32;15;7;34;0;27;18687;13880;2065;3150;16983;2744;3395;0;793
FR;6;2023-01-21;12;7;5;2;6;8;3;0;1;18699;13887;2070;3152;16989;2752;3398;0;794
FR;6;2023-01-22;0;0;1;1;0;1;1;0;0;18699;13887;2071;3153;16989;2753;3399;0;794
FR;6;2023-01-23;9;9;5;11;8;5;11;0;3;18708;13896;2076;3164;16997;2758;3410;0;797
FR;6;2023-01-24;14;15;15;13;15;14;18;0;6;18722;13911;2091;3177;17012;2772;3428;0;803
FR;6;2023-01-25;15;7;5;3;6;6;4;0;4;18737;13918;2096;3180;17018;2778;3432;0;807
FR;6;2023-01-26;13;15;3;11;12;8;13;0;9;18750;13933;2099;3191;17030;2786;3445;0;816
FR;6;2023-01-27;21;17;7;34;22;7;29;0;29;18771;13950;2106;3225;17052;2793;3474;0;845
FR;6;2023-01-28;15;15;7;4;17;6;5;0;1;18786;13965;2113;3229;17069;2799;3479;0;846
FR;6;2023-01-29;1;4;0;0;3;1;0;0;0;18787;13969;2113;3229;17072;2800;3479;0;846
FR;6;2023-01-30;2;15;8;4;15;8;3;0;8;18789;13984;2121;3233;17087;2808;3482;0;854
FR;6;2023-01-31;9;8;5;8;8;5;8;0;5;18798;13992;2126;3241;17095;2813;3490;0;859
FR;6;2023-02-01;20;18;4;4;17;4;8;0;4;18818;14010;2130;3245;17112;2817;3498;0;863
FR;6;2023-02-02;8;10;9;1;10;10;1;0;1;18826;14020;2139;3246;17122;2827;3499;0;864
FR;6;2023-02-03;16;15;11;18;15;11;19;0;13;18842;14035;2150;3264;17137;2838;3518;0;877
FR;6;2023-02-04;6;9;9;7;11;9;8;0;2;18848;14044;2159;3271;17148;2847;3526;0;879
FR;6;2023-02-05;0;0;0;4;0;0;4;0;0;18848;14044;2159;3275;17148;2847;3530;0;879
FR;6;2023-02-06;10;16;1;4;15;5;4;0;0;18858;14060;2160;3279;17163;2852;3534;0;879
FR;6;2023-02-07;8;9;4;8;9;7;7;0;3;18866;14069;2164;3287;17172;2859;3541;0;882
FR;6;2023-02-08;7;3;3;2;2;6;1;0;1;18873;14072;2167;3289;17174;2865;3542;0;883
FR;6;2023-02-09;6;11;1;6;8;8;2;0;2;18879;14083;2168;3295;17182;2873;3544;0;885
FR;6;2023-02-10;13;21;6;12;15;15;11;0;2;18892;14104;2174;3307;17197;2888;3555;0;887
FR;6;2023-02-11;12;8;7;4;9;3;9;0;5;18904;14112;2181;3311;17206;2891;3564;0;892
FR;6;2023-02-12;0;1;0;0;1;0;0;0;0;18904;14113;2181;3311;17207;2891;3564;0;892
FR;6;2023-02-13;5;6;0;0;6;1;0;0;0;18909;14119;2181;3311;17213;2892;3564;0;892
FR;6;2023-02-14;12;13;3;15;15;4;14;0;0;18921;14132;2184;3326;17228;2896;3578;0;892
FR;6;2023-02-15;8;11;3;2;11;2;2;0;4;18929;14143;2187;3328;17239;2898;3580;0;896
FR;6;2023-02-16;17;8;1;3;18;1;3;0;4;18946;14151;2188;3331;17257;2899;3583;0;900
FR;6;2023-02-17;9;15;3;9;12;8;9;0;5;18955;14166;2191;3340;17269;2907;3592;0;905
FR;6;2023-02-18;10;6;1;1;7;1;1;0;0;18965;14172;2192;3341;17276;2908;3593;0;905
FR;6;2023-02-19;0;0;0;0;0;0;0;0;0;18965;14172;2192;3341;17276;2908;3593;0;905
FR;6;2023-02-20;10;8;3;2;9;5;1;0;0;18975;14180;2195;3343;17285;2913;3594;0;905
FR;6;2023-02-21;9;8;8;5;6;7;8;0;1;18984;14188;2203;3348;17291;2920;3602;0;906
FR;6;2023-02-22;4;13;1;3;13;3;3;0;5;18988;14201;2204;3351;17304;2923;3605;0;911
FR;6;2023-02-23;7;11;6;2;10;6;4;0;1;18995;14212;2210;3353;17314;2929;3609;0;912
FR;6;2023-02-24;9;13;5;21;15;4;19;0;15;19004;14225;2215;3374;17329;2933;3628;0;927
FR;6;2023-02-25;4;5;1;1;6;1;1;0;0;19008;14230;2216;3375;17335;2934;3629;0;927
FR;6;2023-02-26;0;1;0;0;0;1;0;0;0;19008;14231;2216;3375;17335;2935;3629;0;927
FR;6;2023-02-27;10;8;3;1;3;9;0;0;2;19018;14239;2219;3376;17338;2944;3629;0;929
FR;6;2023-02-28;3;8;4;4;9;3;6;0;0;19021;14247;2223;3380;17347;2947;3635;0;929
FR;6;2023-03-01;6;10;3;2;10;4;2;0;0;19027;14257;2226;3382;17357;2951;3637;0;929
FR;6;2023-03-02;8;7;1;3;7;3;2;0;5;19035;14264;2227;3385;17364;2954;3639;0;934
FR;6;2023-03-03;14;12;5;7;11;9;6;0;7;19049;14276;2232;3392;17375;2963;3645;0;941
FR;6;2023-03-04;8;14;1;0;13;3;0;0;0;19057;14290;2233;3392;17388;2966;3645;0;941
FR;6;2023-03-05;4;0;0;0;0;0;0;0;0;19061;14290;2233;3392;17388;2966;3645;0;941
FR;6;2023-03-06;8;12;0;1;11;2;0;0;1;19069;14302;2233;3393;17399;2968;3645;0;942
FR;6;2023-03-07;4;6;0;1;4;3;0;0;5;19073;14308;2233;3394;17403;2971;3645;0;947
FR;6;2023-03-08;3;7;2;0;7;2;0;0;0;19076;14315;2235;3394;17410;2973;3645;0;947
FR;6;2023-03-09;7;6;0;1;6;2;1;0;0;19083;14321;2235;3395;17416;2975;3646;0;947
FR;6;2023-03-10;9;9;2;9;9;2;9;0;9;19092;14330;2237;3404;17425;2977;3655;0;956
FR;6;2023-03-11;13;12;2;0;12;2;2;0;0;19105;14342;2239;3404;17437;2979;3657;0;956
FR;6;2023-03-12;2;0;0;0;1;0;0;0;0;19107;14342;2239;3404;17438;2979;3657;0;956
FR;6;2023-03-13;7;12;4;1;13;2;1;0;2;19114;14354;2243;3405;17451;2981;3658;0;958
FR;6;2023-03-14;5;12;2;0;8;6;0;0;0;19119;14366;2245;3405;17459;2987;3658;0;958
FR;6;2023-03-15;6;4;2;3;5;3;3;0;1;19125;14370;2247;3408;17464;2990;3661;0;959
FR;6;2023-03-16;9;5;2;0;5;3;0;0;0;19134;14375;2249;3408;17469;2993;3661;0;959
FR;6;2023-03-17;10;12;5;5;8;8;5;0;3;19144;14387;2254;3413;17477;3001;3666;0;962
FR;6;2023-03-18;6;2;2;0;3;2;0;0;0;19150;14389;2256;3413;17480;3003;3666;0;962
FR;6;2023-03-19;0;0;1;0;0;0;0;0;0;19150;14389;2257;3413;17480;3003;3666;0;962
FR;6;2023-03-20;2;6;3;7;5;4;5;0;4;19152;14395;2260;3420;17485;3007;3671;0;966
FR;6;2023-03-21;2;1;5;2;1;3;4;0;0;19154;14396;2265;3422;17486;3010;3675;0;966
FR;6;2023-03-22;1;4;3;0;4;3;0;0;3;19155;14400;2268;3422;17490;3013;3675;0;969
FR;6;2023-03-23;3;4;3;2;4;3;2;0;0;19158;14404;2271;3424;17494;3016;3677;0;969
FR;6;2023-03-24;3;9;6;0;9;7;0;0;0;19161;14413;2277;3424;17503;3023;3677;0;969
FR;6;2023-03-25;10;7;0;0;9;0;0;0;0;19171;14420;2277;3424;17512;3023;3677;0;969
FR;6;2023-03-26;0;0;0;0;0;0;0;0;0;19171;14420;2277;3424;17512;3023;3677;0;969
FR;6;2023-03-27;6;9;2;2;8;4;1;0;0;19177;14429;2279;3426;17520;3027;3678;0;969
FR;6;2023-03-28;8;4;2;2;6;2;2;0;2;19185;14433;2281;3428;17526;3029;3680;0;971
FR;6;2023-03-29;4;1;2;0;1;2;0;0;0;19189;14434;2283;3428;17527;3031;3680;0;971
FR;6;2023-03-30;4;7;1;0;5;3;0;0;0;19193;14441;2284;3428;17532;3034;3680;0;971
FR;6;2023-03-31;1;3;3;3;3;3;1;0;7;19194;14444;2287;3431;17535;3037;3681;0;978
FR;6;2023-04-01;5;11;0;0;11;1;0;0;3;19199;14455;2287;3431;17546;3038;3681;0;981
FR;6;2023-04-02;0;0;0;0;0;0;0;0;0;19199;14455;2287;3431;17546;3038;3681;0;981
FR;6;2023-04-03;5;8;0;1;10;0;1;0;2;19204;14463;2287;3432;17556;3038;3682;0;983
FR;6;2023-04-04;5;10;2;4;8;3;5;0;6;19209;14473;2289;3436;17564;3041;3687;0;989
FR;6;2023-04-05;0;7;3;0;7;3;0;0;2;19209;14480;2292;3436;17571;3044;3687;0;991
FR;6;2023-04-06;3;6;4;1;3;7;1;0;2;19212;14486;2296;3437;17574;3051;3688;0;993
FR;6;2023-04-07;11;8;2;0;9;4;0;0;0;19223;14494;2298;3437;17583;3055;3688;0;993
FR;6;2023-04-08;2;1;3;0;1;3;0;0;0;19225;14495;2301;3437;17584;3058;3688;0;993
FR;6;2023-04-09;0;0;0;0;0;0;0;0;0;19225;14495;2301;3437;17584;3058;3688;0;993
FR;6;2023-04-10;0;0;0;0;0;0;0;0;0;19225;14495;2301;3437;17584;3058;3688;0;993
FR;6;2023-04-11;3;8;1;0;6;3;0;0;0;19228;14503;2302;3437;17590;3061;3688;0;993
FR;6;2023-04-12;3;4;2;0;5;2;0;0;4;19231;14507;2304;3437;17595;3063;3688;0;997
FR;6;2023-04-13;1;4;0;0;3;1;0;0;2;19232;14511;2304;3437;17598;3064;3688;0;999
FR;6;2023-04-14;4;5;0;0;5;0;0;0;1;19236;14516;2304;3437;17603;3064;3688;0;1000
FR;6;2023-04-15;7;2;1;1;4;1;1;0;0;19243;14518;2305;3438;17607;3065;3689;0;1000
FR;6;2023-04-16;0;2;0;0;1;1;0;0;0;19243;14520;2305;3438;17608;3066;3689;0;1000
FR;6;2023-04-17;4;8;2;0;8;2;0;0;0;19247;14528;2307;3438;17616;3068;3689;0;1000
FR;6;2023-04-18;3;2;1;0;2;1;0;0;1;19250;14530;2308;3438;17618;3069;3689;0;1001
FR;6;2023-04-19;1;3;0;0;2;1;0;0;0;19251;14533;2308;3438;17620;3070;3689;0;1001
FR;6;2023-04-20;5;4;0;0;3;2;0;0;0;19256;14537;2308;3438;17623;3072;3689;0;1001
FR;6;2023-04-21;7;3;2;3;1;5;3;0;1;19263;14540;2310;3441;17624;3077;3692;0;1002
FR;6;2023-04-22;3;3;3;0;1;5;0;0;0;19266;14543;2313;3441;17625;3082;3692;0;1002
FR;6;2023-04-23;0;1;0;0;0;1;0;0;0;19266;14544;2313;3441;17625;3083;3692;0;1002
FR;6;2023-04-24;2;8;0;1;5;3;1;0;0;19268;14552;2313;3442;17630;3086;3693;0;1002
FR;6;2023-04-25;5;2;0;1;2;0;1;0;1;19273;14554;2313;3443;17632;3086;3694;0;1003
FR;6;2023-04-26;7;5;1;0;4;2;0;0;2;19280;14559;2314;3443;17636;3088;3694;0;1005
FR;6;2023-04-27;8;9;2;0;9;3;1;0;3;19288;14568;2316;3443;17645;3091;3695;0;1008
FR;6;2023-04-28;5;3;0;1;3;0;1;0;2;19293;14571;2316;3444;17648;3091;3696;0;1010
FR;6;2023-04-29;7;3;2;0;4;2;1;0;0;19300;14574;2318;3444;17652;3093;3697;0;1010
FR;6;2023-04-30;0;0;0;0;0;0;0;0;0;19300;14574;2318;3444;17652;3093;3697;0;1010
FR;8;2020-12-27;0;0;0;0;0;0;0;0;0;0;0;0;0;0;0;0;0;0
FR;8;2020-12-28;0;0;0;0;0;0;0;0;0;0;0;0;0;0;0;0;0;0
FR;8;2020-12-29;0;0;0;0;0;0;0;0;0;0;0;0;0;0;0;0;0;0
FR;8;2020-12-30;0;0;0;0;0;0;0;0;0;0;0;0;0;0;0;0;0;0
FR;8;2020-12-31;0;0;0;0;0;0;0;0;0;0;0;0;0;0;0;0;0;0
FR;8;2021-01-01;0;0;0;0;0;0;0;0;0;0;0;0;0;0;0;0;0;0
FR;8;2021-01-02;0;0;0;0;0;0;0;0;0;0;0;0;0;0;0;0;0;0
FR;8;2021-01-03;0;0;0;0;0;0;0;0;0;0;0;0;0;0;0;0;0;0
FR;8;2021-01-04;0;0;0;0;0;0;0;0;0;0;0;0;0;0;0;0;0;0
FR;8;2021-01-05;0;0;0;0;0;0;0;0;0;0;0;0;0;0;0;0;0;0
FR;8;2021-01-06;0;0;0;0;0;0;0;0;0;0;0;0;0;0;0;0;0;0
FR;8;2021-01-07;0;0;0;0;0;0;0;0;0;0;0;0;0;0;0;0;0;0
FR;8;2021-01-08;0;0;0;0;0;0;0;0;0;0;0;0;0;0;0;0;0;0
FR;8;2021-01-09;0;0;0;0;0;0;0;0;0;0;0;0;0;0;0;0;0;0
FR;8;2021-01-10;0;0;0;0;0;0;0;0;0;0;0;0;0;0;0;0;0;0
FR;8;2021-01-11;0;0;0;0;0;0;0;0;0;0;0;0;0;0;0;0;0;0
FR;8;2021-01-12;0;0;0;0;0;0;0;0;0;0;0;0;0;0;0;0;0;0
FR;8;2021-01-13;0;0;0;0;0;0;0;0;0;0;0;0;0;0;0;0;0;0
FR;8;2021-01-14;0;0;0;0;0;0;0;0;0;0;0;0;0;0;0;0;0;0
FR;8;2021-01-15;0;0;0;0;0;0;0;0;0;0;0;0;0;0;0;0;0;0
FR;8;2021-01-16;0;0;0;0;0;0;0;0;0;0;0;0;0;0;0;0;0;0
FR;8;2021-01-17;0;0;0;0;0;0;0;0;0;0;0;0;0;0;0;0;0;0
FR;8;2021-01-18;0;0;0;0;0;0;0;0;0;0;0;0;0;0;0;0;0;0
FR;8;2021-01-19;0;0;0;0;0;0;0;0;0;0;0;0;0;0;0;0;0;0
FR;8;2021-01-20;0;0;0;0;0;0;0;0;0;0;0;0;0;0;0;0;0;0
FR;8;2021-01-21;0;0;0;0;0;0;0;0;0;0;0;0;0;0;0;0;0;0
FR;8;2021-01-22;0;0;0;0;0;0;0;0;0;0;0;0;0;0;0;0;0;0
FR;8;2021-01-23;0;0;0;0;0;0;0;0;0;0;0;0;0;0;0;0;0;0
FR;8;2021-01-24;0;0;0;0;0;0;0;0;0;0;0;0;0;0;0;0;0;0
FR;8;2021-01-25;0;0;0;0;0;0;0;0;0;0;0;0;0;0;0;0;0;0
FR;8;2021-01-26;0;0;0;0;0;0;0;0;0;0;0;0;0;0;0;0;0;0
FR;8;2021-01-27;0;0;0;0;0;0;0;0;0;0;0;0;0;0;0;0;0;0
FR;8;2021-01-28;0;0;0;0;0;0;0;0;0;0;0;0;0;0;0;0;0;0
FR;8;2021-01-29;0;0;0;0;0;0;0;0;0;0;0;0;0;0;0;0;0;0
FR;8;2021-01-30;0;0;0;0;0;0;0;0;0;0;0;0;0;0;0;0;0;0
FR;8;2021-01-31;0;0;0;0;0;0;0;0;0;0;0;0;0;0;0;0;0;0
FR;8;2021-02-01;0;0;0;0;0;0;0;0;0;0;0;0;0;0;0;0;0;0
FR;8;2021-02-02;0;0;0;0;0;0;0;0;0;0;0;0;0;0;0;0;0;0
FR;8;2021-02-03;0;0;0;0;0;0;0;0;0;0;0;0;0;0;0;0;0;0
FR;8;2021-02-04;0;0;0;0;0;0;0;0;0;0;0;0;0;0;0;0;0;0
FR;8;2021-02-05;0;0;0;0;0;0;0;0;0;0;0;0;0;0;0;0;0;0
FR;8;2021-02-06;0;0;0;0;0;0;0;0;0;0;0;0;0;0;0;0;0;0
FR;8;2021-02-07;0;0;0;0;0;0;0;0;0;0;0;0;0;0;0;0;0;0
FR;8;2021-02-08;0;0;0;0;0;0;0;0;0;0;0;0;0;0;0;0;0;0
FR;8;2021-02-09;0;0;0;0;0;0;0;0;0;0;0;0;0;0;0;0;0;0
FR;8;2021-02-10;0;0;0;0;0;0;0;0;0;0;0;0;0;0;0;0;0;0
FR;8;2021-02-11;0;0;0;0;0;0;0;0;0;0;0;0;0;0;0;0;0;0
FR;8;2021-02-12;0;0;0;0;0;0;0;0;0;0;0;0;0;0;0;0;0;0
FR;8;2021-02-13;0;0;0;0;0;0;0;0;0;0;0;0;0;0;0;0;0;0
FR;8;2021-02-14;0;0;0;0;0;0;0;0;0;0;0;0;0;0;0;0;0;0
FR;8;2021-02-15;0;0;0;0;0;0;0;0;0;0;0;0;0;0;0;0;0;0
FR;8;2021-02-16;0;0;0;0;0;0;0;0;0;0;0;0;0;0;0;0;0;0
FR;8;2021-02-17;0;0;0;0;0;0;0;0;0;0;0;0;0;0;0;0;0;0
FR;8;2021-02-18;0;0;0;0;0;0;0;0;0;0;0;0;0;0;0;0;0;0
FR;8;2021-02-19;0;0;0;0;0;0;0;0;0;0;0;0;0;0;0;0;0;0
FR;8;2021-02-20;0;0;0;0;0;0;0;0;0;0;0;0;0;0;0;0;0;0
FR;8;2021-02-21;0;0;0;0;0;0;0;0;0;0;0;0;0;0;0;0;0;0
FR;8;2021-02-22;0;0;0;0;0;0;0;0;0;0;0;0;0;0;0;0;0;0
FR;8;2021-02-23;0;0;0;0;0;0;0;0;0;0;0;0;0;0;0;0;0;0
FR;8;2021-02-24;0;0;0;0;0;0;0;0;0;0;0;0;0;0;0;0;0;0
FR;8;2021-02-25;0;0;0;0;0;0;0;0;0;0;0;0;0;0;0;0;0;0
FR;8;2021-02-26;0;0;0;0;0;0;0;0;0;0;0;0;0;0;0;0;0;0
FR;8;2021-02-27;0;0;0;0;0;0;0;0;0;0;0;0;0;0;0;0;0;0
FR;8;2021-02-28;0;0;0;0;0;0;0;0;0;0;0;0;0;0;0;0;0;0
FR;8;2021-03-01;0;0;0;0;0;0;0;0;0;0;0;0;0;0;0;0;0;0
FR;8;2021-03-02;0;0;0;0;0;0;0;0;0;0;0;0;0;0;0;0;0;0
FR;8;2021-03-03;0;0;0;0;0;0;0;0;0;0;0;0;0;0;0;0;0;0
FR;8;2021-03-04;0;0;0;0;0;0;0;0;0;0;0;0;0;0;0;0;0;0
FR;8;2021-03-05;0;0;0;0;0;0;0;0;0;0;0;0;0;0;0;0;0;0
FR;8;2021-03-06;0;0;0;0;0;0;0;0;0;0;0;0;0;0;0;0;0;0
FR;8;2021-03-07;0;0;0;0;0;0;0;0;0;0;0;0;0;0;0;0;0;0
FR;8;2021-03-08;0;0;0;0;0;0;0;0;0;0;0;0;0;0;0;0;0;0
FR;8;2021-03-09;0;0;0;0;0;0;0;0;0;0;0;0;0;0;0;0;0;0
FR;8;2021-03-10;0;0;0;0;0;0;0;0;0;0;0;0;0;0;0;0;0;0
FR;8;2021-03-11;0;0;0;0;0;0;0;0;0;0;0;0;0;0;0;0;0;0
FR;8;2021-03-12;0;0;0;0;0;0;0;0;0;0;0;0;0;0;0;0;0;0
FR;8;2021-03-13;0;0;0;0;0;0;0;0;0;0;0;0;0;0;0;0;0;0
FR;8;2021-03-14;0;0;0;0;0;0;0;0;0;0;0;0;0;0;0;0;0;0
FR;8;2021-03-15;0;0;0;0;0;0;0;0;0;0;0;0;0;0;0;0;0;0
FR;8;2021-03-16;0;0;0;0;0;0;0;0;0;0;0;0;0;0;0;0;0;0
FR;8;2021-03-17;0;0;0;0;0;0;0;0;0;0;0;0;0;0;0;0;0;0
FR;8;2021-03-18;0;0;0;0;0;0;0;0;0;0;0;0;0;0;0;0;0;0
FR;8;2021-03-19;0;0;0;0;0;0;0;0;0;0;0;0;0;0;0;0;0;0
FR;8;2021-03-20;0;0;0;0;0;0;0;0;0;0;0;0;0;0;0;0;0;0
FR;8;2021-03-21;0;0;0;0;0;0;0;0;0;0;0;0;0;0;0;0;0;0
FR;8;2021-03-22;0;0;0;0;0;0;0;0;0;0;0;0;0;0;0;0;0;0
FR;8;2021-03-23;0;0;0;0;0;0;0;0;0;0;0;0;0;0;0;0;0;0
FR;8;2021-03-24;0;0;0;0;0;0;0;0;0;0;0;0;0;0;0;0;0;0
FR;8;2021-03-25;0;0;0;0;0;0;0;0;0;0;0;0;0;0;0;0;0;0
FR;8;2021-03-26;0;0;0;0;0;0;0;0;0;0;0;0;0;0;0;0;0;0
FR;8;2021-03-27;0;0;0;0;0;0;0;0;0;0;0;0;0;0;0;0;0;0
FR;8;2021-03-28;0;0;0;0;0;0;0;0;0;0;0;0;0;0;0;0;0;0
FR;8;2021-03-29;0;0;0;0;0;0;0;0;0;0;0;0;0;0;0;0;0;0
FR;8;2021-03-30;0;0;0;0;0;0;0;0;0;0;0;0;0;0;0;0;0;0
FR;8;2021-03-31;0;0;0;0;0;0;0;0;0;0;0;0;0;0;0;0;0;0
FR;8;2021-04-01;0;0;0;0;0;0;0;0;0;0;0;0;0;0;0;0;0;0
FR;8;2021-04-02;0;0;0;0;0;0;0;0;0;0;0;0;0;0;0;0;0;0
FR;8;2021-04-03;0;0;0;0;0;0;0;0;0;0;0;0;0;0;0;0;0;0
FR;8;2021-04-04;0;0;0;0;0;0;0;0;0;0;0;0;0;0;0;0;0;0
FR;8;2021-04-05;0;0;0;0;0;0;0;0;0;0;0;0;0;0;0;0;0;0
FR;8;2021-04-06;0;0;0;0;0;0;0;0;0;0;0;0;0;0;0;0;0;0
FR;8;2021-04-07;0;0;0;0;0;0;0;0;0;0;0;0;0;0;0;0;0;0
FR;8;2021-04-08;0;0;0;0;0;0;0;0;0;0;0;0;0;0;0;0;0;0
FR;8;2021-04-09;0;0;0;0;0;0;0;0;0;0;0;0;0;0;0;0;0;0
FR;8;2021-04-10;0;0;0;0;0;0;0;0;0;0;0;0;0;0;0;0;0;0
FR;8;2021-04-11;0;0;0;0;0;0;0;0;0;0;0;0;0;0;0;0;0;0
FR;8;2021-04-12;0;0;0;0;0;0;0;0;0;0;0;0;0;0;0;0;0;0
FR;8;2021-04-13;0;0;0;0;0;0;0;0;0;0;0;0;0;0;0;0;0;0
FR;8;2021-04-14;0;0;0;0;0;0;0;0;0;0;0;0;0;0;0;0;0;0
FR;8;2021-04-15;0;0;0;0;0;0;0;0;0;0;0;0;0;0;0;0;0;0
FR;8;2021-04-16;0;0;0;0;0;0;0;0;0;0;0;0;0;0;0;0;0;0
FR;8;2021-04-17;0;0;0;0;0;0;0;0;0;0;0;0;0;0;0;0;0;0
FR;8;2021-04-18;0;0;0;0;0;0;0;0;0;0;0;0;0;0;0;0;0;0
FR;8;2021-04-19;0;0;0;0;0;0;0;0;0;0;0;0;0;0;0;0;0;0
FR;8;2021-04-20;0;0;0;0;0;0;0;0;0;0;0;0;0;0;0;0;0;0
FR;8;2021-04-21;0;0;0;0;0;0;0;0;0;0;0;0;0;0;0;0;0;0
FR;8;2021-04-22;0;0;0;0;0;0;0;0;0;0;0;0;0;0;0;0;0;0
FR;8;2021-04-23;0;0;0;0;0;0;0;0;0;0;0;0;0;0;0;0;0;0
FR;8;2021-04-24;0;0;0;0;0;0;0;0;0;0;0;0;0;0;0;0;0;0
FR;8;2021-04-25;0;0;0;0;0;0;0;0;0;0;0;0;0;0;0;0;0;0
FR;8;2021-04-26;0;0;0;0;0;0;0;0;0;0;0;0;0;0;0;0;0;0
FR;8;2021-04-27;0;0;0;0;0;0;0;0;0;0;0;0;0;0;0;0;0;0
FR;8;2021-04-28;0;0;0;0;0;0;0;0;0;0;0;0;0;0;0;0;0;0
FR;8;2021-04-29;0;0;0;0;0;0;0;0;0;0;0;0;0;0;0;0;0;0
FR;8;2021-04-30;0;0;0;0;0;0;0;0;0;0;0;0;0;0;0;0;0;0
FR;8;2021-05-01;0;0;0;0;0;0;0;0;0;0;0;0;0;0;0;0;0;0
FR;8;2021-05-02;0;0;0;0;0;0;0;0;0;0;0;0;0;0;0;0;0;0
FR;8;2021-05-03;0;0;0;0;0;0;0;0;0;0;0;0;0;0;0;0;0;0
FR;8;2021-05-04;0;0;0;0;0;0;0;0;0;0;0;0;0;0;0;0;0;0
FR;8;2021-05-05;0;0;0;0;0;0;0;0;0;0;0;0;0;0;0;0;0;0
FR;8;2021-05-06;0;0;0;0;0;0;0;0;0;0;0;0;0;0;0;0;0;0
FR;8;2021-05-07;0;0;0;0;0;0;0;0;0;0;0;0;0;0;0;0;0;0
FR;8;2021-05-08;0;0;0;0;0;0;0;0;0;0;0;0;0;0;0;0;0;0
FR;8;2021-05-09;0;0;0;0;0;0;0;0;0;0;0;0;0;0;0;0;0;0
FR;8;2021-05-10;0;0;0;0;0;0;0;0;0;0;0;0;0;0;0;0;0;0
FR;8;2021-05-11;0;0;0;0;0;0;0;0;0;0;0;0;0;0;0;0;0;0
FR;8;2021-05-12;0;0;0;0;0;0;0;0;0;0;0;0;0;0;0;0;0;0
FR;8;2021-05-13;0;0;0;0;0;0;0;0;0;0;0;0;0;0;0;0;0;0
FR;8;2021-05-14;0;0;0;0;0;0;0;0;0;0;0;0;0;0;0;0;0;0
FR;8;2021-05-15;0;0;0;0;0;0;0;0;0;0;0;0;0;0;0;0;0;0
FR;8;2021-05-16;0;0;0;0;0;0;0;0;0;0;0;0;0;0;0;0;0;0
FR;8;2021-05-17;0;0;0;0;0;0;0;0;0;0;0;0;0;0;0;0;0;0
FR;8;2021-05-18;0;0;0;0;0;0;0;0;0;0;0;0;0;0;0;0;0;0
FR;8;2021-05-19;0;0;0;0;0;0;0;0;0;0;0;0;0;0;0;0;0;0
FR;8;2021-05-20;0;0;0;0;0;0;0;0;0;0;0;0;0;0;0;0;0;0
FR;8;2021-05-21;0;0;0;0;0;0;0;0;0;0;0;0;0;0;0;0;0;0
FR;8;2021-05-22;0;0;0;0;0;0;0;0;0;0;0;0;0;0;0;0;0;0
FR;8;2021-05-23;0;0;0;0;0;0;0;0;0;0;0;0;0;0;0;0;0;0
FR;8;2021-05-24;0;0;0;0;0;0;0;0;0;0;0;0;0;0;0;0;0;0
FR;8;2021-05-25;0;0;0;0;0;0;0;0;0;0;0;0;0;0;0;0;0;0
FR;8;2021-05-26;0;0;0;0;0;0;0;0;0;0;0;0;0;0;0;0;0;0
FR;8;2021-05-27;0;0;0;0;0;0;0;0;0;0;0;0;0;0;0;0;0;0
FR;8;2021-05-28;0;0;0;0;0;0;0;0;0;0;0;0;0;0;0;0;0;0
FR;8;2021-05-29;0;0;0;0;0;0;0;0;0;0;0;0;0;0;0;0;0;0
FR;8;2021-05-30;0;0;0;0;0;0;0;0;0;0;0;0;0;0;0;0;0;0
FR;8;2021-05-31;0;0;0;0;0;0;0;0;0;0;0;0;0;0;0;0;0;0
FR;8;2021-06-01;0;0;0;0;0;0;0;0;0;0;0;0;0;0;0;0;0;0
FR;8;2021-06-02;0;0;0;0;0;0;0;0;0;0;0;0;0;0;0;0;0;0
FR;8;2021-06-03;0;0;0;0;0;0;0;0;0;0;0;0;0;0;0;0;0;0
FR;8;2021-06-04;0;0;0;0;0;0;0;0;0;0;0;0;0;0;0;0;0;0
FR;8;2021-06-05;0;0;0;0;0;0;0;0;0;0;0;0;0;0;0;0;0;0
FR;8;2021-06-06;0;0;0;0;0;0;0;0;0;0;0;0;0;0;0;0;0;0
FR;8;2021-06-07;0;0;0;0;0;0;0;0;0;0;0;0;0;0;0;0;0;0
FR;8;2021-06-08;0;0;0;0;0;0;0;0;0;0;0;0;0;0;0;0;0;0
FR;8;2021-06-09;0;0;0;0;0;0;0;0;0;0;0;0;0;0;0;0;0;0
FR;8;2021-06-10;0;0;0;0;0;0;0;0;0;0;0;0;0;0;0;0;0;0
FR;8;2021-06-11;0;0;0;0;0;0;0;0;0;0;0;0;0;0;0;0;0;0
FR;8;2021-06-12;0;0;0;0;0;0;0;0;0;0;0;0;0;0;0;0;0;0
FR;8;2021-06-13;0;0;0;0;0;0;0;0;0;0;0;0;0;0;0;0;0;0
FR;8;2021-06-14;0;0;0;0;0;0;0;0;0;0;0;0;0;0;0;0;0;0
FR;8;2021-06-15;0;0;0;0;0;0;0;0;0;0;0;0;0;0;0;0;0;0
FR;8;2021-06-16;0;0;0;0;0;0;0;0;0;0;0;0;0;0;0;0;0;0
FR;8;2021-06-17;0;0;0;0;0;0;0;0;0;0;0;0;0;0;0;0;0;0
FR;8;2021-06-18;0;0;0;0;0;0;0;0;0;0;0;0;0;0;0;0;0;0
FR;8;2021-06-19;0;0;0;0;0;0;0;0;0;0;0;0;0;0;0;0;0;0
FR;8;2021-06-20;0;0;0;0;0;0;0;0;0;0;0;0;0;0;0;0;0;0
FR;8;2021-06-21;0;0;0;0;0;0;0;0;0;0;0;0;0;0;0;0;0;0
FR;8;2021-06-22;0;0;0;0;0;0;0;0;0;0;0;0;0;0;0;0;0;0
FR;8;2021-06-23;0;0;0;0;0;0;0;0;0;0;0;0;0;0;0;0;0;0
FR;8;2021-06-24;0;0;0;0;0;0;0;0;0;0;0;0;0;0;0;0;0;0
FR;8;2021-06-25;0;0;0;0;0;0;0;0;0;0;0;0;0;0;0;0;0;0
FR;8;2021-06-26;0;0;0;0;0;0;0;0;0;0;0;0;0;0;0;0;0;0
FR;8;2021-06-27;0;0;0;0;0;0;0;0;0;0;0;0;0;0;0;0;0;0
FR;8;2021-06-28;0;0;0;0;0;0;0;0;0;0;0;0;0;0;0;0;0;0
FR;8;2021-06-29;0;0;0;0;0;0;0;0;0;0;0;0;0;0;0;0;0;0
FR;8;2021-06-30;0;0;0;0;0;0;0;0;0;0;0;0;0;0;0;0;0;0
FR;8;2021-07-01;0;0;0;0;0;0;0;0;0;0;0;0;0;0;0;0;0;0
FR;8;2021-07-02;0;0;0;0;0;0;0;0;0;0;0;0;0;0;0;0;0;0
FR;8;2021-07-03;0;0;0;0;0;0;0;0;0;0;0;0;0;0;0;0;0;0
FR;8;2021-07-04;0;0;0;0;0;0;0;0;0;0;0;0;0;0;0;0;0;0
FR;8;2021-07-05;0;0;0;0;0;0;0;0;0;0;0;0;0;0;0;0;0;0
FR;8;2021-07-06;0;0;0;0;0;0;0;0;0;0;0;0;0;0;0;0;0;0
FR;8;2021-07-07;0;0;0;0;0;0;0;0;0;0;0;0;0;0;0;0;0;0
FR;8;2021-07-08;0;0;0;0;0;0;0;0;0;0;0;0;0;0;0;0;0;0
FR;8;2021-07-09;0;0;0;0;0;0;0;0;0;0;0;0;0;0;0;0;0;0
FR;8;2021-07-10;0;0;0;0;0;0;0;0;0;0;0;0;0;0;0;0;0;0
FR;8;2021-07-11;0;0;0;0;0;0;0;0;0;0;0;0;0;0;0;0;0;0
FR;8;2021-07-12;0;0;0;0;0;0;0;0;0;0;0;0;0;0;0;0;0;0
FR;8;2021-07-13;0;0;0;0;0;0;0;0;0;0;0;0;0;0;0;0;0;0
FR;8;2021-07-14;0;0;0;0;0;0;0;0;0;0;0;0;0;0;0;0;0;0
FR;8;2021-07-15;0;0;0;0;0;0;0;0;0;0;0;0;0;0;0;0;0;0
FR;8;2021-07-16;0;0;0;0;0;0;0;0;0;0;0;0;0;0;0;0;0;0
FR;8;2021-07-17;0;0;0;0;0;0;0;0;0;0;0;0;0;0;0;0;0;0
FR;8;2021-07-18;0;0;0;0;0;0;0;0;0;0;0;0;0;0;0;0;0;0
FR;8;2021-07-19;0;0;0;0;0;0;0;0;0;0;0;0;0;0;0;0;0;0
FR;8;2021-07-20;0;0;0;0;0;0;0;0;0;0;0;0;0;0;0;0;0;0
FR;8;2021-07-21;0;0;0;0;0;0;0;0;0;0;0;0;0;0;0;0;0;0
FR;8;2021-07-22;0;0;0;0;0;0;0;0;0;0;0;0;0;0;0;0;0;0
FR;8;2021-07-23;0;0;0;0;0;0;0;0;0;0;0;0;0;0;0;0;0;0
FR;8;2021-07-24;0;0;0;0;0;0;0;0;0;0;0;0;0;0;0;0;0;0
FR;8;2021-07-25;0;0;0;0;0;0;0;0;0;0;0;0;0;0;0;0;0;0
FR;8;2021-07-26;0;0;0;0;0;0;0;0;0;0;0;0;0;0;0;0;0;0
FR;8;2021-07-27;0;0;0;0;0;0;0;0;0;0;0;0;0;0;0;0;0;0
FR;8;2021-07-28;0;0;0;0;0;0;0;0;0;0;0;0;0;0;0;0;0;0
FR;8;2021-07-29;0;0;0;0;0;0;0;0;0;0;0;0;0;0;0;0;0;0
FR;8;2021-07-30;0;0;0;0;0;0;0;0;0;0;0;0;0;0;0;0;0;0
FR;8;2021-07-31;0;0;0;0;0;0;0;0;0;0;0;0;0;0;0;0;0;0
FR;8;2021-08-01;0;0;0;0;0;0;0;0;0;0;0;0;0;0;0;0;0;0
FR;8;2021-08-02;0;0;0;0;0;0;0;0;0;0;0;0;0;0;0;0;0;0
FR;8;2021-08-03;0;0;0;0;0;0;0;0;0;0;0;0;0;0;0;0;0;0
FR;8;2021-08-04;0;0;0;0;0;0;0;0;0;0;0;0;0;0;0;0;0;0
FR;8;2021-08-05;0;0;0;0;0;0;0;0;0;0;0;0;0;0;0;0;0;0
FR;8;2021-08-06;0;0;0;0;0;0;0;0;0;0;0;0;0;0;0;0;0;0
FR;8;2021-08-07;0;0;0;0;0;0;0;0;0;0;0;0;0;0;0;0;0;0
FR;8;2021-08-08;0;0;0;0;0;0;0;0;0;0;0;0;0;0;0;0;0;0
FR;8;2021-08-09;0;0;0;0;0;0;0;0;0;0;0;0;0;0;0;0;0;0
FR;8;2021-08-10;0;0;0;0;0;0;0;0;0;0;0;0;0;0;0;0;0;0
FR;8;2021-08-11;0;0;0;0;0;0;0;0;0;0;0;0;0;0;0;0;0;0
FR;8;2021-08-12;0;0;0;0;0;0;0;0;0;0;0;0;0;0;0;0;0;0
FR;8;2021-08-13;0;0;0;0;0;0;0;0;0;0;0;0;0;0;0;0;0;0
FR;8;2021-08-14;0;0;0;0;0;0;0;0;0;0;0;0;0;0;0;0;0;0
FR;8;2021-08-15;0;0;0;0;0;0;0;0;0;0;0;0;0;0;0;0;0;0
FR;8;2021-08-16;0;0;0;0;0;0;0;0;0;0;0;0;0;0;0;0;0;0
FR;8;2021-08-17;0;0;0;0;0;0;0;0;0;0;0;0;0;0;0;0;0;0
FR;8;2021-08-18;0;0;0;0;0;0;0;0;0;0;0;0;0;0;0;0;0;0
FR;8;2021-08-19;0;0;0;0;0;0;0;0;0;0;0;0;0;0;0;0;0;0
FR;8;2021-08-20;0;0;0;0;0;0;0;0;0;0;0;0;0;0;0;0;0;0
FR;8;2021-08-21;0;0;0;0;0;0;0;0;0;0;0;0;0;0;0;0;0;0
FR;8;2021-08-22;0;0;0;0;0;0;0;0;0;0;0;0;0;0;0;0;0;0
FR;8;2021-08-23;0;0;0;0;0;0;0;0;0;0;0;0;0;0;0;0;0;0
FR;8;2021-08-24;0;0;0;0;0;0;0;0;0;0;0;0;0;0;0;0;0;0
FR;8;2021-08-25;0;0;0;0;0;0;0;0;0;0;0;0;0;0;0;0;0;0
FR;8;2021-08-26;0;0;0;0;0;0;0;0;0;0;0;0;0;0;0;0;0;0
FR;8;2021-08-27;0;0;0;0;0;0;0;0;0;0;0;0;0;0;0;0;0;0
FR;8;2021-08-28;0;0;0;0;0;0;0;0;0;0;0;0;0;0;0;0;0;0
FR;8;2021-08-29;0;0;0;0;0;0;0;0;0;0;0;0;0;0;0;0;0;0
FR;8;2021-08-30;0;0;0;0;0;0;0;0;0;0;0;0;0;0;0;0;0;0
FR;8;2021-08-31;0;0;0;0;0;0;0;0;0;0;0;0;0;0;0;0;0;0
FR;8;2021-09-01;0;0;0;0;0;0;0;0;0;0;0;0;0;0;0;0;0;0
FR;8;2021-09-02;0;0;0;0;0;0;0;0;0;0;0;0;0;0;0;0;0;0
FR;8;2021-09-03;0;0;0;0;0;0;0;0;0;0;0;0;0;0;0;0;0;0
FR;8;2021-09-04;0;0;0;0;0;0;0;0;0;0;0;0;0;0;0;0;0;0
FR;8;2021-09-05;0;0;0;0;0;0;0;0;0;0;0;0;0;0;0;0;0;0
FR;8;2021-09-06;0;0;0;0;0;0;0;0;0;0;0;0;0;0;0;0;0;0
FR;8;2021-09-07;0;0;0;0;0;0;0;0;0;0;0;0;0;0;0;0;0;0
FR;8;2021-09-08;0;0;0;0;0;0;0;0;0;0;0;0;0;0;0;0;0;0
FR;8;2021-09-09;0;0;0;0;0;0;0;0;0;0;0;0;0;0;0;0;0;0
FR;8;2021-09-10;0;0;0;0;0;0;0;0;0;0;0;0;0;0;0;0;0;0
FR;8;2021-09-11;0;0;0;0;0;0;0;0;0;0;0;0;0;0;0;0;0;0
FR;8;2021-09-12;0;0;0;0;0;0;0;0;0;0;0;0;0;0;0;0;0;0
FR;8;2021-09-13;0;0;0;0;0;0;0;0;0;0;0;0;0;0;0;0;0;0
FR;8;2021-09-14;0;0;0;0;0;0;0;0;0;0;0;0;0;0;0;0;0;0
FR;8;2021-09-15;0;0;0;0;0;0;0;0;0;0;0;0;0;0;0;0;0;0
FR;8;2021-09-16;0;0;0;0;0;0;0;0;0;0;0;0;0;0;0;0;0;0
FR;8;2021-09-17;0;0;0;0;0;0;0;0;0;0;0;0;0;0;0;0;0;0
FR;8;2021-09-18;0;0;0;0;0;0;0;0;0;0;0;0;0;0;0;0;0;0
FR;8;2021-09-19;0;0;0;0;0;0;0;0;0;0;0;0;0;0;0;0;0;0
FR;8;2021-09-20;0;0;0;0;0;0;0;0;0;0;0;0;0;0;0;0;0;0
FR;8;2021-09-21;0;0;0;0;0;0;0;0;0;0;0;0;0;0;0;0;0;0
FR;8;2021-09-22;0;0;0;0;0;0;0;0;0;0;0;0;0;0;0;0;0;0
FR;8;2021-09-23;0;0;0;0;0;0;0;0;0;0;0;0;0;0;0;0;0;0
FR;8;2021-09-24;0;0;0;0;0;0;0;0;0;0;0;0;0;0;0;0;0;0
FR;8;2021-09-25;0;0;0;0;0;0;0;0;0;0;0;0;0;0;0;0;0;0
FR;8;2021-09-26;0;0;0;0;0;0;0;0;0;0;0;0;0;0;0;0;0;0
FR;8;2021-09-27;0;0;0;0;0;0;0;0;0;0;0;0;0;0;0;0;0;0
FR;8;2021-09-28;0;0;0;0;0;0;0;0;0;0;0;0;0;0;0;0;0;0
FR;8;2021-09-29;0;0;0;0;0;0;0;0;0;0;0;0;0;0;0;0;0;0
FR;8;2021-09-30;0;0;0;0;0;0;0;0;0;0;0;0;0;0;0;0;0;0
FR;8;2021-10-01;0;0;0;0;0;0;0;0;0;0;0;0;0;0;0;0;0;0
FR;8;2021-10-02;0;0;0;0;0;0;0;0;0;0;0;0;0;0;0;0;0;0
FR;8;2021-10-03;0;0;0;0;0;0;0;0;0;0;0;0;0;0;0;0;0;0
FR;8;2021-10-04;0;0;0;0;0;0;0;0;0;0;0;0;0;0;0;0;0;0
FR;8;2021-10-05;0;0;0;0;0;0;0;0;0;0;0;0;0;0;0;0;0;0
FR;8;2021-10-06;0;0;0;0;0;0;0;0;0;0;0;0;0;0;0;0;0;0
FR;8;2021-10-07;0;0;0;0;0;0;0;0;0;0;0;0;0;0;0;0;0;0
FR;8;2021-10-08;0;0;0;0;0;0;0;0;0;0;0;0;0;0;0;0;0;0
FR;8;2021-10-09;0;0;0;0;0;0;0;0;0;0;0;0;0;0;0;0;0;0
FR;8;2021-10-10;0;0;0;0;0;0;0;0;0;0;0;0;0;0;0;0;0;0
FR;8;2021-10-11;0;0;0;0;0;0;0;0;0;0;0;0;0;0;0;0;0;0
FR;8;2021-10-12;0;0;0;0;0;0;0;0;0;0;0;0;0;0;0;0;0;0
FR;8;2021-10-13;0;0;0;0;0;0;0;0;0;0;0;0;0;0;0;0;0;0
FR;8;2021-10-14;0;0;0;0;0;0;0;0;0;0;0;0;0;0;0;0;0;0
FR;8;2021-10-15;0;0;0;0;0;0;0;0;0;0;0;0;0;0;0;0;0;0
FR;8;2021-10-16;0;0;0;0;0;0;0;0;0;0;0;0;0;0;0;0;0;0
FR;8;2021-10-17;0;0;0;0;0;0;0;0;0;0;0;0;0;0;0;0;0;0
FR;8;2021-10-18;0;0;0;0;0;0;0;0;0;0;0;0;0;0;0;0;0;0
FR;8;2021-10-19;0;0;0;0;0;0;0;0;0;0;0;0;0;0;0;0;0;0
FR;8;2021-10-20;0;0;0;0;0;0;0;0;0;0;0;0;0;0;0;0;0;0
FR;8;2021-10-21;0;0;0;0;0;0;0;0;0;0;0;0;0;0;0;0;0;0
FR;8;2021-10-22;0;0;0;0;0;0;0;0;0;0;0;0;0;0;0;0;0;0
FR;8;2021-10-23;0;0;0;0;0;0;0;0;0;0;0;0;0;0;0;0;0;0
FR;8;2021-10-24;0;0;0;0;0;0;0;0;0;0;0;0;0;0;0;0;0;0
FR;8;2021-10-25;0;0;0;0;0;0;0;0;0;0;0;0;0;0;0;0;0;0
FR;8;2021-10-26;0;0;0;0;0;0;0;0;0;0;0;0;0;0;0;0;0;0
FR;8;2021-10-27;0;0;0;0;0;0;0;0;0;0;0;0;0;0;0;0;0;0
FR;8;2021-10-28;0;0;0;0;0;0;0;0;0;0;0;0;0;0;0;0;0;0
FR;8;2021-10-29;0;0;0;0;0;0;0;0;0;0;0;0;0;0;0;0;0;0
FR;8;2021-10-30;0;0;0;0;0;0;0;0;0;0;0;0;0;0;0;0;0;0
FR;8;2021-10-31;0;0;0;0;0;0;0;0;0;0;0;0;0;0;0;0;0;0
FR;8;2021-11-01;0;0;0;0;0;0;0;0;0;0;0;0;0;0;0;0;0;0
FR;8;2021-11-02;0;0;0;0;0;0;0;0;0;0;0;0;0;0;0;0;0;0
FR;8;2021-11-03;0;0;0;0;0;0;0;0;0;0;0;0;0;0;0;0;0;0
FR;8;2021-11-04;0;0;0;0;0;0;0;0;0;0;0;0;0;0;0;0;0;0
FR;8;2021-11-05;0;0;0;0;0;0;0;0;0;0;0;0;0;0;0;0;0;0
FR;8;2021-11-06;0;0;0;0;0;0;0;0;0;0;0;0;0;0;0;0;0;0
FR;8;2021-11-07;0;0;0;0;0;0;0;0;0;0;0;0;0;0;0;0;0;0
FR;8;2021-11-08;0;0;0;0;0;0;0;0;0;0;0;0;0;0;0;0;0;0
FR;8;2021-11-09;0;0;0;0;0;0;0;0;0;0;0;0;0;0;0;0;0;0
FR;8;2021-11-10;0;0;0;0;0;0;0;0;0;0;0;0;0;0;0;0;0;0
FR;8;2021-11-11;0;0;0;0;0;0;0;0;0;0;0;0;0;0;0;0;0;0
FR;8;2021-11-12;0;0;0;0;0;0;0;0;0;0;0;0;0;0;0;0;0;0
FR;8;2021-11-13;0;0;0;0;0;0;0;0;0;0;0;0;0;0;0;0;0;0
FR;8;2021-11-14;0;0;0;0;0;0;0;0;0;0;0;0;0;0;0;0;0;0
FR;8;2021-11-15;0;0;0;0;0;0;0;0;0;0;0;0;0;0;0;0;0;0
FR;8;2021-11-16;0;0;0;0;0;0;0;0;0;0;0;0;0;0;0;0;0;0
FR;8;2021-11-17;0;0;0;0;0;0;0;0;0;0;0;0;0;0;0;0;0;0
FR;8;2021-11-18;0;0;0;0;0;0;0;0;0;0;0;0;0;0;0;0;0;0
FR;8;2021-11-19;0;0;0;0;0;0;0;0;0;0;0;0;0;0;0;0;0;0
FR;8;2021-11-20;0;0;0;0;0;0;0;0;0;0;0;0;0;0;0;0;0;0
FR;8;2021-11-21;0;0;0;0;0;0;0;0;0;0;0;0;0;0;0;0;0;0
FR;8;2021-11-22;0;0;0;0;0;0;0;0;0;0;0;0;0;0;0;0;0;0
FR;8;2021-11-23;0;0;0;0;0;0;0;0;0;0;0;0;0;0;0;0;0;0
FR;8;2021-11-24;0;0;0;0;0;0;0;0;0;0;0;0;0;0;0;0;0;0
FR;8;2021-11-25;0;0;0;0;0;0;0;0;0;0;0;0;0;0;0;0;0;0
FR;8;2021-11-26;0;0;0;0;0;0;0;0;0;0;0;0;0;0;0;0;0;0
FR;8;2021-11-27;0;0;0;0;0;0;0;0;0;0;0;0;0;0;0;0;0;0
FR;8;2021-11-28;0;0;0;0;0;0;0;0;0;0;0;0;0;0;0;0;0;0
FR;8;2021-11-29;0;0;0;0;0;0;0;0;0;0;0;0;0;0;0;0;0;0
FR;8;2021-11-30;0;0;0;0;0;0;0;0;0;0;0;0;0;0;0;0;0;0
FR;8;2021-12-01;0;0;0;0;0;0;0;0;0;0;0;0;0;0;0;0;0;0
FR;8;2021-12-02;0;0;0;0;0;0;0;0;0;0;0;0;0;0;0;0;0;0
FR;8;2021-12-03;0;0;0;0;0;0;0;0;0;0;0;0;0;0;0;0;0;0
FR;8;2021-12-04;0;0;0;0;0;0;0;0;0;0;0;0;0;0;0;0;0;0
FR;8;2021-12-05;0;0;0;0;0;0;0;0;0;0;0;0;0;0;0;0;0;0
FR;8;2021-12-06;0;0;0;0;0;0;0;0;0;0;0;0;0;0;0;0;0;0
FR;8;2021-12-07;0;0;0;0;0;0;0;0;0;0;0;0;0;0;0;0;0;0
FR;8;2021-12-08;0;0;0;0;0;0;0;0;0;0;0;0;0;0;0;0;0;0
FR;8;2021-12-09;0;0;0;0;0;0;0;0;0;0;0;0;0;0;0;0;0;0
FR;8;2021-12-10;0;0;0;0;0;0;0;0;0;0;0;0;0;0;0;0;0;0
FR;8;2021-12-11;0;0;0;0;0;0;0;0;0;0;0;0;0;0;0;0;0;0
FR;8;2021-12-12;0;0;0;0;0;0;0;0;0;0;0;0;0;0;0;0;0;0
FR;8;2021-12-13;0;0;0;0;0;0;0;0;0;0;0;0;0;0;0;0;0;0
FR;8;2021-12-14;0;0;0;0;0;0;0;0;0;0;0;0;0;0;0;0;0;0
FR;8;2021-12-15;0;0;0;0;0;0;0;0;0;0;0;0;0;0;0;0;0;0
FR;8;2021-12-16;0;0;0;0;0;0;0;0;0;0;0;0;0;0;0;0;0;0
FR;8;2021-12-17;0;0;0;0;0;0;0;0;0;0;0;0;0;0;0;0;0;0
FR;8;2021-12-18;0;0;0;0;0;0;0;0;0;0;0;0;0;0;0;0;0;0
FR;8;2021-12-19;0;0;0;0;0;0;0;0;0;0;0;0;0;0;0;0;0;0
FR;8;2021-12-20;0;0;0;0;0;0;0;0;0;0;0;0;0;0;0;0;0;0
FR;8;2021-12-21;0;0;0;0;0;0;0;0;0;0;0;0;0;0;0;0;0;0
FR;8;2021-12-22;0;0;0;0;0;0;0;0;0;0;0;0;0;0;0;0;0;0
FR;8;2021-12-23;0;0;0;0;0;0;0;0;0;0;0;0;0;0;0;0;0;0
FR;8;2021-12-24;0;0;0;0;0;0;0;0;0;0;0;0;0;0;0;0;0;0
FR;8;2021-12-25;0;0;0;0;0;0;0;0;0;0;0;0;0;0;0;0;0;0
FR;8;2021-12-26;0;0;0;0;0;0;0;0;0;0;0;0;0;0;0;0;0;0
FR;8;2021-12-27;0;0;0;0;0;0;0;0;0;0;0;0;0;0;0;0;0;0
FR;8;2021-12-28;0;0;0;0;0;0;0;0;0;0;0;0;0;0;0;0;0;0
FR;8;2021-12-29;0;0;0;0;0;0;0;0;0;0;0;0;0;0;0;0;0;0
FR;8;2021-12-30;0;0;0;0;0;0;0;0;0;0;0;0;0;0;0;0;0;0
FR;8;2021-12-31;0;0;0;0;0;0;0;0;0;0;0;0;0;0;0;0;0;0
FR;8;2022-01-01;0;0;0;0;0;0;0;0;0;0;0;0;0;0;0;0;0;0
FR;8;2022-01-02;0;0;0;0;0;0;0;0;0;0;0;0;0;0;0;0;0;0
FR;8;2022-01-03;0;0;0;0;0;0;0;0;0;0;0;0;0;0;0;0;0;0
FR;8;2022-01-04;0;0;0;0;0;0;0;0;0;0;0;0;0;0;0;0;0;0
FR;8;2022-01-05;0;0;0;0;0;0;0;0;0;0;0;0;0;0;0;0;0;0
FR;8;2022-01-06;0;0;0;0;0;0;0;0;0;0;0;0;0;0;0;0;0;0
FR;8;2022-01-07;0;0;0;0;0;0;0;0;0;0;0;0;0;0;0;0;0;0
FR;8;2022-01-08;0;0;0;0;0;0;0;0;0;0;0;0;0;0;0;0;0;0
FR;8;2022-01-09;0;0;0;0;0;0;0;0;0;0;0;0;0;0;0;0;0;0
FR;8;2022-01-10;0;0;0;0;0;0;0;0;0;0;0;0;0;0;0;0;0;0
FR;8;2022-01-11;0;0;0;0;0;0;0;0;0;0;0;0;0;0;0;0;0;0
FR;8;2022-01-12;0;0;0;0;0;0;0;0;0;0;0;0;0;0;0;0;0;0
FR;8;2022-01-13;0;0;0;0;0;0;0;0;0;0;0;0;0;0;0;0;0;0
FR;8;2022-01-14;0;0;0;0;0;0;0;0;0;0;0;0;0;0;0;0;0;0
FR;8;2022-01-15;0;0;0;0;0;0;0;0;0;0;0;0;0;0;0;0;0;0
FR;8;2022-01-16;0;0;0;0;0;0;0;0;0;0;0;0;0;0;0;0;0;0
FR;8;2022-01-17;0;0;0;0;0;0;0;0;0;0;0;0;0;0;0;0;0;0
FR;8;2022-01-18;0;0;0;0;0;0;0;0;0;0;0;0;0;0;0;0;0;0
FR;8;2022-01-19;0;0;0;0;0;0;0;0;0;0;0;0;0;0;0;0;0;0
FR;8;2022-01-20;0;0;0;0;0;0;0;0;0;0;0;0;0;0;0;0;0;0
FR;8;2022-01-21;0;0;0;0;0;0;0;0;0;0;0;0;0;0;0;0;0;0
FR;8;2022-01-22;0;0;0;0;0;0;0;0;0;0;0;0;0;0;0;0;0;0
FR;8;2022-01-23;0;0;0;0;0;0;0;0;0;0;0;0;0;0;0;0;0;0
FR;8;2022-01-24;0;0;0;0;0;0;0;0;0;0;0;0;0;0;0;0;0;0
FR;8;2022-01-25;0;0;0;0;0;0;0;0;0;0;0;0;0;0;0;0;0;0
FR;8;2022-01-26;0;0;0;0;0;0;0;0;0;0;0;0;0;0;0;0;0;0
FR;8;2022-01-27;0;0;0;0;0;0;0;0;0;0;0;0;0;0;0;0;0;0
FR;8;2022-01-28;0;0;0;0;0;0;0;0;0;0;0;0;0;0;0;0;0;0
FR;8;2022-01-29;0;0;0;0;0;0;0;0;0;0;0;0;0;0;0;0;0;0
FR;8;2022-01-30;0;0;0;0;0;0;0;0;0;0;0;0;0;0;0;0;0;0
FR;8;2022-01-31;0;0;0;0;0;0;0;0;0;0;0;0;0;0;0;0;0;0
FR;8;2022-02-01;0;0;0;0;0;0;0;0;0;0;0;0;0;0;0;0;0;0
FR;8;2022-02-02;0;0;0;0;0;0;0;0;0;0;0;0;0;0;0;0;0;0
FR;8;2022-02-03;0;0;0;0;0;0;0;0;0;0;0;0;0;0;0;0;0;0
FR;8;2022-02-04;0;0;0;0;0;0;0;0;0;0;0;0;0;0;0;0;0;0
FR;8;2022-02-05;0;0;0;0;0;0;0;0;0;0;0;0;0;0;0;0;0;0
FR;8;2022-02-06;0;0;0;0;0;0;0;0;0;0;0;0;0;0;0;0;0;0
FR;8;2022-02-07;0;0;0;0;0;0;0;0;0;0;0;0;0;0;0;0;0;0
FR;8;2022-02-08;0;0;0;0;0;0;0;0;0;0;0;0;0;0;0;0;0;0
FR;8;2022-02-09;0;0;0;0;0;0;0;0;0;0;0;0;0;0;0;0;0;0
FR;8;2022-02-10;0;0;0;0;0;0;0;0;0;0;0;0;0;0;0;0;0;0
FR;8;2022-02-11;0;0;0;0;0;0;0;0;0;0;0;0;0;0;0;0;0;0
FR;8;2022-02-12;0;0;0;0;0;0;0;0;0;0;0;0;0;0;0;0;0;0
FR;8;2022-02-13;0;0;0;0;0;0;0;0;0;0;0;0;0;0;0;0;0;0
FR;8;2022-02-14;0;0;0;0;0;0;0;0;0;0;0;0;0;0;0;0;0;0
FR;8;2022-02-15;0;0;0;0;0;0;0;0;0;0;0;0;0;0;0;0;0;0
FR;8;2022-02-16;0;0;0;0;0;0;0;0;0;0;0;0;0;0;0;0;0;0
FR;8;2022-02-17;0;0;0;0;0;0;0;0;0;0;0;0;0;0;0;0;0;0
FR;8;2022-02-18;0;0;0;0;0;0;0;0;0;0;0;0;0;0;0;0;0;0
FR;8;2022-02-19;0;0;0;0;0;0;0;0;0;0;0;0;0;0;0;0;0;0
FR;8;2022-02-20;0;0;0;0;0;0;0;0;0;0;0;0;0;0;0;0;0;0
FR;8;2022-02-21;0;0;0;0;0;0;0;0;0;0;0;0;0;0;0;0;0;0
FR;8;2022-02-22;0;0;0;0;0;0;0;0;0;0;0;0;0;0;0;0;0;0
FR;8;2022-02-23;0;0;0;0;0;0;0;0;0;0;0;0;0;0;0;0;0;0
FR;8;2022-02-24;0;0;0;0;0;0;0;0;0;0;0;0;0;0;0;0;0;0
FR;8;2022-02-25;0;0;0;0;0;0;0;0;0;0;0;0;0;0;0;0;0;0
FR;8;2022-02-26;0;0;0;0;0;0;0;0;0;0;0;0;0;0;0;0;0;0
FR;8;2022-02-27;0;0;0;0;0;0;0;0;0;0;0;0;0;0;0;0;0;0
FR;8;2022-02-28;0;0;0;0;0;0;0;0;0;0;0;0;0;0;0;0;0;0
FR;8;2022-03-01;0;0;0;0;0;0;0;0;0;0;0;0;0;0;0;0;0;0
FR;8;2022-03-02;0;0;0;0;0;0;0;0;0;0;0;0;0;0;0;0;0;0
FR;8;2022-03-03;0;0;0;0;0;0;0;0;0;0;0;0;0;0;0;0;0;0
FR;8;2022-03-04;0;0;0;0;0;0;0;0;0;0;0;0;0;0;0;0;0;0
FR;8;2022-03-05;0;0;0;0;0;0;0;0;0;0;0;0;0;0;0;0;0;0
FR;8;2022-03-06;0;0;0;0;0;0;0;0;0;0;0;0;0;0;0;0;0;0
FR;8;2022-03-07;0;0;0;0;0;0;0;0;0;0;0;0;0;0;0;0;0;0
FR;8;2022-03-08;0;0;0;0;0;0;0;0;0;0;0;0;0;0;0;0;0;0
FR;8;2022-03-09;0;0;0;0;0;0;0;0;0;0;0;0;0;0;0;0;0;0
FR;8;2022-03-10;0;0;0;0;0;0;0;0;0;0;0;0;0;0;0;0;0;0
FR;8;2022-03-11;0;0;0;0;0;0;0;0;0;0;0;0;0;0;0;0;0;0
FR;8;2022-03-12;0;0;0;0;0;0;0;0;0;0;0;0;0;0;0;0;0;0
FR;8;2022-03-13;0;0;0;0;0;0;0;0;0;0;0;0;0;0;0;0;0;0
FR;8;2022-03-14;0;0;0;0;0;0;0;0;0;0;0;0;0;0;0;0;0;0
FR;8;2022-03-15;0;0;0;0;0;0;0;0;0;0;0;0;0;0;0;0;0;0
FR;8;2022-03-16;0;0;0;0;0;0;0;0;0;0;0;0;0;0;0;0;0;0
FR;8;2022-03-17;0;0;0;0;0;0;0;0;0;0;0;0;0;0;0;0;0;0
FR;8;2022-03-18;0;0;0;0;0;0;0;0;0;0;0;0;0;0;0;0;0;0
FR;8;2022-03-19;0;0;0;0;0;0;0;0;0;0;0;0;0;0;0;0;0;0
FR;8;2022-03-20;0;0;0;0;0;0;0;0;0;0;0;0;0;0;0;0;0;0
FR;8;2022-03-21;0;0;0;0;0;0;0;0;0;0;0;0;0;0;0;0;0;0
FR;8;2022-03-22;0;0;0;0;0;0;0;0;0;0;0;0;0;0;0;0;0;0
FR;8;2022-03-23;0;0;0;0;0;0;0;0;0;0;0;0;0;0;0;0;0;0
FR;8;2022-03-24;0;0;0;0;0;0;0;0;0;0;0;0;0;0;0;0;0;0
FR;8;2022-03-25;0;0;0;0;0;0;0;0;0;0;0;0;0;0;0;0;0;0
FR;8;2022-03-26;0;0;0;0;0;0;0;0;0;0;0;0;0;0;0;0;0;0
FR;8;2022-03-27;0;0;0;0;0;0;0;0;0;0;0;0;0;0;0;0;0;0
FR;8;2022-03-28;0;0;0;0;0;0;0;0;0;0;0;0;0;0;0;0;0;0
FR;8;2022-03-29;0;0;0;0;0;0;0;0;0;0;0;0;0;0;0;0;0;0
FR;8;2022-03-30;0;0;0;0;0;0;0;0;0;0;0;0;0;0;0;0;0;0
FR;8;2022-03-31;0;0;0;0;0;0;0;0;0;0;0;0;0;0;0;0;0;0
FR;8;2022-04-01;0;0;0;0;0;0;0;0;0;0;0;0;0;0;0;0;0;0
FR;8;2022-04-02;0;0;0;0;0;0;0;0;0;0;0;0;0;0;0;0;0;0
FR;8;2022-04-03;0;0;0;0;0;0;0;0;0;0;0;0;0;0;0;0;0;0
FR;8;2022-04-04;0;0;0;0;0;0;0;0;0;0;0;0;0;0;0;0;0;0
FR;8;2022-04-05;0;0;0;0;0;0;0;0;0;0;0;0;0;0;0;0;0;0
FR;8;2022-04-06;0;0;0;0;0;0;0;0;0;0;0;0;0;0;0;0;0;0
FR;8;2022-04-07;0;0;0;0;0;0;0;0;0;0;0;0;0;0;0;0;0;0
FR;8;2022-04-08;0;0;0;0;0;0;0;0;0;0;0;0;0;0;0;0;0;0
FR;8;2022-04-09;0;0;0;0;0;0;0;0;0;0;0;0;0;0;0;0;0;0
FR;8;2022-04-10;0;0;0;0;0;0;0;0;0;0;0;0;0;0;0;0;0;0
FR;8;2022-04-11;0;0;0;0;0;0;0;0;0;0;0;0;0;0;0;0;0;0
FR;8;2022-04-12;0;0;0;0;0;0;0;0;0;0;0;0;0;0;0;0;0;0
FR;8;2022-04-13;0;0;0;0;0;0;0;0;0;0;0;0;0;0;0;0;0;0
FR;8;2022-04-14;0;0;0;0;0;0;0;0;0;0;0;0;0;0;0;0;0;0
FR;8;2022-04-15;0;0;0;0;0;0;0;0;0;0;0;0;0;0;0;0;0;0
FR;8;2022-04-16;0;0;0;0;0;0;0;0;0;0;0;0;0;0;0;0;0;0
FR;8;2022-04-17;0;0;0;0;0;0;0;0;0;0;0;0;0;0;0;0;0;0
FR;8;2022-04-18;0;0;0;0;0;0;0;0;0;0;0;0;0;0;0;0;0;0
FR;8;2022-04-19;0;0;0;0;0;0;0;0;0;0;0;0;0;0;0;0;0;0
FR;8;2022-04-20;0;0;0;0;0;0;0;0;0;0;0;0;0;0;0;0;0;0
FR;8;2022-04-21;0;0;0;0;0;0;0;0;0;0;0;0;0;0;0;0;0;0
FR;8;2022-04-22;0;0;0;0;0;0;0;0;0;0;0;0;0;0;0;0;0;0
FR;8;2022-04-23;0;0;0;0;0;0;0;0;0;0;0;0;0;0;0;0;0;0
FR;8;2022-04-24;0;0;0;0;0;0;0;0;0;0;0;0;0;0;0;0;0;0
FR;8;2022-04-25;0;0;0;0;0;0;0;0;0;0;0;0;0;0;0;0;0;0
FR;8;2022-04-26;0;0;0;0;0;0;0;0;0;0;0;0;0;0;0;0;0;0
FR;8;2022-04-27;0;0;0;0;0;0;0;0;0;0;0;0;0;0;0;0;0;0
FR;8;2022-04-28;0;0;0;0;0;0;0;0;0;0;0;0;0;0;0;0;0;0
FR;8;2022-04-29;0;0;0;0;0;0;0;0;0;0;0;0;0;0;0;0;0;0
FR;8;2022-04-30;0;0;0;0;0;0;0;0;0;0;0;0;0;0;0;0;0;0
FR;8;2022-05-01;0;0;0;0;0;0;0;0;0;0;0;0;0;0;0;0;0;0
FR;8;2022-05-02;0;0;0;0;0;0;0;0;0;0;0;0;0;0;0;0;0;0
FR;8;2022-05-03;0;0;0;0;0;0;0;0;0;0;0;0;0;0;0;0;0;0
FR;8;2022-05-04;0;0;0;0;0;0;0;0;0;0;0;0;0;0;0;0;0;0
FR;8;2022-05-05;0;0;0;0;0;0;0;0;0;0;0;0;0;0;0;0;0;0
FR;8;2022-05-06;0;0;0;0;0;0;0;0;0;0;0;0;0;0;0;0;0;0
FR;8;2022-05-07;0;0;0;0;0;0;0;0;0;0;0;0;0;0;0;0;0;0
FR;8;2022-05-08;0;0;0;0;0;0;0;0;0;0;0;0;0;0;0;0;0;0
FR;8;2022-05-09;0;0;0;0;0;0;0;0;0;0;0;0;0;0;0;0;0;0
FR;8;2022-05-10;0;0;0;0;0;0;0;0;0;0;0;0;0;0;0;0;0;0
FR;8;2022-05-11;0;0;0;0;0;0;0;0;0;0;0;0;0;0;0;0;0;0
FR;8;2022-05-12;0;0;0;0;0;0;0;0;0;0;0;0;0;0;0;0;0;0
FR;8;2022-05-13;0;0;0;0;0;0;0;0;0;0;0;0;0;0;0;0;0;0
FR;8;2022-05-14;0;0;0;0;0;0;0;0;0;0;0;0;0;0;0;0;0;0
FR;8;2022-05-15;0;0;0;0;0;0;0;0;0;0;0;0;0;0;0;0;0;0
FR;8;2022-05-16;0;0;0;0;0;0;0;0;0;0;0;0;0;0;0;0;0;0
FR;8;2022-05-17;0;0;0;0;0;0;0;0;0;0;0;0;0;0;0;0;0;0
FR;8;2022-05-18;0;0;0;0;0;0;0;0;0;0;0;0;0;0;0;0;0;0
FR;8;2022-05-19;0;0;0;0;0;0;0;0;0;0;0;0;0;0;0;0;0;0
FR;8;2022-05-20;0;0;0;0;0;0;0;0;0;0;0;0;0;0;0;0;0;0
FR;8;2022-05-21;0;0;0;0;0;0;0;0;0;0;0;0;0;0;0;0;0;0
FR;8;2022-05-22;0;0;0;0;0;0;0;0;0;0;0;0;0;0;0;0;0;0
FR;8;2022-05-23;0;0;0;0;0;0;0;0;0;0;0;0;0;0;0;0;0;0
FR;8;2022-05-24;0;0;0;0;0;0;0;0;0;0;0;0;0;0;0;0;0;0
FR;8;2022-05-25;0;0;0;0;0;0;0;0;0;0;0;0;0;0;0;0;0;0
FR;8;2022-05-26;0;0;0;0;0;0;0;0;0;0;0;0;0;0;0;0;0;0
FR;8;2022-05-27;0;0;0;0;0;0;0;0;0;0;0;0;0;0;0;0;0;0
FR;8;2022-05-28;0;0;0;0;0;0;0;0;0;0;0;0;0;0;0;0;0;0
FR;8;2022-05-29;0;0;0;0;0;0;0;0;0;0;0;0;0;0;0;0;0;0
FR;8;2022-05-30;0;0;0;0;0;0;0;0;0;0;0;0;0;0;0;0;0;0
FR;8;2022-05-31;0;0;0;0;0;0;0;0;0;0;0;0;0;0;0;0;0;0
FR;8;2022-06-01;0;0;0;0;0;0;0;0;0;0;0;0;0;0;0;0;0;0
FR;8;2022-06-02;0;0;0;0;0;0;0;0;0;0;0;0;0;0;0;0;0;0
FR;8;2022-06-03;0;0;0;0;0;0;0;0;0;0;0;0;0;0;0;0;0;0
FR;8;2022-06-04;0;0;0;0;0;0;0;0;0;0;0;0;0;0;0;0;0;0
FR;8;2022-06-05;0;0;0;0;0;0;0;0;0;0;0;0;0;0;0;0;0;0
FR;8;2022-06-06;0;0;0;0;0;0;0;0;0;0;0;0;0;0;0;0;0;0
FR;8;2022-06-07;0;0;0;0;0;0;0;0;0;0;0;0;0;0;0;0;0;0
FR;8;2022-06-08;0;0;0;0;0;0;0;0;0;0;0;0;0;0;0;0;0;0
FR;8;2022-06-09;0;0;0;0;0;0;0;0;0;0;0;0;0;0;0;0;0;0
FR;8;2022-06-10;0;0;0;0;0;0;0;0;0;0;0;0;0;0;0;0;0;0
FR;8;2022-06-11;0;0;0;0;0;0;0;0;0;0;0;0;0;0;0;0;0;0
FR;8;2022-06-12;0;0;0;0;0;0;0;0;0;0;0;0;0;0;0;0;0;0
FR;8;2022-06-13;0;0;0;0;0;0;0;0;0;0;0;0;0;0;0;0;0;0
FR;8;2022-06-14;0;0;0;0;0;0;0;0;0;0;0;0;0;0;0;0;0;0
FR;8;2022-06-15;0;0;0;0;0;0;0;0;0;0;0;0;0;0;0;0;0;0
FR;8;2022-06-16;0;0;0;0;0;0;0;0;0;0;0;0;0;0;0;0;0;0
FR;8;2022-06-17;0;0;0;0;0;0;0;0;0;0;0;0;0;0;0;0;0;0
FR;8;2022-06-18;0;0;0;0;0;0;0;0;0;0;0;0;0;0;0;0;0;0
FR;8;2022-06-19;0;0;0;0;0;0;0;0;0;0;0;0;0;0;0;0;0;0
FR;8;2022-06-20;0;0;0;0;0;0;0;0;0;0;0;0;0;0;0;0;0;0
FR;8;2022-06-21;0;0;0;0;0;0;0;0;0;0;0;0;0;0;0;0;0;0
FR;8;2022-06-22;0;0;0;0;0;0;0;0;0;0;0;0;0;0;0;0;0;0
FR;8;2022-06-23;0;0;0;0;0;0;0;0;0;0;0;0;0;0;0;0;0;0
FR;8;2022-06-24;0;0;0;0;0;0;0;0;0;0;0;0;0;0;0;0;0;0
FR;8;2022-06-25;0;0;0;0;0;0;0;0;0;0;0;0;0;0;0;0;0;0
FR;8;2022-06-26;0;0;0;0;0;0;0;0;0;0;0;0;0;0;0;0;0;0
FR;8;2022-06-27;0;0;0;0;0;0;0;0;0;0;0;0;0;0;0;0;0;0
FR;8;2022-06-28;0;0;0;0;0;0;0;0;0;0;0;0;0;0;0;0;0;0
FR;8;2022-06-29;0;0;0;0;0;0;0;0;0;0;0;0;0;0;0;0;0;0
FR;8;2022-06-30;0;0;0;0;0;0;0;0;0;0;0;0;0;0;0;0;0;0
FR;8;2022-07-01;0;0;0;0;0;0;0;0;0;0;0;0;0;0;0;0;0;0
FR;8;2022-07-02;0;0;0;0;0;0;0;0;0;0;0;0;0;0;0;0;0;0
FR;8;2022-07-03;0;0;0;0;0;0;0;0;0;0;0;0;0;0;0;0;0;0
FR;8;2022-07-04;0;0;0;0;0;0;0;0;0;0;0;0;0;0;0;0;0;0
FR;8;2022-07-05;0;0;0;0;0;0;0;0;0;0;0;0;0;0;0;0;0;0
FR;8;2022-07-06;0;0;0;0;0;0;0;0;0;0;0;0;0;0;0;0;0;0
FR;8;2022-07-07;0;0;0;0;0;0;0;0;0;0;0;0;0;0;0;0;0;0
FR;8;2022-07-08;0;0;0;0;0;0;0;0;0;0;0;0;0;0;0;0;0;0
FR;8;2022-07-09;0;0;0;0;0;0;0;0;0;0;0;0;0;0;0;0;0;0
FR;8;2022-07-10;0;0;0;0;0;0;0;0;0;0;0;0;0;0;0;0;0;0
FR;8;2022-07-11;0;0;0;0;0;0;0;0;0;0;0;0;0;0;0;0;0;0
FR;8;2022-07-12;0;0;0;0;0;0;0;0;0;0;0;0;0;0;0;0;0;0
FR;8;2022-07-13;0;0;0;0;0;0;0;0;0;0;0;0;0;0;0;0;0;0
FR;8;2022-07-14;0;0;0;0;0;0;0;0;0;0;0;0;0;0;0;0;0;0
FR;8;2022-07-15;0;0;0;0;0;0;0;0;0;0;0;0;0;0;0;0;0;0
FR;8;2022-07-16;0;0;0;0;0;0;0;0;0;0;0;0;0;0;0;0;0;0
FR;8;2022-07-17;0;0;0;0;0;0;0;0;0;0;0;0;0;0;0;0;0;0
FR;8;2022-07-18;0;0;0;0;0;0;0;0;0;0;0;0;0;0;0;0;0;0
FR;8;2022-07-19;0;0;0;0;0;0;0;0;0;0;0;0;0;0;0;0;0;0
FR;8;2022-07-20;0;0;0;0;0;0;0;0;0;0;0;0;0;0;0;0;0;0
FR;8;2022-07-21;0;0;0;0;0;0;0;0;0;0;0;0;0;0;0;0;0;0
FR;8;2022-07-22;0;0;0;0;0;0;0;0;0;0;0;0;0;0;0;0;0;0
FR;8;2022-07-23;0;0;0;0;0;0;0;0;0;0;0;0;0;0;0;0;0;0
FR;8;2022-07-24;0;0;0;0;0;0;0;0;0;0;0;0;0;0;0;0;0;0
FR;8;2022-07-25;0;0;0;0;0;0;0;0;0;0;0;0;0;0;0;0;0;0
FR;8;2022-07-26;0;0;0;0;0;0;0;0;0;0;0;0;0;0;0;0;0;0
FR;8;2022-07-27;0;0;0;0;0;0;0;0;0;0;0;0;0;0;0;0;0;0
FR;8;2022-07-28;0;0;0;0;0;0;0;0;0;0;0;0;0;0;0;0;0;0
FR;8;2022-07-29;0;0;0;0;0;0;0;0;0;0;0;0;0;0;0;0;0;0
FR;8;2022-07-30;0;0;0;0;0;0;0;0;0;0;0;0;0;0;0;0;0;0
FR;8;2022-07-31;0;0;0;0;0;0;0;0;0;0;0;0;0;0;0;0;0;0
FR;8;2022-08-01;0;0;0;0;0;0;0;0;0;0;0;0;0;0;0;0;0;0
FR;8;2022-08-02;0;0;0;0;0;0;0;0;0;0;0;0;0;0;0;0;0;0
FR;8;2022-08-03;0;0;0;0;0;0;0;0;0;0;0;0;0;0;0;0;0;0
FR;8;2022-08-04;0;0;0;0;0;0;0;0;0;0;0;0;0;0;0;0;0;0
FR;8;2022-08-05;0;0;0;0;0;0;0;0;0;0;0;0;0;0;0;0;0;0
FR;8;2022-08-06;0;0;0;0;0;0;0;0;0;0;0;0;0;0;0;0;0;0
FR;8;2022-08-07;0;0;0;0;0;0;0;0;0;0;0;0;0;0;0;0;0;0
FR;8;2022-08-08;0;0;0;0;0;0;0;0;0;0;0;0;0;0;0;0;0;0
FR;8;2022-08-09;0;0;0;0;0;0;0;0;0;0;0;0;0;0;0;0;0;0
FR;8;2022-08-10;0;0;0;0;0;0;0;0;0;0;0;0;0;0;0;0;0;0
FR;8;2022-08-11;0;0;0;0;0;0;0;0;0;0;0;0;0;0;0;0;0;0
FR;8;2022-08-12;0;0;0;0;0;0;0;0;0;0;0;0;0;0;0;0;0;0
FR;8;2022-08-13;0;0;0;0;0;0;0;0;0;0;0;0;0;0;0;0;0;0
FR;8;2022-08-14;0;0;0;0;0;0;0;0;0;0;0;0;0;0;0;0;0;0
FR;8;2022-08-15;0;0;0;0;0;0;0;0;0;0;0;0;0;0;0;0;0;0
FR;8;2022-08-16;0;0;0;0;0;0;0;0;0;0;0;0;0;0;0;0;0;0
FR;8;2022-08-17;0;0;0;0;0;0;0;0;0;0;0;0;0;0;0;0;0;0
FR;8;2022-08-18;0;0;0;0;0;0;0;0;0;0;0;0;0;0;0;0;0;0
FR;8;2022-08-19;0;0;0;0;0;0;0;0;0;0;0;0;0;0;0;0;0;0
FR;8;2022-08-20;0;0;0;0;0;0;0;0;0;0;0;0;0;0;0;0;0;0
FR;8;2022-08-21;0;0;0;0;0;0;0;0;0;0;0;0;0;0;0;0;0;0
FR;8;2022-08-22;0;0;0;0;0;0;0;0;0;0;0;0;0;0;0;0;0;0
FR;8;2022-08-23;0;0;0;0;0;0;0;0;0;0;0;0;0;0;0;0;0;0
FR;8;2022-08-24;0;0;0;0;0;0;0;0;0;0;0;0;0;0;0;0;0;0
FR;8;2022-08-25;0;0;0;0;0;0;0;0;0;0;0;0;0;0;0;0;0;0
FR;8;2022-08-26;0;0;0;0;0;0;0;0;0;0;0;0;0;0;0;0;0;0
FR;8;2022-08-27;0;0;0;0;0;0;0;0;0;0;0;0;0;0;0;0;0;0
FR;8;2022-08-28;0;0;0;0;0;0;0;0;0;0;0;0;0;0;0;0;0;0
FR;8;2022-08-29;0;0;0;0;0;0;0;0;0;0;0;0;0;0;0;0;0;0
FR;8;2022-08-30;0;0;0;0;0;0;0;0;0;0;0;0;0;0;0;0;0;0
FR;8;2022-08-31;0;0;0;0;0;0;0;0;0;0;0;0;0;0;0;0;0;0
FR;8;2022-09-01;0;0;0;0;0;0;0;0;0;0;0;0;0;0;0;0;0;0
FR;8;2022-09-02;0;0;0;0;0;0;0;0;0;0;0;0;0;0;0;0;0;0
FR;8;2022-09-03;0;0;0;0;0;0;0;0;0;0;0;0;0;0;0;0;0;0
FR;8;2022-09-04;0;0;0;0;0;0;0;0;0;0;0;0;0;0;0;0;0;0
FR;8;2022-09-05;0;0;0;0;0;0;0;0;0;0;0;0;0;0;0;0;0;0
FR;8;2022-09-06;0;0;0;0;0;0;0;0;0;0;0;0;0;0;0;0;0;0
FR;8;2022-09-07;0;0;0;0;0;0;0;0;0;0;0;0;0;0;0;0;0;0
FR;8;2022-09-08;0;0;0;0;0;0;0;0;0;0;0;0;0;0;0;0;0;0
FR;8;2022-09-09;0;0;0;0;0;0;0;0;0;0;0;0;0;0;0;0;0;0
FR;8;2022-09-10;0;0;0;0;0;0;0;0;0;0;0;0;0;0;0;0;0;0
FR;8;2022-09-11;0;0;0;0;0;0;0;0;0;0;0;0;0;0;0;0;0;0
FR;8;2022-09-12;0;0;0;0;0;0;0;0;0;0;0;0;0;0;0;0;0;0
FR;8;2022-09-13;0;0;0;0;0;0;0;0;0;0;0;0;0;0;0;0;0;0
FR;8;2022-09-14;0;0;0;0;0;0;0;0;0;0;0;0;0;0;0;0;0;0
FR;8;2022-09-15;0;0;0;0;0;0;0;0;0;0;0;0;0;0;0;0;0;0
FR;8;2022-09-16;0;0;0;0;0;0;0;0;0;0;0;0;0;0;0;0;0;0
FR;8;2022-09-17;0;0;0;0;0;0;0;0;0;0;0;0;0;0;0;0;0;0
FR;8;2022-09-18;0;0;0;0;0;0;0;0;0;0;0;0;0;0;0;0;0;0
FR;8;2022-09-19;0;0;0;0;0;0;0;0;0;0;0;0;0;0;0;0;0;0
FR;8;2022-09-20;0;0;0;0;0;0;0;0;0;0;0;0;0;0;0;0;0;0
FR;8;2022-09-21;0;0;0;0;0;0;0;0;0;0;0;0;0;0;0;0;0;0
FR;8;2022-09-22;0;0;0;0;0;0;0;0;0;0;0;0;0;0;0;0;0;0
FR;8;2022-09-23;0;0;0;0;0;0;0;0;0;0;0;0;0;0;0;0;0;0
FR;8;2022-09-24;0;0;0;0;0;0;0;0;0;0;0;0;0;0;0;0;0;0
FR;8;2022-09-25;0;0;0;0;0;0;0;0;0;0;0;0;0;0;0;0;0;0
FR;8;2022-09-26;0;0;0;0;0;0;0;0;0;0;0;0;0;0;0;0;0;0
FR;8;2022-09-27;0;0;0;0;0;0;0;0;0;0;0;0;0;0;0;0;0;0
FR;8;2022-09-28;0;0;0;0;0;0;0;0;0;0;0;0;0;0;0;0;0;0
FR;8;2022-09-29;0;0;0;0;0;0;0;0;0;0;0;0;0;0;0;0;0;0
FR;8;2022-09-30;0;0;0;0;0;0;0;0;0;0;0;0;0;0;0;0;0;0
FR;8;2022-10-01;0;0;0;0;0;0;0;0;0;0;0;0;0;0;0;0;0;0
FR;8;2022-10-02;0;0;0;0;0;0;0;0;0;0;0;0;0;0;0;0;0;0
FR;8;2022-10-03;0;0;0;0;0;0;0;0;0;0;0;0;0;0;0;0;0;0
FR;8;2022-10-04;0;0;0;0;0;0;0;0;0;0;0;0;0;0;0;0;0;0
FR;8;2022-10-05;0;0;0;0;0;0;0;0;0;0;0;0;0;0;0;0;0;0
FR;8;2022-10-06;13;17;113;861;8;83;866;1059;110;13;17;113;861;8;83;866;1059;110
FR;8;2022-10-07;75;103;842;8012;63;699;8066;9845;1073;88;120;955;8873;71;782;8932;10904;1183
FR;8;2022-10-08;36;115;610;4057;50;516;4109;5310;676;124;235;1565;12930;121;1298;13041;16214;1859
FR;8;2022-10-09;17;22;145;885;13;132;913;1234;185;141;257;1710;13815;134;1430;13954;17448;2044
FR;8;2022-10-10;122;192;1351;12751;106;1044;12982;16301;2253;263;449;3061;26566;240;2474;26936;33749;4297
FR;8;2022-10-11;192;264;2476;26927;136;2012;27198;33964;4717;455;713;5537;53493;376;4486;54134;67713;9014
FR;8;2022-10-12;159;258;1831;18238;152;1441;18474;23474;3535;614;971;7368;71731;528;5927;72608;91187;12549
FR;8;2022-10-13;209;281;2512;28077;178;1905;28441;35580;5206;823;1252;9880;99808;706;7832;101049;126767;17755
FR;8;2022-10-14;257;419;3272;36247;241;2557;36672;45578;6307;1080;1671;13152;136055;947;10389;137721;172345;24062
FR;8;2022-10-15;105;182;1203;8806;79;1002;8932;11783;1829;1185;1853;14355;144861;1026;11391;146653;184128;25891
FR;8;2022-10-16;34;54;248;1522;26;215;1557;2179;402;1219;1907;14603;146383;1052;11606;148210;186307;26293
FR;8;2022-10-17;158;313;2101;21806;175;1631;22113;28302;4536;1377;2220;16704;168189;1227;13237;170323;214609;30829
FR;8;2022-10-18;273;350;3356;37862;227;2654;38245;50787;9815;1650;2570;20060;206051;1454;15891;208568;265396;40644
FR;8;2022-10-19;201;314;2632;28300;183;2187;28620;38730;7862;1851;2884;22692;234351;1637;18078;237188;304126;48506
FR;8;2022-10-20;257;368;3577;41208;229;2653;41813;55718;11167;2108;3252;26269;275559;1866;20731;279001;359844;59673
FR;8;2022-10-21;326;489;4461;49419;276;3475;50018;66308;12716;2434;3741;30730;324978;2142;24206;329019;426152;72389
FR;8;2022-10-22;127;168;1230;10664;111;927;10850;14745;2949;2561;3909;31960;335642;2253;25133;339869;440897;75338
FR;8;2022-10-23;50;53;266;1762;48;197;1841;2610;571;2611;3962;32226;337404;2301;25330;341710;443507;75909
FR;8;2022-10-24;231;311;2475;24044;174;2074;24342;33551;7084;2842;4273;34701;361448;2475;27404;366052;477058;82993
FR;8;2022-10-25;307;417;4081;43465;257;3138;44064;61313;14008;3149;4690;38782;404913;2732;30542;410116;538371;97001
FR;8;2022-10-26;227;343;2885;28761;186;2381;29040;41472;9963;3376;5033;41667;433674;2918;32923;439156;579843;106964
FR;8;2022-10-27;277;415;3329;36200;243;2635;36676;51265;11889;3653;5448;44996;469874;3161;35558;475832;631108;118853
FR;8;2022-10-28;329;466;3829;39477;258;2864;40200;55133;12000;3982;5914;48825;509351;3419;38422;516032;686241;130853
FR;8;2022-10-29;113;165;1074;8230;94;803;8374;11861;2667;4095;6079;49899;517581;3513;39225;524406;698102;133520
FR;8;2022-10-30;40;53;210;1348;38;180;1394;2063;485;4135;6132;50109;518929;3551;39405;525800;700165;134005
FR;8;2022-10-31;196;260;1665;14543;145;1277;14808;21209;5106;4331;6392;51774;533472;3696;40682;540608;721374;139111
FR;8;2022-11-01;47;42;137;963;24;171;978;1626;474;4378;6434;51911;534435;3720;40853;541586;723000;139585
FR;8;2022-11-02;198;371;2377;23320;205;1982;23714;35065;9302;4576;6805;54288;557755;3925;42835;565300;758065;148887
FR;8;2022-11-03;311;418;3487;36969;258;2604;37612;54691;14376;4887;7223;57775;594724;4183;45439;602912;812756;163263
FR;8;2022-11-04;356;497;3783;40210;261;2976;40732;57998;14179;5243;7720;61558;634934;4444;48415;643644;870754;177442
FR;8;2022-11-05;113;187;1103;8769;121;850;8936;12891;3070;5356;7907;62661;643703;4565;49265;652580;883645;180512
FR;8;2022-11-06;45;56;224;1409;38;205;1442;2250;593;5401;7963;62885;645112;4603;49470;654022;885895;181105
FR;8;2022-11-07;251;281;2324;24844;208;1799;25432;37630;10331;5652;8244;65209;669956;4811;51269;679454;923525;191436
FR;8;2022-11-08;357;506;4340;48401;307;3266;49380;71628;18820;6009;8750;69549;718357;5118;54535;728834;995153;210256
FR;8;2022-11-09;269;370;2879;29182;212;2263;29867;44485;12271;6278;9120;72428;747539;5330;56798;758701;1039638;222527
FR;8;2022-11-10;368;539;3958;40291;308;3028;41203;60577;16206;6646;9659;76386;787830;5638;59826;799904;1100215;238733
FR;8;2022-11-11;40;63;243;1479;34;204;1525;2675;933;6686;9722;76629;789309;5672;60030;801429;1102890;239666
FR;8;2022-11-12;84;165;881;6433;79;687;6636;9894;2552;6770;9887;77510;795742;5751;60717;808065;1112784;242218
FR;8;2022-11-13;36;54;213;1110;35;173;1162;1927;586;6806;9941;77723;796852;5786;60890;809227;1114711;242804
FR;8;2022-11-14;235;307;2242;22451;168;1725;23002;35096;10294;7041;10248;79965;819303;5954;62615;832229;1149807;253098
FR;8;2022-11-15;345;429;3766;42361;263;2871;43268;64817;18544;7386;10677;83731;861664;6217;65486;875497;1214624;271642
FR;8;2022-11-16;308;353;2621;26555;221;2158;27028;41768;12497;7694;11030;86352;888219;6438;67644;902525;1256392;284139
FR;8;2022-11-17;373;431;3386;36875;293;2617;37453;56663;16494;8067;11461;89738;925094;6731;70261;939978;1313055;300633
FR;8;2022-11-18;346;467;4073;42326;289;2977;43177;63687;17429;8413;11928;93811;967420;7020;73238;983155;1376742;318062
FR;8;2022-11-19;121;182;1198;8974;121;844;9156;13833;3795;8534;12110;95009;976394;7141;74082;992311;1390575;321857
FR;8;2022-11-20;35;54;260;1585;38;217;1653;2663;788;8569;12164;95269;977979;7179;74299;993964;1393238;322645
FR;8;2022-11-21;218;303;2078;20125;178;1601;20656;32172;9848;8787;12467;97347;998104;7357;75900;1014620;1425410;332493
FR;8;2022-11-22;337;408;3472;37565;252;2671;38080;58184;17322;9124;12875;100819;1035669;7609;78571;1052700;1483594;349815
FR;8;2022-11-23;233;327;2415;24439;192;2018;24868;39226;12258;9357;13202;103234;1060108;7801;80589;1077568;1522820;362073
FR;8;2022-11-24;349;391;3373;34914;238;2581;35602;55361;17079;9706;13593;106607;1095022;8039;83170;1113170;1578181;379152
FR;8;2022-11-25;309;428;3633;37739;290;2625;38537;57853;16567;10015;14021;110240;1132761;8329;85795;1151707;1636034;395719
FR;8;2022-11-26;172;195;1177;8819;127;898;8976;13689;3784;10187;14216;111417;1141580;8456;86693;1160683;1649723;399503
FR;8;2022-11-27;45;43;227;1545;38;180;1561;2472;721;10232;14259;111644;1143125;8494;86873;1162244;1652195;400224
FR;8;2022-11-28;184;301;2309;23380;172;1703;24044;37329;11508;10416;14560;113953;1166505;8666;88576;1186288;1689524;411732
FR;8;2022-11-29;293;428;3978;44084;217;2943;44770;69162;21326;10709;14988;117931;1210589;8883;91519;1231058;1758686;433058
FR;8;2022-11-30;283;411;3376;34887;227;2544;35651;54722;16409;10992;15399;121307;1245476;9110;94063;1266709;1813408;449467
FR;8;2022-12-01;334;476;4476;49364;274;3130;50140;77704;24271;11326;15875;125783;1294840;9384;97193;1316849;1891112;473738
FR;8;2022-12-02;408;521;5438;58450;305;3742;59629;89816;26255;11734;16396;131221;1353290;9689;100935;1376478;1980928;499993
FR;8;2022-12-03;178;218;1917;16860;108;1327;17272;25842;7207;11912;16614;133138;1370150;9797;102262;1393750;2006770;507200
FR;8;2022-12-04;53;90;489;4056;59;404;4116;6288;1756;11965;16704;133627;1374206;9856;102666;1397866;2013058;508956
FR;8;2022-12-05;291;405;3848;42365;248;2515;43288;66941;20989;12256;17109;137475;1416571;10104;105181;1441154;2079999;529945
FR;8;2022-12-06;427;548;6299;74322;307;4213;75741;117942;37742;12683;17657;143774;1490893;10411;109394;1516895;2197941;567687
FR;8;2022-12-07;363;438;4908;55025;266;3244;56111;87691;28141;13046;18095;148682;1545918;10677;112638;1573006;2285632;595828
FR;8;2022-12-08;453;538;6447;75451;296;4196;77035;120477;38985;13499;18633;155129;1621369;10973;116834;1650041;2406109;634813
FR;8;2022-12-09;546;605;8021;90900;357;5214;92667;143007;44858;14045;19238;163150;1712269;11330;122048;1742708;2549116;679671
FR;8;2022-12-10;264;337;3341;31718;204;2089;32564;48738;13994;14309;19575;166491;1743987;11534;124137;1775272;2597854;693665
FR;8;2022-12-11;90;104;937;7865;66;644;8083;11892;3145;14399;19679;167428;1751852;11600;124781;1783355;2609746;696810
FR;8;2022-12-12;356;464;5857;64345;255;3727;65857;103397;33615;14755;20143;173285;1816197;11855;128508;1849212;2713143;730425
FR;8;2022-12-13;535;612;8428;99111;358;5198;101554;160209;53122;15290;20755;181713;1915308;12213;133706;1950766;2873352;783547
FR;8;2022-12-14;457;534;6363;70055;307;4211;71637;113496;37378;15747;21289;188076;1985363;12520;137917;2022403;2986848;820925
FR;8;2022-12-15;491;656;8161;91746;372;5141;93957;149259;49820;16238;21945;196237;2077109;12892;143058;2116360;3136107;870745
FR;8;2022-12-16;580;712;8875;100312;388;5707;102443;161928;53403;16818;22657;205112;2177421;13280;148765;2218803;3298035;924148
FR;8;2022-12-17;234;308;3145;30070;190;2004;30841;46780;13830;17052;22965;208257;2207491;13470;150769;2249644;3344815;937978
FR;8;2022-12-18;63;94;732;5974;50;499;6122;9296;2646;17115;23059;208989;2213465;13520;151268;2255766;3354111;940624
FR;8;2022-12-19;400;453;5344;53767;265;3368;55330;87759;28879;17515;23512;214333;2267232;13785;154636;2311096;3441870;969503
FR;8;2022-12-20;555;581;7347;76590;348;4754;78687;127122;43353;18070;24093;221680;2343822;14133;159390;2389783;3568992;1012856
FR;8;2022-12-21;424;482;4970;48808;288;3325;50100;81783;28160;18494;24575;226650;2392630;14421;162715;2439883;3650775;1041016
FR;8;2022-12-22;463;526;4588;44281;315;3188;45501;74792;25948;18957;25101;231238;2436911;14736;165903;2485384;3725567;1066964
FR;8;2022-12-23;320;390;2886;25049;253;2101;25697;42323;14407;19277;25491;234124;2461960;14989;168004;2511081;3767890;1081371
FR;8;2022-12-24;70;70;395;2551;41;295;2665;4151;1174;19347;25561;234519;2464511;15030;168299;2513746;3772041;1082545
FR;8;2022-12-25;29;30;106;546;22;84;567;914;260;19376;25591;234625;2465057;15052;168383;2514313;3772955;1082805
FR;8;2022-12-26;244;276;2158;16080;178;1501;16701;26791;8494;19620;25867;236783;2481137;15230;169884;2531014;3799746;1091299
FR;8;2022-12-27;392;452;3775;32412;264;2532;33508;55307;19120;20012;26319;240558;2513549;15494;172416;2564522;3855053;1110419
FR;8;2022-12-28;343;342;2941;24666;191;2055;25254;41763;14334;20355;26661;243499;2538215;15685;174471;2589776;3896816;1124753
FR;8;2022-12-29;298;408;3159;25513;226;2187;26465;43973;15191;20653;27069;246658;2563728;15911;176658;2616241;3940789;1139944
FR;8;2022-12-30;299;344;2445;18677;217;1703;19319;31741;10611;20952;27413;249103;2582405;16128;178361;2635560;3972530;1150555
FR;8;2022-12-31;92;117;453;2959;75;364;3102;4755;1269;21044;27530;249556;2585364;16203;178725;2638662;3977285;1151824
FR;8;2023-01-01;17;30;112;661;14;85;684;995;225;21061;27560;249668;2586025;16217;178810;2639346;3978280;1152049
FR;8;2023-01-02;272;410;2263;18212;243;1609;18672;32034;11668;21333;27970;251931;2604237;16460;180419;2658018;4010314;1163717
FR;8;2023-01-03;471;542;4249;42803;322;2913;43719;80841;33886;21804;28512;256180;2647040;16782;183332;2701737;4091155;1197603
FR;8;2023-01-04;409;473;3494;29984;291;2424;30739;58275;24925;22213;28985;259674;2677024;17073;185756;2732476;4149430;1222528
FR;8;2023-01-05;504;597;4370;41813;400;2933;42707;82000;36039;22717;29582;264044;2718837;17473;188689;2775183;4231430;1258567
FR;8;2023-01-06;515;670;5107;46735;406;3343;47750;89693;38269;23232;30252;269151;2765572;17879;192032;2822933;4321123;1296836
FR;8;2023-01-07;218;289;1703;12300;182;1198;12614;22347;8435;23450;30541;270854;2777872;18061;193230;2835547;4343470;1305271
FR;8;2023-01-08;68;105;443;2744;64;312;2839;5094;1926;23518;30646;271297;2780616;18125;193542;2838386;4348564;1307197
FR;8;2023-01-09;402;480;2621;21477;312;1841;22050;44576;20465;23920;31126;273918;2802093;18437;195383;2860436;4393140;1327662
FR;8;2023-01-10;462;622;4347;40172;387;3064;40936;85037;40653;24382;31748;278265;2842265;18824;198447;2901372;4478177;1368315
FR;8;2023-01-11;349;457;2948;24112;285;2113;24623;51471;24443;24731;32205;281213;2866377;19109;200560;2925995;4529648;1392758
FR;8;2023-01-12;410;540;3656;33167;330;2573;33788;70818;34087;25141;32745;284869;2899544;19439;203133;2959783;4600466;1426845
FR;8;2023-01-13;447;590;4048;34891;339;2862;35485;72857;34131;25588;33335;288917;2934435;19778;205995;2995268;4673323;1460976
FR;8;2023-01-14;178;229;1338;8857;123;955;9039;17179;7105;25766;33564;290255;2943292;19901;206950;3004307;4690502;1468081
FR;8;2023-01-15;63;87;329;1475;53;244;1581;3172;1335;25829;33651;290584;2944767;19954;207194;3005888;4693674;1469416
FR;8;2023-01-16;267;339;1997;15749;198;1433;16010;35206;17560;26096;33990;292581;2960516;20152;208627;3021898;4728880;1486976
FR;8;2023-01-17;361;453;3247;28163;281;2320;28670;64504;33107;26457;34443;295828;2988679;20433;210947;3050568;4793384;1520083
FR;8;2023-01-18;266;407;2191;16821;247;1668;17063;38330;19344;26723;34850;298019;3005500;20680;212615;3067631;4831714;1539427
FR;8;2023-01-19;355;413;2666;22301;251;1946;22653;51208;26237;27078;35263;300685;3027801;20931;214561;3090284;4882922;1565664
FR;8;2023-01-20;405;506;3175;24804;306;2340;25286;56593;28586;27483;35769;303860;3052605;21237;216901;3115570;4939515;1594250
FR;8;2023-01-21;147;189;1003;6114;102;731;6241;12898;5829;27630;35958;304863;3058719;21339;217632;3121811;4952413;1600079
FR;8;2023-01-22;31;52;156;833;23;138;878;1880;844;27661;36010;305019;3059552;21362;217770;3122689;4954293;1600923
FR;8;2023-01-23;213;299;1588;10613;163;1162;10833;26664;14421;27874;36309;306607;3070165;21525;218932;3133522;4980957;1615344
FR;8;2023-01-24;304;416;2407;19965;247;1795;20233;49855;27409;28178;36725;309014;3090130;21772;220727;3153755;5030812;1642753
FR;8;2023-01-25;241;376;1799;12091;228;1323;12492;29958;15877;28419;37101;310813;3102221;22000;222050;3166247;5060770;1658630
FR;8;2023-01-26;299;381;2215;16481;261;1637;16753;41495;22716;28718;37482;313028;3118702;22261;223687;3183000;5102265;1681346
FR;8;2023-01-27;311;487;2458;17866;292;1841;18101;44174;23808;29029;37969;315486;3136568;22553;225528;3201101;5146439;1705154
FR;8;2023-01-28;125;187;766;4327;124;599;4442;9721;4591;29154;38156;316252;3140895;22677;226127;3205543;5156160;1709745
FR;8;2023-01-29;26;43;86;438;28;67;470;1058;513;29180;38199;316338;3141333;22705;226194;3206013;5157218;1710258
FR;8;2023-01-30;207;314;1224;7958;186;1010;8121;20443;11063;29387;38513;317562;3149291;22891;227204;3214134;5177661;1721321
FR;8;2023-01-31;272;381;1911;13586;234;1418;13812;36221;20700;29659;38894;319473;3162877;23125;228622;3227946;5213882;1742021
FR;8;2023-02-01;247;343;1331;8018;222;1089;8138;21684;12179;29906;39237;320804;3170895;23347;229711;3236084;5235566;1754200
FR;8;2023-02-02;257;383;1572;11458;231;1280;11680;31026;17705;30163;39620;322376;3182353;23578;230991;3247764;5266592;1771905
FR;8;2023-02-03;279;447;1847;12103;285;1435;12287;32943;18841;30442;40067;324223;3194456;23863;232426;3260051;5299535;1790746
FR;8;2023-02-04;117;158;568;2953;108;461;2995;7183;3656;30559;40225;324791;3197409;23971;232887;3263046;5306718;1794402
FR;8;2023-02-05;10;53;65;224;31;60;239;571;264;30569;40278;324856;3197633;24002;232947;3263285;5307289;1794666
FR;8;2023-02-06;184;241;939;5165;169;702;5347;14998;8717;30753;40519;325795;3202798;24171;233649;3268632;5322287;1803383
FR;8;2023-02-07;234;386;1454;9411;260;1180;9548;27521;16385;30987;40905;327249;3212209;24431;234829;3278180;5349808;1819768
FR;8;2023-02-08;172;249;1018;5839;171;807;5985;16522;9449;31159;41154;328267;3218048;24602;235636;3284165;5366330;1829217
FR;8;2023-02-09;236;384;1175;7541;246;983;7725;22219;13183;31395;41538;329442;3225589;24848;236619;3291890;5388549;1842400
FR;8;2023-02-10;277;362;1397;7952;244;1157;8085;23119;13495;31672;41900;330839;3233541;25092;237776;3299975;5411668;1855895
FR;8;2023-02-11;88;145;470;2015;100;402;2092;5227;2664;31760;42045;331309;3235556;25192;238178;3302067;5416895;1858559
FR;8;2023-02-12;26;31;51;163;25;45;184;425;189;31786;42076;331360;3235719;25217;238223;3302251;5417320;1858748
FR;8;2023-02-13;131;205;670;3153;129;607;3247;9276;5285;31917;42281;332030;3238872;25346;238830;3305498;5426596;1864033
FR;8;2023-02-14;189;263;1061;5689;159;886;5838;17092;10070;32106;42544;333091;3244561;25505;239716;3311336;5443688;1874103
FR;8;2023-02-15;163;254;847;3874;145;725;4047;11819;6845;32269;42798;333938;3248435;25650;240441;3315383;5455507;1880948
FR;8;2023-02-16;168;305;999;4915;172;851;5060;14613;8452;32437;43103;334937;3253350;25822;241292;3320443;5470120;1889400
FR;8;2023-02-17;227;317;1101;5201;223;941;5424;15936;9312;32664;43420;336038;3258551;26045;242233;3325867;5486056;1898712
FR;8;2023-02-18;95;130;395;1491;86;312;1565;3902;1969;32759;43550;336433;3260042;26131;242545;3327432;5489958;1900681
FR;8;2023-02-19;22;36;43;132;31;35;135;333;159;32781;43586;336476;3260174;26162;242580;3327567;5490291;1900840
FR;8;2023-02-20;140;257;633;2670;161;587;2785;8173;4655;32921;43843;337109;3262844;26323;243167;3330352;5498464;1905495
FR;8;2023-02-21;177;307;962;4285;163;835;4490;13542;7940;33098;44150;338071;3267129;26486;244002;3334842;5512006;1913435
FR;8;2023-02-22;156;254;662;2768;170;621;2801;8632;5042;33254;44404;338733;3269897;26656;244623;3337643;5520638;1918477
FR;8;2023-02-23;151;260;825;3774;153;732;3951;11823;6861;33405;44664;339558;3273671;26809;245355;3341594;5532461;1925338
FR;8;2023-02-24;158;311;952;4107;191;826;4292;12417;7060;33563;44975;340510;3277778;27000;246181;3345886;5544878;1932398
FR;8;2023-02-25;57;101;344;1058;68;274;1113;2940;1495;33620;45076;340854;3278836;27068;246455;3346999;5547818;1933893
FR;8;2023-02-26;14;21;31;95;22;28;108;249;106;33634;45097;340885;3278931;27090;246483;3347107;5548067;1933999
FR;8;2023-02-27;92;221;506;1829;152;481;1898;6240;3724;33726;45318;341391;3280760;27242;246964;3349005;5554307;1937723
FR;8;2023-02-28;156;256;753;3332;152;715;3459;11598;7129;33882;45574;342144;3284092;27394;247679;3352464;5565905;1944852
FR;8;2023-03-01;130;195;521;1830;145;459;1982;6235;3647;34012;45769;342665;3285922;27539;248138;3354446;5572140;1948499
FR;8;2023-03-02;129;217;714;2763;132;607;2954;9692;5901;34141;45986;343379;3288685;27671;248745;3357400;5581832;1954400
FR;8;2023-03-03;179;329;894;3404;218;791;3532;11211;6577;34320;46315;344273;3292089;27889;249536;3360932;5593043;1960977
FR;8;2023-03-04;58;134;311;975;81;294;981;2629;1295;34378;46449;344584;3293064;27970;249830;3361913;5595672;1962272
FR;8;2023-03-05;12;19;20;49;15;24;49;183;99;34390;46468;344604;3293113;27985;249854;3361962;5595855;1962371
FR;8;2023-03-06;117;177;413;1309;102;393;1368;4420;2521;34507;46645;345017;3294422;28087;250247;3363330;5600275;1964892
FR;8;2023-03-07;120;210;566;2152;126;523;2228;7508;4567;34627;46855;345583;3296574;28213;250770;3365558;5607783;1969459
FR;8;2023-03-08;91;174;447;1329;107;397;1417;4713;2746;34718;47029;346030;3297903;28320;251167;3366975;5612496;1972205
FR;8;2023-03-09;116;200;556;1866;122;520;1926;6749;4131;34834;47229;346586;3299769;28442;251687;3368901;5619245;1976336
FR;8;2023-03-10;198;329;764;2398;208;690;2518;8511;5064;35032;47558;347350;3302167;28650;252377;3371419;5627756;1981400
FR;8;2023-03-11;54;114;271;734;78;236;768;2152;1096;35086;47672;347621;3302901;28728;252613;3372187;5629908;1982496
FR;8;2023-03-12;6;10;23;60;8;22;61;172;85;35092;47682;347644;3302961;28736;252635;3372248;5630080;1982581
FR;8;2023-03-13;80;137;384;990;88;343;1067;3423;1923;35172;47819;348028;3303951;28824;252978;3373315;5633503;1984504
FR;8;2023-03-14;110;210;560;1732;124;544;1807;6366;3809;35282;48029;348588;3305683;28948;253522;3375122;5639869;1988313
FR;8;2023-03-15;104;166;406;1096;117;370;1167;4043;2359;35386;48195;348994;3306779;29065;253892;3376289;5643912;1990672
FR;8;2023-03-16;99;192;503;1495;124;460;1580;5572;3337;35485;48387;349497;3308274;29189;254352;3377869;5649484;1994009
FR;8;2023-03-17;138;219;642;1830;135;559;1976;6794;4014;35623;48606;350139;3310104;29324;254911;3379845;5656278;1998023
FR;8;2023-03-18;75;111;272;527;70;258;586;1849;944;35698;48717;350411;3310631;29394;255169;3380431;5658127;1998967
FR;8;2023-03-19;3;15;23;45;15;12;51;115;49;35701;48732;350434;3310676;29409;255181;3380482;5658242;1999016
FR;8;2023-03-20;84;171;403;922;95;401;1003;3497;1962;35785;48903;350837;3311598;29504;255582;3381485;5661739;2000978
FR;8;2023-03-21;126;201;570;1504;118;547;1675;6098;3630;35911;49104;351407;3313102;29622;256129;3383160;5667837;2004608
FR;8;2023-03-22;118;157;394;933;105;369;1046;3621;2080;36029;49261;351801;3314035;29727;256498;3384206;5671458;2006688
FR;8;2023-03-23;87;160;514;1271;89;457;1359;4827;2804;36116;49421;352315;3315306;29816;256955;3385565;5676285;2009492
FR;8;2023-03-24;142;265;694;1613;157;633;1782;6219;3548;36258;49686;353009;3316919;29973;257588;3387347;5682504;2013040
FR;8;2023-03-25;58;93;273;491;70;239;545;1612;758;36316;49779;353282;3317410;30043;257827;3387892;5684116;2013798
FR;8;2023-03-26;6;9;16;30;8;13;30;83;38;36322;49788;353298;3317440;30051;257840;3387922;5684199;2013836
FR;8;2023-03-27;108;170;406;789;125;385;877;3123;1739;36430;49958;353704;3318229;30176;258225;3388799;5687322;2015575
FR;8;2023-03-28;111;178;527;1446;98;483;1580;5786;3440;36541;50136;354231;3319675;30274;258708;3390379;5693108;2019015
FR;8;2023-03-29;90;167;369;890;86;361;1027;3542;1966;36631;50303;354600;3320565;30360;259069;3391406;5696650;2020981
FR;8;2023-03-30;99;172;483;1246;88;478;1389;5039;2876;36730;50475;355083;3321811;30448;259547;3392795;5701689;2023857
FR;8;2023-03-31;127;247;636;1615;166;556;1755;6367;3692;36857;50722;355719;3323426;30614;260103;3394550;5708056;2027549
FR;8;2023-04-01;57;105;283;537;52;241;625;1825;867;36914;50827;356002;3323963;30666;260344;3395175;5709881;2028416
FR;8;2023-04-02;5;21;20;32;12;26;34;99;39;36919;50848;356022;3323995;30678;260370;3395209;5709980;2028455
FR;8;2023-04-03;71;133;355;736;87;324;831;2932;1609;36990;50981;356377;3324731;30765;260694;3396040;5712912;2030064
FR;8;2023-04-04;77;176;458;1091;117;378;1242;4851;2873;37067;51157;356835;3325822;30882;261072;3397282;5717763;2032937
FR;8;2023-04-05;69;134;344;716;85;328;806;3105;1766;37136;51291;357179;3326538;30967;261400;3398088;5720868;2034703
FR;8;2023-04-06;91;118;365;950;73;331;1059;3916;2230;37227;51409;357544;3327488;31040;261731;3399147;5724784;2036933
FR;8;2023-04-07;119;208;487;1157;125;446;1277;4617;2574;37346;51617;358031;3328645;31165;262177;3400424;5729401;2039507
FR;8;2023-04-08;31;93;205;346;56;200;381;1210;538;37377;51710;358236;3328991;31221;262377;3400805;5730611;2040045
FR;8;2023-04-09;3;11;16;12;4;19;16;52;15;37380;51721;358252;3329003;31225;262396;3400821;5730663;2040060
FR;8;2023-04-10;6;10;22;27;4;21;36;86;25;37386;51731;358274;3329030;31229;262417;3400857;5730749;2040085
FR;8;2023-04-11;73;170;457;873;90;449;975;3954;2169;37459;51901;358731;3329903;31319;262866;3401832;5734703;2042254
FR;8;2023-04-12;74;135;302;657;89;294;709;2912;1637;37533;52036;359033;3330560;31408;263160;3402541;5737615;2043891
FR;8;2023-04-13;67;162;353;847;96;343;937;3852;2209;37600;52198;359386;3331407;31504;263503;3403478;5741467;2046100
FR;8;2023-04-14;118;188;461;1111;124;413;1182;4792;2765;37718;52386;359847;3332518;31628;263916;3404660;5746259;2048865
FR;8;2023-04-15;30;79;179;364;41;178;391;1344;625;37748;52465;360026;3332882;31669;264094;3405051;5747603;2049490
FR;8;2023-04-16;14;12;11;32;10;14;28;96;39;37762;52477;360037;3332914;31679;264108;3405079;5747699;2049529
FR;8;2023-04-17;54;131;275;539;70;288;627;2710;1467;37816;52608;360312;3333453;31749;264396;3405706;5750409;2050996
FR;8;2023-04-18;93;134;350;791;81;354;875;3838;2173;37909;52742;360662;3334244;31830;264750;3406581;5754247;2053169
FR;8;2023-04-19;62;90;261;545;59;237;635;2576;1358;37971;52832;360923;3334789;31889;264987;3407216;5756823;2054527
FR;8;2023-04-20;63;133;280;692;81;274;722;3083;1711;38034;52965;361203;3335481;31970;265261;3407938;5759906;2056238
FR;8;2023-04-21;81;171;380;868;91;380;989;3929;2083;38115;53136;361583;3336349;32061;265641;3408927;5763835;2058321
FR;8;2023-04-22;25;62;124;226;35;135;248;990;489;38140;53198;361707;3336575;32096;265776;3409175;5764825;2058810
FR;8;2023-04-23;2;5;12;14;4;12;17;57;20;38142;53203;361719;3336589;32100;265788;3409192;5764882;2058830
FR;8;2023-04-24;66;108;235;468;63;218;544;2139;1082;38208;53311;361954;3337057;32163;266006;3409736;5767021;2059912
FR;8;2023-04-25;81;131;318;725;81;330;774;3695;2002;38289;53442;362272;3337782;32244;266336;3410510;5770716;2061914
FR;8;2023-04-26;53;86;235;431;65;227;498;2222;1156;38342;53528;362507;3338213;32309;266563;3411008;5772938;2063070
FR;8;2023-04-27;80;111;272;663;67;276;729;3199;1693;38422;53639;362779;3338876;32376;266839;3411737;5776137;2064763
FR;8;2023-04-28;105;187;349;726;95;366;833;3720;1878;38527;53826;363128;3339602;32471;267205;3412570;5779857;2066641
FR;8;2023-04-29;50;51;119;229;37;110;266;961;435;38577;53877;363247;3339831;32508;267315;3412836;5780818;2067076
FR;8;2023-04-30;1;7;8;9;3;8;10;39;16;38578;53884;363255;3339840;32511;267323;3412846;5780857;2067092
FR;9;2020-12-27;0;0;0;0;0;0;0;0;0;0;0;0;0;0;0;0;0;0
FR;9;2020-12-28;0;0;0;0;0;0;0;0;0;0;0;0;0;0;0;0;0;0
FR;9;2020-12-29;0;0;0;0;0;0;0;0;0;0;0;0;0;0;0;0;0;0
FR;9;2020-12-30;0;0;0;0;0;0;0;0;0;0;0;0;0;0;0;0;0;0
FR;9;2020-12-31;0;0;0;0;0;0;0;0;0;0;0;0;0;0;0;0;0;0
FR;9;2021-01-01;0;0;0;0;0;0;0;0;0;0;0;0;0;0;0;0;0;0
FR;9;2021-01-02;0;0;0;0;0;0;0;0;0;0;0;0;0;0;0;0;0;0
FR;9;2021-01-03;0;0;0;0;0;0;0;0;0;0;0;0;0;0;0;0;0;0
FR;9;2021-01-04;0;0;0;0;0;0;0;0;0;0;0;0;0;0;0;0;0;0
FR;9;2021-01-05;0;0;0;0;0;0;0;0;0;0;0;0;0;0;0;0;0;0
FR;9;2021-01-06;0;0;0;0;0;0;0;0;0;0;0;0;0;0;0;0;0;0
FR;9;2021-01-07;0;0;0;0;0;0;0;0;0;0;0;0;0;0;0;0;0;0
FR;9;2021-01-08;0;0;0;0;0;0;0;0;0;0;0;0;0;0;0;0;0;0
FR;9;2021-01-09;0;0;0;0;0;0;0;0;0;0;0;0;0;0;0;0;0;0
FR;9;2021-01-10;0;0;0;0;0;0;0;0;0;0;0;0;0;0;0;0;0;0
FR;9;2021-01-11;0;0;0;0;0;0;0;0;0;0;0;0;0;0;0;0;0;0
FR;9;2021-01-12;0;0;0;0;0;0;0;0;0;0;0;0;0;0;0;0;0;0
FR;9;2021-01-13;0;0;0;0;0;0;0;0;0;0;0;0;0;0;0;0;0;0
FR;9;2021-01-14;0;0;0;0;0;0;0;0;0;0;0;0;0;0;0;0;0;0
FR;9;2021-01-15;0;0;0;0;0;0;0;0;0;0;0;0;0;0;0;0;0;0
FR;9;2021-01-16;0;0;0;0;0;0;0;0;0;0;0;0;0;0;0;0;0;0
FR;9;2021-01-17;0;0;0;0;0;0;0;0;0;0;0;0;0;0;0;0;0;0
FR;9;2021-01-18;0;0;0;0;0;0;0;0;0;0;0;0;0;0;0;0;0;0
FR;9;2021-01-19;0;0;0;0;0;0;0;0;0;0;0;0;0;0;0;0;0;0
FR;9;2021-01-20;0;0;0;0;0;0;0;0;0;0;0;0;0;0;0;0;0;0
FR;9;2021-01-21;0;0;0;0;0;0;0;0;0;0;0;0;0;0;0;0;0;0
FR;9;2021-01-22;0;0;0;0;0;0;0;0;0;0;0;0;0;0;0;0;0;0
FR;9;2021-01-23;0;0;0;0;0;0;0;0;0;0;0;0;0;0;0;0;0;0
FR;9;2021-01-24;0;0;0;0;0;0;0;0;0;0;0;0;0;0;0;0;0;0
FR;9;2021-01-25;0;0;0;0;0;0;0;0;0;0;0;0;0;0;0;0;0;0
FR;9;2021-01-26;0;0;0;0;0;0;0;0;0;0;0;0;0;0;0;0;0;0
FR;9;2021-01-27;0;0;0;0;0;0;0;0;0;0;0;0;0;0;0;0;0;0
FR;9;2021-01-28;0;0;0;0;0;0;0;0;0;0;0;0;0;0;0;0;0;0
FR;9;2021-01-29;0;0;0;0;0;0;0;0;0;0;0;0;0;0;0;0;0;0
FR;9;2021-01-30;0;0;0;0;0;0;0;0;0;0;0;0;0;0;0;0;0;0
FR;9;2021-01-31;0;0;0;0;0;0;0;0;0;0;0;0;0;0;0;0;0;0
FR;9;2021-02-01;0;0;0;0;0;0;0;0;0;0;0;0;0;0;0;0;0;0
FR;9;2021-02-02;0;0;0;0;0;0;0;0;0;0;0;0;0;0;0;0;0;0
FR;9;2021-02-03;0;0;0;0;0;0;0;0;0;0;0;0;0;0;0;0;0;0
FR;9;2021-02-04;0;0;0;0;0;0;0;0;0;0;0;0;0;0;0;0;0;0
FR;9;2021-02-05;0;0;0;0;0;0;0;0;0;0;0;0;0;0;0;0;0;0
FR;9;2021-02-06;0;0;0;0;0;0;0;0;0;0;0;0;0;0;0;0;0;0
FR;9;2021-02-07;0;0;0;0;0;0;0;0;0;0;0;0;0;0;0;0;0;0
FR;9;2021-02-08;0;0;0;0;0;0;0;0;0;0;0;0;0;0;0;0;0;0
FR;9;2021-02-09;0;0;0;0;0;0;0;0;0;0;0;0;0;0;0;0;0;0
FR;9;2021-02-10;0;0;0;0;0;0;0;0;0;0;0;0;0;0;0;0;0;0
FR;9;2021-02-11;0;0;0;0;0;0;0;0;0;0;0;0;0;0;0;0;0;0
FR;9;2021-02-12;0;0;0;0;0;0;0;0;0;0;0;0;0;0;0;0;0;0
FR;9;2021-02-13;0;0;0;0;0;0;0;0;0;0;0;0;0;0;0;0;0;0
FR;9;2021-02-14;0;0;0;0;0;0;0;0;0;0;0;0;0;0;0;0;0;0
FR;9;2021-02-15;0;0;0;0;0;0;0;0;0;0;0;0;0;0;0;0;0;0
FR;9;2021-02-16;0;0;0;0;0;0;0;0;0;0;0;0;0;0;0;0;0;0
FR;9;2021-02-17;0;0;0;0;0;0;0;0;0;0;0;0;0;0;0;0;0;0
FR;9;2021-02-18;0;0;0;0;0;0;0;0;0;0;0;0;0;0;0;0;0;0
FR;9;2021-02-19;0;0;0;0;0;0;0;0;0;0;0;0;0;0;0;0;0;0
FR;9;2021-02-20;0;0;0;0;0;0;0;0;0;0;0;0;0;0;0;0;0;0
FR;9;2021-02-21;0;0;0;0;0;0;0;0;0;0;0;0;0;0;0;0;0;0
FR;9;2021-02-22;0;0;0;0;0;0;0;0;0;0;0;0;0;0;0;0;0;0
FR;9;2021-02-23;0;0;0;0;0;0;0;0;0;0;0;0;0;0;0;0;0;0
FR;9;2021-02-24;0;0;0;0;0;0;0;0;0;0;0;0;0;0;0;0;0;0
FR;9;2021-02-25;0;0;0;0;0;0;0;0;0;0;0;0;0;0;0;0;0;0
FR;9;2021-02-26;0;0;0;0;0;0;0;0;0;0;0;0;0;0;0;0;0;0
FR;9;2021-02-27;0;0;0;0;0;0;0;0;0;0;0;0;0;0;0;0;0;0
FR;9;2021-02-28;0;0;0;0;0;0;0;0;0;0;0;0;0;0;0;0;0;0
FR;9;2021-03-01;0;0;0;0;0;0;0;0;0;0;0;0;0;0;0;0;0;0
FR;9;2021-03-02;0;0;0;0;0;0;0;0;0;0;0;0;0;0;0;0;0;0
FR;9;2021-03-03;0;0;0;0;0;0;0;0;0;0;0;0;0;0;0;0;0;0
FR;9;2021-03-04;0;0;0;0;0;0;0;0;0;0;0;0;0;0;0;0;0;0
FR;9;2021-03-05;0;0;0;0;0;0;0;0;0;0;0;0;0;0;0;0;0;0
FR;9;2021-03-06;0;0;0;0;0;0;0;0;0;0;0;0;0;0;0;0;0;0
FR;9;2021-03-07;0;0;0;0;0;0;0;0;0;0;0;0;0;0;0;0;0;0
FR;9;2021-03-08;0;0;0;0;0;0;0;0;0;0;0;0;0;0;0;0;0;0
FR;9;2021-03-09;0;0;0;0;0;0;0;0;0;0;0;0;0;0;0;0;0;0
FR;9;2021-03-10;0;0;0;0;0;0;0;0;0;0;0;0;0;0;0;0;0;0
FR;9;2021-03-11;0;0;0;0;0;0;0;0;0;0;0;0;0;0;0;0;0;0
FR;9;2021-03-12;0;0;0;0;0;0;0;0;0;0;0;0;0;0;0;0;0;0
FR;9;2021-03-13;0;0;0;0;0;0;0;0;0;0;0;0;0;0;0;0;0;0
FR;9;2021-03-14;0;0;0;0;0;0;0;0;0;0;0;0;0;0;0;0;0;0
FR;9;2021-03-15;0;0;0;0;0;0;0;0;0;0;0;0;0;0;0;0;0;0
FR;9;2021-03-16;0;0;0;0;0;0;0;0;0;0;0;0;0;0;0;0;0;0
FR;9;2021-03-17;0;0;0;0;0;0;0;0;0;0;0;0;0;0;0;0;0;0
FR;9;2021-03-18;0;0;0;0;0;0;0;0;0;0;0;0;0;0;0;0;0;0
FR;9;2021-03-19;0;0;0;0;0;0;0;0;0;0;0;0;0;0;0;0;0;0
FR;9;2021-03-20;0;0;0;0;0;0;0;0;0;0;0;0;0;0;0;0;0;0
FR;9;2021-03-21;0;0;0;0;0;0;0;0;0;0;0;0;0;0;0;0;0;0
FR;9;2021-03-22;0;0;0;0;0;0;0;0;0;0;0;0;0;0;0;0;0;0
FR;9;2021-03-23;0;0;0;0;0;0;0;0;0;0;0;0;0;0;0;0;0;0
FR;9;2021-03-24;0;0;0;0;0;0;0;0;0;0;0;0;0;0;0;0;0;0
FR;9;2021-03-25;0;0;0;0;0;0;0;0;0;0;0;0;0;0;0;0;0;0
FR;9;2021-03-26;0;0;0;0;0;0;0;0;0;0;0;0;0;0;0;0;0;0
FR;9;2021-03-27;0;0;0;0;0;0;0;0;0;0;0;0;0;0;0;0;0;0
FR;9;2021-03-28;0;0;0;0;0;0;0;0;0;0;0;0;0;0;0;0;0;0
FR;9;2021-03-29;0;0;0;0;0;0;0;0;0;0;0;0;0;0;0;0;0;0
FR;9;2021-03-30;0;0;0;0;0;0;0;0;0;0;0;0;0;0;0;0;0;0
FR;9;2021-03-31;0;0;0;0;0;0;0;0;0;0;0;0;0;0;0;0;0;0
FR;9;2021-04-01;0;0;0;0;0;0;0;0;0;0;0;0;0;0;0;0;0;0
FR;9;2021-04-02;0;0;0;0;0;0;0;0;0;0;0;0;0;0;0;0;0;0
FR;9;2021-04-03;0;0;0;0;0;0;0;0;0;0;0;0;0;0;0;0;0;0
FR;9;2021-04-04;0;0;0;0;0;0;0;0;0;0;0;0;0;0;0;0;0;0
FR;9;2021-04-05;0;0;0;0;0;0;0;0;0;0;0;0;0;0;0;0;0;0
FR;9;2021-04-06;0;0;0;0;0;0;0;0;0;0;0;0;0;0;0;0;0;0
FR;9;2021-04-07;0;0;0;0;0;0;0;0;0;0;0;0;0;0;0;0;0;0
FR;9;2021-04-08;0;0;0;0;0;0;0;0;0;0;0;0;0;0;0;0;0;0
FR;9;2021-04-09;0;0;0;0;0;0;0;0;0;0;0;0;0;0;0;0;0;0
FR;9;2021-04-10;0;0;0;0;0;0;0;0;0;0;0;0;0;0;0;0;0;0
FR;9;2021-04-11;0;0;0;0;0;0;0;0;0;0;0;0;0;0;0;0;0;0
FR;9;2021-04-12;0;0;0;0;0;0;0;0;0;0;0;0;0;0;0;0;0;0
FR;9;2021-04-13;0;0;0;0;0;0;0;0;0;0;0;0;0;0;0;0;0;0
FR;9;2021-04-14;0;0;0;0;0;0;0;0;0;0;0;0;0;0;0;0;0;0
FR;9;2021-04-15;0;0;0;0;0;0;0;0;0;0;0;0;0;0;0;0;0;0
FR;9;2021-04-16;0;0;0;0;0;0;0;0;0;0;0;0;0;0;0;0;0;0
FR;9;2021-04-17;0;0;0;0;0;0;0;0;0;0;0;0;0;0;0;0;0;0
FR;9;2021-04-18;0;0;0;0;0;0;0;0;0;0;0;0;0;0;0;0;0;0
FR;9;2021-04-19;0;0;0;0;0;0;0;0;0;0;0;0;0;0;0;0;0;0
FR;9;2021-04-20;0;0;0;0;0;0;0;0;0;0;0;0;0;0;0;0;0;0
FR;9;2021-04-21;0;0;0;0;0;0;0;0;0;0;0;0;0;0;0;0;0;0
FR;9;2021-04-22;0;0;0;0;0;0;0;0;0;0;0;0;0;0;0;0;0;0
FR;9;2021-04-23;0;0;0;0;0;0;0;0;0;0;0;0;0;0;0;0;0;0
FR;9;2021-04-24;0;0;0;0;0;0;0;0;0;0;0;0;0;0;0;0;0;0
FR;9;2021-04-25;0;0;0;0;0;0;0;0;0;0;0;0;0;0;0;0;0;0
FR;9;2021-04-26;0;0;0;0;0;0;0;0;0;0;0;0;0;0;0;0;0;0
FR;9;2021-04-27;0;0;0;0;0;0;0;0;0;0;0;0;0;0;0;0;0;0
FR;9;2021-04-28;0;0;0;0;0;0;0;0;0;0;0;0;0;0;0;0;0;0
FR;9;2021-04-29;0;0;0;0;0;0;0;0;0;0;0;0;0;0;0;0;0;0
FR;9;2021-04-30;0;0;0;0;0;0;0;0;0;0;0;0;0;0;0;0;0;0
FR;9;2021-05-01;0;0;0;0;0;0;0;0;0;0;0;0;0;0;0;0;0;0
FR;9;2021-05-02;0;0;0;0;0;0;0;0;0;0;0;0;0;0;0;0;0;0
FR;9;2021-05-03;0;0;0;0;0;0;0;0;0;0;0;0;0;0;0;0;0;0
FR;9;2021-05-04;0;0;0;0;0;0;0;0;0;0;0;0;0;0;0;0;0;0
FR;9;2021-05-05;0;0;0;0;0;0;0;0;0;0;0;0;0;0;0;0;0;0
FR;9;2021-05-06;0;0;0;0;0;0;0;0;0;0;0;0;0;0;0;0;0;0
FR;9;2021-05-07;0;0;0;0;0;0;0;0;0;0;0;0;0;0;0;0;0;0
FR;9;2021-05-08;0;0;0;0;0;0;0;0;0;0;0;0;0;0;0;0;0;0
FR;9;2021-05-09;0;0;0;0;0;0;0;0;0;0;0;0;0;0;0;0;0;0
FR;9;2021-05-10;0;0;0;0;0;0;0;0;0;0;0;0;0;0;0;0;0;0
FR;9;2021-05-11;0;0;0;0;0;0;0;0;0;0;0;0;0;0;0;0;0;0
FR;9;2021-05-12;0;0;0;0;0;0;0;0;0;0;0;0;0;0;0;0;0;0
FR;9;2021-05-13;0;0;0;0;0;0;0;0;0;0;0;0;0;0;0;0;0;0
FR;9;2021-05-14;0;0;0;0;0;0;0;0;0;0;0;0;0;0;0;0;0;0
FR;9;2021-05-15;0;0;0;0;0;0;0;0;0;0;0;0;0;0;0;0;0;0
FR;9;2021-05-16;0;0;0;0;0;0;0;0;0;0;0;0;0;0;0;0;0;0
FR;9;2021-05-17;0;0;0;0;0;0;0;0;0;0;0;0;0;0;0;0;0;0
FR;9;2021-05-18;0;0;0;0;0;0;0;0;0;0;0;0;0;0;0;0;0;0
FR;9;2021-05-19;0;0;0;0;0;0;0;0;0;0;0;0;0;0;0;0;0;0
FR;9;2021-05-20;0;0;0;0;0;0;0;0;0;0;0;0;0;0;0;0;0;0
FR;9;2021-05-21;0;0;0;0;0;0;0;0;0;0;0;0;0;0;0;0;0;0
FR;9;2021-05-22;0;0;0;0;0;0;0;0;0;0;0;0;0;0;0;0;0;0
FR;9;2021-05-23;0;0;0;0;0;0;0;0;0;0;0;0;0;0;0;0;0;0
FR;9;2021-05-24;0;0;0;0;0;0;0;0;0;0;0;0;0;0;0;0;0;0
FR;9;2021-05-25;0;0;0;0;0;0;0;0;0;0;0;0;0;0;0;0;0;0
FR;9;2021-05-26;0;0;0;0;0;0;0;0;0;0;0;0;0;0;0;0;0;0
FR;9;2021-05-27;0;0;0;0;0;0;0;0;0;0;0;0;0;0;0;0;0;0
FR;9;2021-05-28;0;0;0;0;0;0;0;0;0;0;0;0;0;0;0;0;0;0
FR;9;2021-05-29;0;0;0;0;0;0;0;0;0;0;0;0;0;0;0;0;0;0
FR;9;2021-05-30;0;0;0;0;0;0;0;0;0;0;0;0;0;0;0;0;0;0
FR;9;2021-05-31;0;0;0;0;0;0;0;0;0;0;0;0;0;0;0;0;0;0
FR;9;2021-06-01;0;0;0;0;0;0;0;0;0;0;0;0;0;0;0;0;0;0
FR;9;2021-06-02;0;0;0;0;0;0;0;0;0;0;0;0;0;0;0;0;0;0
FR;9;2021-06-03;0;0;0;0;0;0;0;0;0;0;0;0;0;0;0;0;0;0
FR;9;2021-06-04;0;0;0;0;0;0;0;0;0;0;0;0;0;0;0;0;0;0
FR;9;2021-06-05;0;0;0;0;0;0;0;0;0;0;0;0;0;0;0;0;0;0
FR;9;2021-06-06;0;0;0;0;0;0;0;0;0;0;0;0;0;0;0;0;0;0
FR;9;2021-06-07;0;0;0;0;0;0;0;0;0;0;0;0;0;0;0;0;0;0
FR;9;2021-06-08;0;0;0;0;0;0;0;0;0;0;0;0;0;0;0;0;0;0
FR;9;2021-06-09;0;0;0;0;0;0;0;0;0;0;0;0;0;0;0;0;0;0
FR;9;2021-06-10;0;0;0;0;0;0;0;0;0;0;0;0;0;0;0;0;0;0
FR;9;2021-06-11;0;0;0;0;0;0;0;0;0;0;0;0;0;0;0;0;0;0
FR;9;2021-06-12;0;0;0;0;0;0;0;0;0;0;0;0;0;0;0;0;0;0
FR;9;2021-06-13;0;0;0;0;0;0;0;0;0;0;0;0;0;0;0;0;0;0
FR;9;2021-06-14;0;0;0;0;0;0;0;0;0;0;0;0;0;0;0;0;0;0
FR;9;2021-06-15;0;0;0;0;0;0;0;0;0;0;0;0;0;0;0;0;0;0
FR;9;2021-06-16;0;0;0;0;0;0;0;0;0;0;0;0;0;0;0;0;0;0
FR;9;2021-06-17;0;0;0;0;0;0;0;0;0;0;0;0;0;0;0;0;0;0
FR;9;2021-06-18;0;0;0;0;0;0;0;0;0;0;0;0;0;0;0;0;0;0
FR;9;2021-06-19;0;0;0;0;0;0;0;0;0;0;0;0;0;0;0;0;0;0
FR;9;2021-06-20;0;0;0;0;0;0;0;0;0;0;0;0;0;0;0;0;0;0
FR;9;2021-06-21;0;0;0;0;0;0;0;0;0;0;0;0;0;0;0;0;0;0
FR;9;2021-06-22;0;0;0;0;0;0;0;0;0;0;0;0;0;0;0;0;0;0
FR;9;2021-06-23;0;0;0;0;0;0;0;0;0;0;0;0;0;0;0;0;0;0
FR;9;2021-06-24;0;0;0;0;0;0;0;0;0;0;0;0;0;0;0;0;0;0
FR;9;2021-06-25;0;0;0;0;0;0;0;0;0;0;0;0;0;0;0;0;0;0
FR;9;2021-06-26;0;0;0;0;0;0;0;0;0;0;0;0;0;0;0;0;0;0
FR;9;2021-06-27;0;0;0;0;0;0;0;0;0;0;0;0;0;0;0;0;0;0
FR;9;2021-06-28;0;0;0;0;0;0;0;0;0;0;0;0;0;0;0;0;0;0
FR;9;2021-06-29;0;0;0;0;0;0;0;0;0;0;0;0;0;0;0;0;0;0
FR;9;2021-06-30;0;0;0;0;0;0;0;0;0;0;0;0;0;0;0;0;0;0
FR;9;2021-07-01;0;0;0;0;0;0;0;0;0;0;0;0;0;0;0;0;0;0
FR;9;2021-07-02;0;0;0;0;0;0;0;0;0;0;0;0;0;0;0;0;0;0
FR;9;2021-07-03;0;0;0;0;0;0;0;0;0;0;0;0;0;0;0;0;0;0
FR;9;2021-07-04;0;0;0;0;0;0;0;0;0;0;0;0;0;0;0;0;0;0
FR;9;2021-07-05;0;0;0;0;0;0;0;0;0;0;0;0;0;0;0;0;0;0
FR;9;2021-07-06;0;0;0;0;0;0;0;0;0;0;0;0;0;0;0;0;0;0
FR;9;2021-07-07;0;0;0;0;0;0;0;0;0;0;0;0;0;0;0;0;0;0
FR;9;2021-07-08;0;0;0;0;0;0;0;0;0;0;0;0;0;0;0;0;0;0
FR;9;2021-07-09;0;0;0;0;0;0;0;0;0;0;0;0;0;0;0;0;0;0
FR;9;2021-07-10;0;0;0;0;0;0;0;0;0;0;0;0;0;0;0;0;0;0
FR;9;2021-07-11;0;0;0;0;0;0;0;0;0;0;0;0;0;0;0;0;0;0
FR;9;2021-07-12;0;0;0;0;0;0;0;0;0;0;0;0;0;0;0;0;0;0
FR;9;2021-07-13;0;0;0;0;0;0;0;0;0;0;0;0;0;0;0;0;0;0
FR;9;2021-07-14;0;0;0;0;0;0;0;0;0;0;0;0;0;0;0;0;0;0
FR;9;2021-07-15;0;0;0;0;0;0;0;0;0;0;0;0;0;0;0;0;0;0
FR;9;2021-07-16;0;0;0;0;0;0;0;0;0;0;0;0;0;0;0;0;0;0
FR;9;2021-07-17;0;0;0;0;0;0;0;0;0;0;0;0;0;0;0;0;0;0
FR;9;2021-07-18;0;0;0;0;0;0;0;0;0;0;0;0;0;0;0;0;0;0
FR;9;2021-07-19;0;0;0;0;0;0;0;0;0;0;0;0;0;0;0;0;0;0
FR;9;2021-07-20;0;0;0;0;0;0;0;0;0;0;0;0;0;0;0;0;0;0
FR;9;2021-07-21;0;0;0;0;0;0;0;0;0;0;0;0;0;0;0;0;0;0
FR;9;2021-07-22;0;0;0;0;0;0;0;0;0;0;0;0;0;0;0;0;0;0
FR;9;2021-07-23;0;0;0;0;0;0;0;0;0;0;0;0;0;0;0;0;0;0
FR;9;2021-07-24;0;0;0;0;0;0;0;0;0;0;0;0;0;0;0;0;0;0
FR;9;2021-07-25;0;0;0;0;0;0;0;0;0;0;0;0;0;0;0;0;0;0
FR;9;2021-07-26;0;0;0;0;0;0;0;0;0;0;0;0;0;0;0;0;0;0
FR;9;2021-07-27;0;0;0;0;0;0;0;0;0;0;0;0;0;0;0;0;0;0
FR;9;2021-07-28;0;0;0;0;0;0;0;0;0;0;0;0;0;0;0;0;0;0
FR;9;2021-07-29;0;0;0;0;0;0;0;0;0;0;0;0;0;0;0;0;0;0
FR;9;2021-07-30;0;0;0;0;0;0;0;0;0;0;0;0;0;0;0;0;0;0
FR;9;2021-07-31;0;0;0;0;0;0;0;0;0;0;0;0;0;0;0;0;0;0
FR;9;2021-08-01;0;0;0;0;0;0;0;0;0;0;0;0;0;0;0;0;0;0
FR;9;2021-08-02;0;0;0;0;0;0;0;0;0;0;0;0;0;0;0;0;0;0
FR;9;2021-08-03;0;0;0;0;0;0;0;0;0;0;0;0;0;0;0;0;0;0
FR;9;2021-08-04;0;0;0;0;0;0;0;0;0;0;0;0;0;0;0;0;0;0
FR;9;2021-08-05;0;0;0;0;0;0;0;0;0;0;0;0;0;0;0;0;0;0
FR;9;2021-08-06;0;0;0;0;0;0;0;0;0;0;0;0;0;0;0;0;0;0
FR;9;2021-08-07;0;0;0;0;0;0;0;0;0;0;0;0;0;0;0;0;0;0
FR;9;2021-08-08;0;0;0;0;0;0;0;0;0;0;0;0;0;0;0;0;0;0
FR;9;2021-08-09;0;0;0;0;0;0;0;0;0;0;0;0;0;0;0;0;0;0
FR;9;2021-08-10;0;0;0;0;0;0;0;0;0;0;0;0;0;0;0;0;0;0
FR;9;2021-08-11;0;0;0;0;0;0;0;0;0;0;0;0;0;0;0;0;0;0
FR;9;2021-08-12;0;0;0;0;0;0;0;0;0;0;0;0;0;0;0;0;0;0
FR;9;2021-08-13;0;0;0;0;0;0;0;0;0;0;0;0;0;0;0;0;0;0
FR;9;2021-08-14;0;0;0;0;0;0;0;0;0;0;0;0;0;0;0;0;0;0
FR;9;2021-08-15;0;0;0;0;0;0;0;0;0;0;0;0;0;0;0;0;0;0
FR;9;2021-08-16;0;0;0;0;0;0;0;0;0;0;0;0;0;0;0;0;0;0
FR;9;2021-08-17;0;0;0;0;0;0;0;0;0;0;0;0;0;0;0;0;0;0
FR;9;2021-08-18;0;0;0;0;0;0;0;0;0;0;0;0;0;0;0;0;0;0
FR;9;2021-08-19;0;0;0;0;0;0;0;0;0;0;0;0;0;0;0;0;0;0
FR;9;2021-08-20;0;0;0;0;0;0;0;0;0;0;0;0;0;0;0;0;0;0
FR;9;2021-08-21;0;0;0;0;0;0;0;0;0;0;0;0;0;0;0;0;0;0
FR;9;2021-08-22;0;0;0;0;0;0;0;0;0;0;0;0;0;0;0;0;0;0
FR;9;2021-08-23;0;0;0;0;0;0;0;0;0;0;0;0;0;0;0;0;0;0
FR;9;2021-08-24;0;0;0;0;0;0;0;0;0;0;0;0;0;0;0;0;0;0
FR;9;2021-08-25;0;0;0;0;0;0;0;0;0;0;0;0;0;0;0;0;0;0
FR;9;2021-08-26;0;0;0;0;0;0;0;0;0;0;0;0;0;0;0;0;0;0
FR;9;2021-08-27;0;0;0;0;0;0;0;0;0;0;0;0;0;0;0;0;0;0
FR;9;2021-08-28;0;0;0;0;0;0;0;0;0;0;0;0;0;0;0;0;0;0
FR;9;2021-08-29;0;0;0;0;0;0;0;0;0;0;0;0;0;0;0;0;0;0
FR;9;2021-08-30;0;0;0;0;0;0;0;0;0;0;0;0;0;0;0;0;0;0
FR;9;2021-08-31;0;0;0;0;0;0;0;0;0;0;0;0;0;0;0;0;0;0
FR;9;2021-09-01;0;0;0;0;0;0;0;0;0;0;0;0;0;0;0;0;0;0
FR;9;2021-09-02;0;0;0;0;0;0;0;0;0;0;0;0;0;0;0;0;0;0
FR;9;2021-09-03;0;0;0;0;0;0;0;0;0;0;0;0;0;0;0;0;0;0
FR;9;2021-09-04;0;0;0;0;0;0;0;0;0;0;0;0;0;0;0;0;0;0
FR;9;2021-09-05;0;0;0;0;0;0;0;0;0;0;0;0;0;0;0;0;0;0
FR;9;2021-09-06;0;0;0;0;0;0;0;0;0;0;0;0;0;0;0;0;0;0
FR;9;2021-09-07;0;0;0;0;0;0;0;0;0;0;0;0;0;0;0;0;0;0
FR;9;2021-09-08;0;0;0;0;0;0;0;0;0;0;0;0;0;0;0;0;0;0
FR;9;2021-09-09;0;0;0;0;0;0;0;0;0;0;0;0;0;0;0;0;0;0
FR;9;2021-09-10;0;0;0;0;0;0;0;0;0;0;0;0;0;0;0;0;0;0
FR;9;2021-09-11;0;0;0;0;0;0;0;0;0;0;0;0;0;0;0;0;0;0
FR;9;2021-09-12;0;0;0;0;0;0;0;0;0;0;0;0;0;0;0;0;0;0
FR;9;2021-09-13;0;0;0;0;0;0;0;0;0;0;0;0;0;0;0;0;0;0
FR;9;2021-09-14;0;0;0;0;0;0;0;0;0;0;0;0;0;0;0;0;0;0
FR;9;2021-09-15;0;0;0;0;0;0;0;0;0;0;0;0;0;0;0;0;0;0
FR;9;2021-09-16;0;0;0;0;0;0;0;0;0;0;0;0;0;0;0;0;0;0
FR;9;2021-09-17;0;0;0;0;0;0;0;0;0;0;0;0;0;0;0;0;0;0
FR;9;2021-09-18;0;0;0;0;0;0;0;0;0;0;0;0;0;0;0;0;0;0
FR;9;2021-09-19;0;0;0;0;0;0;0;0;0;0;0;0;0;0;0;0;0;0
FR;9;2021-09-20;0;0;0;0;0;0;0;0;0;0;0;0;0;0;0;0;0;0
FR;9;2021-09-21;0;0;0;0;0;0;0;0;0;0;0;0;0;0;0;0;0;0
FR;9;2021-09-22;0;0;0;0;0;0;0;0;0;0;0;0;0;0;0;0;0;0
FR;9;2021-09-23;0;0;0;0;0;0;0;0;0;0;0;0;0;0;0;0;0;0
FR;9;2021-09-24;0;0;0;0;0;0;0;0;0;0;0;0;0;0;0;0;0;0
FR;9;2021-09-25;0;0;0;0;0;0;0;0;0;0;0;0;0;0;0;0;0;0
FR;9;2021-09-26;0;0;0;0;0;0;0;0;0;0;0;0;0;0;0;0;0;0
FR;9;2021-09-27;0;0;0;0;0;0;0;0;0;0;0;0;0;0;0;0;0;0
FR;9;2021-09-28;0;0;0;0;0;0;0;0;0;0;0;0;0;0;0;0;0;0
FR;9;2021-09-29;0;0;0;0;0;0;0;0;0;0;0;0;0;0;0;0;0;0
FR;9;2021-09-30;0;0;0;0;0;0;0;0;0;0;0;0;0;0;0;0;0;0
FR;9;2021-10-01;0;0;0;0;0;0;0;0;0;0;0;0;0;0;0;0;0;0
FR;9;2021-10-02;0;0;0;0;0;0;0;0;0;0;0;0;0;0;0;0;0;0
FR;9;2021-10-03;0;0;0;0;0;0;0;0;0;0;0;0;0;0;0;0;0;0
FR;9;2021-10-04;0;0;0;0;0;0;0;0;0;0;0;0;0;0;0;0;0;0
FR;9;2021-10-05;0;0;0;0;0;0;0;0;0;0;0;0;0;0;0;0;0;0
FR;9;2021-10-06;0;0;0;0;0;0;0;0;0;0;0;0;0;0;0;0;0;0
FR;9;2021-10-07;0;0;0;0;0;0;0;0;0;0;0;0;0;0;0;0;0;0
FR;9;2021-10-08;0;0;0;0;0;0;0;0;0;0;0;0;0;0;0;0;0;0
FR;9;2021-10-09;0;0;0;0;0;0;0;0;0;0;0;0;0;0;0;0;0;0
FR;9;2021-10-10;0;0;0;0;0;0;0;0;0;0;0;0;0;0;0;0;0;0
FR;9;2021-10-11;0;0;0;0;0;0;0;0;0;0;0;0;0;0;0;0;0;0
FR;9;2021-10-12;0;0;0;0;0;0;0;0;0;0;0;0;0;0;0;0;0;0
FR;9;2021-10-13;0;0;0;0;0;0;0;0;0;0;0;0;0;0;0;0;0;0
FR;9;2021-10-14;0;0;0;0;0;0;0;0;0;0;0;0;0;0;0;0;0;0
FR;9;2021-10-15;0;0;0;0;0;0;0;0;0;0;0;0;0;0;0;0;0;0
FR;9;2021-10-16;0;0;0;0;0;0;0;0;0;0;0;0;0;0;0;0;0;0
FR;9;2021-10-17;0;0;0;0;0;0;0;0;0;0;0;0;0;0;0;0;0;0
FR;9;2021-10-18;0;0;0;0;0;0;0;0;0;0;0;0;0;0;0;0;0;0
FR;9;2021-10-19;0;0;0;0;0;0;0;0;0;0;0;0;0;0;0;0;0;0
FR;9;2021-10-20;0;0;0;0;0;0;0;0;0;0;0;0;0;0;0;0;0;0
FR;9;2021-10-21;0;0;0;0;0;0;0;0;0;0;0;0;0;0;0;0;0;0
FR;9;2021-10-22;0;0;0;0;0;0;0;0;0;0;0;0;0;0;0;0;0;0
FR;9;2021-10-23;0;0;0;0;0;0;0;0;0;0;0;0;0;0;0;0;0;0
FR;9;2021-10-24;0;0;0;0;0;0;0;0;0;0;0;0;0;0;0;0;0;0
FR;9;2021-10-25;0;0;0;0;0;0;0;0;0;0;0;0;0;0;0;0;0;0
FR;9;2021-10-26;0;0;0;0;0;0;0;0;0;0;0;0;0;0;0;0;0;0
FR;9;2021-10-27;0;0;0;0;0;0;0;0;0;0;0;0;0;0;0;0;0;0
FR;9;2021-10-28;0;0;0;0;0;0;0;0;0;0;0;0;0;0;0;0;0;0
FR;9;2021-10-29;0;0;0;0;0;0;0;0;0;0;0;0;0;0;0;0;0;0
FR;9;2021-10-30;0;0;0;0;0;0;0;0;0;0;0;0;0;0;0;0;0;0
FR;9;2021-10-31;0;0;0;0;0;0;0;0;0;0;0;0;0;0;0;0;0;0
FR;9;2021-11-01;0;0;0;0;0;0;0;0;0;0;0;0;0;0;0;0;0;0
FR;9;2021-11-02;0;0;0;0;0;0;0;0;0;0;0;0;0;0;0;0;0;0
FR;9;2021-11-03;0;0;0;0;0;0;0;0;0;0;0;0;0;0;0;0;0;0
FR;9;2021-11-04;0;0;0;0;0;0;0;0;0;0;0;0;0;0;0;0;0;0
FR;9;2021-11-05;0;0;0;0;0;0;0;0;0;0;0;0;0;0;0;0;0;0
FR;9;2021-11-06;0;0;0;0;0;0;0;0;0;0;0;0;0;0;0;0;0;0
FR;9;2021-11-07;0;0;0;0;0;0;0;0;0;0;0;0;0;0;0;0;0;0
FR;9;2021-11-08;0;0;0;0;0;0;0;0;0;0;0;0;0;0;0;0;0;0
FR;9;2021-11-09;0;0;0;0;0;0;0;0;0;0;0;0;0;0;0;0;0;0
FR;9;2021-11-10;0;0;0;0;0;0;0;0;0;0;0;0;0;0;0;0;0;0
FR;9;2021-11-11;0;0;0;0;0;0;0;0;0;0;0;0;0;0;0;0;0;0
FR;9;2021-11-12;0;0;0;0;0;0;0;0;0;0;0;0;0;0;0;0;0;0
FR;9;2021-11-13;0;0;0;0;0;0;0;0;0;0;0;0;0;0;0;0;0;0
FR;9;2021-11-14;0;0;0;0;0;0;0;0;0;0;0;0;0;0;0;0;0;0
FR;9;2021-11-15;0;0;0;0;0;0;0;0;0;0;0;0;0;0;0;0;0;0
FR;9;2021-11-16;0;0;0;0;0;0;0;0;0;0;0;0;0;0;0;0;0;0
FR;9;2021-11-17;0;0;0;0;0;0;0;0;0;0;0;0;0;0;0;0;0;0
FR;9;2021-11-18;0;0;0;0;0;0;0;0;0;0;0;0;0;0;0;0;0;0
FR;9;2021-11-19;0;0;0;0;0;0;0;0;0;0;0;0;0;0;0;0;0;0
FR;9;2021-11-20;0;0;0;0;0;0;0;0;0;0;0;0;0;0;0;0;0;0
FR;9;2021-11-21;0;0;0;0;0;0;0;0;0;0;0;0;0;0;0;0;0;0
FR;9;2021-11-22;0;0;0;0;0;0;0;0;0;0;0;0;0;0;0;0;0;0
FR;9;2021-11-23;0;0;0;0;0;0;0;0;0;0;0;0;0;0;0;0;0;0
FR;9;2021-11-24;0;0;0;0;0;0;0;0;0;0;0;0;0;0;0;0;0;0
FR;9;2021-11-25;0;0;0;0;0;0;0;0;0;0;0;0;0;0;0;0;0;0
FR;9;2021-11-26;0;0;0;0;0;0;0;0;0;0;0;0;0;0;0;0;0;0
FR;9;2021-11-27;0;0;0;0;0;0;0;0;0;0;0;0;0;0;0;0;0;0
FR;9;2021-11-28;0;0;0;0;0;0;0;0;0;0;0;0;0;0;0;0;0;0
FR;9;2021-11-29;0;0;0;0;0;0;0;0;0;0;0;0;0;0;0;0;0;0
FR;9;2021-11-30;0;0;0;0;0;0;0;0;0;0;0;0;0;0;0;0;0;0
FR;9;2021-12-01;0;0;0;0;0;0;0;0;0;0;0;0;0;0;0;0;0;0
FR;9;2021-12-02;0;0;0;0;0;0;0;0;0;0;0;0;0;0;0;0;0;0
FR;9;2021-12-03;0;0;0;0;0;0;0;0;0;0;0;0;0;0;0;0;0;0
FR;9;2021-12-04;0;0;0;0;0;0;0;0;0;0;0;0;0;0;0;0;0;0
FR;9;2021-12-05;0;0;0;0;0;0;0;0;0;0;0;0;0;0;0;0;0;0
FR;9;2021-12-06;0;0;0;0;0;0;0;0;0;0;0;0;0;0;0;0;0;0
FR;9;2021-12-07;0;0;0;0;0;0;0;0;0;0;0;0;0;0;0;0;0;0
FR;9;2021-12-08;0;0;0;0;0;0;0;0;0;0;0;0;0;0;0;0;0;0
FR;9;2021-12-09;0;0;0;0;0;0;0;0;0;0;0;0;0;0;0;0;0;0
FR;9;2021-12-10;0;0;0;0;0;0;0;0;0;0;0;0;0;0;0;0;0;0
FR;9;2021-12-11;0;0;0;0;0;0;0;0;0;0;0;0;0;0;0;0;0;0
FR;9;2021-12-12;0;0;0;0;0;0;0;0;0;0;0;0;0;0;0;0;0;0
FR;9;2021-12-13;0;0;0;0;0;0;0;0;0;0;0;0;0;0;0;0;0;0
FR;9;2021-12-14;0;0;0;0;0;0;0;0;0;0;0;0;0;0;0;0;0;0
FR;9;2021-12-15;0;0;0;0;0;0;0;0;0;0;0;0;0;0;0;0;0;0
FR;9;2021-12-16;0;0;0;0;0;0;0;0;0;0;0;0;0;0;0;0;0;0
FR;9;2021-12-17;0;0;0;0;0;0;0;0;0;0;0;0;0;0;0;0;0;0
FR;9;2021-12-18;0;0;0;0;0;0;0;0;0;0;0;0;0;0;0;0;0;0
FR;9;2021-12-19;0;0;0;0;0;0;0;0;0;0;0;0;0;0;0;0;0;0
FR;9;2021-12-20;0;0;0;0;0;0;0;0;0;0;0;0;0;0;0;0;0;0
FR;9;2021-12-21;0;0;0;0;0;0;0;0;0;0;0;0;0;0;0;0;0;0
FR;9;2021-12-22;0;0;0;0;0;0;0;0;0;0;0;0;0;0;0;0;0;0
FR;9;2021-12-23;0;0;0;0;0;0;0;0;0;0;0;0;0;0;0;0;0;0
FR;9;2021-12-24;0;0;0;0;0;0;0;0;0;0;0;0;0;0;0;0;0;0
FR;9;2021-12-25;0;0;0;0;0;0;0;0;0;0;0;0;0;0;0;0;0;0
FR;9;2021-12-26;0;0;0;0;0;0;0;0;0;0;0;0;0;0;0;0;0;0
FR;9;2021-12-27;0;0;0;0;0;0;0;0;0;0;0;0;0;0;0;0;0;0
FR;9;2021-12-28;0;0;0;0;0;0;0;0;0;0;0;0;0;0;0;0;0;0
FR;9;2021-12-29;0;0;0;0;0;0;0;0;0;0;0;0;0;0;0;0;0;0
FR;9;2021-12-30;0;0;0;0;0;0;0;0;0;0;0;0;0;0;0;0;0;0
FR;9;2021-12-31;0;0;0;0;0;0;0;0;0;0;0;0;0;0;0;0;0;0
FR;9;2022-01-01;0;0;0;0;0;0;0;0;0;0;0;0;0;0;0;0;0;0
FR;9;2022-01-02;0;0;0;0;0;0;0;0;0;0;0;0;0;0;0;0;0;0
FR;9;2022-01-03;0;0;0;0;0;0;0;0;0;0;0;0;0;0;0;0;0;0
FR;9;2022-01-04;0;0;0;0;0;0;0;0;0;0;0;0;0;0;0;0;0;0
FR;9;2022-01-05;0;0;0;0;0;0;0;0;0;0;0;0;0;0;0;0;0;0
FR;9;2022-01-06;0;0;0;0;0;0;0;0;0;0;0;0;0;0;0;0;0;0
FR;9;2022-01-07;0;0;0;0;0;0;0;0;0;0;0;0;0;0;0;0;0;0
FR;9;2022-01-08;0;0;0;0;0;0;0;0;0;0;0;0;0;0;0;0;0;0
FR;9;2022-01-09;0;0;0;0;0;0;0;0;0;0;0;0;0;0;0;0;0;0
FR;9;2022-01-10;0;0;0;0;0;0;0;0;0;0;0;0;0;0;0;0;0;0
FR;9;2022-01-11;0;0;0;0;0;0;0;0;0;0;0;0;0;0;0;0;0;0
FR;9;2022-01-12;0;0;0;0;0;0;0;0;0;0;0;0;0;0;0;0;0;0
FR;9;2022-01-13;0;0;0;0;0;0;0;0;0;0;0;0;0;0;0;0;0;0
FR;9;2022-01-14;0;0;0;0;0;0;0;0;0;0;0;0;0;0;0;0;0;0
FR;9;2022-01-15;0;0;0;0;0;0;0;0;0;0;0;0;0;0;0;0;0;0
FR;9;2022-01-16;0;0;0;0;0;0;0;0;0;0;0;0;0;0;0;0;0;0
FR;9;2022-01-17;0;0;0;0;0;0;0;0;0;0;0;0;0;0;0;0;0;0
FR;9;2022-01-18;0;0;0;0;0;0;0;0;0;0;0;0;0;0;0;0;0;0
FR;9;2022-01-19;0;0;0;0;0;0;0;0;0;0;0;0;0;0;0;0;0;0
FR;9;2022-01-20;0;0;0;0;0;0;0;0;0;0;0;0;0;0;0;0;0;0
FR;9;2022-01-21;0;0;0;0;0;0;0;0;0;0;0;0;0;0;0;0;0;0
FR;9;2022-01-22;0;0;0;0;0;0;0;0;0;0;0;0;0;0;0;0;0;0
FR;9;2022-01-23;0;0;0;0;0;0;0;0;0;0;0;0;0;0;0;0;0;0
FR;9;2022-01-24;0;0;0;0;0;0;0;0;0;0;0;0;0;0;0;0;0;0
FR;9;2022-01-25;0;0;0;0;0;0;0;0;0;0;0;0;0;0;0;0;0;0
FR;9;2022-01-26;0;0;0;0;0;0;0;0;0;0;0;0;0;0;0;0;0;0
FR;9;2022-01-27;0;0;0;0;0;0;0;0;0;0;0;0;0;0;0;0;0;0
FR;9;2022-01-28;0;0;0;0;0;0;0;0;0;0;0;0;0;0;0;0;0;0
FR;9;2022-01-29;0;0;0;0;0;0;0;0;0;0;0;0;0;0;0;0;0;0
FR;9;2022-01-30;0;0;0;0;0;0;0;0;0;0;0;0;0;0;0;0;0;0
FR;9;2022-01-31;0;0;0;0;0;0;0;0;0;0;0;0;0;0;0;0;0;0
FR;9;2022-02-01;0;0;0;0;0;0;0;0;0;0;0;0;0;0;0;0;0;0
FR;9;2022-02-02;0;0;0;0;0;0;0;0;0;0;0;0;0;0;0;0;0;0
FR;9;2022-02-03;0;0;0;0;0;0;0;0;0;0;0;0;0;0;0;0;0;0
FR;9;2022-02-04;0;0;0;0;0;0;0;0;0;0;0;0;0;0;0;0;0;0
FR;9;2022-02-05;0;0;0;0;0;0;0;0;0;0;0;0;0;0;0;0;0;0
FR;9;2022-02-06;0;0;0;0;0;0;0;0;0;0;0;0;0;0;0;0;0;0
FR;9;2022-02-07;0;0;0;0;0;0;0;0;0;0;0;0;0;0;0;0;0;0
FR;9;2022-02-08;0;0;0;0;0;0;0;0;0;0;0;0;0;0;0;0;0;0
FR;9;2022-02-09;0;0;0;0;0;0;0;0;0;0;0;0;0;0;0;0;0;0
FR;9;2022-02-10;0;0;0;0;0;0;0;0;0;0;0;0;0;0;0;0;0;0
FR;9;2022-02-11;0;0;0;0;0;0;0;0;0;0;0;0;0;0;0;0;0;0
FR;9;2022-02-12;0;0;0;0;0;0;0;0;0;0;0;0;0;0;0;0;0;0
FR;9;2022-02-13;0;0;0;0;0;0;0;0;0;0;0;0;0;0;0;0;0;0
FR;9;2022-02-14;0;0;0;0;0;0;0;0;0;0;0;0;0;0;0;0;0;0
FR;9;2022-02-15;0;0;0;0;0;0;0;0;0;0;0;0;0;0;0;0;0;0
FR;9;2022-02-16;0;0;0;0;0;0;0;0;0;0;0;0;0;0;0;0;0;0
FR;9;2022-02-17;0;0;0;0;0;0;0;0;0;0;0;0;0;0;0;0;0;0
FR;9;2022-02-18;0;0;0;0;0;0;0;0;0;0;0;0;0;0;0;0;0;0
FR;9;2022-02-19;0;0;0;0;0;0;0;0;0;0;0;0;0;0;0;0;0;0
FR;9;2022-02-20;0;0;0;0;0;0;0;0;0;0;0;0;0;0;0;0;0;0
FR;9;2022-02-21;0;0;0;0;0;0;0;0;0;0;0;0;0;0;0;0;0;0
FR;9;2022-02-22;0;0;0;0;0;0;0;0;0;0;0;0;0;0;0;0;0;0
FR;9;2022-02-23;0;0;0;0;0;0;0;0;0;0;0;0;0;0;0;0;0;0
FR;9;2022-02-24;0;0;0;0;0;0;0;0;0;0;0;0;0;0;0;0;0;0
FR;9;2022-02-25;0;0;0;0;0;0;0;0;0;0;0;0;0;0;0;0;0;0
FR;9;2022-02-26;0;0;0;0;0;0;0;0;0;0;0;0;0;0;0;0;0;0
FR;9;2022-02-27;0;0;0;0;0;0;0;0;0;0;0;0;0;0;0;0;0;0
FR;9;2022-02-28;0;0;0;0;0;0;0;0;0;0;0;0;0;0;0;0;0;0
FR;9;2022-03-01;0;0;0;0;0;0;0;0;0;0;0;0;0;0;0;0;0;0
FR;9;2022-03-02;0;0;0;0;0;0;0;0;0;0;0;0;0;0;0;0;0;0
FR;9;2022-03-03;0;0;0;0;0;0;0;0;0;0;0;0;0;0;0;0;0;0
FR;9;2022-03-04;0;0;0;0;0;0;0;0;0;0;0;0;0;0;0;0;0;0
FR;9;2022-03-05;0;0;0;0;0;0;0;0;0;0;0;0;0;0;0;0;0;0
FR;9;2022-03-06;0;0;0;0;0;0;0;0;0;0;0;0;0;0;0;0;0;0
FR;9;2022-03-07;0;0;0;0;0;0;0;0;0;0;0;0;0;0;0;0;0;0
FR;9;2022-03-08;0;0;0;0;0;0;0;0;0;0;0;0;0;0;0;0;0;0
FR;9;2022-03-09;0;0;0;0;0;0;0;0;0;0;0;0;0;0;0;0;0;0
FR;9;2022-03-10;0;0;0;0;0;0;0;0;0;0;0;0;0;0;0;0;0;0
FR;9;2022-03-11;0;0;0;0;0;0;0;0;0;0;0;0;0;0;0;0;0;0
FR;9;2022-03-12;0;0;0;0;0;0;0;0;0;0;0;0;0;0;0;0;0;0
FR;9;2022-03-13;0;0;0;0;0;0;0;0;0;0;0;0;0;0;0;0;0;0
FR;9;2022-03-14;0;0;0;0;0;0;0;0;0;0;0;0;0;0;0;0;0;0
FR;9;2022-03-15;0;0;0;0;0;0;0;0;0;0;0;0;0;0;0;0;0;0
FR;9;2022-03-16;0;0;0;0;0;0;0;0;0;0;0;0;0;0;0;0;0;0
FR;9;2022-03-17;0;0;0;0;0;0;0;0;0;0;0;0;0;0;0;0;0;0
FR;9;2022-03-18;0;0;0;0;0;0;0;0;0;0;0;0;0;0;0;0;0;0
FR;9;2022-03-19;0;0;0;0;0;0;0;0;0;0;0;0;0;0;0;0;0;0
FR;9;2022-03-20;0;0;0;0;0;0;0;0;0;0;0;0;0;0;0;0;0;0
FR;9;2022-03-21;0;0;0;0;0;0;0;0;0;0;0;0;0;0;0;0;0;0
FR;9;2022-03-22;0;0;0;0;0;0;0;0;0;0;0;0;0;0;0;0;0;0
FR;9;2022-03-23;0;0;0;0;0;0;0;0;0;0;0;0;0;0;0;0;0;0
FR;9;2022-03-24;0;0;0;0;0;0;0;0;0;0;0;0;0;0;0;0;0;0
FR;9;2022-03-25;0;0;0;0;0;0;0;0;0;0;0;0;0;0;0;0;0;0
FR;9;2022-03-26;0;0;0;0;0;0;0;0;0;0;0;0;0;0;0;0;0;0
FR;9;2022-03-27;0;0;0;0;0;0;0;0;0;0;0;0;0;0;0;0;0;0
FR;9;2022-03-28;0;0;0;0;0;0;0;0;0;0;0;0;0;0;0;0;0;0
FR;9;2022-03-29;0;0;0;0;0;0;0;0;0;0;0;0;0;0;0;0;0;0
FR;9;2022-03-30;0;0;0;0;0;0;0;0;0;0;0;0;0;0;0;0;0;0
FR;9;2022-03-31;0;0;0;0;0;0;0;0;0;0;0;0;0;0;0;0;0;0
FR;9;2022-04-01;0;0;0;0;0;0;0;0;0;0;0;0;0;0;0;0;0;0
FR;9;2022-04-02;0;0;0;0;0;0;0;0;0;0;0;0;0;0;0;0;0;0
FR;9;2022-04-03;0;0;0;0;0;0;0;0;0;0;0;0;0;0;0;0;0;0
FR;9;2022-04-04;0;0;0;0;0;0;0;0;0;0;0;0;0;0;0;0;0;0
FR;9;2022-04-05;0;0;0;0;0;0;0;0;0;0;0;0;0;0;0;0;0;0
FR;9;2022-04-06;0;0;0;0;0;0;0;0;0;0;0;0;0;0;0;0;0;0
FR;9;2022-04-07;0;0;0;0;0;0;0;0;0;0;0;0;0;0;0;0;0;0
FR;9;2022-04-08;0;0;0;0;0;0;0;0;0;0;0;0;0;0;0;0;0;0
FR;9;2022-04-09;0;0;0;0;0;0;0;0;0;0;0;0;0;0;0;0;0;0
FR;9;2022-04-10;0;0;0;0;0;0;0;0;0;0;0;0;0;0;0;0;0;0
FR;9;2022-04-11;0;0;0;0;0;0;0;0;0;0;0;0;0;0;0;0;0;0
FR;9;2022-04-12;0;0;0;0;0;0;0;0;0;0;0;0;0;0;0;0;0;0
FR;9;2022-04-13;0;0;0;0;0;0;0;0;0;0;0;0;0;0;0;0;0;0
FR;9;2022-04-14;0;0;0;0;0;0;0;0;0;0;0;0;0;0;0;0;0;0
FR;9;2022-04-15;0;0;0;0;0;0;0;0;0;0;0;0;0;0;0;0;0;0
FR;9;2022-04-16;0;0;0;0;0;0;0;0;0;0;0;0;0;0;0;0;0;0
FR;9;2022-04-17;0;0;0;0;0;0;0;0;0;0;0;0;0;0;0;0;0;0
FR;9;2022-04-18;0;0;0;0;0;0;0;0;0;0;0;0;0;0;0;0;0;0
FR;9;2022-04-19;0;0;0;0;0;0;0;0;0;0;0;0;0;0;0;0;0;0
FR;9;2022-04-20;0;0;0;0;0;0;0;0;0;0;0;0;0;0;0;0;0;0
FR;9;2022-04-21;0;0;0;0;0;0;0;0;0;0;0;0;0;0;0;0;0;0
FR;9;2022-04-22;0;0;0;0;0;0;0;0;0;0;0;0;0;0;0;0;0;0
FR;9;2022-04-23;0;0;0;0;0;0;0;0;0;0;0;0;0;0;0;0;0;0
FR;9;2022-04-24;0;0;0;0;0;0;0;0;0;0;0;0;0;0;0;0;0;0
FR;9;2022-04-25;0;0;0;0;0;0;0;0;0;0;0;0;0;0;0;0;0;0
FR;9;2022-04-26;0;0;0;0;0;0;0;0;0;0;0;0;0;0;0;0;0;0
FR;9;2022-04-27;0;0;0;0;0;0;0;0;0;0;0;0;0;0;0;0;0;0
FR;9;2022-04-28;0;0;0;0;0;0;0;0;0;0;0;0;0;0;0;0;0;0
FR;9;2022-04-29;0;0;0;0;0;0;0;0;0;0;0;0;0;0;0;0;0;0
FR;9;2022-04-30;0;0;0;0;0;0;0;0;0;0;0;0;0;0;0;0;0;0
FR;9;2022-05-01;0;0;0;0;0;0;0;0;0;0;0;0;0;0;0;0;0;0
FR;9;2022-05-02;0;0;0;0;0;0;0;0;0;0;0;0;0;0;0;0;0;0
FR;9;2022-05-03;0;0;0;0;0;0;0;0;0;0;0;0;0;0;0;0;0;0
FR;9;2022-05-04;0;0;0;0;0;0;0;0;0;0;0;0;0;0;0;0;0;0
FR;9;2022-05-05;0;0;0;0;0;0;0;0;0;0;0;0;0;0;0;0;0;0
FR;9;2022-05-06;0;0;0;0;0;0;0;0;0;0;0;0;0;0;0;0;0;0
FR;9;2022-05-07;0;0;0;0;0;0;0;0;0;0;0;0;0;0;0;0;0;0
FR;9;2022-05-08;0;0;0;0;0;0;0;0;0;0;0;0;0;0;0;0;0;0
FR;9;2022-05-09;0;0;0;0;0;0;0;0;0;0;0;0;0;0;0;0;0;0
FR;9;2022-05-10;0;0;0;0;0;0;0;0;0;0;0;0;0;0;0;0;0;0
FR;9;2022-05-11;0;0;0;0;0;0;0;0;0;0;0;0;0;0;0;0;0;0
FR;9;2022-05-12;0;0;0;0;0;0;0;0;0;0;0;0;0;0;0;0;0;0
FR;9;2022-05-13;0;0;0;0;0;0;0;0;0;0;0;0;0;0;0;0;0;0
FR;9;2022-05-14;0;0;0;0;0;0;0;0;0;0;0;0;0;0;0;0;0;0
FR;9;2022-05-15;0;0;0;0;0;0;0;0;0;0;0;0;0;0;0;0;0;0
FR;9;2022-05-16;0;0;0;0;0;0;0;0;0;0;0;0;0;0;0;0;0;0
FR;9;2022-05-17;0;0;0;0;0;0;0;0;0;0;0;0;0;0;0;0;0;0
FR;9;2022-05-18;0;0;0;0;0;0;0;0;0;0;0;0;0;0;0;0;0;0
FR;9;2022-05-19;0;0;0;0;0;0;0;0;0;0;0;0;0;0;0;0;0;0
FR;9;2022-05-20;0;0;0;0;0;0;0;0;0;0;0;0;0;0;0;0;0;0
FR;9;2022-05-21;0;0;0;0;0;0;0;0;0;0;0;0;0;0;0;0;0;0
FR;9;2022-05-22;0;0;0;0;0;0;0;0;0;0;0;0;0;0;0;0;0;0
FR;9;2022-05-23;0;0;0;0;0;0;0;0;0;0;0;0;0;0;0;0;0;0
FR;9;2022-05-24;0;0;0;0;0;0;0;0;0;0;0;0;0;0;0;0;0;0
FR;9;2022-05-25;0;0;0;0;0;0;0;0;0;0;0;0;0;0;0;0;0;0
FR;9;2022-05-26;0;0;0;0;0;0;0;0;0;0;0;0;0;0;0;0;0;0
FR;9;2022-05-27;0;0;0;0;0;0;0;0;0;0;0;0;0;0;0;0;0;0
FR;9;2022-05-28;0;0;0;0;0;0;0;0;0;0;0;0;0;0;0;0;0;0
FR;9;2022-05-29;0;0;0;0;0;0;0;0;0;0;0;0;0;0;0;0;0;0
FR;9;2022-05-30;0;0;0;0;0;0;0;0;0;0;0;0;0;0;0;0;0;0
FR;9;2022-05-31;0;0;0;0;0;0;0;0;0;0;0;0;0;0;0;0;0;0
FR;9;2022-06-01;0;0;0;0;0;0;0;0;0;0;0;0;0;0;0;0;0;0
FR;9;2022-06-02;0;0;0;0;0;0;0;0;0;0;0;0;0;0;0;0;0;0
FR;9;2022-06-03;0;0;0;0;0;0;0;0;0;0;0;0;0;0;0;0;0;0
FR;9;2022-06-04;0;0;0;0;0;0;0;0;0;0;0;0;0;0;0;0;0;0
FR;9;2022-06-05;0;0;0;0;0;0;0;0;0;0;0;0;0;0;0;0;0;0
FR;9;2022-06-06;0;0;0;0;0;0;0;0;0;0;0;0;0;0;0;0;0;0
FR;9;2022-06-07;0;0;0;0;0;0;0;0;0;0;0;0;0;0;0;0;0;0
FR;9;2022-06-08;0;0;0;0;0;0;0;0;0;0;0;0;0;0;0;0;0;0
FR;9;2022-06-09;0;0;0;0;0;0;0;0;0;0;0;0;0;0;0;0;0;0
FR;9;2022-06-10;0;0;0;0;0;0;0;0;0;0;0;0;0;0;0;0;0;0
FR;9;2022-06-11;0;0;0;0;0;0;0;0;0;0;0;0;0;0;0;0;0;0
FR;9;2022-06-12;0;0;0;0;0;0;0;0;0;0;0;0;0;0;0;0;0;0
FR;9;2022-06-13;0;0;0;0;0;0;0;0;0;0;0;0;0;0;0;0;0;0
FR;9;2022-06-14;0;0;0;0;0;0;0;0;0;0;0;0;0;0;0;0;0;0
FR;9;2022-06-15;0;0;0;0;0;0;0;0;0;0;0;0;0;0;0;0;0;0
FR;9;2022-06-16;0;0;0;0;0;0;0;0;0;0;0;0;0;0;0;0;0;0
FR;9;2022-06-17;0;0;0;0;0;0;0;0;0;0;0;0;0;0;0;0;0;0
FR;9;2022-06-18;0;0;0;0;0;0;0;0;0;0;0;0;0;0;0;0;0;0
FR;9;2022-06-19;0;0;0;0;0;0;0;0;0;0;0;0;0;0;0;0;0;0
FR;9;2022-06-20;0;0;0;0;0;0;0;0;0;0;0;0;0;0;0;0;0;0
FR;9;2022-06-21;0;0;0;0;0;0;0;0;0;0;0;0;0;0;0;0;0;0
FR;9;2022-06-22;0;0;0;0;0;0;0;0;0;0;0;0;0;0;0;0;0;0
FR;9;2022-06-23;0;0;0;0;0;0;0;0;0;0;0;0;0;0;0;0;0;0
FR;9;2022-06-24;0;0;0;0;0;0;0;0;0;0;0;0;0;0;0;0;0;0
FR;9;2022-06-25;0;0;0;0;0;0;0;0;0;0;0;0;0;0;0;0;0;0
FR;9;2022-06-26;0;0;0;0;0;0;0;0;0;0;0;0;0;0;0;0;0;0
FR;9;2022-06-27;0;0;0;0;0;0;0;0;0;0;0;0;0;0;0;0;0;0
FR;9;2022-06-28;0;0;0;0;0;0;0;0;0;0;0;0;0;0;0;0;0;0
FR;9;2022-06-29;0;0;0;0;0;0;0;0;0;0;0;0;0;0;0;0;0;0
FR;9;2022-06-30;0;0;0;0;0;0;0;0;0;0;0;0;0;0;0;0;0;0
FR;9;2022-07-01;0;0;0;0;0;0;0;0;0;0;0;0;0;0;0;0;0;0
FR;9;2022-07-02;0;0;0;0;0;0;0;0;0;0;0;0;0;0;0;0;0;0
FR;9;2022-07-03;0;0;0;0;0;0;0;0;0;0;0;0;0;0;0;0;0;0
FR;9;2022-07-04;0;0;0;0;0;0;0;0;0;0;0;0;0;0;0;0;0;0
FR;9;2022-07-05;0;0;0;0;0;0;0;0;0;0;0;0;0;0;0;0;0;0
FR;9;2022-07-06;0;0;0;0;0;0;0;0;0;0;0;0;0;0;0;0;0;0
FR;9;2022-07-07;0;0;0;0;0;0;0;0;0;0;0;0;0;0;0;0;0;0
FR;9;2022-07-08;0;0;0;0;0;0;0;0;0;0;0;0;0;0;0;0;0;0
FR;9;2022-07-09;0;0;0;0;0;0;0;0;0;0;0;0;0;0;0;0;0;0
FR;9;2022-07-10;0;0;0;0;0;0;0;0;0;0;0;0;0;0;0;0;0;0
FR;9;2022-07-11;0;0;0;0;0;0;0;0;0;0;0;0;0;0;0;0;0;0
FR;9;2022-07-12;0;0;0;0;0;0;0;0;0;0;0;0;0;0;0;0;0;0
FR;9;2022-07-13;0;0;0;0;0;0;0;0;0;0;0;0;0;0;0;0;0;0
FR;9;2022-07-14;0;0;0;0;0;0;0;0;0;0;0;0;0;0;0;0;0;0
FR;9;2022-07-15;0;0;0;0;0;0;0;0;0;0;0;0;0;0;0;0;0;0
FR;9;2022-07-16;0;0;0;0;0;0;0;0;0;0;0;0;0;0;0;0;0;0
FR;9;2022-07-17;0;0;0;0;0;0;0;0;0;0;0;0;0;0;0;0;0;0
FR;9;2022-07-18;0;0;0;0;0;0;0;0;0;0;0;0;0;0;0;0;0;0
FR;9;2022-07-19;0;0;0;0;0;0;0;0;0;0;0;0;0;0;0;0;0;0
FR;9;2022-07-20;0;0;0;0;0;0;0;0;0;0;0;0;0;0;0;0;0;0
FR;9;2022-07-21;0;0;0;0;0;0;0;0;0;0;0;0;0;0;0;0;0;0
FR;9;2022-07-22;0;0;0;0;0;0;0;0;0;0;0;0;0;0;0;0;0;0
FR;9;2022-07-23;0;0;0;0;0;0;0;0;0;0;0;0;0;0;0;0;0;0
FR;9;2022-07-24;0;0;0;0;0;0;0;0;0;0;0;0;0;0;0;0;0;0
FR;9;2022-07-25;0;0;0;0;0;0;0;0;0;0;0;0;0;0;0;0;0;0
FR;9;2022-07-26;0;0;0;0;0;0;0;0;0;0;0;0;0;0;0;0;0;0
FR;9;2022-07-27;0;0;0;0;0;0;0;0;0;0;0;0;0;0;0;0;0;0
FR;9;2022-07-28;0;0;0;0;0;0;0;0;0;0;0;0;0;0;0;0;0;0
FR;9;2022-07-29;0;0;0;0;0;0;0;0;0;0;0;0;0;0;0;0;0;0
FR;9;2022-07-30;0;0;0;0;0;0;0;0;0;0;0;0;0;0;0;0;0;0
FR;9;2022-07-31;0;0;0;0;0;0;0;0;0;0;0;0;0;0;0;0;0;0
FR;9;2022-08-01;0;0;0;0;0;0;0;0;0;0;0;0;0;0;0;0;0;0
FR;9;2022-08-02;0;0;0;0;0;0;0;0;0;0;0;0;0;0;0;0;0;0
FR;9;2022-08-03;0;0;0;0;0;0;0;0;0;0;0;0;0;0;0;0;0;0
FR;9;2022-08-04;0;0;0;0;0;0;0;0;0;0;0;0;0;0;0;0;0;0
FR;9;2022-08-05;0;0;0;0;0;0;0;0;0;0;0;0;0;0;0;0;0;0
FR;9;2022-08-06;0;0;0;0;0;0;0;0;0;0;0;0;0;0;0;0;0;0
FR;9;2022-08-07;0;0;0;0;0;0;0;0;0;0;0;0;0;0;0;0;0;0
FR;9;2022-08-08;0;0;0;0;0;0;0;0;0;0;0;0;0;0;0;0;0;0
FR;9;2022-08-09;0;0;0;0;0;0;0;0;0;0;0;0;0;0;0;0;0;0
FR;9;2022-08-10;0;0;0;0;0;0;0;0;0;0;0;0;0;0;0;0;0;0
FR;9;2022-08-11;0;0;0;0;0;0;0;0;0;0;0;0;0;0;0;0;0;0
FR;9;2022-08-12;0;0;0;0;0;0;0;0;0;0;0;0;0;0;0;0;0;0
FR;9;2022-08-13;0;0;0;0;0;0;0;0;0;0;0;0;0;0;0;0;0;0
FR;9;2022-08-14;0;0;0;0;0;0;0;0;0;0;0;0;0;0;0;0;0;0
FR;9;2022-08-15;0;0;0;0;0;0;0;0;0;0;0;0;0;0;0;0;0;0
FR;9;2022-08-16;0;0;0;0;0;0;0;0;0;0;0;0;0;0;0;0;0;0
FR;9;2022-08-17;0;0;0;0;0;0;0;0;0;0;0;0;0;0;0;0;0;0
FR;9;2022-08-18;0;0;0;0;0;0;0;0;0;0;0;0;0;0;0;0;0;0
FR;9;2022-08-19;0;0;0;0;0;0;0;0;0;0;0;0;0;0;0;0;0;0
FR;9;2022-08-20;0;0;0;0;0;0;0;0;0;0;0;0;0;0;0;0;0;0
FR;9;2022-08-21;0;0;0;0;0;0;0;0;0;0;0;0;0;0;0;0;0;0
FR;9;2022-08-22;0;0;0;0;0;0;0;0;0;0;0;0;0;0;0;0;0;0
FR;9;2022-08-23;0;0;0;0;0;0;0;0;0;0;0;0;0;0;0;0;0;0
FR;9;2022-08-24;0;0;0;0;0;0;0;0;0;0;0;0;0;0;0;0;0;0
FR;9;2022-08-25;0;0;0;0;0;0;0;0;0;0;0;0;0;0;0;0;0;0
FR;9;2022-08-26;0;0;0;0;0;0;0;0;0;0;0;0;0;0;0;0;0;0
FR;9;2022-08-27;0;0;0;0;0;0;0;0;0;0;0;0;0;0;0;0;0;0
FR;9;2022-08-28;0;0;0;0;0;0;0;0;0;0;0;0;0;0;0;0;0;0
FR;9;2022-08-29;0;0;0;0;0;0;0;0;0;0;0;0;0;0;0;0;0;0
FR;9;2022-08-30;0;0;0;0;0;0;0;0;0;0;0;0;0;0;0;0;0;0
FR;9;2022-08-31;0;0;0;0;0;0;0;0;0;0;0;0;0;0;0;0;0;0
FR;9;2022-09-01;0;0;0;0;0;0;0;0;0;0;0;0;0;0;0;0;0;0
FR;9;2022-09-02;0;0;0;0;0;0;0;0;0;0;0;0;0;0;0;0;0;0
FR;9;2022-09-03;0;0;0;0;0;0;0;0;0;0;0;0;0;0;0;0;0;0
FR;9;2022-09-04;0;0;0;0;0;0;0;0;0;0;0;0;0;0;0;0;0;0
FR;9;2022-09-05;0;0;0;0;0;0;0;0;0;0;0;0;0;0;0;0;0;0
FR;9;2022-09-06;0;0;0;0;0;0;0;0;0;0;0;0;0;0;0;0;0;0
FR;9;2022-09-07;0;0;0;0;0;0;0;0;0;0;0;0;0;0;0;0;0;0
FR;9;2022-09-08;0;0;0;0;0;0;0;0;0;0;0;0;0;0;0;0;0;0
FR;9;2022-09-09;0;0;0;0;0;0;0;0;0;0;0;0;0;0;0;0;0;0
FR;9;2022-09-10;0;0;0;0;0;0;0;0;0;0;0;0;0;0;0;0;0;0
FR;9;2022-09-11;0;0;0;0;0;0;0;0;0;0;0;0;0;0;0;0;0;0
FR;9;2022-09-12;0;0;0;0;0;0;0;0;0;0;0;0;0;0;0;0;0;0
FR;9;2022-09-13;0;0;0;0;0;0;0;0;0;0;0;0;0;0;0;0;0;0
FR;9;2022-09-14;0;0;0;0;0;0;0;0;0;0;0;0;0;0;0;0;0;0
FR;9;2022-09-15;0;0;0;0;0;0;0;0;0;0;0;0;0;0;0;0;0;0
FR;9;2022-09-16;0;0;0;0;0;0;0;0;0;0;0;0;0;0;0;0;0;0
FR;9;2022-09-17;0;0;0;0;0;0;0;0;0;0;0;0;0;0;0;0;0;0
FR;9;2022-09-18;0;0;0;0;0;0;0;0;0;0;0;0;0;0;0;0;0;0
FR;9;2022-09-19;0;0;0;0;0;0;0;0;0;0;0;0;0;0;0;0;0;0
FR;9;2022-09-20;0;0;0;0;0;0;0;0;0;0;0;0;0;0;0;0;0;0
FR;9;2022-09-21;0;0;0;0;0;0;0;0;0;0;0;0;0;0;0;0;0;0
FR;9;2022-09-22;0;0;0;0;0;0;0;0;0;0;0;0;0;0;0;0;0;0
FR;9;2022-09-23;0;0;0;0;0;0;0;0;0;0;0;0;0;0;0;0;0;0
FR;9;2022-09-24;0;0;0;0;0;0;0;0;0;0;0;0;0;0;0;0;0;0
FR;9;2022-09-25;0;0;0;0;0;0;0;0;0;0;0;0;0;0;0;0;0;0
FR;9;2022-09-26;0;0;0;0;0;0;0;0;0;0;0;0;0;0;0;0;0;0
FR;9;2022-09-27;0;0;0;0;0;0;0;0;0;0;0;0;0;0;0;0;0;0
FR;9;2022-09-28;0;0;0;0;0;0;0;0;0;0;0;0;0;0;0;0;0;0
FR;9;2022-09-29;1;1;8;33;0;6;35;43;2;1;1;8;33;0;6;35;43;2
FR;9;2022-09-30;5;13;62;606;7;48;614;715;51;6;14;70;639;7;54;649;758;53
FR;9;2022-10-01;10;2;43;327;3;26;335;396;35;16;16;113;966;10;80;984;1154;88
FR;9;2022-10-02;2;1;5;50;0;4;51;66;11;18;17;118;1016;10;84;1035;1220;99
FR;9;2022-10-03;14;17;151;1714;11;129;1708;2074;234;32;34;269;2730;21;213;2743;3294;333
FR;9;2022-10-04;22;48;353;3954;18;228;4022;4704;450;54;82;622;6684;39;441;6765;7998;783
FR;9;2022-10-05;30;20;269;2998;17;203;3011;3656;433;84;102;891;9682;56;644;9776;11654;1216
FR;9;2022-10-06;23;35;400;4598;18;301;4631;5609;672;107;137;1291;14280;74;945;14407;17263;1888
FR;9;2022-10-07;29;50;499;5706;19;384;5720;7029;923;136;187;1790;19986;93;1329;20127;24292;2811
FR;9;2022-10-08;10;18;128;1090;8;86;1108;1389;191;146;205;1918;21076;101;1415;21235;25681;3002
FR;9;2022-10-09;1;7;22;197;1;29;198;277;50;147;212;1940;21273;102;1444;21433;25958;3052
FR;9;2022-10-10;11;26;207;2572;14;181;2576;3296;533;158;238;2147;23845;116;1625;24009;29254;3585
FR;9;2022-10-11;31;40;424;5043;27;312;5024;6198;851;189;278;2571;28888;143;1937;29033;35452;4436
FR;9;2022-10-12;22;26;297;2987;16;212;3044;3830;572;211;304;2868;31875;159;2149;32077;39282;5008
FR;9;2022-10-13;25;42;374;3980;16;245;4036;5027;740;236;346;3242;35855;175;2394;36113;44309;5748
FR;9;2022-10-14;27;26;381;4430;12;293;4414;5556;838;263;372;3623;40285;187;2687;40527;49865;6586
FR;9;2022-10-15;14;8;101;1052;7;79;1029;1308;198;277;380;3724;41337;194;2766;41556;51173;6784
FR;9;2022-10-16;4;1;9;132;2;12;126;168;28;281;381;3733;41469;196;2778;41682;51341;6812
FR;9;2022-10-17;4;22;165;1875;11;127;1883;2492;475;285;403;3898;43344;207;2905;43565;53833;7287
FR;9;2022-10-18;36;29;317;3430;17;237;3454;4663;963;321;432;4215;46774;224;3142;47019;58496;8250
FR;9;2022-10-19;22;19;262;2688;17;174;2717;3732;826;343;451;4477;49462;241;3316;49736;62228;9076
FR;9;2022-10-20;22;22;308;3628;8;233;3639;4813;933;365;473;4785;53090;249;3549;53375;67041;10009
FR;9;2022-10-21;14;32;327;3548;11;228;3554;4655;865;379;505;5112;56638;260;3777;56929;71696;10874
FR;9;2022-10-22;10;11;90;914;8;62;919;1193;207;389;516;5202;57552;268;3839;57848;72889;11081
FR;9;2022-10-23;2;2;17;100;2;10;105;148;33;391;518;5219;57652;270;3849;57953;73037;11114
FR;9;2022-10-24;7;17;159;1363;6;106;1434;1942;397;398;535;5378;59015;276;3955;59387;74979;11511
FR;9;2022-10-25;18;22;228;2841;16;188;2851;3938;896;416;557;5606;61856;292;4143;62238;78917;12407
FR;9;2022-10-26;14;16;169;1800;13;123;1812;2527;590;430;573;5775;63656;305;4266;64050;81444;12997
FR;9;2022-10-27;9;26;230;2303;15;173;2337;3210;689;439;599;6005;65959;320;4439;66387;84654;13686
FR;9;2022-10-28;18;27;224;2277;17;151;2303;3142;681;457;626;6229;68236;337;4590;68690;87796;14367
FR;9;2022-10-29;12;8;55;505;5;46;496;662;119;469;634;6284;68741;342;4636;69186;88458;14486
FR;9;2022-10-30;2;1;8;58;1;8;58;82;16;471;635;6292;68799;343;4644;69244;88540;14502
FR;9;2022-10-31;13;7;105;660;9;59;695;996;240;484;642;6397;69459;352;4703;69939;89536;14742
FR;9;2022-11-01;1;1;15;43;0;11;49;71;11;485;643;6412;69502;352;4714;69988;89607;14753
FR;9;2022-11-02;7;12;102;1027;4;76;1045;1577;452;492;655;6514;70529;356;4790;71033;91184;15205
FR;9;2022-11-03;17;18;157;1599;16;92;1647;2348;599;509;673;6671;72128;372;4882;72680;93532;15804
FR;9;2022-11-04;21;19;193;1751;15;120;1800;2536;611;530;692;6864;73879;387;5002;74480;96068;16415
FR;9;2022-11-05;8;10;58;403;9;39;424;573;107;538;702;6922;74282;396;5041;74904;96641;16522
FR;9;2022-11-06;5;4;5;62;6;2;61;88;25;543;706;6927;74344;402;5043;74965;96729;16547
FR;9;2022-11-07;16;19;89;942;16;110;941;1489;432;559;725;7016;75286;418;5153;75906;98218;16979
FR;9;2022-11-08;11;19;171;1827;13;137;1815;2660;703;570;744;7187;77113;431;5290;77721;100878;17682
FR;9;2022-11-09;16;16;123;1261;9;98;1322;1878;453;586;760;7310;78374;440;5388;79043;102756;18135
FR;9;2022-11-10;13;22;162;1623;14;137;1621;2281;519;599;782;7472;79997;454;5525;80664;105037;18654
FR;9;2022-11-11;1;1;13;81;1;6;83;124;35;600;783;7485;80078;455;5531;80747;105161;18689
FR;9;2022-11-12;5;8;44;259;7;19;278;395;97;605;791;7529;80337;462;5550;81025;105556;18786
FR;9;2022-11-13;2;0;4;30;0;4;31;51;16;607;791;7533;80367;462;5554;81056;105607;18802
FR;9;2022-11-14;11;12;56;713;11;44;722;1108;339;618;803;7589;81080;473;5598;81778;106715;19141
FR;9;2022-11-15;18;16;150;1346;7;103;1356;2103;638;636;819;7739;82426;480;5701;83134;108818;19779
FR;9;2022-11-16;10;5;99;979;8;58;997;1490;431;646;824;7838;83405;488;5759;84131;110308;20210
FR;9;2022-11-17;9;17;126;1086;11;78;1111;1695;501;655;841;7964;84491;499;5837;85242;112003;20711
FR;9;2022-11-18;7;16;120;1440;5;78;1455;2027;492;662;857;8084;85931;504;5915;86697;114030;21203
FR;9;2022-11-19;3;5;51;364;1;28;351;490;106;665;862;8135;86295;505;5943;87048;114520;21309
FR;9;2022-11-20;1;0;5;37;0;3;35;54;16;666;862;8140;86332;505;5946;87083;114574;21325
FR;9;2022-11-21;9;12;66;636;5;51;639;960;263;675;874;8206;86968;510;5997;87722;115534;21588
FR;9;2022-11-22;15;12;121;1037;13;74;1067;1592;449;690;886;8327;88005;523;6071;88789;117126;22037
FR;9;2022-11-23;7;10;69;733;5;33;760;1170;372;697;896;8396;88738;528;6104;89549;118296;22409
FR;9;2022-11-24;8;19;93;979;14;68;992;1472;406;705;915;8489;89717;542;6172;90541;119768;22815
FR;9;2022-11-25;8;10;107;1180;8;82;1195;1781;503;713;925;8596;90897;550;6254;91736;121549;23318
FR;9;2022-11-26;6;6;35;217;7;24;214;310;68;719;931;8631;91114;557;6278;91950;121859;23386
FR;9;2022-11-27;1;1;6;42;0;2;46;82;34;720;932;8637;91156;557;6280;91996;121941;23420
FR;9;2022-11-28;5;7;103;698;7;60;726;1135;344;725;939;8740;91854;564;6340;92722;123076;23764
FR;9;2022-11-29;6;18;142;1299;6;89;1327;1942;521;731;957;8882;93153;570;6429;94049;125018;24285
FR;9;2022-11-30;9;12;99;1032;5;76;1055;1606;470;740;969;8981;94185;575;6505;95104;126624;24755
FR;9;2022-12-01;16;14;112;1345;8;80;1331;1970;554;756;983;9093;95530;583;6585;96435;128594;25309
FR;9;2022-12-02;10;13;193;1817;10;107;1818;2631;700;766;996;9286;97347;593;6692;98253;131225;26009
FR;9;2022-12-03;7;9;79;619;5;41;632;887;208;773;1005;9365;97966;598;6733;98885;132112;26217
FR;9;2022-12-04;11;4;15;105;5;8;105;153;40;784;1009;9380;98071;603;6741;98990;132265;26257
FR;9;2022-12-05;21;24;144;1406;17;98;1421;2110;584;805;1033;9524;99477;620;6839;100411;134375;26841
FR;9;2022-12-06;30;21;264;2453;21;148;2548;3812;1097;835;1054;9788;101930;641;6987;102959;138187;27938
FR;9;2022-12-07;15;22;181;1848;20;112;1890;2826;814;850;1076;9969;103778;661;7099;104849;141013;28752
FR;9;2022-12-08;14;22;222;2404;15;125;2467;3701;1092;864;1098;10191;106182;676;7224;107316;144714;29844
FR;9;2022-12-09;14;25;287;2888;10;143;2986;4337;1200;878;1123;10478;109070;686;7367;110302;149051;31044
FR;9;2022-12-10;12;13;122;1324;5;56;1347;1819;410;890;1136;10600;110394;691;7423;111649;150870;31454
FR;9;2022-12-11;5;5;21;277;6;10;283;363;66;895;1141;10621;110671;697;7433;111932;151233;31520
FR;9;2022-12-12;17;14;215;1958;12;109;2032;2892;746;912;1155;10836;112629;709;7542;113964;154125;32266
FR;9;2022-12-13;28;23;317;3085;15;151;3221;4720;1337;940;1178;11153;115714;724;7693;117185;158845;33603
FR;9;2022-12-14;15;10;191;2335;8;94;2405;3505;989;955;1188;11344;118049;732;7787;119590;162350;34592
FR;9;2022-12-15;17;24;257;2611;13;138;2682;4069;1238;972;1212;11601;120660;745;7925;122272;166419;35830
FR;9;2022-12-16;15;29;294;3072;21;165;3155;4603;1274;987;1241;11895;123732;766;8090;125427;171022;37104
FR;9;2022-12-17;8;11;106;1193;6;50;1208;1664;402;995;1252;12001;124925;772;8140;126635;172686;37506
FR;9;2022-12-18;1;7;30;245;6;14;251;333;67;996;1259;12031;125170;778;8154;126886;173019;37573
FR;9;2022-12-19;20;21;149;1599;15;78;1631;2507;789;1016;1280;12180;126769;793;8232;128517;175526;38362
FR;9;2022-12-20;21;19;232;2306;6;115;2349;3708;1233;1037;1299;12412;129075;799;8347;130866;179234;39595
FR;9;2022-12-21;6;14;139;1501;7;66;1554;2402;775;1043;1313;12551;130576;806;8413;132420;181636;40370
FR;9;2022-12-22;19;9;136;1402;9;78;1418;2119;615;1062;1322;12687;131978;815;8491;133838;183755;40985
FR;9;2022-12-23;11;15;77;728;9;51;730;1092;305;1073;1337;12764;132706;824;8542;134568;184847;41290
FR;9;2022-12-24;1;5;13;96;4;6;98;138;34;1074;1342;12777;132802;828;8548;134666;184985;41324
FR;9;2022-12-25;1;0;5;5;0;4;6;12;2;1075;1342;12782;132807;828;8552;134672;184997;41326
FR;9;2022-12-26;17;8;64;547;11;37;554;829;235;1092;1350;12846;133354;839;8589;135226;185826;41561
FR;9;2022-12-27;12;30;97;882;14;69;917;1422;430;1104;1380;12943;134236;853;8658;136143;187248;41991
FR;9;2022-12-28;8;9;82;749;8;40;768;1185;372;1112;1389;13025;134985;861;8698;136911;188433;42363
FR;9;2022-12-29;9;14;92;720;10;51;753;1135;324;1121;1403;13117;135705;871;8749;137664;189568;42687
FR;9;2022-12-30;12;17;77;592;9;47;612;899;237;1133;1420;13194;136297;880;8796;138276;190467;42924
FR;9;2022-12-31;2;3;17;136;2;12;139;190;38;1135;1423;13211;136433;882;8808;138415;190657;42962
FR;9;2023-01-01;0;2;3;19;1;4;19;31;8;1135;1425;13214;136452;883;8812;138434;190688;42970
FR;9;2023-01-02;11;11;56;592;4;40;585;949;320;1146;1436;13270;137044;887;8852;139019;191637;43290
FR;9;2023-01-03;19;20;122;1079;20;75;1101;1940;749;1165;1456;13392;138123;907;8927;140120;193577;44039
FR;9;2023-01-04;21;18;113;846;8;73;898;1609;633;1186;1474;13505;138969;915;9000;141018;195186;44672
FR;9;2023-01-05;5;20;115;1059;11;65;1091;2048;882;1191;1494;13620;140028;926;9065;142109;197234;45554
FR;9;2023-01-06;11;17;152;1370;4;73;1388;2410;938;1202;1511;13772;141398;930;9138;143497;199644;46492
FR;9;2023-01-07;6;13;58;436;14;36;427;687;220;1208;1524;13830;141834;944;9174;143924;200331;46712
FR;9;2023-01-08;4;11;15;92;9;12;91;137;32;1212;1535;13845;141926;953;9186;144015;200468;46744
FR;9;2023-01-09;16;15;87;623;9;62;615;1276;586;1228;1550;13932;142549;962;9248;144630;201744;47330
FR;9;2023-01-10;13;12;154;979;11;74;1033;1990;871;1241;1562;14086;143528;973;9322;145663;203734;48201
FR;9;2023-01-11;19;9;74;680;10;49;689;1387;643;1260;1571;14160;144208;983;9371;146352;205121;48844
FR;9;2023-01-12;21;9;92;845;3;77;823;1688;775;1281;1580;14252;145053;986;9448;147175;206809;49619
FR;9;2023-01-13;15;19;106;888;12;73;910;1784;785;1296;1599;14358;145941;998;9521;148085;208593;50404
FR;9;2023-01-14;8;9;55;294;5;33;299;585;247;1304;1608;14413;146235;1003;9554;148384;209178;50651
FR;9;2023-01-15;1;3;15;37;0;9;41;82;32;1305;1611;14428;146272;1003;9563;148425;209260;50683
FR;9;2023-01-16;6;15;54;366;13;24;383;785;371;1311;1626;14482;146638;1016;9587;148808;210045;51054
FR;9;2023-01-17;7;9;83;563;4;49;577;1244;609;1318;1635;14565;147201;1020;9636;149385;211289;51663
FR;9;2023-01-18;8;14;37;380;6;32;397;841;405;1326;1649;14602;147581;1026;9668;149782;212130;52068
FR;9;2023-01-19;10;9;58;477;8;30;478;1088;569;1336;1658;14660;148058;1034;9698;150260;213218;52637
FR;9;2023-01-20;15;19;96;578;16;57;595;1190;534;1351;1677;14756;148636;1050;9755;150855;214408;53171
FR;9;2023-01-21;8;15;20;192;11;13;190;347;140;1359;1692;14776;148828;1061;9768;151045;214755;53311
FR;9;2023-01-22;0;0;8;20;0;5;21;42;16;1359;1692;14784;148848;1061;9773;151066;214797;53327
FR;9;2023-01-23;4;15;27;253;9;25;242;563;287;1363;1707;14811;149101;1070;9798;151308;215360;53614
FR;9;2023-01-24;11;10;70;461;9;42;484;1162;633;1374;1717;14881;149562;1079;9840;151792;216522;54247
FR;9;2023-01-25;11;20;50;325;8;48;336;799;410;1385;1737;14931;149887;1087;9888;152128;217321;54657
FR;9;2023-01-26;7;17;64;391;8;50;390;967;515;1392;1754;14995;150278;1095;9938;152518;218288;55172
FR;9;2023-01-27;4;7;59;381;3;31;397;906;462;1396;1761;15054;150659;1098;9969;152915;219194;55634
FR;9;2023-01-28;3;6;31;128;5;27;120;265;116;1399;1767;15085;150787;1103;9996;153035;219459;55750
FR;9;2023-01-29;3;0;3;18;2;1;17;40;22;1402;1767;15088;150805;1105;9997;153052;219499;55772
FR;9;2023-01-30;4;6;31;192;5;11;211;501;272;1406;1773;15119;150997;1110;10008;153263;220000;56044
FR;9;2023-01-31;14;7;38;260;9;18;264;649;359;1420;1780;15157;151257;1119;10026;153527;220649;56403
FR;9;2023-02-01;5;7;26;173;4;20;179;519;309;1425;1787;15183;151430;1123;10046;153706;221168;56712
FR;9;2023-02-02;4;6;31;252;6;23;233;666;395;1429;1793;15214;151682;1129;10069;153939;221834;57107
FR;9;2023-02-03;8;11;42;289;8;37;275;677;355;1437;1804;15256;151971;1137;10106;154214;222511;57462
FR;9;2023-02-04;6;5;10;70;7;8;68;160;84;1443;1809;15266;152041;1144;10114;154282;222671;57546
FR;9;2023-02-05;1;1;4;7;0;4;7;17;6;1444;1810;15270;152048;1144;10118;154289;222688;57552
FR;9;2023-02-06;3;5;17;81;4;15;78;229;134;1447;1815;15287;152129;1148;10133;154367;222917;57686
FR;9;2023-02-07;3;5;30;139;3;21;134;424;263;1450;1820;15317;152268;1151;10154;154501;223341;57949
FR;9;2023-02-08;4;6;25;116;3;13;125;301;160;1454;1826;15342;152384;1154;10167;154626;223642;58109
FR;9;2023-02-09;8;3;20;138;4;14;123;339;198;1462;1829;15362;152522;1158;10181;154749;223981;58307
FR;9;2023-02-10;8;8;19;149;10;11;145;314;152;1470;1837;15381;152671;1168;10192;154894;224295;58459
FR;9;2023-02-11;5;4;14;42;3;9;47;84;28;1475;1841;15395;152713;1171;10201;154941;224379;58487
FR;9;2023-02-12;0;0;0;1;0;0;1;8;7;1475;1841;15395;152714;1171;10201;154942;224387;58494
FR;9;2023-02-13;3;8;5;50;8;4;45;107;55;1478;1849;15400;152764;1179;10205;154987;224494;58549
FR;9;2023-02-14;10;10;16;66;10;13;63;225;146;1488;1859;15416;152830;1189;10218;155050;224719;58695
FR;9;2023-02-15;1;5;16;52;3;12;50;162;99;1489;1864;15432;152882;1192;10230;155100;224881;58794
FR;9;2023-02-16;4;6;19;77;1;17;78;197;93;1493;1870;15451;152959;1193;10247;155178;225078;58887
FR;9;2023-02-17;6;4;15;62;5;11;64;178;99;1499;1874;15466;153021;1198;10258;155242;225256;58986
FR;9;2023-02-18;1;5;1;30;5;3;25;58;29;1500;1879;15467;153051;1203;10261;155267;225314;59015
FR;9;2023-02-19;1;0;0;1;0;0;1;3;2;1501;1879;15467;153052;1203;10261;155268;225317;59017
FR;9;2023-02-20;2;3;9;60;2;6;60;123;55;1503;1882;15476;153112;1205;10267;155328;225440;59072
FR;9;2023-02-21;6;9;11;65;7;10;65;160;83;1509;1891;15487;153177;1212;10277;155393;225600;59155
FR;9;2023-02-22;2;4;18;70;3;13;72;210;118;1511;1895;15505;153247;1215;10290;155465;225810;59273
FR;9;2023-02-23;5;3;17;63;1;12;69;146;61;1516;1898;15522;153310;1216;10302;155534;225956;59334
FR;9;2023-02-24;6;4;13;80;5;8;83;211;114;1522;1902;15535;153390;1221;10310;155617;226167;59448
FR;9;2023-02-25;2;2;10;14;4;4;23;43;16;1524;1904;15545;153404;1225;10314;155640;226210;59464
FR;9;2023-02-26;3;1;0;4;3;1;4;5;0;1527;1905;15545;153408;1228;10315;155644;226215;59464
FR;9;2023-02-27;2;3;5;17;3;2;19;49;26;1529;1908;15550;153425;1231;10317;155663;226264;59490
FR;9;2023-02-28;7;13;18;55;11;16;58;155;76;1536;1921;15568;153480;1242;10333;155721;226419;59566
FR;9;2023-03-01;0;8;6;20;6;7;20;78;48;1536;1929;15574;153500;1248;10340;155741;226497;59614
FR;9;2023-03-02;0;1;7;31;1;2;36;80;41;1536;1930;15581;153531;1249;10342;155777;226577;59655
FR;9;2023-03-03;1;4;9;47;3;6;49;122;67;1537;1934;15590;153578;1252;10348;155826;226699;59722
FR;9;2023-03-04;1;2;7;19;1;4;25;41;10;1538;1936;15597;153597;1253;10352;155851;226740;59732
FR;9;2023-03-05;0;1;1;0;1;0;1;8;7;1538;1937;15598;153597;1254;10352;155852;226748;59739
FR;9;2023-03-06;1;6;6;8;3;6;9;35;19;1539;1943;15604;153605;1257;10358;155861;226783;59758
FR;9;2023-03-07;2;4;8;20;0;9;24;69;34;1541;1947;15612;153625;1257;10367;155885;226852;59792
FR;9;2023-03-08;2;4;10;6;4;4;13;39;20;1543;1951;15622;153631;1261;10371;155898;226891;59812
FR;9;2023-03-09;1;3;9;12;2;6;17;65;42;1544;1954;15631;153643;1263;10377;155915;226956;59854
FR;9;2023-03-10;3;3;6;20;3;4;19;58;34;1547;1957;15637;153663;1266;10381;155934;227014;59888
FR;9;2023-03-11;2;3;4;8;2;1;11;15;3;1549;1960;15641;153671;1268;10382;155945;227029;59891
FR;9;2023-03-12;0;1;0;0;1;0;0;0;0;1549;1961;15641;153671;1269;10382;155945;227029;59891
FR;9;2023-03-13;3;5;9;34;3;4;14;49;29;1552;1966;15650;153705;1272;10386;155959;227078;59920
FR;9;2023-03-14;3;3;7;27;1;6;29;79;41;1555;1969;15657;153732;1273;10392;155988;227157;59961
FR;9;2023-03-15;0;6;4;15;4;4;17;47;24;1555;1975;15661;153747;1277;10396;156005;227204;59985
FR;9;2023-03-16;0;9;7;15;5;8;15;77;52;1555;1984;15668;153762;1282;10404;156020;227281;60037
FR;9;2023-03-17;0;7;6;40;3;8;27;113;71;1555;1991;15674;153802;1285;10412;156047;227394;60108
FR;9;2023-03-18;2;2;5;13;1;4;16;48;26;1557;1993;15679;153815;1286;10416;156063;227442;60134
FR;9;2023-03-19;0;1;0;0;1;0;0;0;0;1557;1994;15679;153815;1287;10416;156063;227442;60134
FR;9;2023-03-20;3;7;1;25;6;1;13;54;40;1560;2001;15680;153840;1293;10417;156076;227496;60174
FR;9;2023-03-21;1;1;6;16;1;1;21;69;47;1561;2002;15686;153856;1294;10418;156097;227565;60221
FR;9;2023-03-22;1;2;4;19;2;2;22;78;49;1562;2004;15690;153875;1296;10420;156119;227643;60270
FR;9;2023-03-23;0;6;7;22;4;7;21;56;25;1562;2010;15697;153897;1300;10427;156140;227699;60295
FR;9;2023-03-24;2;2;5;25;2;5;26;53;19;1564;2012;15702;153922;1302;10432;156166;227752;60314
FR;9;2023-03-25;0;0;4;6;0;3;8;16;5;1564;2012;15706;153928;1302;10435;156174;227768;60319
FR;9;2023-03-26;0;1;0;0;0;1;0;2;1;1564;2013;15706;153928;1302;10436;156174;227770;60320
FR;9;2023-03-27;0;3;4;8;2;2;12;32;15;1564;2016;15710;153936;1304;10438;156186;227802;60335
FR;9;2023-03-28;5;13;6;17;12;7;16;49;22;1569;2029;15716;153953;1316;10445;156202;227851;60357
FR;9;2023-03-29;3;6;8;5;2;8;8;28;12;1572;2035;15724;153958;1318;10453;156210;227879;60369
FR;9;2023-03-30;2;2;2;17;2;3;17;43;20;1574;2037;15726;153975;1320;10456;156227;227922;60389
FR;9;2023-03-31;0;3;2;18;1;6;15;45;22;1574;2040;15728;153993;1321;10462;156242;227967;60411
FR;9;2023-04-01;0;1;5;2;0;4;5;12;3;1574;2041;15733;153995;1321;10466;156247;227979;60414
FR;9;2023-04-02;0;0;0;0;0;0;0;2;2;1574;2041;15733;153995;1321;10466;156247;227981;60416
FR;9;2023-04-03;0;1;3;13;0;4;10;53;34;1574;2042;15736;154008;1321;10470;156257;228034;60450
FR;9;2023-04-04;4;4;11;18;2;7;22;61;29;1578;2046;15747;154026;1323;10477;156279;228095;60479
FR;9;2023-04-05;0;2;5;27;1;3;32;78;39;1578;2048;15752;154053;1324;10480;156311;228173;60518
FR;9;2023-04-06;0;0;4;13;0;2;16;42;23;1578;2048;15756;154066;1324;10482;156327;228215;60541
FR;9;2023-04-07;1;6;1;7;2;4;7;34;19;1579;2054;15757;154073;1326;10486;156334;228249;60560
FR;9;2023-04-08;0;1;2;1;0;1;3;7;2;1579;2055;15759;154074;1326;10487;156337;228256;60562
FR;9;2023-04-09;0;1;0;0;1;0;0;2;1;1579;2056;15759;154074;1327;10487;156337;228258;60563
FR;9;2023-04-10;0;1;1;5;1;1;5;6;0;1579;2057;15760;154079;1328;10488;156342;228264;60563
FR;9;2023-04-11;2;5;4;9;4;3;8;22;8;1581;2062;15764;154088;1332;10491;156350;228286;60571
FR;9;2023-04-12;1;2;6;8;2;4;10;41;24;1582;2064;15770;154096;1334;10495;156360;228327;60595
FR;9;2023-04-13;0;0;2;4;0;2;4;15;9;1582;2064;15772;154100;1334;10497;156364;228342;60604
FR;9;2023-04-14;1;4;7;10;1;6;12;38;13;1583;2068;15779;154110;1335;10503;156376;228380;60617
FR;9;2023-04-15;0;1;2;2;1;1;2;7;4;1583;2069;15781;154112;1336;10504;156378;228387;60621
FR;9;2023-04-16;0;1;0;0;1;0;0;0;0;1583;2070;15781;154112;1337;10504;156378;228387;60621
FR;9;2023-04-17;1;2;6;11;2;2;14;44;21;1584;2072;15787;154123;1339;10506;156392;228431;60642
FR;9;2023-04-18;2;1;3;8;1;2;9;34;21;1586;2073;15790;154131;1340;10508;156401;228465;60663
FR;9;2023-04-19;1;0;2;4;0;2;4;28;16;1587;2073;15792;154135;1340;10510;156405;228493;60679
FR;9;2023-04-20;1;0;2;6;0;2;6;24;13;1588;2073;15794;154141;1340;10512;156411;228517;60692
FR;9;2023-04-21;0;2;2;4;1;3;7;30;15;1588;2075;15796;154145;1341;10515;156418;228547;60707
FR;9;2023-04-22;0;1;0;2;1;0;2;3;1;1588;2076;15796;154147;1342;10515;156420;228550;60708
FR;9;2023-04-23;0;0;0;0;0;0;0;1;0;1588;2076;15796;154147;1342;10515;156420;228551;60708
FR;9;2023-04-24;1;3;3;13;3;3;11;26;9;1589;2079;15799;154160;1345;10518;156431;228577;60717
FR;9;2023-04-25;1;2;5;11;2;1;16;87;43;1590;2081;15804;154171;1347;10519;156447;228664;60760
FR;9;2023-04-26;5;0;4;9;0;5;4;13;3;1595;2081;15808;154180;1347;10524;156451;228677;60763
FR;9;2023-04-27;0;2;4;2;2;4;1;8;2;1595;2083;15812;154182;1349;10528;156452;228685;60765
FR;9;2023-04-28;0;0;0;0;0;0;0;4;4;1595;2083;15812;154182;1349;10528;156452;228689;60769
FR;9;2023-04-29;1;2;2;0;1;1;3;8;3;1596;2085;15814;154182;1350;10529;156455;228697;60772
FR;9;2023-04-30;0;0;0;0;0;0;0;0;0;1596;2085;15814;154182;1350;10529;156455;228697;60772
FR;10;2020-12-27;0;0;0;0;0;0;0;0;0;0;0;0;0;0;0;0;0;0
FR;10;2020-12-28;0;0;0;0;0;0;0;0;0;0;0;0;0;0;0;0;0;0
FR;10;2020-12-29;0;0;0;0;0;0;0;0;0;0;0;0;0;0;0;0;0;0
FR;10;2020-12-30;0;0;0;0;0;0;0;0;0;0;0;0;0;0;0;0;0;0
FR;10;2020-12-31;0;0;0;0;0;0;0;0;0;0;0;0;0;0;0;0;0;0
FR;10;2021-01-01;0;0;0;0;0;0;0;0;0;0;0;0;0;0;0;0;0;0
FR;10;2021-01-02;0;0;0;0;0;0;0;0;0;0;0;0;0;0;0;0;0;0
FR;10;2021-01-03;0;0;0;0;0;0;0;0;0;0;0;0;0;0;0;0;0;0
FR;10;2021-01-04;0;0;0;0;0;0;0;0;0;0;0;0;0;0;0;0;0;0
FR;10;2021-01-05;0;0;0;0;0;0;0;0;0;0;0;0;0;0;0;0;0;0
FR;10;2021-01-06;0;0;0;0;0;0;0;0;0;0;0;0;0;0;0;0;0;0
FR;10;2021-01-07;0;0;0;0;0;0;0;0;0;0;0;0;0;0;0;0;0;0
FR;10;2021-01-08;0;0;0;0;0;0;0;0;0;0;0;0;0;0;0;0;0;0
FR;10;2021-01-09;0;0;0;0;0;0;0;0;0;0;0;0;0;0;0;0;0;0
FR;10;2021-01-10;0;0;0;0;0;0;0;0;0;0;0;0;0;0;0;0;0;0
FR;10;2021-01-11;0;0;0;0;0;0;0;0;0;0;0;0;0;0;0;0;0;0
FR;10;2021-01-12;0;0;0;0;0;0;0;0;0;0;0;0;0;0;0;0;0;0
FR;10;2021-01-13;0;0;0;0;0;0;0;0;0;0;0;0;0;0;0;0;0;0
FR;10;2021-01-14;0;0;0;0;0;0;0;0;0;0;0;0;0;0;0;0;0;0
FR;10;2021-01-15;0;0;0;0;0;0;0;0;0;0;0;0;0;0;0;0;0;0
FR;10;2021-01-16;0;0;0;0;0;0;0;0;0;0;0;0;0;0;0;0;0;0
FR;10;2021-01-17;0;0;0;0;0;0;0;0;0;0;0;0;0;0;0;0;0;0
FR;10;2021-01-18;0;0;0;0;0;0;0;0;0;0;0;0;0;0;0;0;0;0
FR;10;2021-01-19;0;0;0;0;0;0;0;0;0;0;0;0;0;0;0;0;0;0
FR;10;2021-01-20;0;0;0;0;0;0;0;0;0;0;0;0;0;0;0;0;0;0
FR;10;2021-01-21;0;0;0;0;0;0;0;0;0;0;0;0;0;0;0;0;0;0
FR;10;2021-01-22;0;0;0;0;0;0;0;0;0;0;0;0;0;0;0;0;0;0
FR;10;2021-01-23;0;0;0;0;0;0;0;0;0;0;0;0;0;0;0;0;0;0
FR;10;2021-01-24;0;0;0;0;0;0;0;0;0;0;0;0;0;0;0;0;0;0
FR;10;2021-01-25;0;0;0;0;0;0;0;0;0;0;0;0;0;0;0;0;0;0
FR;10;2021-01-26;0;0;0;0;0;0;0;0;0;0;0;0;0;0;0;0;0;0
FR;10;2021-01-27;0;0;0;0;0;0;0;0;0;0;0;0;0;0;0;0;0;0
FR;10;2021-01-28;0;0;0;0;0;0;0;0;0;0;0;0;0;0;0;0;0;0
FR;10;2021-01-29;0;0;0;0;0;0;0;0;0;0;0;0;0;0;0;0;0;0
FR;10;2021-01-30;0;0;0;0;0;0;0;0;0;0;0;0;0;0;0;0;0;0
FR;10;2021-01-31;0;0;0;0;0;0;0;0;0;0;0;0;0;0;0;0;0;0
FR;10;2021-02-01;0;0;0;0;0;0;0;0;0;0;0;0;0;0;0;0;0;0
FR;10;2021-02-02;0;0;0;0;0;0;0;0;0;0;0;0;0;0;0;0;0;0
FR;10;2021-02-03;0;0;0;0;0;0;0;0;0;0;0;0;0;0;0;0;0;0
FR;10;2021-02-04;0;0;0;0;0;0;0;0;0;0;0;0;0;0;0;0;0;0
FR;10;2021-02-05;0;0;0;0;0;0;0;0;0;0;0;0;0;0;0;0;0;0
FR;10;2021-02-06;0;0;0;0;0;0;0;0;0;0;0;0;0;0;0;0;0;0
FR;10;2021-02-07;0;0;0;0;0;0;0;0;0;0;0;0;0;0;0;0;0;0
FR;10;2021-02-08;0;0;0;0;0;0;0;0;0;0;0;0;0;0;0;0;0;0
FR;10;2021-02-09;0;0;0;0;0;0;0;0;0;0;0;0;0;0;0;0;0;0
FR;10;2021-02-10;0;0;0;0;0;0;0;0;0;0;0;0;0;0;0;0;0;0
FR;10;2021-02-11;0;0;0;0;0;0;0;0;0;0;0;0;0;0;0;0;0;0
FR;10;2021-02-12;0;0;0;0;0;0;0;0;0;0;0;0;0;0;0;0;0;0
FR;10;2021-02-13;0;0;0;0;0;0;0;0;0;0;0;0;0;0;0;0;0;0
FR;10;2021-02-14;0;0;0;0;0;0;0;0;0;0;0;0;0;0;0;0;0;0
FR;10;2021-02-15;0;0;0;0;0;0;0;0;0;0;0;0;0;0;0;0;0;0
FR;10;2021-02-16;0;0;0;0;0;0;0;0;0;0;0;0;0;0;0;0;0;0
FR;10;2021-02-17;0;0;0;0;0;0;0;0;0;0;0;0;0;0;0;0;0;0
FR;10;2021-02-18;0;0;0;0;0;0;0;0;0;0;0;0;0;0;0;0;0;0
FR;10;2021-02-19;0;0;0;0;0;0;0;0;0;0;0;0;0;0;0;0;0;0
FR;10;2021-02-20;0;0;0;0;0;0;0;0;0;0;0;0;0;0;0;0;0;0
FR;10;2021-02-21;0;0;0;0;0;0;0;0;0;0;0;0;0;0;0;0;0;0
FR;10;2021-02-22;0;0;0;0;0;0;0;0;0;0;0;0;0;0;0;0;0;0
FR;10;2021-02-23;0;0;0;0;0;0;0;0;0;0;0;0;0;0;0;0;0;0
FR;10;2021-02-24;0;0;0;0;0;0;0;0;0;0;0;0;0;0;0;0;0;0
FR;10;2021-02-25;0;0;0;0;0;0;0;0;0;0;0;0;0;0;0;0;0;0
FR;10;2021-02-26;0;0;0;0;0;0;0;0;0;0;0;0;0;0;0;0;0;0
FR;10;2021-02-27;0;0;0;0;0;0;0;0;0;0;0;0;0;0;0;0;0;0
FR;10;2021-02-28;0;0;0;0;0;0;0;0;0;0;0;0;0;0;0;0;0;0
FR;10;2021-03-01;0;0;0;0;0;0;0;0;0;0;0;0;0;0;0;0;0;0
FR;10;2021-03-02;0;0;0;0;0;0;0;0;0;0;0;0;0;0;0;0;0;0
FR;10;2021-03-03;0;0;0;0;0;0;0;0;0;0;0;0;0;0;0;0;0;0
FR;10;2021-03-04;0;0;0;0;0;0;0;0;0;0;0;0;0;0;0;0;0;0
FR;10;2021-03-05;0;0;0;0;0;0;0;0;0;0;0;0;0;0;0;0;0;0
FR;10;2021-03-06;0;0;0;0;0;0;0;0;0;0;0;0;0;0;0;0;0;0
FR;10;2021-03-07;0;0;0;0;0;0;0;0;0;0;0;0;0;0;0;0;0;0
FR;10;2021-03-08;0;0;0;0;0;0;0;0;0;0;0;0;0;0;0;0;0;0
FR;10;2021-03-09;0;0;0;0;0;0;0;0;0;0;0;0;0;0;0;0;0;0
FR;10;2021-03-10;0;0;0;0;0;0;0;0;0;0;0;0;0;0;0;0;0;0
FR;10;2021-03-11;0;0;0;0;0;0;0;0;0;0;0;0;0;0;0;0;0;0
FR;10;2021-03-12;0;0;0;0;0;0;0;0;0;0;0;0;0;0;0;0;0;0
FR;10;2021-03-13;0;0;0;0;0;0;0;0;0;0;0;0;0;0;0;0;0;0
FR;10;2021-03-14;0;0;0;0;0;0;0;0;0;0;0;0;0;0;0;0;0;0
FR;10;2021-03-15;0;0;0;0;0;0;0;0;0;0;0;0;0;0;0;0;0;0
FR;10;2021-03-16;0;0;0;0;0;0;0;0;0;0;0;0;0;0;0;0;0;0
FR;10;2021-03-17;0;0;0;0;0;0;0;0;0;0;0;0;0;0;0;0;0;0
FR;10;2021-03-18;0;0;0;0;0;0;0;0;0;0;0;0;0;0;0;0;0;0
FR;10;2021-03-19;0;0;0;0;0;0;0;0;0;0;0;0;0;0;0;0;0;0
FR;10;2021-03-20;0;0;0;0;0;0;0;0;0;0;0;0;0;0;0;0;0;0
FR;10;2021-03-21;0;0;0;0;0;0;0;0;0;0;0;0;0;0;0;0;0;0
FR;10;2021-03-22;0;0;0;0;0;0;0;0;0;0;0;0;0;0;0;0;0;0
FR;10;2021-03-23;0;0;0;0;0;0;0;0;0;0;0;0;0;0;0;0;0;0
FR;10;2021-03-24;0;0;0;0;0;0;0;0;0;0;0;0;0;0;0;0;0;0
FR;10;2021-03-25;0;0;0;0;0;0;0;0;0;0;0;0;0;0;0;0;0;0
FR;10;2021-03-26;0;0;0;0;0;0;0;0;0;0;0;0;0;0;0;0;0;0
FR;10;2021-03-27;0;0;0;0;0;0;0;0;0;0;0;0;0;0;0;0;0;0
FR;10;2021-03-28;0;0;0;0;0;0;0;0;0;0;0;0;0;0;0;0;0;0
FR;10;2021-03-29;0;0;0;0;0;0;0;0;0;0;0;0;0;0;0;0;0;0
FR;10;2021-03-30;0;0;0;0;0;0;0;0;0;0;0;0;0;0;0;0;0;0
FR;10;2021-03-31;0;0;0;0;0;0;0;0;0;0;0;0;0;0;0;0;0;0
FR;10;2021-04-01;0;0;0;0;0;0;0;0;0;0;0;0;0;0;0;0;0;0
FR;10;2021-04-02;0;0;0;0;0;0;0;0;0;0;0;0;0;0;0;0;0;0
FR;10;2021-04-03;0;0;0;0;0;0;0;0;0;0;0;0;0;0;0;0;0;0
FR;10;2021-04-04;0;0;0;0;0;0;0;0;0;0;0;0;0;0;0;0;0;0
FR;10;2021-04-05;0;0;0;0;0;0;0;0;0;0;0;0;0;0;0;0;0;0
FR;10;2021-04-06;0;0;0;0;0;0;0;0;0;0;0;0;0;0;0;0;0;0
FR;10;2021-04-07;0;0;0;0;0;0;0;0;0;0;0;0;0;0;0;0;0;0
FR;10;2021-04-08;0;0;0;0;0;0;0;0;0;0;0;0;0;0;0;0;0;0
FR;10;2021-04-09;0;0;0;0;0;0;0;0;0;0;0;0;0;0;0;0;0;0
FR;10;2021-04-10;0;0;0;0;0;0;0;0;0;0;0;0;0;0;0;0;0;0
FR;10;2021-04-11;0;0;0;0;0;0;0;0;0;0;0;0;0;0;0;0;0;0
FR;10;2021-04-12;0;0;0;0;0;0;0;0;0;0;0;0;0;0;0;0;0;0
FR;10;2021-04-13;0;0;0;0;0;0;0;0;0;0;0;0;0;0;0;0;0;0
FR;10;2021-04-14;0;0;0;0;0;0;0;0;0;0;0;0;0;0;0;0;0;0
FR;10;2021-04-15;0;0;0;0;0;0;0;0;0;0;0;0;0;0;0;0;0;0
FR;10;2021-04-16;0;0;0;0;0;0;0;0;0;0;0;0;0;0;0;0;0;0
FR;10;2021-04-17;0;0;0;0;0;0;0;0;0;0;0;0;0;0;0;0;0;0
FR;10;2021-04-18;0;0;0;0;0;0;0;0;0;0;0;0;0;0;0;0;0;0
FR;10;2021-04-19;0;0;0;0;0;0;0;0;0;0;0;0;0;0;0;0;0;0
FR;10;2021-04-20;0;0;0;0;0;0;0;0;0;0;0;0;0;0;0;0;0;0
FR;10;2021-04-21;0;0;0;0;0;0;0;0;0;0;0;0;0;0;0;0;0;0
FR;10;2021-04-22;0;0;0;0;0;0;0;0;0;0;0;0;0;0;0;0;0;0
FR;10;2021-04-23;0;0;0;0;0;0;0;0;0;0;0;0;0;0;0;0;0;0
FR;10;2021-04-24;0;0;0;0;0;0;0;0;0;0;0;0;0;0;0;0;0;0
FR;10;2021-04-25;0;0;0;0;0;0;0;0;0;0;0;0;0;0;0;0;0;0
FR;10;2021-04-26;0;0;0;0;0;0;0;0;0;0;0;0;0;0;0;0;0;0
FR;10;2021-04-27;0;0;0;0;0;0;0;0;0;0;0;0;0;0;0;0;0;0
FR;10;2021-04-28;0;0;0;0;0;0;0;0;0;0;0;0;0;0;0;0;0;0
FR;10;2021-04-29;0;0;0;0;0;0;0;0;0;0;0;0;0;0;0;0;0;0
FR;10;2021-04-30;0;0;0;0;0;0;0;0;0;0;0;0;0;0;0;0;0;0
FR;10;2021-05-01;0;0;0;0;0;0;0;0;0;0;0;0;0;0;0;0;0;0
FR;10;2021-05-02;0;0;0;0;0;0;0;0;0;0;0;0;0;0;0;0;0;0
FR;10;2021-05-03;0;0;0;0;0;0;0;0;0;0;0;0;0;0;0;0;0;0
FR;10;2021-05-04;0;0;0;0;0;0;0;0;0;0;0;0;0;0;0;0;0;0
FR;10;2021-05-05;0;0;0;0;0;0;0;0;0;0;0;0;0;0;0;0;0;0
FR;10;2021-05-06;0;0;0;0;0;0;0;0;0;0;0;0;0;0;0;0;0;0
FR;10;2021-05-07;0;0;0;0;0;0;0;0;0;0;0;0;0;0;0;0;0;0
FR;10;2021-05-08;0;0;0;0;0;0;0;0;0;0;0;0;0;0;0;0;0;0
FR;10;2021-05-09;0;0;0;0;0;0;0;0;0;0;0;0;0;0;0;0;0;0
FR;10;2021-05-10;0;0;0;0;0;0;0;0;0;0;0;0;0;0;0;0;0;0
FR;10;2021-05-11;0;0;0;0;0;0;0;0;0;0;0;0;0;0;0;0;0;0
FR;10;2021-05-12;0;0;0;0;0;0;0;0;0;0;0;0;0;0;0;0;0;0
FR;10;2021-05-13;0;0;0;0;0;0;0;0;0;0;0;0;0;0;0;0;0;0
FR;10;2021-05-14;0;0;0;0;0;0;0;0;0;0;0;0;0;0;0;0;0;0
FR;10;2021-05-15;0;0;0;0;0;0;0;0;0;0;0;0;0;0;0;0;0;0
FR;10;2021-05-16;0;0;0;0;0;0;0;0;0;0;0;0;0;0;0;0;0;0
FR;10;2021-05-17;0;0;0;0;0;0;0;0;0;0;0;0;0;0;0;0;0;0
FR;10;2021-05-18;0;0;0;0;0;0;0;0;0;0;0;0;0;0;0;0;0;0
FR;10;2021-05-19;0;0;0;0;0;0;0;0;0;0;0;0;0;0;0;0;0;0
FR;10;2021-05-20;0;0;0;0;0;0;0;0;0;0;0;0;0;0;0;0;0;0
FR;10;2021-05-21;0;0;0;0;0;0;0;0;0;0;0;0;0;0;0;0;0;0
FR;10;2021-05-22;0;0;0;0;0;0;0;0;0;0;0;0;0;0;0;0;0;0
FR;10;2021-05-23;0;0;0;0;0;0;0;0;0;0;0;0;0;0;0;0;0;0
FR;10;2021-05-24;0;0;0;0;0;0;0;0;0;0;0;0;0;0;0;0;0;0
FR;10;2021-05-25;0;0;0;0;0;0;0;0;0;0;0;0;0;0;0;0;0;0
FR;10;2021-05-26;0;0;0;0;0;0;0;0;0;0;0;0;0;0;0;0;0;0
FR;10;2021-05-27;0;0;0;0;0;0;0;0;0;0;0;0;0;0;0;0;0;0
FR;10;2021-05-28;0;0;0;0;0;0;0;0;0;0;0;0;0;0;0;0;0;0
FR;10;2021-05-29;0;0;0;0;0;0;0;0;0;0;0;0;0;0;0;0;0;0
FR;10;2021-05-30;0;0;0;0;0;0;0;0;0;0;0;0;0;0;0;0;0;0
FR;10;2021-05-31;0;0;0;0;0;0;0;0;0;0;0;0;0;0;0;0;0;0
FR;10;2021-06-01;0;0;0;0;0;0;0;0;0;0;0;0;0;0;0;0;0;0
FR;10;2021-06-02;0;0;0;0;0;0;0;0;0;0;0;0;0;0;0;0;0;0
FR;10;2021-06-03;0;0;0;0;0;0;0;0;0;0;0;0;0;0;0;0;0;0
FR;10;2021-06-04;0;0;0;0;0;0;0;0;0;0;0;0;0;0;0;0;0;0
FR;10;2021-06-05;0;0;0;0;0;0;0;0;0;0;0;0;0;0;0;0;0;0
FR;10;2021-06-06;0;0;0;0;0;0;0;0;0;0;0;0;0;0;0;0;0;0
FR;10;2021-06-07;0;0;0;0;0;0;0;0;0;0;0;0;0;0;0;0;0;0
FR;10;2021-06-08;0;0;0;0;0;0;0;0;0;0;0;0;0;0;0;0;0;0
FR;10;2021-06-09;0;0;0;0;0;0;0;0;0;0;0;0;0;0;0;0;0;0
FR;10;2021-06-10;0;0;0;0;0;0;0;0;0;0;0;0;0;0;0;0;0;0
FR;10;2021-06-11;0;0;0;0;0;0;0;0;0;0;0;0;0;0;0;0;0;0
FR;10;2021-06-12;0;0;0;0;0;0;0;0;0;0;0;0;0;0;0;0;0;0
FR;10;2021-06-13;0;0;0;0;0;0;0;0;0;0;0;0;0;0;0;0;0;0
FR;10;2021-06-14;0;0;0;0;0;0;0;0;0;0;0;0;0;0;0;0;0;0
FR;10;2021-06-15;0;0;0;0;0;0;0;0;0;0;0;0;0;0;0;0;0;0
FR;10;2021-06-16;0;0;0;0;0;0;0;0;0;0;0;0;0;0;0;0;0;0
FR;10;2021-06-17;0;0;0;0;0;0;0;0;0;0;0;0;0;0;0;0;0;0
FR;10;2021-06-18;0;0;0;0;0;0;0;0;0;0;0;0;0;0;0;0;0;0
FR;10;2021-06-19;0;0;0;0;0;0;0;0;0;0;0;0;0;0;0;0;0;0
FR;10;2021-06-20;0;0;0;0;0;0;0;0;0;0;0;0;0;0;0;0;0;0
FR;10;2021-06-21;0;0;0;0;0;0;0;0;0;0;0;0;0;0;0;0;0;0
FR;10;2021-06-22;0;0;0;0;0;0;0;0;0;0;0;0;0;0;0;0;0;0
FR;10;2021-06-23;0;0;0;0;0;0;0;0;0;0;0;0;0;0;0;0;0;0
FR;10;2021-06-24;0;0;0;0;0;0;0;0;0;0;0;0;0;0;0;0;0;0
FR;10;2021-06-25;0;0;0;0;0;0;0;0;0;0;0;0;0;0;0;0;0;0
FR;10;2021-06-26;0;0;0;0;0;0;0;0;0;0;0;0;0;0;0;0;0;0
FR;10;2021-06-27;0;0;0;0;0;0;0;0;0;0;0;0;0;0;0;0;0;0
FR;10;2021-06-28;0;0;0;0;0;0;0;0;0;0;0;0;0;0;0;0;0;0
FR;10;2021-06-29;0;0;0;0;0;0;0;0;0;0;0;0;0;0;0;0;0;0
FR;10;2021-06-30;0;0;0;0;0;0;0;0;0;0;0;0;0;0;0;0;0;0
FR;10;2021-07-01;0;0;0;0;0;0;0;0;0;0;0;0;0;0;0;0;0;0
FR;10;2021-07-02;0;0;0;0;0;0;0;0;0;0;0;0;0;0;0;0;0;0
FR;10;2021-07-03;0;0;0;0;0;0;0;0;0;0;0;0;0;0;0;0;0;0
FR;10;2021-07-04;0;0;0;0;0;0;0;0;0;0;0;0;0;0;0;0;0;0
FR;10;2021-07-05;0;0;0;0;0;0;0;0;0;0;0;0;0;0;0;0;0;0
FR;10;2021-07-06;0;0;0;0;0;0;0;0;0;0;0;0;0;0;0;0;0;0
FR;10;2021-07-07;0;0;0;0;0;0;0;0;0;0;0;0;0;0;0;0;0;0
FR;10;2021-07-08;0;0;0;0;0;0;0;0;0;0;0;0;0;0;0;0;0;0
FR;10;2021-07-09;0;0;0;0;0;0;0;0;0;0;0;0;0;0;0;0;0;0
FR;10;2021-07-10;0;0;0;0;0;0;0;0;0;0;0;0;0;0;0;0;0;0
FR;10;2021-07-11;0;0;0;0;0;0;0;0;0;0;0;0;0;0;0;0;0;0
FR;10;2021-07-12;0;0;0;0;0;0;0;0;0;0;0;0;0;0;0;0;0;0
FR;10;2021-07-13;0;0;0;0;0;0;0;0;0;0;0;0;0;0;0;0;0;0
FR;10;2021-07-14;0;0;0;0;0;0;0;0;0;0;0;0;0;0;0;0;0;0
FR;10;2021-07-15;0;0;0;0;0;0;0;0;0;0;0;0;0;0;0;0;0;0
FR;10;2021-07-16;0;0;0;0;0;0;0;0;0;0;0;0;0;0;0;0;0;0
FR;10;2021-07-17;0;0;0;0;0;0;0;0;0;0;0;0;0;0;0;0;0;0
FR;10;2021-07-18;0;0;0;0;0;0;0;0;0;0;0;0;0;0;0;0;0;0
FR;10;2021-07-19;0;0;0;0;0;0;0;0;0;0;0;0;0;0;0;0;0;0
FR;10;2021-07-20;0;0;0;0;0;0;0;0;0;0;0;0;0;0;0;0;0;0
FR;10;2021-07-21;0;0;0;0;0;0;0;0;0;0;0;0;0;0;0;0;0;0
FR;10;2021-07-22;0;0;0;0;0;0;0;0;0;0;0;0;0;0;0;0;0;0
FR;10;2021-07-23;0;0;0;0;0;0;0;0;0;0;0;0;0;0;0;0;0;0
FR;10;2021-07-24;0;0;0;0;0;0;0;0;0;0;0;0;0;0;0;0;0;0
FR;10;2021-07-25;0;0;0;0;0;0;0;0;0;0;0;0;0;0;0;0;0;0
FR;10;2021-07-26;0;0;0;0;0;0;0;0;0;0;0;0;0;0;0;0;0;0
FR;10;2021-07-27;0;0;0;0;0;0;0;0;0;0;0;0;0;0;0;0;0;0
FR;10;2021-07-28;0;0;0;0;0;0;0;0;0;0;0;0;0;0;0;0;0;0
FR;10;2021-07-29;0;0;0;0;0;0;0;0;0;0;0;0;0;0;0;0;0;0
FR;10;2021-07-30;0;0;0;0;0;0;0;0;0;0;0;0;0;0;0;0;0;0
FR;10;2021-07-31;0;0;0;0;0;0;0;0;0;0;0;0;0;0;0;0;0;0
FR;10;2021-08-01;0;0;0;0;0;0;0;0;0;0;0;0;0;0;0;0;0;0
FR;10;2021-08-02;0;0;0;0;0;0;0;0;0;0;0;0;0;0;0;0;0;0
FR;10;2021-08-03;0;0;0;0;0;0;0;0;0;0;0;0;0;0;0;0;0;0
FR;10;2021-08-04;0;0;0;0;0;0;0;0;0;0;0;0;0;0;0;0;0;0
FR;10;2021-08-05;0;0;0;0;0;0;0;0;0;0;0;0;0;0;0;0;0;0
FR;10;2021-08-06;0;0;0;0;0;0;0;0;0;0;0;0;0;0;0;0;0;0
FR;10;2021-08-07;0;0;0;0;0;0;0;0;0;0;0;0;0;0;0;0;0;0
FR;10;2021-08-08;0;0;0;0;0;0;0;0;0;0;0;0;0;0;0;0;0;0
FR;10;2021-08-09;0;0;0;0;0;0;0;0;0;0;0;0;0;0;0;0;0;0
FR;10;2021-08-10;0;0;0;0;0;0;0;0;0;0;0;0;0;0;0;0;0;0
FR;10;2021-08-11;0;0;0;0;0;0;0;0;0;0;0;0;0;0;0;0;0;0
FR;10;2021-08-12;0;0;0;0;0;0;0;0;0;0;0;0;0;0;0;0;0;0
FR;10;2021-08-13;0;0;0;0;0;0;0;0;0;0;0;0;0;0;0;0;0;0
FR;10;2021-08-14;0;0;0;0;0;0;0;0;0;0;0;0;0;0;0;0;0;0
FR;10;2021-08-15;0;0;0;0;0;0;0;0;0;0;0;0;0;0;0;0;0;0
FR;10;2021-08-16;0;0;0;0;0;0;0;0;0;0;0;0;0;0;0;0;0;0
FR;10;2021-08-17;0;0;0;0;0;0;0;0;0;0;0;0;0;0;0;0;0;0
FR;10;2021-08-18;0;0;0;0;0;0;0;0;0;0;0;0;0;0;0;0;0;0
FR;10;2021-08-19;0;0;0;0;0;0;0;0;0;0;0;0;0;0;0;0;0;0
FR;10;2021-08-20;0;0;0;0;0;0;0;0;0;0;0;0;0;0;0;0;0;0
FR;10;2021-08-21;0;0;0;0;0;0;0;0;0;0;0;0;0;0;0;0;0;0
FR;10;2021-08-22;0;0;0;0;0;0;0;0;0;0;0;0;0;0;0;0;0;0
FR;10;2021-08-23;0;0;0;0;0;0;0;0;0;0;0;0;0;0;0;0;0;0
FR;10;2021-08-24;0;0;0;0;0;0;0;0;0;0;0;0;0;0;0;0;0;0
FR;10;2021-08-25;0;0;0;0;0;0;0;0;0;0;0;0;0;0;0;0;0;0
FR;10;2021-08-26;0;0;0;0;0;0;0;0;0;0;0;0;0;0;0;0;0;0
FR;10;2021-08-27;0;0;0;0;0;0;0;0;0;0;0;0;0;0;0;0;0;0
FR;10;2021-08-28;0;0;0;0;0;0;0;0;0;0;0;0;0;0;0;0;0;0
FR;10;2021-08-29;0;0;0;0;0;0;0;0;0;0;0;0;0;0;0;0;0;0
FR;10;2021-08-30;0;0;0;0;0;0;0;0;0;0;0;0;0;0;0;0;0;0
FR;10;2021-08-31;0;0;0;0;0;0;0;0;0;0;0;0;0;0;0;0;0;0
FR;10;2021-09-01;0;0;0;0;0;0;0;0;0;0;0;0;0;0;0;0;0;0
FR;10;2021-09-02;0;0;0;0;0;0;0;0;0;0;0;0;0;0;0;0;0;0
FR;10;2021-09-03;0;0;0;0;0;0;0;0;0;0;0;0;0;0;0;0;0;0
FR;10;2021-09-04;0;0;0;0;0;0;0;0;0;0;0;0;0;0;0;0;0;0
FR;10;2021-09-05;0;0;0;0;0;0;0;0;0;0;0;0;0;0;0;0;0;0
FR;10;2021-09-06;0;0;0;0;0;0;0;0;0;0;0;0;0;0;0;0;0;0
FR;10;2021-09-07;0;0;0;0;0;0;0;0;0;0;0;0;0;0;0;0;0;0
FR;10;2021-09-08;0;0;0;0;0;0;0;0;0;0;0;0;0;0;0;0;0;0
FR;10;2021-09-09;0;0;0;0;0;0;0;0;0;0;0;0;0;0;0;0;0;0
FR;10;2021-09-10;0;0;0;0;0;0;0;0;0;0;0;0;0;0;0;0;0;0
FR;10;2021-09-11;0;0;0;0;0;0;0;0;0;0;0;0;0;0;0;0;0;0
FR;10;2021-09-12;0;0;0;0;0;0;0;0;0;0;0;0;0;0;0;0;0;0
FR;10;2021-09-13;0;0;0;0;0;0;0;0;0;0;0;0;0;0;0;0;0;0
FR;10;2021-09-14;0;0;0;0;0;0;0;0;0;0;0;0;0;0;0;0;0;0
FR;10;2021-09-15;0;0;0;0;0;0;0;0;0;0;0;0;0;0;0;0;0;0
FR;10;2021-09-16;0;0;0;0;0;0;0;0;0;0;0;0;0;0;0;0;0;0
FR;10;2021-09-17;0;0;0;0;0;0;0;0;0;0;0;0;0;0;0;0;0;0
FR;10;2021-09-18;0;0;0;0;0;0;0;0;0;0;0;0;0;0;0;0;0;0
FR;10;2021-09-19;0;0;0;0;0;0;0;0;0;0;0;0;0;0;0;0;0;0
FR;10;2021-09-20;0;0;0;0;0;0;0;0;0;0;0;0;0;0;0;0;0;0
FR;10;2021-09-21;0;0;0;0;0;0;0;0;0;0;0;0;0;0;0;0;0;0
FR;10;2021-09-22;0;0;0;0;0;0;0;0;0;0;0;0;0;0;0;0;0;0
FR;10;2021-09-23;0;0;0;0;0;0;0;0;0;0;0;0;0;0;0;0;0;0
FR;10;2021-09-24;0;0;0;0;0;0;0;0;0;0;0;0;0;0;0;0;0;0
FR;10;2021-09-25;0;0;0;0;0;0;0;0;0;0;0;0;0;0;0;0;0;0
FR;10;2021-09-26;0;0;0;0;0;0;0;0;0;0;0;0;0;0;0;0;0;0
FR;10;2021-09-27;0;0;0;0;0;0;0;0;0;0;0;0;0;0;0;0;0;0
FR;10;2021-09-28;0;0;0;0;0;0;0;0;0;0;0;0;0;0;0;0;0;0
FR;10;2021-09-29;0;0;0;0;0;0;0;0;0;0;0;0;0;0;0;0;0;0
FR;10;2021-09-30;0;0;0;0;0;0;0;0;0;0;0;0;0;0;0;0;0;0
FR;10;2021-10-01;0;0;0;0;0;0;0;0;0;0;0;0;0;0;0;0;0;0
FR;10;2021-10-02;0;0;0;0;0;0;0;0;0;0;0;0;0;0;0;0;0;0
FR;10;2021-10-03;0;0;0;0;0;0;0;0;0;0;0;0;0;0;0;0;0;0
FR;10;2021-10-04;0;0;0;0;0;0;0;0;0;0;0;0;0;0;0;0;0;0
FR;10;2021-10-05;0;0;0;0;0;0;0;0;0;0;0;0;0;0;0;0;0;0
FR;10;2021-10-06;0;0;0;0;0;0;0;0;0;0;0;0;0;0;0;0;0;0
FR;10;2021-10-07;0;0;0;0;0;0;0;0;0;0;0;0;0;0;0;0;0;0
FR;10;2021-10-08;0;0;0;0;0;0;0;0;0;0;0;0;0;0;0;0;0;0
FR;10;2021-10-09;0;0;0;0;0;0;0;0;0;0;0;0;0;0;0;0;0;0
FR;10;2021-10-10;0;0;0;0;0;0;0;0;0;0;0;0;0;0;0;0;0;0
FR;10;2021-10-11;0;0;0;0;0;0;0;0;0;0;0;0;0;0;0;0;0;0
FR;10;2021-10-12;0;0;0;0;0;0;0;0;0;0;0;0;0;0;0;0;0;0
FR;10;2021-10-13;0;0;0;0;0;0;0;0;0;0;0;0;0;0;0;0;0;0
FR;10;2021-10-14;0;0;0;0;0;0;0;0;0;0;0;0;0;0;0;0;0;0
FR;10;2021-10-15;0;0;0;0;0;0;0;0;0;0;0;0;0;0;0;0;0;0
FR;10;2021-10-16;0;0;0;0;0;0;0;0;0;0;0;0;0;0;0;0;0;0
FR;10;2021-10-17;0;0;0;0;0;0;0;0;0;0;0;0;0;0;0;0;0;0
FR;10;2021-10-18;0;0;0;0;0;0;0;0;0;0;0;0;0;0;0;0;0;0
FR;10;2021-10-19;0;0;0;0;0;0;0;0;0;0;0;0;0;0;0;0;0;0
FR;10;2021-10-20;0;0;0;0;0;0;0;0;0;0;0;0;0;0;0;0;0;0
FR;10;2021-10-21;0;0;0;0;0;0;0;0;0;0;0;0;0;0;0;0;0;0
FR;10;2021-10-22;0;0;0;0;0;0;0;0;0;0;0;0;0;0;0;0;0;0
FR;10;2021-10-23;0;0;0;0;0;0;0;0;0;0;0;0;0;0;0;0;0;0
FR;10;2021-10-24;0;0;0;0;0;0;0;0;0;0;0;0;0;0;0;0;0;0
FR;10;2021-10-25;0;0;0;0;0;0;0;0;0;0;0;0;0;0;0;0;0;0
FR;10;2021-10-26;0;0;0;0;0;0;0;0;0;0;0;0;0;0;0;0;0;0
FR;10;2021-10-27;0;0;0;0;0;0;0;0;0;0;0;0;0;0;0;0;0;0
FR;10;2021-10-28;0;0;0;0;0;0;0;0;0;0;0;0;0;0;0;0;0;0
FR;10;2021-10-29;0;0;0;0;0;0;0;0;0;0;0;0;0;0;0;0;0;0
FR;10;2021-10-30;0;0;0;0;0;0;0;0;0;0;0;0;0;0;0;0;0;0
FR;10;2021-10-31;0;0;0;0;0;0;0;0;0;0;0;0;0;0;0;0;0;0
FR;10;2021-11-01;0;0;0;0;0;0;0;0;0;0;0;0;0;0;0;0;0;0
FR;10;2021-11-02;0;0;0;0;0;0;0;0;0;0;0;0;0;0;0;0;0;0
FR;10;2021-11-03;0;0;0;0;0;0;0;0;0;0;0;0;0;0;0;0;0;0
FR;10;2021-11-04;0;0;0;0;0;0;0;0;0;0;0;0;0;0;0;0;0;0
FR;10;2021-11-05;0;0;0;0;0;0;0;0;0;0;0;0;0;0;0;0;0;0
FR;10;2021-11-06;0;0;0;0;0;0;0;0;0;0;0;0;0;0;0;0;0;0
FR;10;2021-11-07;0;0;0;0;0;0;0;0;0;0;0;0;0;0;0;0;0;0
FR;10;2021-11-08;0;0;0;0;0;0;0;0;0;0;0;0;0;0;0;0;0;0
FR;10;2021-11-09;0;0;0;0;0;0;0;0;0;0;0;0;0;0;0;0;0;0
FR;10;2021-11-10;0;0;0;0;0;0;0;0;0;0;0;0;0;0;0;0;0;0
FR;10;2021-11-11;0;0;0;0;0;0;0;0;0;0;0;0;0;0;0;0;0;0
FR;10;2021-11-12;0;0;0;0;0;0;0;0;0;0;0;0;0;0;0;0;0;0
FR;10;2021-11-13;0;0;0;0;0;0;0;0;0;0;0;0;0;0;0;0;0;0
FR;10;2021-11-14;0;0;0;0;0;0;0;0;0;0;0;0;0;0;0;0;0;0
FR;10;2021-11-15;0;0;0;0;0;0;0;0;0;0;0;0;0;0;0;0;0;0
FR;10;2021-11-16;0;0;0;0;0;0;0;0;0;0;0;0;0;0;0;0;0;0
FR;10;2021-11-17;0;0;0;0;0;0;0;0;0;0;0;0;0;0;0;0;0;0
FR;10;2021-11-18;0;0;0;0;0;0;0;0;0;0;0;0;0;0;0;0;0;0
FR;10;2021-11-19;0;0;0;0;0;0;0;0;0;0;0;0;0;0;0;0;0;0
FR;10;2021-11-20;0;0;0;0;0;0;0;0;0;0;0;0;0;0;0;0;0;0
FR;10;2021-11-21;0;0;0;0;0;0;0;0;0;0;0;0;0;0;0;0;0;0
FR;10;2021-11-22;0;0;0;0;0;0;0;0;0;0;0;0;0;0;0;0;0;0
FR;10;2021-11-23;0;0;0;0;0;0;0;0;0;0;0;0;0;0;0;0;0;0
FR;10;2021-11-24;0;0;0;0;0;0;0;0;0;0;0;0;0;0;0;0;0;0
FR;10;2021-11-25;0;0;0;0;0;0;0;0;0;0;0;0;0;0;0;0;0;0
FR;10;2021-11-26;0;0;0;0;0;0;0;0;0;0;0;0;0;0;0;0;0;0
FR;10;2021-11-27;0;0;0;0;0;0;0;0;0;0;0;0;0;0;0;0;0;0
FR;10;2021-11-28;0;0;0;0;0;0;0;0;0;0;0;0;0;0;0;0;0;0
FR;10;2021-11-29;0;0;0;0;0;0;0;0;0;0;0;0;0;0;0;0;0;0
FR;10;2021-11-30;0;0;0;0;0;0;0;0;0;0;0;0;0;0;0;0;0;0
FR;10;2021-12-01;0;0;0;0;0;0;0;0;0;0;0;0;0;0;0;0;0;0
FR;10;2021-12-02;0;0;0;0;0;0;0;0;0;0;0;0;0;0;0;0;0;0
FR;10;2021-12-03;0;0;0;0;0;0;0;0;0;0;0;0;0;0;0;0;0;0
FR;10;2021-12-04;0;0;0;0;0;0;0;0;0;0;0;0;0;0;0;0;0;0
FR;10;2021-12-05;0;0;0;0;0;0;0;0;0;0;0;0;0;0;0;0;0;0
FR;10;2021-12-06;0;0;0;0;0;0;0;0;0;0;0;0;0;0;0;0;0;0
FR;10;2021-12-07;0;0;0;0;0;0;0;0;0;0;0;0;0;0;0;0;0;0
FR;10;2021-12-08;0;0;0;0;0;0;0;0;0;0;0;0;0;0;0;0;0;0
FR;10;2021-12-09;0;0;0;0;0;0;0;0;0;0;0;0;0;0;0;0;0;0
FR;10;2021-12-10;0;0;0;0;0;0;0;0;0;0;0;0;0;0;0;0;0;0
FR;10;2021-12-11;0;0;0;0;0;0;0;0;0;0;0;0;0;0;0;0;0;0
FR;10;2021-12-12;0;0;0;0;0;0;0;0;0;0;0;0;0;0;0;0;0;0
FR;10;2021-12-13;0;0;0;0;0;0;0;0;0;0;0;0;0;0;0;0;0;0
FR;10;2021-12-14;0;0;0;0;0;0;0;0;0;0;0;0;0;0;0;0;0;0
FR;10;2021-12-15;0;0;0;0;0;0;0;0;0;0;0;0;0;0;0;0;0;0
FR;10;2021-12-16;0;0;0;0;0;0;0;0;0;0;0;0;0;0;0;0;0;0
FR;10;2021-12-17;0;0;0;0;0;0;0;0;0;0;0;0;0;0;0;0;0;0
FR;10;2021-12-18;0;0;0;0;0;0;0;0;0;0;0;0;0;0;0;0;0;0
FR;10;2021-12-19;0;0;0;0;0;0;0;0;0;0;0;0;0;0;0;0;0;0
FR;10;2021-12-20;0;0;0;0;0;0;0;0;0;0;0;0;0;0;0;0;0;0
FR;10;2021-12-21;0;0;0;0;0;0;0;0;0;0;0;0;0;0;0;0;0;0
FR;10;2021-12-22;0;0;0;0;0;0;0;0;0;0;0;0;0;0;0;0;0;0
FR;10;2021-12-23;0;0;0;0;0;0;0;0;0;0;0;0;0;0;0;0;0;0
FR;10;2021-12-24;0;0;0;0;0;0;0;0;0;0;0;0;0;0;0;0;0;0
FR;10;2021-12-25;0;0;0;0;0;0;0;0;0;0;0;0;0;0;0;0;0;0
FR;10;2021-12-26;0;0;0;0;0;0;0;0;0;0;0;0;0;0;0;0;0;0
FR;10;2021-12-27;0;0;0;0;0;0;0;0;0;0;0;0;0;0;0;0;0;0
FR;10;2021-12-28;0;0;0;0;0;0;0;0;0;0;0;0;0;0;0;0;0;0
FR;10;2021-12-29;0;0;0;0;0;0;0;0;0;0;0;0;0;0;0;0;0;0
FR;10;2021-12-30;0;0;0;0;0;0;0;0;0;0;0;0;0;0;0;0;0;0
FR;10;2021-12-31;0;0;0;0;0;0;0;0;0;0;0;0;0;0;0;0;0;0
FR;10;2022-01-01;0;0;0;0;0;0;0;0;0;0;0;0;0;0;0;0;0;0
FR;10;2022-01-02;0;0;0;0;0;0;0;0;0;0;0;0;0;0;0;0;0;0
FR;10;2022-01-03;0;0;0;0;0;0;0;0;0;0;0;0;0;0;0;0;0;0
FR;10;2022-01-04;0;0;0;0;0;0;0;0;0;0;0;0;0;0;0;0;0;0
FR;10;2022-01-05;0;0;0;0;0;0;0;0;0;0;0;0;0;0;0;0;0;0
FR;10;2022-01-06;0;0;0;0;0;0;0;0;0;0;0;0;0;0;0;0;0;0
FR;10;2022-01-07;0;0;0;0;0;0;0;0;0;0;0;0;0;0;0;0;0;0
FR;10;2022-01-08;0;0;0;0;0;0;0;0;0;0;0;0;0;0;0;0;0;0
FR;10;2022-01-09;0;0;0;0;0;0;0;0;0;0;0;0;0;0;0;0;0;0
FR;10;2022-01-10;0;0;0;0;0;0;0;0;0;0;0;0;0;0;0;0;0;0
FR;10;2022-01-11;0;0;0;0;0;0;0;0;0;0;0;0;0;0;0;0;0;0
FR;10;2022-01-12;0;0;0;0;0;0;0;0;0;0;0;0;0;0;0;0;0;0
FR;10;2022-01-13;0;0;0;0;0;0;0;0;0;0;0;0;0;0;0;0;0;0
FR;10;2022-01-14;0;0;0;0;0;0;0;0;0;0;0;0;0;0;0;0;0;0
FR;10;2022-01-15;0;0;0;0;0;0;0;0;0;0;0;0;0;0;0;0;0;0
FR;10;2022-01-16;0;0;0;0;0;0;0;0;0;0;0;0;0;0;0;0;0;0
FR;10;2022-01-17;0;0;0;0;0;0;0;0;0;0;0;0;0;0;0;0;0;0
FR;10;2022-01-18;0;0;0;0;0;0;0;0;0;0;0;0;0;0;0;0;0;0
FR;10;2022-01-19;0;0;0;0;0;0;0;0;0;0;0;0;0;0;0;0;0;0
FR;10;2022-01-20;0;0;0;0;0;0;0;0;0;0;0;0;0;0;0;0;0;0
FR;10;2022-01-21;0;0;0;0;0;0;0;0;0;0;0;0;0;0;0;0;0;0
FR;10;2022-01-22;0;0;0;0;0;0;0;0;0;0;0;0;0;0;0;0;0;0
FR;10;2022-01-23;0;0;0;0;0;0;0;0;0;0;0;0;0;0;0;0;0;0
FR;10;2022-01-24;0;0;0;0;0;0;0;0;0;0;0;0;0;0;0;0;0;0
FR;10;2022-01-25;0;0;0;0;0;0;0;0;0;0;0;0;0;0;0;0;0;0
FR;10;2022-01-26;0;0;0;0;0;0;0;0;0;0;0;0;0;0;0;0;0;0
FR;10;2022-01-27;0;0;0;0;0;0;0;0;0;0;0;0;0;0;0;0;0;0
FR;10;2022-01-28;0;0;0;0;0;0;0;0;0;0;0;0;0;0;0;0;0;0
FR;10;2022-01-29;0;0;0;0;0;0;0;0;0;0;0;0;0;0;0;0;0;0
FR;10;2022-01-30;0;0;0;0;0;0;0;0;0;0;0;0;0;0;0;0;0;0
FR;10;2022-01-31;0;0;0;0;0;0;0;0;0;0;0;0;0;0;0;0;0;0
FR;10;2022-02-01;0;0;0;0;0;0;0;0;0;0;0;0;0;0;0;0;0;0
FR;10;2022-02-02;0;0;0;0;0;0;0;0;0;0;0;0;0;0;0;0;0;0
FR;10;2022-02-03;0;0;0;0;0;0;0;0;0;0;0;0;0;0;0;0;0;0
FR;10;2022-02-04;0;0;0;0;0;0;0;0;0;0;0;0;0;0;0;0;0;0
FR;10;2022-02-05;0;0;0;0;0;0;0;0;0;0;0;0;0;0;0;0;0;0
FR;10;2022-02-06;0;0;0;0;0;0;0;0;0;0;0;0;0;0;0;0;0;0
FR;10;2022-02-07;0;0;0;0;0;0;0;0;0;0;0;0;0;0;0;0;0;0
FR;10;2022-02-08;0;0;0;0;0;0;0;0;0;0;0;0;0;0;0;0;0;0
FR;10;2022-02-09;0;0;0;0;0;0;0;0;0;0;0;0;0;0;0;0;0;0
FR;10;2022-02-10;0;0;0;0;0;0;0;0;0;0;0;0;0;0;0;0;0;0
FR;10;2022-02-11;0;0;0;0;0;0;0;0;0;0;0;0;0;0;0;0;0;0
FR;10;2022-02-12;0;0;0;0;0;0;0;0;0;0;0;0;0;0;0;0;0;0
FR;10;2022-02-13;0;0;0;0;0;0;0;0;0;0;0;0;0;0;0;0;0;0
FR;10;2022-02-14;0;0;0;0;0;0;0;0;0;0;0;0;0;0;0;0;0;0
FR;10;2022-02-15;0;0;0;0;0;0;0;0;0;0;0;0;0;0;0;0;0;0
FR;10;2022-02-16;0;0;0;0;0;0;0;0;0;0;0;0;0;0;0;0;0;0
FR;10;2022-02-17;0;0;0;0;0;0;0;0;0;0;0;0;0;0;0;0;0;0
FR;10;2022-02-18;0;0;0;0;0;0;0;0;0;0;0;0;0;0;0;0;0;0
FR;10;2022-02-19;0;0;0;0;0;0;0;0;0;0;0;0;0;0;0;0;0;0
FR;10;2022-02-20;0;0;0;0;0;0;0;0;0;0;0;0;0;0;0;0;0;0
FR;10;2022-02-21;0;0;0;0;0;0;0;0;0;0;0;0;0;0;0;0;0;0
FR;10;2022-02-22;0;0;0;0;0;0;0;0;0;0;0;0;0;0;0;0;0;0
FR;10;2022-02-23;0;0;0;0;0;0;0;0;0;0;0;0;0;0;0;0;0;0
FR;10;2022-02-24;0;0;0;0;0;0;0;0;0;0;0;0;0;0;0;0;0;0
FR;10;2022-02-25;0;0;0;0;0;0;0;0;0;0;0;0;0;0;0;0;0;0
FR;10;2022-02-26;0;0;0;0;0;0;0;0;0;0;0;0;0;0;0;0;0;0
FR;10;2022-02-27;0;0;0;0;0;0;0;0;0;0;0;0;0;0;0;0;0;0
FR;10;2022-02-28;0;0;0;0;0;0;0;0;0;0;0;0;0;0;0;0;0;0
FR;10;2022-03-01;0;0;0;0;0;0;0;0;0;0;0;0;0;0;0;0;0;0
FR;10;2022-03-02;0;0;0;0;0;0;0;0;0;0;0;0;0;0;0;0;0;0
FR;10;2022-03-03;0;0;0;0;0;0;0;0;0;0;0;0;0;0;0;0;0;0
FR;10;2022-03-04;0;0;0;0;0;0;0;0;0;0;0;0;0;0;0;0;0;0
FR;10;2022-03-05;0;0;0;0;0;0;0;0;0;0;0;0;0;0;0;0;0;0
FR;10;2022-03-06;0;0;0;0;0;0;0;0;0;0;0;0;0;0;0;0;0;0
FR;10;2022-03-07;0;0;0;0;0;0;0;0;0;0;0;0;0;0;0;0;0;0
FR;10;2022-03-08;0;0;0;0;0;0;0;0;0;0;0;0;0;0;0;0;0;0
FR;10;2022-03-09;0;0;0;0;0;0;0;0;0;0;0;0;0;0;0;0;0;0
FR;10;2022-03-10;0;0;0;0;0;0;0;0;0;0;0;0;0;0;0;0;0;0
FR;10;2022-03-11;0;0;0;0;0;0;0;0;0;0;0;0;0;0;0;0;0;0
FR;10;2022-03-12;0;0;0;0;0;0;0;0;0;0;0;0;0;0;0;0;0;0
FR;10;2022-03-13;0;0;0;0;0;0;0;0;0;0;0;0;0;0;0;0;0;0
FR;10;2022-03-14;0;0;0;0;0;0;0;0;0;0;0;0;0;0;0;0;0;0
FR;10;2022-03-15;0;0;0;0;0;0;0;0;0;0;0;0;0;0;0;0;0;0
FR;10;2022-03-16;0;0;0;0;0;0;0;0;0;0;0;0;0;0;0;0;0;0
FR;10;2022-03-17;0;0;0;0;0;0;0;0;0;0;0;0;0;0;0;0;0;0
FR;10;2022-03-18;0;0;0;0;0;0;0;0;0;0;0;0;0;0;0;0;0;0
FR;10;2022-03-19;0;0;0;0;0;0;0;0;0;0;0;0;0;0;0;0;0;0
FR;10;2022-03-20;0;0;0;0;0;0;0;0;0;0;0;0;0;0;0;0;0;0
FR;10;2022-03-21;0;0;0;0;0;0;0;0;0;0;0;0;0;0;0;0;0;0
FR;10;2022-03-22;0;0;0;0;0;0;0;0;0;0;0;0;0;0;0;0;0;0
FR;10;2022-03-23;0;0;0;0;0;0;0;0;0;0;0;0;0;0;0;0;0;0
FR;10;2022-03-24;0;0;0;0;0;0;0;0;0;0;0;0;0;0;0;0;0;0
FR;10;2022-03-25;0;0;0;0;0;0;0;0;0;0;0;0;0;0;0;0;0;0
FR;10;2022-03-26;0;0;0;0;0;0;0;0;0;0;0;0;0;0;0;0;0;0
FR;10;2022-03-27;0;0;0;0;0;0;0;0;0;0;0;0;0;0;0;0;0;0
FR;10;2022-03-28;0;0;0;0;0;0;0;0;0;0;0;0;0;0;0;0;0;0
FR;10;2022-03-29;0;0;0;0;0;0;0;0;0;0;0;0;0;0;0;0;0;0
FR;10;2022-03-30;0;0;0;0;0;0;0;0;0;0;0;0;0;0;0;0;0;0
FR;10;2022-03-31;0;0;0;0;0;0;0;0;0;0;0;0;0;0;0;0;0;0
FR;10;2022-04-01;0;0;0;0;0;0;0;0;0;0;0;0;0;0;0;0;0;0
FR;10;2022-04-02;0;0;0;0;0;0;0;0;0;0;0;0;0;0;0;0;0;0
FR;10;2022-04-03;0;0;0;0;0;0;0;0;0;0;0;0;0;0;0;0;0;0
FR;10;2022-04-04;0;0;0;0;0;0;0;0;0;0;0;0;0;0;0;0;0;0
FR;10;2022-04-05;0;0;0;0;0;0;0;0;0;0;0;0;0;0;0;0;0;0
FR;10;2022-04-06;0;0;0;0;0;0;0;0;0;0;0;0;0;0;0;0;0;0
FR;10;2022-04-07;0;0;0;0;0;0;0;0;0;0;0;0;0;0;0;0;0;0
FR;10;2022-04-08;0;0;0;0;0;0;0;0;0;0;0;0;0;0;0;0;0;0
FR;10;2022-04-09;0;0;0;0;0;0;0;0;0;0;0;0;0;0;0;0;0;0
FR;10;2022-04-10;0;0;0;0;0;0;0;0;0;0;0;0;0;0;0;0;0;0
FR;10;2022-04-11;0;0;0;0;0;0;0;0;0;0;0;0;0;0;0;0;0;0
FR;10;2022-04-12;0;0;0;0;0;0;0;0;0;0;0;0;0;0;0;0;0;0
FR;10;2022-04-13;0;0;0;0;0;0;0;0;0;0;0;0;0;0;0;0;0;0
FR;10;2022-04-14;0;0;0;0;0;0;0;0;0;0;0;0;0;0;0;0;0;0
FR;10;2022-04-15;0;0;0;0;0;0;0;0;0;0;0;0;0;0;0;0;0;0
FR;10;2022-04-16;0;0;0;0;0;0;0;0;0;0;0;0;0;0;0;0;0;0
FR;10;2022-04-17;0;0;0;0;0;0;0;0;0;0;0;0;0;0;0;0;0;0
FR;10;2022-04-18;0;0;0;0;0;0;0;0;0;0;0;0;0;0;0;0;0;0
FR;10;2022-04-19;0;0;0;0;0;0;0;0;0;0;0;0;0;0;0;0;0;0
FR;10;2022-04-20;0;0;0;0;0;0;0;0;0;0;0;0;0;0;0;0;0;0
FR;10;2022-04-21;0;0;0;0;0;0;0;0;0;0;0;0;0;0;0;0;0;0
FR;10;2022-04-22;0;0;0;0;0;0;0;0;0;0;0;0;0;0;0;0;0;0
FR;10;2022-04-23;0;0;0;0;0;0;0;0;0;0;0;0;0;0;0;0;0;0
FR;10;2022-04-24;0;0;0;0;0;0;0;0;0;0;0;0;0;0;0;0;0;0
FR;10;2022-04-25;0;0;0;0;0;0;0;0;0;0;0;0;0;0;0;0;0;0
FR;10;2022-04-26;0;0;0;0;0;0;0;0;0;0;0;0;0;0;0;0;0;0
FR;10;2022-04-27;0;0;0;0;0;0;0;0;0;0;0;0;0;0;0;0;0;0
FR;10;2022-04-28;0;0;0;0;0;0;0;0;0;0;0;0;0;0;0;0;0;0
FR;10;2022-04-29;0;0;0;0;0;0;0;0;0;0;0;0;0;0;0;0;0;0
FR;10;2022-04-30;0;0;0;0;0;0;0;0;0;0;0;0;0;0;0;0;0;0
FR;10;2022-05-01;0;0;0;0;0;0;0;0;0;0;0;0;0;0;0;0;0;0
FR;10;2022-05-02;0;0;0;0;0;0;0;0;0;0;0;0;0;0;0;0;0;0
FR;10;2022-05-03;0;0;0;0;0;0;0;0;0;0;0;0;0;0;0;0;0;0
FR;10;2022-05-04;0;0;0;0;0;0;0;0;0;0;0;0;0;0;0;0;0;0
FR;10;2022-05-05;0;0;0;0;0;0;0;0;0;0;0;0;0;0;0;0;0;0
FR;10;2022-05-06;0;0;0;0;0;0;0;0;0;0;0;0;0;0;0;0;0;0
FR;10;2022-05-07;0;0;0;0;0;0;0;0;0;0;0;0;0;0;0;0;0;0
FR;10;2022-05-08;0;0;0;0;0;0;0;0;0;0;0;0;0;0;0;0;0;0
FR;10;2022-05-09;0;0;0;0;0;0;0;0;0;0;0;0;0;0;0;0;0;0
FR;10;2022-05-10;0;0;0;0;0;0;0;0;0;0;0;0;0;0;0;0;0;0
FR;10;2022-05-11;0;0;0;0;0;0;0;0;0;0;0;0;0;0;0;0;0;0
FR;10;2022-05-12;0;0;0;0;0;0;0;0;0;0;0;0;0;0;0;0;0;0
FR;10;2022-05-13;0;0;0;0;0;0;0;0;0;0;0;0;0;0;0;0;0;0
FR;10;2022-05-14;0;0;0;0;0;0;0;0;0;0;0;0;0;0;0;0;0;0
FR;10;2022-05-15;0;0;0;0;0;0;0;0;0;0;0;0;0;0;0;0;0;0
FR;10;2022-05-16;0;0;0;0;0;0;0;0;0;0;0;0;0;0;0;0;0;0
FR;10;2022-05-17;0;0;0;0;0;0;0;0;0;0;0;0;0;0;0;0;0;0
FR;10;2022-05-18;0;0;0;0;0;0;0;0;0;0;0;0;0;0;0;0;0;0
FR;10;2022-05-19;0;0;0;0;0;0;0;0;0;0;0;0;0;0;0;0;0;0
FR;10;2022-05-20;0;0;0;0;0;0;0;0;0;0;0;0;0;0;0;0;0;0
FR;10;2022-05-21;0;0;0;0;0;0;0;0;0;0;0;0;0;0;0;0;0;0
FR;10;2022-05-22;0;0;0;0;0;0;0;0;0;0;0;0;0;0;0;0;0;0
FR;10;2022-05-23;0;0;0;0;0;0;0;0;0;0;0;0;0;0;0;0;0;0
FR;10;2022-05-24;0;0;0;0;0;0;0;0;0;0;0;0;0;0;0;0;0;0
FR;10;2022-05-25;0;0;0;0;0;0;0;0;0;0;0;0;0;0;0;0;0;0
FR;10;2022-05-26;0;0;0;0;0;0;0;0;0;0;0;0;0;0;0;0;0;0
FR;10;2022-05-27;0;0;0;0;0;0;0;0;0;0;0;0;0;0;0;0;0;0
FR;10;2022-05-28;0;0;0;0;0;0;0;0;0;0;0;0;0;0;0;0;0;0
FR;10;2022-05-29;0;0;0;0;0;0;0;0;0;0;0;0;0;0;0;0;0;0
FR;10;2022-05-30;0;0;0;0;0;0;0;0;0;0;0;0;0;0;0;0;0;0
FR;10;2022-05-31;0;0;0;0;0;0;0;0;0;0;0;0;0;0;0;0;0;0
FR;10;2022-06-01;0;0;0;0;0;0;0;0;0;0;0;0;0;0;0;0;0;0
FR;10;2022-06-02;0;0;0;0;0;0;0;0;0;0;0;0;0;0;0;0;0;0
FR;10;2022-06-03;0;0;0;0;0;0;0;0;0;0;0;0;0;0;0;0;0;0
FR;10;2022-06-04;0;0;0;0;0;0;0;0;0;0;0;0;0;0;0;0;0;0
FR;10;2022-06-05;0;0;0;0;0;0;0;0;0;0;0;0;0;0;0;0;0;0
FR;10;2022-06-06;0;0;0;0;0;0;0;0;0;0;0;0;0;0;0;0;0;0
FR;10;2022-06-07;0;0;0;0;0;0;0;0;0;0;0;0;0;0;0;0;0;0
FR;10;2022-06-08;0;0;0;0;0;0;0;0;0;0;0;0;0;0;0;0;0;0
FR;10;2022-06-09;0;0;0;0;0;0;0;0;0;0;0;0;0;0;0;0;0;0
FR;10;2022-06-10;0;0;0;0;0;0;0;0;0;0;0;0;0;0;0;0;0;0
FR;10;2022-06-11;0;0;0;0;0;0;0;0;0;0;0;0;0;0;0;0;0;0
FR;10;2022-06-12;0;0;0;0;0;0;0;0;0;0;0;0;0;0;0;0;0;0
FR;10;2022-06-13;0;0;0;0;0;0;0;0;0;0;0;0;0;0;0;0;0;0
FR;10;2022-06-14;0;0;0;0;0;0;0;0;0;0;0;0;0;0;0;0;0;0
FR;10;2022-06-15;0;0;0;0;0;0;0;0;0;0;0;0;0;0;0;0;0;0
FR;10;2022-06-16;0;0;0;0;0;0;0;0;0;0;0;0;0;0;0;0;0;0
FR;10;2022-06-17;0;0;0;0;0;0;0;0;0;0;0;0;0;0;0;0;0;0
FR;10;2022-06-18;0;0;0;0;0;0;0;0;0;0;0;0;0;0;0;0;0;0
FR;10;2022-06-19;0;0;0;0;0;0;0;0;0;0;0;0;0;0;0;0;0;0
FR;10;2022-06-20;0;0;0;0;0;0;0;0;0;0;0;0;0;0;0;0;0;0
FR;10;2022-06-21;0;0;0;0;0;0;0;0;0;0;0;0;0;0;0;0;0;0
FR;10;2022-06-22;0;0;0;0;0;0;0;0;0;0;0;0;0;0;0;0;0;0
FR;10;2022-06-23;0;0;0;0;0;0;0;0;0;0;0;0;0;0;0;0;0;0
FR;10;2022-06-24;0;0;0;0;0;0;0;0;0;0;0;0;0;0;0;0;0;0
FR;10;2022-06-25;0;0;0;0;0;0;0;0;0;0;0;0;0;0;0;0;0;0
FR;10;2022-06-26;0;0;0;0;0;0;0;0;0;0;0;0;0;0;0;0;0;0
FR;10;2022-06-27;0;0;0;0;0;0;0;0;0;0;0;0;0;0;0;0;0;0
FR;10;2022-06-28;0;0;0;0;0;0;0;0;0;0;0;0;0;0;0;0;0;0
FR;10;2022-06-29;0;0;0;0;0;0;0;0;0;0;0;0;0;0;0;0;0;0
FR;10;2022-06-30;0;0;0;0;0;0;0;0;0;0;0;0;0;0;0;0;0;0
FR;10;2022-07-01;0;0;0;0;0;0;0;0;0;0;0;0;0;0;0;0;0;0
FR;10;2022-07-02;0;0;0;0;0;0;0;0;0;0;0;0;0;0;0;0;0;0
FR;10;2022-07-03;0;0;0;0;0;0;0;0;0;0;0;0;0;0;0;0;0;0
FR;10;2022-07-04;0;0;0;0;0;0;0;0;0;0;0;0;0;0;0;0;0;0
FR;10;2022-07-05;0;0;0;0;0;0;0;0;0;0;0;0;0;0;0;0;0;0
FR;10;2022-07-06;0;0;0;0;0;0;0;0;0;0;0;0;0;0;0;0;0;0
FR;10;2022-07-07;0;0;0;0;0;0;0;0;0;0;0;0;0;0;0;0;0;0
FR;10;2022-07-08;0;0;0;0;0;0;0;0;0;0;0;0;0;0;0;0;0;0
FR;10;2022-07-09;0;0;0;0;0;0;0;0;0;0;0;0;0;0;0;0;0;0
FR;10;2022-07-10;0;0;0;0;0;0;0;0;0;0;0;0;0;0;0;0;0;0
FR;10;2022-07-11;0;0;0;0;0;0;0;0;0;0;0;0;0;0;0;0;0;0
FR;10;2022-07-12;0;0;0;0;0;0;0;0;0;0;0;0;0;0;0;0;0;0
FR;10;2022-07-13;0;0;0;0;0;0;0;0;0;0;0;0;0;0;0;0;0;0
FR;10;2022-07-14;0;0;0;0;0;0;0;0;0;0;0;0;0;0;0;0;0;0
FR;10;2022-07-15;0;0;0;0;0;0;0;0;0;0;0;0;0;0;0;0;0;0
FR;10;2022-07-16;0;0;0;0;0;0;0;0;0;0;0;0;0;0;0;0;0;0
FR;10;2022-07-17;0;0;0;0;0;0;0;0;0;0;0;0;0;0;0;0;0;0
FR;10;2022-07-18;0;0;0;0;0;0;0;0;0;0;0;0;0;0;0;0;0;0
FR;10;2022-07-19;0;0;0;0;0;0;0;0;0;0;0;0;0;0;0;0;0;0
FR;10;2022-07-20;0;0;0;0;0;0;0;0;0;0;0;0;0;0;0;0;0;0
FR;10;2022-07-21;0;0;0;0;0;0;0;0;0;0;0;0;0;0;0;0;0;0
FR;10;2022-07-22;0;0;0;0;0;0;0;0;0;0;0;0;0;0;0;0;0;0
FR;10;2022-07-23;0;0;0;0;0;0;0;0;0;0;0;0;0;0;0;0;0;0
FR;10;2022-07-24;0;0;0;0;0;0;0;0;0;0;0;0;0;0;0;0;0;0
FR;10;2022-07-25;0;0;0;0;0;0;0;0;0;0;0;0;0;0;0;0;0;0
FR;10;2022-07-26;0;0;0;0;0;0;0;0;0;0;0;0;0;0;0;0;0;0
FR;10;2022-07-27;0;0;0;0;0;0;0;0;0;0;0;0;0;0;0;0;0;0
FR;10;2022-07-28;0;0;0;0;0;0;0;0;0;0;0;0;0;0;0;0;0;0
FR;10;2022-07-29;0;0;0;0;0;0;0;0;0;0;0;0;0;0;0;0;0;0
FR;10;2022-07-30;0;0;0;0;0;0;0;0;0;0;0;0;0;0;0;0;0;0
FR;10;2022-07-31;0;0;0;0;0;0;0;0;0;0;0;0;0;0;0;0;0;0
FR;10;2022-08-01;0;0;0;0;0;0;0;0;0;0;0;0;0;0;0;0;0;0
FR;10;2022-08-02;0;0;0;0;0;0;0;0;0;0;0;0;0;0;0;0;0;0
FR;10;2022-08-03;0;0;0;0;0;0;0;0;0;0;0;0;0;0;0;0;0;0
FR;10;2022-08-04;0;0;0;0;0;0;0;0;0;0;0;0;0;0;0;0;0;0
FR;10;2022-08-05;0;0;0;0;0;0;0;0;0;0;0;0;0;0;0;0;0;0
FR;10;2022-08-06;0;0;0;0;0;0;0;0;0;0;0;0;0;0;0;0;0;0
FR;10;2022-08-07;0;0;0;0;0;0;0;0;0;0;0;0;0;0;0;0;0;0
FR;10;2022-08-08;0;0;0;0;0;0;0;0;0;0;0;0;0;0;0;0;0;0
FR;10;2022-08-09;0;0;0;0;0;0;0;0;0;0;0;0;0;0;0;0;0;0
FR;10;2022-08-10;0;0;0;0;0;0;0;0;0;0;0;0;0;0;0;0;0;0
FR;10;2022-08-11;0;0;0;0;0;0;0;0;0;0;0;0;0;0;0;0;0;0
FR;10;2022-08-12;0;0;0;0;0;0;0;0;0;0;0;0;0;0;0;0;0;0
FR;10;2022-08-13;0;0;0;0;0;0;0;0;0;0;0;0;0;0;0;0;0;0
FR;10;2022-08-14;0;0;0;0;0;0;0;0;0;0;0;0;0;0;0;0;0;0
FR;10;2022-08-15;0;0;0;0;0;0;0;0;0;0;0;0;0;0;0;0;0;0
FR;10;2022-08-16;0;0;0;0;0;0;0;0;0;0;0;0;0;0;0;0;0;0
FR;10;2022-08-17;0;0;0;0;0;0;0;0;0;0;0;0;0;0;0;0;0;0
FR;10;2022-08-18;0;0;0;0;0;0;0;0;0;0;0;0;0;0;0;0;0;0
FR;10;2022-08-19;0;0;0;0;0;0;0;0;0;0;0;0;0;0;0;0;0;0
FR;10;2022-08-20;0;0;0;0;0;0;0;0;0;0;0;0;0;0;0;0;0;0
FR;10;2022-08-21;0;0;0;0;0;0;0;0;0;0;0;0;0;0;0;0;0;0
FR;10;2022-08-22;0;0;0;0;0;0;0;0;0;0;0;0;0;0;0;0;0;0
FR;10;2022-08-23;0;0;0;0;0;0;0;0;0;0;0;0;0;0;0;0;0;0
FR;10;2022-08-24;0;0;0;0;0;0;0;0;0;0;0;0;0;0;0;0;0;0
FR;10;2022-08-25;0;0;0;0;0;0;0;0;0;0;0;0;0;0;0;0;0;0
FR;10;2022-08-26;0;0;0;0;0;0;0;0;0;0;0;0;0;0;0;0;0;0
FR;10;2022-08-27;0;0;0;0;0;0;0;0;0;0;0;0;0;0;0;0;0;0
FR;10;2022-08-28;0;0;0;0;0;0;0;0;0;0;0;0;0;0;0;0;0;0
FR;10;2022-08-29;0;0;0;0;0;0;0;0;0;0;0;0;0;0;0;0;0;0
FR;10;2022-08-30;0;0;0;0;0;0;0;0;0;0;0;0;0;0;0;0;0;0
FR;10;2022-08-31;0;0;0;0;0;0;0;0;0;0;0;0;0;0;0;0;0;0
FR;10;2022-09-01;0;0;0;0;0;0;0;0;0;0;0;0;0;0;0;0;0;0
FR;10;2022-09-02;0;0;0;0;0;0;0;0;0;0;0;0;0;0;0;0;0;0
FR;10;2022-09-03;0;0;0;0;0;0;0;0;0;0;0;0;0;0;0;0;0;0
FR;10;2022-09-04;0;0;0;0;0;0;0;0;0;0;0;0;0;0;0;0;0;0
FR;10;2022-09-05;0;0;0;0;0;0;0;0;0;0;0;0;0;0;0;0;0;0
FR;10;2022-09-06;0;0;0;0;0;0;0;0;0;0;0;0;0;0;0;0;0;0
FR;10;2022-09-07;0;0;0;0;0;0;0;0;0;0;0;0;0;0;0;0;0;0
FR;10;2022-09-08;0;0;0;0;0;0;0;0;0;0;0;0;0;0;0;0;0;0
FR;10;2022-09-09;0;0;0;0;0;0;0;0;0;0;0;0;0;0;0;0;0;0
FR;10;2022-09-10;0;0;0;0;0;0;0;0;0;0;0;0;0;0;0;0;0;0
FR;10;2022-09-11;0;0;0;0;0;0;0;0;0;0;0;0;0;0;0;0;0;0
FR;10;2022-09-12;0;0;0;0;0;0;0;0;0;0;0;0;0;0;0;0;0;0
FR;10;2022-09-13;0;0;0;0;0;0;0;0;0;0;0;0;0;0;0;0;0;0
FR;10;2022-09-14;0;0;0;0;0;0;0;0;0;0;0;0;0;0;0;0;0;0
FR;10;2022-09-15;0;0;0;0;0;0;0;0;0;0;0;0;0;0;0;0;0;0
FR;10;2022-09-16;0;0;0;0;0;0;0;0;0;0;0;0;0;0;0;0;0;0
FR;10;2022-09-17;0;0;0;0;0;0;0;0;0;0;0;0;0;0;0;0;0;0
FR;10;2022-09-18;0;0;0;0;0;0;0;0;0;0;0;0;0;0;0;0;0;0
FR;10;2022-09-19;0;0;0;0;0;0;0;0;0;0;0;0;0;0;0;0;0;0
FR;10;2022-09-20;0;0;0;0;0;0;0;0;0;0;0;0;0;0;0;0;0;0
FR;10;2022-09-21;0;0;0;0;0;0;0;0;0;0;0;0;0;0;0;0;0;0
FR;10;2022-09-22;0;0;0;0;0;0;0;0;0;0;0;0;0;0;0;0;0;0
FR;10;2022-09-23;0;0;0;0;0;0;0;0;0;0;0;0;0;0;0;0;0;0
FR;10;2022-09-24;0;0;0;0;0;0;0;0;0;0;0;0;0;0;0;0;0;0
FR;10;2022-09-25;0;0;0;0;0;0;0;0;0;0;0;0;0;0;0;0;0;0
FR;10;2022-09-26;0;0;0;0;0;0;0;0;0;0;0;0;0;0;0;0;0;0
FR;10;2022-09-27;0;0;0;0;0;0;0;0;0;0;0;0;0;0;0;0;0;0
FR;10;2022-09-28;0;0;0;0;0;0;0;0;0;0;0;0;0;0;0;0;0;0
FR;10;2022-09-29;0;0;0;0;0;0;0;0;0;0;0;0;0;0;0;0;0;0
FR;10;2022-09-30;0;0;0;0;0;0;0;0;0;0;0;0;0;0;0;0;0;0
FR;10;2022-10-01;0;0;0;0;0;0;0;0;0;0;0;0;0;0;0;0;0;0
FR;10;2022-10-02;0;0;0;0;0;0;0;0;0;0;0;0;0;0;0;0;0;0
FR;10;2022-10-03;0;0;0;0;0;0;0;0;0;0;0;0;0;0;0;0;0;0
FR;10;2022-10-04;0;0;0;0;0;0;0;0;0;0;0;0;0;0;0;0;0;0
FR;10;2022-10-05;0;0;0;0;0;0;0;0;0;0;0;0;0;0;0;0;0;0
FR;10;2022-10-06;0;0;0;0;0;0;0;0;0;0;0;0;0;0;0;0;0;0
FR;10;2022-10-07;0;0;0;0;0;0;0;0;0;0;0;0;0;0;0;0;0;0
FR;10;2022-10-08;0;0;0;0;0;0;0;0;0;0;0;0;0;0;0;0;0;0
FR;10;2022-10-09;0;0;0;0;0;0;0;0;0;0;0;0;0;0;0;0;0;0
FR;10;2022-10-10;0;0;0;0;0;0;0;0;0;0;0;0;0;0;0;0;0;0
FR;10;2022-10-11;0;0;0;0;0;0;0;0;0;0;0;0;0;0;0;0;0;0
FR;10;2022-10-12;0;0;0;0;0;0;0;0;0;0;0;0;0;0;0;0;0;0
FR;10;2022-10-13;0;0;0;0;0;0;0;0;0;0;0;0;0;0;0;0;0;0
FR;10;2022-10-14;0;0;0;0;0;0;0;0;0;0;0;0;0;0;0;0;0;0
FR;10;2022-10-15;0;0;0;0;0;0;0;0;0;0;0;0;0;0;0;0;0;0
FR;10;2022-10-16;0;0;0;0;0;0;0;0;0;0;0;0;0;0;0;0;0;0
FR;10;2022-10-17;0;0;0;0;0;0;0;0;0;0;0;0;0;0;0;0;0;0
FR;10;2022-10-18;0;0;0;0;0;0;0;0;0;0;0;0;0;0;0;0;0;0
FR;10;2022-10-19;0;0;0;0;0;0;0;0;0;0;0;0;0;0;0;0;0;0
FR;10;2022-10-20;0;0;0;0;0;0;0;0;0;0;0;0;0;0;0;0;0;0
FR;10;2022-10-21;0;0;0;0;0;0;0;0;0;0;0;0;0;0;0;0;0;0
FR;10;2022-10-22;0;0;0;0;0;0;0;0;0;0;0;0;0;0;0;0;0;0
FR;10;2022-10-23;0;0;0;0;0;0;0;0;0;0;0;0;0;0;0;0;0;0
FR;10;2022-10-24;0;0;0;0;0;0;0;0;0;0;0;0;0;0;0;0;0;0
FR;10;2022-10-25;0;0;0;0;0;0;0;0;0;0;0;0;0;0;0;0;0;0
FR;10;2022-10-26;0;0;0;0;0;0;0;0;0;0;0;0;0;0;0;0;0;0
FR;10;2022-10-27;0;0;0;0;0;0;0;0;0;0;0;0;0;0;0;0;0;0
FR;10;2022-10-28;0;0;0;0;0;0;0;0;0;0;0;0;0;0;0;0;0;0
FR;10;2022-10-29;0;0;0;0;0;0;0;0;0;0;0;0;0;0;0;0;0;0
FR;10;2022-10-30;0;0;0;0;0;0;0;0;0;0;0;0;0;0;0;0;0;0
FR;10;2022-10-31;0;0;0;0;0;0;0;0;0;0;0;0;0;0;0;0;0;0
FR;10;2022-11-01;0;0;0;0;0;0;0;0;0;0;0;0;0;0;0;0;0;0
FR;10;2022-11-02;0;0;0;0;0;0;0;0;0;0;0;0;0;0;0;0;0;0
FR;10;2022-11-03;0;0;0;0;0;0;0;0;0;0;0;0;0;0;0;0;0;0
FR;10;2022-11-04;0;0;0;0;0;0;0;0;0;0;0;0;0;0;0;0;0;0
FR;10;2022-11-05;0;0;0;0;0;0;0;0;0;0;0;0;0;0;0;0;0;0
FR;10;2022-11-06;0;0;0;0;0;0;0;0;0;0;0;0;0;0;0;0;0;0
FR;10;2022-11-07;0;0;0;0;0;0;0;0;0;0;0;0;0;0;0;0;0;0
FR;10;2022-11-08;0;0;0;0;0;0;0;0;0;0;0;0;0;0;0;0;0;0
FR;10;2022-11-09;0;0;0;0;0;0;0;0;0;0;0;0;0;0;0;0;0;0
FR;10;2022-11-10;0;0;0;0;0;0;0;0;0;0;0;0;0;0;0;0;0;0
FR;10;2022-11-11;0;0;0;0;0;0;0;0;0;0;0;0;0;0;0;0;0;0
FR;10;2022-11-12;0;0;0;0;0;0;0;0;0;0;0;0;0;0;0;0;0;0
FR;10;2022-11-13;0;0;0;0;0;0;0;0;0;0;0;0;0;0;0;0;0;0
FR;10;2022-11-14;0;0;0;0;0;0;0;0;0;0;0;0;0;0;0;0;0;0
FR;10;2022-11-15;0;0;0;0;0;0;0;0;0;0;0;0;0;0;0;0;0;0
FR;10;2022-11-16;0;0;0;0;0;0;0;0;0;0;0;0;0;0;0;0;0;0
FR;10;2022-11-17;0;0;0;0;0;0;0;0;0;0;0;0;0;0;0;0;0;0
FR;10;2022-11-18;0;0;0;0;0;0;0;0;0;0;0;0;0;0;0;0;0;0
FR;10;2022-11-19;0;0;0;0;0;0;0;0;0;0;0;0;0;0;0;0;0;0
FR;10;2022-11-20;0;0;0;0;0;0;0;0;0;0;0;0;0;0;0;0;0;0
FR;10;2022-11-21;0;0;0;0;0;0;0;0;0;0;0;0;0;0;0;0;0;0
FR;10;2022-11-22;0;0;0;0;0;0;0;0;0;0;0;0;0;0;0;0;0;0
FR;10;2022-11-23;0;0;0;0;0;0;0;0;0;0;0;0;0;0;0;0;0;0
FR;10;2022-11-24;0;0;0;0;0;0;0;0;0;0;0;0;0;0;0;0;0;0
FR;10;2022-11-25;0;0;0;0;0;0;0;0;0;0;0;0;0;0;0;0;0;0
FR;10;2022-11-26;0;0;0;0;0;0;0;0;0;0;0;0;0;0;0;0;0;0
FR;10;2022-11-27;0;0;0;0;0;0;0;0;0;0;0;0;0;0;0;0;0;0
FR;10;2022-11-28;0;0;0;0;0;0;0;0;0;0;0;0;0;0;0;0;0;0
FR;10;2022-11-29;0;0;0;0;0;0;0;0;0;0;0;0;0;0;0;0;0;0
FR;10;2022-11-30;0;0;0;0;0;0;0;0;0;0;0;0;0;0;0;0;0;0
FR;10;2022-12-01;0;0;0;0;0;0;0;0;0;0;0;0;0;0;0;0;0;0
FR;10;2022-12-02;0;0;0;0;0;0;0;0;0;0;0;0;0;0;0;0;0;0
FR;10;2022-12-03;0;0;0;0;0;0;0;0;0;0;0;0;0;0;0;0;0;0
FR;10;2022-12-04;0;0;0;0;0;0;0;0;0;0;0;0;0;0;0;0;0;0
FR;10;2022-12-05;0;0;0;0;0;0;0;0;0;0;0;0;0;0;0;0;0;0
FR;10;2022-12-06;0;0;0;0;0;0;0;0;0;0;0;0;0;0;0;0;0;0
FR;10;2022-12-07;0;0;0;0;0;0;0;0;0;0;0;0;0;0;0;0;0;0
FR;10;2022-12-08;0;0;0;0;0;0;0;0;0;0;0;0;0;0;0;0;0;0
FR;10;2022-12-09;0;0;0;0;0;0;0;0;0;0;0;0;0;0;0;0;0;0
FR;10;2022-12-10;0;0;0;0;0;0;0;0;0;0;0;0;0;0;0;0;0;0
FR;10;2022-12-11;0;0;0;0;0;0;0;0;0;0;0;0;0;0;0;0;0;0
FR;10;2022-12-12;0;0;0;0;0;0;0;0;0;0;0;0;0;0;0;0;0;0
FR;10;2022-12-13;0;0;0;0;0;0;0;0;0;0;0;0;0;0;0;0;0;0
FR;10;2022-12-14;0;0;0;0;0;0;0;0;0;0;0;0;0;0;0;0;0;0
FR;10;2022-12-15;0;0;0;0;0;0;0;0;0;0;0;0;0;0;0;0;0;0
FR;10;2022-12-16;0;0;0;0;0;0;0;0;0;0;0;0;0;0;0;0;0;0
FR;10;2022-12-17;0;0;0;0;0;0;0;0;0;0;0;0;0;0;0;0;0;0
FR;10;2022-12-18;0;0;0;0;0;0;0;0;0;0;0;0;0;0;0;0;0;0
FR;10;2022-12-19;0;0;0;0;0;0;0;0;0;0;0;0;0;0;0;0;0;0
FR;10;2022-12-20;0;0;0;0;0;0;0;0;0;0;0;0;0;0;0;0;0;0
FR;10;2022-12-21;0;0;1;0;0;1;0;0;0;0;0;1;0;0;1;0;0;0
FR;10;2022-12-22;0;0;0;1;0;0;1;0;0;0;0;1;1;0;1;1;0;0
FR;10;2022-12-23;0;0;1;14;0;2;14;0;7;0;0;2;15;0;3;15;0;7
FR;10;2022-12-24;0;0;0;3;0;0;3;0;1;0;0;2;18;0;3;18;0;8
FR;10;2022-12-25;0;0;0;0;0;0;0;0;0;0;0;2;18;0;3;18;0;8
FR;10;2022-12-26;3;1;11;35;0;8;39;0;5;3;1;13;53;0;11;57;0;13
FR;10;2022-12-27;1;1;14;35;1;11;38;0;10;4;2;27;88;1;22;95;0;23
FR;10;2022-12-28;0;0;2;15;0;1;14;0;3;4;2;29;103;1;23;109;0;26
FR;10;2022-12-29;0;0;6;48;0;1;48;0;17;4;2;35;151;1;24;157;0;43
FR;10;2022-12-30;0;1;5;33;0;8;31;0;6;4;3;40;184;1;32;188;0;49
FR;10;2022-12-31;0;0;3;12;0;4;10;0;4;4;3;43;196;1;36;198;0;53
FR;10;2023-01-01;0;0;1;6;0;0;7;0;2;4;3;44;202;1;36;205;0;55
FR;10;2023-01-02;0;4;4;37;1;6;36;0;21;4;7;48;239;2;42;241;0;76
FR;10;2023-01-03;1;2;6;63;2;5;64;0;25;5;9;54;302;4;47;305;0;101
FR;10;2023-01-04;0;1;7;52;0;6;53;0;53;5;10;61;354;4;53;358;0;154
FR;10;2023-01-05;1;2;16;74;0;12;76;0;37;6;12;77;428;4;65;434;0;191
FR;10;2023-01-06;2;3;16;107;2;13;107;0;52;8;15;93;535;6;78;541;0;243
FR;10;2023-01-07;3;1;3;41;1;3;40;0;13;11;16;96;576;7;81;581;0;256
FR;10;2023-01-08;1;0;0;9;0;0;7;0;5;12;16;96;585;7;81;588;0;261
FR;10;2023-01-09;3;2;7;67;1;7;66;0;26;15;18;103;652;8;88;654;0;287
FR;10;2023-01-10;6;1;21;118;0;13;124;0;57;21;19;124;770;8;101;778;0;344
FR;10;2023-01-11;5;4;19;77;1;16;79;0;38;26;23;143;847;9;117;857;0;382
FR;10;2023-01-12;13;1;7;77;2;3;80;0;51;39;24;150;924;11;120;937;0;433
FR;10;2023-01-13;0;6;15;122;1;8;129;0;77;39;30;165;1046;12;128;1066;0;510
FR;10;2023-01-14;2;1;8;43;0;5;47;0;3;41;31;173;1089;12;133;1113;0;513
FR;10;2023-01-15;0;0;2;10;0;1;7;0;8;41;31;175;1099;12;134;1120;0;521
FR;10;2023-01-16;0;1;11;70;1;7;73;0;68;41;32;186;1169;13;141;1193;0;589
FR;10;2023-01-17;0;7;22;109;2;11;118;0;61;41;39;208;1278;15;152;1311;0;650
FR;10;2023-01-18;2;1;13;92;1;9;104;0;15;43;40;221;1370;16;161;1415;0;665
FR;10;2023-01-19;6;6;24;142;3;22;135;0;56;49;46;245;1512;19;183;1550;0;721
FR;10;2023-01-20;2;1;11;111;0;9;106;0;73;51;47;256;1623;19;192;1656;0;794
FR;10;2023-01-21;2;1;5;26;0;5;23;0;15;53;48;261;1649;19;197;1679;0;809
FR;10;2023-01-22;0;0;0;5;0;0;5;0;0;53;48;261;1654;19;197;1684;0;809
FR;10;2023-01-23;1;2;5;62;1;5;59;0;23;54;50;266;1716;20;202;1743;0;832
FR;10;2023-01-24;6;6;27;148;2;19;152;0;75;60;56;293;1864;22;221;1895;0;907
FR;10;2023-01-25;2;1;9;81;1;5;82;0;55;62;57;302;1945;23;226;1977;0;962
FR;10;2023-01-26;4;5;33;147;1;22;159;0;52;66;62;335;2092;24;248;2136;0;1014
FR;10;2023-01-27;1;1;16;117;1;6;118;0;78;67;63;351;2209;25;254;2254;0;1092
FR;10;2023-01-28;0;1;3;18;1;1;21;0;15;67;64;354;2227;26;255;2275;0;1107
FR;10;2023-01-29;0;0;1;0;0;1;0;0;1;67;64;355;2227;26;256;2275;0;1108
FR;10;2023-01-30;2;1;11;60;1;5;63;0;40;69;65;366;2287;27;261;2338;0;1148
FR;10;2023-01-31;5;2;24;121;3;17;121;0;51;74;67;390;2408;30;278;2459;0;1199
FR;10;2023-02-01;0;2;11;49;2;10;49;0;28;74;69;401;2457;32;288;2508;0;1227
FR;10;2023-02-02;3;0;21;104;0;16;108;0;48;77;69;422;2561;32;304;2616;0;1275
FR;10;2023-02-03;6;5;18;48;4;11;51;0;64;83;74;440;2609;36;315;2667;0;1339
FR;10;2023-02-04;1;0;1;8;0;0;10;0;6;84;74;441;2617;36;315;2677;0;1345
FR;10;2023-02-05;7;1;2;3;2;1;4;0;5;91;75;443;2620;38;316;2681;0;1350
FR;10;2023-02-06;1;0;9;28;0;8;22;0;46;92;75;452;2648;38;324;2703;0;1396
FR;10;2023-02-07;2;2;2;12;1;3;12;0;13;94;77;454;2660;39;327;2715;0;1409
FR;10;2023-02-08;1;3;3;15;2;4;15;0;12;95;80;457;2675;41;331;2730;0;1421
FR;10;2023-02-09;2;1;11;91;2;7;97;0;41;97;81;468;2766;43;338;2827;0;1462
FR;10;2023-02-10;8;3;12;29;0;6;37;0;25;105;84;480;2795;43;344;2864;0;1487
FR;10;2023-02-11;1;0;2;2;0;2;2;0;1;106;84;482;2797;43;346;2866;0;1488
FR;10;2023-02-12;1;1;0;0;1;0;0;0;0;107;85;482;2797;44;346;2866;0;1488
FR;10;2023-02-13;3;1;9;15;0;7;18;0;10;110;86;491;2812;44;353;2884;0;1498
FR;10;2023-02-14;2;4;11;49;3;9;50;0;17;112;90;502;2861;47;362;2934;0;1515
FR;10;2023-02-15;7;3;2;10;2;3;8;0;8;119;93;504;2871;49;365;2942;0;1523
FR;10;2023-02-16;0;0;8;17;0;5;18;0;8;119;93;512;2888;49;370;2960;0;1531
FR;10;2023-02-17;13;5;7;28;5;2;22;0;17;132;98;519;2916;54;372;2982;0;1548
FR;10;2023-02-18;2;0;3;11;0;3;10;0;6;134;98;522;2927;54;375;2992;0;1554
FR;10;2023-02-19;0;0;0;0;0;0;0;0;0;134;98;522;2927;54;375;2992;0;1554
FR;10;2023-02-20;2;1;2;25;1;1;23;0;23;136;99;524;2952;55;376;3015;0;1577
FR;10;2023-02-21;2;3;12;27;1;6;35;0;30;138;102;536;2979;56;382;3050;0;1607
FR;10;2023-02-22;5;4;2;7;3;3;6;0;1;143;106;538;2986;59;385;3056;0;1608
FR;10;2023-02-23;3;2;17;31;2;14;37;0;12;146;108;555;3017;61;399;3093;0;1620
FR;10;2023-02-24;1;2;8;27;0;5;27;0;29;147;110;563;3044;61;404;3120;0;1649
FR;10;2023-02-25;0;0;2;3;0;2;3;0;7;147;110;565;3047;61;406;3123;0;1656
FR;10;2023-02-26;0;0;0;0;0;0;0;0;0;147;110;565;3047;61;406;3123;0;1656
FR;10;2023-02-27;3;3;3;20;4;3;21;0;15;150;113;568;3067;65;409;3144;0;1671
FR;10;2023-02-28;3;2;3;10;2;1;11;0;10;153;115;571;3077;67;410;3155;0;1681
FR;10;2023-03-01;2;6;34;12;6;33;12;0;14;155;121;605;3089;73;443;3167;0;1695
FR;10;2023-03-02;2;1;10;22;2;6;22;0;31;157;122;615;3111;75;449;3189;0;1726
FR;10;2023-03-03;7;2;5;21;0;6;20;0;18;164;124;620;3132;75;455;3209;0;1744
FR;10;2023-03-04;0;1;0;6;1;0;6;0;2;164;125;620;3138;76;455;3215;0;1746
FR;10;2023-03-05;0;0;0;1;0;0;0;0;2;164;125;620;3139;76;455;3215;0;1748
FR;10;2023-03-06;2;2;8;8;3;7;9;0;8;166;127;628;3147;79;462;3224;0;1756
FR;10;2023-03-07;2;3;0;11;1;2;11;0;8;168;130;628;3158;80;464;3235;0;1764
FR;10;2023-03-08;1;4;4;20;3;3;22;0;9;169;134;632;3178;83;467;3257;0;1773
FR;10;2023-03-09;0;3;1;9;1;2;8;0;8;169;137;633;3187;84;469;3265;0;1781
FR;10;2023-03-10;1;2;1;8;2;1;9;0;9;170;139;634;3195;86;470;3274;0;1790
FR;10;2023-03-11;2;1;5;4;0;3;7;0;2;172;140;639;3199;86;473;3281;0;1792
FR;10;2023-03-12;0;0;0;0;0;0;0;0;0;172;140;639;3199;86;473;3281;0;1792
FR;10;2023-03-13;0;2;2;3;2;2;3;0;5;172;142;641;3202;88;475;3284;0;1797
FR;10;2023-03-14;2;0;6;25;0;4;27;0;21;174;142;647;3227;88;479;3311;0;1818
FR;10;2023-03-15;0;2;5;5;1;7;4;0;6;174;144;652;3232;89;486;3315;0;1824
FR;10;2023-03-16;3;1;7;12;0;5;15;0;11;177;145;659;3244;89;491;3330;0;1835
FR;10;2023-03-17;3;5;8;18;4;4;22;0;19;180;150;667;3262;93;495;3352;0;1854
FR;10;2023-03-18;0;1;1;3;0;2;2;0;3;180;151;668;3265;93;497;3354;0;1857
FR;10;2023-03-19;6;0;0;0;0;0;0;0;0;186;151;668;3265;93;497;3354;0;1857
FR;10;2023-03-20;5;4;0;12;3;1;13;0;12;191;155;668;3277;96;498;3367;0;1869
FR;10;2023-03-21;1;2;2;7;0;3;9;0;14;192;157;670;3284;96;501;3376;0;1883
FR;10;2023-03-22;0;0;3;4;0;3;3;0;3;192;157;673;3288;96;504;3379;0;1886
FR;10;2023-03-23;9;9;4;6;9;1;8;0;13;201;166;677;3294;105;505;3387;0;1899
FR;10;2023-03-24;3;3;2;14;2;1;10;0;17;204;169;679;3308;107;506;3397;0;1916
FR;10;2023-03-25;1;3;0;4;1;3;5;0;8;205;172;679;3312;108;509;3402;0;1924
FR;10;2023-03-26;1;1;0;0;1;0;0;0;0;206;173;679;3312;109;509;3402;0;1924
FR;10;2023-03-27;0;2;3;4;2;3;2;0;16;206;175;682;3316;111;512;3404;0;1940
FR;10;2023-03-28;9;8;3;5;8;1;6;0;6;215;183;685;3321;119;513;3410;0;1946
FR;10;2023-03-29;7;7;3;2;6;4;2;0;6;222;190;688;3323;125;517;3412;0;1952
FR;10;2023-03-30;16;13;3;7;13;2;8;0;6;238;203;691;3330;138;519;3420;0;1958
FR;10;2023-03-31;8;6;4;12;5;4;13;0;19;246;209;695;3342;143;523;3433;0;1977
FR;10;2023-04-01;9;8;1;0;8;1;0;0;0;255;217;696;3342;151;524;3433;0;1977
FR;10;2023-04-02;1;0;0;0;0;0;0;0;1;256;217;696;3342;151;524;3433;0;1978
FR;10;2023-04-03;2;1;0;3;1;0;2;0;5;258;218;696;3345;152;524;3435;0;1983
FR;10;2023-04-04;0;1;0;3;1;0;3;0;5;258;219;696;3348;153;524;3438;0;1988
FR;10;2023-04-05;0;0;2;1;0;2;3;0;2;258;219;698;3349;153;526;3441;0;1990
FR;10;2023-04-06;2;2;4;4;2;1;7;0;2;260;221;702;3353;155;527;3448;0;1992
FR;10;2023-04-07;3;0;2;3;0;1;3;0;9;263;221;704;3356;155;528;3451;0;2001
FR;10;2023-04-08;0;0;1;0;0;1;0;0;0;263;221;705;3356;155;529;3451;0;2001
FR;10;2023-04-09;0;0;0;0;0;0;0;0;0;263;221;705;3356;155;529;3451;0;2001
FR;10;2023-04-10;0;0;2;0;0;0;2;0;0;263;221;707;3356;155;529;3453;0;2001
FR;10;2023-04-11;1;0;1;3;0;1;2;0;3;264;221;708;3359;155;530;3455;0;2004
FR;10;2023-04-12;0;0;2;1;0;1;2;0;4;264;221;710;3360;155;531;3457;0;2008
FR;10;2023-04-13;0;1;0;5;1;0;5;0;5;264;222;710;3365;156;531;3462;0;2013
FR;10;2023-04-14;3;0;1;7;0;1;4;0;5;267;222;711;3372;156;532;3466;0;2018
FR;10;2023-04-15;0;1;1;3;1;0;4;0;0;267;223;712;3375;157;532;3470;0;2018
FR;10;2023-04-16;0;0;0;2;0;0;2;0;0;267;223;712;3377;157;532;3472;0;2018
FR;10;2023-04-17;1;2;2;0;1;2;0;0;0;268;225;714;3377;158;534;3472;0;2018
FR;10;2023-04-18;2;2;1;3;2;1;0;0;2;270;227;715;3380;160;535;3472;0;2020
FR;10;2023-04-19;0;0;1;0;0;1;0;0;1;270;227;716;3380;160;536;3472;0;2021
FR;10;2023-04-20;0;2;1;1;1;2;1;0;2;270;229;717;3381;161;538;3473;0;2023
FR;10;2023-04-21;0;1;5;7;0;4;9;0;3;270;230;722;3388;161;542;3482;0;2026
FR;10;2023-04-22;1;1;0;2;1;0;2;0;1;271;231;722;3390;162;542;3484;0;2027
FR;10;2023-04-23;0;0;0;0;0;0;0;0;0;271;231;722;3390;162;542;3484;0;2027
FR;10;2023-04-24;0;1;0;0;1;0;0;0;4;271;232;722;3390;163;542;3484;0;2031
FR;10;2023-04-25;0;0;1;0;0;1;0;0;2;271;232;723;3390;163;543;3484;0;2033
FR;10;2023-04-26;1;0;2;1;1;2;1;0;1;272;232;725;3391;164;545;3485;0;2034
FR;10;2023-04-27;0;0;1;1;0;1;1;0;1;272;232;726;3392;164;546;3486;0;2035
FR;10;2023-04-28;0;1;2;5;1;0;5;0;6;272;233;728;3397;165;546;3491;0;2041
FR;10;2023-04-29;0;0;0;1;0;0;0;0;1;272;233;728;3398;165;546;3491;0;2042
FR;10;2023-04-30;0;0;0;0;0;0;0;0;0;272;233;728;3398;165;546;3491;0;2042
FR;11;2020-12-27;0;0;0;0;0;0;0;0;0;0;0;0;0;0;0;0;0;0
FR;11;2020-12-28;0;0;0;0;0;0;0;0;0;0;0;0;0;0;0;0;0;0
FR;11;2020-12-29;0;0;0;0;0;0;0;0;0;0;0;0;0;0;0;0;0;0
FR;11;2020-12-30;0;0;0;0;0;0;0;0;0;0;0;0;0;0;0;0;0;0
FR;11;2020-12-31;0;0;0;0;0;0;0;0;0;0;0;0;0;0;0;0;0;0
FR;11;2021-01-01;0;0;0;0;0;0;0;0;0;0;0;0;0;0;0;0;0;0
FR;11;2021-01-02;0;0;0;0;0;0;0;0;0;0;0;0;0;0;0;0;0;0
FR;11;2021-01-03;0;0;0;0;0;0;0;0;0;0;0;0;0;0;0;0;0;0
FR;11;2021-01-04;0;0;0;0;0;0;0;0;0;0;0;0;0;0;0;0;0;0
FR;11;2021-01-05;0;0;0;0;0;0;0;0;0;0;0;0;0;0;0;0;0;0
FR;11;2021-01-06;0;0;0;0;0;0;0;0;0;0;0;0;0;0;0;0;0;0
FR;11;2021-01-07;0;0;0;0;0;0;0;0;0;0;0;0;0;0;0;0;0;0
FR;11;2021-01-08;0;0;0;0;0;0;0;0;0;0;0;0;0;0;0;0;0;0
FR;11;2021-01-09;0;0;0;0;0;0;0;0;0;0;0;0;0;0;0;0;0;0
FR;11;2021-01-10;0;0;0;0;0;0;0;0;0;0;0;0;0;0;0;0;0;0
FR;11;2021-01-11;0;0;0;0;0;0;0;0;0;0;0;0;0;0;0;0;0;0
FR;11;2021-01-12;0;0;0;0;0;0;0;0;0;0;0;0;0;0;0;0;0;0
FR;11;2021-01-13;0;0;0;0;0;0;0;0;0;0;0;0;0;0;0;0;0;0
FR;11;2021-01-14;0;0;0;0;0;0;0;0;0;0;0;0;0;0;0;0;0;0
FR;11;2021-01-15;0;0;0;0;0;0;0;0;0;0;0;0;0;0;0;0;0;0
FR;11;2021-01-16;0;0;0;0;0;0;0;0;0;0;0;0;0;0;0;0;0;0
FR;11;2021-01-17;0;0;0;0;0;0;0;0;0;0;0;0;0;0;0;0;0;0
FR;11;2021-01-18;0;0;0;0;0;0;0;0;0;0;0;0;0;0;0;0;0;0
FR;11;2021-01-19;0;0;0;0;0;0;0;0;0;0;0;0;0;0;0;0;0;0
FR;11;2021-01-20;0;0;0;0;0;0;0;0;0;0;0;0;0;0;0;0;0;0
FR;11;2021-01-21;0;0;0;0;0;0;0;0;0;0;0;0;0;0;0;0;0;0
FR;11;2021-01-22;0;0;0;0;0;0;0;0;0;0;0;0;0;0;0;0;0;0
FR;11;2021-01-23;0;0;0;0;0;0;0;0;0;0;0;0;0;0;0;0;0;0
FR;11;2021-01-24;0;0;0;0;0;0;0;0;0;0;0;0;0;0;0;0;0;0
FR;11;2021-01-25;0;0;0;0;0;0;0;0;0;0;0;0;0;0;0;0;0;0
FR;11;2021-01-26;0;0;0;0;0;0;0;0;0;0;0;0;0;0;0;0;0;0
FR;11;2021-01-27;0;0;0;0;0;0;0;0;0;0;0;0;0;0;0;0;0;0
FR;11;2021-01-28;0;0;0;0;0;0;0;0;0;0;0;0;0;0;0;0;0;0
FR;11;2021-01-29;0;0;0;0;0;0;0;0;0;0;0;0;0;0;0;0;0;0
FR;11;2021-01-30;0;0;0;0;0;0;0;0;0;0;0;0;0;0;0;0;0;0
FR;11;2021-01-31;0;0;0;0;0;0;0;0;0;0;0;0;0;0;0;0;0;0
FR;11;2021-02-01;0;0;0;0;0;0;0;0;0;0;0;0;0;0;0;0;0;0
FR;11;2021-02-02;0;0;0;0;0;0;0;0;0;0;0;0;0;0;0;0;0;0
FR;11;2021-02-03;0;0;0;0;0;0;0;0;0;0;0;0;0;0;0;0;0;0
FR;11;2021-02-04;0;0;0;0;0;0;0;0;0;0;0;0;0;0;0;0;0;0
FR;11;2021-02-05;0;0;0;0;0;0;0;0;0;0;0;0;0;0;0;0;0;0
FR;11;2021-02-06;0;0;0;0;0;0;0;0;0;0;0;0;0;0;0;0;0;0
FR;11;2021-02-07;0;0;0;0;0;0;0;0;0;0;0;0;0;0;0;0;0;0
FR;11;2021-02-08;0;0;0;0;0;0;0;0;0;0;0;0;0;0;0;0;0;0
FR;11;2021-02-09;0;0;0;0;0;0;0;0;0;0;0;0;0;0;0;0;0;0
FR;11;2021-02-10;0;0;0;0;0;0;0;0;0;0;0;0;0;0;0;0;0;0
FR;11;2021-02-11;0;0;0;0;0;0;0;0;0;0;0;0;0;0;0;0;0;0
FR;11;2021-02-12;0;0;0;0;0;0;0;0;0;0;0;0;0;0;0;0;0;0
FR;11;2021-02-13;0;0;0;0;0;0;0;0;0;0;0;0;0;0;0;0;0;0
FR;11;2021-02-14;0;0;0;0;0;0;0;0;0;0;0;0;0;0;0;0;0;0
FR;11;2021-02-15;0;0;0;0;0;0;0;0;0;0;0;0;0;0;0;0;0;0
FR;11;2021-02-16;0;0;0;0;0;0;0;0;0;0;0;0;0;0;0;0;0;0
FR;11;2021-02-17;0;0;0;0;0;0;0;0;0;0;0;0;0;0;0;0;0;0
FR;11;2021-02-18;0;0;0;0;0;0;0;0;0;0;0;0;0;0;0;0;0;0
FR;11;2021-02-19;0;0;0;0;0;0;0;0;0;0;0;0;0;0;0;0;0;0
FR;11;2021-02-20;0;0;0;0;0;0;0;0;0;0;0;0;0;0;0;0;0;0
FR;11;2021-02-21;0;0;0;0;0;0;0;0;0;0;0;0;0;0;0;0;0;0
FR;11;2021-02-22;0;0;0;0;0;0;0;0;0;0;0;0;0;0;0;0;0;0
FR;11;2021-02-23;0;0;0;0;0;0;0;0;0;0;0;0;0;0;0;0;0;0
FR;11;2021-02-24;0;0;0;0;0;0;0;0;0;0;0;0;0;0;0;0;0;0
FR;11;2021-02-25;0;0;0;0;0;0;0;0;0;0;0;0;0;0;0;0;0;0
FR;11;2021-02-26;0;0;0;0;0;0;0;0;0;0;0;0;0;0;0;0;0;0
FR;11;2021-02-27;0;0;0;0;0;0;0;0;0;0;0;0;0;0;0;0;0;0
FR;11;2021-02-28;0;0;0;0;0;0;0;0;0;0;0;0;0;0;0;0;0;0
FR;11;2021-03-01;0;0;0;0;0;0;0;0;0;0;0;0;0;0;0;0;0;0
FR;11;2021-03-02;0;0;0;0;0;0;0;0;0;0;0;0;0;0;0;0;0;0
FR;11;2021-03-03;0;0;0;0;0;0;0;0;0;0;0;0;0;0;0;0;0;0
FR;11;2021-03-04;0;0;0;0;0;0;0;0;0;0;0;0;0;0;0;0;0;0
FR;11;2021-03-05;0;0;0;0;0;0;0;0;0;0;0;0;0;0;0;0;0;0
FR;11;2021-03-06;0;0;0;0;0;0;0;0;0;0;0;0;0;0;0;0;0;0
FR;11;2021-03-07;0;0;0;0;0;0;0;0;0;0;0;0;0;0;0;0;0;0
FR;11;2021-03-08;0;0;0;0;0;0;0;0;0;0;0;0;0;0;0;0;0;0
FR;11;2021-03-09;0;0;0;0;0;0;0;0;0;0;0;0;0;0;0;0;0;0
FR;11;2021-03-10;0;0;0;0;0;0;0;0;0;0;0;0;0;0;0;0;0;0
FR;11;2021-03-11;0;0;0;0;0;0;0;0;0;0;0;0;0;0;0;0;0;0
FR;11;2021-03-12;0;0;0;0;0;0;0;0;0;0;0;0;0;0;0;0;0;0
FR;11;2021-03-13;0;0;0;0;0;0;0;0;0;0;0;0;0;0;0;0;0;0
FR;11;2021-03-14;0;0;0;0;0;0;0;0;0;0;0;0;0;0;0;0;0;0
FR;11;2021-03-15;0;0;0;0;0;0;0;0;0;0;0;0;0;0;0;0;0;0
FR;11;2021-03-16;0;0;0;0;0;0;0;0;0;0;0;0;0;0;0;0;0;0
FR;11;2021-03-17;0;0;0;0;0;0;0;0;0;0;0;0;0;0;0;0;0;0
FR;11;2021-03-18;0;0;0;0;0;0;0;0;0;0;0;0;0;0;0;0;0;0
FR;11;2021-03-19;0;0;0;0;0;0;0;0;0;0;0;0;0;0;0;0;0;0
FR;11;2021-03-20;0;0;0;0;0;0;0;0;0;0;0;0;0;0;0;0;0;0
FR;11;2021-03-21;0;0;0;0;0;0;0;0;0;0;0;0;0;0;0;0;0;0
FR;11;2021-03-22;0;0;0;0;0;0;0;0;0;0;0;0;0;0;0;0;0;0
FR;11;2021-03-23;0;0;0;0;0;0;0;0;0;0;0;0;0;0;0;0;0;0
FR;11;2021-03-24;0;0;0;0;0;0;0;0;0;0;0;0;0;0;0;0;0;0
FR;11;2021-03-25;0;0;0;0;0;0;0;0;0;0;0;0;0;0;0;0;0;0
FR;11;2021-03-26;0;0;0;0;0;0;0;0;0;0;0;0;0;0;0;0;0;0
FR;11;2021-03-27;0;0;0;0;0;0;0;0;0;0;0;0;0;0;0;0;0;0
FR;11;2021-03-28;0;0;0;0;0;0;0;0;0;0;0;0;0;0;0;0;0;0
FR;11;2021-03-29;0;0;0;0;0;0;0;0;0;0;0;0;0;0;0;0;0;0
FR;11;2021-03-30;0;0;0;0;0;0;0;0;0;0;0;0;0;0;0;0;0;0
FR;11;2021-03-31;0;0;0;0;0;0;0;0;0;0;0;0;0;0;0;0;0;0
FR;11;2021-04-01;0;0;0;0;0;0;0;0;0;0;0;0;0;0;0;0;0;0
FR;11;2021-04-02;0;0;0;0;0;0;0;0;0;0;0;0;0;0;0;0;0;0
FR;11;2021-04-03;0;0;0;0;0;0;0;0;0;0;0;0;0;0;0;0;0;0
FR;11;2021-04-04;0;0;0;0;0;0;0;0;0;0;0;0;0;0;0;0;0;0
FR;11;2021-04-05;0;0;0;0;0;0;0;0;0;0;0;0;0;0;0;0;0;0
FR;11;2021-04-06;0;0;0;0;0;0;0;0;0;0;0;0;0;0;0;0;0;0
FR;11;2021-04-07;0;0;0;0;0;0;0;0;0;0;0;0;0;0;0;0;0;0
FR;11;2021-04-08;0;0;0;0;0;0;0;0;0;0;0;0;0;0;0;0;0;0
FR;11;2021-04-09;0;0;0;0;0;0;0;0;0;0;0;0;0;0;0;0;0;0
FR;11;2021-04-10;0;0;0;0;0;0;0;0;0;0;0;0;0;0;0;0;0;0
FR;11;2021-04-11;0;0;0;0;0;0;0;0;0;0;0;0;0;0;0;0;0;0
FR;11;2021-04-12;0;0;0;0;0;0;0;0;0;0;0;0;0;0;0;0;0;0
FR;11;2021-04-13;0;0;0;0;0;0;0;0;0;0;0;0;0;0;0;0;0;0
FR;11;2021-04-14;0;0;0;0;0;0;0;0;0;0;0;0;0;0;0;0;0;0
FR;11;2021-04-15;0;0;0;0;0;0;0;0;0;0;0;0;0;0;0;0;0;0
FR;11;2021-04-16;0;0;0;0;0;0;0;0;0;0;0;0;0;0;0;0;0;0
FR;11;2021-04-17;0;0;0;0;0;0;0;0;0;0;0;0;0;0;0;0;0;0
FR;11;2021-04-18;0;0;0;0;0;0;0;0;0;0;0;0;0;0;0;0;0;0
FR;11;2021-04-19;0;0;0;0;0;0;0;0;0;0;0;0;0;0;0;0;0;0
FR;11;2021-04-20;0;0;0;0;0;0;0;0;0;0;0;0;0;0;0;0;0;0
FR;11;2021-04-21;0;0;0;0;0;0;0;0;0;0;0;0;0;0;0;0;0;0
FR;11;2021-04-22;0;0;0;0;0;0;0;0;0;0;0;0;0;0;0;0;0;0
FR;11;2021-04-23;0;0;0;0;0;0;0;0;0;0;0;0;0;0;0;0;0;0
FR;11;2021-04-24;0;0;0;0;0;0;0;0;0;0;0;0;0;0;0;0;0;0
FR;11;2021-04-25;0;0;0;0;0;0;0;0;0;0;0;0;0;0;0;0;0;0
FR;11;2021-04-26;0;0;0;0;0;0;0;0;0;0;0;0;0;0;0;0;0;0
FR;11;2021-04-27;0;0;0;0;0;0;0;0;0;0;0;0;0;0;0;0;0;0
FR;11;2021-04-28;0;0;0;0;0;0;0;0;0;0;0;0;0;0;0;0;0;0
FR;11;2021-04-29;0;0;0;0;0;0;0;0;0;0;0;0;0;0;0;0;0;0
FR;11;2021-04-30;0;0;0;0;0;0;0;0;0;0;0;0;0;0;0;0;0;0
FR;11;2021-05-01;0;0;0;0;0;0;0;0;0;0;0;0;0;0;0;0;0;0
FR;11;2021-05-02;0;0;0;0;0;0;0;0;0;0;0;0;0;0;0;0;0;0
FR;11;2021-05-03;0;0;0;0;0;0;0;0;0;0;0;0;0;0;0;0;0;0
FR;11;2021-05-04;0;0;0;0;0;0;0;0;0;0;0;0;0;0;0;0;0;0
FR;11;2021-05-05;0;0;0;0;0;0;0;0;0;0;0;0;0;0;0;0;0;0
FR;11;2021-05-06;0;0;0;0;0;0;0;0;0;0;0;0;0;0;0;0;0;0
FR;11;2021-05-07;0;0;0;0;0;0;0;0;0;0;0;0;0;0;0;0;0;0
FR;11;2021-05-08;0;0;0;0;0;0;0;0;0;0;0;0;0;0;0;0;0;0
FR;11;2021-05-09;0;0;0;0;0;0;0;0;0;0;0;0;0;0;0;0;0;0
FR;11;2021-05-10;0;0;0;0;0;0;0;0;0;0;0;0;0;0;0;0;0;0
FR;11;2021-05-11;0;0;0;0;0;0;0;0;0;0;0;0;0;0;0;0;0;0
FR;11;2021-05-12;0;0;0;0;0;0;0;0;0;0;0;0;0;0;0;0;0;0
FR;11;2021-05-13;0;0;0;0;0;0;0;0;0;0;0;0;0;0;0;0;0;0
FR;11;2021-05-14;0;0;0;0;0;0;0;0;0;0;0;0;0;0;0;0;0;0
FR;11;2021-05-15;0;0;0;0;0;0;0;0;0;0;0;0;0;0;0;0;0;0
FR;11;2021-05-16;0;0;0;0;0;0;0;0;0;0;0;0;0;0;0;0;0;0
FR;11;2021-05-17;0;0;0;0;0;0;0;0;0;0;0;0;0;0;0;0;0;0
FR;11;2021-05-18;0;0;0;0;0;0;0;0;0;0;0;0;0;0;0;0;0;0
FR;11;2021-05-19;0;0;0;0;0;0;0;0;0;0;0;0;0;0;0;0;0;0
FR;11;2021-05-20;0;0;0;0;0;0;0;0;0;0;0;0;0;0;0;0;0;0
FR;11;2021-05-21;0;0;0;0;0;0;0;0;0;0;0;0;0;0;0;0;0;0
FR;11;2021-05-22;0;0;0;0;0;0;0;0;0;0;0;0;0;0;0;0;0;0
FR;11;2021-05-23;0;0;0;0;0;0;0;0;0;0;0;0;0;0;0;0;0;0
FR;11;2021-05-24;0;0;0;0;0;0;0;0;0;0;0;0;0;0;0;0;0;0
FR;11;2021-05-25;0;0;0;0;0;0;0;0;0;0;0;0;0;0;0;0;0;0
FR;11;2021-05-26;0;0;0;0;0;0;0;0;0;0;0;0;0;0;0;0;0;0
FR;11;2021-05-27;0;0;0;0;0;0;0;0;0;0;0;0;0;0;0;0;0;0
FR;11;2021-05-28;0;0;0;0;0;0;0;0;0;0;0;0;0;0;0;0;0;0
FR;11;2021-05-29;0;0;0;0;0;0;0;0;0;0;0;0;0;0;0;0;0;0
FR;11;2021-05-30;0;0;0;0;0;0;0;0;0;0;0;0;0;0;0;0;0;0
FR;11;2021-05-31;0;0;0;0;0;0;0;0;0;0;0;0;0;0;0;0;0;0
FR;11;2021-06-01;0;0;0;0;0;0;0;0;0;0;0;0;0;0;0;0;0;0
FR;11;2021-06-02;0;0;0;0;0;0;0;0;0;0;0;0;0;0;0;0;0;0
FR;11;2021-06-03;0;0;0;0;0;0;0;0;0;0;0;0;0;0;0;0;0;0
FR;11;2021-06-04;0;0;0;0;0;0;0;0;0;0;0;0;0;0;0;0;0;0
FR;11;2021-06-05;0;0;0;0;0;0;0;0;0;0;0;0;0;0;0;0;0;0
FR;11;2021-06-06;0;0;0;0;0;0;0;0;0;0;0;0;0;0;0;0;0;0
FR;11;2021-06-07;0;0;0;0;0;0;0;0;0;0;0;0;0;0;0;0;0;0
FR;11;2021-06-08;0;0;0;0;0;0;0;0;0;0;0;0;0;0;0;0;0;0
FR;11;2021-06-09;0;0;0;0;0;0;0;0;0;0;0;0;0;0;0;0;0;0
FR;11;2021-06-10;0;0;0;0;0;0;0;0;0;0;0;0;0;0;0;0;0;0
FR;11;2021-06-11;0;0;0;0;0;0;0;0;0;0;0;0;0;0;0;0;0;0
FR;11;2021-06-12;0;0;0;0;0;0;0;0;0;0;0;0;0;0;0;0;0;0
FR;11;2021-06-13;0;0;0;0;0;0;0;0;0;0;0;0;0;0;0;0;0;0
FR;11;2021-06-14;0;0;0;0;0;0;0;0;0;0;0;0;0;0;0;0;0;0
FR;11;2021-06-15;0;0;0;0;0;0;0;0;0;0;0;0;0;0;0;0;0;0
FR;11;2021-06-16;0;0;0;0;0;0;0;0;0;0;0;0;0;0;0;0;0;0
FR;11;2021-06-17;0;0;0;0;0;0;0;0;0;0;0;0;0;0;0;0;0;0
FR;11;2021-06-18;0;0;0;0;0;0;0;0;0;0;0;0;0;0;0;0;0;0
FR;11;2021-06-19;0;0;0;0;0;0;0;0;0;0;0;0;0;0;0;0;0;0
FR;11;2021-06-20;0;0;0;0;0;0;0;0;0;0;0;0;0;0;0;0;0;0
FR;11;2021-06-21;0;0;0;0;0;0;0;0;0;0;0;0;0;0;0;0;0;0
FR;11;2021-06-22;0;0;0;0;0;0;0;0;0;0;0;0;0;0;0;0;0;0
FR;11;2021-06-23;0;0;0;0;0;0;0;0;0;0;0;0;0;0;0;0;0;0
FR;11;2021-06-24;0;0;0;0;0;0;0;0;0;0;0;0;0;0;0;0;0;0
FR;11;2021-06-25;0;0;0;0;0;0;0;0;0;0;0;0;0;0;0;0;0;0
FR;11;2021-06-26;0;0;0;0;0;0;0;0;0;0;0;0;0;0;0;0;0;0
FR;11;2021-06-27;0;0;0;0;0;0;0;0;0;0;0;0;0;0;0;0;0;0
FR;11;2021-06-28;0;0;0;0;0;0;0;0;0;0;0;0;0;0;0;0;0;0
FR;11;2021-06-29;0;0;0;0;0;0;0;0;0;0;0;0;0;0;0;0;0;0
FR;11;2021-06-30;0;0;0;0;0;0;0;0;0;0;0;0;0;0;0;0;0;0
FR;11;2021-07-01;0;0;0;0;0;0;0;0;0;0;0;0;0;0;0;0;0;0
FR;11;2021-07-02;0;0;0;0;0;0;0;0;0;0;0;0;0;0;0;0;0;0
FR;11;2021-07-03;0;0;0;0;0;0;0;0;0;0;0;0;0;0;0;0;0;0
FR;11;2021-07-04;0;0;0;0;0;0;0;0;0;0;0;0;0;0;0;0;0;0
FR;11;2021-07-05;0;0;0;0;0;0;0;0;0;0;0;0;0;0;0;0;0;0
FR;11;2021-07-06;0;0;0;0;0;0;0;0;0;0;0;0;0;0;0;0;0;0
FR;11;2021-07-07;0;0;0;0;0;0;0;0;0;0;0;0;0;0;0;0;0;0
FR;11;2021-07-08;0;0;0;0;0;0;0;0;0;0;0;0;0;0;0;0;0;0
FR;11;2021-07-09;0;0;0;0;0;0;0;0;0;0;0;0;0;0;0;0;0;0
FR;11;2021-07-10;0;0;0;0;0;0;0;0;0;0;0;0;0;0;0;0;0;0
FR;11;2021-07-11;0;0;0;0;0;0;0;0;0;0;0;0;0;0;0;0;0;0
FR;11;2021-07-12;0;0;0;0;0;0;0;0;0;0;0;0;0;0;0;0;0;0
FR;11;2021-07-13;0;0;0;0;0;0;0;0;0;0;0;0;0;0;0;0;0;0
FR;11;2021-07-14;0;0;0;0;0;0;0;0;0;0;0;0;0;0;0;0;0;0
FR;11;2021-07-15;0;0;0;0;0;0;0;0;0;0;0;0;0;0;0;0;0;0
FR;11;2021-07-16;0;0;0;0;0;0;0;0;0;0;0;0;0;0;0;0;0;0
FR;11;2021-07-17;0;0;0;0;0;0;0;0;0;0;0;0;0;0;0;0;0;0
FR;11;2021-07-18;0;0;0;0;0;0;0;0;0;0;0;0;0;0;0;0;0;0
FR;11;2021-07-19;0;0;0;0;0;0;0;0;0;0;0;0;0;0;0;0;0;0
FR;11;2021-07-20;0;0;0;0;0;0;0;0;0;0;0;0;0;0;0;0;0;0
FR;11;2021-07-21;0;0;0;0;0;0;0;0;0;0;0;0;0;0;0;0;0;0
FR;11;2021-07-22;0;0;0;0;0;0;0;0;0;0;0;0;0;0;0;0;0;0
FR;11;2021-07-23;0;0;0;0;0;0;0;0;0;0;0;0;0;0;0;0;0;0
FR;11;2021-07-24;0;0;0;0;0;0;0;0;0;0;0;0;0;0;0;0;0;0
FR;11;2021-07-25;0;0;0;0;0;0;0;0;0;0;0;0;0;0;0;0;0;0
FR;11;2021-07-26;0;0;0;0;0;0;0;0;0;0;0;0;0;0;0;0;0;0
FR;11;2021-07-27;0;0;0;0;0;0;0;0;0;0;0;0;0;0;0;0;0;0
FR;11;2021-07-28;0;0;0;0;0;0;0;0;0;0;0;0;0;0;0;0;0;0
FR;11;2021-07-29;0;0;0;0;0;0;0;0;0;0;0;0;0;0;0;0;0;0
FR;11;2021-07-30;0;0;0;0;0;0;0;0;0;0;0;0;0;0;0;0;0;0
FR;11;2021-07-31;0;0;0;0;0;0;0;0;0;0;0;0;0;0;0;0;0;0
FR;11;2021-08-01;0;0;0;0;0;0;0;0;0;0;0;0;0;0;0;0;0;0
FR;11;2021-08-02;0;0;0;0;0;0;0;0;0;0;0;0;0;0;0;0;0;0
FR;11;2021-08-03;0;0;0;0;0;0;0;0;0;0;0;0;0;0;0;0;0;0
FR;11;2021-08-04;0;0;0;0;0;0;0;0;0;0;0;0;0;0;0;0;0;0
FR;11;2021-08-05;0;0;0;0;0;0;0;0;0;0;0;0;0;0;0;0;0;0
FR;11;2021-08-06;0;0;0;0;0;0;0;0;0;0;0;0;0;0;0;0;0;0
FR;11;2021-08-07;0;0;0;0;0;0;0;0;0;0;0;0;0;0;0;0;0;0
FR;11;2021-08-08;0;0;0;0;0;0;0;0;0;0;0;0;0;0;0;0;0;0
FR;11;2021-08-09;0;0;0;0;0;0;0;0;0;0;0;0;0;0;0;0;0;0
FR;11;2021-08-10;0;0;0;0;0;0;0;0;0;0;0;0;0;0;0;0;0;0
FR;11;2021-08-11;0;0;0;0;0;0;0;0;0;0;0;0;0;0;0;0;0;0
FR;11;2021-08-12;0;0;0;0;0;0;0;0;0;0;0;0;0;0;0;0;0;0
FR;11;2021-08-13;0;0;0;0;0;0;0;0;0;0;0;0;0;0;0;0;0;0
FR;11;2021-08-14;0;0;0;0;0;0;0;0;0;0;0;0;0;0;0;0;0;0
FR;11;2021-08-15;0;0;0;0;0;0;0;0;0;0;0;0;0;0;0;0;0;0
FR;11;2021-08-16;0;0;0;0;0;0;0;0;0;0;0;0;0;0;0;0;0;0
FR;11;2021-08-17;0;0;0;0;0;0;0;0;0;0;0;0;0;0;0;0;0;0
FR;11;2021-08-18;0;0;0;0;0;0;0;0;0;0;0;0;0;0;0;0;0;0
FR;11;2021-08-19;0;0;0;0;0;0;0;0;0;0;0;0;0;0;0;0;0;0
FR;11;2021-08-20;0;0;0;0;0;0;0;0;0;0;0;0;0;0;0;0;0;0
FR;11;2021-08-21;0;0;0;0;0;0;0;0;0;0;0;0;0;0;0;0;0;0
FR;11;2021-08-22;0;0;0;0;0;0;0;0;0;0;0;0;0;0;0;0;0;0
FR;11;2021-08-23;0;0;0;0;0;0;0;0;0;0;0;0;0;0;0;0;0;0
FR;11;2021-08-24;0;0;0;0;0;0;0;0;0;0;0;0;0;0;0;0;0;0
FR;11;2021-08-25;0;0;0;0;0;0;0;0;0;0;0;0;0;0;0;0;0;0
FR;11;2021-08-26;0;0;0;0;0;0;0;0;0;0;0;0;0;0;0;0;0;0
FR;11;2021-08-27;0;0;0;0;0;0;0;0;0;0;0;0;0;0;0;0;0;0
FR;11;2021-08-28;0;0;0;0;0;0;0;0;0;0;0;0;0;0;0;0;0;0
FR;11;2021-08-29;0;0;0;0;0;0;0;0;0;0;0;0;0;0;0;0;0;0
FR;11;2021-08-30;0;0;0;0;0;0;0;0;0;0;0;0;0;0;0;0;0;0
FR;11;2021-08-31;0;0;0;0;0;0;0;0;0;0;0;0;0;0;0;0;0;0
FR;11;2021-09-01;0;0;0;0;0;0;0;0;0;0;0;0;0;0;0;0;0;0
FR;11;2021-09-02;0;0;0;0;0;0;0;0;0;0;0;0;0;0;0;0;0;0
FR;11;2021-09-03;0;0;0;0;0;0;0;0;0;0;0;0;0;0;0;0;0;0
FR;11;2021-09-04;0;0;0;0;0;0;0;0;0;0;0;0;0;0;0;0;0;0
FR;11;2021-09-05;0;0;0;0;0;0;0;0;0;0;0;0;0;0;0;0;0;0
FR;11;2021-09-06;0;0;0;0;0;0;0;0;0;0;0;0;0;0;0;0;0;0
FR;11;2021-09-07;0;0;0;0;0;0;0;0;0;0;0;0;0;0;0;0;0;0
FR;11;2021-09-08;0;0;0;0;0;0;0;0;0;0;0;0;0;0;0;0;0;0
FR;11;2021-09-09;0;0;0;0;0;0;0;0;0;0;0;0;0;0;0;0;0;0
FR;11;2021-09-10;0;0;0;0;0;0;0;0;0;0;0;0;0;0;0;0;0;0
FR;11;2021-09-11;0;0;0;0;0;0;0;0;0;0;0;0;0;0;0;0;0;0
FR;11;2021-09-12;0;0;0;0;0;0;0;0;0;0;0;0;0;0;0;0;0;0
FR;11;2021-09-13;0;0;0;0;0;0;0;0;0;0;0;0;0;0;0;0;0;0
FR;11;2021-09-14;0;0;0;0;0;0;0;0;0;0;0;0;0;0;0;0;0;0
FR;11;2021-09-15;0;0;0;0;0;0;0;0;0;0;0;0;0;0;0;0;0;0
FR;11;2021-09-16;0;0;0;0;0;0;0;0;0;0;0;0;0;0;0;0;0;0
FR;11;2021-09-17;0;0;0;0;0;0;0;0;0;0;0;0;0;0;0;0;0;0
FR;11;2021-09-18;0;0;0;0;0;0;0;0;0;0;0;0;0;0;0;0;0;0
FR;11;2021-09-19;0;0;0;0;0;0;0;0;0;0;0;0;0;0;0;0;0;0
FR;11;2021-09-20;0;0;0;0;0;0;0;0;0;0;0;0;0;0;0;0;0;0
FR;11;2021-09-21;0;0;0;0;0;0;0;0;0;0;0;0;0;0;0;0;0;0
FR;11;2021-09-22;0;0;0;0;0;0;0;0;0;0;0;0;0;0;0;0;0;0
FR;11;2021-09-23;0;0;0;0;0;0;0;0;0;0;0;0;0;0;0;0;0;0
FR;11;2021-09-24;0;0;0;0;0;0;0;0;0;0;0;0;0;0;0;0;0;0
FR;11;2021-09-25;0;0;0;0;0;0;0;0;0;0;0;0;0;0;0;0;0;0
FR;11;2021-09-26;0;0;0;0;0;0;0;0;0;0;0;0;0;0;0;0;0;0
FR;11;2021-09-27;0;0;0;0;0;0;0;0;0;0;0;0;0;0;0;0;0;0
FR;11;2021-09-28;0;0;0;0;0;0;0;0;0;0;0;0;0;0;0;0;0;0
FR;11;2021-09-29;0;0;0;0;0;0;0;0;0;0;0;0;0;0;0;0;0;0
FR;11;2021-09-30;0;0;0;0;0;0;0;0;0;0;0;0;0;0;0;0;0;0
FR;11;2021-10-01;0;0;0;0;0;0;0;0;0;0;0;0;0;0;0;0;0;0
FR;11;2021-10-02;0;0;0;0;0;0;0;0;0;0;0;0;0;0;0;0;0;0
FR;11;2021-10-03;0;0;0;0;0;0;0;0;0;0;0;0;0;0;0;0;0;0
FR;11;2021-10-04;0;0;0;0;0;0;0;0;0;0;0;0;0;0;0;0;0;0
FR;11;2021-10-05;0;0;0;0;0;0;0;0;0;0;0;0;0;0;0;0;0;0
FR;11;2021-10-06;0;0;0;0;0;0;0;0;0;0;0;0;0;0;0;0;0;0
FR;11;2021-10-07;0;0;0;0;0;0;0;0;0;0;0;0;0;0;0;0;0;0
FR;11;2021-10-08;0;0;0;0;0;0;0;0;0;0;0;0;0;0;0;0;0;0
FR;11;2021-10-09;0;0;0;0;0;0;0;0;0;0;0;0;0;0;0;0;0;0
FR;11;2021-10-10;0;0;0;0;0;0;0;0;0;0;0;0;0;0;0;0;0;0
FR;11;2021-10-11;0;0;0;0;0;0;0;0;0;0;0;0;0;0;0;0;0;0
FR;11;2021-10-12;0;0;0;0;0;0;0;0;0;0;0;0;0;0;0;0;0;0
FR;11;2021-10-13;0;0;0;0;0;0;0;0;0;0;0;0;0;0;0;0;0;0
FR;11;2021-10-14;0;0;0;0;0;0;0;0;0;0;0;0;0;0;0;0;0;0
FR;11;2021-10-15;0;0;0;0;0;0;0;0;0;0;0;0;0;0;0;0;0;0
FR;11;2021-10-16;0;0;0;0;0;0;0;0;0;0;0;0;0;0;0;0;0;0
FR;11;2021-10-17;0;0;0;0;0;0;0;0;0;0;0;0;0;0;0;0;0;0
FR;11;2021-10-18;0;0;0;0;0;0;0;0;0;0;0;0;0;0;0;0;0;0
FR;11;2021-10-19;0;0;0;0;0;0;0;0;0;0;0;0;0;0;0;0;0;0
FR;11;2021-10-20;0;0;0;0;0;0;0;0;0;0;0;0;0;0;0;0;0;0
FR;11;2021-10-21;0;0;0;0;0;0;0;0;0;0;0;0;0;0;0;0;0;0
FR;11;2021-10-22;0;0;0;0;0;0;0;0;0;0;0;0;0;0;0;0;0;0
FR;11;2021-10-23;0;0;0;0;0;0;0;0;0;0;0;0;0;0;0;0;0;0
FR;11;2021-10-24;0;0;0;0;0;0;0;0;0;0;0;0;0;0;0;0;0;0
FR;11;2021-10-25;0;0;0;0;0;0;0;0;0;0;0;0;0;0;0;0;0;0
FR;11;2021-10-26;0;0;0;0;0;0;0;0;0;0;0;0;0;0;0;0;0;0
FR;11;2021-10-27;0;0;0;0;0;0;0;0;0;0;0;0;0;0;0;0;0;0
FR;11;2021-10-28;0;0;0;0;0;0;0;0;0;0;0;0;0;0;0;0;0;0
FR;11;2021-10-29;0;0;0;0;0;0;0;0;0;0;0;0;0;0;0;0;0;0
FR;11;2021-10-30;0;0;0;0;0;0;0;0;0;0;0;0;0;0;0;0;0;0
FR;11;2021-10-31;0;0;0;0;0;0;0;0;0;0;0;0;0;0;0;0;0;0
FR;11;2021-11-01;0;0;0;0;0;0;0;0;0;0;0;0;0;0;0;0;0;0
FR;11;2021-11-02;0;0;0;0;0;0;0;0;0;0;0;0;0;0;0;0;0;0
FR;11;2021-11-03;0;0;0;0;0;0;0;0;0;0;0;0;0;0;0;0;0;0
FR;11;2021-11-04;0;0;0;0;0;0;0;0;0;0;0;0;0;0;0;0;0;0
FR;11;2021-11-05;0;0;0;0;0;0;0;0;0;0;0;0;0;0;0;0;0;0
FR;11;2021-11-06;0;0;0;0;0;0;0;0;0;0;0;0;0;0;0;0;0;0
FR;11;2021-11-07;0;0;0;0;0;0;0;0;0;0;0;0;0;0;0;0;0;0
FR;11;2021-11-08;0;0;0;0;0;0;0;0;0;0;0;0;0;0;0;0;0;0
FR;11;2021-11-09;0;0;0;0;0;0;0;0;0;0;0;0;0;0;0;0;0;0
FR;11;2021-11-10;0;0;0;0;0;0;0;0;0;0;0;0;0;0;0;0;0;0
FR;11;2021-11-11;0;0;0;0;0;0;0;0;0;0;0;0;0;0;0;0;0;0
FR;11;2021-11-12;0;0;0;0;0;0;0;0;0;0;0;0;0;0;0;0;0;0
FR;11;2021-11-13;0;0;0;0;0;0;0;0;0;0;0;0;0;0;0;0;0;0
FR;11;2021-11-14;0;0;0;0;0;0;0;0;0;0;0;0;0;0;0;0;0;0
FR;11;2021-11-15;0;0;0;0;0;0;0;0;0;0;0;0;0;0;0;0;0;0
FR;11;2021-11-16;0;0;0;0;0;0;0;0;0;0;0;0;0;0;0;0;0;0
FR;11;2021-11-17;0;0;0;0;0;0;0;0;0;0;0;0;0;0;0;0;0;0
FR;11;2021-11-18;0;0;0;0;0;0;0;0;0;0;0;0;0;0;0;0;0;0
FR;11;2021-11-19;0;0;0;0;0;0;0;0;0;0;0;0;0;0;0;0;0;0
FR;11;2021-11-20;0;0;0;0;0;0;0;0;0;0;0;0;0;0;0;0;0;0
FR;11;2021-11-21;0;0;0;0;0;0;0;0;0;0;0;0;0;0;0;0;0;0
FR;11;2021-11-22;0;0;0;0;0;0;0;0;0;0;0;0;0;0;0;0;0;0
FR;11;2021-11-23;0;0;0;0;0;0;0;0;0;0;0;0;0;0;0;0;0;0
FR;11;2021-11-24;0;0;0;0;0;0;0;0;0;0;0;0;0;0;0;0;0;0
FR;11;2021-11-25;0;0;0;0;0;0;0;0;0;0;0;0;0;0;0;0;0;0
FR;11;2021-11-26;0;0;0;0;0;0;0;0;0;0;0;0;0;0;0;0;0;0
FR;11;2021-11-27;0;0;0;0;0;0;0;0;0;0;0;0;0;0;0;0;0;0
FR;11;2021-11-28;0;0;0;0;0;0;0;0;0;0;0;0;0;0;0;0;0;0
FR;11;2021-11-29;0;0;0;0;0;0;0;0;0;0;0;0;0;0;0;0;0;0
FR;11;2021-11-30;0;0;0;0;0;0;0;0;0;0;0;0;0;0;0;0;0;0
FR;11;2021-12-01;0;0;0;0;0;0;0;0;0;0;0;0;0;0;0;0;0;0
FR;11;2021-12-02;0;0;0;0;0;0;0;0;0;0;0;0;0;0;0;0;0;0
FR;11;2021-12-03;0;0;0;0;0;0;0;0;0;0;0;0;0;0;0;0;0;0
FR;11;2021-12-04;0;0;0;0;0;0;0;0;0;0;0;0;0;0;0;0;0;0
FR;11;2021-12-05;0;0;0;0;0;0;0;0;0;0;0;0;0;0;0;0;0;0
FR;11;2021-12-06;0;0;0;0;0;0;0;0;0;0;0;0;0;0;0;0;0;0
FR;11;2021-12-07;0;0;0;0;0;0;0;0;0;0;0;0;0;0;0;0;0;0
FR;11;2021-12-08;0;0;0;0;0;0;0;0;0;0;0;0;0;0;0;0;0;0
FR;11;2021-12-09;0;0;0;0;0;0;0;0;0;0;0;0;0;0;0;0;0;0
FR;11;2021-12-10;0;0;0;0;0;0;0;0;0;0;0;0;0;0;0;0;0;0
FR;11;2021-12-11;0;0;0;0;0;0;0;0;0;0;0;0;0;0;0;0;0;0
FR;11;2021-12-12;0;0;0;0;0;0;0;0;0;0;0;0;0;0;0;0;0;0
FR;11;2021-12-13;0;0;0;0;0;0;0;0;0;0;0;0;0;0;0;0;0;0
FR;11;2021-12-14;0;0;0;0;0;0;0;0;0;0;0;0;0;0;0;0;0;0
FR;11;2021-12-15;0;0;0;0;0;0;0;0;0;0;0;0;0;0;0;0;0;0
FR;11;2021-12-16;0;0;0;0;0;0;0;0;0;0;0;0;0;0;0;0;0;0
FR;11;2021-12-17;0;0;0;0;0;0;0;0;0;0;0;0;0;0;0;0;0;0
FR;11;2021-12-18;0;0;0;0;0;0;0;0;0;0;0;0;0;0;0;0;0;0
FR;11;2021-12-19;0;0;0;0;0;0;0;0;0;0;0;0;0;0;0;0;0;0
FR;11;2021-12-20;0;0;0;0;0;0;0;0;0;0;0;0;0;0;0;0;0;0
FR;11;2021-12-21;0;0;0;0;0;0;0;0;0;0;0;0;0;0;0;0;0;0
FR;11;2021-12-22;0;0;0;0;0;0;0;0;0;0;0;0;0;0;0;0;0;0
FR;11;2021-12-23;0;0;0;0;0;0;0;0;0;0;0;0;0;0;0;0;0;0
FR;11;2021-12-24;0;0;0;0;0;0;0;0;0;0;0;0;0;0;0;0;0;0
FR;11;2021-12-25;0;0;0;0;0;0;0;0;0;0;0;0;0;0;0;0;0;0
FR;11;2021-12-26;0;0;0;0;0;0;0;0;0;0;0;0;0;0;0;0;0;0
FR;11;2021-12-27;0;0;0;0;0;0;0;0;0;0;0;0;0;0;0;0;0;0
FR;11;2021-12-28;0;0;0;0;0;0;0;0;0;0;0;0;0;0;0;0;0;0
FR;11;2021-12-29;0;0;0;0;0;0;0;0;0;0;0;0;0;0;0;0;0;0
FR;11;2021-12-30;0;0;0;0;0;0;0;0;0;0;0;0;0;0;0;0;0;0
FR;11;2021-12-31;0;0;0;0;0;0;0;0;0;0;0;0;0;0;0;0;0;0
FR;11;2022-01-01;0;0;0;0;0;0;0;0;0;0;0;0;0;0;0;0;0;0
FR;11;2022-01-02;0;0;0;0;0;0;0;0;0;0;0;0;0;0;0;0;0;0
FR;11;2022-01-03;0;0;0;0;0;0;0;0;0;0;0;0;0;0;0;0;0;0
FR;11;2022-01-04;0;0;0;0;0;0;0;0;0;0;0;0;0;0;0;0;0;0
FR;11;2022-01-05;0;0;0;0;0;0;0;0;0;0;0;0;0;0;0;0;0;0
FR;11;2022-01-06;0;0;0;0;0;0;0;0;0;0;0;0;0;0;0;0;0;0
FR;11;2022-01-07;0;0;0;0;0;0;0;0;0;0;0;0;0;0;0;0;0;0
FR;11;2022-01-08;0;0;0;0;0;0;0;0;0;0;0;0;0;0;0;0;0;0
FR;11;2022-01-09;0;0;0;0;0;0;0;0;0;0;0;0;0;0;0;0;0;0
FR;11;2022-01-10;0;0;0;0;0;0;0;0;0;0;0;0;0;0;0;0;0;0
FR;11;2022-01-11;0;0;0;0;0;0;0;0;0;0;0;0;0;0;0;0;0;0
FR;11;2022-01-12;0;0;0;0;0;0;0;0;0;0;0;0;0;0;0;0;0;0
FR;11;2022-01-13;0;0;0;0;0;0;0;0;0;0;0;0;0;0;0;0;0;0
FR;11;2022-01-14;0;0;0;0;0;0;0;0;0;0;0;0;0;0;0;0;0;0
FR;11;2022-01-15;0;0;0;0;0;0;0;0;0;0;0;0;0;0;0;0;0;0
FR;11;2022-01-16;0;0;0;0;0;0;0;0;0;0;0;0;0;0;0;0;0;0
FR;11;2022-01-17;0;0;0;0;0;0;0;0;0;0;0;0;0;0;0;0;0;0
FR;11;2022-01-18;0;0;0;0;0;0;0;0;0;0;0;0;0;0;0;0;0;0
FR;11;2022-01-19;0;0;0;0;0;0;0;0;0;0;0;0;0;0;0;0;0;0
FR;11;2022-01-20;0;0;0;0;0;0;0;0;0;0;0;0;0;0;0;0;0;0
FR;11;2022-01-21;0;0;0;0;0;0;0;0;0;0;0;0;0;0;0;0;0;0
FR;11;2022-01-22;0;0;0;0;0;0;0;0;0;0;0;0;0;0;0;0;0;0
FR;11;2022-01-23;0;0;0;0;0;0;0;0;0;0;0;0;0;0;0;0;0;0
FR;11;2022-01-24;0;0;0;0;0;0;0;0;0;0;0;0;0;0;0;0;0;0
FR;11;2022-01-25;0;0;0;0;0;0;0;0;0;0;0;0;0;0;0;0;0;0
FR;11;2022-01-26;0;0;0;0;0;0;0;0;0;0;0;0;0;0;0;0;0;0
FR;11;2022-01-27;0;0;0;0;0;0;0;0;0;0;0;0;0;0;0;0;0;0
FR;11;2022-01-28;0;0;0;0;0;0;0;0;0;0;0;0;0;0;0;0;0;0
FR;11;2022-01-29;0;0;0;0;0;0;0;0;0;0;0;0;0;0;0;0;0;0
FR;11;2022-01-30;0;0;0;0;0;0;0;0;0;0;0;0;0;0;0;0;0;0
FR;11;2022-01-31;0;0;0;0;0;0;0;0;0;0;0;0;0;0;0;0;0;0
FR;11;2022-02-01;0;0;0;0;0;0;0;0;0;0;0;0;0;0;0;0;0;0
FR;11;2022-02-02;0;0;0;0;0;0;0;0;0;0;0;0;0;0;0;0;0;0
FR;11;2022-02-03;0;0;0;0;0;0;0;0;0;0;0;0;0;0;0;0;0;0
FR;11;2022-02-04;0;0;0;0;0;0;0;0;0;0;0;0;0;0;0;0;0;0
FR;11;2022-02-05;0;0;0;0;0;0;0;0;0;0;0;0;0;0;0;0;0;0
FR;11;2022-02-06;0;0;0;0;0;0;0;0;0;0;0;0;0;0;0;0;0;0
FR;11;2022-02-07;0;0;0;0;0;0;0;0;0;0;0;0;0;0;0;0;0;0
FR;11;2022-02-08;0;0;0;0;0;0;0;0;0;0;0;0;0;0;0;0;0;0
FR;11;2022-02-09;0;0;0;0;0;0;0;0;0;0;0;0;0;0;0;0;0;0
FR;11;2022-02-10;0;0;0;0;0;0;0;0;0;0;0;0;0;0;0;0;0;0
FR;11;2022-02-11;0;0;0;0;0;0;0;0;0;0;0;0;0;0;0;0;0;0
FR;11;2022-02-12;0;0;0;0;0;0;0;0;0;0;0;0;0;0;0;0;0;0
FR;11;2022-02-13;0;0;0;0;0;0;0;0;0;0;0;0;0;0;0;0;0;0
FR;11;2022-02-14;0;0;0;0;0;0;0;0;0;0;0;0;0;0;0;0;0;0
FR;11;2022-02-15;0;0;0;0;0;0;0;0;0;0;0;0;0;0;0;0;0;0
FR;11;2022-02-16;0;0;0;0;0;0;0;0;0;0;0;0;0;0;0;0;0;0
FR;11;2022-02-17;0;0;0;0;0;0;0;0;0;0;0;0;0;0;0;0;0;0
FR;11;2022-02-18;0;0;0;0;0;0;0;0;0;0;0;0;0;0;0;0;0;0
FR;11;2022-02-19;0;0;0;0;0;0;0;0;0;0;0;0;0;0;0;0;0;0
FR;11;2022-02-20;0;0;0;0;0;0;0;0;0;0;0;0;0;0;0;0;0;0
FR;11;2022-02-21;0;0;0;0;0;0;0;0;0;0;0;0;0;0;0;0;0;0
FR;11;2022-02-22;0;0;0;0;0;0;0;0;0;0;0;0;0;0;0;0;0;0
FR;11;2022-02-23;0;0;0;0;0;0;0;0;0;0;0;0;0;0;0;0;0;0
FR;11;2022-02-24;0;0;0;0;0;0;0;0;0;0;0;0;0;0;0;0;0;0
FR;11;2022-02-25;0;0;0;0;0;0;0;0;0;0;0;0;0;0;0;0;0;0
FR;11;2022-02-26;0;0;0;0;0;0;0;0;0;0;0;0;0;0;0;0;0;0
FR;11;2022-02-27;0;0;0;0;0;0;0;0;0;0;0;0;0;0;0;0;0;0
FR;11;2022-02-28;0;0;0;0;0;0;0;0;0;0;0;0;0;0;0;0;0;0
FR;11;2022-03-01;0;0;0;0;0;0;0;0;0;0;0;0;0;0;0;0;0;0
FR;11;2022-03-02;0;0;0;0;0;0;0;0;0;0;0;0;0;0;0;0;0;0
FR;11;2022-03-03;0;0;0;0;0;0;0;0;0;0;0;0;0;0;0;0;0;0
FR;11;2022-03-04;0;0;0;0;0;0;0;0;0;0;0;0;0;0;0;0;0;0
FR;11;2022-03-05;0;0;0;0;0;0;0;0;0;0;0;0;0;0;0;0;0;0
FR;11;2022-03-06;0;0;0;0;0;0;0;0;0;0;0;0;0;0;0;0;0;0
FR;11;2022-03-07;0;0;0;0;0;0;0;0;0;0;0;0;0;0;0;0;0;0
FR;11;2022-03-08;0;0;0;0;0;0;0;0;0;0;0;0;0;0;0;0;0;0
FR;11;2022-03-09;0;0;0;0;0;0;0;0;0;0;0;0;0;0;0;0;0;0
FR;11;2022-03-10;0;0;0;0;0;0;0;0;0;0;0;0;0;0;0;0;0;0
FR;11;2022-03-11;0;0;0;0;0;0;0;0;0;0;0;0;0;0;0;0;0;0
FR;11;2022-03-12;0;0;0;0;0;0;0;0;0;0;0;0;0;0;0;0;0;0
FR;11;2022-03-13;0;0;0;0;0;0;0;0;0;0;0;0;0;0;0;0;0;0
FR;11;2022-03-14;0;0;0;0;0;0;0;0;0;0;0;0;0;0;0;0;0;0
FR;11;2022-03-15;0;0;0;0;0;0;0;0;0;0;0;0;0;0;0;0;0;0
FR;11;2022-03-16;0;0;0;0;0;0;0;0;0;0;0;0;0;0;0;0;0;0
FR;11;2022-03-17;0;0;0;0;0;0;0;0;0;0;0;0;0;0;0;0;0;0
FR;11;2022-03-18;0;0;0;0;0;0;0;0;0;0;0;0;0;0;0;0;0;0
FR;11;2022-03-19;0;0;0;0;0;0;0;0;0;0;0;0;0;0;0;0;0;0
FR;11;2022-03-20;0;0;0;0;0;0;0;0;0;0;0;0;0;0;0;0;0;0
FR;11;2022-03-21;0;0;0;0;0;0;0;0;0;0;0;0;0;0;0;0;0;0
FR;11;2022-03-22;0;0;0;0;0;0;0;0;0;0;0;0;0;0;0;0;0;0
FR;11;2022-03-23;0;0;0;0;0;0;0;0;0;0;0;0;0;0;0;0;0;0
FR;11;2022-03-24;0;0;0;0;0;0;0;0;0;0;0;0;0;0;0;0;0;0
FR;11;2022-03-25;0;0;0;0;0;0;0;0;0;0;0;0;0;0;0;0;0;0
FR;11;2022-03-26;0;0;0;0;0;0;0;0;0;0;0;0;0;0;0;0;0;0
FR;11;2022-03-27;0;0;0;0;0;0;0;0;0;0;0;0;0;0;0;0;0;0
FR;11;2022-03-28;0;0;0;0;0;0;0;0;0;0;0;0;0;0;0;0;0;0
FR;11;2022-03-29;0;0;0;0;0;0;0;0;0;0;0;0;0;0;0;0;0;0
FR;11;2022-03-30;0;0;0;0;0;0;0;0;0;0;0;0;0;0;0;0;0;0
FR;11;2022-03-31;0;0;0;0;0;0;0;0;0;0;0;0;0;0;0;0;0;0
FR;11;2022-04-01;0;0;0;0;0;0;0;0;0;0;0;0;0;0;0;0;0;0
FR;11;2022-04-02;0;0;0;0;0;0;0;0;0;0;0;0;0;0;0;0;0;0
FR;11;2022-04-03;0;0;0;0;0;0;0;0;0;0;0;0;0;0;0;0;0;0
FR;11;2022-04-04;0;0;0;0;0;0;0;0;0;0;0;0;0;0;0;0;0;0
FR;11;2022-04-05;0;0;0;0;0;0;0;0;0;0;0;0;0;0;0;0;0;0
FR;11;2022-04-06;0;0;0;0;0;0;0;0;0;0;0;0;0;0;0;0;0;0
FR;11;2022-04-07;0;0;0;0;0;0;0;0;0;0;0;0;0;0;0;0;0;0
FR;11;2022-04-08;0;0;0;0;0;0;0;0;0;0;0;0;0;0;0;0;0;0
FR;11;2022-04-09;0;0;0;0;0;0;0;0;0;0;0;0;0;0;0;0;0;0
FR;11;2022-04-10;0;0;0;0;0;0;0;0;0;0;0;0;0;0;0;0;0;0
FR;11;2022-04-11;0;0;0;0;0;0;0;0;0;0;0;0;0;0;0;0;0;0
FR;11;2022-04-12;0;0;0;0;0;0;0;0;0;0;0;0;0;0;0;0;0;0
FR;11;2022-04-13;0;0;0;0;0;0;0;0;0;0;0;0;0;0;0;0;0;0
FR;11;2022-04-14;0;0;0;0;0;0;0;0;0;0;0;0;0;0;0;0;0;0
FR;11;2022-04-15;0;0;0;0;0;0;0;0;0;0;0;0;0;0;0;0;0;0
FR;11;2022-04-16;0;0;0;0;0;0;0;0;0;0;0;0;0;0;0;0;0;0
FR;11;2022-04-17;0;0;0;0;0;0;0;0;0;0;0;0;0;0;0;0;0;0
FR;11;2022-04-18;0;0;0;0;0;0;0;0;0;0;0;0;0;0;0;0;0;0
FR;11;2022-04-19;0;0;0;0;0;0;0;0;0;0;0;0;0;0;0;0;0;0
FR;11;2022-04-20;0;0;0;0;0;0;0;0;0;0;0;0;0;0;0;0;0;0
FR;11;2022-04-21;0;0;0;0;0;0;0;0;0;0;0;0;0;0;0;0;0;0
FR;11;2022-04-22;0;0;0;0;0;0;0;0;0;0;0;0;0;0;0;0;0;0
FR;11;2022-04-23;0;0;0;0;0;0;0;0;0;0;0;0;0;0;0;0;0;0
FR;11;2022-04-24;0;0;0;0;0;0;0;0;0;0;0;0;0;0;0;0;0;0
FR;11;2022-04-25;0;0;0;0;0;0;0;0;0;0;0;0;0;0;0;0;0;0
FR;11;2022-04-26;0;0;0;0;0;0;0;0;0;0;0;0;0;0;0;0;0;0
FR;11;2022-04-27;0;0;0;0;0;0;0;0;0;0;0;0;0;0;0;0;0;0
FR;11;2022-04-28;0;0;0;0;0;0;0;0;0;0;0;0;0;0;0;0;0;0
FR;11;2022-04-29;0;0;0;0;0;0;0;0;0;0;0;0;0;0;0;0;0;0
FR;11;2022-04-30;0;0;0;0;0;0;0;0;0;0;0;0;0;0;0;0;0;0
FR;11;2022-05-01;0;0;0;0;0;0;0;0;0;0;0;0;0;0;0;0;0;0
FR;11;2022-05-02;0;0;0;0;0;0;0;0;0;0;0;0;0;0;0;0;0;0
FR;11;2022-05-03;0;0;0;0;0;0;0;0;0;0;0;0;0;0;0;0;0;0
FR;11;2022-05-04;0;0;0;0;0;0;0;0;0;0;0;0;0;0;0;0;0;0
FR;11;2022-05-05;0;0;0;0;0;0;0;0;0;0;0;0;0;0;0;0;0;0
FR;11;2022-05-06;0;0;0;0;0;0;0;0;0;0;0;0;0;0;0;0;0;0
FR;11;2022-05-07;0;0;0;0;0;0;0;0;0;0;0;0;0;0;0;0;0;0
FR;11;2022-05-08;0;0;0;0;0;0;0;0;0;0;0;0;0;0;0;0;0;0
FR;11;2022-05-09;0;0;0;0;0;0;0;0;0;0;0;0;0;0;0;0;0;0
FR;11;2022-05-10;0;0;0;0;0;0;0;0;0;0;0;0;0;0;0;0;0;0
FR;11;2022-05-11;0;0;0;0;0;0;0;0;0;0;0;0;0;0;0;0;0;0
FR;11;2022-05-12;0;0;0;0;0;0;0;0;0;0;0;0;0;0;0;0;0;0
FR;11;2022-05-13;0;0;0;0;0;0;0;0;0;0;0;0;0;0;0;0;0;0
FR;11;2022-05-14;0;0;0;0;0;0;0;0;0;0;0;0;0;0;0;0;0;0
FR;11;2022-05-15;0;0;0;0;0;0;0;0;0;0;0;0;0;0;0;0;0;0
FR;11;2022-05-16;0;0;0;0;0;0;0;0;0;0;0;0;0;0;0;0;0;0
FR;11;2022-05-17;0;0;0;0;0;0;0;0;0;0;0;0;0;0;0;0;0;0
FR;11;2022-05-18;0;0;0;0;0;0;0;0;0;0;0;0;0;0;0;0;0;0
FR;11;2022-05-19;0;0;0;0;0;0;0;0;0;0;0;0;0;0;0;0;0;0
FR;11;2022-05-20;0;0;0;0;0;0;0;0;0;0;0;0;0;0;0;0;0;0
FR;11;2022-05-21;0;0;0;0;0;0;0;0;0;0;0;0;0;0;0;0;0;0
FR;11;2022-05-22;0;0;0;0;0;0;0;0;0;0;0;0;0;0;0;0;0;0
FR;11;2022-05-23;0;0;0;0;0;0;0;0;0;0;0;0;0;0;0;0;0;0
FR;11;2022-05-24;0;0;0;0;0;0;0;0;0;0;0;0;0;0;0;0;0;0
FR;11;2022-05-25;0;0;0;0;0;0;0;0;0;0;0;0;0;0;0;0;0;0
FR;11;2022-05-26;0;0;0;0;0;0;0;0;0;0;0;0;0;0;0;0;0;0
FR;11;2022-05-27;0;0;0;0;0;0;0;0;0;0;0;0;0;0;0;0;0;0
FR;11;2022-05-28;0;0;0;0;0;0;0;0;0;0;0;0;0;0;0;0;0;0
FR;11;2022-05-29;0;0;0;0;0;0;0;0;0;0;0;0;0;0;0;0;0;0
FR;11;2022-05-30;0;0;0;0;0;0;0;0;0;0;0;0;0;0;0;0;0;0
FR;11;2022-05-31;0;0;0;0;0;0;0;0;0;0;0;0;0;0;0;0;0;0
FR;11;2022-06-01;0;0;0;0;0;0;0;0;0;0;0;0;0;0;0;0;0;0
FR;11;2022-06-02;0;0;0;0;0;0;0;0;0;0;0;0;0;0;0;0;0;0
FR;11;2022-06-03;0;0;0;0;0;0;0;0;0;0;0;0;0;0;0;0;0;0
FR;11;2022-06-04;0;0;0;0;0;0;0;0;0;0;0;0;0;0;0;0;0;0
FR;11;2022-06-05;0;0;0;0;0;0;0;0;0;0;0;0;0;0;0;0;0;0
FR;11;2022-06-06;0;0;0;0;0;0;0;0;0;0;0;0;0;0;0;0;0;0
FR;11;2022-06-07;0;0;0;0;0;0;0;0;0;0;0;0;0;0;0;0;0;0
FR;11;2022-06-08;0;0;0;0;0;0;0;0;0;0;0;0;0;0;0;0;0;0
FR;11;2022-06-09;0;0;0;0;0;0;0;0;0;0;0;0;0;0;0;0;0;0
FR;11;2022-06-10;0;0;0;0;0;0;0;0;0;0;0;0;0;0;0;0;0;0
FR;11;2022-06-11;0;0;0;0;0;0;0;0;0;0;0;0;0;0;0;0;0;0
FR;11;2022-06-12;0;0;0;0;0;0;0;0;0;0;0;0;0;0;0;0;0;0
FR;11;2022-06-13;0;0;0;0;0;0;0;0;0;0;0;0;0;0;0;0;0;0
FR;11;2022-06-14;0;0;0;0;0;0;0;0;0;0;0;0;0;0;0;0;0;0
FR;11;2022-06-15;0;0;0;0;0;0;0;0;0;0;0;0;0;0;0;0;0;0
FR;11;2022-06-16;0;0;0;0;0;0;0;0;0;0;0;0;0;0;0;0;0;0
FR;11;2022-06-17;0;0;0;0;0;0;0;0;0;0;0;0;0;0;0;0;0;0
FR;11;2022-06-18;0;0;0;0;0;0;0;0;0;0;0;0;0;0;0;0;0;0
FR;11;2022-06-19;0;0;0;0;0;0;0;0;0;0;0;0;0;0;0;0;0;0
FR;11;2022-06-20;0;0;0;0;0;0;0;0;0;0;0;0;0;0;0;0;0;0
FR;11;2022-06-21;0;0;0;0;0;0;0;0;0;0;0;0;0;0;0;0;0;0
FR;11;2022-06-22;0;0;0;0;0;0;0;0;0;0;0;0;0;0;0;0;0;0
FR;11;2022-06-23;0;0;0;0;0;0;0;0;0;0;0;0;0;0;0;0;0;0
FR;11;2022-06-24;0;0;0;0;0;0;0;0;0;0;0;0;0;0;0;0;0;0
FR;11;2022-06-25;0;0;0;0;0;0;0;0;0;0;0;0;0;0;0;0;0;0
FR;11;2022-06-26;0;0;0;0;0;0;0;0;0;0;0;0;0;0;0;0;0;0
FR;11;2022-06-27;0;0;0;0;0;0;0;0;0;0;0;0;0;0;0;0;0;0
FR;11;2022-06-28;0;0;0;0;0;0;0;0;0;0;0;0;0;0;0;0;0;0
FR;11;2022-06-29;0;0;0;0;0;0;0;0;0;0;0;0;0;0;0;0;0;0
FR;11;2022-06-30;0;0;0;0;0;0;0;0;0;0;0;0;0;0;0;0;0;0
FR;11;2022-07-01;0;0;0;0;0;0;0;0;0;0;0;0;0;0;0;0;0;0
FR;11;2022-07-02;0;0;0;0;0;0;0;0;0;0;0;0;0;0;0;0;0;0
FR;11;2022-07-03;0;0;0;0;0;0;0;0;0;0;0;0;0;0;0;0;0;0
FR;11;2022-07-04;0;0;0;0;0;0;0;0;0;0;0;0;0;0;0;0;0;0
FR;11;2022-07-05;0;0;0;0;0;0;0;0;0;0;0;0;0;0;0;0;0;0
FR;11;2022-07-06;0;0;0;0;0;0;0;0;0;0;0;0;0;0;0;0;0;0
FR;11;2022-07-07;0;0;0;0;0;0;0;0;0;0;0;0;0;0;0;0;0;0
FR;11;2022-07-08;0;0;0;0;0;0;0;0;0;0;0;0;0;0;0;0;0;0
FR;11;2022-07-09;0;0;0;0;0;0;0;0;0;0;0;0;0;0;0;0;0;0
FR;11;2022-07-10;0;0;0;0;0;0;0;0;0;0;0;0;0;0;0;0;0;0
FR;11;2022-07-11;0;0;0;0;0;0;0;0;0;0;0;0;0;0;0;0;0;0
FR;11;2022-07-12;0;0;0;0;0;0;0;0;0;0;0;0;0;0;0;0;0;0
FR;11;2022-07-13;0;0;0;0;0;0;0;0;0;0;0;0;0;0;0;0;0;0
FR;11;2022-07-14;0;0;0;0;0;0;0;0;0;0;0;0;0;0;0;0;0;0
FR;11;2022-07-15;0;0;0;0;0;0;0;0;0;0;0;0;0;0;0;0;0;0
FR;11;2022-07-16;0;0;0;0;0;0;0;0;0;0;0;0;0;0;0;0;0;0
FR;11;2022-07-17;0;0;0;0;0;0;0;0;0;0;0;0;0;0;0;0;0;0
FR;11;2022-07-18;0;0;0;0;0;0;0;0;0;0;0;0;0;0;0;0;0;0
FR;11;2022-07-19;0;0;0;0;0;0;0;0;0;0;0;0;0;0;0;0;0;0
FR;11;2022-07-20;0;0;0;0;0;0;0;0;0;0;0;0;0;0;0;0;0;0
FR;11;2022-07-21;0;0;0;0;0;0;0;0;0;0;0;0;0;0;0;0;0;0
FR;11;2022-07-22;0;0;0;0;0;0;0;0;0;0;0;0;0;0;0;0;0;0
FR;11;2022-07-23;0;0;0;0;0;0;0;0;0;0;0;0;0;0;0;0;0;0
FR;11;2022-07-24;0;0;0;0;0;0;0;0;0;0;0;0;0;0;0;0;0;0
FR;11;2022-07-25;0;0;0;0;0;0;0;0;0;0;0;0;0;0;0;0;0;0
FR;11;2022-07-26;0;0;0;0;0;0;0;0;0;0;0;0;0;0;0;0;0;0
FR;11;2022-07-27;0;0;0;0;0;0;0;0;0;0;0;0;0;0;0;0;0;0
FR;11;2022-07-28;0;0;0;0;0;0;0;0;0;0;0;0;0;0;0;0;0;0
FR;11;2022-07-29;0;0;0;0;0;0;0;0;0;0;0;0;0;0;0;0;0;0
FR;11;2022-07-30;0;0;0;0;0;0;0;0;0;0;0;0;0;0;0;0;0;0
FR;11;2022-07-31;0;0;0;0;0;0;0;0;0;0;0;0;0;0;0;0;0;0
FR;11;2022-08-01;0;0;0;0;0;0;0;0;0;0;0;0;0;0;0;0;0;0
FR;11;2022-08-02;0;0;0;0;0;0;0;0;0;0;0;0;0;0;0;0;0;0
FR;11;2022-08-03;0;0;0;0;0;0;0;0;0;0;0;0;0;0;0;0;0;0
FR;11;2022-08-04;0;0;0;0;0;0;0;0;0;0;0;0;0;0;0;0;0;0
FR;11;2022-08-05;0;0;0;0;0;0;0;0;0;0;0;0;0;0;0;0;0;0
FR;11;2022-08-06;0;0;0;0;0;0;0;0;0;0;0;0;0;0;0;0;0;0
FR;11;2022-08-07;0;0;0;0;0;0;0;0;0;0;0;0;0;0;0;0;0;0
FR;11;2022-08-08;0;0;0;0;0;0;0;0;0;0;0;0;0;0;0;0;0;0
FR;11;2022-08-09;0;0;0;0;0;0;0;0;0;0;0;0;0;0;0;0;0;0
FR;11;2022-08-10;0;0;0;0;0;0;0;0;0;0;0;0;0;0;0;0;0;0
FR;11;2022-08-11;0;0;0;0;0;0;0;0;0;0;0;0;0;0;0;0;0;0
FR;11;2022-08-12;0;0;0;0;0;0;0;0;0;0;0;0;0;0;0;0;0;0
FR;11;2022-08-13;0;0;0;0;0;0;0;0;0;0;0;0;0;0;0;0;0;0
FR;11;2022-08-14;0;0;0;0;0;0;0;0;0;0;0;0;0;0;0;0;0;0
FR;11;2022-08-15;0;0;0;0;0;0;0;0;0;0;0;0;0;0;0;0;0;0
FR;11;2022-08-16;0;0;0;0;0;0;0;0;0;0;0;0;0;0;0;0;0;0
FR;11;2022-08-17;0;0;0;0;0;0;0;0;0;0;0;0;0;0;0;0;0;0
FR;11;2022-08-18;0;0;0;0;0;0;0;0;0;0;0;0;0;0;0;0;0;0
FR;11;2022-08-19;0;0;0;0;0;0;0;0;0;0;0;0;0;0;0;0;0;0
FR;11;2022-08-20;0;0;0;0;0;0;0;0;0;0;0;0;0;0;0;0;0;0
FR;11;2022-08-21;0;0;0;0;0;0;0;0;0;0;0;0;0;0;0;0;0;0
FR;11;2022-08-22;0;0;0;0;0;0;0;0;0;0;0;0;0;0;0;0;0;0
FR;11;2022-08-23;0;0;0;0;0;0;0;0;0;0;0;0;0;0;0;0;0;0
FR;11;2022-08-24;0;0;0;0;0;0;0;0;0;0;0;0;0;0;0;0;0;0
FR;11;2022-08-25;0;0;0;0;0;0;0;0;0;0;0;0;0;0;0;0;0;0
FR;11;2022-08-26;0;0;0;0;0;0;0;0;0;0;0;0;0;0;0;0;0;0
FR;11;2022-08-27;0;0;0;0;0;0;0;0;0;0;0;0;0;0;0;0;0;0
FR;11;2022-08-28;0;0;0;0;0;0;0;0;0;0;0;0;0;0;0;0;0;0
FR;11;2022-08-29;0;0;0;0;0;0;0;0;0;0;0;0;0;0;0;0;0;0
FR;11;2022-08-30;0;0;0;0;0;0;0;0;0;0;0;0;0;0;0;0;0;0
FR;11;2022-08-31;0;0;0;0;0;0;0;0;0;0;0;0;0;0;0;0;0;0
FR;11;2022-09-01;0;0;0;0;0;0;0;0;0;0;0;0;0;0;0;0;0;0
FR;11;2022-09-02;0;0;0;0;0;0;0;0;0;0;0;0;0;0;0;0;0;0
FR;11;2022-09-03;0;0;0;0;0;0;0;0;0;0;0;0;0;0;0;0;0;0
FR;11;2022-09-04;0;0;0;0;0;0;0;0;0;0;0;0;0;0;0;0;0;0
FR;11;2022-09-05;0;0;0;0;0;0;0;0;0;0;0;0;0;0;0;0;0;0
FR;11;2022-09-06;0;0;0;0;0;0;0;0;0;0;0;0;0;0;0;0;0;0
FR;11;2022-09-07;0;0;0;0;0;0;0;0;0;0;0;0;0;0;0;0;0;0
FR;11;2022-09-08;0;0;0;0;0;0;0;0;0;0;0;0;0;0;0;0;0;0
FR;11;2022-09-09;0;0;0;0;0;0;0;0;0;0;0;0;0;0;0;0;0;0
FR;11;2022-09-10;0;0;0;0;0;0;0;0;0;0;0;0;0;0;0;0;0;0
FR;11;2022-09-11;0;0;0;0;0;0;0;0;0;0;0;0;0;0;0;0;0;0
FR;11;2022-09-12;0;0;0;0;0;0;0;0;0;0;0;0;0;0;0;0;0;0
FR;11;2022-09-13;0;0;0;0;0;0;0;0;0;0;0;0;0;0;0;0;0;0
FR;11;2022-09-14;0;0;0;0;0;0;0;0;0;0;0;0;0;0;0;0;0;0
FR;11;2022-09-15;0;0;0;0;0;0;0;0;0;0;0;0;0;0;0;0;0;0
FR;11;2022-09-16;0;0;0;0;0;0;0;0;0;0;0;0;0;0;0;0;0;0
FR;11;2022-09-17;0;0;0;0;0;0;0;0;0;0;0;0;0;0;0;0;0;0
FR;11;2022-09-18;0;0;0;0;0;0;0;0;0;0;0;0;0;0;0;0;0;0
FR;11;2022-09-19;0;0;0;0;0;0;0;0;0;0;0;0;0;0;0;0;0;0
FR;11;2022-09-20;0;0;0;0;0;0;0;0;0;0;0;0;0;0;0;0;0;0
FR;11;2022-09-21;0;0;0;0;0;0;0;0;0;0;0;0;0;0;0;0;0;0
FR;11;2022-09-22;0;0;0;0;0;0;0;0;0;0;0;0;0;0;0;0;0;0
FR;11;2022-09-23;0;0;0;0;0;0;0;0;0;0;0;0;0;0;0;0;0;0
FR;11;2022-09-24;0;0;0;0;0;0;0;0;0;0;0;0;0;0;0;0;0;0
FR;11;2022-09-25;0;0;0;0;0;0;0;0;0;0;0;0;0;0;0;0;0;0
FR;11;2022-09-26;0;0;0;0;0;0;0;0;0;0;0;0;0;0;0;0;0;0
FR;11;2022-09-27;0;0;0;0;0;0;0;0;0;0;0;0;0;0;0;0;0;0
FR;11;2022-09-28;0;0;0;0;0;0;0;0;0;0;0;0;0;0;0;0;0;0
FR;11;2022-09-29;0;0;0;0;0;0;0;0;0;0;0;0;0;0;0;0;0;0
FR;11;2022-09-30;0;0;0;0;0;0;0;0;0;0;0;0;0;0;0;0;0;0
FR;11;2022-10-01;0;0;0;0;0;0;0;0;0;0;0;0;0;0;0;0;0;0
FR;11;2022-10-02;0;0;0;0;0;0;0;0;0;0;0;0;0;0;0;0;0;0
FR;11;2022-10-03;0;0;0;0;0;0;0;0;0;0;0;0;0;0;0;0;0;0
FR;11;2022-10-04;0;0;0;0;0;0;0;0;0;0;0;0;0;0;0;0;0;0
FR;11;2022-10-05;0;0;0;0;0;0;0;0;0;0;0;0;0;0;0;0;0;0
FR;11;2022-10-06;0;0;0;0;0;0;0;0;0;0;0;0;0;0;0;0;0;0
FR;11;2022-10-07;0;0;0;0;0;0;0;0;0;0;0;0;0;0;0;0;0;0
FR;11;2022-10-08;0;0;0;0;0;0;0;0;0;0;0;0;0;0;0;0;0;0
FR;11;2022-10-09;0;0;0;0;0;0;0;0;0;0;0;0;0;0;0;0;0;0
FR;11;2022-10-10;0;0;0;0;0;0;0;0;0;0;0;0;0;0;0;0;0;0
FR;11;2022-10-11;0;0;0;0;0;0;0;0;0;0;0;0;0;0;0;0;0;0
FR;11;2022-10-12;0;0;0;0;0;0;0;0;0;0;0;0;0;0;0;0;0;0
FR;11;2022-10-13;0;0;0;0;0;0;0;0;0;0;0;0;0;0;0;0;0;0
FR;11;2022-10-14;0;0;0;0;0;0;0;0;0;0;0;0;0;0;0;0;0;0
FR;11;2022-10-15;0;0;0;0;0;0;0;0;0;0;0;0;0;0;0;0;0;0
FR;11;2022-10-16;0;0;0;0;0;0;0;0;0;0;0;0;0;0;0;0;0;0
FR;11;2022-10-17;0;0;0;0;0;0;0;0;0;0;0;0;0;0;0;0;0;0
FR;11;2022-10-18;0;0;0;0;0;0;0;0;0;0;0;0;0;0;0;0;0;0
FR;11;2022-10-19;0;0;0;0;0;0;0;0;0;0;0;0;0;0;0;0;0;0
FR;11;2022-10-20;0;0;0;0;0;0;0;0;0;0;0;0;0;0;0;0;0;0
FR;11;2022-10-21;0;0;0;0;0;0;0;0;0;0;0;0;0;0;0;0;0;0
FR;11;2022-10-22;0;0;0;0;0;0;0;0;0;0;0;0;0;0;0;0;0;0
FR;11;2022-10-23;0;0;0;0;0;0;0;0;0;0;0;0;0;0;0;0;0;0
FR;11;2022-10-24;0;0;0;0;0;0;0;0;0;0;0;0;0;0;0;0;0;0
FR;11;2022-10-25;0;0;0;0;0;0;0;0;0;0;0;0;0;0;0;0;0;0
FR;11;2022-10-26;0;0;0;0;0;0;0;0;0;0;0;0;0;0;0;0;0;0
FR;11;2022-10-27;0;0;0;0;0;0;0;0;0;0;0;0;0;0;0;0;0;0
FR;11;2022-10-28;0;0;0;0;0;0;0;0;0;0;0;0;0;0;0;0;0;0
FR;11;2022-10-29;0;0;0;0;0;0;0;0;0;0;0;0;0;0;0;0;0;0
FR;11;2022-10-30;0;0;0;0;0;0;0;0;0;0;0;0;0;0;0;0;0;0
FR;11;2022-10-31;0;0;0;0;0;0;0;0;0;0;0;0;0;0;0;0;0;0
FR;11;2022-11-01;0;0;0;0;0;0;0;0;0;0;0;0;0;0;0;0;0;0
FR;11;2022-11-02;0;0;0;0;0;0;0;0;0;0;0;0;0;0;0;0;0;0
FR;11;2022-11-03;0;0;0;0;0;0;0;0;0;0;0;0;0;0;0;0;0;0
FR;11;2022-11-04;0;0;0;0;0;0;0;0;0;0;0;0;0;0;0;0;0;0
FR;11;2022-11-05;0;0;0;0;0;0;0;0;0;0;0;0;0;0;0;0;0;0
FR;11;2022-11-06;0;0;0;0;0;0;0;0;0;0;0;0;0;0;0;0;0;0
FR;11;2022-11-07;0;0;0;0;0;0;0;0;0;0;0;0;0;0;0;0;0;0
FR;11;2022-11-08;0;0;0;0;0;0;0;0;0;0;0;0;0;0;0;0;0;0
FR;11;2022-11-09;0;0;0;0;0;0;0;0;0;0;0;0;0;0;0;0;0;0
FR;11;2022-11-10;0;0;0;0;0;0;0;0;0;0;0;0;0;0;0;0;0;0
FR;11;2022-11-11;0;0;0;0;0;0;0;0;0;0;0;0;0;0;0;0;0;0
FR;11;2022-11-12;0;0;0;0;0;0;0;0;0;0;0;0;0;0;0;0;0;0
FR;11;2022-11-13;0;0;0;0;0;0;0;0;0;0;0;0;0;0;0;0;0;0
FR;11;2022-11-14;0;0;0;0;0;0;0;0;0;0;0;0;0;0;0;0;0;0
FR;11;2022-11-15;0;0;0;0;0;0;0;0;0;0;0;0;0;0;0;0;0;0
FR;11;2022-11-16;0;0;0;0;0;0;0;0;0;0;0;0;0;0;0;0;0;0
FR;11;2022-11-17;0;0;0;0;0;0;0;0;0;0;0;0;0;0;0;0;0;0
FR;11;2022-11-18;0;0;0;0;0;0;0;0;0;0;0;0;0;0;0;0;0;0
FR;11;2022-11-19;0;0;0;0;0;0;0;0;0;0;0;0;0;0;0;0;0;0
FR;11;2022-11-20;0;0;0;0;0;0;0;0;0;0;0;0;0;0;0;0;0;0
FR;11;2022-11-21;0;0;0;0;0;0;0;0;0;0;0;0;0;0;0;0;0;0
FR;11;2022-11-22;0;0;0;0;0;0;0;0;0;0;0;0;0;0;0;0;0;0
FR;11;2022-11-23;0;0;0;0;0;0;0;0;0;0;0;0;0;0;0;0;0;0
FR;11;2022-11-24;0;0;0;0;0;0;0;0;0;0;0;0;0;0;0;0;0;0
FR;11;2022-11-25;0;0;0;0;0;0;0;0;0;0;0;0;0;0;0;0;0;0
FR;11;2022-11-26;0;0;0;0;0;0;0;0;0;0;0;0;0;0;0;0;0;0
FR;11;2022-11-27;0;0;0;0;0;0;0;0;0;0;0;0;0;0;0;0;0;0
FR;11;2022-11-28;0;0;0;0;0;0;0;0;0;0;0;0;0;0;0;0;0;0
FR;11;2022-11-29;0;0;0;0;0;0;0;0;0;0;0;0;0;0;0;0;0;0
FR;11;2022-11-30;0;0;0;0;0;0;0;0;0;0;0;0;0;0;0;0;0;0
FR;11;2022-12-01;0;0;0;0;0;0;0;0;0;0;0;0;0;0;0;0;0;0
FR;11;2022-12-02;0;0;0;0;0;0;0;0;0;0;0;0;0;0;0;0;0;0
FR;11;2022-12-03;0;0;0;0;0;0;0;0;0;0;0;0;0;0;0;0;0;0
FR;11;2022-12-04;0;0;0;0;0;0;0;0;0;0;0;0;0;0;0;0;0;0
FR;11;2022-12-05;0;0;0;0;0;0;0;0;0;0;0;0;0;0;0;0;0;0
FR;11;2022-12-06;0;0;0;0;0;0;0;0;0;0;0;0;0;0;0;0;0;0
FR;11;2022-12-07;0;0;0;0;0;0;0;0;0;0;0;0;0;0;0;0;0;0
FR;11;2022-12-08;0;0;0;0;0;0;0;0;0;0;0;0;0;0;0;0;0;0
FR;11;2022-12-09;0;0;0;0;0;0;0;0;0;0;0;0;0;0;0;0;0;0
FR;11;2022-12-10;0;0;0;0;0;0;0;0;0;0;0;0;0;0;0;0;0;0
FR;11;2022-12-11;0;0;0;0;0;0;0;0;0;0;0;0;0;0;0;0;0;0
FR;11;2022-12-12;0;0;0;0;0;0;0;0;0;0;0;0;0;0;0;0;0;0
FR;11;2022-12-13;0;0;0;0;0;0;0;0;0;0;0;0;0;0;0;0;0;0
FR;11;2022-12-14;0;0;0;0;0;0;0;0;0;0;0;0;0;0;0;0;0;0
FR;11;2022-12-15;0;0;0;0;0;0;0;0;0;0;0;0;0;0;0;0;0;0
FR;11;2022-12-16;0;0;0;0;0;0;0;0;0;0;0;0;0;0;0;0;0;0
FR;11;2022-12-17;0;0;0;0;0;0;0;0;0;0;0;0;0;0;0;0;0;0
FR;11;2022-12-18;0;0;0;0;0;0;0;0;0;0;0;0;0;0;0;0;0;0
FR;11;2022-12-19;0;0;0;0;0;0;0;0;0;0;0;0;0;0;0;0;0;0
FR;11;2022-12-20;0;0;0;0;0;0;0;0;0;0;0;0;0;0;0;0;0;0
FR;11;2022-12-21;0;0;0;0;0;0;0;0;0;0;0;0;0;0;0;0;0;0
FR;11;2022-12-22;0;0;0;0;0;0;0;0;0;0;0;0;0;0;0;0;0;0
FR;11;2022-12-23;0;0;0;0;0;0;0;0;0;0;0;0;0;0;0;0;0;0
FR;11;2022-12-24;0;0;0;0;0;0;0;0;0;0;0;0;0;0;0;0;0;0
FR;11;2022-12-25;0;0;0;0;0;0;0;0;0;0;0;0;0;0;0;0;0;0
FR;11;2022-12-26;0;0;0;0;0;0;0;0;0;0;0;0;0;0;0;0;0;0
FR;11;2022-12-27;0;0;0;0;0;0;0;0;0;0;0;0;0;0;0;0;0;0
FR;11;2022-12-28;0;0;0;0;0;0;0;0;0;0;0;0;0;0;0;0;0;0
FR;11;2022-12-29;0;0;0;0;0;0;0;0;0;0;0;0;0;0;0;0;0;0
FR;11;2022-12-30;0;0;0;0;0;0;0;0;0;0;0;0;0;0;0;0;0;0
FR;11;2022-12-31;0;0;0;0;0;0;0;0;0;0;0;0;0;0;0;0;0;0
FR;11;2023-01-01;0;0;0;0;0;0;0;0;0;0;0;0;0;0;0;0;0;0
FR;11;2023-01-02;0;0;0;0;0;0;0;0;0;0;0;0;0;0;0;0;0;0
FR;11;2023-01-03;0;0;0;0;0;0;0;0;0;0;0;0;0;0;0;0;0;0
FR;11;2023-01-04;0;0;0;0;0;0;0;0;0;0;0;0;0;0;0;0;0;0
FR;11;2023-01-05;0;0;0;0;0;0;0;0;0;0;0;0;0;0;0;0;0;0
FR;11;2023-01-06;0;0;0;0;0;0;0;0;0;0;0;0;0;0;0;0;0;0
FR;11;2023-01-07;0;0;0;0;0;0;0;0;0;0;0;0;0;0;0;0;0;0
FR;11;2023-01-08;0;0;0;0;0;0;0;0;0;0;0;0;0;0;0;0;0;0
FR;11;2023-01-09;0;0;0;0;0;0;0;0;0;0;0;0;0;0;0;0;0;0
FR;11;2023-01-10;0;0;0;0;0;0;0;0;0;0;0;0;0;0;0;0;0;0
FR;11;2023-01-11;0;0;0;0;0;0;0;0;0;0;0;0;0;0;0;0;0;0
FR;11;2023-01-12;0;0;0;0;0;0;0;0;0;0;0;0;0;0;0;0;0;0
FR;11;2023-01-13;0;0;0;0;0;0;0;0;0;0;0;0;0;0;0;0;0;0
FR;11;2023-01-14;0;0;0;0;0;0;0;0;0;0;0;0;0;0;0;0;0;0
FR;11;2023-01-15;0;0;0;0;0;0;0;0;0;0;0;0;0;0;0;0;0;0
FR;11;2023-01-16;0;0;0;0;0;0;0;0;0;0;0;0;0;0;0;0;0;0
FR;11;2023-01-17;0;0;0;0;0;0;0;0;0;0;0;0;0;0;0;0;0;0
FR;11;2023-01-18;0;0;0;0;0;0;0;0;0;0;0;0;0;0;0;0;0;0
FR;11;2023-01-19;0;0;0;0;0;0;0;0;0;0;0;0;0;0;0;0;0;0
FR;11;2023-01-20;0;0;0;0;0;0;0;0;0;0;0;0;0;0;0;0;0;0
FR;11;2023-01-21;0;0;0;0;0;0;0;0;0;0;0;0;0;0;0;0;0;0
FR;11;2023-01-22;0;0;0;0;0;0;0;0;0;0;0;0;0;0;0;0;0;0
FR;11;2023-01-23;0;0;0;0;0;0;0;0;0;0;0;0;0;0;0;0;0;0
FR;11;2023-01-24;0;0;0;0;0;0;0;0;0;0;0;0;0;0;0;0;0;0
FR;11;2023-01-25;0;0;0;0;0;0;0;0;0;0;0;0;0;0;0;0;0;0
FR;11;2023-01-26;0;0;0;0;0;0;0;0;0;0;0;0;0;0;0;0;0;0
FR;11;2023-01-27;0;0;0;0;0;0;0;0;0;0;0;0;0;0;0;0;0;0
FR;11;2023-01-28;0;0;0;0;0;0;0;0;0;0;0;0;0;0;0;0;0;0
FR;11;2023-01-29;0;0;0;0;0;0;0;0;0;0;0;0;0;0;0;0;0;0
FR;11;2023-01-30;0;0;0;0;0;0;0;0;0;0;0;0;0;0;0;0;0;0
FR;11;2023-01-31;0;0;0;0;0;0;0;0;0;0;0;0;0;0;0;0;0;0
FR;11;2023-02-01;0;0;0;0;0;0;0;0;0;0;0;0;0;0;0;0;0;0
FR;11;2023-02-02;0;0;0;0;0;0;0;0;0;0;0;0;0;0;0;0;0;0
FR;11;2023-02-03;0;0;0;0;0;0;0;0;0;0;0;0;0;0;0;0;0;0
FR;11;2023-02-04;0;0;0;0;0;0;0;0;0;0;0;0;0;0;0;0;0;0
FR;11;2023-02-05;0;0;0;0;0;0;0;0;0;0;0;0;0;0;0;0;0;0
FR;11;2023-02-06;1;0;0;0;0;0;0;0;0;1;0;0;0;0;0;0;0;0
FR;11;2023-02-07;0;0;0;0;0;0;0;0;0;1;0;0;0;0;0;0;0;0
FR;11;2023-02-08;2;0;0;0;0;0;0;0;0;3;0;0;0;0;0;0;0;0
FR;11;2023-02-09;2;0;0;0;0;0;0;0;0;5;0;0;0;0;0;0;0;0
FR;11;2023-02-10;0;0;0;0;0;0;0;0;0;5;0;0;0;0;0;0;0;0
FR;11;2023-02-11;0;0;0;0;0;0;0;0;0;5;0;0;0;0;0;0;0;0
FR;11;2023-02-12;0;0;0;0;0;0;0;0;0;5;0;0;0;0;0;0;0;0
FR;11;2023-02-13;2;0;0;0;0;0;0;0;0;7;0;0;0;0;0;0;0;0
FR;11;2023-02-14;0;0;0;0;0;0;0;0;0;7;0;0;0;0;0;0;0;0
FR;11;2023-02-15;2;0;0;0;0;0;0;0;0;9;0;0;0;0;0;0;0;0
FR;11;2023-02-16;0;0;0;0;0;0;0;0;0;9;0;0;0;0;0;0;0;0
FR;11;2023-02-17;0;0;0;0;0;0;0;0;0;9;0;0;0;0;0;0;0;0
FR;11;2023-02-18;0;0;0;0;0;0;0;0;0;9;0;0;0;0;0;0;0;0
FR;11;2023-02-19;0;0;0;0;0;0;0;0;0;9;0;0;0;0;0;0;0;0
FR;11;2023-02-20;0;0;0;0;0;0;0;0;0;9;0;0;0;0;0;0;0;0
FR;11;2023-02-21;1;0;0;0;0;0;0;0;0;10;0;0;0;0;0;0;0;0
FR;11;2023-02-22;0;0;0;0;0;0;0;0;0;10;0;0;0;0;0;0;0;0
FR;11;2023-02-23;0;0;0;0;0;0;0;0;0;10;0;0;0;0;0;0;0;0
FR;11;2023-02-24;0;0;0;0;0;0;0;0;0;10;0;0;0;0;0;0;0;0
FR;11;2023-02-25;0;0;0;0;0;0;0;0;0;10;0;0;0;0;0;0;0;0
FR;11;2023-02-26;0;0;2;0;0;2;0;0;0;10;0;2;0;0;2;0;0;0
FR;11;2023-02-27;0;0;0;0;0;0;0;0;0;10;0;2;0;0;2;0;0;0
FR;11;2023-02-28;1;1;0;0;1;0;0;0;0;11;1;2;0;1;2;0;0;0
FR;11;2023-03-01;0;1;0;0;1;0;0;0;0;11;2;2;0;2;2;0;0;0
FR;11;2023-03-02;0;0;0;0;0;0;0;0;0;11;2;2;0;2;2;0;0;0
FR;11;2023-03-03;0;0;0;0;0;0;0;0;0;11;2;2;0;2;2;0;0;0
FR;11;2023-03-04;2;1;0;0;1;0;0;0;0;13;3;2;0;3;2;0;0;0
FR;11;2023-03-05;0;0;0;0;0;0;0;0;0;13;3;2;0;3;2;0;0;0
FR;11;2023-03-06;4;0;1;0;1;1;0;0;0;17;3;3;0;4;3;0;0;0
FR;11;2023-03-07;0;1;0;0;1;0;0;0;0;17;4;3;0;5;3;0;0;0
FR;11;2023-03-08;1;1;0;0;1;0;0;0;0;18;5;3;0;6;3;0;0;0
FR;11;2023-03-09;0;0;0;0;0;0;0;0;0;18;5;3;0;6;3;0;0;0
FR;11;2023-03-10;0;0;0;0;0;0;0;0;0;18;5;3;0;6;3;0;0;0
FR;11;2023-03-11;2;0;0;0;0;0;0;0;0;20;5;3;0;6;3;0;0;0
FR;11;2023-03-12;0;1;0;0;1;0;0;0;0;20;6;3;0;7;3;0;0;0
FR;11;2023-03-13;0;0;0;0;0;0;0;0;0;20;6;3;0;7;3;0;0;0
FR;11;2023-03-14;0;0;0;0;0;0;0;0;0;20;6;3;0;7;3;0;0;0
FR;11;2023-03-15;0;1;0;0;1;0;0;0;0;20;7;3;0;8;3;0;0;0
FR;11;2023-03-16;0;0;0;0;0;0;0;0;0;20;7;3;0;8;3;0;0;0
FR;11;2023-03-17;0;0;0;0;0;0;0;0;0;20;7;3;0;8;3;0;0;0
FR;11;2023-03-18;1;0;0;0;0;0;0;0;0;21;7;3;0;8;3;0;0;0
FR;11;2023-03-19;0;0;0;0;0;0;0;0;0;21;7;3;0;8;3;0;0;0
FR;11;2023-03-20;0;0;0;0;0;0;0;0;0;21;7;3;0;8;3;0;0;0
FR;11;2023-03-21;1;0;0;0;0;0;0;0;0;22;7;3;0;8;3;0;0;0
FR;11;2023-03-22;2;0;0;0;0;0;0;0;0;24;7;3;0;8;3;0;0;0
FR;11;2023-03-23;0;0;0;1;0;0;1;0;0;24;7;3;1;8;3;1;0;0
FR;11;2023-03-24;0;0;0;0;0;0;0;0;0;24;7;3;1;8;3;1;0;0
FR;11;2023-03-25;1;1;0;0;1;0;0;0;0;25;8;3;1;9;3;1;0;0
FR;11;2023-03-26;0;0;0;0;0;0;0;0;0;25;8;3;1;9;3;1;0;0
FR;11;2023-03-27;0;1;0;0;0;1;0;0;0;25;9;3;1;9;4;1;0;0
FR;11;2023-03-28;0;0;0;0;0;0;0;0;0;25;9;3;1;9;4;1;0;0
FR;11;2023-03-29;0;1;0;0;1;0;0;0;0;25;10;3;1;10;4;1;0;0
FR;11;2023-03-30;1;1;0;0;1;0;0;0;0;26;11;3;1;11;4;1;0;0
FR;11;2023-03-31;0;0;0;0;0;0;0;0;0;26;11;3;1;11;4;1;0;0
FR;11;2023-04-01;0;2;0;0;2;0;0;0;0;26;13;3;1;13;4;1;0;0
FR;11;2023-04-02;0;0;0;0;0;0;0;0;0;26;13;3;1;13;4;1;0;0
FR;11;2023-04-03;0;3;0;0;3;0;0;0;0;26;16;3;1;16;4;1;0;0
FR;11;2023-04-04;0;0;0;0;0;0;0;0;0;26;16;3;1;16;4;1;0;0
FR;11;2023-04-05;0;0;0;0;0;0;0;0;0;26;16;3;1;16;4;1;0;0
FR;11;2023-04-06;0;0;0;0;0;0;0;0;0;26;16;3;1;16;4;1;0;0
FR;11;2023-04-07;0;1;0;0;1;0;0;0;0;26;17;3;1;17;4;1;0;0
FR;11;2023-04-08;0;0;0;0;0;0;0;0;0;26;17;3;1;17;4;1;0;0
FR;11;2023-04-09;0;0;0;0;0;0;0;0;0;26;17;3;1;17;4;1;0;0
FR;11;2023-04-10;0;0;0;0;0;0;0;0;0;26;17;3;1;17;4;1;0;0
FR;11;2023-04-11;0;1;0;0;1;0;0;0;0;26;18;3;1;18;4;1;0;0
FR;11;2023-04-12;1;1;0;0;1;0;0;0;0;27;19;3;1;19;4;1;0;0
FR;11;2023-04-13;0;0;0;0;0;0;0;0;0;27;19;3;1;19;4;1;0;0
FR;11;2023-04-14;0;0;0;0;0;0;0;0;0;27;19;3;1;19;4;1;0;0
FR;11;2023-04-15;0;1;0;0;1;0;0;0;0;27;20;3;1;20;4;1;0;0
FR;11;2023-04-16;0;0;0;0;0;0;0;0;0;27;20;3;1;20;4;1;0;0
FR;11;2023-04-17;0;1;0;0;1;0;0;0;0;27;21;3;1;21;4;1;0;0
FR;11;2023-04-18;0;0;0;0;0;0;0;0;0;27;21;3;1;21;4;1;0;0
FR;11;2023-04-19;1;0;0;0;0;0;0;0;0;28;21;3;1;21;4;1;0;0
FR;11;2023-04-20;0;1;0;0;1;0;0;0;0;28;22;3;1;22;4;1;0;0
FR;11;2023-04-21;2;0;0;0;0;0;0;0;0;30;22;3;1;22;4;1;0;0
FR;11;2023-04-22;0;2;0;0;2;0;0;0;0;30;24;3;1;24;4;1;0;0
FR;11;2023-04-23;0;0;0;0;0;0;0;0;0;30;24;3;1;24;4;1;0;0
FR;11;2023-04-24;0;0;1;0;0;1;0;0;0;30;24;4;1;24;5;1;0;0
FR;11;2023-04-25;0;0;0;0;0;0;0;0;0;30;24;4;1;24;5;1;0;0
FR;11;2023-04-26;0;0;0;0;0;0;0;0;0;30;24;4;1;24;5;1;0;0
FR;11;2023-04-27;0;0;0;0;0;0;0;0;0;30;24;4;1;24;5;1;0;0
FR;11;2023-04-28;0;0;0;0;0;0;0;0;0;30;24;4;1;24;5;1;0;0
FR;11;2023-04-29;0;0;0;0;0;0;0;0;0;30;24;4;1;24;5;1;0;0
FR;11;2023-04-30;0;0;0;0;0;0;0;0;0;30;24;4;1;24;5;1;0;0
FR;12;2020-12-27;0;0;0;0;0;0;0;0;0;0;0;0;0;0;0;0;0;0
FR;12;2020-12-28;0;0;0;0;0;0;0;0;0;0;0;0;0;0;0;0;0;0
FR;12;2020-12-29;0;0;0;0;0;0;0;0;0;0;0;0;0;0;0;0;0;0
FR;12;2020-12-30;0;0;0;0;0;0;0;0;0;0;0;0;0;0;0;0;0;0
FR;12;2020-12-31;0;0;0;0;0;0;0;0;0;0;0;0;0;0;0;0;0;0
FR;12;2021-01-01;0;0;0;0;0;0;0;0;0;0;0;0;0;0;0;0;0;0
FR;12;2021-01-02;0;0;0;0;0;0;0;0;0;0;0;0;0;0;0;0;0;0
FR;12;2021-01-03;0;0;0;0;0;0;0;0;0;0;0;0;0;0;0;0;0;0
FR;12;2021-01-04;0;0;0;0;0;0;0;0;0;0;0;0;0;0;0;0;0;0
FR;12;2021-01-05;0;0;0;0;0;0;0;0;0;0;0;0;0;0;0;0;0;0
FR;12;2021-01-06;0;0;0;0;0;0;0;0;0;0;0;0;0;0;0;0;0;0
FR;12;2021-01-07;0;0;0;0;0;0;0;0;0;0;0;0;0;0;0;0;0;0
FR;12;2021-01-08;0;0;0;0;0;0;0;0;0;0;0;0;0;0;0;0;0;0
FR;12;2021-01-09;0;0;0;0;0;0;0;0;0;0;0;0;0;0;0;0;0;0
FR;12;2021-01-10;0;0;0;0;0;0;0;0;0;0;0;0;0;0;0;0;0;0
FR;12;2021-01-11;0;0;0;0;0;0;0;0;0;0;0;0;0;0;0;0;0;0
FR;12;2021-01-12;0;0;0;0;0;0;0;0;0;0;0;0;0;0;0;0;0;0
FR;12;2021-01-13;0;0;0;0;0;0;0;0;0;0;0;0;0;0;0;0;0;0
FR;12;2021-01-14;0;0;0;0;0;0;0;0;0;0;0;0;0;0;0;0;0;0
FR;12;2021-01-15;0;0;0;0;0;0;0;0;0;0;0;0;0;0;0;0;0;0
FR;12;2021-01-16;0;0;0;0;0;0;0;0;0;0;0;0;0;0;0;0;0;0
FR;12;2021-01-17;0;0;0;0;0;0;0;0;0;0;0;0;0;0;0;0;0;0
FR;12;2021-01-18;0;0;0;0;0;0;0;0;0;0;0;0;0;0;0;0;0;0
FR;12;2021-01-19;0;0;0;0;0;0;0;0;0;0;0;0;0;0;0;0;0;0
FR;12;2021-01-20;0;0;0;0;0;0;0;0;0;0;0;0;0;0;0;0;0;0
FR;12;2021-01-21;0;0;0;0;0;0;0;0;0;0;0;0;0;0;0;0;0;0
FR;12;2021-01-22;0;0;0;0;0;0;0;0;0;0;0;0;0;0;0;0;0;0
FR;12;2021-01-23;0;0;0;0;0;0;0;0;0;0;0;0;0;0;0;0;0;0
FR;12;2021-01-24;0;0;0;0;0;0;0;0;0;0;0;0;0;0;0;0;0;0
FR;12;2021-01-25;0;0;0;0;0;0;0;0;0;0;0;0;0;0;0;0;0;0
FR;12;2021-01-26;0;0;0;0;0;0;0;0;0;0;0;0;0;0;0;0;0;0
FR;12;2021-01-27;0;0;0;0;0;0;0;0;0;0;0;0;0;0;0;0;0;0
FR;12;2021-01-28;0;0;0;0;0;0;0;0;0;0;0;0;0;0;0;0;0;0
FR;12;2021-01-29;0;0;0;0;0;0;0;0;0;0;0;0;0;0;0;0;0;0
FR;12;2021-01-30;0;0;0;0;0;0;0;0;0;0;0;0;0;0;0;0;0;0
FR;12;2021-01-31;0;0;0;0;0;0;0;0;0;0;0;0;0;0;0;0;0;0
FR;12;2021-02-01;0;0;0;0;0;0;0;0;0;0;0;0;0;0;0;0;0;0
FR;12;2021-02-02;0;0;0;0;0;0;0;0;0;0;0;0;0;0;0;0;0;0
FR;12;2021-02-03;0;0;0;0;0;0;0;0;0;0;0;0;0;0;0;0;0;0
FR;12;2021-02-04;0;0;0;0;0;0;0;0;0;0;0;0;0;0;0;0;0;0
FR;12;2021-02-05;0;0;0;0;0;0;0;0;0;0;0;0;0;0;0;0;0;0
FR;12;2021-02-06;0;0;0;0;0;0;0;0;0;0;0;0;0;0;0;0;0;0
FR;12;2021-02-07;0;0;0;0;0;0;0;0;0;0;0;0;0;0;0;0;0;0
FR;12;2021-02-08;0;0;0;0;0;0;0;0;0;0;0;0;0;0;0;0;0;0
FR;12;2021-02-09;0;0;0;0;0;0;0;0;0;0;0;0;0;0;0;0;0;0
FR;12;2021-02-10;0;0;0;0;0;0;0;0;0;0;0;0;0;0;0;0;0;0
FR;12;2021-02-11;0;0;0;0;0;0;0;0;0;0;0;0;0;0;0;0;0;0
FR;12;2021-02-12;0;0;0;0;0;0;0;0;0;0;0;0;0;0;0;0;0;0
FR;12;2021-02-13;0;0;0;0;0;0;0;0;0;0;0;0;0;0;0;0;0;0
FR;12;2021-02-14;0;0;0;0;0;0;0;0;0;0;0;0;0;0;0;0;0;0
FR;12;2021-02-15;0;0;0;0;0;0;0;0;0;0;0;0;0;0;0;0;0;0
FR;12;2021-02-16;0;0;0;0;0;0;0;0;0;0;0;0;0;0;0;0;0;0
FR;12;2021-02-17;0;0;0;0;0;0;0;0;0;0;0;0;0;0;0;0;0;0
FR;12;2021-02-18;0;0;0;0;0;0;0;0;0;0;0;0;0;0;0;0;0;0
FR;12;2021-02-19;0;0;0;0;0;0;0;0;0;0;0;0;0;0;0;0;0;0
FR;12;2021-02-20;0;0;0;0;0;0;0;0;0;0;0;0;0;0;0;0;0;0
FR;12;2021-02-21;0;0;0;0;0;0;0;0;0;0;0;0;0;0;0;0;0;0
FR;12;2021-02-22;0;0;0;0;0;0;0;0;0;0;0;0;0;0;0;0;0;0
FR;12;2021-02-23;0;0;0;0;0;0;0;0;0;0;0;0;0;0;0;0;0;0
FR;12;2021-02-24;0;0;0;0;0;0;0;0;0;0;0;0;0;0;0;0;0;0
FR;12;2021-02-25;0;0;0;0;0;0;0;0;0;0;0;0;0;0;0;0;0;0
FR;12;2021-02-26;0;0;0;0;0;0;0;0;0;0;0;0;0;0;0;0;0;0
FR;12;2021-02-27;0;0;0;0;0;0;0;0;0;0;0;0;0;0;0;0;0;0
FR;12;2021-02-28;0;0;0;0;0;0;0;0;0;0;0;0;0;0;0;0;0;0
FR;12;2021-03-01;0;0;0;0;0;0;0;0;0;0;0;0;0;0;0;0;0;0
FR;12;2021-03-02;0;0;0;0;0;0;0;0;0;0;0;0;0;0;0;0;0;0
FR;12;2021-03-03;0;0;0;0;0;0;0;0;0;0;0;0;0;0;0;0;0;0
FR;12;2021-03-04;0;0;0;0;0;0;0;0;0;0;0;0;0;0;0;0;0;0
FR;12;2021-03-05;0;0;0;0;0;0;0;0;0;0;0;0;0;0;0;0;0;0
FR;12;2021-03-06;0;0;0;0;0;0;0;0;0;0;0;0;0;0;0;0;0;0
FR;12;2021-03-07;0;0;0;0;0;0;0;0;0;0;0;0;0;0;0;0;0;0
FR;12;2021-03-08;0;0;0;0;0;0;0;0;0;0;0;0;0;0;0;0;0;0
FR;12;2021-03-09;0;0;0;0;0;0;0;0;0;0;0;0;0;0;0;0;0;0
FR;12;2021-03-10;0;0;0;0;0;0;0;0;0;0;0;0;0;0;0;0;0;0
FR;12;2021-03-11;0;0;0;0;0;0;0;0;0;0;0;0;0;0;0;0;0;0
FR;12;2021-03-12;0;0;0;0;0;0;0;0;0;0;0;0;0;0;0;0;0;0
FR;12;2021-03-13;0;0;0;0;0;0;0;0;0;0;0;0;0;0;0;0;0;0
FR;12;2021-03-14;0;0;0;0;0;0;0;0;0;0;0;0;0;0;0;0;0;0
FR;12;2021-03-15;0;0;0;0;0;0;0;0;0;0;0;0;0;0;0;0;0;0
FR;12;2021-03-16;0;0;0;0;0;0;0;0;0;0;0;0;0;0;0;0;0;0
FR;12;2021-03-17;0;0;0;0;0;0;0;0;0;0;0;0;0;0;0;0;0;0
FR;12;2021-03-18;0;0;0;0;0;0;0;0;0;0;0;0;0;0;0;0;0;0
FR;12;2021-03-19;0;0;0;0;0;0;0;0;0;0;0;0;0;0;0;0;0;0
FR;12;2021-03-20;0;0;0;0;0;0;0;0;0;0;0;0;0;0;0;0;0;0
FR;12;2021-03-21;0;0;0;0;0;0;0;0;0;0;0;0;0;0;0;0;0;0
FR;12;2021-03-22;0;0;0;0;0;0;0;0;0;0;0;0;0;0;0;0;0;0
FR;12;2021-03-23;0;0;0;0;0;0;0;0;0;0;0;0;0;0;0;0;0;0
FR;12;2021-03-24;0;0;0;0;0;0;0;0;0;0;0;0;0;0;0;0;0;0
FR;12;2021-03-25;0;0;0;0;0;0;0;0;0;0;0;0;0;0;0;0;0;0
FR;12;2021-03-26;0;0;0;0;0;0;0;0;0;0;0;0;0;0;0;0;0;0
FR;12;2021-03-27;0;0;0;0;0;0;0;0;0;0;0;0;0;0;0;0;0;0
FR;12;2021-03-28;0;0;0;0;0;0;0;0;0;0;0;0;0;0;0;0;0;0
FR;12;2021-03-29;0;0;0;0;0;0;0;0;0;0;0;0;0;0;0;0;0;0
FR;12;2021-03-30;0;0;0;0;0;0;0;0;0;0;0;0;0;0;0;0;0;0
FR;12;2021-03-31;0;0;0;0;0;0;0;0;0;0;0;0;0;0;0;0;0;0
FR;12;2021-04-01;0;0;0;0;0;0;0;0;0;0;0;0;0;0;0;0;0;0
FR;12;2021-04-02;0;0;0;0;0;0;0;0;0;0;0;0;0;0;0;0;0;0
FR;12;2021-04-03;0;0;0;0;0;0;0;0;0;0;0;0;0;0;0;0;0;0
FR;12;2021-04-04;0;0;0;0;0;0;0;0;0;0;0;0;0;0;0;0;0;0
FR;12;2021-04-05;0;0;0;0;0;0;0;0;0;0;0;0;0;0;0;0;0;0
FR;12;2021-04-06;0;0;0;0;0;0;0;0;0;0;0;0;0;0;0;0;0;0
FR;12;2021-04-07;0;0;0;0;0;0;0;0;0;0;0;0;0;0;0;0;0;0
FR;12;2021-04-08;0;0;0;0;0;0;0;0;0;0;0;0;0;0;0;0;0;0
FR;12;2021-04-09;0;0;0;0;0;0;0;0;0;0;0;0;0;0;0;0;0;0
FR;12;2021-04-10;0;0;0;0;0;0;0;0;0;0;0;0;0;0;0;0;0;0
FR;12;2021-04-11;0;0;0;0;0;0;0;0;0;0;0;0;0;0;0;0;0;0
FR;12;2021-04-12;0;0;0;0;0;0;0;0;0;0;0;0;0;0;0;0;0;0
FR;12;2021-04-13;0;0;0;0;0;0;0;0;0;0;0;0;0;0;0;0;0;0
FR;12;2021-04-14;0;0;0;0;0;0;0;0;0;0;0;0;0;0;0;0;0;0
FR;12;2021-04-15;0;0;0;0;0;0;0;0;0;0;0;0;0;0;0;0;0;0
FR;12;2021-04-16;0;0;0;0;0;0;0;0;0;0;0;0;0;0;0;0;0;0
FR;12;2021-04-17;0;0;0;0;0;0;0;0;0;0;0;0;0;0;0;0;0;0
FR;12;2021-04-18;0;0;0;0;0;0;0;0;0;0;0;0;0;0;0;0;0;0
FR;12;2021-04-19;0;0;0;0;0;0;0;0;0;0;0;0;0;0;0;0;0;0
FR;12;2021-04-20;0;0;0;0;0;0;0;0;0;0;0;0;0;0;0;0;0;0
FR;12;2021-04-21;0;0;0;0;0;0;0;0;0;0;0;0;0;0;0;0;0;0
FR;12;2021-04-22;0;0;0;0;0;0;0;0;0;0;0;0;0;0;0;0;0;0
FR;12;2021-04-23;0;0;0;0;0;0;0;0;0;0;0;0;0;0;0;0;0;0
FR;12;2021-04-24;0;0;0;0;0;0;0;0;0;0;0;0;0;0;0;0;0;0
FR;12;2021-04-25;0;0;0;0;0;0;0;0;0;0;0;0;0;0;0;0;0;0
FR;12;2021-04-26;0;0;0;0;0;0;0;0;0;0;0;0;0;0;0;0;0;0
FR;12;2021-04-27;0;0;0;0;0;0;0;0;0;0;0;0;0;0;0;0;0;0
FR;12;2021-04-28;0;0;0;0;0;0;0;0;0;0;0;0;0;0;0;0;0;0
FR;12;2021-04-29;0;0;0;0;0;0;0;0;0;0;0;0;0;0;0;0;0;0
FR;12;2021-04-30;0;0;0;0;0;0;0;0;0;0;0;0;0;0;0;0;0;0
FR;12;2021-05-01;0;0;0;0;0;0;0;0;0;0;0;0;0;0;0;0;0;0
FR;12;2021-05-02;0;0;0;0;0;0;0;0;0;0;0;0;0;0;0;0;0;0
FR;12;2021-05-03;0;0;0;0;0;0;0;0;0;0;0;0;0;0;0;0;0;0
FR;12;2021-05-04;0;0;0;0;0;0;0;0;0;0;0;0;0;0;0;0;0;0
FR;12;2021-05-05;0;0;0;0;0;0;0;0;0;0;0;0;0;0;0;0;0;0
FR;12;2021-05-06;0;0;0;0;0;0;0;0;0;0;0;0;0;0;0;0;0;0
FR;12;2021-05-07;0;0;0;0;0;0;0;0;0;0;0;0;0;0;0;0;0;0
FR;12;2021-05-08;0;0;0;0;0;0;0;0;0;0;0;0;0;0;0;0;0;0
FR;12;2021-05-09;0;0;0;0;0;0;0;0;0;0;0;0;0;0;0;0;0;0
FR;12;2021-05-10;0;0;0;0;0;0;0;0;0;0;0;0;0;0;0;0;0;0
FR;12;2021-05-11;0;0;0;0;0;0;0;0;0;0;0;0;0;0;0;0;0;0
FR;12;2021-05-12;0;0;0;0;0;0;0;0;0;0;0;0;0;0;0;0;0;0
FR;12;2021-05-13;0;0;0;0;0;0;0;0;0;0;0;0;0;0;0;0;0;0
FR;12;2021-05-14;0;0;0;0;0;0;0;0;0;0;0;0;0;0;0;0;0;0
FR;12;2021-05-15;0;0;0;0;0;0;0;0;0;0;0;0;0;0;0;0;0;0
FR;12;2021-05-16;0;0;0;0;0;0;0;0;0;0;0;0;0;0;0;0;0;0
FR;12;2021-05-17;0;0;0;0;0;0;0;0;0;0;0;0;0;0;0;0;0;0
FR;12;2021-05-18;0;0;0;0;0;0;0;0;0;0;0;0;0;0;0;0;0;0
FR;12;2021-05-19;0;0;0;0;0;0;0;0;0;0;0;0;0;0;0;0;0;0
FR;12;2021-05-20;0;0;0;0;0;0;0;0;0;0;0;0;0;0;0;0;0;0
FR;12;2021-05-21;0;0;0;0;0;0;0;0;0;0;0;0;0;0;0;0;0;0
FR;12;2021-05-22;0;0;0;0;0;0;0;0;0;0;0;0;0;0;0;0;0;0
FR;12;2021-05-23;0;0;0;0;0;0;0;0;0;0;0;0;0;0;0;0;0;0
FR;12;2021-05-24;0;0;0;0;0;0;0;0;0;0;0;0;0;0;0;0;0;0
FR;12;2021-05-25;0;0;0;0;0;0;0;0;0;0;0;0;0;0;0;0;0;0
FR;12;2021-05-26;0;0;0;0;0;0;0;0;0;0;0;0;0;0;0;0;0;0
FR;12;2021-05-27;0;0;0;0;0;0;0;0;0;0;0;0;0;0;0;0;0;0
FR;12;2021-05-28;0;0;0;0;0;0;0;0;0;0;0;0;0;0;0;0;0;0
FR;12;2021-05-29;0;0;0;0;0;0;0;0;0;0;0;0;0;0;0;0;0;0
FR;12;2021-05-30;0;0;0;0;0;0;0;0;0;0;0;0;0;0;0;0;0;0
FR;12;2021-05-31;0;0;0;0;0;0;0;0;0;0;0;0;0;0;0;0;0;0
FR;12;2021-06-01;0;0;0;0;0;0;0;0;0;0;0;0;0;0;0;0;0;0
FR;12;2021-06-02;0;0;0;0;0;0;0;0;0;0;0;0;0;0;0;0;0;0
FR;12;2021-06-03;0;0;0;0;0;0;0;0;0;0;0;0;0;0;0;0;0;0
FR;12;2021-06-04;0;0;0;0;0;0;0;0;0;0;0;0;0;0;0;0;0;0
FR;12;2021-06-05;0;0;0;0;0;0;0;0;0;0;0;0;0;0;0;0;0;0
FR;12;2021-06-06;0;0;0;0;0;0;0;0;0;0;0;0;0;0;0;0;0;0
FR;12;2021-06-07;0;0;0;0;0;0;0;0;0;0;0;0;0;0;0;0;0;0
FR;12;2021-06-08;0;0;0;0;0;0;0;0;0;0;0;0;0;0;0;0;0;0
FR;12;2021-06-09;0;0;0;0;0;0;0;0;0;0;0;0;0;0;0;0;0;0
FR;12;2021-06-10;0;0;0;0;0;0;0;0;0;0;0;0;0;0;0;0;0;0
FR;12;2021-06-11;0;0;0;0;0;0;0;0;0;0;0;0;0;0;0;0;0;0
FR;12;2021-06-12;0;0;0;0;0;0;0;0;0;0;0;0;0;0;0;0;0;0
FR;12;2021-06-13;0;0;0;0;0;0;0;0;0;0;0;0;0;0;0;0;0;0
FR;12;2021-06-14;0;0;0;0;0;0;0;0;0;0;0;0;0;0;0;0;0;0
FR;12;2021-06-15;0;0;0;0;0;0;0;0;0;0;0;0;0;0;0;0;0;0
FR;12;2021-06-16;0;0;0;0;0;0;0;0;0;0;0;0;0;0;0;0;0;0
FR;12;2021-06-17;0;0;0;0;0;0;0;0;0;0;0;0;0;0;0;0;0;0
FR;12;2021-06-18;0;0;0;0;0;0;0;0;0;0;0;0;0;0;0;0;0;0
FR;12;2021-06-19;0;0;0;0;0;0;0;0;0;0;0;0;0;0;0;0;0;0
FR;12;2021-06-20;0;0;0;0;0;0;0;0;0;0;0;0;0;0;0;0;0;0
FR;12;2021-06-21;0;0;0;0;0;0;0;0;0;0;0;0;0;0;0;0;0;0
FR;12;2021-06-22;0;0;0;0;0;0;0;0;0;0;0;0;0;0;0;0;0;0
FR;12;2021-06-23;0;0;0;0;0;0;0;0;0;0;0;0;0;0;0;0;0;0
FR;12;2021-06-24;0;0;0;0;0;0;0;0;0;0;0;0;0;0;0;0;0;0
FR;12;2021-06-25;0;0;0;0;0;0;0;0;0;0;0;0;0;0;0;0;0;0
FR;12;2021-06-26;0;0;0;0;0;0;0;0;0;0;0;0;0;0;0;0;0;0
FR;12;2021-06-27;0;0;0;0;0;0;0;0;0;0;0;0;0;0;0;0;0;0
FR;12;2021-06-28;0;0;0;0;0;0;0;0;0;0;0;0;0;0;0;0;0;0
FR;12;2021-06-29;0;0;0;0;0;0;0;0;0;0;0;0;0;0;0;0;0;0
FR;12;2021-06-30;0;0;0;0;0;0;0;0;0;0;0;0;0;0;0;0;0;0
FR;12;2021-07-01;0;0;0;0;0;0;0;0;0;0;0;0;0;0;0;0;0;0
FR;12;2021-07-02;0;0;0;0;0;0;0;0;0;0;0;0;0;0;0;0;0;0
FR;12;2021-07-03;0;0;0;0;0;0;0;0;0;0;0;0;0;0;0;0;0;0
FR;12;2021-07-04;0;0;0;0;0;0;0;0;0;0;0;0;0;0;0;0;0;0
FR;12;2021-07-05;0;0;0;0;0;0;0;0;0;0;0;0;0;0;0;0;0;0
FR;12;2021-07-06;0;0;0;0;0;0;0;0;0;0;0;0;0;0;0;0;0;0
FR;12;2021-07-07;0;0;0;0;0;0;0;0;0;0;0;0;0;0;0;0;0;0
FR;12;2021-07-08;0;0;0;0;0;0;0;0;0;0;0;0;0;0;0;0;0;0
FR;12;2021-07-09;0;0;0;0;0;0;0;0;0;0;0;0;0;0;0;0;0;0
FR;12;2021-07-10;0;0;0;0;0;0;0;0;0;0;0;0;0;0;0;0;0;0
FR;12;2021-07-11;0;0;0;0;0;0;0;0;0;0;0;0;0;0;0;0;0;0
FR;12;2021-07-12;0;0;0;0;0;0;0;0;0;0;0;0;0;0;0;0;0;0
FR;12;2021-07-13;0;0;0;0;0;0;0;0;0;0;0;0;0;0;0;0;0;0
FR;12;2021-07-14;0;0;0;0;0;0;0;0;0;0;0;0;0;0;0;0;0;0
FR;12;2021-07-15;0;0;0;0;0;0;0;0;0;0;0;0;0;0;0;0;0;0
FR;12;2021-07-16;0;0;0;0;0;0;0;0;0;0;0;0;0;0;0;0;0;0
FR;12;2021-07-17;0;0;0;0;0;0;0;0;0;0;0;0;0;0;0;0;0;0
FR;12;2021-07-18;0;0;0;0;0;0;0;0;0;0;0;0;0;0;0;0;0;0
FR;12;2021-07-19;0;0;0;0;0;0;0;0;0;0;0;0;0;0;0;0;0;0
FR;12;2021-07-20;0;0;0;0;0;0;0;0;0;0;0;0;0;0;0;0;0;0
FR;12;2021-07-21;0;0;0;0;0;0;0;0;0;0;0;0;0;0;0;0;0;0
FR;12;2021-07-22;0;0;0;0;0;0;0;0;0;0;0;0;0;0;0;0;0;0
FR;12;2021-07-23;0;0;0;0;0;0;0;0;0;0;0;0;0;0;0;0;0;0
FR;12;2021-07-24;0;0;0;0;0;0;0;0;0;0;0;0;0;0;0;0;0;0
FR;12;2021-07-25;0;0;0;0;0;0;0;0;0;0;0;0;0;0;0;0;0;0
FR;12;2021-07-26;0;0;0;0;0;0;0;0;0;0;0;0;0;0;0;0;0;0
FR;12;2021-07-27;0;0;0;0;0;0;0;0;0;0;0;0;0;0;0;0;0;0
FR;12;2021-07-28;0;0;0;0;0;0;0;0;0;0;0;0;0;0;0;0;0;0
FR;12;2021-07-29;0;0;0;0;0;0;0;0;0;0;0;0;0;0;0;0;0;0
FR;12;2021-07-30;0;0;0;0;0;0;0;0;0;0;0;0;0;0;0;0;0;0
FR;12;2021-07-31;0;0;0;0;0;0;0;0;0;0;0;0;0;0;0;0;0;0
FR;12;2021-08-01;0;0;0;0;0;0;0;0;0;0;0;0;0;0;0;0;0;0
FR;12;2021-08-02;0;0;0;0;0;0;0;0;0;0;0;0;0;0;0;0;0;0
FR;12;2021-08-03;0;0;0;0;0;0;0;0;0;0;0;0;0;0;0;0;0;0
FR;12;2021-08-04;0;0;0;0;0;0;0;0;0;0;0;0;0;0;0;0;0;0
FR;12;2021-08-05;0;0;0;0;0;0;0;0;0;0;0;0;0;0;0;0;0;0
FR;12;2021-08-06;0;0;0;0;0;0;0;0;0;0;0;0;0;0;0;0;0;0
FR;12;2021-08-07;0;0;0;0;0;0;0;0;0;0;0;0;0;0;0;0;0;0
FR;12;2021-08-08;0;0;0;0;0;0;0;0;0;0;0;0;0;0;0;0;0;0
FR;12;2021-08-09;0;0;0;0;0;0;0;0;0;0;0;0;0;0;0;0;0;0
FR;12;2021-08-10;0;0;0;0;0;0;0;0;0;0;0;0;0;0;0;0;0;0
FR;12;2021-08-11;0;0;0;0;0;0;0;0;0;0;0;0;0;0;0;0;0;0
FR;12;2021-08-12;0;0;0;0;0;0;0;0;0;0;0;0;0;0;0;0;0;0
FR;12;2021-08-13;0;0;0;0;0;0;0;0;0;0;0;0;0;0;0;0;0;0
FR;12;2021-08-14;0;0;0;0;0;0;0;0;0;0;0;0;0;0;0;0;0;0
FR;12;2021-08-15;0;0;0;0;0;0;0;0;0;0;0;0;0;0;0;0;0;0
FR;12;2021-08-16;0;0;0;0;0;0;0;0;0;0;0;0;0;0;0;0;0;0
FR;12;2021-08-17;0;0;0;0;0;0;0;0;0;0;0;0;0;0;0;0;0;0
FR;12;2021-08-18;0;0;0;0;0;0;0;0;0;0;0;0;0;0;0;0;0;0
FR;12;2021-08-19;0;0;0;0;0;0;0;0;0;0;0;0;0;0;0;0;0;0
FR;12;2021-08-20;0;0;0;0;0;0;0;0;0;0;0;0;0;0;0;0;0;0
FR;12;2021-08-21;0;0;0;0;0;0;0;0;0;0;0;0;0;0;0;0;0;0
FR;12;2021-08-22;0;0;0;0;0;0;0;0;0;0;0;0;0;0;0;0;0;0
FR;12;2021-08-23;0;0;0;0;0;0;0;0;0;0;0;0;0;0;0;0;0;0
FR;12;2021-08-24;0;0;0;0;0;0;0;0;0;0;0;0;0;0;0;0;0;0
FR;12;2021-08-25;0;0;0;0;0;0;0;0;0;0;0;0;0;0;0;0;0;0
FR;12;2021-08-26;0;0;0;0;0;0;0;0;0;0;0;0;0;0;0;0;0;0
FR;12;2021-08-27;0;0;0;0;0;0;0;0;0;0;0;0;0;0;0;0;0;0
FR;12;2021-08-28;0;0;0;0;0;0;0;0;0;0;0;0;0;0;0;0;0;0
FR;12;2021-08-29;0;0;0;0;0;0;0;0;0;0;0;0;0;0;0;0;0;0
FR;12;2021-08-30;0;0;0;0;0;0;0;0;0;0;0;0;0;0;0;0;0;0
FR;12;2021-08-31;0;0;0;0;0;0;0;0;0;0;0;0;0;0;0;0;0;0
FR;12;2021-09-01;0;0;0;0;0;0;0;0;0;0;0;0;0;0;0;0;0;0
FR;12;2021-09-02;0;0;0;0;0;0;0;0;0;0;0;0;0;0;0;0;0;0
FR;12;2021-09-03;0;0;0;0;0;0;0;0;0;0;0;0;0;0;0;0;0;0
FR;12;2021-09-04;0;0;0;0;0;0;0;0;0;0;0;0;0;0;0;0;0;0
FR;12;2021-09-05;0;0;0;0;0;0;0;0;0;0;0;0;0;0;0;0;0;0
FR;12;2021-09-06;0;0;0;0;0;0;0;0;0;0;0;0;0;0;0;0;0;0
FR;12;2021-09-07;0;0;0;0;0;0;0;0;0;0;0;0;0;0;0;0;0;0
FR;12;2021-09-08;0;0;0;0;0;0;0;0;0;0;0;0;0;0;0;0;0;0
FR;12;2021-09-09;0;0;0;0;0;0;0;0;0;0;0;0;0;0;0;0;0;0
FR;12;2021-09-10;0;0;0;0;0;0;0;0;0;0;0;0;0;0;0;0;0;0
FR;12;2021-09-11;0;0;0;0;0;0;0;0;0;0;0;0;0;0;0;0;0;0
FR;12;2021-09-12;0;0;0;0;0;0;0;0;0;0;0;0;0;0;0;0;0;0
FR;12;2021-09-13;0;0;0;0;0;0;0;0;0;0;0;0;0;0;0;0;0;0
FR;12;2021-09-14;0;0;0;0;0;0;0;0;0;0;0;0;0;0;0;0;0;0
FR;12;2021-09-15;0;0;0;0;0;0;0;0;0;0;0;0;0;0;0;0;0;0
FR;12;2021-09-16;0;0;0;0;0;0;0;0;0;0;0;0;0;0;0;0;0;0
FR;12;2021-09-17;0;0;0;0;0;0;0;0;0;0;0;0;0;0;0;0;0;0
FR;12;2021-09-18;0;0;0;0;0;0;0;0;0;0;0;0;0;0;0;0;0;0
FR;12;2021-09-19;0;0;0;0;0;0;0;0;0;0;0;0;0;0;0;0;0;0
FR;12;2021-09-20;0;0;0;0;0;0;0;0;0;0;0;0;0;0;0;0;0;0
FR;12;2021-09-21;0;0;0;0;0;0;0;0;0;0;0;0;0;0;0;0;0;0
FR;12;2021-09-22;0;0;0;0;0;0;0;0;0;0;0;0;0;0;0;0;0;0
FR;12;2021-09-23;0;0;0;0;0;0;0;0;0;0;0;0;0;0;0;0;0;0
FR;12;2021-09-24;0;0;0;0;0;0;0;0;0;0;0;0;0;0;0;0;0;0
FR;12;2021-09-25;0;0;0;0;0;0;0;0;0;0;0;0;0;0;0;0;0;0
FR;12;2021-09-26;0;0;0;0;0;0;0;0;0;0;0;0;0;0;0;0;0;0
FR;12;2021-09-27;0;0;0;0;0;0;0;0;0;0;0;0;0;0;0;0;0;0
FR;12;2021-09-28;0;0;0;0;0;0;0;0;0;0;0;0;0;0;0;0;0;0
FR;12;2021-09-29;0;0;0;0;0;0;0;0;0;0;0;0;0;0;0;0;0;0
FR;12;2021-09-30;0;0;0;0;0;0;0;0;0;0;0;0;0;0;0;0;0;0
FR;12;2021-10-01;0;0;0;0;0;0;0;0;0;0;0;0;0;0;0;0;0;0
FR;12;2021-10-02;0;0;0;0;0;0;0;0;0;0;0;0;0;0;0;0;0;0
FR;12;2021-10-03;0;0;0;0;0;0;0;0;0;0;0;0;0;0;0;0;0;0
FR;12;2021-10-04;0;0;0;0;0;0;0;0;0;0;0;0;0;0;0;0;0;0
FR;12;2021-10-05;0;0;0;0;0;0;0;0;0;0;0;0;0;0;0;0;0;0
FR;12;2021-10-06;0;0;0;0;0;0;0;0;0;0;0;0;0;0;0;0;0;0
FR;12;2021-10-07;0;0;0;0;0;0;0;0;0;0;0;0;0;0;0;0;0;0
FR;12;2021-10-08;0;0;0;0;0;0;0;0;0;0;0;0;0;0;0;0;0;0
FR;12;2021-10-09;0;0;0;0;0;0;0;0;0;0;0;0;0;0;0;0;0;0
FR;12;2021-10-10;0;0;0;0;0;0;0;0;0;0;0;0;0;0;0;0;0;0
FR;12;2021-10-11;0;0;0;0;0;0;0;0;0;0;0;0;0;0;0;0;0;0
FR;12;2021-10-12;0;0;0;0;0;0;0;0;0;0;0;0;0;0;0;0;0;0
FR;12;2021-10-13;0;0;0;0;0;0;0;0;0;0;0;0;0;0;0;0;0;0
FR;12;2021-10-14;0;0;0;0;0;0;0;0;0;0;0;0;0;0;0;0;0;0
FR;12;2021-10-15;0;0;0;0;0;0;0;0;0;0;0;0;0;0;0;0;0;0
FR;12;2021-10-16;0;0;0;0;0;0;0;0;0;0;0;0;0;0;0;0;0;0
FR;12;2021-10-17;0;0;0;0;0;0;0;0;0;0;0;0;0;0;0;0;0;0
FR;12;2021-10-18;0;0;0;0;0;0;0;0;0;0;0;0;0;0;0;0;0;0
FR;12;2021-10-19;0;0;0;0;0;0;0;0;0;0;0;0;0;0;0;0;0;0
FR;12;2021-10-20;0;0;0;0;0;0;0;0;0;0;0;0;0;0;0;0;0;0
FR;12;2021-10-21;0;0;0;0;0;0;0;0;0;0;0;0;0;0;0;0;0;0
FR;12;2021-10-22;0;0;0;0;0;0;0;0;0;0;0;0;0;0;0;0;0;0
FR;12;2021-10-23;0;0;0;0;0;0;0;0;0;0;0;0;0;0;0;0;0;0
FR;12;2021-10-24;0;0;0;0;0;0;0;0;0;0;0;0;0;0;0;0;0;0
FR;12;2021-10-25;0;0;0;0;0;0;0;0;0;0;0;0;0;0;0;0;0;0
FR;12;2021-10-26;0;0;0;0;0;0;0;0;0;0;0;0;0;0;0;0;0;0
FR;12;2021-10-27;0;0;0;0;0;0;0;0;0;0;0;0;0;0;0;0;0;0
FR;12;2021-10-28;0;0;0;0;0;0;0;0;0;0;0;0;0;0;0;0;0;0
FR;12;2021-10-29;0;0;0;0;0;0;0;0;0;0;0;0;0;0;0;0;0;0
FR;12;2021-10-30;0;0;0;0;0;0;0;0;0;0;0;0;0;0;0;0;0;0
FR;12;2021-10-31;0;0;0;0;0;0;0;0;0;0;0;0;0;0;0;0;0;0
FR;12;2021-11-01;0;0;0;0;0;0;0;0;0;0;0;0;0;0;0;0;0;0
FR;12;2021-11-02;0;0;0;0;0;0;0;0;0;0;0;0;0;0;0;0;0;0
FR;12;2021-11-03;0;0;0;0;0;0;0;0;0;0;0;0;0;0;0;0;0;0
FR;12;2021-11-04;0;0;0;0;0;0;0;0;0;0;0;0;0;0;0;0;0;0
FR;12;2021-11-05;0;0;0;0;0;0;0;0;0;0;0;0;0;0;0;0;0;0
FR;12;2021-11-06;0;0;0;0;0;0;0;0;0;0;0;0;0;0;0;0;0;0
FR;12;2021-11-07;0;0;0;0;0;0;0;0;0;0;0;0;0;0;0;0;0;0
FR;12;2021-11-08;0;0;0;0;0;0;0;0;0;0;0;0;0;0;0;0;0;0
FR;12;2021-11-09;0;0;0;0;0;0;0;0;0;0;0;0;0;0;0;0;0;0
FR;12;2021-11-10;0;0;0;0;0;0;0;0;0;0;0;0;0;0;0;0;0;0
FR;12;2021-11-11;0;0;0;0;0;0;0;0;0;0;0;0;0;0;0;0;0;0
FR;12;2021-11-12;0;0;0;0;0;0;0;0;0;0;0;0;0;0;0;0;0;0
FR;12;2021-11-13;0;0;0;0;0;0;0;0;0;0;0;0;0;0;0;0;0;0
FR;12;2021-11-14;0;0;0;0;0;0;0;0;0;0;0;0;0;0;0;0;0;0
FR;12;2021-11-15;0;0;0;0;0;0;0;0;0;0;0;0;0;0;0;0;0;0
FR;12;2021-11-16;0;0;0;0;0;0;0;0;0;0;0;0;0;0;0;0;0;0
FR;12;2021-11-17;0;0;0;0;0;0;0;0;0;0;0;0;0;0;0;0;0;0
FR;12;2021-11-18;0;0;0;0;0;0;0;0;0;0;0;0;0;0;0;0;0;0
FR;12;2021-11-19;0;0;0;0;0;0;0;0;0;0;0;0;0;0;0;0;0;0
FR;12;2021-11-20;0;0;0;0;0;0;0;0;0;0;0;0;0;0;0;0;0;0
FR;12;2021-11-21;0;0;0;0;0;0;0;0;0;0;0;0;0;0;0;0;0;0
FR;12;2021-11-22;0;0;0;0;0;0;0;0;0;0;0;0;0;0;0;0;0;0
FR;12;2021-11-23;0;0;0;0;0;0;0;0;0;0;0;0;0;0;0;0;0;0
FR;12;2021-11-24;0;0;0;0;0;0;0;0;0;0;0;0;0;0;0;0;0;0
FR;12;2021-11-25;0;0;0;0;0;0;0;0;0;0;0;0;0;0;0;0;0;0
FR;12;2021-11-26;0;0;0;0;0;0;0;0;0;0;0;0;0;0;0;0;0;0
FR;12;2021-11-27;0;0;0;0;0;0;0;0;0;0;0;0;0;0;0;0;0;0
FR;12;2021-11-28;0;0;0;0;0;0;0;0;0;0;0;0;0;0;0;0;0;0
FR;12;2021-11-29;0;0;0;0;0;0;0;0;0;0;0;0;0;0;0;0;0;0
FR;12;2021-11-30;0;0;0;0;0;0;0;0;0;0;0;0;0;0;0;0;0;0
FR;12;2021-12-01;0;0;0;0;0;0;0;0;0;0;0;0;0;0;0;0;0;0
FR;12;2021-12-02;0;0;0;0;0;0;0;0;0;0;0;0;0;0;0;0;0;0
FR;12;2021-12-03;0;0;0;0;0;0;0;0;0;0;0;0;0;0;0;0;0;0
FR;12;2021-12-04;0;0;0;0;0;0;0;0;0;0;0;0;0;0;0;0;0;0
FR;12;2021-12-05;0;0;0;0;0;0;0;0;0;0;0;0;0;0;0;0;0;0
FR;12;2021-12-06;0;0;0;0;0;0;0;0;0;0;0;0;0;0;0;0;0;0
FR;12;2021-12-07;0;0;0;0;0;0;0;0;0;0;0;0;0;0;0;0;0;0
FR;12;2021-12-08;0;0;0;0;0;0;0;0;0;0;0;0;0;0;0;0;0;0
FR;12;2021-12-09;0;0;0;0;0;0;0;0;0;0;0;0;0;0;0;0;0;0
FR;12;2021-12-10;0;0;0;0;0;0;0;0;0;0;0;0;0;0;0;0;0;0
FR;12;2021-12-11;0;0;0;0;0;0;0;0;0;0;0;0;0;0;0;0;0;0
FR;12;2021-12-12;0;0;0;0;0;0;0;0;0;0;0;0;0;0;0;0;0;0
FR;12;2021-12-13;0;0;0;0;0;0;0;0;0;0;0;0;0;0;0;0;0;0
FR;12;2021-12-14;0;0;0;0;0;0;0;0;0;0;0;0;0;0;0;0;0;0
FR;12;2021-12-15;0;0;0;0;0;0;0;0;0;0;0;0;0;0;0;0;0;0
FR;12;2021-12-16;0;0;0;0;0;0;0;0;0;0;0;0;0;0;0;0;0;0
FR;12;2021-12-17;0;0;0;0;0;0;0;0;0;0;0;0;0;0;0;0;0;0
FR;12;2021-12-18;0;0;0;0;0;0;0;0;0;0;0;0;0;0;0;0;0;0
FR;12;2021-12-19;0;0;0;0;0;0;0;0;0;0;0;0;0;0;0;0;0;0
FR;12;2021-12-20;0;0;0;0;0;0;0;0;0;0;0;0;0;0;0;0;0;0
FR;12;2021-12-21;0;0;0;0;0;0;0;0;0;0;0;0;0;0;0;0;0;0
FR;12;2021-12-22;0;0;0;0;0;0;0;0;0;0;0;0;0;0;0;0;0;0
FR;12;2021-12-23;0;0;0;0;0;0;0;0;0;0;0;0;0;0;0;0;0;0
FR;12;2021-12-24;0;0;0;0;0;0;0;0;0;0;0;0;0;0;0;0;0;0
FR;12;2021-12-25;0;0;0;0;0;0;0;0;0;0;0;0;0;0;0;0;0;0
FR;12;2021-12-26;0;0;0;0;0;0;0;0;0;0;0;0;0;0;0;0;0;0
FR;12;2021-12-27;0;0;0;0;0;0;0;0;0;0;0;0;0;0;0;0;0;0
FR;12;2021-12-28;0;0;0;0;0;0;0;0;0;0;0;0;0;0;0;0;0;0
FR;12;2021-12-29;0;0;0;0;0;0;0;0;0;0;0;0;0;0;0;0;0;0
FR;12;2021-12-30;0;0;0;0;0;0;0;0;0;0;0;0;0;0;0;0;0;0
FR;12;2021-12-31;0;0;0;0;0;0;0;0;0;0;0;0;0;0;0;0;0;0
FR;12;2022-01-01;0;0;0;0;0;0;0;0;0;0;0;0;0;0;0;0;0;0
FR;12;2022-01-02;0;0;0;0;0;0;0;0;0;0;0;0;0;0;0;0;0;0
FR;12;2022-01-03;0;0;0;0;0;0;0;0;0;0;0;0;0;0;0;0;0;0
FR;12;2022-01-04;0;0;0;0;0;0;0;0;0;0;0;0;0;0;0;0;0;0
FR;12;2022-01-05;0;0;0;0;0;0;0;0;0;0;0;0;0;0;0;0;0;0
FR;12;2022-01-06;0;0;0;0;0;0;0;0;0;0;0;0;0;0;0;0;0;0
FR;12;2022-01-07;0;0;0;0;0;0;0;0;0;0;0;0;0;0;0;0;0;0
FR;12;2022-01-08;0;0;0;0;0;0;0;0;0;0;0;0;0;0;0;0;0;0
FR;12;2022-01-09;0;0;0;0;0;0;0;0;0;0;0;0;0;0;0;0;0;0
FR;12;2022-01-10;0;0;0;0;0;0;0;0;0;0;0;0;0;0;0;0;0;0
FR;12;2022-01-11;0;0;0;0;0;0;0;0;0;0;0;0;0;0;0;0;0;0
FR;12;2022-01-12;0;0;0;0;0;0;0;0;0;0;0;0;0;0;0;0;0;0
FR;12;2022-01-13;0;0;0;0;0;0;0;0;0;0;0;0;0;0;0;0;0;0
FR;12;2022-01-14;0;0;0;0;0;0;0;0;0;0;0;0;0;0;0;0;0;0
FR;12;2022-01-15;0;0;0;0;0;0;0;0;0;0;0;0;0;0;0;0;0;0
FR;12;2022-01-16;0;0;0;0;0;0;0;0;0;0;0;0;0;0;0;0;0;0
FR;12;2022-01-17;0;0;0;0;0;0;0;0;0;0;0;0;0;0;0;0;0;0
FR;12;2022-01-18;0;0;0;0;0;0;0;0;0;0;0;0;0;0;0;0;0;0
FR;12;2022-01-19;0;0;0;0;0;0;0;0;0;0;0;0;0;0;0;0;0;0
FR;12;2022-01-20;0;0;0;0;0;0;0;0;0;0;0;0;0;0;0;0;0;0
FR;12;2022-01-21;0;0;0;0;0;0;0;0;0;0;0;0;0;0;0;0;0;0
FR;12;2022-01-22;0;0;0;0;0;0;0;0;0;0;0;0;0;0;0;0;0;0
FR;12;2022-01-23;0;0;0;0;0;0;0;0;0;0;0;0;0;0;0;0;0;0
FR;12;2022-01-24;0;0;0;0;0;0;0;0;0;0;0;0;0;0;0;0;0;0
FR;12;2022-01-25;0;0;0;0;0;0;0;0;0;0;0;0;0;0;0;0;0;0
FR;12;2022-01-26;0;0;0;0;0;0;0;0;0;0;0;0;0;0;0;0;0;0
FR;12;2022-01-27;0;0;0;0;0;0;0;0;0;0;0;0;0;0;0;0;0;0
FR;12;2022-01-28;0;0;0;0;0;0;0;0;0;0;0;0;0;0;0;0;0;0
FR;12;2022-01-29;0;0;0;0;0;0;0;0;0;0;0;0;0;0;0;0;0;0
FR;12;2022-01-30;0;0;0;0;0;0;0;0;0;0;0;0;0;0;0;0;0;0
FR;12;2022-01-31;0;0;0;0;0;0;0;0;0;0;0;0;0;0;0;0;0;0
FR;12;2022-02-01;0;0;0;0;0;0;0;0;0;0;0;0;0;0;0;0;0;0
FR;12;2022-02-02;0;0;0;0;0;0;0;0;0;0;0;0;0;0;0;0;0;0
FR;12;2022-02-03;0;0;0;0;0;0;0;0;0;0;0;0;0;0;0;0;0;0
FR;12;2022-02-04;0;0;0;0;0;0;0;0;0;0;0;0;0;0;0;0;0;0
FR;12;2022-02-05;0;0;0;0;0;0;0;0;0;0;0;0;0;0;0;0;0;0
FR;12;2022-02-06;0;0;0;0;0;0;0;0;0;0;0;0;0;0;0;0;0;0
FR;12;2022-02-07;0;0;0;0;0;0;0;0;0;0;0;0;0;0;0;0;0;0
FR;12;2022-02-08;0;0;0;0;0;0;0;0;0;0;0;0;0;0;0;0;0;0
FR;12;2022-02-09;0;0;0;0;0;0;0;0;0;0;0;0;0;0;0;0;0;0
FR;12;2022-02-10;0;0;0;0;0;0;0;0;0;0;0;0;0;0;0;0;0;0
FR;12;2022-02-11;0;0;0;0;0;0;0;0;0;0;0;0;0;0;0;0;0;0
FR;12;2022-02-12;0;0;0;0;0;0;0;0;0;0;0;0;0;0;0;0;0;0
FR;12;2022-02-13;0;0;0;0;0;0;0;0;0;0;0;0;0;0;0;0;0;0
FR;12;2022-02-14;0;0;0;0;0;0;0;0;0;0;0;0;0;0;0;0;0;0
FR;12;2022-02-15;0;0;0;0;0;0;0;0;0;0;0;0;0;0;0;0;0;0
FR;12;2022-02-16;0;0;0;0;0;0;0;0;0;0;0;0;0;0;0;0;0;0
FR;12;2022-02-17;0;0;0;0;0;0;0;0;0;0;0;0;0;0;0;0;0;0
FR;12;2022-02-18;0;0;0;0;0;0;0;0;0;0;0;0;0;0;0;0;0;0
FR;12;2022-02-19;0;0;0;0;0;0;0;0;0;0;0;0;0;0;0;0;0;0
FR;12;2022-02-20;0;0;0;0;0;0;0;0;0;0;0;0;0;0;0;0;0;0
FR;12;2022-02-21;0;0;0;0;0;0;0;0;0;0;0;0;0;0;0;0;0;0
FR;12;2022-02-22;0;0;0;0;0;0;0;0;0;0;0;0;0;0;0;0;0;0
FR;12;2022-02-23;0;0;0;0;0;0;0;0;0;0;0;0;0;0;0;0;0;0
FR;12;2022-02-24;0;0;0;0;0;0;0;0;0;0;0;0;0;0;0;0;0;0
FR;12;2022-02-25;0;0;0;0;0;0;0;0;0;0;0;0;0;0;0;0;0;0
FR;12;2022-02-26;0;0;0;0;0;0;0;0;0;0;0;0;0;0;0;0;0;0
FR;12;2022-02-27;0;0;0;0;0;0;0;0;0;0;0;0;0;0;0;0;0;0
FR;12;2022-02-28;0;0;0;0;0;0;0;0;0;0;0;0;0;0;0;0;0;0
FR;12;2022-03-01;0;0;0;0;0;0;0;0;0;0;0;0;0;0;0;0;0;0
FR;12;2022-03-02;0;0;0;0;0;0;0;0;0;0;0;0;0;0;0;0;0;0
FR;12;2022-03-03;0;0;0;0;0;0;0;0;0;0;0;0;0;0;0;0;0;0
FR;12;2022-03-04;0;0;0;0;0;0;0;0;0;0;0;0;0;0;0;0;0;0
FR;12;2022-03-05;0;0;0;0;0;0;0;0;0;0;0;0;0;0;0;0;0;0
FR;12;2022-03-06;0;0;0;0;0;0;0;0;0;0;0;0;0;0;0;0;0;0
FR;12;2022-03-07;0;0;0;0;0;0;0;0;0;0;0;0;0;0;0;0;0;0
FR;12;2022-03-08;0;0;0;0;0;0;0;0;0;0;0;0;0;0;0;0;0;0
FR;12;2022-03-09;0;0;0;0;0;0;0;0;0;0;0;0;0;0;0;0;0;0
FR;12;2022-03-10;0;0;0;0;0;0;0;0;0;0;0;0;0;0;0;0;0;0
FR;12;2022-03-11;0;0;0;0;0;0;0;0;0;0;0;0;0;0;0;0;0;0
FR;12;2022-03-12;0;0;0;0;0;0;0;0;0;0;0;0;0;0;0;0;0;0
FR;12;2022-03-13;0;0;0;0;0;0;0;0;0;0;0;0;0;0;0;0;0;0
FR;12;2022-03-14;0;0;0;0;0;0;0;0;0;0;0;0;0;0;0;0;0;0
FR;12;2022-03-15;0;0;0;0;0;0;0;0;0;0;0;0;0;0;0;0;0;0
FR;12;2022-03-16;0;0;0;0;0;0;0;0;0;0;0;0;0;0;0;0;0;0
FR;12;2022-03-17;0;0;0;0;0;0;0;0;0;0;0;0;0;0;0;0;0;0
FR;12;2022-03-18;0;0;0;0;0;0;0;0;0;0;0;0;0;0;0;0;0;0
FR;12;2022-03-19;0;0;0;0;0;0;0;0;0;0;0;0;0;0;0;0;0;0
FR;12;2022-03-20;0;0;0;0;0;0;0;0;0;0;0;0;0;0;0;0;0;0
FR;12;2022-03-21;0;0;0;0;0;0;0;0;0;0;0;0;0;0;0;0;0;0
FR;12;2022-03-22;0;0;0;0;0;0;0;0;0;0;0;0;0;0;0;0;0;0
FR;12;2022-03-23;0;0;0;0;0;0;0;0;0;0;0;0;0;0;0;0;0;0
FR;12;2022-03-24;0;0;0;0;0;0;0;0;0;0;0;0;0;0;0;0;0;0
FR;12;2022-03-25;0;0;0;0;0;0;0;0;0;0;0;0;0;0;0;0;0;0
FR;12;2022-03-26;0;0;0;0;0;0;0;0;0;0;0;0;0;0;0;0;0;0
FR;12;2022-03-27;0;0;0;0;0;0;0;0;0;0;0;0;0;0;0;0;0;0
FR;12;2022-03-28;0;0;0;0;0;0;0;0;0;0;0;0;0;0;0;0;0;0
FR;12;2022-03-29;0;0;0;0;0;0;0;0;0;0;0;0;0;0;0;0;0;0
FR;12;2022-03-30;0;0;0;0;0;0;0;0;0;0;0;0;0;0;0;0;0;0
FR;12;2022-03-31;0;0;0;0;0;0;0;0;0;0;0;0;0;0;0;0;0;0
FR;12;2022-04-01;0;0;0;0;0;0;0;0;0;0;0;0;0;0;0;0;0;0
FR;12;2022-04-02;0;0;0;0;0;0;0;0;0;0;0;0;0;0;0;0;0;0
FR;12;2022-04-03;0;0;0;0;0;0;0;0;0;0;0;0;0;0;0;0;0;0
FR;12;2022-04-04;0;0;0;0;0;0;0;0;0;0;0;0;0;0;0;0;0;0
FR;12;2022-04-05;0;0;0;0;0;0;0;0;0;0;0;0;0;0;0;0;0;0
FR;12;2022-04-06;0;0;0;0;0;0;0;0;0;0;0;0;0;0;0;0;0;0
FR;12;2022-04-07;0;0;0;0;0;0;0;0;0;0;0;0;0;0;0;0;0;0
FR;12;2022-04-08;0;0;0;0;0;0;0;0;0;0;0;0;0;0;0;0;0;0
FR;12;2022-04-09;0;0;0;0;0;0;0;0;0;0;0;0;0;0;0;0;0;0
FR;12;2022-04-10;0;0;0;0;0;0;0;0;0;0;0;0;0;0;0;0;0;0
FR;12;2022-04-11;0;0;0;0;0;0;0;0;0;0;0;0;0;0;0;0;0;0
FR;12;2022-04-12;0;0;0;0;0;0;0;0;0;0;0;0;0;0;0;0;0;0
FR;12;2022-04-13;0;0;0;0;0;0;0;0;0;0;0;0;0;0;0;0;0;0
FR;12;2022-04-14;0;0;0;0;0;0;0;0;0;0;0;0;0;0;0;0;0;0
FR;12;2022-04-15;0;0;0;0;0;0;0;0;0;0;0;0;0;0;0;0;0;0
FR;12;2022-04-16;0;0;0;0;0;0;0;0;0;0;0;0;0;0;0;0;0;0
FR;12;2022-04-17;0;0;0;0;0;0;0;0;0;0;0;0;0;0;0;0;0;0
FR;12;2022-04-18;0;0;0;0;0;0;0;0;0;0;0;0;0;0;0;0;0;0
FR;12;2022-04-19;0;0;0;0;0;0;0;0;0;0;0;0;0;0;0;0;0;0
FR;12;2022-04-20;0;0;0;0;0;0;0;0;0;0;0;0;0;0;0;0;0;0
FR;12;2022-04-21;0;0;0;0;0;0;0;0;0;0;0;0;0;0;0;0;0;0
FR;12;2022-04-22;0;0;0;0;0;0;0;0;0;0;0;0;0;0;0;0;0;0
FR;12;2022-04-23;0;0;0;0;0;0;0;0;0;0;0;0;0;0;0;0;0;0
FR;12;2022-04-24;0;0;0;0;0;0;0;0;0;0;0;0;0;0;0;0;0;0
FR;12;2022-04-25;0;0;0;0;0;0;0;0;0;0;0;0;0;0;0;0;0;0
FR;12;2022-04-26;0;0;0;0;0;0;0;0;0;0;0;0;0;0;0;0;0;0
FR;12;2022-04-27;0;0;0;0;0;0;0;0;0;0;0;0;0;0;0;0;0;0
FR;12;2022-04-28;0;0;0;0;0;0;0;0;0;0;0;0;0;0;0;0;0;0
FR;12;2022-04-29;0;0;0;0;0;0;0;0;0;0;0;0;0;0;0;0;0;0
FR;12;2022-04-30;0;0;0;0;0;0;0;0;0;0;0;0;0;0;0;0;0;0
FR;12;2022-05-01;0;0;0;0;0;0;0;0;0;0;0;0;0;0;0;0;0;0
FR;12;2022-05-02;0;0;0;0;0;0;0;0;0;0;0;0;0;0;0;0;0;0
FR;12;2022-05-03;0;0;0;0;0;0;0;0;0;0;0;0;0;0;0;0;0;0
FR;12;2022-05-04;0;0;0;0;0;0;0;0;0;0;0;0;0;0;0;0;0;0
FR;12;2022-05-05;0;0;0;0;0;0;0;0;0;0;0;0;0;0;0;0;0;0
FR;12;2022-05-06;0;0;0;0;0;0;0;0;0;0;0;0;0;0;0;0;0;0
FR;12;2022-05-07;0;0;0;0;0;0;0;0;0;0;0;0;0;0;0;0;0;0
FR;12;2022-05-08;0;0;0;0;0;0;0;0;0;0;0;0;0;0;0;0;0;0
FR;12;2022-05-09;0;0;0;0;0;0;0;0;0;0;0;0;0;0;0;0;0;0
FR;12;2022-05-10;0;0;0;0;0;0;0;0;0;0;0;0;0;0;0;0;0;0
FR;12;2022-05-11;0;0;0;0;0;0;0;0;0;0;0;0;0;0;0;0;0;0
FR;12;2022-05-12;0;0;0;0;0;0;0;0;0;0;0;0;0;0;0;0;0;0
FR;12;2022-05-13;0;0;0;0;0;0;0;0;0;0;0;0;0;0;0;0;0;0
FR;12;2022-05-14;0;0;0;0;0;0;0;0;0;0;0;0;0;0;0;0;0;0
FR;12;2022-05-15;0;0;0;0;0;0;0;0;0;0;0;0;0;0;0;0;0;0
FR;12;2022-05-16;0;0;0;0;0;0;0;0;0;0;0;0;0;0;0;0;0;0
FR;12;2022-05-17;0;0;0;0;0;0;0;0;0;0;0;0;0;0;0;0;0;0
FR;12;2022-05-18;0;0;0;0;0;0;0;0;0;0;0;0;0;0;0;0;0;0
FR;12;2022-05-19;0;0;0;0;0;0;0;0;0;0;0;0;0;0;0;0;0;0
FR;12;2022-05-20;0;0;0;0;0;0;0;0;0;0;0;0;0;0;0;0;0;0
FR;12;2022-05-21;0;0;0;0;0;0;0;0;0;0;0;0;0;0;0;0;0;0
FR;12;2022-05-22;0;0;0;0;0;0;0;0;0;0;0;0;0;0;0;0;0;0
FR;12;2022-05-23;0;0;0;0;0;0;0;0;0;0;0;0;0;0;0;0;0;0
FR;12;2022-05-24;0;0;0;0;0;0;0;0;0;0;0;0;0;0;0;0;0;0
FR;12;2022-05-25;0;0;0;0;0;0;0;0;0;0;0;0;0;0;0;0;0;0
FR;12;2022-05-26;0;0;0;0;0;0;0;0;0;0;0;0;0;0;0;0;0;0
FR;12;2022-05-27;0;0;0;0;0;0;0;0;0;0;0;0;0;0;0;0;0;0
FR;12;2022-05-28;0;0;0;0;0;0;0;0;0;0;0;0;0;0;0;0;0;0
FR;12;2022-05-29;0;0;0;0;0;0;0;0;0;0;0;0;0;0;0;0;0;0
FR;12;2022-05-30;0;0;0;0;0;0;0;0;0;0;0;0;0;0;0;0;0;0
FR;12;2022-05-31;0;0;0;0;0;0;0;0;0;0;0;0;0;0;0;0;0;0
FR;12;2022-06-01;0;0;0;0;0;0;0;0;0;0;0;0;0;0;0;0;0;0
FR;12;2022-06-02;0;0;0;0;0;0;0;0;0;0;0;0;0;0;0;0;0;0
FR;12;2022-06-03;0;0;0;0;0;0;0;0;0;0;0;0;0;0;0;0;0;0
FR;12;2022-06-04;0;0;0;0;0;0;0;0;0;0;0;0;0;0;0;0;0;0
FR;12;2022-06-05;0;0;0;0;0;0;0;0;0;0;0;0;0;0;0;0;0;0
FR;12;2022-06-06;0;0;0;0;0;0;0;0;0;0;0;0;0;0;0;0;0;0
FR;12;2022-06-07;0;0;0;0;0;0;0;0;0;0;0;0;0;0;0;0;0;0
FR;12;2022-06-08;0;0;0;0;0;0;0;0;0;0;0;0;0;0;0;0;0;0
FR;12;2022-06-09;0;0;0;0;0;0;0;0;0;0;0;0;0;0;0;0;0;0
FR;12;2022-06-10;0;0;0;0;0;0;0;0;0;0;0;0;0;0;0;0;0;0
FR;12;2022-06-11;0;0;0;0;0;0;0;0;0;0;0;0;0;0;0;0;0;0
FR;12;2022-06-12;0;0;0;0;0;0;0;0;0;0;0;0;0;0;0;0;0;0
FR;12;2022-06-13;0;0;0;0;0;0;0;0;0;0;0;0;0;0;0;0;0;0
FR;12;2022-06-14;0;0;0;0;0;0;0;0;0;0;0;0;0;0;0;0;0;0
FR;12;2022-06-15;0;0;0;0;0;0;0;0;0;0;0;0;0;0;0;0;0;0
FR;12;2022-06-16;0;0;0;0;0;0;0;0;0;0;0;0;0;0;0;0;0;0
FR;12;2022-06-17;0;0;0;0;0;0;0;0;0;0;0;0;0;0;0;0;0;0
FR;12;2022-06-18;0;0;0;0;0;0;0;0;0;0;0;0;0;0;0;0;0;0
FR;12;2022-06-19;0;0;0;0;0;0;0;0;0;0;0;0;0;0;0;0;0;0
FR;12;2022-06-20;0;0;0;0;0;0;0;0;0;0;0;0;0;0;0;0;0;0
FR;12;2022-06-21;0;0;0;0;0;0;0;0;0;0;0;0;0;0;0;0;0;0
FR;12;2022-06-22;0;0;0;0;0;0;0;0;0;0;0;0;0;0;0;0;0;0
FR;12;2022-06-23;0;0;0;0;0;0;0;0;0;0;0;0;0;0;0;0;0;0
FR;12;2022-06-24;0;0;0;0;0;0;0;0;0;0;0;0;0;0;0;0;0;0
FR;12;2022-06-25;0;0;0;0;0;0;0;0;0;0;0;0;0;0;0;0;0;0
FR;12;2022-06-26;0;0;0;0;0;0;0;0;0;0;0;0;0;0;0;0;0;0
FR;12;2022-06-27;0;0;0;0;0;0;0;0;0;0;0;0;0;0;0;0;0;0
FR;12;2022-06-28;0;0;0;0;0;0;0;0;0;0;0;0;0;0;0;0;0;0
FR;12;2022-06-29;0;0;0;0;0;0;0;0;0;0;0;0;0;0;0;0;0;0
FR;12;2022-06-30;0;0;0;0;0;0;0;0;0;0;0;0;0;0;0;0;0;0
FR;12;2022-07-01;0;0;0;0;0;0;0;0;0;0;0;0;0;0;0;0;0;0
FR;12;2022-07-02;0;0;0;0;0;0;0;0;0;0;0;0;0;0;0;0;0;0
FR;12;2022-07-03;0;0;0;0;0;0;0;0;0;0;0;0;0;0;0;0;0;0
FR;12;2022-07-04;0;0;0;0;0;0;0;0;0;0;0;0;0;0;0;0;0;0
FR;12;2022-07-05;0;0;0;0;0;0;0;0;0;0;0;0;0;0;0;0;0;0
FR;12;2022-07-06;0;0;0;0;0;0;0;0;0;0;0;0;0;0;0;0;0;0
FR;12;2022-07-07;0;0;0;0;0;0;0;0;0;0;0;0;0;0;0;0;0;0
FR;12;2022-07-08;0;0;0;0;0;0;0;0;0;0;0;0;0;0;0;0;0;0
FR;12;2022-07-09;0;0;0;0;0;0;0;0;0;0;0;0;0;0;0;0;0;0
FR;12;2022-07-10;0;0;0;0;0;0;0;0;0;0;0;0;0;0;0;0;0;0
FR;12;2022-07-11;0;0;0;0;0;0;0;0;0;0;0;0;0;0;0;0;0;0
FR;12;2022-07-12;0;0;0;0;0;0;0;0;0;0;0;0;0;0;0;0;0;0
FR;12;2022-07-13;0;0;0;0;0;0;0;0;0;0;0;0;0;0;0;0;0;0
FR;12;2022-07-14;0;0;0;0;0;0;0;0;0;0;0;0;0;0;0;0;0;0
FR;12;2022-07-15;0;0;0;0;0;0;0;0;0;0;0;0;0;0;0;0;0;0
FR;12;2022-07-16;0;0;0;0;0;0;0;0;0;0;0;0;0;0;0;0;0;0
FR;12;2022-07-17;0;0;0;0;0;0;0;0;0;0;0;0;0;0;0;0;0;0
FR;12;2022-07-18;0;0;0;0;0;0;0;0;0;0;0;0;0;0;0;0;0;0
FR;12;2022-07-19;0;0;0;0;0;0;0;0;0;0;0;0;0;0;0;0;0;0
FR;12;2022-07-20;0;0;0;0;0;0;0;0;0;0;0;0;0;0;0;0;0;0
FR;12;2022-07-21;0;0;0;0;0;0;0;0;0;0;0;0;0;0;0;0;0;0
FR;12;2022-07-22;0;0;0;0;0;0;0;0;0;0;0;0;0;0;0;0;0;0
FR;12;2022-07-23;0;0;0;0;0;0;0;0;0;0;0;0;0;0;0;0;0;0
FR;12;2022-07-24;0;0;0;0;0;0;0;0;0;0;0;0;0;0;0;0;0;0
FR;12;2022-07-25;0;0;0;0;0;0;0;0;0;0;0;0;0;0;0;0;0;0
FR;12;2022-07-26;0;0;0;0;0;0;0;0;0;0;0;0;0;0;0;0;0;0
FR;12;2022-07-27;0;0;0;0;0;0;0;0;0;0;0;0;0;0;0;0;0;0
FR;12;2022-07-28;0;0;0;0;0;0;0;0;0;0;0;0;0;0;0;0;0;0
FR;12;2022-07-29;0;0;0;0;0;0;0;0;0;0;0;0;0;0;0;0;0;0
FR;12;2022-07-30;0;0;0;0;0;0;0;0;0;0;0;0;0;0;0;0;0;0
FR;12;2022-07-31;0;0;0;0;0;0;0;0;0;0;0;0;0;0;0;0;0;0
FR;12;2022-08-01;0;0;0;0;0;0;0;0;0;0;0;0;0;0;0;0;0;0
FR;12;2022-08-02;0;0;0;0;0;0;0;0;0;0;0;0;0;0;0;0;0;0
FR;12;2022-08-03;0;0;0;0;0;0;0;0;0;0;0;0;0;0;0;0;0;0
FR;12;2022-08-04;0;0;0;0;0;0;0;0;0;0;0;0;0;0;0;0;0;0
FR;12;2022-08-05;0;0;0;0;0;0;0;0;0;0;0;0;0;0;0;0;0;0
FR;12;2022-08-06;0;0;0;0;0;0;0;0;0;0;0;0;0;0;0;0;0;0
FR;12;2022-08-07;0;0;0;0;0;0;0;0;0;0;0;0;0;0;0;0;0;0
FR;12;2022-08-08;0;0;0;0;0;0;0;0;0;0;0;0;0;0;0;0;0;0
FR;12;2022-08-09;0;0;0;0;0;0;0;0;0;0;0;0;0;0;0;0;0;0
FR;12;2022-08-10;0;0;0;0;0;0;0;0;0;0;0;0;0;0;0;0;0;0
FR;12;2022-08-11;0;0;0;0;0;0;0;0;0;0;0;0;0;0;0;0;0;0
FR;12;2022-08-12;0;0;0;0;0;0;0;0;0;0;0;0;0;0;0;0;0;0
FR;12;2022-08-13;0;0;0;0;0;0;0;0;0;0;0;0;0;0;0;0;0;0
FR;12;2022-08-14;0;0;0;0;0;0;0;0;0;0;0;0;0;0;0;0;0;0
FR;12;2022-08-15;0;0;0;0;0;0;0;0;0;0;0;0;0;0;0;0;0;0
FR;12;2022-08-16;0;0;0;0;0;0;0;0;0;0;0;0;0;0;0;0;0;0
FR;12;2022-08-17;0;0;0;0;0;0;0;0;0;0;0;0;0;0;0;0;0;0
FR;12;2022-08-18;0;0;0;0;0;0;0;0;0;0;0;0;0;0;0;0;0;0
FR;12;2022-08-19;0;0;0;0;0;0;0;0;0;0;0;0;0;0;0;0;0;0
FR;12;2022-08-20;0;0;0;0;0;0;0;0;0;0;0;0;0;0;0;0;0;0
FR;12;2022-08-21;0;0;0;0;0;0;0;0;0;0;0;0;0;0;0;0;0;0
FR;12;2022-08-22;0;0;0;0;0;0;0;0;0;0;0;0;0;0;0;0;0;0
FR;12;2022-08-23;0;0;0;0;0;0;0;0;0;0;0;0;0;0;0;0;0;0
FR;12;2022-08-24;0;0;0;0;0;0;0;0;0;0;0;0;0;0;0;0;0;0
FR;12;2022-08-25;0;0;0;0;0;0;0;0;0;0;0;0;0;0;0;0;0;0
FR;12;2022-08-26;0;0;0;0;0;0;0;0;0;0;0;0;0;0;0;0;0;0
FR;12;2022-08-27;0;0;0;0;0;0;0;0;0;0;0;0;0;0;0;0;0;0
FR;12;2022-08-28;0;0;0;0;0;0;0;0;0;0;0;0;0;0;0;0;0;0
FR;12;2022-08-29;0;0;0;0;0;0;0;0;0;0;0;0;0;0;0;0;0;0
FR;12;2022-08-30;0;0;0;0;0;0;0;0;0;0;0;0;0;0;0;0;0;0
FR;12;2022-08-31;0;0;0;0;0;0;0;0;0;0;0;0;0;0;0;0;0;0
FR;12;2022-09-01;0;0;0;0;0;0;0;0;0;0;0;0;0;0;0;0;0;0
FR;12;2022-09-02;0;0;0;0;0;0;0;0;0;0;0;0;0;0;0;0;0;0
FR;12;2022-09-03;0;0;0;0;0;0;0;0;0;0;0;0;0;0;0;0;0;0
FR;12;2022-09-04;0;0;0;0;0;0;0;0;0;0;0;0;0;0;0;0;0;0
FR;12;2022-09-05;0;0;0;0;0;0;0;0;0;0;0;0;0;0;0;0;0;0
FR;12;2022-09-06;0;0;0;0;0;0;0;0;0;0;0;0;0;0;0;0;0;0
FR;12;2022-09-07;0;0;0;0;0;0;0;0;0;0;0;0;0;0;0;0;0;0
FR;12;2022-09-08;0;0;0;0;0;0;0;0;0;0;0;0;0;0;0;0;0;0
FR;12;2022-09-09;0;0;0;0;0;0;0;0;0;0;0;0;0;0;0;0;0;0
FR;12;2022-09-10;0;0;0;0;0;0;0;0;0;0;0;0;0;0;0;0;0;0
FR;12;2022-09-11;0;0;0;0;0;0;0;0;0;0;0;0;0;0;0;0;0;0
FR;12;2022-09-12;0;0;0;0;0;0;0;0;0;0;0;0;0;0;0;0;0;0
FR;12;2022-09-13;0;0;0;0;0;0;0;0;0;0;0;0;0;0;0;0;0;0
FR;12;2022-09-14;0;0;0;0;0;0;0;0;0;0;0;0;0;0;0;0;0;0
FR;12;2022-09-15;0;0;0;0;0;0;0;0;0;0;0;0;0;0;0;0;0;0
FR;12;2022-09-16;0;0;0;0;0;0;0;0;0;0;0;0;0;0;0;0;0;0
FR;12;2022-09-17;0;0;0;0;0;0;0;0;0;0;0;0;0;0;0;0;0;0
FR;12;2022-09-18;0;0;0;0;0;0;0;0;0;0;0;0;0;0;0;0;0;0
FR;12;2022-09-19;0;0;0;0;0;0;0;0;0;0;0;0;0;0;0;0;0;0
FR;12;2022-09-20;0;0;0;0;0;0;0;0;0;0;0;0;0;0;0;0;0;0
FR;12;2022-09-21;0;0;0;0;0;0;0;0;0;0;0;0;0;0;0;0;0;0
FR;12;2022-09-22;0;0;0;0;0;0;0;0;0;0;0;0;0;0;0;0;0;0
FR;12;2022-09-23;0;0;0;0;0;0;0;0;0;0;0;0;0;0;0;0;0;0
FR;12;2022-09-24;0;0;0;0;0;0;0;0;0;0;0;0;0;0;0;0;0;0
FR;12;2022-09-25;0;0;0;0;0;0;0;0;0;0;0;0;0;0;0;0;0;0
FR;12;2022-09-26;0;0;0;0;0;0;0;0;0;0;0;0;0;0;0;0;0;0
FR;12;2022-09-27;0;0;0;0;0;0;0;0;0;0;0;0;0;0;0;0;0;0
FR;12;2022-09-28;0;0;0;0;0;0;0;0;0;0;0;0;0;0;0;0;0;0
FR;12;2022-09-29;0;0;0;0;0;0;0;0;0;0;0;0;0;0;0;0;0;0
FR;12;2022-09-30;0;0;0;0;0;0;0;0;0;0;0;0;0;0;0;0;0;0
FR;12;2022-10-01;0;0;0;0;0;0;0;0;0;0;0;0;0;0;0;0;0;0
FR;12;2022-10-02;0;0;0;0;0;0;0;0;0;0;0;0;0;0;0;0;0;0
FR;12;2022-10-03;0;0;0;0;0;0;0;0;0;0;0;0;0;0;0;0;0;0
FR;12;2022-10-04;0;0;0;0;0;0;0;0;0;0;0;0;0;0;0;0;0;0
FR;12;2022-10-05;0;0;0;0;0;0;0;0;0;0;0;0;0;0;0;0;0;0
FR;12;2022-10-06;0;0;0;0;0;0;0;0;0;0;0;0;0;0;0;0;0;0
FR;12;2022-10-07;0;0;0;0;0;0;0;0;0;0;0;0;0;0;0;0;0;0
FR;12;2022-10-08;0;0;0;0;0;0;0;0;0;0;0;0;0;0;0;0;0;0
FR;12;2022-10-09;0;0;0;0;0;0;0;0;0;0;0;0;0;0;0;0;0;0
FR;12;2022-10-10;0;0;0;0;0;0;0;0;0;0;0;0;0;0;0;0;0;0
FR;12;2022-10-11;0;0;0;0;0;0;0;0;0;0;0;0;0;0;0;0;0;0
FR;12;2022-10-12;0;0;0;0;0;0;0;0;0;0;0;0;0;0;0;0;0;0
FR;12;2022-10-13;0;0;0;0;0;0;0;0;0;0;0;0;0;0;0;0;0;0
FR;12;2022-10-14;0;0;0;0;0;0;0;0;0;0;0;0;0;0;0;0;0;0
FR;12;2022-10-15;0;0;0;0;0;0;0;0;0;0;0;0;0;0;0;0;0;0
FR;12;2022-10-16;0;0;0;0;0;0;0;0;0;0;0;0;0;0;0;0;0;0
FR;12;2022-10-17;0;0;0;0;0;0;0;0;0;0;0;0;0;0;0;0;0;0
FR;12;2022-10-18;0;0;0;0;0;0;0;0;0;0;0;0;0;0;0;0;0;0
FR;12;2022-10-19;0;0;0;0;0;0;0;0;0;0;0;0;0;0;0;0;0;0
FR;12;2022-10-20;0;0;0;0;0;0;0;0;0;0;0;0;0;0;0;0;0;0
FR;12;2022-10-21;0;0;0;0;0;0;0;0;0;0;0;0;0;0;0;0;0;0
FR;12;2022-10-22;0;0;0;0;0;0;0;0;0;0;0;0;0;0;0;0;0;0
FR;12;2022-10-23;0;0;0;0;0;0;0;0;0;0;0;0;0;0;0;0;0;0
FR;12;2022-10-24;0;0;0;0;0;0;0;0;0;0;0;0;0;0;0;0;0;0
FR;12;2022-10-25;0;0;0;0;0;0;0;0;0;0;0;0;0;0;0;0;0;0
FR;12;2022-10-26;0;0;0;0;0;0;0;0;0;0;0;0;0;0;0;0;0;0
FR;12;2022-10-27;0;0;0;0;0;0;0;0;0;0;0;0;0;0;0;0;0;0
FR;12;2022-10-28;0;0;0;0;0;0;0;0;0;0;0;0;0;0;0;0;0;0
FR;12;2022-10-29;0;0;0;0;0;0;0;0;0;0;0;0;0;0;0;0;0;0
FR;12;2022-10-30;0;0;0;0;0;0;0;0;0;0;0;0;0;0;0;0;0;0
FR;12;2022-10-31;0;0;0;0;0;0;0;0;0;0;0;0;0;0;0;0;0;0
FR;12;2022-11-01;0;0;0;0;0;0;0;0;0;0;0;0;0;0;0;0;0;0
FR;12;2022-11-02;0;0;0;0;0;0;0;0;0;0;0;0;0;0;0;0;0;0
FR;12;2022-11-03;0;0;0;0;0;0;0;0;0;0;0;0;0;0;0;0;0;0
FR;12;2022-11-04;0;0;0;0;0;0;0;0;0;0;0;0;0;0;0;0;0;0
FR;12;2022-11-05;0;0;0;0;0;0;0;0;0;0;0;0;0;0;0;0;0;0
FR;12;2022-11-06;0;0;0;0;0;0;0;0;0;0;0;0;0;0;0;0;0;0
FR;12;2022-11-07;0;0;0;0;0;0;0;0;0;0;0;0;0;0;0;0;0;0
FR;12;2022-11-08;0;0;0;0;0;0;0;0;0;0;0;0;0;0;0;0;0;0
FR;12;2022-11-09;0;0;0;0;0;0;0;0;0;0;0;0;0;0;0;0;0;0
FR;12;2022-11-10;0;0;0;0;0;0;0;0;0;0;0;0;0;0;0;0;0;0
FR;12;2022-11-11;0;0;0;0;0;0;0;0;0;0;0;0;0;0;0;0;0;0
FR;12;2022-11-12;0;0;0;0;0;0;0;0;0;0;0;0;0;0;0;0;0;0
FR;12;2022-11-13;0;0;0;0;0;0;0;0;0;0;0;0;0;0;0;0;0;0
FR;12;2022-11-14;0;0;0;0;0;0;0;0;0;0;0;0;0;0;0;0;0;0
FR;12;2022-11-15;0;0;0;0;0;0;0;0;0;0;0;0;0;0;0;0;0;0
FR;12;2022-11-16;0;0;0;0;0;0;0;0;0;0;0;0;0;0;0;0;0;0
FR;12;2022-11-17;0;0;0;0;0;0;0;0;0;0;0;0;0;0;0;0;0;0
FR;12;2022-11-18;0;0;0;0;0;0;0;0;0;0;0;0;0;0;0;0;0;0
FR;12;2022-11-19;0;0;0;0;0;0;0;0;0;0;0;0;0;0;0;0;0;0
FR;12;2022-11-20;0;0;0;0;0;0;0;0;0;0;0;0;0;0;0;0;0;0
FR;12;2022-11-21;0;0;0;0;0;0;0;0;0;0;0;0;0;0;0;0;0;0
FR;12;2022-11-22;0;0;0;0;0;0;0;0;0;0;0;0;0;0;0;0;0;0
FR;12;2022-11-23;0;0;0;0;0;0;0;0;0;0;0;0;0;0;0;0;0;0
FR;12;2022-11-24;0;0;0;0;0;0;0;0;0;0;0;0;0;0;0;0;0;0
FR;12;2022-11-25;0;0;0;0;0;0;0;0;0;0;0;0;0;0;0;0;0;0
FR;12;2022-11-26;0;0;0;0;0;0;0;0;0;0;0;0;0;0;0;0;0;0
FR;12;2022-11-27;0;0;0;0;0;0;0;0;0;0;0;0;0;0;0;0;0;0
FR;12;2022-11-28;0;0;0;0;0;0;0;0;0;0;0;0;0;0;0;0;0;0
FR;12;2022-11-29;0;0;0;0;0;0;0;0;0;0;0;0;0;0;0;0;0;0
FR;12;2022-11-30;0;0;0;0;0;0;0;0;0;0;0;0;0;0;0;0;0;0
FR;12;2022-12-01;0;0;0;0;0;0;0;0;0;0;0;0;0;0;0;0;0;0
FR;12;2022-12-02;0;0;0;0;0;0;0;0;0;0;0;0;0;0;0;0;0;0
FR;12;2022-12-03;0;0;0;0;0;0;0;0;0;0;0;0;0;0;0;0;0;0
FR;12;2022-12-04;0;0;0;0;0;0;0;0;0;0;0;0;0;0;0;0;0;0
FR;12;2022-12-05;0;0;0;0;0;0;0;0;0;0;0;0;0;0;0;0;0;0
FR;12;2022-12-06;0;0;0;0;0;0;0;0;0;0;0;0;0;0;0;0;0;0
FR;12;2022-12-07;0;0;0;0;0;0;0;0;0;0;0;0;0;0;0;0;0;0
FR;12;2022-12-08;0;0;0;0;0;0;0;0;0;0;0;0;0;0;0;0;0;0
FR;12;2022-12-09;0;0;0;0;0;0;0;0;0;0;0;0;0;0;0;0;0;0
FR;12;2022-12-10;0;0;0;0;0;0;0;0;0;0;0;0;0;0;0;0;0;0
FR;12;2022-12-11;0;0;0;0;0;0;0;0;0;0;0;0;0;0;0;0;0;0
FR;12;2022-12-12;0;0;0;0;0;0;0;0;0;0;0;0;0;0;0;0;0;0
FR;12;2022-12-13;0;0;0;0;0;0;0;0;0;0;0;0;0;0;0;0;0;0
FR;12;2022-12-14;0;0;0;0;0;0;0;0;0;0;0;0;0;0;0;0;0;0
FR;12;2022-12-15;0;0;0;0;0;0;0;0;0;0;0;0;0;0;0;0;0;0
FR;12;2022-12-16;0;0;0;0;0;0;0;0;0;0;0;0;0;0;0;0;0;0
FR;12;2022-12-17;0;0;0;0;0;0;0;0;0;0;0;0;0;0;0;0;0;0
FR;12;2022-12-18;0;0;0;0;0;0;0;0;0;0;0;0;0;0;0;0;0;0
FR;12;2022-12-19;0;0;0;0;0;0;0;0;0;0;0;0;0;0;0;0;0;0
FR;12;2022-12-20;0;0;0;0;0;0;0;0;0;0;0;0;0;0;0;0;0;0
FR;12;2022-12-21;0;0;0;0;0;0;0;0;0;0;0;0;0;0;0;0;0;0
FR;12;2022-12-22;0;0;0;0;0;0;0;0;0;0;0;0;0;0;0;0;0;0
FR;12;2022-12-23;0;0;0;0;0;0;0;0;0;0;0;0;0;0;0;0;0;0
FR;12;2022-12-24;0;0;0;0;0;0;0;0;0;0;0;0;0;0;0;0;0;0
FR;12;2022-12-25;0;0;0;0;0;0;0;0;0;0;0;0;0;0;0;0;0;0
FR;12;2022-12-26;0;0;0;0;0;0;0;0;0;0;0;0;0;0;0;0;0;0
FR;12;2022-12-27;0;0;0;0;0;0;0;0;0;0;0;0;0;0;0;0;0;0
FR;12;2022-12-28;0;0;0;0;0;0;0;0;0;0;0;0;0;0;0;0;0;0
FR;12;2022-12-29;0;0;0;0;0;0;0;0;0;0;0;0;0;0;0;0;0;0
FR;12;2022-12-30;0;0;0;0;0;0;0;0;0;0;0;0;0;0;0;0;0;0
FR;12;2022-12-31;0;0;0;0;0;0;0;0;0;0;0;0;0;0;0;0;0;0
FR;12;2023-01-01;0;0;0;0;0;0;0;0;0;0;0;0;0;0;0;0;0;0
FR;12;2023-01-02;0;0;0;0;0;0;0;0;0;0;0;0;0;0;0;0;0;0
FR;12;2023-01-03;0;0;0;0;0;0;0;0;0;0;0;0;0;0;0;0;0;0
FR;12;2023-01-04;0;0;0;0;0;0;0;0;0;0;0;0;0;0;0;0;0;0
FR;12;2023-01-05;0;0;0;0;0;0;0;0;0;0;0;0;0;0;0;0;0;0
FR;12;2023-01-06;0;0;0;0;0;0;0;0;0;0;0;0;0;0;0;0;0;0
FR;12;2023-01-07;0;0;0;0;0;0;0;0;0;0;0;0;0;0;0;0;0;0
FR;12;2023-01-08;0;0;0;0;0;0;0;0;0;0;0;0;0;0;0;0;0;0
FR;12;2023-01-09;0;0;0;0;0;0;0;0;0;0;0;0;0;0;0;0;0;0
FR;12;2023-01-10;0;0;0;0;0;0;0;0;0;0;0;0;0;0;0;0;0;0
FR;12;2023-01-11;0;0;0;0;0;0;0;0;0;0;0;0;0;0;0;0;0;0
FR;12;2023-01-12;0;0;0;0;0;0;0;0;0;0;0;0;0;0;0;0;0;0
FR;12;2023-01-13;0;0;0;0;0;0;0;0;0;0;0;0;0;0;0;0;0;0
FR;12;2023-01-14;0;0;0;0;0;0;0;0;0;0;0;0;0;0;0;0;0;0
FR;12;2023-01-15;0;0;0;0;0;0;0;0;0;0;0;0;0;0;0;0;0;0
FR;12;2023-01-16;0;0;0;0;0;0;0;0;0;0;0;0;0;0;0;0;0;0
FR;12;2023-01-17;0;0;0;0;0;0;0;0;0;0;0;0;0;0;0;0;0;0
FR;12;2023-01-18;0;0;0;0;0;0;0;0;0;0;0;0;0;0;0;0;0;0
FR;12;2023-01-19;0;0;0;0;0;0;0;0;0;0;0;0;0;0;0;0;0;0
FR;12;2023-01-20;0;0;0;0;0;0;0;0;0;0;0;0;0;0;0;0;0;0
FR;12;2023-01-21;0;0;0;0;0;0;0;0;0;0;0;0;0;0;0;0;0;0
FR;12;2023-01-22;0;0;0;0;0;0;0;0;0;0;0;0;0;0;0;0;0;0
FR;12;2023-01-23;0;0;0;0;0;0;0;0;0;0;0;0;0;0;0;0;0;0
FR;12;2023-01-24;0;0;0;0;0;0;0;0;0;0;0;0;0;0;0;0;0;0
FR;12;2023-01-25;0;0;0;0;0;0;0;0;0;0;0;0;0;0;0;0;0;0
FR;12;2023-01-26;0;0;0;0;0;0;0;0;0;0;0;0;0;0;0;0;0;0
FR;12;2023-01-27;0;0;0;0;0;0;0;0;0;0;0;0;0;0;0;0;0;0
FR;12;2023-01-28;0;0;0;0;0;0;0;0;0;0;0;0;0;0;0;0;0;0
FR;12;2023-01-29;0;0;0;0;0;0;0;0;0;0;0;0;0;0;0;0;0;0
FR;12;2023-01-30;0;0;0;0;0;0;0;0;0;0;0;0;0;0;0;0;0;0
FR;12;2023-01-31;0;0;0;0;0;0;0;0;0;0;0;0;0;0;0;0;0;0
FR;12;2023-02-01;0;0;0;0;0;0;0;0;0;0;0;0;0;0;0;0;0;0
FR;12;2023-02-02;0;0;0;1;0;0;0;2;2;0;0;0;1;0;0;0;2;2
FR;12;2023-02-03;0;1;6;57;0;4;58;141;77;0;1;6;58;0;4;58;143;79
FR;12;2023-02-04;1;3;6;51;1;5;52;110;52;1;4;12;109;1;9;110;253;131
FR;12;2023-02-05;0;0;0;0;0;0;0;1;1;1;4;12;109;1;9;110;254;132
FR;12;2023-02-06;3;2;13;63;0;11;69;154;69;4;6;25;172;1;20;179;408;201
FR;12;2023-02-07;2;7;18;95;4;13;98;237;121;6;13;43;267;5;33;277;645;322
FR;12;2023-02-08;1;3;10;62;1;10;69;170;89;7;16;53;329;6;43;346;815;411
FR;12;2023-02-09;5;3;12;75;2;13;78;284;190;12;19;65;404;8;56;424;1099;601
FR;12;2023-02-10;4;2;22;140;4;12;150;327;162;16;21;87;544;12;68;574;1426;763
FR;12;2023-02-11;0;2;8;59;1;3;58;123;60;16;23;95;603;13;71;632;1549;823
FR;12;2023-02-12;0;0;0;3;0;0;3;7;3;16;23;95;606;13;71;635;1556;826
FR;12;2023-02-13;0;0;17;78;0;8;85;217;114;16;23;112;684;13;79;720;1773;940
FR;12;2023-02-14;3;5;17;96;5;14;99;229;108;19;28;129;780;18;93;819;2002;1048
FR;12;2023-02-15;3;5;19;85;0;13;86;236;132;22;33;148;865;18;106;905;2238;1180
FR;12;2023-02-16;5;3;16;107;3;13;103;247;129;27;36;164;972;21;119;1008;2485;1309
FR;12;2023-02-17;2;4;12;115;3;11;110;280;153;29;40;176;1087;24;130;1118;2765;1462
FR;12;2023-02-18;1;4;10;51;2;12;52;102;36;30;44;186;1138;26;142;1170;2867;1498
FR;12;2023-02-19;0;0;0;2;0;0;1;2;1;30;44;186;1140;26;142;1171;2869;1499
FR;12;2023-02-20;10;2;11;65;6;11;69;218;131;40;46;197;1205;32;153;1240;3087;1630
FR;12;2023-02-21;6;6;19;98;4;14;94;280;167;46;52;216;1303;36;167;1334;3367;1797
FR;12;2023-02-22;2;4;19;74;2;20;78;231;125;48;56;235;1377;38;187;1412;3598;1922
FR;12;2023-02-23;4;3;20;88;2;16;87;265;155;52;59;255;1465;40;203;1499;3863;2077
FR;12;2023-02-24;3;7;20;135;3;17;142;360;189;55;66;275;1600;43;220;1641;4223;2266
FR;12;2023-02-25;7;1;19;92;1;10;106;200;77;62;67;294;1692;44;230;1747;4423;2343
FR;12;2023-02-26;0;0;0;0;0;0;0;2;2;62;67;294;1692;44;230;1747;4425;2345
FR;12;2023-02-27;6;10;20;92;8;16;95;270;156;68;77;314;1784;52;246;1842;4695;2501
FR;12;2023-02-28;6;9;21;125;0;23;128;385;227;74;86;335;1909;52;269;1970;5080;2728
FR;12;2023-03-01;3;7;23;78;2;18;91;292;175;77;93;358;1987;54;287;2061;5372;2903
FR;12;2023-03-02;9;9;21;110;6;18;117;304;163;86;102;379;2097;60;305;2178;5676;3066
FR;12;2023-03-03;10;8;45;142;7;39;148;418;220;96;110;424;2239;67;344;2326;6094;3286
FR;12;2023-03-04;3;2;12;55;0;10;53;119;49;99;112;436;2294;67;354;2379;6213;3335
FR;12;2023-03-05;0;1;1;2;1;1;2;8;5;99;113;437;2296;68;355;2381;6221;3340
FR;12;2023-03-06;4;5;27;74;2;20;82;268;157;103;118;464;2370;70;375;2463;6489;3497
FR;12;2023-03-07;6;10;29;130;9;24;132;356;191;109;128;493;2500;79;399;2595;6845;3688
FR;12;2023-03-08;4;7;27;71;5;22;77;249;137;113;135;520;2571;84;421;2672;7094;3825
FR;12;2023-03-09;4;8;19;91;4;22;86;324;197;117;143;539;2662;88;443;2758;7418;4022
FR;12;2023-03-10;11;7;23;137;9;23;133;367;208;128;150;562;2799;97;466;2891;7785;4230
FR;12;2023-03-11;1;4;15;45;4;9;50;132;72;129;154;577;2844;101;475;2941;7917;4302
FR;12;2023-03-12;0;2;0;2;0;2;1;5;2;129;156;577;2846;101;477;2942;7922;4304
FR;12;2023-03-13;3;4;32;101;1;28;103;294;156;132;160;609;2947;102;505;3045;8216;4460
FR;12;2023-03-14;3;7;16;85;2;15;83;322;210;135;167;625;3032;104;520;3128;8538;4670
FR;12;2023-03-15;1;4;20;66;2;19;69;225;124;136;171;645;3098;106;539;3197;8763;4794
FR;12;2023-03-16;5;5;20;100;5;13;116;300;157;141;176;665;3198;111;552;3313;9063;4951
FR;12;2023-03-17;3;11;30;112;4;28;113;388;224;144;187;695;3310;115;580;3426;9451;5175
FR;12;2023-03-18;1;4;21;53;4;17;59;144;64;145;191;716;3363;119;597;3485;9595;5239
FR;12;2023-03-19;0;0;0;6;0;0;5;10;5;145;191;716;3369;119;597;3490;9605;5244
FR;12;2023-03-20;9;8;27;87;7;23;90;258;134;154;199;743;3456;126;620;3580;9863;5378
FR;12;2023-03-21;2;7;42;81;3;36;93;355;209;156;206;785;3537;129;656;3673;10218;5587
FR;12;2023-03-22;6;4;36;50;4;29;58;241;139;162;210;821;3587;133;685;3731;10459;5726
FR;12;2023-03-23;3;8;26;80;5;25;82;264;147;165;218;847;3667;138;710;3813;10723;5873
FR;12;2023-03-24;6;2;25;99;3;22;109;347;203;171;220;872;3766;141;732;3922;11070;6076
FR;12;2023-03-25;7;8;25;61;3;14;75;162;62;178;228;897;3827;144;746;3997;11232;6138
FR;12;2023-03-26;0;1;0;1;1;0;1;7;6;178;229;897;3828;145;746;3998;11239;6144
FR;12;2023-03-27;5;10;28;77;7;23;85;283;159;183;239;925;3905;152;769;4083;11522;6303
FR;12;2023-03-28;2;5;29;95;2;25;91;344;207;185;244;954;4000;154;794;4174;11866;6510
FR;12;2023-03-29;4;7;18;52;4;20;56;201;105;189;251;972;4052;158;814;4230;12067;6615
FR;12;2023-03-30;8;2;27;65;4;19;81;281;168;197;253;999;4117;162;833;4311;12348;6783
FR;12;2023-03-31;4;14;41;120;4;39;126;421;231;201;267;1040;4237;166;872;4437;12769;7014
FR;12;2023-04-01;1;8;17;44;4;13;48;139;63;202;275;1057;4281;170;885;4485;12908;7077
FR;12;2023-04-02;0;1;1;0;0;2;0;5;3;202;276;1058;4281;170;887;4485;12913;7080
FR;12;2023-04-03;5;3;35;89;3;18;111;299;159;207;279;1093;4370;173;905;4596;13212;7239
FR;12;2023-04-04;4;7;22;85;0;26;87;383;247;211;286;1115;4455;173;931;4683;13595;7486
FR;12;2023-04-05;4;9;21;60;5;23;57;229;136;215;295;1136;4515;178;954;4740;13824;7622
FR;12;2023-04-06;8;8;25;57;3;23;67;280;164;223;303;1161;4572;181;977;4807;14104;7786
FR;12;2023-04-07;4;11;29;98;8;25;110;387;219;227;314;1190;4670;189;1002;4917;14491;8005
FR;12;2023-04-08;1;5;11;38;2;9;38;117;56;228;319;1201;4708;191;1011;4955;14608;8061
FR;12;2023-04-09;0;0;2;1;0;1;2;5;2;228;319;1203;4709;191;1012;4957;14613;8063
FR;12;2023-04-10;0;1;2;2;1;0;5;9;4;228;320;1205;4711;192;1012;4962;14622;8067
FR;12;2023-04-11;5;8;27;87;6;16;98;297;161;233;328;1232;4798;198;1028;5060;14919;8228
FR;12;2023-04-12;3;12;16;52;4;23;60;260;154;236;340;1248;4850;202;1051;5120;15179;8382
FR;12;2023-04-13;3;5;22;58;2;17;65;253;141;239;345;1270;4908;204;1068;5185;15432;8523
FR;12;2023-04-14;6;13;20;90;8;16;96;393;247;245;358;1290;4998;212;1084;5281;15825;8770
FR;12;2023-04-15;5;0;14;34;0;7;40;107;48;250;358;1304;5032;212;1091;5321;15932;8818
FR;12;2023-04-16;0;0;1;2;0;0;2;4;2;250;358;1305;5034;212;1091;5323;15936;8820
FR;12;2023-04-17;3;2;18;40;2;19;40;181;97;253;360;1323;5074;214;1110;5363;16117;8917
FR;12;2023-04-18;6;6;18;56;2;14;63;272;144;259;366;1341;5130;216;1124;5426;16389;9061
FR;12;2023-04-19;3;7;11;40;2;11;38;149;81;262;373;1352;5170;218;1135;5464;16538;9142
FR;12;2023-04-20;2;3;14;51;1;10;58;210;116;264;376;1366;5221;219;1145;5522;16748;9258
FR;12;2023-04-21;4;6;25;60;5;19;68;255;148;268;382;1391;5281;224;1164;5590;17003;9406
FR;12;2023-04-22;3;8;11;22;6;9;29;94;36;271;390;1402;5303;230;1173;5619;17097;9442
FR;12;2023-04-23;0;0;1;0;0;1;1;3;1;271;390;1403;5303;230;1174;5620;17100;9443
FR;12;2023-04-24;2;6;11;42;5;11;49;171;98;273;396;1414;5345;235;1185;5669;17271;9541
FR;12;2023-04-25;0;3;15;46;1;15;51;203;117;273;399;1429;5391;236;1200;5720;17474;9658
FR;12;2023-04-26;3;3;16;36;1;14;42;170;88;276;402;1445;5427;237;1214;5762;17644;9746
FR;12;2023-04-27;4;4;13;46;3;13;46;193;108;280;406;1458;5473;240;1227;5808;17837;9854
FR;12;2023-04-28;5;8;19;61;3;19;71;304;176;285;414;1477;5534;243;1246;5879;18141;10030
FR;12;2023-04-29;2;3;10;23;3;6;28;91;43;287;417;1487;5557;246;1252;5907;18232;10073
FR;12;2023-04-30;0;0;0;0;0;0;0;0;0;287;417;1487;5557;246;1252;5907;18232;10073
FR;0;2020-12-27;616;0;0;0;55;0;0;0;0;616;0;0;0;55;0;0;0;0
FR;0;2020-12-28;708;1;0;0;44;0;0;0;0;1324;1;0;0;99;0;0;0;0
FR;0;2020-12-29;389;0;0;0;19;0;0;0;0;1713;1;0;0;118;0;0;0;0
FR;0;2020-12-30;456;0;0;0;20;0;0;0;0;2169;1;0;0;138;0;0;0;0
FR;0;2020-12-31;451;1;0;0;21;0;0;0;0;2620;2;0;0;159;0;0;0;0
FR;0;2021-01-01;1196;2;0;0;66;0;0;0;0;3816;4;0;0;225;0;0;0;0
FR;0;2021-01-02;369;4;0;0;29;0;0;0;0;4185;8;0;0;254;0;0;0;0
FR;0;2021-01-03;419;0;0;0;23;0;0;0;0;4604;8;0;0;277;0;0;0;0
FR;0;2021-01-04;2149;5;0;0;51;0;0;0;0;6753;13;0;0;328;0;0;0;0
FR;0;2021-01-05;7790;6;0;0;128;0;0;0;0;14543;19;0;0;456;0;0;0;0
FR;0;2021-01-06;12486;23;0;0;128;0;0;0;0;27029;42;0;0;584;0;0;0;0
FR;0;2021-01-07;29480;24;0;0;159;0;0;0;0;56509;66;0;0;743;0;0;0;0
FR;0;2021-01-08;37170;35;0;0;204;0;0;0;0;93679;101;0;0;947;0;0;0;0
FR;0;2021-01-09;11221;9;0;0;77;0;0;0;0;104900;110;0;0;1024;0;0;0;0
FR;0;2021-01-10;6017;8;0;0;28;0;0;0;0;110917;118;0;0;1052;0;0;0;0
FR;0;2021-01-11;39956;39;0;0;232;0;0;0;0;150873;157;0;0;1284;0;0;0;0
FR;0;2021-01-12;62165;31;0;0;299;0;0;0;0;213038;188;0;0;1583;0;0;0;0
FR;0;2021-01-13;65150;62;0;0;433;0;0;0;0;278188;250;0;0;2016;0;0;0;0
FR;0;2021-01-14;83109;262;0;0;1170;0;0;0;0;361297;512;0;0;3186;0;0;0;0
FR;0;2021-01-15;69037;102;0;0;556;0;0;0;0;430334;614;0;0;3742;0;0;0;0
FR;0;2021-01-16;20219;73;0;0;183;0;0;0;0;450553;687;0;0;3925;0;0;0;0
FR;0;2021-01-17;10993;54;0;0;137;0;0;0;0;461546;741;0;0;4062;0;0;0;0
FR;0;2021-01-18;85924;179;0;0;614;0;0;0;0;547470;920;0;0;4676;0;0;0;0
FR;0;2021-01-19;130616;211;0;0;868;0;0;0;0;678086;1131;0;0;5544;0;0;0;0
FR;0;2021-01-20;137577;197;0;0;837;0;0;0;0;815663;1328;0;0;6381;0;0;0;0
FR;0;2021-01-21;158433;205;0;0;951;0;0;0;0;974096;1533;0;0;7332;0;0;0;0
FR;0;2021-01-22;121091;259;0;0;846;0;0;0;0;1095187;1792;0;0;8178;0;0;0;0
FR;0;2021-01-23;38492;86;0;0;223;0;0;0;0;1133679;1878;0;0;8401;0;0;0;0
FR;0;2021-01-24;9752;131;0;0;196;0;0;0;0;1143431;2009;0;0;8597;0;0;0;0
FR;0;2021-01-25;78256;1458;0;0;1809;0;0;0;0;1221687;3467;0;0;10406;0;0;0;0
FR;0;2021-01-26;100401;3711;1;0;4188;0;0;0;0;1322088;7178;1;0;14594;0;0;0;0
FR;0;2021-01-27;107266;6444;0;0;7160;0;0;0;0;1429354;13622;1;0;21754;0;0;0;0
FR;0;2021-01-28;124384;16423;0;0;17247;0;0;0;0;1553738;30045;1;0;39001;0;0;0;0
FR;0;2021-01-29;92204;18803;0;0;19379;0;0;0;0;1645942;48848;1;0;58380;0;0;0;0
FR;0;2021-01-30;29128;4535;0;0;4672;0;0;0;0;1675070;53383;1;0;63052;0;0;0;0
FR;0;2021-01-31;5240;1900;0;0;1945;0;0;0;0;1680310;55283;1;0;64997;0;0;0;0
FR;0;2021-02-01;53160;23059;0;0;23332;0;0;0;0;1733470;78342;1;0;88329;0;0;0;0
FR;0;2021-02-02;72337;38224;0;0;38715;0;0;0;0;1805807;116566;1;0;127044;0;0;0;0
FR;0;2021-02-03;72328;40267;0;0;40773;0;0;0;0;1878135;156833;1;0;167817;0;0;0;0
FR;0;2021-02-04;82097;55141;0;0;55736;0;0;0;0;1960232;211974;1;0;223553;0;0;0;0
FR;0;2021-02-05;68252;48242;0;0;48680;0;0;0;0;2028484;260216;1;0;272233;0;0;0;0
FR;0;2021-02-06;22951;11435;0;0;11674;0;0;0;0;2051435;271651;1;0;283907;0;0;0;0
FR;0;2021-02-07;5195;6075;0;0;6201;0;0;0;0;2056630;277726;1;0;290108;0;0;0;0
FR;0;2021-02-08;46856;48809;0;0;49297;0;0;0;0;2103486;326535;1;0;339405;0;0;0;0
FR;0;2021-02-09;66050;78468;0;0;79566;0;0;0;0;2169536;405003;1;0;418971;0;0;0;0
FR;0;2021-02-10;71049;83520;0;0;84818;0;0;0;0;2240585;488523;1;0;503789;0;0;0;0
FR;0;2021-02-11;87309;105692;0;0;107641;0;0;0;0;2327894;594215;1;0;611430;0;0;0;0
FR;0;2021-02-12;79356;76082;0;0;77829;0;0;0;0;2407250;670297;1;0;689259;0;0;0;0
FR;0;2021-02-13;22390;19533;0;0;19900;0;0;0;0;2429640;689830;1;0;709159;0;0;0;0
FR;0;2021-02-14;5080;7323;0;0;7451;0;0;0;0;2434720;697153;1;0;716610;0;0;0;0
FR;0;2021-02-15;38132;76798;0;0;77820;0;0;0;0;2472852;773951;1;0;794430;0;0;0;0
FR;0;2021-02-16;50420;99688;0;0;101041;0;0;0;0;2523272;873639;1;0;895471;0;0;0;0
FR;0;2021-02-17;50559;106929;20;0;108380;0;0;0;0;2573831;980568;21;0;1003851;0;0;0;0
FR;0;2021-02-18;69815;123738;0;0;125788;0;0;0;0;2643646;1104306;21;0;1129639;0;0;0;0
FR;0;2021-02-19;65093;92335;1;0;94226;0;0;0;0;2708739;1196641;22;0;1223865;0;0;0;0
FR;0;2021-02-20;18602;28546;0;0;28917;0;0;0;0;2727341;1225187;22;0;1252782;0;0;0;0
FR;0;2021-02-21;3335;6041;0;0;6146;0;0;0;0;2730676;1231228;22;0;1258928;0;0;0;0
FR;0;2021-02-22;37511;73175;2;0;74190;0;0;0;0;2768187;1304403;24;0;1333118;0;0;0;0
FR;0;2021-02-23;53803;85298;1;0;86821;0;0;0;0;2821990;1389701;25;0;1419939;0;0;0;0
FR;0;2021-02-24;60039;82934;1;0;84515;0;0;0;0;2882029;1472635;26;0;1504454;0;0;0;0
FR;0;2021-02-25;100612;91198;1;0;94197;0;0;0;0;2982641;1563833;27;0;1598651;0;0;0;0
FR;0;2021-02-26;113492;70749;1;0;73899;0;0;0;0;3096133;1634582;28;0;1672550;0;0;0;0
FR;0;2021-02-27;52131;22439;1;0;23685;0;0;0;0;3148264;1657021;29;0;1696235;0;0;0;0
FR;0;2021-02-28;6209;4116;2;0;4314;0;0;0;0;3154473;1661137;31;0;1700549;0;0;0;0
FR;0;2021-03-01;65946;54076;1;0;55949;0;0;0;0;3220419;1715213;32;0;1756498;0;0;0;0
FR;0;2021-03-02;101417;67179;3;0;70225;0;0;0;0;3321836;1782392;35;0;1826723;0;0;0;0
FR;0;2021-03-03;116565;65472;0;0;69164;0;0;0;0;3438401;1847864;35;0;1895887;0;0;0;0
FR;0;2021-03-04;163663;72635;3;0;78208;0;0;0;0;3602064;1920499;38;0;1974095;0;0;0;0
FR;0;2021-03-05;200962;62704;3;0;69437;0;0;0;0;3803026;1983203;41;0;2043532;0;0;0;0
FR;0;2021-03-06;207993;17484;3;0;22786;0;0;0;0;4011019;2000687;44;0;2066318;0;0;0;0
FR;0;2021-03-07;121293;3972;1;0;7266;0;0;0;0;4132312;2004659;45;0;2073584;0;0;0;0
FR;0;2021-03-08;107180;49550;2;0;53039;0;0;0;0;4239492;2054209;47;0;2126623;0;0;0;0
FR;0;2021-03-09;172487;56018;2;0;61515;0;0;0;0;4411979;2110227;49;0;2188138;0;0;0;0
FR;0;2021-03-10;179043;57053;5;0;62729;0;0;0;0;4591022;2167280;54;0;2250867;0;0;0;0
FR;0;2021-03-11;242933;64029;2;0;72126;0;0;0;0;4833955;2231309;56;0;2322993;0;0;0;0
FR;0;2021-03-12;294876;53369;1;0;62826;0;0;0;0;5128831;2284678;57;0;2385819;0;0;0;0
FR;0;2021-03-13;231445;15263;1;0;21241;0;0;0;0;5360276;2299941;58;0;2407060;0;0;0;0
FR;0;2021-03-14;63364;3042;1;0;5078;0;0;0;0;5423640;2302983;59;0;2412138;0;0;0;0
FR;0;2021-03-15;158699;31499;3;0;36154;0;0;0;0;5582339;2334482;62;0;2448292;0;0;0;0
FR;0;2021-03-16;141598;38818;6;0;42970;0;0;0;0;5723937;2373300;68;0;2491262;0;0;0;0
FR;0;2021-03-17;150519;37569;4;0;42337;0;0;0;0;5874456;2410869;72;0;2533599;0;0;0;0
FR;0;2021-03-18;167870;44330;5;0;49897;0;0;0;0;6042326;2455199;77;0;2583496;0;0;0;0
FR;0;2021-03-19;230056;36748;2;0;44107;0;0;0;0;6272382;2491947;79;0;2627603;0;0;0;0
FR;0;2021-03-20;166721;11385;1;0;16009;0;0;0;0;6439103;2503332;80;0;2643612;0;0;0;0
FR;0;2021-03-21;49959;2128;1;0;3887;0;0;0;0;6489062;2505460;81;0;2647499;0;0;0;0
FR;0;2021-03-22;170085;33517;2;0;39022;0;0;0;0;6659147;2538977;83;0;2686521;0;0;0;0
FR;0;2021-03-23;250442;42373;1;0;50219;0;0;0;0;6909589;2581350;84;0;2736740;0;0;0;0
FR;0;2021-03-24;256952;43603;0;0;51705;0;0;0;0;7166541;2624953;84;0;2788445;0;0;0;0
FR;0;2021-03-25;341876;45285;5;0;56288;0;0;0;0;7508417;2670238;89;0;2844733;0;0;0;0
FR;0;2021-03-26;358849;41807;5;1;53565;0;0;0;0;7867266;2712045;94;1;2898298;0;0;0;0
FR;0;2021-03-27;195297;16952;1;0;23396;0;0;0;0;8062563;2728997;95;1;2921694;0;0;0;0
FR;0;2021-03-28;59360;4587;3;0;6652;0;0;0;0;8121923;2733584;98;1;2928346;0;0;0;0
FR;0;2021-03-29;203028;53395;4;0;60160;0;0;0;0;8324951;2786979;102;1;2988506;0;0;0;0
FR;0;2021-03-30;285548;70038;5;0;80452;0;0;0;0;8610499;2857017;107;1;3068958;0;0;0;0
FR;0;2021-03-31;263083;74056;4;0;84728;0;0;0;0;8873582;2931073;111;1;3153686;0;0;0;0
FR;0;2021-04-01;315586;92818;11;0;106401;0;0;0;0;9189168;3023891;122;1;3260087;0;0;0;0
FR;0;2021-04-02;281384;94823;7;0;106656;0;0;0;0;9470552;3118714;129;1;3366743;0;0;0;0
FR;0;2021-04-03;141097;62604;6;0;67865;0;0;0;0;9611649;3181318;135;1;3434608;0;0;0;0
FR;0;2021-04-04;46551;19021;2;0;21074;0;0;0;0;9658200;3200339;137;1;3455682;0;0;0;0
FR;0;2021-04-05;63373;10402;11;0;13059;0;0;0;0;9721573;3210741;148;1;3468741;0;0;0;0
FR;0;2021-04-06;217274;113139;17;0;122005;0;0;0;0;9938847;3323880;165;1;3590746;0;0;0;0
FR;0;2021-04-07;260323;115280;17;0;126634;0;0;0;0;10199170;3439160;182;1;3717380;0;0;0;0
FR;0;2021-04-08;337917;123222;15;0;138852;0;0;0;0;10537087;3562382;197;1;3856232;0;0;0;0
FR;0;2021-04-09;410244;116883;49;0;134293;0;0;0;0;10947331;3679265;246;1;3990525;0;0;0;0
FR;0;2021-04-10;212665;82875;15;0;91268;0;0;0;0;11159996;3762140;261;1;4081793;0;0;0;0
FR;0;2021-04-11;56162;34179;7;0;36705;0;0;0;0;11216158;3796319;268;1;4118498;0;0;0;0
FR;0;2021-04-12;237130;115833;46;0;125443;0;0;0;0;11453288;3912152;314;1;4243941;0;0;0;0
FR;0;2021-04-13;309557;144155;98;1;157118;0;0;0;0;11762845;4056307;412;2;4401059;0;0;0;0
FR;0;2021-04-14;294607;139859;215;0;153239;0;0;0;0;12057452;4196166;627;2;4554298;0;0;0;0
FR;0;2021-04-15;337204;150535;340;0;166078;0;0;0;0;12394656;4346701;967;2;4720376;0;0;0;0
FR;0;2021-04-16;339363;147044;354;0;161703;0;0;0;0;12734019;4493745;1321;2;4882079;0;0;0;0
FR;0;2021-04-17;188689;89985;109;0;97684;0;0;0;0;12922708;4583730;1430;2;4979763;0;0;0;0
FR;0;2021-04-18;51643;35462;48;0;37884;0;0;0;0;12974351;4619192;1478;2;5017647;0;0;0;0
FR;0;2021-04-19;205750;138299;457;0;147460;0;0;0;0;13180101;4757491;1935;2;5165107;0;0;0;0
FR;0;2021-04-20;254495;172040;569;0;183700;0;0;0;0;13434596;4929531;2504;2;5348807;0;0;0;0
FR;0;2021-04-21;253346;170239;836;0;182263;0;0;0;0;13687942;5099770;3340;2;5531070;0;0;0;0
FR;0;2021-04-22;287633;190455;820;0;205050;0;0;0;0;13975575;5290225;4160;2;5736120;0;0;0;0
FR;0;2021-04-23;297686;184743;747;0;203502;0;0;0;0;14273261;5474968;4907;2;5939622;0;0;0;0
FR;0;2021-04-24;190483;112058;252;0;122512;0;0;0;0;14463744;5587026;5159;2;6062134;0;0;0;0
FR;0;2021-04-25;69577;38862;51;0;42593;0;0;0;0;14533321;5625888;5210;2;6104727;0;0;0;0
FR;0;2021-04-26;221007;158706;564;0;171907;0;0;0;0;14754328;5784594;5774;2;6276634;0;0;0;0
FR;0;2021-04-27;284658;188070;941;0;211387;0;0;0;0;15038986;5972664;6715;2;6488021;0;0;0;0
FR;0;2021-04-28;299597;184731;1427;1;209810;1;0;0;0;15338583;6157395;8142;3;6697831;1;0;0;0
FR;0;2021-04-29;357217;198316;1281;0;233403;0;0;0;0;15695800;6355711;9423;3;6931234;1;0;0;0
FR;0;2021-04-30;372270;186149;1124;1;225490;0;0;0;0;16068070;6541860;10547;4;7156724;1;0;0;0
FR;0;2021-05-01;167680;52539;179;0;63785;0;0;0;0;16235750;6594399;10726;4;7220509;1;0;0;0
FR;0;2021-05-02;91771;37869;83;0;43598;0;0;0;0;16327521;6632268;10809;4;7264107;1;0;0;0
FR;0;2021-05-03;288984;165124;843;0;185648;0;0;0;0;16616505;6797392;11652;4;7449755;1;0;0;0
FR;0;2021-05-04;315761;225641;1237;0;251814;0;0;0;0;16932266;7023033;12889;4;7701569;1;0;0;0
FR;0;2021-05-05;327322;226684;1316;0;251765;0;0;0;0;17259588;7249717;14205;4;7953334;1;0;0;0
FR;0;2021-05-06;379657;241290;1634;0;275540;0;0;0;0;17639245;7491007;15839;4;8228874;1;0;0;0
FR;0;2021-05-07;372839;258914;1225;0;299973;0;0;0;0;18012084;7749921;17064;4;8528847;1;0;0;0
FR;0;2021-05-08;222192;71511;300;0;86720;0;0;0;0;18234276;7821432;17364;4;8615567;1;0;0;0
FR;0;2021-05-09;129735;44492;243;0;53130;0;0;0;0;18364011;7865924;17607;4;8668697;1;0;0;0
FR;0;2021-05-10;313436;229736;1239;0;255517;0;0;0;0;18677447;8095660;18846;4;8924214;1;0;0;0
FR;0;2021-05-11;403987;258455;1566;0;296886;0;0;0;0;19081434;8354115;20412;4;9221100;1;0;0;0
FR;0;2021-05-12;434229;233893;1544;0;270182;0;0;0;0;19515663;8588008;21956;4;9491282;1;0;0;0
FR;0;2021-05-13;338644;56436;432;0;77929;0;0;0;0;19854307;8644444;22388;4;9569211;1;0;0;0
FR;0;2021-05-14;454194;167505;1130;0;203117;0;0;0;0;20308501;8811949;23518;4;9772328;1;0;0;0
FR;0;2021-05-15;375019;94402;445;0;120802;0;0;0;0;20683520;8906351;23963;4;9893130;1;0;0;0
FR;0;2021-05-16;202778;20693;168;0;34094;0;0;0;0;20886298;8927044;24131;4;9927224;1;0;0;0
FR;0;2021-05-17;376169;148881;1555;0;178671;0;0;0;0;21262467;9075925;25686;4;10105895;1;0;0;0
FR;0;2021-05-18;460231;154150;1991;0;193303;0;0;0;0;21722698;9230075;27677;4;10299198;1;0;0;0
FR;0;2021-05-19;467480;142580;2466;0;179845;0;0;0;0;22190178;9372655;30143;4;10479043;1;0;0;0
FR;0;2021-05-20;507608;160253;2340;0;204211;0;0;0;0;22697786;9532908;32483;4;10683254;1;0;0;0
FR;0;2021-05-21;489736;175268;1997;0;221814;0;0;0;0;23187522;9708176;34480;4;10905068;1;0;0;0
FR;0;2021-05-22;347231;80250;670;0;108682;0;0;0;0;23534753;9788426;35150;4;11013750;1;0;0;0
FR;0;2021-05-23;161718;14211;246;0;26679;0;0;0;0;23696471;9802637;35396;4;11040429;1;0;0;0
FR;0;2021-05-24;263223;33108;604;0;52944;0;0;0;0;23959694;9835745;36000;4;11093373;1;0;0;0
FR;0;2021-05-25;400321;190460;2357;1;227030;0;0;0;0;24360015;10026205;38357;5;11320403;1;0;0;0
FR;0;2021-05-26;413523;191297;2227;0;229347;0;0;0;0;24773538;10217502;40584;5;11549750;1;0;0;0
FR;0;2021-05-27;449888;220123;2163;0;267264;0;0;0;0;25223426;10437625;42747;5;11817014;1;0;0;0
FR;0;2021-05-28;429618;261168;1895;0;319268;0;0;0;0;25653044;10698793;44642;5;12136282;1;0;0;0
FR;0;2021-05-29;299012;150538;586;0;183393;0;0;0;0;25952056;10849331;45228;5;12319675;1;0;0;0
FR;0;2021-05-30;107156;32505;164;0;42089;0;0;0;0;26059212;10881836;45392;5;12361764;1;0;0;0
FR;0;2021-05-31;358084;203492;1474;1;241773;1;0;0;0;26417296;11085328;46866;6;12603537;2;0;0;0
FR;0;2021-06-01;431155;251295;1969;1;302940;1;0;0;0;26848451;11336623;48835;7;12906477;3;0;0;0
FR;0;2021-06-02;420191;232820;1986;0;280207;0;0;0;0;27268642;11569443;50821;7;13186684;3;0;0;0
FR;0;2021-06-03;465720;257782;1826;0;312558;0;0;0;0;27734362;11827225;52647;7;13499242;3;0;0;0
FR;0;2021-06-04;456309;305902;1735;1;363317;1;0;0;0;28190671;12133127;54382;8;13862559;4;0;0;0
FR;0;2021-06-05;304841;189570;653;0;222793;0;0;0;0;28495512;12322697;55035;8;14085352;4;0;0;0
FR;0;2021-06-06;133344;49020;227;0;61161;0;0;0;0;28628856;12371717;55262;8;14146513;4;0;0;0
FR;0;2021-06-07;340028;261515;1529;0;298607;0;0;0;0;28968884;12633232;56791;8;14445120;4;0;0;0
FR;0;2021-06-08;393973;291419;1806;0;338286;0;0;0;0;29362857;12924651;58597;8;14783406;4;0;0;0
FR;0;2021-06-09;384971;273779;1734;0;318174;0;0;0;0;29747828;13198430;60331;8;15101580;4;0;0;0
FR;0;2021-06-10;404261;286286;1728;1;335736;0;0;0;0;30152089;13484716;62059;9;15437316;4;0;0;0
FR;0;2021-06-11;386734;356531;1468;1;406976;0;0;0;0;30538823;13841247;63527;10;15844292;4;0;0;0
FR;0;2021-06-12;283300;210995;497;0;243141;0;0;0;0;30822123;14052242;64024;10;16087433;4;0;0;0
FR;0;2021-06-13;104907;73843;204;0;84836;0;0;0;0;30927030;14126085;64228;10;16172269;4;0;0;0
FR;0;2021-06-14;240891;354036;1429;1;383231;0;0;0;0;31167921;14480121;65657;11;16555500;4;0;0;0
FR;0;2021-06-15;308237;384323;1574;1;423097;0;0;0;0;31476158;14864444;67231;12;16978597;4;0;0;0
FR;0;2021-06-16;314028;357604;1419;1;395368;0;0;0;0;31790186;15222048;68650;13;17373965;4;0;0;0
FR;0;2021-06-17;317741;373169;1432;1;414368;0;0;0;0;32107927;15595217;70082;14;17788333;4;0;0;0
FR;0;2021-06-18;321785;442604;1341;1;486012;0;0;0;0;32429712;16037821;71423;15;18274345;4;0;0;0
FR;0;2021-06-19;224367;274029;449;0;301221;0;0;0;0;32654079;16311850;71872;15;18575566;4;0;0;0
FR;0;2021-06-20;74459;102288;131;0;111482;0;0;0;0;32728538;16414138;72003;15;18687048;4;0;0;0
FR;0;2021-06-21;195819;401756;1038;1;427721;1;0;0;0;32924357;16815894;73041;16;19114769;5;0;0;0
FR;0;2021-06-22;223243;467813;1266;10;500481;1;0;0;0;33147600;17283707;74307;26;19615250;6;0;0;0
FR;0;2021-06-23;234086;440136;1198;1;474246;1;0;0;0;33381686;17723843;75505;27;20089496;7;0;0;0
FR;0;2021-06-24;241909;409760;1359;0;447253;0;0;0;0;33623595;18133603;76864;27;20536749;7;0;0;0
FR;0;2021-06-25;227676;523086;1404;0;562086;0;0;0;0;33851271;18656689;78268;27;21098835;7;0;0;0
FR;0;2021-06-26;153295;371100;589;1;395907;0;0;0;0;34004566;19027789;78857;28;21494742;7;0;0;0
FR;0;2021-06-27;55924;155943;169;1;164853;0;0;0;0;34060490;19183732;79026;29;21659595;7;0;0;0
FR;0;2021-06-28;154813;452529;1178;0;478128;0;0;0;0;34215303;19636261;80204;29;22137723;7;0;0;0
FR;0;2021-06-29;182751;507847;2124;0;539218;0;0;0;0;34398054;20144108;82328;29;22676941;7;0;0;0
FR;0;2021-06-30;204046;485257;2016;21;519523;2;0;0;0;34602100;20629365;84344;50;23196464;9;0;0;0
FR;0;2021-07-01;231466;458560;2226;5;498500;0;0;0;0;34833566;21087925;86570;55;23694964;9;0;0;0
FR;0;2021-07-02;228707;520028;2120;5;562337;2;0;0;0;35062273;21607953;88690;60;24257301;11;0;0;0
FR;0;2021-07-03;142058;368762;908;3;395250;1;0;0;0;35204331;21976715;89598;63;24652551;12;0;0;0
FR;0;2021-07-04;56764;141006;265;0;150696;0;0;0;0;35261095;22117721;89863;63;24803247;12;0;0;0
FR;0;2021-07-05;168553;418658;1668;8;448601;0;0;0;0;35429648;22536379;91531;71;25251848;12;0;0;0
FR;0;2021-07-06;196812;474521;1830;45;511113;8;0;0;0;35626460;23010900;93361;116;25762961;20;0;0;0
FR;0;2021-07-07;213257;438958;1881;25;477418;2;0;0;0;35839717;23449858;95242;141;26240379;22;0;0;0
FR;0;2021-07-08;231680;424142;2090;20;468071;2;0;0;0;36071397;23874000;97332;161;26708450;24;0;0;0
FR;0;2021-07-09;228644;511071;2185;4;557358;1;0;0;0;36300041;24385071;99517;165;27265808;25;0;0;0
FR;0;2021-07-10;148640;339925;986;1;368865;0;0;0;0;36448681;24724996;100503;166;27634673;25;0;0;0
FR;0;2021-07-11;60217;110050;284;0;120962;0;0;0;0;36508898;24835046;100787;166;27755635;25;0;0;0
FR;0;2021-07-12;169442;477694;1766;4;512423;0;0;0;0;36678340;25312740;102553;170;28268058;25;0;0;0
FR;0;2021-07-13;287310;526599;2050;8;585621;0;0;0;0;36965650;25839339;104603;178;28853679;25;0;0;0
FR;0;2021-07-14;181122;157330;435;0;186638;0;0;0;0;37146772;25996669;105038;178;29040317;25;0;0;0
FR;0;2021-07-15;347130;501599;2100;1;571561;0;0;0;0;37493902;26498268;107138;179;29611878;25;0;0;0
FR;0;2021-07-16;380125;494963;2023;3;574135;1;0;0;0;37874027;26993231;109161;182;30186013;26;0;0;0
FR;0;2021-07-17;259756;319634;877;1;368593;0;0;0;0;38133783;27312865;110038;183;30554606;26;0;0;0
FR;0;2021-07-18;109747;114565;310;0;133002;0;0;0;0;38243530;27427430;110348;183;30687608;26;0;0;0
FR;0;2021-07-19;285528;423875;1631;3;478881;0;0;0;0;38529058;27851305;111979;186;31166489;26;0;0;0
FR;0;2021-07-20;376943;451208;1725;0;523539;0;0;0;0;38906001;28302513;113704;186;31690028;26;0;0;0
FR;0;2021-07-21;395845;406821;1550;4;481807;1;0;0;0;39301846;28709334;115254;190;32171835;27;0;0;0
FR;0;2021-07-22;441091;387300;1715;4;471769;2;0;0;0;39742937;29096634;116969;194;32643604;29;0;0;0
FR;0;2021-07-23;440353;421957;1883;4;509917;1;0;0;0;40183290;29518591;118852;198;33153521;30;0;0;0
FR;0;2021-07-24;285264;269309;804;1;321988;0;0;0;0;40468554;29787900;119656;199;33475509;30;0;0;0
FR;0;2021-07-25;121127;79919;234;0;100271;0;0;0;0;40589681;29867819;119890;199;33575780;30;0;0;0
FR;0;2021-07-26;347453;322134;1614;3;384688;1;0;0;0;40937134;30189953;121504;202;33960468;31;0;0;0
FR;0;2021-07-27;464123;319257;1698;4;400406;1;0;0;0;41401257;30509210;123202;206;34360874;32;0;0;0
FR;0;2021-07-28;459481;289370;1637;4;366980;1;0;0;0;41860738;30798580;124839;210;34727854;33;0;0;0
FR;0;2021-07-29;489867;276104;1797;2;356975;0;0;0;0;42350605;31074684;126636;212;35084829;33;0;0;0
FR;0;2021-07-30;461860;302332;1942;5;380813;1;0;0;0;42812465;31377016;128578;217;35465642;34;0;0;0
FR;0;2021-07-31;285425;185023;916;1;231509;0;0;0;0;43097890;31562039;129494;218;35697151;34;0;0;0
FR;0;2021-08-01;112053;49909;257;0;65686;0;0;0;0;43209943;31611948;129751;218;35762837;34;0;0;0
FR;0;2021-08-02;341676;234025;1603;2;284715;0;0;0;0;43551619;31845973;131354;220;36047552;34;0;0;0
FR;0;2021-08-03;398645;244429;1729;2;304501;1;0;0;0;43950264;32090402;133083;222;36352053;35;0;0;0
FR;0;2021-08-04;384886;209509;1594;6;265628;3;0;0;0;44335150;32299911;134677;228;36617681;38;0;0;0
FR;0;2021-08-05;366205;228339;1711;0;281713;0;0;0;0;44701355;32528250;136388;228;36899394;38;0;0;0
FR;0;2021-08-06;359760;271208;1835;4;326586;0;0;0;0;45061115;32799458;138223;232;37225980;38;0;0;0
FR;0;2021-08-07;213151;178316;756;5;210043;1;0;0;0;45274266;32977774;138979;237;37436023;39;0;0;0
FR;0;2021-08-08;74212;63191;276;0;73625;0;0;0;0;45348478;33040965;139255;237;37509648;39;0;0;0
FR;0;2021-08-09;258778;258577;1549;4;297490;2;0;0;0;45607256;33299542;140804;241;37807138;41;0;0;0
FR;0;2021-08-10;306899;277040;1662;2;323424;0;0;0;0;45914155;33576582;142466;243;38130562;41;0;0;0
FR;0;2021-08-11;279769;259534;1442;5;301605;0;0;0;0;46193924;33836116;143908;248;38432167;41;0;0;0
FR;0;2021-08-12;271574;278001;1669;3;320257;0;0;0;0;46465498;34114117;145577;251;38752424;41;0;0;0
FR;0;2021-08-13;252181;278118;1594;3;316953;2;0;0;0;46717679;34392235;147171;254;39069377;43;0;0;0
FR;0;2021-08-14;145365;197056;740;0;218977;0;0;0;0;46863044;34589291;147911;254;39288354;43;0;0;0
FR;0;2021-08-15;39403;50087;218;1;55667;0;0;0;0;46902447;34639378;148129;255;39344021;43;0;0;0
FR;0;2021-08-16;186196;317462;1543;0;345378;0;0;0;0;47088643;34956840;149672;255;39689399;43;0;0;0
FR;0;2021-08-17;215721;335798;1638;7;368829;0;0;0;0;47304364;35292638;151310;262;40058228;43;0;0;0
FR;0;2021-08-18;199084;324373;1599;7;354536;3;0;0;0;47503448;35617011;152909;269;40412764;46;0;0;0
FR;0;2021-08-19;192051;325396;1642;1;355956;0;0;0;0;47695499;35942407;154551;270;40768720;46;0;0;0
FR;0;2021-08-20;186494;366179;1823;3;396607;2;0;0;0;47881993;36308586;156374;273;41165327;48;0;0;0
FR;0;2021-08-21;104814;238130;709;0;254560;0;0;0;0;47986807;36546716;157083;273;41419887;48;0;0;0
FR;0;2021-08-22;31950;87210;256;1;92163;1;0;0;0;48018757;36633926;157339;274;41512050;49;0;0;0
FR;0;2021-08-23;140999;356993;1561;3;379584;0;0;0;0;48159756;36990919;158900;277;41891634;49;0;0;0
FR;0;2021-08-24;162522;376576;1850;5;402823;0;0;0;0;48322278;37367495;160750;282;42294457;49;0;0;0
FR;0;2021-08-25;151165;350707;2038;8;375395;2;0;0;0;48473443;37718202;162788;290;42669852;51;0;0;0
FR;0;2021-08-26;142898;342771;2564;10;367560;0;0;0;0;48616341;38060973;165352;300;43037412;51;0;0;0
FR;0;2021-08-27;148458;388240;2791;11;414878;1;0;0;0;48764799;38449213;168143;311;43452290;52;0;0;0
FR;0;2021-08-28;90682;249639;1407;0;264963;0;0;0;0;48855481;38698852;169550;311;43717253;52;0;0;0
FR;0;2021-08-29;27325;83356;518;1;88272;0;0;0;0;48882806;38782208;170068;312;43805525;52;0;0;0
FR;0;2021-08-30;117432;324585;4714;6;342392;5847;0;0;0;49000238;39106793;174782;318;44147917;5899;0;0;0
FR;0;2021-08-31;128834;334451;10189;19;353928;11769;2;0;0;49129072;39441244;184971;337;44501845;17668;2;0;0
FR;0;2021-09-01;136169;285664;22436;8;302407;24414;1;0;0;49265241;39726908;207407;345;44804252;42082;3;0;0
FR;0;2021-09-02;114653;247196;26525;20;262094;29010;0;0;0;49379894;39974104;233932;365;45066346;71092;3;0;0
FR;0;2021-09-03;118330;292653;29968;24;309310;33076;1;0;0;49498224;40266757;263900;389;45375656;104168;4;0;0
FR;0;2021-09-04;89893;217797;12587;12;230494;14157;7;0;0;49588117;40484554;276487;401;45606150;118325;11;0;0
FR;0;2021-09-05;21365;44796;4397;2;48279;4716;0;0;0;49609482;40529350;280884;403;45654429;123041;11;0;0
FR;0;2021-09-06;75702;180485;31957;16;190662;34305;2;0;0;49685184;40709835;312841;419;45845091;157346;13;0;0
FR;0;2021-09-07;80318;181179;33251;43;191039;36322;2;0;0;49765502;40891014;346092;462;46036130;193668;15;0;0
FR;0;2021-09-08;91013;206085;29666;28;216568;32571;4;0;0;49856515;41097099;375758;490;46252698;226239;19;0;0
FR;0;2021-09-09;76984;165315;33085;27;174116;36703;5;0;0;49933499;41262414;408843;517;46426814;262942;24;0;0
FR;0;2021-09-10;96050;203810;35743;28;214891;40787;7;0;0;50029549;41466224;444586;545;46641705;303729;31;0;0
FR;0;2021-09-11;67168;169341;12140;19;178185;14414;0;0;0;50096717;41635565;456726;564;46819890;318143;31;0;0
FR;0;2021-09-12;12830;32094;2783;1;34141;3189;2;0;0;50109547;41667659;459509;565;46854031;321332;33;0;0
FR;0;2021-09-13;64582;126154;41249;35;134169;44266;17;0;0;50174129;41793813;500758;600;46988200;365598;50;0;0
FR;0;2021-09-14;73504;129007;56391;80;135748;62447;44;0;0;50247633;41922820;557149;680;47123948;428045;94;0;0
FR;0;2021-09-15;76666;167731;55671;58;174676;54850;76;0;0;50324299;42090551;612820;738;47298624;482895;170;0;0
FR;0;2021-09-16;63898;114504;60099;82;117879;60173;65;0;0;50388197;42205055;672919;820;47416503;543068;235;0;0
FR;0;2021-09-17;75093;156855;53871;71;159731;57367;67;0;0;50463290;42361910;726790;891;47576234;600435;302;0;0
FR;0;2021-09-18;48245;139637;15603;25;144319;17321;20;0;0;50511535;42501547;742393;916;47720553;617756;322;0;0
FR;0;2021-09-19;7908;23648;2443;1;24878;2619;1;0;0;50519443;42525195;744836;917;47745431;620375;323;0;0
FR;0;2021-09-20;44580;93751;50087;72;96242;50347;34;0;0;50564023;42618946;794923;989;47841673;670722;357;0;0
FR;0;2021-09-21;45918;98366;62772;77;98383;63506;79;0;0;50609941;42717312;857695;1066;47940056;734228;436;0;0
FR;0;2021-09-22;48708;142395;55383;82;144840;55483;47;0;0;50658649;42859707;913078;1148;48084896;789711;483;0;0
FR;0;2021-09-23;43298;92065;62408;95;91274;63589;86;0;0;50701947;42951772;975486;1243;48176170;853300;569;0;0
FR;0;2021-09-24;52325;133296;54569;107;132395;59229;78;0;0;50754272;43085068;1030055;1350;48308565;912529;647;0;0
FR;0;2021-09-25;35225;115663;16276;36;118649;18315;22;0;0;50789497;43200731;1046331;1386;48427214;930844;669;0;0
FR;0;2021-09-26;5561;17805;2273;5;18691;2332;5;0;0;50795058;43218536;1048604;1391;48445905;933176;674;0;0
FR;0;2021-09-27;33986;76897;47205;97;78783;48190;81;0;1;50829044;43295433;1095809;1488;48524688;981366;755;0;1
FR;0;2021-09-28;36524;75244;54983;90;74327;56599;47;0;0;50865568;43370677;1150792;1578;48599015;1037965;802;0;1
FR;0;2021-09-29;44426;100688;53375;113;102846;54911;41;0;0;50909994;43471365;1204167;1691;48701861;1092876;843;0;1
FR;0;2021-09-30;36350;72978;57046;96;71482;59610;58;0;0;50946344;43544343;1261213;1787;48773343;1152486;901;0;1
FR;0;2021-10-01;61720;102861;57836;108;101412;64020;23;0;0;51008064;43647204;1319049;1895;48874755;1216506;924;0;1
FR;0;2021-10-02;39470;78460;20965;39;81737;23386;12;0;0;51047534;43725664;1340014;1934;48956492;1239892;936;0;1
FR;0;2021-10-03;5289;10493;2536;4;11258;2543;4;0;0;51052823;43736157;1342550;1938;48967750;1242435;940;0;1
FR;0;2021-10-04;35207;58504;52638;84;59505;54860;37;0;0;51088030;43794661;1395188;2022;49027255;1297295;977;0;1
FR;0;2021-10-05;33937;64379;61032;135;62110;65120;48;0;0;51121967;43859040;1456220;2157;49089365;1362415;1025;0;1
FR;0;2021-10-06;42728;79306;65763;112;80178;68384;29;0;0;51164695;43938346;1521983;2269;49169543;1430799;1054;0;1
FR;0;2021-10-07;30575;62285;65447;88;59501;68896;38;0;0;51195270;44000631;1587430;2357;49229044;1499695;1092;0;1
FR;0;2021-10-08;49486;91948;77773;111;89890;84807;39;0;0;51244756;44092579;1665203;2468;49318934;1584502;1131;0;1
FR;0;2021-10-09;33677;60950;31549;35;64141;33933;17;0;0;51278433;44153529;1696752;2503;49383075;1618435;1148;0;1
FR;0;2021-10-10;4723;7422;3199;9;7938;3475;2;0;0;51283156;44160951;1699951;2512;49391013;1621910;1150;0;1
FR;0;2021-10-11;30734;49886;61050;105;50602;64119;46;0;0;51313890;44210837;1761001;2617;49441615;1686029;1196;0;1
FR;0;2021-10-12;31650;54486;70635;141;51314;76050;27;0;0;51345540;44265323;1831636;2758;49492929;1762079;1223;0;1
FR;0;2021-10-13;40167;62855;74443;137;62803;79398;29;0;1;51385707;44328178;1906079;2895;49555732;1841477;1252;0;2
FR;0;2021-10-14;30364;52874;68779;116;49697;73867;34;0;0;51416071;44381052;1974858;3011;49605429;1915344;1286;0;2
FR;0;2021-10-15;44960;75236;93253;191;70332;103054;26;0;0;51461031;44456288;2068111;3202;49675761;2018398;1312;0;2
FR;0;2021-10-16;31335;44086;36701;45;46705;39651;15;0;0;51492366;44500374;2104812;3247;49722466;2058049;1327;0;2
FR;0;2021-10-17;3898;5229;3603;2;5676;3674;4;0;0;51496264;44505603;2108415;3249;49728142;2061723;1331;0;2
FR;0;2021-10-18;29217;42342;67521;134;42559;71383;27;0;0;51525481;44547945;2175936;3383;49770701;2133106;1358;0;2
FR;0;2021-10-19;27196;45547;76431;140;43206;81677;45;0;0;51552677;44593492;2252367;3523;49813907;2214783;1403;0;2
FR;0;2021-10-20;35346;52407;96960;181;51813;101579;45;0;0;51588023;44645899;2349327;3704;49865720;2316362;1448;0;2
FR;0;2021-10-21;26166;45175;83999;112;41970;89197;30;0;0;51614189;44691074;2433326;3816;49907690;2405559;1478;0;2
FR;0;2021-10-22;38450;62488;104928;200;59353;112655;61;0;0;51652639;44753562;2538254;4016;49967043;2518214;1539;0;2
FR;0;2021-10-23;27034;41205;45467;57;42428;48638;14;0;0;51679673;44794767;2583721;4073;50009471;2566852;1553;0;2
FR;0;2021-10-24;2947;4763;3686;6;5014;3923;1;0;0;51682620;44799530;2587407;4079;50014485;2570775;1554;0;2
FR;0;2021-10-25;26109;36208;82347;144;35481;86681;38;0;0;51708729;44835738;2669754;4223;50049966;2657456;1592;0;2
FR;0;2021-10-26;23770;34991;87282;166;32158;92412;34;0;0;51732499;44870729;2757036;4389;50082124;2749868;1626;0;2
FR;0;2021-10-27;30115;46299;109034;257;44039;114752;48;0;0;51762614;44917028;2866070;4646;50126163;2864620;1674;0;2
FR;0;2021-10-28;23611;34927;88744;153;31195;94541;35;0;0;51786225;44951955;2954814;4799;50157358;2959161;1709;0;2
FR;0;2021-10-29;31589;51451;117348;206;46499;125437;52;0;0;51817814;45003406;3072162;5005;50203857;3084598;1761;0;2
FR;0;2021-10-30;20578;33239;50361;76;32921;53430;20;0;0;51838392;45036645;3122523;5081;50236778;3138028;1781;0;2
FR;0;2021-10-31;2519;3732;3595;3;3844;3881;3;0;0;51840911;45040377;3126118;5084;50240622;3141909;1784;0;2
FR;0;2021-11-01;8543;4869;3224;3;5021;3586;10;0;0;51849454;45045246;3129342;5087;50245643;3145495;1794;0;2
FR;0;2021-11-02;26385;40098;93612;156;36237;99674;44;0;1;51875839;45085344;3222954;5243;50281880;3245169;1838;0;3
FR;0;2021-11-03;30132;47900;118932;222;43553;125908;64;0;0;51905971;45133244;3341886;5465;50325433;3371077;1902;0;3
FR;0;2021-11-04;23823;37462;107601;217;31574;114482;46;0;0;51929794;45170706;3449487;5682;50357007;3485559;1948;0;3
FR;0;2021-11-05;32418;52936;141679;236;44649;151469;54;0;0;51962212;45223642;3591166;5918;50401656;3637028;2002;0;3
FR;0;2021-11-06;21554;34551;64912;123;32384;68354;26;0;0;51983766;45258193;3656078;6041;50434040;3705382;2028;0;3
FR;0;2021-11-07;2429;4155;5209;6;4001;5598;7;0;0;51986195;45262348;3661287;6047;50438041;3710980;2035;0;3
FR;0;2021-11-08;20633;37737;127237;227;30947;134363;50;0;0;52006828;45300085;3788524;6274;50468988;3845343;2085;0;3
FR;0;2021-11-09;22444;44649;161742;339;32851;172359;65;0;0;52029272;45344734;3950266;6613;50501839;4017702;2150;0;3
FR;0;2021-11-10;31621;54876;187070;447;44022;198890;91;0;0;52060893;45399610;4137336;7060;50545861;4216592;2241;0;3
FR;0;2021-11-11;4750;6744;12998;28;5906;13981;17;0;0;52065643;45406354;4150334;7088;50551767;4230573;2258;0;3
FR;0;2021-11-12;29102;55053;183838;252;41719;197504;86;0;0;52094745;45461407;4334172;7340;50593486;4428077;2344;0;3
FR;0;2021-11-13;20356;32598;80730;118;28227;86354;44;0;0;52115101;45494005;4414902;7458;50621713;4514431;2388;0;3
FR;0;2021-11-14;2367;3854;7183;6;3362;7846;9;0;0;52117468;45497859;4422085;7464;50625075;4522277;2397;0;3
FR;0;2021-11-15;20524;38549;160911;314;27783;171651;77;0;0;52137992;45536408;4582996;7778;50652858;4693928;2474;0;3
FR;0;2021-11-16;23675;43825;200491;394;27701;215190;115;0;1;52161667;45580233;4783487;8172;50680559;4909118;2589;0;4
FR;0;2021-11-17;30545;50236;199905;406;36445;212971;98;0;0;52192212;45630469;4983392;8578;50717004;5122089;2687;0;4
FR;0;2021-11-18;23460;45683;191756;469;29391;205744;94;0;0;52215672;45676152;5175148;9047;50746395;5327833;2781;0;4
FR;0;2021-11-19;33696;61271;243294;551;39909;262314;147;0;0;52249368;45737423;5418442;9598;50786304;5590147;2928;0;4
FR;0;2021-11-20;25426;36656;102194;207;29265;109767;43;0;0;52274794;45774079;5520636;9805;50815569;5699914;2971;0;4
FR;0;2021-11-21;2665;4444;9682;19;3442;10608;19;0;0;52277459;45778523;5530318;9824;50819011;5710522;2990;0;4
FR;0;2021-11-22;22824;33111;180437;472;18914;194922;90;0;0;52300283;45811634;5710755;10296;50837925;5905444;3080;0;4
FR;0;2021-11-23;25736;45457;229495;549;24112;247985;85;0;0;52326019;45857091;5940250;10845;50862037;6153429;3165;0;4
FR;0;2021-11-24;31821;53594;224909;715;34474;243363;80;0;0;52357840;45910685;6165159;11560;50896511;6396792;3245;0;4
FR;0;2021-11-25;25654;49133;256030;739;25047;277941;112;0;0;52383494;45959818;6421189;12299;50921558;6674733;3357;0;4
FR;0;2021-11-26;33255;74667;379565;867;37391;414798;172;0;0;52416749;46034485;6800754;13166;50958949;7089531;3529;0;4
FR;0;2021-11-27;23508;49551;214980;391;28441;236785;135;0;0;52440257;46084036;7015734;13557;50987390;7326316;3664;0;4
FR;0;2021-11-28;3528;10444;56787;66;4057;63334;42;0;0;52443785;46094480;7072521;13623;50991447;7389650;3706;0;4
FR;0;2021-11-29;19449;54062;341574;864;23088;371914;178;0;0;52463234;46148542;7414095;14487;51014535;7761564;3884;0;4
FR;0;2021-11-30;24789;71792;457491;988;26791;500933;291;0;0;52488023;46220334;7871586;15475;51041326;8262497;4175;0;4
FR;0;2021-12-01;27400;75419;469225;1162;31307;511449;304;0;0;52515423;46295753;8340811;16637;51072633;8773946;4479;0;4
FR;0;2021-12-02;22132;71462;527255;1282;20998;575056;309;0;0;52537555;46367215;8868066;17919;51093631;9349002;4788;0;4
FR;0;2021-12-03;25581;92768;596538;1421;34328;651330;343;0;0;52563136;46459983;9464604;19340;51127959;10000332;5131;0;4
FR;0;2021-12-04;18343;60286;336314;692;25662;369890;197;0;0;52581479;46520269;9800918;20032;51153621;10370222;5328;0;4
FR;0;2021-12-05;4158;16081;95820;157;4852;107048;92;0;0;52585637;46536350;9896738;20189;51158473;10477270;5420;0;4
FR;0;2021-12-06;28453;72662;493293;1175;25222;540112;386;0;0;52614090;46609012;10390031;21364;51183695;11017382;5806;0;4
FR;0;2021-12-07;23569;91192;645583;1774;28508;706597;416;0;0;52637659;46700204;11035614;23138;51212203;11723979;6222;0;4
FR;0;2021-12-08;25525;91867;591906;1875;34938;647775;439;0;0;52663184;46792071;11627520;25013;51247141;12371754;6661;0;4
FR;0;2021-12-09;24088;94021;663383;2179;28967;726827;463;0;0;52687272;46886092;12290903;27192;51276108;13098581;7124;0;4
FR;0;2021-12-10;28080;110827;736221;2075;37932;806394;471;0;1;52715352;46996919;13027124;29267;51314040;13904975;7595;0;5
FR;0;2021-12-11;20255;76038;435254;990;29933;480481;343;0;0;52735607;47072957;13462378;30257;51343973;14385456;7938;0;5
FR;0;2021-12-12;5684;23103;142363;262;6384;159234;108;0;0;52741291;47096060;13604741;30519;51350357;14544690;8046;0;5
FR;0;2021-12-13;21370;90682;587853;1699;29634;649471;397;0;0;52762661;47186742;14192594;32218;51379991;15194161;8443;0;5
FR;0;2021-12-14;27991;118206;765818;2658;35402;847798;701;0;1;52790652;47304948;14958412;34876;51415393;16041959;9144;0;6
FR;0;2021-12-15;28460;114135;694535;2267;39489;769318;503;0;1;52819112;47419083;15652947;37143;51454882;16811277;9647;0;7
FR;0;2021-12-16;28061;115567;764269;2559;35079;844694;516;0;0;52847173;47534650;16417216;39702;51489961;17655971;10163;0;7
FR;0;2021-12-17;31667;128220;808041;2713;43321;892193;612;0;0;52878840;47662870;17225257;42415;51533282;18548164;10775;0;7
FR;0;2021-12-18;24945;81471;470065;1179;30042;522268;353;0;0;52903785;47744341;17695322;43594;51563324;19070432;11128;0;7
FR;0;2021-12-19;8770;28505;169449;376;7834;191055;143;0;0;52912555;47772846;17864771;43970;51571158;19261487;11271;0;7
FR;0;2021-12-20;31785;97019;591631;1789;33814;658848;503;0;0;52944340;47869865;18456402;45759;51604972;19920335;11774;0;7
FR;0;2021-12-21;39483;111839;682566;2391;38749;759698;607;0;0;52983823;47981704;19138968;48150;51643721;20680033;12381;0;7
FR;0;2021-12-22;39566;99109;575907;2169;37077;642224;687;0;2;53023389;48080813;19714875;50319;51680798;21322257;13068;0;9
FR;0;2021-12-23;33792;79321;441113;1659;30092;494450;589;0;0;53057181;48160134;20155988;51978;51710890;21816707;13657;0;9
FR;0;2021-12-24;10700;26012;111061;398;11636;126677;236;0;1;53067881;48186146;20267049;52376;51722526;21943384;13893;0;10
FR;0;2021-12-25;779;3566;7603;25;2045;9023;72;0;0;53068660;48189712;20274652;52401;51724571;21952407;13965;0;10
FR;0;2021-12-26;4699;11880;52126;142;4739;60170;170;0;0;53073359;48201592;20326778;52543;51729310;22012577;14135;0;10
FR;0;2021-12-27;30511;83906;453631;1364;33016;509278;665;0;0;53103870;48285498;20780409;53907;51762326;22521855;14800;0;10
FR;0;2021-12-28;38368;98789;564240;1769;35083;632336;1558;0;2;53142238;48384287;21344649;55676;51797409;23154191;16358;0;12
FR;0;2021-12-29;39882;88136;501291;1687;33085;561056;1738;0;1;53182120;48472423;21845940;57363;51830494;23715247;18096;0;13
FR;0;2021-12-30;35928;75052;421074;1520;29498;471182;1880;0;0;53218048;48547475;22267014;58883;51859992;24186429;19976;0;13
FR;0;2021-12-31;12053;25072;116896;405;11264;131678;741;0;0;53230101;48572547;22383910;59288;51871256;24318107;20717;0;13
FR;0;2022-01-01;1593;3214;8533;37;1804;9942;103;0;0;53231694;48575761;22392443;59325;51873060;24328049;20820;0;13
FR;0;2022-01-02;6128;13015;58437;126;5109;66976;408;0;0;53237822;48588776;22450880;59451;51878169;24395025;21228;0;13
FR;0;2022-01-03;39700;90133;494909;1597;36875;551786;2650;0;1;53277522;48678909;22945789;61048;51915044;24946811;23878;0;14
FR;0;2022-01-04;42302;110977;641487;2309;40645;714498;3836;0;3;53319824;48789886;23587276;63357;51955689;25661309;27714;0;17
FR;0;2022-01-05;61224;103580;569284;1985;43795;634320;3429;0;2;53381048;48893466;24156560;65342;51999484;26295629;31143;0;19
FR;0;2022-01-06;44320;110305;639068;2702;40220;711589;4557;0;2;53425368;49003771;24795628;68044;52039704;27007218;35700;0;21
FR;0;2022-01-07;50846;123278;711080;2811;46838;790564;4995;0;2;53476214;49127049;25506708;70855;52086542;27797782;40695;0;23
FR;0;2022-01-08;45015;80266;423846;1213;35045;472911;2447;0;3;53521229;49207315;25930554;72068;52121587;28270693;43142;0;26
FR;0;2022-01-09;15614;26593;128585;300;11483;145663;829;0;0;53536843;49233908;26059139;72368;52133070;28416356;43971;0;26
FR;0;2022-01-10;35423;93249;469402;1816;43020;522790;3722;0;1;53572266;49327157;26528541;74184;52176090;28939146;47693;0;27
FR;0;2022-01-11;41954;100433;548346;2310;42395;608593;5219;0;2;53614220;49427590;27076887;76494;52218485;29547739;52912;0;29
FR;0;2022-01-12;60424;95680;452752;1969;49478;504416;4497;0;8;53674644;49523270;27529639;78463;52267963;30052155;57409;0;37
FR;0;2022-01-13;38275;92515;487422;2084;40548;541105;5467;0;8;53712919;49615785;28017061;80547;52308511;30593260;62876;0;45
FR;0;2022-01-14;42590;103292;568675;2286;43500;629064;6463;0;2;53755509;49719077;28585736;82833;52352011;31222324;69339;0;47
FR;0;2022-01-15;39434;65876;340168;985;31446;377580;3296;0;1;53794943;49784953;28925904;83818;52383457;31599904;72635;0;48
FR;0;2022-01-16;11415;19195;87447;216;9019;99403;764;0;0;53806358;49804148;29013351;84034;52392476;31699307;73399;0;48
FR;0;2022-01-17;24756;59981;320335;1384;28039;354173;3960;0;4;53831114;49864129;29333686;85418;52420515;32053480;77359;0;52
FR;0;2022-01-18;28332;68680;361150;1802;32014;397597;5771;0;1;53859446;49932809;29694836;87220;52452529;32451077;83130;0;53
FR;0;2022-01-19;43231;67011;281354;1452;40387;311094;4392;0;5;53902677;49999820;29976190;88672;52492916;32762171;87522;0;58
FR;0;2022-01-20;23680;59586;299069;1750;29558;328537;5636;0;4;53926357;50059406;30275259;90422;52522474;33090708;93158;0;62
FR;0;2022-01-21;28215;68763;366413;2086;33071;401219;6579;0;3;53954572;50128169;30641672;92508;52555545;33491927;99737;0;65
FR;0;2022-01-22;27630;47973;218811;840;27304;241796;2838;0;2;53982202;50176142;30860483;93348;52582849;33733723;102575;0;67
FR;0;2022-01-23;6740;12964;48695;173;7503;55170;591;0;1;53988942;50189106;30909178;93521;52590352;33788893;103166;0;68
FR;0;2022-01-24;16286;47440;217357;1149;25402;239358;4102;0;3;54005228;50236546;31126535;94670;52615754;34028251;107268;0;71
FR;0;2022-01-25;19034;54314;243102;1548;28807;267100;6067;0;5;54024262;50290860;31369637;96218;52644561;34295351;113335;0;76
FR;0;2022-01-26;28148;60547;209318;1299;41360;229546;4479;0;3;54052410;50351407;31578955;97517;52685921;34524897;117814;0;79
FR;0;2022-01-27;16338;46490;207674;1287;26152;226065;5693;0;4;54068748;50397897;31786629;98804;52712073;34750962;123507;0;83
FR;0;2022-01-28;21594;78648;290091;1574;44968;321349;7411;0;4;54090342;50476545;32076720;100378;52757041;35072311;130918;0;87
FR;0;2022-01-29;18424;52847;184145;689;32750;204577;3255;0;2;54108766;50529392;32260865;101067;52789791;35276888;134173;0;89
FR;0;2022-01-30;4476;14463;39152;124;9130;45056;637;0;1;54113242;50543855;32300017;101191;52798921;35321944;134810;0;90
FR;0;2022-01-31;11261;43902;148219;742;26129;164720;4230;0;5;54124503;50587757;32448236;101933;52825050;35486664;139040;0;95
FR;0;2022-02-01;13652;48295;174145;1144;27331;191335;7035;0;1;54138155;50636052;32622381;103077;52852381;35677999;146075;0;96
FR;0;2022-02-02;20746;66295;171560;1034;46160;190078;5970;0;10;54158901;50702347;32793941;104111;52898541;35868077;152045;0;106
FR;0;2022-02-03;11758;44789;157585;990;25346;173287;6933;0;6;54170659;50747136;32951526;105101;52923887;36041364;158978;0;112
FR;0;2022-02-04;14646;67972;239263;1267;37595;264082;9153;0;6;54185305;50815108;33190789;106368;52961482;36305446;168131;0;118
FR;0;2022-02-05;12903;51439;153565;523;31977;172294;3784;0;3;54198208;50866547;33344354;106891;52993459;36477740;171915;0;121
FR;0;2022-02-06;2726;12168;28898;102;7289;33830;662;0;0;54200934;50878715;33373252;106993;53000748;36511570;172577;0;121
FR;0;2022-02-07;9618;46619;156905;594;24513;176304;5294;0;6;54210552;50925334;33530157;107587;53025261;36687874;177871;0;127
FR;0;2022-02-08;9815;43101;166663;870;20966;184458;7054;0;6;54220367;50968435;33696820;108457;53046227;36872332;184925;0;133
FR;0;2022-02-09;14463;58263;172360;876;35361;193069;5788;0;9;54234830;51026698;33869180;109333;53081588;37065401;190713;0;142
FR;0;2022-02-10;8730;39224;150244;881;18701;166722;6503;0;2;54243560;51065922;34019424;110214;53100289;37232123;197216;0;144
FR;0;2022-02-11;10864;55701;218522;1101;25843;243117;8322;0;3;54254424;51121623;34237946;111315;53126132;37475240;205538;0;147
FR;0;2022-02-12;8409;40970;134740;465;22637;151768;3509;0;4;54262833;51162593;34372686;111780;53148769;37627008;209047;0;151
FR;0;2022-02-13;1940;8605;26568;86;4411;30930;544;0;3;54264773;51171198;34399254;111866;53153180;37657938;209591;0;154
FR;0;2022-02-14;6997;35260;148390;487;14673;166386;4789;0;5;54271770;51206458;34547644;112353;53167853;37824324;214380;0;159
FR;0;2022-02-15;7070;36238;147003;751;16008;162588;6849;0;3;54278840;51242696;34694647;113104;53183861;37986912;221229;0;162
FR;0;2022-02-16;9417;42994;132549;722;25985;146769;5727;0;6;54288257;51285690;34827196;113826;53209846;38133681;226956;0;168
FR;0;2022-02-17;5581;24346;87318;587;13146;94892;5408;0;5;54293838;51310036;34914514;114413;53222992;38228573;232364;0;173
FR;0;2022-02-18;7003;33594;119671;807;18766;129336;7416;0;2;54300841;51343630;35034185;115220;53241758;38357909;239780;0;175
FR;0;2022-02-19;5371;24557;70030;371;15909;77340;3020;0;2;54306212;51368187;35104215;115591;53257667;38435249;242800;0;177
FR;0;2022-02-20;1152;4661;12175;39;2916;13957;460;0;1;54307364;51372848;35116390;115630;53260583;38449206;243260;0;178
FR;0;2022-02-21;4100;17896;61958;351;10173;67188;4059;0;2;54311464;51390744;35178348;115981;53270756;38516394;247319;0;180
FR;0;2022-02-22;4467;18668;60840;577;11269;64481;5255;0;1;54315931;51409412;35239188;116558;53282025;38580875;252574;0;181
FR;0;2022-02-23;6593;27365;66512;593;19633;71911;4595;0;3;54322524;51436777;35305700;117151;53301658;38652786;257169;0;184
FR;0;2022-02-24;3852;15563;50435;519;9523;53259;4531;0;2;54326376;51452340;35356135;117670;53311181;38706045;261700;0;186
FR;0;2022-02-25;5287;24299;76372;804;15275;80104;7336;0;7;54331663;51476639;35432507;118474;53326456;38786149;269036;0;193
FR;0;2022-02-26;3995;17772;47422;359;12174;51489;3083;0;3;54335658;51494411;35479929;118833;53338630;38837638;272119;0;196
FR;0;2022-02-27;881;3011;8040;47;1980;8949;531;0;0;54336539;51497422;35487969;118880;53340610;38846587;272650;0;196
FR;0;2022-02-28;3127;12562;40497;359;7596;42930;3858;0;0;54339666;51509984;35528466;119239;53348206;38889517;276508;0;196
FR;0;2022-03-01;4013;12615;44204;437;7639;44876;5518;0;6;54343679;51522599;35572670;119676;53355845;38934393;282026;0;202
FR;0;2022-03-02;5338;17888;47154;447;12948;49086;4930;0;2;54349017;51540487;35619824;120123;53368793;38983479;286956;0;204
FR;0;2022-03-03;2829;9362;29903;371;6260;30026;4050;0;2;54351846;51549849;35649727;120494;53375053;39013505;291006;0;206
FR;0;2022-03-04;3230;12518;40343;669;8516;39492;6235;0;4;54355076;51562367;35690070;121163;53383569;39052997;297241;0;210
FR;0;2022-03-05;3074;9290;24963;314;7132;25127;3135;0;1;54358150;51571657;35715033;121477;53390701;39078124;300376;0;211
FR;0;2022-03-06;522;1408;3199;43;1031;3442;379;0;0;54358672;51573065;35718232;121520;53391732;39081566;300755;0;211
FR;0;2022-03-07;2498;5636;18438;315;3853;17710;3307;0;4;54361170;51578701;35736670;121835;53395585;39099276;304062;0;215
FR;0;2022-03-08;2155;6080;19452;363;4334;17925;4093;0;3;54363325;51584781;35756122;122198;53399919;39117201;308155;0;218
FR;0;2022-03-09;3583;10572;22200;408;8799;21295;4042;0;4;54366908;51595353;35778322;122606;53408718;39138496;312197;0;222
FR;0;2022-03-10;1833;5848;17011;345;4397;15837;3408;0;3;54368741;51601201;35795333;122951;53413115;39154333;315605;0;225
FR;0;2022-03-11;2422;7567;24511;545;5445;22280;5479;0;2;54371163;51608768;35819844;123496;53418560;39176613;321084;0;227
FR;0;2022-03-12;2698;6777;17168;309;5495;16522;3137;0;2;54373861;51615545;35837012;123805;53424055;39193135;324221;0;229
FR;0;2022-03-13;406;795;2323;149;604;2272;537;0;0;54374267;51616340;35839335;123954;53424659;39195407;324758;0;229
FR;0;2022-03-14;1561;4277;14989;4412;2812;13842;7295;0;8;54375828;51620617;35854324;128366;53427471;39209249;332053;0;237
FR;0;2022-03-15;1751;6294;16387;7556;4809;14618;11036;0;9;54377579;51626911;35870711;135922;53432280;39223867;343089;0;246
FR;0;2022-03-16;3037;7413;19435;13141;6215;18113;16297;0;8;54380616;51634324;35890146;149063;53438495;39241980;359386;0;254
FR;0;2022-03-17;1465;3988;13157;10846;2809;11997;13314;0;9;54382081;51638312;35903303;159909;53441304;39253977;372700;0;263
FR;0;2022-03-18;2268;5757;20019;18307;4099;18115;22039;0;15;54384349;51644069;35923322;178216;53445403;39272092;394739;0;278
FR;0;2022-03-19;2294;4806;13116;9406;4142;12421;11409;0;6;54386643;51648875;35936438;187622;53449545;39284513;406148;0;284
FR;0;2022-03-20;301;738;1920;1074;530;1933;1340;0;2;54386944;51649613;35938358;188696;53450075;39286446;407488;0;286
FR;0;2022-03-21;1395;3222;12734;14951;2157;11960;16910;0;11;54388339;51652835;35951092;203647;53452232;39298406;424398;0;297
FR;0;2022-03-22;1557;3742;13807;20553;2581;12562;22845;0;5;54389896;51656577;35964899;224200;53454813;39310968;447243;0;302
FR;0;2022-03-23;2689;6300;17740;23151;5231;17248;25268;0;40;54392585;51662877;35982639;247351;53460044;39328216;472511;0;342
FR;0;2022-03-24;1411;3160;11600;17619;2248;10685;19394;0;23;54393996;51666037;35994239;264970;53462292;39338901;491905;0;365
FR;0;2022-03-25;2089;5160;18583;27775;3691;16920;30810;0;31;54396085;51671197;36012822;292745;53465983;39355821;522715;0;396
FR;0;2022-03-26;2232;4418;12080;12680;3866;11521;14402;0;26;54398317;51675615;36024902;305425;53469849;39367342;537117;0;422
FR;0;2022-03-27;365;693;1908;1483;515;1942;1740;0;1;54398682;51676308;36026810;306908;53470364;39369284;538857;0;423
FR;0;2022-03-28;1468;3082;11133;17490;2120;10621;19070;0;16;54400150;51679390;36037943;324398;53472484;39379905;557927;0;439
FR;0;2022-03-29;1453;3284;12913;27585;2099;12055;29284;0;34;54401603;51682674;36050856;351983;53474583;39391960;587211;0;473
FR;0;2022-03-30;2854;5589;15691;27435;4773;15091;29341;0;21;54404457;51688263;36066547;379418;53479356;39407051;616552;0;494
FR;0;2022-03-31;1615;3584;12991;25037;2569;12330;26647;0;43;54406072;51691847;36079538;404455;53481925;39419381;643199;0;537
FR;0;2022-04-01;2686;4588;20083;30897;2974;18725;33490;0;62;54408758;51696435;36099621;435352;53484899;39438106;676689;0;599
FR;0;2022-04-02;1532;2649;9053;10135;2009;8727;11297;0;29;54410290;51699084;36108674;445487;53486908;39446833;687986;0;628
FR;0;2022-04-03;294;516;1562;1171;360;1580;1382;0;2;54410584;51699600;36110236;446658;53487268;39448413;689368;0;630
FR;0;2022-04-04;4570;3032;12389;19129;2053;11597;20602;0;35;54415154;51702632;36122625;465787;53489321;39460010;709970;0;665
FR;0;2022-04-05;2607;3178;14353;34151;2055;13206;35769;0;85;54417761;51705810;36136978;499938;53491376;39473216;745739;0;750
FR;0;2022-04-06;2611;3964;13543;26544;3030;12818;28013;0;72;54420372;51709774;36150521;526482;53494406;39486034;773752;0;822
FR;0;2022-04-07;1989;3151;13686;33820;1999;12898;35178;0;76;54422361;51712925;36164207;560302;53496405;39498932;808930;0;898
FR;0;2022-04-08;2310;4344;19235;44015;2674;17861;46368;0;89;54424671;51717269;36183442;604317;53499079;39516793;855298;0;987
FR;0;2022-04-09;1373;2682;9315;13568;1904;8869;14800;0;30;54426044;51719951;36192757;617885;53500983;39525662;870098;0;1017
FR;0;2022-04-10;296;756;1985;2017;554;2007;2279;0;7;54426340;51720707;36194742;619902;53501537;39527669;872377;0;1024
FR;0;2022-04-11;1350;2634;11876;23934;1655;11483;25206;0;74;54427690;51723341;36206618;643836;53503192;39539152;897583;0;1098
FR;0;2022-04-12;1729;3082;14024;40928;1966;13396;41818;0;127;54429419;51726423;36220642;684764;53505158;39552548;939401;0;1225
FR;0;2022-04-13;1979;3722;13415;33118;2720;13036;34087;0;96;54431398;51730145;36234057;717882;53507878;39565584;973488;0;1321
FR;0;2022-04-14;1509;3016;13216;36354;1944;13074;37023;0;105;54432907;51733161;36247273;754236;53509822;39578658;1010511;0;1426
FR;0;2022-04-15;1883;3876;15645;35584;2618;14926;37235;0;115;54434790;51737037;36262918;789820;53512440;39593584;1047746;0;1541
FR;0;2022-04-16;1046;1834;6400;8553;1263;6263;9435;0;40;54435836;51738871;36269318;798373;53513703;39599847;1057181;0;1581
FR;0;2022-04-17;195;340;993;1174;224;1036;1242;0;7;54436031;51739211;36270311;799547;53513927;39600883;1058423;0;1588
FR;0;2022-04-18;200;547;2768;1072;344;2787;1287;0;5;54436231;51739758;36273079;800619;53514271;39603670;1059710;0;1593
FR;0;2022-04-19;1546;3031;12919;29690;1878;12480;30737;0;78;54437777;51742789;36285998;830309;53516149;39616150;1090447;0;1671
FR;0;2022-04-20;2008;3498;13308;29072;2612;12996;30088;0;96;54439785;51746287;36299306;859381;53518761;39629146;1120535;0;1767
FR;0;2022-04-21;1516;2856;12554;35211;1827;12647;35785;0;117;54441301;51749143;36311860;894592;53520588;39641793;1156320;0;1884
FR;0;2022-04-22;1880;3627;16480;37625;2403;15839;39164;0;131;54443181;51752770;36328340;932217;53522991;39657632;1195484;0;2015
FR;0;2022-04-23;1151;2071;7391;10659;1481;7242;11444;0;38;54444332;51754841;36335731;942876;53524472;39664874;1206928;0;2053
FR;0;2022-04-24;249;467;1478;1592;326;1414;1850;0;7;54444581;51755308;36337209;944468;53524798;39666288;1208778;0;2060
FR;0;2022-04-25;1308;2534;10687;21074;1614;10492;22096;0;79;54445889;51757842;36347896;965542;53526412;39676780;1230874;0;2139
FR;0;2022-04-26;1627;3008;13671;38665;1967;13114;39462;0;181;54447516;51760850;36361567;1004207;53528379;39689894;1270336;0;2320
FR;0;2022-04-27;1964;3065;11539;31087;2280;11596;31505;0;131;54449480;51763915;36373106;1035294;53530659;39701490;1301841;0;2451
FR;0;2022-04-28;1570;2778;12530;36265;1859;12271;36582;0;139;54451050;51766693;36385636;1071559;53532518;39713761;1338423;0;2590
FR;0;2022-04-29;2011;4834;15561;37281;3639;14937;38752;0;164;54453061;51771527;36401197;1108840;53536157;39728698;1377175;0;2754
FR;0;2022-04-30;1225;4703;6929;9717;4197;6758;10608;0;44;54454286;51776230;36408126;1118557;53540354;39735456;1387783;0;2798
FR;0;2022-05-01;220;325;916;1000;229;911;1141;0;6;54454506;51776555;36409042;1119557;53540583;39736367;1388924;0;2804
FR;0;2022-05-02;2365;2959;11160;18179;2055;10994;19023;0;69;54456871;51779514;36420202;1137736;53542638;39747361;1407947;0;2873
FR;0;2022-05-03;2065;3268;13726;34703;2129;13567;35624;0;163;54458936;51782782;36433928;1172439;53544767;39760928;1443571;0;3036
FR;0;2022-05-04;1924;3304;12187;25651;2304;12305;26202;0;110;54460860;51786086;36446115;1198090;53547071;39773233;1469773;0;3146
FR;0;2022-05-05;1796;3040;13069;33602;2018;12915;34270;0;180;54462656;51789126;36459184;1231692;53549089;39786148;1504043;0;3326
FR;0;2022-05-06;2217;3666;15355;36808;2325;14865;38270;0;182;54464873;51792792;36474539;1268500;53551414;39801013;1542313;0;3508
FR;0;2022-05-07;1210;1783;6464;9614;1255;6456;10339;0;48;54466083;51794575;36481003;1278114;53552669;39807469;1552652;0;3556
FR;0;2022-05-08;267;400;1175;1548;288;1236;1654;0;8;54466350;51794975;36482178;1279662;53552957;39808705;1554306;0;3564
FR;0;2022-05-09;1403;2307;9928;20259;1414;9799;21175;0;102;54467753;51797282;36492106;1299921;53554371;39818504;1575481;0;3666
FR;0;2022-05-10;1801;3432;13572;38999;2296;13128;40026;0;200;54469554;51800714;36505678;1338920;53556667;39831632;1615507;0;3866
FR;0;2022-05-11;2005;3021;10755;27942;2325;10701;28445;0;146;54471559;51803735;36516433;1366862;53558992;39842333;1643952;0;4012
FR;0;2022-05-12;1595;2745;11384;35748;1815;11054;36512;0;211;54473154;51806480;36527817;1402610;53560807;39853387;1680464;0;4223
FR;0;2022-05-13;1983;3222;13761;37981;2064;13350;39246;0;162;54475137;51809702;36541578;1440591;53562871;39866737;1719710;0;4385
FR;0;2022-05-14;1150;1646;5938;10778;1204;5801;11366;0;57;54476287;51811348;36547516;1451369;53564075;39872538;1731076;0;4442
FR;0;2022-05-15;283;479;1278;1440;302;1361;1593;0;6;54476570;51811827;36548794;1452809;53564377;39873899;1732669;0;4448
FR;0;2022-05-16;1196;2047;8693;21070;1248;8699;21597;0;128;54477766;51813874;36557487;1473879;53565625;39882598;1754266;0;4576
FR;0;2022-05-17;1591;2605;11828;37881;1670;11404;38723;0;180;54479357;51816479;36569315;1511760;53567295;39894002;1792989;0;4756
FR;0;2022-05-18;1816;2654;9693;27166;1956;9667;27784;0;109;54481173;51819133;36579008;1538926;53569251;39903669;1820773;0;4865
FR;0;2022-05-19;1451;2660;10581;35846;1636;10721;36037;0;162;54482624;51821793;36589589;1574772;53570887;39914390;1856810;0;5027
FR;0;2022-05-20;1876;3118;13426;39369;2079;12913;40389;0;168;54484500;51824911;36603015;1614141;53572966;39927303;1897199;0;5195
FR;0;2022-05-21;1159;1718;5662;9897;1314;5533;10534;0;45;54485659;51826629;36608677;1624038;53574280;39932836;1907733;0;5240
FR;0;2022-05-22;241;341;1031;1440;263;1017;1584;0;10;54485900;51826970;36609708;1625478;53574543;39933853;1909317;0;5250
FR;0;2022-05-23;1176;2127;8878;20375;1411;8828;21030;0;86;54487076;51829097;36618586;1645853;53575954;39942681;1930347;0;5336
FR;0;2022-05-24;1542;2759;11367;38882;1736;11239;39511;0;190;54488618;51831856;36629953;1684735;53577690;39953920;1969858;0;5526
FR;0;2022-05-25;1814;2837;9343;24848;2075;9481;25324;0;116;54490432;51834693;36639296;1709583;53579765;39963401;1995182;0;5642
FR;0;2022-05-26;216;430;1666;1201;293;1677;1344;0;26;54490648;51835123;36640962;1710784;53580058;39965078;1996526;0;5668
FR;0;2022-05-27;1390;2477;9265;21291;1670;9005;22325;0;94;54492038;51837600;36650227;1732075;53581728;39974083;2018851;0;5762
FR;0;2022-05-28;669;1272;3919;6795;852;3968;7204;0;38;54492707;51838872;36654146;1738870;53582580;39978051;2026055;0;5800
FR;0;2022-05-29;157;315;753;921;200;774;1033;0;4;54492864;51839187;36654899;1739791;53582780;39978825;2027088;0;5804
FR;0;2022-05-30;1026;1968;6995;19296;1248;7013;19808;0;91;54493890;51841155;36661894;1759087;53584028;39985838;2046896;0;5895
FR;0;2022-05-31;1488;2522;9823;35664;1649;9645;36295;0;171;54495378;51843677;36671717;1794751;53585677;39995483;2083191;0;6066
FR;0;2022-06-01;1752;3106;11029;24538;2252;10896;25491;0;122;54497130;51846783;36682746;1819289;53587929;40006379;2108682;0;6188
FR;0;2022-06-02;1480;2615;11308;35571;1716;10864;36516;0;174;54498610;51849398;36694054;1854860;53589645;40017243;2145198;0;6362
FR;0;2022-06-03;1728;3085;13424;38730;2054;12789;40000;0;176;54500338;51852483;36707478;1893590;53591699;40030032;2185198;0;6538
FR;0;2022-06-04;975;1516;5046;9113;1076;5117;9649;0;73;54501313;51853999;36712524;1902703;53592775;40035149;2194847;0;6611
FR;0;2022-06-05;181;335;876;1108;206;887;1230;0;4;54501494;51854334;36713400;1903811;53592981;40036036;2196077;0;6615
FR;0;2022-06-06;884;1255;2124;1329;1079;2141;1510;0;13;54502378;51855589;36715524;1905140;53594060;40038177;2197587;0;6628
FR;0;2022-06-07;1499;2713;9856;35597;1794;9434;36824;0;153;54503877;51858302;36725380;1940737;53595854;40047611;2234411;0;6781
FR;0;2022-06-08;1585;2698;9178;28788;1941;9021;29754;0;112;54505462;51861000;36734558;1969525;53597795;40056632;2264165;0;6893
FR;0;2022-06-09;1297;2442;10621;39502;1555;10266;40277;0;167;54506759;51863442;36745179;2009027;53599350;40066898;2304442;0;7060
FR;0;2022-06-10;1630;3194;13104;44828;2160;12666;46153;0;223;54508389;51866636;36758283;2053855;53601510;40079564;2350595;0;7283
FR;0;2022-06-11;962;1739;5432;11627;1125;5465;12212;0;55;54509351;51868375;36763715;2065482;53602635;40085029;2362807;0;7338
FR;0;2022-06-12;202;446;1079;1765;255;1143;1866;0;11;54509553;51868821;36764794;2067247;53602890;40086172;2364673;0;7349
FR;0;2022-06-13;1126;2069;7439;23183;1343;7269;24099;0;90;54510679;51870890;36772233;2090430;53604233;40093441;2388772;0;7439
FR;0;2022-06-14;1346;2550;10448;44948;1598;9806;46144;0;200;54512025;51873440;36782681;2135378;53605831;40103247;2434916;0;7639
FR;0;2022-06-15;1528;2464;9326;30907;1933;8965;31597;0;179;54513553;51875904;36792007;2166285;53607764;40112212;2466513;0;7818
FR;0;2022-06-16;1188;2041;9918;39932;1276;9327;40953;0;201;54514741;51877945;36801925;2206217;53609040;40121539;2507466;0;8019
FR;0;2022-06-17;1494;2859;12513;46699;1788;11920;47935;0;240;54516235;51880804;36814438;2252916;53610828;40133459;2555401;0;8259
FR;0;2022-06-18;857;1527;4566;11125;1038;4501;11719;0;67;54517092;51882331;36819004;2264041;53611866;40137960;2567120;0;8326
FR;0;2022-06-19;183;363;1059;1615;208;1131;1701;0;14;54517275;51882694;36820063;2265656;53612074;40139091;2568821;0;8340
FR;0;2022-06-20;1027;1927;8908;26079;1203;8569;27020;0;156;54518302;51884621;36828971;2291735;53613277;40147660;2595841;0;8496
FR;0;2022-06-21;1328;2404;10310;49898;1541;9339;51283;0;264;54519630;51887025;36839281;2341633;53614818;40156999;2647124;0;8760
FR;0;2022-06-22;1397;2519;8920;39065;1808;8430;40007;0;256;54521027;51889544;36848201;2380698;53616626;40165429;2687131;0;9016
FR;0;2022-06-23;1229;2370;10680;55113;1365;9886;56245;0;320;54522256;51891914;36858881;2435811;53617991;40175315;2743376;0;9336
FR;0;2022-06-24;1493;2996;13647;69187;1751;12308;71006;0;405;54523749;51894910;36872528;2504998;53619742;40187623;2814382;0;9741
FR;0;2022-06-25;939;1781;6236;19922;1112;5989;20777;0;177;54524688;51896691;36878764;2524920;53620854;40193612;2835159;0;9918
FR;0;2022-06-26;229;459;1953;3688;259;1818;3966;0;39;54524917;51897150;36880717;2528608;53621113;40195430;2839125;0;9957
FR;0;2022-06-27;1134;2026;10493;48488;1179;9636;49756;0;339;54526051;51899176;36891210;2577096;53622292;40205066;2888881;0;10296
FR;0;2022-06-28;1463;2816;14672;91401;1584;13090;93171;0;623;54527514;51901992;36905882;2668497;53623876;40218156;2982052;0;10919
FR;0;2022-06-29;1712;2835;12293;71897;1848;11241;73038;0;548;54529226;51904827;36918175;2740394;53625724;40229397;3055090;0;11467
FR;0;2022-06-30;1537;2736;14395;95167;1660;12476;97185;0;724;54530763;51907563;36932570;2835561;53627384;40241873;3152275;0;12191
FR;0;2022-07-01;2016;3806;21506;115936;2309;18857;118586;0;954;54532779;51911369;36954076;2951497;53629693;40260730;3270861;0;13145
FR;0;2022-07-02;1088;1859;8529;35755;1108;7705;36876;0;342;54533867;51913228;36962605;2987252;53630801;40268435;3307737;0;13487
FR;0;2022-07-03;294;539;2095;6455;319;1898;6804;0;79;54534161;51913767;36964700;2993707;53631120;40270333;3314541;0;13566
FR;0;2022-07-04;1968;3472;14716;79233;2337;12995;81305;0;639;54536129;51917239;36979416;3072940;53633457;40283328;3395846;0;14205
FR;0;2022-07-05;1798;3172;18837;133264;1804;16019;135556;0;1146;54537927;51920411;36998253;3206204;53635261;40299347;3531402;0;15351
FR;0;2022-07-06;1847;2789;15856;99602;1850;13649;101170;0;900;54539774;51923200;37014109;3305806;53637111;40312996;3632572;0;16251
FR;0;2022-07-07;1714;2873;18009;126041;1713;14789;128368;0;1179;54541488;51926073;37032118;3431847;53638824;40327785;3760940;0;17430
FR;0;2022-07-08;1894;3153;20752;137089;1857;16765;140081;0;1347;54543382;51929226;37052870;3568936;53640681;40344550;3901021;0;18777
FR;0;2022-07-09;868;1464;7745;37928;883;6692;38769;0;426;54544250;51930690;37060615;3606864;53641564;40351242;3939790;0;19203
FR;0;2022-07-10;272;687;2346;7004;441;2125;7395;0;94;54544522;51931377;37062961;3613868;53642005;40353367;3947185;0;19297
FR;0;2022-07-11;1458;2482;15020;88287;1404;12514;90474;0;801;54545980;51933859;37077981;3702155;53643409;40365881;4037659;0;20098
FR;0;2022-07-12;1843;3121;20537;143973;1717;16733;146678;0;1604;54547823;51936980;37098518;3846128;53645126;40382614;4184337;0;21702
FR;0;2022-07-13;1782;2753;15697;94543;1663;13278;96402;0;1080;54549605;51939733;37114215;3940671;53646789;40395892;4280739;0;22782
FR;0;2022-07-14;186;370;1955;5540;220;1834;5707;0;82;54549791;51940103;37116170;3946211;53647009;40397726;4286446;0;22864
FR;0;2022-07-15;1486;2575;15117;84465;1441;12600;86624;0;1035;54551277;51942678;37131287;4030676;53648450;40410326;4373070;0;23899
FR;0;2022-07-16;627;1193;5950;24982;699;5156;25674;0;327;54551904;51943871;37137237;4055658;53649149;40415482;4398744;0;24226
FR;0;2022-07-17;182;395;1738;4666;218;1570;4938;0;66;54552086;51944266;37138975;4060324;53649367;40417052;4403682;0;24292
FR;0;2022-07-18;1132;2252;11828;61810;1342;9978;63673;0;780;54553218;51946518;37150803;4122134;53650709;40427030;4467355;0;25072
FR;0;2022-07-19;1423;2355;15475;103709;1396;12296;105898;0;1459;54554641;51948873;37166278;4225843;53652105;40439326;4573253;0;26531
FR;0;2022-07-20;1428;2302;12966;77586;1470;10740;79173;0;1051;54556069;51951175;37179244;4303429;53653575;40450066;4652426;0;27582
FR;0;2022-07-21;1288;2172;13098;88243;1372;10500;89728;0;1316;54557357;51953347;37192342;4391672;53654947;40460566;4742154;0;28898
FR;0;2022-07-22;1432;2489;14832;89552;1466;11974;91418;0;1347;54558789;51955836;37207174;4481224;53656413;40472540;4833572;0;30245
FR;0;2022-07-23;684;1310;5536;22482;821;4858;23081;0;411;54559473;51957146;37212710;4503706;53657234;40477398;4856653;0;30656
FR;0;2022-07-24;186;353;1400;3905;204;1242;4132;0;72;54559659;51957499;37214110;4507611;53657438;40478640;4860785;0;30728
FR;0;2022-07-25;1060;1797;9493;48081;1149;7845;49518;0;737;54560719;51959296;37223603;4555692;53658587;40486485;4910303;0;31465
FR;0;2022-07-26;1300;2213;13306;85438;1322;10828;87135;0;1311;54562019;51961509;37236909;4641130;53659909;40497313;4997438;0;32776
FR;0;2022-07-27;1226;2008;10236;61318;1341;8530;62522;0;971;54563245;51963517;37247145;4702448;53661250;40505843;5059960;0;33747
FR;0;2022-07-28;1093;1863;10313;64409;1260;8224;65639;0;1046;54564338;51965380;37257458;4766857;53662510;40514067;5125599;0;34793
FR;0;2022-07-29;1282;2078;11011;65898;1387;8765;67328;0;1140;54565620;51967458;37268469;4832755;53663897;40522832;5192927;0;35933
FR;0;2022-07-30;503;866;3523;15283;604;2973;15666;0;303;54566123;51968324;37271992;4848038;53664501;40525805;5208593;0;36236
FR;0;2022-07-31;154;289;929;2439;185;788;2588;0;49;54566277;51968613;37272921;4850477;53664686;40526593;5211181;0;36285
FR;0;2022-08-01;1001;1669;7601;30239;1261;6400;31313;0;549;54567278;51970282;37280522;4880716;53665947;40532993;5242494;0;36834
FR;0;2022-08-02;1053;1651;8580;56125;1155;6894;56808;0;1170;54568331;51971933;37289102;4936841;53667102;40539887;5299302;0;38004
FR;0;2022-08-03;852;1266;6430;38681;903;5150;39419;0;702;54569183;51973199;37295532;4975522;53668005;40545037;5338721;0;38706
FR;0;2022-08-04;741;1186;6574;43161;782;5307;43725;0;917;54569924;51974385;37302106;5018683;53668787;40550344;5382446;0;39623
FR;0;2022-08-05;858;1364;7099;44972;972;5681;45630;0;993;54570782;51975749;37309205;5063655;53669759;40556025;5428076;0;40616
FR;0;2022-08-06;341;559;2101;9368;400;1759;9568;0;228;54571123;51976308;37311306;5073023;53670159;40557784;5437644;0;40844
FR;0;2022-08-07;104;160;536;1626;117;453;1702;0;38;54571227;51976468;37311842;5074649;53670276;40558237;5439346;0;40882
FR;0;2022-08-08;652;1164;4029;22109;920;3292;22544;0;490;54571879;51977632;37315871;5096758;53671196;40561529;5461890;0;41372
FR;0;2022-08-09;747;1167;5973;39959;854;4804;40446;0;844;54572626;51978799;37321844;5136717;53672050;40566333;5502336;0;42216
FR;0;2022-08-10;670;1290;4656;28058;1005;3797;28392;0;652;54573296;51980089;37326500;5164775;53673055;40570130;5530728;0;42868
FR;0;2022-08-11;640;1030;4493;29251;742;3713;29587;0;676;54573936;51981119;37330993;5194026;53673797;40573843;5560315;0;43544
FR;0;2022-08-12;849;1164;4748;28219;850;3919;28656;0;704;54574785;51982283;37335741;5222245;53674647;40577762;5588971;0;44248
FR;0;2022-08-13;356;428;1295;5260;325;1120;5419;0;121;54575141;51982711;37337036;5227505;53674972;40578882;5594390;0;44369
FR;0;2022-08-14;74;121;289;923;104;247;995;0;25;54575215;51982832;37337325;5228428;53675076;40579129;5595385;0;44394
FR;0;2022-08-15;117;232;610;564;198;558;618;0;19;54575332;51983064;37337935;5228992;53675274;40579687;5596003;0;44413
FR;0;2022-08-16;645;1078;3961;22178;840;3355;22371;0;615;54575977;51984142;37341896;5251170;53676114;40583042;5618374;0;45028
FR;0;2022-08-17;653;1041;3890;22898;816;3294;23142;0;620;54576630;51985183;37345786;5274068;53676930;40586336;5641516;0;45648
FR;0;2022-08-18;637;1002;4124;26308;806;3262;26541;0;673;54577267;51986185;37349910;5300376;53677736;40589598;5668057;0;46321
FR;0;2022-08-19;606;1167;4493;27259;875;3694;27565;0;766;54577873;51987352;37354403;5327635;53678611;40593292;5695622;0;47087
FR;0;2022-08-20;311;504;1356;5569;402;1171;5728;0;146;54578184;51987856;37355759;5333204;53679013;40594463;5701350;0;47233
FR;0;2022-08-21;97;135;305;1009;96;267;1044;0;27;54578281;51987991;37356064;5334213;53679109;40594730;5702394;0;47260
FR;0;2022-08-22;584;1002;3273;15358;781;2797;15688;0;425;54578865;51988993;37359337;5349571;53679890;40597527;5718082;0;47685
FR;0;2022-08-23;731;1180;4299;29002;853;3610;29091;0;870;54579596;51990173;37363636;5378573;53680743;40601137;5747173;0;48555
FR;0;2022-08-24;669;939;3496;19539;785;2858;19729;0;608;54580265;51991112;37367132;5398112;53681528;40603995;5766902;0;49163
FR;0;2022-08-25;626;1025;3946;23402;731;3294;23666;0;673;54580891;51992137;37371078;5421514;53682259;40607289;5790568;0;49836
FR;0;2022-08-26;862;1266;4478;25884;961;3671;26257;0;777;54581753;51993403;37375556;5447398;53683220;40610960;5816825;0;50613
FR;0;2022-08-27;297;500;1379;5469;362;1244;5533;0;194;54582050;51993903;37376935;5452867;53683582;40612204;5822358;0;50807
FR;0;2022-08-28;125;163;303;920;117;288;965;0;38;54582175;51994066;37377238;5453787;53683699;40612492;5823323;0;50845
FR;0;2022-08-29;622;970;3076;14663;770;2614;14969;0;433;54582797;51995036;37380314;5468450;53684469;40615106;5838292;0;51278
FR;0;2022-08-30;854;1224;4796;28544;900;3914;28874;0;823;54583651;51996260;37385110;5496994;53685369;40619020;5867166;0;52101
FR;0;2022-08-31;697;958;3207;17645;745;2718;17909;0;508;54584348;51997218;37388317;5514639;53686114;40621738;5885075;0;52609
FR;0;2022-09-01;756;997;4480;22498;708;3827;22766;0;623;54585104;51998215;37392797;5537137;53686822;40625565;5907841;0;53232
FR;0;2022-09-02;955;1158;5044;28612;846;4257;28906;0;914;54586059;51999373;37397841;5565749;53687668;40629822;5936747;0;54146
FR;0;2022-09-03;421;571;1919;6086;425;1666;6323;0;181;54586480;51999944;37399760;5571835;53688093;40631488;5943070;0;54327
FR;0;2022-09-04;134;150;351;876;85;347;945;0;24;54586614;52000094;37400111;5572711;53688178;40631835;5944015;0;54351
FR;0;2022-09-05;763;918;3178;16065;739;2658;16379;0;523;54587377;52001012;37403289;5588776;53688917;40634493;5960394;0;54874
FR;0;2022-09-06;914;1051;4740;31851;681;3873;32080;0;1040;54588291;52002063;37408029;5620627;53689598;40638366;5992474;0;55914
FR;0;2022-09-07;714;787;3000;16822;570;2481;16971;0;573;54589005;52002850;37411029;5637449;53690168;40640847;6009445;0;56487
FR;0;2022-09-08;632;862;3810;24866;597;3142;24957;0;818;54589637;52003712;37414839;5662315;53690765;40643989;6034402;0;57305
FR;0;2022-09-09;850;1022;4444;27660;664;3686;27836;0;951;54590487;52004734;37419283;5689975;53691429;40647675;6062238;0;58256
FR;0;2022-09-10;405;647;1738;5711;472;1538;5917;0;207;54590892;52005381;37421021;5695686;53691901;40649213;6068155;0;58463
FR;0;2022-09-11;124;131;324;657;93;307;716;0;17;54591016;52005512;37421345;5696343;53691994;40649520;6068871;0;58480
FR;0;2022-09-12;520;646;2690;13297;463;2295;13590;0;478;54591536;52006158;37424035;5709640;53692457;40651815;6082461;0;58958
FR;0;2022-09-13;675;872;3997;26520;561;3486;26398;0;875;54592211;52007030;37428032;5736160;53693018;40655301;6108859;0;59833
FR;0;2022-09-14;707;802;2968;16188;594;2485;16421;0;573;54592918;52007832;37431000;5752348;53693612;40657786;6125280;0;60406
FR;0;2022-09-15;578;847;3476;23586;599;2965;23655;0;728;54593496;52008679;37434476;5775934;53694211;40660751;6148935;0;61134
FR;0;2022-09-16;799;1049;4145;25916;733;3487;26138;0;932;54594295;52009728;37438621;5801850;53694944;40664238;6175073;0;62066
FR;0;2022-09-17;395;513;1454;6146;392;1284;6238;0;243;54594690;52010241;37440075;5807996;53695336;40665522;6181311;0;62309
FR;0;2022-09-18;117;144;323;962;123;291;1017;0;37;54594807;52010385;37440398;5808958;53695459;40665813;6182328;0;62346
FR;0;2022-09-19;482;648;2262;13219;451;1936;13402;0;436;54595289;52011033;37442660;5822177;53695910;40667749;6195730;0;62782
FR;0;2022-09-20;646;902;3790;26462;657;3157;26516;0;893;54595935;52011935;37446450;5848639;53696567;40670906;6222246;0;63675
FR;0;2022-09-21;590;775;2740;16258;579;2355;16249;0;586;54596525;52012710;37449190;5864897;53697146;40673261;6238495;0;64261
FR;0;2022-09-22;601;851;3424;23595;574;2797;23819;0;774;54597126;52013561;37452614;5888492;53697720;40676058;6262314;0;65035
FR;0;2022-09-23;838;1051;4495;28730;773;3764;28901;0;1020;54597964;52014612;37457109;5917222;53698493;40679822;6291215;0;66055
FR;0;2022-09-24;427;614;1648;6906;474;1421;7091;0;307;54598391;52015226;37458757;5924128;53698967;40681243;6298306;0;66362
FR;0;2022-09-25;99;194;336;1101;149;307;1143;0;37;54598490;52015420;37459093;5925229;53699116;40681550;6299449;0;66399
FR;0;2022-09-26;438;715;2299;13545;485;2019;13649;0;435;54598928;52016135;37461392;5938774;53699601;40683569;6313098;0;66834
FR;0;2022-09-27;612;844;3627;25944;614;2910;26099;0;959;54599540;52016979;37465019;5964718;53700215;40686479;6339197;0;67793
FR;0;2022-09-28;635;828;2557;15404;635;2305;15517;0;622;54600175;52017807;37467576;5980122;53700850;40688784;6354714;0;68415
FR;0;2022-09-29;566;768;3134;21052;545;2647;21081;43;810;54600741;52018575;37470710;6001174;53701395;40691431;6375795;43;69225
FR;0;2022-09-30;787;1125;3956;25563;844;3302;25830;715;1052;54601528;52019700;37474666;6026737;53702239;40694733;6401625;758;70277
FR;0;2022-10-01;431;680;2009;5975;528;1737;6212;396;318;54601959;52020380;37476675;6032712;53702767;40696470;6407837;1154;70595
FR;0;2022-10-02;63;136;218;639;97;215;665;66;42;54602022;52020516;37476893;6033351;53702864;40696685;6408502;1220;70637
FR;0;2022-10-03;604;946;2468;12053;779;2194;12231;2074;745;54602626;52021462;37479361;6045404;53703643;40698879;6420733;3294;71382
FR;0;2022-10-04;729;832;3394;23508;578;2785;23685;4704;1585;54603355;52022294;37482755;6068912;53704221;40701664;6444418;7998;72967
FR;0;2022-10-05;604;852;2448;14607;631;2163;14748;3656;1210;54603959;52023146;37485203;6083519;53704852;40703827;6459166;11654;74177
FR;0;2022-10-06;550;741;3089;21688;542;2521;21898;6668;1909;54604509;52023887;37488292;6105207;53705394;40706348;6481064;18322;76086
FR;0;2022-10-07;734;1012;4128;30309;739;3477;30398;16874;3204;54605243;52024899;37492420;6135516;53706133;40709825;6511462;35196;79290
FR;0;2022-10-08;355;521;1651;8432;383;1410;8601;6699;1170;54605598;52025420;37494071;6143948;53706516;40711235;6520063;41895;80460
FR;0;2022-10-09;109;140;337;1587;114;312;1650;1511;297;54605707;52025560;37494408;6145535;53706630;40711547;6521713;43406;80757
FR;0;2022-10-10;499;826;2932;20565;642;2523;20887;19597;3272;54606206;52026386;37497340;6166100;53707272;40714070;6542600;63003;84029
FR;0;2022-10-11;604;813;4269;40321;553;3572;40665;40162;6381;54606810;52027199;37501609;6206421;53707825;40717642;6583265;103165;90410
FR;0;2022-10-12;597;857;3268;26758;639;2775;27088;27304;4691;54607407;52028056;37504877;6233179;53708464;40720417;6610353;130469;95101
FR;0;2022-10-13;626;818;4016;38463;609;3137;38922;40607;6607;54608033;52028874;37508893;6271642;53709073;40723554;6649275;171076;101708
FR;0;2022-10-14;761;1071;4871;47667;782;3955;48142;51134;7863;54608794;52029945;37513764;6319309;53709855;40727509;6697417;222210;109571
FR;0;2022-10-15;368;585;1867;11851;424;1629;11965;13091;2274;54609162;52030530;37515631;6331160;53710279;40729138;6709382;235301;111845
FR;0;2022-10-16;92;135;372;1967;85;356;2012;2347;479;54609254;52030665;37516003;6333127;53710364;40729494;6711394;237648;112324
FR;0;2022-10-17;439;711;3042;26466;496;2485;26838;30794;5410;54609693;52031376;37519045;6359593;53710860;40731979;6738232;268442;117734
FR;0;2022-10-18;606;736;4706;46102;535;3762;46667;55450;11701;54610299;52032112;37523751;6405695;53711395;40735741;6784899;323892;129435
FR;0;2022-10-19;566;819;3644;34375;624;3074;34745;42462;9251;54610865;52032931;37527395;6440070;53712019;40738815;6819644;366354;138686
FR;0;2022-10-20;616;803;4843;49463;591;3730;50120;60531;12936;54611481;52033734;37532238;6489533;53712610;40742545;6869764;426885;151622
FR;0;2022-10-21;691;993;5710;57040;708;4519;57710;70963;14299;54612172;52034727;37537948;6546573;53713318;40747064;6927474;497848;165921
FR;0;2022-10-22;335;413;1654;12949;333;1320;13106;15938;3386;54612507;52035140;37539602;6559522;53713651;40748384;6940580;513786;169307
FR;0;2022-10-23;97;107;350;2064;102;266;2166;2758;631;54612604;52035247;37539952;6561586;53713753;40748650;6942746;516544;169938
FR;0;2022-10-24;552;597;3137;27134;422;2687;27562;35493;7809;54613156;52035844;37543089;6588720;53714175;40751337;6970308;552037;177747
FR;0;2022-10-25;596;726;4870;49115;535;3803;49789;65251;15448;54613752;52036570;37547959;6637835;53714710;40755140;7020097;617288;193195
FR;0;2022-10-26;533;645;3475;32622;484;2901;32928;43999;11023;54614285;52037215;37551434;6670457;53715194;40758041;7053025;661287;204218
FR;0;2022-10-27;592;697;4080;40795;498;3347;41272;54475;13137;54614877;52037912;37555514;6711252;53715692;40761388;7094297;715762;217355
FR;0;2022-10-28;704;868;4610;44187;631;3505;45006;58275;13187;54615581;52038780;37560124;6755439;53716323;40764893;7139303;774037;230542
FR;0;2022-10-29;260;362;1328;9498;260;1082;9632;12523;3012;54615841;52039142;37561452;6764937;53716583;40765975;7148935;786560;233554
FR;0;2022-10-30;87;119;287;1598;95;249;1646;2145;540;54615928;52039261;37561739;6766535;53716678;40766224;7150581;788705;234094
FR;0;2022-10-31;381;489;2075;16062;358;1626;16427;22205;5503;54616309;52039750;37563814;6782597;53717036;40767850;7167008;810910;239597
FR;0;2022-11-01;126;193;928;1123;151;961;1166;1697;504;54616435;52039943;37564742;6783720;53717187;40768811;7168174;812607;240101
FR;0;2022-11-02;518;675;3037;25403;504;2583;25879;36642;10133;54616953;52040618;37567779;6809123;53717691;40771394;7194053;849249;250234
FR;0;2022-11-03;646;702;4114;40064;535;3118;40796;57039;15379;54617599;52041320;37571893;6849187;53718226;40774512;7234849;906288;265613
FR;0;2022-11-04;659;831;4425;43659;577;3518;44278;60534;15248;54618258;52042151;37576318;6892846;53718803;40778030;7279127;966822;280861
FR;0;2022-11-05;255;375;1450;9717;298;1166;9926;13464;3294;54618513;52042526;37577768;6902563;53719101;40779196;7289053;980286;284155
FR;0;2022-11-06;94;118;263;1603;101;246;1632;2338;653;54618607;52042644;37578031;6904166;53719202;40779442;7290685;982624;284808
FR;0;2022-11-07;528;603;2763;26769;516;2249;27401;39119;11006;54619135;52043247;37580794;6930935;53719718;40781691;7318086;1021743;295814
FR;0;2022-11-08;656;815;5004;52000;602;3840;53004;74288;20078;54619791;52044062;37585798;6982935;53720320;40785531;7371090;1096031;315892
FR;0;2022-11-09;531;697;3363;31610;521;2691;32386;46363;13233;54620322;52044759;37589161;7014545;53720841;40788222;7403476;1142394;329125
FR;0;2022-11-10;627;973;4578;43680;724;3628;44581;62858;17354;54620949;52045732;37593739;7058225;53721565;40791850;7448057;1205252;346479
FR;0;2022-11-11;82;120;370;1664;88;313;1727;2799;1012;54621031;52045852;37594109;7059889;53721653;40792163;7449784;1208051;347491
FR;0;2022-11-12;212;350;1195;7102;259;978;7337;10289;2765;54621243;52046202;37595304;7066991;53721912;40793141;7457121;1218340;350256
FR;0;2022-11-13;71;115;249;1208;94;213;1262;1978;628;54621314;52046317;37595553;7068199;53722006;40793354;7458383;1220318;350884
FR;0;2022-11-14;447;531;2589;23994;378;2066;24628;36204;10889;54621761;52046848;37598142;7092193;53722384;40795420;7483011;1256522;361773
FR;0;2022-11-15;616;888;4330;45056;713;3373;46004;66920;19627;54622377;52047736;37602472;7137249;53723097;40798793;7529015;1323442;381400
FR;0;2022-11-16;564;680;3071;28595;551;2578;29131;43258;13314;54622941;52048416;37605543;7165844;53723648;40801371;7558146;1366700;394714
FR;0;2022-11-17;571;689;3826;39253;536;2986;39858;58358;17409;54623512;52049105;37609369;7205097;53724184;40804357;7598004;1425058;412123
FR;0;2022-11-18;626;785;4607;45145;600;3457;46051;65714;18349;54624138;52049890;37613976;7250242;53724784;40807814;7644055;1490772;430472
FR;0;2022-11-19;270;345;1502;9806;278;1098;10001;14323;4009;54624408;52050235;37615478;7260048;53725062;40808912;7654056;1505095;434481
FR;0;2022-11-20;79;188;304;1698;170;261;1772;2717;859;54624487;52050423;37615782;7261746;53725232;40809173;7655828;1507812;435340
FR;0;2022-11-21;437;515;2425;21448;353;1956;22018;33132;10347;54624924;52050938;37618207;7283194;53725585;40811129;7677846;1540944;445687
FR;0;2022-11-22;540;609;4031;39832;437;3167;40406;59776;18252;54625464;52051547;37622238;7323026;53726022;40814296;7718252;1600720;463939
FR;0;2022-11-23;475;568;2759;26027;415;2325;26518;40396;12888;54625939;52052115;37624997;7349053;53726437;40816621;7744770;1641116;476827
FR;0;2022-11-24;514;608;3768;37168;432;2964;37879;56833;17944;54626453;52052723;37628765;7386221;53726869;40819585;7782649;1697949;494771
FR;0;2022-11-25;579;732;4189;40153;585;3150;40996;59634;17476;54627032;52053455;37632954;7426374;53727454;40822735;7823645;1757583;512247
FR;0;2022-11-26;301;339;1335;9371;263;1064;9512;13999;3971;54627333;52053794;37634289;7435745;53727717;40823799;7833157;1771582;516218
FR;0;2022-11-27;74;88;268;1661;70;228;1689;2554;805;54627407;52053882;37634557;7437406;53727787;40824027;7834846;1774136;517023
FR;0;2022-11-28;419;482;2638;24800;363;1982;25539;38464;12200;54627826;52054364;37637195;7462206;53728150;40826009;7860385;1812600;529223
FR;0;2022-11-29;499;611;4401;46526;381;3291;47254;71104;22321;54628325;52054975;37641596;7508732;53728531;40829300;7907639;1883704;551544
FR;0;2022-11-30;508;702;3740;36927;503;2898;37733;56328;17230;54628833;52055677;37645336;7545659;53729034;40832198;7945372;1940032;568774
FR;0;2022-12-01;535;683;5320;51889;462;3912;52697;79674;25237;54629368;52056360;37650656;7597548;53729496;40836110;7998069;2019706;594011
FR;0;2022-12-02;643;750;6173;61542;533;4383;62775;92447;27454;54630011;52057110;37656829;7659090;53730029;40840493;8060844;2112153;621465
FR;0;2022-12-03;305;348;2287;18051;226;1629;18480;26729;7618;54630316;52057458;37659116;7677141;53730255;40842122;8079324;2138882;629083
FR;0;2022-12-04;97;124;524;4305;91;434;4356;6441;1856;54630413;52057582;37659640;7681446;53730346;40842556;8083680;2145323;630939
FR;0;2022-12-05;477;610;4314;44705;446;2924;45672;69051;21913;54630890;52058192;37663954;7726151;53730792;40845480;8129352;2214374;652852
FR;0;2022-12-06;633;765;6854;78299;504;4657;79820;121754;39599;54631523;52058957;37670808;7804450;53731296;40850137;8209172;2336128;692451
FR;0;2022-12-07;558;652;5366;58158;486;3613;59305;90517;29572;54632081;52059609;37676174;7862608;53731782;40853750;8268477;2426645;722023
FR;0;2022-12-08;610;720;6990;79674;460;4593;81369;124178;40871;54632691;52060329;37683164;7942282;53732242;40858343;8349846;2550823;762894
FR;0;2022-12-09;784;844;8683;95684;556;5736;97577;147344;46802;54633475;52061173;37691847;8037966;53732798;40864079;8447423;2698167;809696
FR;0;2022-12-10;409;513;3827;33958;357;2481;34855;50557;14712;54633884;52061686;37695674;8071924;53733155;40866560;8482278;2748724;824408
FR;0;2022-12-11;132;141;993;8362;101;687;8567;12255;3276;54634016;52061827;37696667;8080286;53733256;40867247;8490845;2760979;827684
FR;0;2022-12-12;521;593;6382;67480;383;4135;69075;106289;34846;54634537;52062420;37703049;8147766;53733639;40871382;8559920;2867268;862530
FR;0;2022-12-13;708;791;9051;103606;499;5636;106198;164929;55105;54635245;52063211;37712100;8251372;53734138;40877018;8666118;3032197;917635
FR;0;2022-12-14;593;724;6826;73345;487;4556;75026;117001;38770;54635838;52063935;37718926;8324717;53734625;40881574;8741144;3149198;956405
FR;0;2022-12-15;660;882;8900;95930;573;5723;98245;153328;51775;54636498;52064817;37727826;8420647;53735198;40887297;8839389;3302526;1008180
FR;0;2022-12-16;825;979;9780;104823;653;6461;107065;166531;55329;54637323;52065796;37737606;8525470;53735851;40893758;8946454;3469057;1063509
FR;0;2022-12-17;345;429;3504;31802;293;2296;32594;48444;14449;54637668;52066225;37741110;8557272;53736144;40896054;8979048;3517501;1077958
FR;0;2022-12-18;93;127;789;6334;81;542;6484;9629;2752;54637761;52066352;37741899;8563606;53736225;40896596;8985532;3527130;1080710
FR;0;2022-12-19;591;618;5756;56219;434;3683;57851;90266;30088;54638352;52066970;37747655;8619825;53736659;40900279;9043383;3617396;1110798
FR;0;2022-12-20;742;791;7953;79862;527;5247;82008;130830;45058;54639094;52067761;37755608;8699687;53737186;40905526;9125391;3748226;1155856
FR;0;2022-12-21;599;629;5337;50979;441;3589;52330;84185;29336;54639693;52068390;37760945;8750666;53737627;40909115;9177721;3832411;1185192
FR;0;2022-12-22;646;668;4915;46289;466;3436;47526;76911;26913;54640339;52069058;37765860;8796955;53738093;40912551;9225247;3909322;1212105
FR;0;2022-12-23;478;586;3448;26235;422;2631;26896;43415;14908;54640817;52069644;37769308;8823190;53738515;40915182;9252143;3952737;1227013
FR;0;2022-12-24;105;108;446;2708;80;337;2832;4289;1231;54640922;52069752;37769754;8825898;53738595;40915519;9254975;3957026;1228244
FR;0;2022-12-25;34;43;134;566;34;106;592;926;273;54640956;52069795;37769888;8826464;53738629;40915625;9255567;3957952;1228517
FR;0;2022-12-26;369;391;2500;16935;291;1823;17573;27620;8833;54641325;52070186;37772388;8843399;53738920;40917448;9273140;3985572;1237350
FR;0;2022-12-27;539;660;4218;33729;445;2953;34880;56729;19744;54641864;52070846;37776606;8877128;53739365;40920401;9308020;4042301;1257094
FR;0;2022-12-28;478;518;3241;25721;352;2317;26342;42948;14844;54642342;52071364;37779847;8902849;53739717;40922718;9334362;4085249;1271938
FR;0;2022-12-29;431;544;3424;26589;356;2408;27596;45108;15660;54642773;52071908;37783271;8929438;53740073;40925126;9361958;4130357;1287598
FR;0;2022-12-30;463;506;2632;19576;364;1868;20248;32640;11002;54643236;52072414;37785903;8949014;53740437;40926994;9382206;4162997;1298600
FR;0;2022-12-31;137;157;508;3189;121;413;3333;4945;1338;54643373;52072571;37786411;8952203;53740558;40927407;9385539;4167942;1299938
FR;0;2023-01-01;25;45;177;711;27;149;737;1026;246;54643398;52072616;37786588;8952914;53740585;40927556;9386276;4168968;1300184
FR;0;2023-01-02;543;577;3010;19034;403;2324;19514;32983;12075;54643941;52073193;37789598;8971948;53740988;40929880;9405790;4201951;1312259
FR;0;2023-01-03;669;686;4761;44186;465;3372;45131;82781;34819;54644610;52073879;37794359;9016134;53741453;40933252;9450921;4284732;1347078
FR;0;2023-01-04;540;598;3874;31103;407;2766;31917;59884;25824;54645150;52074477;37798233;9047237;53741860;40936018;9482838;4344616;1372902
FR;0;2023-01-05;668;760;4687;43309;561;3191;44242;84048;37175;54645818;52075237;37802920;9090546;53742421;40939209;9527080;4428664;1410077
FR;0;2023-01-06;746;859;5527;48576;581;3665;49637;92103;39513;54646564;52076096;37808447;9139122;53743002;40942874;9576717;4520767;1449590
FR;0;2023-01-07;348;412;1948;12935;301;1414;13256;23034;8767;54646912;52076508;37810395;9152057;53743303;40944288;9589973;4543801;1458357
FR;0;2023-01-08;104;144;495;2918;100;356;3015;5231;1992;54647016;52076652;37810890;9154975;53743403;40944644;9592988;4549032;1460349
FR;0;2023-01-09;580;634;2862;22346;456;2063;22931;45852;21214;54647596;52077286;37813752;9177321;53743859;40946707;9615919;4594884;1481563
FR;0;2023-01-10;617;779;4819;41577;539;3451;42407;87027;41788;54648213;52078065;37818571;9218898;53744398;40950158;9658326;4681911;1523351
FR;0;2023-01-11;504;600;3144;25101;438;2286;25635;52858;25235;54648717;52078665;37821715;9243999;53744836;40952444;9683961;4734769;1548586
FR;0;2023-01-12;604;690;3983;34350;468;2884;34974;72506;35102;54649321;52079355;37825698;9278349;53745304;40955328;9718935;4807275;1583688
FR;0;2023-01-13;762;809;4382;36236;562;3155;36885;74641;35215;54650083;52080164;37830080;9314585;53745866;40958483;9755820;4881916;1618903
FR;0;2023-01-14;353;346;1585;9307;237;1197;9499;17764;7418;54650436;52080510;37831665;9323892;53746103;40959680;9765319;4899680;1626321
FR;0;2023-01-15;100;135;378;1567;91;290;1678;3254;1405;54650536;52080645;37832043;9325459;53746194;40959970;9766997;4902934;1627726
FR;0;2023-01-16;425;480;2382;16347;333;1789;16609;35991;18102;54650961;52081125;37834425;9341806;53746527;40961759;9783606;4938925;1645828
FR;0;2023-01-17;504;594;3539;29061;409;2567;29623;65748;33910;54651465;52081719;37837964;9370867;53746936;40964326;9813229;5004673;1679738
FR;0;2023-01-18;471;561;2371;17447;408;1839;17760;39171;19886;54651936;52082280;37840335;9388314;53747344;40966165;9830989;5043844;1699624
FR;0;2023-01-19;506;521;2875;23071;355;2137;23420;52296;27010;54652442;52082801;37843210;9411385;53747699;40968302;9854409;5096140;1726634
FR;0;2023-01-20;635;701;3471;25810;500;2626;26295;57783;29429;54653077;52083502;37846681;9437195;53748199;40970928;9880704;5153923;1756063
FR;0;2023-01-21;261;306;1142;6423;221;880;6533;13245;6020;54653338;52083808;37847823;9443618;53748420;40971808;9887237;5167168;1762083
FR;0;2023-01-22;47;65;180;880;34;156;930;1922;874;54653385;52083873;37848003;9444498;53748454;40971964;9888167;5169090;1762957
FR;0;2023-01-23;322;414;1739;11042;272;1304;11267;27227;14820;54653707;52084287;37849742;9455540;53748726;40973268;9899434;5196317;1777777
FR;0;2023-01-24;476;530;2596;20715;374;1945;21025;51017;28310;54654183;52084817;37852338;9476255;53749100;40975213;9920459;5247334;1806087
FR;0;2023-01-25;408;553;1953;12616;396;1483;13046;30757;16452;54654591;52085370;37854291;9488871;53749496;40976696;9933505;5278091;1822539
FR;0;2023-01-26;436;528;2384;17189;383;1789;17497;42462;23402;54655027;52085898;37856675;9506060;53749879;40978485;9951002;5320553;1845941
FR;0;2023-01-27;527;792;2655;18538;617;2016;18786;45080;24579;54655554;52086690;37859330;9524598;53750496;40980501;9969788;5365633;1870520
FR;0;2023-01-28;237;291;866;4521;234;691;4640;9986;4751;54655791;52086981;37860196;9529119;53750730;40981192;9974428;5375619;1875271
FR;0;2023-01-29;42;72;124;466;55;102;504;1098;548;54655833;52087053;37860320;9529585;53750785;40981294;9974932;5376717;1875819
FR;0;2023-01-30;366;450;1343;8289;322;1111;8482;20944;11435;54656199;52087503;37861663;9537874;53751107;40982405;9983414;5397661;1887254
FR;0;2023-01-31;426;489;2048;14114;332;1532;14357;36870;21258;54656625;52087992;37863711;9551988;53751439;40983937;9997771;5434531;1908512
FR;0;2023-02-01;412;531;1726;8351;404;1472;8509;22203;12597;54657037;52088523;37865437;9560339;53751843;40985409;10006280;5456734;1921109
FR;0;2023-02-02;369;504;1730;11927;345;1436;12137;31694;18253;54657406;52089027;37867167;9572266;53752188;40986845;10018417;5488428;1939362
FR;0;2023-02-03;479;653;2064;12625;487;1646;12805;33761;19456;54657885;52089680;37869231;9584891;53752675;40988491;10031222;5522189;1958818
FR;0;2023-02-04;197;277;672;3135;238;565;3180;7453;3824;54658082;52089957;37869903;9588026;53752913;40989056;10034402;5529642;1962642
FR;0;2023-02-05;25;65;89;245;42;87;261;589;284;54658107;52090022;37869992;9588271;53752955;40989143;10034663;5530231;1962926
FR;0;2023-02-06;310;353;1100;5420;284;865;5603;15381;9055;54658417;52090375;37871092;9593691;53753239;40990008;10040266;5545612;1971981
FR;0;2023-02-07;350;496;1607;9740;365;1320;9894;28182;16900;54658767;52090871;37872699;9603431;53753604;40991328;10050160;5573794;1988881
FR;0;2023-02-08;301;391;1132;6066;310;919;6233;16993;9763;54659068;52091262;37873831;9609497;53753914;40992247;10056393;5590787;1998644
FR;0;2023-02-09;340;475;1307;7914;346;1114;8095;22842;13696;54659408;52091737;37875138;9617411;53754260;40993361;10064488;5613629;2012340
FR;0;2023-02-10;468;549;1518;8357;435;1277;8503;23760;13959;54659876;52092286;37876656;9625768;53754695;40994638;10072991;5637389;2026299
FR;0;2023-02-11;169;224;583;2149;181;512;2237;5434;2769;54660045;52092510;37877239;9627917;53754876;40995150;10075228;5642823;2029068
FR;0;2023-02-12;41;48;62;175;47;56;197;440;208;54660086;52092558;37877301;9628092;53754923;40995206;10075425;5643263;2029276
FR;0;2023-02-13;234;336;753;3343;262;686;3434;9600;5496;54660320;52092894;37878054;9631435;53755185;40995892;10078859;5652863;2034772
FR;0;2023-02-14;297;377;1184;5966;274;1006;6113;17546;10418;54660617;52093271;37879238;9637401;53755459;40996898;10084972;5670409;2045190
FR;0;2023-02-15;290;400;968;4076;295;843;4254;12217;7169;54660907;52093671;37880206;9641477;53755754;40997741;10089226;5682626;2052359
FR;0;2023-02-16;264;403;1160;5202;267;1014;5349;15057;8761;54661171;52094074;37881366;9646679;53756021;40998755;10094575;5697683;2061120
FR;0;2023-02-17;371;474;1314;5480;384;1153;5702;16394;9637;54661542;52094548;37882680;9652159;53756405;40999908;10100277;5714077;2070757
FR;0;2023-02-18;162;217;564;1627;172;493;1697;4062;2050;54661704;52094765;37883244;9653786;53756577;41000401;10101974;5718139;2072807
FR;0;2023-02-19;37;38;49;139;35;40;141;338;167;54661741;52094803;37883293;9653925;53756612;41000441;10102115;5718477;2072974
FR;0;2023-02-20;248;348;712;2851;261;670;2971;8514;4882;54661989;52095151;37884005;9656776;53756873;41001111;10105086;5726991;2077856
FR;0;2023-02-21;269;413;1071;4530;268;934;4740;13982;8261;54662258;52095564;37885076;9661306;53757141;41002045;10109826;5740973;2086117
FR;0;2023-02-22;244;372;739;2943;284;701;2982;9073;5313;54662502;52095936;37885815;9664249;53757425;41002746;10112808;5750046;2091430
FR;0;2023-02-23;226;362;934;3995;248;839;4180;12234;7147;54662728;52096298;37886749;9668244;53757673;41003585;10116988;5762280;2098577
FR;0;2023-02-24;291;471;1040;4405;349;911;4600;12988;7444;54663019;52096769;37887789;9672649;53758022;41004496;10121588;5775268;2106021
FR;0;2023-02-25;125;168;446;1192;147;362;1272;3183;1621;54663144;52096937;37888235;9673841;53758169;41004858;10122860;5778451;2107642
FR;0;2023-02-26;20;27;34;101;27;35;113;256;111;54663164;52096964;37888269;9673942;53758196;41004893;10122973;5778707;2107753
FR;0;2023-02-27;213;327;602;1995;254;584;2066;6559;3943;54663377;52097291;37888871;9675937;53758450;41005477;10125039;5785266;2111696
FR;0;2023-02-28;267;369;835;3576;251;806;3714;12138;7476;54663644;52097660;37889706;9679513;53758701;41006283;10128753;5797404;2119172
FR;0;2023-03-01;226;343;833;1996;282;761;2178;6605;3927;54663870;52098003;37890539;9681509;53758983;41007044;10130931;5804009;2123099
FR;0;2023-03-02;220;314;848;2985;227;728;3200;10076;6259;54664090;52098317;37891387;9684494;53759210;41007772;10134131;5814085;2129358
FR;0;2023-03-03;327;466;1029;3674;354;921;3812;11751;6936;54664417;52098783;37892416;9688168;53759564;41008693;10137943;5825836;2136294
FR;0;2023-03-04;131;217;408;1081;158;390;1096;2789;1371;54664548;52099000;37892824;9689249;53759722;41009083;10139039;5828625;2137665
FR;0;2023-03-05;23;26;27;52;23;30;53;199;113;54664571;52099026;37892851;9689301;53759745;41009113;10139092;5828824;2137778
FR;0;2023-03-06;224;267;538;1418;191;519;1493;4723;2722;54664795;52099293;37893389;9690719;53759936;41009632;10140585;5833547;2140500
FR;0;2023-03-07;188;314;656;2355;218;612;2446;7933;4877;54664983;52099607;37894045;9693074;53760154;41010244;10143031;5841480;2145377
FR;0;2023-03-08;159;283;523;1442;218;463;1551;5001;2920;54665142;52099890;37894568;9694516;53760372;41010707;10144582;5846481;2148297
FR;0;2023-03-09;166;279;631;2002;189;601;2071;7138;4405;54665308;52100169;37895199;9696518;53760561;41011308;10146653;5853619;2152702
FR;0;2023-03-10;320;454;884;2614;338;811;2736;8936;5349;54665628;52100623;37896083;9699132;53760899;41012119;10149389;5862555;2158051
FR;0;2023-03-11;126;175;351;801;133;311;852;2299;1179;54665754;52100798;37896434;9699933;53761032;41012430;10150241;5864854;2159230
FR;0;2023-03-12;10;25;30;62;24;30;63;177;87;54665764;52100823;37896464;9699995;53761056;41012460;10150304;5865031;2159317
FR;0;2023-03-13;141;219;470;1146;164;425;1205;3766;2133;54665905;52101042;37896934;9701141;53761220;41012885;10151509;5868797;2161450
FR;0;2023-03-14;196;279;645;1891;190;633;1970;6767;4112;54666101;52101321;37897579;9703032;53761410;41013518;10153479;5875564;2165562
FR;0;2023-03-15;158;251;501;1208;203;476;1284;4315;2534;54666259;52101572;37898080;9704240;53761613;41013994;10154763;5879879;2168096
FR;0;2023-03-16;174;268;625;1645;200;574;1754;5949;3577;54666433;52101840;37898705;9705885;53761813;41014568;10156517;5885828;2171673
FR;0;2023-03-17;278;355;794;2042;268;714;2184;7295;4366;54666711;52102195;37899499;9707927;53762081;41015282;10158701;5893123;2176039
FR;0;2023-03-18;123;163;452;606;115;440;678;2041;1043;54666834;52102358;37899951;9708533;53762196;41015722;10159379;5895164;2177082
FR;0;2023-03-19;20;18;25;53;19;13;59;125;54;54666854;52102376;37899976;9708586;53762215;41015735;10159438;5895289;2177136
FR;0;2023-03-20;149;259;477;1067;170;484;1141;3809;2161;54667003;52102635;37900453;9709653;53762385;41016219;10160579;5899098;2179297
FR;0;2023-03-21;211;280;668;1625;198;636;1822;6522;3927;54667214;52102915;37901121;9711278;53762583;41016855;10162401;5905620;2183224
FR;0;2023-03-22;196;242;479;1037;189;459;1156;3940;2288;54667410;52103157;37901600;9712315;53762772;41017314;10163557;5909560;2185512
FR;0;2023-03-23;163;239;590;1405;165;533;1498;5147;3037;54667573;52103396;37902190;9713720;53762937;41017847;10165055;5914707;2188549
FR;0;2023-03-24;238;394;921;1782;289;865;1964;6619;3812;54667811;52103790;37903111;9715502;53763226;41018712;10167019;5921326;2192361
FR;0;2023-03-25;125;169;352;574;138;313;649;1790;838;54667936;52103959;37903463;9716076;53763364;41019025;10167668;5923116;2193199
FR;0;2023-03-26;9;17;25;31;11;25;33;92;47;54667945;52103976;37903488;9716107;53763375;41019050;10167701;5923208;2193246
FR;0;2023-03-27;226;255;514;891;209;492;992;3438;1952;54668171;52104231;37904002;9716998;53763584;41019542;10168693;5926646;2195198
FR;0;2023-03-28;185;249;590;1586;173;543;1716;6179;3709;54668356;52104480;37904592;9718584;53763757;41020085;10170409;5932825;2198907
FR;0;2023-03-29;172;250;435;979;162;439;1120;3771;2103;54668528;52104730;37905027;9719563;53763919;41020524;10171529;5936596;2201010
FR;0;2023-03-30;189;239;574;1354;160;562;1521;5363;3100;54668717;52104969;37905601;9720917;53764079;41021086;10173050;5941959;2204110
FR;0;2023-03-31;212;365;715;1787;272;643;1925;6833;4010;54668929;52105334;37906316;9722704;53764351;41021729;10174975;5948792;2208120
FR;0;2023-04-01;108;193;435;594;132;391;698;1976;946;54669037;52105527;37906751;9723298;53764483;41022120;10175673;5950768;2209066
FR;0;2023-04-02;7;24;27;32;14;33;35;106;45;54669044;52105551;37906778;9723330;53764497;41022153;10175708;5950874;2209111
FR;0;2023-04-03;176;200;530;870;152;482;990;3284;1829;54669220;52105751;37907308;9724200;53764649;41022635;10176698;5954158;2210940
FR;0;2023-04-04;129;250;527;1213;173;454;1372;5295;3185;54669349;52106001;37907835;9725413;53764822;41023089;10178070;5959453;2214125
FR;0;2023-04-05;100;198;407;823;140;386;925;3412;1959;54669449;52106199;37908242;9726236;53764962;41023475;10178995;5962865;2216084
FR;0;2023-04-06;148;182;429;1035;126;392;1165;4238;2436;54669597;52106381;37908671;9727271;53765088;41023867;10180160;5967103;2218520
FR;0;2023-04-07;189;301;551;1283;211;514;1414;5038;2834;54669786;52106682;37909222;9728554;53765299;41024381;10181574;5972141;2221354
FR;0;2023-04-08;65;142;230;398;94;229;435;1334;609;54669851;52106824;37909452;9728952;53765393;41024610;10182009;5973475;2221963
FR;0;2023-04-09;4;14;19;15;6;22;20;59;19;54669855;52106838;37909471;9728967;53765399;41024632;10182029;5973534;2221982
FR;0;2023-04-10;12;27;48;35;21;46;49;101;30;54669867;52106865;37909519;9729002;53765420;41024678;10182078;5973635;2222012
FR;0;2023-04-11;123;248;508;984;162;489;1097;4273;2360;54669990;52107113;37910027;9729986;53765582;41025167;10183175;5977908;2224372
FR;0;2023-04-12;123;197;355;736;143;358;800;3213;1847;54670113;52107310;37910382;9730722;53765725;41025525;10183975;5981121;2226219
FR;0;2023-04-13;110;206;389;929;137;381;1024;4120;2392;54670223;52107516;37910771;9731651;53765862;41025906;10184999;5985241;2228611
FR;0;2023-04-14;196;284;543;1230;224;488;1308;5223;3048;54670419;52107800;37911314;9732881;53766086;41026394;10186307;5990464;2231659
FR;0;2023-04-15;72;116;206;412;80;201;446;1458;679;54670491;52107916;37911520;9733293;53766166;41026595;10186753;5991922;2232338
FR;0;2023-04-16;18;17;12;36;14;15;32;100;41;54670509;52107933;37911532;9733329;53766180;41026610;10186785;5992022;2232379
FR;0;2023-04-17;105;187;320;605;129;337;693;2935;1594;54670614;52108120;37911852;9733934;53766309;41026947;10187478;5994957;2233973
FR;0;2023-04-18;145;184;387;867;122;390;960;4144;2364;54670759;52108304;37912239;9734801;53766431;41027337;10188438;5999101;2236337
FR;0;2023-04-19;115;164;285;594;124;268;686;2753;1469;54670874;52108468;37912524;9735395;53766555;41027605;10189124;6001854;2237806
FR;0;2023-04-20;103;180;326;765;125;319;803;3317;1856;54670977;52108648;37912850;9736160;53766680;41027924;10189927;6005171;2239662
FR;0;2023-04-21;142;245;428;953;154;433;1087;4214;2267;54671119;52108893;37913278;9737113;53766834;41028357;10191014;6009385;2241929
FR;0;2023-04-22;54;103;148;258;69;164;285;1087;533;54671173;52108996;37913426;9737371;53766903;41028521;10191299;6010472;2242462
FR;0;2023-04-23;4;7;15;15;6;16;19;61;21;54671177;52109003;37913441;9737386;53766909;41028537;10191318;6010533;2242483
FR;0;2023-04-24;132;169;280;528;119;269;611;2336;1201;54671309;52109172;37913721;9737914;53767028;41028806;10191929;6012869;2243684
FR;0;2023-04-25;117;171;362;800;116;371;863;3985;2180;54671426;52109343;37914083;9738714;53767144;41029177;10192792;6016854;2245864
FR;0;2023-04-26;101;122;264;483;98;262;552;2405;1257;54671527;52109465;37914347;9739197;53767242;41029439;10193344;6019259;2247121
FR;0;2023-04-27;127;159;309;735;113;315;805;3400;1817;54671654;52109624;37914656;9739932;53767355;41029754;10194149;6022659;2248938
FR;0;2023-04-28;185;250;386;802;145;408;925;4028;2076;54671839;52109874;37915042;9740734;53767500;41030162;10195074;6026687;2251014
FR;0;2023-04-29;81;82;144;256;67;128;305;1060;482;54671920;52109956;37915186;9740990;53767567;41030290;10195379;6027747;2251496
FR;0;2023-04-30;7;7;8;10;3;8;11;39;16;54671927;52109963;37915194;9741000;53767570;41030298;10195390;6027786;2251512
