fra;vaccin;jour;n_dose1;n_dose2;n_dose3;n_dose4;n_rappel;n_cum_dose1;n_cum_dose2;n_cum_dose3;n_cum_dose4;n_cum_rappel
FR;1;2020-12-27;601;0;0;0;0;601;0;0;0;0
FR;1;2020-12-28;663;1;0;0;0;1264;1;0;0;0
FR;1;2020-12-29;371;0;0;0;0;1635;1;0;0;0
FR;1;2020-12-30;436;0;0;0;0;2071;1;0;0;0
FR;1;2020-12-31;411;0;0;0;0;2482;1;0;0;0
FR;1;2021-01-01;1135;1;0;0;0;3617;2;0;0;0
FR;1;2021-01-02;356;3;0;0;0;3973;5;0;0;0
FR;1;2021-01-03;398;0;0;0;0;4371;5;0;0;0
FR;1;2021-01-04;2086;1;0;0;0;6457;6;0;0;0
FR;1;2021-01-05;7523;2;0;0;0;13980;8;0;0;0
FR;1;2021-01-06;12403;9;0;0;0;26383;17;0;0;0
FR;1;2021-01-07;29444;9;0;0;0;55827;26;0;0;0
FR;1;2021-01-08;37121;8;0;0;0;92948;34;0;0;0
FR;1;2021-01-09;11209;4;0;0;0;104157;38;0;0;0
FR;1;2021-01-10;5996;3;0;0;0;110153;41;0;0;0
FR;1;2021-01-11;39920;15;0;0;0;150073;56;0;0;0
FR;1;2021-01-12;62119;14;0;0;0;212192;70;0;0;0
FR;1;2021-01-13;65095;28;0;0;0;277287;98;0;0;0
FR;1;2021-01-14;81431;68;0;0;0;358718;166;0;0;0
FR;1;2021-01-15;68591;26;0;0;0;427309;192;0;0;0
FR;1;2021-01-16;19893;70;0;0;0;447202;262;0;0;0
FR;1;2021-01-17;10896;46;0;0;0;458098;308;0;0;0
FR;1;2021-01-18;82798;164;0;0;0;540896;472;0;0;0
FR;1;2021-01-19;125894;170;0;0;0;666790;642;0;0;0
FR;1;2021-01-20;132384;165;0;0;0;799174;807;0;0;0
FR;1;2021-01-21;153031;159;0;0;0;952205;966;0;0;0
FR;1;2021-01-22;115921;195;0;0;0;1068126;1161;0;0;0
FR;1;2021-01-23;36598;63;0;0;0;1104724;1224;0;0;0
FR;1;2021-01-24;9579;68;0;0;0;1114303;1292;0;0;0
FR;1;2021-01-25;74404;1258;0;0;0;1188707;2550;0;0;0
FR;1;2021-01-26;96436;3264;1;0;0;1285143;5814;1;0;0
FR;1;2021-01-27;103624;5882;0;0;0;1388767;11696;1;0;0
FR;1;2021-01-28;120576;14890;0;0;0;1509343;26586;1;0;0
FR;1;2021-01-29;88876;17690;0;0;0;1598219;44276;1;0;0
FR;1;2021-01-30;27978;4252;0;0;0;1626197;48528;1;0;0
FR;1;2021-01-31;5179;1730;0;0;0;1631376;50258;1;0;0
FR;1;2021-02-01;49701;21475;0;0;0;1681077;71733;1;0;0
FR;1;2021-02-02;67787;35571;0;0;0;1748864;107304;1;0;0
FR;1;2021-02-03;67068;37782;0;0;0;1815932;145086;1;0;0
FR;1;2021-02-04;77113;51290;0;0;0;1893045;196376;1;0;0
FR;1;2021-02-05;63404;46007;0;0;0;1956449;242383;1;0;0
FR;1;2021-02-06;19400;10731;0;0;0;1975849;253114;1;0;0
FR;1;2021-02-07;3658;5238;0;0;0;1979507;258352;1;0;0
FR;1;2021-02-08;36480;46783;0;0;0;2015987;305135;1;0;0
FR;1;2021-02-09;50788;74016;0;0;0;2066775;379151;1;0;0
FR;1;2021-02-10;52038;78853;0;0;0;2118813;458004;1;0;0
FR;1;2021-02-11;63346;100803;0;0;0;2182159;558807;1;0;0
FR;1;2021-02-12;55835;74562;0;0;0;2237994;633369;1;0;0
FR;1;2021-02-13;15450;19308;0;0;0;2253444;652677;1;0;0
FR;1;2021-02-14;3744;7174;0;0;0;2257188;659851;1;0;0
FR;1;2021-02-15;24127;73488;0;0;0;2281315;733339;1;0;0
FR;1;2021-02-16;32752;96512;0;0;0;2314067;829851;1;0;0
FR;1;2021-02-17;35092;99959;1;0;0;2349159;929810;2;0;0
FR;1;2021-02-18;49420;114900;0;0;0;2398579;1044710;2;0;0
FR;1;2021-02-19;45362;86631;1;0;0;2443941;1131341;3;0;0
FR;1;2021-02-20;13376;27072;0;0;0;2457317;1158413;3;0;0
FR;1;2021-02-21;2453;6230;0;0;0;2459770;1164643;3;0;0
FR;1;2021-02-22;24702;69383;2;0;0;2484472;1234026;5;0;0
FR;1;2021-02-23;37411;80722;1;0;0;2521883;1314748;6;0;0
FR;1;2021-02-24;40669;78123;1;0;0;2562552;1392871;7;0;0
FR;1;2021-02-25;50131;87892;1;0;0;2612683;1480763;8;0;0
FR;1;2021-02-26;47183;67621;1;0;0;2659866;1548384;9;0;0
FR;1;2021-02-27;15667;21071;0;0;0;2675533;1569455;9;0;0
FR;1;2021-02-28;3551;4263;1;0;0;2679084;1573718;10;0;0
FR;1;2021-03-01;40141;49538;1;0;0;2719225;1623256;11;0;0
FR;1;2021-03-02;55953;61780;2;0;0;2775178;1685036;13;0;0
FR;1;2021-03-03;61196;60580;0;0;0;2836374;1745616;13;0;0
FR;1;2021-03-04;72966;65981;3;0;0;2909340;1811597;16;0;0
FR;1;2021-03-05;74732;59065;3;0;0;2984072;1870662;19;0;0
FR;1;2021-03-06;82428;15997;2;0;0;3066500;1886659;21;0;0
FR;1;2021-03-07;63701;4970;1;0;0;3130201;1891629;22;0;0
FR;1;2021-03-08;60138;42086;2;0;0;3190339;1933715;24;0;0
FR;1;2021-03-09;85954;48000;1;0;0;3276293;1981715;25;0;0
FR;1;2021-03-10;90867;47965;5;0;0;3367160;2029680;30;0;0
FR;1;2021-03-11;105028;54077;1;0;0;3472188;2083757;31;0;0
FR;1;2021-03-12;104077;45115;1;0;0;3576265;2128872;32;0;0
FR;1;2021-03-13;89178;12696;1;0;0;3665443;2141568;33;0;0
FR;1;2021-03-14;44442;2920;1;0;0;3709885;2144488;34;0;0
FR;1;2021-03-15;95469;28683;3;0;0;3805354;2173171;37;0;0
FR;1;2021-03-16;123565;34483;5;0;0;3928919;2207654;42;0;0
FR;1;2021-03-17;129272;34223;4;0;0;4058191;2241877;46;0;0
FR;1;2021-03-18;142845;39561;5;0;0;4201036;2281438;51;0;0
FR;1;2021-03-19;136210;32588;2;0;0;4337246;2314026;53;0;0
FR;1;2021-03-20;75972;10008;1;0;0;4413218;2324034;54;0;0
FR;1;2021-03-21;26493;2374;1;0;0;4439711;2326408;55;0;0
FR;1;2021-03-22;114715;30864;2;0;0;4554426;2357272;57;0;0
FR;1;2021-03-23;142992;38130;1;0;0;4697418;2395402;58;0;0
FR;1;2021-03-24;141956;38609;0;0;0;4839374;2434011;58;0;0
FR;1;2021-03-25;164963;39613;4;0;0;5004337;2473624;62;0;0
FR;1;2021-03-26;166353;37492;4;1;0;5170690;2511116;66;1;0
FR;1;2021-03-27;110864;15279;1;0;0;5281554;2526395;67;1;0
FR;1;2021-03-28;42291;3842;3;0;0;5323845;2530237;70;1;0
FR;1;2021-03-29;129783;49705;4;0;0;5453628;2579942;74;1;0
FR;1;2021-03-30;167670;63523;4;0;0;5621298;2643465;78;1;0
FR;1;2021-03-31;170881;67155;4;0;0;5792179;2710620;82;1;0
FR;1;2021-04-01;194708;80466;11;0;0;5986887;2791086;93;1;0
FR;1;2021-04-02;164404;84842;7;0;0;6151291;2875928;100;1;0
FR;1;2021-04-03;88222;58026;5;0;0;6239513;2933954;105;1;0
FR;1;2021-04-04;33569;17697;0;0;0;6273082;2951651;105;1;0
FR;1;2021-04-05;46373;9984;11;0;0;6319455;2961635;116;1;0
FR;1;2021-04-06;160252;101958;17;0;0;6479707;3063593;133;1;0
FR;1;2021-04-07;196925;108190;16;0;0;6676632;3171783;149;1;0
FR;1;2021-04-08;222043;112596;13;0;0;6898675;3284379;162;1;0
FR;1;2021-04-09;214496;107330;21;0;0;7113171;3391709;183;1;0
FR;1;2021-04-10;117144;73240;14;0;0;7230315;3464949;197;1;0
FR;1;2021-04-11;40870;30142;6;0;0;7271185;3495091;203;1;0
FR;1;2021-04-12;168405;103868;45;0;0;7439590;3598959;248;1;0
FR;1;2021-04-13;203748;128027;97;1;0;7643338;3726986;345;2;0
FR;1;2021-04-14;208534;122649;206;0;0;7851872;3849635;551;2;0
FR;1;2021-04-15;221596;126960;311;0;0;8073468;3976595;862;2;0
FR;1;2021-04-16;205998;125147;307;0;0;8279466;4101742;1169;2;0
FR;1;2021-04-17;122054;67297;102;0;0;8401520;4169039;1271;2;0
FR;1;2021-04-18;35953;20944;41;0;0;8437473;4189983;1312;2;0
FR;1;2021-04-19;163703;121686;430;0;0;8601176;4311669;1742;2;0
FR;1;2021-04-20;189350;148734;530;0;0;8790526;4460403;2272;2;0
FR;1;2021-04-21;193922;146844;757;0;0;8984448;4607247;3029;2;0
FR;1;2021-04-22;208971;162896;777;0;0;9193419;4770143;3806;2;0
FR;1;2021-04-23;198910;157004;671;0;0;9392329;4927147;4477;2;0
FR;1;2021-04-24;126298;95444;147;0;0;9518627;5022591;4624;2;0
FR;1;2021-04-25;53615;30038;46;0;0;9572242;5052629;4670;2;0
FR;1;2021-04-26;181083;138265;539;0;0;9753325;5190894;5209;2;0
FR;1;2021-04-27;221312;161818;899;0;0;9974637;5352712;6108;2;0
FR;1;2021-04-28;238227;154954;1310;1;1;10212864;5507666;7418;3;1
FR;1;2021-04-29;270216;160267;1206;0;0;10483080;5667933;8624;3;1
FR;1;2021-04-30;271918;148055;1069;0;0;10754998;5815988;9693;3;1
FR;1;2021-05-01;141108;40652;172;0;0;10896106;5856640;9865;3;1
FR;1;2021-05-02;81509;28106;81;0;0;10977615;5884746;9946;3;1
FR;1;2021-05-03;250721;145443;799;0;0;11228336;6030189;10745;3;1
FR;1;2021-05-04;265795;186847;1197;0;0;11494131;6217036;11942;3;1
FR;1;2021-05-05;283791;184652;1264;0;0;11777922;6401688;13206;3;1
FR;1;2021-05-06;309878;183188;1497;0;0;12087800;6584876;14703;3;1
FR;1;2021-05-07;284027;195589;1125;0;0;12371827;6780465;15828;3;1
FR;1;2021-05-08;191632;48513;283;0;0;12563459;6828978;16111;3;1
FR;1;2021-05-09;114032;35936;236;0;0;12677491;6864914;16347;3;1
FR;1;2021-05-10;258109;193955;1182;0;0;12935600;7058869;17529;3;1
FR;1;2021-05-11;318801;210973;1462;0;0;13254401;7269842;18991;3;1
FR;1;2021-05-12;356554;185697;1398;0;0;13610955;7455539;20389;3;1
FR;1;2021-05-13;283397;47714;399;0;0;13894352;7503253;20788;3;1
FR;1;2021-05-14;370432;128567;990;0;0;14264784;7631820;21778;3;1
FR;1;2021-05-15;298044;66092;402;0;0;14562828;7697912;22180;3;1
FR;1;2021-05-16;157732;15549;158;0;0;14720560;7713461;22338;3;1
FR;1;2021-05-17;318824;116333;1436;0;0;15039384;7829794;23774;3;1
FR;1;2021-05-18;383226;111131;1795;0;0;15422610;7940925;25569;3;1
FR;1;2021-05-19;395167;102618;2172;0;0;15817777;8043543;27741;3;1
FR;1;2021-05-20;421678;96139;2041;0;0;16239455;8139682;29782;3;1
FR;1;2021-05-21;399715;97165;1755;0;0;16639170;8236847;31537;3;1
FR;1;2021-05-22;275642;42030;602;0;0;16914812;8278877;32139;3;1
FR;1;2021-05-23;122961;11161;224;0;0;17037773;8290038;32363;3;1
FR;1;2021-05-24;243959;26220;565;0;0;17281732;8316258;32928;3;1
FR;1;2021-05-25;366114;131627;2107;1;0;17647846;8447885;35035;4;1
FR;1;2021-05-26;380731;125802;1986;0;0;18028577;8573687;37021;4;1
FR;1;2021-05-27;406043;127966;1973;0;0;18434620;8701653;38994;4;1
FR;1;2021-05-28;365932;145273;1696;0;0;18800552;8846926;40690;4;1
FR;1;2021-05-29;253797;80820;525;0;0;19054349;8927746;41215;4;1
FR;1;2021-05-30;100931;22544;157;0;0;19155280;8950290;41372;4;1
FR;1;2021-05-31;314203;148752;1279;1;1;19469483;9099042;42651;5;2
FR;1;2021-06-01;361450;166481;1724;1;1;19830933;9265523;44375;6;3
FR;1;2021-06-02;364555;153127;1791;0;0;20195488;9418650;46166;6;3
FR;1;2021-06-03;390286;147532;1647;0;0;20585774;9566182;47813;6;3
FR;1;2021-06-04;363538;175551;1492;1;1;20949312;9741733;49305;7;4
FR;1;2021-06-05;258449;112657;596;0;0;21207761;9854390;49901;7;4
FR;1;2021-06-06;126737;37543;215;0;0;21334498;9891933;50116;7;4
FR;1;2021-06-07;300026;207784;1361;0;0;21634524;10099717;51477;7;4
FR;1;2021-06-08;330529;220778;1635;0;0;21965053;10320495;53112;7;4
FR;1;2021-06-09;336376;212233;1607;0;0;22301429;10532728;54719;7;4
FR;1;2021-06-10;343679;201850;1606;0;0;22645108;10734578;56325;7;4
FR;1;2021-06-11;311723;235277;1291;0;0;22956831;10969855;57616;7;4
FR;1;2021-06-12;244024;150653;431;0;0;23200855;11120508;58047;7;4
FR;1;2021-06-13;100315;60993;188;0;0;23301170;11181501;58235;7;4
FR;1;2021-06-14;207665;288834;1315;1;0;23508835;11470335;59550;8;4
FR;1;2021-06-15;256691;282149;1390;1;0;23765526;11752484;60940;9;4
FR;1;2021-06-16;273512;270562;1261;1;0;24039038;12023046;62201;10;4
FR;1;2021-06-17;268092;244714;1230;1;0;24307130;12267760;63431;11;4
FR;1;2021-06-18;260413;295608;1148;1;0;24567543;12563368;64579;12;4
FR;1;2021-06-19;193411;209470;386;0;0;24760954;12772838;64965;12;4
FR;1;2021-06-20;69648;89151;117;0;0;24830602;12861989;65082;12;4
FR;1;2021-06-21;172191;319787;929;1;1;25002793;13181776;66011;13;5
FR;1;2021-06-22;185677;347852;1095;10;2;25188470;13529628;67106;23;7
FR;1;2021-06-23;204042;339492;1048;0;0;25392512;13869120;68154;23;7
FR;1;2021-06-24;203394;282091;1166;0;0;25595906;14151211;69320;23;7
FR;1;2021-06-25;182488;371804;1196;0;0;25778394;14523015;70516;23;7
FR;1;2021-06-26;131344;278307;502;0;0;25909738;14801322;71018;23;7
FR;1;2021-06-27;52372;122926;145;0;0;25962110;14924248;71163;23;7
FR;1;2021-06-28;136503;368161;1057;0;0;26098613;15292409;72220;23;7
FR;1;2021-06-29;154742;390681;1849;0;0;26253355;15683090;74069;23;7
FR;1;2021-06-30;179902;379246;1662;4;2;26433257;16062336;75731;27;9
FR;1;2021-07-01;201251;332187;1886;5;1;26634508;16394523;77617;32;10
FR;1;2021-07-02;193480;367659;1764;5;3;26827988;16762182;79381;37;13
FR;1;2021-07-03;124370;280450;704;3;1;26952358;17042632;80085;40;14
FR;1;2021-07-04;53903;113704;244;0;0;27006261;17156336;80329;40;14
FR;1;2021-07-05;153648;356036;1500;8;2;27159909;17512372;81829;48;16
FR;1;2021-07-06;173282;382526;1601;45;8;27333191;17894898;83430;93;24
FR;1;2021-07-07;190566;362568;1656;24;5;27523757;18257466;85086;117;29
FR;1;2021-07-08;201366;323111;1825;20;7;27725123;18580577;86911;137;36
FR;1;2021-07-09;189709;387488;1851;3;2;27914832;18968065;88762;140;38
FR;1;2021-07-10;129866;281127;814;1;1;28044698;19249192;89576;141;39
FR;1;2021-07-11;57624;102497;260;0;0;28102322;19351689;89836;141;39
FR;1;2021-07-12;149462;417028;1578;4;0;28251784;19768717;91414;145;39
FR;1;2021-07-13;234057;439473;1804;8;2;28485841;20208190;93218;153;41
FR;1;2021-07-14;171719;151545;416;0;0;28657560;20359735;93634;153;41
FR;1;2021-07-15;279448;424762;1856;1;0;28937008;20784497;95490;154;41
FR;1;2021-07-16;290246;401241;1710;3;1;29227254;21185738;97200;157;42
FR;1;2021-07-17;217268;282126;754;1;0;29444522;21467864;97954;158;42
FR;1;2021-07-18;101959;107311;288;0;0;29546481;21575175;98242;158;42
FR;1;2021-07-19;238061;379212;1495;3;0;29784542;21954387;99737;161;42
FR;1;2021-07-20;305567;380756;1467;0;0;30090109;22335143;101204;161;42
FR;1;2021-07-21;333122;353474;1412;4;2;30423231;22688617;102616;165;44
FR;1;2021-07-22;364508;319296;1501;3;2;30787739;23007913;104117;168;46
FR;1;2021-07-23;348817;343644;1586;4;2;31136556;23351557;105703;172;48
FR;1;2021-07-24;238908;240996;696;1;0;31375464;23592553;106399;173;48
FR;1;2021-07-25;112744;76062;215;0;0;31488208;23668615;106614;173;48
FR;1;2021-07-26;298992;290090;1495;2;2;31787200;23958705;108109;175;50
FR;1;2021-07-27;385697;268750;1457;4;2;32172897;24227455;109566;179;52
FR;1;2021-07-28;390077;251464;1460;4;2;32562974;24478919;111026;183;54
FR;1;2021-07-29;406002;228279;1538;2;1;32968976;24707198;112564;185;55
FR;1;2021-07-30;370586;247005;1633;4;1;33339562;24954203;114197;189;56
FR;1;2021-07-31;243348;165112;793;1;0;33582910;25119315;114990;190;56
FR;1;2021-08-01;105519;47242;232;0;0;33688429;25166557;115222;190;56
FR;1;2021-08-02;297016;213230;1475;2;0;33985445;25379787;116697;192;56
FR;1;2021-08-03;331141;209236;1545;2;1;34316586;25589023;118242;194;57
FR;1;2021-08-04;327808;184348;1436;5;3;34644394;25773371;119678;199;60
FR;1;2021-08-05;301104;193559;1482;0;0;34945498;25966930;121160;199;60
FR;1;2021-08-06;290822;224520;1558;3;1;35236320;26191450;122718;202;61
FR;1;2021-08-07;182590;158831;654;4;3;35418910;26350281;123372;206;64
FR;1;2021-08-08;68832;59131;247;0;0;35487742;26409412;123619;206;64
FR;1;2021-08-09;222625;235943;1438;4;3;35710367;26645355;125057;210;67
FR;1;2021-08-10;252488;240702;1486;2;1;35962855;26886057;126543;212;68
FR;1;2021-08-11;236022;232397;1270;5;1;36198877;27118454;127813;217;69
FR;1;2021-08-12;220599;240242;1484;3;1;36419476;27358696;129297;220;70
FR;1;2021-08-13;201613;238554;1355;2;2;36621089;27597250;130652;222;72
FR;1;2021-08-14;122809;174170;645;0;0;36743898;27771420;131297;222;72
FR;1;2021-08-15;34655;46119;198;1;0;36778553;27817539;131495;223;72
FR;1;2021-08-16;156821;289881;1421;0;0;36935374;28107420;132916;223;72
FR;1;2021-08-17;171496;291616;1419;5;1;37106870;28399036;134335;228;73
FR;1;2021-08-18;161296;287023;1389;6;3;37268166;28686059;135724;234;76
FR;1;2021-08-19;148800;277721;1395;1;0;37416966;28963780;137119;235;76
FR;1;2021-08-20;140401;309062;1523;2;2;37557367;29272842;138642;237;78
FR;1;2021-08-21;84230;213259;586;0;0;37641597;29486101;139228;237;78
FR;1;2021-08-22;28543;82690;230;0;0;37670140;29568791;139458;237;78
FR;1;2021-08-23;118579;321166;1419;2;1;37788719;29889957;140877;239;79
FR;1;2021-08-24;126588;319928;1599;5;1;37915307;30209885;142476;244;80
FR;1;2021-08-25;121456;306592;1776;8;3;38036763;30516477;144252;252;83
FR;1;2021-08-26;106510;286198;2155;10;1;38143273;30802675;146407;262;84
FR;1;2021-08-27;107585;321442;2300;8;3;38250858;31124117;148707;270;87
FR;1;2021-08-28;70959;220701;1100;0;0;38321817;31344818;149807;270;87
FR;1;2021-08-29;24133;78147;467;1;0;38345950;31422965;150274;271;87
FR;1;2021-08-30;96806;286555;4307;6;5142;38442756;31709520;154581;277;5229
FR;1;2021-08-31;98029;276450;9285;15;10184;38540785;31985970;163866;292;15413
FR;1;2021-09-01;111914;245351;21101;7;22073;38652699;32231321;184967;299;37486
FR;1;2021-09-02;84665;198012;24521;11;25428;38737364;32429333;209488;310;62914
FR;1;2021-09-03;82262;227635;26943;20;27974;38819626;32656968;236431;330;90888
FR;1;2021-09-04;71535;189712;11138;11;11649;38891161;32846680;247569;341;102537
FR;1;2021-09-05;18593;41190;4120;2;4287;38909754;32887870;251689;343;106824
FR;1;2021-09-06;59449;151640;30171;15;31136;38969203;33039510;281860;358;137960
FR;1;2021-09-07;57126;139711;30199;27;31094;39026329;33179221;312059;385;169054
FR;1;2021-09-08;70898;173878;26916;20;27853;39097227;33353099;338975;405;196907
FR;1;2021-09-09;54143;124551;28596;23;29632;39151370;33477650;367571;428;226539
FR;1;2021-09-10;65718;152097;30427;22;31551;39217088;33629747;397998;450;258090
FR;1;2021-09-11;52195;146613;9725;14;10293;39269283;33776360;407723;464;268383
FR;1;2021-09-12;10756;29244;2481;1;2635;39280039;33805604;410204;465;271018
FR;1;2021-09-13;51323;104594;38723;28;39893;39331362;33910198;448927;493;310911
FR;1;2021-09-14;53157;96053;51247;65;52826;39384519;34006251;500174;558;363737
FR;1;2021-09-15;60335;139296;50457;55;46955;39444854;34145547;550631;613;410692
FR;1;2021-09-16;46524;81412;53280;71;49451;39491378;34226959;603911;684;460143
FR;1;2021-09-17;53096;109393;45040;60;42625;39544474;34336352;648951;744;502768
FR;1;2021-09-18;37827;118484;11789;19;11251;39582301;34454836;660740;763;514019
FR;1;2021-09-19;6490;21030;2036;1;1972;39588791;34475866;662776;764;515991
FR;1;2021-09-20;36421;74916;46169;66;44084;39625212;34550782;708945;830;560075
FR;1;2021-09-21;34111;68165;56223;71;52599;39659323;34618947;765168;901;612674
FR;1;2021-09-22;38734;118489;49829;76;46799;39698057;34737436;814997;977;659473
FR;1;2021-09-23;31916;62828;54453;86;50798;39729973;34800264;869450;1063;710271
FR;1;2021-09-24;36691;90029;43632;92;41861;39766664;34890293;913082;1155;752132
FR;1;2021-09-25;27621;96585;12297;27;12160;39794285;34986878;925379;1182;764292
FR;1;2021-09-26;4357;15200;1769;5;1695;39798642;35002078;927148;1187;765987
FR;1;2021-09-27;27303;60228;42878;89;41555;39825945;35062306;970026;1276;807542
FR;1;2021-09-28;26840;49452;47149;75;44355;39852785;35111758;1017175;1351;851897
FR;1;2021-09-29;35821;80383;47242;87;45515;39888606;35192141;1064417;1438;897412
FR;1;2021-09-30;26003;46755;47482;79;45352;39914609;35238896;1111899;1517;942764
FR;1;2021-10-01;47079;64951;44852;83;44392;39961688;35303847;1156751;1600;987156
FR;1;2021-10-02;32327;62320;16101;32;16293;39994015;35366167;1172852;1632;1003449
FR;1;2021-10-03;4318;8581;2031;3;2024;39998333;35374748;1174883;1635;1005473
FR;1;2021-10-04;28707;44410;47087;79;46896;40027040;35419158;1221970;1714;1052369
FR;1;2021-10-05;24175;41622;49824;116;49164;40051215;35460780;1271794;1830;1101533
FR;1;2021-10-06;34316;61300;57437;102;57111;40085531;35522080;1329231;1932;1158644
FR;1;2021-10-07;20911;39777;52986;76;51794;40106442;35561857;1382217;2008;1210438
FR;1;2021-10-08;34901;59575;60351;83;61039;40141343;35621432;1442568;2091;1271477
FR;1;2021-10-09;27410;47961;25473;30;25969;40168753;35669393;1468041;2121;1297446
FR;1;2021-10-10;3589;5771;2746;7;2845;40172342;35675164;1470787;2128;1300291
FR;1;2021-10-11;24681;38161;54557;88;55167;40197023;35713325;1525344;2216;1355458
FR;1;2021-10-12;23047;36575;58016;126;59066;40220070;35749900;1583360;2342;1414524
FR;1;2021-10-13;32781;47775;64140;124;65599;40252851;35797675;1647500;2466;1480123
FR;1;2021-10-14;21580;34737;53724;103;54287;40274431;35832412;1701224;2569;1534410
FR;1;2021-10-15;32539;48775;72288;165;74901;40306970;35881187;1773512;2734;1609311
FR;1;2021-10-16;25951;35264;34855;44;36384;40332921;35916451;1808367;2778;1645695
FR;1;2021-10-17;3096;4058;3406;2;3316;40336017;35920509;1811773;2780;1649011
FR;1;2021-10-18;23319;34906;66800;131;69641;40359336;35955415;1878573;2911;1718652
FR;1;2021-10-19;20536;34211;75622;136;79507;40379872;35989626;1954195;3047;1798159
FR;1;2021-10-20;29780;44173;96136;177;99745;40409652;36033799;2050331;3224;1897904
FR;1;2021-10-21;19541;35073;83114;107;86966;40429193;36068872;2133445;3331;1984870
FR;1;2021-10-22;29503;47598;103693;195;109556;40458696;36116470;2237138;3526;2094426
FR;1;2021-10-23;22987;35151;44845;57;47342;40481683;36151621;2281983;3583;2141768
FR;1;2021-10-24;2373;3872;3578;6;3732;40484056;36155493;2285561;3589;2145500
FR;1;2021-10-25;22382;30818;81988;143;85750;40506438;36186311;2367549;3732;2231250
FR;1;2021-10-26;19293;27674;86056;162;90261;40525731;36213985;2453605;3894;2321511
FR;1;2021-10-27;26125;39645;107748;252;112581;40551856;36253630;2561353;4146;2434092
FR;1;2021-10-28;18574;27049;86889;150;91557;40570430;36280679;2648242;4296;2525649
FR;1;2021-10-29;25860;40077;114779;200;121497;40596290;36320756;2763021;4496;2647146
FR;1;2021-10-30;17661;28581;49338;75;51908;40613951;36349337;2812359;4571;2699054
FR;1;2021-10-31;2052;3204;3442;2;3678;40616003;36352541;2815801;4573;2702732
FR;1;2021-11-01;7682;4192;3018;3;3264;40623685;36356733;2818819;4576;2705996
FR;1;2021-11-02;21795;33189;92332;157;97665;40645480;36389922;2911151;4733;2803661
FR;1;2021-11-03;26247;41493;117427;215;123767;40671727;36431415;3028578;4948;2927428
FR;1;2021-11-04;19467;30289;105719;213;111800;40691194;36461704;3134297;5161;3039228
FR;1;2021-11-05;26885;42257;138707;227;147277;40718079;36503961;3273004;5388;3186505
FR;1;2021-11-06;18789;29827;63435;123;66397;40736868;36533788;3336439;5511;3252902
FR;1;2021-11-07;1786;3363;4951;6;5293;40738654;36537151;3341390;5517;3258195
FR;1;2021-11-08;17614;32304;125894;224;132440;40756268;36569455;3467284;5741;3390635
FR;1;2021-11-09;19205;37695;159202;335;168895;40775473;36607150;3626486;6076;3559530
FR;1;2021-11-10;28612;49133;181804;440;192340;40804085;36656283;3808290;6516;3751870
FR;1;2021-11-11;3745;5906;12184;26;12996;40807830;36662189;3820474;6542;3764866
FR;1;2021-11-12;25919;46870;174731;243;186321;40833749;36709059;3995205;6785;3951187
FR;1;2021-11-13;18669;29252;76796;111;81733;40852418;36738311;4072001;6896;4032920
FR;1;2021-11-14;2012;3328;6809;5;7384;40854430;36741639;4078810;6901;4040304
FR;1;2021-11-15;18551;34900;156320;303;166072;40872981;36776539;4235130;7204;4206376
FR;1;2021-11-16;21018;37923;191991;376;204755;40893999;36814462;4427121;7580;4411131
FR;1;2021-11-17;28429;45740;193134;399;204899;40922428;36860202;4620255;7979;4616030
FR;1;2021-11-18;21011;38706;182374;457;194335;40943439;36898908;4802629;8436;4810365
FR;1;2021-11-19;30747;53372;230125;529;246535;40974186;36952280;5032754;8965;5056900
FR;1;2021-11-20;23661;33306;96934;201;103568;40997847;36985586;5129688;9166;5160468
FR;1;2021-11-21;2312;4020;9093;18;9968;41000159;36989606;5138781;9184;5170436
FR;1;2021-11-22;21324;30449;175779;465;189283;41021483;37020055;5314560;9649;5359719
FR;1;2021-11-23;23835;41156;221079;538;237761;41045318;37061211;5535639;10187;5597480
FR;1;2021-11-24;30250;49738;217246;702;234345;41075568;37110949;5752885;10889;5831825
FR;1;2021-11-25;23474;43953;244333;719;263895;41099042;37154902;5997218;11608;6095720
FR;1;2021-11-26;30575;66561;356655;832;388351;41129617;37221463;6353873;12440;6484071
FR;1;2021-11-27;21747;45356;202542;371;222510;41151364;37266819;6556415;12811;6706581
FR;1;2021-11-28;3136;9679;54749;63;61030;41154500;37276498;6611164;12874;6767611
FR;1;2021-11-29;17851;49510;326256;840;354229;41172351;37326008;6937420;13714;7121840
FR;1;2021-11-30;22684;64975;431015;948;470574;41195035;37390983;7368435;14662;7592414
FR;1;2021-12-01;24781;69355;442728;1130;481563;41219816;37460338;7811163;15792;8073977
FR;1;2021-12-02;19936;64411;489236;1226;532666;41239752;37524749;8300399;17018;8606643
FR;1;2021-12-03;22796;81808;542590;1306;591563;41262548;37606557;8842989;18324;9198206
FR;1;2021-12-04;16361;53927;299016;652;328845;41278909;37660484;9142005;18976;9527051
FR;1;2021-12-05;3622;13922;81494;143;91051;41282531;37674406;9223499;19119;9618102
FR;1;2021-12-06;19523;62780;415292;1065;455002;41302054;37737186;9638791;20184;10073104
FR;1;2021-12-07;19765;75818;522786;1531;572373;41321819;37813004;10161577;21715;10645477
FR;1;2021-12-08;21529;75757;458202;1543;501874;41343348;37888761;10619779;23258;11147351
FR;1;2021-12-09;19379;74093;492741;1625;540604;41362727;37962854;11112520;24883;11687955
FR;1;2021-12-10;22856;87632;547246;1584;599839;41385583;38050486;11659766;26467;12287794
FR;1;2021-12-11;16505;59011;302668;747;335418;41402088;38109497;11962434;27214;12623212
FR;1;2021-12-12;4342;16020;83174;179;94080;41406430;38125517;12045608;27393;12717292
FR;1;2021-12-13;15449;63824;366815;1094;406188;41421879;38189341;12412423;28487;13123480
FR;1;2021-12-14;20383;80269;464528;1738;514998;41442262;38269610;12876951;30225;13638478
FR;1;2021-12-15;21346;77452;408903;1307;452974;41463608;38347062;13285854;31532;14091452
FR;1;2021-12-16;19936;77372;451659;1574;500443;41483544;38424434;13737513;33106;14591895
FR;1;2021-12-17;22477;86697;479779;1732;530910;41506021;38511131;14217292;34838;15122805
FR;1;2021-12-18;17579;54697;257550;730;288463;41523600;38565828;14474842;35568;15411268
FR;1;2021-12-19;5536;17134;79128;194;90742;41529136;38582962;14553970;35762;15502010
FR;1;2021-12-20;20768;63155;316081;1081;355150;41549904;38646117;14870051;36843;15857160
FR;1;2021-12-21;26081;73177;372610;1421;417957;41575985;38719294;15242661;38264;16275117
FR;1;2021-12-22;24885;65976;310496;1215;349465;41600870;38785270;15553157;39479;16624582
FR;1;2021-12-23;21221;52342;241378;953;272978;41622091;38837612;15794535;40432;16897560
FR;1;2021-12-24;7096;18241;67099;256;77016;41629187;38855853;15861634;40688;16974576
FR;1;2021-12-25;498;2766;5566;15;6529;41629685;38858619;15867200;40703;16981105
FR;1;2021-12-26;2747;7597;26921;70;31447;41632432;38866216;15894121;40773;17012552
FR;1;2021-12-27;18110;53533;235009;707;265699;41650542;38919749;16129130;41480;17278251
FR;1;2021-12-28;23220;61967;291939;1024;330118;41673762;38981716;16421069;42504;17608369
FR;1;2021-12-29;22186;55517;254908;918;288129;41695948;39037233;16675977;43422;17896498
FR;1;2021-12-30;21215;46248;212082;857;239545;41717163;39083481;16888059;44279;18136043
FR;1;2021-12-31;7452;16618;61829;229;70356;41724615;39100099;16949888;44508;18206399
FR;1;2022-01-01;868;2470;5641;29;6571;41725483;39102569;16955529;44537;18212970
FR;1;2022-01-02;3041;8070;28868;50;33522;41728524;39110639;16984397;44587;18246492
FR;1;2022-01-03;19748;53764;228093;786;257480;41748272;39164403;17212490;45373;18503972
FR;1;2022-01-04;24865;64801;299139;1235;337172;41773137;39229204;17511629;46608;18841144
FR;1;2022-01-05;29612;63825;274757;1098;310098;41802749;39293029;17786386;47706;19151242
FR;1;2022-01-06;26459;65962;306787;1395;346419;41829208;39358991;18093173;49101;19497661
FR;1;2022-01-07;31266;74620;349744;1535;393823;41860474;39433611;18442917;50636;19891484
FR;1;2022-01-08;23319;51377;222457;695;251091;41883793;39484988;18665374;51331;20142575
FR;1;2022-01-09;7076;17200;66006;163;76153;41890869;39502188;18731380;51494;20218728
FR;1;2022-01-10;21357;55001;236677;952;266991;41912226;39557189;18968057;52446;20485719
FR;1;2022-01-11;26459;62958;282185;1277;317728;41938685;39620147;19250242;53723;20803447
FR;1;2022-01-12;28658;62160;246139;1102;277904;41967343;39682307;19496381;54825;21081351
FR;1;2022-01-13;24372;59857;262691;1252;296037;41991715;39742164;19759072;56077;21377388
FR;1;2022-01-14;27754;66527;313891;1365;351171;42019469;39808691;20072963;57442;21728559
FR;1;2022-01-15;19251;44296;199262;619;223834;42038720;39852987;20272225;58061;21952393
FR;1;2022-01-16;5132;12989;51495;135;59575;42043852;39865976;20323720;58196;22011968
FR;1;2022-01-17;16721;39679;184768;779;206820;42060573;39905655;20508488;58975;22218788
FR;1;2022-01-18;19231;45565;212334;1150;236955;42079804;39951220;20720822;60125;22455743
FR;1;2022-01-19;20124;43864;176028;895;197153;42099928;39995084;20896850;61020;22652896
FR;1;2022-01-20;16574;40338;183569;1137;204648;42116502;40035422;21080419;62157;22857544
FR;1;2022-01-21;19698;46945;228870;1404;253283;42136200;40082367;21309289;63561;23110827
FR;1;2022-01-22;13825;33173;144462;578;161359;42150025;40115540;21453751;64139;23272186
FR;1;2022-01-23;3340;8809;33399;130;38330;42153365;40124349;21487150;64269;23310516
FR;1;2022-01-24;11724;32614;142153;706;158247;42165089;40156963;21629303;64975;23468763
FR;1;2022-01-25;14086;37878;163331;1049;181510;42179175;40194841;21792634;66024;23650273
FR;1;2022-01-26;14816;37314;150189;931;166244;42193991;40232155;21942823;66955;23816517
FR;1;2022-01-27;12276;32785;143373;881;157851;42206267;40264940;22086196;67836;23974368
FR;1;2022-01-28;16244;53823;198233;1142;222447;42222511;40318763;22284429;68978;24196815
FR;1;2022-01-29;10256;35415;135171;522;151541;42232767;40354178;22419600;69500;24348356
FR;1;2022-01-30;2474;9316;29666;86;34469;42235241;40363494;22449266;69586;24382825
FR;1;2022-01-31;8724;32328;104293;530;117386;42243965;40395822;22553559;70116;24500211
FR;1;2022-02-01;10132;36230;127012;862;141222;42254097;40432052;22680571;70978;24641433
FR;1;2022-02-02;11335;41048;130287;780;145833;42265432;40473100;22810858;71758;24787266
FR;1;2022-02-03;8703;33337;116949;780;130346;42274135;40506437;22927807;72538;24917612
FR;1;2022-02-04;11370;48071;172511;965;192776;42285505;40554508;23100318;73503;25110388
FR;1;2022-02-05;7826;33914;117547;391;133051;42293331;40588422;23217865;73894;25243439
FR;1;2022-02-06;1689;8056;22733;83;26907;42295020;40596478;23240598;73977;25270346
FR;1;2022-02-07;7027;35333;119030;452;134963;42302047;40631811;23359628;74429;25405309
FR;1;2022-02-08;7547;31499;125593;693;140567;42309594;40663310;23485221;75122;25545876
FR;1;2022-02-09;8421;36020;135196;692;152407;42318015;40699330;23620417;75814;25698283
FR;1;2022-02-10;6555;29198;116285;673;130024;42324570;40728528;23736702;76487;25828307
FR;1;2022-02-11;8532;41292;165064;875;185269;42333102;40769820;23901766;77362;26013576
FR;1;2022-02-12;5285;27521;106669;378;120840;42338387;40797341;24008435;77740;26134416
FR;1;2022-02-13;1219;5695;21703;62;25314;42339606;40803036;24030138;77802;26159730
FR;1;2022-02-14;5354;27054;118026;388;133044;42344960;40830090;24148164;78190;26292774
FR;1;2022-02-15;5571;28059;118829;609;132414;42350531;40858149;24266993;78799;26425188
FR;1;2022-02-16;5632;28057;110364;592;122955;42356163;40886206;24377357;79391;26548143
FR;1;2022-02-17;4401;19069;73085;486;80129;42360564;40905275;24450442;79877;26628272
FR;1;2022-02-18;5486;26417;99136;668;108068;42366050;40931692;24549578;80545;26736340
FR;1;2022-02-19;3522;17075;59453;304;66023;42369572;40948767;24609031;80849;26802363
FR;1;2022-02-20;780;3222;10686;35;12307;42370352;40951989;24619717;80884;26814670
FR;1;2022-02-21;3345;14460;52789;286;57632;42373697;40966449;24672506;81170;26872302
FR;1;2022-02-22;3702;15338;51867;498;55587;42377399;40981787;24724373;81668;26927889
FR;1;2022-02-23;4151;17576;57437;508;62532;42381550;40999363;24781810;82176;26990421
FR;1;2022-02-24;3227;12718;43559;436;46334;42384777;41012081;24825369;82612;27036755
FR;1;2022-02-25;4384;19367;64831;695;68687;42389161;41031448;24890200;83307;27105442
FR;1;2022-02-26;2676;12625;41340;308;45092;42391837;41044073;24931540;83615;27150534
FR;1;2022-02-27;636;2166;7114;42;7979;42392473;41046239;24938654;83657;27158513
FR;1;2022-02-28;2560;10045;34912;300;37334;42395033;41056284;24973566;83957;27195847
FR;1;2022-03-01;2691;10346;38633;389;39549;42397724;41066630;25012199;84346;27235396
FR;1;2022-03-02;3424;11822;41796;390;43842;42401148;41078452;25053995;84736;27279238
FR;1;2022-03-03;2283;7464;26109;319;26420;42403431;41085916;25080104;85055;27305658
FR;1;2022-03-04;2642;10190;35384;575;34861;42406073;41096106;25115488;85630;27340519
FR;1;2022-03-05;1667;6288;21937;277;22322;42407740;41102394;25137425;85907;27362841
FR;1;2022-03-06;348;934;2914;37;3112;42408088;41103328;25140339;85944;27365953
FR;1;2022-03-07;1356;4546;16402;244;15856;42409444;41107874;25156741;86188;27381809
FR;1;2022-03-08;1528;5070;17120;307;15938;42410972;41112944;25173861;86495;27397747
FR;1;2022-03-09;1855;6403;19769;366;19114;42412827;41119347;25193630;86861;27416861
FR;1;2022-03-10;1288;4283;15177;304;14180;42414115;41123630;25208807;87165;27431041
FR;1;2022-03-11;1688;6127;21662;480;19810;42415803;41129757;25230469;87645;27450851
FR;1;2022-03-12;1226;4586;15346;276;14890;42417029;41134343;25245815;87921;27465741
FR;1;2022-03-13;239;601;2099;115;2046;42417268;41134944;25247914;88036;27467787
FR;1;2022-03-14;1057;3527;13354;3873;12481;42418325;41138471;25261268;91909;27480268
FR;1;2022-03-15;1249;3798;14511;6860;12989;42419574;41142269;25275779;98769;27493257
FR;1;2022-03-16;1595;4694;17308;11513;16356;42421169;41146963;25293087;110282;27509613
FR;1;2022-03-17;1084;3116;11664;9637;10756;42422253;41150079;25304751;119919;27520369
FR;1;2022-03-18;1656;4665;17899;16482;16326;42423909;41154744;25322650;136401;27536695
FR;1;2022-03-19;1108;3165;11878;8450;11343;42425017;41157909;25334528;144851;27548038
FR;1;2022-03-20;216;531;1713;1006;1745;42425233;41158440;25336241;145857;27549783
FR;1;2022-03-21;1031;2669;11455;13440;10799;42426264;41161109;25347696;159297;27560582
FR;1;2022-03-22;1183;3038;12208;18681;11193;42427447;41164147;25359904;177978;27571775
FR;1;2022-03-23;1457;4125;15872;20088;15549;42428904;41168272;25375776;198066;27587324
FR;1;2022-03-24;1065;2499;10319;16007;9572;42429969;41170771;25386095;214073;27596896
FR;1;2022-03-25;1488;3982;16628;25272;15286;42431457;41174753;25402723;239345;27612182
FR;1;2022-03-26;1094;2831;10830;11425;10488;42432551;41177584;25413553;250770;27622670
FR;1;2022-03-27;227;536;1721;1376;1773;42432778;41178120;25415274;252146;27624443
FR;1;2022-03-28;1029;2321;9895;15856;9513;42433807;41180441;25425169;268002;27633956
FR;1;2022-03-29;1109;2690;11481;25036;10829;42434916;41183131;25436650;293038;27644785
FR;1;2022-03-30;1587;3446;14076;24130;13599;42436503;41186577;25450726;317168;27658384
FR;1;2022-03-31;1252;2572;11467;22528;10970;42437755;41189149;25462193;339696;27669354
FR;1;2022-04-01;1633;3696;18371;28412;17221;42439388;41192845;25480564;368108;27686575
FR;1;2022-04-02;874;1849;8155;9202;7902;42440262;41194694;25488719;377310;27694477
FR;1;2022-04-03;182;362;1425;1056;1425;42440444;41195056;25490144;378366;27695902
FR;1;2022-04-04;1019;2107;11056;17548;10423;42441463;41197163;25501200;395914;27706325
FR;1;2022-04-05;1230;2459;12867;31048;11880;42442693;41199622;25514067;426962;27718205
FR;1;2022-04-06;1302;2672;12031;23699;11443;42443995;41202294;25526098;450661;27729648
FR;1;2022-04-07;1115;2453;12223;30783;11678;42445110;41204747;25538321;481444;27741326
FR;1;2022-04-08;1546;3443;17431;40294;16339;42446656;41208190;25555752;521738;27757665
FR;1;2022-04-09;786;1961;8374;12465;8067;42447442;41210151;25564126;534203;27765732
FR;1;2022-04-10;176;449;1814;1830;1846;42447618;41210600;25565940;536033;27767578
FR;1;2022-04-11;930;2079;10846;22098;10557;42448548;41212679;25576786;558131;27778135
FR;1;2022-04-12;1177;2362;12653;37659;12141;42449725;41215041;25589439;595790;27790276
FR;1;2022-04-13;1143;2562;12067;30181;11791;42450868;41217603;25601506;625971;27802067
FR;1;2022-04-14;1157;2266;11894;33155;11872;42452025;41219869;25613400;659126;27813939
FR;1;2022-04-15;1383;2745;14215;32841;13581;42453408;41222614;25627615;691967;27827520
FR;1;2022-04-16;643;1385;5794;7962;5716;42454051;41223999;25633409;699929;27833236
FR;1;2022-04-17;145;267;924;1095;964;42454196;41224266;25634333;701024;27834200
FR;1;2022-04-18;114;359;2579;965;2600;42454310;41224625;25636912;701989;27836800
FR;1;2022-04-19;1168;2463;11624;27508;11264;42455478;41227088;25648536;729497;27848064
FR;1;2022-04-20;1235;2489;11941;26424;11762;42456713;41229577;25660477;755921;27859826
FR;1;2022-04-21;1189;2304;11354;32657;11513;42457902;41231881;25671831;788578;27871339
FR;1;2022-04-22;1451;2923;15076;35119;14655;42459353;41234804;25686907;823697;27885994
FR;1;2022-04-23;717;1544;6653;9851;6555;42460070;41236348;25693560;833548;27892549
FR;1;2022-04-24;179;351;1357;1501;1309;42460249;41236699;25694917;835049;27893858
FR;1;2022-04-25;963;2006;9704;19425;9582;42461212;41238705;25704621;854474;27903440
FR;1;2022-04-26;1267;2545;12425;36025;12010;42462479;41241250;25717046;890499;27915450
FR;1;2022-04-27;1244;2338;10456;28544;10554;42463723;41243588;25727502;919043;27926004
FR;1;2022-04-28;1217;2242;11172;33478;10984;42464940;41245830;25738674;952521;27936988
FR;1;2022-04-29;1541;2842;13810;34874;13251;42466481;41248672;25752484;987395;27950239
FR;1;2022-04-30;793;1398;6055;9056;5884;42467274;41250070;25758539;996451;27956123
FR;1;2022-05-01;133;249;755;908;759;42467407;41250319;25759294;997359;27956882
FR;1;2022-05-02;853;1649;8348;16366;8281;42468260;41251968;25767642;1013725;27965163
FR;1;2022-05-03;1329;2416;11417;31985;11339;42469589;41254384;25779059;1045710;27976502
FR;1;2022-05-04;1241;2293;9543;22880;9699;42470830;41256677;25788602;1068590;27986201
FR;1;2022-05-05;1279;2239;10623;30672;10423;42472109;41258916;25799225;1099262;27996624
FR;1;2022-05-06;1629;3010;13409;34084;12972;42473738;41261926;25812634;1133346;28009596
FR;1;2022-05-07;805;1398;5509;8958;5557;42474543;41263324;25818143;1142304;28015153
FR;1;2022-05-08;175;284;902;1416;970;42474718;41263608;25819045;1143720;28016123
FR;1;2022-05-09;959;1690;7420;18454;7332;42475677;41265298;25826465;1162174;28023455
FR;1;2022-05-10;1302;2338;10870;35510;10518;42476979;41267636;25837335;1197684;28033973
FR;1;2022-05-11;1318;2056;8732;24718;8644;42478297;41269692;25846067;1222402;28042617
FR;1;2022-05-12;1187;2080;9508;31534;9116;42479484;41271772;25855575;1253936;28051733
FR;1;2022-05-13;1485;2500;11591;33875;11226;42480969;41274272;25867166;1287811;28062959
FR;1;2022-05-14;706;1189;4826;9731;4730;42481675;41275461;25871992;1297542;28067689
FR;1;2022-05-15;188;305;950;1217;1017;42481863;41275766;25872942;1298759;28068706
FR;2;2020-12-27;0;0;0;0;0;0;0;0;0;0
FR;2;2020-12-28;0;0;0;0;0;0;0;0;0;0
FR;2;2020-12-29;0;0;0;0;0;0;0;0;0;0
FR;2;2020-12-30;0;0;0;0;0;0;0;0;0;0
FR;2;2020-12-31;0;0;0;0;0;0;0;0;0;0
FR;2;2021-01-01;0;0;0;0;0;0;0;0;0;0
FR;2;2021-01-02;0;0;0;0;0;0;0;0;0;0
FR;2;2021-01-03;0;0;0;0;0;0;0;0;0;0
FR;2;2021-01-04;0;0;0;0;0;0;0;0;0;0
FR;2;2021-01-05;0;0;0;0;0;0;0;0;0;0
FR;2;2021-01-06;0;0;0;0;0;0;0;0;0;0
FR;2;2021-01-07;0;0;0;0;0;0;0;0;0;0
FR;2;2021-01-08;0;0;0;0;0;0;0;0;0;0
FR;2;2021-01-09;0;0;0;0;0;0;0;0;0;0
FR;2;2021-01-10;0;0;0;0;0;0;0;0;0;0
FR;2;2021-01-11;0;0;0;0;0;0;0;0;0;0
FR;2;2021-01-12;0;0;0;0;0;0;0;0;0;0
FR;2;2021-01-13;0;0;0;0;0;0;0;0;0;0
FR;2;2021-01-14;1691;0;0;0;0;1691;0;0;0;0
FR;2;2021-01-15;394;0;0;0;0;2085;0;0;0;0
FR;2;2021-01-16;315;0;0;0;0;2400;0;0;0;0
FR;2;2021-01-17;80;0;0;0;0;2480;0;0;0;0
FR;2;2021-01-18;3073;2;0;0;0;5553;2;0;0;0
FR;2;2021-01-19;4675;0;0;0;0;10228;2;0;0;0
FR;2;2021-01-20;5135;4;0;0;0;15363;6;0;0;0
FR;2;2021-01-21;5336;8;0;0;0;20699;14;0;0;0
FR;2;2021-01-22;5115;3;0;0;0;25814;17;0;0;0
FR;2;2021-01-23;1866;0;0;0;0;27680;17;0;0;0
FR;2;2021-01-24;160;1;0;0;0;27840;18;0;0;0
FR;2;2021-01-25;3811;3;0;0;0;31651;21;0;0;0
FR;2;2021-01-26;3917;1;0;0;0;35568;22;0;0;0
FR;2;2021-01-27;3597;1;0;0;0;39165;23;0;0;0
FR;2;2021-01-28;3745;6;0;0;0;42910;29;0;0;0
FR;2;2021-01-29;3291;2;0;0;0;46201;31;0;0;0
FR;2;2021-01-30;1130;1;0;0;0;47331;32;0;0;0
FR;2;2021-01-31;45;1;0;0;0;47376;33;0;0;0
FR;2;2021-02-01;3399;2;0;0;0;50775;35;0;0;0
FR;2;2021-02-02;4487;10;0;0;0;55262;45;0;0;0
FR;2;2021-02-03;5216;6;0;0;0;60478;51;0;0;0
FR;2;2021-02-04;4930;10;0;0;0;65408;61;0;0;0
FR;2;2021-02-05;4810;13;0;0;0;70218;74;0;0;0
FR;2;2021-02-06;2040;12;0;0;0;72258;86;0;0;0
FR;2;2021-02-07;101;4;0;0;0;72359;90;0;0;0
FR;2;2021-02-08;7553;19;0;0;0;79912;109;0;0;0
FR;2;2021-02-09;8420;26;0;0;0;88332;135;0;0;0
FR;2;2021-02-10;9336;56;0;0;0;97668;191;0;0;0
FR;2;2021-02-11;10278;94;0;0;0;107946;285;0;0;0
FR;2;2021-02-12;10052;258;0;0;0;117998;543;0;0;0
FR;2;2021-02-13;3118;225;0;0;0;121116;768;0;0;0
FR;2;2021-02-14;352;8;0;0;0;121468;776;0;0;0
FR;2;2021-02-15;3454;3096;0;0;0;124922;3872;0;0;0
FR;2;2021-02-16;5066;4017;0;0;0;129988;7889;0;0;0
FR;2;2021-02-17;4251;4465;0;0;0;134239;12354;0;0;0
FR;2;2021-02-18;5399;5118;0;0;0;139638;17472;0;0;0
FR;2;2021-02-19;5324;4391;0;0;0;144962;21863;0;0;0
FR;2;2021-02-20;1866;1508;0;0;0;146828;23371;0;0;0
FR;2;2021-02-21;242;88;0;0;0;147070;23459;0;0;0
FR;2;2021-02-22;3611;3741;0;0;0;150681;27200;0;0;0
FR;2;2021-02-23;4952;3693;0;0;0;155633;30893;0;0;0
FR;2;2021-02-24;5008;3490;0;0;0;160641;34383;0;0;0
FR;2;2021-02-25;5481;3452;0;0;0;166122;37835;0;0;0
FR;2;2021-02-26;4356;3146;0;0;0;170478;40981;0;0;0
FR;2;2021-02-27;1623;1053;0;0;0;172101;42034;0;0;0
FR;2;2021-02-28;176;28;0;0;0;172277;42062;0;0;0
FR;2;2021-03-01;5174;3725;0;0;0;177451;45787;0;0;0
FR;2;2021-03-02;6528;4721;0;0;0;183979;50508;0;0;0
FR;2;2021-03-03;6533;4917;0;0;0;190512;55425;0;0;0
FR;2;2021-03-04;8394;4042;0;0;0;198906;59467;0;0;0
FR;2;2021-03-05;8026;4061;0;0;0;206932;63528;0;0;0
FR;2;2021-03-06;4783;1683;0;0;0;211715;65211;0;0;0
FR;2;2021-03-07;2371;31;0;0;0;214086;65242;0;0;0
FR;2;2021-03-08;4164;8329;0;0;0;218250;73571;0;0;0
FR;2;2021-03-09;7485;8489;1;0;0;225735;82060;1;0;0
FR;2;2021-03-10;7097;9136;0;0;0;232832;91196;1;0;0
FR;2;2021-03-11;9372;9231;1;0;0;242204;100427;2;0;0
FR;2;2021-03-12;7971;8217;0;0;0;250175;108644;2;0;0
FR;2;2021-03-13;10045;2547;0;0;0;260220;111191;2;0;0
FR;2;2021-03-14;4838;405;0;0;0;265058;111596;2;0;0
FR;2;2021-03-15;10904;3488;0;0;0;275962;115084;2;0;0
FR;2;2021-03-16;16760;4650;1;0;0;292722;119734;3;0;0
FR;2;2021-03-17;20223;3972;0;0;0;312945;123706;3;0;0
FR;2;2021-03-18;23363;4966;0;0;0;336308;128672;3;0;0
FR;2;2021-03-19;23299;4564;0;0;0;359607;133236;3;0;0
FR;2;2021-03-20;25441;1545;0;0;0;385048;134781;3;0;0
FR;2;2021-03-21;17669;150;0;0;0;402717;134931;3;0;0
FR;2;2021-03-22;17783;3137;0;0;0;420500;138068;3;0;0
FR;2;2021-03-23;22685;4200;0;0;0;443185;142268;3;0;0
FR;2;2021-03-24;23956;5013;0;0;0;467141;147281;3;0;0
FR;2;2021-03-25;26736;5132;1;0;0;493877;152413;4;0;0
FR;2;2021-03-26;26974;4184;0;0;0;520851;156597;4;0;0
FR;2;2021-03-27;15917;1336;0;0;0;536768;157933;4;0;0
FR;2;2021-03-28;10561;118;0;0;0;547329;158051;4;0;0
FR;2;2021-03-29;18984;4283;0;0;0;566313;162334;4;0;0
FR;2;2021-03-30;24574;6028;0;0;0;590887;168362;4;0;0
FR;2;2021-03-31;28553;5931;0;0;0;619440;174293;4;0;0
FR;2;2021-04-01;34546;8493;1;0;0;653986;182786;5;0;0
FR;2;2021-04-02;29975;7674;0;0;0;683961;190460;5;0;0
FR;2;2021-04-03;16952;3744;0;0;0;700913;194204;5;0;0
FR;2;2021-04-04;9305;1008;2;0;0;710218;195212;7;0;0
FR;2;2021-04-05;12443;805;0;0;0;722661;196017;7;0;0
FR;2;2021-04-06;27142;7020;0;0;0;749803;203037;7;0;0
FR;2;2021-04-07;30925;7145;1;0;0;780728;210182;8;0;0
FR;2;2021-04-08;36879;8738;1;0;0;817607;218920;9;0;0
FR;2;2021-04-09;33831;8553;28;0;0;851438;227473;37;0;0
FR;2;2021-04-10;19678;9048;1;0;0;871116;236521;38;0;0
FR;2;2021-04-11;7940;4254;1;0;0;879056;240775;39;0;0
FR;2;2021-04-12;17121;11147;0;0;0;896177;251922;39;0;0
FR;2;2021-04-13;19448;16212;1;0;0;915625;268134;40;0;0
FR;2;2021-04-14;18059;16293;7;0;0;933684;284427;47;0;0
FR;2;2021-04-15;22184;20922;27;0;0;955868;305349;74;0;0
FR;2;2021-04-16;20704;20123;45;0;0;976572;325472;119;0;0
FR;2;2021-04-17;13252;22432;5;0;0;989824;347904;124;0;0
FR;2;2021-04-18;5906;14392;6;0;0;995730;362296;130;0;0
FR;2;2021-04-19;16830;16265;24;0;0;1012560;378561;154;0;0
FR;2;2021-04-20;19317;21583;38;0;0;1031877;400144;192;0;0
FR;2;2021-04-21;20280;21698;76;0;0;1052157;421842;268;0;0
FR;2;2021-04-22;23809;24862;41;0;0;1075966;446704;309;0;0
FR;2;2021-04-23;24514;25347;76;0;0;1100480;472051;385;0;0
FR;2;2021-04-24;25300;15092;104;0;0;1125780;487143;489;0;0
FR;2;2021-04-25;9592;8600;5;0;0;1135372;495743;494;0;0
FR;2;2021-04-26;17157;17244;21;0;0;1152529;512987;515;0;0
FR;2;2021-04-27;19240;24221;40;0;0;1171769;537208;555;0;0
FR;2;2021-04-28;22331;26211;112;0;0;1194100;563419;667;0;0
FR;2;2021-04-29;25465;30144;69;0;0;1219565;593563;736;0;0
FR;2;2021-04-30;25529;27743;49;1;0;1245094;621306;785;1;0
FR;2;2021-05-01;14980;9875;6;0;0;1260074;631181;791;1;0
FR;2;2021-05-02;6635;9172;2;0;0;1266709;640353;793;1;0
FR;2;2021-05-03;20012;19258;40;0;0;1286721;659611;833;1;0
FR;2;2021-05-04;18280;29037;33;0;0;1305001;688648;866;1;0
FR;2;2021-05-05;18359;29382;48;0;0;1323360;718030;914;1;0
FR;2;2021-05-06;23538;35234;131;0;0;1346898;753264;1045;1;0
FR;2;2021-05-07;25322;33194;97;0;0;1372220;786458;1142;1;0
FR;2;2021-05-08;21336;9790;14;0;0;1393556;796248;1156;1;0
FR;2;2021-05-09;13162;7847;7;0;0;1406718;804095;1163;1;0
FR;2;2021-05-10;32937;22129;49;0;0;1439655;826224;1212;1;0
FR;2;2021-05-11;43594;21027;101;0;0;1483249;847251;1313;1;0
FR;2;2021-05-12;50038;19845;143;0;0;1533287;867096;1456;1;0
FR;2;2021-05-13;51288;5750;31;0;0;1584575;872846;1487;1;0
FR;2;2021-05-14;61342;12921;132;0;0;1645917;885767;1619;1;0
FR;2;2021-05-15;65922;7134;39;0;0;1711839;892901;1658;1;0
FR;2;2021-05-16;43580;2567;10;0;0;1755419;895468;1668;1;0
FR;2;2021-05-17;44742;12566;113;0;0;1800161;908034;1781;1;0
FR;2;2021-05-18;54633;12238;191;0;0;1854794;920272;1972;1;0
FR;2;2021-05-19;57162;10600;281;0;0;1911956;930872;2253;1;0
FR;2;2021-05-20;63429;10838;287;0;0;1975385;941710;2540;1;0
FR;2;2021-05-21;64288;11641;230;0;0;2039673;953351;2770;1;0
FR;2;2021-05-22;61477;4505;65;0;0;2101150;957856;2835;1;0
FR;2;2021-05-23;37531;570;22;0;0;2138681;958426;2857;1;0
FR;2;2021-05-24;17235;2033;34;0;0;2155916;960459;2891;1;0
FR;2;2021-05-25;21102;12224;240;0;0;2177018;972683;3131;1;0
FR;2;2021-05-26;19932;11451;229;0;0;2196950;984134;3360;1;0
FR;2;2021-05-27;22993;12663;182;0;0;2219943;996797;3542;1;0
FR;2;2021-05-28;29387;14945;190;0;0;2249330;1011742;3732;1;0
FR;2;2021-05-29;30415;8175;57;0;0;2279745;1019917;3789;1;0
FR;2;2021-05-30;4646;1814;6;0;0;2284391;1021731;3795;1;0
FR;2;2021-05-31;28584;18712;183;0;0;2312975;1040443;3978;1;0
FR;2;2021-06-01;45710;20007;224;0;0;2358685;1060450;4202;1;0
FR;2;2021-06-02;37461;19295;181;0;0;2396146;1079745;4383;1;0
FR;2;2021-06-03;51269;23331;161;0;0;2447415;1103076;4544;1;0
FR;2;2021-06-04;65509;24056;215;0;0;2512924;1127132;4759;1;0
FR;2;2021-06-05;34598;24030;51;0;0;2547522;1151162;4810;1;0
FR;2;2021-06-06;4953;6198;10;0;0;2552475;1157360;4820;1;0
FR;2;2021-06-07;28165;23038;146;0;0;2580640;1180398;4966;1;0
FR;2;2021-06-08;46368;22920;143;0;0;2627008;1203318;5109;1;0
FR;2;2021-06-09;34284;20922;107;0;0;2661292;1224240;5216;1;0
FR;2;2021-06-10;42635;19129;95;1;0;2703927;1243369;5311;2;0
FR;2;2021-06-11;55287;25221;134;0;0;2759214;1268590;5445;2;0
FR;2;2021-06-12;30559;19777;53;0;0;2789773;1288367;5498;2;0
FR;2;2021-06-13;3329;9186;13;0;0;2793102;1297553;5511;2;0
FR;2;2021-06-14;25294;24155;92;0;0;2818396;1321708;5603;2;0
FR;2;2021-06-15;39033;22844;154;0;0;2857429;1344552;5757;2;0
FR;2;2021-06-16;30158;21437;134;0;0;2887587;1365989;5891;2;0
FR;2;2021-06-17;36903;25865;150;0;0;2924490;1391854;6041;2;0
FR;2;2021-06-18;46845;28812;122;0;0;2971335;1420666;6163;2;0
FR;2;2021-06-19;24524;24892;39;0;0;2995859;1445558;6202;2;0
FR;2;2021-06-20;3740;10063;10;0;0;2999599;1455621;6212;2;0
FR;2;2021-06-21;17520;42839;87;0;0;3017119;1498460;6299;2;0
FR;2;2021-06-22;28353;49561;110;0;0;3045472;1548021;6409;2;0
FR;2;2021-06-23;21786;49556;106;1;1;3067258;1597577;6515;3;1
FR;2;2021-06-24;28375;50282;133;0;0;3095633;1647859;6648;3;1
FR;2;2021-06-25;33398;60391;127;0;0;3129031;1708250;6775;3;1
FR;2;2021-06-26;16379;59244;54;1;0;3145410;1767494;6829;4;1
FR;2;2021-06-27;2564;29322;22;1;0;3147974;1796816;6851;5;1
FR;2;2021-06-28;12637;54338;81;0;0;3160611;1851154;6932;5;1
FR;2;2021-06-29;19841;59889;178;0;0;3180452;1911043;7110;5;1
FR;2;2021-06-30;16321;57869;252;17;0;3196773;1968912;7362;22;1
FR;2;2021-07-01;20482;59893;227;0;0;3217255;2028805;7589;22;1
FR;2;2021-07-02;24069;62129;184;0;0;3241324;2090934;7773;22;1
FR;2;2021-07-03;12112;57085;153;0;0;3253436;2148019;7926;22;1
FR;2;2021-07-04;1958;23309;18;0;0;3255394;2171328;7944;22;1
FR;2;2021-07-05;9169;29365;106;0;0;3264563;2200693;8050;22;1
FR;2;2021-07-06;14574;36204;135;0;0;3279137;2236897;8185;22;1
FR;2;2021-07-07;14403;33670;139;0;0;3293540;2270567;8324;22;1
FR;2;2021-07-08;19712;40295;162;0;0;3313252;2310862;8486;22;1
FR;2;2021-07-09;27093;54268;202;1;0;3340345;2365130;8688;23;1
FR;2;2021-07-10;13383;33662;107;0;0;3353728;2398792;8795;23;1
FR;2;2021-07-11;1805;4346;16;0;0;3355533;2403138;8811;23;1
FR;2;2021-07-12;12960;37276;118;0;0;3368493;2440414;8929;23;1
FR;2;2021-07-13;37107;53215;150;0;0;3405600;2493629;9079;23;1
FR;2;2021-07-14;6607;3559;15;0;0;3412207;2497188;9094;23;1
FR;2;2021-07-15;47230;47023;156;0;0;3459437;2544211;9250;23;1
FR;2;2021-07-16;64307;55815;187;0;0;3523744;2600026;9437;23;1
FR;2;2021-07-17;31592;23933;96;0;0;3555336;2623959;9533;23;1
FR;2;2021-07-18;6087;4882;19;0;0;3561423;2628841;9552;23;1
FR;2;2021-07-19;32986;28680;94;0;0;3594409;2657521;9646;23;1
FR;2;2021-07-20;51989;44561;155;0;0;3646398;2702082;9801;23;1
FR;2;2021-07-21;45244;34761;93;0;0;3691642;2736843;9894;23;1
FR;2;2021-07-22;56271;41093;128;1;0;3747913;2777936;10022;24;1
FR;2;2021-07-23;68275;49086;170;0;0;3816188;2827022;10192;24;1
FR;2;2021-07-24;36165;21589;82;0;0;3852353;2848611;10274;24;1
FR;2;2021-07-25;6742;2655;10;0;0;3859095;2851266;10284;24;1
FR;2;2021-07-26;36295;22455;91;1;0;3895390;2873721;10375;25;1
FR;2;2021-07-27;62350;34623;180;0;0;3957740;2908344;10555;25;1
FR;2;2021-07-28;55296;26457;132;0;0;4013036;2934801;10687;25;1
FR;2;2021-07-29;68454;32787;189;0;0;4081490;2967588;10876;25;1
FR;2;2021-07-30;74431;37777;222;1;1;4155921;3005365;11098;26;2
FR;2;2021-07-31;34750;16185;104;0;0;4190671;3021550;11202;26;2
FR;2;2021-08-01;5397;2284;19;0;0;4196068;3023834;11221;26;2
FR;2;2021-08-02;35859;16203;101;0;0;4231927;3040037;11322;26;2
FR;2;2021-08-03;55959;28290;142;0;0;4287886;3068327;11464;26;2
FR;2;2021-08-04;46620;20865;128;1;0;4334506;3089192;11592;27;2
FR;2;2021-08-05;54616;31582;215;0;0;4389122;3120774;11807;27;2
FR;2;2021-08-06;58077;42393;242;1;0;4447199;3163167;12049;28;2
FR;2;2021-08-07;25132;17600;89;0;0;4472331;3180767;12138;28;2
FR;2;2021-08-08;3832;3670;21;0;0;4476163;3184437;12159;28;2
FR;2;2021-08-09;29293;21132;91;0;0;4505456;3205569;12250;28;2
FR;2;2021-08-10;44987;33509;154;0;0;4550443;3239078;12404;28;2
FR;2;2021-08-11;35263;25173;151;0;0;4585706;3264251;12555;28;2
FR;2;2021-08-12;41891;35725;162;0;0;4627597;3299976;12717;28;2
FR;2;2021-08-13;42585;37052;218;0;0;4670182;3337028;12935;28;2
FR;2;2021-08-14;18506;22255;93;0;0;4688688;3359283;13028;28;2
FR;2;2021-08-15;3814;3816;17;0;0;4692502;3363099;13045;28;2
FR;2;2021-08-16;25077;27201;110;0;0;4717579;3390300;13155;28;2
FR;2;2021-08-17;38249;43487;205;2;0;4755828;3433787;13360;30;2
FR;2;2021-08-18;32246;36372;195;1;1;4788074;3470159;13555;31;3
FR;2;2021-08-19;37428;46584;224;0;0;4825502;3516743;13779;31;3
FR;2;2021-08-20;40555;55602;269;1;0;4866057;3572345;14048;32;3
FR;2;2021-08-21;18116;24305;114;0;0;4884173;3596650;14162;32;3
FR;2;2021-08-22;2902;4319;22;1;1;4887075;3600969;14184;33;4
FR;2;2021-08-23;19238;35159;131;1;1;4906313;3636128;14315;34;5
FR;2;2021-08-24;31939;56031;235;0;0;4938252;3692159;14550;34;5
FR;2;2021-08-25;25926;43431;250;0;0;4964178;3735590;14800;34;5
FR;2;2021-08-26;32347;55791;387;0;0;4996525;3791381;15187;34;5
FR;2;2021-08-27;36991;65594;478;3;1;5033516;3856975;15665;37;6
FR;2;2021-08-28;17813;28471;300;0;0;5051329;3885446;15965;37;6
FR;2;2021-08-29;2655;5040;47;0;0;5053984;3890486;16012;37;6
FR;2;2021-08-30;18409;37751;399;0;754;5072393;3928237;16411;37;760
FR;2;2021-08-31;28077;57493;884;4;1538;5100470;3985730;17295;41;2298
FR;2;2021-09-01;21589;39839;1307;0;2091;5122059;4025569;18602;41;4389
FR;2;2021-09-02;25476;48612;1960;2;3289;5147535;4074181;20562;43;7678
FR;2;2021-09-03;33404;64476;2986;3;4825;5180939;4138657;23548;46;12503
FR;2;2021-09-04;16826;27704;1442;1;2355;5197765;4166361;24990;47;14858
FR;2;2021-09-05;2258;3607;264;0;411;5200023;4169968;25254;47;15269
FR;2;2021-09-06;14034;28729;1769;1;2930;5214057;4198697;27023;48;18199
FR;2;2021-09-07;21102;41052;3020;13;4857;5235159;4239749;30043;61;23056
FR;2;2021-09-08;17240;31932;2732;6;4468;5252399;4271681;32775;67;27524
FR;2;2021-09-09;20973;40429;4432;3;6752;5273372;4312110;37207;70;34276
FR;2;2021-09-10;28195;51135;5281;4;8821;5301567;4363245;42488;74;43097
FR;2;2021-09-11;13652;22353;2403;5;3937;5315219;4385598;44891;79;47034
FR;2;2021-09-12;1822;2791;284;0;505;5317041;4388389;45175;79;47539
FR;2;2021-09-13;11656;21449;2467;4;4008;5328697;4409838;47642;83;51547
FR;2;2021-09-14;18567;32770;5084;13;9032;5347264;4442608;52726;96;60579
FR;2;2021-09-15;14910;28285;5164;3;7781;5362174;4470893;57890;99;68360
FR;2;2021-09-16;16069;32763;6733;14;10525;5378243;4503656;64623;113;78885
FR;2;2021-09-17;20910;47083;8774;10;14571;5399153;4550739;73397;123;93456
FR;2;2021-09-18;9855;20928;3803;6;6022;5409008;4571667;77200;129;99478
FR;2;2021-09-19;1165;2649;395;0;645;5410173;4574316;77595;129;100123
FR;2;2021-09-20;7490;18784;3851;7;6152;5417663;4593100;81446;136;106275
FR;2;2021-09-21;11205;29999;6494;5;10739;5428868;4623099;87940;141;117014
FR;2;2021-09-22;9405;23550;5491;7;8511;5438273;4646649;93431;148;125525
FR;2;2021-09-23;10721;28868;7879;9;12636;5448994;4675517;101310;157;138161
FR;2;2021-09-24;15063;42859;10873;18;17187;5464057;4718376;112183;175;155348
FR;2;2021-09-25;7258;18730;3962;10;6084;5471315;4737106;116145;185;161432
FR;2;2021-09-26;1079;2559;494;0;633;5472394;4739665;116639;185;162065
FR;2;2021-09-27;6312;16454;4286;7;6550;5478706;4756119;120925;192;168615
FR;2;2021-09-28;9239;25548;7768;13;12068;5487945;4781667;128693;205;180683
FR;2;2021-09-29;8079;20212;6066;25;9261;5496024;4801879;134759;230;189944
FR;2;2021-09-30;9863;25781;9503;16;14074;5505887;4827660;144262;246;204018
FR;2;2021-10-01;13967;35637;12912;25;19230;5519854;4863297;157174;271;223248
FR;2;2021-10-02;6873;15875;4845;6;7009;5526727;4879172;162019;277;230257
FR;2;2021-10-03;841;1943;491;1;513;5527568;4881115;162510;278;230770
FR;2;2021-10-04;5817;13919;5514;5;7853;5533385;4895034;168024;283;238623
FR;2;2021-10-05;9052;22547;11121;19;15710;5542437;4917581;179145;302;254333
FR;2;2021-10-06;7778;17739;8238;11;11066;5550215;4935320;187383;313;265399
FR;2;2021-10-07;9192;22174;12378;15;16833;5559407;4957494;199761;328;282232
FR;2;2021-10-08;13424;32048;17345;27;23529;5572831;4989542;217106;355;305761
FR;2;2021-10-09;5999;12826;6041;6;7876;5578830;5002368;223147;361;313637
FR;2;2021-10-10;883;1635;436;2;633;5579713;5004003;223583;363;314270
FR;2;2021-10-11;5604;11606;6454;17;8837;5585317;5015609;230037;380;323107
FR;2;2021-10-12;8035;17752;12535;13;16726;5593352;5033361;242572;393;339833
FR;2;2021-10-13;6943;14853;10245;11;13608;5600295;5048214;252817;404;353441
FR;2;2021-10-14;8310;17939;14988;13;19448;5608605;5066153;267805;417;372889
FR;2;2021-10-15;11845;26275;20900;26;27939;5620450;5092428;288705;443;400828
FR;2;2021-10-16;5136;8721;1816;0;3204;5625586;5101149;290521;443;404032
FR;2;2021-10-17;651;1190;184;0;376;5626237;5102339;290705;443;404408
FR;2;2021-10-18;4558;7420;661;2;1672;5630795;5109759;291366;445;406080
FR;2;2021-10-19;6238;9895;729;5;2054;5637033;5119654;292095;450;408134
FR;2;2021-10-20;5160;8101;756;3;1685;5642193;5127755;292851;453;409819
FR;2;2021-10-21;6088;9968;779;5;2101;5648281;5137723;293630;458;411920
FR;2;2021-10-22;8446;14570;1147;4;2871;5656727;5152293;294777;462;414791
FR;2;2021-10-23;3840;5994;584;0;1234;5660567;5158287;295361;462;416025
FR;2;2021-10-24;494;888;100;0;203;5661061;5159175;295461;462;416228
FR;2;2021-10-25;3357;5373;301;1;827;5664418;5164548;295762;463;417055
FR;2;2021-10-26;4172;7258;1124;4;2006;5668590;5171806;296886;467;419061
FR;2;2021-10-27;3672;6630;1193;5;1999;5672262;5178436;298079;472;421060
FR;2;2021-10-28;4595;7694;1727;3;2744;5676857;5186130;299806;475;423804
FR;2;2021-10-29;5405;11078;2430;4;3667;5682262;5197208;302236;479;427471
FR;2;2021-10-30;2748;4433;972;1;1428;5685010;5201641;303208;480;428899
FR;2;2021-10-31;363;535;139;1;186;5685373;5202176;303347;481;429085
FR;2;2021-11-01;416;561;173;0;265;5685789;5202737;303520;481;429350
FR;2;2021-11-02;3287;6764;1179;0;1758;5689076;5209501;304699;481;431108
FR;2;2021-11-03;3337;6252;1383;2;1965;5692413;5215753;306082;483;433073
FR;2;2021-11-04;3985;7101;1760;4;2492;5696398;5222854;307842;487;435565
FR;2;2021-11-05;5226;10510;2863;5;3944;5701624;5233364;310705;492;439509
FR;2;2021-11-06;2593;4668;1396;0;1808;5704217;5238032;312101;492;441317
FR;2;2021-11-07;508;865;216;0;285;5704725;5238897;312317;492;441602
FR;2;2021-11-08;2575;5364;1201;3;1679;5707300;5244261;313518;495;443281
FR;2;2021-11-09;2749;6948;2391;6;3172;5710049;5251209;315909;501;446453
FR;2;2021-11-10;2584;5715;5093;6;6271;5712633;5256924;321002;507;452724
FR;2;2021-11-11;433;745;731;2;913;5713066;5257669;321733;509;453637
FR;2;2021-11-12;2951;8111;8962;8;10900;5716017;5265780;330695;517;464537
FR;2;2021-11-13;1530;3381;3865;7;4528;5717547;5269161;334560;524;469065
FR;2;2021-11-14;254;603;348;1;485;5717801;5269764;334908;525;469550
FR;2;2021-11-15;1620;3696;4434;9;5319;5719421;5273460;339342;534;474869
FR;2;2021-11-16;2183;5946;8293;14;10068;5721604;5279406;347635;548;484937
FR;2;2021-11-17;1740;4567;6618;8;7833;5723344;5283973;354253;556;492770
FR;2;2021-11-18;2189;5949;9169;11;10994;5725533;5289922;363422;567;503764
FR;2;2021-11-19;2697;7803;12958;19;15464;5728230;5297725;376380;586;519228
FR;2;2021-11-20;1564;3332;5167;5;6071;5729794;5301057;381547;591;525299
FR;2;2021-11-21;246;517;540;0;663;5730040;5301574;382087;591;525962
FR;2;2021-11-22;1275;2622;4469;5;5401;5731315;5304196;386556;596;531363
FR;2;2021-11-23;1613;4313;8186;9;9895;5732928;5308509;394742;605;541258
FR;2;2021-11-24;1418;3803;7462;14;8720;5734346;5312312;402204;619;549978
FR;2;2021-11-25;1812;4888;11446;21;13638;5736158;5317200;413650;640;563616
FR;2;2021-11-26;2537;7778;22648;31;26061;5738695;5324978;436298;671;589677
FR;2;2021-11-27;1497;4131;12255;18;13992;5740192;5329109;448553;689;603669
FR;2;2021-11-28;291;843;1965;3;2286;5740483;5329952;450518;692;605955
FR;2;2021-11-29;1444;4386;15073;23;17242;5741927;5334338;465591;715;623197
FR;2;2021-11-30;1912;6752;26220;36;29973;5743839;5341090;491811;751;653170
FR;2;2021-12-01;1903;6101;26182;29;29501;5745742;5347191;517993;780;682671
FR;2;2021-12-02;1908;6832;37684;52;41928;5747650;5354023;555677;832;724599
FR;2;2021-12-03;2550;10107;53586;112;59308;5750200;5364130;609263;944;783907
FR;2;2021-12-04;1849;6299;37088;38;40762;5752049;5370429;646351;982;824669
FR;2;2021-12-05;458;2264;14250;14;15986;5752507;5372693;660601;996;840655
FR;2;2021-12-06;2461;9896;77682;109;84731;5754968;5382589;738283;1105;925386
FR;2;2021-12-07;3445;15335;122407;238;133689;5758413;5397924;860690;1343;1059075
FR;2;2021-12-08;3717;16055;133170;330;145369;5762130;5413979;993860;1673;1204444
FR;2;2021-12-09;4543;19624;170140;554;185494;5766673;5433603;1164000;2227;1389938
FR;2;2021-12-10;4669;22813;188607;490;206040;5771342;5456416;1352607;2717;1595978
FR;2;2021-12-11;3681;16620;132419;239;144849;5775023;5473036;1485026;2956;1740827
FR;2;2021-12-12;1257;7133;59080;83;65127;5776280;5480169;1544106;3039;1805954
FR;2;2021-12-13;5525;26859;220651;604;242930;5781805;5507028;1764757;3643;2048884
FR;2;2021-12-14;7016;37531;300710;910;332183;5788821;5544559;2065467;4553;2381067
FR;2;2021-12-15;6559;36236;285168;955;315767;5795380;5580795;2350635;5508;2696834
FR;2;2021-12-16;7763;37918;312098;981;343673;5803143;5618713;2662733;6489;3040507
FR;2;2021-12-17;8680;41245;327827;975;360906;5811823;5659958;2990560;7464;3401413
FR;2;2021-12-18;6516;26562;212314;448;233612;5818339;5686520;3202874;7912;3635025
FR;2;2021-12-19;2600;11490;90201;184;100379;5820939;5698010;3293075;8096;3735404
FR;2;2021-12-20;9549;33609;275149;706;303316;5830488;5731619;3568224;8802;4038720
FR;2;2021-12-21;11555;38319;309587;969;341372;5842043;5769938;3877811;9771;4380092
FR;2;2021-12-22;10458;32859;265080;952;292469;5852501;5802797;4142891;10723;4672561
FR;2;2021-12-23;9425;26707;199453;700;221255;5861926;5829504;4342344;11423;4893816
FR;2;2021-12-24;2781;7495;43845;140;49559;5864707;5836999;4386189;11563;4943375
FR;2;2021-12-25;201;700;2000;10;2495;5864908;5837699;4388189;11573;4945870
FR;2;2021-12-26;1322;4216;25146;71;28677;5866230;5841915;4413335;11644;4974547
FR;2;2021-12-27;8075;29942;218377;659;243299;5874305;5871857;4631712;12303;5217846
FR;2;2021-12-28;9840;36339;272061;741;301947;5884145;5908196;4903773;13044;5519793
FR;2;2021-12-29;9492;32289;246102;766;272676;5893637;5940485;5149875;13810;5792469
FR;2;2021-12-30;9452;28139;208806;662;231465;5903089;5968624;5358681;14472;6023934
FR;2;2021-12-31;3008;8381;54978;177;61235;5906097;5977005;5413659;14649;6085169
FR;2;2022-01-01;227;693;2849;7;3345;5906324;5977698;5416508;14656;6088514
FR;2;2022-01-02;1505;4855;29504;75;33391;5907829;5982553;5446012;14731;6121905
FR;2;2022-01-03;9583;35371;266501;807;293863;5917412;6017924;5712513;15538;6415768
FR;2;2022-01-04;12842;45378;342059;1067;376942;5930254;6063302;6054572;16605;6792710
FR;2;2022-01-05;11269;38660;294148;885;323801;5941523;6101962;6348720;17490;7116511
FR;2;2022-01-06;13649;43494;331926;1298;364703;5955172;6145456;6680646;18788;7481214
FR;2;2022-01-07;14220;47632;361071;1270;396400;5969392;6193088;7041717;20058;7877614
FR;2;2022-01-08;7943;28151;201254;515;221684;5977335;6221239;7242971;20573;8099298
FR;2;2022-01-09;2749;8999;62517;137;69522;5980084;6230238;7305488;20710;8168820
FR;2;2022-01-10;10088;31906;232446;858;255028;5990172;6262144;7537934;21568;8423848
FR;2;2022-01-11;11470;36252;265879;1030;290572;6001642;6298396;7803813;22598;8714420
FR;2;2022-01-12;8759;29845;206297;862;226173;6010401;6328241;8010110;23460;8940593
FR;2;2022-01-13;9386;31341;224460;831;244807;6019787;6359582;8234570;24291;9185400
FR;2;2022-01-14;9743;35664;254517;919;277677;6029530;6395246;8489087;25210;9463077
FR;2;2022-01-15;5355;19455;140766;359;153637;6034885;6414701;8629853;25569;9616714
FR;2;2022-01-16;1512;5522;35870;80;39848;6036397;6420223;8665723;25649;9656562
FR;2;2022-01-17;5545;19299;135382;601;147244;6041942;6439522;8801105;26250;9803806
FR;2;2022-01-18;6417;21530;148608;648;160472;6048359;6461052;8949713;26898;9964278
FR;2;2022-01-19;4389;16361;105081;552;113699;6052748;6477413;9054794;27450;10077977
FR;2;2022-01-20;4867;17593;115273;603;123670;6057615;6495006;9170067;28053;10201647
FR;2;2022-01-21;5193;20064;137324;678;147742;6062808;6515070;9307391;28731;10349389
FR;2;2022-01-22;3025;10966;74254;259;80331;6065833;6526036;9381645;28990;10429720
FR;2;2022-01-23;722;2737;15236;41;16837;6066555;6528773;9396881;29031;10446557
FR;2;2022-01-24;3293;12829;75057;430;81017;6069848;6541602;9471938;29461;10527574
FR;2;2022-01-25;3571;14439;79610;495;85447;6073419;6556041;9551548;29956;10613021
FR;2;2022-01-26;2515;10660;58957;363;62982;6075934;6566701;9610505;30319;10676003
FR;2;2022-01-27;2683;11250;64163;388;67898;6078617;6577951;9674668;30707;10743901
FR;2;2022-01-28;3543;18399;91710;430;98963;6082160;6596350;9766378;31137;10842864
FR;2;2022-01-29;1890;9253;48834;164;52920;6084050;6605603;9815212;31301;10895784
FR;2;2022-01-30;466;2241;9453;38;10606;6084516;6607844;9824665;31339;10906390
FR;2;2022-01-31;1887;9592;43817;208;47340;6086403;6617436;9868482;31547;10953730
FR;2;2022-02-01;1912;10048;47018;278;50100;6088315;6627484;9915500;31825;11003830
FR;2;2022-02-02;1605;9034;41100;251;44174;6089920;6636518;9956600;32076;11048004
FR;2;2022-02-03;1722;8944;40505;204;42904;6091642;6645462;9997105;32280;11090908
FR;2;2022-02-04;2152;15221;66625;297;71346;6093794;6660683;10063730;32577;11162254
FR;2;2022-02-05;1362;8538;35934;131;39231;6095156;6669221;10099664;32708;11201485
FR;2;2022-02-06;274;1780;6124;16;6899;6095430;6671001;10105788;32724;11208384
FR;2;2022-02-07;1350;9609;37746;133;41304;6096780;6680610;10143534;32857;11249688
FR;2;2022-02-08;1298;9811;40926;173;43710;6098078;6690421;10184460;33030;11293398
FR;2;2022-02-09;1160;8812;37032;172;40451;6099238;6699233;10221492;33202;11333849
FR;2;2022-02-10;1023;7983;33831;203;36498;6100261;6707216;10255323;33405;11370347
FR;2;2022-02-11;1390;12077;53336;222;57681;6101651;6719293;10308659;33627;11428028
FR;2;2022-02-12;749;6528;27984;83;30801;6102400;6725821;10336643;33710;11458829
FR;2;2022-02-13;200;1335;4833;20;5574;6102600;6727156;10341476;33730;11464403
FR;2;2022-02-14;833;6725;30262;89;33225;6103433;6733881;10371738;33819;11497628
FR;2;2022-02-15;771;6447;28044;141;29982;6104204;6740328;10399782;33960;11527610
FR;2;2022-02-16;656;5339;22045;123;23603;6104860;6745667;10421827;34083;11551213
FR;2;2022-02-17;513;3769;14141;98;14604;6105373;6749436;10435968;34181;11565817
FR;2;2022-02-18;721;5361;20427;134;21124;6106094;6754797;10456395;34315;11586941
FR;2;2022-02-19;430;3046;10527;66;11241;6106524;6757843;10466922;34381;11598182
FR;2;2022-02-20;101;512;1456;3;1604;6106625;6758355;10468378;34384;11599786
FR;2;2022-02-21;420;2682;9116;65;9492;6107045;6761037;10477494;34449;11609278
FR;2;2022-02-22;390;2564;8887;76;8790;6107435;6763601;10486381;34525;11618068
FR;2;2022-02-23;432;2600;8985;82;9264;6107867;6766201;10495366;34607;11627332
FR;2;2022-02-24;313;2028;6795;81;6824;6108180;6768229;10502161;34688;11634156
FR;2;2022-02-25;455;3194;11412;108;11275;6108635;6771423;10513573;34796;11645431
FR;2;2022-02-26;294;1888;6035;49;6340;6108929;6773311;10519608;34845;11651771
FR;2;2022-02-27;75;311;905;5;947;6109004;6773622;10520513;34850;11652718
FR;2;2022-02-28;330;1680;5518;53;5527;6109334;6775302;10526031;34903;11658245
FR;2;2022-03-01;274;1557;5473;44;5191;6109608;6776859;10531504;34947;11663436
FR;2;2022-03-02;296;1428;5242;43;5082;6109904;6778287;10536746;34990;11668518
FR;2;2022-03-03;224;1100;3702;42;3477;6110128;6779387;10540448;35032;11671995
FR;2;2022-03-04;240;1461;4852;73;4497;6110368;6780848;10545300;35105;11676492
FR;2;2022-03-05;171;903;2973;32;2716;6110539;6781751;10548273;35137;11679208
FR;2;2022-03-06;40;181;277;5;316;6110579;6781932;10548550;35142;11679524
FR;2;2022-03-07;155;652;1981;69;1772;6110734;6782584;10550531;35211;11681296
FR;2;2022-03-08;142;652;2270;51;1902;6110876;6783236;10552801;35262;11683198
FR;2;2022-03-09;152;695;2340;37;2041;6111028;6783931;10555141;35299;11685239
FR;2;2022-03-10;119;592;1685;34;1457;6111147;6784523;10556826;35333;11686696
FR;2;2022-03-11;169;752;2767;57;2365;6111316;6785275;10559593;35390;11689061
FR;2;2022-03-12;143;480;1784;27;1553;6111459;6785755;10561377;35417;11690614
FR;2;2022-03-13;25;74;201;29;202;6111484;6785829;10561578;35446;11690816
FR;2;2022-03-14;124;464;1560;529;1289;6111608;6786293;10563138;35975;11692105
FR;2;2022-03-15;138;417;1705;688;1321;6111746;6786710;10564843;36663;11693426
FR;2;2022-03-16;140;461;2010;1611;1587;6111886;6787171;10566853;38274;11695013
FR;2;2022-03-17;93;411;1404;1192;1141;6111979;6787582;10568257;39466;11696154
FR;2;2022-03-18;143;489;2016;1787;1659;6112122;6788071;10570273;41253;11697813
FR;2;2022-03-19;108;318;1209;940;1013;6112230;6788389;10571482;42193;11698826
FR;2;2022-03-20;12;76;190;59;166;6112242;6788465;10571672;42252;11698992
FR;2;2022-03-21;96;301;1209;1481;1073;6112338;6788766;10572881;43733;11700065
FR;2;2022-03-22;116;383;1528;1827;1290;6112454;6789149;10574409;45560;11701355
FR;2;2022-03-23;137;343;1664;3031;1455;6112591;6789492;10576073;48591;11702810
FR;2;2022-03-24;113;290;1178;1546;994;6112704;6789782;10577251;50137;11703804
FR;2;2022-03-25;119;359;1801;2449;1471;6112823;6790141;10579052;52586;11705275
FR;2;2022-03-26;76;246;1200;1220;950;6112899;6790387;10580252;53806;11706225
FR;2;2022-03-27;19;36;150;98;130;6112918;6790423;10580402;53904;11706355
FR;2;2022-03-28;93;284;1133;1588;992;6113011;6790707;10581535;55492;11707347
FR;2;2022-03-29;105;257;1324;2462;1105;6113116;6790964;10582859;57954;11708452
FR;2;2022-03-30;90;312;1481;3183;1314;6113206;6791276;10584340;61137;11709766
FR;2;2022-03-31;103;278;1266;2312;1079;6113309;6791554;10585606;63449;11710845
FR;2;2022-04-01;118;313;1557;2340;1309;6113427;6791867;10587163;65789;11712154
FR;2;2022-04-02;72;160;845;889;737;6113499;6792027;10588008;66678;11712891
FR;2;2022-04-03;16;53;128;112;142;6113515;6792080;10588136;66790;11713033
FR;2;2022-04-04;106;224;981;1434;788;6113621;6792304;10589117;68224;11713821
FR;2;2022-04-05;140;286;1300;2868;1128;6113761;6792590;10590417;71092;11714949
FR;2;2022-04-06;87;242;1299;2497;1110;6113848;6792832;10591716;73589;11716059
FR;2;2022-04-07;118;214;1290;2681;1030;6113966;6793046;10593006;76270;11717089
FR;2;2022-04-08;123;327;1616;3207;1315;6114089;6793373;10594622;79477;11718404
FR;2;2022-04-09;90;218;895;1045;730;6114179;6793591;10595517;80522;11719134
FR;2;2022-04-10;36;43;142;161;115;6114215;6793634;10595659;80683;11719249
FR;2;2022-04-11;85;183;870;1516;769;6114300;6793817;10596529;82199;11720018
FR;2;2022-04-12;177;259;1169;2697;1041;6114477;6794076;10597698;84896;11721059
FR;2;2022-04-13;139;222;1106;2385;965;6114616;6794298;10598804;87281;11722024
FR;2;2022-04-14;114;216;1076;2653;906;6114730;6794514;10599880;89934;11722930
FR;2;2022-04-15;111;238;1184;2246;1041;6114841;6794752;10601064;92180;11723971
FR;2;2022-04-16;62;108;537;543;449;6114903;6794860;10601601;92723;11724420
FR;2;2022-04-17;13;26;57;53;53;6114916;6794886;10601658;92776;11724473
FR;2;2022-04-18;11;31;117;64;108;6114927;6794917;10601775;92840;11724581
FR;2;2022-04-19;108;235;1105;1686;937;6115035;6795152;10602880;94526;11725518
FR;2;2022-04-20;94;235;1087;2091;916;6115129;6795387;10603967;96617;11726434
FR;2;2022-04-21;108;228;970;1808;828;6115237;6795615;10604937;98425;11727262
FR;2;2022-04-22;95;265;1225;2055;1005;6115332;6795880;10606162;100480;11728267
FR;2;2022-04-23;66;153;644;762;573;6115398;6796033;10606806;101242;11728840
FR;2;2022-04-24;10;28;98;68;76;6115408;6796061;10606904;101310;11728916
FR;2;2022-04-25;99;199;790;1293;698;6115507;6796260;10607694;102603;11729614
FR;2;2022-04-26;101;181;1025;1848;865;6115608;6796441;10608719;104451;11730479
FR;2;2022-04-27;91;173;843;1655;747;6115699;6796614;10609562;106106;11731226
FR;2;2022-04-28;88;205;934;1839;807;6115787;6796819;10610496;107945;11732033
FR;2;2022-04-29;74;275;1111;1683;1022;6115861;6797094;10611607;109628;11733055
FR;2;2022-04-30;63;121;459;534;415;6115924;6797215;10612066;110162;11733470
FR;2;2022-05-01;13;20;77;42;76;6115937;6797235;10612143;110204;11733546
FR;2;2022-05-02;111;201;672;1167;577;6116048;6797436;10612815;111371;11734123
FR;2;2022-05-03;144;219;936;1698;879;6116192;6797655;10613751;113069;11735002
FR;2;2022-05-04;82;211;873;1743;818;6116274;6797866;10614624;114812;11735820
FR;2;2022-05-05;119;186;808;1636;719;6116393;6798052;10615432;116448;11736539
FR;2;2022-05-06;125;228;1055;1787;958;6116518;6798280;10616487;118235;11737497
FR;2;2022-05-07;39;94;449;502;388;6116557;6798374;10616936;118737;11737885
FR;2;2022-05-08;41;45;98;70;87;6116598;6798419;10617034;118807;11737972
FR;2;2022-05-09;95;159;590;850;543;6116693;6798578;10617624;119657;11738515
FR;2;2022-05-10;108;221;826;1687;777;6116801;6798799;10618450;121344;11739292
FR;2;2022-05-11;94;153;740;1646;706;6116895;6798952;10619190;122990;11739998
FR;2;2022-05-12;100;157;770;1742;727;6116995;6799109;10619960;124732;11740725
FR;2;2022-05-13;87;211;886;1767;821;6117082;6799320;10620846;126499;11741546
FR;2;2022-05-14;70;101;402;515;363;6117152;6799421;10621248;127014;11741909
FR;2;2022-05-15;16;29;67;78;81;6117168;6799450;10621315;127092;11741990
FR;3;2020-12-27;0;0;0;0;0;0;0;0;0;0
FR;3;2020-12-28;0;0;0;0;0;0;0;0;0;0
FR;3;2020-12-29;0;0;0;0;0;0;0;0;0;0
FR;3;2020-12-30;0;0;0;0;0;0;0;0;0;0
FR;3;2020-12-31;0;0;0;0;0;0;0;0;0;0
FR;3;2021-01-01;0;0;0;0;0;0;0;0;0;0
FR;3;2021-01-02;0;0;0;0;0;0;0;0;0;0
FR;3;2021-01-03;0;0;0;0;0;0;0;0;0;0
FR;3;2021-01-04;0;0;0;0;0;0;0;0;0;0
FR;3;2021-01-05;0;0;0;0;0;0;0;0;0;0
FR;3;2021-01-06;0;0;0;0;0;0;0;0;0;0
FR;3;2021-01-07;0;0;0;0;0;0;0;0;0;0
FR;3;2021-01-08;0;0;0;0;0;0;0;0;0;0
FR;3;2021-01-09;0;0;0;0;0;0;0;0;0;0
FR;3;2021-01-10;0;0;0;0;0;0;0;0;0;0
FR;3;2021-01-11;0;0;0;0;0;0;0;0;0;0
FR;3;2021-01-12;0;0;0;0;0;0;0;0;0;0
FR;3;2021-01-13;0;0;0;0;0;0;0;0;0;0
FR;3;2021-01-14;0;0;0;0;0;0;0;0;0;0
FR;3;2021-01-15;0;0;0;0;0;0;0;0;0;0
FR;3;2021-01-16;0;0;0;0;0;0;0;0;0;0
FR;3;2021-01-17;0;0;0;0;0;0;0;0;0;0
FR;3;2021-01-18;0;0;0;0;0;0;0;0;0;0
FR;3;2021-01-19;0;0;0;0;0;0;0;0;0;0
FR;3;2021-01-20;0;0;0;0;0;0;0;0;0;0
FR;3;2021-01-21;0;0;0;0;0;0;0;0;0;0
FR;3;2021-01-22;0;0;0;0;0;0;0;0;0;0
FR;3;2021-01-23;0;0;0;0;0;0;0;0;0;0
FR;3;2021-01-24;0;0;0;0;0;0;0;0;0;0
FR;3;2021-01-25;0;0;0;0;0;0;0;0;0;0
FR;3;2021-01-26;0;0;0;0;0;0;0;0;0;0
FR;3;2021-01-27;0;0;0;0;0;0;0;0;0;0
FR;3;2021-01-28;0;0;0;0;0;0;0;0;0;0
FR;3;2021-01-29;0;0;0;0;0;0;0;0;0;0
FR;3;2021-01-30;0;0;0;0;0;0;0;0;0;0
FR;3;2021-01-31;0;0;0;0;0;0;0;0;0;0
FR;3;2021-02-01;0;0;0;0;0;0;0;0;0;0
FR;3;2021-02-02;0;0;0;0;0;0;0;0;0;0
FR;3;2021-02-03;0;0;0;0;0;0;0;0;0;0
FR;3;2021-02-04;0;0;0;0;0;0;0;0;0;0
FR;3;2021-02-05;0;0;0;0;0;0;0;0;0;0
FR;3;2021-02-06;1675;0;0;0;0;1675;0;0;0;0
FR;3;2021-02-07;1422;0;0;0;0;3097;0;0;0;0
FR;3;2021-02-08;2782;1;0;0;0;5879;1;0;0;0
FR;3;2021-02-09;6782;0;0;0;0;12661;1;0;0;0
FR;3;2021-02-10;9603;0;0;0;0;22264;1;0;0;0
FR;3;2021-02-11;13609;0;0;0;0;35873;1;0;0;0
FR;3;2021-02-12;13397;0;0;0;0;49270;1;0;0;0
FR;3;2021-02-13;3782;1;0;0;0;53052;2;0;0;0
FR;3;2021-02-14;972;0;0;0;0;54024;2;0;0;0
FR;3;2021-02-15;10482;0;0;0;0;64506;2;0;0;0
FR;3;2021-02-16;12542;1;0;0;0;77048;3;0;0;0
FR;3;2021-02-17;11150;0;0;0;0;88198;3;0;0;0
FR;3;2021-02-18;14933;2;0;0;0;103131;5;0;0;0
FR;3;2021-02-19;14359;1;0;0;0;117490;6;0;0;0
FR;3;2021-02-20;3329;0;0;0;0;120819;6;0;0;0
FR;3;2021-02-21;618;0;0;0;0;121437;6;0;0;0
FR;3;2021-02-22;9161;0;0;0;0;130598;6;0;0;0
FR;3;2021-02-23;11394;1;0;0;0;141992;7;0;0;0
FR;3;2021-02-24;14298;0;0;0;0;156290;7;0;0;0
FR;3;2021-02-25;44928;1;0;0;0;201218;8;0;0;0
FR;3;2021-02-26;61883;3;0;0;0;263101;11;0;0;0
FR;3;2021-02-27;34801;5;0;0;0;297902;16;0;0;0
FR;3;2021-02-28;2463;0;0;0;0;300365;16;0;0;0
FR;3;2021-03-01;20511;10;0;0;0;320876;26;0;0;0
FR;3;2021-03-02;38861;18;0;0;0;359737;44;0;0;0
FR;3;2021-03-03;48729;16;0;0;0;408466;60;0;0;0
FR;3;2021-03-04;82216;20;0;0;0;490682;80;0;0;0
FR;3;2021-03-05;118122;39;0;0;0;608804;119;0;0;0
FR;3;2021-03-06;120708;52;1;0;0;729512;171;1;0;0
FR;3;2021-03-07;55177;27;0;0;0;784689;198;1;0;0
FR;3;2021-03-08;42806;24;0;0;0;827495;222;1;0;0
FR;3;2021-03-09;78966;41;0;0;0;906461;263;1;0;0
FR;3;2021-03-10;80963;46;0;0;0;987424;309;1;0;0
FR;3;2021-03-11;128418;53;0;0;0;1115842;362;1;0;0
FR;3;2021-03-12;182719;89;0;0;0;1298561;451;1;0;0
FR;3;2021-03-13;132144;62;0;0;0;1430705;513;1;0;0
FR;3;2021-03-14;14054;4;0;0;0;1444759;517;1;0;0
FR;3;2021-03-15;52223;43;0;0;0;1496982;560;1;0;0
FR;3;2021-03-16;1209;24;0;0;0;1498191;584;1;0;0
FR;3;2021-03-17;942;29;0;0;0;1499133;613;1;0;0
FR;3;2021-03-18;1564;11;0;0;0;1500697;624;1;0;0
FR;3;2021-03-19;70446;49;0;0;0;1571143;673;1;0;0
FR;3;2021-03-20;65226;43;0;0;0;1636369;716;1;0;0
FR;3;2021-03-21;5755;5;0;0;0;1642124;721;1;0;0
FR;3;2021-03-22;37495;37;0;0;0;1679619;758;1;0;0
FR;3;2021-03-23;84650;61;0;0;0;1764269;819;1;0;0
FR;3;2021-03-24;90934;92;0;0;0;1855203;911;1;0;0
FR;3;2021-03-25;150041;125;0;0;0;2005244;1036;1;0;0
FR;3;2021-03-26;165413;152;0;0;0;2170657;1188;1;0;0
FR;3;2021-03-27;68456;99;0;0;0;2239113;1287;1;0;0
FR;3;2021-03-28;6469;19;0;0;0;2245582;1306;1;0;0
FR;3;2021-03-29;54158;74;0;0;0;2299740;1380;1;0;0
FR;3;2021-03-30;93159;99;0;0;0;2392899;1479;1;0;0
FR;3;2021-03-31;63521;91;0;0;0;2456420;1570;1;0;0
FR;3;2021-04-01;86120;103;0;0;0;2542540;1673;1;0;0
FR;3;2021-04-02;86889;150;0;0;0;2629429;1823;1;0;0
FR;3;2021-04-03;35871;115;0;0;0;2665300;1938;1;0;0
FR;3;2021-04-04;3570;18;0;0;0;2668870;1956;1;0;0
FR;3;2021-04-05;4486;28;0;0;0;2673356;1984;1;0;0
FR;3;2021-04-06;29741;81;0;0;0;2703097;2065;1;0;0
FR;3;2021-04-07;32334;79;0;0;0;2735431;2144;1;0;0
FR;3;2021-04-08;78810;242;0;0;0;2814241;2386;1;0;0
FR;3;2021-04-09;161745;413;0;0;0;2975986;2799;1;0;0
FR;3;2021-04-10;75753;330;0;0;0;3051739;3129;1;0;0
FR;3;2021-04-11;7308;45;0;0;0;3059047;3174;1;0;0
FR;3;2021-04-12;51465;205;0;0;0;3110512;3379;1;0;0
FR;3;2021-04-13;86218;317;0;0;0;3196730;3696;1;0;0
FR;3;2021-04-14;67833;342;0;0;0;3264563;4038;1;0;0
FR;3;2021-04-15;93219;369;0;0;0;3357782;4407;1;0;0
FR;3;2021-04-16;112515;575;0;0;0;3470297;4982;1;0;0
FR;3;2021-04-17;53311;324;1;0;0;3523608;5306;2;0;0
FR;3;2021-04-18;9741;35;0;0;0;3533349;5341;2;0;0
FR;3;2021-04-19;25101;235;0;0;0;3558450;5576;2;0;0
FR;3;2021-04-20;45669;395;0;0;0;3604119;5971;2;0;0
FR;3;2021-04-21;38966;466;0;0;0;3643085;6437;2;0;0
FR;3;2021-04-22;54701;783;0;0;0;3697786;7220;2;0;0
FR;3;2021-04-23;70479;1019;0;0;0;3768265;8239;2;0;0
FR;3;2021-04-24;37240;989;0;0;0;3805505;9228;2;0;0
FR;3;2021-04-25;6204;153;0;0;0;3811709;9381;2;0;0
FR;3;2021-04-26;19781;652;0;0;0;3831490;10033;2;0;0
FR;3;2021-04-27;34469;1258;0;0;0;3865959;11291;2;0;0
FR;3;2021-04-28;28962;1940;0;0;0;3894921;13231;2;0;0
FR;3;2021-04-29;45376;5955;0;0;0;3940297;19186;2;0;0
FR;3;2021-04-30;55451;8933;1;0;0;3995748;28119;3;0;0
FR;3;2021-05-01;9510;1972;0;0;0;4005258;30091;3;0;0
FR;3;2021-05-02;3070;488;0;0;0;4008328;30579;3;0;0
FR;3;2021-05-03;13057;3883;0;0;0;4021385;34462;3;0;0
FR;3;2021-05-04;23109;8408;0;0;0;4044494;42870;3;0;0
FR;3;2021-05-05;18752;10606;0;0;0;4063246;53476;3;0;0
FR;3;2021-05-06;34618;20890;0;0;0;4097864;74366;3;0;0
FR;3;2021-05-07;44201;28429;0;0;0;4142065;102795;3;0;0
FR;3;2021-05-08;6784;8899;0;0;0;4148849;111694;3;0;0
FR;3;2021-05-09;1792;2653;0;0;0;4150641;114347;3;0;0
FR;3;2021-05-10;14989;12586;0;0;0;4165630;126933;3;0;0
FR;3;2021-05-11;27092;25761;0;0;0;4192722;152694;3;0;0
FR;3;2021-05-12;17266;27482;0;0;0;4209988;180176;3;0;0
FR;3;2021-05-13;2277;3474;0;0;0;4212265;183650;3;0;0
FR;3;2021-05-14;14513;25740;0;0;0;4226778;209390;3;0;0
FR;3;2021-05-15;7230;20778;0;0;0;4234008;230168;3;0;0
FR;3;2021-05-16;975;2673;0;0;0;4234983;232841;3;0;0
FR;3;2021-05-17;7960;19931;0;0;0;4242943;252772;3;0;0
FR;3;2021-05-18;13409;29644;0;0;0;4256352;282416;3;0;0
FR;3;2021-05-19;9262;31623;0;0;0;4265614;314039;3;0;0
FR;3;2021-05-20;12802;53206;3;0;0;4278416;367245;6;0;0
FR;3;2021-05-21;12759;65515;2;0;0;4291175;432760;8;0;0
FR;3;2021-05-22;4960;33294;1;0;0;4296135;466054;9;0;0
FR;3;2021-05-23;649;2671;0;0;0;4296784;468725;9;0;0
FR;3;2021-05-24;879;4918;0;0;0;4297663;473643;9;0;0
FR;3;2021-05-25;5296;45218;1;0;0;4302959;518861;10;0;0
FR;3;2021-05-26;4968;51079;1;0;0;4307927;569940;11;0;0
FR;3;2021-05-27;6324;77848;3;0;0;4314251;647788;14;0;0
FR;3;2021-05-28;7539;99080;2;0;0;4321790;746868;16;0;0
FR;3;2021-05-29;3344;60298;1;0;0;4325134;807166;17;0;0
FR;3;2021-05-30;545;8224;0;0;0;4325679;815390;17;0;0
FR;3;2021-05-31;2434;35906;3;0;0;4328113;851296;20;0;0
FR;3;2021-06-01;3399;64757;10;0;0;4331512;916053;30;0;0
FR;3;2021-06-02;2726;58316;6;0;0;4334238;974369;36;0;0
FR;3;2021-06-03;3490;87501;10;0;0;4337728;1061870;46;0;0
FR;3;2021-06-04;4110;105087;22;0;0;4341838;1166957;68;0;0
FR;3;2021-06-05;1978;52227;4;0;0;4343816;1219184;72;0;0
FR;3;2021-06-06;505;5390;1;0;0;4344321;1224574;73;0;0
FR;3;2021-06-07;1467;31099;11;0;0;4345788;1255673;84;0;0
FR;3;2021-06-08;2047;47229;18;0;0;4347835;1302902;102;0;0
FR;3;2021-06-09;1787;42324;13;0;0;4349622;1345226;115;0;0
FR;3;2021-06-10;2242;67892;17;0;0;4351864;1413118;132;0;0
FR;3;2021-06-11;2471;96697;34;0;0;4354335;1509815;166;0;0
FR;3;2021-06-12;1174;40829;6;0;0;4355509;1550644;172;0;0
FR;3;2021-06-13;278;3798;3;0;0;4355787;1554442;175;0;0
FR;3;2021-06-14;1038;42613;17;0;0;4356825;1597055;192;0;0
FR;3;2021-06-15;1363;80620;20;0;0;4358188;1677675;212;0;0
FR;3;2021-06-16;1255;65701;19;0;0;4359443;1743376;231;0;0
FR;3;2021-06-17;1658;101805;41;0;0;4361101;1845181;272;0;0
FR;3;2021-06-18;1868;117913;61;0;0;4362969;1963094;333;0;0
FR;3;2021-06-19;800;39386;22;0;0;4363769;2002480;355;0;0
FR;3;2021-06-20;158;3375;0;0;0;4363927;2005855;355;0;0
FR;3;2021-06-21;768;39242;16;0;0;4364695;2045097;371;0;0
FR;3;2021-06-22;1060;69954;52;0;0;4365755;2115051;423;0;0
FR;3;2021-06-23;942;50825;39;0;0;4366697;2165876;462;0;0
FR;3;2021-06-24;1304;77144;48;0;0;4368001;2243020;510;0;0
FR;3;2021-06-25;1399;89960;73;0;0;4369400;2332980;583;0;0
FR;3;2021-06-26;625;33119;29;0;0;4370025;2366099;612;0;0
FR;3;2021-06-27;165;3992;1;0;0;4370190;2370091;613;0;0
FR;3;2021-06-28;647;30403;27;0;0;4370837;2400494;640;0;0
FR;3;2021-06-29;852;56168;95;0;0;4371689;2456662;735;0;0
FR;3;2021-06-30;900;45073;93;0;0;4372589;2501735;828;0;0
FR;3;2021-07-01;1160;65676;108;0;0;4373749;2567411;936;0;0
FR;3;2021-07-02;1299;90366;170;0;0;4375048;2657777;1106;0;0
FR;3;2021-07-03;600;31182;52;0;0;4375648;2688959;1158;0;0
FR;3;2021-07-04;141;4261;3;0;0;4375789;2693220;1161;0;0
FR;3;2021-07-05;608;33902;60;0;0;4376397;2727122;1221;0;0
FR;3;2021-07-06;956;56054;88;0;0;4377353;2783176;1309;0;0
FR;3;2021-07-07;869;43035;79;0;0;4378222;2826211;1388;0;0
FR;3;2021-07-08;1123;60718;99;0;0;4379345;2886929;1487;0;0
FR;3;2021-07-09;1258;68809;128;0;0;4380603;2955738;1615;0;0
FR;3;2021-07-10;640;25051;59;0;0;4381243;2980789;1674;0;0
FR;3;2021-07-11;127;3289;4;0;0;4381370;2984078;1678;0;0
FR;3;2021-07-12;659;23880;59;0;0;4382029;3007958;1737;0;0
FR;3;2021-07-13;1645;34727;90;0;0;4383674;3042685;1827;0;0
FR;3;2021-07-14;261;2630;2;0;0;4383935;3045315;1829;0;0
FR;3;2021-07-15;1932;30665;85;0;0;4385867;3075980;1914;0;0
FR;3;2021-07-16;2520;38862;122;0;0;4388387;3114842;2036;0;0
FR;3;2021-07-17;1046;13750;26;0;0;4389433;3128592;2062;0;0
FR;3;2021-07-18;262;2608;3;0;0;4389695;3131200;2065;0;0
FR;3;2021-07-19;1273;17200;37;0;0;4390968;3148400;2102;0;0
FR;3;2021-07-20;1823;27135;98;0;0;4392791;3175535;2200;0;0
FR;3;2021-07-21;1647;19709;44;0;0;4394438;3195244;2244;0;0
FR;3;2021-07-22;1848;27747;82;0;0;4396286;3222991;2326;0;0
FR;3;2021-07-23;2212;30445;117;0;0;4398498;3253436;2443;0;0
FR;3;2021-07-24;822;7008;25;0;0;4399320;3260444;2468;0;0
FR;3;2021-07-25;210;1342;1;0;0;4399530;3261786;2469;0;0
FR;3;2021-07-26;921;10708;28;0;0;4400451;3272494;2497;0;0
FR;3;2021-07-27;1165;16945;56;0;0;4401616;3289439;2553;0;0
FR;3;2021-07-28;988;12103;40;0;0;4402604;3301542;2593;0;0
FR;3;2021-07-29;1126;15845;63;0;0;4403730;3317387;2656;0;0
FR;3;2021-07-30;1125;18096;79;0;0;4404855;3335483;2735;0;0
FR;3;2021-07-31;406;3747;15;0;0;4405261;3339230;2750;0;0
FR;3;2021-08-01;113;485;1;0;0;4405374;3339715;2751;0;0
FR;3;2021-08-02;418;5155;22;0;0;4405792;3344870;2773;0;0
FR;3;2021-08-03;487;7589;27;0;0;4406279;3352459;2800;0;0
FR;3;2021-08-04;435;4886;26;0;0;4406714;3357345;2826;0;0
FR;3;2021-08-05;428;3740;12;0;0;4407142;3361085;2838;0;0
FR;3;2021-08-06;452;4793;30;0;0;4407594;3365878;2868;0;0
FR;3;2021-08-07;214;1925;11;0;0;4407808;3367803;2879;0;0
FR;3;2021-08-08;246;431;2;0;0;4408054;3368234;2881;0;0
FR;3;2021-08-09;313;2508;11;0;0;4408367;3370742;2892;0;0
FR;3;2021-08-10;362;3882;15;0;0;4408729;3374624;2907;0;0
FR;3;2021-08-11;285;2722;15;0;0;4409014;3377346;2922;0;0
FR;3;2021-08-12;276;2632;12;0;0;4409290;3379978;2934;0;0
FR;3;2021-08-13;277;2267;16;0;0;4409567;3382245;2950;0;0
FR;3;2021-08-14;169;917;1;0;0;4409736;3383162;2951;0;0
FR;3;2021-08-15;55;169;0;0;0;4409791;3383331;2951;0;0
FR;3;2021-08-16;123;1089;8;0;0;4409914;3384420;2959;0;0
FR;3;2021-08-17;186;1504;8;0;0;4410100;3385924;2967;0;0
FR;3;2021-08-18;199;1372;10;0;0;4410299;3387296;2977;0;0
FR;3;2021-08-19;165;1420;10;0;0;4410464;3388716;2987;0;0
FR;3;2021-08-20;166;1633;16;0;0;4410630;3390349;3003;0;0
FR;3;2021-08-21;93;587;2;0;0;4410723;3390936;3005;0;0
FR;3;2021-08-22;39;188;1;0;0;4410762;3391124;3006;0;0
FR;3;2021-08-23;140;929;7;0;0;4410902;3392053;3013;0;0
FR;3;2021-08-24;123;967;10;0;0;4411025;3393020;3023;0;0
FR;3;2021-08-25;136;842;2;0;0;4411161;3393862;3025;0;0
FR;3;2021-08-26;170;871;9;0;0;4411331;3394733;3034;0;0
FR;3;2021-08-27;172;965;9;0;0;4411503;3395698;3043;0;0
FR;3;2021-08-28;98;373;4;0;0;4411601;3396071;3047;0;0
FR;3;2021-08-29;126;133;1;0;0;4411727;3396204;3048;0;0
FR;3;2021-08-30;97;598;0;0;135;4411824;3396802;3048;0;135
FR;3;2021-08-31;127;715;7;0;154;4411951;3397517;3055;0;289
FR;3;2021-09-01;113;482;5;0;126;4412064;3397999;3060;0;415
FR;3;2021-09-02;99;634;22;0;121;4412163;3398633;3082;0;536
FR;3;2021-09-03;115;587;17;0;128;4412278;3399220;3099;0;664
FR;3;2021-09-04;51;298;3;0;58;4412329;3399518;3102;0;722
FR;3;2021-09-05;51;67;5;0;28;4412380;3399585;3107;0;750
FR;3;2021-09-06;113;394;4;0;143;4412493;3399979;3111;0;893
FR;3;2021-09-07;122;477;14;0;130;4412615;3400456;3125;0;1023
FR;3;2021-09-08;115;372;2;0;103;4412730;3400828;3127;0;1126
FR;3;2021-09-09;91;398;8;0;114;4412821;3401226;3135;0;1240
FR;3;2021-09-10;100;423;3;0;104;4412921;3401649;3138;0;1344
FR;3;2021-09-11;74;239;4;0;66;4412995;3401888;3142;0;1410
FR;3;2021-09-12;36;48;1;0;17;4413031;3401936;3143;0;1427
FR;3;2021-09-13;69;325;7;0;111;4413100;3402261;3150;0;1538
FR;3;2021-09-14;70;294;6;0;108;4413170;3402555;3156;0;1646
FR;3;2021-09-15;59;266;3;0;6;4413229;3402821;3159;0;1652
FR;3;2021-09-16;59;343;5;0;5;4413288;3403164;3164;0;1657
FR;3;2021-09-17;50;351;3;0;7;4413338;3403515;3167;0;1664
FR;3;2021-09-18;36;173;1;0;1;4413374;3403688;3168;0;1665
FR;3;2021-09-19;27;32;2;0;1;4413401;3403720;3170;0;1666
FR;3;2021-09-20;79;213;0;0;1;4413480;3403933;3170;0;1667
FR;3;2021-09-21;58;288;6;0;7;4413538;3404221;3176;0;1674
FR;3;2021-09-22;63;230;6;0;7;4413601;3404451;3182;0;1681
FR;3;2021-09-23;34;275;11;0;7;4413635;3404726;3193;0;1688
FR;3;2021-09-24;24;323;12;0;19;4413659;3405049;3205;0;1707
FR;3;2021-09-25;29;153;3;0;3;4413688;3405202;3208;0;1710
FR;3;2021-09-26;15;55;1;0;1;4413703;3405257;3209;0;1711
FR;3;2021-09-27;39;290;3;0;5;4413742;3405547;3212;0;1716
FR;3;2021-09-28;49;255;6;0;10;4413791;3405802;3218;0;1726
FR;3;2021-09-29;34;222;10;0;13;4413825;3406024;3228;0;1739
FR;3;2021-09-30;38;199;8;0;10;4413863;3406223;3236;0;1749
FR;3;2021-10-01;17;170;5;0;6;4413880;3406393;3241;0;1755
FR;3;2021-10-02;14;91;0;0;0;4413894;3406484;3241;0;1755
FR;3;2021-10-03;18;20;1;0;2;4413912;3406504;3242;0;1757
FR;3;2021-10-04;30;162;4;0;4;4413942;3406666;3246;0;1761
FR;3;2021-10-05;16;155;10;0;13;4413958;3406821;3256;0;1774
FR;3;2021-10-06;30;158;7;0;8;4413988;3406979;3263;0;1782
FR;3;2021-10-07;17;143;6;0;6;4414005;3407122;3269;0;1788
FR;3;2021-10-08;22;144;10;0;9;4414027;3407266;3279;0;1797
FR;3;2021-10-09;12;73;1;0;1;4414039;3407339;3280;0;1798
FR;3;2021-10-10;11;16;2;0;2;4414050;3407355;3282;0;1800
FR;3;2021-10-11;14;124;4;0;5;4414064;3407479;3286;0;1805
FR;3;2021-10-12;17;116;4;0;4;4414081;3407595;3290;0;1809
FR;3;2021-10-13;23;120;7;0;5;4414104;3407715;3297;0;1814
FR;3;2021-10-14;16;161;3;0;4;4414120;3407876;3300;0;1818
FR;3;2021-10-15;21;156;8;0;11;4414141;3408032;3308;0;1829
FR;3;2021-10-16;11;80;6;0;8;4414152;3408112;3314;0;1837
FR;3;2021-10-17;9;24;0;0;0;4414161;3408136;3314;0;1837
FR;3;2021-10-18;17;128;2;0;1;4414178;3408264;3316;0;1838
FR;3;2021-10-19;16;127;19;0;21;4414194;3408391;3335;0;1859
FR;3;2021-10-20;20;132;5;0;6;4414214;3408523;3340;0;1865
FR;3;2021-10-21;23;138;17;0;13;4414237;3408661;3357;0;1878
FR;3;2021-10-22;18;129;16;0;20;4414255;3408790;3373;0;1898
FR;3;2021-10-23;12;58;2;0;1;4414267;3408848;3375;0;1899
FR;3;2021-10-24;7;31;0;0;0;4414274;3408879;3375;0;1899
FR;3;2021-10-25;22;150;7;0;7;4414296;3409029;3382;0;1906
FR;3;2021-10-26;18;115;22;0;19;4414314;3409144;3404;0;1925
FR;3;2021-10-27;15;119;9;0;9;4414329;3409263;3413;0;1934
FR;3;2021-10-28;20;126;33;0;36;4414349;3409389;3446;0;1970
FR;3;2021-10-29;10;124;64;0;54;4414359;3409513;3510;0;2024
FR;3;2021-10-30;8;68;11;1;10;4414367;3409581;3521;1;2034
FR;3;2021-10-31;5;22;1;0;1;4414372;3409603;3522;1;2035
FR;3;2021-11-01;6;22;2;0;1;4414378;3409625;3524;1;2036
FR;3;2021-11-02;9;108;8;0;10;4414387;3409733;3532;1;2046
FR;3;2021-11-03;19;119;10;0;10;4414406;3409852;3542;1;2056
FR;3;2021-11-04;18;99;4;0;3;4414424;3409951;3546;1;2059
FR;3;2021-11-05;17;144;8;1;5;4414441;3410095;3554;2;2064
FR;3;2021-11-06;6;67;3;0;3;4414447;3410162;3557;2;2067
FR;3;2021-11-07;6;21;1;0;1;4414453;3410183;3558;2;2068
FR;3;2021-11-08;11;142;7;0;5;4414464;3410325;3565;2;2073
FR;3;2021-11-09;10;151;5;0;5;4414474;3410476;3570;2;2078
FR;3;2021-11-10;11;186;13;0;15;4414485;3410662;3583;2;2093
FR;3;2021-11-11;8;53;3;0;3;4414493;3410715;3586;2;2096
FR;3;2021-11-12;10;159;6;0;4;4414503;3410874;3592;2;2100
FR;3;2021-11-13;5;79;8;0;10;4414508;3410953;3600;2;2110
FR;3;2021-11-14;2;20;0;0;0;4414510;3410973;3600;2;2110
FR;3;2021-11-15;4;194;9;0;9;4414514;3411167;3609;2;2119
FR;3;2021-11-16;2;168;11;0;10;4414516;3411335;3620;2;2129
FR;3;2021-11-17;5;181;10;0;7;4414521;3411516;3630;2;2136
FR;3;2021-11-18;11;179;10;0;11;4414532;3411695;3640;2;2147
FR;3;2021-11-19;6;231;22;0;27;4414538;3411926;3662;2;2174
FR;3;2021-11-20;6;117;5;0;5;4414544;3412043;3667;2;2179
FR;3;2021-11-21;3;26;3;0;3;4414547;3412069;3670;2;2182
FR;3;2021-11-22;10;238;10;0;10;4414557;3412307;3680;2;2192
FR;3;2021-11-23;6;234;15;0;14;4414563;3412541;3695;2;2206
FR;3;2021-11-24;5;244;9;0;17;4414568;3412785;3704;2;2223
FR;3;2021-11-25;9;286;11;0;10;4414577;3413071;3715;2;2233
FR;3;2021-11-26;5;369;34;0;31;4414582;3413440;3749;2;2264
FR;3;2021-11-27;8;175;19;0;20;4414590;3413615;3768;2;2284
FR;3;2021-11-28;3;65;7;0;7;4414593;3413680;3775;2;2291
FR;3;2021-11-29;4;327;19;0;20;4414597;3414007;3794;2;2311
FR;3;2021-11-30;5;418;26;0;29;4414602;3414425;3820;2;2340
FR;3;2021-12-01;18;469;32;0;33;4414620;3414894;3852;2;2373
FR;3;2021-12-02;9;497;33;0;36;4414629;3415391;3885;2;2409
FR;3;2021-12-03;3;568;37;0;38;4414632;3415959;3922;2;2447
FR;3;2021-12-04;3;282;26;0;28;4414635;3416241;3948;2;2475
FR;3;2021-12-05;1;82;5;0;5;4414636;3416323;3953;2;2480
FR;3;2021-12-06;5;510;14;0;16;4414641;3416833;3967;2;2496
FR;3;2021-12-07;4;610;20;0;24;4414645;3417443;3987;2;2520
FR;3;2021-12-08;3;538;29;0;30;4414648;3417981;4016;2;2550
FR;3;2021-12-09;3;589;17;0;22;4414651;3418570;4033;2;2572
FR;3;2021-12-10;9;632;29;0;25;4414660;3419202;4062;2;2597
FR;3;2021-12-11;4;388;10;0;9;4414664;3419590;4072;2;2606
FR;3;2021-12-12;1;121;3;0;3;4414665;3419711;4075;2;2609
FR;3;2021-12-13;2;599;19;0;21;4414667;3420310;4094;2;2630
FR;3;2021-12-14;7;757;18;0;21;4414674;3421067;4112;2;2651
FR;3;2021-12-15;9;723;17;0;21;4414683;3421790;4129;2;2672
FR;3;2021-12-16;9;732;19;0;18;4414692;3422522;4148;2;2690
FR;3;2021-12-17;4;796;18;0;19;4414696;3423318;4166;2;2709
FR;3;2021-12-18;4;413;4;0;5;4414700;3423731;4170;2;2714
FR;3;2021-12-19;3;206;2;0;2;4414703;3423937;4172;2;2716
FR;3;2021-12-20;8;719;23;0;28;4414711;3424656;4195;2;2744
FR;3;2021-12-21;3;810;10;0;13;4414714;3425466;4205;2;2757
FR;3;2021-12-22;6;756;9;0;10;4414720;3426222;4214;2;2767
FR;3;2021-12-23;1;651;9;0;8;4414721;3426873;4223;2;2775
FR;3;2021-12-24;2;272;3;0;6;4414723;3427145;4226;2;2781
FR;3;2021-12-25;0;25;0;0;0;4414723;3427170;4226;2;2781
FR;3;2021-12-26;0;95;1;0;1;4414723;3427265;4227;2;2782
FR;3;2021-12-27;7;543;17;0;19;4414730;3427808;4244;2;2801
FR;3;2021-12-28;1;690;6;0;5;4414731;3428498;4250;2;2806
FR;3;2021-12-29;4;574;14;0;16;4414735;3429072;4264;2;2822
FR;3;2021-12-30;1;600;7;0;10;4414736;3429672;4271;2;2832
FR;3;2021-12-31;0;205;5;0;6;4414736;3429877;4276;2;2838
FR;3;2022-01-01;0;27;0;0;2;4414736;3429904;4276;2;2840
FR;3;2022-01-02;0;82;0;0;0;4414736;3429986;4276;2;2840
FR;3;2022-01-03;3;564;17;0;20;4414739;3430550;4293;2;2860
FR;3;2022-01-04;6;623;9;0;8;4414745;3431173;4302;2;2868
FR;3;2022-01-05;4;553;10;0;14;4414749;3431726;4312;2;2882
FR;3;2022-01-06;5;548;9;0;12;4414754;3432274;4321;2;2894
FR;3;2022-01-07;2;576;11;0;14;4414756;3432850;4332;2;2908
FR;3;2022-01-08;2;285;4;0;5;4414758;3433135;4336;2;2913
FR;3;2022-01-09;0;118;0;0;0;4414758;3433253;4336;2;2913
FR;3;2022-01-10;2;479;12;0;12;4414760;3433732;4348;2;2925
FR;3;2022-01-11;2;531;1;0;1;4414762;3434263;4349;2;2926
FR;3;2022-01-12;2;445;9;0;10;4414764;3434708;4358;2;2936
FR;3;2022-01-13;3;424;11;0;12;4414767;3435132;4369;2;2948
FR;3;2022-01-14;3;474;10;0;12;4414770;3435606;4379;2;2960
FR;3;2022-01-15;0;298;2;0;3;4414770;3435904;4381;2;2963
FR;3;2022-01-16;0;116;1;0;1;4414770;3436020;4382;2;2964
FR;3;2022-01-17;2;350;8;0;10;4414772;3436370;4390;2;2974
FR;3;2022-01-18;2;413;1;0;2;4414774;3436783;4391;2;2976
FR;3;2022-01-19;1;349;5;0;10;4414775;3437132;4396;2;2986
FR;3;2022-01-20;1;379;5;0;3;4414776;3437511;4401;2;2989
FR;3;2022-01-21;3;374;5;0;8;4414779;3437885;4406;2;2997
FR;3;2022-01-22;2;232;1;0;2;4414781;3438117;4407;2;2999
FR;3;2022-01-23;0;82;0;0;1;4414781;3438199;4407;2;3000
FR;3;2022-01-24;2;349;1;0;6;4414783;3438548;4408;2;3006
FR;3;2022-01-25;0;192;0;0;0;4414783;3438740;4408;2;3006
FR;3;2022-01-26;0;89;0;0;0;4414783;3438829;4408;2;3006
FR;3;2022-01-27;0;59;0;0;0;4414783;3438888;4408;2;3006
FR;3;2022-01-28;0;134;0;0;0;4414783;3439022;4408;2;3006
FR;3;2022-01-29;0;110;0;0;0;4414783;3439132;4408;2;3006
FR;3;2022-01-30;0;51;0;0;0;4414783;3439183;4408;2;3006
FR;3;2022-01-31;0;98;0;0;0;4414783;3439281;4408;2;3006
FR;3;2022-02-01;0;108;0;0;1;4414783;3439389;4408;2;3007
FR;3;2022-02-02;0;96;0;0;0;4414783;3439485;4408;2;3007
FR;3;2022-02-03;0;101;0;0;0;4414783;3439586;4408;2;3007
FR;3;2022-02-04;0;124;0;0;0;4414783;3439710;4408;2;3007
FR;3;2022-02-05;0;73;0;0;0;4414783;3439783;4408;2;3007
FR;3;2022-02-06;0;11;0;0;0;4414783;3439794;4408;2;3007
FR;3;2022-02-07;0;89;0;0;1;4414783;3439883;4408;2;3008
FR;3;2022-02-08;0;0;0;0;0;4414783;3439883;4408;2;3008
FR;3;2022-02-09;0;0;0;0;0;4414783;3439883;4408;2;3008
FR;3;2022-02-10;0;0;0;0;0;4414783;3439883;4408;2;3008
FR;3;2022-02-11;0;0;0;0;0;4414783;3439883;4408;2;3008
FR;3;2022-02-12;0;0;0;0;0;4414783;3439883;4408;2;3008
FR;3;2022-02-13;0;0;0;0;0;4414783;3439883;4408;2;3008
FR;3;2022-02-14;0;0;0;0;0;4414783;3439883;4408;2;3008
FR;3;2022-02-15;0;0;0;0;0;4414783;3439883;4408;2;3008
FR;3;2022-02-16;0;0;0;0;0;4414783;3439883;4408;2;3008
FR;3;2022-02-17;0;0;0;0;0;4414783;3439883;4408;2;3008
FR;3;2022-02-18;0;0;0;0;0;4414783;3439883;4408;2;3008
FR;3;2022-02-19;0;0;0;0;0;4414783;3439883;4408;2;3008
FR;3;2022-02-20;0;0;0;0;0;4414783;3439883;4408;2;3008
FR;3;2022-02-21;2;0;0;0;0;4414785;3439883;4408;2;3008
FR;3;2022-02-22;0;0;0;0;0;4414785;3439883;4408;2;3008
FR;3;2022-02-23;0;0;0;0;0;4414785;3439883;4408;2;3008
FR;3;2022-02-24;0;0;0;0;0;4414785;3439883;4408;2;3008
FR;3;2022-02-25;0;0;0;0;0;4414785;3439883;4408;2;3008
FR;3;2022-02-26;0;0;0;0;0;4414785;3439883;4408;2;3008
FR;3;2022-02-27;0;0;0;0;0;4414785;3439883;4408;2;3008
FR;3;2022-02-28;1;0;0;0;0;4414786;3439883;4408;2;3008
FR;3;2022-03-01;1;0;0;0;0;4414787;3439883;4408;2;3008
FR;3;2022-03-02;0;0;0;0;0;4414787;3439883;4408;2;3008
FR;3;2022-03-03;0;0;0;0;0;4414787;3439883;4408;2;3008
FR;3;2022-03-04;0;0;0;0;0;4414787;3439883;4408;2;3008
FR;3;2022-03-05;0;0;0;0;0;4414787;3439883;4408;2;3008
FR;3;2022-03-06;1;0;0;0;0;4414788;3439883;4408;2;3008
FR;3;2022-03-07;0;0;0;0;0;4414788;3439883;4408;2;3008
FR;3;2022-03-08;1;0;0;0;0;4414789;3439883;4408;2;3008
FR;3;2022-03-09;0;0;0;0;0;4414789;3439883;4408;2;3008
FR;3;2022-03-10;0;0;0;0;0;4414789;3439883;4408;2;3008
FR;3;2022-03-11;0;0;0;0;0;4414789;3439883;4408;2;3008
FR;3;2022-03-12;0;0;0;0;0;4414789;3439883;4408;2;3008
FR;3;2022-03-13;0;0;0;0;0;4414789;3439883;4408;2;3008
FR;3;2022-03-14;0;0;0;0;0;4414789;3439883;4408;2;3008
FR;3;2022-03-15;0;0;0;0;0;4414789;3439883;4408;2;3008
FR;3;2022-03-16;0;0;0;0;0;4414789;3439883;4408;2;3008
FR;3;2022-03-17;0;0;0;0;0;4414789;3439883;4408;2;3008
FR;3;2022-03-18;0;0;0;0;0;4414789;3439883;4408;2;3008
FR;3;2022-03-19;0;0;0;0;0;4414789;3439883;4408;2;3008
FR;3;2022-03-20;1;0;0;0;0;4414790;3439883;4408;2;3008
FR;3;2022-03-21;0;0;0;0;0;4414790;3439883;4408;2;3008
FR;3;2022-03-22;0;0;0;0;0;4414790;3439883;4408;2;3008
FR;3;2022-03-23;1;0;0;0;0;4414791;3439883;4408;2;3008
FR;3;2022-03-24;0;0;0;0;0;4414791;3439883;4408;2;3008
FR;3;2022-03-25;1;0;0;0;0;4414792;3439883;4408;2;3008
FR;3;2022-03-26;0;0;0;0;0;4414792;3439883;4408;2;3008
FR;3;2022-03-27;0;0;0;0;0;4414792;3439883;4408;2;3008
FR;3;2022-03-28;0;0;0;0;0;4414792;3439883;4408;2;3008
FR;3;2022-03-29;0;0;0;0;0;4414792;3439883;4408;2;3008
FR;3;2022-03-30;0;0;0;0;0;4414792;3439883;4408;2;3008
FR;3;2022-03-31;0;0;0;0;0;4414792;3439883;4408;2;3008
FR;3;2022-04-01;0;0;0;0;0;4414792;3439883;4408;2;3008
FR;3;2022-04-02;0;0;0;0;0;4414792;3439883;4408;2;3008
FR;3;2022-04-03;0;0;0;0;0;4414792;3439883;4408;2;3008
FR;3;2022-04-04;0;0;0;0;0;4414792;3439883;4408;2;3008
FR;3;2022-04-05;0;0;0;0;0;4414792;3439883;4408;2;3008
FR;3;2022-04-06;0;0;0;0;0;4414792;3439883;4408;2;3008
FR;3;2022-04-07;0;0;0;0;0;4414792;3439883;4408;2;3008
FR;3;2022-04-08;0;0;0;0;0;4414792;3439883;4408;2;3008
FR;3;2022-04-09;0;0;0;0;0;4414792;3439883;4408;2;3008
FR;3;2022-04-10;0;0;0;0;0;4414792;3439883;4408;2;3008
FR;3;2022-04-11;0;0;0;0;0;4414792;3439883;4408;2;3008
FR;3;2022-04-12;0;0;0;0;0;4414792;3439883;4408;2;3008
FR;3;2022-04-13;0;0;0;0;0;4414792;3439883;4408;2;3008
FR;3;2022-04-14;0;0;0;0;0;4414792;3439883;4408;2;3008
FR;3;2022-04-15;1;0;0;0;0;4414793;3439883;4408;2;3008
FR;3;2022-04-16;0;0;0;0;0;4414793;3439883;4408;2;3008
FR;3;2022-04-17;0;0;0;0;0;4414793;3439883;4408;2;3008
FR;3;2022-04-18;0;0;0;0;0;4414793;3439883;4408;2;3008
FR;3;2022-04-19;0;0;0;0;0;4414793;3439883;4408;2;3008
FR;3;2022-04-20;0;0;0;0;0;4414793;3439883;4408;2;3008
FR;3;2022-04-21;0;0;0;0;0;4414793;3439883;4408;2;3008
FR;3;2022-04-22;0;0;0;0;0;4414793;3439883;4408;2;3008
FR;3;2022-04-23;0;0;0;0;0;4414793;3439883;4408;2;3008
FR;3;2022-04-24;0;0;0;0;0;4414793;3439883;4408;2;3008
FR;3;2022-04-25;0;0;0;0;0;4414793;3439883;4408;2;3008
FR;3;2022-04-26;0;0;0;0;0;4414793;3439883;4408;2;3008
FR;3;2022-04-27;0;0;0;0;0;4414793;3439883;4408;2;3008
FR;3;2022-04-28;0;0;0;0;0;4414793;3439883;4408;2;3008
FR;3;2022-04-29;0;0;0;0;0;4414793;3439883;4408;2;3008
FR;3;2022-04-30;0;0;0;0;0;4414793;3439883;4408;2;3008
FR;3;2022-05-01;0;0;0;0;0;4414793;3439883;4408;2;3008
FR;3;2022-05-02;0;0;0;0;0;4414793;3439883;4408;2;3008
FR;3;2022-05-03;0;0;0;0;0;4414793;3439883;4408;2;3008
FR;3;2022-05-04;0;0;0;0;0;4414793;3439883;4408;2;3008
FR;3;2022-05-05;0;0;0;0;0;4414793;3439883;4408;2;3008
FR;3;2022-05-06;0;0;0;0;0;4414793;3439883;4408;2;3008
FR;3;2022-05-07;0;0;0;0;0;4414793;3439883;4408;2;3008
FR;3;2022-05-08;0;0;0;0;0;4414793;3439883;4408;2;3008
FR;3;2022-05-09;0;0;0;0;0;4414793;3439883;4408;2;3008
FR;3;2022-05-10;0;0;0;0;0;4414793;3439883;4408;2;3008
FR;3;2022-05-11;0;0;0;0;0;4414793;3439883;4408;2;3008
FR;3;2022-05-12;0;0;0;0;0;4414793;3439883;4408;2;3008
FR;3;2022-05-13;0;0;0;0;0;4414793;3439883;4408;2;3008
FR;3;2022-05-14;1;0;0;0;0;4414794;3439883;4408;2;3008
FR;3;2022-05-15;0;0;0;0;0;4414794;3439883;4408;2;3008
FR;4;2020-12-27;0;0;0;0;0;0;0;0;0;0
FR;4;2020-12-28;0;0;0;0;0;0;0;0;0;0
FR;4;2020-12-29;0;0;0;0;0;0;0;0;0;0
FR;4;2020-12-30;0;0;0;0;0;0;0;0;0;0
FR;4;2020-12-31;0;0;0;0;0;0;0;0;0;0
FR;4;2021-01-01;0;0;0;0;0;0;0;0;0;0
FR;4;2021-01-02;0;0;0;0;0;0;0;0;0;0
FR;4;2021-01-03;0;0;0;0;0;0;0;0;0;0
FR;4;2021-01-04;0;0;0;0;0;0;0;0;0;0
FR;4;2021-01-05;0;0;0;0;0;0;0;0;0;0
FR;4;2021-01-06;0;0;0;0;0;0;0;0;0;0
FR;4;2021-01-07;0;0;0;0;0;0;0;0;0;0
FR;4;2021-01-08;0;0;0;0;0;0;0;0;0;0
FR;4;2021-01-09;0;0;0;0;0;0;0;0;0;0
FR;4;2021-01-10;0;0;0;0;0;0;0;0;0;0
FR;4;2021-01-11;0;0;0;0;0;0;0;0;0;0
FR;4;2021-01-12;0;0;0;0;0;0;0;0;0;0
FR;4;2021-01-13;0;0;0;0;0;0;0;0;0;0
FR;4;2021-01-14;0;0;0;0;0;0;0;0;0;0
FR;4;2021-01-15;0;0;0;0;0;0;0;0;0;0
FR;4;2021-01-16;0;0;0;0;0;0;0;0;0;0
FR;4;2021-01-17;0;0;0;0;0;0;0;0;0;0
FR;4;2021-01-18;0;0;0;0;0;0;0;0;0;0
FR;4;2021-01-19;0;0;0;0;0;0;0;0;0;0
FR;4;2021-01-20;0;0;0;0;0;0;0;0;0;0
FR;4;2021-01-21;0;0;0;0;0;0;0;0;0;0
FR;4;2021-01-22;0;0;0;0;0;0;0;0;0;0
FR;4;2021-01-23;0;0;0;0;0;0;0;0;0;0
FR;4;2021-01-24;0;0;0;0;0;0;0;0;0;0
FR;4;2021-01-25;0;0;0;0;0;0;0;0;0;0
FR;4;2021-01-26;0;0;0;0;0;0;0;0;0;0
FR;4;2021-01-27;0;0;0;0;0;0;0;0;0;0
FR;4;2021-01-28;0;0;0;0;0;0;0;0;0;0
FR;4;2021-01-29;0;0;0;0;0;0;0;0;0;0
FR;4;2021-01-30;0;0;0;0;0;0;0;0;0;0
FR;4;2021-01-31;0;0;0;0;0;0;0;0;0;0
FR;4;2021-02-01;0;0;0;0;0;0;0;0;0;0
FR;4;2021-02-02;0;0;0;0;0;0;0;0;0;0
FR;4;2021-02-03;0;0;0;0;0;0;0;0;0;0
FR;4;2021-02-04;0;0;0;0;0;0;0;0;0;0
FR;4;2021-02-05;0;0;0;0;0;0;0;0;0;0
FR;4;2021-02-06;0;0;0;0;0;0;0;0;0;0
FR;4;2021-02-07;0;0;0;0;0;0;0;0;0;0
FR;4;2021-02-08;0;0;0;0;0;0;0;0;0;0
FR;4;2021-02-09;0;0;0;0;0;0;0;0;0;0
FR;4;2021-02-10;0;0;0;0;0;0;0;0;0;0
FR;4;2021-02-11;0;0;0;0;0;0;0;0;0;0
FR;4;2021-02-12;0;0;0;0;0;0;0;0;0;0
FR;4;2021-02-13;0;0;0;0;0;0;0;0;0;0
FR;4;2021-02-14;0;0;0;0;0;0;0;0;0;0
FR;4;2021-02-15;0;0;0;0;0;0;0;0;0;0
FR;4;2021-02-16;0;0;0;0;0;0;0;0;0;0
FR;4;2021-02-17;0;0;0;0;0;0;0;0;0;0
FR;4;2021-02-18;0;0;0;0;0;0;0;0;0;0
FR;4;2021-02-19;0;0;0;0;0;0;0;0;0;0
FR;4;2021-02-20;0;0;0;0;0;0;0;0;0;0
FR;4;2021-02-21;0;0;0;0;0;0;0;0;0;0
FR;4;2021-02-22;0;0;0;0;0;0;0;0;0;0
FR;4;2021-02-23;0;0;0;0;0;0;0;0;0;0
FR;4;2021-02-24;0;0;0;0;0;0;0;0;0;0
FR;4;2021-02-25;0;0;0;0;0;0;0;0;0;0
FR;4;2021-02-26;0;0;0;0;0;0;0;0;0;0
FR;4;2021-02-27;0;0;0;0;0;0;0;0;0;0
FR;4;2021-02-28;0;0;0;0;0;0;0;0;0;0
FR;4;2021-03-01;0;0;0;0;0;0;0;0;0;0
FR;4;2021-03-02;0;0;0;0;0;0;0;0;0;0
FR;4;2021-03-03;0;0;0;0;0;0;0;0;0;0
FR;4;2021-03-04;0;0;0;0;0;0;0;0;0;0
FR;4;2021-03-05;0;0;0;0;0;0;0;0;0;0
FR;4;2021-03-06;0;0;0;0;0;0;0;0;0;0
FR;4;2021-03-07;0;0;0;0;0;0;0;0;0;0
FR;4;2021-03-08;0;0;0;0;0;0;0;0;0;0
FR;4;2021-03-09;0;0;0;0;0;0;0;0;0;0
FR;4;2021-03-10;0;0;0;0;0;0;0;0;0;0
FR;4;2021-03-11;0;0;0;0;0;0;0;0;0;0
FR;4;2021-03-12;0;0;0;0;0;0;0;0;0;0
FR;4;2021-03-13;0;0;0;0;0;0;0;0;0;0
FR;4;2021-03-14;0;0;0;0;0;0;0;0;0;0
FR;4;2021-03-15;0;0;0;0;0;0;0;0;0;0
FR;4;2021-03-16;0;0;0;0;0;0;0;0;0;0
FR;4;2021-03-17;0;0;0;0;0;0;0;0;0;0
FR;4;2021-03-18;0;0;0;0;0;0;0;0;0;0
FR;4;2021-03-19;0;0;0;0;0;0;0;0;0;0
FR;4;2021-03-20;0;0;0;0;0;0;0;0;0;0
FR;4;2021-03-21;0;0;0;0;0;0;0;0;0;0
FR;4;2021-03-22;0;0;0;0;0;0;0;0;0;0
FR;4;2021-03-23;0;0;0;0;0;0;0;0;0;0
FR;4;2021-03-24;0;0;0;0;0;0;0;0;0;0
FR;4;2021-03-25;0;0;0;0;0;0;0;0;0;0
FR;4;2021-03-26;0;0;0;0;0;0;0;0;0;0
FR;4;2021-03-27;0;0;0;0;0;0;0;0;0;0
FR;4;2021-03-28;0;0;0;0;0;0;0;0;0;0
FR;4;2021-03-29;0;0;0;0;0;0;0;0;0;0
FR;4;2021-03-30;0;0;0;0;0;0;0;0;0;0
FR;4;2021-03-31;0;0;0;0;0;0;0;0;0;0
FR;4;2021-04-01;0;0;0;0;0;0;0;0;0;0
FR;4;2021-04-02;0;0;0;0;0;0;0;0;0;0
FR;4;2021-04-03;0;0;0;0;0;0;0;0;0;0
FR;4;2021-04-04;0;0;0;0;0;0;0;0;0;0
FR;4;2021-04-05;0;0;0;0;0;0;0;0;0;0
FR;4;2021-04-06;0;0;0;0;0;0;0;0;0;0
FR;4;2021-04-07;0;0;0;0;0;0;0;0;0;0
FR;4;2021-04-08;0;0;0;0;0;0;0;0;0;0
FR;4;2021-04-09;0;0;0;0;0;0;0;0;0;0
FR;4;2021-04-10;0;0;0;0;0;0;0;0;0;0
FR;4;2021-04-11;0;0;0;0;0;0;0;0;0;0
FR;4;2021-04-12;0;0;0;0;0;0;0;0;0;0
FR;4;2021-04-13;0;0;0;0;0;0;0;0;0;0
FR;4;2021-04-14;0;0;0;0;0;0;0;0;0;0
FR;4;2021-04-15;0;0;0;0;0;0;0;0;0;0
FR;4;2021-04-16;0;0;0;0;0;0;0;0;0;0
FR;4;2021-04-17;0;0;0;0;0;0;0;0;0;0
FR;4;2021-04-18;0;0;0;0;0;0;0;0;0;0
FR;4;2021-04-19;0;0;0;0;0;0;0;0;0;0
FR;4;2021-04-20;0;0;0;0;0;0;0;0;0;0
FR;4;2021-04-21;0;0;0;0;0;0;0;0;0;0
FR;4;2021-04-22;0;0;0;0;0;0;0;0;0;0
FR;4;2021-04-23;4023;0;0;0;0;4023;0;0;0;0
FR;4;2021-04-24;1569;0;0;0;0;5592;0;0;0;0
FR;4;2021-04-25;125;0;0;0;0;5717;0;0;0;0
FR;4;2021-04-26;2869;1;0;0;0;8586;1;0;0;0
FR;4;2021-04-27;9519;3;0;0;0;18105;4;0;0;0
FR;4;2021-04-28;9904;6;0;0;0;28009;10;0;0;0
FR;4;2021-04-29;15991;8;0;0;0;44000;18;0;0;0
FR;4;2021-04-30;19228;10;0;0;0;63228;28;0;0;0
FR;4;2021-05-01;1992;6;0;0;0;65220;34;0;0;0
FR;4;2021-05-02;482;0;0;0;0;65702;34;0;0;0
FR;4;2021-05-03;5057;2;0;0;0;70759;36;0;0;0
FR;4;2021-05-04;8397;10;0;0;0;79156;46;0;0;0
FR;4;2021-05-05;6181;7;0;0;0;85337;53;0;0;0
FR;4;2021-05-06;11378;11;0;0;0;96715;64;0;0;0
FR;4;2021-05-07;19119;9;0;0;0;115834;73;0;0;0
FR;4;2021-05-08;2377;6;0;0;0;118211;79;0;0;0
FR;4;2021-05-09;685;3;0;0;0;118896;82;0;0;0
FR;4;2021-05-10;7239;5;1;0;0;126135;87;1;0;0
FR;4;2021-05-11;14313;12;0;0;0;140448;99;1;0;0
FR;4;2021-05-12;10161;15;0;0;0;150609;114;1;0;0
FR;4;2021-05-13;1578;3;0;0;0;152187;117;1;0;0
FR;4;2021-05-14;7757;6;0;0;0;159944;123;1;0;0
FR;4;2021-05-15;3717;8;1;0;0;163661;131;2;0;0
FR;4;2021-05-16;417;1;0;0;0;164078;132;2;0;0
FR;4;2021-05-17;4475;6;0;0;0;168553;138;2;0;0
FR;4;2021-05-18;8750;10;0;0;0;177303;148;2;0;0
FR;4;2021-05-19;5690;7;0;0;0;182993;155;2;0;0
FR;4;2021-05-20;9476;7;0;0;0;192469;162;2;0;0
FR;4;2021-05-21;12788;29;0;0;0;205257;191;2;0;0
FR;4;2021-05-22;5057;15;0;0;0;210314;206;2;0;0
FR;4;2021-05-23;494;4;0;0;0;210808;210;2;0;0
FR;4;2021-05-24;1054;7;0;0;0;211862;217;2;0;0
FR;4;2021-05-25;7618;16;0;0;0;219480;233;2;0;0
FR;4;2021-05-26;7722;16;0;0;0;227202;249;2;0;0
FR;4;2021-05-27;14330;35;0;0;0;241532;284;2;0;0
FR;4;2021-05-28;26580;82;1;0;0;268112;366;3;0;0
FR;4;2021-05-29;11380;18;0;0;0;279492;384;3;0;0
FR;4;2021-05-30;971;6;0;0;0;280463;390;3;0;0
FR;4;2021-05-31;12685;21;0;0;0;293148;411;3;0;0
FR;4;2021-06-01;20248;46;1;0;0;313396;457;4;0;0
FR;4;2021-06-02;14516;33;0;0;0;327912;490;4;0;0
FR;4;2021-06-03;19408;24;1;0;0;347320;514;5;0;0
FR;4;2021-06-04;22507;47;0;0;0;369827;561;5;0;0
FR;4;2021-06-05;9712;32;0;0;0;379539;593;5;0;0
FR;4;2021-06-06;1039;1;0;0;0;380578;594;5;0;0
FR;4;2021-06-07;9225;19;0;0;0;389803;613;5;0;0
FR;4;2021-06-08;14606;31;0;0;0;404409;644;5;0;0
FR;4;2021-06-09;12202;25;0;0;0;416611;669;5;0;0
FR;4;2021-06-10;15397;30;0;0;0;432008;699;5;0;0
FR;4;2021-06-11;16978;56;0;0;0;448986;755;5;0;0
FR;4;2021-06-12;7444;27;0;0;0;456430;782;5;0;0
FR;4;2021-06-13;908;2;0;0;0;457338;784;5;0;0
FR;4;2021-06-14;6648;25;0;0;0;463986;809;5;0;0
FR;4;2021-06-15;10882;37;0;0;0;474868;846;5;0;0
FR;4;2021-06-16;8905;15;0;0;0;483773;861;5;0;0
FR;4;2021-06-17;10896;36;0;0;0;494669;897;5;0;0
FR;4;2021-06-18;12418;45;0;0;0;507087;942;5;0;0
FR;4;2021-06-19;5567;25;0;0;0;512654;967;5;0;0
FR;4;2021-06-20;817;5;0;0;0;513471;972;5;0;0
FR;4;2021-06-21;5080;20;0;0;0;518551;992;5;0;0
FR;4;2021-06-22;7906;28;2;0;0;526457;1020;7;0;0
FR;4;2021-06-23;7089;39;2;0;0;533546;1059;9;0;0
FR;4;2021-06-24;8645;45;1;0;0;542191;1104;10;0;0
FR;4;2021-06-25;10172;39;2;0;0;552363;1143;12;0;0
FR;4;2021-06-26;4841;21;0;0;0;557204;1164;12;0;0
FR;4;2021-06-27;760;3;0;0;0;557964;1167;12;0;0
FR;4;2021-06-28;4819;16;1;0;0;562783;1183;13;0;0
FR;4;2021-06-29;7096;27;2;0;0;569879;1210;15;0;0
FR;4;2021-06-30;6705;39;2;0;0;576584;1249;17;0;0
FR;4;2021-07-01;8188;40;0;0;0;584772;1289;17;0;0
FR;4;2021-07-02;9411;52;1;0;0;594183;1341;18;0;0
FR;4;2021-07-03;4843;19;0;0;0;599026;1360;18;0;0
FR;4;2021-07-04;686;5;0;0;0;599712;1365;18;0;0
FR;4;2021-07-05;4765;19;2;0;0;604477;1384;20;0;0
FR;4;2021-07-06;7717;28;4;0;0;612194;1412;24;0;0
FR;4;2021-07-07;7067;34;2;0;0;619261;1446;26;0;0
FR;4;2021-07-08;9218;40;2;0;0;628479;1486;28;0;0
FR;4;2021-07-09;10274;34;1;0;0;638753;1520;29;0;0
FR;4;2021-07-10;4634;14;2;0;0;643387;1534;31;0;0
FR;4;2021-07-11;582;4;1;0;0;643969;1538;32;0;0
FR;4;2021-07-12;5867;29;0;0;0;649836;1567;32;0;0
FR;4;2021-07-13;14228;29;0;0;0;664064;1596;32;0;0
FR;4;2021-07-14;2281;14;0;0;0;666345;1610;32;0;0
FR;4;2021-07-15;18231;36;0;0;0;684576;1646;32;0;0
FR;4;2021-07-16;22815;70;2;0;0;707391;1716;34;0;0
FR;4;2021-07-17;9734;20;0;0;0;717125;1736;34;0;0
FR;4;2021-07-18;1354;4;0;0;0;718479;1740;34;0;0
FR;4;2021-07-19;12977;28;1;0;0;731456;1768;35;0;0
FR;4;2021-07-20;17330;26;1;0;0;748786;1794;36;0;0
FR;4;2021-07-21;15604;33;0;0;0;764390;1827;36;0;0
FR;4;2021-07-22;18236;44;2;0;0;782626;1871;38;0;0
FR;4;2021-07-23;20404;58;7;0;0;803030;1929;45;0;0
FR;4;2021-07-24;9281;32;0;0;0;812311;1961;45;0;0
FR;4;2021-07-25;1351;8;0;0;0;813662;1969;45;0;0
FR;4;2021-07-26;11029;20;0;0;0;824691;1989;45;0;0
FR;4;2021-07-27;14661;35;3;0;0;839352;2024;48;0;0
FR;4;2021-07-28;12920;26;2;0;0;852272;2050;50;0;0
FR;4;2021-07-29;14079;54;4;0;0;866351;2104;54;0;0
FR;4;2021-07-30;15477;45;2;0;0;881828;2149;56;0;0
FR;4;2021-07-31;6829;14;2;0;0;888657;2163;58;0;0
FR;4;2021-08-01;903;1;0;0;0;889560;2164;58;0;0
FR;4;2021-08-02;7902;29;0;0;0;897462;2193;58;0;0
FR;4;2021-08-03;10788;32;2;0;0;908250;2225;60;0;0
FR;4;2021-08-04;9729;29;0;0;0;917979;2254;60;0;0
FR;4;2021-08-05;9811;41;0;0;0;927790;2295;60;0;0
FR;4;2021-08-06;10181;30;3;0;0;937971;2325;63;0;0
FR;4;2021-08-07;5087;30;1;0;0;943058;2355;64;0;0
FR;4;2021-08-08;1216;13;0;0;0;944274;2368;64;0;0
FR;4;2021-08-09;6334;31;0;0;0;950608;2399;64;0;0
FR;4;2021-08-10;8740;18;0;0;0;959348;2417;64;0;0
FR;4;2021-08-11;7929;33;4;0;0;967277;2450;68;0;0
FR;4;2021-08-12;8580;29;1;0;0;975857;2479;69;0;0
FR;4;2021-08-13;7545;24;0;1;0;983402;2503;69;1;0
FR;4;2021-08-14;3784;20;0;0;0;987186;2523;69;1;0
FR;4;2021-08-15;769;5;0;0;0;987955;2528;69;1;0
FR;4;2021-08-16;4003;16;0;0;0;991958;2544;69;1;0
FR;4;2021-08-17;5615;16;1;0;0;997573;2560;70;1;0
FR;4;2021-08-18;5161;34;0;0;0;1002734;2594;70;1;0
FR;4;2021-08-19;5473;34;3;0;0;1008207;2628;73;1;0
FR;4;2021-08-20;5208;23;1;0;0;1013415;2651;74;1;0
FR;4;2021-08-21;2307;21;1;0;0;1015722;2672;75;1;0
FR;4;2021-08-22;401;2;0;0;0;1016123;2674;75;1;0
FR;4;2021-08-23;2923;19;1;0;0;1019046;2693;76;1;0
FR;4;2021-08-24;3744;15;0;0;0;1022790;2708;76;1;0
FR;4;2021-08-25;3537;25;0;0;0;1026327;2733;76;1;0
FR;4;2021-08-26;3700;20;2;0;0;1030027;2753;78;1;0
FR;4;2021-08-27;3603;31;2;0;0;1033630;2784;80;1;0
FR;4;2021-08-28;1722;9;1;0;0;1035352;2793;81;1;0
FR;4;2021-08-29;387;7;1;0;0;1035739;2800;82;1;0
FR;4;2021-08-30;2008;24;0;0;14;1037747;2824;82;1;14
FR;4;2021-08-31;2479;20;0;0;13;1040226;2844;82;1;27
FR;4;2021-09-01;2078;38;1;0;21;1042304;2882;83;1;48
FR;4;2021-09-02;2301;31;4;0;18;1044605;2913;87;1;66
FR;4;2021-09-03;2357;44;5;0;32;1046962;2957;92;1;98
FR;4;2021-09-04;1374;17;0;0;7;1048336;2974;92;1;105
FR;4;2021-09-05;429;2;0;0;2;1048765;2976;92;1;107
FR;4;2021-09-06;1706;62;0;0;23;1050471;3038;92;1;130
FR;4;2021-09-07;1672;18;1;0;9;1052143;3056;93;1;139
FR;4;2021-09-08;1280;27;3;1;20;1053423;3083;96;2;159
FR;4;2021-09-09;1387;23;2;0;9;1054810;3106;98;2;168
FR;4;2021-09-10;1516;31;2;0;23;1056326;3137;100;2;191
FR;4;2021-09-11;737;11;0;0;3;1057063;3148;100;2;194
FR;4;2021-09-12;168;4;0;0;2;1057231;3152;100;2;196
FR;4;2021-09-13;1315;22;1;0;16;1058546;3174;101;2;212
FR;4;2021-09-14;1497;9;2;0;6;1060043;3183;103;2;218
FR;4;2021-09-15;1091;27;1;0;24;1061134;3210;104;2;242
FR;4;2021-09-16;1095;22;2;0;15;1062229;3232;106;2;257
FR;4;2021-09-17;891;21;1;0;12;1063120;3253;107;2;269
FR;4;2021-09-18;462;6;1;0;5;1063582;3259;108;2;274
FR;4;2021-09-19;182;3;0;0;2;1063764;3262;108;2;276
FR;4;2021-09-20;443;18;0;0;12;1064207;3280;108;2;288
FR;4;2021-09-21;423;11;0;0;7;1064630;3291;108;2;295
FR;4;2021-09-22;372;19;2;0;13;1065002;3310;110;2;308
FR;4;2021-09-23;477;16;1;0;15;1065479;3326;111;2;323
FR;4;2021-09-24;409;13;2;0;9;1065888;3339;113;2;332
FR;4;2021-09-25;281;9;1;0;4;1066169;3348;114;2;336
FR;4;2021-09-26;72;2;0;0;1;1066241;3350;114;2;337
FR;4;2021-09-27;261;10;1;0;8;1066502;3360;115;2;345
FR;4;2021-09-28;315;8;0;0;8;1066817;3368;115;2;353
FR;4;2021-09-29;372;19;1;0;13;1067189;3387;116;2;366
FR;4;2021-09-30;359;40;0;0;21;1067548;3427;116;2;387
FR;4;2021-10-01;407;49;0;0;43;1067955;3476;116;2;430
FR;4;2021-10-02;195;22;1;0;13;1068150;3498;117;2;443
FR;4;2021-10-03;84;1;0;0;0;1068234;3499;117;2;443
FR;4;2021-10-04;354;19;1;0;15;1068588;3518;118;2;458
FR;4;2021-10-05;275;19;2;0;15;1068863;3537;120;2;473
FR;4;2021-10-06;243;21;1;0;17;1069106;3558;121;2;490
FR;4;2021-10-07;254;25;2;0;13;1069360;3583;123;2;503
FR;4;2021-10-08;352;23;2;0;19;1069712;3606;125;2;522
FR;4;2021-10-09;192;6;6;0;7;1069904;3612;131;2;529
FR;4;2021-10-10;95;3;2;0;3;1069999;3615;133;2;532
FR;4;2021-10-11;245;15;1;0;14;1070244;3630;134;2;546
FR;4;2021-10-12;202;14;0;0;13;1070446;3644;134;2;559
FR;4;2021-10-13;218;27;1;0;24;1070664;3671;135;2;583
FR;4;2021-10-14;306;22;4;0;16;1070970;3693;139;2;599
FR;4;2021-10-15;322;24;5;0;25;1071292;3717;144;2;624
FR;4;2021-10-16;165;6;2;0;6;1071457;3723;146;2;630
FR;4;2021-10-17;70;2;0;0;1;1071527;3725;146;2;631
FR;4;2021-10-18;278;16;1;0;12;1071805;3741;147;2;643
FR;4;2021-10-19;209;14;2;0;15;1072014;3755;149;2;658
FR;4;2021-10-20;224;27;4;0;15;1072238;3782;153;2;673
FR;4;2021-10-21;234;17;0;0;13;1072472;3799;153;2;686
FR;4;2021-10-22;210;26;2;0;21;1072682;3825;155;2;707
FR;4;2021-10-23;115;16;1;0;15;1072797;3841;156;2;722
FR;4;2021-10-24;37;4;0;0;1;1072834;3845;156;2;723
FR;4;2021-10-25;209;7;2;0;9;1073043;3852;158;2;732
FR;4;2021-10-26;195;14;0;0;12;1073238;3866;158;2;744
FR;4;2021-10-27;190;11;4;0;11;1073428;3877;162;2;755
FR;4;2021-10-28;182;18;4;0;21;1073610;3895;166;2;776
FR;4;2021-10-29;220;15;2;0;13;1073830;3910;168;2;789
FR;4;2021-10-30;102;2;1;0;2;1073932;3912;169;2;791
FR;4;2021-10-31;56;3;2;0;3;1073988;3915;171;2;794
FR;4;2021-11-01;75;27;4;0;24;1074063;3942;175;2;818
FR;4;2021-11-02;153;20;2;0;21;1074216;3962;177;2;839
FR;4;2021-11-03;127;20;8;1;18;1074343;3982;185;3;857
FR;4;2021-11-04;175;13;1;0;10;1074518;3995;186;3;867
FR;4;2021-11-05;126;17;1;0;16;1074644;4012;187;3;883
FR;4;2021-11-06;77;6;1;0;6;1074721;4018;188;3;889
FR;4;2021-11-07;76;2;2;0;4;1074797;4020;190;3;893
FR;4;2021-11-08;158;20;1;0;20;1074955;4040;191;3;913
FR;4;2021-11-09;151;14;3;0;16;1075106;4054;194;3;929
FR;4;2021-11-10;113;28;6;0;30;1075219;4082;200;3;959
FR;4;2021-11-11;83;10;0;0;10;1075302;4092;200;3;969
FR;4;2021-11-12;97;18;2;0;17;1075399;4110;202;3;986
FR;4;2021-11-13;73;15;2;0;14;1075472;4125;204;3;1000
FR;4;2021-11-14;53;5;3;0;7;1075525;4130;207;3;1007
FR;4;2021-11-15;97;26;2;0;24;1075622;4156;209;3;1031
FR;4;2021-11-16;99;13;2;0;15;1075721;4169;211;3;1046
FR;4;2021-11-17;115;29;4;0;29;1075836;4198;215;3;1075
FR;4;2021-11-18;99;34;10;0;39;1075935;4232;225;3;1114
FR;4;2021-11-19;78;19;3;0;20;1076013;4251;228;3;1134
FR;4;2021-11-20;75;7;1;0;7;1076088;4258;229;3;1141
FR;4;2021-11-21;61;7;2;0;9;1076149;4265;231;3;1150
FR;4;2021-11-22;101;27;6;0;29;1076250;4292;237;3;1179
FR;4;2021-11-23;73;28;5;0;25;1076323;4320;242;3;1204
FR;4;2021-11-24;85;23;9;0;22;1076408;4343;251;3;1226
FR;4;2021-11-25;84;28;14;0;30;1076492;4371;265;3;1256
FR;4;2021-11-26;80;43;12;0;45;1076572;4414;277;3;1301
FR;4;2021-11-27;35;22;16;0;24;1076607;4436;293;3;1325
FR;4;2021-11-28;48;8;0;0;7;1076655;4444;293;3;1332
FR;4;2021-11-29;83;31;14;0;38;1076738;4475;307;3;1370
FR;4;2021-11-30;72;36;12;0;40;1076810;4511;319;3;1410
FR;4;2021-12-01;77;59;19;0;66;1076887;4570;338;3;1476
FR;4;2021-12-02;97;49;19;0;54;1076984;4619;357;3;1530
FR;4;2021-12-03;98;36;15;0;44;1077082;4655;372;3;1574
FR;4;2021-12-04;69;31;18;0;44;1077151;4686;390;3;1618
FR;4;2021-12-05;60;5;1;0;6;1077211;4691;391;3;1624
FR;4;2021-12-06;95;45;20;0;59;1077306;4736;411;3;1683
FR;4;2021-12-07;77;33;9;0;33;1077383;4769;420;3;1716
FR;4;2021-12-08;66;29;18;0;34;1077449;4798;438;3;1750
FR;4;2021-12-09;59;32;10;0;38;1077508;4830;448;3;1788
FR;4;2021-12-10;60;62;21;0;66;1077568;4892;469;3;1854
FR;4;2021-12-11;24;33;7;0;33;1077592;4925;476;3;1887
FR;4;2021-12-12;23;10;2;0;12;1077615;4935;478;3;1899
FR;4;2021-12-13;68;39;13;0;48;1077683;4974;491;3;1947
FR;4;2021-12-14;56;43;15;0;52;1077739;5017;506;3;1999
FR;4;2021-12-15;58;63;28;0;83;1077797;5080;534;3;2082
FR;4;2021-12-16;30;44;18;0;56;1077827;5124;552;3;2138
FR;4;2021-12-17;37;55;12;0;60;1077864;5179;564;3;2198
FR;4;2021-12-18;48;29;2;0;30;1077912;5208;566;3;2228
FR;4;2021-12-19;15;4;1;0;4;1077927;5212;567;3;2232
FR;4;2021-12-20;35;38;12;0;43;1077962;5250;579;3;2275
FR;4;2021-12-21;25;30;15;0;36;1077987;5280;594;3;2311
FR;4;2021-12-22;35;35;10;0;36;1078022;5315;604;3;2347
FR;4;2021-12-23;39;43;8;0;47;1078061;5358;612;3;2394
FR;4;2021-12-24;23;25;10;0;29;1078084;5383;622;3;2423
FR;4;2021-12-25;6;3;3;0;4;1078090;5386;625;3;2427
FR;4;2021-12-26;4;3;1;0;2;1078094;5389;626;3;2429
FR;4;2021-12-27;26;42;8;0;43;1078120;5431;634;3;2472
FR;4;2021-12-28;24;28;8;0;29;1078144;5459;642;3;2501
FR;4;2021-12-29;48;24;10;0;28;1078192;5483;652;3;2529
FR;4;2021-12-30;39;16;12;0;19;1078231;5499;664;3;2548
FR;4;2021-12-31;18;5;8;0;10;1078249;5504;672;3;2558
FR;4;2022-01-01;5;4;4;0;6;1078254;5508;676;3;2564
FR;4;2022-01-02;40;4;14;0;17;1078294;5512;690;3;2581
FR;4;2022-01-03;37;52;20;1;57;1078331;5564;710;4;2638
FR;4;2022-01-04;28;26;12;0;28;1078359;5590;722;4;2666
FR;4;2022-01-05;46;19;16;0;20;1078405;5609;738;4;2686
FR;4;2022-01-06;43;19;21;0;32;1078448;5628;759;4;2718
FR;4;2022-01-07;24;19;15;0;19;1078472;5647;774;4;2737
FR;4;2022-01-08;8;5;9;0;11;1078480;5652;783;4;2748
FR;4;2022-01-09;17;2;1;0;2;1078497;5654;784;4;2750
FR;4;2022-01-10;38;22;16;0;33;1078535;5676;800;4;2783
FR;4;2022-01-11;23;30;14;0;34;1078558;5706;814;4;2817
FR;4;2022-01-12;30;18;12;0;19;1078588;5724;826;4;2836
FR;4;2022-01-13;48;18;27;0;35;1078636;5742;853;4;2871
FR;4;2022-01-14;20;28;13;0;31;1078656;5770;866;4;2902
FR;4;2022-01-15;10;6;7;0;11;1078666;5776;873;4;2913
FR;4;2022-01-16;9;8;11;0;18;1078675;5784;884;4;2931
FR;4;2022-01-17;23;17;11;0;22;1078698;5801;895;4;2953
FR;4;2022-01-18;15;13;7;0;17;1078713;5814;902;4;2970
FR;4;2022-01-19;28;22;9;0;29;1078741;5836;911;4;2999
FR;4;2022-01-20;29;33;11;0;36;1078770;5869;922;4;3035
FR;4;2022-01-21;9;12;18;1;15;1078779;5881;940;5;3050
FR;4;2022-01-22;30;9;2;0;9;1078809;5890;942;5;3059
FR;4;2022-01-23;6;2;4;0;6;1078815;5892;946;5;3065
FR;4;2022-01-24;14;21;8;0;27;1078829;5913;954;5;3092
FR;4;2022-01-25;20;30;8;1;34;1078849;5943;962;6;3126
FR;4;2022-01-26;18;15;6;1;16;1078867;5958;968;7;3142
FR;4;2022-01-27;19;18;5;0;21;1078886;5976;973;7;3163
FR;4;2022-01-28;12;23;7;0;25;1078898;5999;980;7;3188
FR;4;2022-01-29;15;6;4;0;9;1078913;6005;984;7;3197
FR;4;2022-01-30;16;2;0;0;2;1078929;6007;984;7;3199
FR;4;2022-01-31;19;26;6;0;29;1078948;6033;990;7;3228
FR;4;2022-02-01;9;19;11;0;19;1078957;6052;1001;7;3247
FR;4;2022-02-02;16;11;9;2;15;1078973;6063;1010;9;3262
FR;4;2022-02-03;12;21;9;0;24;1078985;6084;1019;9;3286
FR;4;2022-02-04;6;5;7;0;9;1078991;6089;1026;9;3295
FR;4;2022-02-05;6;14;1;0;13;1078997;6103;1027;9;3308
FR;4;2022-02-06;5;2;1;0;2;1079002;6105;1028;9;3310
FR;4;2022-02-07;11;19;6;0;19;1079013;6124;1034;9;3329
FR;4;2022-02-08;14;18;12;1;19;1079027;6142;1046;10;3348
FR;4;2022-02-09;14;10;7;0;13;1079041;6152;1053;10;3361
FR;4;2022-02-10;18;22;9;0;23;1079059;6174;1062;10;3384
FR;4;2022-02-11;17;14;8;0;19;1079076;6188;1070;10;3403
FR;4;2022-02-12;23;7;1;0;6;1079099;6195;1071;10;3409
FR;4;2022-02-13;7;3;3;0;6;1079106;6198;1074;10;3415
FR;4;2022-02-14;18;10;7;0;13;1079124;6208;1081;10;3428
FR;4;2022-02-15;16;7;1;0;7;1079140;6215;1082;10;3435
FR;4;2022-02-16;11;10;10;0;16;1079151;6225;1092;10;3451
FR;4;2022-02-17;10;4;4;0;6;1079161;6229;1096;10;3457
FR;4;2022-02-18;17;13;6;0;17;1079178;6242;1102;10;3474
FR;4;2022-02-19;16;2;2;0;4;1079194;6244;1104;10;3478
FR;4;2022-02-20;7;2;0;0;1;1079201;6246;1104;10;3479
FR;4;2022-02-21;22;3;2;0;3;1079223;6249;1106;10;3482
FR;4;2022-02-22;8;4;8;0;8;1079231;6253;1114;10;3490
FR;4;2022-02-23;16;6;6;0;6;1079247;6259;1120;10;3496
FR;4;2022-02-24;8;3;2;0;3;1079255;6262;1122;10;3499
FR;4;2022-02-25;15;5;7;0;6;1079270;6267;1129;10;3505
FR;4;2022-02-26;26;3;0;0;3;1079296;6270;1129;10;3508
FR;4;2022-02-27;9;0;1;0;1;1079305;6270;1130;10;3509
FR;4;2022-02-28;14;3;2;0;3;1079319;6273;1132;10;3512
FR;4;2022-03-01;6;2;7;0;3;1079325;6275;1139;10;3515
FR;4;2022-03-02;9;1;3;0;3;1079334;6276;1142;10;3518
FR;4;2022-03-03;13;5;1;0;4;1079347;6281;1143;10;3522
FR;4;2022-03-04;6;6;2;1;5;1079353;6287;1145;11;3527
FR;4;2022-03-05;8;2;0;0;2;1079361;6289;1145;11;3529
FR;4;2022-03-06;4;0;1;0;1;1079365;6289;1146;11;3530
FR;4;2022-03-07;9;4;1;0;3;1079374;6293;1147;11;3533
FR;4;2022-03-08;13;2;0;0;2;1079387;6295;1147;11;3535
FR;4;2022-03-09;7;3;2;0;4;1079394;6298;1149;11;3539
FR;4;2022-03-10;5;1;5;0;2;1079399;6299;1154;11;3541
FR;4;2022-03-11;7;2;5;0;1;1079406;6301;1159;11;3542
FR;4;2022-03-12;9;2;0;0;0;1079415;6303;1159;11;3542
FR;4;2022-03-13;5;0;0;0;0;1079420;6303;1159;11;3542
FR;4;2022-03-14;4;1;0;0;1;1079424;6304;1159;11;3543
FR;4;2022-03-15;5;3;1;0;1;1079429;6307;1160;11;3544
FR;4;2022-03-16;6;3;3;0;3;1079435;6310;1163;11;3547
FR;4;2022-03-17;1;4;1;0;5;1079436;6314;1164;11;3552
FR;4;2022-03-18;7;2;0;0;2;1079443;6316;1164;11;3554
FR;4;2022-03-19;1;1;0;0;1;1079444;6317;1164;11;3555
FR;4;2022-03-20;2;0;1;0;0;1079446;6317;1165;11;3555
FR;4;2022-03-21;5;3;0;0;3;1079451;6320;1165;11;3558
FR;4;2022-03-22;2;2;1;0;2;1079453;6322;1166;11;3560
FR;4;2022-03-23;6;3;3;0;5;1079459;6325;1169;11;3565
FR;4;2022-03-24;2;4;3;1;5;1079461;6329;1172;12;3570
FR;4;2022-03-25;3;1;2;0;1;1079464;6330;1174;12;3571
FR;4;2022-03-26;5;5;0;0;5;1079469;6335;1174;12;3576
FR;4;2022-03-27;0;0;1;0;0;1079469;6335;1175;12;3576
FR;4;2022-03-28;4;1;1;0;1;1079473;6336;1176;12;3577
FR;4;2022-03-29;7;0;4;1;0;1079480;6336;1180;13;3577
FR;4;2022-03-30;1;4;0;0;4;1079481;6340;1180;13;3581
FR;4;2022-03-31;1;3;1;1;3;1079482;6343;1181;14;3584
FR;4;2022-04-01;13;3;5;0;6;1079495;6346;1186;14;3590
FR;4;2022-04-02;4;4;0;0;3;1079499;6350;1186;14;3593
FR;4;2022-04-03;0;0;0;0;0;1079499;6350;1186;14;3593
FR;4;2022-04-04;3;2;4;0;2;1079502;6352;1190;14;3595
FR;4;2022-04-05;3;4;1;1;2;1079505;6356;1191;15;3597
FR;4;2022-04-06;3;0;0;0;0;1079508;6356;1191;15;3597
FR;4;2022-04-07;3;2;1;2;3;1079511;6358;1192;17;3600
FR;4;2022-04-08;4;2;1;0;2;1079515;6360;1193;17;3602
FR;4;2022-04-09;0;0;1;1;1;1079515;6360;1194;18;3603
FR;4;2022-04-10;1;2;0;0;2;1079516;6362;1194;18;3605
FR;4;2022-04-11;2;2;4;0;4;1079518;6364;1198;18;3609
FR;4;2022-04-12;2;0;2;0;1;1079520;6364;1200;18;3610
FR;4;2022-04-13;2;5;1;0;6;1079522;6369;1201;18;3616
FR;4;2022-04-14;3;2;0;1;2;1079525;6371;1201;19;3618
FR;4;2022-04-15;0;4;1;0;5;1079525;6375;1202;19;3623
FR;4;2022-04-16;0;0;0;0;0;1079525;6375;1202;19;3623
FR;4;2022-04-17;1;0;0;0;0;1079526;6375;1202;19;3623
FR;4;2022-04-18;1;2;4;0;2;1079527;6377;1206;19;3625
FR;4;2022-04-19;1;0;1;0;0;1079528;6377;1207;19;3625
FR;4;2022-04-20;12;4;2;0;2;1079540;6381;1209;19;3627
FR;4;2022-04-21;5;2;1;0;3;1079545;6383;1210;19;3630
FR;4;2022-04-22;1;0;1;0;0;1079546;6383;1211;19;3630
FR;4;2022-04-23;1;3;1;0;4;1079547;6386;1212;19;3634
FR;4;2022-04-24;0;2;0;0;2;1079547;6388;1212;19;3636
FR;4;2022-04-25;2;4;2;0;6;1079549;6392;1214;19;3642
FR;4;2022-04-26;2;4;1;0;4;1079551;6396;1215;19;3646
FR;4;2022-04-27;3;1;0;0;1;1079554;6397;1215;19;3647
FR;4;2022-04-28;2;3;4;0;3;1079556;6400;1219;19;3650
FR;4;2022-04-29;2;2;1;0;1;1079558;6402;1220;19;3651
FR;4;2022-04-30;0;1;1;0;2;1079558;6403;1221;19;3653
FR;4;2022-05-01;0;0;0;0;0;1079558;6403;1221;19;3653
FR;4;2022-05-02;2;3;1;0;3;1079560;6406;1222;19;3656
FR;4;2022-05-03;0;4;1;0;4;1079560;6410;1223;19;3660
FR;4;2022-05-04;2;1;0;0;1;1079562;6411;1223;19;3661
FR;4;2022-05-05;2;1;1;0;1;1079564;6412;1224;19;3662
FR;4;2022-05-06;2;0;0;0;0;1079566;6412;1224;19;3662
FR;4;2022-05-07;0;0;0;0;0;1079566;6412;1224;19;3662
FR;4;2022-05-08;1;1;0;0;1;1079567;6413;1224;19;3663
FR;4;2022-05-09;2;0;0;0;0;1079569;6413;1224;19;3663
FR;4;2022-05-10;0;0;0;2;2;1079569;6413;1224;21;3665
FR;4;2022-05-11;2;0;0;0;0;1079571;6413;1224;21;3665
FR;4;2022-05-12;5;0;0;1;0;1079576;6413;1224;22;3665
FR;4;2022-05-13;0;0;0;0;0;1079576;6413;1224;22;3665
FR;4;2022-05-14;0;1;0;0;1;1079576;6414;1224;22;3666
FR;4;2022-05-15;0;0;0;0;0;1079576;6414;1224;22;3666
FR;5;2020-12-27;0;0;0;0;0;0;0;0;0;0
FR;5;2020-12-28;0;0;0;0;0;0;0;0;0;0
FR;5;2020-12-29;0;0;0;0;0;0;0;0;0;0
FR;5;2020-12-30;0;0;0;0;0;0;0;0;0;0
FR;5;2020-12-31;0;0;0;0;0;0;0;0;0;0
FR;5;2021-01-01;0;0;0;0;0;0;0;0;0;0
FR;5;2021-01-02;0;0;0;0;0;0;0;0;0;0
FR;5;2021-01-03;0;0;0;0;0;0;0;0;0;0
FR;5;2021-01-04;0;0;0;0;0;0;0;0;0;0
FR;5;2021-01-05;0;0;0;0;0;0;0;0;0;0
FR;5;2021-01-06;0;0;0;0;0;0;0;0;0;0
FR;5;2021-01-07;0;0;0;0;0;0;0;0;0;0
FR;5;2021-01-08;0;0;0;0;0;0;0;0;0;0
FR;5;2021-01-09;0;0;0;0;0;0;0;0;0;0
FR;5;2021-01-10;0;0;0;0;0;0;0;0;0;0
FR;5;2021-01-11;0;0;0;0;0;0;0;0;0;0
FR;5;2021-01-12;0;0;0;0;0;0;0;0;0;0
FR;5;2021-01-13;0;0;0;0;0;0;0;0;0;0
FR;5;2021-01-14;0;0;0;0;0;0;0;0;0;0
FR;5;2021-01-15;0;0;0;0;0;0;0;0;0;0
FR;5;2021-01-16;0;0;0;0;0;0;0;0;0;0
FR;5;2021-01-17;0;0;0;0;0;0;0;0;0;0
FR;5;2021-01-18;0;0;0;0;0;0;0;0;0;0
FR;5;2021-01-19;0;0;0;0;0;0;0;0;0;0
FR;5;2021-01-20;0;0;0;0;0;0;0;0;0;0
FR;5;2021-01-21;0;0;0;0;0;0;0;0;0;0
FR;5;2021-01-22;0;0;0;0;0;0;0;0;0;0
FR;5;2021-01-23;0;0;0;0;0;0;0;0;0;0
FR;5;2021-01-24;0;0;0;0;0;0;0;0;0;0
FR;5;2021-01-25;0;0;0;0;0;0;0;0;0;0
FR;5;2021-01-26;0;0;0;0;0;0;0;0;0;0
FR;5;2021-01-27;0;0;0;0;0;0;0;0;0;0
FR;5;2021-01-28;0;0;0;0;0;0;0;0;0;0
FR;5;2021-01-29;0;0;0;0;0;0;0;0;0;0
FR;5;2021-01-30;0;0;0;0;0;0;0;0;0;0
FR;5;2021-01-31;0;0;0;0;0;0;0;0;0;0
FR;5;2021-02-01;0;0;0;0;0;0;0;0;0;0
FR;5;2021-02-02;0;0;0;0;0;0;0;0;0;0
FR;5;2021-02-03;0;0;0;0;0;0;0;0;0;0
FR;5;2021-02-04;0;0;0;0;0;0;0;0;0;0
FR;5;2021-02-05;0;0;0;0;0;0;0;0;0;0
FR;5;2021-02-06;0;0;0;0;0;0;0;0;0;0
FR;5;2021-02-07;0;0;0;0;0;0;0;0;0;0
FR;5;2021-02-08;0;0;0;0;0;0;0;0;0;0
FR;5;2021-02-09;0;0;0;0;0;0;0;0;0;0
FR;5;2021-02-10;0;0;0;0;0;0;0;0;0;0
FR;5;2021-02-11;0;0;0;0;0;0;0;0;0;0
FR;5;2021-02-12;0;0;0;0;0;0;0;0;0;0
FR;5;2021-02-13;0;0;0;0;0;0;0;0;0;0
FR;5;2021-02-14;0;0;0;0;0;0;0;0;0;0
FR;5;2021-02-15;0;0;0;0;0;0;0;0;0;0
FR;5;2021-02-16;0;0;0;0;0;0;0;0;0;0
FR;5;2021-02-17;0;0;0;0;0;0;0;0;0;0
FR;5;2021-02-18;0;0;0;0;0;0;0;0;0;0
FR;5;2021-02-19;0;0;0;0;0;0;0;0;0;0
FR;5;2021-02-20;0;0;0;0;0;0;0;0;0;0
FR;5;2021-02-21;0;0;0;0;0;0;0;0;0;0
FR;5;2021-02-22;0;0;0;0;0;0;0;0;0;0
FR;5;2021-02-23;0;0;0;0;0;0;0;0;0;0
FR;5;2021-02-24;0;0;0;0;0;0;0;0;0;0
FR;5;2021-02-25;0;0;0;0;0;0;0;0;0;0
FR;5;2021-02-26;0;0;0;0;0;0;0;0;0;0
FR;5;2021-02-27;0;0;0;0;0;0;0;0;0;0
FR;5;2021-02-28;0;0;0;0;0;0;0;0;0;0
FR;5;2021-03-01;0;0;0;0;0;0;0;0;0;0
FR;5;2021-03-02;0;0;0;0;0;0;0;0;0;0
FR;5;2021-03-03;0;0;0;0;0;0;0;0;0;0
FR;5;2021-03-04;0;0;0;0;0;0;0;0;0;0
FR;5;2021-03-05;0;0;0;0;0;0;0;0;0;0
FR;5;2021-03-06;0;0;0;0;0;0;0;0;0;0
FR;5;2021-03-07;0;0;0;0;0;0;0;0;0;0
FR;5;2021-03-08;0;0;0;0;0;0;0;0;0;0
FR;5;2021-03-09;0;0;0;0;0;0;0;0;0;0
FR;5;2021-03-10;0;0;0;0;0;0;0;0;0;0
FR;5;2021-03-11;0;0;0;0;0;0;0;0;0;0
FR;5;2021-03-12;0;0;0;0;0;0;0;0;0;0
FR;5;2021-03-13;0;0;0;0;0;0;0;0;0;0
FR;5;2021-03-14;0;0;0;0;0;0;0;0;0;0
FR;5;2021-03-15;0;0;0;0;0;0;0;0;0;0
FR;5;2021-03-16;0;0;0;0;0;0;0;0;0;0
FR;5;2021-03-17;0;0;0;0;0;0;0;0;0;0
FR;5;2021-03-18;0;0;0;0;0;0;0;0;0;0
FR;5;2021-03-19;0;0;0;0;0;0;0;0;0;0
FR;5;2021-03-20;0;0;0;0;0;0;0;0;0;0
FR;5;2021-03-21;0;0;0;0;0;0;0;0;0;0
FR;5;2021-03-22;0;0;0;0;0;0;0;0;0;0
FR;5;2021-03-23;0;0;0;0;0;0;0;0;0;0
FR;5;2021-03-24;0;0;0;0;0;0;0;0;0;0
FR;5;2021-03-25;0;0;0;0;0;0;0;0;0;0
FR;5;2021-03-26;0;0;0;0;0;0;0;0;0;0
FR;5;2021-03-27;0;0;0;0;0;0;0;0;0;0
FR;5;2021-03-28;0;0;0;0;0;0;0;0;0;0
FR;5;2021-03-29;0;0;0;0;0;0;0;0;0;0
FR;5;2021-03-30;0;0;0;0;0;0;0;0;0;0
FR;5;2021-03-31;0;0;0;0;0;0;0;0;0;0
FR;5;2021-04-01;0;0;0;0;0;0;0;0;0;0
FR;5;2021-04-02;0;0;0;0;0;0;0;0;0;0
FR;5;2021-04-03;0;0;0;0;0;0;0;0;0;0
FR;5;2021-04-04;0;0;0;0;0;0;0;0;0;0
FR;5;2021-04-05;0;0;0;0;0;0;0;0;0;0
FR;5;2021-04-06;0;0;0;0;0;0;0;0;0;0
FR;5;2021-04-07;0;0;0;0;0;0;0;0;0;0
FR;5;2021-04-08;0;0;0;0;0;0;0;0;0;0
FR;5;2021-04-09;0;0;0;0;0;0;0;0;0;0
FR;5;2021-04-10;0;0;0;0;0;0;0;0;0;0
FR;5;2021-04-11;0;0;0;0;0;0;0;0;0;0
FR;5;2021-04-12;0;0;0;0;0;0;0;0;0;0
FR;5;2021-04-13;0;0;0;0;0;0;0;0;0;0
FR;5;2021-04-14;0;0;0;0;0;0;0;0;0;0
FR;5;2021-04-15;0;0;0;0;0;0;0;0;0;0
FR;5;2021-04-16;0;0;0;0;0;0;0;0;0;0
FR;5;2021-04-17;0;0;0;0;0;0;0;0;0;0
FR;5;2021-04-18;0;0;0;0;0;0;0;0;0;0
FR;5;2021-04-19;0;0;0;0;0;0;0;0;0;0
FR;5;2021-04-20;0;0;0;0;0;0;0;0;0;0
FR;5;2021-04-21;0;0;0;0;0;0;0;0;0;0
FR;5;2021-04-22;0;0;0;0;0;0;0;0;0;0
FR;5;2021-04-23;0;0;0;0;0;0;0;0;0;0
FR;5;2021-04-24;0;0;0;0;0;0;0;0;0;0
FR;5;2021-04-25;0;0;0;0;0;0;0;0;0;0
FR;5;2021-04-26;0;0;0;0;0;0;0;0;0;0
FR;5;2021-04-27;0;0;0;0;0;0;0;0;0;0
FR;5;2021-04-28;0;0;0;0;0;0;0;0;0;0
FR;5;2021-04-29;0;0;0;0;0;0;0;0;0;0
FR;5;2021-04-30;0;0;0;0;0;0;0;0;0;0
FR;5;2021-05-01;0;0;0;0;0;0;0;0;0;0
FR;5;2021-05-02;0;0;0;0;0;0;0;0;0;0
FR;5;2021-05-03;0;0;0;0;0;0;0;0;0;0
FR;5;2021-05-04;0;0;0;0;0;0;0;0;0;0
FR;5;2021-05-05;0;0;0;0;0;0;0;0;0;0
FR;5;2021-05-06;0;0;0;0;0;0;0;0;0;0
FR;5;2021-05-07;0;0;0;0;0;0;0;0;0;0
FR;5;2021-05-08;0;0;0;0;0;0;0;0;0;0
FR;5;2021-05-09;0;0;0;0;0;0;0;0;0;0
FR;5;2021-05-10;0;0;0;0;0;0;0;0;0;0
FR;5;2021-05-11;0;0;0;0;0;0;0;0;0;0
FR;5;2021-05-12;0;0;0;0;0;0;0;0;0;0
FR;5;2021-05-13;0;0;0;0;0;0;0;0;0;0
FR;5;2021-05-14;0;0;0;0;0;0;0;0;0;0
FR;5;2021-05-15;0;0;0;0;0;0;0;0;0;0
FR;5;2021-05-16;0;0;0;0;0;0;0;0;0;0
FR;5;2021-05-17;0;0;0;0;0;0;0;0;0;0
FR;5;2021-05-18;0;0;0;0;0;0;0;0;0;0
FR;5;2021-05-19;0;0;0;0;0;0;0;0;0;0
FR;5;2021-05-20;0;0;0;0;0;0;0;0;0;0
FR;5;2021-05-21;0;0;0;0;0;0;0;0;0;0
FR;5;2021-05-22;0;0;0;0;0;0;0;0;0;0
FR;5;2021-05-23;0;0;0;0;0;0;0;0;0;0
FR;5;2021-05-24;0;0;0;0;0;0;0;0;0;0
FR;5;2021-05-25;0;0;0;0;0;0;0;0;0;0
FR;5;2021-05-26;0;0;0;0;0;0;0;0;0;0
FR;5;2021-05-27;0;0;0;0;0;0;0;0;0;0
FR;5;2021-05-28;0;0;0;0;0;0;0;0;0;0
FR;5;2021-05-29;0;0;0;0;0;0;0;0;0;0
FR;5;2021-05-30;0;0;0;0;0;0;0;0;0;0
FR;5;2021-05-31;0;0;0;0;0;0;0;0;0;0
FR;5;2021-06-01;0;0;0;0;0;0;0;0;0;0
FR;5;2021-06-02;0;0;0;0;0;0;0;0;0;0
FR;5;2021-06-03;0;0;0;0;0;0;0;0;0;0
FR;5;2021-06-04;0;0;0;0;0;0;0;0;0;0
FR;5;2021-06-05;0;0;0;0;0;0;0;0;0;0
FR;5;2021-06-06;0;0;0;0;0;0;0;0;0;0
FR;5;2021-06-07;0;0;0;0;0;0;0;0;0;0
FR;5;2021-06-08;0;0;0;0;0;0;0;0;0;0
FR;5;2021-06-09;0;0;0;0;0;0;0;0;0;0
FR;5;2021-06-10;0;0;0;0;0;0;0;0;0;0
FR;5;2021-06-11;0;0;0;0;0;0;0;0;0;0
FR;5;2021-06-12;0;0;0;0;0;0;0;0;0;0
FR;5;2021-06-13;0;0;0;0;0;0;0;0;0;0
FR;5;2021-06-14;0;0;0;0;0;0;0;0;0;0
FR;5;2021-06-15;0;0;0;0;0;0;0;0;0;0
FR;5;2021-06-16;0;0;0;0;0;0;0;0;0;0
FR;5;2021-06-17;0;0;0;0;0;0;0;0;0;0
FR;5;2021-06-18;0;0;0;0;0;0;0;0;0;0
FR;5;2021-06-19;0;0;0;0;0;0;0;0;0;0
FR;5;2021-06-20;0;0;0;0;0;0;0;0;0;0
FR;5;2021-06-21;0;0;0;0;0;0;0;0;0;0
FR;5;2021-06-22;0;0;0;0;0;0;0;0;0;0
FR;5;2021-06-23;0;0;0;0;0;0;0;0;0;0
FR;5;2021-06-24;0;0;0;0;0;0;0;0;0;0
FR;5;2021-06-25;0;0;0;0;0;0;0;0;0;0
FR;5;2021-06-26;0;0;0;0;0;0;0;0;0;0
FR;5;2021-06-27;0;0;0;0;0;0;0;0;0;0
FR;5;2021-06-28;0;0;0;0;0;0;0;0;0;0
FR;5;2021-06-29;0;0;0;0;0;0;0;0;0;0
FR;5;2021-06-30;0;0;0;0;0;0;0;0;0;0
FR;5;2021-07-01;0;0;0;0;0;0;0;0;0;0
FR;5;2021-07-02;0;0;0;0;0;0;0;0;0;0
FR;5;2021-07-03;0;0;0;0;0;0;0;0;0;0
FR;5;2021-07-04;0;0;0;0;0;0;0;0;0;0
FR;5;2021-07-05;0;0;0;0;0;0;0;0;0;0
FR;5;2021-07-06;0;0;0;0;0;0;0;0;0;0
FR;5;2021-07-07;0;0;0;0;0;0;0;0;0;0
FR;5;2021-07-08;0;0;0;0;0;0;0;0;0;0
FR;5;2021-07-09;0;0;0;0;0;0;0;0;0;0
FR;5;2021-07-10;0;0;0;0;0;0;0;0;0;0
FR;5;2021-07-11;0;0;0;0;0;0;0;0;0;0
FR;5;2021-07-12;0;0;0;0;0;0;0;0;0;0
FR;5;2021-07-13;0;0;0;0;0;0;0;0;0;0
FR;5;2021-07-14;0;0;0;0;0;0;0;0;0;0
FR;5;2021-07-15;0;0;0;0;0;0;0;0;0;0
FR;5;2021-07-16;0;0;0;0;0;0;0;0;0;0
FR;5;2021-07-17;0;0;0;0;0;0;0;0;0;0
FR;5;2021-07-18;0;0;0;0;0;0;0;0;0;0
FR;5;2021-07-19;0;0;0;0;0;0;0;0;0;0
FR;5;2021-07-20;0;0;0;0;0;0;0;0;0;0
FR;5;2021-07-21;0;0;0;0;0;0;0;0;0;0
FR;5;2021-07-22;0;0;0;0;0;0;0;0;0;0
FR;5;2021-07-23;0;0;0;0;0;0;0;0;0;0
FR;5;2021-07-24;0;0;0;0;0;0;0;0;0;0
FR;5;2021-07-25;0;0;0;0;0;0;0;0;0;0
FR;5;2021-07-26;0;0;0;0;0;0;0;0;0;0
FR;5;2021-07-27;0;0;0;0;0;0;0;0;0;0
FR;5;2021-07-28;0;0;0;0;0;0;0;0;0;0
FR;5;2021-07-29;0;0;0;0;0;0;0;0;0;0
FR;5;2021-07-30;0;0;0;0;0;0;0;0;0;0
FR;5;2021-07-31;0;0;0;0;0;0;0;0;0;0
FR;5;2021-08-01;0;0;0;0;0;0;0;0;0;0
FR;5;2021-08-02;0;0;0;0;0;0;0;0;0;0
FR;5;2021-08-03;0;0;0;0;0;0;0;0;0;0
FR;5;2021-08-04;0;0;0;0;0;0;0;0;0;0
FR;5;2021-08-05;0;0;0;0;0;0;0;0;0;0
FR;5;2021-08-06;0;0;0;0;0;0;0;0;0;0
FR;5;2021-08-07;0;0;0;0;0;0;0;0;0;0
FR;5;2021-08-08;0;0;0;0;0;0;0;0;0;0
FR;5;2021-08-09;0;0;0;0;0;0;0;0;0;0
FR;5;2021-08-10;0;0;0;0;0;0;0;0;0;0
FR;5;2021-08-11;0;0;0;0;0;0;0;0;0;0
FR;5;2021-08-12;0;0;0;0;0;0;0;0;0;0
FR;5;2021-08-13;0;0;0;0;0;0;0;0;0;0
FR;5;2021-08-14;0;0;0;0;0;0;0;0;0;0
FR;5;2021-08-15;0;0;0;0;0;0;0;0;0;0
FR;5;2021-08-16;0;0;0;0;0;0;0;0;0;0
FR;5;2021-08-17;0;0;0;0;0;0;0;0;0;0
FR;5;2021-08-18;0;0;0;0;0;0;0;0;0;0
FR;5;2021-08-19;0;0;0;0;0;0;0;0;0;0
FR;5;2021-08-20;0;0;0;0;0;0;0;0;0;0
FR;5;2021-08-21;0;0;0;0;0;0;0;0;0;0
FR;5;2021-08-22;0;0;0;0;0;0;0;0;0;0
FR;5;2021-08-23;0;0;0;0;0;0;0;0;0;0
FR;5;2021-08-24;0;0;0;0;0;0;0;0;0;0
FR;5;2021-08-25;0;0;0;0;0;0;0;0;0;0
FR;5;2021-08-26;0;0;0;0;0;0;0;0;0;0
FR;5;2021-08-27;0;0;0;0;0;0;0;0;0;0
FR;5;2021-08-28;0;0;0;0;0;0;0;0;0;0
FR;5;2021-08-29;0;0;0;0;0;0;0;0;0;0
FR;5;2021-08-30;0;0;0;0;0;0;0;0;0;0
FR;5;2021-08-31;0;0;0;0;0;0;0;0;0;0
FR;5;2021-09-01;0;0;0;0;0;0;0;0;0;0
FR;5;2021-09-02;0;0;0;0;0;0;0;0;0;0
FR;5;2021-09-03;0;0;0;0;0;0;0;0;0;0
FR;5;2021-09-04;0;0;0;0;0;0;0;0;0;0
FR;5;2021-09-05;0;0;0;0;0;0;0;0;0;0
FR;5;2021-09-06;0;0;0;0;0;0;0;0;0;0
FR;5;2021-09-07;0;0;0;0;0;0;0;0;0;0
FR;5;2021-09-08;0;0;0;0;0;0;0;0;0;0
FR;5;2021-09-09;0;0;0;0;0;0;0;0;0;0
FR;5;2021-09-10;0;0;0;0;0;0;0;0;0;0
FR;5;2021-09-11;0;0;0;0;0;0;0;0;0;0
FR;5;2021-09-12;0;0;0;0;0;0;0;0;0;0
FR;5;2021-09-13;0;0;0;0;0;0;0;0;0;0
FR;5;2021-09-14;0;0;0;0;0;0;0;0;0;0
FR;5;2021-09-15;0;0;0;0;0;0;0;0;0;0
FR;5;2021-09-16;0;0;0;0;0;0;0;0;0;0
FR;5;2021-09-17;0;0;0;0;0;0;0;0;0;0
FR;5;2021-09-18;0;0;0;0;0;0;0;0;0;0
FR;5;2021-09-19;0;0;0;0;0;0;0;0;0;0
FR;5;2021-09-20;0;0;0;0;0;0;0;0;0;0
FR;5;2021-09-21;0;0;0;0;0;0;0;0;0;0
FR;5;2021-09-22;0;0;0;0;0;0;0;0;0;0
FR;5;2021-09-23;0;0;0;0;0;0;0;0;0;0
FR;5;2021-09-24;0;0;0;0;0;0;0;0;0;0
FR;5;2021-09-25;0;0;0;0;0;0;0;0;0;0
FR;5;2021-09-26;0;0;0;0;0;0;0;0;0;0
FR;5;2021-09-27;0;0;0;0;0;0;0;0;0;0
FR;5;2021-09-28;0;0;0;0;0;0;0;0;0;0
FR;5;2021-09-29;0;0;0;0;0;0;0;0;0;0
FR;5;2021-09-30;0;0;0;0;0;0;0;0;0;0
FR;5;2021-10-01;0;0;0;0;0;0;0;0;0;0
FR;5;2021-10-02;0;0;0;0;0;0;0;0;0;0
FR;5;2021-10-03;0;0;0;0;0;0;0;0;0;0
FR;5;2021-10-04;0;0;0;0;0;0;0;0;0;0
FR;5;2021-10-05;0;0;0;0;0;0;0;0;0;0
FR;5;2021-10-06;0;0;0;0;0;0;0;0;0;0
FR;5;2021-10-07;0;0;0;0;0;0;0;0;0;0
FR;5;2021-10-08;0;0;0;0;0;0;0;0;0;0
FR;5;2021-10-09;0;0;0;0;0;0;0;0;0;0
FR;5;2021-10-10;0;0;0;0;0;0;0;0;0;0
FR;5;2021-10-11;0;0;0;0;0;0;0;0;0;0
FR;5;2021-10-12;0;0;0;0;0;0;0;0;0;0
FR;5;2021-10-13;0;0;0;0;0;0;0;0;0;0
FR;5;2021-10-14;0;0;0;0;0;0;0;0;0;0
FR;5;2021-10-15;0;0;0;0;0;0;0;0;0;0
FR;5;2021-10-16;0;0;0;0;0;0;0;0;0;0
FR;5;2021-10-17;0;0;0;0;0;0;0;0;0;0
FR;5;2021-10-18;0;0;0;0;0;0;0;0;0;0
FR;5;2021-10-19;0;0;0;0;0;0;0;0;0;0
FR;5;2021-10-20;0;0;0;0;0;0;0;0;0;0
FR;5;2021-10-21;0;0;0;0;0;0;0;0;0;0
FR;5;2021-10-22;0;0;0;0;0;0;0;0;0;0
FR;5;2021-10-23;0;0;0;0;0;0;0;0;0;0
FR;5;2021-10-24;0;0;0;0;0;0;0;0;0;0
FR;5;2021-10-25;0;0;0;0;0;0;0;0;0;0
FR;5;2021-10-26;0;0;0;0;0;0;0;0;0;0
FR;5;2021-10-27;0;0;0;0;0;0;0;0;0;0
FR;5;2021-10-28;0;0;0;0;0;0;0;0;0;0
FR;5;2021-10-29;0;0;0;0;0;0;0;0;0;0
FR;5;2021-10-30;0;0;0;0;0;0;0;0;0;0
FR;5;2021-10-31;0;0;0;0;0;0;0;0;0;0
FR;5;2021-11-01;0;0;0;0;0;0;0;0;0;0
FR;5;2021-11-02;0;0;0;0;0;0;0;0;0;0
FR;5;2021-11-03;0;0;0;0;0;0;0;0;0;0
FR;5;2021-11-04;0;0;0;0;0;0;0;0;0;0
FR;5;2021-11-05;0;0;0;0;0;0;0;0;0;0
FR;5;2021-11-06;0;0;0;0;0;0;0;0;0;0
FR;5;2021-11-07;0;0;0;0;0;0;0;0;0;0
FR;5;2021-11-08;0;0;0;0;0;0;0;0;0;0
FR;5;2021-11-09;0;0;0;0;0;0;0;0;0;0
FR;5;2021-11-10;0;0;0;0;0;0;0;0;0;0
FR;5;2021-11-11;0;0;0;0;0;0;0;0;0;0
FR;5;2021-11-12;0;0;0;0;0;0;0;0;0;0
FR;5;2021-11-13;0;0;0;0;0;0;0;0;0;0
FR;5;2021-11-14;0;0;0;0;0;0;0;0;0;0
FR;5;2021-11-15;0;0;0;0;0;0;0;0;0;0
FR;5;2021-11-16;0;0;0;0;0;0;0;0;0;0
FR;5;2021-11-17;0;0;0;0;0;0;0;0;0;0
FR;5;2021-11-18;0;0;0;0;0;0;0;0;0;0
FR;5;2021-11-19;0;0;0;0;0;0;0;0;0;0
FR;5;2021-11-20;0;0;0;0;0;0;0;0;0;0
FR;5;2021-11-21;0;0;0;0;0;0;0;0;0;0
FR;5;2021-11-22;0;0;0;0;0;0;0;0;0;0
FR;5;2021-11-23;0;0;0;0;0;0;0;0;0;0
FR;5;2021-11-24;0;0;0;0;0;0;0;0;0;0
FR;5;2021-11-25;0;0;0;0;0;0;0;0;0;0
FR;5;2021-11-26;0;0;0;0;0;0;0;0;0;0
FR;5;2021-11-27;0;0;0;0;0;0;0;0;0;0
FR;5;2021-11-28;0;0;0;0;0;0;0;0;0;0
FR;5;2021-11-29;0;0;0;0;0;0;0;0;0;0
FR;5;2021-11-30;0;0;0;0;0;0;0;0;0;0
FR;5;2021-12-01;0;0;0;0;0;0;0;0;0;0
FR;5;2021-12-02;0;0;0;0;0;0;0;0;0;0
FR;5;2021-12-03;0;0;0;0;0;0;0;0;0;0
FR;5;2021-12-04;0;0;0;0;0;0;0;0;0;0
FR;5;2021-12-05;0;0;0;0;0;0;0;0;0;0
FR;5;2021-12-06;0;0;0;0;0;0;0;0;0;0
FR;5;2021-12-07;0;0;0;0;0;0;0;0;0;0
FR;5;2021-12-08;0;0;0;0;0;0;0;0;0;0
FR;5;2021-12-09;0;0;0;0;0;0;0;0;0;0
FR;5;2021-12-10;0;0;0;0;0;0;0;0;0;0
FR;5;2021-12-11;0;0;0;0;0;0;0;0;0;0
FR;5;2021-12-12;0;0;0;0;0;0;0;0;0;0
FR;5;2021-12-13;0;0;0;0;0;0;0;0;0;0
FR;5;2021-12-14;29;45;77;0;88;29;45;77;0;88
FR;5;2021-12-15;196;44;37;0;49;225;89;114;0;137
FR;5;2021-12-16;180;21;44;0;48;405;110;158;0;185
FR;5;2021-12-17;310;16;72;0;74;715;126;230;0;259
FR;5;2021-12-18;764;24;22;0;29;1479;150;252;0;288
FR;5;2021-12-19;586;15;15;0;17;2065;165;267;0;305
FR;5;2021-12-20;1223;31;35;0;38;3288;196;302;0;343
FR;5;2021-12-21;1535;22;54;1;60;4823;218;356;1;403
FR;5;2021-12-22;4069;40;37;0;46;8892;258;393;1;449
FR;5;2021-12-23;3042;16;21;0;25;11934;274;414;1;474
FR;5;2021-12-24;759;18;9;0;15;12693;292;423;1;489
FR;5;2021-12-25;61;5;1;0;2;12754;297;424;1;491
FR;5;2021-12-26;623;6;3;0;4;13377;303;427;1;495
FR;5;2021-12-27;4080;25;21;0;23;17457;328;448;1;518
FR;5;2021-12-28;5202;23;41;1;43;22659;351;489;2;561
FR;5;2021-12-29;8104;34;65;2;68;30763;385;554;4;629
FR;5;2021-12-30;5172;18;33;0;39;35935;403;587;4;668
FR;5;2021-12-31;1553;8;10;0;11;37488;411;597;4;679
FR;5;2022-01-01;185;2;2;0;3;37673;413;599;4;682
FR;5;2022-01-02;1489;1;1;0;1;39162;414;600;4;683
FR;5;2022-01-03;3058;36;33;0;32;42220;450;633;4;715
FR;5;2022-01-04;3034;39;33;0;42;45254;489;666;4;757
FR;5;2022-01-05;19313;203;97;1;108;64567;692;763;5;865
FR;5;2022-01-06;3742;133;122;0;142;68309;825;885;5;1007
FR;5;2022-01-07;5007;200;48;2;56;73316;1025;933;7;1063
FR;5;2022-01-08;13654;514;45;0;52;86970;1539;978;7;1115
FR;5;2022-01-09;5755;399;15;0;20;92725;1938;993;7;1135
FR;5;2022-01-10;3453;326;25;0;29;96178;2264;1018;7;1164
FR;5;2022-01-11;3668;284;38;0;41;99846;2548;1056;7;1205
FR;5;2022-01-12;22652;3003;90;0;113;122498;5551;1146;7;1318
FR;5;2022-01-13;4035;622;30;0;32;126533;6173;1176;7;1350
FR;5;2022-01-14;4843;581;44;0;51;131376;6754;1220;7;1401
FR;5;2022-01-15;14681;1746;38;3;49;146057;8500;1258;10;1450
FR;5;2022-01-16;4727;666;3;0;5;150784;9166;1261;10;1455
FR;5;2022-01-17;2293;715;26;0;29;153077;9881;1287;10;1484
FR;5;2022-01-18;2429;870;30;0;40;155506;10751;1317;10;1524
FR;5;2022-01-19;18480;6422;74;2;142;173986;17173;1391;12;1666
FR;5;2022-01-20;1920;1067;25;0;34;175906;18240;1416;12;1700
FR;5;2022-01-21;3074;1371;47;1;59;178980;19611;1463;13;1759
FR;5;2022-01-22;10721;3454;33;1;43;189701;23065;1496;14;1802
FR;5;2022-01-23;2629;1415;5;0;9;192330;24480;1501;14;1811
FR;5;2022-01-24;1159;1340;19;0;23;193489;25820;1520;14;1834
FR;5;2022-01-25;1219;1548;19;2;29;194708;27368;1539;16;1863
FR;5;2022-01-26;10750;12015;50;1;89;205458;39383;1589;17;1952
FR;5;2022-01-27;1291;1693;10;0;17;206749;41076;1599;17;1969
FR;5;2022-01-28;1695;3347;16;0;19;208444;44423;1615;17;1988
FR;5;2022-01-29;6237;8040;68;0;96;214681;52463;1683;17;2084
FR;5;2022-01-30;1509;2950;5;0;18;216190;55413;1688;17;2102
FR;5;2022-01-31;588;1773;23;0;24;216778;57186;1711;17;2126
FR;5;2022-02-01;712;1702;10;0;15;217490;58888;1721;17;2141
FR;5;2022-02-02;6957;15653;52;0;94;224447;74541;1773;17;2235
FR;5;2022-02-03;488;1690;14;0;13;224935;76231;1787;17;2248
FR;5;2022-02-04;941;3001;19;0;31;225876;79232;1806;17;2279
FR;5;2022-02-05;3532;8916;23;0;37;229408;88148;1829;17;2316
FR;5;2022-02-06;737;2397;10;0;19;230145;90545;1839;17;2335
FR;5;2022-02-07;883;1595;22;0;24;231028;92140;1861;17;2359
FR;5;2022-02-08;722;1285;18;0;20;231750;93425;1879;17;2379
FR;5;2022-02-09;4535;12875;44;0;76;236285;106300;1923;17;2455
FR;5;2022-02-10;646;1058;14;0;15;236931;107358;1937;17;2470
FR;5;2022-02-11;793;2026;16;0;21;237724;109384;1953;17;2491
FR;5;2022-02-12;2285;6811;33;0;53;240009;116195;1986;17;2544
FR;5;2022-02-13;465;1540;8;0;8;240474;117735;1994;17;2552
FR;5;2022-02-14;678;1288;10;0;13;241152;119023;2004;17;2565
FR;5;2022-02-15;482;885;9;0;14;241634;119908;2013;17;2579
FR;5;2022-02-16;2978;9123;41;1;58;244612;129031;2054;18;2637
FR;5;2022-02-17;435;805;6;0;7;245047;129836;2060;18;2644
FR;5;2022-02-18;650;1407;13;0;17;245697;131243;2073;18;2661
FR;5;2022-02-19;1371;4314;16;0;28;247068;135557;2089;18;2689
FR;5;2022-02-20;247;879;6;0;8;247315;136436;2095;18;2697
FR;5;2022-02-21;221;607;2;0;4;247536;137043;2097;18;2701
FR;5;2022-02-22;259;544;17;0;17;247795;137587;2114;18;2718
FR;5;2022-02-23;1908;6923;22;1;42;249703;144510;2136;19;2760
FR;5;2022-02-24;182;374;5;1;6;249885;144884;2141;20;2766
FR;5;2022-02-25;335;949;13;0;12;250220;145833;2154;20;2778
FR;5;2022-02-26;972;3067;10;0;14;251192;148900;2164;20;2792
FR;5;2022-02-27;147;506;0;0;3;251339;149406;2164;20;2795
FR;5;2022-02-28;161;369;1;0;1;251500;149775;2165;20;2796
FR;5;2022-03-01;128;279;6;0;7;251628;150054;2171;20;2803
FR;5;2022-03-02;1240;4150;28;3;40;252868;154204;2199;23;2843
FR;5;2022-03-03;121;250;6;0;9;252989;154454;2205;23;2852
FR;5;2022-03-04;193;488;13;0;14;253182;154942;2218;23;2866
FR;5;2022-03-05;676;1990;8;0;16;253858;156932;2226;23;2882
FR;5;2022-03-06;108;260;0;0;0;253966;157192;2226;23;2882
FR;5;2022-03-07;70;228;5;0;3;254036;157420;2231;23;2885
FR;5;2022-03-08;46;130;7;1;7;254082;157550;2238;24;2892
FR;5;2022-03-09;909;3076;23;0;35;254991;160626;2261;24;2927
FR;5;2022-03-10;82;200;7;0;10;255073;160826;2268;24;2937
FR;5;2022-03-11;147;369;13;1;15;255220;161195;2281;25;2952
FR;5;2022-03-12;758;1613;13;1;30;255978;162808;2294;26;2982
FR;5;2022-03-13;76;100;0;0;0;256054;162908;2294;26;2982
FR;5;2022-03-14;67;118;7;1;7;256121;163026;2301;27;2989
FR;5;2022-03-15;83;99;3;0;6;256204;163125;2304;27;2995
FR;5;2022-03-16;884;1822;15;3;34;257088;164947;2319;30;3029
FR;5;2022-03-17;66;123;8;4;10;257154;165070;2327;34;3039
FR;5;2022-03-18;172;318;13;4;18;257326;165388;2340;38;3057
FR;5;2022-03-19;749;1162;12;5;33;258075;166550;2352;43;3090
FR;5;2022-03-20;45;93;1;0;1;258120;166643;2353;43;3091
FR;5;2022-03-21;71;120;10;6;15;258191;166763;2363;49;3106
FR;5;2022-03-22;56;119;8;8;9;258247;166882;2371;57;3115
FR;5;2022-03-23;803;1460;14;8;36;259050;168342;2385;65;3151
FR;5;2022-03-24;68;93;8;7;7;259118;168435;2393;72;3158
FR;5;2022-03-25;222;289;14;8;18;259340;168724;2407;80;3176
FR;5;2022-03-26;706;852;12;5;26;260046;169576;2419;85;3202
FR;5;2022-03-27;74;78;0;0;3;260120;169654;2419;85;3205
FR;5;2022-03-28;81;91;1;2;3;260201;169745;2420;87;3208
FR;5;2022-03-29;71;82;10;4;12;260272;169827;2430;91;3220
FR;5;2022-03-30;820;1115;15;13;28;261092;170942;2445;104;3248
FR;5;2022-03-31;102;124;1;4;6;261194;171066;2446;108;3254
FR;5;2022-04-01;107;86;7;12;11;261301;171152;2453;120;3265
FR;5;2022-04-02;329;348;3;3;14;261630;171500;2456;123;3279
FR;5;2022-04-03;54;59;1;0;1;261684;171559;2457;123;3280
FR;5;2022-04-04;36;57;4;1;8;261720;171616;2461;124;3288
FR;5;2022-04-05;50;60;6;7;9;261770;171676;2467;131;3297
FR;5;2022-04-06;421;439;7;15;16;262191;172115;2474;146;3313
FR;5;2022-04-07;45;68;5;7;7;262236;172183;2479;153;3320
FR;5;2022-04-08;130;110;12;14;15;262366;172293;2491;167;3335
FR;5;2022-04-09;309;321;2;4;16;262675;172614;2493;171;3351
FR;5;2022-04-10;43;31;2;0;2;262718;172645;2495;171;3353
FR;5;2022-04-11;50;60;3;2;4;262768;172705;2498;173;3357
FR;5;2022-04-12;57;54;3;3;5;262825;172759;2501;176;3362
FR;5;2022-04-13;382;413;3;8;16;263207;173172;2504;184;3378
FR;5;2022-04-14;47;48;5;5;9;263254;173220;2509;189;3387
FR;5;2022-04-15;91;107;3;5;4;263345;173327;2512;194;3391
FR;5;2022-04-16;188;183;2;1;13;263533;173510;2514;195;3404
FR;5;2022-04-17;12;10;1;0;1;263545;173520;2515;195;3405
FR;5;2022-04-18;8;9;2;0;2;263553;173529;2517;195;3407
FR;5;2022-04-19;72;70;5;1;5;263625;173599;2522;196;3412
FR;5;2022-04-20;359;349;9;6;12;263984;173948;2531;202;3424
FR;5;2022-04-21;42;64;9;10;12;264026;174012;2540;212;3436
FR;5;2022-04-22;113;96;5;4;5;264139;174108;2545;216;3441
FR;5;2022-04-23;208;192;3;2;10;264347;174300;2548;218;3451
FR;5;2022-04-24;37;35;0;0;3;264384;174335;2548;218;3454
FR;5;2022-04-25;67;65;1;1;4;264451;174400;2549;219;3458
FR;5;2022-04-26;58;60;2;1;5;264509;174460;2551;220;3463
FR;5;2022-04-27;332;316;2;7;14;264841;174776;2553;227;3477
FR;5;2022-04-28;74;54;4;5;8;264915;174830;2557;232;3485
FR;5;2022-04-29;117;79;5;18;12;265032;174909;2562;250;3497
FR;5;2022-04-30;182;115;1;1;10;265214;175024;2563;251;3507
FR;5;2022-05-01;10;7;0;0;0;265224;175031;2563;251;3507
FR;5;2022-05-02;46;27;4;5;2;265270;175058;2567;256;3509
FR;5;2022-05-03;83;55;2;5;11;265353;175113;2569;261;3520
FR;5;2022-05-04;276;204;1;2;7;265629;175317;2570;263;3527
FR;5;2022-05-05;62;32;2;4;4;265691;175349;2572;267;3531
FR;5;2022-05-06;102;64;2;3;5;265793;175413;2574;270;3536
FR;5;2022-05-07;170;115;3;10;13;265963;175528;2577;280;3549
FR;5;2022-05-08;7;8;0;0;2;265970;175536;2577;280;3551
FR;5;2022-05-09;44;31;0;1;2;266014;175567;2577;281;3553
FR;5;2022-05-10;52;46;2;4;4;266066;175613;2579;285;3557
FR;5;2022-05-11;324;235;12;7;21;266390;175848;2591;292;3578
FR;5;2022-05-12;45;33;1;3;2;266435;175881;2592;295;3580
FR;5;2022-05-13;107;82;1;8;7;266542;175963;2593;303;3587
FR;5;2022-05-14;202;127;0;1;8;266744;176090;2593;304;3595
FR;5;2022-05-15;22;7;2;0;1;266766;176097;2595;304;3596
FR;6;2020-12-27;0;0;0;0;0;0;0;0;0;0
FR;6;2020-12-28;0;0;0;0;0;0;0;0;0;0
FR;6;2020-12-29;0;0;0;0;0;0;0;0;0;0
FR;6;2020-12-30;0;0;0;0;0;0;0;0;0;0
FR;6;2020-12-31;0;0;0;0;0;0;0;0;0;0
FR;6;2021-01-01;0;0;0;0;0;0;0;0;0;0
FR;6;2021-01-02;0;0;0;0;0;0;0;0;0;0
FR;6;2021-01-03;0;0;0;0;0;0;0;0;0;0
FR;6;2021-01-04;0;0;0;0;0;0;0;0;0;0
FR;6;2021-01-05;0;0;0;0;0;0;0;0;0;0
FR;6;2021-01-06;0;0;0;0;0;0;0;0;0;0
FR;6;2021-01-07;0;0;0;0;0;0;0;0;0;0
FR;6;2021-01-08;0;0;0;0;0;0;0;0;0;0
FR;6;2021-01-09;0;0;0;0;0;0;0;0;0;0
FR;6;2021-01-10;0;0;0;0;0;0;0;0;0;0
FR;6;2021-01-11;0;0;0;0;0;0;0;0;0;0
FR;6;2021-01-12;0;0;0;0;0;0;0;0;0;0
FR;6;2021-01-13;0;0;0;0;0;0;0;0;0;0
FR;6;2021-01-14;0;0;0;0;0;0;0;0;0;0
FR;6;2021-01-15;0;0;0;0;0;0;0;0;0;0
FR;6;2021-01-16;0;0;0;0;0;0;0;0;0;0
FR;6;2021-01-17;0;0;0;0;0;0;0;0;0;0
FR;6;2021-01-18;0;0;0;0;0;0;0;0;0;0
FR;6;2021-01-19;0;0;0;0;0;0;0;0;0;0
FR;6;2021-01-20;0;0;0;0;0;0;0;0;0;0
FR;6;2021-01-21;0;0;0;0;0;0;0;0;0;0
FR;6;2021-01-22;0;0;0;0;0;0;0;0;0;0
FR;6;2021-01-23;0;0;0;0;0;0;0;0;0;0
FR;6;2021-01-24;0;0;0;0;0;0;0;0;0;0
FR;6;2021-01-25;0;0;0;0;0;0;0;0;0;0
FR;6;2021-01-26;0;0;0;0;0;0;0;0;0;0
FR;6;2021-01-27;0;0;0;0;0;0;0;0;0;0
FR;6;2021-01-28;0;0;0;0;0;0;0;0;0;0
FR;6;2021-01-29;0;0;0;0;0;0;0;0;0;0
FR;6;2021-01-30;0;0;0;0;0;0;0;0;0;0
FR;6;2021-01-31;0;0;0;0;0;0;0;0;0;0
FR;6;2021-02-01;0;0;0;0;0;0;0;0;0;0
FR;6;2021-02-02;0;0;0;0;0;0;0;0;0;0
FR;6;2021-02-03;0;0;0;0;0;0;0;0;0;0
FR;6;2021-02-04;0;0;0;0;0;0;0;0;0;0
FR;6;2021-02-05;0;0;0;0;0;0;0;0;0;0
FR;6;2021-02-06;0;0;0;0;0;0;0;0;0;0
FR;6;2021-02-07;0;0;0;0;0;0;0;0;0;0
FR;6;2021-02-08;0;0;0;0;0;0;0;0;0;0
FR;6;2021-02-09;0;0;0;0;0;0;0;0;0;0
FR;6;2021-02-10;0;0;0;0;0;0;0;0;0;0
FR;6;2021-02-11;0;0;0;0;0;0;0;0;0;0
FR;6;2021-02-12;0;0;0;0;0;0;0;0;0;0
FR;6;2021-02-13;0;0;0;0;0;0;0;0;0;0
FR;6;2021-02-14;0;0;0;0;0;0;0;0;0;0
FR;6;2021-02-15;0;0;0;0;0;0;0;0;0;0
FR;6;2021-02-16;0;0;0;0;0;0;0;0;0;0
FR;6;2021-02-17;0;0;0;0;0;0;0;0;0;0
FR;6;2021-02-18;0;0;0;0;0;0;0;0;0;0
FR;6;2021-02-19;0;0;0;0;0;0;0;0;0;0
FR;6;2021-02-20;0;0;0;0;0;0;0;0;0;0
FR;6;2021-02-21;0;0;0;0;0;0;0;0;0;0
FR;6;2021-02-22;0;0;0;0;0;0;0;0;0;0
FR;6;2021-02-23;0;0;0;0;0;0;0;0;0;0
FR;6;2021-02-24;0;0;0;0;0;0;0;0;0;0
FR;6;2021-02-25;0;0;0;0;0;0;0;0;0;0
FR;6;2021-02-26;0;0;0;0;0;0;0;0;0;0
FR;6;2021-02-27;0;0;0;0;0;0;0;0;0;0
FR;6;2021-02-28;0;0;0;0;0;0;0;0;0;0
FR;6;2021-03-01;0;0;0;0;0;0;0;0;0;0
FR;6;2021-03-02;0;0;0;0;0;0;0;0;0;0
FR;6;2021-03-03;0;0;0;0;0;0;0;0;0;0
FR;6;2021-03-04;0;0;0;0;0;0;0;0;0;0
FR;6;2021-03-05;0;0;0;0;0;0;0;0;0;0
FR;6;2021-03-06;0;0;0;0;0;0;0;0;0;0
FR;6;2021-03-07;0;0;0;0;0;0;0;0;0;0
FR;6;2021-03-08;0;0;0;0;0;0;0;0;0;0
FR;6;2021-03-09;0;0;0;0;0;0;0;0;0;0
FR;6;2021-03-10;0;0;0;0;0;0;0;0;0;0
FR;6;2021-03-11;0;0;0;0;0;0;0;0;0;0
FR;6;2021-03-12;0;0;0;0;0;0;0;0;0;0
FR;6;2021-03-13;0;0;0;0;0;0;0;0;0;0
FR;6;2021-03-14;0;0;0;0;0;0;0;0;0;0
FR;6;2021-03-15;0;0;0;0;0;0;0;0;0;0
FR;6;2021-03-16;0;0;0;0;0;0;0;0;0;0
FR;6;2021-03-17;0;0;0;0;0;0;0;0;0;0
FR;6;2021-03-18;0;0;0;0;0;0;0;0;0;0
FR;6;2021-03-19;0;0;0;0;0;0;0;0;0;0
FR;6;2021-03-20;0;0;0;0;0;0;0;0;0;0
FR;6;2021-03-21;0;0;0;0;0;0;0;0;0;0
FR;6;2021-03-22;0;0;0;0;0;0;0;0;0;0
FR;6;2021-03-23;0;0;0;0;0;0;0;0;0;0
FR;6;2021-03-24;0;0;0;0;0;0;0;0;0;0
FR;6;2021-03-25;0;0;0;0;0;0;0;0;0;0
FR;6;2021-03-26;0;0;0;0;0;0;0;0;0;0
FR;6;2021-03-27;0;0;0;0;0;0;0;0;0;0
FR;6;2021-03-28;0;0;0;0;0;0;0;0;0;0
FR;6;2021-03-29;0;0;0;0;0;0;0;0;0;0
FR;6;2021-03-30;0;0;0;0;0;0;0;0;0;0
FR;6;2021-03-31;0;0;0;0;0;0;0;0;0;0
FR;6;2021-04-01;0;0;0;0;0;0;0;0;0;0
FR;6;2021-04-02;0;0;0;0;0;0;0;0;0;0
FR;6;2021-04-03;0;0;0;0;0;0;0;0;0;0
FR;6;2021-04-04;0;0;0;0;0;0;0;0;0;0
FR;6;2021-04-05;0;0;0;0;0;0;0;0;0;0
FR;6;2021-04-06;0;0;0;0;0;0;0;0;0;0
FR;6;2021-04-07;0;0;0;0;0;0;0;0;0;0
FR;6;2021-04-08;0;0;0;0;0;0;0;0;0;0
FR;6;2021-04-09;0;0;0;0;0;0;0;0;0;0
FR;6;2021-04-10;0;0;0;0;0;0;0;0;0;0
FR;6;2021-04-11;0;0;0;0;0;0;0;0;0;0
FR;6;2021-04-12;0;0;0;0;0;0;0;0;0;0
FR;6;2021-04-13;0;0;0;0;0;0;0;0;0;0
FR;6;2021-04-14;0;0;0;0;0;0;0;0;0;0
FR;6;2021-04-15;0;0;0;0;0;0;0;0;0;0
FR;6;2021-04-16;0;0;0;0;0;0;0;0;0;0
FR;6;2021-04-17;0;0;0;0;0;0;0;0;0;0
FR;6;2021-04-18;0;0;0;0;0;0;0;0;0;0
FR;6;2021-04-19;0;0;0;0;0;0;0;0;0;0
FR;6;2021-04-20;0;0;0;0;0;0;0;0;0;0
FR;6;2021-04-21;0;0;0;0;0;0;0;0;0;0
FR;6;2021-04-22;0;0;0;0;0;0;0;0;0;0
FR;6;2021-04-23;0;0;0;0;0;0;0;0;0;0
FR;6;2021-04-24;0;0;0;0;0;0;0;0;0;0
FR;6;2021-04-25;0;0;0;0;0;0;0;0;0;0
FR;6;2021-04-26;0;0;0;0;0;0;0;0;0;0
FR;6;2021-04-27;0;0;0;0;0;0;0;0;0;0
FR;6;2021-04-28;0;0;0;0;0;0;0;0;0;0
FR;6;2021-04-29;0;0;0;0;0;0;0;0;0;0
FR;6;2021-04-30;0;0;0;0;0;0;0;0;0;0
FR;6;2021-05-01;0;0;0;0;0;0;0;0;0;0
FR;6;2021-05-02;0;0;0;0;0;0;0;0;0;0
FR;6;2021-05-03;0;0;0;0;0;0;0;0;0;0
FR;6;2021-05-04;0;0;0;0;0;0;0;0;0;0
FR;6;2021-05-05;0;0;0;0;0;0;0;0;0;0
FR;6;2021-05-06;0;0;0;0;0;0;0;0;0;0
FR;6;2021-05-07;0;0;0;0;0;0;0;0;0;0
FR;6;2021-05-08;0;0;0;0;0;0;0;0;0;0
FR;6;2021-05-09;0;0;0;0;0;0;0;0;0;0
FR;6;2021-05-10;0;0;0;0;0;0;0;0;0;0
FR;6;2021-05-11;0;0;0;0;0;0;0;0;0;0
FR;6;2021-05-12;0;0;0;0;0;0;0;0;0;0
FR;6;2021-05-13;0;0;0;0;0;0;0;0;0;0
FR;6;2021-05-14;0;0;0;0;0;0;0;0;0;0
FR;6;2021-05-15;0;0;0;0;0;0;0;0;0;0
FR;6;2021-05-16;0;0;0;0;0;0;0;0;0;0
FR;6;2021-05-17;0;0;0;0;0;0;0;0;0;0
FR;6;2021-05-18;0;0;0;0;0;0;0;0;0;0
FR;6;2021-05-19;0;0;0;0;0;0;0;0;0;0
FR;6;2021-05-20;0;0;0;0;0;0;0;0;0;0
FR;6;2021-05-21;0;0;0;0;0;0;0;0;0;0
FR;6;2021-05-22;0;0;0;0;0;0;0;0;0;0
FR;6;2021-05-23;0;0;0;0;0;0;0;0;0;0
FR;6;2021-05-24;0;0;0;0;0;0;0;0;0;0
FR;6;2021-05-25;0;0;0;0;0;0;0;0;0;0
FR;6;2021-05-26;0;0;0;0;0;0;0;0;0;0
FR;6;2021-05-27;0;0;0;0;0;0;0;0;0;0
FR;6;2021-05-28;0;0;0;0;0;0;0;0;0;0
FR;6;2021-05-29;0;0;0;0;0;0;0;0;0;0
FR;6;2021-05-30;0;0;0;0;0;0;0;0;0;0
FR;6;2021-05-31;0;0;0;0;0;0;0;0;0;0
FR;6;2021-06-01;0;0;0;0;0;0;0;0;0;0
FR;6;2021-06-02;0;0;0;0;0;0;0;0;0;0
FR;6;2021-06-03;0;0;0;0;0;0;0;0;0;0
FR;6;2021-06-04;0;0;0;0;0;0;0;0;0;0
FR;6;2021-06-05;0;0;0;0;0;0;0;0;0;0
FR;6;2021-06-06;0;0;0;0;0;0;0;0;0;0
FR;6;2021-06-07;0;0;0;0;0;0;0;0;0;0
FR;6;2021-06-08;0;0;0;0;0;0;0;0;0;0
FR;6;2021-06-09;0;0;0;0;0;0;0;0;0;0
FR;6;2021-06-10;0;0;0;0;0;0;0;0;0;0
FR;6;2021-06-11;0;0;0;0;0;0;0;0;0;0
FR;6;2021-06-12;0;0;0;0;0;0;0;0;0;0
FR;6;2021-06-13;0;0;0;0;0;0;0;0;0;0
FR;6;2021-06-14;0;0;0;0;0;0;0;0;0;0
FR;6;2021-06-15;0;0;0;0;0;0;0;0;0;0
FR;6;2021-06-16;0;0;0;0;0;0;0;0;0;0
FR;6;2021-06-17;0;0;0;0;0;0;0;0;0;0
FR;6;2021-06-18;0;0;0;0;0;0;0;0;0;0
FR;6;2021-06-19;0;0;0;0;0;0;0;0;0;0
FR;6;2021-06-20;0;0;0;0;0;0;0;0;0;0
FR;6;2021-06-21;0;0;0;0;0;0;0;0;0;0
FR;6;2021-06-22;0;0;0;0;0;0;0;0;0;0
FR;6;2021-06-23;0;0;0;0;0;0;0;0;0;0
FR;6;2021-06-24;0;0;0;0;0;0;0;0;0;0
FR;6;2021-06-25;0;0;0;0;0;0;0;0;0;0
FR;6;2021-06-26;0;0;0;0;0;0;0;0;0;0
FR;6;2021-06-27;0;0;0;0;0;0;0;0;0;0
FR;6;2021-06-28;0;0;0;0;0;0;0;0;0;0
FR;6;2021-06-29;0;0;0;0;0;0;0;0;0;0
FR;6;2021-06-30;0;0;0;0;0;0;0;0;0;0
FR;6;2021-07-01;0;0;0;0;0;0;0;0;0;0
FR;6;2021-07-02;0;0;0;0;0;0;0;0;0;0
FR;6;2021-07-03;0;0;0;0;0;0;0;0;0;0
FR;6;2021-07-04;0;0;0;0;0;0;0;0;0;0
FR;6;2021-07-05;0;0;0;0;0;0;0;0;0;0
FR;6;2021-07-06;0;0;0;0;0;0;0;0;0;0
FR;6;2021-07-07;0;0;0;0;0;0;0;0;0;0
FR;6;2021-07-08;0;0;0;0;0;0;0;0;0;0
FR;6;2021-07-09;0;0;0;0;0;0;0;0;0;0
FR;6;2021-07-10;0;0;0;0;0;0;0;0;0;0
FR;6;2021-07-11;0;0;0;0;0;0;0;0;0;0
FR;6;2021-07-12;0;0;0;0;0;0;0;0;0;0
FR;6;2021-07-13;0;0;0;0;0;0;0;0;0;0
FR;6;2021-07-14;0;0;0;0;0;0;0;0;0;0
FR;6;2021-07-15;0;0;0;0;0;0;0;0;0;0
FR;6;2021-07-16;0;0;0;0;0;0;0;0;0;0
FR;6;2021-07-17;0;0;0;0;0;0;0;0;0;0
FR;6;2021-07-18;0;0;0;0;0;0;0;0;0;0
FR;6;2021-07-19;0;0;0;0;0;0;0;0;0;0
FR;6;2021-07-20;0;0;0;0;0;0;0;0;0;0
FR;6;2021-07-21;0;0;0;0;0;0;0;0;0;0
FR;6;2021-07-22;0;0;0;0;0;0;0;0;0;0
FR;6;2021-07-23;0;0;0;0;0;0;0;0;0;0
FR;6;2021-07-24;0;0;0;0;0;0;0;0;0;0
FR;6;2021-07-25;0;0;0;0;0;0;0;0;0;0
FR;6;2021-07-26;0;0;0;0;0;0;0;0;0;0
FR;6;2021-07-27;0;0;0;0;0;0;0;0;0;0
FR;6;2021-07-28;0;0;0;0;0;0;0;0;0;0
FR;6;2021-07-29;0;0;0;0;0;0;0;0;0;0
FR;6;2021-07-30;0;0;0;0;0;0;0;0;0;0
FR;6;2021-07-31;0;0;0;0;0;0;0;0;0;0
FR;6;2021-08-01;0;0;0;0;0;0;0;0;0;0
FR;6;2021-08-02;0;0;0;0;0;0;0;0;0;0
FR;6;2021-08-03;0;0;0;0;0;0;0;0;0;0
FR;6;2021-08-04;0;0;0;0;0;0;0;0;0;0
FR;6;2021-08-05;0;0;0;0;0;0;0;0;0;0
FR;6;2021-08-06;0;0;0;0;0;0;0;0;0;0
FR;6;2021-08-07;0;0;0;0;0;0;0;0;0;0
FR;6;2021-08-08;0;0;0;0;0;0;0;0;0;0
FR;6;2021-08-09;0;0;0;0;0;0;0;0;0;0
FR;6;2021-08-10;0;0;0;0;0;0;0;0;0;0
FR;6;2021-08-11;0;0;0;0;0;0;0;0;0;0
FR;6;2021-08-12;0;0;0;0;0;0;0;0;0;0
FR;6;2021-08-13;0;0;0;0;0;0;0;0;0;0
FR;6;2021-08-14;0;0;0;0;0;0;0;0;0;0
FR;6;2021-08-15;0;0;0;0;0;0;0;0;0;0
FR;6;2021-08-16;0;0;0;0;0;0;0;0;0;0
FR;6;2021-08-17;0;0;0;0;0;0;0;0;0;0
FR;6;2021-08-18;0;0;0;0;0;0;0;0;0;0
FR;6;2021-08-19;0;0;0;0;0;0;0;0;0;0
FR;6;2021-08-20;0;0;0;0;0;0;0;0;0;0
FR;6;2021-08-21;0;0;0;0;0;0;0;0;0;0
FR;6;2021-08-22;0;0;0;0;0;0;0;0;0;0
FR;6;2021-08-23;0;0;0;0;0;0;0;0;0;0
FR;6;2021-08-24;0;0;0;0;0;0;0;0;0;0
FR;6;2021-08-25;0;0;0;0;0;0;0;0;0;0
FR;6;2021-08-26;0;0;0;0;0;0;0;0;0;0
FR;6;2021-08-27;0;0;0;0;0;0;0;0;0;0
FR;6;2021-08-28;0;0;0;0;0;0;0;0;0;0
FR;6;2021-08-29;0;0;0;0;0;0;0;0;0;0
FR;6;2021-08-30;0;0;0;0;0;0;0;0;0;0
FR;6;2021-08-31;0;0;0;0;0;0;0;0;0;0
FR;6;2021-09-01;0;0;0;0;0;0;0;0;0;0
FR;6;2021-09-02;0;0;0;0;0;0;0;0;0;0
FR;6;2021-09-03;0;0;0;0;0;0;0;0;0;0
FR;6;2021-09-04;0;0;0;0;0;0;0;0;0;0
FR;6;2021-09-05;0;0;0;0;0;0;0;0;0;0
FR;6;2021-09-06;0;0;0;0;0;0;0;0;0;0
FR;6;2021-09-07;0;0;0;0;0;0;0;0;0;0
FR;6;2021-09-08;0;0;0;0;0;0;0;0;0;0
FR;6;2021-09-09;0;0;0;0;0;0;0;0;0;0
FR;6;2021-09-10;0;0;0;0;0;0;0;0;0;0
FR;6;2021-09-11;0;0;0;0;0;0;0;0;0;0
FR;6;2021-09-12;0;0;0;0;0;0;0;0;0;0
FR;6;2021-09-13;0;0;0;0;0;0;0;0;0;0
FR;6;2021-09-14;0;0;0;0;0;0;0;0;0;0
FR;6;2021-09-15;0;0;0;0;0;0;0;0;0;0
FR;6;2021-09-16;0;0;0;0;0;0;0;0;0;0
FR;6;2021-09-17;0;0;0;0;0;0;0;0;0;0
FR;6;2021-09-18;0;0;0;0;0;0;0;0;0;0
FR;6;2021-09-19;0;0;0;0;0;0;0;0;0;0
FR;6;2021-09-20;0;0;0;0;0;0;0;0;0;0
FR;6;2021-09-21;0;0;0;0;0;0;0;0;0;0
FR;6;2021-09-22;0;0;0;0;0;0;0;0;0;0
FR;6;2021-09-23;0;0;0;0;0;0;0;0;0;0
FR;6;2021-09-24;0;0;0;0;0;0;0;0;0;0
FR;6;2021-09-25;0;0;0;0;0;0;0;0;0;0
FR;6;2021-09-26;0;0;0;0;0;0;0;0;0;0
FR;6;2021-09-27;0;0;0;0;0;0;0;0;0;0
FR;6;2021-09-28;0;0;0;0;0;0;0;0;0;0
FR;6;2021-09-29;0;0;0;0;0;0;0;0;0;0
FR;6;2021-09-30;0;0;0;0;0;0;0;0;0;0
FR;6;2021-10-01;0;0;0;0;0;0;0;0;0;0
FR;6;2021-10-02;0;0;0;0;0;0;0;0;0;0
FR;6;2021-10-03;0;0;0;0;0;0;0;0;0;0
FR;6;2021-10-04;0;0;0;0;0;0;0;0;0;0
FR;6;2021-10-05;0;0;0;0;0;0;0;0;0;0
FR;6;2021-10-06;0;0;0;0;0;0;0;0;0;0
FR;6;2021-10-07;0;0;0;0;0;0;0;0;0;0
FR;6;2021-10-08;0;0;0;0;0;0;0;0;0;0
FR;6;2021-10-09;0;0;0;0;0;0;0;0;0;0
FR;6;2021-10-10;0;0;0;0;0;0;0;0;0;0
FR;6;2021-10-11;0;0;0;0;0;0;0;0;0;0
FR;6;2021-10-12;0;0;0;0;0;0;0;0;0;0
FR;6;2021-10-13;0;0;0;0;0;0;0;0;0;0
FR;6;2021-10-14;0;0;0;0;0;0;0;0;0;0
FR;6;2021-10-15;0;0;0;0;0;0;0;0;0;0
FR;6;2021-10-16;0;0;0;0;0;0;0;0;0;0
FR;6;2021-10-17;0;0;0;0;0;0;0;0;0;0
FR;6;2021-10-18;0;0;0;0;0;0;0;0;0;0
FR;6;2021-10-19;0;0;0;0;0;0;0;0;0;0
FR;6;2021-10-20;0;0;0;0;0;0;0;0;0;0
FR;6;2021-10-21;0;0;0;0;0;0;0;0;0;0
FR;6;2021-10-22;0;0;0;0;0;0;0;0;0;0
FR;6;2021-10-23;0;0;0;0;0;0;0;0;0;0
FR;6;2021-10-24;0;0;0;0;0;0;0;0;0;0
FR;6;2021-10-25;0;0;0;0;0;0;0;0;0;0
FR;6;2021-10-26;0;0;0;0;0;0;0;0;0;0
FR;6;2021-10-27;0;0;0;0;0;0;0;0;0;0
FR;6;2021-10-28;0;0;0;0;0;0;0;0;0;0
FR;6;2021-10-29;0;0;0;0;0;0;0;0;0;0
FR;6;2021-10-30;0;0;0;0;0;0;0;0;0;0
FR;6;2021-10-31;0;0;0;0;0;0;0;0;0;0
FR;6;2021-11-01;0;0;0;0;0;0;0;0;0;0
FR;6;2021-11-02;0;0;0;0;0;0;0;0;0;0
FR;6;2021-11-03;0;0;0;0;0;0;0;0;0;0
FR;6;2021-11-04;0;0;0;0;0;0;0;0;0;0
FR;6;2021-11-05;0;0;0;0;0;0;0;0;0;0
FR;6;2021-11-06;0;0;0;0;0;0;0;0;0;0
FR;6;2021-11-07;0;0;0;0;0;0;0;0;0;0
FR;6;2021-11-08;0;0;0;0;0;0;0;0;0;0
FR;6;2021-11-09;0;0;0;0;0;0;0;0;0;0
FR;6;2021-11-10;0;0;0;0;0;0;0;0;0;0
FR;6;2021-11-11;0;0;0;0;0;0;0;0;0;0
FR;6;2021-11-12;0;0;0;0;0;0;0;0;0;0
FR;6;2021-11-13;0;0;0;0;0;0;0;0;0;0
FR;6;2021-11-14;0;0;0;0;0;0;0;0;0;0
FR;6;2021-11-15;0;0;0;0;0;0;0;0;0;0
FR;6;2021-11-16;0;0;0;0;0;0;0;0;0;0
FR;6;2021-11-17;0;0;0;0;0;0;0;0;0;0
FR;6;2021-11-18;0;0;0;0;0;0;0;0;0;0
FR;6;2021-11-19;0;0;0;0;0;0;0;0;0;0
FR;6;2021-11-20;0;0;0;0;0;0;0;0;0;0
FR;6;2021-11-21;0;0;0;0;0;0;0;0;0;0
FR;6;2021-11-22;0;0;0;0;0;0;0;0;0;0
FR;6;2021-11-23;0;0;0;0;0;0;0;0;0;0
FR;6;2021-11-24;0;0;0;0;0;0;0;0;0;0
FR;6;2021-11-25;0;0;0;0;0;0;0;0;0;0
FR;6;2021-11-26;0;0;0;0;0;0;0;0;0;0
FR;6;2021-11-27;0;0;0;0;0;0;0;0;0;0
FR;6;2021-11-28;0;0;0;0;0;0;0;0;0;0
FR;6;2021-11-29;0;0;0;0;0;0;0;0;0;0
FR;6;2021-11-30;0;0;0;0;0;0;0;0;0;0
FR;6;2021-12-01;0;0;0;0;0;0;0;0;0;0
FR;6;2021-12-02;0;0;0;0;0;0;0;0;0;0
FR;6;2021-12-03;0;0;0;0;0;0;0;0;0;0
FR;6;2021-12-04;0;0;0;0;0;0;0;0;0;0
FR;6;2021-12-05;0;0;0;0;0;0;0;0;0;0
FR;6;2021-12-06;0;0;0;0;0;0;0;0;0;0
FR;6;2021-12-07;0;0;0;0;0;0;0;0;0;0
FR;6;2021-12-08;0;0;0;0;0;0;0;0;0;0
FR;6;2021-12-09;0;0;0;0;0;0;0;0;0;0
FR;6;2021-12-10;0;0;0;0;0;0;0;0;0;0
FR;6;2021-12-11;0;0;0;0;0;0;0;0;0;0
FR;6;2021-12-12;0;0;0;0;0;0;0;0;0;0
FR;6;2021-12-13;0;0;0;0;0;0;0;0;0;0
FR;6;2021-12-14;0;0;0;0;0;0;0;0;0;0
FR;6;2021-12-15;0;0;0;0;0;0;0;0;0;0
FR;6;2021-12-16;0;0;0;0;0;0;0;0;0;0
FR;6;2021-12-17;0;0;0;0;0;0;0;0;0;0
FR;6;2021-12-18;0;0;0;0;0;0;0;0;0;0
FR;6;2021-12-19;0;0;0;0;0;0;0;0;0;0
FR;6;2021-12-20;0;0;0;0;0;0;0;0;0;0
FR;6;2021-12-21;0;0;0;0;0;0;0;0;0;0
FR;6;2021-12-22;0;0;0;0;0;0;0;0;0;0
FR;6;2021-12-23;0;0;0;0;0;0;0;0;0;0
FR;6;2021-12-24;0;0;0;0;0;0;0;0;0;0
FR;6;2021-12-25;0;0;0;0;0;0;0;0;0;0
FR;6;2021-12-26;0;0;0;0;0;0;0;0;0;0
FR;6;2021-12-27;0;0;0;0;0;0;0;0;0;0
FR;6;2021-12-28;0;0;0;0;0;0;0;0;0;0
FR;6;2021-12-29;0;0;0;0;0;0;0;0;0;0
FR;6;2021-12-30;0;0;0;0;0;0;0;0;0;0
FR;6;2021-12-31;0;0;0;0;0;0;0;0;0;0
FR;6;2022-01-01;0;0;0;0;0;0;0;0;0;0
FR;6;2022-01-02;0;0;0;0;0;0;0;0;0;0
FR;6;2022-01-03;0;0;0;0;0;0;0;0;0;0
FR;6;2022-01-04;0;0;0;0;0;0;0;0;0;0
FR;6;2022-01-05;0;0;0;0;0;0;0;0;0;0
FR;6;2022-01-06;0;0;0;0;0;0;0;0;0;0
FR;6;2022-01-07;0;0;0;0;0;0;0;0;0;0
FR;6;2022-01-08;0;0;0;0;0;0;0;0;0;0
FR;6;2022-01-09;0;0;0;0;0;0;0;0;0;0
FR;6;2022-01-10;0;0;0;0;0;0;0;0;0;0
FR;6;2022-01-11;0;0;0;0;0;0;0;0;0;0
FR;6;2022-01-12;0;0;0;0;0;0;0;0;0;0
FR;6;2022-01-13;0;0;0;0;0;0;0;0;0;0
FR;6;2022-01-14;0;0;0;0;0;0;0;0;0;0
FR;6;2022-01-15;0;0;0;0;0;0;0;0;0;0
FR;6;2022-01-16;0;0;0;0;0;0;0;0;0;0
FR;6;2022-01-17;0;0;0;0;0;0;0;0;0;0
FR;6;2022-01-18;0;0;0;0;0;0;0;0;0;0
FR;6;2022-01-19;0;0;0;0;0;0;0;0;0;0
FR;6;2022-01-20;0;0;0;0;0;0;0;0;0;0
FR;6;2022-01-21;0;0;0;0;0;0;0;0;0;0
FR;6;2022-01-22;0;0;0;0;0;0;0;0;0;0
FR;6;2022-01-23;0;0;0;0;0;0;0;0;0;0
FR;6;2022-01-24;0;0;0;0;0;0;0;0;0;0
FR;6;2022-01-25;0;0;0;0;0;0;0;0;0;0
FR;6;2022-01-26;0;0;0;0;0;0;0;0;0;0
FR;6;2022-01-27;0;0;0;0;0;0;0;0;0;0
FR;6;2022-01-28;0;0;0;0;0;0;0;0;0;0
FR;6;2022-01-29;0;0;0;0;0;0;0;0;0;0
FR;6;2022-01-30;0;0;0;0;0;0;0;0;0;0
FR;6;2022-01-31;0;0;0;0;0;0;0;0;0;0
FR;6;2022-02-01;0;0;0;0;0;0;0;0;0;0
FR;6;2022-02-02;0;0;0;0;0;0;0;0;0;0
FR;6;2022-02-03;0;0;0;0;0;0;0;0;0;0
FR;6;2022-02-04;0;0;0;0;0;0;0;0;0;0
FR;6;2022-02-05;0;0;0;0;0;0;0;0;0;0
FR;6;2022-02-06;0;0;0;0;0;0;0;0;0;0
FR;6;2022-02-07;0;0;0;0;0;0;0;0;0;0
FR;6;2022-02-08;0;0;0;0;0;0;0;0;0;0
FR;6;2022-02-09;0;0;0;0;0;0;0;0;0;0
FR;6;2022-02-10;0;0;0;0;0;0;0;0;0;0
FR;6;2022-02-11;0;0;0;0;0;0;0;0;0;0
FR;6;2022-02-12;0;0;0;0;0;0;0;0;0;0
FR;6;2022-02-13;0;0;0;0;0;0;0;0;0;0
FR;6;2022-02-14;0;0;0;0;0;0;0;0;0;0
FR;6;2022-02-15;0;0;0;0;0;0;0;0;0;0
FR;6;2022-02-16;0;0;0;0;0;0;0;0;0;0
FR;6;2022-02-17;0;0;0;0;0;0;0;0;0;0
FR;6;2022-02-18;0;0;0;0;0;0;0;0;0;0
FR;6;2022-02-19;0;0;0;0;0;0;0;0;0;0
FR;6;2022-02-20;0;0;0;0;0;0;0;0;0;0
FR;6;2022-02-21;0;0;0;0;0;0;0;0;0;0
FR;6;2022-02-22;0;0;0;0;0;0;0;0;0;0
FR;6;2022-02-23;0;0;0;0;0;0;0;0;0;0
FR;6;2022-02-24;0;0;0;0;0;0;0;0;0;0
FR;6;2022-02-25;0;0;0;0;0;0;0;0;0;0
FR;6;2022-02-26;1;0;0;0;0;1;0;0;0;0
FR;6;2022-02-27;0;0;0;0;0;1;0;0;0;0
FR;6;2022-02-28;0;0;0;0;0;1;0;0;0;0
FR;6;2022-03-01;3;0;0;0;0;4;0;0;0;0
FR;6;2022-03-02;97;9;2;0;7;101;9;2;0;7
FR;6;2022-03-03;0;0;0;0;0;101;9;2;0;7
FR;6;2022-03-04;91;4;0;0;4;192;13;2;0;11
FR;6;2022-03-05;391;23;2;0;14;583;36;4;0;25
FR;6;2022-03-06;7;1;0;0;0;590;37;4;0;25
FR;6;2022-03-07;337;19;0;0;13;927;56;4;0;38
FR;6;2022-03-08;230;14;0;0;5;1157;70;4;0;43
FR;6;2022-03-09;519;29;2;0;21;1676;99;6;0;64
FR;6;2022-03-10;206;18;0;1;12;1882;117;6;1;76
FR;6;2022-03-11;328;21;6;0;21;2210;138;12;1;97
FR;6;2022-03-12;518;25;1;0;20;2728;163;13;1;117
FR;6;2022-03-13;40;2;0;0;1;2768;165;13;1;118
FR;6;2022-03-14;201;4;2;0;3;2969;169;15;1;121
FR;6;2022-03-15;112;11;2;0;9;3081;180;17;1;130
FR;6;2022-03-16;310;17;1;1;14;3391;197;18;2;144
FR;6;2022-03-17;117;6;1;2;4;3508;203;19;4;148
FR;6;2022-03-18;214;11;0;0;6;3722;214;19;4;154
FR;6;2022-03-19;307;19;2;0;9;4029;233;21;4;163
FR;6;2022-03-20;15;5;0;0;1;4044;238;21;4;164
FR;6;2022-03-21;132;23;1;0;4;4176;261;22;4;168
FR;6;2022-03-22;97;15;0;0;4;4273;276;22;4;172
FR;6;2022-03-23;226;108;3;0;14;4499;384;25;4;186
FR;6;2022-03-24;99;15;1;3;4;4598;399;26;7;190
FR;6;2022-03-25;203;141;2;1;15;4801;540;28;8;205
FR;6;2022-03-26;332;295;7;1;19;5133;835;35;9;224
FR;6;2022-03-27;32;30;1;0;1;5165;865;36;9;225
FR;6;2022-03-28;200;208;8;1;17;5365;1073;44;10;242
FR;6;2022-03-29;126;189;12;2;12;5491;1262;56;12;254
FR;6;2022-03-30;305;476;10;2;22;5796;1738;66;14;276
FR;6;2022-03-31;124;140;9;0;13;5920;1878;75;14;289
FR;6;2022-04-01;194;150;11;2;23;6114;2028;86;16;312
FR;6;2022-04-02;205;241;9;1;13;6319;2269;95;17;325
FR;6;2022-04-03;17;21;0;0;1;6336;2290;95;17;326
FR;6;2022-04-04;130;114;6;1;9;6466;2404;101;18;335
FR;6;2022-04-05;145;88;15;1;11;6611;2492;116;19;346
FR;6;2022-04-06;202;245;22;26;27;6813;2737;138;45;373
FR;6;2022-04-07;127;96;15;5;17;6940;2833;153;50;390
FR;6;2022-04-08;199;170;16;3;17;7139;3003;169;53;407
FR;6;2022-04-09;145;139;6;12;13;7284;3142;175;65;420
FR;6;2022-04-10;10;20;3;0;1;7294;3162;178;65;421
FR;6;2022-04-11;101;106;4;0;5;7395;3268;182;65;426
FR;6;2022-04-12;134;75;5;8;10;7529;3343;187;73;436
FR;6;2022-04-13;160;175;7;5;13;7689;3518;194;78;449
FR;6;2022-04-14;100;103;5;10;8;7789;3621;199;88;457
FR;6;2022-04-15;160;148;11;7;19;7949;3769;210;95;476
FR;6;2022-04-16;127;132;5;0;14;8076;3901;215;95;490
FR;6;2022-04-17;8;9;4;0;4;8084;3910;219;95;494
FR;6;2022-04-18;8;15;3;0;4;8092;3925;222;95;498
FR;6;2022-04-19;97;112;4;3;3;8189;4037;226;98;501
FR;6;2022-04-20;172;227;8;7;15;8361;4264;234;105;516
FR;6;2022-04-21;111;93;8;4;11;8472;4357;242;109;527
FR;6;2022-04-22;136;160;13;12;13;8608;4517;255;121;540
FR;6;2022-04-23;104;129;1;1;7;8712;4646;256;122;547
FR;6;2022-04-24;5;21;1;0;0;8717;4667;257;122;547
FR;6;2022-04-25;90;128;3;8;11;8807;4795;260;130;558
FR;6;2022-04-26;100;128;18;2;16;8907;4923;278;132;574
FR;6;2022-04-27;196;159;21;1;27;9103;5082;299;133;601
FR;6;2022-04-28;108;87;6;1;8;9211;5169;305;134;609
FR;6;2022-04-29;186;168;16;2;20;9397;5337;321;136;629
FR;6;2022-04-30;131;125;7;1;24;9528;5462;328;137;653
FR;6;2022-05-01;7;6;0;0;0;9535;5468;328;137;653
FR;6;2022-05-02;94;65;3;4;3;9629;5533;331;141;656
FR;6;2022-05-03;136;91;11;2;7;9765;5624;342;143;663
FR;6;2022-05-04;165;117;25;12;29;9930;5741;367;155;692
FR;6;2022-05-05;101;70;8;3;12;10031;5811;375;158;704
FR;6;2022-05-06;149;109;10;9;16;10180;5920;385;167;720
FR;6;2022-05-07;138;93;13;3;23;10318;6013;398;170;743
FR;6;2022-05-08;20;8;6;5;7;10338;6021;404;175;750
FR;6;2022-05-09;83;70;9;7;13;10421;6091;413;182;763
FR;6;2022-05-10;109;80;15;7;12;10530;6171;428;189;775
FR;6;2022-05-11;129;120;11;14;20;10659;6291;439;203;795
FR;6;2022-05-12;104;75;6;5;13;10763;6366;445;208;808
FR;6;2022-05-13;153;93;17;21;19;10916;6459;462;229;827
FR;6;2022-05-14;81;59;6;7;15;10997;6518;468;236;842
FR;6;2022-05-15;12;7;1;0;1;11009;6525;469;236;843
FR;0;2020-12-27;601;0;0;0;0;601;0;0;0;0
FR;0;2020-12-28;663;1;0;0;0;1264;1;0;0;0
FR;0;2020-12-29;371;0;0;0;0;1635;1;0;0;0
FR;0;2020-12-30;436;0;0;0;0;2071;1;0;0;0
FR;0;2020-12-31;411;0;0;0;0;2482;1;0;0;0
FR;0;2021-01-01;1135;1;0;0;0;3617;2;0;0;0
FR;0;2021-01-02;356;3;0;0;0;3973;5;0;0;0
FR;0;2021-01-03;398;0;0;0;0;4371;5;0;0;0
FR;0;2021-01-04;2086;1;0;0;0;6457;6;0;0;0
FR;0;2021-01-05;7523;2;0;0;0;13980;8;0;0;0
FR;0;2021-01-06;12403;9;0;0;0;26383;17;0;0;0
FR;0;2021-01-07;29444;9;0;0;0;55827;26;0;0;0
FR;0;2021-01-08;37121;8;0;0;0;92948;34;0;0;0
FR;0;2021-01-09;11209;4;0;0;0;104157;38;0;0;0
FR;0;2021-01-10;5996;3;0;0;0;110153;41;0;0;0
FR;0;2021-01-11;39920;15;0;0;0;150073;56;0;0;0
FR;0;2021-01-12;62119;14;0;0;0;212192;70;0;0;0
FR;0;2021-01-13;65095;28;0;0;0;277287;98;0;0;0
FR;0;2021-01-14;83122;68;0;0;0;360409;166;0;0;0
FR;0;2021-01-15;68985;26;0;0;0;429394;192;0;0;0
FR;0;2021-01-16;20208;70;0;0;0;449602;262;0;0;0
FR;0;2021-01-17;10976;46;0;0;0;460578;308;0;0;0
FR;0;2021-01-18;85871;166;0;0;0;546449;474;0;0;0
FR;0;2021-01-19;130569;170;0;0;0;677018;644;0;0;0
FR;0;2021-01-20;137519;169;0;0;0;814537;813;0;0;0
FR;0;2021-01-21;158367;167;0;0;0;972904;980;0;0;0
FR;0;2021-01-22;121036;198;0;0;0;1093940;1178;0;0;0
FR;0;2021-01-23;38464;63;0;0;0;1132404;1241;0;0;0
FR;0;2021-01-24;9739;69;0;0;0;1142143;1310;0;0;0
FR;0;2021-01-25;78215;1261;0;0;0;1220358;2571;0;0;0
FR;0;2021-01-26;100353;3265;1;0;0;1320711;5836;1;0;0
FR;0;2021-01-27;107221;5883;0;0;0;1427932;11719;1;0;0
FR;0;2021-01-28;124321;14896;0;0;0;1552253;26615;1;0;0
FR;0;2021-01-29;92167;17692;0;0;0;1644420;44307;1;0;0
FR;0;2021-01-30;29108;4253;0;0;0;1673528;48560;1;0;0
FR;0;2021-01-31;5224;1731;0;0;0;1678752;50291;1;0;0
FR;0;2021-02-01;53100;21477;0;0;0;1731852;71768;1;0;0
FR;0;2021-02-02;72274;35581;0;0;0;1804126;107349;1;0;0
FR;0;2021-02-03;72284;37788;0;0;0;1876410;145137;1;0;0
FR;0;2021-02-04;82043;51300;0;0;0;1958453;196437;1;0;0
FR;0;2021-02-05;68214;46020;0;0;0;2026667;242457;1;0;0
FR;0;2021-02-06;23115;10743;0;0;0;2049782;253200;1;0;0
FR;0;2021-02-07;5181;5242;0;0;0;2054963;258442;1;0;0
FR;0;2021-02-08;46815;46803;0;0;0;2101778;305245;1;0;0
FR;0;2021-02-09;65990;74042;0;0;0;2167768;379287;1;0;0
FR;0;2021-02-10;70977;78909;0;0;0;2238745;458196;1;0;0
FR;0;2021-02-11;87233;100897;0;0;0;2325978;559093;1;0;0
FR;0;2021-02-12;79284;74820;0;0;0;2405262;633913;1;0;0
FR;0;2021-02-13;22350;19534;0;0;0;2427612;653447;1;0;0
FR;0;2021-02-14;5068;7182;0;0;0;2432680;660629;1;0;0
FR;0;2021-02-15;38063;76584;0;0;0;2470743;737213;1;0;0
FR;0;2021-02-16;50360;100530;0;0;0;2521103;837743;1;0;0
FR;0;2021-02-17;50493;104424;1;0;0;2571596;942167;2;0;0
FR;0;2021-02-18;69752;120020;0;0;0;2641348;1062187;2;0;0
FR;0;2021-02-19;65045;91023;1;0;0;2706393;1153210;3;0;0
FR;0;2021-02-20;18571;28580;0;0;0;2724964;1181790;3;0;0
FR;0;2021-02-21;3313;6318;0;0;0;2728277;1188108;3;0;0
FR;0;2021-02-22;37474;73124;2;0;0;2765751;1261232;5;0;0
FR;0;2021-02-23;53757;84416;1;0;0;2819508;1345648;6;0;0
FR;0;2021-02-24;59975;81613;1;0;0;2879483;1427261;7;0;0
FR;0;2021-02-25;100540;91345;1;0;0;2980023;1518606;8;0;0
FR;0;2021-02-26;113422;70770;1;0;0;3093445;1589376;9;0;0
FR;0;2021-02-27;52091;22129;0;0;0;3145536;1611505;9;0;0
FR;0;2021-02-28;6190;4291;1;0;0;3151726;1615796;10;0;0
FR;0;2021-03-01;65826;53273;1;0;0;3217552;1669069;11;0;0
FR;0;2021-03-02;101342;66519;2;0;0;3318894;1735588;13;0;0
FR;0;2021-03-03;116458;65513;0;0;0;3435352;1801101;13;0;0
FR;0;2021-03-04;163576;70043;3;0;0;3598928;1871144;16;0;0
FR;0;2021-03-05;200880;63165;3;0;0;3799808;1934309;19;0;0
FR;0;2021-03-06;207919;17732;3;0;0;4007727;1952041;22;0;0
FR;0;2021-03-07;121249;5028;1;0;0;4128976;1957069;23;0;0
FR;0;2021-03-08;107108;50439;2;0;0;4236084;2007508;25;0;0
FR;0;2021-03-09;172405;56530;2;0;0;4408489;2064038;27;0;0
FR;0;2021-03-10;178927;57147;5;0;0;4587416;2121185;32;0;0
FR;0;2021-03-11;242818;63361;2;0;0;4830234;2184546;34;0;0
FR;0;2021-03-12;294767;53421;1;0;0;5125001;2237967;35;0;0
FR;0;2021-03-13;231368;15305;1;0;0;5356369;2253272;36;0;0
FR;0;2021-03-14;63334;3329;1;0;0;5419703;2256601;37;0;0
FR;0;2021-03-15;158596;32214;3;0;0;5578299;2288815;40;0;0
FR;0;2021-03-16;141534;39157;6;0;0;5719833;2327972;46;0;0
FR;0;2021-03-17;150437;38224;4;0;0;5870270;2366196;50;0;0
FR;0;2021-03-18;167772;44538;5;0;0;6038042;2410734;55;0;0
FR;0;2021-03-19;229955;37201;2;0;0;6267997;2447935;57;0;0
FR;0;2021-03-20;166639;11596;1;0;0;6434636;2459531;58;0;0
FR;0;2021-03-21;49917;2529;1;0;0;6484553;2462060;59;0;0
FR;0;2021-03-22;169993;34038;2;0;0;6654546;2496098;61;0;0
FR;0;2021-03-23;250327;42391;1;0;0;6904873;2538489;62;0;0
FR;0;2021-03-24;256846;43714;0;0;0;7161719;2582203;62;0;0
FR;0;2021-03-25;341740;44870;5;0;0;7503459;2627073;67;0;0
FR;0;2021-03-26;358740;41828;4;1;0;7862199;2668901;71;1;0
FR;0;2021-03-27;195237;16714;1;0;0;8057436;2685615;72;1;0
FR;0;2021-03-28;59321;3979;3;0;0;8116757;2689594;75;1;0
FR;0;2021-03-29;202925;54062;4;0;0;8319682;2743656;79;1;0
FR;0;2021-03-30;285403;69650;4;0;0;8605085;2813306;83;1;0
FR;0;2021-03-31;262955;73177;4;0;0;8868040;2886483;87;1;0
FR;0;2021-04-01;315374;89062;12;0;0;9183414;2975545;99;1;0
FR;0;2021-04-02;281268;92666;7;0;0;9464682;3068211;106;1;0
FR;0;2021-04-03;141045;61885;5;0;0;9605727;3130096;111;1;0
FR;0;2021-04-04;46444;18723;2;0;0;9652171;3148819;113;1;0
FR;0;2021-04-05;63302;10817;11;0;0;9715473;3159636;124;1;0
FR;0;2021-04-06;217135;109059;17;0;0;9932608;3268695;141;1;0
FR;0;2021-04-07;260184;115414;17;0;0;10192792;3384109;158;1;0
FR;0;2021-04-08;337732;121576;14;0;0;10530524;3505685;172;1;0
FR;0;2021-04-09;410072;116297;49;0;0;10940596;3621982;221;1;0
FR;0;2021-04-10;212575;82618;15;0;0;11153171;3704600;236;1;0
FR;0;2021-04-11;56118;34441;7;0;0;11209289;3739041;243;1;0
FR;0;2021-04-12;236991;115220;45;0;0;11446280;3854261;288;1;0
FR;0;2021-04-13;309414;144556;98;1;0;11755694;3998817;386;2;0
FR;0;2021-04-14;294426;139284;213;0;0;12050120;4138101;599;2;0
FR;0;2021-04-15;336999;148251;338;0;0;12387119;4286352;937;2;0
FR;0;2021-04-16;339217;145845;352;0;0;12726336;4432197;1289;2;0
FR;0;2021-04-17;188617;90053;108;0;0;12914953;4522250;1397;2;0
FR;0;2021-04-18;51600;35371;47;0;0;12966553;4557621;1444;2;0
FR;0;2021-04-19;205634;138186;454;0;0;13172187;4695807;1898;2;0
FR;0;2021-04-20;254336;170712;568;0;0;13426523;4866519;2466;2;0
FR;0;2021-04-21;253168;169008;833;0;0;13679691;5035527;3299;2;0
FR;0;2021-04-22;287481;188541;818;0;0;13967172;5224068;4117;2;0
FR;0;2021-04-23;297926;183370;747;0;0;14265098;5407438;4864;2;0
FR;0;2021-04-24;190407;111525;251;0;0;14455505;5518963;5115;2;0
FR;0;2021-04-25;69536;38791;51;0;0;14525041;5557754;5166;2;0
FR;0;2021-04-26;220890;156162;560;0;0;14745931;5713916;5726;2;0
FR;0;2021-04-27;284540;187300;939;0;0;15030471;5901216;6665;2;0
FR;0;2021-04-28;299424;183111;1422;1;1;15329895;6084327;8087;3;1
FR;0;2021-04-29;357048;196374;1275;0;0;15686943;6280701;9362;3;1
FR;0;2021-04-30;372126;184741;1119;1;0;16059069;6465442;10481;4;1
FR;0;2021-05-01;167590;52505;178;0;0;16226659;6517947;10659;4;1
FR;0;2021-05-02;91696;37766;83;0;0;16318355;6555713;10742;4;1
FR;0;2021-05-03;288847;168586;839;0;0;16607202;6724299;11581;4;1
FR;0;2021-05-04;315581;224302;1230;0;0;16922783;6948601;12811;4;1
FR;0;2021-05-05;327083;224647;1312;0;0;17249866;7173248;14123;4;1
FR;0;2021-05-06;379412;239323;1628;0;0;17629278;7412571;15751;4;1
FR;0;2021-05-07;372669;257222;1222;0;0;18001947;7669793;16973;4;1
FR;0;2021-05-08;222129;67208;297;0;0;18224076;7737001;17270;4;1
FR;0;2021-05-09;129671;46439;243;0;0;18353747;7783440;17513;4;1
FR;0;2021-05-10;313274;228675;1232;0;0;18667021;8012115;18745;4;1
FR;0;2021-05-11;403800;257773;1563;0;0;19070821;8269888;20308;4;1
FR;0;2021-05-12;434019;233039;1541;0;0;19504840;8502927;21849;4;1
FR;0;2021-05-13;338540;56941;430;0;0;19843380;8559868;22279;4;1
FR;0;2021-05-14;454044;167234;1122;0;0;20297424;8727102;23401;4;1
FR;0;2021-05-15;374913;94012;442;0;0;20672337;8821114;23843;4;1
FR;0;2021-05-16;202704;20790;168;0;0;20875041;8841904;24011;4;1
FR;0;2021-05-17;376001;148836;1549;0;0;21251042;8990740;25560;4;1
FR;0;2021-05-18;460018;153023;1986;0;0;21711060;9143763;27546;4;1
FR;0;2021-05-19;467281;144848;2453;0;0;22178341;9288611;29999;4;1
FR;0;2021-05-20;507385;160190;2331;0;0;22685726;9448801;32330;4;1
FR;0;2021-05-21;489550;174350;1987;0;0;23175276;9623151;34317;4;1
FR;0;2021-05-22;347136;79844;668;0;0;23522412;9702995;34985;4;1
FR;0;2021-05-23;161635;14406;246;0;0;23684047;9717401;35231;4;1
FR;0;2021-05-24;263127;33178;599;0;0;23947174;9750579;35830;4;1
FR;0;2021-05-25;400130;189085;2348;1;0;24347304;9939664;38178;5;1
FR;0;2021-05-26;413353;188348;2216;0;0;24760657;10128012;40394;5;1
FR;0;2021-05-27;449690;218513;2158;0;0;25210347;10346525;42552;5;1
FR;0;2021-05-28;429438;259380;1889;0;0;25639785;10605905;44441;5;1
FR;0;2021-05-29;298936;149311;583;0;0;25938721;10755216;45024;5;1
FR;0;2021-05-30;107093;32588;163;0;0;26045814;10787804;45187;5;1
FR;0;2021-05-31;357906;203391;1465;1;1;26403720;10991195;46652;6;2
FR;0;2021-06-01;430807;251291;1959;1;1;26834527;11242486;48611;7;3
FR;0;2021-06-02;419258;230771;1978;0;0;27253785;11473257;50589;7;3
FR;0;2021-06-03;464453;258388;1819;0;0;27718238;11731645;52408;7;3
FR;0;2021-06-04;455664;304741;1729;1;1;28173902;12036386;54137;8;4
FR;0;2021-06-05;304737;188946;651;0;0;28478639;12225332;54788;8;4
FR;0;2021-06-06;133234;49132;226;0;0;28611873;12274464;55014;8;4
FR;0;2021-06-07;338883;261940;1518;0;0;28950756;12536404;56532;8;4
FR;0;2021-06-08;393550;290958;1796;0;0;29344306;12827362;58328;8;4
FR;0;2021-06-09;384649;275504;1727;0;0;29728955;13102866;60055;8;4
FR;0;2021-06-10;403953;288901;1718;1;0;30132908;13391767;61773;9;4
FR;0;2021-06-11;386459;357251;1459;0;0;30519367;13749018;63232;9;4
FR;0;2021-06-12;283201;211286;490;0;0;30802568;13960304;63722;9;4
FR;0;2021-06-13;104830;73979;204;0;0;30907398;14034283;63926;9;4
FR;0;2021-06-14;240645;355627;1424;1;0;31148043;14389910;65350;10;4
FR;0;2021-06-15;307969;385650;1564;1;0;31456012;14775560;66914;11;4
FR;0;2021-06-16;313830;357715;1414;1;0;31769842;15133275;68328;12;4
FR;0;2021-06-17;317549;372420;1421;1;0;32087391;15505695;69749;13;4
FR;0;2021-06-18;321544;442378;1331;1;0;32408935;15948073;71080;14;4
FR;0;2021-06-19;224302;273773;447;0;0;32633237;16221846;71527;14;4
FR;0;2021-06-20;74363;102594;127;0;0;32707600;16324440;71654;14;4
FR;0;2021-06-21;195559;401888;1032;1;1;32903159;16726328;72686;15;5
FR;0;2021-06-22;222996;467395;1259;10;2;33126155;17193723;73945;25;7
FR;0;2021-06-23;233859;439912;1195;1;1;33360014;17633635;75140;26;8
FR;0;2021-06-24;241718;409562;1348;0;0;33601732;18043197;76488;26;8
FR;0;2021-06-25;227457;522194;1398;0;0;33829189;18565391;77886;26;8
FR;0;2021-06-26;153189;370691;585;1;0;33982378;18936082;78471;27;8
FR;0;2021-06-27;55861;156243;168;1;0;34038239;19092325;78639;28;8
FR;0;2021-06-28;154606;452918;1166;0;0;34192845;19545243;79805;28;8
FR;0;2021-06-29;182531;506765;2124;0;0;34375376;20052008;81929;28;8
FR;0;2021-06-30;203828;482227;2009;21;2;34579204;20534235;83938;49;10
FR;0;2021-07-01;231081;457796;2221;5;1;34810285;20992031;86159;54;11
FR;0;2021-07-02;228259;520206;2119;5;3;35038544;21512237;88278;59;14
FR;0;2021-07-03;141925;368736;909;3;1;35180469;21880973;89187;62;15
FR;0;2021-07-04;56688;141279;265;0;0;35237157;22022252;89452;62;15
FR;0;2021-07-05;168190;419322;1668;8;2;35405347;22441574;91120;70;17
FR;0;2021-07-06;196529;474812;1828;45;8;35601876;22916386;92948;115;25
FR;0;2021-07-07;212905;439307;1876;24;5;35814781;23355693;94824;139;30
FR;0;2021-07-08;231419;424164;2088;20;7;36046200;23779857;96912;159;37
FR;0;2021-07-09;228334;510599;2182;4;2;36274534;24290456;99094;163;39
FR;0;2021-07-10;148523;339854;982;1;1;36423057;24630310;100076;164;40
FR;0;2021-07-11;60138;110136;281;0;0;36483195;24740446;100357;164;40
FR;0;2021-07-12;168948;478213;1755;4;0;36652143;25218659;102112;168;40
FR;0;2021-07-13;287037;527444;2044;8;2;36939180;25746103;104156;176;42
FR;0;2021-07-14;180868;157748;433;0;0;37120048;25903851;104589;176;42
FR;0;2021-07-15;346841;502486;2097;1;0;37466889;26406337;106686;177;42
FR;0;2021-07-16;379888;495988;2021;3;1;37846777;26902325;108707;180;43
FR;0;2021-07-17;259640;319829;876;1;0;38106417;27222154;109583;181;43
FR;0;2021-07-18;109662;114805;310;0;0;38216079;27336959;109893;181;43
FR;0;2021-07-19;285297;425120;1627;3;0;38501376;27762079;111520;184;43
FR;0;2021-07-20;376709;452478;1721;0;0;38878085;28214557;113241;184;43
FR;0;2021-07-21;395617;407977;1549;4;2;39273702;28622534;114790;188;45
FR;0;2021-07-22;440863;388180;1713;4;2;39714565;29010714;116503;192;47
FR;0;2021-07-23;439708;423233;1880;4;2;40154273;29433947;118383;196;49
FR;0;2021-07-24;285176;269625;803;1;0;40439449;29703572;119186;197;49
FR;0;2021-07-25;121047;80067;226;0;0;40560496;29783639;119412;197;49
FR;0;2021-07-26;347237;323273;1614;3;2;40907733;30106912;121026;200;51
FR;0;2021-07-27;463873;320353;1696;4;2;41371606;30427265;122722;204;53
FR;0;2021-07-28;459281;290050;1634;4;2;41830887;30717315;124356;208;55
FR;0;2021-07-29;489661;276965;1794;2;1;42320548;30994280;126150;210;56
FR;0;2021-07-30;461619;302923;1936;5;2;42782167;31297203;128086;215;58
FR;0;2021-07-31;285333;185058;914;1;0;43067500;31482261;129000;216;58
FR;0;2021-08-01;111932;50012;252;0;0;43179432;31532273;129252;216;58
FR;0;2021-08-02;341195;234617;1598;2;0;43520627;31766890;130850;218;58
FR;0;2021-08-03;398375;245147;1716;2;1;43919002;32012037;132566;220;59
FR;0;2021-08-04;384592;210128;1590;6;3;44303594;32222165;134156;226;62
FR;0;2021-08-05;365959;228922;1709;0;0;44669553;32451087;135865;226;62
FR;0;2021-08-06;359532;271736;1833;4;1;45029085;32722823;137698;230;63
FR;0;2021-08-07;213023;178386;755;4;3;45242108;32901209;138453;234;66
FR;0;2021-08-08;74126;63245;270;0;0;45316234;32964454;138723;234;66
FR;0;2021-08-09;258565;259614;1540;4;3;45574799;33224068;140263;238;69
FR;0;2021-08-10;306577;278111;1655;2;1;45881376;33502179;141918;240;70
FR;0;2021-08-11;279499;260325;1440;5;1;46160875;33762504;143358;245;71
FR;0;2021-08-12;271346;278628;1659;3;1;46432221;34041132;145017;248;72
FR;0;2021-08-13;252020;277897;1589;3;2;46684241;34319029;146606;251;74
FR;0;2021-08-14;145268;197362;739;0;0;46829509;34516391;147345;251;74
FR;0;2021-08-15;39293;50109;215;1;0;46868802;34566500;147560;252;74
FR;0;2021-08-16;186024;318187;1539;0;0;47054826;34884687;149099;252;74
FR;0;2021-08-17;215546;336623;1633;7;1;47270372;35221310;150732;259;75
FR;0;2021-08-18;198902;324801;1594;7;4;47469274;35546111;152326;266;79
FR;0;2021-08-19;191866;325759;1632;1;0;47661140;35871870;153958;267;79
FR;0;2021-08-20;186330;366320;1809;3;2;47847470;36238190;155767;270;81
FR;0;2021-08-21;104746;238172;703;0;0;47952216;36476362;156470;270;81
FR;0;2021-08-22;31885;87199;253;1;1;47984101;36563561;156723;271;82
FR;0;2021-08-23;140880;357273;1558;3;2;48124981;36920834;158281;274;84
FR;0;2021-08-24;162394;376941;1844;5;1;48287375;37297775;160125;279;85
FR;0;2021-08-25;151055;350890;2028;8;3;48438430;37648665;162153;287;88
FR;0;2021-08-26;142727;342880;2553;10;1;48581157;37991545;164706;297;89
FR;0;2021-08-27;148351;388032;2789;11;4;48729508;38379577;167495;308;93
FR;0;2021-08-28;90592;249554;1405;0;0;48820100;38629131;168900;308;93
FR;0;2021-08-29;27301;83327;516;1;0;48847401;38712458;169416;309;93
FR;0;2021-08-30;117320;324928;4706;6;6045;48964721;39037386;174122;315;6138
FR;0;2021-08-31;128712;334678;10176;19;11889;49093433;39372064;184298;334;18027
FR;0;2021-09-01;135694;285710;22414;7;24311;49229127;39657774;206712;341;42338
FR;0;2021-09-02;112541;247289;26507;13;28856;49341668;39905063;233219;354;71194
FR;0;2021-09-03;118138;292742;29951;23;32959;49459806;40197805;263170;377;104153
FR;0;2021-09-04;89786;217731;12583;12;14069;49549592;40415536;275753;389;118222
FR;0;2021-09-05;21331;44866;4389;2;4728;49570923;40460402;280142;391;122950
FR;0;2021-09-06;75302;180825;31944;16;34232;49646225;40641227;312086;407;157182
FR;0;2021-09-07;80022;181258;33234;40;36090;49726247;40822485;345320;447;193272
FR;0;2021-09-08;89533;206209;29653;27;32444;49815780;41028694;374973;474;225716
FR;0;2021-09-09;76594;165401;33038;26;36507;49892374;41194095;408011;500;262223
FR;0;2021-09-10;95529;203686;35713;26;40499;49987903;41397781;443724;526;302722
FR;0;2021-09-11;66658;169216;12132;19;14299;50054561;41566997;455856;545;317021
FR;0;2021-09-12;12782;32087;2766;1;3159;50067343;41599084;458622;546;320180
FR;0;2021-09-13;64363;126390;41198;32;44028;50131706;41725474;499820;578;364208
FR;0;2021-09-14;73291;129126;56339;78;61972;50204997;41854600;556159;656;426180
FR;0;2021-09-15;76395;167874;55625;58;54766;50281392;42022474;611784;714;480946
FR;0;2021-09-16;63747;114540;60020;85;59996;50345139;42137014;671804;799;540942
FR;0;2021-09-17;74947;156848;53818;70;57215;50420086;42293862;725622;869;598157
FR;0;2021-09-18;48180;139591;15594;25;17279;50468266;42433453;741216;894;615436
FR;0;2021-09-19;7864;23714;2433;1;2620;50476130;42457167;743649;895;618056
FR;0;2021-09-20;44433;93931;50020;73;50249;50520563;42551098;793669;968;668305
FR;0;2021-09-21;45797;98463;62723;76;63352;50566360;42649561;856392;1044;731657
FR;0;2021-09-22;48574;142288;55328;83;55330;50614934;42791849;911720;1127;786987
FR;0;2021-09-23;43148;91987;62344;95;63456;50658082;42883836;974064;1222;850443
FR;0;2021-09-24;52187;133224;54519;110;59076;50710269;43017060;1028583;1332;909519
FR;0;2021-09-25;35189;115477;16263;37;18251;50745458;43132537;1044846;1369;927770
FR;0;2021-09-26;5523;17816;2264;5;2330;50750981;43150353;1047110;1374;930100
FR;0;2021-09-27;33915;76982;47168;96;48118;50784896;43227335;1094278;1470;978218
FR;0;2021-09-28;36443;75263;54923;88;56441;50821339;43302598;1149201;1558;1034659
FR;0;2021-09-29;44306;100836;53319;112;54802;50865645;43403434;1202520;1670;1089461
FR;0;2021-09-30;36263;72775;56993;95;59457;50901908;43476209;1259513;1765;1148918
FR;0;2021-10-01;61470;100807;57769;108;63671;50963378;43577016;1317282;1873;1212589
FR;0;2021-10-02;39409;78308;20947;38;23315;51002787;43655324;1338229;1911;1235904
FR;0;2021-10-03;5261;10545;2523;4;2539;51008048;43665869;1340752;1915;1238443
FR;0;2021-10-04;34908;58510;52606;84;54768;51042956;43724379;1393358;1999;1293211
FR;0;2021-10-05;33518;64343;60957;135;64902;51076474;43788722;1454315;2134;1358113
FR;0;2021-10-06;42367;79218;65683;113;68202;51118841;43867940;1519998;2247;1426315
FR;0;2021-10-07;30374;62119;65372;91;68646;51149215;43930059;1585370;2338;1494961
FR;0;2021-10-08;48699;91790;77708;110;84596;51197914;44021849;1663078;2448;1579557
FR;0;2021-10-09;33613;60866;31521;36;33853;51231527;44082715;1694599;2484;1613410
FR;0;2021-10-10;4578;7425;3186;9;3483;51236105;44090140;1697785;2493;1616893
FR;0;2021-10-11;30544;49906;61016;105;64023;51266649;44140046;1758801;2598;1680916
FR;0;2021-10-12;31301;54457;70555;139;75809;51297950;44194503;1829356;2737;1756725
FR;0;2021-10-13;39965;62775;74393;135;79236;51337915;44257278;1903749;2872;1835961
FR;0;2021-10-14;30212;52859;68719;116;73755;51368127;44310137;1972468;2988;1909716
FR;0;2021-10-15;44727;75230;93201;191;102876;51412854;44385367;2065669;3179;2012592
FR;0;2021-10-16;31263;44071;36679;44;39602;51444117;44429438;2102348;3223;2052194
FR;0;2021-10-17;3826;5274;3590;2;3693;51447943;44434712;2105938;3225;2055887
FR;0;2021-10-18;28172;42470;67464;133;71326;51476115;44477182;2173402;3358;2127213
FR;0;2021-10-19;26999;44247;76372;141;81597;51503114;44521429;2249774;3499;2208810
FR;0;2021-10-20;35184;52433;96901;180;101451;51538298;44573862;2346675;3679;2310261
FR;0;2021-10-21;25886;45196;83910;112;89093;51564184;44619058;2430585;3791;2399354
FR;0;2021-10-22;38177;62323;104858;199;112468;51602361;44681381;2535443;3990;2511822
FR;0;2021-10-23;26954;41219;45432;57;48592;51629315;44722600;2580875;4047;2560414
FR;0;2021-10-24;2911;4795;3678;6;3936;51632226;44727395;2584553;4053;2564350
FR;0;2021-10-25;25970;36348;82298;144;86593;51658196;44763743;2666851;4197;2650943
FR;0;2021-10-26;23678;35061;87202;166;92298;51681874;44798804;2754053;4363;2743241
FR;0;2021-10-27;30002;46405;108954;257;114600;51711876;44845209;2863007;4620;2857841
FR;0;2021-10-28;23371;34887;88653;153;94358;51735247;44880096;2951660;4773;2952199
FR;0;2021-10-29;31495;51294;117275;204;125231;51766742;44931390;3068935;4977;3077430
FR;0;2021-10-30;20519;33084;50322;77;53348;51787261;44964474;3119257;5054;3130778
FR;0;2021-10-31;2476;3764;3584;3;3868;51789737;44968238;3122841;5057;3134646
FR;0;2021-11-01;8179;4802;3197;3;3554;51797916;44973040;3126038;5060;3138200
FR;0;2021-11-02;25244;40081;93521;157;99454;51823160;45013121;3219559;5217;3237654
FR;0;2021-11-03;29730;47884;118828;218;125760;51852890;45061005;3338387;5435;3363414
FR;0;2021-11-04;23645;37502;107484;217;114305;51876535;45098507;3445871;5652;3477719
FR;0;2021-11-05;32254;52928;141579;233;151242;51908789;45151435;3587450;5885;3628961
FR;0;2021-11-06;21465;34568;64835;123;68214;51930254;45186003;3652285;6008;3697175
FR;0;2021-11-07;2376;4251;5170;6;5583;51932630;45190254;3657455;6014;3702758
FR;0;2021-11-08;20358;37830;127103;227;134144;51952988;45228084;3784558;6241;3836902
FR;0;2021-11-09;22115;44808;161601;341;172088;51975103;45272892;3946159;6582;4008990
FR;0;2021-11-10;31320;55062;186916;446;198656;52006423;45327954;4133075;7028;4207646
FR;0;2021-11-11;4269;6714;12918;28;13922;52010692;45334668;4145993;7056;4221568
FR;0;2021-11-12;28977;55158;183701;251;197242;52039669;45389826;4329694;7307;4418810
FR;0;2021-11-13;20277;32727;80671;118;86285;52059946;45422553;4410365;7425;4505095
FR;0;2021-11-14;2321;3956;7160;6;7876;52062267;45426509;4417525;7431;4512971
FR;0;2021-11-15;20272;38816;160765;312;171424;52082539;45465325;4578290;7743;4684395
FR;0;2021-11-16;23302;44050;200297;390;214848;52105841;45509375;4778587;8133;4899243
FR;0;2021-11-17;30289;50517;199766;407;212768;52136130;45559892;4978353;8540;5112011
FR;0;2021-11-18;23310;44868;191563;468;205379;52159440;45604760;5169916;9008;5317390
FR;0;2021-11-19;33528;61425;243108;548;262046;52192968;45666185;5413024;9556;5579436
FR;0;2021-11-20;25306;36762;102107;206;109651;52218274;45702947;5515131;9762;5689087
FR;0;2021-11-21;2622;4570;9638;18;10643;52220896;45707517;5524769;9780;5699730
FR;0;2021-11-22;22710;33336;180264;470;194723;52243606;45740853;5705033;10250;5894453
FR;0;2021-11-23;25527;45731;229285;547;247695;52269133;45786584;5934318;10797;6142148
FR;0;2021-11-24;31758;53808;224726;716;243104;52300891;45840392;6159044;11513;6385252
FR;0;2021-11-25;25379;49155;255804;740;277573;52326270;45889547;6414848;12253;6662825
FR;0;2021-11-26;33197;74751;379349;863;414488;52359467;45964298;6794197;13116;7077313
FR;0;2021-11-27;23287;49684;214832;389;236546;52382754;46013982;7009029;13505;7313859
FR;0;2021-11-28;3478;10595;56721;66;63330;52386232;46024577;7065750;13571;7377189
FR;0;2021-11-29;19382;54254;341362;863;371529;52405614;46078831;7407112;14434;7748718
FR;0;2021-11-30;24673;72181;457273;984;500616;52430287;46151012;7864385;15418;8249334
FR;0;2021-12-01;26779;75984;468961;1159;511163;52457066;46226996;8333346;16577;8760497
FR;0;2021-12-02;21950;71789;526972;1278;574684;52479016;46298785;8860318;17855;9335181
FR;0;2021-12-03;25447;92519;596228;1418;650953;52504463;46391304;9456546;19273;9986134
FR;0;2021-12-04;18282;60539;336148;690;369679;52522745;46451843;9792694;19963;10355813
FR;0;2021-12-05;4141;16273;95750;157;107048;52526886;46468116;9888444;20120;10462861
FR;0;2021-12-06;22084;73231;493008;1174;539808;52548970;46541347;10381452;21294;11002669
FR;0;2021-12-07;23291;91796;645222;1769;706119;52572261;46633143;11026674;23063;11708788
FR;0;2021-12-08;25315;92379;591419;1873;647307;52597576;46725522;11618093;24936;12356095
FR;0;2021-12-09;23984;94338;662908;2179;726158;52621560;46819860;12281001;27115;13082253
FR;0;2021-12-10;27594;111139;735903;2074;805970;52649154;46930999;13016904;29189;13888223
FR;0;2021-12-11;20214;76052;435104;986;480309;52669368;47007051;13452008;30175;14368532
FR;0;2021-12-12;5623;23284;142259;262;159222;52674991;47030335;13594267;30437;14527754
FR;0;2021-12-13;21044;91321;587498;1698;649187;52696035;47121656;14181765;32135;15176941
FR;0;2021-12-14;27491;118645;765348;2648;847342;52723526;47240301;14947113;34783;16024283
FR;0;2021-12-15;28168;114518;694153;2262;768894;52751694;47354819;15641266;37045;16793177
FR;0;2021-12-16;27918;116087;763838;2555;844238;52779612;47470906;16405104;39600;17637415
FR;0;2021-12-17;31508;128809;807708;2707;891969;52811120;47599715;17212812;42307;18529384
FR;0;2021-12-18;24911;81725;469892;1178;522139;52836031;47681440;17682704;43485;19051523
FR;0;2021-12-19;8740;28849;169347;378;191144;52844771;47710289;17852051;43863;19242667
FR;0;2021-12-20;31583;97552;591300;1787;658575;52876354;47807841;18443351;45650;19901242
FR;0;2021-12-21;39199;112358;682276;2391;759438;52915553;47920199;19125627;48041;20660680
FR;0;2021-12-22;39453;99666;575632;2167;642026;52955006;48019865;19701259;50208;21302706
FR;0;2021-12-23;33728;79759;440869;1653;494313;52988734;48099624;20142128;51861;21797019
FR;0;2021-12-24;10661;26051;110966;396;126625;52999395;48125675;20253094;52257;21923644
FR;0;2021-12-25;766;3499;7570;25;9030;53000161;48129174;20260664;52282;21932674
FR;0;2021-12-26;4696;11917;52072;141;60131;53004857;48141091;20312736;52423;21992805
FR;0;2021-12-27;30298;84085;453432;1366;509083;53035155;48225176;20766168;53789;22501888
FR;0;2021-12-28;38287;99047;564055;1766;632142;53073442;48324223;21330223;55555;23134030
FR;0;2021-12-29;39834;88438;501099;1686;560917;53113276;48412661;21831322;57241;23694947
FR;0;2021-12-30;35879;75021;420940;1519;471078;53149155;48487682;22252262;58760;24166025
FR;0;2021-12-31;12031;25217;116830;406;131618;53161186;48512899;22369092;59166;24297643
FR;0;2022-01-01;1285;3196;8496;36;9927;53162471;48516095;22377588;59202;24307570
FR;0;2022-01-02;6075;13012;58387;125;66931;53168546;48529107;22435975;59327;24374501
FR;0;2022-01-03;32429;89787;494664;1594;551452;53200975;48618894;22930639;60921;24925953
FR;0;2022-01-04;40775;110867;641252;2302;714192;53241750;48729761;23571891;63223;25640145
FR;0;2022-01-05;60244;103260;569028;1984;634041;53301994;48833021;24140919;65207;26274186
FR;0;2022-01-06;43898;110156;638865;2693;711308;53345892;48943177;24779784;67900;26985494
FR;0;2022-01-07;50519;123047;710889;2807;790312;53396411;49066224;25490673;70707;27775806
FR;0;2022-01-08;44926;80332;423769;1210;472843;53441337;49146556;25914442;71917;28248649
FR;0;2022-01-09;15597;26718;128539;300;145697;53456934;49173274;26042981;72217;28394346
FR;0;2022-01-10;34938;87734;469176;1810;522093;53491872;49261008;26512157;74027;28916439
FR;0;2022-01-11;41622;100055;548117;2307;608376;53533494;49361063;27060274;76334;29524815
FR;0;2022-01-12;60101;95471;452547;1964;504219;53593595;49456534;27512821;78298;30029034
FR;0;2022-01-13;37844;92262;487219;2083;540923;53631439;49548796;28000040;80381;30569957
FR;0;2022-01-14;42363;103274;568475;2284;628942;53673802;49652070;28568515;82665;31198899
FR;0;2022-01-15;39297;65801;340075;981;377534;53713099;49717871;28908590;83646;31576433
FR;0;2022-01-16;11380;19301;87380;215;99447;53724479;49737172;28995970;83861;31675880
FR;0;2022-01-17;24584;60060;320195;1380;354125;53749063;49797232;29316165;85241;32030005
FR;0;2022-01-18;28094;68391;360980;1798;397486;53777157;49865623;29677145;87039;32427491
FR;0;2022-01-19;43022;67018;281197;1449;311033;53820179;49932641;29958342;88488;32738524
FR;0;2022-01-20;23391;59410;298883;1740;328391;53843570;49992051;30257225;90228;33066915
FR;0;2022-01-21;27977;68766;366264;2084;401107;53871547;50060817;30623489;92312;33468022
FR;0;2022-01-22;27603;47834;218752;838;241744;53899150;50108651;30842241;93150;33709766
FR;0;2022-01-23;6697;13045;48644;171;55183;53905847;50121696;30890885;93321;33764949
FR;0;2022-01-24;16192;47153;217238;1136;239320;53922039;50168849;31108123;94457;34004269
FR;0;2022-01-25;18896;54087;242968;1547;267020;53940935;50222936;31351091;96004;34271289
FR;0;2022-01-26;28099;60093;209202;1296;229331;53969034;50283029;31560293;97300;34500620
FR;0;2022-01-27;16269;45805;207551;1269;225787;53985303;50328834;31767844;98569;34726407
FR;0;2022-01-28;21494;75726;289966;1572;321454;54006797;50404560;32057810;100141;35047861
FR;0;2022-01-29;18398;52824;184077;686;204566;54025195;50457384;32241887;100827;35252427
FR;0;2022-01-30;4465;14560;39124;124;45095;54029660;50471944;32281011;100951;35297522
FR;0;2022-01-31;11218;43817;148139;738;164779;54040878;50515761;32429150;101689;35462301
FR;0;2022-02-01;12765;48107;174051;1140;191357;54053643;50563868;32603201;102829;35653658
FR;0;2022-02-02;19913;65842;171448;1033;190116;54073556;50629710;32774649;103862;35843774
FR;0;2022-02-03;10925;44093;157477;984;173287;54084481;50673803;32932126;104846;36017061
FR;0;2022-02-04;14469;66422;239162;1262;264162;54098950;50740225;33171288;106108;36281223
FR;0;2022-02-05;12726;51455;153505;522;172332;54111676;50791680;33324793;106630;36453555
FR;0;2022-02-06;2705;12246;28868;99;33827;54114381;50803926;33353661;106729;36487382
FR;0;2022-02-07;9271;46645;156804;585;176311;54123652;50850571;33510465;107314;36663693
FR;0;2022-02-08;9581;42613;166549;867;184316;54133233;50893184;33677014;108181;36848009
FR;0;2022-02-09;14130;57717;172279;864;192947;54147363;50950901;33849293;109045;37040956
FR;0;2022-02-10;8242;38261;150139;876;166560;54155605;50989162;33999432;109921;37207516
FR;0;2022-02-11;10732;55409;218424;1097;242990;54166337;51044571;34217856;111018;37450506
FR;0;2022-02-12;8342;40867;134687;461;151700;54174679;51085438;34352543;111479;37602206
FR;0;2022-02-13;1891;8573;26547;82;30902;54176570;51094011;34379090;111561;37633108
FR;0;2022-02-14;6883;35077;148305;477;166295;54183453;51129088;34527395;112038;37799403
FR;0;2022-02-15;6840;35398;146883;750;162417;54190293;51164486;34674278;112788;37961820
FR;0;2022-02-16;9277;42529;132460;716;146632;54199570;51207015;34806738;113504;38108452
FR;0;2022-02-17;5359;23647;87236;584;94746;54204929;51230662;34893974;114088;38203198
FR;0;2022-02-18;6874;33198;119582;802;129226;54211803;51263860;35013556;114890;38332424
FR;0;2022-02-19;5339;24437;69998;370;77296;54217142;51288297;35083554;115260;38409720
FR;0;2022-02-20;1135;4615;12148;38;13920;54218277;51292912;35095702;115298;38423640
FR;0;2022-02-21;4010;17752;61909;351;67131;54222287;51310664;35157611;115649;38490771
FR;0;2022-02-22;4359;18450;60779;574;64402;54226646;51329114;35218390;116223;38555173
FR;0;2022-02-23;6507;27105;66450;591;71844;54233153;51356219;35284840;116814;38627017
FR;0;2022-02-24;3730;15123;50361;518;53167;54236883;51371342;35335201;117332;38680184
FR;0;2022-02-25;5189;23515;76263;803;79980;54242072;51394857;35411464;118135;38760164
FR;0;2022-02-26;3969;17583;47385;357;51449;54246041;51412440;35458849;118492;38811613
FR;0;2022-02-27;867;2983;8020;47;8930;54246908;51415423;35466869;118539;38820543
FR;0;2022-02-28;3066;12097;40433;353;42865;54249974;51427520;35507302;118892;38863408
FR;0;2022-03-01;3103;12184;44119;433;44750;54253077;51439704;35551421;119325;38908158
FR;0;2022-03-02;5066;17410;47071;436;48974;54258143;51457114;35598492;119761;38957132
FR;0;2022-03-03;2641;8819;29818;361;29910;54260784;51465933;35628310;120122;38987042
FR;0;2022-03-04;3172;12149;40251;649;39381;54263956;51478082;35668561;120771;39026423
FR;0;2022-03-05;2913;9206;24920;309;25070;54266869;51487288;35693481;121080;39051493
FR;0;2022-03-06;508;1376;3192;42;3429;54267377;51488664;35696673;121122;39054922
FR;0;2022-03-07;1927;5449;18389;313;17647;54269304;51494113;35715062;121435;39072569
FR;0;2022-03-08;1960;5868;19397;359;17854;54271264;51499981;35734459;121794;39090423
FR;0;2022-03-09;3442;10206;22136;403;21215;54274706;51510187;35756595;122197;39111638
FR;0;2022-03-10;1700;5094;16874;339;15661;54276406;51515281;35773469;122536;39127299
FR;0;2022-03-11;2339;7271;24453;538;22212;54278745;51522552;35797922;123074;39149511
FR;0;2022-03-12;2654;6706;17144;304;16493;54281399;51529258;35815066;123378;39166004
FR;0;2022-03-13;385;777;2300;144;2249;54281784;51530035;35817366;123522;39168253
FR;0;2022-03-14;1453;4114;14923;4403;13781;54283237;51534149;35832289;127925;39182034
FR;0;2022-03-15;1587;4328;16222;7548;14326;54284824;51538477;35848511;135473;39196360
FR;0;2022-03-16;2935;6997;19337;13128;17994;54287759;51545474;35867848;148601;39214354
FR;0;2022-03-17;1361;3660;13078;10835;11916;54289120;51549134;35880926;159436;39226270
FR;0;2022-03-18;2192;5485;19928;18273;18011;54291312;51554619;35900854;177709;39244281
FR;0;2022-03-19;2273;4665;13101;9395;12399;54293585;51559284;35913955;187104;39256680
FR;0;2022-03-20;291;705;1905;1065;1913;54293876;51559989;35915860;188169;39258593
FR;0;2022-03-21;1335;3116;12675;14927;11894;54295211;51563105;35928535;203096;39270487
FR;0;2022-03-22;1454;3557;13745;20516;12498;54296665;51566662;35942280;223612;39282985
FR;0;2022-03-23;2630;6039;17556;23127;17059;54299295;51572701;35959836;246739;39300044
FR;0;2022-03-24;1347;2901;11509;17564;10582;54300642;51575602;35971345;264303;39310626
FR;0;2022-03-25;2036;4772;18447;27730;16791;54302678;51580374;35989792;292033;39327417
FR;0;2022-03-26;2213;4229;12049;12651;11488;54304891;51584603;36001841;304684;39338905
FR;0;2022-03-27;352;680;1873;1474;1907;54305243;51585283;36003714;306158;39340812
FR;0;2022-03-28;1407;2905;11038;17447;10526;54306650;51588188;36014752;323605;39351338
FR;0;2022-03-29;1418;3218;12831;27505;11958;54308068;51591406;36027583;351110;39363296
FR;0;2022-03-30;2803;5353;15582;27328;14967;54310871;51596759;36043165;378438;39378263
FR;0;2022-03-31;1582;3117;12744;24845;12071;54312453;51599876;36055909;403283;39390334
FR;0;2022-04-01;2065;4248;19951;30766;18570;54314518;51604124;36075860;434049;39408904
FR;0;2022-04-02;1484;2602;9012;10095;8669;54316002;51606726;36084872;444144;39417573
FR;0;2022-04-03;269;495;1554;1168;1569;54316271;51607221;36086426;445312;39419142
FR;0;2022-04-04;1294;2504;12051;18984;11230;54317565;51609725;36098477;464296;39430372
FR;0;2022-04-05;1568;2897;14189;33925;13030;54319133;51612622;36112666;498221;39443402
FR;0;2022-04-06;2015;3598;13359;26237;12596;54321148;51616220;36126025;524458;39455998
FR;0;2022-04-07;1408;2833;13534;33478;12735;54322556;51619053;36139559;557936;39468733
FR;0;2022-04-08;2002;4052;19076;43518;17688;54324558;51623105;36158635;601454;39486421
FR;0;2022-04-09;1330;2639;9278;13527;8827;54325888;51625744;36167913;614981;39495248
FR;0;2022-04-10;266;545;1961;1991;1966;54326154;51626289;36169874;616972;39497214
FR;0;2022-04-11;1168;2430;11727;23616;11339;54327322;51628719;36181601;640588;39508553
FR;0;2022-04-12;1547;2750;13832;40367;13198;54328869;51631469;36195433;680955;39521751
FR;0;2022-04-13;1826;3377;13184;32579;12791;54330695;51634846;36208617;713534;39534542
FR;0;2022-04-14;1421;2635;12980;35824;12797;54332116;51637481;36221597;749358;39547339
FR;0;2022-04-15;1746;3242;15414;35099;14650;54333862;51640723;36237011;784457;39561989
FR;0;2022-04-16;1020;1808;6338;8506;6192;54334882;51642531;36243349;792963;39568181
FR;0;2022-04-17;179;312;986;1148;1022;54335061;51642843;36244335;794111;39569203
FR;0;2022-04-18;142;416;2705;1029;2716;54335203;51643259;36247040;795140;39571919
FR;0;2022-04-19;1446;2880;12739;29198;12209;54336649;51646139;36259779;824338;39584128
FR;0;2022-04-20;1872;3304;13047;28528;12707;54338521;51649443;36272826;852866;39596835
FR;0;2022-04-21;1455;2691;12342;34479;12367;54339976;51652134;36285168;887345;39609202
FR;0;2022-04-22;1796;3444;16320;37190;15678;54341772;51655578;36301488;924535;39624880
FR;0;2022-04-23;1096;2021;7302;10616;7149;54342868;51657599;36308790;935151;39632029
FR;0;2022-04-24;231;437;1456;1569;1390;54343099;51658036;36310246;936720;39633419
FR;0;2022-04-25;1221;2402;10500;20727;10301;54344320;51660438;36320746;957447;39643720
FR;0;2022-04-26;1528;2918;13471;37876;12900;54345848;51663356;36334217;995323;39656620
FR;0;2022-04-27;1866;2987;11322;30207;11343;54347714;51666343;36345539;1025530;39667963
FR;0;2022-04-28;1489;2591;12120;35323;11810;54349203;51668934;36357659;1060853;39679773
FR;0;2022-04-29;1920;3366;14943;36577;14306;54351123;51672300;36372602;1097430;39694079
FR;0;2022-04-30;1169;1760;6523;9592;6335;54352292;51674060;36379125;1107022;39700414
FR;0;2022-05-01;163;282;832;950;835;54352455;51674342;36379957;1107972;39701249
FR;0;2022-05-02;1106;1945;9028;17542;8866;54353561;51676287;36388985;1125514;39710115
FR;0;2022-05-03;1692;2785;12367;33690;12240;54355253;51679072;36401352;1159204;39722355
FR;0;2022-05-04;1766;2826;10442;24637;10554;54357019;51681898;36411794;1183841;39732909
FR;0;2022-05-05;1563;2528;11442;32315;11159;54358582;51684426;36423236;1216156;39744068
FR;0;2022-05-06;2007;3411;14476;35883;13951;54360589;51687837;36437712;1252039;39758019
FR;0;2022-05-07;1152;1700;5974;9473;5981;54361741;51689537;36443686;1261512;39764000
FR;0;2022-05-08;244;346;1006;1491;1067;54361985;51689883;36444692;1263003;39765067
FR;0;2022-05-09;1183;1950;8019;19312;7890;54363168;51691833;36452711;1282315;39772957
FR;0;2022-05-10;1571;2685;11713;37210;11313;54364739;51694518;36464424;1319525;39784270
FR;0;2022-05-11;1867;2564;9495;26385;9391;54366606;51697082;36473919;1345910;39793661
FR;0;2022-05-12;1441;2345;10285;33285;9858;54368047;51699427;36484204;1379195;39803519
FR;0;2022-05-13;1832;2886;12495;35671;12073;54369879;51702313;36496699;1414866;39815592
FR;0;2022-05-14;1060;1477;5234;10254;5117;54370939;51703790;36501933;1425120;39820709
FR;0;2022-05-15;238;348;1020;1295;1100;54371177;51704138;36502953;1426415;39821809
