fra;vaccin;jour;n_dose1;n_dose2;n_dose3;n_dose4;n_rappel;n_cum_dose1;n_cum_dose2;n_cum_dose3;n_cum_dose4;n_cum_rappel
FR;1;2020-12-27;611;0;0;0;0;611;0;0;0;0
FR;1;2020-12-28;691;1;0;0;0;1302;1;0;0;0
FR;1;2020-12-29;385;0;0;0;0;1687;1;0;0;0
FR;1;2020-12-30;444;0;0;0;0;2131;1;0;0;0
FR;1;2020-12-31;444;1;0;0;0;2575;2;0;0;0
FR;1;2021-01-01;1166;2;0;0;0;3741;4;0;0;0
FR;1;2021-01-02;365;3;0;0;0;4106;7;0;0;0
FR;1;2021-01-03;405;0;0;0;0;4511;7;0;0;0
FR;1;2021-01-04;2118;4;0;0;0;6629;11;0;0;0
FR;1;2021-01-05;7755;4;0;0;0;14384;15;0;0;0
FR;1;2021-01-06;12460;20;0;0;0;26844;35;0;0;0
FR;1;2021-01-07;29471;19;0;0;0;56315;54;0;0;0
FR;1;2021-01-08;37154;22;0;0;0;93469;76;0;0;0
FR;1;2021-01-09;11212;9;0;0;0;104681;85;0;0;0
FR;1;2021-01-10;6009;7;0;0;0;110690;92;0;0;0
FR;1;2021-01-11;39946;28;0;0;0;150636;120;0;0;0
FR;1;2021-01-12;62147;21;0;0;0;212783;141;0;0;0
FR;1;2021-01-13;65131;49;0;0;0;277914;190;0;0;0
FR;1;2021-01-14;81458;180;0;0;0;359372;370;0;0;0
FR;1;2021-01-15;68615;73;0;0;0;427987;443;0;0;0
FR;1;2021-01-16;19901;72;0;0;0;447888;515;0;0;0
FR;1;2021-01-17;10903;48;0;0;0;458791;563;0;0;0
FR;1;2021-01-18;82838;172;0;0;0;541629;735;0;0;0
FR;1;2021-01-19;125923;191;0;0;0;667552;926;0;0;0
FR;1;2021-01-20;132421;184;0;0;0;799973;1110;0;0;0
FR;1;2021-01-21;153070;178;0;0;0;953043;1288;0;0;0
FR;1;2021-01-22;115952;223;0;0;0;1068995;1511;0;0;0
FR;1;2021-01-23;36612;70;0;0;0;1105607;1581;0;0;0
FR;1;2021-01-24;9583;110;0;0;0;1115190;1691;0;0;0
FR;1;2021-01-25;74428;1366;0;0;0;1189618;3057;0;0;0
FR;1;2021-01-26;96459;3567;1;0;0;1286077;6624;1;0;0
FR;1;2021-01-27;103653;6256;0;0;0;1389730;12880;1;0;0
FR;1;2021-01-28;120612;15887;0;0;0;1510342;28767;1;0;0
FR;1;2021-01-29;88893;18416;0;0;0;1599235;47183;1;0;0
FR;1;2021-01-30;27995;4462;0;0;0;1627230;51645;1;0;0
FR;1;2021-01-31;5192;1849;0;0;0;1632422;53494;1;0;0
FR;1;2021-02-01;49732;22364;0;0;0;1682154;75858;1;0;0
FR;1;2021-02-02;67826;37218;0;0;0;1749980;113076;1;0;0
FR;1;2021-02-03;67090;39409;0;0;0;1817070;152485;1;0;0
FR;1;2021-02-04;77144;53820;0;0;0;1894214;206305;1;0;0
FR;1;2021-02-05;63424;47287;0;0;0;1957638;253592;1;0;0
FR;1;2021-02-06;19426;11175;0;0;0;1977064;264767;1;0;0
FR;1;2021-02-07;3666;5776;0;0;0;1980730;270543;1;0;0
FR;1;2021-02-08;36501;48142;0;0;0;2017231;318685;1;0;0
FR;1;2021-02-09;50812;76926;0;0;0;2068043;395611;1;0;0
FR;1;2021-02-10;52075;81703;0;0;0;2120118;477314;1;0;0
FR;1;2021-02-11;63383;103995;0;0;0;2183501;581309;1;0;0
FR;1;2021-02-12;55873;75221;0;0;0;2239374;656530;1;0;0
FR;1;2021-02-13;15465;19311;0;0;0;2254839;675841;1;0;0
FR;1;2021-02-14;3747;7348;0;0;0;2258586;683189;1;0;0
FR;1;2021-02-15;24157;73586;0;0;0;2282743;756775;1;0;0
FR;1;2021-02-16;32776;96078;0;0;0;2315519;852853;1;0;0
FR;1;2021-02-17;35128;101743;20;0;0;2350647;954596;21;0;0
FR;1;2021-02-18;49453;117461;0;0;0;2400100;1072057;21;0;0
FR;1;2021-02-19;45386;87331;1;0;0;2445486;1159388;22;0;0
FR;1;2021-02-20;13392;27171;0;0;0;2458878;1186559;22;0;0
FR;1;2021-02-21;2464;6059;0;0;0;2461342;1192618;22;0;0
FR;1;2021-02-22;24721;69439;2;0;0;2486063;1262057;24;0;0
FR;1;2021-02-23;37432;81387;1;0;0;2523495;1343444;25;0;0
FR;1;2021-02-24;40699;79039;1;0;0;2564194;1422483;26;0;0
FR;1;2021-02-25;50161;87965;1;0;0;2614355;1510448;27;0;0
FR;1;2021-02-26;47227;67632;1;0;0;2661582;1578080;28;0;0
FR;1;2021-02-27;15683;21251;1;0;0;2677265;1599331;29;0;0
FR;1;2021-02-28;3564;4178;2;0;0;2680829;1603509;31;0;0
FR;1;2021-03-01;40206;50139;1;0;0;2721035;1653648;32;0;0
FR;1;2021-03-02;55987;62366;3;0;0;2777022;1716014;35;0;0
FR;1;2021-03-03;61247;60574;0;0;0;2838269;1776588;35;0;0
FR;1;2021-03-04;73005;67763;3;0;0;2911274;1844351;38;0;0
FR;1;2021-03-05;74775;58742;3;0;0;2986049;1903093;41;0;0
FR;1;2021-03-06;82462;15792;2;0;0;3068511;1918885;43;0;0
FR;1;2021-03-07;63724;4301;1;0;0;3132235;1923186;44;0;0
FR;1;2021-03-08;60182;41447;2;0;0;3192417;1964633;46;0;0
FR;1;2021-03-09;85999;47675;1;0;0;3278416;2012308;47;0;0
FR;1;2021-03-10;90931;47817;5;0;0;3369347;2060125;52;0;0
FR;1;2021-03-11;105093;54531;1;0;0;3474440;2114656;53;0;0
FR;1;2021-03-12;104138;44964;1;0;0;3578578;2159620;54;0;0
FR;1;2021-03-13;89208;12613;1;0;0;3667786;2172233;55;0;0
FR;1;2021-03-14;44459;2763;1;0;0;3712245;2174996;56;0;0
FR;1;2021-03-15;95525;28235;3;0;0;3807770;2203231;59;0;0
FR;1;2021-03-16;123595;34275;5;0;0;3931365;2237506;64;0;0
FR;1;2021-03-17;129314;33721;4;0;0;4060679;2271227;68;0;0
FR;1;2021-03-18;142907;39339;5;0;0;4203586;2310566;73;0;0
FR;1;2021-03-19;136261;32228;2;0;0;4339847;2342794;75;0;0
FR;1;2021-03-20;76014;9813;1;0;0;4415861;2352607;76;0;0
FR;1;2021-03-21;26516;2085;1;0;0;4442377;2354692;77;0;0
FR;1;2021-03-22;114768;30402;2;0;0;4557145;2385094;79;0;0
FR;1;2021-03-23;143046;38051;1;0;0;4700191;2423145;80;0;0
FR;1;2021-03-24;142011;38441;0;0;0;4842202;2461586;80;0;0
FR;1;2021-03-25;165015;39811;4;0;0;5007217;2501397;84;0;0
FR;1;2021-03-26;166407;37510;5;1;0;5173624;2538907;89;1;0
FR;1;2021-03-27;110886;15435;1;0;0;5284510;2554342;90;1;0
FR;1;2021-03-28;42304;4273;3;0;0;5326814;2558615;93;1;0
FR;1;2021-03-29;129828;49180;4;0;0;5456642;2607795;97;1;0
FR;1;2021-03-30;167725;63701;5;0;0;5624367;2671496;102;1;0
FR;1;2021-03-31;170949;67751;4;0;0;5795316;2739247;106;1;0
FR;1;2021-04-01;194842;83183;10;0;0;5990158;2822430;116;1;0
FR;1;2021-04-02;164460;86303;7;0;0;6154618;2908733;123;1;0
FR;1;2021-04-03;88250;58149;6;0;0;6242868;2966882;129;1;0
FR;1;2021-04-04;33655;17730;0;0;0;6276523;2984612;129;1;0
FR;1;2021-04-05;46409;9698;11;0;0;6322932;2994310;140;1;0
FR;1;2021-04-06;160323;104600;17;0;0;6483255;3098910;157;1;0
FR;1;2021-04-07;197002;108130;16;0;0;6680257;3207040;173;1;0
FR;1;2021-04-08;222150;113759;13;0;0;6902407;3320799;186;1;0
FR;1;2021-04-09;214578;107806;21;0;0;7116985;3428605;207;1;0
FR;1;2021-04-10;117187;73216;14;0;0;7234172;3501821;221;1;0
FR;1;2021-04-11;40897;29910;6;0;0;7275069;3531731;227;1;0
FR;1;2021-04-12;168477;104487;46;0;0;7443546;3636218;273;1;0
FR;1;2021-04-13;203816;127874;97;1;0;7647362;3764092;370;2;0
FR;1;2021-04-14;208636;122850;208;0;0;7855998;3886942;578;2;0
FR;1;2021-04-15;221696;127859;312;0;0;8077694;4014801;890;2;0
FR;1;2021-04-16;206076;125467;309;0;0;8283770;4140268;1199;2;0
FR;1;2021-04-17;122098;67159;103;0;0;8405868;4207427;1302;2;0
FR;1;2021-04-18;35966;20980;41;0;0;8441834;4228407;1343;2;0
FR;1;2021-04-19;163760;121579;432;0;0;8605594;4349986;1775;2;0
FR;1;2021-04-20;189443;149413;531;0;0;8795037;4499399;2306;2;0
FR;1;2021-04-21;194013;147349;760;0;0;8989050;4646748;3066;2;0
FR;1;2021-04-22;209046;164117;777;0;0;9198096;4810865;3843;2;0
FR;1;2021-04-23;198964;157667;671;0;0;9397060;4968532;4514;2;0
FR;1;2021-04-24;126335;95720;148;0;0;9523395;5064252;4662;2;0
FR;1;2021-04-25;53631;30037;46;0;0;9577026;5094289;4708;2;0
FR;1;2021-04-26;181155;139601;542;0;0;9758181;5233890;5250;2;0
FR;1;2021-04-27;221376;162303;901;0;0;9979557;5396193;6151;2;0
FR;1;2021-04-28;238311;155776;1314;1;1;10217868;5551969;7465;3;1
FR;1;2021-04-29;270304;161138;1211;0;0;10488172;5713107;8676;3;1
FR;1;2021-04-30;272001;148652;1073;0;0;10760173;5861759;9749;3;1
FR;1;2021-05-01;141154;40601;173;0;0;10901327;5902360;9922;3;1
FR;1;2021-05-02;81554;28169;81;0;0;10982881;5930529;10003;3;1
FR;1;2021-05-03;250792;143523;803;0;0;11233673;6074052;10806;3;1
FR;1;2021-05-04;265888;187535;1202;0;0;11499561;6261587;12008;3;1
FR;1;2021-05-05;283890;185672;1267;0;0;11783451;6447259;13275;3;1
FR;1;2021-05-06;309978;183980;1502;0;0;12093429;6631239;14777;3;1
FR;1;2021-05-07;284110;196189;1126;0;0;12377539;6827428;15903;3;1
FR;1;2021-05-08;191665;50557;285;0;0;12569204;6877985;16188;3;1
FR;1;2021-05-09;114059;34867;236;0;0;12683263;6912852;16424;3;1
FR;1;2021-05-10;258218;194637;1186;0;0;12941481;7107489;17610;3;1
FR;1;2021-05-11;318890;210996;1465;0;0;13260371;7318485;19075;3;1
FR;1;2021-05-12;356637;185887;1400;0;0;13617008;7504372;20475;3;1
FR;1;2021-05-13;283449;47471;401;0;0;13900457;7551843;20876;3;1
FR;1;2021-05-14;370505;128504;994;0;0;14270962;7680347;21870;3;1
FR;1;2021-05-15;298097;66154;403;0;0;14569059;7746501;22273;3;1
FR;1;2021-05-16;157779;15483;158;0;0;14726838;7761984;22431;3;1
FR;1;2021-05-17;318933;116175;1441;0;0;15045771;7878159;23872;3;1
FR;1;2021-05-18;383341;111465;1799;0;0;15429112;7989624;25671;3;1
FR;1;2021-05-19;395277;101941;2183;0;0;15824389;8091565;27854;3;1
FR;1;2021-05-20;421819;95825;2048;0;0;16246208;8187390;29902;3;1
FR;1;2021-05-21;399808;97311;1764;0;0;16646016;8284701;31666;3;1
FR;1;2021-05-22;275694;41916;604;0;0;16921710;8326617;32270;3;1
FR;1;2021-05-23;123015;11007;224;0;0;17044725;8337624;32494;3;1
FR;1;2021-05-24;244014;26248;569;0;0;17288739;8363872;33063;3;1
FR;1;2021-05-25;366228;131544;2114;1;0;17654967;8495416;35177;4;1
FR;1;2021-05-26;380814;126760;1993;0;0;18035781;8622176;37170;4;1
FR;1;2021-05-27;406157;128136;1977;0;0;18441938;8750312;39147;4;1
FR;1;2021-05-28;366034;145453;1700;0;0;18807972;8895765;40847;4;1
FR;1;2021-05-29;253834;81004;527;0;0;19061806;8976769;41374;4;1
FR;1;2021-05-30;100974;22576;158;0;0;19162780;8999345;41532;4;1
FR;1;2021-05-31;314319;148983;1284;1;1;19477099;9148328;42816;5;2
FR;1;2021-06-01;361639;166540;1729;1;1;19838738;9314868;44545;6;3
FR;1;2021-06-02;365390;153899;1796;0;0;20204128;9468767;46341;6;3
FR;1;2021-06-03;391428;147443;1653;0;0;20595556;9616210;47994;6;3
FR;1;2021-06-04;364119;175666;1495;1;1;20959675;9791876;49489;7;4
FR;1;2021-06-05;258512;112722;596;0;0;21218187;9904598;50085;7;4
FR;1;2021-06-06;126812;37546;215;0;0;21344999;9942144;50300;7;4
FR;1;2021-06-07;301106;207759;1365;0;0;21646105;10149903;51665;7;4
FR;1;2021-06-08;330849;220894;1643;0;0;21976954;10370797;53308;7;4
FR;1;2021-06-09;336589;211527;1613;0;0;22313543;10582324;54921;7;4
FR;1;2021-06-10;343895;200968;1614;0;0;22657438;10783292;56535;7;4
FR;1;2021-06-11;311900;234823;1299;1;0;22969338;11018115;57834;8;4
FR;1;2021-06-12;244084;150622;437;0;0;23213422;11168737;58271;8;4
FR;1;2021-06-13;100368;61005;188;0;0;23313790;11229742;58459;8;4
FR;1;2021-06-14;207846;287998;1318;1;0;23521636;11517740;59777;9;4
FR;1;2021-06-15;256863;281542;1398;1;0;23778499;11799282;61175;10;4
FR;1;2021-06-16;273650;270568;1263;1;0;24052149;12069850;62438;11;4
FR;1;2021-06-17;268221;244896;1237;1;0;24320370;12314746;63675;12;4
FR;1;2021-06-18;260604;295394;1153;1;0;24580974;12610140;64828;13;4
FR;1;2021-06-19;193454;209525;388;0;0;24774428;12819665;65216;13;4
FR;1;2021-06-20;69712;89088;120;0;0;24844140;12908753;65336;13;4
FR;1;2021-06-21;172377;319715;934;1;1;25016517;13228468;66270;14;5
FR;1;2021-06-22;185872;347914;1102;10;1;25202389;13576382;67372;24;6
FR;1;2021-06-23;204205;339511;1049;0;0;25406594;13915893;68421;24;6
FR;1;2021-06-24;203533;282030;1175;0;0;25610127;14197923;69596;24;6
FR;1;2021-06-25;182664;371766;1198;0;0;25792791;14569689;70794;24;6
FR;1;2021-06-26;131397;278415;504;0;0;25924188;14848104;71298;24;6
FR;1;2021-06-27;52408;122898;145;0;0;25976596;14971002;71443;24;6
FR;1;2021-06-28;136663;368206;1064;0;0;26113259;15339208;72507;24;6
FR;1;2021-06-29;154899;390948;1848;0;0;26268158;15730156;74355;24;6
FR;1;2021-06-30;180059;381935;1666;4;2;26448217;16112091;76021;28;8
FR;1;2021-07-01;201522;332333;1887;5;1;26649739;16444424;77908;33;9
FR;1;2021-07-02;193881;367416;1765;5;2;26843620;16811840;79673;38;11
FR;1;2021-07-03;124479;280418;704;3;1;26968099;17092258;80377;41;12
FR;1;2021-07-04;53964;113704;244;0;0;27022063;17205962;80621;41;12
FR;1;2021-07-05;153961;355918;1500;8;2;27176024;17561880;82121;49;14
FR;1;2021-07-06;173506;382351;1603;45;8;27349530;17944231;83724;94;22
FR;1;2021-07-07;190838;362425;1658;25;4;27540368;18306656;85382;119;26
FR;1;2021-07-08;201573;323052;1826;20;6;27741941;18629708;87208;139;32
FR;1;2021-07-09;189980;387813;1854;3;2;27931921;19017521;89062;142;34
FR;1;2021-07-10;129956;281150;816;1;1;28061877;19298671;89878;143;35
FR;1;2021-07-11;57678;102529;262;0;0;28119555;19401200;90140;143;35
FR;1;2021-07-12;149914;416917;1585;4;0;28269469;19818117;91725;147;35
FR;1;2021-07-13;234276;439227;1807;8;1;28503745;20257344;93532;155;36
FR;1;2021-07-14;171920;151421;418;0;0;28675665;20408765;93950;155;36
FR;1;2021-07-15;279684;424381;1858;1;0;28955349;20833146;95808;156;36
FR;1;2021-07-16;290439;400823;1711;3;1;29245788;21233969;97519;159;37
FR;1;2021-07-17;217347;282026;755;1;0;29463135;21515995;98274;160;37
FR;1;2021-07-18;102011;107216;288;0;0;29565146;21623211;98562;160;37
FR;1;2021-07-19;238219;378664;1497;3;0;29803365;22001875;100059;163;37
FR;1;2021-07-20;305759;380126;1469;0;0;30109124;22382001;101528;163;37
FR;1;2021-07-21;333286;352951;1412;4;2;30442410;22734952;102940;167;39
FR;1;2021-07-22;364680;318772;1502;3;2;30807090;23053724;104442;170;41
FR;1;2021-07-23;349400;343061;1589;4;1;31156490;23396785;106031;174;42
FR;1;2021-07-24;238961;240798;697;1;0;31395451;23637583;106728;175;42
FR;1;2021-07-25;112802;76019;223;0;0;31508253;23713602;106951;175;42
FR;1;2021-07-26;299143;289545;1495;2;2;31807396;24003147;108446;177;44
FR;1;2021-07-27;385833;268105;1459;4;2;32193229;24271252;109905;181;46
FR;1;2021-07-28;390201;251056;1462;4;1;32583430;24522308;111367;185;47
FR;1;2021-07-29;406138;227799;1540;2;0;32989568;24750107;112907;187;47
FR;1;2021-07-30;370743;246657;1638;4;1;33360311;24996764;114545;191;48
FR;1;2021-07-31;243383;165108;793;1;0;33603694;25161872;115338;192;48
FR;1;2021-08-01;105594;47210;233;0;0;33709288;25209082;115571;192;48
FR;1;2021-08-02;297402;212915;1480;2;0;34006690;25421997;117051;194;48
FR;1;2021-08-03;331337;208813;1557;2;1;34338027;25630810;118608;196;49
FR;1;2021-08-04;328037;183987;1439;5;3;34666064;25814797;120047;201;52
FR;1;2021-08-05;301283;193218;1482;0;0;34967347;26008015;121529;201;52
FR;1;2021-08-06;290984;224233;1560;3;0;35258331;26232248;123089;204;52
FR;1;2021-08-07;182663;158786;654;5;1;35440994;26391034;123743;209;53
FR;1;2021-08-08;68887;59104;253;0;0;35509881;26450138;123996;209;53
FR;1;2021-08-09;222786;235348;1444;4;3;35732667;26685486;125440;213;56
FR;1;2021-08-10;252741;240052;1493;2;1;35985408;26925538;126933;215;57
FR;1;2021-08-11;236236;231872;1271;5;0;36221644;27157410;128204;220;57
FR;1;2021-08-12;220783;239892;1487;3;0;36442427;27397302;129691;223;57
FR;1;2021-08-13;201720;238563;1360;2;2;36644147;27635865;131051;225;59
FR;1;2021-08-14;122862;174060;646;0;0;36767009;27809925;131697;225;59
FR;1;2021-08-15;34706;46121;201;1;0;36801715;27856046;131898;226;59
FR;1;2021-08-16;156961;289486;1423;0;0;36958676;28145532;133321;226;59
FR;1;2021-08-17;171612;291132;1422;5;0;37130288;28436664;134743;231;59
FR;1;2021-08-18;161433;286795;1392;6;3;37291721;28723459;136135;237;62
FR;1;2021-08-19;148948;277534;1403;1;0;37440669;29000993;137538;238;62
FR;1;2021-08-20;140510;309040;1532;2;2;37581179;29310033;139070;240;64
FR;1;2021-08-21;84277;213212;589;0;0;37665456;29523245;139659;240;64
FR;1;2021-08-22;28580;82697;233;0;0;37694036;29605942;139892;240;64
FR;1;2021-08-23;118662;321018;1422;2;1;37812698;29926960;141314;242;65
FR;1;2021-08-24;126664;319719;1603;5;1;37939362;30246679;142917;247;66
FR;1;2021-08-25;121531;306490;1779;8;2;38060893;30553169;144696;255;68
FR;1;2021-08-26;106630;286106;2162;10;0;38167523;30839275;146858;265;68
FR;1;2021-08-27;107656;321660;2302;9;3;38275179;31160935;149160;274;71
FR;1;2021-08-28;71020;220692;1102;0;0;38346199;31381627;150262;274;71
FR;1;2021-08-29;24152;78194;469;1;0;38370351;31459821;150731;275;71
FR;1;2021-08-30;96895;286337;4313;6;4998;38467246;31746158;155044;281;5069
FR;1;2021-08-31;98120;276290;9294;15;10094;38565366;32022448;164338;296;15163
FR;1;2021-09-01;112345;245322;21117;8;22132;38677711;32267770;185455;304;37295
FR;1;2021-09-02;86771;197930;24530;18;25507;38764482;32465700;209985;322;62802
FR;1;2021-09-03;82422;227529;26953;21;28031;38846904;32693229;236938;343;90833
FR;1;2021-09-04;71631;189716;11140;11;11698;38918535;32882945;248078;354;102531
FR;1;2021-09-05;18613;41152;4124;2;4277;38937148;32924097;252202;356;106808
FR;1;2021-09-06;59809;151466;30182;15;31204;38996957;33075563;282384;371;138012
FR;1;2021-09-07;57398;139668;30209;30;31221;39054355;33215231;312593;401;169233
FR;1;2021-09-08;72340;173797;26925;22;27935;39126695;33389028;339518;423;197168
FR;1;2021-09-09;54484;124467;28622;24;29724;39181179;33513495;368140;447;226892
FR;1;2021-09-10;66218;152088;30449;24;31656;39247397;33665583;398589;471;258548
FR;1;2021-09-11;52689;146628;9730;14;10343;39300086;33812211;408319;485;268891
FR;1;2021-09-12;10796;29270;2486;1;2649;39310882;33841481;410805;486;271540
FR;1;2021-09-13;51506;104453;38759;31;40052;39362388;33945934;449564;517;311592
FR;1;2021-09-14;53340;96020;51276;67;53155;39415728;34041954;500840;584;364747
FR;1;2021-09-15;60570;139251;50491;55;47048;39476298;34181205;551331;639;411795
FR;1;2021-09-16;46633;81412;53350;70;49594;39522931;34262617;604681;709;461389
FR;1;2021-09-17;53221;109355;45070;61;42690;39576152;34371972;649751;770;504079
FR;1;2021-09-18;37876;118496;11796;19;11275;39614028;34490468;661547;789;515354
FR;1;2021-09-19;6531;21039;2040;1;1982;39620559;34511507;663587;790;517336
FR;1;2021-09-20;36537;74874;46227;65;44181;39657096;34586381;709814;855;561517
FR;1;2021-09-21;34186;68142;56260;71;52711;39691282;34654523;766074;926;614228
FR;1;2021-09-22;38827;118601;49871;76;46899;39730109;34773124;815945;1002;661127
FR;1;2021-09-23;32024;62910;54503;85;50896;39762133;34836034;870448;1087;712023
FR;1;2021-09-24;36782;90048;43671;89;41939;39798915;34926082;914119;1176;753962
FR;1;2021-09-25;27649;96701;12306;27;12180;39826564;35022783;926425;1203;766142
FR;1;2021-09-26;4385;15194;1774;5;1696;39830949;35037977;928199;1208;767838
FR;1;2021-09-27;27351;60216;42911;89;41629;39858300;35098193;971110;1297;809467
FR;1;2021-09-28;26910;49446;47196;76;44465;39885210;35147639;1018306;1373;853932
FR;1;2021-09-29;35924;80319;47279;87;45593;39921134;35227958;1065585;1460;899525
FR;1;2021-09-30;26074;46893;47525;81;45451;39947208;35274851;1113110;1541;944976
FR;1;2021-10-01;47295;66948;44897;83;44602;39994503;35341799;1158007;1624;989578
FR;1;2021-10-02;32383;62412;16113;32;16318;40026886;35404211;1174120;1656;1005896
FR;1;2021-10-03;4342;8560;2039;3;2033;40031228;35412771;1176159;1659;1007929
FR;1;2021-10-04;28973;44433;47105;79;46961;40060201;35457204;1223264;1738;1054890
FR;1;2021-10-05;24566;41668;49885;116;49316;40084767;35498872;1273149;1854;1104206
FR;1;2021-10-06;34653;61385;57502;102;57239;40119420;35560257;1330651;1956;1161445
FR;1;2021-10-07;21079;39907;53040;75;51963;40140499;35600164;1383691;2031;1213408
FR;1;2021-10-08;35663;59660;60399;83;61144;40176162;35659824;1444090;2114;1274552
FR;1;2021-10-09;27463;48010;25495;29;26019;40203625;35707834;1469585;2143;1300571
FR;1;2021-10-10;3723;5809;2754;7;2860;40207348;35713643;1472339;2150;1303431
FR;1;2021-10-11;24852;38239;54583;88;55254;40232200;35751882;1526922;2238;1358685
FR;1;2021-10-12;23377;36594;58066;127;59209;40255577;35788476;1584988;2365;1417894
FR;1;2021-10-13;32966;47843;64169;124;65685;40288543;35836319;1649157;2489;1483579
FR;1;2021-10-14;21711;34782;53763;103;54347;40310254;35871101;1702920;2592;1537926
FR;1;2021-10-15;32746;48789;72327;165;75001;40343000;35919890;1775247;2757;1612927
FR;1;2021-10-16;26009;35292;34867;44;36411;40369009;35955182;1810114;2801;1649338
FR;1;2021-10-17;3155;4053;3413;2;3316;40372164;35959235;1813527;2803;1652654
FR;1;2021-10-18;24310;34895;66836;131;69708;40396474;35994130;1880363;2934;1722362
FR;1;2021-10-19;20719;35593;75658;135;79574;40417193;36029723;1956021;3069;1801936
FR;1;2021-10-20;29909;44225;96175;178;99847;40447102;36073948;2052196;3247;1901783
FR;1;2021-10-21;19797;35064;83176;107;87023;40466899;36109012;2135372;3354;1988806
FR;1;2021-10-22;29751;47779;103738;196;109680;40496650;36156791;2239110;3550;2098486
FR;1;2021-10-23;23050;35138;44870;57;47379;40519700;36191929;2283980;3607;2145865
FR;1;2021-10-24;2404;3838;3583;6;3720;40522104;36195767;2287563;3613;2149585
FR;1;2021-10-25;22494;30760;82023;143;85818;40544598;36226527;2369586;3756;2235403
FR;1;2021-10-26;19364;27677;86107;162;90330;40563962;36254204;2455693;3918;2325733
FR;1;2021-10-27;26214;39640;107805;252;112697;40590176;36293844;2563498;4170;2438430
FR;1;2021-10-28;18802;27126;86954;150;91697;40608978;36320970;2650452;4320;2530127
FR;1;2021-10-29;25930;40284;114826;202;121633;40634908;36361254;2765278;4522;2651760
FR;1;2021-10-30;17708;28718;49363;74;51948;40652616;36389972;2814641;4596;2703708
FR;1;2021-10-31;2081;3172;3450;2;3685;40654697;36393144;2818091;4598;2707393
FR;1;2021-11-01;8010;4267;3029;3;3288;40662707;36397411;2821120;4601;2710681
FR;1;2021-11-02;22902;33241;92394;156;97821;40685609;36430652;2913514;4757;2808502
FR;1;2021-11-03;26610;41591;117501;217;123864;40712219;36472243;3031015;4974;2932366
FR;1;2021-11-04;19601;30327;105805;213;111938;40731820;36502570;3136820;5187;3044304
FR;1;2021-11-05;27011;42340;138773;230;147426;40758831;36544910;3275593;5417;3191730
FR;1;2021-11-06;18849;29825;63482;123;66489;40777680;36574735;3339075;5540;3258219
FR;1;2021-11-07;1811;3286;4977;6;5303;40779491;36578021;3344052;5546;3263522
FR;1;2021-11-08;17848;32271;126000;224;132624;40797339;36610292;3470052;5770;3396146
FR;1;2021-11-09;19486;37659;159299;334;169086;40816825;36647951;3629351;6104;3565232
FR;1;2021-11-10;28865;49125;181897;440;192509;40845690;36697076;3811248;6544;3757741
FR;1;2021-11-11;4176;5948;12229;26;13023;40849866;36703024;3823477;6570;3770764
FR;1;2021-11-12;26013;46866;174815;244;186479;40875879;36749890;3998292;6814;3957243
FR;1;2021-11-13;18732;29169;76834;111;81776;40894611;36779059;4075126;6925;4039019
FR;1;2021-11-14;2043;3259;6821;5;7357;40896654;36782318;4081947;6930;4046376
FR;1;2021-11-15;18764;34800;156423;304;166245;40915418;36817118;4238370;7234;4212621
FR;1;2021-11-16;21348;37924;192112;380;204993;40936766;36855042;4430482;7614;4417614
FR;1;2021-11-17;28647;45611;193226;398;205029;40965413;36900653;4623708;8012;4622643
FR;1;2021-11-18;21129;39557;182491;458;194537;40986542;36940210;4806199;8470;4817180
FR;1;2021-11-19;30881;53389;230247;532;246719;41017423;36993599;5036446;9002;5063899
FR;1;2021-11-20;23761;33247;96985;201;103618;41041184;37026846;5133431;9203;5167517
FR;1;2021-11-21;2329;3924;9116;19;9942;41043513;37030770;5142547;9222;5177459
FR;1;2021-11-22;21409;30384;175902;465;189432;41064922;37061154;5318449;9687;5366891
FR;1;2021-11-23;24017;41049;221208;540;237942;41088939;37102203;5539657;10227;5604833
FR;1;2021-11-24;30285;49741;217340;701;234517;41119224;37151944;5756997;10928;5839350
FR;1;2021-11-25;23719;44092;244472;718;264125;41142943;37196036;6001469;11646;6103475
FR;1;2021-11-26;30625;66748;356797;836;388542;41173568;37262784;6358266;12482;6492017
FR;1;2021-11-27;21947;45356;202626;371;222637;41195515;37308140;6560892;12853;6714654
FR;1;2021-11-28;3169;9604;54788;63;61018;41198684;37317744;6615680;12916;6775672
FR;1;2021-11-29;17880;49531;326383;841;354463;41216564;37367275;6942063;13757;7130135
FR;1;2021-11-30;22784;64938;431142;952;470766;41239348;37432213;7373205;14709;7600901
FR;1;2021-12-01;25336;69275;442887;1131;481752;41264684;37501488;7816092;15840;8082653
FR;1;2021-12-02;20070;64544;489388;1228;532894;41284754;37566032;8305480;17068;8615547
FR;1;2021-12-03;22899;82531;542766;1309;591769;41307653;37648563;8848246;18377;9207316
FR;1;2021-12-04;16396;53934;299093;654;328951;41324049;37702497;9147339;19031;9536267
FR;1;2021-12-05;3633;13844;81524;143;91047;41327682;37716341;9228863;19174;9627314
FR;1;2021-12-06;25823;62624;415437;1066;455158;41353505;37778965;9644300;20240;10082472
FR;1;2021-12-07;19998;75618;522959;1535;572551;41373503;37854583;10167259;21775;10655023
FR;1;2021-12-08;21697;75739;458402;1544;502111;41395200;37930322;10625661;23319;11157134
FR;1;2021-12-09;19447;74059;492925;1625;540865;41414647;38004381;11118586;24944;11697999
FR;1;2021-12-10;23309;87720;547377;1585;600018;41437956;38092101;11665963;26529;12298017
FR;1;2021-12-11;16533;59218;302742;749;335486;41454489;38151319;11968705;27278;12633503
FR;1;2021-12-12;4376;15955;83216;179;94046;41458865;38167274;12051921;27457;12727549
FR;1;2021-12-13;15752;63618;366965;1094;406241;41474617;38230892;12418886;28551;13133790
FR;1;2021-12-14;20857;80340;464747;1746;515203;41495474;38311232;12883633;30297;13648993
FR;1;2021-12-15;21609;77519;409069;1309;453154;41517083;38388751;13292702;31606;14102147
FR;1;2021-12-16;20042;77317;451856;1578;500628;41537125;38466068;13744558;33184;14602775
FR;1;2021-12-17;22615;86613;479934;1735;530967;41559740;38552681;14224492;34919;15133742
FR;1;2021-12-18;17603;54683;257619;730;288516;41577343;38607364;14482111;35649;15422258
FR;1;2021-12-19;5552;17020;79180;194;90712;41582895;38624384;14561291;35843;15512970
FR;1;2021-12-20;20934;63147;316235;1080;355304;41603829;38687531;14877526;36923;15868274
FR;1;2021-12-21;26326;73096;372741;1423;418088;41630155;38760627;15250267;38346;16286362
FR;1;2021-12-22;24977;65896;310627;1216;349593;41655132;38826523;15560894;39562;16635955
FR;1;2021-12-23;21272;52290;241484;956;273036;41676404;38878813;15802378;40518;16908991
FR;1;2021-12-24;7126;18344;67156;258;77064;41683530;38897157;15869534;40776;16986055
FR;1;2021-12-25;507;2874;5586;15;6539;41684037;38900031;15875120;40791;16992594
FR;1;2021-12-26;2749;7584;26936;71;31455;41686786;38907615;15902056;40862;17024049
FR;1;2021-12-27;18306;53587;235115;705;265773;41705092;38961202;16137171;41567;17289822
FR;1;2021-12-28;23298;62032;292034;1026;330214;41728390;39023234;16429205;42593;17620036
FR;1;2021-12-29;22215;55549;254996;920;288221;41750605;39078783;16684201;43513;17908257
FR;1;2021-12-30;21239;46543;212157;858;239632;41771844;39125326;16896358;44371;18147889
FR;1;2021-12-31;7466;16588;61872;229;70408;41779310;39141914;16958230;44600;18218297
FR;1;2022-01-01;1153;2498;5658;30;6577;41780463;39144412;16963888;44630;18224874
FR;1;2022-01-02;3084;8082;28890;50;33528;41783547;39152494;16992778;44680;18258402
FR;1;2022-01-03;24649;54255;228237;789;257705;41808196;39206749;17221015;45469;18516107
FR;1;2022-01-04;26079;65085;299249;1238;337280;41834275;39271834;17520264;46707;18853387
FR;1;2022-01-05;30467;64330;274870;1099;310232;41864742;39336164;17795134;47806;19163619
FR;1;2022-01-06;26822;66255;306882;1399;346533;41891564;39402419;18102016;49205;19510152
FR;1;2022-01-07;31561;75073;349831;1538;393981;41923125;39477492;18451847;50743;19904133
FR;1;2022-01-08;23387;51400;222492;698;251120;41946512;39528892;18674339;51441;20155253
FR;1;2022-01-09;7088;17145;66024;163;76140;41953600;39546037;18740363;51604;20231393
FR;1;2022-01-10;21783;60698;236797;954;267620;41975383;39606735;18977160;52558;20499013
FR;1;2022-01-11;26758;63503;282281;1277;317808;42002141;39670238;19259441;53835;20816821
FR;1;2022-01-12;28951;62546;246256;1105;278040;42031092;39732784;19505697;54940;21094861
FR;1;2022-01-13;24775;60247;262795;1253;296130;42055867;39793031;19768492;56193;21390991
FR;1;2022-01-14;27965;66775;313998;1366;351264;42083832;39859806;20082490;57559;21742255
FR;1;2022-01-15;19360;44441;199307;619;223860;42103192;39904247;20281797;58178;21966115
FR;1;2022-01-16;5158;12992;51526;135;59564;42108350;39917239;20333323;58313;22025679
FR;1;2022-01-17;16862;39780;184827;781;206844;42125212;39957019;20518150;59094;22232523
FR;1;2022-01-18;19452;46031;212419;1154;237049;42144664;40003050;20730569;60248;22469572
FR;1;2022-01-19;20303;44023;176104;897;197190;42164967;40047073;20906673;61145;22666762
FR;1;2022-01-20;16837;40634;183677;1138;204742;42181804;40087707;21090350;62283;22871504
FR;1;2022-01-21;19912;47097;228948;1405;253351;42201716;40134804;21319298;63688;23124855
FR;1;2022-01-22;13843;33366;144493;578;161387;42215559;40168170;21463791;64266;23286242
FR;1;2022-01-23;3377;8781;33426;132;38323;42218936;40176951;21497217;64398;23324565
FR;1;2022-01-24;11804;33016;142209;710;158255;42230740;40209967;21639426;65108;23482820
FR;1;2022-01-25;14210;38226;163398;1047;181566;42244950;40248193;21802824;66155;23664386
FR;1;2022-01-26;14860;37708;150251;933;166354;42259810;40285901;21953075;67088;23830740
FR;1;2022-01-27;12337;33297;143452;889;157997;42272147;40319198;22096527;67977;23988737
FR;1;2022-01-28;16321;56986;198312;1143;222418;42288468;40376184;22294839;69120;24211155
FR;1;2022-01-29;10268;35514;135206;525;151553;42298736;40411698;22430045;69645;24362708
FR;1;2022-01-30;2483;9282;29681;86;34460;42301219;40420980;22459726;69731;24397168
FR;1;2022-01-31;8757;32513;104339;533;117382;42309976;40453493;22564065;70264;24514550
FR;1;2022-02-01;10983;36505;127068;864;141248;42320959;40489998;22691133;71128;24655798
FR;1;2022-02-02;11996;41623;130351;782;145839;42332955;40531621;22821484;71910;24801637
FR;1;2022-02-03;9243;34039;117004;784;130352;42342198;40565660;22938488;72694;24931989
FR;1;2022-02-04;11521;48201;172580;967;192774;42353719;40613861;23111068;73661;25124763
FR;1;2022-02-05;7993;33953;117580;391;133045;42361712;40647814;23228648;74052;25257808
FR;1;2022-02-06;1706;8007;22752;85;26911;42363418;40655821;23251400;74137;25284719
FR;1;2022-02-07;7316;35440;119094;458;134976;42370734;40691261;23370494;74595;25419695
FR;1;2022-02-08;7758;31946;125645;693;140634;42378492;40723207;23496139;75288;25560329
FR;1;2022-02-09;8653;36515;135248;699;152492;42387145;40759722;23631387;75987;25712821
FR;1;2022-02-10;7020;30060;116370;673;130157;42394165;40789782;23747757;76660;25842978
FR;1;2022-02-11;8656;41537;165136;878;185359;42402821;40831319;23912893;77538;26028337
FR;1;2022-02-12;5339;27603;106702;379;120887;42408160;40858922;24019595;77917;26149224
FR;1;2022-02-13;1257;5718;21717;66;25333;42409417;40864640;24041312;77983;26174557
FR;1;2022-02-14;5454;27216;118083;392;133111;42414871;40891856;24159395;78375;26307668
FR;1;2022-02-15;5787;28846;118919;610;132550;42420658;40920702;24278314;78985;26440218
FR;1;2022-02-16;5752;28475;110417;596;123048;42426410;40949177;24388731;79581;26563266
FR;1;2022-02-17;4610;19729;73138;487;80242;42431020;40968906;24461869;80068;26643508
FR;1;2022-02-18;5604;26783;99198;671;108157;42436624;40995689;24561067;80739;26751665
FR;1;2022-02-19;3549;17174;59476;304;66057;42440173;41012863;24620543;81043;26817722
FR;1;2022-02-20;791;3255;10705;36;12332;42440964;41016118;24631248;81079;26830054
FR;1;2022-02-21;3423;14587;52826;286;57672;42444387;41030705;24684074;81365;26887726
FR;1;2022-02-22;3792;15535;51912;500;55650;42448179;41046240;24735986;81865;26943376
FR;1;2022-02-23;4231;17814;57469;508;62570;42452410;41064054;24793455;82373;27005946
FR;1;2022-02-24;3342;13067;43612;436;46401;42455752;41077121;24837067;82809;27052347
FR;1;2022-02-25;4471;19886;64923;696;68794;42460223;41097007;24901990;83505;27121141
FR;1;2022-02-26;2693;12800;41369;310;45122;42462916;41109807;24943359;83815;27166263
FR;1;2022-02-27;644;2189;7127;42;7992;42463560;41111996;24950486;83857;27174255
FR;1;2022-02-28;2612;10480;34955;306;37381;42466172;41122476;24985441;84163;27211636
FR;1;2022-03-01;3564;10748;38698;390;39653;42469736;41133224;25024139;84553;27251289
FR;1;2022-03-02;3665;12178;41855;397;43925;42473401;41145402;25065994;84950;27295214
FR;1;2022-03-03;2452;7971;26175;326;26513;42475853;41153373;25092169;85276;27321727
FR;1;2022-03-04;2684;10454;35428;591;34923;42478537;41163827;25127597;85867;27356650
FR;1;2022-03-05;1820;6360;21966;278;22363;42480357;41170187;25149563;86145;27379013
FR;1;2022-03-06;358;955;2917;38;3120;42480715;41171142;25152480;86183;27382133
FR;1;2022-03-07;1740;4713;16435;245;15902;42482455;41175855;25168915;86428;27398035
FR;1;2022-03-08;1692;5254;17167;308;15995;42484147;41181109;25186082;86736;27414030
FR;1;2022-03-09;1986;6678;19805;368;19165;42486133;41187787;25205887;87104;27433195
FR;1;2022-03-10;1404;4980;15278;308;14318;42487537;41192767;25221165;87412;27447513
FR;1;2022-03-11;1753;6400;21705;484;19859;42489290;41199167;25242870;87896;27467372
FR;1;2022-03-12;1245;4650;15361;280;14910;42490535;41203817;25258231;88176;27482282
FR;1;2022-03-13;253;612;2120;119;2066;42490788;41204429;25260351;88295;27484348
FR;1;2022-03-14;1143;3676;13401;3879;12523;42491931;41208105;25273752;92174;27496871
FR;1;2022-03-15;1393;5740;14653;6861;13253;42493324;41213845;25288405;99035;27510124
FR;1;2022-03-16;1693;5073;17391;11518;16455;42495017;41218918;25305796;110553;27526579
FR;1;2022-03-17;1170;3436;11724;9648;10821;42496187;41222354;25317520;120201;27537400
FR;1;2022-03-18;1726;4927;17965;16502;16404;42497913;41227281;25335485;136703;27553804
FR;1;2022-03-19;1124;3299;11889;8455;11357;42499037;41230580;25347374;145158;27565161
FR;1;2022-03-20;224;559;1725;1014;1759;42499261;41231139;25349099;146172;27566920
FR;1;2022-03-21;1085;2763;11492;13448;10842;42500346;41233902;25360591;159620;27577762
FR;1;2022-03-22;1232;3208;12256;18704;11244;42501578;41237110;25372847;178324;27589006
FR;1;2022-03-23;1503;4345;16025;20111;15709;42503081;41241455;25388872;198435;27604715
FR;1;2022-03-24;1115;2750;10394;16050;9657;42504196;41244205;25399266;214485;27614372
FR;1;2022-03-25;1533;4355;16746;25299;15398;42505729;41248560;25416012;239784;27629770
FR;1;2022-03-26;1108;3012;10854;11450;10515;42506837;41251572;25426866;251234;27640285
FR;1;2022-03-27;233;546;1750;1381;1803;42507070;41252118;25428616;252615;27642088
FR;1;2022-03-28;1081;2483;9975;15883;9598;42508151;41254601;25438591;268498;27651686
FR;1;2022-03-29;1140;2739;11552;25097;10920;42509291;41257340;25450143;293595;27662606
FR;1;2022-03-30;1625;3593;14163;24190;13696;42510916;41260933;25464306;317785;27676302
FR;1;2022-03-31;1279;3010;11691;22665;11197;42512195;41263943;25475997;340450;27687499
FR;1;2022-04-01;2229;4019;18463;28517;17334;42514424;41267962;25494460;368967;27704833
FR;1;2022-04-02;908;1884;8190;9224;7938;42515332;41269846;25502650;378191;27712771
FR;1;2022-04-03;201;379;1432;1056;1433;42515533;41270225;25504082;379247;27714204
FR;1;2022-04-04;1967;2463;11365;17673;10754;42517500;41272688;25515447;396920;27724958
FR;1;2022-04-05;1821;2702;12997;31173;12021;42519321;41275390;25528444;428093;27736979
FR;1;2022-04-06;1684;2990;12197;23916;11627;42521005;41278380;25540641;452009;27748606
FR;1;2022-04-07;1294;2713;12343;31057;11809;42522299;41281093;25552984;483066;27760415
FR;1;2022-04-08;1611;3611;17554;40602;16465;42523910;41284704;25570538;523668;27776880
FR;1;2022-04-09;818;1993;8404;12497;8102;42524728;41286697;25578942;536165;27784982
FR;1;2022-04-10;199;597;1834;1852;1878;42524927;41287294;25580776;538017;27786860
FR;1;2022-04-11;1065;2238;10964;22326;10679;42525992;41289532;25591740;560343;27797539
FR;1;2022-04-12;1309;2621;12818;38110;12305;42527301;41292153;25604558;598453;27809844
FR;1;2022-04-13;1261;2858;12270;30607;12000;42528562;41295011;25616828;629060;27821844
FR;1;2022-04-14;1220;2518;12111;33605;12112;42529782;41297529;25628939;662665;27833956
FR;1;2022-04-15;1481;2960;14395;33254;13773;42531263;41300489;25643334;695919;27847729
FR;1;2022-04-16;658;1403;5840;7986;5765;42531921;41301892;25649174;703905;27853494
FR;1;2022-04-17;155;287;929;1119;974;42532076;41302179;25650103;705024;27854468
FR;1;2022-04-18;164;466;2633;1000;2657;42532240;41302645;25652736;706024;27857125
FR;1;2022-04-19;1239;2586;11777;27894;11508;42533479;41305231;25664513;733918;27868633
FR;1;2022-04-20;1339;2630;12173;26846;12013;42534818;41307861;25676686;760764;27880646
FR;1;2022-04-21;1238;2456;11534;33226;11745;42536056;41310317;25688220;793990;27892391
FR;1;2022-04-22;1511;3070;15205;35484;14786;42537567;41313387;25703425;829474;27907177
FR;1;2022-04-23;760;1580;6731;9891;6636;42538327;41314967;25710156;839365;27913813
FR;1;2022-04-24;196;373;1373;1520;1328;42538523;41315340;25711529;840885;27915141
FR;1;2022-04-25;1035;2128;9850;19689;9751;42539558;41317468;25721379;860574;27924892
FR;1;2022-04-26;1346;2621;12592;36545;12199;42540904;41320089;25733971;897119;27937091
FR;1;2022-04-27;1324;2404;10650;29184;10785;42542228;41322493;25744621;926303;27947876
FR;1;2022-04-28;1277;2396;11558;34252;11401;42543505;41324889;25756179;960555;27959277
FR;1;2022-04-29;1611;4138;14395;35508;13838;42545116;41329027;25770574;996063;27973115
FR;1;2022-04-30;828;1563;6446;9163;6288;42545944;41330590;25777020;1005226;27979403
FR;1;2022-05-01;177;286;829;948;822;42546121;41330876;25777849;1006174;27980225
FR;1;2022-05-02;1610;2590;10370;16910;10280;42547731;41333466;25788219;1023084;27990505
FR;1;2022-05-03;1529;2860;12701;32880;12593;42549260;41336326;25800920;1055964;28003098
FR;1;2022-05-04;1352;2729;11226;23798;11384;42550612;41339055;25812146;1079762;28014482
FR;1;2022-05-05;1466;2612;12171;31809;12095;42552078;41341667;25824317;1111571;28026577
FR;1;2022-05-06;1811;3230;14228;34908;13810;42553889;41344897;25838545;1146479;28040387
FR;1;2022-05-07;852;1468;5975;9089;6008;42554741;41346365;25844520;1155568;28046395
FR;1;2022-05-08;190;328;1059;1470;1121;42554931;41346693;25845579;1157038;28047516
FR;1;2022-05-09;1115;2007;9243;19257;9158;42556046;41348700;25854822;1176295;28056674
FR;1;2022-05-10;1466;2853;12605;37093;12204;42557512;41351553;25867427;1213388;28068878
FR;1;2022-05-11;1431;2458;9906;26012;9851;42558943;41354011;25877333;1239400;28078729
FR;1;2022-05-12;1313;2415;10510;33575;10211;42560256;41356426;25887843;1272975;28088940
FR;1;2022-05-13;1603;2797;12757;35717;12404;42561859;41359223;25900600;1308692;28101344
FR;1;2022-05-14;780;1317;5479;10210;5364;42562639;41360540;25906079;1318902;28106708
FR;1;2022-05-15;220;413;1182;1349;1251;42562859;41360953;25907261;1320251;28107959
FR;1;2022-05-16;967;1769;8071;20103;8124;42563826;41362722;25915332;1340354;28116083
FR;1;2022-05-17;1289;2289;11115;36165;10722;42565115;41365011;25926447;1376519;28126805
FR;1;2022-05-18;1302;2120;9035;25704;8986;42566417;41367131;25935482;1402223;28135791
FR;1;2022-05-19;1195;2390;9846;33983;9940;42567612;41369521;25945328;1436206;28145731
FR;1;2022-05-20;1561;2751;12520;37638;12105;42569173;41372272;25957848;1473844;28157836
FR;1;2022-05-21;774;1373;5246;9373;5164;42569947;41373645;25963094;1483217;28163000
FR;1;2022-05-22;191;290;948;1395;948;42570138;41373935;25964042;1484612;28163948
FR;1;2022-05-23;969;1880;8368;19404;8344;42571107;41375815;25972410;1504016;28172292
FR;1;2022-05-24;1284;2443;10717;37225;10586;42572391;41378258;25983127;1541241;28182878
FR;1;2022-05-25;1270;2288;8789;23666;8949;42573661;41380546;25991916;1564907;28191827
FR;1;2022-05-26;167;372;1579;1154;1573;42573828;41380918;25993495;1566061;28193400
FR;1;2022-05-27;1104;2176;8780;20448;8530;42574932;41383094;26002275;1586509;28201930
FR;1;2022-05-28;481;1043;3685;6535;3724;42575413;41384137;26005960;1593044;28205654
FR;1;2022-05-29;120;257;706;893;717;42575533;41384394;26006666;1593937;28206371
FR;1;2022-05-30;829;1725;6558;18529;6588;42576362;41386119;26013224;1612466;28212959
FR;1;2022-05-31;1265;2216;9240;34366;9109;42577627;41388335;26022464;1646832;28222068
FR;1;2022-06-01;1306;2590;10429;23447;10291;42578933;41390925;26032893;1670279;28232359
FR;1;2022-06-02;1221;2303;10663;34114;10231;42580154;41393228;26043556;1704393;28242590
FR;1;2022-06-03;1439;2728;12691;37090;12112;42581593;41395956;26056247;1741483;28254702
FR;1;2022-06-04;679;1260;4745;8675;4822;42582272;41397216;26060992;1750158;28259524
FR;1;2022-06-05;130;288;810;1048;832;42582402;41397504;26061802;1751206;28260356
FR;1;2022-06-06;360;1079;2016;1184;2029;42582762;41398583;26063818;1752390;28262385
FR;1;2022-06-07;1146;2309;9177;34032;8838;42583908;41400892;26072995;1786422;28271223
FR;1;2022-06-08;1104;2228;8666;27537;8549;42585012;41403120;26081661;1813959;28279772
FR;1;2022-06-09;1062;2142;9979;37545;9661;42586074;41405262;26091640;1851504;28289433
FR;1;2022-06-10;1329;2577;12393;43094;11969;42587403;41407839;26104033;1894598;28301402
FR;1;2022-06-11;656;1443;5136;11080;5184;42588059;41409282;26109169;1905678;28306586
FR;1;2022-06-12;151;371;1013;1683;1069;42588210;41409653;26110182;1907361;28307655
FR;1;2022-06-13;905;1824;7008;22217;6865;42589115;41411477;26117190;1929578;28314520
FR;1;2022-06-14;1086;2181;9835;42826;9237;42590201;41413658;26127025;1972404;28323757
FR;1;2022-06-15;1070;1967;8778;29363;8456;42591271;41415625;26135803;2001767;28332213
FR;1;2022-06-16;943;1823;9394;38460;8871;42592214;41417448;26145197;2040227;28341084
FR;1;2022-06-17;1211;2538;11864;44764;11351;42593425;41419986;26157061;2084991;28352435
FR;1;2022-06-18;560;1268;4316;10543;4254;42593985;41421254;26161377;2095534;28356689
FR;1;2022-06-19;137;324;1002;1543;1081;42594122;41421578;26162379;2097077;28357770
FR;1;2022-06-20;854;1696;8490;25036;8154;42594976;41423274;26170869;2122113;28365924
FR;1;2022-06-21;1097;2132;9757;47739;8848;42596073;41425406;26180626;2169852;28374772
FR;1;2022-06-22;1030;2046;8431;37128;7947;42597103;41427452;26189057;2206980;28382719
FR;1;2022-06-23;1048;2165;10119;52786;9404;42598151;41429617;26199176;2259766;28392123
FR;1;2022-06-24;1247;2704;12905;65932;11687;42599398;41432321;26212081;2325698;28403810
FR;1;2022-06-25;682;1502;5922;18915;5705;42600080;41433823;26218003;2344613;28409515
FR;1;2022-06-26;166;407;1818;3493;1713;42600246;41434230;26219821;2348106;28411228
FR;1;2022-06-27;936;1765;9901;45959;9126;42601182;41435995;26229722;2394065;28420354
FR;1;2022-06-28;1206;2566;13831;86499;12396;42602388;41438561;26243553;2480564;28432750
FR;1;2022-06-29;1236;2283;11476;67356;10543;42603624;41440844;26255029;2547920;28443293
FR;1;2022-06-30;1277;2436;13510;89947;11819;42604901;41443280;26268539;2637867;28455112
FR;1;2022-07-01;1632;3466;20291;109183;17955;42606533;41446746;26288830;2747050;28473067
FR;1;2022-07-02;760;1521;8014;33770;7247;42607293;41448267;26296844;2780820;28480314
FR;1;2022-07-03;226;479;1940;6115;1755;42607519;41448746;26298784;2786935;28482069
FR;1;2022-07-04;1326;2847;13907;75386;12329;42608845;41451593;26312691;2862321;28494398
FR;1;2022-07-05;1409;2795;17677;126323;15131;42610254;41454388;26330368;2988644;28509529
FR;1;2022-07-06;1341;2381;14881;93694;12900;42611595;41456769;26345249;3082338;28522429
FR;1;2022-07-07;1432;2529;16918;119433;13989;42613027;41459298;26362167;3201771;28536418
FR;1;2022-07-08;1525;2811;19599;129973;15962;42614552;41462109;26381766;3331744;28552380
FR;1;2022-07-09;660;1269;7303;36013;6346;42615212;41463378;26389069;3367757;28558726
FR;1;2022-07-10;235;481;2239;6684;2033;42615447;41463859;26391308;3374441;28560759
FR;1;2022-07-11;1199;2208;14311;84392;11921;42616646;41466067;26405619;3458833;28572680
FR;1;2022-07-12;1550;2768;19445;137367;15881;42618196;41468835;26425064;3596200;28588561
FR;1;2022-07-13;1399;2400;14773;89810;12617;42619595;41471235;26439837;3686010;28601178
FR;1;2022-07-14;156;343;1861;5284;1770;42619751;41471578;26441698;3691294;28602948
FR;1;2022-07-15;1252;2295;14357;80568;12000;42621003;41473873;26456055;3771862;28614948
FR;1;2022-07-16;502;1044;5635;23943;4889;42621505;41474917;26461690;3795805;28619837
FR;1;2022-07-17;158;363;1655;4459;1498;42621663;41475280;26463345;3800264;28621335
FR;1;2022-07-18;970;2024;11292;59264;9559;42622633;41477304;26474637;3859528;28630894
FR;1;2022-07-19;1222;2115;14684;99376;11714;42623855;41479419;26489321;3958904;28642608
FR;1;2022-07-20;1167;1985;12353;74337;10265;42625022;41481404;26501674;4033241;28652873
FR;1;2022-07-21;1120;1938;12403;84503;9980;42626142;41483342;26514077;4117744;28662853
FR;1;2022-07-22;1240;2201;14079;85860;11405;42627382;41485543;26528156;4203604;28674258
FR;1;2022-07-23;533;1083;5228;21290;4605;42627915;41486626;26533384;4224894;28678863
FR;1;2022-07-24;147;303;1325;3695;1165;42628062;41486929;26534709;4228589;28680028
FR;1;2022-07-25;884;1620;9066;46095;7512;42628946;41488549;26543775;4274684;28687540
FR;1;2022-07-26;1123;1956;12667;81932;10324;42630069;41490505;26556442;4356616;28697864
FR;1;2022-07-27;1013;1716;9741;58421;8118;42631082;41492221;26566183;4415037;28705982
FR;1;2022-07-28;978;1698;9844;61863;7840;42632060;41493919;26576027;4476900;28713822
FR;1;2022-07-29;1110;1803;10427;62897;8354;42633170;41495722;26586454;4539797;28722176
FR;1;2022-07-30;390;709;3343;14482;2846;42633560;41496431;26589797;4554279;28725022
FR;1;2022-07-31;138;263;900;2333;766;42633698;41496694;26590697;4556612;28725788
FR;1;2022-08-01;717;1299;7236;28953;6096;42634415;41497993;26597933;4585565;28731884
FR;1;2022-08-02;891;1461;8216;53982;6608;42635306;41499454;26606149;4639547;28738492
FR;1;2022-08-03;718;1086;6131;37023;4914;42636024;41500540;26612280;4676570;28743406
FR;1;2022-08-04;640;1070;6250;41400;5039;42636664;41501610;26618530;4717970;28748445
FR;1;2022-08-05;736;1187;6749;43024;5409;42637400;41502797;26625279;4760994;28753854
FR;1;2022-08-06;272;459;1990;8997;1670;42637672;41503256;26627269;4769991;28755524
FR;1;2022-08-07;88;141;519;1551;435;42637760;41503397;26627788;4771542;28755959
FR;1;2022-08-08;483;840;3786;21209;3113;42638243;41504237;26631574;4792751;28759072
FR;1;2022-08-09;606;1018;5670;38447;4545;42638849;41505255;26637244;4831198;28763617
FR;1;2022-08-10;527;992;4430;26893;3626;42639376;41506247;26641674;4858091;28767243
FR;1;2022-08-11;537;901;4296;28148;3565;42639913;41507148;26645970;4886239;28770808
FR;1;2022-08-12;588;1017;4543;27152;3751;42640501;41508165;26650513;4913391;28774559
FR;1;2022-08-13;174;346;1247;5101;1062;42640675;41508511;26651760;4918492;28775621
FR;1;2022-08-14;64;113;275;868;234;42640739;41508624;26652035;4919360;28775855
FR;1;2022-08-15;72;155;563;540;524;42640811;41508779;26652598;4919900;28776379
FR;1;2022-08-16;522;922;3776;21465;3204;42641333;41509701;26656374;4941365;28779583
FR;1;2022-08-17;524;877;3755;22095;3179;42641857;41510578;26660129;4963460;28782762
FR;1;2022-08-18;538;866;3900;25417;3103;42642395;41511444;26664029;4988877;28785865
FR;1;2022-08-19;533;1031;4354;26505;3589;42642928;41512475;26668383;5015382;28789454
FR;1;2022-08-20;231;404;1284;5362;1098;42643159;41512879;26669667;5020744;28790552
FR;1;2022-08-21;81;109;281;988;249;42643240;41512988;26669948;5021732;28790801
FR;1;2022-08-22;471;872;3135;14930;2705;42643711;41513860;26673083;5036662;28793506
FR;1;2022-08-23;633;1046;4142;28308;3477;42644344;41514906;26677225;5064970;28796983
FR;1;2022-08-24;549;821;3391;19054;2761;42644893;41515727;26680616;5084024;28799744
FR;1;2022-08-25;560;917;3810;22906;3192;42645453;41516644;26684426;5106930;28802936
FR;1;2022-08-26;745;1117;4342;25141;3556;42646198;41517761;26688768;5132071;28806492
FR;1;2022-08-27;215;426;1322;5301;1190;42646413;41518187;26690090;5137372;28807682
FR;1;2022-08-28;111;144;298;894;279;42646524;41518331;26690388;5138266;28807961
FR;1;2022-08-29;502;850;2972;14213;2510;42647026;41519181;26693360;5152479;28810471
FR;1;2022-08-30;733;1090;4614;27686;3770;42647759;41520271;26697974;5180165;28814241
FR;1;2022-08-31;575;813;3097;17189;2608;42648334;41521084;26701071;5197354;28816849
FR;1;2022-09-01;657;893;4298;21837;3657;42648991;41521977;26705369;5219191;28820506
FR;1;2022-09-02;765;1030;4868;27841;4066;42649756;41523007;26710237;5247032;28824572
FR;1;2022-09-03;314;494;1829;5865;1585;42650070;41523501;26712066;5252897;28826157
FR;1;2022-09-04;106;136;340;840;333;42650176;41523637;26712406;5253737;28826490
FR;1;2022-09-05;557;630;2988;15679;2493;42650733;41524267;26715394;5269416;28828983
FR;1;2022-09-06;716;912;4547;31017;3688;42651449;41525179;26719941;5300433;28832671
FR;1;2022-09-07;531;675;2913;16391;2415;42651980;41525854;26722854;5316824;28835086
FR;1;2022-09-08;565;773;3682;24169;3025;42652545;41526627;26726536;5340993;28838111
FR;1;2022-09-09;758;954;4266;26759;3554;42653303;41527581;26730802;5367752;28841665
FR;1;2022-09-10;321;458;1666;5573;1468;42653624;41528039;26732468;5373325;28843133
FR;1;2022-09-11;105;117;307;642;289;42653729;41528156;26732775;5373967;28843422
FR;1;2022-09-12;445;558;2599;12921;2217;42654174;41528714;26735374;5386888;28845639
FR;1;2022-09-13;570;782;3851;25671;3303;42654744;41529496;26739225;5412559;28848942
FR;1;2022-09-14;567;685;2852;15640;2375;42655311;41530181;26742077;5428199;28851317
FR;1;2022-09-15;502;696;3314;23011;2795;42655813;41530877;26745391;5451210;28854112
FR;1;2022-09-16;712;921;3998;25254;3363;42656525;41531798;26749389;5476464;28857475
FR;1;2022-09-17;290;399;1385;5957;1210;42656815;41532197;26750774;5482421;28858685
FR;1;2022-09-18;96;120;310;921;278;42656911;41532317;26751084;5483342;28858963
FR;1;2022-09-19;363;553;2130;12816;1824;42657274;41532870;26753214;5496158;28860787
FR;1;2022-09-20;549;793;3641;25706;3044;42657823;41533663;26756855;5521864;28863831
FR;1;2022-09-21;468;676;2619;15843;2248;42658291;41534339;26759474;5537707;28866079
FR;1;2022-09-22;532;736;3260;22920;2660;42658823;41535075;26762734;5560627;28868739
FR;1;2022-09-23;747;921;4338;28099;3619;42659570;41535996;26767072;5588726;28872358
FR;1;2022-09-24;346;528;1578;6689;1357;42659916;41536524;26768650;5595415;28873715
FR;1;2022-09-25;78;149;321;1071;293;42659994;41536673;26768971;5596486;28874008
FR;1;2022-09-26;371;627;2161;12977;1914;42660365;41537300;26771132;5609463;28875922
FR;1;2022-09-27;537;749;3445;24998;2777;42660902;41538049;26774577;5634461;28878699
FR;1;2022-09-28;506;706;2437;14947;2203;42661408;41538755;26777014;5649408;28880902
FR;1;2022-09-29;495;682;2968;20246;2488;42661903;41539437;26779982;5669654;28883390
FR;1;2022-09-30;669;958;3756;24367;3135;42662572;41540395;26783738;5694021;28886525
FR;1;2022-10-01;324;534;1857;5486;1613;42662896;41540929;26785595;5699507;28888138
FR;1;2022-10-02;47;114;201;561;201;42662943;41541043;26785796;5700068;28888339
FR;1;2022-10-03;380;545;2125;9993;1871;42663323;41541588;26787921;5710061;28890210
FR;1;2022-10-04;534;657;2893;18897;2439;42663857;41542245;26790814;5728958;28892649
FR;1;2022-10-05;419;668;2064;11069;1838;42664276;41542913;26792878;5740027;28894487
FR;1;2022-10-06;431;594;2475;15724;2043;42664707;41543507;26795353;5755751;28896530
FR;1;2022-10-07;540;728;2665;16025;2280;42665247;41544235;26798018;5771776;28898810
FR;1;2022-10-08;223;300;847;3154;737;42665470;41544535;26798865;5774930;28899547
FR;1;2022-10-09;72;84;149;461;133;42665542;41544619;26799014;5775391;28899680
FR;1;2022-10-10;285;399;1147;4937;1067;42665827;41545018;26800161;5780328;28900747
FR;1;2022-10-11;313;423;1287;7970;1164;42666140;41545441;26801448;5788298;28901911
FR;1;2022-10-12;313;412;1025;5158;1024;42666453;41545853;26802473;5793456;28902935
FR;1;2022-10-13;309;375;1029;6006;886;42666762;41546228;26803502;5799462;28903821
FR;1;2022-10-14;397;513;1145;6690;1021;42667159;41546741;26804647;5806152;28904842
FR;1;2022-10-15;189;244;447;1836;431;42667348;41546985;26805094;5807988;28905273
FR;1;2022-10-16;45;57;105;281;113;42667393;41547042;26805199;5808269;28905386
FR;1;2022-10-17;224;300;630;2624;589;42667617;41547342;26805829;5810893;28905975
FR;1;2022-10-18;253;298;825;4546;704;42667870;41547640;26806654;5815439;28906679
FR;1;2022-10-19;266;346;601;3141;565;42668136;41547986;26807255;5818580;28907244
FR;1;2022-10-20;256;289;782;4229;679;42668392;41548275;26808037;5822809;28907923
FR;1;2022-10-21;293;387;696;3742;594;42668685;41548662;26808733;5826551;28908517
FR;1;2022-10-22;132;156;243;1228;237;42668817;41548818;26808976;5827779;28908754
FR;1;2022-10-23;29;30;62;200;55;42668846;41548848;26809038;5827979;28908809
FR;1;2022-10-24;263;208;378;1507;362;42669109;41549056;26809416;5829486;28909171
FR;1;2022-10-25;209;236;466;2578;393;42669318;41549292;26809882;5832064;28909564
FR;1;2022-10-26;228;222;359;1902;339;42669546;41549514;26810241;5833966;28909903
FR;1;2022-10-27;246;206;423;2051;410;42669792;41549720;26810664;5836017;28910313
FR;1;2022-10-28;289;285;445;2232;394;42670081;41550005;26811109;5838249;28910707
FR;1;2022-10-29;89;138;132;670;167;42670170;41550143;26811241;5838919;28910874
FR;1;2022-10-30;32;38;40;175;40;42670202;41550181;26811281;5839094;28910914
FR;1;2022-10-31;125;163;245;738;227;42670327;41550344;26811526;5839832;28911141
FR;1;2022-11-01;14;15;27;50;29;42670341;41550359;26811553;5839882;28911170
FR;1;2022-11-02;204;184;249;894;230;42670545;41550543;26811802;5840776;28911400
FR;2;2020-12-27;0;0;0;0;0;0;0;0;0;0
FR;2;2020-12-28;0;0;0;0;0;0;0;0;0;0
FR;2;2020-12-29;0;0;0;0;0;0;0;0;0;0
FR;2;2020-12-30;0;0;0;0;0;0;0;0;0;0
FR;2;2020-12-31;0;0;0;0;0;0;0;0;0;0
FR;2;2021-01-01;0;0;0;0;0;0;0;0;0;0
FR;2;2021-01-02;0;0;0;0;0;0;0;0;0;0
FR;2;2021-01-03;0;0;0;0;0;0;0;0;0;0
FR;2;2021-01-04;0;0;0;0;0;0;0;0;0;0
FR;2;2021-01-05;0;0;0;0;0;0;0;0;0;0
FR;2;2021-01-06;0;0;0;0;0;0;0;0;0;0
FR;2;2021-01-07;0;0;0;0;0;0;0;0;0;0
FR;2;2021-01-08;0;0;0;0;0;0;0;0;0;0
FR;2;2021-01-09;0;0;0;0;0;0;0;0;0;0
FR;2;2021-01-10;0;0;0;0;0;0;0;0;0;0
FR;2;2021-01-11;0;0;0;0;0;0;0;0;0;0
FR;2;2021-01-12;0;0;0;0;0;0;0;0;0;0
FR;2;2021-01-13;0;0;0;0;0;0;0;0;0;0
FR;2;2021-01-14;1655;0;0;0;0;1655;0;0;0;0
FR;2;2021-01-15;398;0;0;0;0;2053;0;0;0;0
FR;2;2021-01-16;316;0;0;0;0;2369;0;0;0;0
FR;2;2021-01-17;83;0;0;0;0;2452;0;0;0;0
FR;2;2021-01-18;3074;2;0;0;0;5526;2;0;0;0
FR;2;2021-01-19;4681;1;0;0;0;10207;3;0;0;0
FR;2;2021-01-20;5136;6;0;0;0;15343;9;0;0;0
FR;2;2021-01-21;5345;9;0;0;0;20688;18;0;0;0
FR;2;2021-01-22;5118;16;0;0;0;25806;34;0;0;0
FR;2;2021-01-23;1874;2;0;0;0;27680;36;0;0;0
FR;2;2021-01-24;163;2;0;0;0;27843;38;0;0;0
FR;2;2021-01-25;3814;3;0;0;0;31657;41;0;0;0
FR;2;2021-01-26;3924;5;0;0;0;35581;46;0;0;0
FR;2;2021-01-27;3603;4;0;0;0;39184;50;0;0;0
FR;2;2021-01-28;3754;8;0;0;0;42938;58;0;0;0
FR;2;2021-01-29;3296;4;0;0;0;46234;62;0;0;0
FR;2;2021-01-30;1133;3;0;0;0;47367;65;0;0;0
FR;2;2021-01-31;46;2;0;0;0;47413;67;0;0;0
FR;2;2021-02-01;3405;11;0;0;0;50818;78;0;0;0
FR;2;2021-02-02;4493;18;0;0;0;55311;96;0;0;0
FR;2;2021-02-03;5222;7;0;0;0;60533;103;0;0;0
FR;2;2021-02-04;4939;11;0;0;0;65472;114;0;0;0
FR;2;2021-02-05;4815;16;0;0;0;70287;130;0;0;0
FR;2;2021-02-06;2044;16;0;0;0;72331;146;0;0;0
FR;2;2021-02-07;102;4;0;0;0;72433;150;0;0;0
FR;2;2021-02-08;7557;25;0;0;0;79990;175;0;0;0
FR;2;2021-02-09;8428;28;0;0;0;88418;203;0;0;0
FR;2;2021-02-10;9343;60;0;0;0;97761;263;0;0;0
FR;2;2021-02-11;10289;125;0;0;0;108050;388;0;0;0
FR;2;2021-02-12;10056;272;0;0;0;118106;660;0;0;0
FR;2;2021-02-13;3120;225;0;0;0;121226;885;0;0;0
FR;2;2021-02-14;355;10;0;0;0;121581;895;0;0;0
FR;2;2021-02-15;3460;3114;0;0;0;125041;4009;0;0;0
FR;2;2021-02-16;5074;4122;0;0;0;130115;8131;0;0;0
FR;2;2021-02-17;4258;4535;0;0;0;134373;12666;0;0;0
FR;2;2021-02-18;5404;5167;0;0;0;139777;17833;0;0;0
FR;2;2021-02-19;5327;4465;0;0;0;145104;22298;0;0;0
FR;2;2021-02-20;1871;1517;0;0;0;146975;23815;0;0;0
FR;2;2021-02-21;244;95;0;0;0;147219;23910;0;0;0
FR;2;2021-02-22;3613;3768;0;0;0;150832;27678;0;0;0
FR;2;2021-02-23;4954;3729;0;0;0;155786;31407;0;0;0
FR;2;2021-02-24;5015;3531;0;0;0;160801;34938;0;0;0
FR;2;2021-02-25;5495;3476;0;0;0;166296;38414;0;0;0
FR;2;2021-02-26;4363;3169;0;0;0;170659;41583;0;0;0
FR;2;2021-02-27;1629;1065;0;0;0;172288;42648;0;0;0
FR;2;2021-02-28;179;17;0;0;0;172467;42665;0;0;0
FR;2;2021-03-01;5189;3760;0;0;0;177656;46425;0;0;0
FR;2;2021-03-02;6538;4719;0;0;0;184194;51144;0;0;0
FR;2;2021-03-03;6540;4945;0;0;0;190734;56089;0;0;0
FR;2;2021-03-04;8409;4173;0;0;0;199143;60262;0;0;0
FR;2;2021-03-05;8035;4053;0;0;0;207178;64315;0;0;0
FR;2;2021-03-06;4787;1680;0;0;0;211965;65995;0;0;0
FR;2;2021-03-07;2372;31;0;0;0;214337;66026;0;0;0
FR;2;2021-03-08;4166;8387;0;0;0;218503;74413;0;0;0
FR;2;2021-03-09;7491;8576;1;0;0;225994;82989;1;0;0
FR;2;2021-03-10;7104;9212;0;0;0;233098;92201;1;0;0
FR;2;2021-03-11;9376;9325;1;0;0;242474;101526;2;0;0
FR;2;2021-03-12;7980;8332;0;0;0;250454;109858;2;0;0
FR;2;2021-03-13;10055;2585;0;0;0;260509;112443;2;0;0
FR;2;2021-03-14;4841;383;0;0;0;265350;112826;2;0;0
FR;2;2021-03-15;10913;3482;0;0;0;276263;116308;2;0;0
FR;2;2021-03-16;16766;4680;1;0;0;293029;120988;3;0;0
FR;2;2021-03-17;20239;3997;0;0;0;313268;124985;3;0;0
FR;2;2021-03-18;23370;5092;0;0;0;336638;130077;3;0;0
FR;2;2021-03-19;23310;4653;0;0;0;359948;134730;3;0;0
FR;2;2021-03-20;25452;1576;0;0;0;385400;136306;3;0;0
FR;2;2021-03-21;17671;154;0;0;0;403071;136460;3;0;0
FR;2;2021-03-22;17788;3218;0;0;0;420859;139678;3;0;0
FR;2;2021-03-23;22697;4257;0;0;0;443556;143935;3;0;0
FR;2;2021-03-24;23958;5033;0;0;0;467514;148968;3;0;0
FR;2;2021-03-25;26753;5226;1;0;0;494267;154194;4;0;0
FR;2;2021-03-26;26986;4223;0;0;0;521253;158417;4;0;0
FR;2;2021-03-27;15920;1359;0;0;0;537173;159776;4;0;0
FR;2;2021-03-28;10562;138;0;0;0;547735;159914;4;0;0
FR;2;2021-03-29;18996;4314;0;0;0;566731;164228;4;0;0
FR;2;2021-03-30;24589;6089;0;0;0;591320;170317;4;0;0
FR;2;2021-03-31;28560;5921;0;0;0;619880;176238;4;0;0
FR;2;2021-04-01;34552;8558;1;0;0;654432;184796;5;0;0
FR;2;2021-04-02;29985;7706;0;0;0;684417;192502;5;0;0
FR;2;2021-04-03;16955;4140;0;0;0;701372;196642;5;0;0
FR;2;2021-04-04;9306;1206;2;0;0;710678;197848;7;0;0
FR;2;2021-04-05;12445;795;0;0;0;723123;198643;7;0;0
FR;2;2021-04-06;27155;7238;0;0;0;750278;205881;7;0;0
FR;2;2021-04-07;30931;7097;1;0;0;781209;212978;8;0;0
FR;2;2021-04-08;36894;8597;1;0;0;818103;221575;9;0;0
FR;2;2021-04-09;33847;8407;28;0;0;851950;229982;37;0;0
FR;2;2021-04-10;19685;9242;1;0;0;871635;239224;38;0;0
FR;2;2021-04-11;7942;4251;1;0;0;879577;243475;39;0;0
FR;2;2021-04-12;17128;11033;0;0;0;896705;254508;39;0;0
FR;2;2021-04-13;19459;16048;1;0;0;916164;270556;40;0;0
FR;2;2021-04-14;18068;16411;7;0;0;934232;286967;47;0;0
FR;2;2021-04-15;22200;21570;27;0;0;956432;308537;74;0;0
FR;2;2021-04-16;20712;20452;45;0;0;977144;328989;119;0;0
FR;2;2021-04-17;13257;22494;5;0;0;990401;351483;124;0;0
FR;2;2021-04-18;5911;14401;6;0;0;996312;365884;130;0;0
FR;2;2021-04-19;16844;16353;24;0;0;1013156;382237;154;0;0
FR;2;2021-04-20;19326;21699;38;0;0;1032482;403936;192;0;0
FR;2;2021-04-21;20291;21784;76;0;0;1052773;425720;268;0;0
FR;2;2021-04-22;23819;24926;41;0;0;1076592;450646;309;0;0
FR;2;2021-04-23;24528;25421;76;0;0;1101120;476067;385;0;0
FR;2;2021-04-24;25304;15061;104;0;0;1126424;491128;489;0;0
FR;2;2021-04-25;9596;8613;5;0;0;1136020;499741;494;0;0
FR;2;2021-04-26;17164;17501;21;0;0;1153184;517242;515;0;0
FR;2;2021-04-27;19244;24135;40;0;0;1172428;541377;555;0;0
FR;2;2021-04-28;22338;26363;112;0;0;1194766;567740;667;0;0
FR;2;2021-04-29;25472;30318;69;0;0;1220238;598058;736;0;0
FR;2;2021-04-30;25533;27898;49;1;0;1245771;625956;785;1;0
FR;2;2021-05-01;14987;9860;6;0;0;1260758;635816;791;1;0
FR;2;2021-05-02;6639;9169;2;0;0;1267397;644985;793;1;0
FR;2;2021-05-03;20022;19180;40;0;0;1287419;664165;833;1;0
FR;2;2021-05-04;18284;29136;33;0;0;1305703;693301;866;1;0
FR;2;2021-05-05;18377;29450;48;0;0;1324080;722751;914;1;0
FR;2;2021-05-06;23547;35361;132;0;0;1347627;758112;1046;1;0
FR;2;2021-05-07;25335;33232;97;0;0;1372962;791344;1143;1;0
FR;2;2021-05-08;21342;10371;14;0;0;1394304;801715;1157;1;0
FR;2;2021-05-09;13166;7706;7;0;0;1407470;809421;1164;1;0
FR;2;2021-05-10;32941;21847;50;0;0;1440411;831268;1214;1;0
FR;2;2021-05-11;43607;20954;101;0;0;1484018;852222;1315;1;0
FR;2;2021-05-12;50056;19698;143;0;0;1534074;871920;1458;1;0
FR;2;2021-05-13;51297;5668;31;0;0;1585371;877588;1489;1;0
FR;2;2021-05-14;61354;12888;132;0;0;1646725;890476;1621;1;0
FR;2;2021-05-15;65934;7119;39;0;0;1712659;897595;1660;1;0
FR;2;2021-05-16;43587;2574;10;0;0;1756246;900169;1670;1;0
FR;2;2021-05-17;44752;12484;114;0;0;1800998;912653;1784;1;0
FR;2;2021-05-18;54645;12274;191;0;0;1855643;924927;1975;1;0
FR;2;2021-05-19;57176;10524;281;0;0;1912819;935451;2256;1;0
FR;2;2021-05-20;63440;10809;288;0;0;1976259;946260;2544;1;0
FR;2;2021-05-21;64297;11625;230;0;0;2040556;957885;2774;1;0
FR;2;2021-05-22;61486;4521;65;0;0;2102042;962406;2839;1;0
FR;2;2021-05-23;37534;575;22;0;0;2139576;962981;2861;1;0
FR;2;2021-05-24;17243;2038;35;0;0;2156819;965019;2896;1;0
FR;2;2021-05-25;21114;12212;240;0;0;2177933;977231;3136;1;0
FR;2;2021-05-26;19939;11492;230;0;0;2197872;988723;3366;1;0
FR;2;2021-05-27;22997;12658;182;0;0;2220869;1001381;3548;1;0
FR;2;2021-05-28;29393;15000;190;0;0;2250262;1016381;3738;1;0
FR;2;2021-05-29;30421;8193;57;0;0;2280683;1024574;3795;1;0
FR;2;2021-05-30;4647;1817;6;0;0;2285330;1026391;3801;1;0
FR;2;2021-05-31;28589;18747;184;0;0;2313919;1045138;3985;1;0
FR;2;2021-06-01;45733;19921;224;0;0;2359652;1065059;4209;1;0
FR;2;2021-06-02;37476;19278;182;0;0;2397128;1084337;4391;1;0
FR;2;2021-06-03;51278;23170;161;0;0;2448406;1107507;4552;1;0
FR;2;2021-06-04;65512;24072;217;0;0;2513918;1131579;4769;1;0
FR;2;2021-06-05;34601;24078;52;0;0;2548519;1155657;4821;1;0
FR;2;2021-06-06;4956;6193;10;0;0;2553475;1161850;4831;1;0
FR;2;2021-06-07;28174;23015;150;0;0;2581649;1184865;4981;1;0
FR;2;2021-06-08;46377;22916;143;0;0;2628026;1207781;5124;1;0
FR;2;2021-06-09;34291;20943;107;0;0;2662317;1228724;5231;1;0
FR;2;2021-06-10;42640;19135;95;1;0;2704957;1247859;5326;2;0
FR;2;2021-06-11;55300;25156;134;0;0;2760257;1273015;5460;2;0
FR;2;2021-06-12;30561;19784;53;0;0;2790818;1292799;5513;2;0
FR;2;2021-06-13;3331;9196;13;0;0;2794149;1301995;5526;2;0
FR;2;2021-06-14;25300;24122;92;0;0;2819449;1326117;5618;2;0
FR;2;2021-06-15;39047;22834;154;0;0;2858496;1348951;5772;2;0
FR;2;2021-06-16;30164;21386;135;0;0;2888660;1370337;5907;2;0
FR;2;2021-06-17;36912;25809;150;0;0;2925572;1396146;6057;2;0
FR;2;2021-06-18;46859;28857;123;0;0;2972431;1425003;6180;2;0
FR;2;2021-06-19;24525;24908;39;0;0;2996956;1449911;6219;2;0
FR;2;2021-06-20;3744;10063;9;0;0;3000700;1459974;6228;2;0
FR;2;2021-06-21;17529;42842;88;0;0;3018229;1502816;6316;2;0
FR;2;2021-06-22;28361;49579;110;0;0;3046590;1552395;6426;2;0
FR;2;2021-06-23;21790;49596;107;1;1;3068380;1601991;6533;3;1
FR;2;2021-06-24;28376;50288;134;0;0;3096756;1652279;6667;3;1
FR;2;2021-06-25;33400;60425;128;0;0;3130156;1712704;6795;3;1
FR;2;2021-06-26;16387;59313;54;1;0;3146543;1772017;6849;4;1
FR;2;2021-06-27;2566;29316;22;1;0;3149109;1801333;6871;5;1
FR;2;2021-06-28;12640;54333;84;0;0;3161749;1855666;6955;5;1
FR;2;2021-06-29;19853;59949;178;0;0;3181602;1915615;7133;5;1
FR;2;2021-06-30;16331;57985;253;17;0;3197933;1973600;7386;22;1
FR;2;2021-07-01;20491;59883;228;0;0;3218424;2033483;7614;22;1
FR;2;2021-07-02;24081;62141;184;0;0;3242505;2095624;7798;22;1
FR;2;2021-07-03;12118;57116;153;0;0;3254623;2152740;7951;22;1
FR;2;2021-07-04;1959;23306;18;0;0;3256582;2176046;7969;22;1
FR;2;2021-07-05;9177;29338;106;0;0;3265759;2205384;8075;22;1
FR;2;2021-07-06;14582;36240;135;0;0;3280341;2241624;8210;22;1
FR;2;2021-07-07;14414;33659;139;0;0;3294755;2275283;8349;22;1
FR;2;2021-07-08;19722;40313;162;0;0;3314477;2315596;8511;22;1
FR;2;2021-07-09;27101;54313;202;1;0;3341578;2369909;8713;23;1
FR;2;2021-07-10;13386;33697;107;0;0;3354964;2403606;8820;23;1
FR;2;2021-07-11;1809;4354;16;0;0;3356773;2407960;8836;23;1
FR;2;2021-07-12;12971;37293;119;0;0;3369744;2445253;8955;23;1
FR;2;2021-07-13;37114;53181;152;0;0;3406858;2498434;9107;23;1
FR;2;2021-07-14;6626;3547;15;0;0;3413484;2501981;9122;23;1
FR;2;2021-07-15;47242;47022;156;0;0;3460726;2549003;9278;23;1
FR;2;2021-07-16;64316;55800;188;0;0;3525042;2604803;9466;23;1
FR;2;2021-07-17;31600;23927;96;0;0;3556642;2628730;9562;23;1
FR;2;2021-07-18;6088;4835;19;0;0;3562730;2633565;9581;23;1
FR;2;2021-07-19;33004;28623;94;0;0;3595734;2662188;9675;23;1
FR;2;2021-07-20;51998;44529;155;0;0;3647732;2706717;9830;23;1
FR;2;2021-07-21;45255;34697;93;0;0;3692987;2741414;9923;23;1
FR;2;2021-07-22;56280;41076;128;1;0;3749267;2782490;10051;24;1
FR;2;2021-07-23;68297;48996;170;0;0;3817564;2831486;10221;24;1
FR;2;2021-07-24;36176;21604;82;0;0;3853740;2853090;10303;24;1
FR;2;2021-07-25;6749;2621;10;0;0;3860489;2855711;10313;24;1
FR;2;2021-07-26;36315;22382;91;1;0;3896804;2878093;10404;25;1
FR;2;2021-07-27;62386;34591;180;0;0;3959190;2912684;10584;25;1
FR;2;2021-07-28;55320;26431;132;0;0;4014510;2939115;10716;25;1
FR;2;2021-07-29;68477;32794;189;0;0;4082987;2971909;10905;25;1
FR;2;2021-07-30;74464;37801;222;1;0;4157451;3009710;11127;26;1
FR;2;2021-07-31;34770;16204;105;0;0;4192221;3025914;11232;26;1
FR;2;2021-08-01;5413;2258;19;0;0;4197634;3028172;11251;26;1
FR;2;2021-08-02;35884;16182;101;0;0;4233518;3044354;11352;26;1
FR;2;2021-08-03;55986;28278;142;0;0;4289504;3072632;11494;26;1
FR;2;2021-08-04;46635;20842;128;1;0;4336139;3093474;11622;27;1
FR;2;2021-08-05;54637;31565;215;0;0;4390776;3125039;11837;27;1
FR;2;2021-08-06;58094;42400;242;1;0;4448870;3167439;12079;28;1
FR;2;2021-08-07;25149;17623;89;0;0;4474019;3185062;12168;28;1
FR;2;2021-08-08;3838;3651;21;0;0;4477857;3188713;12189;28;1
FR;2;2021-08-09;29307;21072;92;0;0;4507164;3209785;12281;28;1
FR;2;2021-08-10;45008;33485;155;0;0;4552172;3243270;12436;28;1
FR;2;2021-08-11;35275;25155;151;0;0;4587447;3268425;12587;28;1
FR;2;2021-08-12;41903;35697;163;0;0;4629350;3304122;12750;28;1
FR;2;2021-08-13;42604;37260;218;0;0;4671954;3341382;12968;28;1
FR;2;2021-08-14;18520;22171;94;0;0;4690474;3363553;13062;28;1
FR;2;2021-08-15;3856;3804;17;0;0;4694330;3367357;13079;28;1
FR;2;2021-08-16;25093;27144;111;0;0;4719423;3394501;13190;28;1
FR;2;2021-08-17;38260;43420;205;2;0;4757683;3437921;13395;30;1
FR;2;2021-08-18;32252;36362;195;1;1;4789935;3474283;13590;31;2
FR;2;2021-08-19;37434;46576;224;0;0;4827369;3520859;13814;31;2
FR;2;2021-08-20;40567;55645;271;1;0;4867936;3576504;14085;32;2
FR;2;2021-08-21;18120;24308;116;0;0;4886056;3600812;14201;32;2
FR;2;2021-08-22;2907;4327;22;1;1;4888963;3605139;14223;33;3
FR;2;2021-08-23;19248;35155;131;1;0;4908211;3640294;14354;34;3
FR;2;2021-08-24;31947;56048;236;0;0;4940158;3696342;14590;34;3
FR;2;2021-08-25;25934;43452;250;0;0;4966092;3739794;14840;34;3
FR;2;2021-08-26;32361;55817;388;0;0;4998453;3795611;15228;34;3
FR;2;2021-08-27;37003;65669;477;2;0;5035456;3861280;15705;36;3
FR;2;2021-08-28;17819;28528;300;0;0;5053275;3889808;16005;36;3
FR;2;2021-08-29;2656;5016;47;0;0;5055931;3894824;16052;36;3
FR;2;2021-08-30;18416;37739;400;0;760;5074347;3932563;16452;36;763
FR;2;2021-08-31;28076;57501;887;4;1549;5102423;3990064;17339;40;2312
FR;2;2021-09-01;21592;39866;1309;0;2117;5124015;4029930;18648;40;4429
FR;2;2021-09-02;25485;48663;1962;2;3350;5149500;4078593;20610;42;7779
FR;2;2021-09-03;33411;64540;2988;3;4870;5182911;4143133;23598;45;12649
FR;2;2021-09-04;16832;27749;1442;1;2379;5199743;4170882;25040;46;15028
FR;2;2021-09-05;2262;3606;266;0;412;5202005;4174488;25306;46;15440
FR;2;2021-09-06;14043;28711;1770;1;2944;5216048;4203199;27076;47;18384
FR;2;2021-09-07;21107;41094;3021;13;4912;5237155;4244293;30097;60;23296
FR;2;2021-09-08;17248;31925;2736;6;4499;5254403;4276218;32833;66;27795
FR;2;2021-09-09;20979;40478;4436;3;6814;5275382;4316696;37269;69;34609
FR;2;2021-09-10;28201;51263;5285;4;8923;5303583;4367959;42554;73;43532
FR;2;2021-09-11;13654;22430;2404;5;3973;5317237;4390389;44958;78;47505
FR;2;2021-09-12;1824;2776;291;0;510;5319061;4393165;45249;78;48015
FR;2;2021-09-13;11659;21442;2473;4;4034;5330720;4414607;47722;82;52049
FR;2;2021-09-14;18573;32745;5089;13;9054;5349293;4447352;52811;95;61103
FR;2;2021-09-15;14913;28258;5169;3;7763;5364206;4475610;57980;98;68866
FR;2;2021-09-16;16079;32785;6737;12;10534;5380285;4508395;64717;110;79400
FR;2;2021-09-17;20914;47143;8780;10;14612;5401199;4555538;73497;120;94012
FR;2;2021-09-18;9858;20960;3803;6;6033;5411057;4576498;77300;126;100045
FR;2;2021-09-19;1166;2604;396;0;634;5412223;4579102;77696;126;100679
FR;2;2021-09-20;7498;18725;3855;7;6144;5419721;4597827;81551;133;106823
FR;2;2021-09-21;11214;29996;6495;5;10743;5430935;4627823;88046;138;117566
FR;2;2021-09-22;9409;23536;5490;6;8516;5440344;4651359;93536;144;126082
FR;2;2021-09-23;10729;28903;7881;10;12650;5451073;4680262;101417;154;138732
FR;2;2021-09-24;15072;42928;10876;18;17238;5466145;4723190;112293;172;155970
FR;2;2021-09-25;7258;18784;3965;9;6111;5473403;4741974;116258;181;162081
FR;2;2021-09-26;1079;2548;495;0;629;5474482;4744522;116753;181;162710
FR;2;2021-09-27;6313;16413;4285;8;6535;5480795;4760935;121038;189;169245
FR;2;2021-09-28;9240;25552;7769;14;12074;5490035;4786487;128807;203;181319
FR;2;2021-09-29;8081;20207;6067;25;9260;5498116;4806694;134874;228;190579
FR;2;2021-09-30;9864;25832;9506;16;14102;5507980;4832526;144380;244;204681
FR;2;2021-10-01;13976;35720;12918;25;19309;5521956;4868246;157298;269;223990
FR;2;2021-10-02;6874;15922;4849;7;7034;5528830;4884168;162147;276;231024
FR;2;2021-10-03;841;1918;492;1;503;5529671;4886086;162639;277;231527
FR;2;2021-10-04;5825;13899;5515;5;7853;5535496;4899985;168154;282;239380
FR;2;2021-10-05;9058;22549;11122;19;15731;5544554;4922534;179276;301;255111
FR;2;2021-10-06;7783;17743;8242;11;11077;5552337;4940277;187518;312;266188
FR;2;2021-10-07;9203;22204;12383;14;16866;5561540;4962481;199901;326;283054
FR;2;2021-10-08;13431;32103;17349;27;23582;5574971;4994584;217250;353;306636
FR;2;2021-10-09;6000;12845;6042;6;7894;5580971;5007429;223292;359;314530
FR;2;2021-10-10;885;1599;436;2;609;5581856;5009028;223728;361;315139
FR;2;2021-10-11;5607;11559;6455;17;8830;5587463;5020587;230183;378;323969
FR;2;2021-10-12;8031;17791;12548;13;16777;5595494;5038378;242731;391;340746
FR;2;2021-10-13;6943;14852;10255;12;13635;5602437;5053230;252986;403;354381
FR;2;2021-10-14;8314;17930;14996;13;19461;5610751;5071160;267982;416;373842
FR;2;2021-10-15;11854;26307;20903;26;27975;5622605;5097467;288885;442;401817
FR;2;2021-10-16;5139;8736;1819;0;3217;5627744;5106203;290704;442;405034
FR;2;2021-10-17;651;1159;184;0;363;5628395;5107362;290888;442;405397
FR;2;2021-10-18;4562;7358;664;2;1641;5632957;5114720;291552;444;407038
FR;2;2021-10-19;6238;9863;732;5;2040;5639195;5124583;292284;449;409078
FR;2;2021-10-20;5170;8068;758;3;1682;5644365;5132651;293042;452;410760
FR;2;2021-10-21;6090;9972;780;5;2104;5650455;5142623;293822;457;412864
FR;2;2021-10-22;8450;14598;1148;4;2887;5658905;5157221;294970;461;415751
FR;2;2021-10-23;3845;5994;586;0;1232;5662750;5163215;295556;461;416983
FR;2;2021-10-24;494;887;101;0;206;5663244;5164102;295657;461;417189
FR;2;2021-10-25;3358;5349;307;1;826;5666602;5169451;295964;462;418015
FR;2;2021-10-26;4176;7251;1132;4;2023;5670778;5176702;297096;466;420038
FR;2;2021-10-27;3676;6599;1193;5;1993;5674454;5183301;298289;471;422031
FR;2;2021-10-28;4598;7696;1735;3;2749;5679052;5190997;300024;474;424780
FR;2;2021-10-29;5413;11088;2436;4;3679;5684465;5202085;302460;478;428459
FR;2;2021-10-30;2749;4445;976;1;1437;5687214;5206530;303436;479;429896
FR;2;2021-10-31;364;534;139;1;190;5687578;5207064;303575;480;430086
FR;2;2021-11-01;428;548;179;0;265;5688006;5207612;303754;480;430351
FR;2;2021-11-02;3293;6762;1183;0;1762;5691299;5214374;304937;480;432113
FR;2;2021-11-03;3340;6236;1388;2;1968;5694639;5220610;306325;482;434081
FR;2;2021-11-04;3986;7078;1768;4;2497;5698625;5227688;308093;486;436578
FR;2;2021-11-05;5233;10502;2867;5;3955;5703858;5238190;310960;491;440533
FR;2;2021-11-06;2595;4680;1403;0;1817;5706453;5242870;312363;491;442350
FR;2;2021-11-07;505;865;220;0;289;5706958;5243735;312583;491;442639
FR;2;2021-11-08;2577;5353;1203;3;1676;5709535;5249088;313786;494;444315
FR;2;2021-11-09;2749;6917;2402;5;3181;5712284;5256005;316188;499;447496
FR;2;2021-11-10;2589;5679;5112;6;6285;5714873;5261684;321300;505;453781
FR;2;2021-11-11;444;754;746;2;930;5715317;5262438;322046;507;454711
FR;2;2021-11-12;2953;8094;8973;8;10914;5718270;5270532;331019;515;465625
FR;2;2021-11-13;1539;3382;3870;7;4541;5719809;5273914;334889;522;470166
FR;2;2021-11-14;257;590;351;1;482;5720066;5274504;335240;523;470648
FR;2;2021-11-15;1622;3664;4446;8;5328;5721688;5278168;339686;531;475976
FR;2;2021-11-16;2184;5891;8309;14;10078;5723872;5284059;347995;545;486054
FR;2;2021-11-17;1741;4532;6630;8;7852;5725613;5288591;354625;553;493906
FR;2;2021-11-18;2192;5932;9182;10;11015;5727805;5294523;363807;563;504921
FR;2;2021-11-19;2700;7776;12974;19;15477;5730505;5302299;376781;582;520398
FR;2;2021-11-20;1565;3340;5180;5;6090;5732070;5305639;381961;587;526488
FR;2;2021-11-21;247;510;541;0;660;5732317;5306149;382502;587;527148
FR;2;2021-11-22;1278;2590;4481;5;5403;5733595;5308739;386983;592;532551
FR;2;2021-11-23;1617;4290;8199;9;9910;5735212;5313029;395182;601;542461
FR;2;2021-11-24;1419;3761;7475;14;8728;5736631;5316790;402657;615;551189
FR;2;2021-11-25;1813;4879;11471;21;13667;5738444;5321669;414128;636;564856
FR;2;2021-11-26;2540;7749;22670;31;26077;5740984;5329418;436798;667;590933
FR;2;2021-11-27;1497;4158;12271;18;14031;5742481;5333576;449069;685;604964
FR;2;2021-11-28;292;840;1972;3;2296;5742773;5334416;451041;688;607260
FR;2;2021-11-29;1447;4365;15090;23;17258;5744220;5338781;466131;711;624518
FR;2;2021-11-30;1912;6678;26243;36;29995;5746132;5345459;492374;747;654513
FR;2;2021-12-01;1915;6053;26202;31;29521;5748047;5351512;518576;778;684034
FR;2;2021-12-02;1914;6799;37717;52;41964;5749961;5358311;556293;830;725998
FR;2;2021-12-03;2556;10088;53622;111;59367;5752517;5368399;609915;941;785365
FR;2;2021-12-04;1848;6294;37116;38;40808;5754365;5374693;647031;979;826173
FR;2;2021-12-05;458;2252;14259;14;15989;5754823;5376945;661290;993;842162
FR;2;2021-12-06;2486;9877;77714;109;84769;5757309;5386822;739004;1102;926931
FR;2;2021-12-07;3454;15311;122451;238;133766;5760763;5402133;861455;1340;1060697
FR;2;2021-12-08;3725;16009;133201;330;145389;5764488;5418142;994656;1670;1206086
FR;2;2021-12-09;4547;19644;170214;555;185606;5769035;5437786;1164870;2225;1391692
FR;2;2021-12-10;4675;22849;188682;490;206171;5773710;5460635;1353552;2715;1597863
FR;2;2021-12-11;3686;16638;132447;239;144897;5777396;5477273;1485999;2954;1742760
FR;2;2021-12-12;1257;7132;59097;83;65154;5778653;5484405;1545096;3037;1807914
FR;2;2021-12-13;5528;26842;220700;605;242996;5784181;5511247;1765796;3642;2050910
FR;2;2021-12-14;7016;37461;300784;908;332225;5791197;5548708;2066580;4550;2383135
FR;2;2021-12-15;6555;36245;285235;957;315864;5797752;5584953;2351815;5507;2698999
FR;2;2021-12-16;7764;37937;312144;979;343762;5805516;5622890;2663959;6486;3042761
FR;2;2021-12-17;8681;41217;327889;976;360965;5814197;5664107;2991848;7462;3403726
FR;2;2021-12-18;6515;26557;212349;448;233660;5820712;5690664;3204197;7910;3637386
FR;2;2021-12-19;2603;11430;90213;182;100349;5823315;5702094;3294410;8092;3737735
FR;2;2021-12-20;9544;33561;275230;706;303385;5832859;5735655;3569640;8798;4041120
FR;2;2021-12-21;11563;38326;309634;968;341440;5844422;5773981;3879274;9766;4382560
FR;2;2021-12-22;10458;32802;265117;952;292474;5854880;5806783;4144391;10718;4675034
FR;2;2021-12-23;9427;26682;199509;701;221300;5864307;5833465;4343900;11419;4896334
FR;2;2021-12-24;2783;7482;43860;140;49560;5867090;5840947;4387760;11559;4945894
FR;2;2021-12-25;201;681;2002;10;2484;5867291;5841628;4389762;11569;4948378
FR;2;2021-12-26;1320;4209;25156;71;28680;5868611;5845837;4414918;11640;4977058
FR;2;2021-12-27;8077;29919;218416;659;243340;5876688;5875756;4633334;12299;5220398
FR;2;2021-12-28;9837;36326;272096;742;302000;5886525;5912082;4905430;13041;5522398
FR;2;2021-12-29;9497;32260;246136;765;272698;5896022;5944342;5151566;13806;5795096
FR;2;2021-12-30;9461;28096;208832;663;231454;5905483;5972438;5360398;14469;6026550
FR;2;2021-12-31;3010;8350;54990;176;61236;5908493;5980788;5415388;14645;6087786
FR;2;2022-01-01;230;692;2855;7;3353;5908723;5981480;5418243;14652;6091139
FR;2;2022-01-02;1505;4854;29514;75;33403;5910228;5986334;5447757;14727;6124542
FR;2;2022-01-03;9593;35407;266534;806;293912;5919821;6021741;5714291;15533;6418454
FR;2;2022-01-04;12852;45412;342090;1068;377018;5932673;6067153;6056381;16601;6795472
FR;2;2022-01-05;11272;38648;294193;884;323835;5943945;6105801;6350574;17485;7119307
FR;2;2022-01-06;13654;43502;331949;1298;364741;5957599;6149303;6682523;18783;7484048
FR;2;2022-01-07;14225;47645;361099;1270;396456;5971824;6196948;7043622;20053;7880504
FR;2;2022-01-08;7947;28144;201262;515;221702;5979771;6225092;7244884;20568;8102206
FR;2;2022-01-09;2749;8974;62524;137;69507;5982520;6234066;7307408;20705;8171713
FR;2;2022-01-10;10097;31916;232482;858;255053;5992617;6265982;7539890;21563;8426766
FR;2;2022-01-11;11469;36249;265922;1029;290622;6004086;6302231;7805812;22592;8717388
FR;2;2022-01-12;8765;29814;206326;863;226176;6012851;6332045;8012138;23455;8943564
FR;2;2022-01-13;9387;31343;224495;832;244842;6022238;6363388;8236633;24287;9188406
FR;2;2022-01-14;9741;35613;254544;920;277663;6031979;6399001;8491177;25207;9466069
FR;2;2022-01-15;5359;19453;140779;363;153639;6037338;6418454;8631956;25570;9619708
FR;2;2022-01-16;1512;5477;35887;81;39828;6038850;6423931;8667843;25651;9659536
FR;2;2022-01-17;5546;19278;135415;601;147260;6044396;6443209;8803258;26252;9806796
FR;2;2022-01-18;6422;21499;148632;647;160463;6050818;6464708;8951890;26899;9967259
FR;2;2022-01-19;4395;16322;105103;551;113699;6055213;6481030;9056993;27450;10080958
FR;2;2022-01-20;4872;17589;115296;603;123693;6060085;6498619;9172289;28053;10204651
FR;2;2022-01-21;5197;20058;137349;679;147771;6065282;6518677;9309638;28732;10352422
FR;2;2022-01-22;3030;10950;74263;260;80325;6068312;6529627;9383901;28992;10432747
FR;2;2022-01-23;724;2716;15241;41;16831;6069036;6532343;9399142;29033;10449578
FR;2;2022-01-24;3289;12814;75079;430;81032;6072325;6545157;9474221;29463;10530610
FR;2;2022-01-25;3574;14416;79629;496;85454;6075899;6559573;9553850;29959;10616064
FR;2;2022-01-26;2515;10702;58976;363;63027;6078414;6570275;9612826;30322;10679091
FR;2;2022-01-27;2682;11356;64176;388;67937;6081096;6581631;9677002;30710;10747028
FR;2;2022-01-28;3550;18291;91720;429;98912;6084646;6599922;9768722;31139;10845940
FR;2;2022-01-29;1894;9243;48851;164;52930;6086540;6609165;9817573;31303;10898870
FR;2;2022-01-30;464;2227;9455;38;10602;6087004;6611392;9827028;31341;10909472
FR;2;2022-01-31;1888;9565;43830;208;47327;6088892;6620957;9870858;31549;10956799
FR;2;2022-02-01;1916;10039;47030;279;50098;6090808;6630996;9917888;31828;11006897
FR;2;2022-02-02;1614;9001;41118;250;44160;6092422;6639997;9959006;32078;11051057
FR;2;2022-02-03;1725;8947;40526;205;42925;6094147;6648944;9999532;32283;11093982
FR;2;2022-02-04;2151;15192;66646;299;71337;6096298;6664136;10066178;32582;11165319
FR;2;2022-02-05;1360;8524;35945;132;39227;6097658;6672660;10102123;32714;11204546
FR;2;2022-02-06;275;1762;6127;16;6898;6097933;6674422;10108250;32730;11211444
FR;2;2022-02-07;1351;9561;37756;134;41296;6099284;6683983;10146006;32864;11252740
FR;2;2022-02-08;1299;9832;40952;173;43746;6100583;6693815;10186958;33037;11296486
FR;2;2022-02-09;1160;8839;37039;174;40464;6101743;6702654;10223997;33211;11336950
FR;2;2022-02-10;1029;7996;33837;204;36509;6102772;6710650;10257834;33415;11373459
FR;2;2022-02-11;1391;12085;53345;223;57698;6104163;6722735;10311179;33638;11431157
FR;2;2022-02-12;754;6533;27985;86;30804;6104917;6729268;10339164;33724;11461961
FR;2;2022-02-13;200;1340;4836;20;5577;6105117;6730608;10344000;33744;11467538
FR;2;2022-02-14;835;6731;30272;91;33231;6105952;6737339;10374272;33835;11500769
FR;2;2022-02-15;774;6472;28049;141;29992;6106726;6743811;10402321;33976;11530761
FR;2;2022-02-16;657;5361;22064;123;23629;6107383;6749172;10424385;34099;11554390
FR;2;2022-02-17;518;3783;14152;98;14617;6107901;6752955;10438537;34197;11569007
FR;2;2022-02-18;723;5368;20442;134;21129;6108624;6758323;10458979;34331;11590136
FR;2;2022-02-19;430;3056;10531;66;11245;6109054;6761379;10469510;34397;11601381
FR;2;2022-02-20;102;516;1460;3;1608;6109156;6761895;10470970;34400;11602989
FR;2;2022-02-21;422;2685;9122;65;9499;6109578;6764580;10480092;34465;11612488
FR;2;2022-02-22;391;2567;8893;76;8796;6109969;6767147;10488985;34541;11621284
FR;2;2022-02-23;432;2604;8991;82;9267;6110401;6769751;10497976;34623;11630551
FR;2;2022-02-24;314;2036;6802;82;6830;6110715;6771787;10504778;34705;11637381
FR;2;2022-02-25;457;3207;11418;107;11282;6111172;6774994;10516196;34812;11648663
FR;2;2022-02-26;297;1892;6036;49;6343;6111469;6776886;10522232;34861;11655006
FR;2;2022-02-27;76;313;907;5;950;6111545;6777199;10523139;34866;11655956
FR;2;2022-02-28;330;1688;5524;53;5531;6111875;6778887;10528663;34919;11661487
FR;2;2022-03-01;277;1569;5479;46;5197;6112152;6780456;10534142;34965;11666684
FR;2;2022-03-02;298;1445;5246;45;5090;6112450;6781901;10539388;35010;11671774
FR;2;2022-03-03;225;1111;3708;42;3485;6112675;6783012;10543096;35052;11675259
FR;2;2022-03-04;243;1468;4857;74;4505;6112918;6784480;10547953;35126;11679764
FR;2;2022-03-05;174;906;2979;34;2723;6113092;6785386;10550932;35160;11682487
FR;2;2022-03-06;42;183;280;5;320;6113134;6785569;10551212;35165;11682807
FR;2;2022-03-07;156;658;1987;70;1777;6113290;6786227;10553199;35235;11684584
FR;2;2022-03-08;144;668;2273;52;1906;6113434;6786895;10555472;35287;11686490
FR;2;2022-03-09;154;708;2348;37;2050;6113588;6787603;10557820;35324;11688540
FR;2;2022-03-10;123;603;1694;35;1469;6113711;6788206;10559514;35359;11690009
FR;2;2022-03-11;172;756;2769;57;2368;6113883;6788962;10562283;35416;11692377
FR;2;2022-03-12;149;484;1785;27;1554;6114032;6789446;10564068;35443;11693931
FR;2;2022-03-13;25;75;203;30;204;6114057;6789521;10564271;35473;11694135
FR;2;2022-03-14;128;470;1567;529;1297;6114185;6789991;10565838;36002;11695432
FR;2;2022-03-15;138;439;1712;690;1332;6114323;6790430;10567550;36692;11696764
FR;2;2022-03-16;142;476;2013;1615;1593;6114465;6790906;10569563;38307;11698357
FR;2;2022-03-17;94;413;1408;1193;1144;6114559;6791319;10570971;39500;11699501
FR;2;2022-03-18;147;496;2023;1794;1666;6114706;6791815;10572994;41294;11701167
FR;2;2022-03-19;108;321;1210;941;1015;6114814;6792136;10574204;42235;11702182
FR;2;2022-03-20;13;77;191;59;168;6114827;6792213;10574395;42294;11702350
FR;2;2022-03-21;97;307;1214;1483;1077;6114924;6792520;10575609;43777;11703427
FR;2;2022-03-22;118;389;1530;1830;1291;6115042;6792909;10577139;45607;11704718
FR;2;2022-03-23;139;361;1674;3032;1470;6115181;6793270;10578813;48639;11706188
FR;2;2022-03-24;117;293;1183;1547;1001;6115298;6793563;10579996;50186;11707189
FR;2;2022-03-25;119;361;1805;2450;1475;6115417;6793924;10581801;52636;11708664
FR;2;2022-03-26;79;247;1204;1222;952;6115496;6794171;10583005;53858;11709616
FR;2;2022-03-27;19;36;153;100;132;6115515;6794207;10583158;53958;11709748
FR;2;2022-03-28;94;288;1138;1601;995;6115609;6794495;10584296;55559;11710743
FR;2;2022-03-29;108;258;1325;2467;1105;6115717;6794753;10585621;58026;11711848
FR;2;2022-03-30;91;312;1488;3184;1320;6115808;6795065;10587109;61210;11713168
FR;2;2022-03-31;104;284;1275;2332;1090;6115912;6795349;10588384;63542;11714258
FR;2;2022-04-01;123;323;1567;2349;1322;6116035;6795672;10589951;65891;11715580
FR;2;2022-04-02;81;161;845;891;737;6116116;6795833;10590796;66782;11716317
FR;2;2022-04-03;16;53;128;113;142;6116132;6795886;10590924;66895;11716459
FR;2;2022-04-04;113;238;988;1439;797;6116245;6796124;10591912;68334;11717256
FR;2;2022-04-05;143;296;1316;2910;1143;6116388;6796420;10593228;71244;11718399
FR;2;2022-04-06;89;259;1306;2520;1130;6116477;6796679;10594534;73764;11719529
FR;2;2022-04-07;120;225;1301;2682;1041;6116597;6796904;10595835;76446;11720570
FR;2;2022-04-08;125;337;1632;3340;1325;6116722;6797241;10597467;79786;11721895
FR;2;2022-04-09;90;219;899;1046;731;6116812;6797460;10598366;80832;11722626
FR;2;2022-04-10;37;48;143;162;119;6116849;6797508;10598509;80994;11722745
FR;2;2022-04-11;88;195;889;1559;779;6116937;6797703;10599398;82553;11723524
FR;2;2022-04-12;176;271;1182;2768;1061;6117113;6797974;10600580;85321;11724585
FR;2;2022-04-13;146;230;1125;2458;987;6117259;6798204;10601705;87779;11725572
FR;2;2022-04-14;115;222;1085;2677;917;6117374;6798426;10602790;90456;11726489
FR;2;2022-04-15;114;249;1214;2292;1068;6117488;6798675;10604004;92748;11727557
FR;2;2022-04-16;67;108;548;549;459;6117555;6798783;10604552;93297;11728016
FR;2;2022-04-17;15;27;57;53;53;6117570;6798810;10604609;93350;11728069
FR;2;2022-04-18;12;35;120;70;115;6117582;6798845;10604729;93420;11728184
FR;2;2022-04-19;112;237;1120;1730;951;6117694;6799082;10605849;95150;11729135
FR;2;2022-04-20;95;241;1108;2172;932;6117789;6799323;10606957;97322;11730067
FR;2;2022-04-21;111;233;982;1912;837;6117900;6799556;10607939;99234;11730904
FR;2;2022-04-22;99;276;1242;2091;1023;6117999;6799832;10609181;101325;11731927
FR;2;2022-04-23;67;156;644;762;573;6118066;6799988;10609825;102087;11732500
FR;2;2022-04-24;12;29;101;68;79;6118078;6800017;10609926;102155;11732579
FR;2;2022-04-25;103;204;821;1314;711;6118181;6800221;10610747;103469;11733290
FR;2;2022-04-26;108;184;1041;2017;878;6118289;6800405;10611788;105486;11734168
FR;2;2022-04-27;98;179;860;1783;764;6118387;6800584;10612648;107269;11734932
FR;2;2022-04-28;93;214;950;1929;843;6118480;6800798;10613598;109198;11735775
FR;2;2022-04-29;81;280;1130;1696;1040;6118561;6801078;10614728;110894;11736815
FR;2;2022-04-30;65;126;470;539;429;6118626;6801204;10615198;111433;11737244
FR;2;2022-05-01;23;24;84;48;85;6118649;6801228;10615282;111481;11737329
FR;2;2022-05-02;116;232;762;1216;660;6118765;6801460;10616044;112697;11737989
FR;2;2022-05-03;148;233;999;1778;938;6118913;6801693;10617043;114475;11738927
FR;2;2022-05-04;90;226;923;1809;866;6119003;6801919;10617966;116284;11739793
FR;2;2022-05-05;127;197;852;1718;769;6119130;6802116;10618818;118002;11740562
FR;2;2022-05-06;133;246;1100;1853;1015;6119263;6802362;10619918;119855;11741577
FR;2;2022-05-07;40;98;470;504;406;6119303;6802460;10620388;120359;11741983
FR;2;2022-05-08;48;54;107;70;102;6119351;6802514;10620495;120429;11742085
FR;2;2022-05-09;101;174;654;984;604;6119452;6802688;10621149;121413;11742689
FR;2;2022-05-10;121;250;938;1840;893;6119573;6802938;10622087;123253;11743582
FR;2;2022-05-11;101;176;811;1873;791;6119674;6803114;10622898;125126;11744373
FR;2;2022-05-12;111;173;844;2095;802;6119785;6803287;10623742;127221;11745175
FR;2;2022-05-13;100;233;969;2096;899;6119885;6803520;10624711;129317;11746074
FR;2;2022-05-14;76;124;451;554;411;6119961;6803644;10625162;129871;11746485
FR;2;2022-05-15;24;39;94;87;108;6119985;6803683;10625256;129958;11746593
FR;2;2022-05-16;102;170;600;924;536;6120087;6803853;10625856;130882;11747129
FR;2;2022-05-17;95;184;689;1685;657;6120182;6804037;10626545;132567;11747786
FR;2;2022-05-18;80;181;641;1431;646;6120262;6804218;10627186;133998;11748432
FR;2;2022-05-19;70;160;708;1831;750;6120332;6804378;10627894;135829;11749182
FR;2;2022-05-20;107;180;874;1700;779;6120439;6804558;10628768;137529;11749961
FR;2;2022-05-21;48;96;397;517;338;6120487;6804654;10629165;138046;11750299
FR;2;2022-05-22;8;23;69;37;57;6120495;6804677;10629234;138083;11750356
FR;2;2022-05-23;86;133;498;931;469;6120581;6804810;10629732;139014;11750825
FR;2;2022-05-24;87;163;627;1621;615;6120668;6804973;10630359;140635;11751440
FR;2;2022-05-25;72;145;538;1148;492;6120740;6805118;10630897;141783;11751932
FR;2;2022-05-26;11;31;77;42;85;6120751;6805149;10630974;141825;11752017
FR;2;2022-05-27;44;123;456;818;438;6120795;6805272;10631430;142643;11752455
FR;2;2022-05-28;28;60;221;244;221;6120823;6805332;10631651;142887;11752676
FR;2;2022-05-29;13;34;43;25;51;6120836;6805366;10631694;142912;11752727
FR;2;2022-05-30;65;108;424;755;409;6120901;6805474;10632118;143667;11753136
FR;2;2022-05-31;76;135;563;1276;510;6120977;6805609;10632681;144943;11753646
FR;2;2022-06-01;59;157;562;1074;541;6121036;6805766;10633243;146017;11754187
FR;2;2022-06-02;92;175;625;1412;591;6121128;6805941;10633868;147429;11754778
FR;2;2022-06-03;71;155;666;1604;593;6121199;6806096;10634534;149033;11755371
FR;2;2022-06-04;69;93;283;433;269;6121268;6806189;10634817;149466;11755640
FR;2;2022-06-05;12;17;62;57;47;6121280;6806206;10634879;149523;11755687
FR;2;2022-06-06;11;34;92;75;92;6121291;6806240;10634971;149598;11755779
FR;2;2022-06-07;99;221;666;1533;576;6121390;6806461;10635637;151131;11756355
FR;2;2022-06-08;70;118;475;1166;411;6121460;6806579;10636112;152297;11756766
FR;2;2022-06-09;93;166;612;1921;570;6121553;6806745;10636724;154218;11757336
FR;2;2022-06-10;91;167;650;1683;621;6121644;6806912;10637374;155901;11757957
FR;2;2022-06-11;43;84;286;528;258;6121687;6806996;10637660;156429;11758215
FR;2;2022-06-12;18;38;58;78;60;6121705;6807034;10637718;156507;11758275
FR;2;2022-06-13;39;119;393;952;378;6121744;6807153;10638111;157459;11758653
FR;2;2022-06-14;68;157;599;2087;537;6121812;6807310;10638710;159546;11759190
FR;2;2022-06-15;78;104;520;1501;444;6121890;6807414;10639230;161047;11759634
FR;2;2022-06-16;127;127;495;1411;422;6122017;6807541;10639725;162458;11760056
FR;2;2022-06-17;73;136;587;1817;515;6122090;6807677;10640312;164275;11760571
FR;2;2022-06-18;75;92;224;578;196;6122165;6807769;10640536;164853;11760767
FR;2;2022-06-19;11;17;53;71;41;6122176;6807786;10640589;164924;11760808
FR;2;2022-06-20;62;125;401;1027;392;6122238;6807911;10640990;165951;11761200
FR;2;2022-06-21;107;115;524;2123;453;6122345;6808026;10641514;168074;11761653
FR;2;2022-06-22;39;108;462;1889;415;6122384;6808134;10641976;169963;11762068
FR;2;2022-06-23;57;108;537;2281;452;6122441;6808242;10642513;172244;11762520
FR;2;2022-06-24;66;122;709;3199;571;6122507;6808364;10643222;175443;11763091
FR;2;2022-06-25;30;90;296;987;253;6122537;6808454;10643518;176430;11763344
FR;2;2022-06-26;30;27;131;194;97;6122567;6808481;10643649;176624;11763441
FR;2;2022-06-27;79;137;581;2488;482;6122646;6808618;10644230;179112;11763923
FR;2;2022-06-28;110;140;812;4816;650;6122756;6808758;10645042;183928;11764573
FR;2;2022-06-29;73;150;776;4432;637;6122829;6808908;10645818;188360;11765210
FR;2;2022-06-30;72;133;832;5177;618;6122901;6809041;10646650;193537;11765828
FR;2;2022-07-01;112;158;1149;6691;848;6123013;6809199;10647799;200228;11766676
FR;2;2022-07-02;68;132;474;1976;392;6123081;6809331;10648273;202204;11767068
FR;2;2022-07-03;23;30;146;334;130;6123104;6809361;10648419;202538;11767198
FR;2;2022-07-04;120;180;775;3774;611;6123224;6809541;10649194;206312;11767809
FR;2;2022-07-05;118;186;1121;6817;828;6123342;6809727;10650315;213129;11768637
FR;2;2022-07-06;92;149;949;5807;695;6123434;6809876;10651264;218936;11769332
FR;2;2022-07-07;81;185;1020;6498;750;6123515;6810061;10652284;225434;11770082
FR;2;2022-07-08;65;122;1095;7044;758;6123580;6810183;10653379;232478;11770840
FR;2;2022-07-09;34;61;418;1869;299;6123614;6810244;10653797;234347;11771139
FR;2;2022-07-10;6;17;96;315;82;6123620;6810261;10653893;234662;11771221
FR;2;2022-07-11;68;120;683;3825;540;6123688;6810381;10654576;238487;11771761
FR;2;2022-07-12;102;178;1054;6517;809;6123790;6810559;10655630;245004;11772570
FR;2;2022-07-13;64;126;878;4664;590;6123854;6810685;10656508;249668;11773160
FR;2;2022-07-14;6;13;88;248;59;6123860;6810698;10656596;249916;11773219
FR;2;2022-07-15;61;129;739;3791;560;6123921;6810827;10657335;253707;11773779
FR;2;2022-07-16;27;54;289;1029;242;6123948;6810881;10657624;254736;11774021
FR;2;2022-07-17;5;12;77;201;66;6123953;6810893;10657701;254937;11774087
FR;2;2022-07-18;57;103;514;2509;384;6124010;6810996;10658215;257446;11774471
FR;2;2022-07-19;66;133;769;4247;555;6124076;6811129;10658984;261693;11775026
FR;2;2022-07-20;59;118;580;3179;430;6124135;6811247;10659564;264872;11775456
FR;2;2022-07-21;60;109;671;3678;485;6124195;6811356;10660235;268550;11775941
FR;2;2022-07-22;51;98;698;3548;506;6124246;6811454;10660933;272098;11776447
FR;2;2022-07-23;39;97;290;1173;229;6124285;6811551;10661223;273271;11776676
FR;2;2022-07-24;14;23;68;201;67;6124299;6811574;10661291;273472;11776743
FR;2;2022-07-25;50;71;405;1936;300;6124349;6811645;10661696;275408;11777043
FR;2;2022-07-26;57;133;606;3423;477;6124406;6811778;10662302;278831;11777520
FR;2;2022-07-27;42;81;457;2782;361;6124448;6811859;10662759;281613;11777881
FR;2;2022-07-28;29;75;449;2476;356;6124477;6811934;10663208;284089;11778237
FR;2;2022-07-29;68;87;535;2857;347;6124545;6812021;10663743;286946;11778584
FR;2;2022-07-30;22;38;162;774;110;6124567;6812059;10663905;287720;11778694
FR;2;2022-07-31;6;13;27;104;21;6124573;6812072;10663932;287824;11778715
FR;2;2022-08-01;38;105;323;1261;260;6124611;6812177;10664255;289085;11778975
FR;2;2022-08-02;49;74;325;2060;247;6124660;6812251;10664580;291145;11779222
FR;2;2022-08-03;29;53;259;1610;187;6124689;6812304;10664839;292755;11779409
FR;2;2022-08-04;40;63;306;1686;240;6124729;6812367;10665145;294441;11779649
FR;2;2022-08-05;33;94;327;1879;235;6124762;6812461;10665472;296320;11779884
FR;2;2022-08-06;22;40;106;365;82;6124784;6812501;10665578;296685;11779966
FR;2;2022-08-07;7;8;14;69;16;6124791;6812509;10665592;296754;11779982
FR;2;2022-08-08;19;35;216;876;144;6124810;6812544;10665808;297630;11780126
FR;2;2022-08-09;29;51;279;1475;238;6124839;6812595;10666087;299105;11780364
FR;2;2022-08-10;15;21;213;1130;150;6124854;6812616;10666300;300235;11780514
FR;2;2022-08-11;21;41;174;1037;117;6124875;6812657;10666474;301272;11780631
FR;2;2022-08-12;36;49;184;1044;140;6124911;6812706;10666658;302316;11780771
FR;2;2022-08-13;8;19;46;149;52;6124919;6812725;10666704;302465;11780823
FR;2;2022-08-14;1;2;12;52;11;6124920;6812727;10666716;302517;11780834
FR;2;2022-08-15;0;5;32;22;21;6124920;6812732;10666748;302539;11780855
FR;2;2022-08-16;27;32;144;681;120;6124947;6812764;10666892;303220;11780975
FR;2;2022-08-17;17;26;109;738;88;6124964;6812790;10667001;303958;11781063
FR;2;2022-08-18;14;28;159;835;106;6124978;6812818;10667160;304793;11781169
FR;2;2022-08-19;8;38;116;703;86;6124986;6812856;10667276;305496;11781255
FR;2;2022-08-20;6;26;61;196;52;6124992;6812882;10667337;305692;11781307
FR;2;2022-08-21;4;14;15;19;13;6124996;6812896;10667352;305711;11781320
FR;2;2022-08-22;10;24;116;395;73;6125006;6812920;10667468;306106;11781393
FR;2;2022-08-23;11;41;134;671;112;6125017;6812961;10667602;306777;11781505
FR;2;2022-08-24;11;28;87;466;80;6125028;6812989;10667689;307243;11781585
FR;2;2022-08-25;8;32;109;481;69;6125036;6813021;10667798;307724;11781654
FR;2;2022-08-26;15;46;117;720;91;6125051;6813067;10667915;308444;11781745
FR;2;2022-08-27;10;18;47;156;42;6125061;6813085;10667962;308600;11781787
FR;2;2022-08-28;1;5;5;15;7;6125062;6813090;10667967;308615;11781794
FR;2;2022-08-29;24;43;93;400;87;6125086;6813133;10668060;309015;11781881
FR;2;2022-08-30;31;54;154;791;119;6125117;6813187;10668214;309806;11782000
FR;2;2022-08-31;19;34;85;391;79;6125136;6813221;10668299;310197;11782079
FR;2;2022-09-01;19;42;139;600;122;6125155;6813263;10668438;310797;11782201
FR;2;2022-09-02;34;54;145;744;157;6125189;6813317;10668583;311541;11782358
FR;2;2022-09-03;17;20;83;204;67;6125206;6813337;10668666;311745;11782425
FR;2;2022-09-04;8;5;9;31;10;6125214;6813342;10668675;311776;11782435
FR;2;2022-09-05;28;28;124;367;95;6125242;6813370;10668799;312143;11782530
FR;2;2022-09-06;43;61;158;761;153;6125285;6813431;10668957;312904;11782683
FR;2;2022-09-07;21;20;74;375;49;6125306;6813451;10669031;313279;11782732
FR;2;2022-09-08;31;57;109;636;100;6125337;6813508;10669140;313915;11782832
FR;2;2022-09-09;17;24;126;751;74;6125354;6813532;10669266;314666;11782906
FR;2;2022-09-10;14;24;57;117;48;6125368;6813556;10669323;314783;11782954
FR;2;2022-09-11;11;5;10;11;12;6125379;6813561;10669333;314794;11782966
FR;2;2022-09-12;20;30;69;340;55;6125399;6813591;10669402;315134;11783021
FR;2;2022-09-13;15;34;126;670;99;6125414;6813625;10669528;315804;11783120
FR;2;2022-09-14;19;21;81;480;59;6125433;6813646;10669609;316284;11783179
FR;2;2022-09-15;22;42;124;486;101;6125455;6813688;10669733;316770;11783280
FR;2;2022-09-16;19;30;122;563;89;6125474;6813718;10669855;317333;11783369
FR;2;2022-09-17;6;20;56;160;52;6125480;6813738;10669911;317493;11783421
FR;2;2022-09-18;4;7;13;36;10;6125484;6813745;10669924;317529;11783431
FR;2;2022-09-19;26;24;114;353;87;6125510;6813769;10670038;317882;11783518
FR;2;2022-09-20;27;27;117;624;84;6125537;6813796;10670155;318506;11783602
FR;2;2022-09-21;15;30;100;393;78;6125552;6813826;10670255;318899;11783680
FR;2;2022-09-22;16;39;122;582;94;6125568;6813865;10670377;319481;11783774
FR;2;2022-09-23;21;38;134;555;111;6125589;6813903;10670511;320036;11783885
FR;2;2022-09-24;10;8;51;190;36;6125599;6813911;10670562;320226;11783921
FR;2;2022-09-25;9;11;14;29;11;6125608;6813922;10670576;320255;11783932
FR;2;2022-09-26;21;40;103;447;79;6125629;6813962;10670679;320702;11784011
FR;2;2022-09-27;29;46;158;906;107;6125658;6814008;10670837;321608;11784118
FR;2;2022-09-28;14;31;93;421;73;6125672;6814039;10670930;322029;11784191
FR;2;2022-09-29;26;47;114;618;110;6125698;6814086;10671044;322647;11784301
FR;2;2022-09-30;24;44;111;519;84;6125722;6814130;10671155;323166;11784385
FR;2;2022-10-01;10;20;51;128;36;6125732;6814150;10671206;323294;11784421
FR;2;2022-10-02;0;5;8;21;5;6125732;6814155;10671214;323315;11784426
FR;2;2022-10-03;22;28;83;291;66;6125754;6814183;10671297;323606;11784492
FR;2;2022-10-04;17;21;105;599;70;6125771;6814204;10671402;324205;11784562
FR;2;2022-10-05;20;29;75;491;67;6125791;6814233;10671477;324696;11784629
FR;2;2022-10-06;29;23;74;441;71;6125820;6814256;10671551;325137;11784700
FR;2;2022-10-07;21;29;86;498;65;6125841;6814285;10671637;325635;11784765
FR;2;2022-10-08;12;8;19;108;20;6125853;6814293;10671656;325743;11784785
FR;2;2022-10-09;1;8;15;17;11;6125854;6814301;10671671;325760;11784796
FR;2;2022-10-10;18;24;46;223;49;6125872;6814325;10671717;325983;11784845
FR;2;2022-10-11;15;14;47;253;38;6125887;6814339;10671764;326236;11784883
FR;2;2022-10-12;8;17;52;290;36;6125895;6814356;10671816;326526;11784919
FR;2;2022-10-13;11;13;47;270;46;6125906;6814369;10671863;326796;11784965
FR;2;2022-10-14;11;25;33;228;37;6125917;6814394;10671896;327024;11785002
FR;2;2022-10-15;4;10;20;110;15;6125921;6814404;10671916;327134;11785017
FR;2;2022-10-16;0;5;4;10;6;6125921;6814409;10671920;327144;11785023
FR;2;2022-10-17;14;17;28;120;23;6125935;6814426;10671948;327264;11785046
FR;2;2022-10-18;13;11;49;173;30;6125948;6814437;10671997;327437;11785076
FR;2;2022-10-19;9;17;32;181;27;6125957;6814454;10672029;327618;11785103
FR;2;2022-10-20;11;29;36;195;36;6125968;6814483;10672065;327813;11785139
FR;2;2022-10-21;5;15;50;221;45;6125973;6814498;10672115;328034;11785184
FR;2;2022-10-22;8;7;22;93;21;6125981;6814505;10672137;328127;11785205
FR;2;2022-10-23;0;3;1;5;0;6125981;6814508;10672138;328132;11785205
FR;2;2022-10-24;12;11;14;109;14;6125993;6814519;10672152;328241;11785219
FR;2;2022-10-25;12;7;23;135;14;6126005;6814526;10672175;328376;11785233
FR;2;2022-10-26;4;3;14;79;8;6126009;6814529;10672189;328455;11785241
FR;2;2022-10-27;7;9;11;85;16;6126016;6814538;10672200;328540;11785257
FR;2;2022-10-28;5;2;14;91;6;6126021;6814540;10672214;328631;11785263
FR;2;2022-10-29;5;8;17;32;14;6126026;6814548;10672231;328663;11785277
FR;2;2022-10-30;2;5;3;8;1;6126028;6814553;10672234;328671;11785278
FR;2;2022-10-31;2;6;5;48;9;6126030;6814559;10672239;328719;11785287
FR;2;2022-11-01;0;0;0;1;0;6126030;6814559;10672239;328720;11785287
FR;2;2022-11-02;5;4;4;42;5;6126035;6814563;10672243;328762;11785292
FR;3;2020-12-27;0;0;0;0;0;0;0;0;0;0
FR;3;2020-12-28;0;0;0;0;0;0;0;0;0;0
FR;3;2020-12-29;0;0;0;0;0;0;0;0;0;0
FR;3;2020-12-30;0;0;0;0;0;0;0;0;0;0
FR;3;2020-12-31;0;0;0;0;0;0;0;0;0;0
FR;3;2021-01-01;0;0;0;0;0;0;0;0;0;0
FR;3;2021-01-02;0;0;0;0;0;0;0;0;0;0
FR;3;2021-01-03;0;0;0;0;0;0;0;0;0;0
FR;3;2021-01-04;0;0;0;0;0;0;0;0;0;0
FR;3;2021-01-05;0;0;0;0;0;0;0;0;0;0
FR;3;2021-01-06;0;0;0;0;0;0;0;0;0;0
FR;3;2021-01-07;0;0;0;0;0;0;0;0;0;0
FR;3;2021-01-08;0;0;0;0;0;0;0;0;0;0
FR;3;2021-01-09;0;0;0;0;0;0;0;0;0;0
FR;3;2021-01-10;0;0;0;0;0;0;0;0;0;0
FR;3;2021-01-11;0;0;0;0;0;0;0;0;0;0
FR;3;2021-01-12;0;0;0;0;0;0;0;0;0;0
FR;3;2021-01-13;0;0;0;0;0;0;0;0;0;0
FR;3;2021-01-14;0;0;0;0;0;0;0;0;0;0
FR;3;2021-01-15;0;0;0;0;0;0;0;0;0;0
FR;3;2021-01-16;0;0;0;0;0;0;0;0;0;0
FR;3;2021-01-17;0;0;0;0;0;0;0;0;0;0
FR;3;2021-01-18;0;0;0;0;0;0;0;0;0;0
FR;3;2021-01-19;0;0;0;0;0;0;0;0;0;0
FR;3;2021-01-20;0;0;0;0;0;0;0;0;0;0
FR;3;2021-01-21;0;0;0;0;0;0;0;0;0;0
FR;3;2021-01-22;0;0;0;0;0;0;0;0;0;0
FR;3;2021-01-23;0;0;0;0;0;0;0;0;0;0
FR;3;2021-01-24;0;0;0;0;0;0;0;0;0;0
FR;3;2021-01-25;0;0;0;0;0;0;0;0;0;0
FR;3;2021-01-26;0;0;0;0;0;0;0;0;0;0
FR;3;2021-01-27;0;0;0;0;0;0;0;0;0;0
FR;3;2021-01-28;0;0;0;0;0;0;0;0;0;0
FR;3;2021-01-29;0;0;0;0;0;0;0;0;0;0
FR;3;2021-01-30;0;0;0;0;0;0;0;0;0;0
FR;3;2021-01-31;0;0;0;0;0;0;0;0;0;0
FR;3;2021-02-01;0;0;0;0;0;0;0;0;0;0
FR;3;2021-02-02;0;0;0;0;0;0;0;0;0;0
FR;3;2021-02-03;0;0;0;0;0;0;0;0;0;0
FR;3;2021-02-04;0;0;0;0;0;0;0;0;0;0
FR;3;2021-02-05;0;0;0;0;0;0;0;0;0;0
FR;3;2021-02-06;1541;0;0;0;0;1541;0;0;0;0
FR;3;2021-02-07;1423;1;0;0;0;2964;1;0;0;0
FR;3;2021-02-08;2788;1;0;0;0;5752;2;0;0;0
FR;3;2021-02-09;6784;0;0;0;0;12536;2;0;0;0
FR;3;2021-02-10;9611;0;0;0;0;22147;2;0;0;0
FR;3;2021-02-11;13617;3;0;0;0;35764;5;0;0;0
FR;3;2021-02-12;13408;0;0;0;0;49172;5;0;0;0
FR;3;2021-02-13;3799;1;0;0;0;52971;6;0;0;0
FR;3;2021-02-14;975;1;0;0;0;53946;7;0;0;0
FR;3;2021-02-15;10494;2;0;0;0;64440;9;0;0;0
FR;3;2021-02-16;12552;5;0;0;0;76992;14;0;0;0
FR;3;2021-02-17;11158;1;0;0;0;88150;15;0;0;0
FR;3;2021-02-18;14943;2;0;0;0;103093;17;0;0;0
FR;3;2021-02-19;14365;1;0;0;0;117458;18;0;0;0
FR;3;2021-02-20;3330;0;0;0;0;120788;18;0;0;0
FR;3;2021-02-21;619;0;0;0;0;121407;18;0;0;0
FR;3;2021-02-22;9168;1;0;0;0;130575;19;0;0;0
FR;3;2021-02-23;11400;3;0;0;0;141975;22;0;0;0
FR;3;2021-02-24;14305;1;0;0;0;156280;23;0;0;0
FR;3;2021-02-25;44932;3;0;0;0;201212;26;0;0;0
FR;3;2021-02-26;61890;9;0;0;0;263102;35;0;0;0
FR;3;2021-02-27;34807;11;0;0;0;297909;46;0;0;0
FR;3;2021-02-28;2463;0;0;0;0;300372;46;0;0;0
FR;3;2021-03-01;20519;19;0;0;0;320891;65;0;0;0
FR;3;2021-03-02;38873;22;0;0;0;359764;87;0;0;0
FR;3;2021-03-03;48746;19;0;0;0;408510;106;0;0;0
FR;3;2021-03-04;82222;25;0;0;0;490732;131;0;0;0
FR;3;2021-03-05;118131;41;0;0;0;608863;172;0;0;0
FR;3;2021-03-06;120721;64;1;0;0;729584;236;1;0;0
FR;3;2021-03-07;55182;24;0;0;0;784766;260;1;0;0
FR;3;2021-03-08;42813;25;0;0;0;827579;285;1;0;0
FR;3;2021-03-09;78976;51;0;0;0;906555;336;1;0;0
FR;3;2021-03-10;80981;60;0;0;0;987536;396;1;0;0
FR;3;2021-03-11;128444;59;0;0;0;1115980;455;1;0;0
FR;3;2021-03-12;182720;114;0;0;0;1298700;569;1;0;0
FR;3;2021-03-13;132160;81;0;0;0;1430860;650;1;0;0
FR;3;2021-03-14;14057;5;0;0;0;1444917;655;1;0;0
FR;3;2021-03-15;52235;73;0;0;0;1497152;728;1;0;0
FR;3;2021-03-16;1216;45;0;0;0;1498368;773;1;0;0
FR;3;2021-03-17;948;52;0;0;0;1499316;825;1;0;0
FR;3;2021-03-18;1572;35;0;0;0;1500888;860;1;0;0
FR;3;2021-03-19;70455;53;0;0;0;1571343;913;1;0;0
FR;3;2021-03-20;65238;47;0;0;0;1636581;960;1;0;0
FR;3;2021-03-21;5761;8;0;0;0;1642342;968;1;0;0
FR;3;2021-03-22;37509;44;0;0;0;1679851;1012;1;0;0
FR;3;2021-03-23;84665;81;0;0;0;1764516;1093;1;0;0
FR;3;2021-03-24;90953;95;0;0;0;1855469;1188;1;0;0
FR;3;2021-03-25;150064;138;0;0;0;2005533;1326;1;0;0
FR;3;2021-03-26;165428;158;0;0;0;2170961;1484;1;0;0
FR;3;2021-03-27;68462;101;0;0;0;2239423;1585;1;0;0
FR;3;2021-03-28;6479;20;0;0;0;2245902;1605;1;0;0
FR;3;2021-03-29;54168;75;0;0;0;2300070;1680;1;0;0
FR;3;2021-03-30;93180;103;0;0;0;2393250;1783;1;0;0
FR;3;2021-03-31;63541;109;0;0;0;2456791;1892;1;0;0
FR;3;2021-04-01;86133;113;0;0;0;2542924;2005;1;0;0
FR;3;2021-04-02;86912;180;0;0;0;2629836;2185;1;0;0
FR;3;2021-04-03;35876;129;0;0;0;2665712;2314;1;0;0
FR;3;2021-04-04;3576;19;0;0;0;2669288;2333;1;0;0
FR;3;2021-04-05;4491;38;0;0;0;2673779;2371;1;0;0
FR;3;2021-04-06;29758;99;0;0;0;2703537;2470;1;0;0
FR;3;2021-04-07;32347;98;0;0;0;2735884;2568;1;0;0
FR;3;2021-04-08;78823;257;0;0;0;2814707;2825;1;0;0
FR;3;2021-04-09;161754;436;0;0;0;2976461;3261;1;0;0
FR;3;2021-04-10;75761;359;0;0;0;3052222;3620;1;0;0
FR;3;2021-04-11;7312;46;0;0;0;3059534;3666;1;0;0
FR;3;2021-04-12;51482;216;0;0;0;3111016;3882;1;0;0
FR;3;2021-04-13;86234;346;0;0;0;3197250;4228;1;0;0
FR;3;2021-04-14;67845;367;0;0;0;3265095;4595;1;0;0
FR;3;2021-04-15;93235;392;0;0;0;3358330;4987;1;0;0
FR;3;2021-04-16;112525;604;0;0;0;3470855;5591;1;0;0
FR;3;2021-04-17;53318;346;1;0;0;3524173;5937;2;0;0
FR;3;2021-04-18;9749;44;0;0;0;3533922;5981;2;0;0
FR;3;2021-04-19;25112;270;0;0;0;3559034;6251;2;0;0
FR;3;2021-04-20;45673;428;0;0;0;3604707;6679;2;0;0
FR;3;2021-04-21;38985;514;0;0;0;3643692;7193;2;0;0
FR;3;2021-04-22;54716;841;0;0;0;3698408;8034;2;0;0
FR;3;2021-04-23;70490;1064;0;0;0;3768898;9098;2;0;0
FR;3;2021-04-24;37250;1067;0;0;0;3806148;10165;2;0;0
FR;3;2021-04-25;6212;156;0;0;0;3812360;10321;2;0;0
FR;3;2021-04-26;19788;683;0;0;0;3832148;11004;2;0;0
FR;3;2021-04-27;34484;1301;0;0;0;3866632;12305;2;0;0
FR;3;2021-04-28;28967;2000;0;0;0;3895599;14305;2;0;0
FR;3;2021-04-29;45387;6062;0;0;0;3940986;20367;2;0;0
FR;3;2021-04-30;55464;9035;1;0;0;3996450;29402;3;0;0
FR;3;2021-05-01;9516;2035;0;0;0;4005966;31437;3;0;0
FR;3;2021-05-02;3077;478;0;0;0;4009043;31915;3;0;0
FR;3;2021-05-03;13062;3905;0;0;0;4022105;35820;3;0;0
FR;3;2021-05-04;23115;8437;0;0;0;4045220;44257;3;0;0
FR;3;2021-05-05;18760;10762;0;0;0;4063980;55019;3;0;0
FR;3;2021-05-06;34628;21136;0;0;0;4098608;76155;3;0;0
FR;3;2021-05-07;44205;28750;0;0;0;4142813;104905;3;0;0
FR;3;2021-05-08;6785;9208;0;0;0;4149598;114113;3;0;0
FR;3;2021-05-09;1795;2649;0;0;0;4151393;116762;3;0;0
FR;3;2021-05-10;14999;12837;0;0;0;4166392;129599;3;0;0
FR;3;2021-05-11;27099;26132;0;0;0;4193491;155731;3;0;0
FR;3;2021-05-12;17268;27960;0;0;0;4210759;183691;3;0;0
FR;3;2021-05-13;2285;3502;0;0;0;4213044;187193;3;0;0
FR;3;2021-05-14;14520;26009;0;0;0;4227564;213202;3;0;0
FR;3;2021-05-15;7233;20992;0;0;0;4234797;234194;3;0;0
FR;3;2021-05-16;977;2650;0;0;0;4235774;236844;3;0;0
FR;3;2021-05-17;7965;20099;0;0;0;4243739;256943;3;0;0
FR;3;2021-05-18;13414;30034;0;0;0;4257153;286977;3;0;0
FR;3;2021-05-19;9274;30836;0;0;0;4266427;317813;3;0;0
FR;3;2021-05-20;12806;53665;3;0;0;4279233;371478;6;0;0
FR;3;2021-05-21;12768;66022;2;0;0;4292001;437500;8;0;0
FR;3;2021-05-22;4963;33660;1;0;0;4296964;471160;9;0;0
FR;3;2021-05-23;651;2668;0;0;0;4297615;473828;9;0;0
FR;3;2021-05-24;883;4835;0;0;0;4298498;478663;9;0;0
FR;3;2021-05-25;5311;46302;1;0;0;4303809;524965;10;0;0
FR;3;2021-05-26;4978;51878;1;0;0;4308787;576843;11;0;0
FR;3;2021-05-27;6334;78780;3;0;0;4315121;655623;14;0;0
FR;3;2021-05-28;7542;99988;2;0;0;4322663;755611;16;0;0
FR;3;2021-05-29;3349;60918;1;0;0;4326012;816529;17;0;0
FR;3;2021-05-30;549;8134;0;0;0;4326561;824663;17;0;0
FR;3;2021-05-31;2441;35597;3;0;0;4329002;860260;20;0;0
FR;3;2021-06-01;3411;64835;10;0;0;4332413;925095;30;0;0
FR;3;2021-06-02;2734;58727;6;0;0;4335147;983822;36;0;0
FR;3;2021-06-03;3495;87242;10;0;0;4338642;1071064;46;0;0
FR;3;2021-06-04;4118;105687;22;0;0;4342760;1176751;68;0;0
FR;3;2021-06-05;1983;52498;4;0;0;4344743;1229249;72;0;0
FR;3;2021-06-06;510;5308;1;0;0;4345253;1234557;73;0;0
FR;3;2021-06-07;1483;30792;11;0;0;4346736;1265349;84;0;0
FR;3;2021-06-08;2061;47376;18;0;0;4348797;1312725;102;0;0
FR;3;2021-06-09;1793;41928;13;0;0;4350590;1354653;115;0;0
FR;3;2021-06-10;2254;67732;17;0;0;4352844;1422385;132;0;0
FR;3;2021-06-11;2484;96637;34;0;0;4355328;1519022;166;0;0
FR;3;2021-06-12;1177;40649;6;0;0;4356505;1559671;172;0;0
FR;3;2021-06-13;283;3653;3;0;0;4356788;1563324;175;0;0
FR;3;2021-06-14;1047;42397;17;0;0;4357835;1605721;192;0;0
FR;3;2021-06-15;1375;80438;20;0;0;4359210;1686159;212;0;0
FR;3;2021-06-16;1261;65532;20;0;0;4360471;1751691;232;0;0
FR;3;2021-06-17;1666;102144;41;0;0;4362137;1853835;273;0;0
FR;3;2021-06-18;1870;118309;62;0;0;4364007;1972144;335;0;0
FR;3;2021-06-19;802;39441;22;0;0;4364809;2011585;357;0;0
FR;3;2021-06-20;161;3235;0;0;0;4364970;2014820;357;0;0
FR;3;2021-06-21;773;39097;16;0;0;4365743;2053917;373;0;0
FR;3;2021-06-22;1065;70046;52;0;0;4366808;2123963;425;0;0
FR;3;2021-06-23;944;50834;39;0;0;4367752;2174797;464;0;0
FR;3;2021-06-24;1310;77226;48;0;0;4369062;2252023;512;0;0
FR;3;2021-06-25;1410;90608;73;0;0;4370472;2342631;585;0;0
FR;3;2021-06-26;631;33118;29;0;0;4371103;2375749;614;0;0
FR;3;2021-06-27;166;3838;1;0;0;4371269;2379587;615;0;0
FR;3;2021-06-28;654;30094;27;0;0;4371923;2409681;642;0;0
FR;3;2021-06-29;857;56479;95;0;0;4372780;2466160;737;0;0
FR;3;2021-06-30;905;45166;93;0;0;4373685;2511326;830;0;0
FR;3;2021-07-01;1165;65966;108;0;0;4374850;2577292;938;0;0
FR;3;2021-07-02;1305;90477;170;0;0;4376155;2667769;1108;0;0
FR;3;2021-07-03;602;31185;51;0;0;4376757;2698954;1159;0;0
FR;3;2021-07-04;144;4054;3;0;0;4376901;2703008;1162;0;0
FR;3;2021-07-05;612;33689;60;0;0;4377513;2736697;1222;0;0
FR;3;2021-07-06;963;55966;88;0;0;4378476;2792663;1310;0;0
FR;3;2021-07-07;872;42983;80;0;0;4379348;2835646;1390;0;0
FR;3;2021-07-08;1127;60771;99;0;0;4380475;2896417;1489;0;0
FR;3;2021-07-09;1260;68892;128;0;0;4381735;2965309;1617;0;0
FR;3;2021-07-10;643;25039;59;0;0;4382378;2990348;1676;0;0
FR;3;2021-07-11;132;3202;4;0;0;4382510;2993550;1680;0;0
FR;3;2021-07-12;662;23708;59;0;0;4383172;3017258;1739;0;0
FR;3;2021-07-13;1647;34538;90;0;0;4384819;3051796;1829;0;0
FR;3;2021-07-14;269;2506;2;0;0;4385088;3054302;1831;0;0
FR;3;2021-07-15;1941;30489;85;0;0;4387029;3084791;1916;0;0
FR;3;2021-07-16;2520;38716;122;0;0;4389549;3123507;2038;0;0
FR;3;2021-07-17;1051;13733;26;0;0;4390600;3137240;2064;0;0
FR;3;2021-07-18;266;2564;3;0;0;4390866;3139804;2067;0;0
FR;3;2021-07-19;1280;16964;38;0;0;4392146;3156768;2105;0;0
FR;3;2021-07-20;1823;26990;98;0;0;4393969;3183758;2203;0;0
FR;3;2021-07-21;1651;19568;44;0;0;4395620;3203326;2247;0;0
FR;3;2021-07-22;1856;27666;83;0;0;4397476;3230992;2330;0;0
FR;3;2021-07-23;2216;30285;117;0;0;4399692;3261277;2447;0;0
FR;3;2021-07-24;826;6955;25;0;0;4400518;3268232;2472;0;0
FR;3;2021-07-25;210;1299;1;0;0;4400728;3269531;2473;0;0
FR;3;2021-07-26;931;10564;28;0;0;4401659;3280095;2501;0;0
FR;3;2021-07-27;1169;16854;56;0;0;4402828;3296949;2557;0;0
FR;3;2021-07-28;989;12026;40;0;0;4403817;3308975;2597;0;0
FR;3;2021-07-29;1127;15732;63;0;0;4404944;3324707;2660;0;0
FR;3;2021-07-30;1128;18015;79;0;0;4406072;3342722;2739;0;0
FR;3;2021-07-31;406;3722;15;0;0;4406478;3346444;2754;0;0
FR;3;2021-08-01;116;455;1;0;0;4406594;3346899;2755;0;0
FR;3;2021-08-02;421;5052;22;0;0;4407015;3351951;2777;0;0
FR;3;2021-08-03;496;7499;27;0;0;4407511;3359450;2804;0;0
FR;3;2021-08-04;439;4852;26;0;0;4407950;3364302;2830;0;0
FR;3;2021-08-05;431;3671;13;0;0;4408381;3367973;2843;0;0
FR;3;2021-08-06;456;4725;30;0;0;4408837;3372698;2873;0;0
FR;3;2021-08-07;214;1900;11;0;0;4409051;3374598;2884;0;0
FR;3;2021-08-08;250;424;2;0;0;4409301;3375022;2886;0;0
FR;3;2021-08-09;318;2408;11;0;0;4409619;3377430;2897;0;0
FR;3;2021-08-10;368;3784;15;0;0;4409987;3381214;2912;0;0
FR;3;2021-08-11;291;2675;15;0;0;4410278;3383889;2927;0;0
FR;3;2021-08-12;278;2593;13;0;0;4410556;3386482;2940;0;0
FR;3;2021-08-13;278;2261;16;0;0;4410834;3388743;2956;0;0
FR;3;2021-08-14;172;892;1;0;0;4411006;3389635;2957;0;0
FR;3;2021-08-15;56;175;0;0;0;4411062;3389810;2957;0;0
FR;3;2021-08-16;124;1034;8;0;0;4411186;3390844;2965;0;0
FR;3;2021-08-17;189;1448;8;0;0;4411375;3392292;2973;0;0
FR;3;2021-08-18;204;1319;10;0;0;4411579;3393611;2983;0;0
FR;3;2021-08-19;165;1383;10;0;0;4411744;3394994;2993;0;0
FR;3;2021-08-20;167;1604;16;0;0;4411911;3396598;3009;0;0
FR;3;2021-08-21;93;585;2;0;0;4412004;3397183;3011;0;0
FR;3;2021-08-22;42;190;1;0;0;4412046;3397373;3012;0;0
FR;3;2021-08-23;141;902;7;0;0;4412187;3398275;3019;0;0
FR;3;2021-08-24;125;929;10;0;0;4412312;3399204;3029;0;0
FR;3;2021-08-25;137;823;3;0;0;4412449;3400027;3032;0;0
FR;3;2021-08-26;172;836;9;0;0;4412621;3400863;3041;0;0
FR;3;2021-08-27;178;940;9;0;0;4412799;3401803;3050;0;0
FR;3;2021-08-28;101;374;4;0;0;4412900;3402177;3054;0;0
FR;3;2021-08-29;128;132;1;0;0;4413028;3402309;3055;0;0
FR;3;2021-08-30;100;574;0;0;117;4413128;3402883;3055;0;117
FR;3;2021-08-31;133;694;7;0;140;4413261;3403577;3062;0;257
FR;3;2021-09-01;121;465;5;0;112;4413382;3404042;3067;0;369
FR;3;2021-09-02;100;608;22;0;105;4413482;3404650;3089;0;474
FR;3;2021-09-03;116;568;17;0;120;4413598;3405218;3106;0;594
FR;3;2021-09-04;55;297;3;0;53;4413653;3405515;3109;0;647
FR;3;2021-09-05;51;67;5;0;26;4413704;3405582;3114;0;673
FR;3;2021-09-06;118;370;4;0;132;4413822;3405952;3118;0;805
FR;3;2021-09-07;124;439;14;0;118;4413946;3406391;3132;0;923
FR;3;2021-09-08;121;350;2;0;92;4414067;3406741;3134;0;1015
FR;3;2021-09-09;94;381;8;0;103;4414161;3407122;3142;0;1118
FR;3;2021-09-10;101;404;3;0;96;4414262;3407526;3145;0;1214
FR;3;2021-09-11;76;233;4;0;66;4414338;3407759;3149;0;1280
FR;3;2021-09-12;37;47;1;0;16;4414375;3407806;3150;0;1296
FR;3;2021-09-13;75;307;7;0;102;4414450;3408113;3157;0;1398
FR;3;2021-09-14;75;277;6;0;97;4414525;3408390;3163;0;1495
FR;3;2021-09-15;62;258;3;0;6;4414587;3408648;3166;0;1501
FR;3;2021-09-16;65;322;6;0;6;4414652;3408970;3172;0;1507
FR;3;2021-09-17;52;330;3;0;7;4414704;3409300;3175;0;1514
FR;3;2021-09-18;37;174;1;0;1;4414741;3409474;3176;0;1515
FR;3;2021-09-19;28;31;2;0;1;4414769;3409505;3178;0;1516
FR;3;2021-09-20;81;195;0;0;1;4414850;3409700;3178;0;1517
FR;3;2021-09-21;60;276;6;0;7;4414910;3409976;3184;0;1524
FR;3;2021-09-22;65;234;6;0;7;4414975;3410210;3190;0;1531
FR;3;2021-09-23;37;261;11;0;7;4415012;3410471;3201;0;1538
FR;3;2021-09-24;28;320;12;0;18;4415040;3410791;3213;0;1556
FR;3;2021-09-25;31;143;3;0;3;4415071;3410934;3216;0;1559
FR;3;2021-09-26;16;59;1;0;1;4415087;3410993;3217;0;1560
FR;3;2021-09-27;48;289;3;0;5;4415135;3411282;3220;0;1565
FR;3;2021-09-28;49;246;6;0;8;4415184;3411528;3226;0;1573
FR;3;2021-09-29;38;221;10;0;15;4415222;3411749;3236;0;1588
FR;3;2021-09-30;40;202;8;0;10;4415262;3411951;3244;0;1598
FR;3;2021-10-01;23;163;6;0;8;4415285;3412114;3250;0;1606
FR;3;2021-10-02;17;84;0;0;0;4415302;3412198;3250;0;1606
FR;3;2021-10-03;19;18;1;0;2;4415321;3412216;3251;0;1608
FR;3;2021-10-04;33;159;4;0;4;4415354;3412375;3255;0;1612
FR;3;2021-10-05;17;149;10;0;12;4415371;3412524;3265;0;1624
FR;3;2021-10-06;32;147;8;0;9;4415403;3412671;3273;0;1633
FR;3;2021-10-07;19;136;6;0;6;4415422;3412807;3279;0;1639
FR;3;2021-10-08;25;138;10;0;9;4415447;3412945;3289;0;1648
FR;3;2021-10-09;16;72;1;0;1;4415463;3413017;3290;0;1649
FR;3;2021-10-10;13;17;2;0;3;4415476;3413034;3292;0;1652
FR;3;2021-10-11;16;117;4;0;5;4415492;3413151;3296;0;1657
FR;3;2021-10-12;20;102;5;0;5;4415512;3413253;3301;0;1662
FR;3;2021-10-13;25;116;9;0;7;4415537;3413369;3310;0;1669
FR;3;2021-10-14;18;151;3;0;4;4415555;3413520;3313;0;1673
FR;3;2021-10-15;23;143;8;0;12;4415578;3413663;3321;0;1685
FR;3;2021-10-16;13;72;6;0;8;4415591;3413735;3327;0;1693
FR;3;2021-10-17;12;25;0;0;0;4415603;3413760;3327;0;1693
FR;3;2021-10-18;18;115;2;0;2;4415621;3413875;3329;0;1695
FR;3;2021-10-19;18;114;19;0;21;4415639;3413989;3348;0;1716
FR;3;2021-10-20;26;126;6;0;7;4415665;3414115;3354;0;1723
FR;3;2021-10-21;28;128;17;0;13;4415693;3414243;3371;0;1736
FR;3;2021-10-22;24;107;16;0;19;4415717;3414350;3387;0;1755
FR;3;2021-10-23;17;54;2;0;1;4415734;3414404;3389;0;1756
FR;3;2021-10-24;7;36;0;0;0;4415741;3414440;3389;0;1756
FR;3;2021-10-25;25;144;7;0;7;4415766;3414584;3396;0;1763
FR;3;2021-10-26;25;99;22;0;19;4415791;3414683;3418;0;1782
FR;3;2021-10-27;18;98;9;0;9;4415809;3414781;3427;0;1791
FR;3;2021-10-28;22;118;33;0;36;4415831;3414899;3460;0;1827
FR;3;2021-10-29;12;103;64;0;54;4415843;3415002;3524;0;1881
FR;3;2021-10-30;11;63;11;1;10;4415854;3415065;3535;1;1891
FR;3;2021-10-31;8;25;1;0;1;4415862;3415090;3536;1;1892
FR;3;2021-11-01;11;22;2;0;1;4415873;3415112;3538;1;1893
FR;3;2021-11-02;10;102;10;0;12;4415883;3415214;3548;1;1905
FR;3;2021-11-03;20;110;10;0;10;4415903;3415324;3558;1;1915
FR;3;2021-11-04;20;90;5;0;4;4415923;3415414;3563;1;1919
FR;3;2021-11-05;19;122;9;1;6;4415942;3415536;3572;2;1925
FR;3;2021-11-06;10;59;3;0;3;4415952;3415595;3575;2;1928
FR;3;2021-11-07;6;22;1;0;1;4415958;3415617;3576;2;1929
FR;3;2021-11-08;11;134;7;0;5;4415969;3415751;3583;2;1934
FR;3;2021-11-09;13;130;5;0;5;4415982;3415881;3588;2;1939
FR;3;2021-11-10;14;156;14;0;15;4415996;3416037;3602;2;1954
FR;3;2021-11-11;11;50;3;0;3;4416007;3416087;3605;2;1957
FR;3;2021-11-12;15;131;6;0;4;4416022;3416218;3611;2;1961
FR;3;2021-11-13;7;67;9;0;10;4416029;3416285;3620;2;1971
FR;3;2021-11-14;3;24;1;0;1;4416032;3416309;3621;2;1972
FR;3;2021-11-15;5;169;10;0;11;4416037;3416478;3631;2;1983
FR;3;2021-11-16;9;132;11;0;10;4416046;3416610;3642;2;1993
FR;3;2021-11-17;8;142;11;0;8;4416054;3416752;3653;2;2001
FR;3;2021-11-18;15;142;10;0;11;4416069;3416894;3663;2;2012
FR;3;2021-11-19;11;194;22;0;27;4416080;3417088;3685;2;2039
FR;3;2021-11-20;6;105;6;0;6;4416086;3417193;3691;2;2045
FR;3;2021-11-21;3;26;4;0;4;4416089;3417219;3695;2;2049
FR;3;2021-11-22;11;197;11;0;11;4416100;3417416;3706;2;2060
FR;3;2021-11-23;9;195;15;0;14;4416109;3417611;3721;2;2074
FR;3;2021-11-24;9;199;9;0;17;4416118;3417810;3730;2;2091
FR;3;2021-11-25;12;220;11;0;11;4416130;3418030;3741;2;2102
FR;3;2021-11-26;9;292;35;0;33;4416139;3418322;3776;2;2135
FR;3;2021-11-27;8;139;20;0;21;4416147;3418461;3796;2;2156
FR;3;2021-11-28;3;60;7;0;7;4416150;3418521;3803;2;2163
FR;3;2021-11-29;5;248;21;0;22;4416155;3418769;3824;2;2185
FR;3;2021-11-30;7;327;29;0;32;4416162;3419096;3853;2;2217
FR;3;2021-12-01;30;359;37;0;39;4416192;3419455;3890;2;2256
FR;3;2021-12-02;9;377;33;0;36;4416201;3419832;3923;2;2292
FR;3;2021-12-03;4;420;37;0;38;4416205;3420252;3960;2;2330
FR;3;2021-12-04;3;228;26;0;28;4416208;3420480;3986;2;2358
FR;3;2021-12-05;1;65;5;0;5;4416209;3420545;3991;2;2363
FR;3;2021-12-06;6;396;14;0;15;4416215;3420941;4005;2;2378
FR;3;2021-12-07;4;463;20;0;24;4416219;3421404;4025;2;2402
FR;3;2021-12-08;8;419;29;0;30;4416227;3421823;4054;2;2432
FR;3;2021-12-09;3;480;17;0;22;4416230;3422303;4071;2;2454
FR;3;2021-12-10;10;498;29;0;25;4416240;3422801;4100;2;2479
FR;3;2021-12-11;4;324;10;0;9;4416244;3423125;4110;2;2488
FR;3;2021-12-12;1;105;3;0;3;4416245;3423230;4113;2;2491
FR;3;2021-12-13;2;476;19;0;21;4416247;3423706;4132;2;2512
FR;3;2021-12-14;8;605;18;0;21;4416255;3424311;4150;2;2533
FR;3;2021-12-15;9;585;17;0;21;4416264;3424896;4167;2;2554
FR;3;2021-12-16;10;593;19;0;18;4416274;3425489;4186;2;2572
FR;3;2021-12-17;5;666;18;0;19;4416279;3426155;4204;2;2591
FR;3;2021-12-18;4;370;4;0;5;4416283;3426525;4208;2;2596
FR;3;2021-12-19;3;193;2;0;2;4416286;3426718;4210;2;2598
FR;3;2021-12-20;8;617;23;0;28;4416294;3427335;4233;2;2626
FR;3;2021-12-21;3;709;10;0;13;4416297;3428044;4243;2;2639
FR;3;2021-12-22;10;659;9;0;10;4416307;3428703;4252;2;2649
FR;3;2021-12-23;3;578;8;0;8;4416310;3429281;4260;2;2657
FR;3;2021-12-24;2;244;3;0;6;4416312;3429525;4263;2;2663
FR;3;2021-12-25;0;25;0;0;0;4416312;3429550;4263;2;2663
FR;3;2021-12-26;0;92;1;0;1;4416312;3429642;4264;2;2664
FR;3;2021-12-27;7;490;17;0;20;4416319;3430132;4281;2;2684
FR;3;2021-12-28;3;621;6;0;5;4416322;3430753;4287;2;2689
FR;3;2021-12-29;4;521;14;0;16;4416326;3431274;4301;2;2705
FR;3;2021-12-30;3;542;7;0;10;4416329;3431816;4308;2;2715
FR;3;2021-12-31;0;192;5;0;7;4416329;3432008;4313;2;2722
FR;3;2022-01-01;0;26;0;0;2;4416329;3432034;4313;2;2724
FR;3;2022-01-02;0;80;0;0;0;4416329;3432114;4313;2;2724
FR;3;2022-01-03;4;521;17;0;21;4416333;3432635;4330;2;2745
FR;3;2022-01-04;6;567;9;0;8;4416339;3433202;4339;2;2753
FR;3;2022-01-05;5;511;10;0;14;4416344;3433713;4349;2;2767
FR;3;2022-01-06;6;489;9;0;10;4416350;3434202;4358;2;2777
FR;3;2022-01-07;2;519;11;0;13;4416352;3434721;4369;2;2790
FR;3;2022-01-08;4;263;4;0;5;4416356;3434984;4373;2;2795
FR;3;2022-01-09;0;117;0;0;0;4416356;3435101;4373;2;2795
FR;3;2022-01-10;2;449;12;0;12;4416358;3435550;4385;2;2807
FR;3;2022-01-11;3;479;1;0;1;4416361;3436029;4386;2;2808
FR;3;2022-01-12;2;412;9;0;10;4416363;3436441;4395;2;2818
FR;3;2022-01-13;3;398;11;0;12;4416366;3436839;4406;2;2830
FR;3;2022-01-14;4;439;10;0;13;4416370;3437278;4416;2;2843
FR;3;2022-01-15;0;285;2;0;3;4416370;3437563;4418;2;2846
FR;3;2022-01-16;1;110;1;0;1;4416371;3437673;4419;2;2847
FR;3;2022-01-17;2;331;8;0;9;4416373;3438004;4427;2;2856
FR;3;2022-01-18;2;376;1;0;2;4416375;3438380;4428;2;2858
FR;3;2022-01-19;2;335;5;0;10;4416377;3438715;4433;2;2868
FR;3;2022-01-20;1;357;5;0;3;4416378;3439072;4438;2;2871
FR;3;2022-01-21;4;350;5;0;7;4416382;3439422;4443;2;2878
FR;3;2022-01-22;2;228;1;0;2;4416384;3439650;4444;2;2880
FR;3;2022-01-23;0;79;0;0;1;4416384;3439729;4444;2;2881
FR;3;2022-01-24;2;327;1;0;6;4416386;3440056;4445;2;2887
FR;3;2022-01-25;0;179;0;0;0;4416386;3440235;4445;2;2887
FR;3;2022-01-26;0;77;0;0;0;4416386;3440312;4445;2;2887
FR;3;2022-01-27;0;54;0;0;0;4416386;3440366;4445;2;2887
FR;3;2022-01-28;0;123;0;0;0;4416386;3440489;4445;2;2887
FR;3;2022-01-29;0;99;0;0;0;4416386;3440588;4445;2;2887
FR;3;2022-01-30;0;51;0;0;0;4416386;3440639;4445;2;2887
FR;3;2022-01-31;0;93;0;0;0;4416386;3440732;4445;2;2887
FR;3;2022-02-01;0;100;0;0;1;4416386;3440832;4445;2;2888
FR;3;2022-02-02;0;86;0;0;0;4416386;3440918;4445;2;2888
FR;3;2022-02-03;0;96;0;0;0;4416386;3441014;4445;2;2888
FR;3;2022-02-04;0;115;0;0;0;4416386;3441129;4445;2;2888
FR;3;2022-02-05;0;71;0;0;0;4416386;3441200;4445;2;2888
FR;3;2022-02-06;0;11;0;0;0;4416386;3441211;4445;2;2888
FR;3;2022-02-07;0;78;0;0;0;4416386;3441289;4445;2;2888
FR;3;2022-02-08;0;0;0;0;0;4416386;3441289;4445;2;2888
FR;3;2022-02-09;0;0;0;0;0;4416386;3441289;4445;2;2888
FR;3;2022-02-10;0;0;0;0;0;4416386;3441289;4445;2;2888
FR;3;2022-02-11;0;0;0;0;0;4416386;3441289;4445;2;2888
FR;3;2022-02-12;0;0;0;0;0;4416386;3441289;4445;2;2888
FR;3;2022-02-13;0;0;0;0;0;4416386;3441289;4445;2;2888
FR;3;2022-02-14;0;0;0;0;0;4416386;3441289;4445;2;2888
FR;3;2022-02-15;0;0;0;0;0;4416386;3441289;4445;2;2888
FR;3;2022-02-16;0;0;0;0;0;4416386;3441289;4445;2;2888
FR;3;2022-02-17;0;0;0;0;0;4416386;3441289;4445;2;2888
FR;3;2022-02-18;0;0;0;0;0;4416386;3441289;4445;2;2888
FR;3;2022-02-19;0;0;0;0;0;4416386;3441289;4445;2;2888
FR;3;2022-02-20;0;0;0;0;0;4416386;3441289;4445;2;2888
FR;3;2022-02-21;2;0;0;0;0;4416388;3441289;4445;2;2888
FR;3;2022-02-22;0;0;0;0;0;4416388;3441289;4445;2;2888
FR;3;2022-02-23;0;0;0;0;0;4416388;3441289;4445;2;2888
FR;3;2022-02-24;0;0;0;0;0;4416388;3441289;4445;2;2888
FR;3;2022-02-25;0;0;0;0;0;4416388;3441289;4445;2;2888
FR;3;2022-02-26;0;0;0;0;0;4416388;3441289;4445;2;2888
FR;3;2022-02-27;0;0;0;0;0;4416388;3441289;4445;2;2888
FR;3;2022-02-28;1;0;0;0;0;4416389;3441289;4445;2;2888
FR;3;2022-03-01;1;0;0;0;0;4416390;3441289;4445;2;2888
FR;3;2022-03-02;0;0;0;0;0;4416390;3441289;4445;2;2888
FR;3;2022-03-03;0;0;0;0;0;4416390;3441289;4445;2;2888
FR;3;2022-03-04;0;0;0;0;0;4416390;3441289;4445;2;2888
FR;3;2022-03-05;0;0;0;0;0;4416390;3441289;4445;2;2888
FR;3;2022-03-06;1;0;0;0;0;4416391;3441289;4445;2;2888
FR;3;2022-03-07;0;0;0;0;0;4416391;3441289;4445;2;2888
FR;3;2022-03-08;1;0;0;0;0;4416392;3441289;4445;2;2888
FR;3;2022-03-09;0;0;0;0;0;4416392;3441289;4445;2;2888
FR;3;2022-03-10;0;0;0;0;0;4416392;3441289;4445;2;2888
FR;3;2022-03-11;0;0;0;0;0;4416392;3441289;4445;2;2888
FR;3;2022-03-12;0;0;0;0;0;4416392;3441289;4445;2;2888
FR;3;2022-03-13;0;0;0;0;0;4416392;3441289;4445;2;2888
FR;3;2022-03-14;0;0;0;0;0;4416392;3441289;4445;2;2888
FR;3;2022-03-15;0;0;0;0;0;4416392;3441289;4445;2;2888
FR;3;2022-03-16;0;0;0;0;0;4416392;3441289;4445;2;2888
FR;3;2022-03-17;0;0;0;0;0;4416392;3441289;4445;2;2888
FR;3;2022-03-18;0;0;0;0;0;4416392;3441289;4445;2;2888
FR;3;2022-03-19;0;0;0;0;0;4416392;3441289;4445;2;2888
FR;3;2022-03-20;1;0;0;0;0;4416393;3441289;4445;2;2888
FR;3;2022-03-21;0;0;0;0;0;4416393;3441289;4445;2;2888
FR;3;2022-03-22;0;0;0;0;0;4416393;3441289;4445;2;2888
FR;3;2022-03-23;1;0;0;0;0;4416394;3441289;4445;2;2888
FR;3;2022-03-24;0;0;0;0;0;4416394;3441289;4445;2;2888
FR;3;2022-03-25;1;0;0;0;0;4416395;3441289;4445;2;2888
FR;3;2022-03-26;0;0;0;0;0;4416395;3441289;4445;2;2888
FR;3;2022-03-27;0;0;0;0;0;4416395;3441289;4445;2;2888
FR;3;2022-03-28;0;0;0;0;0;4416395;3441289;4445;2;2888
FR;3;2022-03-29;0;0;0;0;0;4416395;3441289;4445;2;2888
FR;3;2022-03-30;0;0;0;0;0;4416395;3441289;4445;2;2888
FR;3;2022-03-31;0;0;0;0;0;4416395;3441289;4445;2;2888
FR;3;2022-04-01;0;0;0;0;0;4416395;3441289;4445;2;2888
FR;3;2022-04-02;0;0;0;0;0;4416395;3441289;4445;2;2888
FR;3;2022-04-03;0;0;0;0;0;4416395;3441289;4445;2;2888
FR;3;2022-04-04;0;0;0;0;0;4416395;3441289;4445;2;2888
FR;3;2022-04-05;0;0;0;0;0;4416395;3441289;4445;2;2888
FR;3;2022-04-06;0;0;0;0;0;4416395;3441289;4445;2;2888
FR;3;2022-04-07;0;0;0;0;0;4416395;3441289;4445;2;2888
FR;3;2022-04-08;0;0;0;0;0;4416395;3441289;4445;2;2888
FR;3;2022-04-09;0;0;0;0;0;4416395;3441289;4445;2;2888
FR;3;2022-04-10;0;0;0;0;0;4416395;3441289;4445;2;2888
FR;3;2022-04-11;0;0;0;0;0;4416395;3441289;4445;2;2888
FR;3;2022-04-12;0;0;0;0;0;4416395;3441289;4445;2;2888
FR;3;2022-04-13;0;0;0;0;0;4416395;3441289;4445;2;2888
FR;3;2022-04-14;0;0;0;0;0;4416395;3441289;4445;2;2888
FR;3;2022-04-15;1;0;0;0;0;4416396;3441289;4445;2;2888
FR;3;2022-04-16;0;0;0;0;0;4416396;3441289;4445;2;2888
FR;3;2022-04-17;0;0;0;0;0;4416396;3441289;4445;2;2888
FR;3;2022-04-18;0;0;0;0;0;4416396;3441289;4445;2;2888
FR;3;2022-04-19;0;0;0;0;0;4416396;3441289;4445;2;2888
FR;3;2022-04-20;0;0;0;0;0;4416396;3441289;4445;2;2888
FR;3;2022-04-21;0;0;0;0;0;4416396;3441289;4445;2;2888
FR;3;2022-04-22;0;0;0;0;0;4416396;3441289;4445;2;2888
FR;3;2022-04-23;0;0;0;0;0;4416396;3441289;4445;2;2888
FR;3;2022-04-24;0;0;0;0;0;4416396;3441289;4445;2;2888
FR;3;2022-04-25;0;0;0;0;0;4416396;3441289;4445;2;2888
FR;3;2022-04-26;0;0;0;0;0;4416396;3441289;4445;2;2888
FR;3;2022-04-27;0;0;0;0;0;4416396;3441289;4445;2;2888
FR;3;2022-04-28;0;0;0;0;0;4416396;3441289;4445;2;2888
FR;3;2022-04-29;0;0;0;0;0;4416396;3441289;4445;2;2888
FR;3;2022-04-30;0;0;0;0;0;4416396;3441289;4445;2;2888
FR;3;2022-05-01;0;0;0;0;0;4416396;3441289;4445;2;2888
FR;3;2022-05-02;0;0;0;0;0;4416396;3441289;4445;2;2888
FR;3;2022-05-03;0;0;0;0;0;4416396;3441289;4445;2;2888
FR;3;2022-05-04;0;0;0;0;0;4416396;3441289;4445;2;2888
FR;3;2022-05-05;0;0;0;0;0;4416396;3441289;4445;2;2888
FR;3;2022-05-06;0;0;0;0;0;4416396;3441289;4445;2;2888
FR;3;2022-05-07;0;0;0;0;0;4416396;3441289;4445;2;2888
FR;3;2022-05-08;0;0;0;0;0;4416396;3441289;4445;2;2888
FR;3;2022-05-09;0;0;0;0;0;4416396;3441289;4445;2;2888
FR;3;2022-05-10;0;0;0;0;0;4416396;3441289;4445;2;2888
FR;3;2022-05-11;0;0;0;0;0;4416396;3441289;4445;2;2888
FR;3;2022-05-12;0;0;0;0;0;4416396;3441289;4445;2;2888
FR;3;2022-05-13;0;0;0;0;0;4416396;3441289;4445;2;2888
FR;3;2022-05-14;1;0;0;0;0;4416397;3441289;4445;2;2888
FR;3;2022-05-15;0;0;0;0;0;4416397;3441289;4445;2;2888
FR;3;2022-05-16;0;0;0;0;0;4416397;3441289;4445;2;2888
FR;3;2022-05-17;0;0;0;0;0;4416397;3441289;4445;2;2888
FR;3;2022-05-18;0;0;0;0;0;4416397;3441289;4445;2;2888
FR;3;2022-05-19;0;0;0;0;0;4416397;3441289;4445;2;2888
FR;3;2022-05-20;0;0;0;0;0;4416397;3441289;4445;2;2888
FR;3;2022-05-21;0;0;0;0;0;4416397;3441289;4445;2;2888
FR;3;2022-05-22;0;0;0;0;0;4416397;3441289;4445;2;2888
FR;3;2022-05-23;0;0;0;0;0;4416397;3441289;4445;2;2888
FR;3;2022-05-24;0;0;0;0;0;4416397;3441289;4445;2;2888
FR;3;2022-05-25;0;0;0;0;0;4416397;3441289;4445;2;2888
FR;3;2022-05-26;0;0;0;0;0;4416397;3441289;4445;2;2888
FR;3;2022-05-27;0;0;0;0;0;4416397;3441289;4445;2;2888
FR;3;2022-05-28;0;0;0;0;0;4416397;3441289;4445;2;2888
FR;3;2022-05-29;0;0;0;0;0;4416397;3441289;4445;2;2888
FR;3;2022-05-30;0;0;0;0;0;4416397;3441289;4445;2;2888
FR;3;2022-05-31;0;0;0;0;0;4416397;3441289;4445;2;2888
FR;3;2022-06-01;0;0;0;0;0;4416397;3441289;4445;2;2888
FR;3;2022-06-02;0;0;0;0;0;4416397;3441289;4445;2;2888
FR;3;2022-06-03;0;0;0;0;0;4416397;3441289;4445;2;2888
FR;3;2022-06-04;0;0;0;0;0;4416397;3441289;4445;2;2888
FR;3;2022-06-05;0;0;0;0;0;4416397;3441289;4445;2;2888
FR;3;2022-06-06;0;0;0;0;0;4416397;3441289;4445;2;2888
FR;3;2022-06-07;0;0;0;0;0;4416397;3441289;4445;2;2888
FR;3;2022-06-08;0;0;0;0;0;4416397;3441289;4445;2;2888
FR;3;2022-06-09;0;0;0;0;0;4416397;3441289;4445;2;2888
FR;3;2022-06-10;0;0;0;0;0;4416397;3441289;4445;2;2888
FR;3;2022-06-11;0;0;0;0;0;4416397;3441289;4445;2;2888
FR;3;2022-06-12;0;0;0;0;0;4416397;3441289;4445;2;2888
FR;3;2022-06-13;1;0;0;0;0;4416398;3441289;4445;2;2888
FR;3;2022-06-14;0;0;0;0;0;4416398;3441289;4445;2;2888
FR;3;2022-06-15;0;0;0;0;0;4416398;3441289;4445;2;2888
FR;3;2022-06-16;0;0;0;0;0;4416398;3441289;4445;2;2888
FR;3;2022-06-17;0;0;0;0;0;4416398;3441289;4445;2;2888
FR;3;2022-06-18;0;0;0;0;0;4416398;3441289;4445;2;2888
FR;3;2022-06-19;0;0;0;0;0;4416398;3441289;4445;2;2888
FR;3;2022-06-20;0;0;0;0;0;4416398;3441289;4445;2;2888
FR;3;2022-06-21;0;0;0;0;0;4416398;3441289;4445;2;2888
FR;3;2022-06-22;0;0;0;0;0;4416398;3441289;4445;2;2888
FR;3;2022-06-23;0;0;0;0;0;4416398;3441289;4445;2;2888
FR;3;2022-06-24;0;0;0;0;0;4416398;3441289;4445;2;2888
FR;3;2022-06-25;0;0;0;0;0;4416398;3441289;4445;2;2888
FR;3;2022-06-26;0;0;0;0;0;4416398;3441289;4445;2;2888
FR;3;2022-06-27;0;0;0;0;0;4416398;3441289;4445;2;2888
FR;3;2022-06-28;0;0;0;0;0;4416398;3441289;4445;2;2888
FR;3;2022-06-29;1;0;0;0;0;4416399;3441289;4445;2;2888
FR;3;2022-06-30;0;0;0;0;0;4416399;3441289;4445;2;2888
FR;3;2022-07-01;0;0;0;0;0;4416399;3441289;4445;2;2888
FR;3;2022-07-02;0;0;0;0;0;4416399;3441289;4445;2;2888
FR;3;2022-07-03;0;0;0;0;0;4416399;3441289;4445;2;2888
FR;3;2022-07-04;0;0;0;0;0;4416399;3441289;4445;2;2888
FR;3;2022-07-05;0;0;0;0;0;4416399;3441289;4445;2;2888
FR;3;2022-07-06;0;0;0;0;0;4416399;3441289;4445;2;2888
FR;3;2022-07-07;0;0;0;0;0;4416399;3441289;4445;2;2888
FR;3;2022-07-08;0;0;0;0;0;4416399;3441289;4445;2;2888
FR;3;2022-07-09;0;0;0;0;0;4416399;3441289;4445;2;2888
FR;3;2022-07-10;0;0;0;0;0;4416399;3441289;4445;2;2888
FR;3;2022-07-11;0;0;0;0;0;4416399;3441289;4445;2;2888
FR;3;2022-07-12;0;0;0;0;0;4416399;3441289;4445;2;2888
FR;3;2022-07-13;0;0;0;0;0;4416399;3441289;4445;2;2888
FR;3;2022-07-14;0;0;0;0;0;4416399;3441289;4445;2;2888
FR;3;2022-07-15;0;0;0;0;0;4416399;3441289;4445;2;2888
FR;3;2022-07-16;0;0;0;0;0;4416399;3441289;4445;2;2888
FR;3;2022-07-17;0;0;0;0;0;4416399;3441289;4445;2;2888
FR;3;2022-07-18;0;0;0;0;0;4416399;3441289;4445;2;2888
FR;3;2022-07-19;0;0;0;0;0;4416399;3441289;4445;2;2888
FR;3;2022-07-20;0;0;0;0;0;4416399;3441289;4445;2;2888
FR;3;2022-07-21;0;0;0;0;0;4416399;3441289;4445;2;2888
FR;3;2022-07-22;0;0;0;0;0;4416399;3441289;4445;2;2888
FR;3;2022-07-23;0;0;0;0;0;4416399;3441289;4445;2;2888
FR;3;2022-07-24;0;0;0;0;0;4416399;3441289;4445;2;2888
FR;3;2022-07-25;0;0;0;0;0;4416399;3441289;4445;2;2888
FR;3;2022-07-26;0;0;0;0;0;4416399;3441289;4445;2;2888
FR;3;2022-07-27;0;0;0;0;0;4416399;3441289;4445;2;2888
FR;3;2022-07-28;0;0;0;0;0;4416399;3441289;4445;2;2888
FR;3;2022-07-29;0;0;0;0;0;4416399;3441289;4445;2;2888
FR;3;2022-07-30;0;0;0;0;0;4416399;3441289;4445;2;2888
FR;3;2022-07-31;0;0;0;0;0;4416399;3441289;4445;2;2888
FR;3;2022-08-01;0;0;0;0;0;4416399;3441289;4445;2;2888
FR;3;2022-08-02;0;0;0;0;0;4416399;3441289;4445;2;2888
FR;3;2022-08-03;0;0;0;0;0;4416399;3441289;4445;2;2888
FR;3;2022-08-04;0;0;0;0;0;4416399;3441289;4445;2;2888
FR;3;2022-08-05;0;0;0;0;0;4416399;3441289;4445;2;2888
FR;3;2022-08-06;0;0;0;0;0;4416399;3441289;4445;2;2888
FR;3;2022-08-07;0;0;0;0;0;4416399;3441289;4445;2;2888
FR;3;2022-08-08;0;0;0;0;0;4416399;3441289;4445;2;2888
FR;3;2022-08-09;0;0;0;0;0;4416399;3441289;4445;2;2888
FR;3;2022-08-10;0;0;0;0;0;4416399;3441289;4445;2;2888
FR;3;2022-08-11;0;0;0;0;0;4416399;3441289;4445;2;2888
FR;3;2022-08-12;0;0;0;0;0;4416399;3441289;4445;2;2888
FR;3;2022-08-13;0;0;0;0;0;4416399;3441289;4445;2;2888
FR;3;2022-08-14;0;0;0;0;0;4416399;3441289;4445;2;2888
FR;3;2022-08-15;0;0;0;0;0;4416399;3441289;4445;2;2888
FR;3;2022-08-16;0;0;0;0;0;4416399;3441289;4445;2;2888
FR;3;2022-08-17;0;0;0;0;0;4416399;3441289;4445;2;2888
FR;3;2022-08-18;0;0;0;0;0;4416399;3441289;4445;2;2888
FR;3;2022-08-19;0;0;0;0;0;4416399;3441289;4445;2;2888
FR;3;2022-08-20;0;0;0;0;0;4416399;3441289;4445;2;2888
FR;3;2022-08-21;0;0;0;0;0;4416399;3441289;4445;2;2888
FR;3;2022-08-22;0;0;0;0;0;4416399;3441289;4445;2;2888
FR;3;2022-08-23;0;0;0;0;0;4416399;3441289;4445;2;2888
FR;3;2022-08-24;0;0;0;0;0;4416399;3441289;4445;2;2888
FR;3;2022-08-25;0;0;0;0;0;4416399;3441289;4445;2;2888
FR;3;2022-08-26;0;0;0;0;0;4416399;3441289;4445;2;2888
FR;3;2022-08-27;0;0;0;0;0;4416399;3441289;4445;2;2888
FR;3;2022-08-28;0;0;0;0;0;4416399;3441289;4445;2;2888
FR;3;2022-08-29;0;0;0;0;0;4416399;3441289;4445;2;2888
FR;3;2022-08-30;0;0;0;0;0;4416399;3441289;4445;2;2888
FR;3;2022-08-31;0;0;0;0;0;4416399;3441289;4445;2;2888
FR;3;2022-09-01;0;0;0;0;0;4416399;3441289;4445;2;2888
FR;3;2022-09-02;0;0;0;0;0;4416399;3441289;4445;2;2888
FR;3;2022-09-03;0;0;0;0;0;4416399;3441289;4445;2;2888
FR;3;2022-09-04;0;0;0;0;0;4416399;3441289;4445;2;2888
FR;3;2022-09-05;0;0;0;0;0;4416399;3441289;4445;2;2888
FR;3;2022-09-06;0;0;0;0;0;4416399;3441289;4445;2;2888
FR;3;2022-09-07;0;0;0;0;0;4416399;3441289;4445;2;2888
FR;3;2022-09-08;0;0;0;0;0;4416399;3441289;4445;2;2888
FR;3;2022-09-09;0;0;0;0;0;4416399;3441289;4445;2;2888
FR;3;2022-09-10;0;0;0;0;0;4416399;3441289;4445;2;2888
FR;3;2022-09-11;0;0;0;0;0;4416399;3441289;4445;2;2888
FR;3;2022-09-12;0;0;0;0;0;4416399;3441289;4445;2;2888
FR;3;2022-09-13;0;0;0;0;0;4416399;3441289;4445;2;2888
FR;3;2022-09-14;0;0;0;0;0;4416399;3441289;4445;2;2888
FR;3;2022-09-15;0;0;0;0;0;4416399;3441289;4445;2;2888
FR;3;2022-09-16;0;0;0;0;0;4416399;3441289;4445;2;2888
FR;3;2022-09-17;0;0;0;0;0;4416399;3441289;4445;2;2888
FR;3;2022-09-18;0;0;0;0;0;4416399;3441289;4445;2;2888
FR;3;2022-09-19;0;0;0;0;0;4416399;3441289;4445;2;2888
FR;3;2022-09-20;0;0;0;0;0;4416399;3441289;4445;2;2888
FR;3;2022-09-21;0;0;0;0;0;4416399;3441289;4445;2;2888
FR;3;2022-09-22;0;0;0;0;0;4416399;3441289;4445;2;2888
FR;3;2022-09-23;0;0;0;0;0;4416399;3441289;4445;2;2888
FR;3;2022-09-24;0;0;0;0;0;4416399;3441289;4445;2;2888
FR;3;2022-09-25;0;0;0;0;0;4416399;3441289;4445;2;2888
FR;3;2022-09-26;0;0;0;0;0;4416399;3441289;4445;2;2888
FR;3;2022-09-27;0;0;0;0;0;4416399;3441289;4445;2;2888
FR;3;2022-09-28;0;0;0;0;0;4416399;3441289;4445;2;2888
FR;3;2022-09-29;0;0;0;0;0;4416399;3441289;4445;2;2888
FR;3;2022-09-30;0;0;0;0;0;4416399;3441289;4445;2;2888
FR;3;2022-10-01;0;0;0;0;0;4416399;3441289;4445;2;2888
FR;3;2022-10-02;0;0;0;0;0;4416399;3441289;4445;2;2888
FR;3;2022-10-03;0;0;0;0;0;4416399;3441289;4445;2;2888
FR;3;2022-10-04;0;0;0;0;0;4416399;3441289;4445;2;2888
FR;3;2022-10-05;0;0;0;0;0;4416399;3441289;4445;2;2888
FR;3;2022-10-06;0;0;0;0;0;4416399;3441289;4445;2;2888
FR;3;2022-10-07;0;0;0;0;0;4416399;3441289;4445;2;2888
FR;3;2022-10-08;0;0;0;0;0;4416399;3441289;4445;2;2888
FR;3;2022-10-09;0;0;0;0;0;4416399;3441289;4445;2;2888
FR;3;2022-10-10;0;0;0;0;0;4416399;3441289;4445;2;2888
FR;3;2022-10-11;0;0;0;0;0;4416399;3441289;4445;2;2888
FR;3;2022-10-12;0;0;0;0;0;4416399;3441289;4445;2;2888
FR;3;2022-10-13;0;0;0;0;0;4416399;3441289;4445;2;2888
FR;3;2022-10-14;0;0;0;0;0;4416399;3441289;4445;2;2888
FR;3;2022-10-15;0;0;0;0;0;4416399;3441289;4445;2;2888
FR;3;2022-10-16;0;0;0;0;0;4416399;3441289;4445;2;2888
FR;3;2022-10-17;0;0;0;0;0;4416399;3441289;4445;2;2888
FR;3;2022-10-18;0;0;0;0;0;4416399;3441289;4445;2;2888
FR;3;2022-10-19;0;0;0;0;0;4416399;3441289;4445;2;2888
FR;3;2022-10-20;0;0;0;0;0;4416399;3441289;4445;2;2888
FR;3;2022-10-21;0;0;0;0;0;4416399;3441289;4445;2;2888
FR;3;2022-10-22;0;0;0;0;0;4416399;3441289;4445;2;2888
FR;3;2022-10-23;0;0;0;0;0;4416399;3441289;4445;2;2888
FR;3;2022-10-24;0;0;0;0;0;4416399;3441289;4445;2;2888
FR;3;2022-10-25;0;0;0;0;0;4416399;3441289;4445;2;2888
FR;3;2022-10-26;0;0;0;0;0;4416399;3441289;4445;2;2888
FR;3;2022-10-27;0;0;0;0;0;4416399;3441289;4445;2;2888
FR;3;2022-10-28;0;0;0;0;0;4416399;3441289;4445;2;2888
FR;3;2022-10-29;0;0;0;0;0;4416399;3441289;4445;2;2888
FR;3;2022-10-30;0;0;0;0;0;4416399;3441289;4445;2;2888
FR;3;2022-10-31;0;0;0;0;0;4416399;3441289;4445;2;2888
FR;3;2022-11-01;0;0;0;0;0;4416399;3441289;4445;2;2888
FR;3;2022-11-02;0;0;0;0;0;4416399;3441289;4445;2;2888
FR;4;2020-12-27;0;0;0;0;0;0;0;0;0;0
FR;4;2020-12-28;0;0;0;0;0;0;0;0;0;0
FR;4;2020-12-29;0;0;0;0;0;0;0;0;0;0
FR;4;2020-12-30;0;0;0;0;0;0;0;0;0;0
FR;4;2020-12-31;0;0;0;0;0;0;0;0;0;0
FR;4;2021-01-01;0;0;0;0;0;0;0;0;0;0
FR;4;2021-01-02;0;0;0;0;0;0;0;0;0;0
FR;4;2021-01-03;0;0;0;0;0;0;0;0;0;0
FR;4;2021-01-04;0;0;0;0;0;0;0;0;0;0
FR;4;2021-01-05;0;0;0;0;0;0;0;0;0;0
FR;4;2021-01-06;0;0;0;0;0;0;0;0;0;0
FR;4;2021-01-07;0;0;0;0;0;0;0;0;0;0
FR;4;2021-01-08;0;0;0;0;0;0;0;0;0;0
FR;4;2021-01-09;0;0;0;0;0;0;0;0;0;0
FR;4;2021-01-10;0;0;0;0;0;0;0;0;0;0
FR;4;2021-01-11;0;0;0;0;0;0;0;0;0;0
FR;4;2021-01-12;0;0;0;0;0;0;0;0;0;0
FR;4;2021-01-13;0;0;0;0;0;0;0;0;0;0
FR;4;2021-01-14;0;0;0;0;0;0;0;0;0;0
FR;4;2021-01-15;0;0;0;0;0;0;0;0;0;0
FR;4;2021-01-16;0;0;0;0;0;0;0;0;0;0
FR;4;2021-01-17;0;0;0;0;0;0;0;0;0;0
FR;4;2021-01-18;0;0;0;0;0;0;0;0;0;0
FR;4;2021-01-19;0;0;0;0;0;0;0;0;0;0
FR;4;2021-01-20;0;0;0;0;0;0;0;0;0;0
FR;4;2021-01-21;0;0;0;0;0;0;0;0;0;0
FR;4;2021-01-22;0;0;0;0;0;0;0;0;0;0
FR;4;2021-01-23;0;0;0;0;0;0;0;0;0;0
FR;4;2021-01-24;0;0;0;0;0;0;0;0;0;0
FR;4;2021-01-25;0;0;0;0;0;0;0;0;0;0
FR;4;2021-01-26;0;0;0;0;0;0;0;0;0;0
FR;4;2021-01-27;0;0;0;0;0;0;0;0;0;0
FR;4;2021-01-28;0;0;0;0;0;0;0;0;0;0
FR;4;2021-01-29;0;0;0;0;0;0;0;0;0;0
FR;4;2021-01-30;0;0;0;0;0;0;0;0;0;0
FR;4;2021-01-31;0;0;0;0;0;0;0;0;0;0
FR;4;2021-02-01;0;0;0;0;0;0;0;0;0;0
FR;4;2021-02-02;0;0;0;0;0;0;0;0;0;0
FR;4;2021-02-03;0;0;0;0;0;0;0;0;0;0
FR;4;2021-02-04;0;0;0;0;0;0;0;0;0;0
FR;4;2021-02-05;0;0;0;0;0;0;0;0;0;0
FR;4;2021-02-06;0;0;0;0;0;0;0;0;0;0
FR;4;2021-02-07;0;0;0;0;0;0;0;0;0;0
FR;4;2021-02-08;0;0;0;0;0;0;0;0;0;0
FR;4;2021-02-09;0;0;0;0;0;0;0;0;0;0
FR;4;2021-02-10;0;0;0;0;0;0;0;0;0;0
FR;4;2021-02-11;0;0;0;0;0;0;0;0;0;0
FR;4;2021-02-12;0;0;0;0;0;0;0;0;0;0
FR;4;2021-02-13;0;0;0;0;0;0;0;0;0;0
FR;4;2021-02-14;0;0;0;0;0;0;0;0;0;0
FR;4;2021-02-15;0;0;0;0;0;0;0;0;0;0
FR;4;2021-02-16;0;0;0;0;0;0;0;0;0;0
FR;4;2021-02-17;0;0;0;0;0;0;0;0;0;0
FR;4;2021-02-18;0;0;0;0;0;0;0;0;0;0
FR;4;2021-02-19;0;0;0;0;0;0;0;0;0;0
FR;4;2021-02-20;0;0;0;0;0;0;0;0;0;0
FR;4;2021-02-21;0;0;0;0;0;0;0;0;0;0
FR;4;2021-02-22;0;0;0;0;0;0;0;0;0;0
FR;4;2021-02-23;0;0;0;0;0;0;0;0;0;0
FR;4;2021-02-24;0;0;0;0;0;0;0;0;0;0
FR;4;2021-02-25;0;0;0;0;0;0;0;0;0;0
FR;4;2021-02-26;0;0;0;0;0;0;0;0;0;0
FR;4;2021-02-27;0;0;0;0;0;0;0;0;0;0
FR;4;2021-02-28;0;0;0;0;0;0;0;0;0;0
FR;4;2021-03-01;0;0;0;0;0;0;0;0;0;0
FR;4;2021-03-02;0;0;0;0;0;0;0;0;0;0
FR;4;2021-03-03;0;0;0;0;0;0;0;0;0;0
FR;4;2021-03-04;0;0;0;0;0;0;0;0;0;0
FR;4;2021-03-05;0;0;0;0;0;0;0;0;0;0
FR;4;2021-03-06;0;0;0;0;0;0;0;0;0;0
FR;4;2021-03-07;0;0;0;0;0;0;0;0;0;0
FR;4;2021-03-08;0;0;0;0;0;0;0;0;0;0
FR;4;2021-03-09;0;0;0;0;0;0;0;0;0;0
FR;4;2021-03-10;0;0;0;0;0;0;0;0;0;0
FR;4;2021-03-11;0;0;0;0;0;0;0;0;0;0
FR;4;2021-03-12;0;0;0;0;0;0;0;0;0;0
FR;4;2021-03-13;0;0;0;0;0;0;0;0;0;0
FR;4;2021-03-14;0;0;0;0;0;0;0;0;0;0
FR;4;2021-03-15;0;0;0;0;0;0;0;0;0;0
FR;4;2021-03-16;0;0;0;0;0;0;0;0;0;0
FR;4;2021-03-17;0;0;0;0;0;0;0;0;0;0
FR;4;2021-03-18;0;0;0;0;0;0;0;0;0;0
FR;4;2021-03-19;0;0;0;0;0;0;0;0;0;0
FR;4;2021-03-20;0;0;0;0;0;0;0;0;0;0
FR;4;2021-03-21;0;0;0;0;0;0;0;0;0;0
FR;4;2021-03-22;0;0;0;0;0;0;0;0;0;0
FR;4;2021-03-23;0;0;0;0;0;0;0;0;0;0
FR;4;2021-03-24;0;0;0;0;0;0;0;0;0;0
FR;4;2021-03-25;0;0;0;0;0;0;0;0;0;0
FR;4;2021-03-26;0;0;0;0;0;0;0;0;0;0
FR;4;2021-03-27;0;0;0;0;0;0;0;0;0;0
FR;4;2021-03-28;0;0;0;0;0;0;0;0;0;0
FR;4;2021-03-29;0;0;0;0;0;0;0;0;0;0
FR;4;2021-03-30;0;0;0;0;0;0;0;0;0;0
FR;4;2021-03-31;0;0;0;0;0;0;0;0;0;0
FR;4;2021-04-01;0;0;0;0;0;0;0;0;0;0
FR;4;2021-04-02;0;0;0;0;0;0;0;0;0;0
FR;4;2021-04-03;0;0;0;0;0;0;0;0;0;0
FR;4;2021-04-04;0;0;0;0;0;0;0;0;0;0
FR;4;2021-04-05;0;0;0;0;0;0;0;0;0;0
FR;4;2021-04-06;0;0;0;0;0;0;0;0;0;0
FR;4;2021-04-07;0;0;0;0;0;0;0;0;0;0
FR;4;2021-04-08;0;0;0;0;0;0;0;0;0;0
FR;4;2021-04-09;0;0;0;0;0;0;0;0;0;0
FR;4;2021-04-10;0;0;0;0;0;0;0;0;0;0
FR;4;2021-04-11;0;0;0;0;0;0;0;0;0;0
FR;4;2021-04-12;0;0;0;0;0;0;0;0;0;0
FR;4;2021-04-13;0;0;0;0;0;0;0;0;0;0
FR;4;2021-04-14;0;0;0;0;0;0;0;0;0;0
FR;4;2021-04-15;0;0;0;0;0;0;0;0;0;0
FR;4;2021-04-16;0;0;0;0;0;0;0;0;0;0
FR;4;2021-04-17;0;0;0;0;0;0;0;0;0;0
FR;4;2021-04-18;0;0;0;0;0;0;0;0;0;0
FR;4;2021-04-19;0;0;0;0;0;0;0;0;0;0
FR;4;2021-04-20;0;0;0;0;0;0;0;0;0;0
FR;4;2021-04-21;0;0;0;0;0;0;0;0;0;0
FR;4;2021-04-22;0;0;0;0;0;0;0;0;0;0
FR;4;2021-04-23;3794;0;0;0;0;3794;0;0;0;0
FR;4;2021-04-24;1569;1;0;0;0;5363;1;0;0;0
FR;4;2021-04-25;125;0;0;0;0;5488;1;0;0;0
FR;4;2021-04-26;2869;1;0;0;0;8357;2;0;0;0
FR;4;2021-04-27;9521;3;0;0;0;17878;5;0;0;0
FR;4;2021-04-28;9908;6;0;0;0;27786;11;0;0;0
FR;4;2021-04-29;15993;8;0;0;0;43779;19;0;0;0
FR;4;2021-04-30;19234;10;0;0;0;63013;29;0;0;0
FR;4;2021-05-01;1993;6;0;0;0;65006;35;0;0;0
FR;4;2021-05-02;483;0;0;0;0;65489;35;0;0;0
FR;4;2021-05-03;5064;2;0;0;0;70553;37;0;0;0
FR;4;2021-05-04;8407;11;0;0;0;78960;48;0;0;0
FR;4;2021-05-05;6190;7;0;0;0;85150;55;0;0;0
FR;4;2021-05-06;11386;11;0;0;0;96536;66;0;0;0
FR;4;2021-05-07;19124;9;0;0;0;115660;75;0;0;0
FR;4;2021-05-08;2378;6;0;0;0;118038;81;0;0;0
FR;4;2021-05-09;688;3;0;0;0;118726;84;0;0;0
FR;4;2021-05-10;7244;5;1;0;0;125970;89;1;0;0
FR;4;2021-05-11;14324;12;0;0;0;140294;101;1;0;0
FR;4;2021-05-12;10173;15;0;0;0;150467;116;1;0;0
FR;4;2021-05-13;1583;4;0;0;0;152050;120;1;0;0
FR;4;2021-05-14;7766;7;0;0;0;159816;127;1;0;0
FR;4;2021-05-15;3720;8;1;0;0;163536;135;2;0;0
FR;4;2021-05-16;417;1;0;0;0;163953;136;2;0;0
FR;4;2021-05-17;4479;6;0;0;0;168432;142;2;0;0
FR;4;2021-05-18;8765;10;0;0;0;177197;152;2;0;0
FR;4;2021-05-19;5695;7;0;0;0;182892;159;2;0;0
FR;4;2021-05-20;9485;8;0;0;0;192377;167;2;0;0
FR;4;2021-05-21;12808;30;0;0;0;205185;197;2;0;0
FR;4;2021-05-22;5060;15;0;0;0;210245;212;2;0;0
FR;4;2021-05-23;495;4;0;0;0;210740;216;2;0;0
FR;4;2021-05-24;1058;7;0;0;0;211798;223;2;0;0
FR;4;2021-05-25;7632;16;0;0;0;219430;239;2;0;0
FR;4;2021-05-26;7729;16;0;0;0;227159;255;2;0;0
FR;4;2021-05-27;14335;35;0;0;0;241494;290;2;0;0
FR;4;2021-05-28;26591;82;1;0;0;268085;372;3;0;0
FR;4;2021-05-29;11385;18;0;0;0;279470;390;3;0;0
FR;4;2021-05-30;973;6;0;0;0;280443;396;3;0;0
FR;4;2021-05-31;12695;21;0;0;0;293138;417;3;0;0
FR;4;2021-06-01;20264;48;1;0;0;313402;465;4;0;0
FR;4;2021-06-02;14520;33;0;0;0;327922;498;4;0;0
FR;4;2021-06-03;19430;24;1;0;0;347352;522;5;0;0
FR;4;2021-06-04;22514;47;0;0;0;369866;569;5;0;0
FR;4;2021-06-05;9714;32;0;0;0;379580;601;5;0;0
FR;4;2021-06-06;1040;1;0;0;0;380620;602;5;0;0
FR;4;2021-06-07;9227;19;0;0;0;389847;621;5;0;0
FR;4;2021-06-08;14612;32;0;0;0;404459;653;5;0;0
FR;4;2021-06-09;12210;25;0;0;0;416669;678;5;0;0
FR;4;2021-06-10;15404;30;0;0;0;432073;708;5;0;0
FR;4;2021-06-11;16987;57;0;0;0;449060;765;5;0;0
FR;4;2021-06-12;7450;27;0;0;0;456510;792;5;0;0
FR;4;2021-06-13;908;3;0;0;0;457418;795;5;0;0
FR;4;2021-06-14;6649;27;0;0;0;464067;822;5;0;0
FR;4;2021-06-15;10891;38;0;0;0;474958;860;5;0;0
FR;4;2021-06-16;8909;16;0;0;0;483867;876;5;0;0
FR;4;2021-06-17;10899;37;0;0;0;494766;913;5;0;0
FR;4;2021-06-18;12424;45;0;0;0;507190;958;5;0;0
FR;4;2021-06-19;5567;25;0;0;0;512757;983;5;0;0
FR;4;2021-06-20;824;5;0;0;0;513581;988;5;0;0
FR;4;2021-06-21;5101;20;0;0;0;518682;1008;5;0;0
FR;4;2021-06-22;7913;28;2;0;0;526595;1036;7;0;0
FR;4;2021-06-23;7102;42;2;0;0;533697;1078;9;0;0
FR;4;2021-06-24;8653;46;1;0;0;542350;1124;10;0;0
FR;4;2021-06-25;10174;41;2;0;0;552524;1165;12;0;0
FR;4;2021-06-26;4849;21;0;0;0;557373;1186;12;0;0
FR;4;2021-06-27;764;4;0;0;0;558137;1190;12;0;0
FR;4;2021-06-28;4831;16;1;0;0;562968;1206;13;0;0
FR;4;2021-06-29;7110;28;2;0;0;570078;1234;15;0;0
FR;4;2021-06-30;6723;39;2;0;0;576801;1273;17;0;0
FR;4;2021-07-01;8209;42;0;0;0;585010;1315;17;0;0
FR;4;2021-07-02;9427;53;1;0;0;594437;1368;18;0;0
FR;4;2021-07-03;4846;20;0;0;0;599283;1388;18;0;0
FR;4;2021-07-04;689;5;0;0;0;599972;1393;18;0;0
FR;4;2021-07-05;4771;19;2;0;0;604743;1412;20;0;0
FR;4;2021-07-06;7726;29;4;0;0;612469;1441;24;0;0
FR;4;2021-07-07;7084;34;2;0;0;619553;1475;26;0;0
FR;4;2021-07-08;9231;39;2;0;0;628784;1514;28;0;0
FR;4;2021-07-09;10278;34;1;0;0;639062;1548;29;0;0
FR;4;2021-07-10;4639;14;2;0;0;643701;1562;31;0;0
FR;4;2021-07-11;583;4;1;0;0;644284;1566;32;0;0
FR;4;2021-07-12;5875;29;0;0;0;650159;1595;32;0;0
FR;4;2021-07-13;14232;29;0;0;0;664391;1624;32;0;0
FR;4;2021-07-14;2289;15;0;0;0;666680;1639;32;0;0
FR;4;2021-07-15;18236;36;0;0;0;684916;1675;32;0;0
FR;4;2021-07-16;22836;71;2;0;0;707752;1746;34;0;0
FR;4;2021-07-17;9738;20;0;0;0;717490;1766;34;0;0
FR;4;2021-07-18;1357;4;0;0;0;718847;1770;34;0;0
FR;4;2021-07-19;12989;30;1;0;0;731836;1800;35;0;0
FR;4;2021-07-20;17343;26;1;0;0;749179;1826;36;0;0
FR;4;2021-07-21;15617;33;0;0;0;764796;1859;36;0;0
FR;4;2021-07-22;18244;44;2;0;0;783040;1903;38;0;0
FR;4;2021-07-23;20417;57;7;0;0;803457;1960;45;0;0
FR;4;2021-07-24;9289;32;0;0;0;812746;1992;45;0;0
FR;4;2021-07-25;1354;9;0;0;0;814100;2001;45;0;0
FR;4;2021-07-26;11041;23;0;0;0;825141;2024;45;0;0
FR;4;2021-07-27;14681;35;3;0;0;839822;2059;48;0;0
FR;4;2021-07-28;12933;26;2;0;0;852755;2085;50;0;0
FR;4;2021-07-29;14089;54;4;0;0;866844;2139;54;0;0
FR;4;2021-07-30;15500;46;2;0;0;882344;2185;56;0;0
FR;4;2021-07-31;6842;14;2;0;0;889186;2199;58;0;0
FR;4;2021-08-01;906;1;0;0;0;890092;2200;58;0;0
FR;4;2021-08-02;7917;31;0;0;0;898009;2231;58;0;0
FR;4;2021-08-03;10798;31;2;0;0;908807;2262;60;0;0
FR;4;2021-08-04;9746;29;0;0;0;918553;2291;60;0;0
FR;4;2021-08-05;9823;41;0;0;0;928376;2332;60;0;0
FR;4;2021-08-06;10200;31;3;0;0;938576;2363;63;0;0
FR;4;2021-08-07;5099;30;1;0;0;943675;2393;64;0;0
FR;4;2021-08-08;1219;13;0;0;0;944894;2406;64;0;0
FR;4;2021-08-09;6348;31;0;0;0;951242;2437;64;0;0
FR;4;2021-08-10;8750;18;0;0;0;959992;2455;64;0;0
FR;4;2021-08-11;7944;34;4;0;0;967936;2489;68;0;0
FR;4;2021-08-12;8585;31;1;0;0;976521;2520;69;0;0
FR;4;2021-08-13;7558;25;0;1;0;984079;2545;69;1;0
FR;4;2021-08-14;3791;20;0;0;0;987870;2565;69;1;0
FR;4;2021-08-15;771;5;0;0;0;988641;2570;69;1;0
FR;4;2021-08-16;4008;17;0;0;0;992649;2587;69;1;0
FR;4;2021-08-17;5628;17;1;0;0;998277;2604;70;1;0
FR;4;2021-08-18;5166;37;0;0;0;1003443;2641;70;1;0
FR;4;2021-08-19;5486;33;3;0;0;1008929;2674;73;1;0
FR;4;2021-08-20;5221;25;1;0;0;1014150;2699;74;1;0
FR;4;2021-08-21;2310;21;1;0;0;1016460;2720;75;1;0
FR;4;2021-08-22;414;2;0;0;0;1016874;2722;75;1;0
FR;4;2021-08-23;2932;19;1;0;0;1019806;2741;76;1;0
FR;4;2021-08-24;3757;15;0;0;0;1023563;2756;76;1;0
FR;4;2021-08-25;3542;25;1;0;0;1027105;2781;77;1;0
FR;4;2021-08-26;3714;21;2;0;0;1030819;2802;79;1;0
FR;4;2021-08-27;3617;31;2;0;0;1034436;2833;81;1;0
FR;4;2021-08-28;1725;10;1;0;0;1036161;2843;82;1;0
FR;4;2021-08-29;385;7;1;0;0;1036546;2850;83;1;0
FR;4;2021-08-30;2009;25;0;0;15;1038555;2875;83;1;15
FR;4;2021-08-31;2485;21;0;0;14;1041040;2896;83;1;29
FR;4;2021-09-01;2083;38;1;0;21;1043123;2934;84;1;50
FR;4;2021-09-02;2306;31;4;0;18;1045429;2965;88;1;68
FR;4;2021-09-03;2363;44;5;0;36;1047792;3009;93;1;104
FR;4;2021-09-04;1373;18;0;0;9;1049165;3027;93;1;113
FR;4;2021-09-05;433;2;0;0;2;1049598;3029;93;1;115
FR;4;2021-09-06;1713;62;0;0;23;1051311;3091;93;1;138
FR;4;2021-09-07;1679;18;0;0;8;1052990;3109;93;1;146
FR;4;2021-09-08;1285;26;3;0;19;1054275;3135;96;1;165
FR;4;2021-09-09;1389;23;2;0;9;1055664;3158;98;1;174
FR;4;2021-09-10;1521;31;2;0;23;1057185;3189;100;1;197
FR;4;2021-09-11;745;11;0;0;3;1057930;3200;100;1;200
FR;4;2021-09-12;169;4;0;0;3;1058099;3204;100;1;203
FR;4;2021-09-13;1322;22;1;0;16;1059421;3226;101;1;219
FR;4;2021-09-14;1503;9;2;0;6;1060924;3235;103;1;225
FR;4;2021-09-15;1095;28;1;0;25;1062019;3263;104;1;250
FR;4;2021-09-16;1105;22;2;0;15;1063124;3285;106;1;265
FR;4;2021-09-17;896;21;1;0;12;1064020;3306;107;1;277
FR;4;2021-09-18;464;6;1;0;5;1064484;3312;108;1;282
FR;4;2021-09-19;182;3;0;0;2;1064666;3315;108;1;284
FR;4;2021-09-20;453;19;0;0;13;1065119;3334;108;1;297
FR;4;2021-09-21;432;11;0;0;7;1065551;3345;108;1;304
FR;4;2021-09-22;374;19;2;0;13;1065925;3364;110;1;317
FR;4;2021-09-23;483;15;1;0;14;1066408;3379;111;1;331
FR;4;2021-09-24;413;13;2;0;9;1066821;3392;113;1;340
FR;4;2021-09-25;280;10;1;0;5;1067101;3402;114;1;345
FR;4;2021-09-26;74;2;0;0;1;1067175;3404;114;1;346
FR;4;2021-09-27;265;10;1;0;8;1067440;3414;115;1;354
FR;4;2021-09-28;318;8;0;0;8;1067758;3422;115;1;362
FR;4;2021-09-29;375;19;1;0;13;1068133;3441;116;1;375
FR;4;2021-09-30;364;41;0;0;22;1068497;3482;116;1;397
FR;4;2021-10-01;411;56;0;0;50;1068908;3538;116;1;447
FR;4;2021-10-02;196;22;1;0;13;1069104;3560;117;1;460
FR;4;2021-10-03;85;1;0;0;0;1069189;3561;117;1;460
FR;4;2021-10-04;360;20;1;0;16;1069549;3581;118;1;476
FR;4;2021-10-05;286;19;2;0;15;1069835;3600;120;1;491
FR;4;2021-10-06;248;23;1;0;18;1070083;3623;121;1;509
FR;4;2021-10-07;265;25;2;0;13;1070348;3648;123;1;522
FR;4;2021-10-08;356;24;2;0;20;1070704;3672;125;1;542
FR;4;2021-10-09;194;6;6;0;7;1070898;3678;131;1;549
FR;4;2021-10-10;97;3;2;0;3;1070995;3681;133;1;552
FR;4;2021-10-11;251;15;1;0;14;1071246;3696;134;1;566
FR;4;2021-10-12;208;14;0;0;13;1071454;3710;134;1;579
FR;4;2021-10-13;220;28;1;0;25;1071674;3738;135;1;604
FR;4;2021-10-14;314;21;4;0;15;1071988;3759;139;1;619
FR;4;2021-10-15;322;24;5;0;25;1072310;3783;144;1;644
FR;4;2021-10-16;166;6;2;0;6;1072476;3789;146;1;650
FR;4;2021-10-17;70;2;0;0;1;1072546;3791;146;1;651
FR;4;2021-10-18;281;16;1;0;13;1072827;3807;147;1;664
FR;4;2021-10-19;215;14;2;0;15;1073042;3821;149;1;679
FR;4;2021-10-20;230;27;4;0;15;1073272;3848;153;1;694
FR;4;2021-10-21;243;17;0;0;13;1073515;3865;153;1;707
FR;4;2021-10-22;217;25;2;0;20;1073732;3890;155;1;727
FR;4;2021-10-23;116;16;1;0;15;1073848;3906;156;1;742
FR;4;2021-10-24;38;4;0;0;1;1073886;3910;156;1;743
FR;4;2021-10-25;214;7;2;0;9;1074100;3917;158;1;752
FR;4;2021-10-26;200;14;0;0;12;1074300;3931;158;1;764
FR;4;2021-10-27;196;12;4;0;12;1074496;3943;162;1;776
FR;4;2021-10-28;184;18;5;0;22;1074680;3961;167;1;798
FR;4;2021-10-29;224;15;2;0;13;1074904;3976;169;1;811
FR;4;2021-10-30;102;2;1;0;2;1075006;3978;170;1;813
FR;4;2021-10-31;59;3;2;0;3;1075065;3981;172;1;816
FR;4;2021-11-01;75;27;4;0;24;1075140;4008;176;1;840
FR;4;2021-11-02;161;21;2;0;21;1075301;4029;178;1;861
FR;4;2021-11-03;130;20;8;1;18;1075431;4049;186;2;879
FR;4;2021-11-04;186;15;1;0;12;1075617;4064;187;2;891
FR;4;2021-11-05;130;17;1;0;16;1075747;4081;188;2;907
FR;4;2021-11-06;80;6;1;0;6;1075827;4087;189;2;913
FR;4;2021-11-07;81;2;2;0;4;1075908;4089;191;2;917
FR;4;2021-11-08;160;20;1;0;20;1076068;4109;192;2;937
FR;4;2021-11-09;157;14;3;0;16;1076225;4123;195;2;953
FR;4;2021-11-10;121;30;6;0;32;1076346;4153;201;2;985
FR;4;2021-11-11;98;10;1;0;11;1076444;4163;202;2;996
FR;4;2021-11-12;105;19;2;0;18;1076549;4182;204;2;1014
FR;4;2021-11-13;74;15;2;0;14;1076623;4197;206;2;1028
FR;4;2021-11-14;55;5;4;0;8;1076678;4202;210;2;1036
FR;4;2021-11-15;99;26;2;0;24;1076777;4228;212;2;1060
FR;4;2021-11-16;107;13;3;0;16;1076884;4241;215;2;1076
FR;4;2021-11-17;119;30;4;0;30;1077003;4271;219;2;1106
FR;4;2021-11-18;100;34;14;0;43;1077103;4305;233;2;1149
FR;4;2021-11-19;87;21;3;0;22;1077190;4326;236;2;1171
FR;4;2021-11-20;77;8;1;0;8;1077267;4334;237;2;1179
FR;4;2021-11-21;68;7;2;0;9;1077335;4341;239;2;1188
FR;4;2021-11-22;107;28;9;0;33;1077442;4369;248;2;1221
FR;4;2021-11-23;77;31;6;0;29;1077519;4400;254;2;1250
FR;4;2021-11-24;89;23;11;0;24;1077608;4423;265;2;1274
FR;4;2021-11-25;93;28;17;0;33;1077701;4451;282;2;1307
FR;4;2021-11-26;84;43;12;0;45;1077785;4494;294;2;1352
FR;4;2021-11-27;41;22;15;0;25;1077826;4516;309;2;1377
FR;4;2021-11-28;50;8;0;0;7;1077876;4524;309;2;1384
FR;4;2021-11-29;90;31;16;0;40;1077966;4555;325;2;1424
FR;4;2021-11-30;75;37;12;0;41;1078041;4592;337;2;1465
FR;4;2021-12-01;88;60;19;0;67;1078129;4652;356;2;1532
FR;4;2021-12-02;107;48;21;0;56;1078236;4700;377;2;1588
FR;4;2021-12-03;101;36;15;0;44;1078337;4736;392;2;1632
FR;4;2021-12-04;72;31;18;0;44;1078409;4767;410;2;1676
FR;4;2021-12-05;62;7;1;0;7;1078471;4774;411;2;1683
FR;4;2021-12-06;109;46;19;0;59;1078580;4820;430;2;1742
FR;4;2021-12-07;82;37;9;0;36;1078662;4857;439;2;1778
FR;4;2021-12-08;70;31;17;0;38;1078732;4888;456;2;1816
FR;4;2021-12-09;63;32;10;1;39;1078795;4920;466;3;1855
FR;4;2021-12-10;63;64;20;0;68;1078858;4984;486;3;1923
FR;4;2021-12-11;28;34;7;0;34;1078886;5018;493;3;1957
FR;4;2021-12-12;26;10;3;0;13;1078912;5028;496;3;1970
FR;4;2021-12-13;73;40;14;0;49;1078985;5068;510;3;2019
FR;4;2021-12-14;59;43;17;0;54;1079044;5111;527;3;2073
FR;4;2021-12-15;68;64;28;0;84;1079112;5175;555;3;2157
FR;4;2021-12-16;34;45;19;0;58;1079146;5220;574;3;2215
FR;4;2021-12-17;39;55;12;0;60;1079185;5275;586;3;2275
FR;4;2021-12-18;49;30;2;0;31;1079234;5305;588;3;2306
FR;4;2021-12-19;15;4;1;0;4;1079249;5309;589;3;2310
FR;4;2021-12-20;43;38;10;0;41;1079292;5347;599;3;2351
FR;4;2021-12-21;29;32;16;0;38;1079321;5379;615;3;2389
FR;4;2021-12-22;37;37;10;0;38;1079358;5416;625;3;2427
FR;4;2021-12-23;39;45;8;0;49;1079397;5461;633;3;2476
FR;4;2021-12-24;23;26;10;0;30;1079420;5487;643;3;2506
FR;4;2021-12-25;7;3;3;0;4;1079427;5490;646;3;2510
FR;4;2021-12-26;5;3;1;0;2;1079432;5493;647;3;2512
FR;4;2021-12-27;31;41;9;0;43;1079463;5534;656;3;2555
FR;4;2021-12-28;25;28;7;0;29;1079488;5562;663;3;2584
FR;4;2021-12-29;52;25;11;0;30;1079540;5587;674;3;2614
FR;4;2021-12-30;46;19;12;0;22;1079586;5606;686;3;2636
FR;4;2021-12-31;19;6;8;0;11;1079605;5612;694;3;2647
FR;4;2022-01-01;5;4;4;0;6;1079610;5616;698;3;2653
FR;4;2022-01-02;40;5;16;0;20;1079650;5621;714;3;2673
FR;4;2022-01-03;43;55;22;1;62;1079693;5676;736;4;2735
FR;4;2022-01-04;37;28;15;0;33;1079730;5704;751;4;2768
FR;4;2022-01-05;51;22;19;0;25;1079781;5726;770;4;2793
FR;4;2022-01-06;49;22;24;0;38;1079830;5748;794;4;2831
FR;4;2022-01-07;30;20;15;0;20;1079860;5768;809;4;2851
FR;4;2022-01-08;11;6;10;0;12;1079871;5774;819;4;2863
FR;4;2022-01-09;18;2;3;0;4;1079889;5776;822;4;2867
FR;4;2022-01-10;49;22;19;0;36;1079938;5798;841;4;2903
FR;4;2022-01-11;28;31;12;0;35;1079966;5829;853;4;2938
FR;4;2022-01-12;33;21;13;0;23;1079999;5850;866;4;2961
FR;4;2022-01-13;53;20;27;0;38;1080052;5870;893;4;2999
FR;4;2022-01-14;23;29;13;0;32;1080075;5899;906;4;3031
FR;4;2022-01-15;13;6;8;0;12;1080088;5905;914;4;3043
FR;4;2022-01-16;12;9;14;0;22;1080100;5914;928;4;3065
FR;4;2022-01-17;26;19;12;0;25;1080126;5933;940;4;3090
FR;4;2022-01-18;16;13;8;0;18;1080142;5946;948;4;3108
FR;4;2022-01-19;31;23;13;0;34;1080173;5969;961;4;3142
FR;4;2022-01-20;32;34;13;0;39;1080205;6003;974;4;3181
FR;4;2022-01-21;11;12;20;1;17;1080216;6015;994;5;3198
FR;4;2022-01-22;30;13;2;0;13;1080246;6028;996;5;3211
FR;4;2022-01-23;8;2;5;0;7;1080254;6030;1001;5;3218
FR;4;2022-01-24;14;21;8;0;27;1080268;6051;1009;5;3245
FR;4;2022-01-25;22;32;10;1;38;1080290;6083;1019;6;3283
FR;4;2022-01-26;19;16;9;1;21;1080309;6099;1028;7;3304
FR;4;2022-01-27;21;18;8;0;24;1080330;6117;1036;7;3328
FR;4;2022-01-28;13;23;8;0;26;1080343;6140;1044;7;3354
FR;4;2022-01-29;17;6;5;0;10;1080360;6146;1049;7;3364
FR;4;2022-01-30;18;3;1;0;4;1080378;6149;1050;7;3368
FR;4;2022-01-31;22;27;8;0;31;1080400;6176;1058;7;3399
FR;4;2022-02-01;12;22;12;0;23;1080412;6198;1070;7;3422
FR;4;2022-02-02;18;11;13;2;19;1080430;6209;1083;9;3441
FR;4;2022-02-03;15;24;10;0;28;1080445;6233;1093;9;3469
FR;4;2022-02-04;7;5;7;0;9;1080452;6238;1100;9;3478
FR;4;2022-02-05;7;14;1;0;13;1080459;6252;1101;9;3491
FR;4;2022-02-06;7;4;4;0;7;1080466;6256;1105;9;3498
FR;4;2022-02-07;15;19;8;0;19;1080481;6275;1113;9;3517
FR;4;2022-02-08;19;21;13;1;22;1080500;6296;1126;10;3539
FR;4;2022-02-09;17;11;8;0;15;1080517;6307;1134;10;3554
FR;4;2022-02-10;22;23;9;0;24;1080539;6330;1143;10;3578
FR;4;2022-02-11;18;15;8;0;20;1080557;6345;1151;10;3598
FR;4;2022-02-12;24;6;2;0;6;1080581;6351;1153;10;3604
FR;4;2022-02-13;7;3;3;0;6;1080588;6354;1156;10;3610
FR;4;2022-02-14;20;10;9;0;15;1080608;6364;1165;10;3625
FR;4;2022-02-15;18;7;1;0;7;1080626;6371;1166;10;3632
FR;4;2022-02-16;16;9;11;0;16;1080642;6380;1177;10;3648
FR;4;2022-02-17;11;4;4;0;6;1080653;6384;1181;10;3654
FR;4;2022-02-18;16;15;8;0;21;1080669;6399;1189;10;3675
FR;4;2022-02-19;16;4;2;0;5;1080685;6403;1191;10;3680
FR;4;2022-02-20;8;3;0;0;2;1080693;6406;1191;10;3682
FR;4;2022-02-21;23;4;4;0;6;1080716;6410;1195;10;3688
FR;4;2022-02-22;8;5;10;0;10;1080724;6415;1205;10;3698
FR;4;2022-02-23;16;6;10;0;10;1080740;6421;1215;10;3708
FR;4;2022-02-24;11;5;3;0;6;1080751;6426;1218;10;3714
FR;4;2022-02-25;15;5;7;0;6;1080766;6431;1225;10;3720
FR;4;2022-02-26;27;3;0;0;3;1080793;6434;1225;10;3723
FR;4;2022-02-27;9;0;1;0;1;1080802;6434;1226;10;3724
FR;4;2022-02-28;18;3;2;0;3;1080820;6437;1228;10;3727
FR;4;2022-03-01;8;4;7;0;5;1080828;6441;1235;10;3732
FR;4;2022-03-02;15;2;4;0;5;1080843;6443;1239;10;3737
FR;4;2022-03-03;17;5;3;0;6;1080860;6448;1242;10;3743
FR;4;2022-03-04;7;7;2;1;5;1080867;6455;1244;11;3748
FR;4;2022-03-05;9;2;0;0;2;1080876;6457;1244;11;3750
FR;4;2022-03-06;4;0;1;0;1;1080880;6457;1245;11;3751
FR;4;2022-03-07;10;4;2;0;3;1080890;6461;1247;11;3754
FR;4;2022-03-08;14;3;0;0;3;1080904;6464;1247;11;3757
FR;4;2022-03-09;8;7;2;0;7;1080912;6471;1249;11;3764
FR;4;2022-03-10;5;1;6;0;3;1080917;6472;1255;11;3767
FR;4;2022-03-11;10;4;5;0;2;1080927;6476;1260;11;3769
FR;4;2022-03-12;10;2;0;0;0;1080937;6478;1260;11;3769
FR;4;2022-03-13;6;1;1;0;2;1080943;6479;1261;11;3771
FR;4;2022-03-14;4;2;1;0;3;1080947;6481;1262;11;3774
FR;4;2022-03-15;7;6;3;0;5;1080954;6487;1265;11;3779
FR;4;2022-03-16;7;3;3;0;3;1080961;6490;1268;11;3782
FR;4;2022-03-17;3;4;1;0;5;1080964;6494;1269;11;3787
FR;4;2022-03-18;9;3;0;0;3;1080973;6497;1269;11;3790
FR;4;2022-03-19;1;1;1;0;2;1080974;6498;1270;11;3792
FR;4;2022-03-20;2;0;2;0;1;1080976;6498;1272;11;3793
FR;4;2022-03-21;6;3;1;0;4;1080982;6501;1273;11;3797
FR;4;2022-03-22;4;2;2;0;3;1080986;6503;1275;11;3800
FR;4;2022-03-23;6;4;4;0;7;1080992;6507;1279;11;3807
FR;4;2022-03-24;2;5;3;1;7;1080994;6512;1282;12;3814
FR;4;2022-03-25;3;1;2;0;1;1080997;6513;1284;12;3815
FR;4;2022-03-26;5;5;0;0;5;1081002;6518;1284;12;3820
FR;4;2022-03-27;1;0;3;0;2;1081003;6518;1287;12;3822
FR;4;2022-03-28;5;1;3;0;3;1081008;6519;1290;12;3825
FR;4;2022-03-29;9;0;4;1;0;1081017;6519;1294;13;3825
FR;4;2022-03-30;3;4;0;0;4;1081020;6523;1294;13;3829
FR;4;2022-03-31;3;3;2;1;4;1081023;6526;1296;14;3833
FR;4;2022-04-01;14;2;5;0;5;1081037;6528;1301;14;3838
FR;4;2022-04-02;4;4;0;0;3;1081041;6532;1301;14;3841
FR;4;2022-04-03;0;1;0;0;1;1081041;6533;1301;14;3842
FR;4;2022-04-04;4;4;4;0;5;1081045;6537;1305;14;3847
FR;4;2022-04-05;4;3;2;1;3;1081049;6540;1307;15;3850
FR;4;2022-04-06;6;0;0;0;0;1081055;6540;1307;15;3850
FR;4;2022-04-07;3;2;3;2;5;1081058;6542;1310;17;3855
FR;4;2022-04-08;4;2;1;0;2;1081062;6544;1311;17;3857
FR;4;2022-04-09;0;0;1;1;1;1081062;6544;1312;18;3858
FR;4;2022-04-10;1;2;0;0;2;1081063;6546;1312;18;3860
FR;4;2022-04-11;4;3;4;0;5;1081067;6549;1316;18;3865
FR;4;2022-04-12;5;1;4;0;2;1081072;6550;1320;18;3867
FR;4;2022-04-13;5;8;2;0;10;1081077;6558;1322;18;3877
FR;4;2022-04-14;6;4;2;1;5;1081083;6562;1324;19;3882
FR;4;2022-04-15;5;8;1;0;9;1081088;6570;1325;19;3891
FR;4;2022-04-16;1;0;0;0;0;1081089;6570;1325;19;3891
FR;4;2022-04-17;3;2;1;0;3;1081092;6572;1326;19;3894
FR;4;2022-04-18;2;2;6;0;4;1081094;6574;1332;19;3898
FR;4;2022-04-19;2;0;1;0;0;1081096;6574;1333;19;3898
FR;4;2022-04-20;14;4;1;1;3;1081110;6578;1334;20;3901
FR;4;2022-04-21;7;1;0;0;1;1081117;6579;1334;20;3902
FR;4;2022-04-22;1;1;2;0;2;1081118;6580;1336;20;3904
FR;4;2022-04-23;2;3;3;0;6;1081120;6583;1339;20;3910
FR;4;2022-04-24;0;2;0;0;2;1081120;6585;1339;20;3912
FR;4;2022-04-25;3;4;3;0;7;1081123;6589;1342;20;3919
FR;4;2022-04-26;5;6;1;0;6;1081128;6595;1343;20;3925
FR;4;2022-04-27;4;1;1;1;1;1081132;6596;1344;21;3926
FR;4;2022-04-28;3;5;5;0;6;1081135;6601;1349;21;3932
FR;4;2022-04-29;6;3;0;0;2;1081141;6604;1349;21;3934
FR;4;2022-04-30;2;1;1;0;2;1081143;6605;1350;21;3936
FR;4;2022-05-01;0;0;0;0;0;1081143;6605;1350;21;3936
FR;4;2022-05-02;5;16;6;0;19;1081148;6621;1356;21;3955
FR;4;2022-05-03;2;6;2;0;7;1081150;6627;1358;21;3962
FR;4;2022-05-04;7;4;1;0;4;1081157;6631;1359;21;3966
FR;4;2022-05-05;2;2;1;1;1;1081159;6633;1360;22;3967
FR;4;2022-05-06;5;3;1;0;2;1081164;6636;1361;22;3969
FR;4;2022-05-07;0;0;0;0;0;1081164;6636;1361;22;3969
FR;4;2022-05-08;1;1;0;0;1;1081165;6637;1361;22;3970
FR;4;2022-05-09;5;1;0;0;1;1081170;6638;1361;22;3971
FR;4;2022-05-10;2;1;0;2;3;1081172;6639;1361;24;3974
FR;4;2022-05-11;3;2;4;0;5;1081175;6641;1365;24;3979
FR;4;2022-05-12;6;4;2;1;5;1081181;6645;1367;25;3984
FR;4;2022-05-13;1;0;2;0;2;1081182;6645;1369;25;3986
FR;4;2022-05-14;0;2;0;0;2;1081182;6647;1369;25;3988
FR;4;2022-05-15;2;2;0;0;0;1081184;6649;1369;25;3988
FR;4;2022-05-16;5;2;2;0;2;1081189;6651;1371;25;3990
FR;4;2022-05-17;5;1;2;0;3;1081194;6652;1373;25;3993
FR;4;2022-05-18;3;6;0;0;6;1081197;6658;1373;25;3999
FR;4;2022-05-19;2;3;3;0;5;1081199;6661;1376;25;4004
FR;4;2022-05-20;4;2;3;0;2;1081203;6663;1379;25;4006
FR;4;2022-05-21;2;0;1;0;1;1081205;6663;1380;25;4007
FR;4;2022-05-22;0;0;1;0;1;1081205;6663;1381;25;4008
FR;4;2022-05-23;0;0;2;0;0;1081205;6663;1383;25;4008
FR;4;2022-05-24;2;4;0;0;4;1081207;6667;1383;25;4012
FR;4;2022-05-25;1;3;1;0;2;1081208;6670;1384;25;4014
FR;4;2022-05-26;5;0;1;0;1;1081213;6670;1385;25;4015
FR;4;2022-05-27;0;2;0;1;2;1081213;6672;1385;26;4017
FR;4;2022-05-28;1;0;0;0;0;1081214;6672;1385;26;4017
FR;4;2022-05-29;1;0;1;0;1;1081215;6672;1386;26;4018
FR;4;2022-05-30;2;4;2;0;5;1081217;6676;1388;26;4023
FR;4;2022-05-31;2;1;0;0;1;1081219;6677;1388;26;4024
FR;4;2022-06-01;3;11;7;0;15;1081222;6688;1395;26;4039
FR;4;2022-06-02;5;6;3;0;7;1081227;6694;1398;26;4046
FR;4;2022-06-03;2;6;4;1;7;1081229;6700;1402;27;4053
FR;4;2022-06-04;0;1;1;0;1;1081229;6701;1403;27;4054
FR;4;2022-06-05;0;0;0;0;0;1081229;6701;1403;27;4054
FR;4;2022-06-06;6;0;3;0;2;1081235;6701;1406;27;4056
FR;4;2022-06-07;5;2;0;1;2;1081240;6703;1406;28;4058
FR;4;2022-06-08;0;3;3;0;6;1081240;6706;1409;28;4064
FR;4;2022-06-09;1;2;0;0;1;1081241;6708;1409;28;4065
FR;4;2022-06-10;3;0;3;0;1;1081244;6708;1412;28;4066
FR;4;2022-06-11;1;0;0;0;0;1081245;6708;1412;28;4066
FR;4;2022-06-12;4;0;0;0;0;1081249;6708;1412;28;4066
FR;4;2022-06-13;5;2;3;0;2;1081254;6710;1415;28;4068
FR;4;2022-06-14;4;3;0;0;2;1081258;6713;1415;28;4070
FR;4;2022-06-15;8;3;4;0;3;1081266;6716;1419;28;4073
FR;4;2022-06-16;1;3;1;1;2;1081267;6719;1420;29;4075
FR;4;2022-06-17;6;1;0;0;1;1081273;6720;1420;29;4076
FR;4;2022-06-18;0;0;0;0;0;1081273;6720;1420;29;4076
FR;4;2022-06-19;0;0;0;0;0;1081273;6720;1420;29;4076
FR;4;2022-06-20;4;2;2;1;3;1081277;6722;1422;30;4079
FR;4;2022-06-21;5;2;3;1;3;1081282;6724;1425;31;4082
FR;4;2022-06-22;3;1;0;3;1;1081285;6725;1425;34;4083
FR;4;2022-06-23;3;3;3;0;5;1081288;6728;1428;34;4088
FR;4;2022-06-24;3;0;2;0;0;1081291;6728;1430;34;4088
FR;4;2022-06-25;1;0;1;1;1;1081292;6728;1431;35;4089
FR;4;2022-06-26;0;0;1;0;1;1081292;6728;1432;35;4090
FR;4;2022-06-27;2;2;0;3;2;1081294;6730;1432;38;4092
FR;4;2022-06-28;0;4;2;1;5;1081294;6734;1434;39;4097
FR;4;2022-06-29;1;2;0;0;2;1081295;6736;1434;39;4099
FR;4;2022-06-30;2;0;0;0;0;1081297;6736;1434;39;4099
FR;4;2022-07-01;2;4;8;0;4;1081299;6740;1442;39;4103
FR;4;2022-07-02;0;1;0;0;0;1081299;6741;1442;39;4103
FR;4;2022-07-03;0;0;0;0;0;1081299;6741;1442;39;4103
FR;4;2022-07-04;3;1;0;0;1;1081302;6742;1442;39;4104
FR;4;2022-07-05;2;0;2;0;2;1081304;6742;1444;39;4106
FR;4;2022-07-06;5;0;1;1;0;1081309;6742;1445;40;4106
FR;4;2022-07-07;1;0;2;1;0;1081310;6742;1447;41;4106
FR;4;2022-07-08;3;1;0;0;1;1081313;6743;1447;41;4107
FR;4;2022-07-09;2;2;1;0;3;1081315;6745;1448;41;4110
FR;4;2022-07-10;2;0;1;0;0;1081317;6745;1449;41;4110
FR;4;2022-07-11;2;0;2;0;0;1081319;6745;1451;41;4110
FR;4;2022-07-12;0;0;2;0;2;1081319;6745;1453;41;4112
FR;4;2022-07-13;2;2;3;0;2;1081321;6747;1456;41;4114
FR;4;2022-07-14;4;0;1;0;0;1081325;6747;1457;41;4114
FR;4;2022-07-15;9;2;0;0;2;1081334;6749;1457;41;4116
FR;4;2022-07-16;4;0;0;2;0;1081338;6749;1457;43;4116
FR;4;2022-07-17;0;0;0;0;0;1081338;6749;1457;43;4116
FR;4;2022-07-18;3;2;2;0;2;1081341;6751;1459;43;4118
FR;4;2022-07-19;4;0;1;0;1;1081345;6751;1460;43;4119
FR;4;2022-07-20;10;0;0;0;0;1081355;6751;1460;43;4119
FR;4;2022-07-21;2;1;1;0;1;1081357;6752;1461;43;4120
FR;4;2022-07-22;4;0;3;0;1;1081361;6752;1464;43;4121
FR;4;2022-07-23;1;2;0;0;1;1081362;6754;1464;43;4122
FR;4;2022-07-24;0;0;0;0;0;1081362;6754;1464;43;4122
FR;4;2022-07-25;5;0;2;0;2;1081367;6754;1466;43;4124
FR;4;2022-07-26;2;0;0;0;0;1081369;6754;1466;43;4124
FR;4;2022-07-27;2;1;0;0;0;1081371;6755;1466;43;4124
FR;4;2022-07-28;11;0;0;0;0;1081382;6755;1466;43;4124
FR;4;2022-07-29;3;0;1;0;0;1081385;6755;1467;43;4124
FR;4;2022-07-30;3;0;2;0;0;1081388;6755;1469;43;4124
FR;4;2022-07-31;0;0;0;0;0;1081388;6755;1469;43;4124
FR;4;2022-08-01;1;0;2;0;1;1081389;6755;1471;43;4125
FR;4;2022-08-02;6;0;0;0;0;1081395;6755;1471;43;4125
FR;4;2022-08-03;0;2;1;0;2;1081395;6757;1472;43;4127
FR;4;2022-08-04;3;2;0;1;2;1081398;6759;1472;44;4129
FR;4;2022-08-05;2;0;1;0;0;1081400;6759;1473;44;4129
FR;4;2022-08-06;2;0;0;0;0;1081402;6759;1473;44;4129
FR;4;2022-08-07;3;0;0;0;0;1081405;6759;1473;44;4129
FR;4;2022-08-08;1;0;1;1;1;1081406;6759;1474;45;4130
FR;4;2022-08-09;1;1;1;2;2;1081407;6760;1475;47;4132
FR;4;2022-08-10;5;1;1;0;1;1081412;6761;1476;47;4133
FR;4;2022-08-11;2;0;1;0;1;1081414;6761;1477;47;4134
FR;4;2022-08-12;4;0;1;0;0;1081418;6761;1478;47;4134
FR;4;2022-08-13;1;0;0;0;0;1081419;6761;1478;47;4134
FR;4;2022-08-14;0;0;0;0;0;1081419;6761;1478;47;4134
FR;4;2022-08-15;1;1;3;0;1;1081420;6762;1481;47;4135
FR;4;2022-08-16;0;0;1;0;1;1081420;6762;1482;47;4136
FR;4;2022-08-17;2;0;0;0;0;1081422;6762;1482;47;4136
FR;4;2022-08-18;1;0;0;0;0;1081423;6762;1482;47;4136
FR;4;2022-08-19;5;0;0;0;0;1081428;6762;1482;47;4136
FR;4;2022-08-20;1;0;0;0;0;1081429;6762;1482;47;4136
FR;4;2022-08-21;1;0;0;0;0;1081430;6762;1482;47;4136
FR;4;2022-08-22;3;9;0;0;9;1081433;6771;1482;47;4145
FR;4;2022-08-23;1;3;3;0;4;1081434;6774;1485;47;4149
FR;4;2022-08-24;3;0;0;1;0;1081437;6774;1485;48;4149
FR;4;2022-08-25;0;3;1;0;3;1081437;6777;1486;48;4152
FR;4;2022-08-26;1;0;0;1;0;1081438;6777;1486;49;4152
FR;4;2022-08-27;1;0;0;0;0;1081439;6777;1486;49;4152
FR;4;2022-08-28;0;0;0;0;0;1081439;6777;1486;49;4152
FR;4;2022-08-29;6;0;0;0;0;1081445;6777;1486;49;4152
FR;4;2022-08-30;4;0;0;0;0;1081449;6777;1486;49;4152
FR;4;2022-08-31;1;1;0;0;1;1081450;6778;1486;49;4153
FR;4;2022-09-01;1;7;2;0;6;1081451;6785;1488;49;4159
FR;4;2022-09-02;1;1;1;0;2;1081452;6786;1489;49;4161
FR;4;2022-09-03;3;0;0;0;0;1081455;6786;1489;49;4161
FR;4;2022-09-04;0;0;0;0;0;1081455;6786;1489;49;4161
FR;4;2022-09-05;2;2;0;0;2;1081457;6788;1489;49;4163
FR;4;2022-09-06;0;0;0;0;0;1081457;6788;1489;49;4163
FR;4;2022-09-07;0;0;1;1;1;1081457;6788;1490;50;4164
FR;4;2022-09-08;3;0;0;0;0;1081460;6788;1490;50;4164
FR;4;2022-09-09;2;0;0;0;0;1081462;6788;1490;50;4164
FR;4;2022-09-10;0;0;0;3;1;1081462;6788;1490;53;4165
FR;4;2022-09-11;2;0;0;0;0;1081464;6788;1490;53;4165
FR;4;2022-09-12;1;1;1;0;1;1081465;6789;1491;53;4166
FR;4;2022-09-13;1;0;0;0;0;1081466;6789;1491;53;4166
FR;4;2022-09-14;0;0;0;0;0;1081466;6789;1491;53;4166
FR;4;2022-09-15;2;0;0;0;0;1081468;6789;1491;53;4166
FR;4;2022-09-16;0;0;0;0;0;1081468;6789;1491;53;4166
FR;4;2022-09-17;2;0;0;0;0;1081470;6789;1491;53;4166
FR;4;2022-09-18;0;0;0;0;0;1081470;6789;1491;53;4166
FR;4;2022-09-19;2;0;2;0;2;1081472;6789;1493;53;4168
FR;4;2022-09-20;2;0;0;0;0;1081474;6789;1493;53;4168
FR;4;2022-09-21;2;0;0;0;0;1081476;6789;1493;53;4168
FR;4;2022-09-22;1;0;0;0;0;1081477;6789;1493;53;4168
FR;4;2022-09-23;2;3;0;0;2;1081479;6792;1493;53;4170
FR;4;2022-09-24;1;0;0;0;0;1081480;6792;1493;53;4170
FR;4;2022-09-25;0;0;0;0;0;1081480;6792;1493;53;4170
FR;4;2022-09-26;2;0;1;0;0;1081482;6792;1494;53;4170
FR;4;2022-09-27;0;0;0;1;0;1081482;6792;1494;54;4170
FR;4;2022-09-28;3;0;2;0;2;1081485;6792;1496;54;4172
FR;4;2022-09-29;2;0;1;1;1;1081487;6792;1497;55;4173
FR;4;2022-09-30;1;0;0;0;0;1081488;6792;1497;55;4173
FR;4;2022-10-01;1;1;0;0;0;1081489;6793;1497;55;4173
FR;4;2022-10-02;0;0;0;0;0;1081489;6793;1497;55;4173
FR;4;2022-10-03;2;2;0;0;1;1081491;6795;1497;55;4174
FR;4;2022-10-04;2;0;0;0;0;1081493;6795;1497;55;4174
FR;4;2022-10-05;0;1;0;0;1;1081493;6796;1497;55;4175
FR;4;2022-10-06;1;0;0;0;0;1081494;6796;1497;55;4175
FR;4;2022-10-07;3;0;1;0;0;1081497;6796;1498;55;4175
FR;4;2022-10-08;3;1;0;0;0;1081500;6797;1498;55;4175
FR;4;2022-10-09;0;0;0;0;0;1081500;6797;1498;55;4175
FR;4;2022-10-10;2;0;1;3;1;1081502;6797;1499;58;4176
FR;4;2022-10-11;1;2;0;0;1;1081503;6799;1499;58;4177
FR;4;2022-10-12;0;0;0;0;0;1081503;6799;1499;58;4177
FR;4;2022-10-13;5;0;0;0;0;1081508;6799;1499;58;4177
FR;4;2022-10-14;1;0;0;0;0;1081509;6799;1499;58;4177
FR;4;2022-10-15;0;1;0;0;1;1081509;6800;1499;58;4178
FR;4;2022-10-16;0;0;0;0;0;1081509;6800;1499;58;4178
FR;4;2022-10-17;2;0;1;0;1;1081511;6800;1500;58;4179
FR;4;2022-10-18;1;0;0;1;0;1081512;6800;1500;59;4179
FR;4;2022-10-19;1;0;0;2;0;1081513;6800;1500;61;4179
FR;4;2022-10-20;2;1;0;0;1;1081515;6801;1500;61;4180
FR;4;2022-10-21;0;0;0;0;0;1081515;6801;1500;61;4180
FR;4;2022-10-22;1;0;0;0;0;1081516;6801;1500;61;4180
FR;4;2022-10-23;0;0;0;0;0;1081516;6801;1500;61;4180
FR;4;2022-10-24;0;0;0;0;0;1081516;6801;1500;61;4180
FR;4;2022-10-25;1;0;0;0;0;1081517;6801;1500;61;4180
FR;4;2022-10-26;2;1;0;0;1;1081519;6802;1500;61;4181
FR;4;2022-10-27;2;1;0;0;0;1081521;6803;1500;61;4181
FR;4;2022-10-28;0;0;0;0;0;1081521;6803;1500;61;4181
FR;4;2022-10-29;1;0;0;3;0;1081522;6803;1500;64;4181
FR;4;2022-10-30;0;0;0;0;0;1081522;6803;1500;64;4181
FR;4;2022-10-31;0;0;0;0;0;1081522;6803;1500;64;4181
FR;4;2022-11-01;0;0;0;0;0;1081522;6803;1500;64;4181
FR;4;2022-11-02;0;0;1;2;1;1081522;6803;1501;66;4182
FR;5;2020-12-27;0;0;0;0;0;0;0;0;0;0
FR;5;2020-12-28;0;0;0;0;0;0;0;0;0;0
FR;5;2020-12-29;0;0;0;0;0;0;0;0;0;0
FR;5;2020-12-30;0;0;0;0;0;0;0;0;0;0
FR;5;2020-12-31;0;0;0;0;0;0;0;0;0;0
FR;5;2021-01-01;0;0;0;0;0;0;0;0;0;0
FR;5;2021-01-02;0;0;0;0;0;0;0;0;0;0
FR;5;2021-01-03;0;0;0;0;0;0;0;0;0;0
FR;5;2021-01-04;0;0;0;0;0;0;0;0;0;0
FR;5;2021-01-05;0;0;0;0;0;0;0;0;0;0
FR;5;2021-01-06;0;0;0;0;0;0;0;0;0;0
FR;5;2021-01-07;0;0;0;0;0;0;0;0;0;0
FR;5;2021-01-08;0;0;0;0;0;0;0;0;0;0
FR;5;2021-01-09;0;0;0;0;0;0;0;0;0;0
FR;5;2021-01-10;0;0;0;0;0;0;0;0;0;0
FR;5;2021-01-11;0;0;0;0;0;0;0;0;0;0
FR;5;2021-01-12;0;0;0;0;0;0;0;0;0;0
FR;5;2021-01-13;0;0;0;0;0;0;0;0;0;0
FR;5;2021-01-14;0;0;0;0;0;0;0;0;0;0
FR;5;2021-01-15;0;0;0;0;0;0;0;0;0;0
FR;5;2021-01-16;0;0;0;0;0;0;0;0;0;0
FR;5;2021-01-17;0;0;0;0;0;0;0;0;0;0
FR;5;2021-01-18;0;0;0;0;0;0;0;0;0;0
FR;5;2021-01-19;0;0;0;0;0;0;0;0;0;0
FR;5;2021-01-20;0;0;0;0;0;0;0;0;0;0
FR;5;2021-01-21;0;0;0;0;0;0;0;0;0;0
FR;5;2021-01-22;0;0;0;0;0;0;0;0;0;0
FR;5;2021-01-23;0;0;0;0;0;0;0;0;0;0
FR;5;2021-01-24;0;0;0;0;0;0;0;0;0;0
FR;5;2021-01-25;0;0;0;0;0;0;0;0;0;0
FR;5;2021-01-26;0;0;0;0;0;0;0;0;0;0
FR;5;2021-01-27;0;0;0;0;0;0;0;0;0;0
FR;5;2021-01-28;0;0;0;0;0;0;0;0;0;0
FR;5;2021-01-29;0;0;0;0;0;0;0;0;0;0
FR;5;2021-01-30;0;0;0;0;0;0;0;0;0;0
FR;5;2021-01-31;0;0;0;0;0;0;0;0;0;0
FR;5;2021-02-01;0;0;0;0;0;0;0;0;0;0
FR;5;2021-02-02;0;0;0;0;0;0;0;0;0;0
FR;5;2021-02-03;0;0;0;0;0;0;0;0;0;0
FR;5;2021-02-04;0;0;0;0;0;0;0;0;0;0
FR;5;2021-02-05;0;0;0;0;0;0;0;0;0;0
FR;5;2021-02-06;0;0;0;0;0;0;0;0;0;0
FR;5;2021-02-07;0;0;0;0;0;0;0;0;0;0
FR;5;2021-02-08;0;0;0;0;0;0;0;0;0;0
FR;5;2021-02-09;0;0;0;0;0;0;0;0;0;0
FR;5;2021-02-10;0;0;0;0;0;0;0;0;0;0
FR;5;2021-02-11;0;0;0;0;0;0;0;0;0;0
FR;5;2021-02-12;0;0;0;0;0;0;0;0;0;0
FR;5;2021-02-13;0;0;0;0;0;0;0;0;0;0
FR;5;2021-02-14;0;0;0;0;0;0;0;0;0;0
FR;5;2021-02-15;0;0;0;0;0;0;0;0;0;0
FR;5;2021-02-16;0;0;0;0;0;0;0;0;0;0
FR;5;2021-02-17;0;0;0;0;0;0;0;0;0;0
FR;5;2021-02-18;0;0;0;0;0;0;0;0;0;0
FR;5;2021-02-19;0;0;0;0;0;0;0;0;0;0
FR;5;2021-02-20;0;0;0;0;0;0;0;0;0;0
FR;5;2021-02-21;0;0;0;0;0;0;0;0;0;0
FR;5;2021-02-22;0;0;0;0;0;0;0;0;0;0
FR;5;2021-02-23;0;0;0;0;0;0;0;0;0;0
FR;5;2021-02-24;0;0;0;0;0;0;0;0;0;0
FR;5;2021-02-25;0;0;0;0;0;0;0;0;0;0
FR;5;2021-02-26;0;0;0;0;0;0;0;0;0;0
FR;5;2021-02-27;0;0;0;0;0;0;0;0;0;0
FR;5;2021-02-28;0;0;0;0;0;0;0;0;0;0
FR;5;2021-03-01;0;0;0;0;0;0;0;0;0;0
FR;5;2021-03-02;0;0;0;0;0;0;0;0;0;0
FR;5;2021-03-03;0;0;0;0;0;0;0;0;0;0
FR;5;2021-03-04;0;0;0;0;0;0;0;0;0;0
FR;5;2021-03-05;0;0;0;0;0;0;0;0;0;0
FR;5;2021-03-06;0;0;0;0;0;0;0;0;0;0
FR;5;2021-03-07;0;0;0;0;0;0;0;0;0;0
FR;5;2021-03-08;0;0;0;0;0;0;0;0;0;0
FR;5;2021-03-09;0;0;0;0;0;0;0;0;0;0
FR;5;2021-03-10;0;0;0;0;0;0;0;0;0;0
FR;5;2021-03-11;0;0;0;0;0;0;0;0;0;0
FR;5;2021-03-12;0;0;0;0;0;0;0;0;0;0
FR;5;2021-03-13;0;0;0;0;0;0;0;0;0;0
FR;5;2021-03-14;0;0;0;0;0;0;0;0;0;0
FR;5;2021-03-15;0;0;0;0;0;0;0;0;0;0
FR;5;2021-03-16;0;0;0;0;0;0;0;0;0;0
FR;5;2021-03-17;0;0;0;0;0;0;0;0;0;0
FR;5;2021-03-18;0;0;0;0;0;0;0;0;0;0
FR;5;2021-03-19;0;0;0;0;0;0;0;0;0;0
FR;5;2021-03-20;0;0;0;0;0;0;0;0;0;0
FR;5;2021-03-21;0;0;0;0;0;0;0;0;0;0
FR;5;2021-03-22;0;0;0;0;0;0;0;0;0;0
FR;5;2021-03-23;0;0;0;0;0;0;0;0;0;0
FR;5;2021-03-24;0;0;0;0;0;0;0;0;0;0
FR;5;2021-03-25;0;0;0;0;0;0;0;0;0;0
FR;5;2021-03-26;0;0;0;0;0;0;0;0;0;0
FR;5;2021-03-27;0;0;0;0;0;0;0;0;0;0
FR;5;2021-03-28;0;0;0;0;0;0;0;0;0;0
FR;5;2021-03-29;0;0;0;0;0;0;0;0;0;0
FR;5;2021-03-30;0;0;0;0;0;0;0;0;0;0
FR;5;2021-03-31;0;0;0;0;0;0;0;0;0;0
FR;5;2021-04-01;0;0;0;0;0;0;0;0;0;0
FR;5;2021-04-02;0;0;0;0;0;0;0;0;0;0
FR;5;2021-04-03;0;0;0;0;0;0;0;0;0;0
FR;5;2021-04-04;0;0;0;0;0;0;0;0;0;0
FR;5;2021-04-05;0;0;0;0;0;0;0;0;0;0
FR;5;2021-04-06;0;0;0;0;0;0;0;0;0;0
FR;5;2021-04-07;0;0;0;0;0;0;0;0;0;0
FR;5;2021-04-08;0;0;0;0;0;0;0;0;0;0
FR;5;2021-04-09;0;0;0;0;0;0;0;0;0;0
FR;5;2021-04-10;0;0;0;0;0;0;0;0;0;0
FR;5;2021-04-11;0;0;0;0;0;0;0;0;0;0
FR;5;2021-04-12;0;0;0;0;0;0;0;0;0;0
FR;5;2021-04-13;0;0;0;0;0;0;0;0;0;0
FR;5;2021-04-14;0;0;0;0;0;0;0;0;0;0
FR;5;2021-04-15;0;0;0;0;0;0;0;0;0;0
FR;5;2021-04-16;0;0;0;0;0;0;0;0;0;0
FR;5;2021-04-17;0;0;0;0;0;0;0;0;0;0
FR;5;2021-04-18;0;0;0;0;0;0;0;0;0;0
FR;5;2021-04-19;0;0;0;0;0;0;0;0;0;0
FR;5;2021-04-20;0;0;0;0;0;0;0;0;0;0
FR;5;2021-04-21;0;0;0;0;0;0;0;0;0;0
FR;5;2021-04-22;0;0;0;0;0;0;0;0;0;0
FR;5;2021-04-23;0;0;0;0;0;0;0;0;0;0
FR;5;2021-04-24;0;0;0;0;0;0;0;0;0;0
FR;5;2021-04-25;0;0;0;0;0;0;0;0;0;0
FR;5;2021-04-26;0;0;0;0;0;0;0;0;0;0
FR;5;2021-04-27;0;0;0;0;0;0;0;0;0;0
FR;5;2021-04-28;0;0;0;0;0;0;0;0;0;0
FR;5;2021-04-29;0;0;0;0;0;0;0;0;0;0
FR;5;2021-04-30;0;0;0;0;0;0;0;0;0;0
FR;5;2021-05-01;0;0;0;0;0;0;0;0;0;0
FR;5;2021-05-02;0;0;0;0;0;0;0;0;0;0
FR;5;2021-05-03;0;0;0;0;0;0;0;0;0;0
FR;5;2021-05-04;0;0;0;0;0;0;0;0;0;0
FR;5;2021-05-05;0;0;0;0;0;0;0;0;0;0
FR;5;2021-05-06;0;0;0;0;0;0;0;0;0;0
FR;5;2021-05-07;0;0;0;0;0;0;0;0;0;0
FR;5;2021-05-08;0;0;0;0;0;0;0;0;0;0
FR;5;2021-05-09;0;0;0;0;0;0;0;0;0;0
FR;5;2021-05-10;0;0;0;0;0;0;0;0;0;0
FR;5;2021-05-11;0;0;0;0;0;0;0;0;0;0
FR;5;2021-05-12;0;0;0;0;0;0;0;0;0;0
FR;5;2021-05-13;0;0;0;0;0;0;0;0;0;0
FR;5;2021-05-14;0;0;0;0;0;0;0;0;0;0
FR;5;2021-05-15;0;0;0;0;0;0;0;0;0;0
FR;5;2021-05-16;0;0;0;0;0;0;0;0;0;0
FR;5;2021-05-17;0;0;0;0;0;0;0;0;0;0
FR;5;2021-05-18;0;0;0;0;0;0;0;0;0;0
FR;5;2021-05-19;0;0;0;0;0;0;0;0;0;0
FR;5;2021-05-20;0;0;0;0;0;0;0;0;0;0
FR;5;2021-05-21;0;0;0;0;0;0;0;0;0;0
FR;5;2021-05-22;0;0;0;0;0;0;0;0;0;0
FR;5;2021-05-23;0;0;0;0;0;0;0;0;0;0
FR;5;2021-05-24;0;0;0;0;0;0;0;0;0;0
FR;5;2021-05-25;0;0;0;0;0;0;0;0;0;0
FR;5;2021-05-26;0;0;0;0;0;0;0;0;0;0
FR;5;2021-05-27;0;0;0;0;0;0;0;0;0;0
FR;5;2021-05-28;0;0;0;0;0;0;0;0;0;0
FR;5;2021-05-29;0;0;0;0;0;0;0;0;0;0
FR;5;2021-05-30;0;0;0;0;0;0;0;0;0;0
FR;5;2021-05-31;0;0;0;0;0;0;0;0;0;0
FR;5;2021-06-01;0;0;0;0;0;0;0;0;0;0
FR;5;2021-06-02;0;0;0;0;0;0;0;0;0;0
FR;5;2021-06-03;0;0;0;0;0;0;0;0;0;0
FR;5;2021-06-04;0;0;0;0;0;0;0;0;0;0
FR;5;2021-06-05;0;0;0;0;0;0;0;0;0;0
FR;5;2021-06-06;0;0;0;0;0;0;0;0;0;0
FR;5;2021-06-07;0;0;0;0;0;0;0;0;0;0
FR;5;2021-06-08;0;0;0;0;0;0;0;0;0;0
FR;5;2021-06-09;0;0;0;0;0;0;0;0;0;0
FR;5;2021-06-10;0;0;0;0;0;0;0;0;0;0
FR;5;2021-06-11;0;0;0;0;0;0;0;0;0;0
FR;5;2021-06-12;0;0;0;0;0;0;0;0;0;0
FR;5;2021-06-13;0;0;0;0;0;0;0;0;0;0
FR;5;2021-06-14;0;0;0;0;0;0;0;0;0;0
FR;5;2021-06-15;0;0;0;0;0;0;0;0;0;0
FR;5;2021-06-16;0;0;0;0;0;0;0;0;0;0
FR;5;2021-06-17;0;0;0;0;0;0;0;0;0;0
FR;5;2021-06-18;0;0;0;0;0;0;0;0;0;0
FR;5;2021-06-19;0;0;0;0;0;0;0;0;0;0
FR;5;2021-06-20;0;0;0;0;0;0;0;0;0;0
FR;5;2021-06-21;0;0;0;0;0;0;0;0;0;0
FR;5;2021-06-22;0;0;0;0;0;0;0;0;0;0
FR;5;2021-06-23;0;0;0;0;0;0;0;0;0;0
FR;5;2021-06-24;0;0;0;0;0;0;0;0;0;0
FR;5;2021-06-25;0;0;0;0;0;0;0;0;0;0
FR;5;2021-06-26;0;0;0;0;0;0;0;0;0;0
FR;5;2021-06-27;0;0;0;0;0;0;0;0;0;0
FR;5;2021-06-28;0;0;0;0;0;0;0;0;0;0
FR;5;2021-06-29;0;0;0;0;0;0;0;0;0;0
FR;5;2021-06-30;0;0;0;0;0;0;0;0;0;0
FR;5;2021-07-01;0;0;0;0;0;0;0;0;0;0
FR;5;2021-07-02;0;0;0;0;0;0;0;0;0;0
FR;5;2021-07-03;0;0;0;0;0;0;0;0;0;0
FR;5;2021-07-04;0;0;0;0;0;0;0;0;0;0
FR;5;2021-07-05;0;0;0;0;0;0;0;0;0;0
FR;5;2021-07-06;0;0;0;0;0;0;0;0;0;0
FR;5;2021-07-07;0;0;0;0;0;0;0;0;0;0
FR;5;2021-07-08;0;0;0;0;0;0;0;0;0;0
FR;5;2021-07-09;0;0;0;0;0;0;0;0;0;0
FR;5;2021-07-10;0;0;0;0;0;0;0;0;0;0
FR;5;2021-07-11;0;0;0;0;0;0;0;0;0;0
FR;5;2021-07-12;0;0;0;0;0;0;0;0;0;0
FR;5;2021-07-13;0;0;0;0;0;0;0;0;0;0
FR;5;2021-07-14;0;0;0;0;0;0;0;0;0;0
FR;5;2021-07-15;0;0;0;0;0;0;0;0;0;0
FR;5;2021-07-16;0;0;0;0;0;0;0;0;0;0
FR;5;2021-07-17;0;0;0;0;0;0;0;0;0;0
FR;5;2021-07-18;0;0;0;0;0;0;0;0;0;0
FR;5;2021-07-19;0;0;0;0;0;0;0;0;0;0
FR;5;2021-07-20;0;0;0;0;0;0;0;0;0;0
FR;5;2021-07-21;0;0;0;0;0;0;0;0;0;0
FR;5;2021-07-22;0;0;0;0;0;0;0;0;0;0
FR;5;2021-07-23;0;0;0;0;0;0;0;0;0;0
FR;5;2021-07-24;0;0;0;0;0;0;0;0;0;0
FR;5;2021-07-25;0;0;0;0;0;0;0;0;0;0
FR;5;2021-07-26;0;0;0;0;0;0;0;0;0;0
FR;5;2021-07-27;0;0;0;0;0;0;0;0;0;0
FR;5;2021-07-28;0;0;0;0;0;0;0;0;0;0
FR;5;2021-07-29;0;0;0;0;0;0;0;0;0;0
FR;5;2021-07-30;0;0;0;0;0;0;0;0;0;0
FR;5;2021-07-31;0;0;0;0;0;0;0;0;0;0
FR;5;2021-08-01;0;0;0;0;0;0;0;0;0;0
FR;5;2021-08-02;0;0;0;0;0;0;0;0;0;0
FR;5;2021-08-03;0;0;0;0;0;0;0;0;0;0
FR;5;2021-08-04;0;0;0;0;0;0;0;0;0;0
FR;5;2021-08-05;0;0;0;0;0;0;0;0;0;0
FR;5;2021-08-06;0;0;0;0;0;0;0;0;0;0
FR;5;2021-08-07;0;0;0;0;0;0;0;0;0;0
FR;5;2021-08-08;0;0;0;0;0;0;0;0;0;0
FR;5;2021-08-09;0;0;0;0;0;0;0;0;0;0
FR;5;2021-08-10;0;0;0;0;0;0;0;0;0;0
FR;5;2021-08-11;0;0;0;0;0;0;0;0;0;0
FR;5;2021-08-12;0;0;0;0;0;0;0;0;0;0
FR;5;2021-08-13;0;0;0;0;0;0;0;0;0;0
FR;5;2021-08-14;0;0;0;0;0;0;0;0;0;0
FR;5;2021-08-15;0;0;0;0;0;0;0;0;0;0
FR;5;2021-08-16;0;0;0;0;0;0;0;0;0;0
FR;5;2021-08-17;0;0;0;0;0;0;0;0;0;0
FR;5;2021-08-18;0;0;0;0;0;0;0;0;0;0
FR;5;2021-08-19;0;0;0;0;0;0;0;0;0;0
FR;5;2021-08-20;0;0;0;0;0;0;0;0;0;0
FR;5;2021-08-21;0;0;0;0;0;0;0;0;0;0
FR;5;2021-08-22;0;0;0;0;0;0;0;0;0;0
FR;5;2021-08-23;0;0;0;0;0;0;0;0;0;0
FR;5;2021-08-24;0;0;0;0;0;0;0;0;0;0
FR;5;2021-08-25;0;0;0;0;0;0;0;0;0;0
FR;5;2021-08-26;0;0;0;0;0;0;0;0;0;0
FR;5;2021-08-27;0;0;0;0;0;0;0;0;0;0
FR;5;2021-08-28;0;0;0;0;0;0;0;0;0;0
FR;5;2021-08-29;0;0;0;0;0;0;0;0;0;0
FR;5;2021-08-30;0;0;0;0;0;0;0;0;0;0
FR;5;2021-08-31;0;0;0;0;0;0;0;0;0;0
FR;5;2021-09-01;0;0;0;0;0;0;0;0;0;0
FR;5;2021-09-02;0;0;0;0;0;0;0;0;0;0
FR;5;2021-09-03;0;0;0;0;0;0;0;0;0;0
FR;5;2021-09-04;0;0;0;0;0;0;0;0;0;0
FR;5;2021-09-05;0;0;0;0;0;0;0;0;0;0
FR;5;2021-09-06;0;0;0;0;0;0;0;0;0;0
FR;5;2021-09-07;0;0;0;0;0;0;0;0;0;0
FR;5;2021-09-08;0;0;0;0;0;0;0;0;0;0
FR;5;2021-09-09;0;0;0;0;0;0;0;0;0;0
FR;5;2021-09-10;0;0;0;0;0;0;0;0;0;0
FR;5;2021-09-11;0;0;0;0;0;0;0;0;0;0
FR;5;2021-09-12;0;0;0;0;0;0;0;0;0;0
FR;5;2021-09-13;0;0;0;0;0;0;0;0;0;0
FR;5;2021-09-14;0;0;0;0;0;0;0;0;0;0
FR;5;2021-09-15;0;0;0;0;0;0;0;0;0;0
FR;5;2021-09-16;0;0;0;0;0;0;0;0;0;0
FR;5;2021-09-17;0;0;0;0;0;0;0;0;0;0
FR;5;2021-09-18;0;0;0;0;0;0;0;0;0;0
FR;5;2021-09-19;0;0;0;0;0;0;0;0;0;0
FR;5;2021-09-20;0;0;0;0;0;0;0;0;0;0
FR;5;2021-09-21;0;0;0;0;0;0;0;0;0;0
FR;5;2021-09-22;0;0;0;0;0;0;0;0;0;0
FR;5;2021-09-23;0;0;0;0;0;0;0;0;0;0
FR;5;2021-09-24;0;0;0;0;0;0;0;0;0;0
FR;5;2021-09-25;0;0;0;0;0;0;0;0;0;0
FR;5;2021-09-26;0;0;0;0;0;0;0;0;0;0
FR;5;2021-09-27;0;0;0;0;0;0;0;0;0;0
FR;5;2021-09-28;0;0;0;0;0;0;0;0;0;0
FR;5;2021-09-29;0;0;0;0;0;0;0;0;0;0
FR;5;2021-09-30;0;0;0;0;0;0;0;0;0;0
FR;5;2021-10-01;0;0;0;0;0;0;0;0;0;0
FR;5;2021-10-02;0;0;0;0;0;0;0;0;0;0
FR;5;2021-10-03;0;0;0;0;0;0;0;0;0;0
FR;5;2021-10-04;0;0;0;0;0;0;0;0;0;0
FR;5;2021-10-05;0;0;0;0;0;0;0;0;0;0
FR;5;2021-10-06;0;0;0;0;0;0;0;0;0;0
FR;5;2021-10-07;0;0;0;0;0;0;0;0;0;0
FR;5;2021-10-08;0;0;0;0;0;0;0;0;0;0
FR;5;2021-10-09;0;0;0;0;0;0;0;0;0;0
FR;5;2021-10-10;0;0;0;0;0;0;0;0;0;0
FR;5;2021-10-11;0;0;0;0;0;0;0;0;0;0
FR;5;2021-10-12;0;0;0;0;0;0;0;0;0;0
FR;5;2021-10-13;0;0;0;0;0;0;0;0;0;0
FR;5;2021-10-14;0;0;0;0;0;0;0;0;0;0
FR;5;2021-10-15;0;0;0;0;0;0;0;0;0;0
FR;5;2021-10-16;0;0;0;0;0;0;0;0;0;0
FR;5;2021-10-17;0;0;0;0;0;0;0;0;0;0
FR;5;2021-10-18;0;0;0;0;0;0;0;0;0;0
FR;5;2021-10-19;0;0;0;0;0;0;0;0;0;0
FR;5;2021-10-20;0;0;0;0;0;0;0;0;0;0
FR;5;2021-10-21;0;0;0;0;0;0;0;0;0;0
FR;5;2021-10-22;0;0;0;0;0;0;0;0;0;0
FR;5;2021-10-23;0;0;0;0;0;0;0;0;0;0
FR;5;2021-10-24;0;0;0;0;0;0;0;0;0;0
FR;5;2021-10-25;0;0;0;0;0;0;0;0;0;0
FR;5;2021-10-26;0;0;0;0;0;0;0;0;0;0
FR;5;2021-10-27;0;0;0;0;0;0;0;0;0;0
FR;5;2021-10-28;0;0;0;0;0;0;0;0;0;0
FR;5;2021-10-29;0;0;0;0;0;0;0;0;0;0
FR;5;2021-10-30;0;0;0;0;0;0;0;0;0;0
FR;5;2021-10-31;0;0;0;0;0;0;0;0;0;0
FR;5;2021-11-01;0;0;0;0;0;0;0;0;0;0
FR;5;2021-11-02;0;0;0;0;0;0;0;0;0;0
FR;5;2021-11-03;0;0;0;0;0;0;0;0;0;0
FR;5;2021-11-04;0;0;0;0;0;0;0;0;0;0
FR;5;2021-11-05;0;0;0;0;0;0;0;0;0;0
FR;5;2021-11-06;0;0;0;0;0;0;0;0;0;0
FR;5;2021-11-07;0;0;0;0;0;0;0;0;0;0
FR;5;2021-11-08;0;0;0;0;0;0;0;0;0;0
FR;5;2021-11-09;0;0;0;0;0;0;0;0;0;0
FR;5;2021-11-10;0;0;0;0;0;0;0;0;0;0
FR;5;2021-11-11;0;0;0;0;0;0;0;0;0;0
FR;5;2021-11-12;0;0;0;0;0;0;0;0;0;0
FR;5;2021-11-13;0;0;0;0;0;0;0;0;0;0
FR;5;2021-11-14;0;0;0;0;0;0;0;0;0;0
FR;5;2021-11-15;0;0;0;0;0;0;0;0;0;0
FR;5;2021-11-16;0;0;0;0;0;0;0;0;0;0
FR;5;2021-11-17;0;0;0;0;0;0;0;0;0;0
FR;5;2021-11-18;0;0;0;0;0;0;0;0;0;0
FR;5;2021-11-19;0;0;0;0;0;0;0;0;0;0
FR;5;2021-11-20;0;0;0;0;0;0;0;0;0;0
FR;5;2021-11-21;0;0;0;0;0;0;0;0;0;0
FR;5;2021-11-22;0;0;0;0;0;0;0;0;0;0
FR;5;2021-11-23;0;0;0;0;0;0;0;0;0;0
FR;5;2021-11-24;0;0;0;0;0;0;0;0;0;0
FR;5;2021-11-25;0;0;0;0;0;0;0;0;0;0
FR;5;2021-11-26;0;0;0;0;0;0;0;0;0;0
FR;5;2021-11-27;0;0;0;0;0;0;0;0;0;0
FR;5;2021-11-28;0;0;0;0;0;0;0;0;0;0
FR;5;2021-11-29;0;0;0;0;0;0;0;0;0;0
FR;5;2021-11-30;0;0;0;0;0;0;0;0;0;0
FR;5;2021-12-01;0;0;0;0;0;0;0;0;0;0
FR;5;2021-12-02;0;0;0;0;0;0;0;0;0;0
FR;5;2021-12-03;0;0;0;0;0;0;0;0;0;0
FR;5;2021-12-04;0;0;0;0;0;0;0;0;0;0
FR;5;2021-12-05;0;0;0;0;0;0;0;0;0;0
FR;5;2021-12-06;0;0;0;0;0;0;0;0;0;0
FR;5;2021-12-07;0;0;0;0;0;0;0;0;0;0
FR;5;2021-12-08;0;0;0;0;0;0;0;0;0;0
FR;5;2021-12-09;0;0;0;0;0;0;0;0;0;0
FR;5;2021-12-10;0;0;0;0;0;0;0;0;0;0
FR;5;2021-12-11;0;0;0;0;0;0;0;0;0;0
FR;5;2021-12-12;0;0;0;0;0;0;0;0;0;0
FR;5;2021-12-13;0;0;0;0;0;0;0;0;0;0
FR;5;2021-12-14;33;45;77;0;88;33;45;77;0;88
FR;5;2021-12-15;196;45;37;0;49;229;90;114;0;137
FR;5;2021-12-16;181;21;44;0;48;410;111;158;0;185
FR;5;2021-12-17;312;16;72;0;74;722;127;230;0;259
FR;5;2021-12-18;766;24;22;0;29;1488;151;252;0;288
FR;5;2021-12-19;586;15;15;0;17;2074;166;267;0;305
FR;5;2021-12-20;1223;31;35;0;38;3297;197;302;0;343
FR;5;2021-12-21;1535;22;54;1;60;4832;219;356;1;403
FR;5;2021-12-22;4069;40;37;0;46;8901;259;393;1;449
FR;5;2021-12-23;3042;16;21;0;25;11943;275;414;1;474
FR;5;2021-12-24;761;18;9;0;14;12704;293;423;1;488
FR;5;2021-12-25;61;5;2;0;3;12765;298;425;1;491
FR;5;2021-12-26;623;6;3;0;4;13388;304;428;1;495
FR;5;2021-12-27;4085;25;21;0;23;17473;329;449;1;518
FR;5;2021-12-28;5204;23;41;1;43;22677;352;490;2;561
FR;5;2021-12-29;8107;34;66;2;69;30784;386;556;4;630
FR;5;2021-12-30;5173;18;33;0;39;35957;404;589;4;669
FR;5;2021-12-31;1553;8;10;0;11;37510;412;599;4;680
FR;5;2022-01-01;185;2;2;0;3;37695;414;601;4;683
FR;5;2022-01-02;1489;1;1;0;1;39184;415;602;4;684
FR;5;2022-01-03;3066;36;33;0;32;42250;451;635;4;716
FR;5;2022-01-04;3033;39;33;0;42;45283;490;668;4;758
FR;5;2022-01-05;19323;203;97;1;108;64606;693;765;5;866
FR;5;2022-01-06;3748;134;122;0;142;68354;827;887;5;1008
FR;5;2022-01-07;5007;202;48;2;56;73361;1029;935;7;1064
FR;5;2022-01-08;13658;514;45;0;52;87019;1543;980;7;1116
FR;5;2022-01-09;5754;399;15;0;20;92773;1942;995;7;1136
FR;5;2022-01-10;3455;326;25;0;29;96228;2268;1020;7;1165
FR;5;2022-01-11;3671;284;38;0;41;99899;2552;1058;7;1206
FR;5;2022-01-12;22652;3005;89;0;112;122551;5557;1147;7;1318
FR;5;2022-01-13;4038;622;30;0;32;126589;6179;1177;7;1350
FR;5;2022-01-14;4843;582;44;0;51;131432;6761;1221;7;1401
FR;5;2022-01-15;14686;1746;38;3;49;146118;8507;1259;10;1450
FR;5;2022-01-16;4727;666;3;0;5;150845;9173;1262;10;1455
FR;5;2022-01-17;2297;718;26;0;29;153142;9891;1288;10;1484
FR;5;2022-01-18;2431;870;30;0;40;155573;10761;1318;10;1524
FR;5;2022-01-19;18483;6423;74;2;142;174056;17184;1392;12;1666
FR;5;2022-01-20;1920;1068;25;0;34;175976;18252;1417;12;1700
FR;5;2022-01-21;3077;1372;47;1;59;179053;19624;1464;13;1759
FR;5;2022-01-22;10720;3454;33;1;43;189773;23078;1497;14;1802
FR;5;2022-01-23;2629;1415;6;0;10;192402;24493;1503;14;1812
FR;5;2022-01-24;1161;1340;19;0;23;193563;25833;1522;14;1835
FR;5;2022-01-25;1220;1549;20;2;31;194783;27382;1542;16;1866
FR;5;2022-01-26;10751;12029;50;1;89;205534;39411;1592;17;1955
FR;5;2022-01-27;1291;1692;10;0;17;206825;41103;1602;17;1972
FR;5;2022-01-28;1699;3347;16;0;19;208524;44450;1618;17;1991
FR;5;2022-01-29;6241;8041;68;0;96;214765;52491;1686;17;2087
FR;5;2022-01-30;1509;2950;5;0;18;216274;55441;1691;17;2105
FR;5;2022-01-31;589;1773;23;0;24;216863;57214;1714;17;2129
FR;5;2022-02-01;712;1706;10;0;15;217575;58920;1724;17;2144
FR;5;2022-02-02;6958;15656;52;0;94;224533;74576;1776;17;2238
FR;5;2022-02-03;491;1691;14;0;13;225024;76267;1790;17;2251
FR;5;2022-02-04;945;3002;19;0;31;225969;79269;1809;17;2282
FR;5;2022-02-05;3535;8919;23;0;37;229504;88188;1832;17;2319
FR;5;2022-02-06;737;2397;10;0;19;230241;90585;1842;17;2338
FR;5;2022-02-07;884;1596;23;0;25;231125;92181;1865;17;2363
FR;5;2022-02-08;722;1287;18;0;20;231847;93468;1883;17;2383
FR;5;2022-02-09;4544;12878;44;0;76;236391;106346;1927;17;2459
FR;5;2022-02-10;646;1059;14;0;15;237037;107405;1941;17;2474
FR;5;2022-02-11;793;2032;16;0;21;237830;109437;1957;17;2495
FR;5;2022-02-12;2286;6812;33;0;53;240116;116249;1990;17;2548
FR;5;2022-02-13;464;1540;8;0;8;240580;117789;1998;17;2556
FR;5;2022-02-14;678;1288;10;0;13;241258;119077;2008;17;2569
FR;5;2022-02-15;482;886;9;0;14;241740;119963;2017;17;2583
FR;5;2022-02-16;2980;9123;41;1;58;244720;129086;2058;18;2641
FR;5;2022-02-17;436;809;6;0;7;245156;129895;2064;18;2648
FR;5;2022-02-18;649;1408;13;0;17;245805;131303;2077;18;2665
FR;5;2022-02-19;1373;4315;16;0;28;247178;135618;2093;18;2693
FR;5;2022-02-20;247;879;6;0;8;247425;136497;2099;18;2701
FR;5;2022-02-21;221;607;2;0;4;247646;137104;2101;18;2705
FR;5;2022-02-22;262;545;17;0;17;247908;137649;2118;18;2722
FR;5;2022-02-23;1909;6926;23;1;43;249817;144575;2141;19;2765
FR;5;2022-02-24;182;374;6;1;7;249999;144949;2147;20;2772
FR;5;2022-02-25;336;950;13;0;12;250335;145899;2160;20;2784
FR;5;2022-02-26;972;3071;11;0;15;251307;148970;2171;20;2799
FR;5;2022-02-27;150;506;0;0;3;251457;149476;2171;20;2802
FR;5;2022-02-28;162;369;1;0;1;251619;149845;2172;20;2803
FR;5;2022-03-01;130;280;6;0;7;251749;150125;2178;20;2810
FR;5;2022-03-02;1241;4156;28;3;40;252990;154281;2206;23;2850
FR;5;2022-03-03;121;251;5;0;10;253111;154532;2211;23;2860
FR;5;2022-03-04;197;488;13;0;14;253308;155020;2224;23;2874
FR;5;2022-03-05;677;1990;8;0;16;253985;157010;2232;23;2890
FR;5;2022-03-06;108;260;0;0;0;254093;157270;2232;23;2890
FR;5;2022-03-07;71;228;5;0;3;254164;157498;2237;23;2893
FR;5;2022-03-08;46;134;7;1;8;254210;157632;2244;24;2901
FR;5;2022-03-09;910;3078;24;0;36;255120;160710;2268;24;2937
FR;5;2022-03-10;82;202;9;0;13;255202;160912;2277;24;2950
FR;5;2022-03-11;148;369;13;1;15;255350;161281;2290;25;2965
FR;5;2022-03-12;758;1613;13;1;30;256108;162894;2303;26;2995
FR;5;2022-03-13;78;100;0;0;0;256186;162994;2303;26;2995
FR;5;2022-03-14;67;119;7;1;7;256253;163113;2310;27;3002
FR;5;2022-03-15;83;99;4;0;7;256336;163212;2314;27;3009
FR;5;2022-03-16;882;1827;15;3;36;257218;165039;2329;30;3045
FR;5;2022-03-17;68;123;8;4;10;257286;165162;2337;34;3055
FR;5;2022-03-18;172;318;13;4;18;257458;165480;2350;38;3073
FR;5;2022-03-19;751;1163;12;5;33;258209;166643;2362;43;3106
FR;5;2022-03-20;45;93;1;0;1;258254;166736;2363;43;3107
FR;5;2022-03-21;71;120;10;6;15;258325;166856;2373;49;3122
FR;5;2022-03-22;56;119;8;7;9;258381;166975;2381;56;3131
FR;5;2022-03-23;805;1461;14;8;36;259186;168436;2395;64;3167
FR;5;2022-03-24;70;93;8;7;7;259256;168529;2403;71;3174
FR;5;2022-03-25;222;293;14;8;18;259478;168822;2417;79;3192
FR;5;2022-03-26;707;853;12;5;26;260185;169675;2429;84;3218
FR;5;2022-03-27;75;80;0;0;3;260260;169755;2429;84;3221
FR;5;2022-03-28;81;93;1;2;3;260341;169848;2430;86;3224
FR;5;2022-03-29;71;82;10;4;12;260412;169930;2440;90;3236
FR;5;2022-03-30;823;1116;16;13;29;261235;171046;2456;103;3265
FR;5;2022-03-31;102;125;1;4;6;261337;171171;2457;107;3271
FR;5;2022-04-01;114;86;7;12;11;261451;171257;2464;119;3282
FR;5;2022-04-02;330;349;3;3;15;261781;171606;2467;122;3297
FR;5;2022-04-03;54;59;1;0;1;261835;171665;2468;122;3298
FR;5;2022-04-04;40;57;4;1;8;261875;171722;2472;123;3306
FR;5;2022-04-05;52;60;6;7;9;261927;171782;2478;130;3315
FR;5;2022-04-06;421;439;7;15;16;262348;172221;2485;145;3331
FR;5;2022-04-07;45;69;5;7;7;262393;172290;2490;152;3338
FR;5;2022-04-08;134;112;12;13;14;262527;172402;2502;165;3352
FR;5;2022-04-09;311;324;2;5;17;262838;172726;2504;170;3369
FR;5;2022-04-10;44;31;2;0;2;262882;172757;2506;170;3371
FR;5;2022-04-11;50;60;3;2;4;262932;172817;2509;172;3375
FR;5;2022-04-12;59;54;3;3;5;262991;172871;2512;175;3380
FR;5;2022-04-13;382;413;3;8;16;263373;173284;2515;183;3396
FR;5;2022-04-14;48;51;5;5;9;263421;173335;2520;188;3405
FR;5;2022-04-15;91;109;4;4;5;263512;173444;2524;192;3410
FR;5;2022-04-16;188;184;2;1;13;263700;173628;2526;193;3423
FR;5;2022-04-17;12;11;1;0;1;263712;173639;2527;193;3424
FR;5;2022-04-18;9;10;2;0;3;263721;173649;2529;193;3427
FR;5;2022-04-19;75;71;6;1;6;263796;173720;2535;194;3433
FR;5;2022-04-20;361;349;9;6;12;264157;174069;2544;200;3445
FR;5;2022-04-21;42;64;9;10;12;264199;174133;2553;210;3457
FR;5;2022-04-22;113;96;5;4;5;264312;174229;2558;214;3462
FR;5;2022-04-23;209;193;4;2;11;264521;174422;2562;216;3473
FR;5;2022-04-24;37;35;0;0;3;264558;174457;2562;216;3476
FR;5;2022-04-25;69;65;1;1;4;264627;174522;2563;217;3480
FR;5;2022-04-26;60;63;2;1;5;264687;174585;2565;218;3485
FR;5;2022-04-27;335;316;3;7;14;265022;174901;2568;225;3499
FR;5;2022-04-28;81;54;4;5;8;265103;174955;2572;230;3507
FR;5;2022-04-29;117;84;5;19;12;265220;175039;2577;249;3519
FR;5;2022-04-30;183;114;2;3;10;265403;175153;2579;252;3529
FR;5;2022-05-01;11;7;0;0;0;265414;175160;2579;252;3529
FR;5;2022-05-02;52;28;4;5;2;265466;175188;2583;257;3531
FR;5;2022-05-03;84;57;2;5;11;265550;175245;2585;262;3542
FR;5;2022-05-04;278;205;1;2;7;265828;175450;2586;264;3549
FR;5;2022-05-05;62;32;3;4;5;265890;175482;2589;268;3554
FR;5;2022-05-06;105;65;2;3;5;265995;175547;2591;271;3559
FR;5;2022-05-07;171;117;2;10;13;266166;175664;2593;281;3572
FR;5;2022-05-08;8;8;0;0;2;266174;175672;2593;281;3574
FR;5;2022-05-09;44;34;15;3;16;266218;175706;2608;284;3590
FR;5;2022-05-10;54;49;3;4;5;266272;175755;2611;288;3595
FR;5;2022-05-11;326;237;12;7;21;266598;175992;2623;295;3616
FR;5;2022-05-12;46;34;2;2;2;266644;176026;2625;297;3618
FR;5;2022-05-13;109;83;3;8;8;266753;176109;2628;305;3626
FR;5;2022-05-14;209;131;0;1;8;266962;176240;2628;306;3634
FR;5;2022-05-15;22;9;2;0;1;266984;176249;2630;306;3635
FR;5;2022-05-16;52;34;4;5;4;267036;176283;2634;311;3639
FR;5;2022-05-17;72;40;5;0;2;267108;176323;2639;311;3641
FR;5;2022-05-18;289;215;4;4;8;267397;176538;2643;315;3649
FR;5;2022-05-19;45;35;5;3;3;267442;176573;2648;318;3652
FR;5;2022-05-20;76;63;3;10;1;267518;176636;2651;328;3653
FR;5;2022-05-21;242;166;2;3;17;267760;176802;2653;331;3670
FR;5;2022-05-22;20;14;2;5;2;267780;176816;2655;336;3672
FR;5;2022-05-23;42;31;4;3;6;267822;176847;2659;339;3678
FR;5;2022-05-24;47;45;3;2;5;267869;176892;2662;341;3683
FR;5;2022-05-25;329;257;4;1;16;268198;177149;2666;342;3699
FR;5;2022-05-26;17;5;0;1;2;268215;177154;2666;343;3701
FR;5;2022-05-27;99;54;4;4;9;268314;177208;2670;347;3710
FR;5;2022-05-28;100;78;5;3;10;268414;177286;2675;350;3720
FR;5;2022-05-29;14;14;1;0;2;268428;177300;2676;350;3722
FR;5;2022-05-30;56;41;2;1;2;268484;177341;2678;351;3724
FR;5;2022-05-31;57;43;1;8;1;268541;177384;2679;359;3725
FR;5;2022-06-01;257;241;9;2;25;268798;177625;2688;361;3750
FR;5;2022-06-02;63;61;5;0;9;268861;177686;2693;361;3759
FR;5;2022-06-03;82;71;4;5;10;268943;177757;2697;366;3769
FR;5;2022-06-04;157;109;2;1;9;269100;177866;2699;367;3778
FR;5;2022-06-05;18;11;0;0;1;269118;177877;2699;367;3779
FR;5;2022-06-06;16;9;0;1;0;269134;177886;2699;368;3779
FR;5;2022-06-07;50;56;1;1;2;269184;177942;2700;369;3781
FR;5;2022-06-08;283;225;3;4;17;269467;178167;2703;373;3798
FR;5;2022-06-09;52;41;6;3;7;269519;178208;2709;376;3805
FR;5;2022-06-10;81;72;1;1;6;269600;178280;2710;377;3811
FR;5;2022-06-11;173;141;3;3;10;269773;178421;2713;380;3821
FR;5;2022-06-12;17;16;0;0;2;269790;178437;2713;380;3823
FR;5;2022-06-13;56;47;9;3;10;269846;178484;2722;383;3833
FR;5;2022-06-14;59;56;1;4;6;269905;178540;2723;387;3839
FR;5;2022-06-15;266;260;5;2;27;270171;178800;2728;389;3866
FR;5;2022-06-16;47;30;5;2;5;270218;178830;2733;391;3871
FR;5;2022-06-17;100;67;5;5;10;270318;178897;2738;396;3881
FR;5;2022-06-18;146;95;10;2;26;270464;178992;2748;398;3907
FR;5;2022-06-19;26;15;0;1;4;270490;179007;2748;399;3911
FR;5;2022-06-20;56;50;8;0;11;270546;179057;2756;399;3922
FR;5;2022-06-21;52;73;5;3;7;270598;179130;2761;402;3929
FR;5;2022-06-22;224;247;7;9;33;270822;179377;2768;411;3962
FR;5;2022-06-23;50;38;2;5;6;270872;179415;2770;416;3968
FR;5;2022-06-24;91;70;12;5;16;270963;179485;2782;421;3984
FR;5;2022-06-25;154;124;3;7;14;271117;179609;2785;428;3998
FR;5;2022-06-26;26;19;2;0;5;271143;179628;2787;428;4003
FR;5;2022-06-27;57;60;5;7;11;271200;179688;2792;435;4014
FR;5;2022-06-28;70;49;8;2;14;271270;179737;2800;437;4028
FR;5;2022-06-29;297;268;9;21;34;271567;180005;2809;458;4062
FR;5;2022-06-30;89;57;10;12;17;271656;180062;2819;470;4079
FR;5;2022-07-01;127;65;7;11;12;271783;180127;2826;481;4091
FR;5;2022-07-02;191;132;4;0;22;271974;180259;2830;481;4113
FR;5;2022-07-03;30;25;1;0;4;272004;180284;2831;481;4117
FR;5;2022-07-04;103;64;2;5;6;272107;180348;2833;486;4123
FR;5;2022-07-05;104;72;3;8;13;272211;180420;2836;494;4136
FR;5;2022-07-06;277;168;9;36;27;272488;180588;2845;530;4163
FR;5;2022-07-07;88;68;6;9;13;272576;180656;2851;539;4176
FR;5;2022-07-08;152;120;7;14;25;272728;180776;2858;553;4201
FR;5;2022-07-09;116;68;1;8;10;272844;180844;2859;561;4211
FR;5;2022-07-10;15;6;0;0;1;272859;180850;2859;561;4212
FR;5;2022-07-11;92;72;10;2;19;272951;180922;2869;563;4231
FR;5;2022-07-12;67;63;5;10;7;273018;180985;2874;573;4238
FR;5;2022-07-13;169;118;10;19;16;273187;181103;2884;592;4254
FR;5;2022-07-14;8;4;0;0;0;273195;181107;2884;592;4254
FR;5;2022-07-15;74;66;5;14;15;273269;181173;2889;606;4269
FR;5;2022-07-16;54;44;3;0;3;273323;181217;2892;606;4272
FR;5;2022-07-17;10;7;3;0;2;273333;181224;2895;606;4274
FR;5;2022-07-18;60;47;0;4;4;273393;181271;2895;610;4278
FR;5;2022-07-19;63;42;5;3;7;273456;181313;2900;613;4285
FR;5;2022-07-20;119;106;4;11;14;273575;181419;2904;624;4299
FR;5;2022-07-21;38;43;2;10;5;273613;181462;2906;634;4304
FR;5;2022-07-22;48;69;11;13;23;273661;181531;2917;647;4327
FR;5;2022-07-23;59;78;2;1;11;273720;181609;2919;648;4338
FR;5;2022-07-24;11;9;3;1;3;273731;181618;2922;649;4341
FR;5;2022-07-25;53;48;2;7;8;273784;181666;2924;656;4349
FR;5;2022-07-26;58;52;5;41;6;273842;181718;2929;697;4355
FR;5;2022-07-27;106;118;4;4;13;273948;181836;2933;701;4368
FR;5;2022-07-28;39;35;2;2;6;273987;181871;2935;703;4374
FR;5;2022-07-29;56;74;3;14;8;274043;181945;2938;717;4382
FR;5;2022-07-30;55;53;5;1;7;274098;181998;2943;718;4389
FR;5;2022-07-31;7;11;1;0;1;274105;182009;2944;718;4390
FR;5;2022-08-01;39;53;1;2;6;274144;182062;2945;720;4396
FR;5;2022-08-02;32;43;8;7;8;274176;182105;2953;727;4404
FR;5;2022-08-03;54;51;4;10;9;274230;182156;2957;737;4413
FR;5;2022-08-04;20;18;1;6;1;274250;182174;2958;743;4414
FR;5;2022-08-05;35;26;3;3;3;274285;182200;2961;746;4417
FR;5;2022-08-06;23;26;1;0;1;274308;182226;2962;746;4418
FR;5;2022-08-07;2;2;1;0;1;274310;182228;2963;746;4419
FR;5;2022-08-08;26;19;1;2;2;274336;182247;2964;748;4421
FR;5;2022-08-09;26;28;3;3;3;274362;182275;2967;751;4424
FR;5;2022-08-10;47;47;2;0;5;274409;182322;2969;751;4429
FR;5;2022-08-11;19;36;2;2;5;274428;182358;2971;753;4434
FR;5;2022-08-12;27;28;2;0;2;274455;182386;2973;753;4436
FR;5;2022-08-13;16;18;0;0;0;274471;182404;2973;753;4436
FR;5;2022-08-14;2;3;0;0;0;274473;182407;2973;753;4436
FR;5;2022-08-15;2;5;0;0;0;274475;182412;2973;753;4436
FR;5;2022-08-16;33;26;3;0;6;274508;182438;2976;753;4442
FR;5;2022-08-17;52;55;2;1;1;274560;182493;2978;754;4443
FR;5;2022-08-18;26;18;8;17;10;274586;182511;2986;771;4453
FR;5;2022-08-19;25;33;1;2;2;274611;182544;2987;773;4455
FR;5;2022-08-20;25;27;2;1;4;274636;182571;2989;774;4459
FR;5;2022-08-21;7;4;1;0;1;274643;182575;2990;774;4460
FR;5;2022-08-22;39;26;1;6;2;274682;182601;2991;780;4462
FR;5;2022-08-23;27;26;1;1;2;274709;182627;2992;781;4464
FR;5;2022-08-24;50;43;0;0;0;274759;182670;2992;781;4464
FR;5;2022-08-25;27;26;3;1;2;274786;182696;2995;782;4466
FR;5;2022-08-26;48;38;7;2;5;274834;182734;3002;784;4471
FR;5;2022-08-27;46;28;1;0;3;274880;182762;3003;784;4474
FR;5;2022-08-28;5;6;0;0;0;274885;182768;3003;784;4474
FR;5;2022-08-29;58;44;1;1;4;274943;182812;3004;785;4478
FR;5;2022-08-30;43;23;12;29;10;274986;182835;3016;814;4488
FR;5;2022-08-31;52;47;6;1;11;275038;182882;3022;815;4499
FR;5;2022-09-01;14;8;1;4;1;275052;182890;3023;819;4500
FR;5;2022-09-02;42;22;8;2;9;275094;182912;3031;821;4509
FR;5;2022-09-03;69;37;2;0;2;275163;182949;3033;821;4511
FR;5;2022-09-04;12;7;1;0;3;275175;182956;3034;821;4514
FR;5;2022-09-05;7;4;1;0;1;275182;182960;3035;821;4515
FR;5;2022-09-06;21;14;3;15;2;275203;182974;3038;836;4517
FR;5;2022-09-07;79;53;1;1;3;275282;183027;3039;837;4520
FR;5;2022-09-08;9;4;0;4;0;275291;183031;3039;841;4520
FR;5;2022-09-09;40;11;9;2;10;275331;183042;3048;843;4530
FR;5;2022-09-10;40;45;1;1;8;275371;183087;3049;844;4538
FR;5;2022-09-11;3;3;0;0;1;275374;183090;3049;844;4539
FR;5;2022-09-12;7;5;2;2;2;275381;183095;3051;846;4541
FR;5;2022-09-13;9;6;0;1;3;275390;183101;3051;847;4544
FR;5;2022-09-14;52;46;4;7;9;275442;183147;3055;854;4553
FR;5;2022-09-15;11;13;2;3;5;275453;183160;3057;857;4558
FR;5;2022-09-16;25;33;1;4;3;275478;183193;3058;861;4561
FR;5;2022-09-17;60;43;1;1;5;275538;183236;3059;862;4566
FR;5;2022-09-18;9;6;0;1;1;275547;183242;3059;863;4567
FR;5;2022-09-19;22;17;2;1;5;275569;183259;3061;864;4572
FR;5;2022-09-20;15;11;3;3;1;275584;183270;3064;867;4573
FR;5;2022-09-21;68;45;9;0;13;275652;183315;3073;867;4586
FR;5;2022-09-22;12;6;4;24;4;275664;183321;3077;891;4590
FR;5;2022-09-23;19;24;2;3;8;275683;183345;3079;894;4598
FR;5;2022-09-24;44;51;1;8;5;275727;183396;3080;902;4603
FR;5;2022-09-25;6;12;0;0;1;275733;183408;3080;902;4604
FR;5;2022-09-26;14;7;0;2;0;275747;183415;3080;904;4604
FR;5;2022-09-27;7;12;4;9;4;275754;183427;3084;913;4608
FR;5;2022-09-28;65;64;5;0;7;275819;183491;3089;913;4615
FR;5;2022-09-29;17;9;1;0;1;275836;183500;3090;913;4616
FR;5;2022-09-30;28;44;2;2;4;275864;183544;3092;915;4620
FR;5;2022-10-01;39;35;5;5;8;275903;183579;3097;920;4628
FR;5;2022-10-02;1;9;1;0;1;275904;183588;3098;920;4629
FR;5;2022-10-03;6;6;3;0;4;275910;183594;3101;920;4633
FR;5;2022-10-04;10;8;0;3;1;275920;183602;3101;923;4634
FR;5;2022-10-05;56;61;2;2;13;275976;183663;3103;925;4647
FR;5;2022-10-06;12;10;0;4;1;275988;183673;3103;929;4648
FR;5;2022-10-07;21;31;1;0;5;276009;183704;3104;929;4653
FR;5;2022-10-08;33;51;1;0;7;276042;183755;3105;929;4660
FR;5;2022-10-09;7;10;0;0;1;276049;183765;3105;929;4661
FR;5;2022-10-10;14;5;0;1;0;276063;183770;3105;930;4661
FR;5;2022-10-11;6;13;2;0;2;276069;183783;3107;930;4663
FR;5;2022-10-12;38;56;3;2;8;276107;183839;3110;932;4671
FR;5;2022-10-13;11;16;2;0;4;276118;183855;3112;932;4675
FR;5;2022-10-14;21;21;1;0;5;276139;183876;3113;932;4680
FR;5;2022-10-15;19;26;10;0;11;276158;183902;3123;932;4691
FR;5;2022-10-16;3;1;0;0;1;276161;183903;3123;932;4692
FR;5;2022-10-17;7;8;2;1;3;276168;183911;3125;933;4695
FR;5;2022-10-18;4;7;0;2;0;276172;183918;3125;935;4695
FR;5;2022-10-19;38;42;8;0;11;276210;183960;3133;935;4706
FR;5;2022-10-20;18;15;2;1;3;276228;183975;3135;936;4709
FR;5;2022-10-21;22;15;6;0;8;276250;183990;3141;936;4717
FR;5;2022-10-22;34;27;2;11;5;276284;184017;3143;947;4722
FR;5;2022-10-23;9;3;0;0;0;276293;184020;3143;947;4722
FR;5;2022-10-24;14;7;6;7;9;276307;184027;3149;954;4731
FR;5;2022-10-25;12;9;6;3;8;276319;184036;3155;957;4739
FR;5;2022-10-26;34;20;6;0;10;276353;184056;3161;957;4749
FR;5;2022-10-27;16;4;4;0;4;276369;184060;3165;957;4753
FR;5;2022-10-28;20;13;5;3;6;276389;184073;3170;960;4759
FR;5;2022-10-29;21;13;0;0;3;276410;184086;3170;960;4762
FR;5;2022-10-30;1;3;2;0;3;276411;184089;3172;960;4765
FR;5;2022-10-31;14;10;1;1;2;276425;184099;3173;961;4767
FR;5;2022-11-01;1;0;0;1;0;276426;184099;3173;962;4767
FR;5;2022-11-02;22;15;5;4;4;276448;184114;3178;966;4771
FR;6;2020-12-27;0;0;0;0;0;0;0;0;0;0
FR;6;2020-12-28;0;0;0;0;0;0;0;0;0;0
FR;6;2020-12-29;0;0;0;0;0;0;0;0;0;0
FR;6;2020-12-30;0;0;0;0;0;0;0;0;0;0
FR;6;2020-12-31;0;0;0;0;0;0;0;0;0;0
FR;6;2021-01-01;0;0;0;0;0;0;0;0;0;0
FR;6;2021-01-02;0;0;0;0;0;0;0;0;0;0
FR;6;2021-01-03;0;0;0;0;0;0;0;0;0;0
FR;6;2021-01-04;0;0;0;0;0;0;0;0;0;0
FR;6;2021-01-05;0;0;0;0;0;0;0;0;0;0
FR;6;2021-01-06;0;0;0;0;0;0;0;0;0;0
FR;6;2021-01-07;0;0;0;0;0;0;0;0;0;0
FR;6;2021-01-08;0;0;0;0;0;0;0;0;0;0
FR;6;2021-01-09;0;0;0;0;0;0;0;0;0;0
FR;6;2021-01-10;0;0;0;0;0;0;0;0;0;0
FR;6;2021-01-11;0;0;0;0;0;0;0;0;0;0
FR;6;2021-01-12;0;0;0;0;0;0;0;0;0;0
FR;6;2021-01-13;0;0;0;0;0;0;0;0;0;0
FR;6;2021-01-14;0;0;0;0;0;0;0;0;0;0
FR;6;2021-01-15;0;0;0;0;0;0;0;0;0;0
FR;6;2021-01-16;0;0;0;0;0;0;0;0;0;0
FR;6;2021-01-17;0;0;0;0;0;0;0;0;0;0
FR;6;2021-01-18;0;0;0;0;0;0;0;0;0;0
FR;6;2021-01-19;0;0;0;0;0;0;0;0;0;0
FR;6;2021-01-20;0;0;0;0;0;0;0;0;0;0
FR;6;2021-01-21;0;0;0;0;0;0;0;0;0;0
FR;6;2021-01-22;0;0;0;0;0;0;0;0;0;0
FR;6;2021-01-23;0;0;0;0;0;0;0;0;0;0
FR;6;2021-01-24;0;0;0;0;0;0;0;0;0;0
FR;6;2021-01-25;0;0;0;0;0;0;0;0;0;0
FR;6;2021-01-26;0;0;0;0;0;0;0;0;0;0
FR;6;2021-01-27;0;0;0;0;0;0;0;0;0;0
FR;6;2021-01-28;0;0;0;0;0;0;0;0;0;0
FR;6;2021-01-29;0;0;0;0;0;0;0;0;0;0
FR;6;2021-01-30;0;0;0;0;0;0;0;0;0;0
FR;6;2021-01-31;0;0;0;0;0;0;0;0;0;0
FR;6;2021-02-01;0;0;0;0;0;0;0;0;0;0
FR;6;2021-02-02;0;0;0;0;0;0;0;0;0;0
FR;6;2021-02-03;0;0;0;0;0;0;0;0;0;0
FR;6;2021-02-04;0;0;0;0;0;0;0;0;0;0
FR;6;2021-02-05;0;0;0;0;0;0;0;0;0;0
FR;6;2021-02-06;0;0;0;0;0;0;0;0;0;0
FR;6;2021-02-07;0;0;0;0;0;0;0;0;0;0
FR;6;2021-02-08;0;0;0;0;0;0;0;0;0;0
FR;6;2021-02-09;0;0;0;0;0;0;0;0;0;0
FR;6;2021-02-10;0;0;0;0;0;0;0;0;0;0
FR;6;2021-02-11;0;0;0;0;0;0;0;0;0;0
FR;6;2021-02-12;0;0;0;0;0;0;0;0;0;0
FR;6;2021-02-13;0;0;0;0;0;0;0;0;0;0
FR;6;2021-02-14;0;0;0;0;0;0;0;0;0;0
FR;6;2021-02-15;0;0;0;0;0;0;0;0;0;0
FR;6;2021-02-16;0;0;0;0;0;0;0;0;0;0
FR;6;2021-02-17;0;0;0;0;0;0;0;0;0;0
FR;6;2021-02-18;0;0;0;0;0;0;0;0;0;0
FR;6;2021-02-19;0;0;0;0;0;0;0;0;0;0
FR;6;2021-02-20;0;0;0;0;0;0;0;0;0;0
FR;6;2021-02-21;0;0;0;0;0;0;0;0;0;0
FR;6;2021-02-22;0;0;0;0;0;0;0;0;0;0
FR;6;2021-02-23;0;0;0;0;0;0;0;0;0;0
FR;6;2021-02-24;0;0;0;0;0;0;0;0;0;0
FR;6;2021-02-25;0;0;0;0;0;0;0;0;0;0
FR;6;2021-02-26;0;0;0;0;0;0;0;0;0;0
FR;6;2021-02-27;0;0;0;0;0;0;0;0;0;0
FR;6;2021-02-28;0;0;0;0;0;0;0;0;0;0
FR;6;2021-03-01;0;0;0;0;0;0;0;0;0;0
FR;6;2021-03-02;0;0;0;0;0;0;0;0;0;0
FR;6;2021-03-03;0;0;0;0;0;0;0;0;0;0
FR;6;2021-03-04;0;0;0;0;0;0;0;0;0;0
FR;6;2021-03-05;0;0;0;0;0;0;0;0;0;0
FR;6;2021-03-06;0;0;0;0;0;0;0;0;0;0
FR;6;2021-03-07;0;0;0;0;0;0;0;0;0;0
FR;6;2021-03-08;0;0;0;0;0;0;0;0;0;0
FR;6;2021-03-09;0;0;0;0;0;0;0;0;0;0
FR;6;2021-03-10;0;0;0;0;0;0;0;0;0;0
FR;6;2021-03-11;0;0;0;0;0;0;0;0;0;0
FR;6;2021-03-12;0;0;0;0;0;0;0;0;0;0
FR;6;2021-03-13;0;0;0;0;0;0;0;0;0;0
FR;6;2021-03-14;0;0;0;0;0;0;0;0;0;0
FR;6;2021-03-15;0;0;0;0;0;0;0;0;0;0
FR;6;2021-03-16;0;0;0;0;0;0;0;0;0;0
FR;6;2021-03-17;0;0;0;0;0;0;0;0;0;0
FR;6;2021-03-18;0;0;0;0;0;0;0;0;0;0
FR;6;2021-03-19;0;0;0;0;0;0;0;0;0;0
FR;6;2021-03-20;0;0;0;0;0;0;0;0;0;0
FR;6;2021-03-21;0;0;0;0;0;0;0;0;0;0
FR;6;2021-03-22;0;0;0;0;0;0;0;0;0;0
FR;6;2021-03-23;0;0;0;0;0;0;0;0;0;0
FR;6;2021-03-24;0;0;0;0;0;0;0;0;0;0
FR;6;2021-03-25;0;0;0;0;0;0;0;0;0;0
FR;6;2021-03-26;0;0;0;0;0;0;0;0;0;0
FR;6;2021-03-27;0;0;0;0;0;0;0;0;0;0
FR;6;2021-03-28;0;0;0;0;0;0;0;0;0;0
FR;6;2021-03-29;0;0;0;0;0;0;0;0;0;0
FR;6;2021-03-30;0;0;0;0;0;0;0;0;0;0
FR;6;2021-03-31;0;0;0;0;0;0;0;0;0;0
FR;6;2021-04-01;0;0;0;0;0;0;0;0;0;0
FR;6;2021-04-02;0;0;0;0;0;0;0;0;0;0
FR;6;2021-04-03;0;0;0;0;0;0;0;0;0;0
FR;6;2021-04-04;0;0;0;0;0;0;0;0;0;0
FR;6;2021-04-05;0;0;0;0;0;0;0;0;0;0
FR;6;2021-04-06;0;0;0;0;0;0;0;0;0;0
FR;6;2021-04-07;0;0;0;0;0;0;0;0;0;0
FR;6;2021-04-08;0;0;0;0;0;0;0;0;0;0
FR;6;2021-04-09;0;0;0;0;0;0;0;0;0;0
FR;6;2021-04-10;0;0;0;0;0;0;0;0;0;0
FR;6;2021-04-11;0;0;0;0;0;0;0;0;0;0
FR;6;2021-04-12;0;0;0;0;0;0;0;0;0;0
FR;6;2021-04-13;0;0;0;0;0;0;0;0;0;0
FR;6;2021-04-14;0;0;0;0;0;0;0;0;0;0
FR;6;2021-04-15;0;0;0;0;0;0;0;0;0;0
FR;6;2021-04-16;0;0;0;0;0;0;0;0;0;0
FR;6;2021-04-17;0;0;0;0;0;0;0;0;0;0
FR;6;2021-04-18;0;0;0;0;0;0;0;0;0;0
FR;6;2021-04-19;0;0;0;0;0;0;0;0;0;0
FR;6;2021-04-20;0;0;0;0;0;0;0;0;0;0
FR;6;2021-04-21;0;0;0;0;0;0;0;0;0;0
FR;6;2021-04-22;0;0;0;0;0;0;0;0;0;0
FR;6;2021-04-23;0;0;0;0;0;0;0;0;0;0
FR;6;2021-04-24;0;0;0;0;0;0;0;0;0;0
FR;6;2021-04-25;0;0;0;0;0;0;0;0;0;0
FR;6;2021-04-26;0;0;0;0;0;0;0;0;0;0
FR;6;2021-04-27;0;0;0;0;0;0;0;0;0;0
FR;6;2021-04-28;0;0;0;0;0;0;0;0;0;0
FR;6;2021-04-29;0;0;0;0;0;0;0;0;0;0
FR;6;2021-04-30;0;0;0;0;0;0;0;0;0;0
FR;6;2021-05-01;0;0;0;0;0;0;0;0;0;0
FR;6;2021-05-02;0;0;0;0;0;0;0;0;0;0
FR;6;2021-05-03;0;0;0;0;0;0;0;0;0;0
FR;6;2021-05-04;0;0;0;0;0;0;0;0;0;0
FR;6;2021-05-05;0;0;0;0;0;0;0;0;0;0
FR;6;2021-05-06;0;0;0;0;0;0;0;0;0;0
FR;6;2021-05-07;0;0;0;0;0;0;0;0;0;0
FR;6;2021-05-08;0;0;0;0;0;0;0;0;0;0
FR;6;2021-05-09;0;0;0;0;0;0;0;0;0;0
FR;6;2021-05-10;0;0;0;0;0;0;0;0;0;0
FR;6;2021-05-11;0;0;0;0;0;0;0;0;0;0
FR;6;2021-05-12;0;0;0;0;0;0;0;0;0;0
FR;6;2021-05-13;0;0;0;0;0;0;0;0;0;0
FR;6;2021-05-14;0;0;0;0;0;0;0;0;0;0
FR;6;2021-05-15;0;0;0;0;0;0;0;0;0;0
FR;6;2021-05-16;0;0;0;0;0;0;0;0;0;0
FR;6;2021-05-17;0;0;0;0;0;0;0;0;0;0
FR;6;2021-05-18;0;0;0;0;0;0;0;0;0;0
FR;6;2021-05-19;0;0;0;0;0;0;0;0;0;0
FR;6;2021-05-20;0;0;0;0;0;0;0;0;0;0
FR;6;2021-05-21;0;0;0;0;0;0;0;0;0;0
FR;6;2021-05-22;0;0;0;0;0;0;0;0;0;0
FR;6;2021-05-23;0;0;0;0;0;0;0;0;0;0
FR;6;2021-05-24;0;0;0;0;0;0;0;0;0;0
FR;6;2021-05-25;0;0;0;0;0;0;0;0;0;0
FR;6;2021-05-26;0;0;0;0;0;0;0;0;0;0
FR;6;2021-05-27;0;0;0;0;0;0;0;0;0;0
FR;6;2021-05-28;0;0;0;0;0;0;0;0;0;0
FR;6;2021-05-29;0;0;0;0;0;0;0;0;0;0
FR;6;2021-05-30;0;0;0;0;0;0;0;0;0;0
FR;6;2021-05-31;0;0;0;0;0;0;0;0;0;0
FR;6;2021-06-01;0;0;0;0;0;0;0;0;0;0
FR;6;2021-06-02;0;0;0;0;0;0;0;0;0;0
FR;6;2021-06-03;0;0;0;0;0;0;0;0;0;0
FR;6;2021-06-04;0;0;0;0;0;0;0;0;0;0
FR;6;2021-06-05;0;0;0;0;0;0;0;0;0;0
FR;6;2021-06-06;0;0;0;0;0;0;0;0;0;0
FR;6;2021-06-07;0;0;0;0;0;0;0;0;0;0
FR;6;2021-06-08;0;0;0;0;0;0;0;0;0;0
FR;6;2021-06-09;0;0;0;0;0;0;0;0;0;0
FR;6;2021-06-10;0;0;0;0;0;0;0;0;0;0
FR;6;2021-06-11;0;0;0;0;0;0;0;0;0;0
FR;6;2021-06-12;0;0;0;0;0;0;0;0;0;0
FR;6;2021-06-13;0;0;0;0;0;0;0;0;0;0
FR;6;2021-06-14;0;0;0;0;0;0;0;0;0;0
FR;6;2021-06-15;0;0;0;0;0;0;0;0;0;0
FR;6;2021-06-16;0;0;0;0;0;0;0;0;0;0
FR;6;2021-06-17;0;0;0;0;0;0;0;0;0;0
FR;6;2021-06-18;0;0;0;0;0;0;0;0;0;0
FR;6;2021-06-19;0;0;0;0;0;0;0;0;0;0
FR;6;2021-06-20;0;0;0;0;0;0;0;0;0;0
FR;6;2021-06-21;0;0;0;0;0;0;0;0;0;0
FR;6;2021-06-22;0;0;0;0;0;0;0;0;0;0
FR;6;2021-06-23;0;0;0;0;0;0;0;0;0;0
FR;6;2021-06-24;0;0;0;0;0;0;0;0;0;0
FR;6;2021-06-25;0;0;0;0;0;0;0;0;0;0
FR;6;2021-06-26;0;0;0;0;0;0;0;0;0;0
FR;6;2021-06-27;0;0;0;0;0;0;0;0;0;0
FR;6;2021-06-28;0;0;0;0;0;0;0;0;0;0
FR;6;2021-06-29;0;0;0;0;0;0;0;0;0;0
FR;6;2021-06-30;0;0;0;0;0;0;0;0;0;0
FR;6;2021-07-01;0;0;0;0;0;0;0;0;0;0
FR;6;2021-07-02;0;0;0;0;0;0;0;0;0;0
FR;6;2021-07-03;0;0;0;0;0;0;0;0;0;0
FR;6;2021-07-04;0;0;0;0;0;0;0;0;0;0
FR;6;2021-07-05;0;0;0;0;0;0;0;0;0;0
FR;6;2021-07-06;0;0;0;0;0;0;0;0;0;0
FR;6;2021-07-07;0;0;0;0;0;0;0;0;0;0
FR;6;2021-07-08;0;0;0;0;0;0;0;0;0;0
FR;6;2021-07-09;0;0;0;0;0;0;0;0;0;0
FR;6;2021-07-10;0;0;0;0;0;0;0;0;0;0
FR;6;2021-07-11;0;0;0;0;0;0;0;0;0;0
FR;6;2021-07-12;0;0;0;0;0;0;0;0;0;0
FR;6;2021-07-13;0;0;0;0;0;0;0;0;0;0
FR;6;2021-07-14;0;0;0;0;0;0;0;0;0;0
FR;6;2021-07-15;0;0;0;0;0;0;0;0;0;0
FR;6;2021-07-16;0;0;0;0;0;0;0;0;0;0
FR;6;2021-07-17;0;0;0;0;0;0;0;0;0;0
FR;6;2021-07-18;0;0;0;0;0;0;0;0;0;0
FR;6;2021-07-19;0;0;0;0;0;0;0;0;0;0
FR;6;2021-07-20;0;0;0;0;0;0;0;0;0;0
FR;6;2021-07-21;0;0;0;0;0;0;0;0;0;0
FR;6;2021-07-22;0;0;0;0;0;0;0;0;0;0
FR;6;2021-07-23;0;0;0;0;0;0;0;0;0;0
FR;6;2021-07-24;0;0;0;0;0;0;0;0;0;0
FR;6;2021-07-25;0;0;0;0;0;0;0;0;0;0
FR;6;2021-07-26;0;0;0;0;0;0;0;0;0;0
FR;6;2021-07-27;0;0;0;0;0;0;0;0;0;0
FR;6;2021-07-28;0;0;0;0;0;0;0;0;0;0
FR;6;2021-07-29;0;0;0;0;0;0;0;0;0;0
FR;6;2021-07-30;0;0;0;0;0;0;0;0;0;0
FR;6;2021-07-31;0;0;0;0;0;0;0;0;0;0
FR;6;2021-08-01;0;0;0;0;0;0;0;0;0;0
FR;6;2021-08-02;0;0;0;0;0;0;0;0;0;0
FR;6;2021-08-03;0;0;0;0;0;0;0;0;0;0
FR;6;2021-08-04;0;0;0;0;0;0;0;0;0;0
FR;6;2021-08-05;0;0;0;0;0;0;0;0;0;0
FR;6;2021-08-06;0;0;0;0;0;0;0;0;0;0
FR;6;2021-08-07;0;0;0;0;0;0;0;0;0;0
FR;6;2021-08-08;0;0;0;0;0;0;0;0;0;0
FR;6;2021-08-09;0;0;0;0;0;0;0;0;0;0
FR;6;2021-08-10;0;0;0;0;0;0;0;0;0;0
FR;6;2021-08-11;0;0;0;0;0;0;0;0;0;0
FR;6;2021-08-12;0;0;0;0;0;0;0;0;0;0
FR;6;2021-08-13;0;0;0;0;0;0;0;0;0;0
FR;6;2021-08-14;0;0;0;0;0;0;0;0;0;0
FR;6;2021-08-15;0;0;0;0;0;0;0;0;0;0
FR;6;2021-08-16;0;0;0;0;0;0;0;0;0;0
FR;6;2021-08-17;0;0;0;0;0;0;0;0;0;0
FR;6;2021-08-18;0;0;0;0;0;0;0;0;0;0
FR;6;2021-08-19;0;0;0;0;0;0;0;0;0;0
FR;6;2021-08-20;0;0;0;0;0;0;0;0;0;0
FR;6;2021-08-21;0;0;0;0;0;0;0;0;0;0
FR;6;2021-08-22;0;0;0;0;0;0;0;0;0;0
FR;6;2021-08-23;0;0;0;0;0;0;0;0;0;0
FR;6;2021-08-24;0;0;0;0;0;0;0;0;0;0
FR;6;2021-08-25;0;0;0;0;0;0;0;0;0;0
FR;6;2021-08-26;0;0;0;0;0;0;0;0;0;0
FR;6;2021-08-27;0;0;0;0;0;0;0;0;0;0
FR;6;2021-08-28;0;0;0;0;0;0;0;0;0;0
FR;6;2021-08-29;0;0;0;0;0;0;0;0;0;0
FR;6;2021-08-30;0;0;0;0;0;0;0;0;0;0
FR;6;2021-08-31;0;0;0;0;0;0;0;0;0;0
FR;6;2021-09-01;0;0;0;0;0;0;0;0;0;0
FR;6;2021-09-02;0;0;0;0;0;0;0;0;0;0
FR;6;2021-09-03;0;0;0;0;0;0;0;0;0;0
FR;6;2021-09-04;0;0;0;0;0;0;0;0;0;0
FR;6;2021-09-05;0;0;0;0;0;0;0;0;0;0
FR;6;2021-09-06;0;0;0;0;0;0;0;0;0;0
FR;6;2021-09-07;0;0;0;0;0;0;0;0;0;0
FR;6;2021-09-08;0;0;0;0;0;0;0;0;0;0
FR;6;2021-09-09;0;0;0;0;0;0;0;0;0;0
FR;6;2021-09-10;0;0;0;0;0;0;0;0;0;0
FR;6;2021-09-11;0;0;0;0;0;0;0;0;0;0
FR;6;2021-09-12;0;0;0;0;0;0;0;0;0;0
FR;6;2021-09-13;0;0;0;0;0;0;0;0;0;0
FR;6;2021-09-14;0;0;0;0;0;0;0;0;0;0
FR;6;2021-09-15;0;0;0;0;0;0;0;0;0;0
FR;6;2021-09-16;0;0;0;0;0;0;0;0;0;0
FR;6;2021-09-17;0;0;0;0;0;0;0;0;0;0
FR;6;2021-09-18;0;0;0;0;0;0;0;0;0;0
FR;6;2021-09-19;0;0;0;0;0;0;0;0;0;0
FR;6;2021-09-20;0;0;0;0;0;0;0;0;0;0
FR;6;2021-09-21;0;0;0;0;0;0;0;0;0;0
FR;6;2021-09-22;0;0;0;0;0;0;0;0;0;0
FR;6;2021-09-23;0;0;0;0;0;0;0;0;0;0
FR;6;2021-09-24;0;0;0;0;0;0;0;0;0;0
FR;6;2021-09-25;0;0;0;0;0;0;0;0;0;0
FR;6;2021-09-26;0;0;0;0;0;0;0;0;0;0
FR;6;2021-09-27;0;0;0;0;0;0;0;0;0;0
FR;6;2021-09-28;0;0;0;0;0;0;0;0;0;0
FR;6;2021-09-29;0;0;0;0;0;0;0;0;0;0
FR;6;2021-09-30;0;0;0;0;0;0;0;0;0;0
FR;6;2021-10-01;0;0;0;0;0;0;0;0;0;0
FR;6;2021-10-02;0;0;0;0;0;0;0;0;0;0
FR;6;2021-10-03;0;0;0;0;0;0;0;0;0;0
FR;6;2021-10-04;0;0;0;0;0;0;0;0;0;0
FR;6;2021-10-05;0;0;0;0;0;0;0;0;0;0
FR;6;2021-10-06;0;0;0;0;0;0;0;0;0;0
FR;6;2021-10-07;0;0;0;0;0;0;0;0;0;0
FR;6;2021-10-08;0;0;0;0;0;0;0;0;0;0
FR;6;2021-10-09;0;0;0;0;0;0;0;0;0;0
FR;6;2021-10-10;0;0;0;0;0;0;0;0;0;0
FR;6;2021-10-11;0;0;0;0;0;0;0;0;0;0
FR;6;2021-10-12;0;0;0;0;0;0;0;0;0;0
FR;6;2021-10-13;0;0;0;0;0;0;0;0;0;0
FR;6;2021-10-14;0;0;0;0;0;0;0;0;0;0
FR;6;2021-10-15;0;0;0;0;0;0;0;0;0;0
FR;6;2021-10-16;0;0;0;0;0;0;0;0;0;0
FR;6;2021-10-17;0;0;0;0;0;0;0;0;0;0
FR;6;2021-10-18;0;0;0;0;0;0;0;0;0;0
FR;6;2021-10-19;0;0;0;0;0;0;0;0;0;0
FR;6;2021-10-20;0;0;0;0;0;0;0;0;0;0
FR;6;2021-10-21;0;0;0;0;0;0;0;0;0;0
FR;6;2021-10-22;0;0;0;0;0;0;0;0;0;0
FR;6;2021-10-23;0;0;0;0;0;0;0;0;0;0
FR;6;2021-10-24;0;0;0;0;0;0;0;0;0;0
FR;6;2021-10-25;0;0;0;0;0;0;0;0;0;0
FR;6;2021-10-26;0;0;0;0;0;0;0;0;0;0
FR;6;2021-10-27;0;0;0;0;0;0;0;0;0;0
FR;6;2021-10-28;0;0;0;0;0;0;0;0;0;0
FR;6;2021-10-29;0;0;0;0;0;0;0;0;0;0
FR;6;2021-10-30;0;0;0;0;0;0;0;0;0;0
FR;6;2021-10-31;0;0;0;0;0;0;0;0;0;0
FR;6;2021-11-01;0;0;0;0;0;0;0;0;0;0
FR;6;2021-11-02;0;0;0;0;0;0;0;0;0;0
FR;6;2021-11-03;0;0;0;0;0;0;0;0;0;0
FR;6;2021-11-04;0;0;0;0;0;0;0;0;0;0
FR;6;2021-11-05;0;0;0;0;0;0;0;0;0;0
FR;6;2021-11-06;0;0;0;0;0;0;0;0;0;0
FR;6;2021-11-07;0;0;0;0;0;0;0;0;0;0
FR;6;2021-11-08;0;0;0;0;0;0;0;0;0;0
FR;6;2021-11-09;0;0;0;0;0;0;0;0;0;0
FR;6;2021-11-10;0;0;0;0;0;0;0;0;0;0
FR;6;2021-11-11;0;0;0;0;0;0;0;0;0;0
FR;6;2021-11-12;0;0;0;0;0;0;0;0;0;0
FR;6;2021-11-13;0;0;0;0;0;0;0;0;0;0
FR;6;2021-11-14;0;0;0;0;0;0;0;0;0;0
FR;6;2021-11-15;0;0;0;0;0;0;0;0;0;0
FR;6;2021-11-16;0;0;0;0;0;0;0;0;0;0
FR;6;2021-11-17;0;0;0;0;0;0;0;0;0;0
FR;6;2021-11-18;0;0;0;0;0;0;0;0;0;0
FR;6;2021-11-19;0;0;0;0;0;0;0;0;0;0
FR;6;2021-11-20;0;0;0;0;0;0;0;0;0;0
FR;6;2021-11-21;0;0;0;0;0;0;0;0;0;0
FR;6;2021-11-22;0;0;0;0;0;0;0;0;0;0
FR;6;2021-11-23;0;0;0;0;0;0;0;0;0;0
FR;6;2021-11-24;0;0;0;0;0;0;0;0;0;0
FR;6;2021-11-25;0;0;0;0;0;0;0;0;0;0
FR;6;2021-11-26;0;0;0;0;0;0;0;0;0;0
FR;6;2021-11-27;0;0;0;0;0;0;0;0;0;0
FR;6;2021-11-28;0;0;0;0;0;0;0;0;0;0
FR;6;2021-11-29;0;0;0;0;0;0;0;0;0;0
FR;6;2021-11-30;0;0;0;0;0;0;0;0;0;0
FR;6;2021-12-01;0;0;0;0;0;0;0;0;0;0
FR;6;2021-12-02;0;0;0;0;0;0;0;0;0;0
FR;6;2021-12-03;0;0;0;0;0;0;0;0;0;0
FR;6;2021-12-04;0;0;0;0;0;0;0;0;0;0
FR;6;2021-12-05;0;0;0;0;0;0;0;0;0;0
FR;6;2021-12-06;0;0;0;0;0;0;0;0;0;0
FR;6;2021-12-07;0;0;0;0;0;0;0;0;0;0
FR;6;2021-12-08;0;0;0;0;0;0;0;0;0;0
FR;6;2021-12-09;0;0;0;0;0;0;0;0;0;0
FR;6;2021-12-10;0;0;0;0;0;0;0;0;0;0
FR;6;2021-12-11;0;0;0;0;0;0;0;0;0;0
FR;6;2021-12-12;0;0;0;0;0;0;0;0;0;0
FR;6;2021-12-13;0;0;0;0;0;0;0;0;0;0
FR;6;2021-12-14;0;0;0;0;0;0;0;0;0;0
FR;6;2021-12-15;0;0;0;0;0;0;0;0;0;0
FR;6;2021-12-16;0;0;0;0;0;0;0;0;0;0
FR;6;2021-12-17;0;0;0;0;0;0;0;0;0;0
FR;6;2021-12-18;0;0;0;0;0;0;0;0;0;0
FR;6;2021-12-19;0;0;0;0;0;0;0;0;0;0
FR;6;2021-12-20;0;0;0;0;0;0;0;0;0;0
FR;6;2021-12-21;0;0;0;0;0;0;0;0;0;0
FR;6;2021-12-22;0;0;0;0;0;0;0;0;0;0
FR;6;2021-12-23;0;0;0;0;0;0;0;0;0;0
FR;6;2021-12-24;0;0;0;0;0;0;0;0;0;0
FR;6;2021-12-25;0;0;0;0;0;0;0;0;0;0
FR;6;2021-12-26;0;0;0;0;0;0;0;0;0;0
FR;6;2021-12-27;0;0;0;0;0;0;0;0;0;0
FR;6;2021-12-28;0;0;0;0;0;0;0;0;0;0
FR;6;2021-12-29;0;0;0;0;0;0;0;0;0;0
FR;6;2021-12-30;0;0;0;0;0;0;0;0;0;0
FR;6;2021-12-31;0;0;0;0;0;0;0;0;0;0
FR;6;2022-01-01;0;0;0;0;0;0;0;0;0;0
FR;6;2022-01-02;0;0;0;0;0;0;0;0;0;0
FR;6;2022-01-03;0;0;0;0;0;0;0;0;0;0
FR;6;2022-01-04;0;0;0;0;0;0;0;0;0;0
FR;6;2022-01-05;0;0;0;0;0;0;0;0;0;0
FR;6;2022-01-06;0;0;0;0;0;0;0;0;0;0
FR;6;2022-01-07;0;0;0;0;0;0;0;0;0;0
FR;6;2022-01-08;0;0;0;0;0;0;0;0;0;0
FR;6;2022-01-09;0;0;0;0;0;0;0;0;0;0
FR;6;2022-01-10;0;0;0;0;0;0;0;0;0;0
FR;6;2022-01-11;0;0;0;0;0;0;0;0;0;0
FR;6;2022-01-12;0;0;0;0;0;0;0;0;0;0
FR;6;2022-01-13;0;0;0;0;0;0;0;0;0;0
FR;6;2022-01-14;0;0;0;0;0;0;0;0;0;0
FR;6;2022-01-15;0;0;0;0;0;0;0;0;0;0
FR;6;2022-01-16;0;0;0;0;0;0;0;0;0;0
FR;6;2022-01-17;0;0;0;0;0;0;0;0;0;0
FR;6;2022-01-18;0;0;0;0;0;0;0;0;0;0
FR;6;2022-01-19;0;0;0;0;0;0;0;0;0;0
FR;6;2022-01-20;0;0;0;0;0;0;0;0;0;0
FR;6;2022-01-21;0;0;0;0;0;0;0;0;0;0
FR;6;2022-01-22;0;0;0;0;0;0;0;0;0;0
FR;6;2022-01-23;0;0;0;0;0;0;0;0;0;0
FR;6;2022-01-24;0;0;0;0;0;0;0;0;0;0
FR;6;2022-01-25;0;0;0;0;0;0;0;0;0;0
FR;6;2022-01-26;0;0;0;0;0;0;0;0;0;0
FR;6;2022-01-27;0;0;0;0;0;0;0;0;0;0
FR;6;2022-01-28;0;0;0;0;0;0;0;0;0;0
FR;6;2022-01-29;0;0;0;0;0;0;0;0;0;0
FR;6;2022-01-30;0;0;0;0;0;0;0;0;0;0
FR;6;2022-01-31;0;0;0;0;0;0;0;0;0;0
FR;6;2022-02-01;0;0;0;0;0;0;0;0;0;0
FR;6;2022-02-02;0;0;0;0;0;0;0;0;0;0
FR;6;2022-02-03;0;0;0;0;0;0;0;0;0;0
FR;6;2022-02-04;0;0;0;0;0;0;0;0;0;0
FR;6;2022-02-05;0;0;0;0;0;0;0;0;0;0
FR;6;2022-02-06;0;0;0;0;0;0;0;0;0;0
FR;6;2022-02-07;0;0;0;0;0;0;0;0;0;0
FR;6;2022-02-08;0;0;0;0;0;0;0;0;0;0
FR;6;2022-02-09;0;0;0;0;0;0;0;0;0;0
FR;6;2022-02-10;0;0;0;0;0;0;0;0;0;0
FR;6;2022-02-11;0;0;0;0;0;0;0;0;0;0
FR;6;2022-02-12;0;0;0;0;0;0;0;0;0;0
FR;6;2022-02-13;0;0;0;0;0;0;0;0;0;0
FR;6;2022-02-14;0;0;0;0;0;0;0;0;0;0
FR;6;2022-02-15;0;0;0;0;0;0;0;0;0;0
FR;6;2022-02-16;0;0;0;0;0;0;0;0;0;0
FR;6;2022-02-17;0;0;0;0;0;0;0;0;0;0
FR;6;2022-02-18;0;0;0;0;0;0;0;0;0;0
FR;6;2022-02-19;0;0;0;0;0;0;0;0;0;0
FR;6;2022-02-20;0;0;0;0;0;0;0;0;0;0
FR;6;2022-02-21;0;0;0;0;0;0;0;0;0;0
FR;6;2022-02-22;0;0;0;0;0;0;0;0;0;0
FR;6;2022-02-23;0;0;0;0;0;0;0;0;0;0
FR;6;2022-02-24;0;0;0;0;0;0;0;0;0;0
FR;6;2022-02-25;0;0;0;0;0;0;0;0;0;0
FR;6;2022-02-26;1;0;0;0;0;1;0;0;0;0
FR;6;2022-02-27;0;0;0;0;0;1;0;0;0;0
FR;6;2022-02-28;0;0;0;0;0;1;0;0;0;0
FR;6;2022-03-01;3;0;0;0;0;4;0;0;0;0
FR;6;2022-03-02;97;9;2;0;7;101;9;2;0;7
FR;6;2022-03-03;0;0;0;0;0;101;9;2;0;7
FR;6;2022-03-04;91;4;0;0;4;192;13;2;0;11
FR;6;2022-03-05;391;23;2;0;14;583;36;4;0;25
FR;6;2022-03-06;7;1;0;0;0;590;37;4;0;25
FR;6;2022-03-07;337;19;0;0;13;927;56;4;0;38
FR;6;2022-03-08;230;14;0;0;5;1157;70;4;0;43
FR;6;2022-03-09;519;29;2;0;21;1676;99;6;0;64
FR;6;2022-03-10;206;19;0;1;12;1882;118;6;1;76
FR;6;2022-03-11;331;22;6;0;21;2213;140;12;1;97
FR;6;2022-03-12;518;25;1;0;20;2731;165;13;1;117
FR;6;2022-03-13;40;2;0;0;1;2771;167;13;1;118
FR;6;2022-03-14;201;4;2;0;3;2972;171;15;1;121
FR;6;2022-03-15;112;11;2;0;9;3084;182;17;1;130
FR;6;2022-03-16;310;17;1;1;14;3394;199;18;2;144
FR;6;2022-03-17;117;6;1;2;4;3511;205;19;4;148
FR;6;2022-03-18;215;10;0;0;6;3726;215;19;4;154
FR;6;2022-03-19;307;19;2;0;9;4033;234;21;4;163
FR;6;2022-03-20;15;5;0;0;1;4048;239;21;4;164
FR;6;2022-03-21;132;23;1;0;4;4180;262;22;4;168
FR;6;2022-03-22;97;15;0;0;4;4277;277;22;4;172
FR;6;2022-03-23;226;108;3;0;14;4503;385;25;4;186
FR;6;2022-03-24;100;15;1;3;4;4603;400;26;7;190
FR;6;2022-03-25;203;141;2;1;15;4806;541;28;8;205
FR;6;2022-03-26;331;295;7;1;19;5137;836;35;9;224
FR;6;2022-03-27;32;30;1;0;1;5169;866;36;9;225
FR;6;2022-03-28;201;208;8;1;17;5370;1074;44;10;242
FR;6;2022-03-29;124;189;12;2;12;5494;1263;56;12;254
FR;6;2022-03-30;305;476;10;2;22;5799;1739;66;14;276
FR;6;2022-03-31;123;140;10;0;14;5922;1879;76;14;290
FR;6;2022-04-01;195;150;11;2;23;6117;2029;87;16;313
FR;6;2022-04-02;206;241;9;1;13;6323;2270;96;17;326
FR;6;2022-04-03;17;21;0;0;1;6340;2291;96;17;327
FR;6;2022-04-04;137;114;6;1;9;6477;2405;102;18;336
FR;6;2022-04-05;146;88;15;1;11;6623;2493;117;19;347
FR;6;2022-04-06;204;245;22;26;27;6827;2738;139;45;374
FR;6;2022-04-07;127;96;15;9;17;6954;2834;154;54;391
FR;6;2022-04-08;199;170;16;3;17;7153;3004;170;57;408
FR;6;2022-04-09;145;139;6;12;13;7298;3143;176;69;421
FR;6;2022-04-10;10;20;3;0;1;7308;3163;179;69;422
FR;6;2022-04-11;101;106;4;0;5;7409;3269;183;69;427
FR;6;2022-04-12;136;75;5;8;10;7545;3344;188;77;437
FR;6;2022-04-13;162;175;7;5;13;7707;3519;195;82;450
FR;6;2022-04-14;100;103;5;10;8;7807;3622;200;92;458
FR;6;2022-04-15;158;149;11;7;19;7965;3771;211;99;477
FR;6;2022-04-16;127;132;5;0;14;8092;3903;216;99;491
FR;6;2022-04-17;8;9;4;0;4;8100;3912;220;99;495
FR;6;2022-04-18;8;15;3;0;4;8108;3927;223;99;499
FR;6;2022-04-19;97;112;4;3;3;8205;4039;227;102;502
FR;6;2022-04-20;178;227;8;7;15;8383;4266;235;109;517
FR;6;2022-04-21;111;93;8;4;11;8494;4359;243;113;528
FR;6;2022-04-22;138;160;13;12;13;8632;4519;256;125;541
FR;6;2022-04-23;106;129;1;1;7;8738;4648;257;126;548
FR;6;2022-04-24;5;21;1;0;0;8743;4669;258;126;548
FR;6;2022-04-25;91;128;3;8;11;8834;4797;261;134;559
FR;6;2022-04-26;101;128;19;2;17;8935;4925;280;136;576
FR;6;2022-04-27;197;159;21;1;27;9132;5084;301;137;603
FR;6;2022-04-28;109;87;7;1;8;9241;5171;308;138;611
FR;6;2022-04-29;191;169;16;2;20;9432;5340;324;140;631
FR;6;2022-04-30;133;125;7;1;24;9565;5465;331;141;655
FR;6;2022-05-01;7;6;0;0;0;9572;5471;331;141;655
FR;6;2022-05-02;94;65;3;4;3;9666;5536;334;145;658
FR;6;2022-05-03;136;93;11;2;7;9802;5629;345;147;665
FR;6;2022-05-04;167;118;25;12;29;9969;5747;370;159;694
FR;6;2022-05-05;101;70;8;3;12;10070;5817;378;162;706
FR;6;2022-05-06;152;110;10;9;16;10222;5927;388;171;722
FR;6;2022-05-07;139;93;13;3;23;10361;6020;401;174;745
FR;6;2022-05-08;20;8;6;5;7;10381;6028;407;179;752
FR;6;2022-05-09;86;78;9;7;13;10467;6106;416;186;765
FR;6;2022-05-10;112;80;15;7;12;10579;6186;431;193;777
FR;6;2022-05-11;130;124;11;14;20;10709;6310;442;207;797
FR;6;2022-05-12;105;76;7;5;15;10814;6386;449;212;812
FR;6;2022-05-13;155;97;17;21;22;10969;6483;466;233;834
FR;6;2022-05-14;81;60;6;7;15;11050;6543;472;240;849
FR;6;2022-05-15;12;7;0;0;0;11062;6550;472;240;849
FR;6;2022-05-16;65;54;6;2;12;11127;6604;478;242;861
FR;6;2022-05-17;123;77;5;7;11;11250;6681;483;249;872
FR;6;2022-05-18;131;116;5;1;13;11381;6797;488;250;885
FR;6;2022-05-19;124;57;6;8;9;11505;6854;494;258;894
FR;6;2022-05-20;125;115;13;3;18;11630;6969;507;261;912
FR;6;2022-05-21;92;69;14;3;12;11722;7038;521;264;924
FR;6;2022-05-22;19;12;5;0;4;11741;7050;526;264;928
FR;6;2022-05-23;77;72;4;2;7;11818;7122;530;266;935
FR;6;2022-05-24;117;98;8;2;16;11935;7220;538;268;951
FR;6;2022-05-25;139;129;6;3;11;12074;7349;544;271;962
FR;6;2022-05-26;7;9;3;0;9;12081;7358;547;271;971
FR;6;2022-05-27;127;105;15;11;18;12208;7463;562;282;989
FR;6;2022-05-28;53;75;1;5;8;12261;7538;563;287;997
FR;6;2022-05-29;8;10;0;0;1;12269;7548;563;287;998
FR;6;2022-05-30;70;70;7;4;4;12339;7618;570;291;1002
FR;6;2022-05-31;87;102;10;2;14;12426;7720;580;293;1016
FR;6;2022-06-01;97;89;10;1;11;12523;7809;590;294;1027
FR;6;2022-06-02;91;60;6;3;9;12614;7869;596;297;1036
FR;6;2022-06-03;126;102;13;7;21;12740;7971;609;304;1057
FR;6;2022-06-04;63;51;10;0;12;12803;8022;619;304;1069
FR;6;2022-06-05;16;15;2;1;4;12819;8037;621;305;1073
FR;6;2022-06-06;9;6;0;0;0;12828;8043;621;305;1073
FR;6;2022-06-07;79;90;3;4;8;12907;8133;624;309;1081
FR;6;2022-06-08;92;110;13;5;20;12999;8243;637;314;1101
FR;6;2022-06-09;75;81;15;3;15;13074;8324;652;317;1116
FR;6;2022-06-10;116;93;26;10;22;13190;8417;678;327;1138
FR;6;2022-06-11;83;62;6;10;12;13273;8479;684;337;1150
FR;6;2022-06-12;6;14;1;0;2;13279;8493;685;337;1152
FR;6;2022-06-13;74;59;18;1;7;13353;8552;703;338;1159
FR;6;2022-06-14;98;100;8;5;16;13451;8652;711;343;1175
FR;6;2022-06-15;80;86;7;8;15;13531;8738;718;351;1190
FR;6;2022-06-16;53;40;11;7;14;13584;8778;729;358;1204
FR;6;2022-06-17;86;85;3;13;11;13670;8863;732;371;1215
FR;6;2022-06-18;71;61;13;0;21;13741;8924;745;371;1236
FR;6;2022-06-19;6;6;3;0;4;13747;8930;748;371;1240
FR;6;2022-06-20;42;41;4;1;6;13789;8971;752;372;1246
FR;6;2022-06-21;59;73;10;7;17;13848;9044;762;379;1263
FR;6;2022-06-22;86;85;8;2;17;13934;9129;770;381;1280
FR;6;2022-06-23;64;39;13;7;15;13998;9168;783;388;1295
FR;6;2022-06-24;77;85;7;14;20;14075;9253;790;402;1315
FR;6;2022-06-25;67;61;4;3;8;14142;9314;794;405;1323
FR;6;2022-06-26;6;7;1;0;1;14148;9321;795;405;1324
FR;6;2022-06-27;51;50;4;9;12;14199;9371;799;414;1336
FR;6;2022-06-28;68;47;6;3;15;14267;9418;805;417;1351
FR;6;2022-06-29;98;117;26;37;19;14365;9535;831;454;1370
FR;6;2022-06-30;84;60;33;10;12;14449;9595;864;464;1382
FR;6;2022-07-01;115;94;25;33;18;14564;9689;889;497;1400
FR;6;2022-07-02;58;67;26;2;37;14622;9756;915;499;1437
FR;6;2022-07-03;11;4;4;3;4;14633;9760;919;502;1441
FR;6;2022-07-04;61;43;3;23;13;14694;9803;922;525;1454
FR;6;2022-07-05;65;53;19;67;27;14759;9856;941;592;1481
FR;6;2022-07-06;94;64;7;11;12;14853;9920;948;603;1493
FR;6;2022-07-07;99;79;42;37;14;14952;9999;990;640;1507
FR;6;2022-07-08;139;87;42;27;10;15091;10086;1032;667;1517
FR;6;2022-07-09;53;51;16;29;27;15144;10137;1048;696;1544
FR;6;2022-07-10;3;7;8;0;9;15147;10144;1056;696;1553
FR;6;2022-07-11;54;44;5;4;12;15201;10188;1061;700;1565
FR;6;2022-07-12;70;72;12;23;12;15271;10260;1073;723;1577
FR;6;2022-07-13;84;65;14;21;25;15355;10325;1087;744;1602
FR;6;2022-07-14;4;3;1;0;1;15359;10328;1088;744;1603
FR;6;2022-07-15;74;59;9;57;16;15433;10387;1097;801;1619
FR;6;2022-07-16;27;31;17;0;17;15460;10418;1114;801;1636
FR;6;2022-07-17;3;7;0;0;0;15463;10425;1114;801;1636
FR;6;2022-07-18;37;62;11;14;15;15500;10487;1125;815;1651
FR;6;2022-07-19;54;48;4;19;6;15554;10535;1129;834;1657
FR;6;2022-07-20;53;70;7;22;11;15607;10605;1136;856;1668
FR;6;2022-07-21;51;60;4;7;11;15658;10665;1140;863;1679
FR;6;2022-07-22;55;74;7;26;8;15713;10739;1147;889;1687
FR;6;2022-07-23;38;40;6;10;6;15751;10779;1153;899;1693
FR;6;2022-07-24;11;14;1;3;3;15762;10793;1154;902;1696
FR;6;2022-07-25;60;44;8;12;9;15822;10837;1162;914;1705
FR;6;2022-07-26;47;64;14;6;10;15869;10901;1176;920;1715
FR;6;2022-07-27;54;78;15;11;17;15923;10979;1191;931;1732
FR;6;2022-07-28;30;48;4;6;8;15953;11027;1195;937;1740
FR;6;2022-07-29;43;71;10;38;24;15996;11098;1205;975;1764
FR;6;2022-07-30;26;48;4;15;7;16022;11146;1209;990;1771
FR;6;2022-07-31;0;1;1;0;0;16022;11147;1210;990;1771
FR;6;2022-08-01;39;36;14;8;10;16061;11183;1224;998;1781
FR;6;2022-08-02;37;46;10;14;6;16098;11229;1234;1012;1787
FR;6;2022-08-03;29;52;7;16;11;16127;11281;1241;1028;1798
FR;6;2022-08-04;25;21;4;9;6;16152;11302;1245;1037;1804
FR;6;2022-08-05;43;45;1;7;5;16195;11347;1246;1044;1809
FR;6;2022-08-06;17;27;1;3;2;16212;11374;1247;1047;1811
FR;6;2022-08-07;1;2;0;0;0;16213;11376;1247;1047;1811
FR;6;2022-08-08;24;33;1;0;1;16237;11409;1248;1047;1812
FR;6;2022-08-09;22;30;6;3;3;16259;11439;1254;1050;1815
FR;6;2022-08-10;31;36;5;9;5;16290;11475;1259;1059;1820
FR;6;2022-08-11;33;33;1;1;1;16323;11508;1260;1060;1821
FR;6;2022-08-12;50;44;6;2;15;16373;11552;1266;1062;1836
FR;6;2022-08-13;9;20;0;0;1;16382;11572;1266;1062;1837
FR;6;2022-08-14;3;1;0;0;0;16385;11573;1266;1062;1837
FR;6;2022-08-15;2;3;1;0;0;16387;11576;1267;1062;1837
FR;6;2022-08-16;35;66;21;7;7;16422;11642;1288;1069;1844
FR;6;2022-08-17;32;44;10;9;10;16454;11686;1298;1078;1854
FR;6;2022-08-18;29;55;14;4;4;16483;11741;1312;1082;1858
FR;6;2022-08-19;30;45;5;4;3;16513;11786;1317;1086;1861
FR;6;2022-08-20;26;29;3;0;8;16539;11815;1320;1086;1869
FR;6;2022-08-21;1;5;2;0;0;16540;11820;1322;1086;1869
FR;6;2022-08-22;20;42;15;1;0;16560;11862;1337;1087;1869
FR;6;2022-08-23;34;45;6;7;6;16594;11907;1343;1094;1875
FR;6;2022-08-24;34;30;6;3;6;16628;11937;1349;1097;1881
FR;6;2022-08-25;25;27;1;1;5;16653;11964;1350;1098;1886
FR;6;2022-08-26;38;44;4;4;7;16691;12008;1354;1102;1893
FR;6;2022-08-27;19;21;7;3;8;16710;12029;1361;1105;1901
FR;6;2022-08-28;6;3;0;6;1;16716;12032;1361;1111;1902
FR;6;2022-08-29;26;22;2;6;3;16742;12054;1363;1117;1905
FR;6;2022-08-30;28;35;4;12;8;16770;12089;1367;1129;1913
FR;6;2022-08-31;35;38;2;11;3;16805;12127;1369;1140;1916
FR;6;2022-09-01;16;11;5;1;4;16821;12138;1374;1141;1920
FR;6;2022-09-02;19;14;2;1;3;16840;12152;1376;1142;1923
FR;6;2022-09-03;10;3;1;5;2;16850;12155;1377;1147;1925
FR;6;2022-09-04;4;1;0;0;0;16854;12156;1377;1147;1925
FR;6;2022-09-05;8;7;0;0;0;16862;12163;1377;1147;1925
FR;6;2022-09-06;7;9;7;12;6;16869;12172;1384;1159;1931
FR;6;2022-09-07;3;8;1;0;1;16872;12180;1385;1159;1932
FR;6;2022-09-08;6;4;0;2;1;16878;12184;1385;1161;1933
FR;6;2022-09-09;7;9;2;7;3;16885;12193;1387;1168;1936
FR;6;2022-09-10;3;4;1;0;1;16888;12197;1388;1168;1937
FR;6;2022-09-11;1;3;0;0;0;16889;12200;1388;1168;1937
FR;6;2022-09-12;10;4;1;0;3;16899;12204;1389;1168;1940
FR;6;2022-09-13;7;2;3;0;2;16906;12206;1392;1168;1942
FR;6;2022-09-14;9;8;2;0;4;16915;12214;1394;1168;1946
FR;6;2022-09-15;8;13;5;5;9;16923;12227;1399;1173;1955
FR;6;2022-09-16;25;38;1;1;3;16948;12265;1400;1174;1958
FR;6;2022-09-17;24;22;0;6;5;16972;12287;1400;1180;1963
FR;6;2022-09-18;5;4;0;0;1;16977;12291;1400;1180;1964
FR;6;2022-09-19;30;30;2;1;5;17007;12321;1402;1181;1969
FR;6;2022-09-20;34;25;1;4;6;17041;12346;1403;1185;1975
FR;6;2022-09-21;21;9;3;3;7;17062;12355;1406;1188;1982
FR;6;2022-09-22;19;28;1;22;3;17081;12383;1407;1210;1985
FR;6;2022-09-23;28;41;5;9;9;17109;12424;1412;1219;1994
FR;6;2022-09-24;16;16;4;2;6;17125;12440;1416;1221;2000
FR;6;2022-09-25;3;14;0;0;1;17128;12454;1416;1221;2001
FR;6;2022-09-26;16;13;0;18;5;17144;12467;1416;1239;2006
FR;6;2022-09-27;32;19;2;3;4;17176;12486;1418;1242;2010
FR;6;2022-09-28;27;10;9;11;5;17203;12496;1427;1253;2015
FR;6;2022-09-29;13;13;10;34;6;17216;12509;1437;1287;2021
FR;6;2022-09-30;34;24;5;6;5;17250;12533;1442;1293;2026
FR;6;2022-10-01;14;12;5;8;8;17264;12545;1447;1301;2034
FR;6;2022-10-02;3;0;0;0;0;17267;12545;1447;1301;2034
FR;6;2022-10-03;11;10;3;5;4;17278;12555;1450;1306;2038
FR;6;2022-10-04;19;17;4;28;3;17297;12572;1454;1334;2041
FR;6;2022-10-05;11;12;3;2;7;17308;12584;1457;1336;2048
FR;6;2022-10-06;19;13;4;6;2;17327;12597;1461;1342;2050
FR;6;2022-10-07;27;26;5;24;10;17354;12623;1466;1366;2060
FR;6;2022-10-08;18;13;0;0;0;17372;12636;1466;1366;2060
FR;6;2022-10-09;7;3;4;27;4;17379;12639;1470;1393;2064
FR;6;2022-10-10;15;14;1;16;6;17394;12653;1471;1409;2070
FR;6;2022-10-11;21;23;3;11;8;17415;12676;1474;1420;2078
FR;6;2022-10-12;20;15;7;19;3;17435;12691;1481;1439;2081
FR;6;2022-10-13;28;14;2;36;0;17463;12705;1483;1475;2081
FR;6;2022-10-14;28;23;5;49;11;17491;12728;1488;1524;2092
FR;6;2022-10-15;13;9;0;22;4;17504;12737;1488;1546;2096
FR;6;2022-10-16;4;4;0;6;2;17508;12741;1488;1552;2098
FR;6;2022-10-17;14;14;2;10;1;17522;12755;1490;1562;2099
FR;6;2022-10-18;12;19;9;26;4;17534;12774;1499;1588;2103
FR;6;2022-10-19;10;20;6;16;5;17544;12794;1505;1604;2108
FR;6;2022-10-20;16;15;10;57;3;17560;12809;1515;1661;2111
FR;6;2022-10-21;16;21;8;34;10;17576;12830;1523;1695;2121
FR;6;2022-10-22;19;14;1;4;3;17595;12844;1524;1699;2124
FR;6;2022-10-23;3;2;1;0;0;17598;12846;1525;1699;2124
FR;6;2022-10-24;12;14;2;6;5;17610;12860;1527;1705;2129
FR;6;2022-10-25;20;13;6;17;7;17630;12873;1533;1722;2136
FR;6;2022-10-26;16;9;4;13;4;17646;12882;1537;1735;2140
FR;6;2022-10-27;20;7;8;37;6;17666;12889;1545;1772;2146
FR;6;2022-10-28;21;26;3;4;5;17687;12915;1548;1776;2151
FR;6;2022-10-29;7;10;5;11;6;17694;12925;1553;1787;2157
FR;6;2022-10-30;2;5;0;0;0;17696;12930;1553;1787;2157
FR;6;2022-10-31;16;11;2;12;4;17712;12941;1555;1799;2161
FR;6;2022-11-01;2;1;0;0;0;17714;12942;1555;1799;2161
FR;6;2022-11-02;15;24;7;17;10;17729;12966;1562;1816;2171
FR;8;2020-12-27;0;0;0;0;0;0;0;0;0;0
FR;8;2020-12-28;0;0;0;0;0;0;0;0;0;0
FR;8;2020-12-29;0;0;0;0;0;0;0;0;0;0
FR;8;2020-12-30;0;0;0;0;0;0;0;0;0;0
FR;8;2020-12-31;0;0;0;0;0;0;0;0;0;0
FR;8;2021-01-01;0;0;0;0;0;0;0;0;0;0
FR;8;2021-01-02;0;0;0;0;0;0;0;0;0;0
FR;8;2021-01-03;0;0;0;0;0;0;0;0;0;0
FR;8;2021-01-04;0;0;0;0;0;0;0;0;0;0
FR;8;2021-01-05;0;0;0;0;0;0;0;0;0;0
FR;8;2021-01-06;0;0;0;0;0;0;0;0;0;0
FR;8;2021-01-07;0;0;0;0;0;0;0;0;0;0
FR;8;2021-01-08;0;0;0;0;0;0;0;0;0;0
FR;8;2021-01-09;0;0;0;0;0;0;0;0;0;0
FR;8;2021-01-10;0;0;0;0;0;0;0;0;0;0
FR;8;2021-01-11;0;0;0;0;0;0;0;0;0;0
FR;8;2021-01-12;0;0;0;0;0;0;0;0;0;0
FR;8;2021-01-13;0;0;0;0;0;0;0;0;0;0
FR;8;2021-01-14;0;0;0;0;0;0;0;0;0;0
FR;8;2021-01-15;0;0;0;0;0;0;0;0;0;0
FR;8;2021-01-16;0;0;0;0;0;0;0;0;0;0
FR;8;2021-01-17;0;0;0;0;0;0;0;0;0;0
FR;8;2021-01-18;0;0;0;0;0;0;0;0;0;0
FR;8;2021-01-19;0;0;0;0;0;0;0;0;0;0
FR;8;2021-01-20;0;0;0;0;0;0;0;0;0;0
FR;8;2021-01-21;0;0;0;0;0;0;0;0;0;0
FR;8;2021-01-22;0;0;0;0;0;0;0;0;0;0
FR;8;2021-01-23;0;0;0;0;0;0;0;0;0;0
FR;8;2021-01-24;0;0;0;0;0;0;0;0;0;0
FR;8;2021-01-25;0;0;0;0;0;0;0;0;0;0
FR;8;2021-01-26;0;0;0;0;0;0;0;0;0;0
FR;8;2021-01-27;0;0;0;0;0;0;0;0;0;0
FR;8;2021-01-28;0;0;0;0;0;0;0;0;0;0
FR;8;2021-01-29;0;0;0;0;0;0;0;0;0;0
FR;8;2021-01-30;0;0;0;0;0;0;0;0;0;0
FR;8;2021-01-31;0;0;0;0;0;0;0;0;0;0
FR;8;2021-02-01;0;0;0;0;0;0;0;0;0;0
FR;8;2021-02-02;0;0;0;0;0;0;0;0;0;0
FR;8;2021-02-03;0;0;0;0;0;0;0;0;0;0
FR;8;2021-02-04;0;0;0;0;0;0;0;0;0;0
FR;8;2021-02-05;0;0;0;0;0;0;0;0;0;0
FR;8;2021-02-06;0;0;0;0;0;0;0;0;0;0
FR;8;2021-02-07;0;0;0;0;0;0;0;0;0;0
FR;8;2021-02-08;0;0;0;0;0;0;0;0;0;0
FR;8;2021-02-09;0;0;0;0;0;0;0;0;0;0
FR;8;2021-02-10;0;0;0;0;0;0;0;0;0;0
FR;8;2021-02-11;0;0;0;0;0;0;0;0;0;0
FR;8;2021-02-12;0;0;0;0;0;0;0;0;0;0
FR;8;2021-02-13;0;0;0;0;0;0;0;0;0;0
FR;8;2021-02-14;0;0;0;0;0;0;0;0;0;0
FR;8;2021-02-15;0;0;0;0;0;0;0;0;0;0
FR;8;2021-02-16;0;0;0;0;0;0;0;0;0;0
FR;8;2021-02-17;0;0;0;0;0;0;0;0;0;0
FR;8;2021-02-18;0;0;0;0;0;0;0;0;0;0
FR;8;2021-02-19;0;0;0;0;0;0;0;0;0;0
FR;8;2021-02-20;0;0;0;0;0;0;0;0;0;0
FR;8;2021-02-21;0;0;0;0;0;0;0;0;0;0
FR;8;2021-02-22;0;0;0;0;0;0;0;0;0;0
FR;8;2021-02-23;0;0;0;0;0;0;0;0;0;0
FR;8;2021-02-24;0;0;0;0;0;0;0;0;0;0
FR;8;2021-02-25;0;0;0;0;0;0;0;0;0;0
FR;8;2021-02-26;0;0;0;0;0;0;0;0;0;0
FR;8;2021-02-27;0;0;0;0;0;0;0;0;0;0
FR;8;2021-02-28;0;0;0;0;0;0;0;0;0;0
FR;8;2021-03-01;0;0;0;0;0;0;0;0;0;0
FR;8;2021-03-02;0;0;0;0;0;0;0;0;0;0
FR;8;2021-03-03;0;0;0;0;0;0;0;0;0;0
FR;8;2021-03-04;0;0;0;0;0;0;0;0;0;0
FR;8;2021-03-05;0;0;0;0;0;0;0;0;0;0
FR;8;2021-03-06;0;0;0;0;0;0;0;0;0;0
FR;8;2021-03-07;0;0;0;0;0;0;0;0;0;0
FR;8;2021-03-08;0;0;0;0;0;0;0;0;0;0
FR;8;2021-03-09;0;0;0;0;0;0;0;0;0;0
FR;8;2021-03-10;0;0;0;0;0;0;0;0;0;0
FR;8;2021-03-11;0;0;0;0;0;0;0;0;0;0
FR;8;2021-03-12;0;0;0;0;0;0;0;0;0;0
FR;8;2021-03-13;0;0;0;0;0;0;0;0;0;0
FR;8;2021-03-14;0;0;0;0;0;0;0;0;0;0
FR;8;2021-03-15;0;0;0;0;0;0;0;0;0;0
FR;8;2021-03-16;0;0;0;0;0;0;0;0;0;0
FR;8;2021-03-17;0;0;0;0;0;0;0;0;0;0
FR;8;2021-03-18;0;0;0;0;0;0;0;0;0;0
FR;8;2021-03-19;0;0;0;0;0;0;0;0;0;0
FR;8;2021-03-20;0;0;0;0;0;0;0;0;0;0
FR;8;2021-03-21;0;0;0;0;0;0;0;0;0;0
FR;8;2021-03-22;0;0;0;0;0;0;0;0;0;0
FR;8;2021-03-23;0;0;0;0;0;0;0;0;0;0
FR;8;2021-03-24;0;0;0;0;0;0;0;0;0;0
FR;8;2021-03-25;0;0;0;0;0;0;0;0;0;0
FR;8;2021-03-26;0;0;0;0;0;0;0;0;0;0
FR;8;2021-03-27;0;0;0;0;0;0;0;0;0;0
FR;8;2021-03-28;0;0;0;0;0;0;0;0;0;0
FR;8;2021-03-29;0;0;0;0;0;0;0;0;0;0
FR;8;2021-03-30;0;0;0;0;0;0;0;0;0;0
FR;8;2021-03-31;0;0;0;0;0;0;0;0;0;0
FR;8;2021-04-01;0;0;0;0;0;0;0;0;0;0
FR;8;2021-04-02;0;0;0;0;0;0;0;0;0;0
FR;8;2021-04-03;0;0;0;0;0;0;0;0;0;0
FR;8;2021-04-04;0;0;0;0;0;0;0;0;0;0
FR;8;2021-04-05;0;0;0;0;0;0;0;0;0;0
FR;8;2021-04-06;0;0;0;0;0;0;0;0;0;0
FR;8;2021-04-07;0;0;0;0;0;0;0;0;0;0
FR;8;2021-04-08;0;0;0;0;0;0;0;0;0;0
FR;8;2021-04-09;0;0;0;0;0;0;0;0;0;0
FR;8;2021-04-10;0;0;0;0;0;0;0;0;0;0
FR;8;2021-04-11;0;0;0;0;0;0;0;0;0;0
FR;8;2021-04-12;0;0;0;0;0;0;0;0;0;0
FR;8;2021-04-13;0;0;0;0;0;0;0;0;0;0
FR;8;2021-04-14;0;0;0;0;0;0;0;0;0;0
FR;8;2021-04-15;0;0;0;0;0;0;0;0;0;0
FR;8;2021-04-16;0;0;0;0;0;0;0;0;0;0
FR;8;2021-04-17;0;0;0;0;0;0;0;0;0;0
FR;8;2021-04-18;0;0;0;0;0;0;0;0;0;0
FR;8;2021-04-19;0;0;0;0;0;0;0;0;0;0
FR;8;2021-04-20;0;0;0;0;0;0;0;0;0;0
FR;8;2021-04-21;0;0;0;0;0;0;0;0;0;0
FR;8;2021-04-22;0;0;0;0;0;0;0;0;0;0
FR;8;2021-04-23;0;0;0;0;0;0;0;0;0;0
FR;8;2021-04-24;0;0;0;0;0;0;0;0;0;0
FR;8;2021-04-25;0;0;0;0;0;0;0;0;0;0
FR;8;2021-04-26;0;0;0;0;0;0;0;0;0;0
FR;8;2021-04-27;0;0;0;0;0;0;0;0;0;0
FR;8;2021-04-28;0;0;0;0;0;0;0;0;0;0
FR;8;2021-04-29;0;0;0;0;0;0;0;0;0;0
FR;8;2021-04-30;0;0;0;0;0;0;0;0;0;0
FR;8;2021-05-01;0;0;0;0;0;0;0;0;0;0
FR;8;2021-05-02;0;0;0;0;0;0;0;0;0;0
FR;8;2021-05-03;0;0;0;0;0;0;0;0;0;0
FR;8;2021-05-04;0;0;0;0;0;0;0;0;0;0
FR;8;2021-05-05;0;0;0;0;0;0;0;0;0;0
FR;8;2021-05-06;0;0;0;0;0;0;0;0;0;0
FR;8;2021-05-07;0;0;0;0;0;0;0;0;0;0
FR;8;2021-05-08;0;0;0;0;0;0;0;0;0;0
FR;8;2021-05-09;0;0;0;0;0;0;0;0;0;0
FR;8;2021-05-10;0;0;0;0;0;0;0;0;0;0
FR;8;2021-05-11;0;0;0;0;0;0;0;0;0;0
FR;8;2021-05-12;0;0;0;0;0;0;0;0;0;0
FR;8;2021-05-13;0;0;0;0;0;0;0;0;0;0
FR;8;2021-05-14;0;0;0;0;0;0;0;0;0;0
FR;8;2021-05-15;0;0;0;0;0;0;0;0;0;0
FR;8;2021-05-16;0;0;0;0;0;0;0;0;0;0
FR;8;2021-05-17;0;0;0;0;0;0;0;0;0;0
FR;8;2021-05-18;0;0;0;0;0;0;0;0;0;0
FR;8;2021-05-19;0;0;0;0;0;0;0;0;0;0
FR;8;2021-05-20;0;0;0;0;0;0;0;0;0;0
FR;8;2021-05-21;0;0;0;0;0;0;0;0;0;0
FR;8;2021-05-22;0;0;0;0;0;0;0;0;0;0
FR;8;2021-05-23;0;0;0;0;0;0;0;0;0;0
FR;8;2021-05-24;0;0;0;0;0;0;0;0;0;0
FR;8;2021-05-25;0;0;0;0;0;0;0;0;0;0
FR;8;2021-05-26;0;0;0;0;0;0;0;0;0;0
FR;8;2021-05-27;0;0;0;0;0;0;0;0;0;0
FR;8;2021-05-28;0;0;0;0;0;0;0;0;0;0
FR;8;2021-05-29;0;0;0;0;0;0;0;0;0;0
FR;8;2021-05-30;0;0;0;0;0;0;0;0;0;0
FR;8;2021-05-31;0;0;0;0;0;0;0;0;0;0
FR;8;2021-06-01;0;0;0;0;0;0;0;0;0;0
FR;8;2021-06-02;0;0;0;0;0;0;0;0;0;0
FR;8;2021-06-03;0;0;0;0;0;0;0;0;0;0
FR;8;2021-06-04;0;0;0;0;0;0;0;0;0;0
FR;8;2021-06-05;0;0;0;0;0;0;0;0;0;0
FR;8;2021-06-06;0;0;0;0;0;0;0;0;0;0
FR;8;2021-06-07;0;0;0;0;0;0;0;0;0;0
FR;8;2021-06-08;0;0;0;0;0;0;0;0;0;0
FR;8;2021-06-09;0;0;0;0;0;0;0;0;0;0
FR;8;2021-06-10;0;0;0;0;0;0;0;0;0;0
FR;8;2021-06-11;0;0;0;0;0;0;0;0;0;0
FR;8;2021-06-12;0;0;0;0;0;0;0;0;0;0
FR;8;2021-06-13;0;0;0;0;0;0;0;0;0;0
FR;8;2021-06-14;0;0;0;0;0;0;0;0;0;0
FR;8;2021-06-15;0;0;0;0;0;0;0;0;0;0
FR;8;2021-06-16;0;0;0;0;0;0;0;0;0;0
FR;8;2021-06-17;0;0;0;0;0;0;0;0;0;0
FR;8;2021-06-18;0;0;0;0;0;0;0;0;0;0
FR;8;2021-06-19;0;0;0;0;0;0;0;0;0;0
FR;8;2021-06-20;0;0;0;0;0;0;0;0;0;0
FR;8;2021-06-21;0;0;0;0;0;0;0;0;0;0
FR;8;2021-06-22;0;0;0;0;0;0;0;0;0;0
FR;8;2021-06-23;0;0;0;0;0;0;0;0;0;0
FR;8;2021-06-24;0;0;0;0;0;0;0;0;0;0
FR;8;2021-06-25;0;0;0;0;0;0;0;0;0;0
FR;8;2021-06-26;0;0;0;0;0;0;0;0;0;0
FR;8;2021-06-27;0;0;0;0;0;0;0;0;0;0
FR;8;2021-06-28;0;0;0;0;0;0;0;0;0;0
FR;8;2021-06-29;0;0;0;0;0;0;0;0;0;0
FR;8;2021-06-30;0;0;0;0;0;0;0;0;0;0
FR;8;2021-07-01;0;0;0;0;0;0;0;0;0;0
FR;8;2021-07-02;0;0;0;0;0;0;0;0;0;0
FR;8;2021-07-03;0;0;0;0;0;0;0;0;0;0
FR;8;2021-07-04;0;0;0;0;0;0;0;0;0;0
FR;8;2021-07-05;0;0;0;0;0;0;0;0;0;0
FR;8;2021-07-06;0;0;0;0;0;0;0;0;0;0
FR;8;2021-07-07;0;0;0;0;0;0;0;0;0;0
FR;8;2021-07-08;0;0;0;0;0;0;0;0;0;0
FR;8;2021-07-09;0;0;0;0;0;0;0;0;0;0
FR;8;2021-07-10;0;0;0;0;0;0;0;0;0;0
FR;8;2021-07-11;0;0;0;0;0;0;0;0;0;0
FR;8;2021-07-12;0;0;0;0;0;0;0;0;0;0
FR;8;2021-07-13;0;0;0;0;0;0;0;0;0;0
FR;8;2021-07-14;0;0;0;0;0;0;0;0;0;0
FR;8;2021-07-15;0;0;0;0;0;0;0;0;0;0
FR;8;2021-07-16;0;0;0;0;0;0;0;0;0;0
FR;8;2021-07-17;0;0;0;0;0;0;0;0;0;0
FR;8;2021-07-18;0;0;0;0;0;0;0;0;0;0
FR;8;2021-07-19;0;0;0;0;0;0;0;0;0;0
FR;8;2021-07-20;0;0;0;0;0;0;0;0;0;0
FR;8;2021-07-21;0;0;0;0;0;0;0;0;0;0
FR;8;2021-07-22;0;0;0;0;0;0;0;0;0;0
FR;8;2021-07-23;0;0;0;0;0;0;0;0;0;0
FR;8;2021-07-24;0;0;0;0;0;0;0;0;0;0
FR;8;2021-07-25;0;0;0;0;0;0;0;0;0;0
FR;8;2021-07-26;0;0;0;0;0;0;0;0;0;0
FR;8;2021-07-27;0;0;0;0;0;0;0;0;0;0
FR;8;2021-07-28;0;0;0;0;0;0;0;0;0;0
FR;8;2021-07-29;0;0;0;0;0;0;0;0;0;0
FR;8;2021-07-30;0;0;0;0;0;0;0;0;0;0
FR;8;2021-07-31;0;0;0;0;0;0;0;0;0;0
FR;8;2021-08-01;0;0;0;0;0;0;0;0;0;0
FR;8;2021-08-02;0;0;0;0;0;0;0;0;0;0
FR;8;2021-08-03;0;0;0;0;0;0;0;0;0;0
FR;8;2021-08-04;0;0;0;0;0;0;0;0;0;0
FR;8;2021-08-05;0;0;0;0;0;0;0;0;0;0
FR;8;2021-08-06;0;0;0;0;0;0;0;0;0;0
FR;8;2021-08-07;0;0;0;0;0;0;0;0;0;0
FR;8;2021-08-08;0;0;0;0;0;0;0;0;0;0
FR;8;2021-08-09;0;0;0;0;0;0;0;0;0;0
FR;8;2021-08-10;0;0;0;0;0;0;0;0;0;0
FR;8;2021-08-11;0;0;0;0;0;0;0;0;0;0
FR;8;2021-08-12;0;0;0;0;0;0;0;0;0;0
FR;8;2021-08-13;0;0;0;0;0;0;0;0;0;0
FR;8;2021-08-14;0;0;0;0;0;0;0;0;0;0
FR;8;2021-08-15;0;0;0;0;0;0;0;0;0;0
FR;8;2021-08-16;0;0;0;0;0;0;0;0;0;0
FR;8;2021-08-17;0;0;0;0;0;0;0;0;0;0
FR;8;2021-08-18;0;0;0;0;0;0;0;0;0;0
FR;8;2021-08-19;0;0;0;0;0;0;0;0;0;0
FR;8;2021-08-20;0;0;0;0;0;0;0;0;0;0
FR;8;2021-08-21;0;0;0;0;0;0;0;0;0;0
FR;8;2021-08-22;0;0;0;0;0;0;0;0;0;0
FR;8;2021-08-23;0;0;0;0;0;0;0;0;0;0
FR;8;2021-08-24;0;0;0;0;0;0;0;0;0;0
FR;8;2021-08-25;0;0;0;0;0;0;0;0;0;0
FR;8;2021-08-26;0;0;0;0;0;0;0;0;0;0
FR;8;2021-08-27;0;0;0;0;0;0;0;0;0;0
FR;8;2021-08-28;0;0;0;0;0;0;0;0;0;0
FR;8;2021-08-29;0;0;0;0;0;0;0;0;0;0
FR;8;2021-08-30;0;0;0;0;0;0;0;0;0;0
FR;8;2021-08-31;0;0;0;0;0;0;0;0;0;0
FR;8;2021-09-01;0;0;0;0;0;0;0;0;0;0
FR;8;2021-09-02;0;0;0;0;0;0;0;0;0;0
FR;8;2021-09-03;0;0;0;0;0;0;0;0;0;0
FR;8;2021-09-04;0;0;0;0;0;0;0;0;0;0
FR;8;2021-09-05;0;0;0;0;0;0;0;0;0;0
FR;8;2021-09-06;0;0;0;0;0;0;0;0;0;0
FR;8;2021-09-07;0;0;0;0;0;0;0;0;0;0
FR;8;2021-09-08;0;0;0;0;0;0;0;0;0;0
FR;8;2021-09-09;0;0;0;0;0;0;0;0;0;0
FR;8;2021-09-10;0;0;0;0;0;0;0;0;0;0
FR;8;2021-09-11;0;0;0;0;0;0;0;0;0;0
FR;8;2021-09-12;0;0;0;0;0;0;0;0;0;0
FR;8;2021-09-13;0;0;0;0;0;0;0;0;0;0
FR;8;2021-09-14;0;0;0;0;0;0;0;0;0;0
FR;8;2021-09-15;0;0;0;0;0;0;0;0;0;0
FR;8;2021-09-16;0;0;0;0;0;0;0;0;0;0
FR;8;2021-09-17;0;0;0;0;0;0;0;0;0;0
FR;8;2021-09-18;0;0;0;0;0;0;0;0;0;0
FR;8;2021-09-19;0;0;0;0;0;0;0;0;0;0
FR;8;2021-09-20;0;0;0;0;0;0;0;0;0;0
FR;8;2021-09-21;0;0;0;0;0;0;0;0;0;0
FR;8;2021-09-22;0;0;0;0;0;0;0;0;0;0
FR;8;2021-09-23;0;0;0;0;0;0;0;0;0;0
FR;8;2021-09-24;0;0;0;0;0;0;0;0;0;0
FR;8;2021-09-25;0;0;0;0;0;0;0;0;0;0
FR;8;2021-09-26;0;0;0;0;0;0;0;0;0;0
FR;8;2021-09-27;0;0;0;0;0;0;0;0;0;0
FR;8;2021-09-28;0;0;0;0;0;0;0;0;0;0
FR;8;2021-09-29;0;0;0;0;0;0;0;0;0;0
FR;8;2021-09-30;0;0;0;0;0;0;0;0;0;0
FR;8;2021-10-01;0;0;0;0;0;0;0;0;0;0
FR;8;2021-10-02;0;0;0;0;0;0;0;0;0;0
FR;8;2021-10-03;0;0;0;0;0;0;0;0;0;0
FR;8;2021-10-04;0;0;0;0;0;0;0;0;0;0
FR;8;2021-10-05;0;0;0;0;0;0;0;0;0;0
FR;8;2021-10-06;0;0;0;0;0;0;0;0;0;0
FR;8;2021-10-07;0;0;0;0;0;0;0;0;0;0
FR;8;2021-10-08;0;0;0;0;0;0;0;0;0;0
FR;8;2021-10-09;0;0;0;0;0;0;0;0;0;0
FR;8;2021-10-10;0;0;0;0;0;0;0;0;0;0
FR;8;2021-10-11;0;0;0;0;0;0;0;0;0;0
FR;8;2021-10-12;0;0;0;0;0;0;0;0;0;0
FR;8;2021-10-13;0;0;0;0;0;0;0;0;0;0
FR;8;2021-10-14;0;0;0;0;0;0;0;0;0;0
FR;8;2021-10-15;0;0;0;0;0;0;0;0;0;0
FR;8;2021-10-16;0;0;0;0;0;0;0;0;0;0
FR;8;2021-10-17;0;0;0;0;0;0;0;0;0;0
FR;8;2021-10-18;0;0;0;0;0;0;0;0;0;0
FR;8;2021-10-19;0;0;0;0;0;0;0;0;0;0
FR;8;2021-10-20;0;0;0;0;0;0;0;0;0;0
FR;8;2021-10-21;0;0;0;0;0;0;0;0;0;0
FR;8;2021-10-22;0;0;0;0;0;0;0;0;0;0
FR;8;2021-10-23;0;0;0;0;0;0;0;0;0;0
FR;8;2021-10-24;0;0;0;0;0;0;0;0;0;0
FR;8;2021-10-25;0;0;0;0;0;0;0;0;0;0
FR;8;2021-10-26;0;0;0;0;0;0;0;0;0;0
FR;8;2021-10-27;0;0;0;0;0;0;0;0;0;0
FR;8;2021-10-28;0;0;0;0;0;0;0;0;0;0
FR;8;2021-10-29;0;0;0;0;0;0;0;0;0;0
FR;8;2021-10-30;0;0;0;0;0;0;0;0;0;0
FR;8;2021-10-31;0;0;0;0;0;0;0;0;0;0
FR;8;2021-11-01;0;0;0;0;0;0;0;0;0;0
FR;8;2021-11-02;0;0;0;0;0;0;0;0;0;0
FR;8;2021-11-03;0;0;0;0;0;0;0;0;0;0
FR;8;2021-11-04;0;0;0;0;0;0;0;0;0;0
FR;8;2021-11-05;0;0;0;0;0;0;0;0;0;0
FR;8;2021-11-06;0;0;0;0;0;0;0;0;0;0
FR;8;2021-11-07;0;0;0;0;0;0;0;0;0;0
FR;8;2021-11-08;0;0;0;0;0;0;0;0;0;0
FR;8;2021-11-09;0;0;0;0;0;0;0;0;0;0
FR;8;2021-11-10;0;0;0;0;0;0;0;0;0;0
FR;8;2021-11-11;0;0;0;0;0;0;0;0;0;0
FR;8;2021-11-12;0;0;0;0;0;0;0;0;0;0
FR;8;2021-11-13;0;0;0;0;0;0;0;0;0;0
FR;8;2021-11-14;0;0;0;0;0;0;0;0;0;0
FR;8;2021-11-15;0;0;0;0;0;0;0;0;0;0
FR;8;2021-11-16;0;0;0;0;0;0;0;0;0;0
FR;8;2021-11-17;0;0;0;0;0;0;0;0;0;0
FR;8;2021-11-18;0;0;0;0;0;0;0;0;0;0
FR;8;2021-11-19;0;0;0;0;0;0;0;0;0;0
FR;8;2021-11-20;0;0;0;0;0;0;0;0;0;0
FR;8;2021-11-21;0;0;0;0;0;0;0;0;0;0
FR;8;2021-11-22;0;0;0;0;0;0;0;0;0;0
FR;8;2021-11-23;0;0;0;0;0;0;0;0;0;0
FR;8;2021-11-24;0;0;0;0;0;0;0;0;0;0
FR;8;2021-11-25;0;0;0;0;0;0;0;0;0;0
FR;8;2021-11-26;0;0;0;0;0;0;0;0;0;0
FR;8;2021-11-27;0;0;0;0;0;0;0;0;0;0
FR;8;2021-11-28;0;0;0;0;0;0;0;0;0;0
FR;8;2021-11-29;0;0;0;0;0;0;0;0;0;0
FR;8;2021-11-30;0;0;0;0;0;0;0;0;0;0
FR;8;2021-12-01;0;0;0;0;0;0;0;0;0;0
FR;8;2021-12-02;0;0;0;0;0;0;0;0;0;0
FR;8;2021-12-03;0;0;0;0;0;0;0;0;0;0
FR;8;2021-12-04;0;0;0;0;0;0;0;0;0;0
FR;8;2021-12-05;0;0;0;0;0;0;0;0;0;0
FR;8;2021-12-06;0;0;0;0;0;0;0;0;0;0
FR;8;2021-12-07;0;0;0;0;0;0;0;0;0;0
FR;8;2021-12-08;0;0;0;0;0;0;0;0;0;0
FR;8;2021-12-09;0;0;0;0;0;0;0;0;0;0
FR;8;2021-12-10;0;0;0;0;0;0;0;0;0;0
FR;8;2021-12-11;0;0;0;0;0;0;0;0;0;0
FR;8;2021-12-12;0;0;0;0;0;0;0;0;0;0
FR;8;2021-12-13;0;0;0;0;0;0;0;0;0;0
FR;8;2021-12-14;0;0;0;0;0;0;0;0;0;0
FR;8;2021-12-15;0;0;0;0;0;0;0;0;0;0
FR;8;2021-12-16;0;0;0;0;0;0;0;0;0;0
FR;8;2021-12-17;0;0;0;0;0;0;0;0;0;0
FR;8;2021-12-18;0;0;0;0;0;0;0;0;0;0
FR;8;2021-12-19;0;0;0;0;0;0;0;0;0;0
FR;8;2021-12-20;0;0;0;0;0;0;0;0;0;0
FR;8;2021-12-21;0;0;0;0;0;0;0;0;0;0
FR;8;2021-12-22;0;0;0;0;0;0;0;0;0;0
FR;8;2021-12-23;0;0;0;0;0;0;0;0;0;0
FR;8;2021-12-24;0;0;0;0;0;0;0;0;0;0
FR;8;2021-12-25;0;0;0;0;0;0;0;0;0;0
FR;8;2021-12-26;0;0;0;0;0;0;0;0;0;0
FR;8;2021-12-27;0;0;0;0;0;0;0;0;0;0
FR;8;2021-12-28;0;0;0;0;0;0;0;0;0;0
FR;8;2021-12-29;0;0;0;0;0;0;0;0;0;0
FR;8;2021-12-30;0;0;0;0;0;0;0;0;0;0
FR;8;2021-12-31;0;0;0;0;0;0;0;0;0;0
FR;8;2022-01-01;0;0;0;0;0;0;0;0;0;0
FR;8;2022-01-02;0;0;0;0;0;0;0;0;0;0
FR;8;2022-01-03;0;0;0;0;0;0;0;0;0;0
FR;8;2022-01-04;0;0;0;0;0;0;0;0;0;0
FR;8;2022-01-05;0;0;0;0;0;0;0;0;0;0
FR;8;2022-01-06;0;0;0;0;0;0;0;0;0;0
FR;8;2022-01-07;0;0;0;0;0;0;0;0;0;0
FR;8;2022-01-08;0;0;0;0;0;0;0;0;0;0
FR;8;2022-01-09;0;0;0;0;0;0;0;0;0;0
FR;8;2022-01-10;0;0;0;0;0;0;0;0;0;0
FR;8;2022-01-11;0;0;0;0;0;0;0;0;0;0
FR;8;2022-01-12;0;0;0;0;0;0;0;0;0;0
FR;8;2022-01-13;0;0;0;0;0;0;0;0;0;0
FR;8;2022-01-14;0;0;0;0;0;0;0;0;0;0
FR;8;2022-01-15;0;0;0;0;0;0;0;0;0;0
FR;8;2022-01-16;0;0;0;0;0;0;0;0;0;0
FR;8;2022-01-17;0;0;0;0;0;0;0;0;0;0
FR;8;2022-01-18;0;0;0;0;0;0;0;0;0;0
FR;8;2022-01-19;0;0;0;0;0;0;0;0;0;0
FR;8;2022-01-20;0;0;0;0;0;0;0;0;0;0
FR;8;2022-01-21;0;0;0;0;0;0;0;0;0;0
FR;8;2022-01-22;0;0;0;0;0;0;0;0;0;0
FR;8;2022-01-23;0;0;0;0;0;0;0;0;0;0
FR;8;2022-01-24;0;0;0;0;0;0;0;0;0;0
FR;8;2022-01-25;0;0;0;0;0;0;0;0;0;0
FR;8;2022-01-26;0;0;0;0;0;0;0;0;0;0
FR;8;2022-01-27;0;0;0;0;0;0;0;0;0;0
FR;8;2022-01-28;0;0;0;0;0;0;0;0;0;0
FR;8;2022-01-29;0;0;0;0;0;0;0;0;0;0
FR;8;2022-01-30;0;0;0;0;0;0;0;0;0;0
FR;8;2022-01-31;0;0;0;0;0;0;0;0;0;0
FR;8;2022-02-01;0;0;0;0;0;0;0;0;0;0
FR;8;2022-02-02;0;0;0;0;0;0;0;0;0;0
FR;8;2022-02-03;0;0;0;0;0;0;0;0;0;0
FR;8;2022-02-04;0;0;0;0;0;0;0;0;0;0
FR;8;2022-02-05;0;0;0;0;0;0;0;0;0;0
FR;8;2022-02-06;0;0;0;0;0;0;0;0;0;0
FR;8;2022-02-07;0;0;0;0;0;0;0;0;0;0
FR;8;2022-02-08;0;0;0;0;0;0;0;0;0;0
FR;8;2022-02-09;0;0;0;0;0;0;0;0;0;0
FR;8;2022-02-10;0;0;0;0;0;0;0;0;0;0
FR;8;2022-02-11;0;0;0;0;0;0;0;0;0;0
FR;8;2022-02-12;0;0;0;0;0;0;0;0;0;0
FR;8;2022-02-13;0;0;0;0;0;0;0;0;0;0
FR;8;2022-02-14;0;0;0;0;0;0;0;0;0;0
FR;8;2022-02-15;0;0;0;0;0;0;0;0;0;0
FR;8;2022-02-16;0;0;0;0;0;0;0;0;0;0
FR;8;2022-02-17;0;0;0;0;0;0;0;0;0;0
FR;8;2022-02-18;0;0;0;0;0;0;0;0;0;0
FR;8;2022-02-19;0;0;0;0;0;0;0;0;0;0
FR;8;2022-02-20;0;0;0;0;0;0;0;0;0;0
FR;8;2022-02-21;0;0;0;0;0;0;0;0;0;0
FR;8;2022-02-22;0;0;0;0;0;0;0;0;0;0
FR;8;2022-02-23;0;0;0;0;0;0;0;0;0;0
FR;8;2022-02-24;0;0;0;0;0;0;0;0;0;0
FR;8;2022-02-25;0;0;0;0;0;0;0;0;0;0
FR;8;2022-02-26;0;0;0;0;0;0;0;0;0;0
FR;8;2022-02-27;0;0;0;0;0;0;0;0;0;0
FR;8;2022-02-28;0;0;0;0;0;0;0;0;0;0
FR;8;2022-03-01;0;0;0;0;0;0;0;0;0;0
FR;8;2022-03-02;0;0;0;0;0;0;0;0;0;0
FR;8;2022-03-03;0;0;0;0;0;0;0;0;0;0
FR;8;2022-03-04;0;0;0;0;0;0;0;0;0;0
FR;8;2022-03-05;0;0;0;0;0;0;0;0;0;0
FR;8;2022-03-06;0;0;0;0;0;0;0;0;0;0
FR;8;2022-03-07;0;0;0;0;0;0;0;0;0;0
FR;8;2022-03-08;0;0;0;0;0;0;0;0;0;0
FR;8;2022-03-09;0;0;0;0;0;0;0;0;0;0
FR;8;2022-03-10;0;0;0;0;0;0;0;0;0;0
FR;8;2022-03-11;0;0;0;0;0;0;0;0;0;0
FR;8;2022-03-12;0;0;0;0;0;0;0;0;0;0
FR;8;2022-03-13;0;0;0;0;0;0;0;0;0;0
FR;8;2022-03-14;0;0;0;0;0;0;0;0;0;0
FR;8;2022-03-15;0;0;0;0;0;0;0;0;0;0
FR;8;2022-03-16;0;0;0;0;0;0;0;0;0;0
FR;8;2022-03-17;0;0;0;0;0;0;0;0;0;0
FR;8;2022-03-18;0;0;0;0;0;0;0;0;0;0
FR;8;2022-03-19;0;0;0;0;0;0;0;0;0;0
FR;8;2022-03-20;0;0;0;0;0;0;0;0;0;0
FR;8;2022-03-21;0;0;0;0;0;0;0;0;0;0
FR;8;2022-03-22;0;0;0;0;0;0;0;0;0;0
FR;8;2022-03-23;0;0;0;0;0;0;0;0;0;0
FR;8;2022-03-24;0;0;0;0;0;0;0;0;0;0
FR;8;2022-03-25;0;0;0;0;0;0;0;0;0;0
FR;8;2022-03-26;0;0;0;0;0;0;0;0;0;0
FR;8;2022-03-27;0;0;0;0;0;0;0;0;0;0
FR;8;2022-03-28;0;0;0;0;0;0;0;0;0;0
FR;8;2022-03-29;0;0;0;0;0;0;0;0;0;0
FR;8;2022-03-30;0;0;0;0;0;0;0;0;0;0
FR;8;2022-03-31;0;0;0;0;0;0;0;0;0;0
FR;8;2022-04-01;0;0;0;0;0;0;0;0;0;0
FR;8;2022-04-02;0;0;0;0;0;0;0;0;0;0
FR;8;2022-04-03;0;0;0;0;0;0;0;0;0;0
FR;8;2022-04-04;0;0;0;0;0;0;0;0;0;0
FR;8;2022-04-05;0;0;0;0;0;0;0;0;0;0
FR;8;2022-04-06;0;0;0;0;0;0;0;0;0;0
FR;8;2022-04-07;0;0;0;0;0;0;0;0;0;0
FR;8;2022-04-08;0;0;0;0;0;0;0;0;0;0
FR;8;2022-04-09;0;0;0;0;0;0;0;0;0;0
FR;8;2022-04-10;0;0;0;0;0;0;0;0;0;0
FR;8;2022-04-11;0;0;0;0;0;0;0;0;0;0
FR;8;2022-04-12;0;0;0;0;0;0;0;0;0;0
FR;8;2022-04-13;0;0;0;0;0;0;0;0;0;0
FR;8;2022-04-14;0;0;0;0;0;0;0;0;0;0
FR;8;2022-04-15;0;0;0;0;0;0;0;0;0;0
FR;8;2022-04-16;0;0;0;0;0;0;0;0;0;0
FR;8;2022-04-17;0;0;0;0;0;0;0;0;0;0
FR;8;2022-04-18;0;0;0;0;0;0;0;0;0;0
FR;8;2022-04-19;0;0;0;0;0;0;0;0;0;0
FR;8;2022-04-20;0;0;0;0;0;0;0;0;0;0
FR;8;2022-04-21;0;0;0;0;0;0;0;0;0;0
FR;8;2022-04-22;0;0;0;0;0;0;0;0;0;0
FR;8;2022-04-23;0;0;0;0;0;0;0;0;0;0
FR;8;2022-04-24;0;0;0;0;0;0;0;0;0;0
FR;8;2022-04-25;0;0;0;0;0;0;0;0;0;0
FR;8;2022-04-26;0;0;0;0;0;0;0;0;0;0
FR;8;2022-04-27;0;0;0;0;0;0;0;0;0;0
FR;8;2022-04-28;0;0;0;0;0;0;0;0;0;0
FR;8;2022-04-29;0;0;0;0;0;0;0;0;0;0
FR;8;2022-04-30;0;0;0;0;0;0;0;0;0;0
FR;8;2022-05-01;0;0;0;0;0;0;0;0;0;0
FR;8;2022-05-02;0;0;0;0;0;0;0;0;0;0
FR;8;2022-05-03;0;0;0;0;0;0;0;0;0;0
FR;8;2022-05-04;0;0;0;0;0;0;0;0;0;0
FR;8;2022-05-05;0;0;0;0;0;0;0;0;0;0
FR;8;2022-05-06;0;0;0;0;0;0;0;0;0;0
FR;8;2022-05-07;0;0;0;0;0;0;0;0;0;0
FR;8;2022-05-08;0;0;0;0;0;0;0;0;0;0
FR;8;2022-05-09;0;0;0;0;0;0;0;0;0;0
FR;8;2022-05-10;0;0;0;0;0;0;0;0;0;0
FR;8;2022-05-11;0;0;0;0;0;0;0;0;0;0
FR;8;2022-05-12;0;0;0;0;0;0;0;0;0;0
FR;8;2022-05-13;0;0;0;0;0;0;0;0;0;0
FR;8;2022-05-14;0;0;0;0;0;0;0;0;0;0
FR;8;2022-05-15;0;0;0;0;0;0;0;0;0;0
FR;8;2022-05-16;0;0;0;0;0;0;0;0;0;0
FR;8;2022-05-17;0;0;0;0;0;0;0;0;0;0
FR;8;2022-05-18;0;0;0;0;0;0;0;0;0;0
FR;8;2022-05-19;0;0;0;0;0;0;0;0;0;0
FR;8;2022-05-20;0;0;0;0;0;0;0;0;0;0
FR;8;2022-05-21;0;0;0;0;0;0;0;0;0;0
FR;8;2022-05-22;0;0;0;0;0;0;0;0;0;0
FR;8;2022-05-23;0;0;0;0;0;0;0;0;0;0
FR;8;2022-05-24;0;0;0;0;0;0;0;0;0;0
FR;8;2022-05-25;0;0;0;0;0;0;0;0;0;0
FR;8;2022-05-26;0;0;0;0;0;0;0;0;0;0
FR;8;2022-05-27;0;0;0;0;0;0;0;0;0;0
FR;8;2022-05-28;0;0;0;0;0;0;0;0;0;0
FR;8;2022-05-29;0;0;0;0;0;0;0;0;0;0
FR;8;2022-05-30;0;0;0;0;0;0;0;0;0;0
FR;8;2022-05-31;0;0;0;0;0;0;0;0;0;0
FR;8;2022-06-01;0;0;0;0;0;0;0;0;0;0
FR;8;2022-06-02;0;0;0;0;0;0;0;0;0;0
FR;8;2022-06-03;0;0;0;0;0;0;0;0;0;0
FR;8;2022-06-04;0;0;0;0;0;0;0;0;0;0
FR;8;2022-06-05;0;0;0;0;0;0;0;0;0;0
FR;8;2022-06-06;0;0;0;0;0;0;0;0;0;0
FR;8;2022-06-07;0;0;0;0;0;0;0;0;0;0
FR;8;2022-06-08;0;0;0;0;0;0;0;0;0;0
FR;8;2022-06-09;0;0;0;0;0;0;0;0;0;0
FR;8;2022-06-10;0;0;0;0;0;0;0;0;0;0
FR;8;2022-06-11;0;0;0;0;0;0;0;0;0;0
FR;8;2022-06-12;0;0;0;0;0;0;0;0;0;0
FR;8;2022-06-13;0;0;0;0;0;0;0;0;0;0
FR;8;2022-06-14;0;0;0;0;0;0;0;0;0;0
FR;8;2022-06-15;0;0;0;0;0;0;0;0;0;0
FR;8;2022-06-16;0;0;0;0;0;0;0;0;0;0
FR;8;2022-06-17;0;0;0;0;0;0;0;0;0;0
FR;8;2022-06-18;0;0;0;0;0;0;0;0;0;0
FR;8;2022-06-19;0;0;0;0;0;0;0;0;0;0
FR;8;2022-06-20;0;0;0;0;0;0;0;0;0;0
FR;8;2022-06-21;0;0;0;0;0;0;0;0;0;0
FR;8;2022-06-22;0;0;0;0;0;0;0;0;0;0
FR;8;2022-06-23;0;0;0;0;0;0;0;0;0;0
FR;8;2022-06-24;0;0;0;0;0;0;0;0;0;0
FR;8;2022-06-25;0;0;0;0;0;0;0;0;0;0
FR;8;2022-06-26;0;0;0;0;0;0;0;0;0;0
FR;8;2022-06-27;0;0;0;0;0;0;0;0;0;0
FR;8;2022-06-28;0;0;0;0;0;0;0;0;0;0
FR;8;2022-06-29;0;0;0;0;0;0;0;0;0;0
FR;8;2022-06-30;0;0;0;0;0;0;0;0;0;0
FR;8;2022-07-01;0;0;0;0;0;0;0;0;0;0
FR;8;2022-07-02;0;0;0;0;0;0;0;0;0;0
FR;8;2022-07-03;0;0;0;0;0;0;0;0;0;0
FR;8;2022-07-04;0;0;0;0;0;0;0;0;0;0
FR;8;2022-07-05;0;0;0;0;0;0;0;0;0;0
FR;8;2022-07-06;0;0;0;0;0;0;0;0;0;0
FR;8;2022-07-07;0;0;0;0;0;0;0;0;0;0
FR;8;2022-07-08;0;0;0;0;0;0;0;0;0;0
FR;8;2022-07-09;0;0;0;0;0;0;0;0;0;0
FR;8;2022-07-10;0;0;0;0;0;0;0;0;0;0
FR;8;2022-07-11;0;0;0;0;0;0;0;0;0;0
FR;8;2022-07-12;0;0;0;0;0;0;0;0;0;0
FR;8;2022-07-13;0;0;0;0;0;0;0;0;0;0
FR;8;2022-07-14;0;0;0;0;0;0;0;0;0;0
FR;8;2022-07-15;0;0;0;0;0;0;0;0;0;0
FR;8;2022-07-16;0;0;0;0;0;0;0;0;0;0
FR;8;2022-07-17;0;0;0;0;0;0;0;0;0;0
FR;8;2022-07-18;0;0;0;0;0;0;0;0;0;0
FR;8;2022-07-19;0;0;0;0;0;0;0;0;0;0
FR;8;2022-07-20;0;0;0;0;0;0;0;0;0;0
FR;8;2022-07-21;0;0;0;0;0;0;0;0;0;0
FR;8;2022-07-22;0;0;0;0;0;0;0;0;0;0
FR;8;2022-07-23;0;0;0;0;0;0;0;0;0;0
FR;8;2022-07-24;0;0;0;0;0;0;0;0;0;0
FR;8;2022-07-25;0;0;0;0;0;0;0;0;0;0
FR;8;2022-07-26;0;0;0;0;0;0;0;0;0;0
FR;8;2022-07-27;0;0;0;0;0;0;0;0;0;0
FR;8;2022-07-28;0;0;0;0;0;0;0;0;0;0
FR;8;2022-07-29;0;0;0;0;0;0;0;0;0;0
FR;8;2022-07-30;0;0;0;0;0;0;0;0;0;0
FR;8;2022-07-31;0;0;0;0;0;0;0;0;0;0
FR;8;2022-08-01;0;0;0;0;0;0;0;0;0;0
FR;8;2022-08-02;0;0;0;0;0;0;0;0;0;0
FR;8;2022-08-03;0;0;0;0;0;0;0;0;0;0
FR;8;2022-08-04;0;0;0;0;0;0;0;0;0;0
FR;8;2022-08-05;0;0;0;0;0;0;0;0;0;0
FR;8;2022-08-06;0;0;0;0;0;0;0;0;0;0
FR;8;2022-08-07;0;0;0;0;0;0;0;0;0;0
FR;8;2022-08-08;0;0;0;0;0;0;0;0;0;0
FR;8;2022-08-09;0;0;0;0;0;0;0;0;0;0
FR;8;2022-08-10;0;0;0;0;0;0;0;0;0;0
FR;8;2022-08-11;0;0;0;0;0;0;0;0;0;0
FR;8;2022-08-12;0;0;0;0;0;0;0;0;0;0
FR;8;2022-08-13;0;0;0;0;0;0;0;0;0;0
FR;8;2022-08-14;0;0;0;0;0;0;0;0;0;0
FR;8;2022-08-15;0;0;0;0;0;0;0;0;0;0
FR;8;2022-08-16;0;0;0;0;0;0;0;0;0;0
FR;8;2022-08-17;0;0;0;0;0;0;0;0;0;0
FR;8;2022-08-18;0;0;0;0;0;0;0;0;0;0
FR;8;2022-08-19;0;0;0;0;0;0;0;0;0;0
FR;8;2022-08-20;0;0;0;0;0;0;0;0;0;0
FR;8;2022-08-21;0;0;0;0;0;0;0;0;0;0
FR;8;2022-08-22;0;0;0;0;0;0;0;0;0;0
FR;8;2022-08-23;0;0;0;0;0;0;0;0;0;0
FR;8;2022-08-24;0;0;0;0;0;0;0;0;0;0
FR;8;2022-08-25;0;0;0;0;0;0;0;0;0;0
FR;8;2022-08-26;0;0;0;0;0;0;0;0;0;0
FR;8;2022-08-27;0;0;0;0;0;0;0;0;0;0
FR;8;2022-08-28;0;0;0;0;0;0;0;0;0;0
FR;8;2022-08-29;0;0;0;0;0;0;0;0;0;0
FR;8;2022-08-30;0;0;0;0;0;0;0;0;0;0
FR;8;2022-08-31;0;0;0;0;0;0;0;0;0;0
FR;8;2022-09-01;0;0;0;0;0;0;0;0;0;0
FR;8;2022-09-02;0;0;0;0;0;0;0;0;0;0
FR;8;2022-09-03;0;0;0;0;0;0;0;0;0;0
FR;8;2022-09-04;0;0;0;0;0;0;0;0;0;0
FR;8;2022-09-05;0;0;0;0;0;0;0;0;0;0
FR;8;2022-09-06;0;0;0;0;0;0;0;0;0;0
FR;8;2022-09-07;0;0;0;0;0;0;0;0;0;0
FR;8;2022-09-08;0;0;0;0;0;0;0;0;0;0
FR;8;2022-09-09;0;0;0;0;0;0;0;0;0;0
FR;8;2022-09-10;0;0;0;0;0;0;0;0;0;0
FR;8;2022-09-11;0;0;0;0;0;0;0;0;0;0
FR;8;2022-09-12;0;0;0;0;0;0;0;0;0;0
FR;8;2022-09-13;0;0;0;0;0;0;0;0;0;0
FR;8;2022-09-14;0;0;0;0;0;0;0;0;0;0
FR;8;2022-09-15;0;0;0;0;0;0;0;0;0;0
FR;8;2022-09-16;0;0;0;0;0;0;0;0;0;0
FR;8;2022-09-17;0;0;0;0;0;0;0;0;0;0
FR;8;2022-09-18;0;0;0;0;0;0;0;0;0;0
FR;8;2022-09-19;0;0;0;0;0;0;0;0;0;0
FR;8;2022-09-20;0;0;0;0;0;0;0;0;0;0
FR;8;2022-09-21;0;0;0;0;0;0;0;0;0;0
FR;8;2022-09-22;0;0;0;0;0;0;0;0;0;0
FR;8;2022-09-23;0;0;0;0;0;0;0;0;0;0
FR;8;2022-09-24;0;0;0;0;0;0;0;0;0;0
FR;8;2022-09-25;0;0;0;0;0;0;0;0;0;0
FR;8;2022-09-26;0;0;0;0;0;0;0;0;0;0
FR;8;2022-09-27;0;0;0;0;0;0;0;0;0;0
FR;8;2022-09-28;0;0;0;0;0;0;0;0;0;0
FR;8;2022-09-29;0;0;0;0;0;0;0;0;0;0
FR;8;2022-09-30;0;0;0;0;0;0;0;0;0;0
FR;8;2022-10-01;0;0;0;0;0;0;0;0;0;0
FR;8;2022-10-02;0;0;0;0;0;0;0;0;0;0
FR;8;2022-10-03;0;0;0;0;0;0;0;0;0;0
FR;8;2022-10-04;0;0;0;0;0;0;0;0;0;0
FR;8;2022-10-05;0;0;0;0;0;0;0;0;0;0
FR;8;2022-10-06;7;17;109;839;79;7;17;109;839;79
FR;8;2022-10-07;68;100;837;7998;697;75;117;946;8837;776
FR;8;2022-10-08;35;115;609;4037;514;110;232;1555;12874;1290
FR;8;2022-10-09;17;22;144;882;131;127;254;1699;13756;1421
FR;8;2022-10-10;114;190;1328;12554;1018;241;444;3027;26310;2439
FR;8;2022-10-11;170;258;2471;26725;2004;411;702;5498;53035;4443
FR;8;2022-10-12;143;246;1822;18137;1433;554;948;7320;71172;5876
FR;8;2022-10-13;202;272;2494;27912;1891;756;1220;9814;99084;7767
FR;8;2022-10-14;253;416;3263;36125;2547;1009;1636;13077;135209;10314
FR;8;2022-10-15;101;178;1192;8775;992;1110;1814;14269;143984;11306
FR;8;2022-10-16;34;54;242;1512;209;1144;1868;14511;145496;11515
FR;8;2022-10-17;153;303;2074;21638;1605;1297;2171;16585;167134;13120
FR;8;2022-10-18;259;343;3325;37590;2629;1556;2514;19910;204724;15749
FR;8;2022-10-19;187;305;2602;28064;2145;1743;2819;22512;232788;17894
FR;8;2022-10-20;240;357;3539;40704;2594;1983;3176;26051;273492;20488
FR;8;2022-10-21;319;482;4406;49088;3406;2302;3658;30457;322580;23894
FR;8;2022-10-22;117;165;1217;10584;911;2419;3823;31674;333164;24805
FR;8;2022-10-23;48;51;260;1739;194;2467;3874;31934;334903;24999
FR;8;2022-10-24;221;304;2431;23625;1985;2688;4178;34365;358528;26984
FR;8;2022-10-25;306;401;3981;42625;3004;2994;4579;38346;401153;29988
FR;8;2022-10-26;210;334;2785;27887;2276;3204;4913;41131;429040;32264
FR;8;2022-10-27;263;398;3242;35195;2540;3467;5311;44373;464235;34804
FR;8;2022-10-28;307;445;3728;38303;2748;3774;5756;48101;502538;37552
FR;8;2022-10-29;102;160;1047;8085;784;3876;5916;49148;510623;38336
FR;8;2022-10-30;38;51;197;1264;171;3914;5967;49345;511887;38507
FR;8;2022-10-31;181;242;1606;14074;1230;4095;6209;50951;525961;39737
FR;8;2022-11-01;17;29;100;767;123;4112;6238;51051;526728;39860
FR;8;2022-11-02;166;340;2184;21684;1749;4278;6578;53235;548412;41609
FR;9;2020-12-27;0;0;0;0;0;0;0;0;0;0
FR;9;2020-12-28;0;0;0;0;0;0;0;0;0;0
FR;9;2020-12-29;0;0;0;0;0;0;0;0;0;0
FR;9;2020-12-30;0;0;0;0;0;0;0;0;0;0
FR;9;2020-12-31;0;0;0;0;0;0;0;0;0;0
FR;9;2021-01-01;0;0;0;0;0;0;0;0;0;0
FR;9;2021-01-02;0;0;0;0;0;0;0;0;0;0
FR;9;2021-01-03;0;0;0;0;0;0;0;0;0;0
FR;9;2021-01-04;0;0;0;0;0;0;0;0;0;0
FR;9;2021-01-05;0;0;0;0;0;0;0;0;0;0
FR;9;2021-01-06;0;0;0;0;0;0;0;0;0;0
FR;9;2021-01-07;0;0;0;0;0;0;0;0;0;0
FR;9;2021-01-08;0;0;0;0;0;0;0;0;0;0
FR;9;2021-01-09;0;0;0;0;0;0;0;0;0;0
FR;9;2021-01-10;0;0;0;0;0;0;0;0;0;0
FR;9;2021-01-11;0;0;0;0;0;0;0;0;0;0
FR;9;2021-01-12;0;0;0;0;0;0;0;0;0;0
FR;9;2021-01-13;0;0;0;0;0;0;0;0;0;0
FR;9;2021-01-14;0;0;0;0;0;0;0;0;0;0
FR;9;2021-01-15;0;0;0;0;0;0;0;0;0;0
FR;9;2021-01-16;0;0;0;0;0;0;0;0;0;0
FR;9;2021-01-17;0;0;0;0;0;0;0;0;0;0
FR;9;2021-01-18;0;0;0;0;0;0;0;0;0;0
FR;9;2021-01-19;0;0;0;0;0;0;0;0;0;0
FR;9;2021-01-20;0;0;0;0;0;0;0;0;0;0
FR;9;2021-01-21;0;0;0;0;0;0;0;0;0;0
FR;9;2021-01-22;0;0;0;0;0;0;0;0;0;0
FR;9;2021-01-23;0;0;0;0;0;0;0;0;0;0
FR;9;2021-01-24;0;0;0;0;0;0;0;0;0;0
FR;9;2021-01-25;0;0;0;0;0;0;0;0;0;0
FR;9;2021-01-26;0;0;0;0;0;0;0;0;0;0
FR;9;2021-01-27;0;0;0;0;0;0;0;0;0;0
FR;9;2021-01-28;0;0;0;0;0;0;0;0;0;0
FR;9;2021-01-29;0;0;0;0;0;0;0;0;0;0
FR;9;2021-01-30;0;0;0;0;0;0;0;0;0;0
FR;9;2021-01-31;0;0;0;0;0;0;0;0;0;0
FR;9;2021-02-01;0;0;0;0;0;0;0;0;0;0
FR;9;2021-02-02;0;0;0;0;0;0;0;0;0;0
FR;9;2021-02-03;0;0;0;0;0;0;0;0;0;0
FR;9;2021-02-04;0;0;0;0;0;0;0;0;0;0
FR;9;2021-02-05;0;0;0;0;0;0;0;0;0;0
FR;9;2021-02-06;0;0;0;0;0;0;0;0;0;0
FR;9;2021-02-07;0;0;0;0;0;0;0;0;0;0
FR;9;2021-02-08;0;0;0;0;0;0;0;0;0;0
FR;9;2021-02-09;0;0;0;0;0;0;0;0;0;0
FR;9;2021-02-10;0;0;0;0;0;0;0;0;0;0
FR;9;2021-02-11;0;0;0;0;0;0;0;0;0;0
FR;9;2021-02-12;0;0;0;0;0;0;0;0;0;0
FR;9;2021-02-13;0;0;0;0;0;0;0;0;0;0
FR;9;2021-02-14;0;0;0;0;0;0;0;0;0;0
FR;9;2021-02-15;0;0;0;0;0;0;0;0;0;0
FR;9;2021-02-16;0;0;0;0;0;0;0;0;0;0
FR;9;2021-02-17;0;0;0;0;0;0;0;0;0;0
FR;9;2021-02-18;0;0;0;0;0;0;0;0;0;0
FR;9;2021-02-19;0;0;0;0;0;0;0;0;0;0
FR;9;2021-02-20;0;0;0;0;0;0;0;0;0;0
FR;9;2021-02-21;0;0;0;0;0;0;0;0;0;0
FR;9;2021-02-22;0;0;0;0;0;0;0;0;0;0
FR;9;2021-02-23;0;0;0;0;0;0;0;0;0;0
FR;9;2021-02-24;0;0;0;0;0;0;0;0;0;0
FR;9;2021-02-25;0;0;0;0;0;0;0;0;0;0
FR;9;2021-02-26;0;0;0;0;0;0;0;0;0;0
FR;9;2021-02-27;0;0;0;0;0;0;0;0;0;0
FR;9;2021-02-28;0;0;0;0;0;0;0;0;0;0
FR;9;2021-03-01;0;0;0;0;0;0;0;0;0;0
FR;9;2021-03-02;0;0;0;0;0;0;0;0;0;0
FR;9;2021-03-03;0;0;0;0;0;0;0;0;0;0
FR;9;2021-03-04;0;0;0;0;0;0;0;0;0;0
FR;9;2021-03-05;0;0;0;0;0;0;0;0;0;0
FR;9;2021-03-06;0;0;0;0;0;0;0;0;0;0
FR;9;2021-03-07;0;0;0;0;0;0;0;0;0;0
FR;9;2021-03-08;0;0;0;0;0;0;0;0;0;0
FR;9;2021-03-09;0;0;0;0;0;0;0;0;0;0
FR;9;2021-03-10;0;0;0;0;0;0;0;0;0;0
FR;9;2021-03-11;0;0;0;0;0;0;0;0;0;0
FR;9;2021-03-12;0;0;0;0;0;0;0;0;0;0
FR;9;2021-03-13;0;0;0;0;0;0;0;0;0;0
FR;9;2021-03-14;0;0;0;0;0;0;0;0;0;0
FR;9;2021-03-15;0;0;0;0;0;0;0;0;0;0
FR;9;2021-03-16;0;0;0;0;0;0;0;0;0;0
FR;9;2021-03-17;0;0;0;0;0;0;0;0;0;0
FR;9;2021-03-18;0;0;0;0;0;0;0;0;0;0
FR;9;2021-03-19;0;0;0;0;0;0;0;0;0;0
FR;9;2021-03-20;0;0;0;0;0;0;0;0;0;0
FR;9;2021-03-21;0;0;0;0;0;0;0;0;0;0
FR;9;2021-03-22;0;0;0;0;0;0;0;0;0;0
FR;9;2021-03-23;0;0;0;0;0;0;0;0;0;0
FR;9;2021-03-24;0;0;0;0;0;0;0;0;0;0
FR;9;2021-03-25;0;0;0;0;0;0;0;0;0;0
FR;9;2021-03-26;0;0;0;0;0;0;0;0;0;0
FR;9;2021-03-27;0;0;0;0;0;0;0;0;0;0
FR;9;2021-03-28;0;0;0;0;0;0;0;0;0;0
FR;9;2021-03-29;0;0;0;0;0;0;0;0;0;0
FR;9;2021-03-30;0;0;0;0;0;0;0;0;0;0
FR;9;2021-03-31;0;0;0;0;0;0;0;0;0;0
FR;9;2021-04-01;0;0;0;0;0;0;0;0;0;0
FR;9;2021-04-02;0;0;0;0;0;0;0;0;0;0
FR;9;2021-04-03;0;0;0;0;0;0;0;0;0;0
FR;9;2021-04-04;0;0;0;0;0;0;0;0;0;0
FR;9;2021-04-05;0;0;0;0;0;0;0;0;0;0
FR;9;2021-04-06;0;0;0;0;0;0;0;0;0;0
FR;9;2021-04-07;0;0;0;0;0;0;0;0;0;0
FR;9;2021-04-08;0;0;0;0;0;0;0;0;0;0
FR;9;2021-04-09;0;0;0;0;0;0;0;0;0;0
FR;9;2021-04-10;0;0;0;0;0;0;0;0;0;0
FR;9;2021-04-11;0;0;0;0;0;0;0;0;0;0
FR;9;2021-04-12;0;0;0;0;0;0;0;0;0;0
FR;9;2021-04-13;0;0;0;0;0;0;0;0;0;0
FR;9;2021-04-14;0;0;0;0;0;0;0;0;0;0
FR;9;2021-04-15;0;0;0;0;0;0;0;0;0;0
FR;9;2021-04-16;0;0;0;0;0;0;0;0;0;0
FR;9;2021-04-17;0;0;0;0;0;0;0;0;0;0
FR;9;2021-04-18;0;0;0;0;0;0;0;0;0;0
FR;9;2021-04-19;0;0;0;0;0;0;0;0;0;0
FR;9;2021-04-20;0;0;0;0;0;0;0;0;0;0
FR;9;2021-04-21;0;0;0;0;0;0;0;0;0;0
FR;9;2021-04-22;0;0;0;0;0;0;0;0;0;0
FR;9;2021-04-23;0;0;0;0;0;0;0;0;0;0
FR;9;2021-04-24;0;0;0;0;0;0;0;0;0;0
FR;9;2021-04-25;0;0;0;0;0;0;0;0;0;0
FR;9;2021-04-26;0;0;0;0;0;0;0;0;0;0
FR;9;2021-04-27;0;0;0;0;0;0;0;0;0;0
FR;9;2021-04-28;0;0;0;0;0;0;0;0;0;0
FR;9;2021-04-29;0;0;0;0;0;0;0;0;0;0
FR;9;2021-04-30;0;0;0;0;0;0;0;0;0;0
FR;9;2021-05-01;0;0;0;0;0;0;0;0;0;0
FR;9;2021-05-02;0;0;0;0;0;0;0;0;0;0
FR;9;2021-05-03;0;0;0;0;0;0;0;0;0;0
FR;9;2021-05-04;0;0;0;0;0;0;0;0;0;0
FR;9;2021-05-05;0;0;0;0;0;0;0;0;0;0
FR;9;2021-05-06;0;0;0;0;0;0;0;0;0;0
FR;9;2021-05-07;0;0;0;0;0;0;0;0;0;0
FR;9;2021-05-08;0;0;0;0;0;0;0;0;0;0
FR;9;2021-05-09;0;0;0;0;0;0;0;0;0;0
FR;9;2021-05-10;0;0;0;0;0;0;0;0;0;0
FR;9;2021-05-11;0;0;0;0;0;0;0;0;0;0
FR;9;2021-05-12;0;0;0;0;0;0;0;0;0;0
FR;9;2021-05-13;0;0;0;0;0;0;0;0;0;0
FR;9;2021-05-14;0;0;0;0;0;0;0;0;0;0
FR;9;2021-05-15;0;0;0;0;0;0;0;0;0;0
FR;9;2021-05-16;0;0;0;0;0;0;0;0;0;0
FR;9;2021-05-17;0;0;0;0;0;0;0;0;0;0
FR;9;2021-05-18;0;0;0;0;0;0;0;0;0;0
FR;9;2021-05-19;0;0;0;0;0;0;0;0;0;0
FR;9;2021-05-20;0;0;0;0;0;0;0;0;0;0
FR;9;2021-05-21;0;0;0;0;0;0;0;0;0;0
FR;9;2021-05-22;0;0;0;0;0;0;0;0;0;0
FR;9;2021-05-23;0;0;0;0;0;0;0;0;0;0
FR;9;2021-05-24;0;0;0;0;0;0;0;0;0;0
FR;9;2021-05-25;0;0;0;0;0;0;0;0;0;0
FR;9;2021-05-26;0;0;0;0;0;0;0;0;0;0
FR;9;2021-05-27;0;0;0;0;0;0;0;0;0;0
FR;9;2021-05-28;0;0;0;0;0;0;0;0;0;0
FR;9;2021-05-29;0;0;0;0;0;0;0;0;0;0
FR;9;2021-05-30;0;0;0;0;0;0;0;0;0;0
FR;9;2021-05-31;0;0;0;0;0;0;0;0;0;0
FR;9;2021-06-01;0;0;0;0;0;0;0;0;0;0
FR;9;2021-06-02;0;0;0;0;0;0;0;0;0;0
FR;9;2021-06-03;0;0;0;0;0;0;0;0;0;0
FR;9;2021-06-04;0;0;0;0;0;0;0;0;0;0
FR;9;2021-06-05;0;0;0;0;0;0;0;0;0;0
FR;9;2021-06-06;0;0;0;0;0;0;0;0;0;0
FR;9;2021-06-07;0;0;0;0;0;0;0;0;0;0
FR;9;2021-06-08;0;0;0;0;0;0;0;0;0;0
FR;9;2021-06-09;0;0;0;0;0;0;0;0;0;0
FR;9;2021-06-10;0;0;0;0;0;0;0;0;0;0
FR;9;2021-06-11;0;0;0;0;0;0;0;0;0;0
FR;9;2021-06-12;0;0;0;0;0;0;0;0;0;0
FR;9;2021-06-13;0;0;0;0;0;0;0;0;0;0
FR;9;2021-06-14;0;0;0;0;0;0;0;0;0;0
FR;9;2021-06-15;0;0;0;0;0;0;0;0;0;0
FR;9;2021-06-16;0;0;0;0;0;0;0;0;0;0
FR;9;2021-06-17;0;0;0;0;0;0;0;0;0;0
FR;9;2021-06-18;0;0;0;0;0;0;0;0;0;0
FR;9;2021-06-19;0;0;0;0;0;0;0;0;0;0
FR;9;2021-06-20;0;0;0;0;0;0;0;0;0;0
FR;9;2021-06-21;0;0;0;0;0;0;0;0;0;0
FR;9;2021-06-22;0;0;0;0;0;0;0;0;0;0
FR;9;2021-06-23;0;0;0;0;0;0;0;0;0;0
FR;9;2021-06-24;0;0;0;0;0;0;0;0;0;0
FR;9;2021-06-25;0;0;0;0;0;0;0;0;0;0
FR;9;2021-06-26;0;0;0;0;0;0;0;0;0;0
FR;9;2021-06-27;0;0;0;0;0;0;0;0;0;0
FR;9;2021-06-28;0;0;0;0;0;0;0;0;0;0
FR;9;2021-06-29;0;0;0;0;0;0;0;0;0;0
FR;9;2021-06-30;0;0;0;0;0;0;0;0;0;0
FR;9;2021-07-01;0;0;0;0;0;0;0;0;0;0
FR;9;2021-07-02;0;0;0;0;0;0;0;0;0;0
FR;9;2021-07-03;0;0;0;0;0;0;0;0;0;0
FR;9;2021-07-04;0;0;0;0;0;0;0;0;0;0
FR;9;2021-07-05;0;0;0;0;0;0;0;0;0;0
FR;9;2021-07-06;0;0;0;0;0;0;0;0;0;0
FR;9;2021-07-07;0;0;0;0;0;0;0;0;0;0
FR;9;2021-07-08;0;0;0;0;0;0;0;0;0;0
FR;9;2021-07-09;0;0;0;0;0;0;0;0;0;0
FR;9;2021-07-10;0;0;0;0;0;0;0;0;0;0
FR;9;2021-07-11;0;0;0;0;0;0;0;0;0;0
FR;9;2021-07-12;0;0;0;0;0;0;0;0;0;0
FR;9;2021-07-13;0;0;0;0;0;0;0;0;0;0
FR;9;2021-07-14;0;0;0;0;0;0;0;0;0;0
FR;9;2021-07-15;0;0;0;0;0;0;0;0;0;0
FR;9;2021-07-16;0;0;0;0;0;0;0;0;0;0
FR;9;2021-07-17;0;0;0;0;0;0;0;0;0;0
FR;9;2021-07-18;0;0;0;0;0;0;0;0;0;0
FR;9;2021-07-19;0;0;0;0;0;0;0;0;0;0
FR;9;2021-07-20;0;0;0;0;0;0;0;0;0;0
FR;9;2021-07-21;0;0;0;0;0;0;0;0;0;0
FR;9;2021-07-22;0;0;0;0;0;0;0;0;0;0
FR;9;2021-07-23;0;0;0;0;0;0;0;0;0;0
FR;9;2021-07-24;0;0;0;0;0;0;0;0;0;0
FR;9;2021-07-25;0;0;0;0;0;0;0;0;0;0
FR;9;2021-07-26;0;0;0;0;0;0;0;0;0;0
FR;9;2021-07-27;0;0;0;0;0;0;0;0;0;0
FR;9;2021-07-28;0;0;0;0;0;0;0;0;0;0
FR;9;2021-07-29;0;0;0;0;0;0;0;0;0;0
FR;9;2021-07-30;0;0;0;0;0;0;0;0;0;0
FR;9;2021-07-31;0;0;0;0;0;0;0;0;0;0
FR;9;2021-08-01;0;0;0;0;0;0;0;0;0;0
FR;9;2021-08-02;0;0;0;0;0;0;0;0;0;0
FR;9;2021-08-03;0;0;0;0;0;0;0;0;0;0
FR;9;2021-08-04;0;0;0;0;0;0;0;0;0;0
FR;9;2021-08-05;0;0;0;0;0;0;0;0;0;0
FR;9;2021-08-06;0;0;0;0;0;0;0;0;0;0
FR;9;2021-08-07;0;0;0;0;0;0;0;0;0;0
FR;9;2021-08-08;0;0;0;0;0;0;0;0;0;0
FR;9;2021-08-09;0;0;0;0;0;0;0;0;0;0
FR;9;2021-08-10;0;0;0;0;0;0;0;0;0;0
FR;9;2021-08-11;0;0;0;0;0;0;0;0;0;0
FR;9;2021-08-12;0;0;0;0;0;0;0;0;0;0
FR;9;2021-08-13;0;0;0;0;0;0;0;0;0;0
FR;9;2021-08-14;0;0;0;0;0;0;0;0;0;0
FR;9;2021-08-15;0;0;0;0;0;0;0;0;0;0
FR;9;2021-08-16;0;0;0;0;0;0;0;0;0;0
FR;9;2021-08-17;0;0;0;0;0;0;0;0;0;0
FR;9;2021-08-18;0;0;0;0;0;0;0;0;0;0
FR;9;2021-08-19;0;0;0;0;0;0;0;0;0;0
FR;9;2021-08-20;0;0;0;0;0;0;0;0;0;0
FR;9;2021-08-21;0;0;0;0;0;0;0;0;0;0
FR;9;2021-08-22;0;0;0;0;0;0;0;0;0;0
FR;9;2021-08-23;0;0;0;0;0;0;0;0;0;0
FR;9;2021-08-24;0;0;0;0;0;0;0;0;0;0
FR;9;2021-08-25;0;0;0;0;0;0;0;0;0;0
FR;9;2021-08-26;0;0;0;0;0;0;0;0;0;0
FR;9;2021-08-27;0;0;0;0;0;0;0;0;0;0
FR;9;2021-08-28;0;0;0;0;0;0;0;0;0;0
FR;9;2021-08-29;0;0;0;0;0;0;0;0;0;0
FR;9;2021-08-30;0;0;0;0;0;0;0;0;0;0
FR;9;2021-08-31;0;0;0;0;0;0;0;0;0;0
FR;9;2021-09-01;0;0;0;0;0;0;0;0;0;0
FR;9;2021-09-02;0;0;0;0;0;0;0;0;0;0
FR;9;2021-09-03;0;0;0;0;0;0;0;0;0;0
FR;9;2021-09-04;0;0;0;0;0;0;0;0;0;0
FR;9;2021-09-05;0;0;0;0;0;0;0;0;0;0
FR;9;2021-09-06;0;0;0;0;0;0;0;0;0;0
FR;9;2021-09-07;0;0;0;0;0;0;0;0;0;0
FR;9;2021-09-08;0;0;0;0;0;0;0;0;0;0
FR;9;2021-09-09;0;0;0;0;0;0;0;0;0;0
FR;9;2021-09-10;0;0;0;0;0;0;0;0;0;0
FR;9;2021-09-11;0;0;0;0;0;0;0;0;0;0
FR;9;2021-09-12;0;0;0;0;0;0;0;0;0;0
FR;9;2021-09-13;0;0;0;0;0;0;0;0;0;0
FR;9;2021-09-14;0;0;0;0;0;0;0;0;0;0
FR;9;2021-09-15;0;0;0;0;0;0;0;0;0;0
FR;9;2021-09-16;0;0;0;0;0;0;0;0;0;0
FR;9;2021-09-17;0;0;0;0;0;0;0;0;0;0
FR;9;2021-09-18;0;0;0;0;0;0;0;0;0;0
FR;9;2021-09-19;0;0;0;0;0;0;0;0;0;0
FR;9;2021-09-20;0;0;0;0;0;0;0;0;0;0
FR;9;2021-09-21;0;0;0;0;0;0;0;0;0;0
FR;9;2021-09-22;0;0;0;0;0;0;0;0;0;0
FR;9;2021-09-23;0;0;0;0;0;0;0;0;0;0
FR;9;2021-09-24;0;0;0;0;0;0;0;0;0;0
FR;9;2021-09-25;0;0;0;0;0;0;0;0;0;0
FR;9;2021-09-26;0;0;0;0;0;0;0;0;0;0
FR;9;2021-09-27;0;0;0;0;0;0;0;0;0;0
FR;9;2021-09-28;0;0;0;0;0;0;0;0;0;0
FR;9;2021-09-29;0;0;0;0;0;0;0;0;0;0
FR;9;2021-09-30;0;0;0;0;0;0;0;0;0;0
FR;9;2021-10-01;0;0;0;0;0;0;0;0;0;0
FR;9;2021-10-02;0;0;0;0;0;0;0;0;0;0
FR;9;2021-10-03;0;0;0;0;0;0;0;0;0;0
FR;9;2021-10-04;0;0;0;0;0;0;0;0;0;0
FR;9;2021-10-05;0;0;0;0;0;0;0;0;0;0
FR;9;2021-10-06;0;0;0;0;0;0;0;0;0;0
FR;9;2021-10-07;0;0;0;0;0;0;0;0;0;0
FR;9;2021-10-08;0;0;0;0;0;0;0;0;0;0
FR;9;2021-10-09;0;0;0;0;0;0;0;0;0;0
FR;9;2021-10-10;0;0;0;0;0;0;0;0;0;0
FR;9;2021-10-11;0;0;0;0;0;0;0;0;0;0
FR;9;2021-10-12;0;0;0;0;0;0;0;0;0;0
FR;9;2021-10-13;0;0;0;0;0;0;0;0;0;0
FR;9;2021-10-14;0;0;0;0;0;0;0;0;0;0
FR;9;2021-10-15;0;0;0;0;0;0;0;0;0;0
FR;9;2021-10-16;0;0;0;0;0;0;0;0;0;0
FR;9;2021-10-17;0;0;0;0;0;0;0;0;0;0
FR;9;2021-10-18;0;0;0;0;0;0;0;0;0;0
FR;9;2021-10-19;0;0;0;0;0;0;0;0;0;0
FR;9;2021-10-20;0;0;0;0;0;0;0;0;0;0
FR;9;2021-10-21;0;0;0;0;0;0;0;0;0;0
FR;9;2021-10-22;0;0;0;0;0;0;0;0;0;0
FR;9;2021-10-23;0;0;0;0;0;0;0;0;0;0
FR;9;2021-10-24;0;0;0;0;0;0;0;0;0;0
FR;9;2021-10-25;0;0;0;0;0;0;0;0;0;0
FR;9;2021-10-26;0;0;0;0;0;0;0;0;0;0
FR;9;2021-10-27;0;0;0;0;0;0;0;0;0;0
FR;9;2021-10-28;0;0;0;0;0;0;0;0;0;0
FR;9;2021-10-29;0;0;0;0;0;0;0;0;0;0
FR;9;2021-10-30;0;0;0;0;0;0;0;0;0;0
FR;9;2021-10-31;0;0;0;0;0;0;0;0;0;0
FR;9;2021-11-01;0;0;0;0;0;0;0;0;0;0
FR;9;2021-11-02;0;0;0;0;0;0;0;0;0;0
FR;9;2021-11-03;0;0;0;0;0;0;0;0;0;0
FR;9;2021-11-04;0;0;0;0;0;0;0;0;0;0
FR;9;2021-11-05;0;0;0;0;0;0;0;0;0;0
FR;9;2021-11-06;0;0;0;0;0;0;0;0;0;0
FR;9;2021-11-07;0;0;0;0;0;0;0;0;0;0
FR;9;2021-11-08;0;0;0;0;0;0;0;0;0;0
FR;9;2021-11-09;0;0;0;0;0;0;0;0;0;0
FR;9;2021-11-10;0;0;0;0;0;0;0;0;0;0
FR;9;2021-11-11;0;0;0;0;0;0;0;0;0;0
FR;9;2021-11-12;0;0;0;0;0;0;0;0;0;0
FR;9;2021-11-13;0;0;0;0;0;0;0;0;0;0
FR;9;2021-11-14;0;0;0;0;0;0;0;0;0;0
FR;9;2021-11-15;0;0;0;0;0;0;0;0;0;0
FR;9;2021-11-16;0;0;0;0;0;0;0;0;0;0
FR;9;2021-11-17;0;0;0;0;0;0;0;0;0;0
FR;9;2021-11-18;0;0;0;0;0;0;0;0;0;0
FR;9;2021-11-19;0;0;0;0;0;0;0;0;0;0
FR;9;2021-11-20;0;0;0;0;0;0;0;0;0;0
FR;9;2021-11-21;0;0;0;0;0;0;0;0;0;0
FR;9;2021-11-22;0;0;0;0;0;0;0;0;0;0
FR;9;2021-11-23;0;0;0;0;0;0;0;0;0;0
FR;9;2021-11-24;0;0;0;0;0;0;0;0;0;0
FR;9;2021-11-25;0;0;0;0;0;0;0;0;0;0
FR;9;2021-11-26;0;0;0;0;0;0;0;0;0;0
FR;9;2021-11-27;0;0;0;0;0;0;0;0;0;0
FR;9;2021-11-28;0;0;0;0;0;0;0;0;0;0
FR;9;2021-11-29;0;0;0;0;0;0;0;0;0;0
FR;9;2021-11-30;0;0;0;0;0;0;0;0;0;0
FR;9;2021-12-01;0;0;0;0;0;0;0;0;0;0
FR;9;2021-12-02;0;0;0;0;0;0;0;0;0;0
FR;9;2021-12-03;0;0;0;0;0;0;0;0;0;0
FR;9;2021-12-04;0;0;0;0;0;0;0;0;0;0
FR;9;2021-12-05;0;0;0;0;0;0;0;0;0;0
FR;9;2021-12-06;0;0;0;0;0;0;0;0;0;0
FR;9;2021-12-07;0;0;0;0;0;0;0;0;0;0
FR;9;2021-12-08;0;0;0;0;0;0;0;0;0;0
FR;9;2021-12-09;0;0;0;0;0;0;0;0;0;0
FR;9;2021-12-10;0;0;0;0;0;0;0;0;0;0
FR;9;2021-12-11;0;0;0;0;0;0;0;0;0;0
FR;9;2021-12-12;0;0;0;0;0;0;0;0;0;0
FR;9;2021-12-13;0;0;0;0;0;0;0;0;0;0
FR;9;2021-12-14;0;0;0;0;0;0;0;0;0;0
FR;9;2021-12-15;0;0;0;0;0;0;0;0;0;0
FR;9;2021-12-16;0;0;0;0;0;0;0;0;0;0
FR;9;2021-12-17;0;0;0;0;0;0;0;0;0;0
FR;9;2021-12-18;0;0;0;0;0;0;0;0;0;0
FR;9;2021-12-19;0;0;0;0;0;0;0;0;0;0
FR;9;2021-12-20;0;0;0;0;0;0;0;0;0;0
FR;9;2021-12-21;0;0;0;0;0;0;0;0;0;0
FR;9;2021-12-22;0;0;0;0;0;0;0;0;0;0
FR;9;2021-12-23;0;0;0;0;0;0;0;0;0;0
FR;9;2021-12-24;0;0;0;0;0;0;0;0;0;0
FR;9;2021-12-25;0;0;0;0;0;0;0;0;0;0
FR;9;2021-12-26;0;0;0;0;0;0;0;0;0;0
FR;9;2021-12-27;0;0;0;0;0;0;0;0;0;0
FR;9;2021-12-28;0;0;0;0;0;0;0;0;0;0
FR;9;2021-12-29;0;0;0;0;0;0;0;0;0;0
FR;9;2021-12-30;0;0;0;0;0;0;0;0;0;0
FR;9;2021-12-31;0;0;0;0;0;0;0;0;0;0
FR;9;2022-01-01;0;0;0;0;0;0;0;0;0;0
FR;9;2022-01-02;0;0;0;0;0;0;0;0;0;0
FR;9;2022-01-03;0;0;0;0;0;0;0;0;0;0
FR;9;2022-01-04;0;0;0;0;0;0;0;0;0;0
FR;9;2022-01-05;0;0;0;0;0;0;0;0;0;0
FR;9;2022-01-06;0;0;0;0;0;0;0;0;0;0
FR;9;2022-01-07;0;0;0;0;0;0;0;0;0;0
FR;9;2022-01-08;0;0;0;0;0;0;0;0;0;0
FR;9;2022-01-09;0;0;0;0;0;0;0;0;0;0
FR;9;2022-01-10;0;0;0;0;0;0;0;0;0;0
FR;9;2022-01-11;0;0;0;0;0;0;0;0;0;0
FR;9;2022-01-12;0;0;0;0;0;0;0;0;0;0
FR;9;2022-01-13;0;0;0;0;0;0;0;0;0;0
FR;9;2022-01-14;0;0;0;0;0;0;0;0;0;0
FR;9;2022-01-15;0;0;0;0;0;0;0;0;0;0
FR;9;2022-01-16;0;0;0;0;0;0;0;0;0;0
FR;9;2022-01-17;0;0;0;0;0;0;0;0;0;0
FR;9;2022-01-18;0;0;0;0;0;0;0;0;0;0
FR;9;2022-01-19;0;0;0;0;0;0;0;0;0;0
FR;9;2022-01-20;0;0;0;0;0;0;0;0;0;0
FR;9;2022-01-21;0;0;0;0;0;0;0;0;0;0
FR;9;2022-01-22;0;0;0;0;0;0;0;0;0;0
FR;9;2022-01-23;0;0;0;0;0;0;0;0;0;0
FR;9;2022-01-24;0;0;0;0;0;0;0;0;0;0
FR;9;2022-01-25;0;0;0;0;0;0;0;0;0;0
FR;9;2022-01-26;0;0;0;0;0;0;0;0;0;0
FR;9;2022-01-27;0;0;0;0;0;0;0;0;0;0
FR;9;2022-01-28;0;0;0;0;0;0;0;0;0;0
FR;9;2022-01-29;0;0;0;0;0;0;0;0;0;0
FR;9;2022-01-30;0;0;0;0;0;0;0;0;0;0
FR;9;2022-01-31;0;0;0;0;0;0;0;0;0;0
FR;9;2022-02-01;0;0;0;0;0;0;0;0;0;0
FR;9;2022-02-02;0;0;0;0;0;0;0;0;0;0
FR;9;2022-02-03;0;0;0;0;0;0;0;0;0;0
FR;9;2022-02-04;0;0;0;0;0;0;0;0;0;0
FR;9;2022-02-05;0;0;0;0;0;0;0;0;0;0
FR;9;2022-02-06;0;0;0;0;0;0;0;0;0;0
FR;9;2022-02-07;0;0;0;0;0;0;0;0;0;0
FR;9;2022-02-08;0;0;0;0;0;0;0;0;0;0
FR;9;2022-02-09;0;0;0;0;0;0;0;0;0;0
FR;9;2022-02-10;0;0;0;0;0;0;0;0;0;0
FR;9;2022-02-11;0;0;0;0;0;0;0;0;0;0
FR;9;2022-02-12;0;0;0;0;0;0;0;0;0;0
FR;9;2022-02-13;0;0;0;0;0;0;0;0;0;0
FR;9;2022-02-14;0;0;0;0;0;0;0;0;0;0
FR;9;2022-02-15;0;0;0;0;0;0;0;0;0;0
FR;9;2022-02-16;0;0;0;0;0;0;0;0;0;0
FR;9;2022-02-17;0;0;0;0;0;0;0;0;0;0
FR;9;2022-02-18;0;0;0;0;0;0;0;0;0;0
FR;9;2022-02-19;0;0;0;0;0;0;0;0;0;0
FR;9;2022-02-20;0;0;0;0;0;0;0;0;0;0
FR;9;2022-02-21;0;0;0;0;0;0;0;0;0;0
FR;9;2022-02-22;0;0;0;0;0;0;0;0;0;0
FR;9;2022-02-23;0;0;0;0;0;0;0;0;0;0
FR;9;2022-02-24;0;0;0;0;0;0;0;0;0;0
FR;9;2022-02-25;0;0;0;0;0;0;0;0;0;0
FR;9;2022-02-26;0;0;0;0;0;0;0;0;0;0
FR;9;2022-02-27;0;0;0;0;0;0;0;0;0;0
FR;9;2022-02-28;0;0;0;0;0;0;0;0;0;0
FR;9;2022-03-01;0;0;0;0;0;0;0;0;0;0
FR;9;2022-03-02;0;0;0;0;0;0;0;0;0;0
FR;9;2022-03-03;0;0;0;0;0;0;0;0;0;0
FR;9;2022-03-04;0;0;0;0;0;0;0;0;0;0
FR;9;2022-03-05;0;0;0;0;0;0;0;0;0;0
FR;9;2022-03-06;0;0;0;0;0;0;0;0;0;0
FR;9;2022-03-07;0;0;0;0;0;0;0;0;0;0
FR;9;2022-03-08;0;0;0;0;0;0;0;0;0;0
FR;9;2022-03-09;0;0;0;0;0;0;0;0;0;0
FR;9;2022-03-10;0;0;0;0;0;0;0;0;0;0
FR;9;2022-03-11;0;0;0;0;0;0;0;0;0;0
FR;9;2022-03-12;0;0;0;0;0;0;0;0;0;0
FR;9;2022-03-13;0;0;0;0;0;0;0;0;0;0
FR;9;2022-03-14;0;0;0;0;0;0;0;0;0;0
FR;9;2022-03-15;0;0;0;0;0;0;0;0;0;0
FR;9;2022-03-16;0;0;0;0;0;0;0;0;0;0
FR;9;2022-03-17;0;0;0;0;0;0;0;0;0;0
FR;9;2022-03-18;0;0;0;0;0;0;0;0;0;0
FR;9;2022-03-19;0;0;0;0;0;0;0;0;0;0
FR;9;2022-03-20;0;0;0;0;0;0;0;0;0;0
FR;9;2022-03-21;0;0;0;0;0;0;0;0;0;0
FR;9;2022-03-22;0;0;0;0;0;0;0;0;0;0
FR;9;2022-03-23;0;0;0;0;0;0;0;0;0;0
FR;9;2022-03-24;0;0;0;0;0;0;0;0;0;0
FR;9;2022-03-25;0;0;0;0;0;0;0;0;0;0
FR;9;2022-03-26;0;0;0;0;0;0;0;0;0;0
FR;9;2022-03-27;0;0;0;0;0;0;0;0;0;0
FR;9;2022-03-28;0;0;0;0;0;0;0;0;0;0
FR;9;2022-03-29;0;0;0;0;0;0;0;0;0;0
FR;9;2022-03-30;0;0;0;0;0;0;0;0;0;0
FR;9;2022-03-31;0;0;0;0;0;0;0;0;0;0
FR;9;2022-04-01;0;0;0;0;0;0;0;0;0;0
FR;9;2022-04-02;0;0;0;0;0;0;0;0;0;0
FR;9;2022-04-03;0;0;0;0;0;0;0;0;0;0
FR;9;2022-04-04;0;0;0;0;0;0;0;0;0;0
FR;9;2022-04-05;0;0;0;0;0;0;0;0;0;0
FR;9;2022-04-06;0;0;0;0;0;0;0;0;0;0
FR;9;2022-04-07;0;0;0;0;0;0;0;0;0;0
FR;9;2022-04-08;0;0;0;0;0;0;0;0;0;0
FR;9;2022-04-09;0;0;0;0;0;0;0;0;0;0
FR;9;2022-04-10;0;0;0;0;0;0;0;0;0;0
FR;9;2022-04-11;0;0;0;0;0;0;0;0;0;0
FR;9;2022-04-12;0;0;0;0;0;0;0;0;0;0
FR;9;2022-04-13;0;0;0;0;0;0;0;0;0;0
FR;9;2022-04-14;0;0;0;0;0;0;0;0;0;0
FR;9;2022-04-15;0;0;0;0;0;0;0;0;0;0
FR;9;2022-04-16;0;0;0;0;0;0;0;0;0;0
FR;9;2022-04-17;0;0;0;0;0;0;0;0;0;0
FR;9;2022-04-18;0;0;0;0;0;0;0;0;0;0
FR;9;2022-04-19;0;0;0;0;0;0;0;0;0;0
FR;9;2022-04-20;0;0;0;0;0;0;0;0;0;0
FR;9;2022-04-21;0;0;0;0;0;0;0;0;0;0
FR;9;2022-04-22;0;0;0;0;0;0;0;0;0;0
FR;9;2022-04-23;0;0;0;0;0;0;0;0;0;0
FR;9;2022-04-24;0;0;0;0;0;0;0;0;0;0
FR;9;2022-04-25;0;0;0;0;0;0;0;0;0;0
FR;9;2022-04-26;0;0;0;0;0;0;0;0;0;0
FR;9;2022-04-27;0;0;0;0;0;0;0;0;0;0
FR;9;2022-04-28;0;0;0;0;0;0;0;0;0;0
FR;9;2022-04-29;0;0;0;0;0;0;0;0;0;0
FR;9;2022-04-30;0;0;0;0;0;0;0;0;0;0
FR;9;2022-05-01;0;0;0;0;0;0;0;0;0;0
FR;9;2022-05-02;0;0;0;0;0;0;0;0;0;0
FR;9;2022-05-03;0;0;0;0;0;0;0;0;0;0
FR;9;2022-05-04;0;0;0;0;0;0;0;0;0;0
FR;9;2022-05-05;0;0;0;0;0;0;0;0;0;0
FR;9;2022-05-06;0;0;0;0;0;0;0;0;0;0
FR;9;2022-05-07;0;0;0;0;0;0;0;0;0;0
FR;9;2022-05-08;0;0;0;0;0;0;0;0;0;0
FR;9;2022-05-09;0;0;0;0;0;0;0;0;0;0
FR;9;2022-05-10;0;0;0;0;0;0;0;0;0;0
FR;9;2022-05-11;0;0;0;0;0;0;0;0;0;0
FR;9;2022-05-12;0;0;0;0;0;0;0;0;0;0
FR;9;2022-05-13;0;0;0;0;0;0;0;0;0;0
FR;9;2022-05-14;0;0;0;0;0;0;0;0;0;0
FR;9;2022-05-15;0;0;0;0;0;0;0;0;0;0
FR;9;2022-05-16;0;0;0;0;0;0;0;0;0;0
FR;9;2022-05-17;0;0;0;0;0;0;0;0;0;0
FR;9;2022-05-18;0;0;0;0;0;0;0;0;0;0
FR;9;2022-05-19;0;0;0;0;0;0;0;0;0;0
FR;9;2022-05-20;0;0;0;0;0;0;0;0;0;0
FR;9;2022-05-21;0;0;0;0;0;0;0;0;0;0
FR;9;2022-05-22;0;0;0;0;0;0;0;0;0;0
FR;9;2022-05-23;0;0;0;0;0;0;0;0;0;0
FR;9;2022-05-24;0;0;0;0;0;0;0;0;0;0
FR;9;2022-05-25;0;0;0;0;0;0;0;0;0;0
FR;9;2022-05-26;0;0;0;0;0;0;0;0;0;0
FR;9;2022-05-27;0;0;0;0;0;0;0;0;0;0
FR;9;2022-05-28;0;0;0;0;0;0;0;0;0;0
FR;9;2022-05-29;0;0;0;0;0;0;0;0;0;0
FR;9;2022-05-30;0;0;0;0;0;0;0;0;0;0
FR;9;2022-05-31;0;0;0;0;0;0;0;0;0;0
FR;9;2022-06-01;0;0;0;0;0;0;0;0;0;0
FR;9;2022-06-02;0;0;0;0;0;0;0;0;0;0
FR;9;2022-06-03;0;0;0;0;0;0;0;0;0;0
FR;9;2022-06-04;0;0;0;0;0;0;0;0;0;0
FR;9;2022-06-05;0;0;0;0;0;0;0;0;0;0
FR;9;2022-06-06;0;0;0;0;0;0;0;0;0;0
FR;9;2022-06-07;0;0;0;0;0;0;0;0;0;0
FR;9;2022-06-08;0;0;0;0;0;0;0;0;0;0
FR;9;2022-06-09;0;0;0;0;0;0;0;0;0;0
FR;9;2022-06-10;0;0;0;0;0;0;0;0;0;0
FR;9;2022-06-11;0;0;0;0;0;0;0;0;0;0
FR;9;2022-06-12;0;0;0;0;0;0;0;0;0;0
FR;9;2022-06-13;0;0;0;0;0;0;0;0;0;0
FR;9;2022-06-14;0;0;0;0;0;0;0;0;0;0
FR;9;2022-06-15;0;0;0;0;0;0;0;0;0;0
FR;9;2022-06-16;0;0;0;0;0;0;0;0;0;0
FR;9;2022-06-17;0;0;0;0;0;0;0;0;0;0
FR;9;2022-06-18;0;0;0;0;0;0;0;0;0;0
FR;9;2022-06-19;0;0;0;0;0;0;0;0;0;0
FR;9;2022-06-20;0;0;0;0;0;0;0;0;0;0
FR;9;2022-06-21;0;0;0;0;0;0;0;0;0;0
FR;9;2022-06-22;0;0;0;0;0;0;0;0;0;0
FR;9;2022-06-23;0;0;0;0;0;0;0;0;0;0
FR;9;2022-06-24;0;0;0;0;0;0;0;0;0;0
FR;9;2022-06-25;0;0;0;0;0;0;0;0;0;0
FR;9;2022-06-26;0;0;0;0;0;0;0;0;0;0
FR;9;2022-06-27;0;0;0;0;0;0;0;0;0;0
FR;9;2022-06-28;0;0;0;0;0;0;0;0;0;0
FR;9;2022-06-29;0;0;0;0;0;0;0;0;0;0
FR;9;2022-06-30;0;0;0;0;0;0;0;0;0;0
FR;9;2022-07-01;0;0;0;0;0;0;0;0;0;0
FR;9;2022-07-02;0;0;0;0;0;0;0;0;0;0
FR;9;2022-07-03;0;0;0;0;0;0;0;0;0;0
FR;9;2022-07-04;0;0;0;0;0;0;0;0;0;0
FR;9;2022-07-05;0;0;0;0;0;0;0;0;0;0
FR;9;2022-07-06;0;0;0;0;0;0;0;0;0;0
FR;9;2022-07-07;0;0;0;0;0;0;0;0;0;0
FR;9;2022-07-08;0;0;0;0;0;0;0;0;0;0
FR;9;2022-07-09;0;0;0;0;0;0;0;0;0;0
FR;9;2022-07-10;0;0;0;0;0;0;0;0;0;0
FR;9;2022-07-11;0;0;0;0;0;0;0;0;0;0
FR;9;2022-07-12;0;0;0;0;0;0;0;0;0;0
FR;9;2022-07-13;0;0;0;0;0;0;0;0;0;0
FR;9;2022-07-14;0;0;0;0;0;0;0;0;0;0
FR;9;2022-07-15;0;0;0;0;0;0;0;0;0;0
FR;9;2022-07-16;0;0;0;0;0;0;0;0;0;0
FR;9;2022-07-17;0;0;0;0;0;0;0;0;0;0
FR;9;2022-07-18;0;0;0;0;0;0;0;0;0;0
FR;9;2022-07-19;0;0;0;0;0;0;0;0;0;0
FR;9;2022-07-20;0;0;0;0;0;0;0;0;0;0
FR;9;2022-07-21;0;0;0;0;0;0;0;0;0;0
FR;9;2022-07-22;0;0;0;0;0;0;0;0;0;0
FR;9;2022-07-23;0;0;0;0;0;0;0;0;0;0
FR;9;2022-07-24;0;0;0;0;0;0;0;0;0;0
FR;9;2022-07-25;0;0;0;0;0;0;0;0;0;0
FR;9;2022-07-26;0;0;0;0;0;0;0;0;0;0
FR;9;2022-07-27;0;0;0;0;0;0;0;0;0;0
FR;9;2022-07-28;0;0;0;0;0;0;0;0;0;0
FR;9;2022-07-29;0;0;0;0;0;0;0;0;0;0
FR;9;2022-07-30;0;0;0;0;0;0;0;0;0;0
FR;9;2022-07-31;0;0;0;0;0;0;0;0;0;0
FR;9;2022-08-01;0;0;0;0;0;0;0;0;0;0
FR;9;2022-08-02;0;0;0;0;0;0;0;0;0;0
FR;9;2022-08-03;0;0;0;0;0;0;0;0;0;0
FR;9;2022-08-04;0;0;0;0;0;0;0;0;0;0
FR;9;2022-08-05;0;0;0;0;0;0;0;0;0;0
FR;9;2022-08-06;0;0;0;0;0;0;0;0;0;0
FR;9;2022-08-07;0;0;0;0;0;0;0;0;0;0
FR;9;2022-08-08;0;0;0;0;0;0;0;0;0;0
FR;9;2022-08-09;0;0;0;0;0;0;0;0;0;0
FR;9;2022-08-10;0;0;0;0;0;0;0;0;0;0
FR;9;2022-08-11;0;0;0;0;0;0;0;0;0;0
FR;9;2022-08-12;0;0;0;0;0;0;0;0;0;0
FR;9;2022-08-13;0;0;0;0;0;0;0;0;0;0
FR;9;2022-08-14;0;0;0;0;0;0;0;0;0;0
FR;9;2022-08-15;0;0;0;0;0;0;0;0;0;0
FR;9;2022-08-16;0;0;0;0;0;0;0;0;0;0
FR;9;2022-08-17;0;0;0;0;0;0;0;0;0;0
FR;9;2022-08-18;0;0;0;0;0;0;0;0;0;0
FR;9;2022-08-19;0;0;0;0;0;0;0;0;0;0
FR;9;2022-08-20;0;0;0;0;0;0;0;0;0;0
FR;9;2022-08-21;0;0;0;0;0;0;0;0;0;0
FR;9;2022-08-22;0;0;0;0;0;0;0;0;0;0
FR;9;2022-08-23;0;0;0;0;0;0;0;0;0;0
FR;9;2022-08-24;0;0;0;0;0;0;0;0;0;0
FR;9;2022-08-25;0;0;0;0;0;0;0;0;0;0
FR;9;2022-08-26;0;0;0;0;0;0;0;0;0;0
FR;9;2022-08-27;0;0;0;0;0;0;0;0;0;0
FR;9;2022-08-28;0;0;0;0;0;0;0;0;0;0
FR;9;2022-08-29;0;0;0;0;0;0;0;0;0;0
FR;9;2022-08-30;0;0;0;0;0;0;0;0;0;0
FR;9;2022-08-31;0;0;0;0;0;0;0;0;0;0
FR;9;2022-09-01;0;0;0;0;0;0;0;0;0;0
FR;9;2022-09-02;0;0;0;0;0;0;0;0;0;0
FR;9;2022-09-03;0;0;0;0;0;0;0;0;0;0
FR;9;2022-09-04;0;0;0;0;0;0;0;0;0;0
FR;9;2022-09-05;0;0;0;0;0;0;0;0;0;0
FR;9;2022-09-06;0;0;0;0;0;0;0;0;0;0
FR;9;2022-09-07;0;0;0;0;0;0;0;0;0;0
FR;9;2022-09-08;0;0;0;0;0;0;0;0;0;0
FR;9;2022-09-09;0;0;0;0;0;0;0;0;0;0
FR;9;2022-09-10;0;0;0;0;0;0;0;0;0;0
FR;9;2022-09-11;0;0;0;0;0;0;0;0;0;0
FR;9;2022-09-12;0;0;0;0;0;0;0;0;0;0
FR;9;2022-09-13;0;0;0;0;0;0;0;0;0;0
FR;9;2022-09-14;0;0;0;0;0;0;0;0;0;0
FR;9;2022-09-15;0;0;0;0;0;0;0;0;0;0
FR;9;2022-09-16;0;0;0;0;0;0;0;0;0;0
FR;9;2022-09-17;0;0;0;0;0;0;0;0;0;0
FR;9;2022-09-18;0;0;0;0;0;0;0;0;0;0
FR;9;2022-09-19;0;0;0;0;0;0;0;0;0;0
FR;9;2022-09-20;0;0;0;0;0;0;0;0;0;0
FR;9;2022-09-21;0;0;0;0;0;0;0;0;0;0
FR;9;2022-09-22;0;0;0;0;0;0;0;0;0;0
FR;9;2022-09-23;0;0;0;0;0;0;0;0;0;0
FR;9;2022-09-24;0;0;0;0;0;0;0;0;0;0
FR;9;2022-09-25;0;0;0;0;0;0;0;0;0;0
FR;9;2022-09-26;0;0;0;0;0;0;0;0;0;0
FR;9;2022-09-27;0;0;0;0;0;0;0;0;0;0
FR;9;2022-09-28;0;0;0;0;0;0;0;0;0;0
FR;9;2022-09-29;1;1;8;31;6;1;1;8;31;6
FR;9;2022-09-30;4;12;60;604;47;5;13;68;635;53
FR;9;2022-10-01;9;1;43;327;26;14;14;111;962;79
FR;9;2022-10-02;1;0;5;50;3;15;14;116;1012;82
FR;9;2022-10-03;10;16;149;1712;128;25;30;265;2724;210
FR;9;2022-10-04;19;48;353;3950;228;44;78;618;6674;438
FR;9;2022-10-05;27;19;269;2995;203;71;97;887;9669;641
FR;9;2022-10-06;23;34;399;4598;300;94;131;1286;14267;941
FR;9;2022-10-07;29;49;498;5700;384;123;180;1784;19967;1325
FR;9;2022-10-08;10;18;127;1088;86;133;198;1911;21055;1411
FR;9;2022-10-09;1;7;22;196;29;134;205;1933;21251;1440
FR;9;2022-10-10;11;26;207;2567;181;145;231;2140;23818;1621
FR;9;2022-10-11;31;40;426;5041;314;176;271;2566;28859;1935
FR;9;2022-10-12;22;26;296;2983;210;198;297;2862;31842;2145
FR;9;2022-10-13;24;42;373;3977;244;222;339;3235;35819;2389
FR;9;2022-10-14;27;26;373;4382;290;249;365;3608;40201;2679
FR;9;2022-10-15;12;7;101;1046;79;261;372;3709;41247;2758
FR;9;2022-10-16;4;1;9;131;12;265;373;3718;41378;2770
FR;9;2022-10-17;4;22;165;1869;127;269;395;3883;43247;2897
FR;9;2022-10-18;34;27;308;3389;218;303;422;4191;46636;3115
FR;9;2022-10-19;20;19;259;2674;171;323;441;4450;49310;3286
FR;9;2022-10-20;20;21;307;3613;230;343;462;4757;52923;3516
FR;9;2022-10-21;14;31;323;3510;225;357;493;5080;56433;3741
FR;9;2022-10-22;10;11;89;911;62;367;504;5169;57344;3803
FR;9;2022-10-23;2;2;17;99;10;369;506;5186;57443;3813
FR;9;2022-10-24;7;16;154;1339;98;376;522;5340;58782;3911
FR;9;2022-10-25;18;22;227;2820;187;394;544;5567;61602;4098
FR;9;2022-10-26;15;15;157;1766;117;409;559;5724;63368;4215
FR;9;2022-10-27;9;26;228;2263;168;418;585;5952;65631;4383
FR;9;2022-10-28;18;26;217;2243;145;436;611;6169;67874;4528
FR;9;2022-10-29;10;8;54;497;46;446;619;6223;68371;4574
FR;9;2022-10-30;1;1;8;55;7;447;620;6231;68426;4581
FR;9;2022-10-31;11;5;98;635;54;458;625;6329;69061;4635
FR;9;2022-11-01;1;1;8;38;7;459;626;6337;69099;4642
FR;9;2022-11-02;7;9;96;947;67;466;635;6433;70046;4709
FR;0;2020-12-27;611;0;0;0;0;611;0;0;0;0
FR;0;2020-12-28;691;1;0;0;0;1302;1;0;0;0
FR;0;2020-12-29;385;0;0;0;0;1687;1;0;0;0
FR;0;2020-12-30;444;0;0;0;0;2131;1;0;0;0
FR;0;2020-12-31;444;1;0;0;0;2575;2;0;0;0
FR;0;2021-01-01;1166;2;0;0;0;3741;4;0;0;0
FR;0;2021-01-02;365;3;0;0;0;4106;7;0;0;0
FR;0;2021-01-03;405;0;0;0;0;4511;7;0;0;0
FR;0;2021-01-04;2118;4;0;0;0;6629;11;0;0;0
FR;0;2021-01-05;7755;4;0;0;0;14384;15;0;0;0
FR;0;2021-01-06;12460;20;0;0;0;26844;35;0;0;0
FR;0;2021-01-07;29471;19;0;0;0;56315;54;0;0;0
FR;0;2021-01-08;37154;22;0;0;0;93469;76;0;0;0
FR;0;2021-01-09;11212;9;0;0;0;104681;85;0;0;0
FR;0;2021-01-10;6009;7;0;0;0;110690;92;0;0;0
FR;0;2021-01-11;39946;28;0;0;0;150636;120;0;0;0
FR;0;2021-01-12;62147;21;0;0;0;212783;141;0;0;0
FR;0;2021-01-13;65131;49;0;0;0;277914;190;0;0;0
FR;0;2021-01-14;83113;180;0;0;0;361027;370;0;0;0
FR;0;2021-01-15;69013;73;0;0;0;430040;443;0;0;0
FR;0;2021-01-16;20217;72;0;0;0;450257;515;0;0;0
FR;0;2021-01-17;10986;48;0;0;0;461243;563;0;0;0
FR;0;2021-01-18;85912;174;0;0;0;547155;737;0;0;0
FR;0;2021-01-19;130604;192;0;0;0;677759;929;0;0;0
FR;0;2021-01-20;137557;190;0;0;0;815316;1119;0;0;0
FR;0;2021-01-21;158415;187;0;0;0;973731;1306;0;0;0
FR;0;2021-01-22;121070;239;0;0;0;1094801;1545;0;0;0
FR;0;2021-01-23;38486;72;0;0;0;1133287;1617;0;0;0
FR;0;2021-01-24;9746;112;0;0;0;1143033;1729;0;0;0
FR;0;2021-01-25;78242;1369;0;0;0;1221275;3098;0;0;0
FR;0;2021-01-26;100383;3572;1;0;0;1321658;6670;1;0;0
FR;0;2021-01-27;107256;6260;0;0;0;1428914;12930;1;0;0
FR;0;2021-01-28;124366;15895;0;0;0;1553280;28825;1;0;0
FR;0;2021-01-29;92189;18420;0;0;0;1645469;47245;1;0;0
FR;0;2021-01-30;29128;4465;0;0;0;1674597;51710;1;0;0
FR;0;2021-01-31;5238;1851;0;0;0;1679835;53561;1;0;0
FR;0;2021-02-01;53137;22375;0;0;0;1732972;75936;1;0;0
FR;0;2021-02-02;72319;37236;0;0;0;1805291;113172;1;0;0
FR;0;2021-02-03;72312;39416;0;0;0;1877603;152588;1;0;0
FR;0;2021-02-04;82083;53831;0;0;0;1959686;206419;1;0;0
FR;0;2021-02-05;68239;47303;0;0;0;2027925;253722;1;0;0
FR;0;2021-02-06;23011;11191;0;0;0;2050936;264913;1;0;0
FR;0;2021-02-07;5191;5781;0;0;0;2056127;270694;1;0;0
FR;0;2021-02-08;46846;48168;0;0;0;2102973;318862;1;0;0
FR;0;2021-02-09;66024;76954;0;0;0;2168997;395816;1;0;0
FR;0;2021-02-10;71029;81763;0;0;0;2240026;477579;1;0;0
FR;0;2021-02-11;87289;104123;0;0;0;2327315;581702;1;0;0
FR;0;2021-02-12;79337;75493;0;0;0;2406652;657195;1;0;0
FR;0;2021-02-13;22384;19537;0;0;0;2429036;676732;1;0;0
FR;0;2021-02-14;5077;7359;0;0;0;2434113;684091;1;0;0
FR;0;2021-02-15;38111;76702;0;0;0;2472224;760793;1;0;0
FR;0;2021-02-16;50402;100205;0;0;0;2522626;860998;1;0;0
FR;0;2021-02-17;50544;106279;20;0;0;2573170;967277;21;0;0
FR;0;2021-02-18;69800;122630;0;0;0;2642970;1089907;21;0;0
FR;0;2021-02-19;65078;91797;1;0;0;2708048;1181704;22;0;0
FR;0;2021-02-20;18593;28688;0;0;0;2726641;1210392;22;0;0
FR;0;2021-02-21;3327;6154;0;0;0;2729968;1216546;22;0;0
FR;0;2021-02-22;37502;73208;2;0;0;2767470;1289754;24;0;0
FR;0;2021-02-23;53786;85119;1;0;0;2821256;1374873;25;0;0
FR;0;2021-02-24;60019;82571;1;0;0;2881275;1457444;26;0;0
FR;0;2021-02-25;100588;91444;1;0;0;2981863;1548888;27;0;0
FR;0;2021-02-26;113480;70810;1;0;0;3095343;1619698;28;0;0
FR;0;2021-02-27;52119;22327;1;0;0;3147462;1642025;29;0;0
FR;0;2021-02-28;6206;4195;2;0;0;3153668;1646220;31;0;0
FR;0;2021-03-01;65914;53918;1;0;0;3219582;1700138;32;0;0
FR;0;2021-03-02;101398;67107;3;0;0;3320980;1767245;35;0;0
FR;0;2021-03-03;116533;65538;0;0;0;3437513;1832783;35;0;0
FR;0;2021-03-04;163636;71961;3;0;0;3601149;1904744;38;0;0
FR;0;2021-03-05;200941;62836;3;0;0;3802090;1967580;41;0;0
FR;0;2021-03-06;207970;17536;3;0;0;4010060;1985116;44;0;0
FR;0;2021-03-07;121278;4356;1;0;0;4131338;1989472;45;0;0
FR;0;2021-03-08;107161;49859;2;0;0;4238499;2039331;47;0;0
FR;0;2021-03-09;172466;56302;2;0;0;4410965;2095633;49;0;0
FR;0;2021-03-10;179016;57089;5;0;0;4589981;2152722;54;0;0
FR;0;2021-03-11;242913;63915;2;0;0;4832894;2216637;56;0;0
FR;0;2021-03-12;294838;53410;1;0;0;5127732;2270047;57;0;0
FR;0;2021-03-13;231424;15279;1;0;0;5359156;2285326;58;0;0
FR;0;2021-03-14;63357;3151;1;0;0;5422513;2288477;59;0;0
FR;0;2021-03-15;158673;31790;3;0;0;5581186;2320267;62;0;0
FR;0;2021-03-16;141577;39000;6;0;0;5722763;2359267;68;0;0
FR;0;2021-03-17;150501;37770;4;0;0;5873264;2397037;72;0;0
FR;0;2021-03-18;167849;44466;5;0;0;6041113;2441503;77;0;0
FR;0;2021-03-19;230026;36934;2;0;0;6271139;2478437;79;0;0
FR;0;2021-03-20;166704;11436;1;0;0;6437843;2489873;80;0;0
FR;0;2021-03-21;49948;2247;1;0;0;6487791;2492120;81;0;0
FR;0;2021-03-22;170065;33664;2;0;0;6657856;2525784;83;0;0
FR;0;2021-03-23;250408;42389;1;0;0;6908264;2568173;84;0;0
FR;0;2021-03-24;256922;43569;0;0;0;7165186;2611742;84;0;0
FR;0;2021-03-25;341832;45175;5;0;0;7507018;2656917;89;0;0
FR;0;2021-03-26;358821;41891;5;1;0;7865839;2698808;94;1;0
FR;0;2021-03-27;195268;16895;1;0;0;8061107;2715703;95;1;0
FR;0;2021-03-28;59345;4431;3;0;0;8120452;2720134;98;1;0
FR;0;2021-03-29;202992;53569;4;0;0;8323444;2773703;102;1;0
FR;0;2021-03-30;285494;69893;5;0;0;8608938;2843596;107;1;0
FR;0;2021-03-31;263050;73781;4;0;0;8871988;2917377;111;1;0
FR;0;2021-04-01;315528;91854;11;0;0;9187516;3009231;122;1;0
FR;0;2021-04-02;281357;94189;7;0;0;9468873;3103420;129;1;0
FR;0;2021-04-03;141081;62418;6;0;0;9609954;3165838;135;1;0
FR;0;2021-04-04;46537;18955;2;0;0;9656491;3184793;137;1;0
FR;0;2021-04-05;63345;10531;11;0;0;9719836;3195324;148;1;0
FR;0;2021-04-06;217236;111937;17;0;0;9937072;3307261;165;1;0
FR;0;2021-04-07;260280;115325;17;0;0;10197352;3422586;182;1;0
FR;0;2021-04-08;337867;122613;14;0;0;10535219;3545199;196;1;0
FR;0;2021-04-09;410179;116650;49;0;0;10945398;3661849;245;1;0
FR;0;2021-04-10;212633;82817;15;0;0;11158031;3744666;260;1;0
FR;0;2021-04-11;56151;34207;7;0;0;11214182;3778873;267;1;0
FR;0;2021-04-12;237087;115736;46;0;0;11451269;3894609;313;1;0
FR;0;2021-04-13;309509;144268;98;1;0;11760778;4038877;411;2;0
FR;0;2021-04-14;294549;139628;215;0;0;12055327;4178505;626;2;0
FR;0;2021-04-15;337132;149821;339;0;0;12392459;4328326;965;2;0
FR;0;2021-04-16;339313;146523;354;0;0;12731772;4474849;1319;2;0
FR;0;2021-04-17;188673;89999;109;0;0;12920445;4564848;1428;2;0
FR;0;2021-04-18;51626;35425;47;0;0;12972071;4600273;1475;2;0
FR;0;2021-04-19;205716;138202;456;0;0;13177787;4738475;1931;2;0
FR;0;2021-04-20;254442;171540;569;0;0;13432229;4910015;2500;2;0
FR;0;2021-04-21;253289;169647;836;0;0;13685518;5079662;3336;2;0
FR;0;2021-04-22;287581;189884;818;0;0;13973099;5269546;4154;2;0
FR;0;2021-04-23;297776;184152;747;0;0;14270875;5453698;4901;2;0
FR;0;2021-04-24;190458;111849;252;0;0;14461333;5565547;5153;2;0
FR;0;2021-04-25;69564;38806;51;0;0;14530897;5604353;5204;2;0
FR;0;2021-04-26;220976;157786;563;0;0;14751873;5762139;5767;2;0
FR;0;2021-04-27;284625;187742;941;0;0;15036498;5949881;6708;2;0
FR;0;2021-04-28;299524;184145;1426;1;1;15336022;6134026;8134;3;1
FR;0;2021-04-29;357156;197526;1280;0;0;15693178;6331552;9414;3;1
FR;0;2021-04-30;372232;185595;1123;1;0;16065410;6517147;10537;4;1
FR;0;2021-05-01;167650;52502;179;0;0;16233060;6569649;10716;4;1
FR;0;2021-05-02;91753;37816;83;0;0;16324813;6607465;10799;4;1
FR;0;2021-05-03;288940;166610;843;0;0;16613753;6774075;11642;4;1
FR;0;2021-05-04;315694;225119;1235;0;0;16929447;6999194;12877;4;1
FR;0;2021-05-05;327217;225891;1315;0;0;17256664;7225085;14192;4;1
FR;0;2021-05-06;379539;240488;1634;0;0;17636203;7465573;15826;4;1
FR;0;2021-05-07;372774;258181;1223;0;0;18008977;7723754;17049;4;1
FR;0;2021-05-08;222170;70142;299;0;0;18231147;7793896;17348;4;1
FR;0;2021-05-09;129708;45225;243;0;0;18360855;7839121;17591;4;1
FR;0;2021-05-10;313402;229326;1237;0;0;18674257;8068447;18828;4;1
FR;0;2021-05-11;403920;258094;1566;0;0;19078177;8326541;20394;4;1
FR;0;2021-05-12;434134;233560;1543;0;0;19512311;8560101;21937;4;1
FR;0;2021-05-13;338614;56645;432;0;0;19850925;8616746;22369;4;1
FR;0;2021-05-14;454145;167408;1126;0;0;20305070;8784154;23495;4;1
FR;0;2021-05-15;374984;94273;443;0;0;20680054;8878427;23938;4;1
FR;0;2021-05-16;202760;20708;168;0;0;20882814;8899135;24106;4;1
FR;0;2021-05-17;376129;148764;1555;0;0;21258943;9047899;25661;4;1
FR;0;2021-05-18;460165;153783;1990;0;0;21719108;9201682;27651;4;1
FR;0;2021-05-19;467422;143308;2464;0;0;22186530;9344990;30115;4;1
FR;0;2021-05-20;507550;160307;2339;0;0;22694080;9505297;32454;4;1
FR;0;2021-05-21;489681;174988;1996;0;0;23183761;9680285;34450;4;1
FR;0;2021-05-22;347203;80112;670;0;0;23530964;9760397;35120;4;1
FR;0;2021-05-23;161695;14254;246;0;0;23692659;9774651;35366;4;1
FR;0;2021-05-24;263198;33128;604;0;0;23955857;9807779;35970;4;1
FR;0;2021-05-25;400285;190074;2355;1;0;24356142;9997853;38325;5;1
FR;0;2021-05-26;413460;190146;2224;0;0;24769602;10187999;40549;5;1
FR;0;2021-05-27;449823;219610;2162;0;0;25219425;10407609;42711;5;1
FR;0;2021-05-28;429560;260523;1893;0;0;25648985;10668132;44604;5;1
FR;0;2021-05-29;298989;150133;585;0;0;25947974;10818265;45189;5;1
FR;0;2021-05-30;107143;32533;164;0;0;26055117;10850798;45353;5;1
FR;0;2021-05-31;358044;203348;1471;1;1;26413161;11054146;46824;6;2
FR;0;2021-06-01;431047;251344;1964;1;1;26844208;11305490;48788;7;3
FR;0;2021-06-02;420120;231937;1984;0;0;27264328;11537427;50772;7;3
FR;0;2021-06-03;465631;257879;1825;0;0;27729959;11795306;52597;7;3
FR;0;2021-06-04;456263;305472;1734;1;1;28186222;12100778;54331;8;4
FR;0;2021-06-05;304810;189330;652;0;0;28491032;12290108;54983;8;4
FR;0;2021-06-06;133318;49048;226;0;0;28624350;12339156;55209;8;4
FR;0;2021-06-07;339990;261585;1526;0;0;28964340;12600741;56735;8;4
FR;0;2021-06-08;393899;291218;1804;0;0;29358239;12891959;58539;8;4
FR;0;2021-06-09;384883;274423;1733;0;0;29743122;13166382;60272;8;4
FR;0;2021-06-10;404193;287865;1726;1;0;30147315;13454247;61998;9;4
FR;0;2021-06-11;386671;356673;1467;1;0;30533986;13810920;63465;10;4
FR;0;2021-06-12;283272;211082;496;0;0;30817258;14022002;63961;10;4
FR;0;2021-06-13;104890;73857;204;0;0;30922148;14095859;64165;10;4
FR;0;2021-06-14;240842;354544;1427;1;0;31162990;14450403;65592;11;4
FR;0;2021-06-15;308176;384852;1572;1;0;31471166;14835255;67164;12;4
FR;0;2021-06-16;313984;357502;1418;1;0;31785150;15192757;68582;13;4
FR;0;2021-06-17;317698;372886;1428;1;0;32102848;15565643;70010;14;4
FR;0;2021-06-18;321757;442605;1338;1;0;32424605;16008248;71348;15;4
FR;0;2021-06-19;224348;273899;449;0;0;32648953;16282147;71797;15;4
FR;0;2021-06-20;74441;102391;129;0;0;32723394;16384538;71926;15;4
FR;0;2021-06-21;195780;401674;1038;1;1;32919174;16786212;72964;16;5
FR;0;2021-06-22;223211;467567;1266;10;1;33142385;17253779;74230;26;6
FR;0;2021-06-23;234041;439983;1197;1;1;33376426;17693762;75427;27;7
FR;0;2021-06-24;241872;409590;1358;0;0;33618298;18103352;76785;27;7
FR;0;2021-06-25;227648;522840;1401;0;0;33845946;18626192;78186;27;7
FR;0;2021-06-26;153264;370867;587;1;0;33999210;18997059;78773;28;7
FR;0;2021-06-27;55904;156056;168;1;0;34055114;19153115;78941;29;7
FR;0;2021-06-28;154788;452649;1176;0;0;34209902;19605764;80117;29;7
FR;0;2021-06-29;182719;507404;2123;0;0;34392621;20113168;82240;29;7
FR;0;2021-06-30;204018;485125;2014;21;2;34596639;20598293;84254;50;9
FR;0;2021-07-01;231387;458224;2223;5;1;34828026;21056517;86477;55;10
FR;0;2021-07-02;228694;520087;2120;5;2;35056720;21576604;88597;60;12
FR;0;2021-07-03;142045;368739;908;3;1;35198765;21945343;89505;63;13
FR;0;2021-07-04;56756;141069;265;0;0;35255521;22086412;89770;63;13
FR;0;2021-07-05;168521;418964;1668;8;2;35424042;22505376;91438;71;15
FR;0;2021-07-06;196777;474586;1830;45;8;35620819;22979962;93268;116;23
FR;0;2021-07-07;213208;439101;1879;25;4;35834027;23419063;95147;141;27
FR;0;2021-07-08;231653;424175;2089;20;6;36065680;23843238;97236;161;33
FR;0;2021-07-09;228619;511052;2185;4;2;36294299;24354290;99421;165;35
FR;0;2021-07-10;148624;339900;984;1;1;36442923;24694190;100405;166;36
FR;0;2021-07-11;60202;110089;283;0;0;36503125;24804279;100688;166;36
FR;0;2021-07-12;169422;477947;1763;4;0;36672547;25282226;102451;170;36
FR;0;2021-07-13;287269;526975;2049;8;1;36959816;25809201;104500;178;37
FR;0;2021-07-14;181104;157489;435;0;0;37140920;25966690;104935;178;37
FR;0;2021-07-15;347103;501928;2099;1;0;37488023;26468618;107034;179;37
FR;0;2021-07-16;380111;495410;2023;3;1;37868134;26964028;109057;182;38
FR;0;2021-07-17;259736;319706;877;1;0;38127870;27283734;109934;183;38
FR;0;2021-07-18;109722;114619;310;0;0;38237592;27398353;110244;183;38
FR;0;2021-07-19;285492;424281;1630;3;0;38523084;27822634;111874;186;38
FR;0;2021-07-20;376923;451671;1723;0;0;38900007;28274305;113597;186;38
FR;0;2021-07-21;395809;407249;1549;4;2;39295816;28681554;115146;190;40
FR;0;2021-07-22;441060;387558;1715;4;2;39736876;29069112;116861;194;42
FR;0;2021-07-23;440330;422399;1883;4;1;40177206;29491511;118744;198;43
FR;0;2021-07-24;285252;269389;804;1;0;40462458;29760900;119548;199;43
FR;0;2021-07-25;121115;79948;234;0;0;40583573;29840848;119782;199;43
FR;0;2021-07-26;347430;322514;1614;3;2;40931003;30163362;121396;202;45
FR;0;2021-07-27;464069;319585;1698;4;2;41395072;30482947;123094;206;47
FR;0;2021-07-28;459443;289539;1636;4;1;41854515;30772486;124730;210;48
FR;0;2021-07-29;489831;276379;1796;2;0;42344346;31048865;126526;212;48
FR;0;2021-07-30;461835;302519;1941;5;1;42806181;31351384;128467;217;49
FR;0;2021-07-31;285401;185048;915;1;0;43091582;31536432;129382;218;49
FR;0;2021-08-01;112029;49924;253;0;0;43203611;31586356;129635;218;49
FR;0;2021-08-02;341624;234180;1603;2;0;43545235;31820536;131238;220;49
FR;0;2021-08-03;398617;244621;1728;2;1;43943852;32065157;132966;222;50
FR;0;2021-08-04;384857;209710;1593;6;3;44328709;32274867;134559;228;53
FR;0;2021-08-05;366174;228495;1710;0;0;44694883;32503362;136269;228;53
FR;0;2021-08-06;359734;271389;1835;4;0;45054617;32774751;138104;232;53
FR;0;2021-08-07;213125;178339;755;5;1;45267742;32953090;138859;237;54
FR;0;2021-08-08;74194;63192;276;0;0;45341936;33016282;139135;237;54
FR;0;2021-08-09;258759;258859;1547;4;3;45600695;33275141;140682;241;57
FR;0;2021-08-10;306867;277339;1663;2;1;45907562;33552480;142345;243;58
FR;0;2021-08-11;279746;259736;1441;5;0;46187308;33812216;143786;248;58
FR;0;2021-08-12;271549;278213;1664;3;0;46458857;34090429;145450;251;58
FR;0;2021-08-13;252160;278109;1594;3;2;46711017;34368538;147044;254;60
FR;0;2021-08-14;145345;197143;741;0;0;46856362;34565681;147785;254;60
FR;0;2021-08-15;39389;50105;218;1;0;46895751;34615786;148003;255;60
FR;0;2021-08-16;186186;317681;1542;0;0;47081937;34933467;149545;255;60
FR;0;2021-08-17;215689;336017;1636;7;0;47297626;35269484;151181;262;60
FR;0;2021-08-18;199055;324513;1597;7;4;47496681;35593997;152778;269;64
FR;0;2021-08-19;192033;325526;1640;1;0;47688714;35919523;154418;270;64
FR;0;2021-08-20;186465;366314;1820;3;2;47875179;36285837;156238;273;66
FR;0;2021-08-21;104800;238126;708;0;0;47979979;36523963;156946;273;66
FR;0;2021-08-22;31943;87216;256;1;1;48011922;36611179;157202;274;67
FR;0;2021-08-23;140983;357094;1561;3;1;48152905;36968273;158763;277;68
FR;0;2021-08-24;162493;376711;1849;5;1;48315398;37344984;160612;282;69
FR;0;2021-08-25;151144;350790;2033;8;2;48466542;37695774;162645;290;71
FR;0;2021-08-26;142877;342780;2561;10;0;48609419;38038554;165206;300;71
FR;0;2021-08-27;148454;388300;2790;11;3;48757873;38426854;167996;311;74
FR;0;2021-08-28;90665;249604;1407;0;0;48848538;38676458;169403;311;74
FR;0;2021-08-29;27321;83349;518;1;0;48875859;38759807;169921;312;74
FR;0;2021-08-30;117420;324675;4713;6;5890;48993279;39084482;174634;318;5964
FR;0;2021-08-31;128814;334506;10188;19;11797;49122093;39418988;184822;337;17761
FR;0;2021-09-01;136141;285691;22432;8;24382;49258234;39704679;207254;345;42143
FR;0;2021-09-02;114662;247232;26518;20;28980;49372896;39951911;233772;365;71123
FR;0;2021-09-03;118312;292681;29963;24;33057;49491208;40244592;263735;389;104180
FR;0;2021-09-04;89891;217780;12585;12;14139;49581099;40462372;276320;401;118319
FR;0;2021-09-05;21359;44827;4395;2;4717;49602458;40507199;280715;403;123036
FR;0;2021-09-06;75683;180609;31956;16;34303;49678141;40687808;312671;419;157339
FR;0;2021-09-07;80308;181219;33244;43;36259;49758449;40869027;345915;462;193598
FR;0;2021-09-08;90994;206098;29666;28;32545;49849443;41075125;375581;490;226143
FR;0;2021-09-09;76946;165349;33068;27;36650;49926389;41240474;408649;517;262793
FR;0;2021-09-10;96041;203786;35739;28;40698;50022430;41444260;444388;545;303491
FR;0;2021-09-11;67164;169302;12138;19;14385;50089594;41613562;456526;564;317876
FR;0;2021-09-12;12826;32097;2778;1;3178;50102420;41645659;459304;565;321054
FR;0;2021-09-13;64562;126224;41240;35;44204;50166982;41771883;500544;600;365258
FR;0;2021-09-14;73491;129051;56373;80;62312;50240473;41900934;556917;680;427570
FR;0;2021-09-15;76640;167795;55664;58;54842;50317113;42068729;612581;738;482412
FR;0;2021-09-16;63882;114541;60095;82;60149;50380995;42183270;672676;820;542561
FR;0;2021-09-17;75083;156849;53854;71;57321;50456078;42340119;726530;891;599882
FR;0;2021-09-18;48235;139636;15601;25;17314;50504313;42479755;742131;916;617196
FR;0;2021-09-19;7907;23677;2438;1;2619;50512220;42503432;744569;917;619815
FR;0;2021-09-20;44569;93813;50082;72;50339;50556789;42597245;794651;989;670154
FR;0;2021-09-21;45892;98425;62761;76;63468;50602681;42695670;857412;1065;733622
FR;0;2021-09-22;48675;142390;55369;82;55435;50651356;42838060;912781;1147;789057
FR;0;2021-09-23;43273;92089;62396;95;63567;50694629;42930149;975177;1242;852624
FR;0;2021-09-24;52295;133309;54561;107;59204;50746924;43063458;1029738;1349;911828
FR;0;2021-09-25;35218;115638;16275;36;18299;50782142;43179096;1046013;1385;930127
FR;0;2021-09-26;5554;17803;2270;5;2327;50787696;43196899;1048283;1390;932454
FR;0;2021-09-27;33977;76928;47200;97;48177;50821673;43273827;1095483;1487;980631
FR;0;2021-09-28;36517;75252;54971;90;56555;50858190;43349079;1150454;1577;1037186
FR;0;2021-09-29;44418;100766;53357;112;54881;50902608;43449845;1203811;1689;1092067
FR;0;2021-09-30;36342;72968;57039;97;59585;50938950;43522813;1260850;1786;1151652
FR;0;2021-10-01;61705;102887;57821;108;63969;51000655;43625700;1318671;1894;1215621
FR;0;2021-10-02;39470;78440;20963;39;23365;51040125;43704140;1339634;1933;1238986
FR;0;2021-10-03;5287;10497;2532;4;2538;51045412;43714637;1342166;1937;1241524
FR;0;2021-10-04;35191;58511;52625;84;54834;51080603;43773148;1394791;2021;1296358
FR;0;2021-10-05;33927;64385;61019;135;65074;51114530;43837533;1455810;2156;1361432
FR;0;2021-10-06;42716;79298;65753;113;68343;51157246;43916831;1521563;2269;1429775
FR;0;2021-10-07;30566;62272;65431;89;68848;51187812;43979103;1586994;2358;1498623
FR;0;2021-10-08;49475;91925;77760;110;84755;51237287;44071028;1664754;2468;1583378
FR;0;2021-10-09;33673;60933;31544;35;33921;51270960;44131961;1696298;2503;1617299
FR;0;2021-10-10;4718;7428;3194;9;3475;51275678;44139389;1699492;2512;1620774
FR;0;2021-10-11;30726;49930;61043;105;64103;51306404;44189319;1760535;2617;1684877
FR;0;2021-10-12;31636;54501;70619;140;76004;51338040;44243820;1831154;2757;1760881
FR;0;2021-10-13;40154;62839;74434;136;79352;51378194;44306659;1905588;2893;1840233
FR;0;2021-10-14;30357;52884;68766;116;73827;51408551;44359543;1974354;3009;1914060
FR;0;2021-10-15;44945;75263;93243;191;103013;51453496;44434806;2067597;3200;2017073
FR;0;2021-10-16;31327;44106;36694;44;39642;51484823;44478912;2104291;3244;2056715
FR;0;2021-10-17;3888;5239;3597;2;3680;51488711;44484151;2107888;3246;2060395
FR;0;2021-10-18;29171;42384;67503;133;71364;51517882;44526535;2175391;3379;2131759
FR;0;2021-10-19;27190;45584;76411;140;81650;51545072;44572119;2251802;3519;2213409
FR;0;2021-10-20;35335;52446;96943;181;101551;51580407;44624565;2348745;3700;2314960
FR;0;2021-10-21;26158;45181;83973;112;89153;51606565;44669746;2432718;3812;2404113
FR;0;2021-10-22;38442;62509;104904;200;112606;51645007;44732255;2537622;4012;2516719
FR;0;2021-10-23;27028;41202;45459;57;48627;51672035;44773457;2583081;4069;2565346
FR;0;2021-10-24;2943;4765;3684;6;3927;51674978;44778222;2586765;4075;2569273
FR;0;2021-10-25;26091;36260;82339;144;86660;51701069;44814482;2669104;4219;2655933
FR;0;2021-10-26;23765;35041;87261;166;92384;51724834;44849523;2756365;4385;2748317
FR;0;2021-10-27;30104;46349;109011;257;114711;51754938;44895872;2865376;4642;2863028
FR;0;2021-10-28;23606;34958;88727;153;94504;51778544;44930830;2954103;4795;2957532
FR;0;2021-10-29;31579;51490;117328;206;125379;51810123;44982320;3071431;5001;3082911
FR;0;2021-10-30;20570;33228;50351;76;53397;51830693;45015548;3121782;5077;3136308
FR;0;2021-10-31;2512;3734;3592;3;3879;51833205;45019282;3125374;5080;3140187
FR;0;2021-11-01;8524;4864;3214;3;3578;51841729;45024146;3128588;5083;3143765
FR;0;2021-11-02;26366;40126;93589;156;99616;51868095;45064272;3222177;5239;3243381
FR;0;2021-11-03;30100;47957;118907;220;125860;51898195;45112229;3341084;5459;3369241
FR;0;2021-11-04;23793;37510;107579;217;114451;51921988;45149739;3448663;5676;3483692
FR;0;2021-11-05;32393;52981;141650;236;151403;51954381;45202720;3590313;5912;3635095
FR;0;2021-11-06;21534;34570;64889;123;68315;51975915;45237290;3655202;6035;3703410
FR;0;2021-11-07;2403;4175;5200;6;5597;51978318;45241465;3660402;6041;3709007
FR;0;2021-11-08;20596;37778;127211;227;134325;51998914;45279243;3787613;6268;3843332
FR;0;2021-11-09;22405;44720;161709;339;172288;52021319;45323963;3949322;6607;4015620
FR;0;2021-11-10;31589;54990;187029;446;198841;52052908;45378953;4136351;7053;4214461
FR;0;2021-11-11;4729;6762;12979;28;13967;52057637;45385715;4149330;7081;4228428
FR;0;2021-11-12;29086;55110;183796;252;197415;52086723;45440825;4333126;7333;4425843
FR;0;2021-11-13;20352;32633;80715;118;86341;52107075;45473458;4413841;7451;4512184
FR;0;2021-11-14;2358;3878;7177;6;7848;52109433;45477336;4421018;7457;4520032
FR;0;2021-11-15;20490;38659;160881;312;171608;52129923;45515995;4581899;7769;4691640
FR;0;2021-11-16;23648;43960;200435;394;215097;52153571;45559955;4782334;8163;4906737
FR;0;2021-11-17;30515;50315;199871;406;212919;52184086;45610270;4982205;8569;5119656
FR;0;2021-11-18;23436;45665;191697;468;205606;52207522;45655935;5173902;9037;5325262
FR;0;2021-11-19;33679;61380;243246;551;262245;52241201;45717315;5417148;9588;5587507
FR;0;2021-11-20;25409;36700;102172;206;109722;52266610;45754015;5519320;9794;5697229
FR;0;2021-11-21;2647;4467;9663;19;10615;52269257;45758482;5528983;9813;5707844
FR;0;2021-11-22;22805;33199;180403;470;194879;52292062;45791681;5709386;10283;5902723
FR;0;2021-11-23;25720;45565;229428;549;247895;52317782;45837246;5938814;10832;6150618
FR;0;2021-11-24;31802;53724;224835;715;243286;52349584;45890970;6163649;11547;6393904
FR;0;2021-11-25;25637;49219;255971;739;277836;52375221;45940189;6419620;12286;6671740
FR;0;2021-11-26;33258;74832;379514;867;414697;52408479;46015021;6799134;13153;7086437
FR;0;2021-11-27;23493;49675;214932;389;236714;52431972;46064696;7014066;13542;7323151
FR;0;2021-11-28;3514;10512;56767;66;63328;52435486;46075208;7070833;13608;7386479
FR;0;2021-11-29;19422;54175;341510;864;371783;52454908;46129383;7412343;14472;7758262
FR;0;2021-11-30;24778;71980;457426;988;500834;52479686;46201363;7869769;15460;8259096
FR;0;2021-12-01;27369;75747;469145;1162;511379;52507055;46277110;8338914;16622;8770475
FR;0;2021-12-02;22100;71768;527159;1280;574950;52529155;46348878;8866073;17902;9345425
FR;0;2021-12-03;25560;93075;596440;1420;651218;52554715;46441953;9462513;19322;9996643
FR;0;2021-12-04;18319;60487;336253;692;369831;52573034;46502440;9798766;20014;10366474
FR;0;2021-12-05;4154;16168;95789;157;107048;52577188;46518608;9894555;20171;10473522
FR;0;2021-12-06;28424;72943;493184;1175;540001;52605612;46591551;10387739;21346;11013523
FR;0;2021-12-07;23538;91429;645439;1773;706377;52629150;46682980;11033178;23119;11719900
FR;0;2021-12-08;25500;92198;591649;1874;647568;52654650;46775178;11624827;24993;12367468
FR;0;2021-12-09;24060;94215;663166;2181;726532;52678710;46869393;12287993;27174;13094000
FR;0;2021-12-10;28057;111131;736108;2075;806282;52706767;46980524;13024101;29249;13900282
FR;0;2021-12-11;20251;76214;435206;988;480426;52727018;47056738;13459307;30237;14380708
FR;0;2021-12-12;5660;23202;142319;262;159216;52732678;47079940;13601626;30499;14539924
FR;0;2021-12-13;21355;90976;587698;1699;649307;52754033;47170916;14189324;32198;15189231
FR;0;2021-12-14;27973;118494;765643;2654;847591;52782006;47289410;14954967;34852;16036822
FR;0;2021-12-15;28437;114458;694386;2266;769172;52810443;47403868;15649353;37118;16805994
FR;0;2021-12-16;28031;115913;764082;2557;844514;52838474;47519781;16413435;39675;17650508
FR;0;2021-12-17;31652;128567;807925;2711;892085;52870126;47648348;17221360;42386;18542593
FR;0;2021-12-18;24937;81664;469996;1178;522241;52895063;47730012;17691356;43564;19064834
FR;0;2021-12-19;8759;28662;169411;376;191084;52903822;47758674;17860767;43940;19255918
FR;0;2021-12-20;31752;97394;591533;1786;658796;52935574;47856068;18452300;45726;19914714
FR;0;2021-12-21;39456;112185;682455;2392;759639;52975030;47968253;19134755;48118;20674353
FR;0;2021-12-22;39551;99434;575800;2168;642161;53014581;48067687;19710555;50286;21316514
FR;0;2021-12-23;33783;79611;441030;1657;494418;53048364;48147298;20151585;51943;21810932
FR;0;2021-12-24;10695;26114;111038;398;126674;53059059;48173412;20262623;52341;21937606
FR;0;2021-12-25;776;3588;7593;25;9030;53059835;48177000;20270216;52366;21946636
FR;0;2021-12-26;4697;11894;52097;142;60142;53064532;48188894;20322313;52508;22006778
FR;0;2021-12-27;30506;84062;453578;1364;509199;53095038;48272956;20775891;53872;22515977
FR;0;2021-12-28;38367;99030;564184;1769;632291;53133405;48371986;21340075;55641;23148268
FR;0;2021-12-29;39875;88389;501223;1687;561034;53173280;48460375;21841298;57328;23709302
FR;0;2021-12-30;35922;75218;421041;1521;471157;53209202;48535593;22262339;58849;24180459
FR;0;2021-12-31;12048;25144;116885;405;131673;53221250;48560737;22379224;59254;24312132
FR;0;2022-01-01;1573;3222;8519;37;9941;53222823;48563959;22387743;59291;24322073
FR;0;2022-01-02;6118;13022;58421;125;66952;53228941;48576981;22446164;59416;24389025
FR;0;2022-01-03;37355;90274;494843;1596;551732;53266296;48667255;22941007;61012;24940757
FR;0;2022-01-04;42007;111131;641396;2306;714381;53308303;48778386;23582403;63318;25655138
FR;0;2022-01-05;61118;103714;569189;1984;634214;53369421;48882100;24151592;65302;26289352
FR;0;2022-01-06;44279;110402;638986;2697;711464;53413700;48992502;24790578;67999;27000816
FR;0;2022-01-07;50825;123459;711004;2810;790526;53464525;49115961;25501582;70809;27791342
FR;0;2022-01-08;45007;80327;423813;1213;472891;53509532;49196288;25925395;72022;28264233
FR;0;2022-01-09;15609;26637;128566;300;145671;53525141;49222925;26053961;72322;28409904
FR;0;2022-01-10;35386;93411;469335;1812;522750;53560527;49316336;26523296;74134;28932654
FR;0;2022-01-11;41929;100546;548254;2306;608507;53602456;49416882;27071550;76440;29541161
FR;0;2022-01-12;60403;95798;452693;1968;504361;53662859;49512680;27524243;78408;30045522
FR;0;2022-01-13;38256;92630;487358;2085;541054;53701115;49605310;28011601;80493;30586576
FR;0;2022-01-14;42576;103438;568609;2286;629023;53743691;49708748;28580210;82779;31215599
FR;0;2022-01-15;39418;65931;340134;985;377563;53783109;49774679;28920344;83764;31593162
FR;0;2022-01-16;11410;19254;87431;216;99420;53794519;49793933;29007775;83980;31692582
FR;0;2022-01-17;24733;60126;320288;1382;354167;53819252;49854059;29328063;85362;32046749
FR;0;2022-01-18;28323;68789;361090;1801;397572;53847575;49922848;29689153;87163;32444321
FR;0;2022-01-19;43214;67126;281299;1450;311075;53890789;49989974;29970452;88613;32755396
FR;0;2022-01-20;23662;59682;299016;1741;328511;53914451;50049656;30269468;90354;33083907
FR;0;2022-01-21;28201;68889;366369;2086;401205;53942652;50118545;30635837;92440;33485112
FR;0;2022-01-22;27625;48011;218792;839;241770;53970277;50166556;30854629;93279;33726882
FR;0;2022-01-23;6738;12993;48678;173;55172;53977015;50179549;30903307;93452;33782054
FR;0;2022-01-24;16270;47518;217316;1140;239343;53993285;50227067;31120623;94592;34021397
FR;0;2022-01-25;19026;54402;243057;1546;267089;54012311;50281469;31363680;96138;34288486
FR;0;2022-01-26;28145;60532;209286;1298;229491;54040456;50342001;31572966;97436;34517977
FR;0;2022-01-27;16331;46417;207646;1277;225975;54056787;50388418;31780612;98713;34743952
FR;0;2022-01-28;21583;78770;290056;1572;321375;54078370;50467188;32070668;100285;35065327
FR;0;2022-01-29;18420;52903;184130;689;204589;54096790;50520091;32254798;100974;35269916
FR;0;2022-01-30;4474;14513;39142;124;45084;54101264;50534604;32293940;101098;35315000
FR;0;2022-01-31;11256;43971;148200;741;164764;54112520;50578575;32442140;101839;35479764
FR;0;2022-02-01;13623;48372;174120;1143;191385;54126143;50626947;32616260;102982;35671149
FR;0;2022-02-02;20586;66377;171534;1034;190112;54146729;50693324;32787794;104016;35861261
FR;0;2022-02-03;11474;44797;157554;989;173318;54158203;50738121;32945348;105005;36034579
FR;0;2022-02-04;14624;66515;239252;1266;264151;54172827;50804636;33184600;106271;36298730
FR;0;2022-02-05;12895;51481;153549;523;172322;54185722;50856117;33338149;106794;36471052
FR;0;2022-02-06;2725;12181;28893;101;33835;54188447;50868298;33367042;106895;36504887
FR;0;2022-02-07;9566;46694;156881;592;176316;54198013;50914992;33523923;107487;36681203
FR;0;2022-02-08;9798;43086;166628;867;184422;54207811;50958078;33690551;108354;36865625
FR;0;2022-02-09;14374;58243;172339;873;193047;54222185;51016321;33862890;109227;37058672
FR;0;2022-02-10;8717;39138;150230;877;166705;54230902;51055459;34013120;110104;37225377
FR;0;2022-02-11;10858;55669;218505;1101;243098;54241760;51111128;34231625;111205;37468475
FR;0;2022-02-12;8403;40954;134722;465;151750;54250163;51152082;34366347;111670;37620225
FR;0;2022-02-13;1928;8601;26564;86;30924;54252091;51160683;34392911;111756;37651149
FR;0;2022-02-14;6987;35245;148374;483;166370;54259078;51195928;34541285;112239;37817519
FR;0;2022-02-15;7061;36211;146978;751;162563;54266139;51232139;34688263;112990;37980082
FR;0;2022-02-16;9405;42968;132533;720;146751;54275544;51275107;34820796;113710;38126833
FR;0;2022-02-17;5575;24325;87300;585;94872;54281119;51299432;34908096;114295;38221705
FR;0;2022-02-18;6992;33574;119661;805;129324;54288111;51333006;35027757;115100;38351029
FR;0;2022-02-19;5368;24549;70025;370;77335;54293479;51357555;35097782;115470;38428364
FR;0;2022-02-20;1148;4653;12171;39;13950;54294627;51362208;35109953;115509;38442314
FR;0;2022-02-21;4091;17883;61954;351;67181;54298718;51380091;35171907;115860;38509495
FR;0;2022-02-22;4453;18652;60832;576;64473;54303171;51398743;35232739;116436;38573968
FR;0;2022-02-23;6588;27350;66493;591;71890;54309759;51426093;35299232;117027;38645858
FR;0;2022-02-24;3849;15482;50423;519;53244;54313608;51441575;35349655;117546;38699102
FR;0;2022-02-25;5279;24048;76361;803;80094;54318887;51465623;35426016;118349;38779196
FR;0;2022-02-26;3990;17766;47416;359;51483;54322877;51483389;35473432;118708;38830679
FR;0;2022-02-27;879;3008;8035;47;8946;54323756;51486397;35481467;118755;38839625
FR;0;2022-02-28;3123;12540;40482;359;42916;54326879;51498937;35521949;119114;38882541
FR;0;2022-03-01;3983;12601;44190;436;44862;54330862;51511538;35566139;119550;38927403
FR;0;2022-03-02;5316;17790;47135;445;49067;54336178;51529328;35613274;119995;38976470
FR;0;2022-03-03;2815;9338;29891;368;30014;54338993;51538666;35643165;120363;39006484
FR;0;2022-03-04;3222;12421;40300;666;39451;54342215;51551087;35683465;121029;39045935
FR;0;2022-03-05;3071;9281;24955;312;25118;54345286;51560368;35708420;121341;39071053
FR;0;2022-03-06;520;1399;3198;43;3441;54345806;51561767;35711618;121384;39074494
FR;0;2022-03-07;2314;5622;18429;315;17698;54348120;51567389;35730047;121699;39092192
FR;0;2022-03-08;2127;6073;19447;361;17917;54350247;51573462;35749494;122060;39110109
FR;0;2022-03-09;3577;10500;22181;405;21279;54353824;51583962;35771675;122465;39131388
FR;0;2022-03-10;1820;5805;16987;344;15815;54355644;51589767;35788662;122809;39147203
FR;0;2022-03-11;2414;7551;24498;542;22265;54358058;51597318;35813160;123351;39169468
FR;0;2022-03-12;2680;6774;17160;308;16514;54360738;51604092;35830320;123659;39185982
FR;0;2022-03-13;402;790;2324;149;2273;54361140;51604882;35832644;123808;39188255
FR;0;2022-03-14;1543;4271;14978;4409;13833;54362683;51609153;35847622;128217;39202088
FR;0;2022-03-15;1733;6295;16374;7551;14606;54364416;51615448;35863996;135768;39216694
FR;0;2022-03-16;3034;7396;19423;13137;18101;54367450;51622844;35883419;148905;39234795
FR;0;2022-03-17;1452;3982;13142;10847;11984;54368902;51626826;35896561;159752;39246779
FR;0;2022-03-18;2269;5754;20001;18300;18097;54371171;51632580;35916562;178052;39264876
FR;0;2022-03-19;2291;4803;13114;9401;12416;54373462;51637383;35929676;187453;39277292
FR;0;2022-03-20;300;734;1919;1073;1930;54373762;51638117;35931595;188526;39279222
FR;0;2022-03-21;1391;3216;12718;14937;11942;54375153;51641333;35944313;203463;39291164
FR;0;2022-03-22;1507;3733;13796;20541;12551;54376660;51645066;35958109;224004;39303715
FR;0;2022-03-23;2680;6279;17720;23151;17236;54379340;51651345;35975829;247155;39320951
FR;0;2022-03-24;1404;3156;11589;17608;10676;54380744;51654501;35987418;264763;39331627
FR;0;2022-03-25;2081;5151;18569;27758;16907;54382825;51659652;36005987;292521;39348534
FR;0;2022-03-26;2230;4412;12077;12678;11517;54385055;51664064;36018064;305199;39360051
FR;0;2022-03-27;360;692;1907;1481;1941;54385415;51664756;36019971;306680;39361992
FR;0;2022-03-28;1462;3073;11125;17487;10616;54386877;51667829;36031096;324167;39372608
FR;0;2022-03-29;1452;3268;12903;27571;12049;54388329;51671097;36043999;351738;39384657
FR;0;2022-03-30;2847;5501;15677;27389;15071;54391176;51676598;36059676;379127;39399728
FR;0;2022-03-31;1611;3562;12979;25002;12311;54392787;51680160;36072655;404129;39412039
FR;0;2022-04-01;2675;4580;20053;30880;18695;54395462;51684740;36092708;435009;39430734
FR;0;2022-04-02;1529;2639;9047;10119;8706;54396991;51687379;36101755;445128;39439440
FR;0;2022-04-03;288;513;1561;1169;1578;54397279;51687892;36103316;446297;39441018
FR;0;2022-04-04;2261;2876;12367;19114;11573;54399540;51690768;36115683;465411;39452591
FR;0;2022-04-05;2166;3149;14336;34092;13187;54401706;51693917;36130019;499503;39465778
FR;0;2022-04-06;2404;3933;13532;26477;12800;54404110;51697850;36143551;525980;39478578
FR;0;2022-04-07;1589;3105;13667;33757;12879;54405699;51700955;36157218;559737;39491457
FR;0;2022-04-08;2073;4232;19215;43958;17823;54407772;51705187;36176433;603695;39509280
FR;0;2022-04-09;1364;2675;9312;13561;8864;54409136;51707862;36185745;617256;39518144
FR;0;2022-04-10;291;698;1982;2014;2002;54409427;51708560;36187727;619270;39520146
FR;0;2022-04-11;1308;2602;11864;23887;11472;54410735;51711162;36199591;643157;39531618
FR;0;2022-04-12;1685;3022;14012;40889;13383;54412420;51714184;36213603;684046;39545001
FR;0;2022-04-13;1956;3684;13407;33078;13026;54414376;51717868;36227010;717124;39558027
FR;0;2022-04-14;1489;2898;13208;36298;13051;54415865;51720766;36240218;753422;39571078
FR;0;2022-04-15;1850;3475;15625;35557;14874;54417715;51724241;36255843;788979;39585952
FR;0;2022-04-16;1041;1827;6395;8536;6251;54418756;51726068;36262238;797515;39592203
FR;0;2022-04-17;193;336;992;1172;1035;54418949;51726404;36263230;798687;39593238
FR;0;2022-04-18;195;528;2764;1070;2783;54419144;51726932;36265994;799757;39596021
FR;0;2022-04-19;1525;3006;12908;29628;12468;54420669;51729938;36278902;829385;39608489
FR;0;2022-04-20;1987;3451;13299;29032;12975;54422656;51733389;36292201;858417;39621464
FR;0;2022-04-21;1509;2847;12533;35152;12606;54424165;51736236;36304734;893569;39634070
FR;0;2022-04-22;1862;3603;16467;37591;15829;54426027;51739839;36321201;931160;39649899
FR;0;2022-04-23;1144;2061;7383;10656;7233;54427171;51741900;36328584;941816;39657132
FR;0;2022-04-24;250;460;1475;1588;1412;54427421;51742360;36330059;943404;39658544
FR;0;2022-04-25;1301;2529;10678;21012;10484;54428722;51744889;36340737;964416;39669028
FR;0;2022-04-26;1620;3002;13655;38565;13105;54430342;51747891;36354392;1002981;39682133
FR;0;2022-04-27;1958;3059;11535;30976;11591;54432300;51750950;36365927;1033957;39693724
FR;0;2022-04-28;1563;2756;12524;36187;12266;54433863;51753706;36378451;1070144;39705990
FR;0;2022-04-29;2006;4674;15546;37225;14912;54435869;51758380;36393997;1107369;39720902
FR;0;2022-04-30;1211;1929;6926;9706;6753;54437080;51760309;36400923;1117075;39727655
FR;0;2022-05-01;218;323;913;996;907;54437298;51760632;36401836;1118071;39728562
FR;0;2022-05-02;1877;2931;11145;18135;10964;54439175;51763563;36412981;1136206;39739526
FR;0;2022-05-03;1899;3249;13715;34665;13556;54441074;51766812;36426696;1170871;39753082
FR;0;2022-05-04;1894;3282;12176;25621;12290;54442968;51770094;36438872;1196492;39765372
FR;0;2022-05-05;1758;2913;13035;33535;12882;54444726;51773007;36451907;1230027;39778254
FR;0;2022-05-06;2206;3654;15341;36773;14848;54446932;51776661;36467248;1266800;39793102
FR;0;2022-05-07;1202;1776;6460;9606;6450;54448134;51778437;36473708;1276406;39799552
FR;0;2022-05-08;267;399;1172;1545;1233;54448401;51778836;36474880;1277951;39800785
FR;0;2022-05-09;1351;2294;9921;20251;9792;54449752;51781130;36484801;1298202;39810577
FR;0;2022-05-10;1755;3233;13561;38946;13117;54451507;51784363;36498362;1337148;39823694
FR;0;2022-05-11;1991;2997;10744;27906;10688;54453498;51787360;36509106;1365054;39834382
FR;0;2022-05-12;1581;2702;11365;35678;11035;54455079;51790062;36520471;1400732;39845417
FR;0;2022-05-13;1968;3210;13748;37842;13335;54457047;51793272;36534219;1438574;39858752
FR;0;2022-05-14;1147;1634;5936;10772;5800;54458194;51794906;36540155;1449346;39864552
FR;0;2022-05-15;280;470;1278;1436;1360;54458474;51795376;36541433;1450782;39865912
FR;0;2022-05-16;1191;2029;8683;21034;8678;54459665;51797405;36550116;1471816;39874590
FR;0;2022-05-17;1584;2591;11816;37857;11395;54461249;51799996;36561932;1509673;39885985
FR;0;2022-05-18;1805;2638;9685;27140;9659;54463054;51802634;36571617;1536813;39895644
FR;0;2022-05-19;1436;2645;10568;35825;10707;54464490;51805279;36582185;1572638;39906351
FR;0;2022-05-20;1873;3111;13413;39351;12905;54466363;51808390;36595598;1611989;39919256
FR;0;2022-05-21;1158;1704;5660;9896;5532;54467521;51810094;36601258;1621885;39924788
FR;0;2022-05-22;238;339;1025;1437;1012;54467759;51810433;36602283;1623322;39925800
FR;0;2022-05-23;1174;2116;8876;20340;8826;54468933;51812549;36611159;1643662;39934626
FR;0;2022-05-24;1537;2753;11355;38850;11226;54470470;51815302;36622514;1682512;39945852
FR;0;2022-05-25;1811;2822;9338;24818;9470;54472281;51818124;36631852;1707330;39955322
FR;0;2022-05-26;207;417;1660;1197;1670;54472488;51818541;36633512;1708527;39956992
FR;0;2022-05-27;1374;2460;9255;21282;8997;54473862;51821001;36642767;1729809;39965989
FR;0;2022-05-28;663;1256;3912;6787;3963;54474525;51822257;36646679;1736596;39969952
FR;0;2022-05-29;156;315;751;918;772;54474681;51822572;36647430;1737514;39970724
FR;0;2022-05-30;1022;1948;6993;19289;7008;54475703;51824520;36654423;1756803;39977732
FR;0;2022-05-31;1487;2497;9814;35652;9635;54477190;51827017;36664237;1792455;39987367
FR;0;2022-06-01;1722;3088;11017;24524;10883;54478912;51830105;36675254;1816979;39998250
FR;0;2022-06-02;1472;2605;11302;35529;10847;54480384;51832710;36686556;1852508;40009097
FR;0;2022-06-03;1720;3062;13378;38707;12743;54482104;51835772;36699934;1891215;40021840
FR;0;2022-06-04;968;1514;5041;9109;5113;54483072;51837286;36704975;1900324;40026953
FR;0;2022-06-05;176;331;874;1106;884;54483248;51837617;36705849;1901430;40027837
FR;0;2022-06-06;402;1128;2111;1260;2123;54483650;51838745;36707960;1902690;40029960
FR;0;2022-06-07;1379;2678;9847;35571;9426;54485029;51841423;36717807;1938261;40039386
FR;0;2022-06-08;1549;2684;9160;28712;9003;54486578;51844107;36726967;1966973;40048389
FR;0;2022-06-09;1283;2432;10612;39472;10254;54487861;51846539;36737579;2006445;40058643
FR;0;2022-06-10;1620;2909;13073;44788;12619;54489481;51849448;36750652;2051233;40071262
FR;0;2022-06-11;956;1730;5431;11621;5464;54490437;51851178;36756083;2062854;40076726
FR;0;2022-06-12;196;439;1072;1761;1133;54490633;51851617;36757155;2064615;40077859
FR;0;2022-06-13;1080;2051;7431;23173;7262;54491713;51853668;36764586;2087788;40085121
FR;0;2022-06-14;1315;2497;10443;44922;9798;54493028;51856165;36775029;2132710;40094919
FR;0;2022-06-15;1502;2420;9314;30874;8945;54494530;51858585;36784343;2163584;40103864
FR;0;2022-06-16;1171;2023;9906;39881;9314;54495701;51860608;36794249;2203465;40113178
FR;0;2022-06-17;1476;2827;12459;46599;11888;54497177;51863435;36806708;2250064;40125066
FR;0;2022-06-18;852;1516;4563;11123;4497;54498029;51864951;36811271;2261187;40129563
FR;0;2022-06-19;180;362;1058;1615;1130;54498209;51865313;36812329;2262802;40130693
FR;0;2022-06-20;1018;1914;8905;26065;8566;54499227;51867227;36821234;2288867;40139259
FR;0;2022-06-21;1320;2395;10299;49873;9328;54500547;51869622;36831533;2338740;40148587
FR;0;2022-06-22;1382;2487;8908;39031;8413;54501929;51872109;36840441;2377771;40157000
FR;0;2022-06-23;1222;2353;10674;55079;9882;54503151;51874462;36851115;2432850;40166882
FR;0;2022-06-24;1484;2981;13635;69150;12294;54504635;51877443;36864750;2502000;40179176
FR;0;2022-06-25;934;1777;6226;19913;5981;54505569;51879220;36870976;2521913;40185157
FR;0;2022-06-26;228;460;1953;3687;1817;54505797;51879680;36872929;2525600;40186974
FR;0;2022-06-27;1125;2014;10491;48466;9633;54506922;51881694;36883420;2574066;40196607
FR;0;2022-06-28;1454;2806;14659;91321;13080;54508376;51884500;36898079;2665387;40209687
FR;0;2022-06-29;1706;2820;12287;71846;11235;54510082;51887320;36910366;2737233;40220922
FR;0;2022-06-30;1524;2686;14385;95146;12466;54511606;51890006;36924751;2832379;40233388
FR;0;2022-07-01;1988;3787;21480;115918;18837;54513594;51893793;36946231;2948297;40252225
FR;0;2022-07-02;1077;1853;8518;35748;7698;54514671;51895646;36954749;2984045;40259923
FR;0;2022-07-03;290;538;2091;6452;1893;54514961;51896184;36956840;2990497;40261816
FR;0;2022-07-04;1613;3135;14687;79188;12960;54516574;51899319;36971527;3069685;40274776
FR;0;2022-07-05;1698;3106;18822;133215;16001;54518272;51902425;36990349;3202900;40290777
FR;0;2022-07-06;1809;2762;15847;99549;13634;54520081;51905187;37006196;3302449;40304411
FR;0;2022-07-07;1701;2861;17988;125978;14766;54521782;51908048;37024184;3428427;40319177
FR;0;2022-07-08;1884;3141;20743;137058;16756;54523666;51911189;37044927;3565485;40335933
FR;0;2022-07-09;865;1451;7739;37919;6685;54524531;51912640;37052666;3603404;40342618
FR;0;2022-07-10;261;511;2344;6999;2125;54524792;51913151;37055010;3610403;40344743
FR;0;2022-07-11;1415;2444;15011;88223;12492;54526207;51915595;37070021;3698626;40357235
FR;0;2022-07-12;1789;3081;20518;143917;16711;54527996;51918676;37090539;3842543;40373946
FR;0;2022-07-13;1718;2711;15678;94514;13250;54529714;51921387;37106217;3937057;40387196
FR;0;2022-07-14;178;363;1951;5532;1830;54529892;51921750;37108168;3942589;40389026
FR;0;2022-07-15;1470;2551;15110;84430;12593;54531362;51924301;37123278;4027019;40401619
FR;0;2022-07-16;614;1173;5944;24974;5151;54531976;51925474;37129222;4051993;40406770
FR;0;2022-07-17;176;389;1735;4660;1566;54532152;51925863;37130957;4056653;40408336
FR;0;2022-07-18;1127;2238;11819;61791;9964;54533279;51928101;37142776;4118444;40418300
FR;0;2022-07-19;1409;2338;15463;103645;12283;54534688;51930439;37158239;4222089;40430583
FR;0;2022-07-20;1408;2279;12944;77549;10720;54536096;51932718;37171183;4299638;40441303
FR;0;2022-07-21;1271;2151;13081;88198;10482;54537367;51934869;37184264;4387836;40451785
FR;0;2022-07-22;1398;2442;14798;89447;11943;54538765;51937311;37199062;4477283;40463728
FR;0;2022-07-23;670;1300;5526;22474;4852;54539435;51938611;37204588;4499757;40468580
FR;0;2022-07-24;183;349;1397;3900;1238;54539618;51938960;37205985;4503657;40469818
FR;0;2022-07-25;1052;1783;9483;48050;7831;54540670;51940743;37215468;4551707;40477649
FR;0;2022-07-26;1287;2205;13292;85402;10817;54541957;51942948;37228760;4637109;40488466
FR;0;2022-07-27;1217;1994;10217;61218;8509;54543174;51944942;37238977;4698327;40496975
FR;0;2022-07-28;1087;1856;10299;64347;8210;54544261;51946798;37249276;4762674;40505185
FR;0;2022-07-29;1280;2035;10976;65806;8733;54545541;51948833;37260252;4828480;40513918
FR;0;2022-07-30;496;848;3516;15272;2970;54546037;51949681;37263768;4843752;40516888
FR;0;2022-07-31;151;288;929;2437;788;54546188;51949969;37264697;4846189;40517676
FR;0;2022-08-01;834;1493;7576;30224;6373;54547022;51951462;37272273;4876413;40524049
FR;0;2022-08-02;1015;1624;8559;56063;6869;54548037;51953086;37280832;4932476;40530918
FR;0;2022-08-03;830;1244;6402;38659;5123;54548867;51954330;37287234;4971135;40536041
FR;0;2022-08-04;728;1174;6561;43102;5288;54549595;51955504;37293795;5014237;40541329
FR;0;2022-08-05;849;1352;7081;44913;5652;54550444;51956856;37300876;5059150;40546981
FR;0;2022-08-06;336;552;2098;9365;1755;54550780;51957408;37302974;5068515;40548736
FR;0;2022-08-07;101;153;534;1620;452;54550881;51957561;37303508;5070135;40549188
FR;0;2022-08-08;553;927;4005;22088;3261;54551434;51958488;37307513;5092223;40552449
FR;0;2022-08-09;684;1128;5959;39930;4791;54552118;51959616;37313472;5132153;40557240
FR;0;2022-08-10;625;1097;4651;28032;3787;54552743;51960713;37318123;5160185;40561027
FR;0;2022-08-11;612;1011;4474;29188;3689;54553355;51961724;37322597;5189373;40564716
FR;0;2022-08-12;705;1138;4736;28198;3908;54554060;51962862;37327333;5217571;40568624
FR;0;2022-08-13;208;403;1293;5250;1115;54554268;51963265;37328626;5222821;40569739
FR;0;2022-08-14;70;119;287;920;245;54554338;51963384;37328913;5223741;40569984
FR;0;2022-08-15;77;169;599;562;546;54554415;51963553;37329512;5224303;40570530
FR;0;2022-08-16;617;1046;3945;22153;3338;54555032;51964599;37333457;5246456;40573868
FR;0;2022-08-17;627;1002;3876;22843;3278;54555659;51965601;37337333;5269299;40577146
FR;0;2022-08-18;608;967;4081;26273;3223;54556267;51966568;37341414;5295572;40580369
FR;0;2022-08-19;601;1147;4476;27214;3680;54556868;51967715;37345890;5322786;40584049
FR;0;2022-08-20;289;486;1350;5559;1162;54557157;51968201;37347240;5328345;40585211
FR;0;2022-08-21;94;132;299;1007;263;54557251;51968333;37347539;5329352;40585474
FR;0;2022-08-22;543;973;3267;15332;2789;54557794;51969306;37350806;5344684;40588263
FR;0;2022-08-23;706;1161;4286;28987;3601;54558500;51970467;37355092;5373671;40591864
FR;0;2022-08-24;647;922;3484;19524;2847;54559147;51971389;37358576;5393195;40594711
FR;0;2022-08-25;620;1005;3924;23389;3271;54559767;51972394;37362500;5416584;40597982
FR;0;2022-08-26;847;1245;4470;25868;3659;54560614;51973639;37366970;5442452;40601641
FR;0;2022-08-27;291;493;1377;5460;1243;54560905;51974132;37368347;5447912;40602884
FR;0;2022-08-28;123;158;303;915;287;54561028;51974290;37368650;5448827;40603171
FR;0;2022-08-29;616;959;3068;14620;2604;54561644;51975249;37371718;5463447;40605775
FR;0;2022-08-30;839;1202;4784;28518;3907;54562483;51976451;37376502;5491965;40609682
FR;0;2022-08-31;682;933;3190;17592;2702;54563165;51977384;37379692;5509557;40612384
FR;0;2022-09-01;707;961;4445;22442;3790;54563872;51978345;37384137;5531999;40616174
FR;0;2022-09-02;861;1121;5024;28588;4237;54564733;51979466;37389161;5560587;40620411
FR;0;2022-09-03;413;554;1915;6074;1656;54565146;51980020;37391076;5566661;40622067
FR;0;2022-09-04;130;149;350;871;346;54565276;51980169;37391426;5567532;40622413
FR;0;2022-09-05;602;671;3113;16046;2591;54565878;51980840;37394539;5583578;40625004
FR;0;2022-09-06;787;996;4715;31805;3849;54566665;51981836;37399254;5615383;40628853
FR;0;2022-09-07;634;756;2990;16768;2469;54567299;51982592;37402244;5632151;40631322
FR;0;2022-09-08;614;838;3791;24811;3126;54567913;51983430;37406035;5656962;40634448
FR;0;2022-09-09;824;998;4403;27519;3641;54568737;51984428;37410438;5684481;40638089
FR;0;2022-09-10;378;531;1725;5694;1526;54569115;51984959;37412163;5690175;40639615
FR;0;2022-09-11;122;128;317;653;302;54569237;51985087;37412480;5690828;40639917
FR;0;2022-09-12;483;598;2672;13263;2278;54569720;51985685;37415152;5704091;40642195
FR;0;2022-09-13;602;824;3980;26342;3407;54570322;51986509;37419132;5730433;40645602
FR;0;2022-09-14;647;760;2939;16127;2447;54570969;51987269;37422071;5746560;40648049
FR;0;2022-09-15;545;764;3445;23505;2910;54571514;51988033;37425516;5770065;40650959
FR;0;2022-09-16;781;1022;4122;25822;3458;54572295;51989055;37429638;5795887;40654417
FR;0;2022-09-17;382;484;1442;6124;1272;54572677;51989539;37431080;5802011;40655689
FR;0;2022-09-18;114;137;323;958;290;54572791;51989676;37431403;5802969;40655979
FR;0;2022-09-19;443;624;2250;13171;1923;54573234;51990300;37433653;5816140;40657902
FR;0;2022-09-20;627;856;3762;26337;3135;54573861;51991156;37437415;5842477;40661037
FR;0;2022-09-21;574;760;2731;16239;2346;54574435;51991916;37440146;5858716;40663383
FR;0;2022-09-22;580;809;3387;23548;2761;54575015;51992725;37443533;5882264;40666144
FR;0;2022-09-23;817;1027;4479;28666;3749;54575832;51993752;37448012;5910930;40669893
FR;0;2022-09-24;417;603;1634;6889;1404;54576249;51994355;37449646;5917819;40671297
FR;0;2022-09-25;96;186;335;1100;306;54576345;51994541;37449981;5918919;40671603
FR;0;2022-09-26;424;687;2265;13444;1998;54576769;51995228;37452246;5932363;40673601
FR;0;2022-09-27;605;826;3609;25917;2892;54577374;51996054;37455855;5958280;40676493
FR;0;2022-09-28;615;811;2546;15379;2290;54577989;51996865;37458401;5973659;40678783
FR;0;2022-09-29;554;752;3102;20930;2612;54578543;51997617;37461503;5994589;40681395
FR;0;2022-09-30;760;1082;3934;25498;3275;54579303;51998699;37465437;6020087;40684670
FR;0;2022-10-01;397;603;1961;5954;1691;54579700;51999302;37467398;6026041;40686361
FR;0;2022-10-02;52;128;215;632;210;54579752;51999430;37467613;6026673;40686571
FR;0;2022-10-03;431;607;2363;12001;2074;54580183;52000037;37469976;6038674;40688645
FR;0;2022-10-04;601;751;3355;23477;2741;54580784;52000788;37473331;6062151;40691386
FR;0;2022-10-05;533;790;2413;14559;2129;54581317;52001578;37475744;6076710;40693515
FR;0;2022-10-06;522;691;3061;21612;2496;54581839;52002269;37478805;6098322;40696011
FR;0;2022-10-07;709;963;4093;30245;3441;54582548;52003232;37482898;6128567;40699452
FR;0;2022-10-08;334;506;1603;8387;1364;54582882;52003738;37484501;6136954;40700816
FR;0;2022-10-09;105;134;334;1583;309;54582987;52003872;37484835;6138537;40701125
FR;0;2022-10-10;459;658;2730;20301;2322;54583446;52004530;37487565;6158838;40703447
FR;0;2022-10-11;557;773;4236;40000;3531;54584003;52005303;37491801;6198838;40706978
FR;0;2022-10-12;544;772;3205;26589;2714;54584547;52006075;37495006;6225427;40709692
FR;0;2022-10-13;590;732;3947;38201;3071;54585137;52006807;37498953;6263628;40712763
FR;0;2022-10-14;738;1024;4820;47474;3911;54585875;52007831;37503773;6311102;40716674
FR;0;2022-10-15;338;475;1770;11789;1533;54586213;52008306;37505543;6322891;40718207
FR;0;2022-10-16;90;122;360;1940;343;54586303;52008428;37505903;6324831;40718550
FR;0;2022-10-17;418;664;2902;26262;2349;54586721;52009092;37508805;6351093;40720899
FR;0;2022-10-18;576;705;4516;45727;3585;54587297;52009797;37513321;6396820;40724484
FR;0;2022-10-19;531;749;3508;34078;2924;54587828;52010546;37516829;6430898;40727408
FR;0;2022-10-20;563;727;4676;48799;3546;54588391;52011273;37521505;6479697;40730954
FR;0;2022-10-21;669;951;5489;56595;4288;54589060;52012224;37526994;6536292;40735242
FR;0;2022-10-22;321;380;1574;12831;1239;54589381;52012604;37528568;6549123;40736481
FR;0;2022-10-23;91;91;341;2043;259;54589472;52012695;37528909;6551166;40736740
FR;0;2022-10-24;529;560;2985;26593;2473;54590001;52013255;37531894;6577759;40739213
FR;0;2022-10-25;578;688;4709;48178;3613;54590579;52013943;37536603;6625937;40742826
FR;0;2022-10-26;509;604;3325;31647;2755;54591088;52014547;37539928;6657584;40745581
FR;0;2022-10-27;563;651;3916;39631;3144;54591651;52015198;37543844;6697215;40748725
FR;0;2022-10-28;660;797;4412;42876;3304;54592311;52015995;37548256;6740091;40752029
FR;0;2022-10-29;235;337;1255;9298;1020;54592546;52016332;37549511;6749389;40753049
FR;0;2022-10-30;76;103;250;1502;222;54592622;52016435;37549761;6750891;40753271
FR;0;2022-10-31;349;437;1957;15508;1526;54592971;52016872;37551718;6766399;40754797
FR;0;2022-11-01;35;46;135;857;159;54593006;52016918;37551853;6767256;40754956
FR;0;2022-11-02;419;576;2546;23590;2066;54593425;52017494;37554399;6790846;40757022
