fra;vaccin;jour;n_dose1;n_dose2;n_dose3;n_dose4;n_complet;n_rappel;n_2_rappel;n_rappel_biv;n_3_rappel;n_cum_dose1;n_cum_dose2;n_cum_dose3;n_cum_dose4;n_cum_complet;n_cum_rappel;n_cum_2_rappel;n_cum_rappel_biv;n_cum_3_rappel
FR;1;2020-12-27;616;0;0;0;55;0;0;0;0;616;0;0;0;55;0;0;0;0
FR;1;2020-12-28;704;1;0;0;43;0;0;0;0;1320;1;0;0;98;0;0;0;0
FR;1;2020-12-29;387;0;0;0;19;0;0;0;0;1707;1;0;0;117;0;0;0;0
FR;1;2020-12-30;451;0;0;0;18;0;0;0;0;2158;1;0;0;135;0;0;0;0
FR;1;2020-12-31;447;1;0;0;23;0;0;0;0;2605;2;0;0;158;0;0;0;0
FR;1;2021-01-01;1191;2;0;0;66;0;0;0;0;3796;4;0;0;224;0;0;0;0
FR;1;2021-01-02;367;4;0;0;29;0;0;0;0;4163;8;0;0;253;0;0;0;0
FR;1;2021-01-03;417;0;0;0;23;0;0;0;0;4580;8;0;0;276;0;0;0;0
FR;1;2021-01-04;2134;5;0;0;51;0;0;0;0;6714;13;0;0;327;0;0;0;0
FR;1;2021-01-05;7769;6;0;0;128;0;0;0;0;14483;19;0;0;455;0;0;0;0
FR;1;2021-01-06;12473;23;0;0;127;0;0;0;0;26956;42;0;0;582;0;0;0;0
FR;1;2021-01-07;29477;23;0;0;159;0;0;0;0;56433;65;0;0;741;0;0;0;0
FR;1;2021-01-08;37168;34;0;0;203;0;0;0;0;93601;99;0;0;944;0;0;0;0
FR;1;2021-01-09;11220;9;0;0;77;0;0;0;0;104821;108;0;0;1021;0;0;0;0
FR;1;2021-01-10;6015;8;0;0;28;0;0;0;0;110836;116;0;0;1049;0;0;0;0
FR;1;2021-01-11;39954;39;0;0;232;0;0;0;0;150790;155;0;0;1281;0;0;0;0
FR;1;2021-01-12;62159;29;0;0;297;0;0;0;0;212949;184;0;0;1578;0;0;0;0
FR;1;2021-01-13;65146;62;0;0;433;0;0;0;0;278095;246;0;0;2011;0;0;0;0
FR;1;2021-01-14;81469;252;0;0;960;0;0;0;0;359564;498;0;0;2971;0;0;0;0
FR;1;2021-01-15;68633;100;0;0;529;0;0;0;0;428197;598;0;0;3500;0;0;0;0
FR;1;2021-01-16;19903;73;0;0;172;0;0;0;0;448100;671;0;0;3672;0;0;0;0
FR;1;2021-01-17;10907;54;0;0;130;0;0;0;0;459007;725;0;0;3802;0;0;0;0
FR;1;2021-01-18;82846;176;0;0;588;0;0;0;0;541853;901;0;0;4390;0;0;0;0
FR;1;2021-01-19;125934;208;0;0;837;0;0;0;0;667787;1109;0;0;5227;0;0;0;0
FR;1;2021-01-20;132427;190;0;0;779;0;0;0;0;800214;1299;0;0;6006;0;0;0;0
FR;1;2021-01-21;153079;194;0;0;894;0;0;0;0;953293;1493;0;0;6900;0;0;0;0
FR;1;2021-01-22;115968;238;0;0;774;0;0;0;0;1069261;1731;0;0;7674;0;0;0;0
FR;1;2021-01-23;36616;81;0;0;204;0;0;0;0;1105877;1812;0;0;7878;0;0;0;0
FR;1;2021-01-24;9588;127;0;0;186;0;0;0;0;1115465;1939;0;0;8064;0;0;0;0
FR;1;2021-01-25;74438;1446;0;0;1764;0;0;0;0;1189903;3385;0;0;9828;0;0;0;0
FR;1;2021-01-26;96466;3692;1;0;4134;0;0;0;0;1286369;7077;1;0;13962;0;0;0;0
FR;1;2021-01-27;103656;6430;0;0;7113;0;0;0;0;1390025;13507;1;0;21075;0;0;0;0
FR;1;2021-01-28;120621;16380;0;0;17168;0;0;0;0;1510646;29887;1;0;38243;0;0;0;0
FR;1;2021-01-29;88902;18737;0;0;19277;0;0;0;0;1599548;48624;1;0;57520;0;0;0;0
FR;1;2021-01-30;27995;4523;0;0;4647;0;0;0;0;1627543;53147;1;0;62167;0;0;0;0
FR;1;2021-01-31;5194;1901;0;0;1939;0;0;0;0;1632737;55048;1;0;64106;0;0;0;0
FR;1;2021-02-01;49749;22961;0;0;23200;0;0;0;0;1682486;78009;1;0;87306;0;0;0;0
FR;1;2021-02-02;67839;38060;0;0;38517;0;0;0;0;1750325;116069;1;0;125823;0;0;0;0
FR;1;2021-02-03;67104;40117;0;0;40549;0;0;0;0;1817429;156186;1;0;166372;0;0;0;0
FR;1;2021-02-04;77148;54953;0;0;55521;0;0;0;0;1894577;211139;1;0;221893;0;0;0;0
FR;1;2021-02-05;63435;48101;0;0;48503;0;0;0;0;1958012;259240;1;0;270396;0;0;0;0
FR;1;2021-02-06;19428;11413;0;0;11520;0;0;0;0;1977440;270653;1;0;281916;0;0;0;0
FR;1;2021-02-07;3669;6049;0;0;6076;0;0;0;0;1981109;276702;1;0;287992;0;0;0;0
FR;1;2021-02-08;36508;48715;0;0;48959;0;0;0;0;2017617;325417;1;0;336951;0;0;0;0
FR;1;2021-02-09;50824;78247;0;0;78772;0;0;0;0;2068441;403664;1;0;415723;0;0;0;0
FR;1;2021-02-10;52080;83217;0;0;83697;0;0;0;0;2120521;486881;1;0;499420;0;0;0;0
FR;1;2021-02-11;63394;105251;0;0;106140;0;0;0;0;2183915;592132;1;0;605560;0;0;0;0
FR;1;2021-02-12;55885;75755;0;0;76435;0;0;0;0;2239800;667887;1;0;681995;0;0;0;0
FR;1;2021-02-13;15469;19291;0;0;19403;0;0;0;0;2255269;687178;1;0;701398;0;0;0;0
FR;1;2021-02-14;3747;7342;0;0;7408;0;0;0;0;2259016;694520;1;0;708806;0;0;0;0
FR;1;2021-02-15;24172;73627;0;0;73872;0;0;0;0;2283188;768147;1;0;782678;0;0;0;0
FR;1;2021-02-16;32785;95569;0;0;95965;0;0;0;0;2315973;863716;1;0;878643;0;0;0;0
FR;1;2021-02-17;35132;102231;20;0;102880;0;0;0;0;2351105;965947;21;0;981523;0;0;0;0
FR;1;2021-02-18;49462;118385;0;0;119370;0;0;0;0;2400567;1084332;21;0;1100893;0;0;0;0
FR;1;2021-02-19;45397;87697;1;0;88634;0;0;0;0;2445964;1172029;22;0;1189527;0;0;0;0
FR;1;2021-02-20;13398;27049;0;0;27224;0;0;0;0;2459362;1199078;22;0;1216751;0;0;0;0
FR;1;2021-02-21;2470;5968;0;0;6036;0;0;0;0;2461832;1205046;22;0;1222787;0;0;0;0
FR;1;2021-02-22;24724;69427;2;0;69720;0;0;0;0;2486556;1274473;24;0;1292507;0;0;0;0
FR;1;2021-02-23;37441;81509;1;0;82202;0;0;0;0;2523997;1355982;25;0;1374709;0;0;0;0
FR;1;2021-02-24;40712;79337;1;0;80036;0;0;0;0;2564709;1435319;26;0;1454745;0;0;0;0
FR;1;2021-02-25;50172;87800;1;0;88887;0;0;0;0;2614881;1523119;27;0;1543632;0;0;0;0
FR;1;2021-02-26;47232;67558;1;0;68434;0;0;0;0;2662113;1590677;28;0;1612066;0;0;0;0
FR;1;2021-02-27;15689;21349;1;0;21558;0;0;0;0;2677802;1612026;29;0;1633624;0;0;0;0
FR;1;2021-02-28;3566;4111;2;0;4184;0;0;0;0;2681368;1616137;31;0;1637808;0;0;0;0
FR;1;2021-03-01;40225;50303;1;0;51031;0;0;0;0;2721593;1666440;32;0;1688839;0;0;0;0
FR;1;2021-03-02;55994;62446;3;0;63623;0;0;0;0;2777587;1728886;35;0;1752462;0;0;0;0
FR;1;2021-03-03;61264;60499;0;0;61929;0;0;0;0;2838851;1789385;35;0;1814391;0;0;0;0
FR;1;2021-03-04;73021;68324;3;0;70535;0;0;0;0;2911872;1857709;38;0;1884926;0;0;0;0
FR;1;2021-03-05;74785;58602;3;0;60500;0;0;0;0;2986657;1916311;41;0;1945426;0;0;0;0
FR;1;2021-03-06;82470;15755;2;0;17461;0;0;0;0;3069127;1932066;43;0;1962887;0;0;0;0
FR;1;2021-03-07;63733;3948;1;0;5492;0;0;0;0;3132860;1936014;44;0;1968379;0;0;0;0
FR;1;2021-03-08;60195;41164;2;0;42445;0;0;0;0;3193055;1977178;46;0;2010824;0;0;0;0
FR;1;2021-03-09;86015;47411;1;0;49402;0;0;0;0;3279070;2024589;47;0;2060226;0;0;0;0
FR;1;2021-03-10;90947;47767;5;0;50032;0;0;0;0;3370017;2072356;52;0;2110258;0;0;0;0
FR;1;2021-03-11;105104;54592;1;0;57661;0;0;0;0;3475121;2126948;53;0;2167919;0;0;0;0
FR;1;2021-03-12;104164;44887;1;0;47884;0;0;0;0;3579285;2171835;54;0;2215803;0;0;0;0
FR;1;2021-03-13;89221;12598;1;0;14815;0;0;0;0;3668506;2184433;55;0;2230618;0;0;0;0
FR;1;2021-03-14;44462;2678;1;0;4011;0;0;0;0;3712968;2187111;56;0;2234629;0;0;0;0
FR;1;2021-03-15;95537;27971;3;0;30317;0;0;0;0;3808505;2215082;59;0;2264946;0;0;0;0
FR;1;2021-03-16;123603;34047;5;0;37590;0;0;0;0;3932108;2249129;64;0;2302536;0;0;0;0
FR;1;2021-03-17;129324;33543;4;0;37594;0;0;0;0;4061432;2282672;68;0;2340130;0;0;0;0
FR;1;2021-03-18;142919;39195;5;0;43867;0;0;0;0;4204351;2321867;73;0;2383997;0;0;0;0
FR;1;2021-03-19;136281;31993;2;0;36584;0;0;0;0;4340632;2353860;75;0;2420581;0;0;0;0
FR;1;2021-03-20;76024;9754;1;0;11971;0;0;0;0;4416656;2363614;76;0;2432552;0;0;0;0
FR;1;2021-03-21;26519;1983;1;0;2972;0;0;0;0;4443175;2365597;77;0;2435524;0;0;0;0
FR;1;2021-03-22;114780;30232;2;0;34058;0;0;0;0;4557955;2395829;79;0;2469582;0;0;0;0
FR;1;2021-03-23;143060;38032;1;0;42819;0;0;0;0;4701015;2433861;80;0;2512401;0;0;0;0
FR;1;2021-03-24;142026;38375;0;0;43237;0;0;0;0;4843041;2472236;80;0;2555638;0;0;0;0
FR;1;2021-03-25;165038;39859;4;0;46019;0;0;0;0;5008079;2512095;84;0;2601657;0;0;0;0
FR;1;2021-03-26;166422;37392;5;1;44005;0;0;0;0;5174501;2549487;89;1;2645662;0;0;0;0
FR;1;2021-03-27;110905;15471;1;0;19482;0;0;0;0;5285406;2564958;90;1;2665144;0;0;0;0
FR;1;2021-03-28;42312;4413;3;0;5968;0;0;0;0;5327718;2569371;93;1;2671112;0;0;0;0
FR;1;2021-03-29;129846;49000;4;0;53656;0;0;0;0;5457564;2618371;97;1;2724768;0;0;0;0
FR;1;2021-03-30;167755;63803;5;0;70810;0;0;0;0;5625319;2682174;102;1;2795578;0;0;0;0
FR;1;2021-03-31;170967;67966;4;0;75497;0;0;0;0;5796286;2750140;106;1;2871075;0;0;0;0
FR;1;2021-04-01;194873;84042;10;0;93537;0;0;0;0;5991159;2834182;116;1;2964612;0;0;0;0
FR;1;2021-04-02;164473;86833;7;0;94651;0;0;0;0;6155632;2921015;123;1;3059263;0;0;0;0
FR;1;2021-04-03;88261;58205;6;0;61751;0;0;0;0;6243893;2979220;129;1;3121014;0;0;0;0
FR;1;2021-04-04;33663;17728;0;0;19227;0;0;0;0;6277556;2996948;129;1;3140241;0;0;0;0
FR;1;2021-04-05;46427;9566;11;0;11443;0;0;0;0;6323983;3006514;140;1;3151684;0;0;0;0
FR;1;2021-04-06;160348;105567;17;0;112041;0;0;0;0;6484331;3112081;157;1;3263725;0;0;0;0
FR;1;2021-04-07;197037;108090;16;0;116918;0;0;0;0;6681368;3220171;173;1;3380643;0;0;0;0
FR;1;2021-04-08;222188;114307;14;0;125655;0;0;0;0;6903556;3334478;187;1;3506298;0;0;0;0
FR;1;2021-04-09;214610;108025;21;0;118916;0;0;0;0;7118166;3442503;208;1;3625214;0;0;0;0
FR;1;2021-04-10;117206;73236;14;0;78383;0;0;0;0;7235372;3515739;222;1;3703597;0;0;0;0
FR;1;2021-04-11;40902;29892;6;0;31795;0;0;0;0;7276274;3545631;228;1;3735392;0;0;0;0
FR;1;2021-04-12;168503;104581;46;0;111820;0;0;0;0;7444777;3650212;274;1;3847212;0;0;0;0
FR;1;2021-04-13;203842;127780;97;1;137119;0;0;0;0;7648619;3777992;371;2;3984331;0;0;0;0
FR;1;2021-04-14;208670;122982;208;0;133206;0;0;0;0;7857289;3900974;579;2;4117537;0;0;0;0
FR;1;2021-04-15;221737;128187;313;0;139225;0;0;0;0;8079026;4029161;892;2;4256762;0;0;0;0
FR;1;2021-04-16;206108;125748;309;0;135417;0;0;0;0;8285134;4154909;1201;2;4392179;0;0;0;0
FR;1;2021-04-17;122112;67119;103;0;72180;0;0;0;0;8407246;4222028;1304;2;4464359;0;0;0;0
FR;1;2021-04-18;35978;21012;42;0;22719;0;0;0;0;8443224;4243040;1346;2;4487078;0;0;0;0
FR;1;2021-04-19;163779;121607;432;0;129151;0;0;0;0;8607003;4364647;1778;2;4616229;0;0;0;0
FR;1;2021-04-20;189484;149721;531;0;158846;0;0;0;0;8796487;4514368;2309;2;4775075;0;0;0;0
FR;1;2021-04-21;194044;147708;760;0;157232;0;0;0;0;8990531;4662076;3069;2;4932307;0;0;0;0
FR;1;2021-04-22;209075;164558;778;0;175787;0;0;0;0;9199606;4826634;3847;2;5108094;0;0;0;0
FR;1;2021-04-23;198991;158064;671;0;169077;0;0;0;0;9398597;4984698;4518;2;5277171;0;0;0;0
FR;1;2021-04-24;126354;95861;148;0;101930;0;0;0;0;9524951;5080559;4666;2;5379101;0;0;0;0
FR;1;2021-04-25;53640;30082;46;0;32839;0;0;0;0;9578591;5110641;4712;2;5411940;0;0;0;0
FR;1;2021-04-26;181172;140260;542;0;148973;0;0;0;0;9759763;5250901;5254;2;5560913;0;0;0;0
FR;1;2021-04-27;221400;162580;901;0;173953;0;0;0;0;9981163;5413481;6155;2;5734866;0;0;0;0
FR;1;2021-04-28;238345;156169;1314;1;168852;1;0;0;0;10219508;5569650;7469;3;5903718;1;0;0;0
FR;1;2021-04-29;270342;161596;1211;0;177200;0;0;0;0;10489850;5731246;8680;3;6080918;1;0;0;0
FR;1;2021-04-30;272022;148998;1074;0;165103;0;0;0;0;10761872;5880244;9754;3;6246021;1;0;0;0
FR;1;2021-05-01;141177;40608;173;0;48636;0;0;0;0;10903049;5920852;9927;3;6294657;1;0;0;0
FR;1;2021-05-02;81561;28233;81;0;32987;0;0;0;0;10984610;5949085;10008;3;6327644;1;0;0;0
FR;1;2021-05-03;250816;142278;803;0;155971;0;0;0;0;11235426;6091363;10811;3;6483615;1;0;0;0
FR;1;2021-05-04;265928;187939;1204;0;203519;0;0;0;0;11501354;6279302;12015;3;6687134;1;0;0;0
FR;1;2021-05-05;283945;186226;1268;0;202882;0;0;0;0;11785299;6465528;13283;3;6890016;1;0;0;0
FR;1;2021-05-06;310025;184475;1502;0;204235;0;0;0;0;12095324;6650003;14785;3;7094251;1;0;0;0
FR;1;2021-05-07;284144;196709;1127;0;214531;0;0;0;0;12379468;6846712;15912;3;7308782;1;0;0;0
FR;1;2021-05-08;191683;51499;285;0;62882;0;0;0;0;12571151;6898211;16197;3;7371664;1;0;0;0
FR;1;2021-05-09;114072;34283;236;0;41455;0;0;0;0;12685223;6932494;16433;3;7413119;1;0;0;0
FR;1;2021-05-10;258235;195051;1188;0;211047;0;0;0;0;12943458;7127545;17621;3;7624166;1;0;0;0
FR;1;2021-05-11;318933;211204;1465;0;231440;0;0;0;0;13262391;7338749;19086;3;7855606;1;0;0;0
FR;1;2021-05-12;356683;186079;1401;0;208388;0;0;0;0;13619074;7524828;20487;3;8063994;1;0;0;0
FR;1;2021-05-13;283468;47340;401;0;64265;0;0;0;0;13902542;7572168;20888;3;8128259;1;0;0;0
FR;1;2021-05-14;370534;128533;995;0;151950;0;0;0;0;14273076;7700701;21883;3;8280209;1;0;0;0
FR;1;2021-05-15;298123;66201;404;0;84908;0;0;0;0;14571199;7766902;22287;3;8365117;1;0;0;0
FR;1;2021-05-16;157793;15476;158;0;26045;0;0;0;0;14728992;7782378;22445;3;8391162;1;0;0;0
FR;1;2021-05-17;318951;116195;1441;0;138165;0;0;0;0;15047943;7898573;23886;3;8529327;1;0;0;0
FR;1;2021-05-18;383369;111668;1801;0;137617;0;0;0;0;15431312;8010241;25687;3;8666944;1;0;0;0
FR;1;2021-05-19;395307;101567;2184;0;128510;0;0;0;0;15826619;8111808;27871;3;8795454;1;0;0;0
FR;1;2021-05-20;421844;95642;2049;0;125119;0;0;0;0;16248463;8207450;29920;3;8920573;1;0;0;0
FR;1;2021-05-21;399834;97409;1764;0;125816;0;0;0;0;16648297;8304859;31684;3;9046389;1;0;0;0
FR;1;2021-05-22;275709;41915;604;0;60937;0;0;0;0;16924006;8346774;32288;3;9107326;1;0;0;0
FR;1;2021-05-23;123027;10970;224;0;20574;0;0;0;0;17047033;8357744;32512;3;9127900;1;0;0;0
FR;1;2021-05-24;244025;26262;569;0;43791;0;0;0;0;17291058;8384006;33081;3;9171691;1;0;0;0
FR;1;2021-05-25;366240;131484;2115;1;158420;0;0;0;0;17657298;8515490;35196;4;9330111;1;0;0;0
FR;1;2021-05-26;380841;127401;1996;0;155739;0;0;0;0;18038139;8642891;37192;4;9485850;1;0;0;0
FR;1;2021-05-27;406184;128293;1978;0;158781;0;0;0;0;18444323;8771184;39170;4;9644631;1;0;0;0
FR;1;2021-05-28;366063;145676;1702;0;174241;0;0;0;0;18810386;8916860;40872;4;9818872;1;0;0;0
FR;1;2021-05-29;253847;81121;527;0;100321;0;0;0;0;19064233;8997981;41399;4;9919193;1;0;0;0
FR;1;2021-05-30;100982;22600;158;0;30836;0;0;0;0;19165215;9020581;41557;4;9950029;1;0;0;0
FR;1;2021-05-31;314345;149214;1286;1;172477;1;0;0;0;19479560;9169795;42843;5;10122506;2;0;0;0
FR;1;2021-06-01;361682;166409;1733;1;194115;1;0;0;0;19841242;9336204;44576;6;10316621;3;0;0;0
FR;1;2021-06-02;365418;154392;1797;0;183935;0;0;0;0;20206660;9490596;46373;6;10500556;3;0;0;0
FR;1;2021-06-03;391460;147395;1654;0;178371;0;0;0;0;20598120;9637991;48027;6;10678927;3;0;0;0
FR;1;2021-06-04;364130;175851;1496;1;205137;1;0;0;0;20962250;9813842;49523;7;10884064;4;0;0;0
FR;1;2021-06-05;258526;112821;597;0;133183;0;0;0;0;21220776;9926663;50120;7;11017247;4;0;0;0
FR;1;2021-06-06;126827;37561;216;0;48200;0;0;0;0;21347603;9964224;50336;7;11065447;4;0;0;0
FR;1;2021-06-07;301122;207752;1368;0;233034;0;0;0;0;21648725;10171976;51704;7;11298481;4;0;0;0
FR;1;2021-06-08;330886;220987;1645;0;248953;0;0;0;0;21979611;10392963;53349;7;11547434;4;0;0;0
FR;1;2021-06-09;336627;210980;1614;0;239755;0;0;0;0;22316238;10603943;54963;7;11787189;4;0;0;0
FR;1;2021-06-10;343926;199669;1614;0;229407;0;0;0;0;22660164;10803612;56577;7;12016596;4;0;0;0
FR;1;2021-06-11;311924;234699;1299;1;262606;0;0;0;0;22972088;11038311;57876;8;12279202;4;0;0;0
FR;1;2021-06-12;244098;150600;438;0;172210;0;0;0;0;23216186;11188911;58314;8;12451412;4;0;0;0
FR;1;2021-06-13;100377;61030;188;0;70692;0;0;0;0;23316563;11249941;58502;8;12522104;4;0;0;0
FR;1;2021-06-14;207866;287623;1320;1;307425;0;0;0;0;23524429;11537564;59822;9;12829529;4;0;0;0
FR;1;2021-06-15;256892;281156;1400;1;305001;0;0;0;0;23781321;11818720;61222;10;13134530;4;0;0;0
FR;1;2021-06-16;273676;270683;1263;1;296119;0;0;0;0;24054997;12089403;62485;11;13430649;4;0;0;0
FR;1;2021-06-17;268241;245030;1241;1;271096;0;0;0;0;24323238;12334433;63726;12;13701745;4;0;0;0
FR;1;2021-06-18;260622;295213;1156;1;321034;0;0;0;0;24583860;12629646;64882;13;14022779;4;0;0;0
FR;1;2021-06-19;193463;209587;388;0;228246;0;0;0;0;24777323;12839233;65270;13;14251025;4;0;0;0
FR;1;2021-06-20;69723;89037;121;0;96878;0;0;0;0;24847046;12928270;65391;13;14347903;4;0;0;0
FR;1;2021-06-21;172392;319757;934;1;338468;1;0;0;0;25019438;13248027;66325;14;14686371;5;0;0;0
FR;1;2021-06-22;185888;348020;1102;10;369078;1;0;0;0;25205326;13596047;67427;24;15055449;6;0;0;0
FR;1;2021-06-23;204227;339581;1050;0;363482;0;0;0;0;25409553;13935628;68477;24;15418931;6;0;0;0
FR;1;2021-06-24;203549;282019;1176;0;306763;0;0;0;0;25613102;14217647;69653;24;15725694;6;0;0;0
FR;1;2021-06-25;182675;371687;1200;0;395696;0;0;0;0;25795777;14589334;70853;24;16121390;6;0;0;0
FR;1;2021-06-26;131406;278576;504;0;295949;0;0;0;0;25927183;14867910;71357;24;16417339;6;0;0;0
FR;1;2021-06-27;52416;122852;146;0;130393;0;0;0;0;25979599;14990762;71503;24;16547732;6;0;0;0
FR;1;2021-06-28;136675;368207;1065;0;386811;0;0;0;0;26116274;15358969;72568;24;16934543;6;0;0;0
FR;1;2021-06-29;154911;391093;1848;0;412200;0;0;0;0;26271185;15750062;74416;24;17346743;6;0;0;0
FR;1;2021-06-30;180072;381895;1667;4;406504;2;0;0;0;26451257;16131957;76083;28;17753247;8;0;0;0
FR;1;2021-07-01;201573;332478;1889;5;360566;0;0;0;0;26652830;16464435;77972;33;18113813;8;0;0;0
FR;1;2021-07-02;193888;367265;1765;5;395476;2;0;0;0;26846718;16831700;79737;38;18509289;10;0;0;0
FR;1;2021-07-03;124485;280424;704;3;299535;1;0;0;0;26971203;17112124;80441;41;18808824;11;0;0;0
FR;1;2021-07-04;53966;113725;244;0;122134;0;0;0;0;27025169;17225849;80685;41;18930958;11;0;0;0
FR;1;2021-07-05;153974;355759;1500;8;379107;0;0;0;0;27179143;17581608;82185;49;19310065;11;0;0;0
FR;1;2021-07-06;173527;382288;1603;45;408187;8;0;0;0;27352670;17963896;83788;94;19718252;19;0;0;0
FR;1;2021-07-07;190861;362309;1659;25;390664;2;0;0;0;27543531;18326205;85447;119;20108916;21;0;0;0
FR;1;2021-07-08;201585;322936;1826;20;353601;2;0;0;0;27745116;18649141;87273;139;20462517;23;0;0;0
FR;1;2021-07-09;189991;387774;1854;3;418193;2;0;0;0;27935107;19036915;89127;142;20880710;25;0;0;0
FR;1;2021-07-10;129960;281171;818;1;302601;1;0;0;0;28065067;19318086;89945;143;21183311;26;0;0;0
FR;1;2021-07-11;57685;102522;263;0;112408;0;0;0;0;28122752;19420608;90208;143;21295719;26;0;0;0
FR;1;2021-07-12;149927;416816;1587;4;442823;0;0;0;0;28272679;19837424;91795;147;21738542;26;0;0;0
FR;1;2021-07-13;234300;438997;1808;8;476204;0;0;0;0;28506979;20276421;93603;155;22214746;26;0;0;0
FR;1;2021-07-14;171929;151324;418;0;176962;0;0;0;0;28678908;20427745;94021;155;22391708;26;0;0;0
FR;1;2021-07-15;279699;424149;1859;1;467138;0;0;0;0;28958607;20851894;95880;156;22858846;26;0;0;0
FR;1;2021-07-16;290447;400560;1711;3;445223;1;0;0;0;29249054;21252454;97591;159;23304069;27;0;0;0
FR;1;2021-07-17;217354;281976;755;1;315454;0;0;0;0;29466408;21534430;98346;160;23619523;27;0;0;0
FR;1;2021-07-18;102024;107198;288;0;123091;0;0;0;0;29568432;21641628;98634;160;23742614;27;0;0;0
FR;1;2021-07-19;238241;378385;1498;3;414446;0;0;0;0;29806673;22020013;100132;163;24157060;27;0;0;0
FR;1;2021-07-20;305771;379749;1471;0;425587;0;0;0;0;30112444;22399762;101603;163;24582647;27;0;0;0
FR;1;2021-07-21;333303;352736;1413;4;404138;1;0;0;0;30445747;22752498;103016;167;24986785;28;0;0;0
FR;1;2021-07-22;364693;318537;1502;3;374969;2;0;0;0;30810440;23071035;104518;170;25361754;30;0;0;0
FR;1;2021-07-23;349407;342797;1589;4;398356;1;0;0;0;31159847;23413832;106107;174;25760110;31;0;0;0
FR;1;2021-07-24;238968;240729;697;1;278069;0;0;0;0;31398815;23654561;106804;175;26038179;31;0;0;0
FR;1;2021-07-25;112808;76006;223;0;93707;0;0;0;0;31511623;23730567;107027;175;26131886;31;0;0;0
FR;1;2021-07-26;299147;289295;1495;2;335018;1;0;0;0;31810770;24019862;108522;177;26466904;32;0;0;0
FR;1;2021-07-27;385852;267883;1459;4;324858;1;0;0;0;32196622;24287745;109981;181;26791762;33;0;0;0
FR;1;2021-07-28;390215;250893;1463;4;307193;1;0;0;0;32586837;24538638;111444;185;27098955;34;0;0;0
FR;1;2021-07-29;406152;227603;1541;2;284323;0;0;0;0;32992989;24766241;112985;187;27383278;34;0;0;0
FR;1;2021-07-30;370754;246518;1639;4;298374;1;0;0;0;33363743;25012759;114624;191;27681652;35;0;0;0
FR;1;2021-07-31;243386;165080;794;1;199420;0;0;0;0;33607129;25177839;115418;192;27881072;35;0;0;0
FR;1;2021-08-01;105602;47209;237;0;61204;0;0;0;0;33712731;25225048;115655;192;27942276;35;0;0;0
FR;1;2021-08-02;297432;212824;1479;2;250629;0;0;0;0;34010163;25437872;117134;194;28192905;35;0;0;0
FR;1;2021-08-03;331349;208698;1557;2;250684;1;0;0;0;34341512;25646570;118691;196;28443589;36;0;0;0
FR;1;2021-08-04;328055;183831;1440;5;223989;3;0;0;0;34669567;25830401;120131;201;28667578;39;0;0;0
FR;1;2021-08-05;301292;193095;1483;0;229395;0;0;0;0;34970859;26023496;121614;201;28896973;39;0;0;0
FR;1;2021-08-06;290992;224082;1560;3;261385;0;0;0;0;35261851;26247578;123174;204;29158358;39;0;0;0
FR;1;2021-08-07;182675;158760;655;5;181678;1;0;0;0;35444526;26406338;123829;209;29340036;40;0;0;0
FR;1;2021-08-08;68891;59102;253;0;67632;0;0;0;0;35513417;26465440;124082;209;29407668;40;0;0;0
FR;1;2021-08-09;222793;235159;1445;4;263879;2;0;0;0;35736210;26700599;125527;213;29671547;42;0;0;0
FR;1;2021-08-10;252756;239848;1493;2;271702;0;0;0;0;35988966;26940447;127020;215;29943249;42;0;0;0
FR;1;2021-08-11;236251;231733;1271;5;261255;0;0;0;0;36225217;27172180;128291;220;30204504;42;0;0;0
FR;1;2021-08-12;220792;239745;1491;3;267857;0;0;0;0;36446009;27411925;129782;223;30472361;42;0;0;0
FR;1;2021-08-13;201724;238488;1360;2;264048;2;0;0;0;36647733;27650413;131142;225;30736409;44;0;0;0
FR;1;2021-08-14;122869;174037;645;0;189551;0;0;0;0;36770602;27824450;131787;225;30925960;44;0;0;0
FR;1;2021-08-15;34709;46118;201;1;50338;0;0;0;0;36805311;27870568;131988;226;30976298;44;0;0;0
FR;1;2021-08-16;156968;289344;1424;0;309930;0;0;0;0;36962279;28159912;133412;226;31286228;44;0;0;0
FR;1;2021-08-17;171618;290959;1422;5;313369;0;0;0;0;37133897;28450871;134834;231;31599597;44;0;0;0
FR;1;2021-08-18;161442;286668;1394;6;307309;3;0;0;0;37295339;28737539;136228;237;31906906;47;0;0;0
FR;1;2021-08-19;148959;277417;1405;1;297273;0;0;0;0;37444298;29014956;137633;238;32204179;47;0;0;0
FR;1;2021-08-20;140526;308921;1533;2;328169;2;0;0;0;37584824;29323877;139166;240;32532348;49;0;0;0
FR;1;2021-08-21;84281;213206;589;0;224533;0;0;0;0;37669105;29537083;139755;240;32756881;49;0;0;0
FR;1;2021-08-22;28582;82694;233;0;86699;0;0;0;0;37697687;29619777;139988;240;32843580;49;0;0;0
FR;1;2021-08-23;118670;320939;1422;2;337691;0;0;0;0;37816357;29940716;141410;242;33181271;49;0;0;0
FR;1;2021-08-24;126678;319630;1604;5;337461;0;0;0;0;37943035;30260346;143014;247;33518732;49;0;0;0
FR;1;2021-08-25;121544;306416;1782;8;323610;2;0;0;0;38064579;30566762;144796;255;33842342;51;0;0;0
FR;1;2021-08-26;106641;286058;2162;10;302368;0;0;0;0;38171220;30852820;146958;265;34144710;51;0;0;0
FR;1;2021-08-27;107660;321589;2303;9;338881;1;0;0;0;38278880;31174409;149261;274;34483591;52;0;0;0
FR;1;2021-08-28;71027;220691;1102;0;231224;0;0;0;0;38349907;31395100;150363;274;34714815;52;0;0;0
FR;1;2021-08-29;24155;78197;469;1;82088;0;0;0;0;38374062;31473297;150832;275;34796903;52;0;0;0
FR;1;2021-08-30;96901;286267;4315;6;299762;4969;0;0;0;38470963;31759564;155147;281;35096665;5021;0;0;0
FR;1;2021-08-31;98130;276233;9295;15;289902;10068;2;0;0;38569093;32035797;164442;296;35386567;15089;2;0;0
FR;1;2021-09-01;112363;245295;21121;8;257687;22155;1;0;0;38681456;32281092;185563;304;35644254;37244;3;0;0
FR;1;2021-09-02;86761;197905;24535;18;208314;25514;0;0;0;38768217;32478997;210098;322;35852568;62758;3;0;0
FR;1;2021-09-03;82428;227490;26957;21;238934;28039;0;0;0;38850645;32706487;237055;343;36091502;90797;3;0;0
FR;1;2021-09-04;71630;189715;11141;11;199307;11708;7;0;0;38922275;32896202;248196;354;36290809;102505;10;0;0
FR;1;2021-09-05;18613;41145;4126;2;43851;4278;0;0;0;38940888;32937347;252322;356;36334660;106783;10;0;0
FR;1;2021-09-06;59825;151387;30181;15;158924;31206;2;0;0;39000713;33088734;282503;371;36493584;137989;12;0;0
FR;1;2021-09-07;57402;139619;30213;30;146755;31249;2;0;0;39058115;33228353;312716;401;36640339;169238;14;0;0
FR;1;2021-09-08;72352;173793;26926;22;182282;27964;4;0;0;39130467;33402146;339642;423;36822621;197202;18;0;0
FR;1;2021-09-09;54493;124411;28637;24;131180;29743;5;0;0;39184960;33526557;368279;447;36953801;226945;23;0;0
FR;1;2021-09-10;66221;152070;30452;24;161168;31695;5;0;0;39251181;33678627;398731;471;37114969;258640;28;0;0
FR;1;2021-09-11;52690;146628;9732;14;154130;10354;0;0;0;39303871;33825255;408463;485;37269099;268994;28;0;0
FR;1;2021-09-12;10797;29273;2489;1;30973;2658;2;0;0;39314668;33854528;410952;486;37300072;271652;30;0;0
FR;1;2021-09-13;51516;104411;38765;31;110963;40087;16;0;0;39366184;33958939;449717;517;37411035;311739;46;0;0
FR;1;2021-09-14;53343;95993;51285;67;102383;53266;40;0;0;39419527;34054932;501002;584;37513418;365005;86;0;0
FR;1;2021-09-15;60581;139230;50497;55;146410;47066;68;0;0;39480108;34194162;551499;639;37659828;412071;154;0;0
FR;1;2021-09-16;46643;81365;53354;70;86262;49608;62;0;0;39526751;34275527;604853;709;37746090;461679;216;0;0
FR;1;2021-09-17;53225;109335;45075;61;115674;42706;62;0;0;39579976;34384862;649928;770;37861764;504385;278;0;0
FR;1;2021-09-18;37884;118491;11796;19;124080;11277;19;0;0;39617860;34503353;661724;789;37985844;515662;297;0;0
FR;1;2021-09-19;6531;21027;2043;1;22131;1983;1;0;0;39624391;34524380;663767;790;38007975;517645;298;0;0
FR;1;2021-09-20;36544;74832;46231;65;78556;44193;32;0;0;39660935;34599212;709998;855;38086531;561838;330;0;0
FR;1;2021-09-21;34203;68105;56268;72;71138;52746;76;0;0;39695138;34667317;766266;927;38157669;614584;406;0;0
FR;1;2021-09-22;38844;118597;49883;76;123018;46931;39;0;0;39733982;34785914;816149;1003;38280687;661515;445;0;0
FR;1;2021-09-23;32039;62893;54512;85;65798;50922;76;0;0;39766021;34848807;870661;1088;38346485;712437;521;0;0
FR;1;2021-09-24;36799;90031;43675;89;94393;41956;57;0;0;39802820;34938838;914336;1177;38440878;754393;578;0;0
FR;1;2021-09-25;27652;96705;12307;27;101064;12186;19;0;0;39830472;35035543;926643;1204;38541942;766579;597;0;0
FR;1;2021-09-26;4388;15200;1777;5;16063;1700;4;0;0;39834860;35050743;928420;1209;38558005;768279;601;0;0
FR;1;2021-09-27;27355;60214;42913;89;63445;41640;81;0;1;39862215;35110957;971333;1298;38621450;809919;682;0;1
FR;1;2021-09-28;26914;49422;47202;76;52042;44491;40;0;0;39889129;35160379;1018535;1374;38673492;854410;722;0;1
FR;1;2021-09-29;35925;80263;47293;87;84652;45616;35;0;0;39925054;35240642;1065828;1461;38758144;900026;757;0;1
FR;1;2021-09-30;26077;46898;47528;80;49259;45476;52;0;0;39951131;35287540;1113356;1541;38807403;945502;809;0;1
FR;1;2021-10-01;47304;66904;44905;83;70796;44622;15;0;0;39998435;35354444;1158261;1624;38878199;990124;824;0;1
FR;1;2021-10-02;32384;62406;16113;32;67217;16325;6;0;0;40030819;35416850;1174374;1656;38945416;1006449;830;0;1
FR;1;2021-10-03;4343;8566;2042;3;9315;2039;4;0;0;40035162;35425416;1176416;1659;38954731;1008488;834;0;1
FR;1;2021-10-04;28978;44419;47113;79;46834;46981;31;0;0;40064140;35469835;1223529;1738;39001565;1055469;865;0;1
FR;1;2021-10-05;24569;41635;49893;116;43137;49345;49;0;0;40088709;35511470;1273422;1854;39044702;1104814;914;0;1
FR;1;2021-10-06;34659;61375;57508;101;64491;57258;25;0;0;40123368;35572845;1330930;1955;39109193;1162072;939;0;1
FR;1;2021-10-07;21082;39913;53052;75;41094;51996;33;0;0;40144450;35612758;1383982;2030;39150287;1214068;972;0;1
FR;1;2021-10-08;35671;59642;60411;83;62875;61168;28;0;0;40180121;35672400;1444393;2113;39213162;1275236;1000;0;1
FR;1;2021-10-09;27466;48020;25497;29;52492;26025;10;0;0;40207587;35720420;1469890;2142;39265654;1301261;1010;0;1
FR;1;2021-10-10;3726;5809;2758;7;6288;2864;1;0;0;40211313;35726229;1472648;2149;39271942;1304125;1011;0;1
FR;1;2021-10-11;24856;38203;54588;88;40291;55262;48;0;0;40236169;35764432;1527236;2237;39312233;1359387;1059;0;1
FR;1;2021-10-12;23382;36583;58076;128;37094;59232;18;0;0;40259551;35801015;1585312;2365;39349327;1418619;1077;0;1
FR;1;2021-10-13;32974;47838;64175;125;50646;65700;23;0;1;40292525;35848853;1649487;2490;39399973;1484319;1100;0;2
FR;1;2021-10-14;21713;34770;53773;103;35679;54367;24;0;0;40314238;35883623;1703260;2593;39435652;1538686;1124;0;2
FR;1;2021-10-15;32751;48757;72332;165;50457;75024;22;0;0;40346989;35932380;1775592;2758;39486109;1613710;1146;0;2
FR;1;2021-10-16;26013;35286;34872;44;38301;36428;14;0;0;40373002;35967666;1810464;2802;39524410;1650138;1160;0;2
FR;1;2021-10-17;3160;4050;3418;2;4495;3317;3;0;0;40376162;35971716;1813882;2804;39528905;1653455;1163;0;2
FR;1;2021-10-18;24351;34880;66849;132;34924;69728;27;0;0;40400513;36006596;1880731;2936;39563829;1723183;1190;0;2
FR;1;2021-10-19;20723;35568;75677;135;33226;79606;40;0;0;40421236;36042164;1956408;3071;39597055;1802789;1230;0;2
FR;1;2021-10-20;29915;44191;96187;178;43268;99876;45;0;0;40451151;36086355;2052595;3249;39640323;1902665;1275;0;2
FR;1;2021-10-21;19803;35053;83195;107;31765;87056;31;0;0;40470954;36121408;2135790;3356;39672088;1989721;1306;0;2
FR;1;2021-10-22;29756;47761;103754;196;44565;109715;58;0;0;40500710;36169169;2239544;3552;39716653;2099436;1364;0;2
FR;1;2021-10-23;23056;35137;44874;57;36133;47383;11;0;0;40523766;36204306;2284418;3609;39752786;2146819;1375;0;2
FR;1;2021-10-24;2407;3841;3584;6;4041;3717;1;0;0;40526173;36208147;2288002;3615;39756827;2150536;1376;0;2
FR;1;2021-10-25;22501;30718;82029;143;29604;85836;36;0;0;40548674;36238865;2370031;3758;39786431;2236372;1412;0;2
FR;1;2021-10-26;19366;27639;86124;162;24741;90351;29;0;0;40568040;36266504;2456155;3920;39811172;2326723;1441;0;2
FR;1;2021-10-27;26224;39615;107824;252;37309;112741;46;0;0;40594264;36306119;2563979;4172;39848481;2439464;1487;0;2
FR;1;2021-10-28;18802;27105;86967;150;23485;91729;36;0;0;40613066;36333224;2650946;4322;39871966;2531193;1523;0;2
FR;1;2021-10-29;25934;40254;114842;202;35489;121678;52;0;0;40639000;36373478;2765788;4524;39907455;2652871;1575;0;2
FR;1;2021-10-30;17714;28710;49372;74;28305;51964;18;0;0;40656714;36402188;2815160;4598;39935760;2704835;1593;0;2
FR;1;2021-10-31;2086;3172;3451;2;3216;3687;2;0;0;40658800;36405360;2818611;4600;39938976;2708522;1595;0;2
FR;1;2021-11-01;8019;4272;3036;3;4359;3293;6;0;0;40666819;36409632;2821647;4603;39943335;2711815;1601;0;2
FR;1;2021-11-02;22911;33225;92415;156;29183;97868;39;0;1;40689730;36442857;2914062;4759;39972518;2809683;1640;0;3
FR;1;2021-11-03;26636;41553;117516;219;37006;123900;56;0;0;40716366;36484410;3031578;4978;40009524;2933583;1696;0;3
FR;1;2021-11-04;19626;30298;105824;213;24189;111970;42;0;0;40735992;36514708;3137402;5191;40033713;3045553;1738;0;3
FR;1;2021-11-05;27025;42294;138796;230;34181;147481;46;0;0;40763017;36557002;3276198;5421;40067894;3193034;1784;0;3
FR;1;2021-11-06;18864;29812;63495;123;27615;66513;25;0;0;40781881;36586814;3339693;5544;40095509;3259547;1809;0;3
FR;1;2021-11-07;1834;3275;4984;6;3032;5301;5;0;0;40783715;36590089;3344677;5550;40098541;3264848;1814;0;3
FR;1;2021-11-08;17878;32243;126015;224;25388;132652;47;0;0;40801593;36622332;3470692;5774;40123929;3397500;1861;0;3
FR;1;2021-11-09;19519;37597;159324;334;26135;169134;63;0;0;40821112;36659929;3630016;6108;40150064;3566634;1924;0;3
FR;1;2021-11-10;28890;49061;181925;441;39017;192548;85;0;0;40850002;36708990;3811941;6549;40189081;3759182;2009;0;3
FR;1;2021-11-11;4192;5931;12236;26;5106;13027;14;0;0;40854194;36714921;3824177;6575;40194187;3772209;2023;0;3
FR;1;2021-11-12;26025;46828;174849;244;35303;186541;78;0;0;40880219;36761749;3999026;6819;40229490;3958750;2101;0;3
FR;1;2021-11-13;18735;29146;76848;111;25372;81796;40;0;0;40898954;36790895;4075874;6930;40254862;4040546;2141;0;3
FR;1;2021-11-14;2050;3243;6827;5;2798;7358;6;0;0;40901004;36794138;4082701;6935;40257660;4047904;2147;0;3
FR;1;2021-11-15;18790;34713;156444;306;24621;166278;59;0;0;40919794;36828851;4239145;7241;40282281;4214182;2206;0;3
FR;1;2021-11-16;21367;37828;192158;380;23338;205069;101;0;1;40941161;36866679;4431303;7621;40305619;4419251;2307;0;4
FR;1;2021-11-17;28672;45556;193252;398;33027;205077;93;0;0;40969833;36912235;4624555;8019;40338646;4624328;2400;0;4
FR;1;2021-11-18;21143;39602;182533;459;25144;194656;87;0;0;40990976;36951837;4807088;8478;40363790;4818984;2487;0;4
FR;1;2021-11-19;30892;53330;230281;532;34827;246776;135;0;0;41021868;37005167;5037369;9010;40398617;5065760;2622;0;4
FR;1;2021-11-20;23773;33211;96997;202;26733;103645;42;0;0;41045641;37038378;5134366;9212;40425350;5169405;2664;0;4
FR;1;2021-11-21;2340;3909;9128;19;2957;9936;16;0;0;41047981;37042287;5143494;9231;40428307;5179341;2680;0;4
FR;1;2021-11-22;21422;30328;175931;467;16953;189471;78;0;0;41069403;37072615;5319425;9698;40445260;5368812;2758;0;4
FR;1;2021-11-23;24031;40977;221258;540;21322;238013;77;0;0;41093434;37113592;5540683;10238;40466582;5606825;2835;0;4
FR;1;2021-11-24;30298;49651;217397;702;31974;234578;68;0;0;41123732;37163243;5758080;10940;40498556;5841403;2903;0;4
FR;1;2021-11-25;23733;44052;244511;718;22082;264210;101;0;0;41147465;37207295;6002591;11658;40520638;6105613;3004;0;4
FR;1;2021-11-26;30617;66649;356839;836;33259;388618;154;0;0;41178082;37273944;6359430;12494;40553897;6494231;3158;0;4
FR;1;2021-11-27;21961;45272;202661;372;26168;222686;112;0;0;41200043;37319216;6562091;12866;40580065;6716917;3270;0;4
FR;1;2021-11-28;3179;9552;54801;63;3472;61016;37;0;0;41203222;37328768;6616892;12929;40583537;6777933;3307;0;4
FR;1;2021-11-29;17902;49478;326422;841;20785;354568;150;0;0;41221124;37378246;6943314;13770;40604322;7132501;3457;0;4
FR;1;2021-11-30;22791;64839;431184;952;23827;470833;262;0;0;41243915;37443085;7374498;14722;40628149;7603334;3719;0;4
FR;1;2021-12-01;25357;69070;442942;1131;28466;481804;271;0;0;41269272;37512155;7817440;15853;40656615;8085138;3990;0;4
FR;1;2021-12-02;20090;64318;489447;1229;18469;532932;273;0;0;41289362;37576473;8306887;17082;40675084;8618070;4263;0;4
FR;1;2021-12-03;22912;82317;542824;1310;30316;591815;308;0;0;41312274;37658790;8849711;18392;40705400;9209885;4571;0;4
FR;1;2021-12-04;16416;53813;299129;654;23223;329000;181;0;0;41328690;37712603;9148840;19046;40728623;9538885;4752;0;4
FR;1;2021-12-05;3635;13786;81547;143;4204;91047;85;0;0;41332325;37726389;9230387;19189;40732827;9629932;4837;0;4
FR;1;2021-12-06;25847;62439;415499;1066;22082;455226;356;0;0;41358172;37788828;9645886;20255;40754909;10085158;5193;0;4
FR;1;2021-12-07;20016;75457;523049;1536;24303;572682;372;0;0;41378188;37864285;10168935;21791;40779212;10657840;5565;0;4
FR;1;2021-12-08;21717;75531;458525;1545;30670;502196;378;0;0;41399905;37939816;10627460;23336;40809882;11160036;5943;0;4
FR;1;2021-12-09;19469;73985;493036;1625;24362;541062;397;0;0;41419374;38013801;11120496;24961;40834244;11701098;6340;0;4
FR;1;2021-12-10;23329;87568;547444;1585;32464;600092;391;0;1;41442703;38101369;11667940;26546;40866708;12301190;6731;0;5
FR;1;2021-12-11;16531;59099;302762;751;25967;335489;279;0;0;41459234;38160468;11970702;27297;40892675;12636679;7010;0;5
FR;1;2021-12-12;4392;15888;83235;179;5252;94044;96;0;0;41463626;38176356;12053937;27476;40897927;12730723;7106;0;5
FR;1;2021-12-13;15757;63462;367060;1094;23966;406343;235;0;0;41479383;38239818;12420997;28570;40921893;13137066;7341;0;5
FR;1;2021-12-14;20866;80148;464853;1748;28687;515302;505;0;1;41500249;38319966;12885850;30318;40950580;13652368;7846;0;6
FR;1;2021-12-15;21622;77322;409156;1309;33044;453224;311;0;1;41521871;38397288;13295006;31627;40983624;14105592;8157;0;7
FR;1;2021-12-16;20065;77106;451961;1577;27969;500705;324;0;0;41541936;38474394;13746967;33204;41011593;14606297;8481;0;7
FR;1;2021-12-17;22625;86433;479999;1737;34695;531031;371;0;0;41564561;38560827;14226966;34941;41046288;15137328;8852;0;7
FR;1;2021-12-18;17609;54564;257649;731;24695;288523;232;0;0;41582170;38615391;14484615;35672;41070983;15425851;9084;0;7
FR;1;2021-12-19;5562;16936;79201;194;5930;90690;116;0;0;41587732;38632327;14563816;35866;41076913;15516541;9200;0;7
FR;1;2021-12-20;20951;62937;316288;1081;26533;355334;284;0;0;41608683;38695264;14880104;36947;41103446;15871875;9484;0;7
FR;1;2021-12-21;26340;72886;372798;1422;30586;418123;337;0;0;41635023;38768150;15252902;38369;41134032;16289998;9821;0;7
FR;1;2021-12-22;24988;65693;310683;1217;29621;349607;361;0;1;41660011;38833843;15563585;39586;41163653;16639605;10182;0;8
FR;1;2021-12-23;21274;52150;241515;958;23378;273060;361;0;0;41681285;38885993;15805100;40544;41187031;16912665;10543;0;8
FR;1;2021-12-24;7129;18268;67165;258;9250;77052;154;0;1;41688414;38904261;15872265;40802;41196281;16989717;10697;0;9
FR;1;2021-12-25;507;2869;5590;15;1799;6536;55;0;0;41688921;38907130;15877855;40817;41198080;16996253;10752;0;9
FR;1;2021-12-26;2750;7577;26952;71;3493;31467;100;0;0;41691671;38914707;15904807;40888;41201573;17027720;10852;0;9
FR;1;2021-12-27;18313;53487;235138;705;25485;265790;365;0;0;41709984;38968194;16139945;41593;41227058;17293510;11217;0;9
FR;1;2021-12-28;23302;61902;292057;1026;27014;330225;595;0;1;41733286;39030096;16432002;42619;41254072;17623735;11812;0;10
FR;1;2021-12-29;22218;55412;255032;921;25284;288237;645;0;1;41755504;39085508;16687034;43540;41279356;17911972;12457;0;11
FR;1;2021-12-30;21240;46431;212176;857;22455;239632;718;0;0;41776744;39131939;16899210;44397;41301811;18151604;13175;0;11
FR;1;2021-12-31;7467;16538;61878;229;8724;70408;346;0;0;41784211;39148477;16961088;44626;41310535;18222012;13521;0;11
FR;1;2022-01-01;1161;2497;5667;30;1542;6584;73;0;0;41785372;39150974;16966755;44656;41312077;18228596;13594;0;11
FR;1;2022-01-02;3087;8078;28893;50;3672;33535;190;0;0;41788459;39159052;16995648;44706;41315749;18262131;13784;0;11
FR;1;2022-01-03;26096;54189;228272;790;27550;257740;959;0;1;41814555;39213241;17223920;45496;41343299;18519871;14743;0;12
FR;1;2022-01-04;26245;65008;299302;1240;29815;337338;1367;0;2;41840800;39278249;17523222;46736;41373114;18857209;16110;0;14
FR;1;2022-01-05;30558;64257;274915;1099;32522;310297;1263;0;0;41871358;39342506;17798137;47835;41405636;19167506;17373;0;14
FR;1;2022-01-06;26848;66200;306926;1403;29286;346584;1568;0;1;41898206;39408706;18105063;49238;41434922;19514090;18941;0;15
FR;1;2022-01-07;31578;75006;349861;1538;34411;394004;1822;0;1;41929784;39483712;18454924;50776;41469333;19908094;20763;0;16
FR;1;2022-01-08;23389;51368;222504;698;25586;251131;913;0;1;41953173;39535080;18677428;51474;41494919;20159225;21676;0;17
FR;1;2022-01-09;7092;17146;66029;163;8180;76136;335;0;0;41960265;39552226;18743457;51637;41503099;20235361;22011;0;17
FR;1;2022-01-10;21801;60610;236819;957;32940;267615;1257;0;1;41982066;39612836;18980276;52594;41536039;20502976;23268;0;18
FR;1;2022-01-11;26774;63453;282322;1280;31218;317840;1836;0;1;42008840;39676289;19262598;53874;41567257;20820816;25104;0;19
FR;1;2022-01-12;28962;62503;246291;1106;35067;278080;1686;0;3;42037802;39738792;19508889;54980;41602324;21098896;26790;0;22
FR;1;2022-01-13;24787;60173;262817;1253;30049;296136;1993;0;4;42062589;39798965;19771706;56233;41632373;21395032;28783;0;26
FR;1;2022-01-14;27967;66713;314038;1366;32135;351290;2475;0;1;42090556;39865678;20085744;57599;41664508;21746322;31258;0;27
FR;1;2022-01-15;19371;44420;199324;618;22472;223863;1362;0;1;42109927;39910098;20285068;58217;41686980;21970185;32620;0;28
FR;1;2022-01-16;5162;12967;51532;135;6026;59559;337;0;0;42115089;39923065;20336600;58352;41693006;22029744;32957;0;28
FR;1;2022-01-17;16876;39691;184845;783;20130;206834;1691;0;2;42131965;39962756;20521445;59135;41713136;22236578;34648;0;30
FR;1;2022-01-18;19454;45971;212441;1154;22990;237046;2457;0;1;42151419;40008727;20733886;60289;41736126;22473624;37105;0;31
FR;1;2022-01-19;20308;43966;176129;897;25484;197196;1976;0;4;42171727;40052693;20910015;61186;41761610;22670820;39081;0;35
FR;1;2022-01-20;16842;40575;183709;1147;20809;204759;2516;0;2;42188569;40093268;21093724;62333;41782419;22875579;41597;0;37
FR;1;2022-01-21;19919;47033;228975;1405;23907;253356;3107;0;1;42208488;40140301;21322699;63738;41806326;23128935;44704;0;38
FR;1;2022-01-22;13844;33337;144499;579;18439;161387;1403;0;2;42222332;40173638;21467198;64317;41824765;23290322;46107;0;40
FR;1;2022-01-23;3377;8770;33432;132;4578;38321;352;0;1;42225709;40182408;21500630;64449;41829343;23328643;46459;0;41
FR;1;2022-01-24;11813;32981;142234;717;17797;158276;2103;0;1;42237522;40215389;21642864;65166;41847140;23486919;48562;0;42
FR;1;2022-01-25;14214;38173;163424;1049;20290;181566;3181;0;1;42251736;40253562;21806288;66215;41867430;23668485;51743;0;43
FR;1;2022-01-26;14863;37721;150260;933;22642;166379;2516;0;1;42266599;40291283;21956548;67148;41890072;23834864;54259;0;44
FR;1;2022-01-27;12340;33322;143468;896;18496;158036;3230;0;3;42278939;40324605;22100016;68044;41908568;23992900;57489;0;47
FR;1;2022-01-28;16328;56921;198324;1144;32673;222390;4006;0;3;42295267;40381526;22298340;69188;41941241;24215290;61495;0;50
FR;1;2022-01-29;10269;35473;135210;525;19612;151539;1880;0;1;42305536;40416999;22433550;69713;41960853;24366829;63375;0;51
FR;1;2022-01-30;2485;9263;29685;86;4833;34451;434;0;1;42308021;40426262;22463235;69799;41965686;24401280;63809;0;52
FR;1;2022-01-31;8758;32482;104351;533;19481;117358;2339;0;3;42316779;40458744;22567586;70332;41985167;24518638;66148;0;55
FR;1;2022-02-01;10998;36460;127087;865;20640;141225;4327;0;1;42327777;40495204;22694673;71197;42005807;24659863;70475;0;56
FR;1;2022-02-02;12055;41581;130362;782;25267;145822;3774;0;9;42339832;40536785;22825035;71979;42031074;24805685;74249;0;65
FR;1;2022-02-03;9386;34053;117027;785;19113;130340;4288;0;4;42349218;40570838;22942062;72764;42050187;24936025;78537;0;69
FR;1;2022-02-04;11535;49053;172585;967;26345;192728;5485;0;5;42360753;40619891;23114647;73731;42076532;25128753;84022;0;74
FR;1;2022-02-05;7999;33926;117590;391;18174;133029;2416;0;3;42368752;40653817;23232237;74122;42094706;25261782;86438;0;77
FR;1;2022-02-06;1706;7996;22753;86;3871;26907;444;0;0;42370458;40661813;23254990;74208;42098577;25288689;86882;0;77
FR;1;2022-02-07;7349;35399;119111;459;18175;134978;3397;0;4;42377807;40697212;23374101;74667;42116752;25423667;90279;0;81
FR;1;2022-02-08;7768;31958;125666;695;14890;140655;4301;0;5;42385575;40729170;23499767;75362;42131642;25564322;94580;0;86
FR;1;2022-02-09;8652;36520;135262;701;17918;152507;3883;0;7;42394227;40765690;23635029;76063;42149560;25716829;98463;0;93
FR;1;2022-02-10;7023;30133;116381;676;13896;130170;4444;0;1;42401250;40795823;23751410;76739;42163456;25846999;102907;0;94
FR;1;2022-02-11;8658;41557;165147;878;18367;185371;5430;0;3;42409908;40837380;23916557;77617;42181823;26032370;108337;0;97
FR;1;2022-02-12;5345;27613;106714;379;12535;120899;2396;0;2;42415253;40864993;24023271;77996;42194358;26153269;110733;0;99
FR;1;2022-02-13;1269;5720;21718;66;2187;25336;402;0;3;42416522;40870713;24044989;78062;42196545;26178605;111135;0;102
FR;1;2022-02-14;5459;27226;118092;394;10642;133120;3384;0;4;42421981;40897939;24163081;78456;42207187;26311725;114519;0;106
FR;1;2022-02-15;5792;28867;118939;611;12213;132572;4882;0;1;42427773;40926806;24282020;79067;42219400;26444297;119401;0;107
FR;1;2022-02-16;5760;28492;110424;596;13758;123054;4152;0;3;42433533;40955298;24392444;79663;42233158;26567351;123553;0;110
FR;1;2022-02-17;4613;19742;73148;489;10126;80253;3998;0;3;42438146;40975040;24465592;80152;42243284;26647604;127551;0;113
FR;1;2022-02-18;5611;26792;99205;673;14165;108165;5519;0;2;42443757;41001832;24564797;80825;42257449;26755769;133070;0;115
FR;1;2022-02-19;3551;17178;59477;304;9570;66058;2266;0;0;42447308;41019010;24624274;81129;42267019;26821827;135336;0;115
FR;1;2022-02-20;791;3257;10706;36;1650;12333;360;0;1;42448099;41022267;24634980;81165;42268669;26834160;135696;0;116
FR;1;2022-02-21;3430;14594;52831;286;7917;57677;3126;0;2;42451529;41036861;24687811;81451;42276586;26891837;138822;0;118
FR;1;2022-02-22;3799;15544;51918;500;9041;55656;4070;0;1;42455328;41052405;24739729;81951;42285627;26947493;142892;0;119
FR;1;2022-02-23;4233;17825;57482;510;10744;62583;3569;0;3;42459561;41070230;24797211;82461;42296371;27010076;146461;0;122
FR;1;2022-02-24;3344;13138;43618;436;7832;46409;3657;0;2;42462905;41083368;24840829;82897;42304203;27056485;150118;0;124
FR;1;2022-02-25;4475;20008;64924;697;12126;68796;5767;0;4;42467380;41103376;24905753;83594;42316329;27125281;155885;0;128
FR;1;2022-02-26;2697;12803;41371;310;7650;45124;2494;0;2;42470077;41116179;24947124;83904;42323979;27170405;158379;0;130
FR;1;2022-02-27;644;2191;7130;42;1207;7995;431;0;0;42470721;41118370;24954254;83946;42325186;27178400;158810;0;130
FR;1;2022-02-28;2612;10493;34965;306;6074;37391;3124;0;0;42473333;41128863;24989219;84252;42331260;27215791;161934;0;130
FR;1;2022-03-01;3583;10756;38705;391;6360;39660;4549;0;4;42476916;41139619;25027924;84643;42337620;27255451;166483;0;134
FR;1;2022-03-02;3680;12187;41867;398;7454;43937;4110;0;1;42480596;41151806;25069791;85041;42345074;27299388;170593;0;135
FR;1;2022-03-03;2462;7988;26182;328;5244;26520;3379;0;1;42483058;41159794;25095973;85369;42350318;27325908;173972;0;136
FR;1;2022-03-04;2687;10521;35453;594;6951;34951;5277;0;3;42485745;41170315;25131426;85963;42357269;27360859;179249;0;139
FR;1;2022-03-05;1823;6364;21970;280;4202;22369;2571;0;1;42487568;41176679;25153396;86243;42361471;27383228;181820;0;140
FR;1;2022-03-06;359;957;2917;38;603;3120;327;0;0;42487927;41177636;25156313;86281;42362074;27386348;182147;0;140
FR;1;2022-03-07;1813;4722;16439;245;3045;15906;2831;0;4;42489740;41182358;25172752;86526;42365119;27402254;184978;0;144
FR;1;2022-03-08;1715;5258;17170;309;3669;15998;3472;0;3;42491455;41187616;25189922;86835;42368788;27418252;188450;0;147
FR;1;2022-03-09;1988;6677;19814;370;4753;19172;3422;0;4;42493443;41194293;25209736;87205;42373541;27437424;191872;0;151
FR;1;2022-03-10;1414;5012;15295;308;3664;14333;2943;0;2;42494857;41199305;25225031;87513;42377205;27451757;194815;0;153
FR;1;2022-03-11;1760;6407;21717;487;4441;19870;4739;0;1;42496617;41205712;25246748;88000;42381646;27471627;199554;0;154
FR;1;2022-03-12;1262;4653;15366;281;3095;14915;2686;0;2;42497879;41210365;25262114;88281;42384741;27486542;202240;0;156
FR;1;2022-03-13;257;612;2120;119;412;2066;468;0;0;42498136;41210977;25264234;88400;42385153;27488608;202708;0;156
FR;1;2022-03-14;1155;3678;13406;3882;2293;12528;6342;0;8;42499291;41214655;25277640;92282;42387446;27501136;209050;0;164
FR;1;2022-03-15;1409;5736;14662;6865;4319;13259;9846;0;8;42500700;41220391;25292302;99147;42391765;27514395;218896;0;172
FR;1;2022-03-16;1695;5085;17394;11520;3596;16459;14125;0;6;42502395;41225476;25309696;110667;42395361;27530854;233021;0;178
FR;1;2022-03-17;1176;3439;11733;9648;2365;10827;11732;0;8;42503571;41228915;25321429;120315;42397726;27541681;244753;0;186
FR;1;2022-03-18;1726;4929;17976;16507;3323;16415;19721;0;14;42505297;41233844;25339405;136822;42401049;27558096;264474;0;200
FR;1;2022-03-19;1126;3300;11890;8460;2276;11359;10142;0;6;42506423;41237144;25351295;145282;42403325;27569455;274616;0;206
FR;1;2022-03-20;224;559;1725;1014;361;1759;1224;0;2;42506647;41237703;25353020;146296;42403686;27571214;275840;0;208
FR;1;2022-03-21;1087;2766;11503;13462;1787;10852;15142;0;10;42507734;41240469;25364523;159758;42405473;27582066;290982;0;218
FR;1;2022-03-22;1282;3212;12260;18716;2153;11248;20619;0;5;42509016;41243681;25376783;178474;42407626;27593314;311601;0;223
FR;1;2022-03-23;1511;4357;16032;20111;2953;15713;21882;0;34;42510527;41248038;25392815;198585;42410579;27609027;333483;0;257
FR;1;2022-03-24;1117;2754;10401;16058;1910;9663;17562;0;15;42511644;41250792;25403216;214643;42412489;27618690;351045;0;272
FR;1;2022-03-25;1536;4361;16752;25315;2879;15404;27959;0;23;42513180;41255153;25419968;239958;42415368;27634094;379004;0;295
FR;1;2022-03-26;1110;3014;10856;11450;2063;10517;12862;0;20;42514290;41258167;25430824;251408;42417431;27644611;391866;0;315
FR;1;2022-03-27;236;546;1751;1383;335;1804;1594;0;1;42514526;41258713;25432575;252791;42417766;27646415;393460;0;316
FR;1;2022-03-28;1082;2489;9979;15885;1556;9602;17228;0;10;42515608;41261202;25442554;268676;42419322;27656017;410688;0;326
FR;1;2022-03-29;1142;2748;11560;25111;1599;10924;26508;0;30;42516750;41263950;25454114;293787;42420921;27666941;437196;0;356
FR;1;2022-03-30;1631;3613;14171;24228;2386;13711;25892;0;19;42518381;41267563;25468285;318015;42423307;27680652;463088;0;375
FR;1;2022-03-31;1280;3016;11699;22686;2042;11214;24006;0;40;42519661;41270579;25479984;340701;42425349;27691866;487094;0;415
FR;1;2022-04-01;2234;4022;18488;28532;2477;17358;30804;0;53;42521895;41274601;25498472;369233;42427826;27709224;517898;0;468
FR;1;2022-04-02;910;1890;8195;9238;1106;7954;10231;0;28;42522805;41276491;25506667;378471;42428932;27717178;528129;0;496
FR;1;2022-04-03;207;381;1433;1058;219;1434;1249;0;1;42523012;41276872;25508100;379529;42429151;27718612;529378;0;497
FR;1;2022-04-04;3142;2521;11375;17681;1607;10768;18899;0;30;42526154;41279393;25519475;397210;42430758;27729380;548277;0;527
FR;1;2022-04-05;2197;2711;13002;31220;1696;12028;32600;0;68;42528351;41282104;25532477;428430;42432454;27741408;580877;0;595
FR;1;2022-04-06;1857;3009;12204;23943;1915;11640;25241;0;62;42530208;41285113;25544681;452373;42434369;27753048;606118;0;657
FR;1;2022-04-07;1656;2743;12356;31085;1643;11822;32160;0;68;42531864;41287856;25557037;483458;42436012;27764870;638278;0;725
FR;1;2022-04-08;1814;3681;17564;40639;2070;16490;42693;0;76;42533678;41291537;25574601;524097;42438082;27781360;680971;0;801
FR;1;2022-04-09;822;1997;8404;12503;1074;8104;13502;0;26;42534500;41293534;25583005;536600;42439156;27789464;694473;0;827
FR;1;2022-04-10;201;653;1836;1855;418;1882;2075;0;6;42534701;41294187;25584841;538455;42439574;27791346;696548;0;833
FR;1;2022-04-11;1094;2255;10970;22351;1305;10687;23458;0;68;42535795;41296442;25595811;560806;42440879;27802033;720006;0;901
FR;1;2022-04-12;1347;2671;12825;38136;1585;12314;38887;0;119;42537142;41299113;25608636;598942;42442464;27814347;758893;0;1020
FR;1;2022-04-13;1283;2893;12278;30623;1788;12009;31395;0;85;42538425;41302006;25620914;629565;42444252;27826356;790288;0;1105
FR;1;2022-04-14;1232;2592;12118;33631;1595;12132;34068;0;88;42539657;41304598;25633032;663196;42445847;27838488;824356;0;1193
FR;1;2022-04-15;1500;3264;14405;33265;2082;13808;34668;0;107;42541157;41307862;25647437;696461;42447929;27852296;859024;0;1300
FR;1;2022-04-16;660;1408;5845;8003;766;5776;8757;0;31;42541817;41309270;25653282;704464;42448695;27858072;867781;0;1331
FR;1;2022-04-17;156;289;930;1121;176;975;1171;0;7;42541973;41309559;25654212;705585;42448871;27859047;868952;0;1338
FR;1;2022-04-18;167;481;2636;1002;297;2660;1187;0;5;42542140;41310040;25656848;706587;42449168;27861707;870139;0;1343
FR;1;2022-04-19;1258;2609;11787;27932;1498;11517;28788;0;69;42543398;41312649;25668635;734519;42450666;27873224;898927;0;1412
FR;1;2022-04-20;1354;2670;12176;26880;1672;12027;27706;0;82;42544752;41315319;25680811;761399;42452338;27885251;926633;0;1494
FR;1;2022-04-21;1243;2461;11550;33260;1510;11766;33612;0;107;42545995;41317780;25692361;794659;42453848;27897017;960245;0;1601
FR;1;2022-04-22;1527;3085;15216;35502;1920;14794;36699;0;120;42547522;41320865;25707577;830161;42455768;27911811;996944;0;1721
FR;1;2022-04-23;765;1581;6736;9894;917;6642;10578;0;30;42548287;41322446;25714313;840055;42456685;27918453;1007522;0;1751
FR;1;2022-04-24;196;377;1374;1522;241;1328;1746;0;7;42548483;41322823;25715687;841577;42456926;27919781;1009268;0;1758
FR;1;2022-04-25;1041;2129;9856;19733;1252;9756;20555;0;64;42549524;41324952;25725543;861310;42458178;27929537;1029823;0;1822
FR;1;2022-04-26;1351;2623;12604;36599;1604;12204;37186;0;163;42550875;41327575;25738147;897909;42459782;27941741;1067009;0;1985
FR;1;2022-04-27;1330;2406;10653;29254;1464;10789;29640;0;122;42552205;41329981;25748800;927163;42461246;27952530;1096649;0;2107
FR;1;2022-04-28;1284;2410;11561;34298;1517;11403;34447;0;127;42553489;41332391;25760361;961461;42462763;27963933;1131096;0;2234
FR;1;2022-04-29;1612;4279;14404;35562;3152;13857;36851;0;153;42555101;41336670;25774765;997023;42465915;27977790;1167947;0;2387
FR;1;2022-04-30;837;3257;6446;9173;2686;6289;9974;0;35;42555938;41339927;25781211;1006196;42468601;27984079;1177921;0;2422
FR;1;2022-05-01;177;288;832;949;190;826;1078;0;5;42556115;41340215;25782043;1007145;42468791;27984905;1178999;0;2427
FR;1;2022-05-02;1973;2608;10378;16949;1764;10301;17631;0;64;42558088;41342823;25792421;1024094;42470555;27995206;1196630;0;2491
FR;1;2022-05-03;1677;2874;12710;32895;1758;12602;33694;0;149;42559765;41345697;25805131;1056989;42472313;28007808;1230324;0;2640
FR;1;2022-05-04;1375;2745;11231;23815;1690;11393;24353;0;96;42561140;41348442;25816362;1080804;42474003;28019201;1254677;0;2736
FR;1;2022-05-05;1488;2723;12200;31854;1708;12123;32401;0;170;42562628;41351165;25828562;1112658;42475711;28031324;1287078;0;2906
FR;1;2022-05-06;1821;3234;14237;34937;1911;13820;36200;0;166;42564449;41354399;25842799;1147595;42477622;28045144;1323278;0;3072
FR;1;2022-05-07;859;1472;5979;9097;878;6013;9731;0;44;42565308;41355871;25848778;1156692;42478500;28051157;1333009;0;3116
FR;1;2022-05-08;190;329;1060;1472;222;1122;1548;0;8;42565498;41356200;25849838;1158164;42478722;28052279;1334557;0;3124
FR;1;2022-05-09;1153;2016;9248;19262;1156;9162;20035;0;93;42566651;41358216;25859086;1177426;42479878;28061441;1354592;0;3217
FR;1;2022-05-10;1501;3040;12620;37145;1950;12219;38043;0;177;42568152;41361256;25871706;1214571;42481828;28073660;1392635;0;3394
FR;1;2022-05-11;1439;2474;9911;26036;1692;9859;26558;0;138;42569591;41363730;25881617;1240607;42483520;28083519;1419193;0;3532
FR;1;2022-05-12;1325;2445;10525;33631;1537;10226;34274;0;188;42570916;41366175;25892142;1274238;42485057;28093745;1453467;0;3720
FR;1;2022-05-13;1616;2805;12767;35852;1683;12415;36947;0;149;42572532;41368980;25904909;1310090;42486740;28106160;1490414;0;3869
FR;1;2022-05-14;782;1322;5481;10216;807;5365;10731;0;51;42573314;41370302;25910390;1320306;42487547;28111525;1501145;0;3920
FR;1;2022-05-15;223;420;1182;1352;244;1252;1497;0;5;42573537;41370722;25911572;1321658;42487791;28112777;1502642;0;3925
FR;1;2022-05-16;971;1784;8079;20137;1003;8143;20550;0;117;42574508;41372506;25919651;1341795;42488794;28120920;1523192;0;4042
FR;1;2022-05-17;1294;2300;11122;36186;1383;10727;36971;0;172;42575802;41374806;25930773;1377981;42490177;28131647;1560163;0;4214
FR;1;2022-05-18;1313;2134;9039;25727;1366;8990;26285;0;99;42577115;41376940;25939812;1403708;42491543;28140637;1586448;0;4313
FR;1;2022-05-19;1202;2402;9853;33998;1410;9948;34200;0;150;42578317;41379342;25949665;1437706;42492953;28150585;1620648;0;4463
FR;1;2022-05-20;1561;2755;12529;37656;1718;12111;38515;0;151;42579878;41382097;25962194;1475362;42494671;28162696;1659163;0;4614
FR;1;2022-05-21;774;1378;5247;9374;869;5165;9943;0;37;42580652;41383475;25967441;1484736;42495540;28167861;1669106;0;4651
FR;1;2022-05-22;193;292;951;1397;204;951;1519;0;10;42580845;41383767;25968392;1486133;42495744;28168812;1670625;0;4661
FR;1;2022-05-23;971;1886;8370;19410;1173;8345;20027;0;79;42581816;41385653;25976762;1505543;42496917;28177157;1690652;0;4740
FR;1;2022-05-24;1288;2449;10726;37248;1441;10595;37822;0;173;42583104;41388102;25987488;1542791;42498358;28187752;1728474;0;4913
FR;1;2022-05-25;1273;2298;8792;23693;1424;8956;24055;0;111;42584377;41390400;25996280;1566484;42499782;28196708;1752529;0;5024
FR;1;2022-05-26;174;380;1585;1155;257;1578;1289;0;24;42584551;41390780;25997865;1567639;42500039;28198286;1753818;0;5048
FR;1;2022-05-27;1117;2186;8788;20457;1371;8536;21410;0;84;42585668;41392966;26006653;1588096;42501410;28206822;1775228;0;5132
FR;1;2022-05-28;486;1056;3689;6540;624;3727;6928;0;37;42586154;41394022;26010342;1594636;42502034;28210549;1782156;0;5169
FR;1;2022-05-29;121;257;707;896;149;718;1005;0;4;42586275;41394279;26011049;1595532;42502183;28211267;1783161;0;5173
FR;1;2022-05-30;831;1739;6558;18535;1041;6590;18989;0;85;42587106;41396018;26017607;1614067;42503224;28217857;1802150;0;5258
FR;1;2022-05-31;1267;2237;9247;34370;1371;9116;34972;0;159;42588373;41398255;26026854;1648437;42504595;28226973;1837122;0;5417
FR;1;2022-06-01;1328;2599;10434;23459;1745;10297;24306;0;115;42589701;41400854;26037288;1671896;42506340;28237270;1861428;0;5532
FR;1;2022-06-02;1226;2306;10666;34153;1445;10245;34986;0;162;42590927;41403160;26047954;1706049;42507785;28247515;1896414;0;5694
FR;1;2022-06-03;1446;2739;12721;37108;1730;12141;38285;0;157;42592373;41405899;26060675;1743157;42509515;28259656;1934699;0;5851
FR;1;2022-06-04;682;1262;4749;8677;759;4825;9167;0;62;42593055;41407161;26065424;1751834;42510274;28264481;1943866;0;5913
FR;1;2022-06-05;134;292;810;1048;150;834;1153;0;3;42593189;41407453;26066234;1752882;42510424;28265315;1945019;0;5916
FR;1;2022-06-06;660;1169;2026;1251;994;2042;1426;0;9;42593849;41408622;26068260;1754133;42511418;28267357;1946445;0;5925
FR;1;2022-06-07;1232;2341;9179;34045;1436;8840;35143;0;143;42595081;41410963;26077439;1788178;42512854;28276197;1981588;0;6068
FR;1;2022-06-08;1132;2236;8673;27576;1401;8556;28446;0;107;42596213;41413199;26086112;1815754;42514255;28284753;2010034;0;6175
FR;1;2022-06-09;1074;2148;9988;37569;1281;9672;38336;0;148;42597287;41415347;26096100;1853323;42515536;28294425;2048370;0;6323
FR;1;2022-06-10;1337;2836;12407;43130;1801;11998;44359;0;200;42598624;41418183;26108507;1896453;42517337;28306423;2092729;0;6523
FR;1;2022-06-11;660;1451;5139;11084;798;5188;11613;0;50;42599284;41419634;26113646;1907537;42518135;28311611;2104342;0;6573
FR;1;2022-06-12;153;377;1017;1687;189;1075;1788;0;11;42599437;41420011;26114663;1909224;42518324;28312686;2106130;0;6584
FR;1;2022-06-13;930;1835;7015;22225;1128;6872;23066;0;84;42600367;41421846;26121678;1931449;42519452;28319558;2129196;0;6668
FR;1;2022-06-14;1103;2229;9840;42846;1308;9243;43938;0;186;42601470;41424075;26131518;1974295;42520760;28328801;2173134;0;6854
FR;1;2022-06-15;1086;2000;8786;29378;1353;8464;29935;0;168;42602556;41426075;26140304;2003673;42522113;28337265;2203069;0;7022
FR;1;2022-06-16;955;1837;9399;38506;1059;8878;39413;0;188;42603511;41427912;26149703;2042179;42523172;28346143;2242482;0;7210
FR;1;2022-06-17;1225;2560;11905;44856;1472;11366;46001;0;224;42604736;41430472;26161608;2087035;42524644;28357509;2288483;0;7434
FR;1;2022-06-18;562;1276;4318;10544;716;4257;11086;0;62;42605298;41431748;26165926;2097579;42525360;28361766;2299569;0;7496
FR;1;2022-06-19;137;325;1003;1543;173;1082;1609;0;12;42605435;41432073;26166929;2099122;42525533;28362848;2301178;0;7508
FR;1;2022-06-20;860;1703;8492;25048;1001;8156;25910;0;143;42606295;41433776;26175421;2124170;42526534;28371004;2327088;0;7651
FR;1;2022-06-21;1101;2137;9764;47758;1251;8855;49102;0;241;42607396;41435913;26185185;2171928;42527785;28379859;2376190;0;7892
FR;1;2022-06-22;1044;2068;8434;37154;1296;7953;38016;0;231;42608440;41437981;26193619;2209082;42529081;28387812;2414206;0;8123
FR;1;2022-06-23;1055;2176;10125;52809;1207;9408;53818;0;290;42609495;41440157;26203744;2261891;42530288;28397220;2468024;0;8413
FR;1;2022-06-24;1251;2716;12913;65963;1485;11698;67634;0;367;42610746;41442873;26216657;2327854;42531773;28408918;2535658;0;8780
FR;1;2022-06-25;683;1505;5928;18923;792;5709;19721;0;163;42611429;41444378;26222585;2346777;42532565;28414627;2555379;0;8943
FR;1;2022-06-26;167;405;1817;3494;190;1713;3730;0;34;42611596;41444783;26224402;2350271;42532755;28416340;2559109;0;8977
FR;1;2022-06-27;941;1773;9900;45977;939;9125;47112;0;300;42612537;41446556;26234302;2396248;42533694;28425465;2606221;0;9277
FR;1;2022-06-28;1214;2572;13839;86560;1378;12403;88246;0;569;42613751;41449128;26248141;2482808;42535072;28437868;2694467;0;9846
FR;1;2022-06-29;1242;2292;11480;67397;1255;10547;68443;0;487;42614993;41451420;26259621;2550205;42536327;28448415;2762910;0;10333
FR;1;2022-06-30;1287;2474;13516;89967;1422;11825;91765;0;645;42616280;41453894;26273137;2640172;42537749;28460240;2854675;0;10978
FR;1;2022-07-01;1649;3476;20307;109192;1988;17966;111584;0;859;42617929;41457370;26293444;2749364;42539737;28478206;2966259;0;11837
FR;1;2022-07-02;769;1524;8021;33773;748;7251;34799;0;315;42618698;41458894;26301465;2783137;42540485;28485457;3001058;0;12152
FR;1;2022-07-03;228;480;1941;6118;255;1757;6444;0;71;42618926;41459374;26303406;2789255;42540740;28487214;3007502;0;12223
FR;1;2022-07-04;1459;3107;13928;75410;1986;12359;77296;0;589;42620385;41462481;26317334;2864665;42542726;28499573;3084798;0;12812
FR;1;2022-07-05;1447;2850;17689;126359;1503;15145;128474;0;1059;42621832;41465331;26335023;2991024;42544229;28514718;3213272;0;13871
FR;1;2022-07-06;1356;2397;14880;93726;1377;12902;95161;0;815;42623188;41467728;26349903;3084750;42545606;28527620;3308433;0;14686
FR;1;2022-07-07;1437;2538;16929;119488;1407;14000;121582;0;1073;42624625;41470266;26366832;3204238;42547013;28541620;3430015;0;15759
FR;1;2022-07-08;1532;2822;19608;129997;1537;15970;132804;0;1220;42626157;41473088;26386440;3334235;42548550;28557590;3562819;0;16979
FR;1;2022-07-09;662;1278;7306;36018;698;6347;36808;0;392;42626819;41474366;26393746;3370253;42549248;28563937;3599627;0;17371
FR;1;2022-07-10;240;612;2240;6689;367;2032;7068;0;89;42627059;41474978;26395986;3376942;42549615;28565969;3606695;0;17460
FR;1;2022-07-11;1222;2232;14317;84445;1168;11938;86556;0;734;42628281;41477210;26410303;3461387;42550783;28577907;3693251;0;18194
FR;1;2022-07-12;1582;2798;19462;137418;1435;15901;139907;0;1485;42629863;41480008;26429765;3598805;42552218;28593808;3833158;0;19679
FR;1;2022-07-13;1440;2436;14788;89833;1315;12639;91519;0;1002;42631303;41482444;26444553;3688638;42553533;28606447;3924677;0;20681
FR;1;2022-07-14;161;350;1864;5288;195;1773;5435;0;74;42631464;41482794;26446417;3693926;42553728;28608220;3930112;0;20755
FR;1;2022-07-15;1264;2308;14361;80591;1190;12004;82595;0;960;42632728;41485102;26460778;3774517;42554918;28620224;4012707;0;21715
FR;1;2022-07-16;509;1060;5639;23945;552;4893;24585;0;302;42633237;41486162;26466417;3798462;42555470;28625117;4037292;0;22017
FR;1;2022-07-17;163;367;1655;4463;192;1499;4726;0;60;42633400;41486529;26468072;3802925;42555662;28626616;4042018;0;22077
FR;1;2022-07-18;973;2034;11298;59274;1143;9569;60997;0;715;42634373;41488563;26479370;3862199;42556805;28636185;4103015;0;22792
FR;1;2022-07-19;1228;2126;14690;99420;1189;11723;101415;0;1386;42635601;41490689;26494060;3961619;42557994;28647908;4204430;0;24178
FR;1;2022-07-20;1182;2003;12371;74366;1171;10281;75853;0;964;42636783;41492692;26506431;4035985;42559165;28658189;4280283;0;25142
FR;1;2022-07-21;1134;1951;12414;84539;1185;9990;85904;0;1211;42637917;41494643;26518845;4120524;42560350;28668179;4366187;0;26353
FR;1;2022-07-22;1264;2230;14097;85939;1247;11427;87675;0;1263;42639181;41496873;26532942;4206463;42561597;28679606;4453862;0;27616
FR;1;2022-07-23;546;1091;5235;21295;632;4610;21838;0;374;42639727;41497964;26538177;4227758;42562229;28684216;4475700;0;27990
FR;1;2022-07-24;148;305;1325;3699;152;1167;3923;0;65;42639875;41498269;26539502;4231457;42562381;28685383;4479623;0;28055
FR;1;2022-07-25;889;1628;9074;46113;979;7522;47489;0;680;42640764;41499897;26548576;4277570;42563360;28692905;4527112;0;28735
FR;1;2022-07-26;1130;1961;12679;81962;1117;10335;83575;0;1198;42641894;41501858;26561255;4359532;42564477;28703240;4610687;0;29933
FR;1;2022-07-27;1016;1727;9759;58519;1041;8139;59700;0;874;42642910;41503585;26571014;4418051;42565518;28711379;4670387;0;30807
FR;1;2022-07-28;980;1703;9853;61902;1110;7847;63130;0;967;42643890;41505288;26580867;4479953;42566628;28719226;4733517;0;31774
FR;1;2022-07-29;1111;1837;10456;62985;1162;8381;64299;0;1066;42645001;41507125;26591323;4542938;42567790;28727607;4797816;0;32840
FR;1;2022-07-30;392;719;3349;14491;435;2849;14851;0;279;42645393;41507844;26594672;4557429;42568225;28730456;4812667;0;33119
FR;1;2022-07-31;140;263;900;2335;158;766;2477;0;47;42645533;41508107;26595572;4559764;42568383;28731222;4815144;0;33166
FR;1;2022-08-01;758;1403;7255;28963;1019;6117;29955;0;519;42646291;41509510;26602827;4588727;42569402;28737339;4845099;0;33685
FR;1;2022-08-02;904;1480;8232;54031;994;6626;54682;0;1090;42647195;41510990;26611059;4642758;42570396;28743965;4899781;0;34775
FR;1;2022-08-03;727;1105;6151;37042;749;4935;37771;0;644;42647922;41512095;26617210;4679800;42571145;28748900;4937552;0;35419
FR;1;2022-08-04;647;1076;6256;41446;693;5049;42001;0;850;42648569;41513171;26623466;4721246;42571838;28753949;4979553;0;36269
FR;1;2022-08-05;742;1196;6762;43069;806;5431;43699;0;933;42649311;41514367;26630228;4764315;42572644;28759380;5023252;0;37202
FR;1;2022-08-06;274;461;1991;8998;301;1672;9190;0;218;42649585;41514828;26632219;4773313;42572945;28761052;5032442;0;37420
FR;1;2022-08-07;89;145;520;1552;101;436;1629;0;35;42649674;41514973;26632739;4774865;42573046;28761488;5034071;0;37455
FR;1;2022-08-08;505;983;3802;21217;737;3136;21624;0;457;42650179;41515956;26636541;4796082;42573783;28764624;5055695;0;37912
FR;1;2022-08-09;614;1041;5682;38471;731;4557;38965;0;794;42650793;41516997;26642223;4834553;42574514;28769181;5094660;0;38706
FR;1;2022-08-10;543;1068;4435;26911;769;3635;27225;0;601;42651336;41518065;26646658;4861464;42575283;28772816;5121885;0;39307
FR;1;2022-08-11;545;917;4308;28205;628;3582;28533;0;634;42651881;41518982;26650966;4889669;42575911;28776398;5150418;0;39941
FR;1;2022-08-12;610;1031;4549;27164;705;3757;27575;0;668;42652491;41520013;26655515;4916833;42576616;28780155;5177993;0;40609
FR;1;2022-08-13;192;366;1248;5108;259;1065;5279;0;116;42652683;41520379;26656763;4921941;42576875;28781220;5183272;0;40725
FR;1;2022-08-14;66;115;276;871;96;235;941;0;24;42652749;41520494;26657039;4922812;42576971;28781455;5184213;0;40749
FR;1;2022-08-15;83;177;571;542;146;532;593;0;16;42652832;41520671;26657610;4923354;42577117;28781987;5184806;0;40765
FR;1;2022-08-16;529;940;3787;21486;698;3217;21686;0;582;42653361;41521611;26661397;4944840;42577815;28785204;5206492;0;41347
FR;1;2022-08-17;535;900;3766;22148;668;3193;22389;0;579;42653896;41522511;26665163;4966988;42578483;28788397;5228881;0;41926
FR;1;2022-08-18;545;883;3929;25436;683;3129;25656;0;630;42654441;41523394;26669092;4992424;42579166;28791526;5254537;0;42556
FR;1;2022-08-19;535;1042;4369;26542;742;3601;26850;0;732;42654976;41524436;26673461;5018966;42579908;28795127;5281387;0;43288
FR;1;2022-08-20;234;415;1289;5371;315;1106;5524;0;138;42655210;41524851;26674750;5024337;42580223;28796233;5286911;0;43426
FR;1;2022-08-21;84;110;284;989;75;250;1012;0;27;42655294;41524961;26675034;5025326;42580298;28796483;5287923;0;43453
FR;1;2022-08-22;488;890;3141;14953;661;2713;15229;0;411;42655782;41525851;26678175;5040279;42580959;28799196;5303152;0;43864
FR;1;2022-08-23;643;1060;4153;28318;745;3486;28397;0;830;42656425;41526911;26682328;5068597;42581704;28802682;5331549;0;44694
FR;1;2022-08-24;557;829;3401;19060;650;2770;19245;0;587;42656982;41527740;26685729;5087657;42582354;28805452;5350794;0;45281
FR;1;2022-08-25;563;924;3826;22919;644;3209;23148;0;655;42657545;41528664;26689555;5110576;42582998;28808661;5373942;0;45936
FR;1;2022-08-26;748;1129;4345;25155;804;3561;25531;0;745;42658293;41529793;26693900;5135731;42583802;28812222;5399473;0;46681
FR;1;2022-08-27;219;431;1323;5302;275;1191;5356;0;192;42658512;41530224;26695223;5141033;42584077;28813413;5404829;0;46873
FR;1;2022-08-28;111;145;298;898;104;280;947;0;33;42658623;41530369;26695521;5141931;42584181;28813693;5405776;0;46906
FR;1;2022-08-29;503;856;2976;14248;632;2515;14558;0;409;42659126;41531225;26698497;5156179;42584813;28816208;5420334;0;47315
FR;1;2022-08-30;740;1098;4624;27711;776;3774;28032;0;793;42659866;41532323;26703121;5183890;42585589;28819982;5448366;0;48108
FR;1;2022-08-31;585;831;3109;17232;609;2619;17494;0;483;42660451;41533154;26706230;5201122;42586198;28822601;5465860;0;48591
FR;1;2022-09-01;675;919;4326;21873;646;3685;22135;0;586;42661126;41534073;26710556;5222995;42586844;28826286;5487995;0;49177
FR;1;2022-09-02;775;1047;4880;27864;743;4076;28151;0;882;42661901;41535120;26715436;5250859;42587587;28830362;5516146;0;50059
FR;1;2022-09-03;318;505;1831;5874;344;1592;6103;0;174;42662219;41535625;26717267;5256733;42587931;28831954;5522249;0;50233
FR;1;2022-09-04;108;137;341;842;74;334;912;0;21;42662327;41535762;26717608;5257575;42588005;28832288;5523161;0;50254
FR;1;2022-09-05;591;696;3032;15687;519;2538;15970;0;499;42662918;41536458;26720640;5273262;42588524;28834826;5539131;0;50753
FR;1;2022-09-06;726;937;4568;31059;585;3707;31280;0;1002;42663644;41537395;26725208;5304321;42589109;28838533;5570411;0;51755
FR;1;2022-09-07;541;688;2920;16442;448;2423;16579;0;550;42664185;41538083;26728128;5320763;42589557;28840956;5586990;0;52305
FR;1;2022-09-08;571;786;3697;24203;532;3038;24282;0;796;42664756;41538869;26731825;5344966;42590089;28843994;5611272;0;53101
FR;1;2022-09-09;771;969;4303;26882;609;3591;27065;0;902;42665527;41539838;26736128;5371848;42590698;28847585;5638337;0;54003
FR;1;2022-09-10;330;473;1674;5587;302;1476;5777;0;204;42665857;41540311;26737802;5377435;42591000;28849061;5644114;0;54207
FR;1;2022-09-11;105;120;312;645;82;292;702;0;17;42665962;41540431;26738114;5378080;42591082;28849353;5644816;0;54224
FR;1;2022-09-12;450;591;2610;12948;412;2227;13228;0;462;42666412;41541022;26740724;5391028;42591494;28851580;5658044;0;54686
FR;1;2022-09-13;581;810;3867;25834;518;3380;25709;0;835;42666993;41541832;26744591;5416862;42592012;28854960;5683753;0;55521
FR;1;2022-09-14;570;697;2871;15694;481;2401;15930;0;537;42667563;41542529;26747462;5432556;42592493;28857361;5699683;0;56058
FR;1;2022-09-15;511;719;3337;23084;491;2844;23147;0;677;42668074;41543248;26750799;5455640;42592984;28860205;5722830;0;56735
FR;1;2022-09-16;719;935;4012;25333;620;3383;25534;0;891;42668793;41544183;26754811;5480973;42593604;28863588;5748364;0;57626
FR;1;2022-09-17;294;418;1393;5978;289;1218;6086;0;227;42669087;41544601;26756204;5486951;42593893;28864806;5754450;0;57853
FR;1;2022-09-18;99;124;310;923;101;278;979;0;33;42669186;41544725;26756514;5487874;42593994;28865084;5755429;0;57886
FR;1;2022-09-19;367;573;2134;12846;374;1830;12999;0;414;42669553;41545298;26758648;5500720;42594368;28866914;5768428;0;58300
FR;1;2022-09-20;558;805;3659;25829;551;3059;25867;0;853;42670111;41546103;26762307;5526549;42594919;28869973;5794295;0;59153
FR;1;2022-09-21;470;680;2625;15861;480;2253;15826;0;561;42670581;41546783;26764932;5542410;42595399;28872226;5810121;0;59714
FR;1;2022-09-22;537;763;3291;22950;503;2689;23140;0;742;42671118;41547546;26768223;5565360;42595902;28874915;5833261;0;60456
FR;1;2022-09-23;761;942;4350;28134;672;3631;28302;0;979;42671879;41548488;26772573;5593494;42596574;28878546;5861563;0;61435
FR;1;2022-09-24;352;534;1585;6694;375;1369;6866;0;300;42672231;41549022;26774158;5600188;42596949;28879915;5868429;0;61735
FR;1;2022-09-25;80;152;321;1071;105;293;1109;0;32;42672311;41549174;26774479;5601259;42597054;28880208;5869538;0;61767
FR;1;2022-09-26;382;645;2181;13071;423;1933;13165;0;412;42672693;41549819;26776660;5614330;42597477;28882141;5882703;0;62179
FR;1;2022-09-27;540;765;3458;25022;540;2794;25220;0;906;42673233;41550584;26780118;5639352;42598017;28884935;5907923;0;63085
FR;1;2022-09-28;518;713;2444;14964;499;2213;15053;0;597;42673751;41551297;26782562;5654316;42598516;28887148;5922976;0;63682
FR;1;2022-09-29;504;691;2983;20347;482;2508;20360;0;767;42674255;41551988;26785545;5674663;42598998;28889656;5943336;0;64449
FR;1;2022-09-30;680;972;3774;24422;673;3158;24670;0;969;42674935;41552960;26789319;5699085;42599671;28892814;5968006;0;65418
FR;1;2022-10-01;348;546;1903;5501;381;1658;5730;0;273;42675283;41553506;26791222;5704586;42600052;28894472;5973736;0;65691
FR;1;2022-10-02;53;119;204;567;81;204;588;0;29;42675336;41553625;26791426;5705153;42600133;28894676;5974324;0;65720
FR;1;2022-10-03;418;693;2203;10017;536;1951;10197;0;489;42675754;41554318;26793629;5715170;42600669;28896627;5984521;0;66209
FR;1;2022-10-04;547;700;2922;18922;466;2472;19010;0;1084;42676301;41555018;26796551;5734092;42601135;28899099;6003531;0;67293
FR;1;2022-10-05;429;686;2089;11106;457;1862;11239;0;723;42676730;41555704;26798640;5745198;42601592;28900961;6014770;0;68016
FR;1;2022-10-06;442;611;2493;15772;434;2058;15955;0;1060;42677172;41556315;26801133;5760970;42602026;28903019;6030725;0;69076
FR;1;2022-10-07;550;741;2693;16060;540;2310;16084;0;1160;42677722;41557056;26803826;5777030;42602566;28905329;6046809;0;70236
FR;1;2022-10-08;235;308;887;3170;239;775;3275;0;291;42677957;41557364;26804713;5780200;42602805;28906104;6050084;0;70527
FR;1;2022-10-09;76;87;150;461;77;134;487;0;50;42678033;41557451;26804863;5780661;42602882;28906238;6050571;0;70577
FR;1;2022-10-10;298;459;1316;4996;366;1234;5091;0;463;42678331;41557910;26806179;5785657;42603248;28907472;6055662;0;71040
FR;1;2022-10-11;317;438;1310;8084;326;1190;8185;0;757;42678648;41558348;26807489;5793741;42603574;28908662;6063847;0;71797
FR;1;2022-10-12;326;446;1064;5186;338;1059;5201;0;520;42678974;41558794;26808553;5798927;42603912;28909721;6069048;0;72317
FR;1;2022-10-13;324;404;1067;6081;315;924;6129;0;628;42679298;41559198;26809620;5805008;42604227;28910645;6075177;0;72945
FR;1;2022-10-14;408;531;1170;6710;447;1044;6778;0;675;42679706;41559729;26810790;5811718;42604674;28911689;6081955;0;73620
FR;1;2022-10-15;204;271;523;1860;224;505;1868;0;226;42679910;41560000;26811313;5813578;42604898;28912194;6083823;0;73846
FR;1;2022-10-16;47;62;111;295;44;118;314;0;48;42679957;41560062;26811424;5813873;42604942;28912312;6084137;0;73894
FR;1;2022-10-17;235;322;734;2652;256;689;2696;0;366;42680192;41560384;26812158;5816525;42605198;28913001;6086833;0;74260
FR;1;2022-10-18;262;315;952;4590;250;831;4691;0;865;42680454;41560699;26813110;5821115;42605448;28913832;6091524;0;75125
FR;1;2022-10-19;275;362;693;3182;295;662;3163;0;502;42680729;41561061;26813803;5824297;42605743;28914494;6094687;0;75627
FR;1;2022-10-20;278;323;891;4363;270;779;4401;0;771;42681007;41561384;26814694;5828660;42606013;28915273;6099088;0;76398
FR;1;2022-10-21;300;406;845;3804;358;740;3876;0;675;42681307;41561790;26815539;5832464;42606371;28916013;6102964;0;77073
FR;1;2022-10-22;135;176;306;1251;154;300;1216;0;210;42681442;41561966;26815845;5833715;42606525;28916313;6104180;0;77283
FR;1;2022-10-23;31;43;64;197;41;58;213;0;25;42681473;41562009;26815909;5833912;42606566;28916371;6104393;0;77308
FR;1;2022-10-24;273;231;476;1603;202;472;1659;0;306;42681746;41562240;26816385;5835515;42606768;28916843;6106052;0;77614
FR;1;2022-10-25;219;255;524;2650;222;446;2705;0;488;42681965;41562495;26816909;5838165;42606990;28917289;6108757;0;78102
FR;1;2022-10-26;234;244;389;1956;230;366;1962;0;435;42682199;41562739;26817298;5840121;42607220;28917655;6110719;0;78537
FR;1;2022-10-27;258;226;489;2167;197;508;2151;0;518;42682457;41562965;26817787;5842288;42607417;28918163;6112870;0;79055
FR;1;2022-10-28;309;316;531;2333;297;469;2399;0;478;42682766;41563281;26818318;5844621;42607714;28918632;6115269;0;79533
FR;1;2022-10-29;99;149;177;712;117;211;703;0;202;42682865;41563430;26818495;5845333;42607831;28918843;6115972;0;79735
FR;1;2022-10-30;38;41;62;183;33;56;189;0;38;42682903;41563471;26818557;5845516;42607864;28918899;6116161;0;79773
FR;1;2022-10-31;136;181;294;796;160;271;863;0;143;42683039;41563652;26818851;5846312;42608024;28919170;6117024;0;79916
FR;1;2022-11-01;42;119;762;115;103;760;135;0;18;42683081;41563771;26819613;5846427;42608127;28919930;6117159;0;79934
FR;1;2022-11-02;258;225;524;979;220;492;1042;0;355;42683339;41563996;26820137;5847406;42608347;28920422;6118201;0;80289
FR;1;2022-11-03;267;227;438;1377;213;398;1416;0;374;42683606;41564223;26820575;5848783;42608560;28920820;6119617;0;80663
FR;1;2022-11-04;230;258;421;1597;237;400;1635;0;438;42683836;41564481;26820996;5850380;42608797;28921220;6121252;0;81101
FR;1;2022-11-05;97;118;272;501;107;254;523;0;111;42683933;41564599;26821268;5850881;42608904;28921474;6121775;0;81212
FR;1;2022-11-06;36;42;32;131;41;35;129;0;33;42683969;41564641;26821300;5851012;42608945;28921509;6121904;0;81245
FR;1;2022-11-07;183;203;290;891;191;281;937;0;211;42684152;41564844;26821590;5851903;42609136;28921790;6122841;0;81456
FR;1;2022-11-08;196;234;457;1677;222;403;1705;0;519;42684348;41565078;26822047;5853580;42609358;28922193;6124546;0;81975
FR;1;2022-11-09;183;208;333;1102;195;299;1139;0;458;42684531;41565286;26822380;5854682;42609553;28922492;6125685;0;82433
FR;1;2022-11-10;207;268;428;1678;257;437;1665;0;580;42684738;41565554;26822808;5856360;42609810;28922929;6127350;0;83013
FR;1;2022-11-11;27;33;102;100;32;88;114;0;44;42684765;41565587;26822910;5856460;42609842;28923017;6127464;0;83057
FR;1;2022-11-12;88;118;256;375;105;255;390;0;101;42684853;41565705;26823166;5856835;42609947;28923272;6127854;0;83158
FR;1;2022-11-13;19;32;28;64;29;31;66;0;26;42684872;41565737;26823194;5856899;42609976;28923303;6127920;0;83184
FR;1;2022-11-14;170;176;257;765;164;261;835;0;234;42685042;41565913;26823451;5857664;42610140;28923564;6128755;0;83418
FR;1;2022-11-15;210;232;378;1294;231;353;1335;0;434;42685252;41566145;26823829;5858958;42610371;28923917;6130090;0;83852
FR;1;2022-11-16;183;219;325;981;214;338;1016;0;359;42685435;41566364;26824154;5859939;42610585;28924255;6131106;0;84211
FR;1;2022-11-17;163;181;287;1204;175;263;1208;0;386;42685598;41566545;26824441;5861143;42610760;28924518;6132314;0;84597
FR;1;2022-11-18;225;251;391;1314;245;380;1347;0;411;42685823;41566796;26824832;5862457;42611005;28924898;6133661;0;85008
FR;1;2022-11-19;120;101;245;438;99;210;471;0;99;42685943;41566897;26825077;5862895;42611104;28925108;6134132;0;85107
FR;1;2022-11-20;28;37;29;66;32;31;74;0;28;42685971;41566934;26825106;5862961;42611136;28925139;6134206;0;85135
FR;1;2022-11-21;174;165;265;638;139;281;674;0;211;42686145;41567099;26825371;5863599;42611275;28925420;6134880;0;85346
FR;1;2022-11-22;154;146;409;1153;129;392;1176;0;405;42686299;41567245;26825780;5864752;42611404;28925812;6136056;0;85751
FR;1;2022-11-23;177;169;239;758;152;240;780;0;241;42686476;41567414;26826019;5865510;42611556;28926052;6136836;0;85992
FR;1;2022-11-24;131;161;282;1192;141;295;1194;0;425;42686607;41567575;26826301;5866702;42611697;28926347;6138030;0;86417
FR;1;2022-11-25;200;231;422;1153;216;411;1185;0;392;42686807;41567806;26826723;5867855;42611913;28926758;6139215;0;86809
FR;1;2022-11-26;90;106;113;318;97;124;306;0;117;42686897;41567912;26826836;5868173;42612010;28926882;6139521;0;86926
FR;1;2022-11-27;14;31;19;71;18;31;77;0;49;42686911;41567943;26826855;5868244;42612028;28926913;6139598;0;86975
FR;1;2022-11-28;205;135;206;665;143;203;707;0;332;42687116;41568078;26827061;5868909;42612171;28927116;6140305;0;87307
FR;1;2022-11-29;168;140;267;1102;124;249;1115;0;457;42687284;41568218;26827328;5870011;42612295;28927365;6141420;0;87764
FR;1;2022-11-30;159;189;228;929;176;230;954;0;319;42687443;41568407;26827556;5870940;42612471;28927595;6142374;0;88083
FR;1;2022-12-01;152;141;690;1081;131;653;1123;0;361;42687595;41568548;26828246;5872021;42612602;28928248;6143497;0;88444
FR;1;2022-12-02;196;189;508;1180;184;505;1227;0;469;42687791;41568737;26828754;5873201;42612786;28928753;6144724;0;88913
FR;1;2022-12-03;101;106;260;530;94;238;527;0;177;42687892;41568843;26829014;5873731;42612880;28928991;6145251;0;89090
FR;1;2022-12-04;24;26;19;138;23;20;129;0;58;42687916;41568869;26829033;5873869;42612903;28929011;6145380;0;89148
FR;1;2022-12-05;132;120;277;865;115;272;896;0;313;42688048;41568989;26829310;5874734;42613018;28929283;6146276;0;89461
FR;1;2022-12-06;143;136;262;1444;123;265;1450;0;739;42688191;41569125;26829572;5876178;42613141;28929548;6147726;0;90200
FR;1;2022-12-07;145;139;237;1184;150;215;1201;0;572;42688336;41569264;26829809;5877362;42613291;28929763;6148927;0;90772
FR;1;2022-12-08;126;133;292;1735;125;246;1780;0;764;42688462;41569397;26830101;5879097;42613416;28930009;6150707;0;91536
FR;1;2022-12-09;197;192;342;1811;163;351;1831;0;721;42688659;41569589;26830443;5880908;42613579;28930360;6152538;0;92257
FR;1;2022-12-10;108;98;333;852;86;313;874;0;292;42688767;41569687;26830776;5881760;42613665;28930673;6153412;0;92549
FR;1;2022-12-11;31;30;31;218;27;29;200;0;62;42688798;41569717;26830807;5881978;42613692;28930702;6153612;0;92611
FR;1;2022-12-12;118;89;270;1097;88;256;1109;0;457;42688916;41569806;26831077;5883075;42613780;28930958;6154721;0;93068
FR;1;2022-12-13;114;117;282;1293;91;259;1305;0;615;42689030;41569923;26831359;5884368;42613871;28931217;6156026;0;93683
FR;1;2022-12-14;102;132;238;861;127;218;883;0;368;42689132;41570055;26831597;5885229;42613998;28931435;6156909;0;94051
FR;1;2022-12-15;128;137;423;1482;124;396;1508;0;688;42689260;41570192;26832020;5886711;42614122;28931831;6158417;0;94739
FR;1;2022-12-16;201;204;548;1323;207;534;1348;0;619;42689461;41570396;26832568;5888034;42614329;28932365;6159765;0;95358
FR;1;2022-12-17;87;82;210;465;72;206;471;0;203;42689548;41570478;26832778;5888499;42614401;28932571;6160236;0;95561
FR;1;2022-12-18;17;20;23;108;17;25;105;0;37;42689565;41570498;26832801;5888607;42614418;28932596;6160341;0;95598
FR;1;2022-12-19;148;125;237;783;129;210;824;0;358;42689713;41570623;26833038;5889390;42614547;28932806;6161165;0;95956
FR;1;2022-12-20;136;149;327;888;139;320;894;0;418;42689849;41570772;26833365;5890278;42614686;28933126;6162059;0;96374
FR;1;2022-12-21;131;102;187;620;110;153;630;0;354;42689980;41570874;26833552;5890898;42614796;28933279;6162689;0;96728
FR;1;2022-12-22;144;98;146;535;105;130;528;0;301;42690124;41570972;26833698;5891433;42614901;28933409;6163217;0;97029
FR;1;2022-12-23;124;142;437;407;123;428;411;0;175;42690248;41571114;26834135;5891840;42615024;28933837;6163628;0;97204
FR;1;2022-12-24;29;22;31;53;25;30;59;0;20;42690277;41571136;26834166;5891893;42615049;28933867;6163687;0;97224
FR;1;2022-12-25;3;7;16;11;7;11;13;0;11;42690280;41571143;26834182;5891904;42615056;28933878;6163700;0;97235
FR;1;2022-12-26;89;88;243;247;88;247;253;0;93;42690369;41571231;26834425;5892151;42615144;28934125;6163953;0;97328
FR;1;2022-12-27;106;152;293;383;143;298;399;0;178;42690475;41571383;26834718;5892534;42615287;28934423;6164352;0;97506
FR;1;2022-12-28;98;128;186;267;116;190;275;0;124;42690573;41571511;26834904;5892801;42615403;28934613;6164627;0;97630
FR;1;2022-12-29;102;93;143;274;89;142;295;0;114;42690675;41571604;26835047;5893075;42615492;28934755;6164922;0;97744
FR;1;2022-12-30;121;119;78;254;107;86;261;0;140;42690796;41571723;26835125;5893329;42615599;28934841;6165183;0;97884
FR;1;2022-12-31;36;33;26;72;38;23;73;0;20;42690832;41571756;26835151;5893401;42615637;28934864;6165256;0;97904
FR;1;2023-01-01;4;9;50;20;9;47;24;0;10;42690836;41571765;26835201;5893421;42615646;28934911;6165280;0;97914
FR;1;2023-01-02;71;63;113;120;70;108;126;0;55;42690907;41571828;26835314;5893541;42615716;28935019;6165406;0;97969
FR;1;2023-01-03;139;73;137;176;73;136;185;0;120;42691046;41571901;26835451;5893717;42615789;28935155;6165591;0;98089
FR;1;2023-01-04;75;62;58;176;68;56;184;0;188;42691121;41571963;26835509;5893893;42615857;28935211;6165775;0;98277
FR;1;2023-01-05;138;88;88;313;100;87;313;0;192;42691259;41572051;26835597;5894206;42615957;28935298;6166088;0;98469
FR;1;2023-01-06;188;127;87;304;130;79;321;0;228;42691447;41572178;26835684;5894510;42616087;28935377;6166409;0;98697
FR;1;2023-01-07;100;81;59;133;85;46;144;0;92;42691547;41572259;26835743;5894643;42616172;28935423;6166553;0;98789
FR;1;2023-01-08;25;15;20;54;12;16;58;0;23;42691572;41572274;26835763;5894697;42616184;28935439;6166611;0;98812
FR;1;2023-01-09;133;112;63;122;109;70;134;0;109;42691705;41572386;26835826;5894819;42616293;28935509;6166745;0;98921
FR;1;2023-01-10;103;84;55;222;85;61;218;0;177;42691808;41572470;26835881;5895041;42616378;28935570;6166963;0;99098
FR;1;2023-01-11;92;87;56;173;90;62;183;0;93;42691900;41572557;26835937;5895214;42616468;28935632;6167146;0;99191
FR;1;2023-01-12;118;82;66;212;78;73;230;0;154;42692018;41572639;26836003;5895426;42616546;28935705;6167376;0;99345
FR;1;2023-01-13;189;129;74;248;126;79;264;0;175;42692207;41572768;26836077;5895674;42616672;28935784;6167640;0;99520
FR;1;2023-01-14;87;50;34;92;50;46;90;0;45;42692294;41572818;26836111;5895766;42616722;28935830;6167730;0;99565
FR;1;2023-01-15;17;13;10;37;13;8;41;0;25;42692311;41572831;26836121;5895803;42616735;28935838;6167771;0;99590
FR;1;2023-01-16;103;74;37;125;68;41;100;0;71;42692414;41572905;26836158;5895928;42616803;28935879;6167871;0;99661
FR;2;2020-12-27;0;0;0;0;0;0;0;0;0;0;0;0;0;0;0;0;0;0
FR;2;2020-12-28;0;0;0;0;0;0;0;0;0;0;0;0;0;0;0;0;0;0
FR;2;2020-12-29;0;0;0;0;0;0;0;0;0;0;0;0;0;0;0;0;0;0
FR;2;2020-12-30;0;0;0;0;0;0;0;0;0;0;0;0;0;0;0;0;0;0
FR;2;2020-12-31;0;0;0;0;0;0;0;0;0;0;0;0;0;0;0;0;0;0
FR;2;2021-01-01;0;0;0;0;0;0;0;0;0;0;0;0;0;0;0;0;0;0
FR;2;2021-01-02;0;0;0;0;0;0;0;0;0;0;0;0;0;0;0;0;0;0
FR;2;2021-01-03;0;0;0;0;0;0;0;0;0;0;0;0;0;0;0;0;0;0
FR;2;2021-01-04;0;0;0;0;0;0;0;0;0;0;0;0;0;0;0;0;0;0
FR;2;2021-01-05;0;0;0;0;0;0;0;0;0;0;0;0;0;0;0;0;0;0
FR;2;2021-01-06;0;0;0;0;0;0;0;0;0;0;0;0;0;0;0;0;0;0
FR;2;2021-01-07;0;0;0;0;0;0;0;0;0;0;0;0;0;0;0;0;0;0
FR;2;2021-01-08;0;0;0;0;0;0;0;0;0;0;0;0;0;0;0;0;0;0
FR;2;2021-01-09;0;0;0;0;0;0;0;0;0;0;0;0;0;0;0;0;0;0
FR;2;2021-01-10;0;0;0;0;0;0;0;0;0;0;0;0;0;0;0;0;0;0
FR;2;2021-01-11;0;0;0;0;0;0;0;0;0;0;0;0;0;0;0;0;0;0
FR;2;2021-01-12;0;0;0;0;0;0;0;0;0;0;0;0;0;0;0;0;0;0
FR;2;2021-01-13;0;0;0;0;0;0;0;0;0;0;0;0;0;0;0;0;0;0
FR;2;2021-01-14;1641;0;0;0;213;0;0;0;0;1641;0;0;0;213;0;0;0;0
FR;2;2021-01-15;398;0;0;0;28;0;0;0;0;2039;0;0;0;241;0;0;0;0
FR;2;2021-01-16;316;0;0;0;12;0;0;0;0;2355;0;0;0;253;0;0;0;0
FR;2;2021-01-17;84;0;0;0;7;0;0;0;0;2439;0;0;0;260;0;0;0;0
FR;2;2021-01-18;3075;3;0;0;27;0;0;0;0;5514;3;0;0;287;0;0;0;0
FR;2;2021-01-19;4681;2;0;0;31;0;0;0;0;10195;5;0;0;318;0;0;0;0
FR;2;2021-01-20;5137;6;0;0;58;0;0;0;0;15332;11;0;0;376;0;0;0;0
FR;2;2021-01-21;5345;9;0;0;56;0;0;0;0;20677;20;0;0;432;0;0;0;0
FR;2;2021-01-22;5118;18;0;0;70;0;0;0;0;25795;38;0;0;502;0;0;0;0
FR;2;2021-01-23;1875;2;0;0;16;0;0;0;0;27670;40;0;0;518;0;0;0;0
FR;2;2021-01-24;163;2;0;0;8;0;0;0;0;27833;42;0;0;526;0;0;0;0
FR;2;2021-01-25;3814;4;0;0;37;0;0;0;0;31647;46;0;0;563;0;0;0;0
FR;2;2021-01-26;3927;6;0;0;42;0;0;0;0;35574;52;0;0;605;0;0;0;0
FR;2;2021-01-27;3605;4;0;0;36;0;0;0;0;39179;56;0;0;641;0;0;0;0
FR;2;2021-01-28;3755;9;0;0;44;0;0;0;0;42934;65;0;0;685;0;0;0;0
FR;2;2021-01-29;3300;5;0;0;41;0;0;0;0;46234;70;0;0;726;0;0;0;0
FR;2;2021-01-30;1133;3;0;0;16;0;0;0;0;47367;73;0;0;742;0;0;0;0
FR;2;2021-01-31;46;2;0;0;9;0;0;0;0;47413;75;0;0;751;0;0;0;0
FR;2;2021-02-01;3407;13;0;0;44;0;0;0;0;50820;88;0;0;795;0;0;0;0
FR;2;2021-02-02;4496;19;0;0;53;0;0;0;0;55316;107;0;0;848;0;0;0;0
FR;2;2021-02-03;5222;11;0;0;82;0;0;0;0;60538;118;0;0;930;0;0;0;0
FR;2;2021-02-04;4941;11;0;0;36;0;0;0;0;65479;129;0;0;966;0;0;0;0
FR;2;2021-02-05;4817;17;0;0;50;0;0;0;0;70296;146;0;0;1016;0;0;0;0
FR;2;2021-02-06;2044;15;0;0;41;0;0;0;0;72340;161;0;0;1057;0;0;0;0
FR;2;2021-02-07;103;6;0;0;20;0;0;0;0;72443;167;0;0;1077;0;0;0;0
FR;2;2021-02-08;7559;26;0;0;85;0;0;0;0;80002;193;0;0;1162;0;0;0;0
FR;2;2021-02-09;8434;30;0;0;98;0;0;0;0;88436;223;0;0;1260;0;0;0;0
FR;2;2021-02-10;9348;63;0;0;183;0;0;0;0;97784;286;0;0;1443;0;0;0;0
FR;2;2021-02-11;10292;130;0;0;254;0;0;0;0;108076;416;0;0;1697;0;0;0;0
FR;2;2021-02-12;10059;275;0;0;429;0;0;0;0;118135;691;0;0;2126;0;0;0;0
FR;2;2021-02-13;3121;224;0;0;262;0;0;0;0;121256;915;0;0;2388;0;0;0;0
FR;2;2021-02-14;358;11;0;0;21;0;0;0;0;121614;926;0;0;2409;0;0;0;0
FR;2;2021-02-15;3460;3129;0;0;3175;0;0;0;0;125074;4055;0;0;5584;0;0;0;0
FR;2;2021-02-16;5075;4161;0;0;4234;0;0;0;0;130149;8216;0;0;9818;0;0;0;0
FR;2;2021-02-17;4259;4554;0;0;4630;0;0;0;0;134408;12770;0;0;14448;0;0;0;0
FR;2;2021-02-18;5406;5176;0;0;5245;0;0;0;0;139814;17946;0;0;19693;0;0;0;0
FR;2;2021-02-19;5328;4488;0;0;4589;0;0;0;0;145142;22434;0;0;24282;0;0;0;0
FR;2;2021-02-20;1872;1520;0;0;1536;0;0;0;0;147014;23954;0;0;25818;0;0;0;0
FR;2;2021-02-21;244;96;0;0;98;0;0;0;0;147258;24050;0;0;25916;0;0;0;0
FR;2;2021-02-22;3614;3782;0;0;3844;0;0;0;0;150872;27832;0;0;29760;0;0;0;0
FR;2;2021-02-23;4956;3736;0;0;3799;0;0;0;0;155828;31568;0;0;33559;0;0;0;0
FR;2;2021-02-24;5017;3554;0;0;3606;0;0;0;0;160845;35122;0;0;37165;0;0;0;0
FR;2;2021-02-25;5500;3492;0;0;3581;0;0;0;0;166345;38614;0;0;40746;0;0;0;0
FR;2;2021-02-26;4368;3180;0;0;3251;0;0;0;0;170713;41794;0;0;43997;0;0;0;0
FR;2;2021-02-27;1629;1067;0;0;1086;0;0;0;0;172342;42861;0;0;45083;0;0;0;0
FR;2;2021-02-28;179;17;0;0;28;0;0;0;0;172521;42878;0;0;45111;0;0;0;0
FR;2;2021-03-01;5193;3758;0;0;3847;0;0;0;0;177714;46636;0;0;48958;0;0;0;0
FR;2;2021-03-02;6541;4725;0;0;4826;0;0;0;0;184255;51361;0;0;53784;0;0;0;0
FR;2;2021-03-03;6544;4955;0;0;5096;0;0;0;0;190799;56316;0;0;58880;0;0;0;0
FR;2;2021-03-04;8411;4204;0;0;4389;0;0;0;0;199210;60520;0;0;63269;0;0;0;0
FR;2;2021-03-05;8036;4054;0;0;4235;0;0;0;0;207246;64574;0;0;67504;0;0;0;0
FR;2;2021-03-06;4790;1683;0;0;1783;0;0;0;0;212036;66257;0;0;69287;0;0;0;0
FR;2;2021-03-07;2373;32;0;0;76;0;0;0;0;214409;66289;0;0;69363;0;0;0;0
FR;2;2021-03-08;4166;8392;0;0;8548;0;0;0;0;218575;74681;0;0;77911;0;0;0;0
FR;2;2021-03-09;7493;8605;1;0;8863;0;0;0;0;226068;83286;1;0;86774;0;0;0;0
FR;2;2021-03-10;7107;9242;0;0;9467;0;0;0;0;233175;92528;1;0;96241;0;0;0;0
FR;2;2021-03-11;9378;9363;1;0;9682;0;0;0;0;242553;101891;2;0;105923;0;0;0;0
FR;2;2021-03-12;7987;8359;0;0;8661;0;0;0;0;250540;110250;2;0;114584;0;0;0;0
FR;2;2021-03-13;10057;2591;0;0;2912;0;0;0;0;260597;112841;2;0;117496;0;0;0;0
FR;2;2021-03-14;4841;383;0;0;542;0;0;0;0;265438;113224;2;0;118038;0;0;0;0
FR;2;2021-03-15;10918;3473;0;0;3762;0;0;0;0;276356;116697;2;0;121800;0;0;0;0
FR;2;2021-03-16;16769;4719;1;0;5268;0;0;0;0;293125;121416;3;0;127068;0;0;0;0
FR;2;2021-03-17;20242;3998;0;0;4672;0;0;0;0;313367;125414;3;0;131740;0;0;0;0
FR;2;2021-03-18;23372;5128;0;0;5955;0;0;0;0;336739;130542;3;0;137695;0;0;0;0
FR;2;2021-03-19;23316;4674;0;0;5436;0;0;0;0;360055;135216;3;0;143131;0;0;0;0
FR;2;2021-03-20;25452;1585;0;0;2342;0;0;0;0;385507;136801;3;0;145473;0;0;0;0
FR;2;2021-03-21;17673;153;0;0;731;0;0;0;0;403180;136954;3;0;146204;0;0;0;0
FR;2;2021-03-22;17790;3254;0;0;3922;0;0;0;0;420970;140208;3;0;150126;0;0;0;0
FR;2;2021-03-23;22704;4282;0;0;5135;0;0;0;0;443674;144490;3;0;155261;0;0;0;0
FR;2;2021-03-24;23963;5079;0;0;5916;0;0;0;0;467637;149569;3;0;161177;0;0;0;0
FR;2;2021-03-25;26760;5248;1;0;6445;0;0;0;0;494397;154817;4;0;167622;0;0;0;0
FR;2;2021-03-26;26991;4232;0;0;5378;0;0;0;0;521388;159049;4;0;173000;0;0;0;0
FR;2;2021-03-27;15923;1367;0;0;1896;0;0;0;0;537311;160416;4;0;174896;0;0;0;0
FR;2;2021-03-28;10562;137;0;0;429;0;0;0;0;547873;160553;4;0;175325;0;0;0;0
FR;2;2021-03-29;19000;4346;0;0;5046;0;0;0;0;566873;164899;4;0;180371;0;0;0;0
FR;2;2021-03-30;24596;6104;0;0;7044;0;0;0;0;591469;171003;4;0;187415;0;0;0;0
FR;2;2021-03-31;28562;5932;0;0;7223;0;0;0;0;620031;176935;4;0;194638;0;0;0;0
FR;2;2021-04-01;34559;8574;1;0;10266;0;0;0;0;654590;185509;5;0;204904;0;0;0;0
FR;2;2021-04-02;29993;7734;0;0;9161;0;0;0;0;684583;193243;5;0;214065;0;0;0;0
FR;2;2021-04-03;16958;4244;0;0;4926;0;0;0;0;701541;197487;5;0;218991;0;0;0;0
FR;2;2021-04-04;9309;1273;2;0;1681;0;0;0;0;710850;198760;7;0;220672;0;0;0;0
FR;2;2021-04-05;12447;796;0;0;1380;0;0;0;0;723297;199556;7;0;222052;0;0;0;0
FR;2;2021-04-06;27158;7348;0;0;8738;0;0;0;0;750455;206904;7;0;230790;0;0;0;0
FR;2;2021-04-07;30930;7069;1;0;8645;0;0;0;0;781385;213973;8;0;239435;0;0;0;0
FR;2;2021-04-08;36895;8597;1;0;10522;0;0;0;0;818280;222570;9;0;249957;0;0;0;0
FR;2;2021-04-09;33854;8392;28;0;10177;0;0;0;0;852134;230962;37;0;260134;0;0;0;0
FR;2;2021-04-10;19689;9264;1;0;10177;0;0;0;0;871823;240226;38;0;270311;0;0;0;0
FR;2;2021-04-11;7942;4240;1;0;4603;0;0;0;0;879765;244466;39;0;274914;0;0;0;0
FR;2;2021-04-12;17132;11030;0;0;11869;0;0;0;0;896897;255496;39;0;286783;0;0;0;0
FR;2;2021-04-13;19464;16033;1;0;17100;0;0;0;0;916361;271529;40;0;303883;0;0;0;0
FR;2;2021-04-14;18070;16445;7;0;17539;0;0;0;0;934431;287974;47;0;321422;0;0;0;0
FR;2;2021-04-15;22204;21868;27;0;23319;0;0;0;0;956635;309842;74;0;344741;0;0;0;0
FR;2;2021-04-16;20720;20623;45;0;21895;0;0;0;0;977355;330465;119;0;366636;0;0;0;0
FR;2;2021-04-17;13258;22496;5;0;23226;0;0;0;0;990613;352961;124;0;389862;0;0;0;0
FR;2;2021-04-18;5911;14397;6;0;14737;0;0;0;0;996524;367358;130;0;404599;0;0;0;0
FR;2;2021-04-19;16850;16391;24;0;17193;0;0;0;0;1013374;383749;154;0;421792;0;0;0;0
FR;2;2021-04-20;19326;21801;38;0;22863;0;0;0;0;1032700;405550;192;0;444655;0;0;0;0
FR;2;2021-04-21;20292;21884;76;0;23035;0;0;0;0;1052992;427434;268;0;467690;0;0;0;0
FR;2;2021-04-22;23824;24940;41;0;26351;0;0;0;0;1076816;452374;309;0;494041;0;0;0;0
FR;2;2021-04-23;24534;25490;76;0;26999;0;0;0;0;1101350;477864;385;0;521040;0;0;0;0
FR;2;2021-04-24;25305;15068;104;0;16505;0;0;0;0;1126655;492932;489;0;537545;0;0;0;0
FR;2;2021-04-25;9597;8620;5;0;9181;0;0;0;0;1136252;501552;494;0;546726;0;0;0;0
FR;2;2021-04-26;17167;17652;21;0;18537;0;0;0;0;1153419;519204;515;0;565263;0;0;0;0
FR;2;2021-04-27;19246;24107;40;0;25291;0;0;0;0;1172665;543311;555;0;590554;0;0;0;0
FR;2;2021-04-28;22341;26452;112;0;27852;0;0;0;0;1195006;569763;667;0;618406;0;0;0;0
FR;2;2021-04-29;25474;30475;70;0;32164;0;0;0;0;1220480;600238;737;0;650570;0;0;0;0
FR;2;2021-04-30;25540;27972;49;1;29619;0;0;0;0;1246020;628210;786;1;680189;0;0;0;0
FR;2;2021-05-01;14988;9849;6;0;10651;0;0;0;0;1261008;638059;792;1;690840;0;0;0;0
FR;2;2021-05-02;6640;9161;2;0;9507;0;0;0;0;1267648;647220;794;1;700347;0;0;0;0
FR;2;2021-05-03;20023;19128;40;0;20335;0;0;0;0;1287671;666348;834;1;720682;0;0;0;0
FR;2;2021-05-04;18288;29194;33;0;30338;0;0;0;0;1305959;695542;867;1;751020;0;0;0;0
FR;2;2021-05-05;18385;29513;48;0;30810;0;0;0;0;1324344;725055;915;1;781830;0;0;0;0
FR;2;2021-05-06;23551;35414;132;0;36986;0;0;0;0;1347895;760469;1047;1;818816;0;0;0;0
FR;2;2021-05-07;25343;33236;97;0;35093;0;0;0;0;1373238;793705;1144;1;853909;0;0;0;0
FR;2;2021-05-08;21343;10640;15;0;11728;0;0;0;0;1394581;804345;1159;1;865637;0;0;0;0
FR;2;2021-05-09;13169;7647;7;0;8322;0;0;0;0;1407750;811992;1166;1;873959;0;0;0;0
FR;2;2021-05-10;32946;21728;50;0;23586;0;0;0;0;1440696;833720;1216;1;897545;0;0;0;0
FR;2;2021-05-11;43615;20903;101;0;23528;0;0;0;0;1484311;854623;1317;1;921073;0;0;0;0
FR;2;2021-05-12;50066;19639;143;0;22519;0;0;0;0;1534377;874262;1460;1;943592;0;0;0;0
FR;2;2021-05-13;51300;5603;31;0;8471;0;0;0;0;1585677;879865;1491;1;952063;0;0;0;0
FR;2;2021-05-14;61360;12886;132;0;16539;0;0;0;0;1647037;892751;1623;1;968602;0;0;0;0
FR;2;2021-05-15;65936;7102;39;0;10652;0;0;0;0;1712973;899853;1662;1;979254;0;0;0;0
FR;2;2021-05-16;43588;2574;10;0;4944;0;0;0;0;1756561;902427;1672;1;984198;0;0;0;0
FR;2;2021-05-17;44756;12457;114;0;15363;0;0;0;0;1801317;914884;1786;1;999561;0;0;0;0
FR;2;2021-05-18;54648;12280;190;0;15962;0;0;0;0;1855965;927164;1976;1;1015523;0;0;0;0
FR;2;2021-05-19;57178;10463;281;0;14503;0;0;0;0;1913143;937627;2257;1;1030026;0;0;0;0
FR;2;2021-05-20;63449;10804;288;0;14902;0;0;0;0;1976592;948431;2545;1;1044928;0;0;0;0
FR;2;2021-05-21;64306;11608;230;0;16033;0;0;0;0;2040898;960039;2775;1;1060961;0;0;0;0
FR;2;2021-05-22;61489;4531;65;0;8501;0;0;0;0;2102387;964570;2840;1;1069462;0;0;0;0
FR;2;2021-05-23;37536;575;22;0;2912;0;0;0;0;2139923;965145;2862;1;1072374;0;0;0;0
FR;2;2021-05-24;17247;2051;35;0;3258;0;0;0;0;2157170;967196;2897;1;1075632;0;0;0;0
FR;2;2021-05-25;21119;12250;241;0;13852;0;0;0;0;2178289;979446;3138;1;1089484;0;0;0;0
FR;2;2021-05-26;19944;11537;230;0;13064;0;0;0;0;2198233;990983;3368;1;1102548;0;0;0;0
FR;2;2021-05-27;23000;12660;182;0;14396;0;0;0;0;2221233;1003643;3550;1;1116944;0;0;0;0
FR;2;2021-05-28;29396;15047;190;0;17228;0;0;0;0;2250629;1018690;3740;1;1134172;0;0;0;0
FR;2;2021-05-29;30423;8193;58;0;10101;0;0;0;0;2281052;1026883;3798;1;1144273;0;0;0;0
FR;2;2021-05-30;4648;1819;6;0;2154;0;0;0;0;2285700;1028702;3804;1;1146427;0;0;0;0
FR;2;2021-05-31;28590;18745;184;0;20825;0;0;0;0;2314290;1047447;3988;1;1167252;0;0;0;0
FR;2;2021-06-01;45743;19906;225;0;23144;0;0;0;0;2360033;1067353;4213;1;1190396;0;0;0;0
FR;2;2021-06-02;37478;19311;182;0;22316;0;0;0;0;2397511;1086664;4395;1;1212712;0;0;0;0
FR;2;2021-06-03;51281;23120;161;0;26974;0;0;0;0;2448792;1109784;4556;1;1239686;0;0;0;0
FR;2;2021-06-04;65517;24085;217;0;29054;0;0;0;0;2514309;1133869;4773;1;1268740;0;0;0;0
FR;2;2021-06-05;34606;24106;52;0;26961;0;0;0;0;2548915;1157975;4825;1;1295701;0;0;0;0
FR;2;2021-06-06;4957;6192;10;0;6611;0;0;0;0;2553872;1164167;4835;1;1302312;0;0;0;0
FR;2;2021-06-07;28177;23009;150;0;25422;0;0;0;0;2582049;1187176;4985;1;1327734;0;0;0;0
FR;2;2021-06-08;46378;22939;143;0;26905;0;0;0;0;2628427;1210115;5128;1;1354639;0;0;0;0
FR;2;2021-06-09;34296;20990;107;0;24123;0;0;0;0;2662723;1231105;5235;1;1378762;0;0;0;0
FR;2;2021-06-10;42643;19077;96;1;22999;0;0;0;0;2705366;1250182;5331;2;1401761;0;0;0;0
FR;2;2021-06-11;55303;25137;134;0;30236;0;0;0;0;2760669;1275319;5465;2;1431997;0;0;0;0
FR;2;2021-06-12;30563;19798;53;0;22653;0;0;0;0;2791232;1295117;5518;2;1454650;0;0;0;0
FR;2;2021-06-13;3334;9196;13;0;9584;0;0;0;0;2794566;1304313;5531;2;1464234;0;0;0;0
FR;2;2021-06-14;25304;24114;92;0;26694;0;0;0;0;2819870;1328427;5623;2;1490928;0;0;0;0
FR;2;2021-06-15;39048;22820;154;0;26570;0;0;0;0;2858918;1351247;5777;2;1517498;0;0;0;0
FR;2;2021-06-16;30167;21363;135;0;24518;0;0;0;0;2889085;1372610;5912;2;1542016;0;0;0;0
FR;2;2021-06-17;36912;25745;150;0;29607;0;0;0;0;2925997;1398355;6062;2;1571623;0;0;0;0
FR;2;2021-06-18;46860;28885;123;0;33587;0;0;0;0;2972857;1427240;6185;2;1605210;0;0;0;0
FR;2;2021-06-19;24527;24935;39;0;27708;0;0;0;0;2997384;1452175;6224;2;1632918;0;0;0;0
FR;2;2021-06-20;3745;10059;9;0;10558;0;0;0;0;3001129;1462234;6233;2;1643476;0;0;0;0
FR;2;2021-06-21;17537;42855;88;0;44867;0;0;0;0;3018666;1505089;6321;2;1688343;0;0;0;0
FR;2;2021-06-22;28366;49618;110;0;53045;0;0;0;0;3047032;1554707;6431;2;1741388;0;0;0;0
FR;2;2021-06-23;21790;49611;107;1;52456;1;0;0;0;3068822;1604318;6538;3;1793844;1;0;0;0
FR;2;2021-06-24;28379;50305;134;0;54040;0;0;0;0;3097201;1654623;6672;3;1847884;1;0;0;0
FR;2;2021-06-25;33402;60472;128;0;64857;0;0;0;0;3130603;1715095;6800;3;1912741;1;0;0;0
FR;2;2021-06-26;16395;59347;54;1;61737;0;0;0;0;3146998;1774442;6854;4;1974478;1;0;0;0
FR;2;2021-06-27;2566;29321;22;1;29903;0;0;0;0;3149564;1803763;6876;5;2004381;1;0;0;0
FR;2;2021-06-28;12641;54335;84;0;56311;0;0;0;0;3162205;1858098;6960;5;2060692;1;0;0;0
FR;2;2021-06-29;19856;59989;178;0;62933;0;0;0;0;3182061;1918087;7138;5;2123625;1;0;0;0
FR;2;2021-06-30;16334;58034;253;17;60720;0;0;0;0;3198395;1976121;7391;22;2184345;1;0;0;0
FR;2;2021-07-01;20494;59871;228;0;63199;0;0;0;0;3218889;2035992;7619;22;2247544;1;0;0;0
FR;2;2021-07-02;24081;62154;184;0;66370;0;0;0;0;3242970;2098146;7803;22;2313914;1;0;0;0
FR;2;2021-07-03;12122;57142;153;0;59480;0;0;0;0;3255092;2155288;7956;22;2373394;1;0;0;0
FR;2;2021-07-04;1960;23305;18;0;23872;0;0;0;0;3257052;2178593;7974;22;2397266;1;0;0;0
FR;2;2021-07-05;9179;29271;106;0;30907;0;0;0;0;3266231;2207864;8080;22;2428173;1;0;0;0
FR;2;2021-07-06;14583;36267;135;0;38947;0;0;0;0;3280814;2244131;8215;22;2467120;1;0;0;0
FR;2;2021-07-07;14419;33659;140;0;36414;0;0;0;0;3295233;2277790;8355;22;2503534;1;0;0;0
FR;2;2021-07-08;19722;40323;162;0;43984;0;0;0;0;3314955;2318113;8517;22;2547518;1;0;0;0
FR;2;2021-07-09;27105;54327;202;1;59479;0;0;0;0;3342060;2372440;8719;23;2606997;1;0;0;0
FR;2;2021-07-10;13388;33706;107;0;36391;0;0;0;0;3355448;2406146;8826;23;2643388;1;0;0;0
FR;2;2021-07-11;1812;4345;16;0;4774;0;0;0;0;3357260;2410491;8842;23;2648162;1;0;0;0
FR;2;2021-07-12;12971;37273;119;0;39929;0;0;0;0;3370231;2447764;8961;23;2688091;1;0;0;0
FR;2;2021-07-13;37118;53147;152;0;60283;0;0;0;0;3407349;2500911;9113;23;2748374;1;0;0;0
FR;2;2021-07-14;6628;3539;15;0;4888;0;0;0;0;3413977;2504450;9128;23;2753262;1;0;0;0
FR;2;2021-07-15;47244;47014;156;0;55212;0;0;0;0;3461221;2551464;9284;23;2808474;1;0;0;0
FR;2;2021-07-16;64319;55751;188;0;66732;0;0;0;0;3525540;2607215;9472;23;2875206;1;0;0;0
FR;2;2021-07-17;31601;23917;96;0;29372;0;0;0;0;3557141;2631132;9568;23;2904578;1;0;0;0
FR;2;2021-07-18;6091;4808;19;0;5955;0;0;0;0;3563232;2635940;9587;23;2910533;1;0;0;0
FR;2;2021-07-19;33006;28611;94;0;34227;0;0;0;0;3596238;2664551;9681;23;2944760;1;0;0;0
FR;2;2021-07-20;51997;44522;155;0;53158;0;0;0;0;3648235;2709073;9836;23;2997918;1;0;0;0
FR;2;2021-07-21;45257;34638;93;0;42145;0;0;0;0;3693492;2743711;9929;23;3040063;1;0;0;0
FR;2;2021-07-22;56279;41085;128;1;50366;0;0;0;0;3749771;2784796;10057;24;3090429;1;0;0;0
FR;2;2021-07-23;68302;48966;170;0;60258;0;0;0;0;3818073;2833762;10227;24;3150687;1;0;0;0
FR;2;2021-07-24;36180;21612;82;0;27474;0;0;0;0;3854253;2855374;10309;24;3178161;1;0;0;0
FR;2;2021-07-25;6751;2608;10;0;3867;0;0;0;0;3861004;2857982;10319;24;3182028;1;0;0;0
FR;2;2021-07-26;36320;22343;91;1;27849;0;0;0;0;3897324;2880325;10410;25;3209877;1;0;0;0
FR;2;2021-07-27;62390;34563;180;0;43708;0;0;0;0;3959714;2914888;10590;25;3253585;1;0;0;0
FR;2;2021-07-28;55324;26424;132;0;34517;0;0;0;0;4015038;2941312;10722;25;3288102;1;0;0;0
FR;2;2021-07-29;68480;32788;189;0;42473;0;0;0;0;4083518;2974100;10911;25;3330575;1;0;0;0
FR;2;2021-07-30;74466;37813;222;1;48609;0;0;0;0;4157984;3011913;11133;26;3379184;1;0;0;0
FR;2;2021-07-31;34776;16208;105;0;21407;0;0;0;0;4192760;3028121;11238;26;3400591;1;0;0;0
FR;2;2021-08-01;5414;2258;19;0;3121;0;0;0;0;4198174;3030379;11257;26;3403712;1;0;0;0
FR;2;2021-08-02;35890;16156;101;0;21058;0;0;0;0;4234064;3046535;11358;26;3424770;1;0;0;0
FR;2;2021-08-03;55985;28265;143;0;35470;0;0;0;0;4290049;3074800;11501;26;3460240;1;0;0;0
FR;2;2021-08-04;46637;20834;128;1;26945;0;0;0;0;4336686;3095634;11629;27;3487185;1;0;0;0
FR;2;2021-08-05;54641;31559;215;0;38743;0;0;0;0;4391327;3127193;11844;27;3525928;1;0;0;0
FR;2;2021-08-06;58098;42392;242;1;50224;0;0;0;0;4449425;3169585;12086;28;3576152;1;0;0;0
FR;2;2021-08-07;25150;17624;89;0;21315;0;0;0;0;4474575;3187209;12175;28;3597467;1;0;0;0
FR;2;2021-08-08;3840;3650;21;0;4308;0;0;0;0;4478415;3190859;12196;28;3601775;1;0;0;0
FR;2;2021-08-09;29308;21031;92;0;24858;0;0;0;0;4507723;3211890;12288;28;3626633;1;0;0;0
FR;2;2021-08-10;45012;33466;155;0;39232;0;0;0;0;4552735;3245356;12443;28;3665865;1;0;0;0
FR;2;2021-08-11;35275;25146;151;0;29750;0;0;0;0;4588010;3270502;12594;28;3695615;1;0;0;0
FR;2;2021-08-12;41905;35694;163;0;41234;0;0;0;0;4629915;3306196;12757;28;3736849;1;0;0;0
FR;2;2021-08-13;42607;37325;218;0;43014;0;0;0;0;4672522;3343521;12975;28;3779863;1;0;0;0
FR;2;2021-08-14;18524;22141;94;0;24775;0;0;0;0;4691046;3365662;13069;28;3804638;1;0;0;0
FR;2;2021-08-15;3864;3798;17;0;4385;0;0;0;0;4694910;3369460;13086;28;3809023;1;0;0;0
FR;2;2021-08-16;25093;27123;111;0;30447;0;0;0;0;4720003;3396583;13197;28;3839470;1;0;0;0
FR;2;2021-08-17;38267;43408;207;2;48397;0;0;0;0;4758270;3439991;13404;30;3887867;1;0;0;0
FR;2;2021-08-18;32253;36348;195;1;40695;1;0;0;0;4790523;3476339;13599;31;3928562;2;0;0;0
FR;2;2021-08-19;37434;46584;224;0;51789;0;0;0;0;4827957;3522923;13823;31;3980351;2;0;0;0
FR;2;2021-08-20;40569;55644;271;1;61578;0;0;0;0;4868526;3578567;14094;32;4041929;2;0;0;0
FR;2;2021-08-21;18121;24320;117;0;27112;0;0;0;0;4886647;3602887;14211;32;4069041;2;0;0;0
FR;2;2021-08-22;2908;4321;22;1;4853;1;0;0;0;4889555;3607208;14233;33;4073894;3;0;0;0
FR;2;2021-08-23;19249;35149;131;1;38040;0;0;0;0;4908804;3642357;14364;34;4111934;3;0;0;0
FR;2;2021-08-24;31952;56037;236;0;60697;0;0;0;0;4940756;3698394;14600;34;4172631;3;0;0;0
FR;2;2021-08-25;25934;43450;251;0;47403;0;0;0;0;4966690;3741844;14851;34;4220034;3;0;0;0
FR;2;2021-08-26;32362;55835;388;0;60594;0;0;0;0;4999052;3797679;15239;34;4280628;3;0;0;0
FR;2;2021-08-27;37005;65681;477;2;71414;0;0;0;0;5036057;3863360;15716;36;4352042;3;0;0;0
FR;2;2021-08-28;17819;28553;300;0;31617;0;0;0;0;5053876;3891913;16016;36;4383659;3;0;0;0
FR;2;2021-08-29;2656;5008;47;0;5620;0;0;0;0;5056532;3896921;16063;36;4389279;3;0;0;0
FR;2;2021-08-30;18418;37728;400;0;40149;757;0;0;0;5074950;3934649;16463;36;4429428;760;0;0;0
FR;2;2021-08-31;28077;57513;887;4;60948;1556;0;0;0;5103027;3992162;17350;40;4490376;2316;0;0;0
FR;2;2021-09-01;21595;39874;1309;0;42265;2125;0;0;0;5124622;4032036;18659;40;4532641;4441;0;0;0
FR;2;2021-09-02;25486;48669;1963;2;50946;3368;0;0;0;5150108;4080705;20622;42;4583587;7809;0;0;0
FR;2;2021-09-03;33414;64563;2988;3;67537;4881;1;0;0;5183522;4145268;23610;45;4651124;12690;1;0;0
FR;2;2021-09-04;16832;27762;1443;1;29559;2383;0;0;0;5200354;4173030;25053;46;4680683;15073;1;0;0
FR;2;2021-09-05;2264;3587;266;0;3945;412;0;0;0;5202618;4176617;25319;46;4684628;15485;1;0;0
FR;2;2021-09-06;14044;28698;1771;1;29764;2945;0;0;0;5216662;4205315;27090;47;4714392;18430;1;0;0
FR;2;2021-09-07;21111;41114;3022;13;42275;4939;0;0;0;5237773;4246429;30112;60;4756667;23369;1;0;0
FR;2;2021-09-08;17248;31920;2736;6;32736;4501;0;0;0;5255021;4278349;32848;66;4789403;27870;1;0;0
FR;2;2021-09-09;20981;40483;4437;3;41232;6839;0;0;0;5276002;4318832;37285;69;4830635;34709;1;0;0
FR;2;2021-09-10;28201;51307;5286;4;51888;8975;1;0;0;5304203;4370139;42571;73;4882523;43684;2;0;0
FR;2;2021-09-11;13654;22452;2405;5;23133;3984;0;0;0;5317857;4392591;44976;78;4905656;47668;2;0;0
FR;2;2021-09-12;1824;2770;292;0;2965;510;0;0;0;5319681;4395361;45268;78;4908621;48178;2;0;0
FR;2;2021-09-13;11659;21444;2474;4;21706;4050;0;0;0;5331340;4416805;47742;82;4930327;52228;2;0;0
FR;2;2021-09-14;18576;32729;5092;13;31693;9054;2;0;0;5349916;4449534;52834;95;4962020;61282;4;0;0
FR;2;2021-09-15;14915;28229;5169;3;26928;7752;9;0;0;5364831;4477763;58003;98;4988948;69034;13;0;0
FR;2;2021-09-16;16078;32796;6737;12;30184;10540;4;0;0;5380909;4510559;64740;110;5019132;79574;17;0;0
FR;2;2021-09-17;20915;47166;8782;10;42819;14625;6;0;0;5401824;4557725;73522;120;5061951;94199;23;0;0
FR;2;2021-09-18;9857;20960;3804;6;19594;6035;1;0;0;5411681;4578685;77326;126;5081545;100234;24;0;0
FR;2;2021-09-19;1166;2595;396;0;2538;632;0;0;0;5412847;4581280;77722;126;5084083;100866;24;0;0
FR;2;2021-09-20;7501;18703;3856;7;17024;6137;4;0;0;5420348;4599983;81578;133;5101107;107003;28;0;0
FR;2;2021-09-21;11215;29984;6495;5;26536;10746;3;0;0;5431563;4629967;88073;138;5127643;117749;31;0;0
FR;2;2021-09-22;9413;23547;5490;6;21196;8525;8;0;0;5440976;4653514;93563;144;5148839;126274;39;0;0
FR;2;2021-09-23;10731;28901;7881;10;24730;12647;10;0;0;5451707;4682415;101444;154;5173569;138921;49;0;0
FR;2;2021-09-24;15075;42936;10876;18;37275;17241;21;0;0;5466782;4725351;112320;172;5210844;156162;70;0;0
FR;2;2021-09-25;7258;18803;3965;9;17156;6120;3;0;0;5474040;4744154;116285;181;5228000;162282;73;0;0
FR;2;2021-09-26;1080;2544;495;0;2490;630;1;0;0;5475120;4746698;116780;181;5230490;162912;74;0;0
FR;2;2021-09-27;6311;16403;4287;8;14794;6534;2;0;0;5481431;4763101;121067;189;5245284;169446;76;0;0
FR;2;2021-09-28;9241;25570;7769;14;21721;12083;7;0;0;5490672;4788671;128836;203;5267005;181529;83;0;0
FR;2;2021-09-29;8081;20199;6067;25;17606;9261;8;0;0;5498753;4808870;134903;228;5284611;190790;91;0;0
FR;2;2021-09-30;9865;25838;9509;16;21638;14100;6;0;0;5508618;4834708;144412;244;5306249;204890;97;0;0
FR;2;2021-10-01;13978;35732;12921;25;30046;19327;9;0;0;5522596;4870440;157333;269;5336295;224217;106;0;0
FR;2;2021-10-02;6874;15929;4850;7;14226;7045;6;0;0;5529470;4886369;162183;276;5350521;231262;112;0;0
FR;2;2021-10-03;841;1910;492;1;1841;502;0;0;0;5530311;4888279;162675;277;5352362;231764;112;0;0
FR;2;2021-10-04;5826;13904;5516;5;12140;7854;6;0;0;5536137;4902183;168191;282;5364502;239618;118;0;0
FR;2;2021-10-05;9058;22566;11125;19;18525;15743;1;0;0;5545195;4924749;179316;301;5383027;255361;119;0;0
FR;2;2021-10-06;7784;17746;8243;11;15271;11093;4;0;0;5552979;4942495;187559;312;5398298;266454;123;0;0
FR;2;2021-10-07;9204;22207;12386;14;18005;16875;6;0;0;5562183;4964702;199945;326;5416303;283329;129;0;0
FR;2;2021-10-08;13431;32144;17349;28;26515;23613;11;0;0;5575614;4996846;217294;354;5442818;306942;140;0;0
FR;2;2021-10-09;6000;12845;6044;6;11380;7896;7;0;0;5581614;5009691;223338;360;5454198;314838;147;0;0
FR;2;2021-10-10;885;1595;436;2;1539;605;1;0;0;5582499;5011286;223774;362;5455737;315443;148;0;0
FR;2;2021-10-11;5607;11549;6455;17;9937;8828;3;0;0;5588106;5022835;230229;379;5465674;324271;151;0;0
FR;2;2021-10-12;8030;17790;12551;13;13924;16788;9;0;0;5596136;5040625;242780;392;5479598;341059;160;0;0
FR;2;2021-10-13;6945;14852;10256;12;11808;13647;7;0;0;5603081;5055477;253036;404;5491406;354706;167;0;0
FR;2;2021-10-14;8314;17940;14996;13;13560;19475;11;0;0;5611395;5073417;268032;417;5504966;374181;178;0;0
FR;2;2021-10-15;11856;26306;20902;26;19412;27978;4;0;0;5623251;5099723;288934;443;5524378;402159;182;0;0
FR;2;2021-10-16;5141;8742;1819;0;8173;3220;2;0;0;5628392;5108465;290753;443;5532551;405379;184;0;0
FR;2;2021-10-17;651;1151;185;0;1082;356;1;0;0;5629043;5109616;290938;443;5533633;405735;185;0;0
FR;2;2021-10-18;4563;7337;665;2;7244;1629;0;0;0;5633606;5116953;291603;445;5540877;407364;185;0;0
FR;2;2021-10-19;6239;9851;732;5;9657;2031;5;0;0;5639845;5126804;292335;450;5550534;409395;190;0;0
FR;2;2021-10-20;5170;8053;759;3;8176;1675;0;0;0;5645015;5134857;293094;453;5558710;411070;190;0;0
FR;2;2021-10-21;6090;9976;780;5;9835;2103;1;0;0;5651105;5144833;293874;458;5568545;413173;191;0;0
FR;2;2021-10-22;8452;14599;1149;4;14475;2889;2;0;0;5659557;5159432;295023;462;5583020;416062;193;0;0
FR;2;2021-10-23;3845;5996;587;0;6128;1237;3;0;0;5663402;5165428;295610;462;5589148;417299;196;0;0
FR;2;2021-10-24;494;884;101;0;901;205;0;0;0;5663896;5166312;295711;462;5590049;417504;196;0;0
FR;2;2021-10-25;3359;5345;307;1;5520;825;2;0;0;5667255;5171657;296018;463;5595569;418329;198;0;0
FR;2;2021-10-26;4177;7238;1133;4;7127;2022;5;0;0;5671432;5178895;297151;467;5602696;420351;203;0;0
FR;2;2021-10-27;3677;6592;1193;5;6451;1991;1;0;0;5675109;5185487;298344;472;5609147;422342;204;0;0
FR;2;2021-10-28;4597;7689;1736;3;7416;2746;1;0;0;5679706;5193176;300080;475;5616563;425088;205;0;0
FR;2;2021-10-29;5415;11082;2438;4;10694;3683;3;0;0;5685121;5204258;302518;479;5627257;428771;208;0;0
FR;2;2021-10-30;2749;4456;976;1;4454;1446;2;0;0;5687870;5208714;303494;480;5631711;430217;210;0;0
FR;2;2021-10-31;364;535;140;1;544;191;1;0;0;5688234;5209249;303634;481;5632255;430408;211;0;0
FR;2;2021-11-01;429;548;181;0;564;268;1;0;0;5688663;5209797;303815;481;5632819;430676;212;0;0
FR;2;2021-11-02;3293;6755;1183;0;6802;1765;5;0;0;5691956;5216552;304998;481;5639621;432441;217;0;0
FR;2;2021-11-03;3340;6223;1388;2;6315;1964;2;0;0;5695296;5222775;306386;483;5645936;434405;219;0;0
FR;2;2021-11-04;3986;7072;1768;4;7110;2495;3;0;0;5699282;5229847;308154;487;5653046;436900;222;0;0
FR;2;2021-11-05;5235;10504;2867;5;10212;3960;5;0;0;5704517;5240351;311021;492;5663258;440860;227;0;0
FR;2;2021-11-06;2597;4677;1406;0;4636;1822;2;0;0;5707114;5245028;312427;492;5667894;442682;229;0;0
FR;2;2021-11-07;506;865;221;0;872;291;2;0;0;5707620;5245893;312648;492;5668766;442973;231;0;0
FR;2;2021-11-08;2578;5348;1205;3;5268;1676;3;0;0;5710198;5251241;313853;495;5674034;444649;234;0;0
FR;2;2021-11-09;2749;6907;2402;5;6442;3181;2;0;0;5712947;5258148;316255;500;5680476;447830;236;0;0
FR;2;2021-11-10;2590;5670;5116;6;4765;6292;7;0;0;5715537;5263818;321371;506;5685241;454122;243;0;0
FR;2;2021-11-11;446;755;755;2;648;938;3;0;0;5715983;5264573;322126;508;5685889;455060;246;0;0
FR;2;2021-11-12;2953;8085;8982;8;6197;10930;9;0;0;5718936;5272658;331108;516;5692086;465990;255;0;0
FR;2;2021-11-13;1539;3373;3872;7;2722;4538;4;0;0;5720475;5276031;334980;523;5694808;470528;259;0;0
FR;2;2021-11-14;257;587;351;1;487;480;3;0;0;5720732;5276618;335331;524;5695295;471008;262;0;0
FR;2;2021-11-15;1621;3650;4449;8;2906;5328;16;0;0;5722353;5280268;339780;532;5698201;476336;278;0;0
FR;2;2021-11-16;2184;5882;8311;14;4158;10081;16;0;0;5724537;5286150;348091;546;5702359;486417;294;0;0
FR;2;2021-11-17;1741;4525;6632;8;3170;7851;5;0;0;5726278;5290675;354723;554;5705529;494268;299;0;0
FR;2;2021-11-18;2192;5924;9188;10;4020;11019;8;0;0;5728470;5296599;363911;564;5709549;505287;307;0;0
FR;2;2021-11-19;2701;7757;12980;19;4836;15480;12;0;0;5731171;5304356;376891;583;5714385;520767;319;0;0
FR;2;2021-11-20;1566;3334;5181;5;2351;6094;3;0;0;5732737;5307690;382072;588;5716736;526861;322;0;0
FR;2;2021-11-21;250;502;542;0;392;654;3;0;0;5732987;5308192;382614;588;5717128;527515;325;0;0
FR;2;2021-11-22;1278;2573;4485;5;1672;5401;9;0;0;5734265;5310765;387099;593;5718800;532916;334;0;0
FR;2;2021-11-23;1617;4274;8206;9;2535;9920;6;0;0;5735882;5315039;395305;602;5721335;542836;340;0;0
FR;2;2021-11-24;1421;3750;7485;14;2248;8736;9;0;0;5737303;5318789;402790;616;5723583;551572;349;0;0
FR;2;2021-11-25;1813;4865;11472;21;2684;13666;6;0;0;5739116;5323654;414262;637;5726267;565238;355;0;0
FR;2;2021-11-26;2541;7736;22674;31;3814;26088;14;0;0;5741657;5331390;436936;668;5730081;591326;369;0;0
FR;2;2021-11-27;1498;4141;12276;19;2129;14036;13;0;0;5743155;5335531;449212;687;5732210;605362;382;0;0
FR;2;2021-11-28;292;837;1976;3;479;2303;5;0;0;5743447;5336368;451188;690;5732689;607665;387;0;0
FR;2;2021-11-29;1447;4351;15099;23;2012;17269;25;0;0;5744894;5340719;466287;713;5734701;624934;412;0;0
FR;2;2021-11-30;1912;6656;26247;36;2641;30007;22;0;0;5746806;5347375;492534;749;5737342;654941;434;0;0
FR;2;2021-12-01;1916;6012;26209;31;2480;29520;20;0;0;5748722;5353387;518743;780;5739822;684461;454;0;0
FR;2;2021-12-02;1915;6782;37731;52;2116;41988;32;0;0;5750637;5360169;556474;832;5741938;726449;486;0;0
FR;2;2021-12-03;2558;10071;53638;111;3596;59384;30;0;0;5753195;5370240;610112;943;5745534;785833;516;0;0
FR;2;2021-12-04;1850;6275;37128;38;2185;40816;16;0;0;5755045;5376515;647240;981;5747719;826649;532;0;0
FR;2;2021-12-05;458;2247;14263;14;536;15990;7;0;0;5755503;5378762;661503;995;5748255;842639;539;0;0
FR;2;2021-12-06;2487;9856;77731;109;2705;84785;25;0;0;5757990;5388618;739234;1104;5750960;927424;564;0;0
FR;2;2021-12-07;3458;15281;122468;238;3740;133785;40;0;0;5761448;5403899;861702;1342;5754700;1061209;604;0;0
FR;2;2021-12-08;3725;15981;133221;330;3855;145412;54;0;0;5765173;5419880;994923;1672;5758555;1206621;658;0;0
FR;2;2021-12-09;4546;19628;170237;554;4170;185634;60;0;0;5769719;5439508;1165160;2226;5762725;1392255;718;0;0
FR;2;2021-12-10;4676;22807;188697;490;5015;206185;69;0;0;5774395;5462315;1353857;2716;5767740;1598440;787;0;0
FR;2;2021-12-11;3688;16618;132466;239;3666;144929;60;0;0;5778083;5478933;1486323;2955;5771406;1743369;847;0;0
FR;2;2021-12-12;1256;7122;59115;83;1016;65171;12;0;0;5779339;5486055;1545438;3038;5772422;1808540;859;0;0
FR;2;2021-12-13;5530;26820;220726;605;5232;243025;159;0;0;5784869;5512875;1766164;3643;5777654;2051565;1018;0;0
FR;2;2021-12-14;7018;37455;300801;909;6143;332264;190;0;0;5791887;5550330;2066965;4552;5783797;2383829;1208;0;0
FR;2;2021-12-15;6556;36224;285259;957;5872;315899;185;0;0;5798443;5586554;2352224;5509;5789669;2699728;1393;0;0
FR;2;2021-12-16;7765;37915;312173;982;6568;343805;184;0;0;5806208;5624469;2664397;6491;5796237;3043533;1577;0;0
FR;2;2021-12-17;8681;41190;327905;976;8023;360982;231;0;0;5814889;5665659;2992302;7467;5804260;3404515;1808;0;0
FR;2;2021-12-18;6514;26534;212371;448;4905;233677;120;0;0;5821403;5692193;3204673;7915;5809165;3638192;1928;0;0
FR;2;2021-12-19;2604;11406;90227;182;1657;100359;26;0;0;5824007;5703599;3294900;8097;5810822;3738551;1954;0;0
FR;2;2021-12-20;9548;33519;275254;707;6594;303398;209;0;0;5833555;5737118;3570154;8804;5817416;4041949;2163;0;0
FR;2;2021-12-21;11565;38284;309655;968;7379;341436;260;0;0;5845120;5775402;3879809;9772;5824795;4383385;2423;0;0
FR;2;2021-12-22;10458;32779;265139;952;6443;292497;316;0;1;5855578;5808181;4144948;10724;5831238;4675882;2739;0;1
FR;2;2021-12-23;9426;26621;199531;701;5878;221286;226;0;0;5865004;5834802;4344479;11425;5837116;4897168;2965;0;1
FR;2;2021-12-24;2783;7473;43865;140;2038;49565;78;0;0;5867787;5842275;4388344;11565;5839154;4946733;3043;0;1
FR;2;2021-12-25;201;674;2003;10;209;2481;15;0;0;5867988;5842949;4390347;11575;5839363;4949214;3058;0;1
FR;2;2021-12-26;1320;4217;25160;71;1052;28694;70;0;0;5869308;5847166;4415507;11646;5840415;4977908;3128;0;1
FR;2;2021-12-27;8076;29922;218432;659;6623;243378;294;0;0;5877384;5877088;4633939;12305;5847038;5221286;3422;0;1
FR;2;2021-12-28;9834;36293;272112;742;6986;302011;957;0;1;5887218;5913381;4906051;13047;5854024;5523297;4379;0;2
FR;2;2021-12-29;9498;32227;246145;765;6406;272694;1088;0;0;5896716;5945608;5152196;13812;5860430;5795991;5467;0;2
FR;2;2021-12-30;9461;28079;208839;663;5977;231458;1156;0;0;5906177;5973687;5361035;14475;5866407;6027449;6623;0;2
FR;2;2021-12-31;3011;8343;54990;176;2171;61233;392;0;0;5909188;5982030;5416025;14651;5868578;6088682;7015;0;2
FR;2;2022-01-01;231;690;2858;7;205;3352;29;0;0;5909419;5982720;5418883;14658;5868783;6092034;7044;0;2
FR;2;2022-01-02;1503;4854;29524;76;1166;33414;217;0;0;5910922;5987574;5448407;14734;5869949;6125448;7261;0;2
FR;2;2022-01-03;9605;35398;266541;806;8498;293917;1673;0;0;5920527;6022972;5714948;15540;5878447;6419365;8934;0;2
FR;2;2022-01-04;12855;45419;342099;1068;9970;377058;2458;0;1;5933382;6068391;6057047;16608;5888417;6796423;11392;0;3
FR;2;2022-01-05;11273;38623;294215;884;8632;323850;2154;0;2;5944655;6107014;6351262;17492;5897049;7120273;13546;0;5
FR;2;2022-01-06;13655;43494;331957;1298;9942;364766;2979;0;1;5958310;6150508;6683219;18790;5906991;7485039;16525;0;6
FR;2;2022-01-07;14225;47615;361117;1271;11236;396462;3159;0;0;5972535;6198123;7044336;20061;5918227;7881501;19684;0;6
FR;2;2022-01-08;7946;28135;201272;515;7207;221703;1528;0;2;5980481;6226258;7245608;20576;5925434;8103204;21212;0;8
FR;2;2022-01-09;2749;8950;62529;137;2073;69494;493;0;0;5983230;6235208;7308137;20713;5927507;8172698;21705;0;8
FR;2;2022-01-10;10099;31908;232505;859;8903;255080;2460;0;0;5993329;6267116;7540642;21572;5936410;8427778;24165;0;8
FR;2;2022-01-11;11468;36239;265939;1029;10059;290646;3379;0;1;6004797;6303355;7806581;22601;5946469;8718424;27544;0;9
FR;2;2022-01-12;8766;29782;206335;863;8717;226170;2799;0;5;6013563;6333137;8012916;23464;5955186;8944594;30343;0;14
FR;2;2022-01-13;9387;31333;224507;831;9036;244854;3462;0;4;6022950;6364470;8237423;24295;5964222;9189448;33805;0;18
FR;2;2022-01-14;9743;35584;254550;920;9847;277653;3983;0;1;6032693;6400054;8491973;25215;5974069;9467101;37788;0;19
FR;2;2022-01-15;5361;19449;140784;363;5324;153645;1928;0;0;6038054;6419503;8632757;25578;5979393;9620746;39716;0;19
FR;2;2022-01-16;1512;5461;35891;81;1618;39821;424;0;0;6039566;6424964;8668648;25659;5981011;9660567;40140;0;19
FR;2;2022-01-17;5546;19268;135418;601;6604;147262;2264;0;2;6045112;6444232;8804066;26260;5987615;9807829;42404;0;21
FR;2;2022-01-18;6423;21479;148643;647;7522;160463;3311;0;0;6051535;6465711;8952709;26907;5995137;9968292;45715;0;21
FR;2;2022-01-19;4397;16307;105109;552;6207;113701;2411;0;1;6055932;6482018;9057818;27459;6001344;10081993;48126;0;22
FR;2;2022-01-20;4873;17576;115304;603;7070;123696;3111;0;2;6060805;6499594;9173122;28062;6008414;10205689;51237;0;24
FR;2;2022-01-21;5198;20040;137356;679;7169;147775;3454;0;1;6066003;6519634;9310478;28741;6015583;10353464;54691;0;25
FR;2;2022-01-22;3034;10955;74263;260;3956;80336;1428;0;0;6069037;6530589;9384741;29001;6019539;10433800;56119;0;25
FR;2;2022-01-23;724;2707;15243;41;1055;16826;238;0;0;6069761;6533296;9399984;29042;6020594;10450626;56357;0;25
FR;2;2022-01-24;3290;12797;75083;431;5843;81022;1994;0;2;6073051;6546093;9475067;29473;6026437;10531648;58351;0;27
FR;2;2022-01-25;3575;14403;79632;496;6648;85458;2879;0;4;6076626;6560496;9554699;29969;6033085;10617106;61230;0;31
FR;2;2022-01-26;2515;10706;58985;363;5331;63038;1958;0;1;6079141;6571202;9613684;30332;6038416;10680144;63188;0;32
FR;2;2022-01-27;2684;11380;64181;389;5738;67961;2461;0;1;6081825;6582582;9677865;30721;6044154;10748105;65649;0;33
FR;2;2022-01-28;3551;18266;91728;430;8614;98911;3400;0;1;6085376;6600848;9769593;31151;6052768;10847016;69049;0;34
FR;2;2022-01-29;1894;9237;48853;164;4170;52929;1374;0;1;6087270;6610085;9818446;31315;6056938;10899945;70423;0;35
FR;2;2022-01-30;464;2209;9455;38;1052;10584;203;0;0;6087734;6612294;9827901;31353;6057990;10910529;70626;0;35
FR;2;2022-01-31;1890;9557;43834;209;4714;47325;1885;0;2;6089624;6621851;9871735;31562;6062704;10957854;72511;0;37
FR;2;2022-02-01;1916;10021;47031;279;4798;50081;2708;0;0;6091540;6631872;9918766;31841;6067502;11007935;75219;0;37
FR;2;2022-02-02;1614;8977;41124;250;4192;44153;2189;0;1;6093154;6640849;9959890;32091;6071694;11052088;77408;0;38
FR;2;2022-02-03;1729;8934;40526;205;4373;42913;2640;0;2;6094883;6649783;10000416;32296;6076067;11095001;80048;0;40
FR;2;2022-02-04;2152;15168;66649;299;7381;71320;3671;0;1;6097035;6664951;10067065;32595;6083448;11166321;83719;0;41
FR;2;2022-02-05;1360;8520;35948;132;4215;39223;1370;0;0;6098395;6673471;10103013;32727;6087663;11205544;85089;0;41
FR;2;2022-02-06;275;1763;6129;16;841;6900;217;0;0;6098670;6675234;10109142;32743;6088504;11212444;85306;0;41
FR;2;2022-02-07;1352;9547;37758;134;4535;41290;1888;0;2;6100022;6684781;10146900;32877;6093039;11253734;87194;0;43
FR;2;2022-02-08;1299;9832;40956;173;4644;43750;2741;0;1;6101321;6694613;10187856;33050;6097683;11297484;89935;0;44
FR;2;2022-02-09;1160;8841;37040;174;3804;40465;1901;0;2;6102481;6703454;10224896;33224;6101487;11337949;91836;0;46
FR;2;2022-02-10;1029;8001;33837;204;3605;36511;2051;0;1;6103510;6711455;10258733;33428;6105092;11374460;93887;0;47
FR;2;2022-02-11;1391;12086;53347;223;5282;57700;2888;0;0;6104901;6723541;10312080;33651;6110374;11432160;96775;0;47
FR;2;2022-02-12;754;6535;27987;86;2793;30807;1112;0;2;6105655;6730076;10340067;33737;6113167;11462967;97887;0;49
FR;2;2022-02-13;200;1340;4836;20;562;5577;141;0;0;6105855;6731416;10344903;33757;6113729;11468544;98028;0;49
FR;2;2022-02-14;835;6732;30274;91;2599;33233;1398;0;1;6106690;6738148;10375177;33848;6116328;11501777;99426;0;50
FR;2;2022-02-15;774;6473;28051;140;2801;29993;1966;0;2;6107464;6744621;10403228;33988;6119129;11531770;101392;0;52
FR;2;2022-02-16;657;5361;22067;124;2526;23632;1569;0;3;6108121;6749982;10425295;34112;6121655;11555402;102961;0;55
FR;2;2022-02-17;518;3786;14152;98;2131;14617;1406;0;2;6108639;6753768;10439447;34210;6123786;11570019;104367;0;57
FR;2;2022-02-18;723;5368;20443;134;3040;21130;1895;0;0;6109362;6759136;10459890;34344;6126826;11591149;106262;0;57
FR;2;2022-02-19;430;3061;10532;66;1699;11246;753;0;2;6109792;6762197;10470422;34410;6128525;11602395;107015;0;59
FR;2;2022-02-20;102;518;1463;3;314;1611;100;0;0;6109894;6762715;10471885;34413;6128839;11604006;107115;0;59
FR;2;2022-02-21;422;2685;9122;65;1569;9499;930;0;0;6110316;6765400;10481007;34478;6130408;11613505;108045;0;59
FR;2;2022-02-22;393;2567;8894;77;1621;8797;1180;0;0;6110709;6767967;10489901;34555;6132029;11622302;109225;0;59
FR;2;2022-02-23;432;2605;8992;82;1522;9269;1022;0;0;6111141;6770572;10498893;34637;6133551;11631571;110247;0;59
FR;2;2022-02-24;314;2039;6803;82;1251;6833;870;0;0;6111455;6772611;10505696;34719;6134802;11638404;111117;0;59
FR;2;2022-02-25;456;3208;11420;107;1978;11284;1559;0;3;6111911;6775819;10517116;34826;6136780;11649688;112676;0;62
FR;2;2022-02-26;297;1892;6038;49;1161;6345;587;0;1;6112208;6777711;10523154;34875;6137941;11656033;113263;0;63
FR;2;2022-02-27;76;313;907;5;214;950;98;0;0;6112284;6778024;10524061;34880;6138155;11656983;113361;0;63
FR;2;2022-02-28;330;1688;5525;53;1087;5531;733;0;0;6112614;6779712;10529586;34933;6139242;11662514;114094;0;63
FR;2;2022-03-01;279;1569;5484;46;952;5201;964;0;2;6112893;6781281;10535070;34979;6140194;11667715;115058;0;65
FR;2;2022-03-02;298;1446;5248;45;878;5092;815;0;1;6113191;6782727;10540318;35024;6141072;11672807;115873;0;66
FR;2;2022-03-03;226;1112;3709;42;721;3486;668;0;1;6113417;6783839;10544027;35066;6141793;11676293;116541;0;67
FR;2;2022-03-04;243;1469;4860;74;983;4506;950;0;1;6113660;6785308;10548887;35140;6142776;11680799;117491;0;68
FR;2;2022-03-05;174;906;2981;34;612;2725;561;0;0;6113834;6786214;10551868;35174;6143388;11683524;118052;0;68
FR;2;2022-03-06;42;183;280;5;105;320;52;0;0;6113876;6786397;10552148;35179;6143493;11683844;118104;0;68
FR;2;2022-03-07;157;659;1988;70;491;1778;472;0;0;6114033;6787056;10554136;35249;6143984;11685622;118576;0;68
FR;2;2022-03-08;144;670;2272;53;461;1907;619;0;0;6114177;6787726;10556408;35302;6144445;11687529;119195;0;68
FR;2;2022-03-09;156;709;2349;37;473;2051;616;0;0;6114333;6788435;10558757;35339;6144918;11689580;119811;0;68
FR;2;2022-03-10;123;603;1695;35;446;1470;456;0;1;6114456;6789038;10560452;35374;6145364;11691050;120267;0;69
FR;2;2022-03-11;172;757;2770;57;505;2369;737;0;1;6114628;6789795;10563222;35431;6145869;11693419;121004;0;70
FR;2;2022-03-12;149;485;1787;27;331;1557;450;0;0;6114777;6790280;10565009;35458;6146200;11694976;121454;0;70
FR;2;2022-03-13;25;75;203;30;45;204;69;0;0;6114802;6790355;10565212;35488;6146245;11695180;121523;0;70
FR;2;2022-03-14;129;470;1572;529;333;1301;951;0;0;6114931;6790825;10566784;36017;6146578;11696481;122474;0;70
FR;2;2022-03-15;138;441;1713;691;333;1333;1186;0;1;6115069;6791266;10568497;36708;6146911;11697814;123660;0;71
FR;2;2022-03-16;142;476;2013;1616;331;1593;2160;0;2;6115211;6791742;10570510;38324;6147242;11699407;125820;0;73
FR;2;2022-03-17;94;413;1412;1192;273;1148;1576;0;1;6115305;6792155;10571922;39516;6147515;11700555;127396;0;74
FR;2;2022-03-18;147;496;2025;1795;335;1668;2313;0;1;6115452;6792651;10573947;41311;6147850;11702223;129709;0;75
FR;2;2022-03-19;108;321;1210;941;219;1015;1259;0;0;6115560;6792972;10575157;42252;6148069;11703238;130968;0;75
FR;2;2022-03-20;13;77;191;59;39;168;115;0;0;6115573;6793049;10575348;42311;6148108;11703406;131083;0;75
FR;2;2022-03-21;98;307;1218;1483;180;1081;1760;0;1;6115671;6793356;10576566;43794;6148288;11704487;132843;0;76
FR;2;2022-03-22;118;391;1531;1830;244;1293;2218;0;0;6115789;6793747;10578097;45624;6148532;11705780;135061;0;76
FR;2;2022-03-23;137;361;1678;3032;232;1473;3374;0;6;6115926;6794108;10579775;48656;6148764;11707253;138435;0;82
FR;2;2022-03-24;117;293;1183;1548;186;1001;1814;0;8;6116043;6794401;10580958;50204;6148950;11708254;140249;0;90
FR;2;2022-03-25;119;361;1806;2451;238;1476;2837;0;8;6116162;6794762;10582764;52655;6149188;11709730;143086;0;98
FR;2;2022-03-26;79;247;1205;1222;138;953;1531;0;5;6116241;6795009;10583969;53877;6149326;11710683;144617;0;103
FR;2;2022-03-27;19;36;154;100;19;133;144;0;0;6116260;6795045;10584123;53977;6149345;11710816;144761;0;103
FR;2;2022-03-28;94;288;1138;1602;187;995;1834;0;6;6116354;6795333;10585261;55579;6149532;11711811;146595;0;109
FR;2;2022-03-29;108;258;1325;2467;167;1105;2760;0;4;6116462;6795591;10586586;58046;6149699;11712916;149355;0;113
FR;2;2022-03-30;91;312;1489;3185;163;1320;3422;0;2;6116553;6795903;10588075;61231;6149862;11714236;152777;0;115
FR;2;2022-03-31;104;284;1277;2332;172;1092;2616;0;3;6116657;6796187;10589352;63563;6150034;11715328;155393;0;118
FR;2;2022-04-01;123;324;1568;2349;164;1323;2667;0;7;6116780;6796511;10590920;65912;6150198;11716651;158060;0;125
FR;2;2022-04-02;81;161;845;891;83;737;1052;0;1;6116861;6796672;10591765;66803;6150281;11717388;159112;0;126
FR;2;2022-04-03;16;53;128;113;27;142;133;0;1;6116877;6796725;10591893;66916;6150308;11717530;159245;0;127
FR;2;2022-04-04;113;242;990;1447;144;799;1693;0;5;6116990;6796967;10592883;68363;6150452;11718329;160938;0;132
FR;2;2022-04-05;143;301;1317;2914;161;1145;3143;0;17;6117133;6797268;10594200;71277;6150613;11719474;164081;0;149
FR;2;2022-04-06;89;260;1307;2523;128;1130;2688;0;10;6117222;6797528;10595507;73800;6150741;11720604;166769;0;159
FR;2;2022-04-07;120;230;1303;2682;141;1042;2958;0;8;6117342;6797758;10596810;76482;6150882;11721646;169727;0;167
FR;2;2022-04-08;126;346;1635;3352;182;1328;3642;0;12;6117468;6798104;10598445;79834;6151064;11722974;173369;0;179
FR;2;2022-04-09;90;219;900;1046;144;732;1288;0;4;6117558;6798323;10599345;80880;6151208;11723706;174657;0;183
FR;2;2022-04-10;37;48;143;162;45;119;200;0;1;6117595;6798371;10599488;81042;6151253;11723825;174857;0;184
FR;2;2022-04-11;88;195;892;1560;121;782;1718;0;6;6117683;6798566;10600380;82602;6151374;11724607;176575;0;190
FR;2;2022-04-12;176;273;1183;2770;175;1062;2903;0;8;6117859;6798839;10601563;85372;6151549;11725669;179478;0;198
FR;2;2022-04-13;147;231;1125;2477;110;989;2671;0;11;6118006;6799070;10602688;87849;6151659;11726658;182149;0;209
FR;2;2022-04-14;115;226;1085;2677;113;919;2911;0;18;6118121;6799296;10603773;90526;6151772;11727577;185060;0;227
FR;2;2022-04-15;114;260;1221;2304;130;1078;2544;0;7;6118235;6799556;10604994;92830;6151902;11728655;187604;0;234
FR;2;2022-04-16;67;108;548;549;68;459;675;0;9;6118302;6799664;10605542;93379;6151970;11729114;188279;0;243
FR;2;2022-04-17;15;27;57;53;16;53;71;0;0;6118317;6799691;10605599;93432;6151986;11729167;188350;0;243
FR;2;2022-04-18;12;35;121;70;18;116;95;0;0;6118329;6799726;10605720;93502;6152004;11729283;188445;0;243
FR;2;2022-04-19;112;237;1120;1750;149;951;1934;0;9;6118441;6799963;10606840;95252;6152153;11730234;190379;0;252
FR;2;2022-04-20;95;241;1110;2172;125;934;2366;0;14;6118536;6800204;10607950;97424;6152278;11731168;192745;0;266
FR;2;2022-04-21;111;233;983;1912;125;838;2141;0;10;6118647;6800437;10608933;99336;6152403;11732006;194886;0;276
FR;2;2022-04-22;100;276;1242;2102;141;1023;2440;0;11;6118747;6800713;10610175;101438;6152544;11733029;197326;0;287
FR;2;2022-04-23;67;156;645;762;107;574;862;0;8;6118814;6800869;10610820;102200;6152651;11733603;198188;0;295
FR;2;2022-04-24;12;30;101;68;12;79;100;0;0;6118826;6800899;10610921;102268;6152663;11733682;198288;0;295
FR;2;2022-04-25;104;204;821;1329;103;711;1527;0;15;6118930;6801103;10611742;103597;6152766;11734393;199815;0;310
FR;2;2022-04-26;110;184;1041;2022;118;879;2219;0;18;6119040;6801287;10612783;105619;6152884;11735272;202034;0;328
FR;2;2022-04-27;98;181;860;1784;122;764;1806;0;7;6119138;6801468;10613643;107403;6153006;11736036;203840;0;335
FR;2;2022-04-28;93;214;950;1931;128;843;2087;0;12;6119231;6801682;10614593;109334;6153134;11736879;205927;0;347
FR;2;2022-04-29;81;280;1131;1697;131;1040;1876;0;11;6119312;6801962;10615724;111031;6153265;11737919;207803;0;358
FR;2;2022-04-30;66;126;471;540;79;430;628;0;9;6119378;6802088;10616195;111571;6153344;11738349;208431;0;367
FR;2;2022-05-01;23;24;84;49;20;85;61;0;1;6119401;6802112;10616279;111620;6153364;11738434;208492;0;368
FR;2;2022-05-02;115;232;762;1217;141;660;1375;0;5;6119516;6802344;10617041;112837;6153505;11739094;209867;0;373
FR;2;2022-05-03;152;233;999;1781;156;938;1895;0;14;6119668;6802577;10618040;114618;6153661;11740032;211762;0;387
FR;2;2022-05-04;90;226;924;1810;116;867;1821;0;13;6119758;6802803;10618964;116428;6153777;11740899;213583;0;400
FR;2;2022-05-05;127;197;856;1732;146;773;1848;0;10;6119885;6803000;10619820;118160;6153923;11741672;215431;0;410
FR;2;2022-05-06;133;246;1100;1855;139;1016;2052;0;16;6120018;6803246;10620920;120015;6154062;11742688;217483;0;426
FR;2;2022-05-07;40;99;470;504;61;406;593;0;4;6120058;6803345;10621390;120519;6154123;11743094;218076;0;430
FR;2;2022-05-08;48;54;107;71;41;102;101;0;0;6120106;6803399;10621497;120590;6154164;11743196;218177;0;430
FR;2;2022-05-09;101;174;654;986;103;604;1130;0;9;6120207;6803573;10622151;121576;6154267;11743800;219307;0;439
FR;2;2022-05-10;121;252;938;1841;155;893;1965;0;23;6120328;6803825;10623089;123417;6154422;11744693;221272;0;462
FR;2;2022-05-11;103;179;813;1878;117;792;1867;0;8;6120431;6804004;10623902;125295;6154539;11745485;223139;0;470
FR;2;2022-05-12;111;174;845;2096;116;803;2213;0;21;6120542;6804178;10624747;127391;6154655;11746288;225352;0;491
FR;2;2022-05-13;100;236;969;2097;122;900;2273;0;13;6120642;6804414;10625716;129488;6154777;11747188;227625;0;504
FR;2;2022-05-14;76;124;451;553;93;411;632;0;6;6120718;6804538;10626167;130041;6154870;11747599;228257;0;510
FR;2;2022-05-15;24;39;94;88;20;108;95;0;1;6120742;6804577;10626261;130129;6154890;11747707;228352;0;511
FR;2;2022-05-16;102;170;601;925;115;537;1037;0;11;6120844;6804747;10626862;131054;6155005;11748244;229389;0;522
FR;2;2022-05-17;95;184;690;1685;119;658;1737;0;8;6120939;6804931;10627552;132739;6155124;11748902;231126;0;530
FR;2;2022-05-18;80;181;643;1431;97;648;1486;0;10;6121019;6805112;10628195;134170;6155221;11749550;232612;0;540
FR;2;2022-05-19;73;161;709;1830;81;751;1816;0;12;6121092;6805273;10628904;136000;6155302;11750301;234428;0;552
FR;2;2022-05-20;107;181;874;1701;111;779;1849;0;17;6121199;6805454;10629778;137701;6155413;11751080;236277;0;569
FR;2;2022-05-21;48;96;398;517;71;339;581;0;8;6121247;6805550;10630176;138218;6155484;11751419;236858;0;577
FR;2;2022-05-22;8;23;69;37;18;57;56;0;0;6121255;6805573;10630245;138255;6155502;11751476;236914;0;577
FR;2;2022-05-23;86;133;498;931;100;469;967;0;7;6121341;6805706;10630743;139186;6155602;11751945;237881;0;584
FR;2;2022-05-24;87;164;627;1626;103;615;1680;0;17;6121428;6805870;10631370;140812;6155705;11752560;239561;0;601
FR;2;2022-05-25;72;146;539;1148;90;494;1259;0;5;6121500;6806016;10631909;141960;6155795;11753054;240820;0;606
FR;2;2022-05-26;11;31;77;45;13;85;56;0;1;6121511;6806047;10631986;142005;6155808;11753139;240876;0;607
FR;2;2022-05-27;44;124;456;818;68;438;893;0;9;6121555;6806171;10632442;142823;6155876;11753577;241769;0;616
FR;2;2022-05-28;28;60;221;244;29;221;266;0;1;6121583;6806231;10632663;143067;6155905;11753798;242035;0;617
FR;2;2022-05-29;13;34;43;25;22;51;28;0;0;6121596;6806265;10632706;143092;6155927;11753849;242063;0;617
FR;2;2022-05-30;65;109;424;755;60;409;806;0;6;6121661;6806374;10633130;143847;6155987;11754258;242869;0;623
FR;2;2022-05-31;76;135;564;1278;92;511;1304;0;12;6121737;6806509;10633694;145125;6156079;11754769;244173;0;635
FR;2;2022-06-01;59;158;564;1075;84;543;1170;0;6;6121796;6806667;10634258;146200;6156163;11755312;245343;0;641
FR;2;2022-06-02;92;178;625;1414;109;592;1520;0;12;6121888;6806845;10634883;147614;6156272;11755904;246863;0;653
FR;2;2022-06-03;71;156;668;1605;95;595;1694;0;19;6121959;6807001;10635551;149219;6156367;11756499;248557;0;672
FR;2;2022-06-04;69;93;283;433;66;269;475;0;11;6122028;6807094;10635834;149652;6156433;11756768;249032;0;683
FR;2;2022-06-05;12;17;63;57;16;47;74;0;1;6122040;6807111;10635897;149709;6156449;11756815;249106;0;684
FR;2;2022-06-06;12;40;92;76;29;92;80;0;4;6122052;6807151;10635989;149785;6156478;11756907;249186;0;688
FR;2;2022-06-07;99;222;667;1535;154;577;1661;0;10;6122151;6807373;10636656;151320;6156632;11757484;250847;0;698
FR;2;2022-06-08;70;119;476;1166;76;411;1262;0;5;6122221;6807492;10637132;152486;6156708;11757895;252109;0;703
FR;2;2022-06-09;93;166;613;1923;107;571;1927;0;18;6122314;6807658;10637745;154409;6156815;11758466;254036;0;721
FR;2;2022-06-10;93;168;650;1683;107;622;1774;0;23;6122407;6807826;10638395;156092;6156922;11759088;255810;0;744
FR;2;2022-06-11;44;85;287;529;42;258;583;0;5;6122451;6807911;10638682;156621;6156964;11759346;256393;0;749
FR;2;2022-06-12;18;38;58;78;27;60;78;0;0;6122469;6807949;10638740;156699;6156991;11759406;256471;0;749
FR;2;2022-06-13;39;121;395;953;63;379;1021;0;6;6122508;6808070;10639135;157652;6157054;11759785;257492;0;755
FR;2;2022-06-14;68;157;599;2088;101;537;2189;0;14;6122576;6808227;10639734;159740;6157155;11760322;259681;0;769
FR;2;2022-06-15;78;104;520;1503;84;444;1638;0;10;6122654;6808331;10640254;161243;6157239;11760766;261319;0;779
FR;2;2022-06-16;127;128;496;1411;123;423;1526;0;12;6122781;6808459;10640750;162654;6157362;11761189;262845;0;791
FR;2;2022-06-17;73;138;589;1817;88;516;1921;0;16;6122854;6808597;10641339;164471;6157450;11761705;264766;0;807
FR;2;2022-06-18;76;93;224;579;81;196;630;0;4;6122930;6808690;10641563;165050;6157531;11761901;265396;0;811
FR;2;2022-06-19;11;17;53;71;7;41;90;0;2;6122941;6808707;10641616;165121;6157538;11761942;265486;0;813
FR;2;2022-06-20;62;125;401;1028;72;392;1105;0;10;6123003;6808832;10642017;166149;6157610;11762334;266591;0;823
FR;2;2022-06-21;108;115;526;2126;104;455;2163;0;22;6123111;6808947;10642543;168275;6157714;11762789;268754;0;845
FR;2;2022-06-22;39;110;462;1889;57;415;1971;0;25;6123150;6809057;10643005;170164;6157771;11763204;270725;0;870
FR;2;2022-06-23;58;108;537;2282;67;452;2400;0;30;6123208;6809165;10643542;172446;6157838;11763656;273125;0;900
FR;2;2022-06-24;66;122;709;3199;65;571;3339;0;38;6123274;6809287;10644251;175645;6157903;11764227;276464;0;938
FR;2;2022-06-25;30;90;298;987;55;254;1040;0;13;6123304;6809377;10644549;176632;6157958;11764481;277504;0;951
FR;2;2022-06-26;30;27;131;194;29;97;236;0;5;6123334;6809404;10644680;176826;6157987;11764578;277740;0;956
FR;2;2022-06-27;79;137;582;2489;94;483;2622;0;39;6123413;6809541;10645262;179315;6158081;11765061;280362;0;995
FR;2;2022-06-28;110;140;812;4817;81;650;4894;0;54;6123523;6809681;10646074;184132;6158162;11765711;285256;0;1049
FR;2;2022-06-29;73;150;776;4436;80;637;4532;0;56;6123596;6809831;10646850;188568;6158242;11766348;289788;0;1105
FR;2;2022-06-30;72;133;832;5177;71;618;5397;0;79;6123668;6809964;10647682;193745;6158313;11766966;295185;0;1184
FR;2;2022-07-01;113;161;1152;6692;94;853;6944;0;92;6123781;6810125;10648834;200437;6158407;11767819;302129;0;1276
FR;2;2022-07-02;69;132;474;1976;82;392;2067;0;27;6123850;6810257;10649308;202413;6158489;11768211;304196;0;1303
FR;2;2022-07-03;23;30;147;334;21;131;357;0;8;6123873;6810287;10649455;202747;6158510;11768342;304553;0;1311
FR;2;2022-07-04;120;185;775;3785;113;612;3972;0;49;6123993;6810472;10650230;206532;6158623;11768954;308525;0;1360
FR;2;2022-07-05;119;187;1121;6818;120;828;6999;0;85;6124112;6810659;10651351;213350;6158743;11769782;315524;0;1445
FR;2;2022-07-06;92;151;951;5807;94;697;5933;0;84;6124204;6810810;10652302;219157;6158837;11770479;321457;0;1529
FR;2;2022-07-07;81;185;1020;6501;115;751;6732;0;101;6124285;6810995;10653322;225658;6158952;11771230;328189;0;1630
FR;2;2022-07-08;65;122;1095;7044;51;758;7235;0;123;6124350;6811117;10654417;232702;6159003;11771988;335424;0;1753
FR;2;2022-07-09;34;62;418;1869;31;299;1920;0;33;6124384;6811179;10654835;234571;6159034;11772287;337344;0;1786
FR;2;2022-07-10;6;17;97;315;8;83;327;0;5;6124390;6811196;10654932;234886;6159042;11772370;337671;0;1791
FR;2;2022-07-11;68;121;683;3826;76;541;3901;0;67;6124458;6811317;10655615;238712;6159118;11772911;341572;0;1858
FR;2;2022-07-12;102;180;1054;6517;107;809;6725;0;119;6124560;6811497;10656669;245229;6159225;11773720;348297;0;1977
FR;2;2022-07-13;65;127;879;4664;75;591;4830;0;78;6124625;6811624;10657548;249893;6159300;11774311;353127;0;2055
FR;2;2022-07-14;6;13;88;250;8;59;269;0;8;6124631;6811637;10657636;250143;6159308;11774370;353396;0;2063
FR;2;2022-07-15;61;129;739;3794;53;560;3960;0;75;6124692;6811766;10658375;253937;6159361;11774930;357356;0;2138
FR;2;2022-07-16;27;54;289;1030;30;242;1076;0;25;6124719;6811820;10658664;254967;6159391;11775172;358432;0;2163
FR;2;2022-07-17;5;12;78;201;6;67;207;0;6;6124724;6811832;10658742;255168;6159397;11775239;358639;0;2169
FR;2;2022-07-18;57;103;514;2509;61;384;2648;0;59;6124781;6811935;10659256;257677;6159458;11775623;361287;0;2228
FR;2;2022-07-19;66;133;770;4258;72;555;4447;0;72;6124847;6812068;10660026;261935;6159530;11776178;365734;0;2300
FR;2;2022-07-20;59;117;582;3179;68;430;3278;0;87;6124906;6812185;10660608;265114;6159598;11776608;369012;0;2387
FR;2;2022-07-21;60;110;671;3680;73;485;3797;0;105;6124966;6812295;10661279;268794;6159671;11777093;372809;0;2492
FR;2;2022-07-22;51;99;699;3550;48;506;3700;0;80;6125017;6812394;10661978;272344;6159719;11777599;376509;0;2572
FR;2;2022-07-23;39;97;290;1173;52;229;1226;0;37;6125056;6812491;10662268;273517;6159771;11777828;377735;0;2609
FR;2;2022-07-24;14;24;69;201;19;68;203;0;7;6125070;6812515;10662337;273718;6159790;11777896;377938;0;2616
FR;2;2022-07-25;50;71;405;1938;60;300;2000;0;56;6125120;6812586;10662742;275656;6159850;11778196;379938;0;2672
FR;2;2022-07-26;57;133;606;3423;66;477;3496;0;113;6125177;6812719;10663348;279079;6159916;11778673;383434;0;2785
FR;2;2022-07-27;42;81;457;2782;50;361;2801;0;89;6125219;6812800;10663805;281861;6159966;11779034;386235;0;2874
FR;2;2022-07-28;29;75;450;2486;36;357;2490;0;78;6125248;6812875;10664255;284347;6160002;11779391;388725;0;2952
FR;2;2022-07-29;68;88;535;2857;63;347;2978;0;73;6125316;6812963;10664790;287204;6160065;11779738;391703;0;3025
FR;2;2022-07-30;22;39;163;775;32;110;795;0;24;6125338;6813002;10664953;287979;6160097;11779848;392498;0;3049
FR;2;2022-07-31;6;13;27;104;12;21;110;0;2;6125344;6813015;10664980;288083;6160109;11779869;392608;0;3051
FR;2;2022-08-01;38;105;323;1261;73;260;1343;0;29;6125382;6813120;10665303;289344;6160182;11780129;393951;0;3080
FR;2;2022-08-02;49;75;325;2061;50;247;2097;0;78;6125431;6813195;10665628;291405;6160232;11780376;396048;0;3158
FR;2;2022-08-03;29;53;259;1611;25;187;1617;0;57;6125460;6813248;10665887;293016;6160257;11780563;397665;0;3215
FR;2;2022-08-04;40;65;306;1692;39;240;1701;0;66;6125500;6813313;10666193;294708;6160296;11780803;399366;0;3281
FR;2;2022-08-05;33;94;328;1880;67;236;1911;0;60;6125533;6813407;10666521;296588;6160363;11781039;401277;0;3341
FR;2;2022-08-06;22;41;106;365;29;82;372;0;10;6125555;6813448;10666627;296953;6160392;11781121;401649;0;3351
FR;2;2022-08-07;7;8;15;69;5;16;71;0;3;6125562;6813456;10666642;297022;6160397;11781137;401720;0;3354
FR;2;2022-08-08;19;35;219;877;22;147;915;0;33;6125581;6813491;10666861;297899;6160419;11781284;402635;0;3387
FR;2;2022-08-09;29;52;279;1475;41;238;1471;0;50;6125610;6813543;10667140;299374;6160460;11781522;404106;0;3437
FR;2;2022-08-10;16;22;213;1134;19;150;1155;0;46;6125626;6813565;10667353;300508;6160479;11781672;405261;0;3483
FR;2;2022-08-11;21;41;174;1039;26;117;1048;0;40;6125647;6813606;10667527;301547;6160505;11781789;406309;0;3523
FR;2;2022-08-12;36;49;184;1046;37;140;1069;0;35;6125683;6813655;10667711;302593;6160542;11781929;407378;0;3558
FR;2;2022-08-13;9;19;47;149;15;53;137;0;5;6125692;6813674;10667758;302742;6160557;11781982;407515;0;3563
FR;2;2022-08-14;1;2;12;52;1;11;54;0;1;6125693;6813676;10667770;302794;6160558;11781993;407569;0;3564
FR;2;2022-08-15;0;5;32;22;2;21;21;0;3;6125693;6813681;10667802;302816;6160560;11782014;407590;0;3567
FR;2;2022-08-16;27;33;144;681;34;120;678;0;33;6125720;6813714;10667946;303497;6160594;11782134;408268;0;3600
FR;2;2022-08-17;18;26;109;738;18;88;744;0;34;6125738;6813740;10668055;304235;6160612;11782222;409012;0;3634
FR;2;2022-08-18;14;28;160;836;12;107;852;0;42;6125752;6813768;10668215;305071;6160624;11782329;409864;0;3676
FR;2;2022-08-19;8;38;118;706;31;88;706;0;33;6125760;6813806;10668333;305777;6160655;11782417;410570;0;3709
FR;2;2022-08-20;6;26;61;197;16;52;201;0;8;6125766;6813832;10668394;305974;6160671;11782469;410771;0;3717
FR;2;2022-08-21;4;14;15;19;6;13;31;0;0;6125770;6813846;10668409;305993;6160677;11782482;410802;0;3717
FR;2;2022-08-22;11;25;116;395;17;73;451;0;13;6125781;6813871;10668525;306388;6160694;11782555;411253;0;3730
FR;2;2022-08-23;11;42;134;671;23;112;679;0;38;6125792;6813913;10668659;307059;6160717;11782667;411932;0;3768
FR;2;2022-08-24;11;28;87;466;21;80;472;0;18;6125803;6813941;10668746;307525;6160738;11782747;412404;0;3786
FR;2;2022-08-25;8;32;109;481;16;69;516;0;17;6125811;6813973;10668855;308006;6160754;11782816;412920;0;3803
FR;2;2022-08-26;16;46;117;720;36;91;713;0;32;6125827;6814019;10668972;308726;6160790;11782907;413633;0;3835
FR;2;2022-08-27;10;19;47;156;16;42;164;0;2;6125837;6814038;10669019;308882;6160806;11782949;413797;0;3837
FR;2;2022-08-28;1;5;5;15;1;7;16;0;1;6125838;6814043;10669024;308897;6160807;11782956;413813;0;3838
FR;2;2022-08-29;24;43;94;400;29;88;396;0;24;6125862;6814086;10669118;309297;6160836;11783044;414209;0;3862
FR;2;2022-08-30;31;54;154;791;34;119;798;0;29;6125893;6814140;10669272;310088;6160870;11783163;415007;0;3891
FR;2;2022-08-31;19;36;85;392;23;79;393;0;25;6125912;6814176;10669357;310480;6160893;11783242;415400;0;3916
FR;2;2022-09-01;19;43;139;600;25;122;609;0;36;6125931;6814219;10669496;311080;6160918;11783364;416009;0;3952
FR;2;2022-09-02;34;56;146;744;34;158;748;0;32;6125965;6814275;10669642;311824;6160952;11783522;416757;0;3984
FR;2;2022-09-03;17;20;83;205;11;67;213;0;7;6125982;6814295;10669725;312029;6160963;11783589;416970;0;3991
FR;2;2022-09-04;8;5;9;31;2;10;30;0;3;6125990;6814300;10669734;312060;6160965;11783599;417000;0;3994
FR;2;2022-09-05;29;32;126;367;24;98;397;0;24;6126019;6814332;10669860;312427;6160989;11783697;417397;0;4018
FR;2;2022-09-06;43;62;158;761;42;153;767;0;36;6126062;6814394;10670018;313188;6161031;11783850;418164;0;4054
FR;2;2022-09-07;21;20;74;375;16;49;387;0;22;6126083;6814414;10670092;313563;6161047;11783899;418551;0;4076
FR;2;2022-09-08;31;57;109;636;40;100;646;0;22;6126114;6814471;10670201;314199;6161087;11783999;419197;0;4098
FR;2;2022-09-09;18;24;126;753;21;74;746;0;46;6126132;6814495;10670327;314952;6161108;11784073;419943;0;4144
FR;2;2022-09-10;14;24;57;117;16;48;131;0;4;6126146;6814519;10670384;315069;6161124;11784121;420074;0;4148
FR;2;2022-09-11;12;5;11;11;3;13;13;0;0;6126158;6814524;10670395;315080;6161127;11784134;420087;0;4148
FR;2;2022-09-12;20;31;70;340;26;56;352;0;16;6126178;6814555;10670465;315420;6161153;11784190;420439;0;4164
FR;2;2022-09-13;15;34;125;670;13;99;674;0;40;6126193;6814589;10670590;316090;6161166;11784289;421113;0;4204
FR;2;2022-09-14;19;21;81;480;19;59;478;0;36;6126212;6814610;10670671;316570;6161185;11784348;421591;0;4240
FR;2;2022-09-15;22;44;126;486;26;102;493;0;47;6126234;6814654;10670797;317056;6161211;11784450;422084;0;4287
FR;2;2022-09-16;21;31;124;563;17;89;585;0;39;6126255;6814685;10670921;317619;6161228;11784539;422669;0;4326
FR;2;2022-09-17;6;20;56;160;15;52;147;0;13;6126261;6814705;10670977;317779;6161243;11784591;422816;0;4339
FR;2;2022-09-18;4;7;13;37;6;10;37;0;3;6126265;6814712;10670990;317816;6161249;11784601;422853;0;4342
FR;2;2022-09-19;26;24;114;353;16;87;381;0;22;6126291;6814736;10671104;318169;6161265;11784688;423234;0;4364
FR;2;2022-09-20;28;27;117;624;21;84;639;0;38;6126319;6814763;10671221;318793;6161286;11784772;423873;0;4402
FR;2;2022-09-21;15;30;100;393;15;78;418;0;22;6126334;6814793;10671321;319186;6161301;11784850;424291;0;4424
FR;2;2022-09-22;16;39;124;581;18;95;619;0;28;6126350;6814832;10671445;319767;6161319;11784945;424910;0;4452
FR;2;2022-09-23;21;38;135;555;22;111;570;0;39;6126371;6814870;10671580;320322;6161341;11785056;425480;0;4491
FR;2;2022-09-24;10;8;51;190;6;36;201;0;6;6126381;6814878;10671631;320512;6161347;11785092;425681;0;4497
FR;2;2022-09-25;9;11;14;29;11;11;33;0;5;6126390;6814889;10671645;320541;6161358;11785103;425714;0;4502
FR;2;2022-09-26;22;41;116;447;27;79;458;0;20;6126412;6814930;10671761;320988;6161385;11785182;426172;0;4522
FR;2;2022-09-27;30;46;162;906;35;108;861;0;52;6126442;6814976;10671923;321894;6161420;11785290;427033;0;4574
FR;2;2022-09-28;15;31;93;421;18;74;439;0;23;6126457;6815007;10672016;322315;6161438;11785364;427472;0;4597
FR;2;2022-09-29;26;48;115;618;23;110;630;0;33;6126483;6815055;10672131;322933;6161461;11785474;428102;0;4630
FR;2;2022-09-30;25;44;111;520;44;84;533;0;31;6126508;6815099;10672242;323453;6161505;11785558;428635;0;4661
FR;2;2022-10-01;11;20;51;128;20;36;129;0;8;6126519;6815119;10672293;323581;6161525;11785594;428764;0;4669
FR;2;2022-10-02;0;5;8;21;4;5;25;0;2;6126519;6815124;10672301;323602;6161529;11785599;428789;0;4671
FR;2;2022-10-03;22;33;84;291;28;68;306;0;22;6126541;6815157;10672385;323893;6161557;11785667;429095;0;4693
FR;2;2022-10-04;17;21;106;602;19;71;621;0;46;6126558;6815178;10672491;324495;6161576;11785738;429716;0;4739
FR;2;2022-10-05;20;29;75;491;24;67;488;0;54;6126578;6815207;10672566;324986;6161600;11785805;430204;0;4793
FR;2;2022-10-06;30;23;74;442;17;71;428;0;65;6126608;6815230;10672640;325428;6161617;11785876;430632;0;4858
FR;2;2022-10-07;21;30;86;499;27;66;503;0;42;6126629;6815260;10672726;325927;6161644;11785942;431135;0;4900
FR;2;2022-10-08;12;8;23;114;3;24;108;0;12;6126641;6815268;10672749;326041;6161647;11785966;431243;0;4912
FR;2;2022-10-09;1;8;15;17;6;11;22;0;5;6126642;6815276;10672764;326058;6161653;11785977;431265;0;4917
FR;2;2022-10-10;18;25;47;223;22;50;218;0;21;6126660;6815301;10672811;326281;6161675;11786027;431483;0;4938
FR;2;2022-10-11;16;15;47;253;11;39;240;0;52;6126676;6815316;10672858;326534;6161686;11786066;431723;0;4990
FR;2;2022-10-12;8;18;52;290;14;36;305;0;56;6126684;6815334;10672910;326824;6161700;11786102;432028;0;5046
FR;2;2022-10-13;11;14;48;271;9;48;261;0;26;6126695;6815348;10672958;327095;6161709;11786150;432289;0;5072
FR;2;2022-10-14;12;29;36;229;17;40;230;0;29;6126707;6815377;10672994;327324;6161726;11786190;432519;0;5101
FR;2;2022-10-15;4;10;22;111;4;17;113;0;15;6126711;6815387;10673016;327435;6161730;11786207;432632;0;5116
FR;2;2022-10-16;0;6;4;11;5;7;8;0;1;6126711;6815393;10673020;327446;6161735;11786214;432640;0;5117
FR;2;2022-10-17;15;18;31;121;17;26;131;0;29;6126726;6815411;10673051;327567;6161752;11786240;432771;0;5146
FR;2;2022-10-18;13;11;68;184;5;34;231;0;43;6126739;6815422;10673119;327751;6161757;11786274;433002;0;5189
FR;2;2022-10-19;8;17;36;182;12;30;185;0;42;6126747;6815439;10673155;327933;6161769;11786304;433187;0;5231
FR;2;2022-10-20;11;29;41;200;15;40;196;0;52;6126758;6815468;10673196;328133;6161784;11786344;433383;0;5283
FR;2;2022-10-21;6;15;60;232;6;53;222;0;30;6126764;6815483;10673256;328365;6161790;11786397;433605;0;5313
FR;2;2022-10-22;8;7;25;101;2;23;102;0;20;6126772;6815490;10673281;328466;6161792;11786420;433707;0;5333
FR;2;2022-10-23;0;3;1;5;3;0;6;0;2;6126772;6815493;10673282;328471;6161795;11786420;433713;0;5335
FR;2;2022-10-24;12;12;16;109;12;16;112;0;20;6126784;6815505;10673298;328580;6161807;11786436;433825;0;5355
FR;2;2022-10-25;12;7;23;138;6;15;145;0;51;6126796;6815512;10673321;328718;6161813;11786451;433970;0;5406
FR;2;2022-10-26;4;3;17;90;2;11;96;0;27;6126800;6815515;10673338;328808;6161815;11786462;434066;0;5433
FR;2;2022-10-27;7;9;18;88;9;20;71;0;27;6126807;6815524;10673356;328896;6161824;11786482;434137;0;5460
FR;2;2022-10-28;5;3;15;91;3;7;92;0;27;6126812;6815527;10673371;328987;6161827;11786489;434229;0;5487
FR;2;2022-10-29;7;8;18;33;6;14;37;0;8;6126819;6815535;10673389;329020;6161833;11786503;434266;0;5495
FR;2;2022-10-30;3;7;5;8;5;2;5;0;1;6126822;6815542;10673394;329028;6161838;11786505;434271;0;5496
FR;2;2022-10-31;2;8;6;49;6;10;48;0;11;6126824;6815550;10673400;329077;6161844;11786515;434319;0;5507
FR;2;2022-11-01;0;4;8;1;4;5;4;0;0;6126824;6815554;10673408;329078;6161848;11786520;434323;0;5507
FR;2;2022-11-02;6;5;12;44;5;12;45;0;11;6126830;6815559;10673420;329122;6161853;11786532;434368;0;5518
FR;2;2022-11-03;6;7;16;77;6;10;75;0;18;6126836;6815566;10673436;329199;6161859;11786542;434443;0;5536
FR;2;2022-11-04;7;12;15;85;10;14;93;0;10;6126843;6815578;10673451;329284;6161869;11786556;434536;0;5546
FR;2;2022-11-05;0;11;13;38;6;17;35;0;6;6126843;6815589;10673464;329322;6161875;11786573;434571;0;5552
FR;2;2022-11-06;0;2;2;1;0;4;0;0;2;6126843;6815591;10673466;329323;6161875;11786577;434571;0;5554
FR;2;2022-11-07;11;7;14;66;5;13;65;0;20;6126854;6815598;10673480;329389;6161880;11786590;434636;0;5574
FR;2;2022-11-08;11;6;18;58;4;14;65;0;27;6126865;6815604;10673498;329447;6161884;11786604;434701;0;5601
FR;2;2022-11-09;4;5;17;56;2;17;50;0;28;6126869;6815609;10673515;329503;6161886;11786621;434751;0;5629
FR;2;2022-11-10;7;10;17;74;7;14;76;0;14;6126876;6815619;10673532;329577;6161893;11786635;434827;0;5643
FR;2;2022-11-11;0;3;7;3;0;8;4;0;0;6126876;6815622;10673539;329580;6161893;11786643;434831;0;5643
FR;2;2022-11-12;2;5;7;19;4;7;19;0;4;6126878;6815627;10673546;329599;6161897;11786650;434850;0;5647
FR;2;2022-11-13;3;2;3;2;1;4;1;0;0;6126881;6815629;10673549;329601;6161898;11786654;434851;0;5647
FR;2;2022-11-14;7;6;13;29;3;10;33;0;7;6126888;6815635;10673562;329630;6161901;11786664;434884;0;5654
FR;2;2022-11-15;8;12;15;35;13;18;32;0;7;6126896;6815647;10673577;329665;6161914;11786682;434916;0;5661
FR;2;2022-11-16;4;3;4;45;3;4;46;0;18;6126900;6815650;10673581;329710;6161917;11786686;434962;0;5679
FR;2;2022-11-17;2;6;12;56;5;9;55;0;22;6126902;6815656;10673593;329766;6161922;11786695;435017;0;5701
FR;2;2022-11-18;3;4;7;41;4;6;44;0;10;6126905;6815660;10673600;329807;6161926;11786701;435061;0;5711
FR;2;2022-11-19;3;2;2;25;2;3;18;0;5;6126908;6815662;10673602;329832;6161928;11786704;435079;0;5716
FR;2;2022-11-20;0;2;6;9;2;6;10;0;26;6126908;6815664;10673608;329841;6161930;11786710;435089;0;5742
FR;2;2022-11-21;6;10;9;31;7;8;34;0;22;6126914;6815674;10673617;329872;6161937;11786718;435123;0;5764
FR;2;2022-11-22;8;8;20;65;6;21;70;0;71;6126922;6815682;10673637;329937;6161943;11786739;435193;0;5835
FR;2;2022-11-23;7;6;8;68;3;5;73;0;8;6126929;6815688;10673645;330005;6161946;11786744;435266;0;5843
FR;2;2022-11-24;2;2;11;50;2;7;57;0;10;6126931;6815690;10673656;330055;6161948;11786751;435323;0;5853
FR;2;2022-11-25;11;8;11;25;11;13;26;0;8;6126942;6815698;10673667;330080;6161959;11786764;435349;0;5861
FR;2;2022-11-26;1;5;4;8;4;7;6;0;0;6126943;6815703;10673671;330088;6161963;11786771;435355;0;5861
FR;2;2022-11-27;2;2;12;2;0;11;4;0;1;6126945;6815705;10673683;330090;6161963;11786782;435359;0;5862
FR;2;2022-11-28;0;2;7;35;1;5;37;0;5;6126945;6815707;10673690;330125;6161964;11786787;435396;0;5867
FR;2;2022-11-29;1;1;9;24;0;3;30;0;8;6126946;6815708;10673699;330149;6161964;11786790;435426;0;5875
FR;2;2022-11-30;2;1;9;47;0;10;44;0;21;6126948;6815709;10673708;330196;6161964;11786800;435470;0;5896
FR;2;2022-12-01;2;10;5;63;7;13;54;0;24;6126950;6815719;10673713;330259;6161971;11786813;435524;0;5920
FR;2;2022-12-02;1;2;12;51;2;10;51;0;27;6126951;6815721;10673725;330310;6161973;11786823;435575;0;5947
FR;2;2022-12-03;1;3;8;19;1;8;18;0;10;6126952;6815724;10673733;330329;6161974;11786831;435593;0;5957
FR;2;2022-12-04;0;0;0;4;0;0;4;0;2;6126952;6815724;10673733;330333;6161974;11786831;435597;0;5959
FR;2;2022-12-05;3;3;7;51;6;4;44;0;16;6126955;6815727;10673740;330384;6161980;11786835;435641;0;5975
FR;2;2022-12-06;3;4;13;45;3;6;47;0;17;6126958;6815731;10673753;330429;6161983;11786841;435688;0;5992
FR;2;2022-12-07;1;3;9;42;2;7;44;0;11;6126959;6815734;10673762;330471;6161985;11786848;435732;0;6003
FR;2;2022-12-08;0;2;11;44;0;6;49;0;16;6126959;6815736;10673773;330515;6161985;11786854;435781;0;6019
FR;2;2022-12-09;0;1;12;52;0;9;56;0;16;6126959;6815737;10673785;330567;6161985;11786863;435837;0;6035
FR;2;2022-12-10;0;2;15;49;0;6;51;0;9;6126959;6815739;10673800;330616;6161985;11786869;435888;0;6044
FR;2;2022-12-11;0;0;2;2;0;2;1;0;3;6126959;6815739;10673802;330618;6161985;11786871;435889;0;6047
FR;2;2022-12-12;0;0;6;36;0;6;35;0;11;6126959;6815739;10673808;330654;6161985;11786877;435924;0;6058
FR;2;2022-12-13;0;2;1;37;1;1;36;0;14;6126959;6815741;10673809;330691;6161986;11786878;435960;0;6072
FR;2;2022-12-14;0;5;8;26;5;3;31;0;14;6126959;6815746;10673817;330717;6161991;11786881;435991;0;6086
FR;2;2022-12-15;0;4;12;43;4;9;44;0;17;6126959;6815750;10673829;330760;6161995;11786890;436035;0;6103
FR;2;2022-12-16;2;4;27;56;3;20;62;0;16;6126961;6815754;10673856;330816;6161998;11786910;436097;0;6119
FR;2;2022-12-17;1;4;10;44;3;6;39;0;5;6126962;6815758;10673866;330860;6162001;11786916;436136;0;6124
FR;2;2022-12-18;1;0;0;0;0;0;0;0;1;6126963;6815758;10673866;330860;6162001;11786916;436136;0;6125
FR;2;2022-12-19;6;1;4;31;0;5;24;0;24;6126969;6815759;10673870;330891;6162001;11786921;436160;0;6149
FR;2;2022-12-20;0;2;6;36;0;7;37;0;24;6126969;6815761;10673876;330927;6162001;11786928;436197;0;6173
FR;2;2022-12-21;0;1;3;13;1;3;13;0;8;6126969;6815762;10673879;330940;6162002;11786931;436210;0;6181
FR;2;2022-12-22;0;5;17;32;2;6;45;0;10;6126969;6815767;10673896;330972;6162004;11786937;436255;0;6191
FR;2;2022-12-23;1;5;12;14;3;9;18;0;4;6126970;6815772;10673908;330986;6162007;11786946;436273;0;6195
FR;2;2022-12-24;0;0;1;1;0;1;1;0;0;6126970;6815772;10673909;330987;6162007;11786947;436274;0;6195
FR;2;2022-12-25;0;1;1;3;0;1;4;0;0;6126970;6815773;10673910;330990;6162007;11786948;436278;0;6195
FR;2;2022-12-26;0;0;7;11;0;5;11;0;3;6126970;6815773;10673917;331001;6162007;11786953;436289;0;6198
FR;2;2022-12-27;0;1;6;5;1;4;7;0;4;6126970;6815774;10673923;331006;6162008;11786957;436296;0;6202
FR;2;2022-12-28;0;2;3;13;2;2;14;0;5;6126970;6815776;10673926;331019;6162010;11786959;436310;0;6207
FR;2;2022-12-29;1;0;4;18;0;4;18;0;7;6126971;6815776;10673930;331037;6162010;11786963;436328;0;6214
FR;2;2022-12-30;0;0;2;6;0;2;5;0;1;6126971;6815776;10673932;331043;6162010;11786965;436333;0;6215
FR;2;2022-12-31;0;0;1;2;0;1;2;0;1;6126971;6815776;10673933;331045;6162010;11786966;436335;0;6216
FR;2;2023-01-01;0;0;0;0;0;0;0;0;0;6126971;6815776;10673933;331045;6162010;11786966;436335;0;6216
FR;2;2023-01-02;5;1;4;21;0;2;23;0;2;6126976;6815777;10673937;331066;6162010;11786968;436358;0;6218
FR;2;2023-01-03;0;0;3;11;0;4;9;0;6;6126976;6815777;10673940;331077;6162010;11786972;436367;0;6224
FR;2;2023-01-04;1;1;4;12;2;2;12;0;6;6126977;6815778;10673944;331089;6162012;11786974;436379;0;6230
FR;2;2023-01-05;0;1;4;6;1;2;6;0;3;6126977;6815779;10673948;331095;6162013;11786976;436385;0;6233
FR;2;2023-01-06;1;0;4;7;0;1;11;0;6;6126978;6815779;10673952;331102;6162013;11786977;436396;0;6239
FR;2;2023-01-07;0;0;1;9;0;2;6;0;5;6126978;6815779;10673953;331111;6162013;11786979;436402;0;6244
FR;2;2023-01-08;0;0;1;3;0;1;3;0;2;6126978;6815779;10673954;331114;6162013;11786980;436405;0;6246
FR;2;2023-01-09;0;0;7;9;0;2;13;0;5;6126978;6815779;10673961;331123;6162013;11786982;436418;0;6251
FR;2;2023-01-10;0;3;1;6;3;0;8;0;5;6126978;6815782;10673962;331129;6162016;11786982;436426;0;6256
FR;2;2023-01-11;3;0;4;7;0;3;9;0;3;6126981;6815782;10673966;331136;6162016;11786985;436435;0;6259
FR;2;2023-01-12;1;0;2;12;0;1;8;0;11;6126982;6815782;10673968;331148;6162016;11786986;436443;0;6270
FR;2;2023-01-13;0;1;4;6;1;2;8;0;3;6126982;6815783;10673972;331154;6162017;11786988;436451;0;6273
FR;2;2023-01-14;0;1;0;6;0;1;6;0;1;6126982;6815784;10673972;331160;6162017;11786989;436457;0;6274
FR;2;2023-01-15;0;0;0;0;0;0;0;0;0;6126982;6815784;10673972;331160;6162017;11786989;436457;0;6274
FR;2;2023-01-16;1;0;3;4;1;0;7;0;1;6126983;6815784;10673975;331164;6162018;11786989;436464;0;6275
FR;3;2020-12-27;0;0;0;0;0;0;0;0;0;0;0;0;0;0;0;0;0;0
FR;3;2020-12-28;0;0;0;0;0;0;0;0;0;0;0;0;0;0;0;0;0;0
FR;3;2020-12-29;0;0;0;0;0;0;0;0;0;0;0;0;0;0;0;0;0;0
FR;3;2020-12-30;0;0;0;0;0;0;0;0;0;0;0;0;0;0;0;0;0;0
FR;3;2020-12-31;0;0;0;0;0;0;0;0;0;0;0;0;0;0;0;0;0;0
FR;3;2021-01-01;0;0;0;0;0;0;0;0;0;0;0;0;0;0;0;0;0;0
FR;3;2021-01-02;0;0;0;0;0;0;0;0;0;0;0;0;0;0;0;0;0;0
FR;3;2021-01-03;0;0;0;0;0;0;0;0;0;0;0;0;0;0;0;0;0;0
FR;3;2021-01-04;0;0;0;0;0;0;0;0;0;0;0;0;0;0;0;0;0;0
FR;3;2021-01-05;0;0;0;0;0;0;0;0;0;0;0;0;0;0;0;0;0;0
FR;3;2021-01-06;0;0;0;0;0;0;0;0;0;0;0;0;0;0;0;0;0;0
FR;3;2021-01-07;0;0;0;0;0;0;0;0;0;0;0;0;0;0;0;0;0;0
FR;3;2021-01-08;0;0;0;0;0;0;0;0;0;0;0;0;0;0;0;0;0;0
FR;3;2021-01-09;0;0;0;0;0;0;0;0;0;0;0;0;0;0;0;0;0;0
FR;3;2021-01-10;0;0;0;0;0;0;0;0;0;0;0;0;0;0;0;0;0;0
FR;3;2021-01-11;0;0;0;0;0;0;0;0;0;0;0;0;0;0;0;0;0;0
FR;3;2021-01-12;0;0;0;0;0;0;0;0;0;0;0;0;0;0;0;0;0;0
FR;3;2021-01-13;0;0;0;0;0;0;0;0;0;0;0;0;0;0;0;0;0;0
FR;3;2021-01-14;0;0;0;0;0;0;0;0;0;0;0;0;0;0;0;0;0;0
FR;3;2021-01-15;0;0;0;0;0;0;0;0;0;0;0;0;0;0;0;0;0;0
FR;3;2021-01-16;0;0;0;0;0;0;0;0;0;0;0;0;0;0;0;0;0;0
FR;3;2021-01-17;0;0;0;0;0;0;0;0;0;0;0;0;0;0;0;0;0;0
FR;3;2021-01-18;0;0;0;0;0;0;0;0;0;0;0;0;0;0;0;0;0;0
FR;3;2021-01-19;0;0;0;0;0;0;0;0;0;0;0;0;0;0;0;0;0;0
FR;3;2021-01-20;0;0;0;0;0;0;0;0;0;0;0;0;0;0;0;0;0;0
FR;3;2021-01-21;0;0;0;0;0;0;0;0;0;0;0;0;0;0;0;0;0;0
FR;3;2021-01-22;0;0;0;0;0;0;0;0;0;0;0;0;0;0;0;0;0;0
FR;3;2021-01-23;0;0;0;0;0;0;0;0;0;0;0;0;0;0;0;0;0;0
FR;3;2021-01-24;0;0;0;0;0;0;0;0;0;0;0;0;0;0;0;0;0;0
FR;3;2021-01-25;0;0;0;0;0;0;0;0;0;0;0;0;0;0;0;0;0;0
FR;3;2021-01-26;0;0;0;0;0;0;0;0;0;0;0;0;0;0;0;0;0;0
FR;3;2021-01-27;0;0;0;0;0;0;0;0;0;0;0;0;0;0;0;0;0;0
FR;3;2021-01-28;0;0;0;0;0;0;0;0;0;0;0;0;0;0;0;0;0;0
FR;3;2021-01-29;0;0;0;0;0;0;0;0;0;0;0;0;0;0;0;0;0;0
FR;3;2021-01-30;0;0;0;0;0;0;0;0;0;0;0;0;0;0;0;0;0;0
FR;3;2021-01-31;0;0;0;0;0;0;0;0;0;0;0;0;0;0;0;0;0;0
FR;3;2021-02-01;0;0;0;0;0;0;0;0;0;0;0;0;0;0;0;0;0;0
FR;3;2021-02-02;0;0;0;0;0;0;0;0;0;0;0;0;0;0;0;0;0;0
FR;3;2021-02-03;0;0;0;0;0;0;0;0;0;0;0;0;0;0;0;0;0;0
FR;3;2021-02-04;0;0;0;0;0;0;0;0;0;0;0;0;0;0;0;0;0;0
FR;3;2021-02-05;0;0;0;0;0;0;0;0;0;0;0;0;0;0;0;0;0;0
FR;3;2021-02-06;1482;0;0;0;106;0;0;0;0;1482;0;0;0;106;0;0;0;0
FR;3;2021-02-07;1423;2;0;0;87;0;0;0;0;2905;2;0;0;193;0;0;0;0
FR;3;2021-02-08;2789;1;0;0;177;0;0;0;0;5694;3;0;0;370;0;0;0;0
FR;3;2021-02-09;6786;0;0;0;502;0;0;0;0;12480;3;0;0;872;0;0;0;0
FR;3;2021-02-10;9611;0;0;0;695;0;0;0;0;22091;3;0;0;1567;0;0;0;0
FR;3;2021-02-11;13620;4;0;0;920;0;0;0;0;35711;7;0;0;2487;0;0;0;0
FR;3;2021-02-12;13410;0;0;0;907;0;0;0;0;49121;7;0;0;3394;0;0;0;0
FR;3;2021-02-13;3799;1;0;0;218;0;0;0;0;52920;8;0;0;3612;0;0;0;0
FR;3;2021-02-14;975;1;0;0;53;0;0;0;0;53895;9;0;0;3665;0;0;0;0
FR;3;2021-02-15;10497;2;0;0;719;0;0;0;0;64392;11;0;0;4384;0;0;0;0
FR;3;2021-02-16;12556;5;0;0;871;0;0;0;0;76948;16;0;0;5255;0;0;0;0
FR;3;2021-02-17;11158;1;0;0;716;0;0;0;0;88106;17;0;0;5971;0;0;0;0
FR;3;2021-02-18;14943;2;0;0;985;0;0;0;0;103049;19;0;0;6956;0;0;0;0
FR;3;2021-02-19;14364;1;0;0;846;0;0;0;0;117413;20;0;0;7802;0;0;0;0
FR;3;2021-02-20;3331;0;0;0;178;0;0;0;0;120744;20;0;0;7980;0;0;0;0
FR;3;2021-02-21;620;0;0;0;35;0;0;0;0;121364;20;0;0;8015;0;0;0;0
FR;3;2021-02-22;9171;1;0;0;654;0;0;0;0;130535;21;0;0;8669;0;0;0;0
FR;3;2021-02-23;11406;6;0;0;760;0;0;0;0;141941;27;0;0;9429;0;0;0;0
FR;3;2021-02-24;14305;1;0;0;829;0;0;0;0;156246;28;0;0;10258;0;0;0;0
FR;3;2021-02-25;44935;3;0;0;1814;0;0;0;0;201181;31;0;0;12072;0;0;0;0
FR;3;2021-02-26;61890;11;0;0;2201;0;0;0;0;263071;42;0;0;14273;0;0;0;0
FR;3;2021-02-27;34811;14;0;0;1028;0;0;0;0;297882;56;0;0;15301;0;0;0;0
FR;3;2021-02-28;2464;0;0;0;114;0;0;0;0;300346;56;0;0;15415;0;0;0;0
FR;3;2021-03-01;20519;21;0;0;1067;0;0;0;0;320865;77;0;0;16482;0;0;0;0
FR;3;2021-03-02;38878;25;0;0;1789;0;0;0;0;359743;102;0;0;18271;0;0;0;0
FR;3;2021-03-03;48749;19;0;0;2132;0;0;0;0;408492;121;0;0;20403;0;0;0;0
FR;3;2021-03-04;82228;25;0;0;3194;0;0;0;0;490720;146;0;0;23597;0;0;0;0
FR;3;2021-03-05;118136;41;0;0;4691;0;0;0;0;608856;187;0;0;28288;0;0;0;0
FR;3;2021-03-06;120726;65;1;0;3558;0;0;0;0;729582;252;1;0;31846;0;0;0;0
FR;3;2021-03-07;55186;23;0;0;1729;0;0;0;0;784768;275;1;0;33575;0;0;0;0
FR;3;2021-03-08;42814;29;0;0;2074;0;0;0;0;827582;304;1;0;35649;0;0;0;0
FR;3;2021-03-09;78978;50;0;0;3287;0;0;0;0;906560;354;1;0;38936;0;0;0;0
FR;3;2021-03-10;80984;65;0;0;3241;0;0;0;0;987544;419;1;0;42177;0;0;0;0
FR;3;2021-03-11;128447;64;0;0;4765;0;0;0;0;1115991;483;1;0;46942;0;0;0;0
FR;3;2021-03-12;182720;121;0;0;6278;0;0;0;0;1298711;604;1;0;53220;0;0;0;0
FR;3;2021-03-13;132162;89;0;0;3528;0;0;0;0;1430873;693;1;0;56748;0;0;0;0
FR;3;2021-03-14;14060;6;0;0;550;0;0;0;0;1444933;699;1;0;57298;0;0;0;0
FR;3;2021-03-15;52238;82;0;0;2097;0;0;0;0;1497171;781;1;0;59395;0;0;0;0
FR;3;2021-03-16;1221;49;0;0;103;0;0;0;0;1498392;830;1;0;59498;0;0;0;0
FR;3;2021-03-17;950;56;0;0;95;0;0;0;0;1499342;886;1;0;59593;0;0;0;0
FR;3;2021-03-18;1576;41;0;0;101;0;0;0;0;1500918;927;1;0;59694;0;0;0;0
FR;3;2021-03-19;70458;56;0;0;2060;0;0;0;0;1571376;983;1;0;61754;0;0;0;0
FR;3;2021-03-20;65241;51;0;0;1702;0;0;0;0;1636617;1034;1;0;63456;0;0;0;0
FR;3;2021-03-21;5761;8;0;0;199;0;0;0;0;1642378;1042;1;0;63655;0;0;0;0
FR;3;2021-03-22;37509;48;0;0;1051;0;0;0;0;1679887;1090;1;0;64706;0;0;0;0
FR;3;2021-03-23;84669;87;0;0;2287;0;0;0;0;1764556;1177;1;0;66993;0;0;0;0
FR;3;2021-03-24;90955;98;0;0;2490;0;0;0;0;1855511;1275;1;0;69483;0;0;0;0
FR;3;2021-03-25;150069;145;0;0;3788;0;0;0;0;2005580;1420;1;0;73271;0;0;0;0
FR;3;2021-03-26;165430;159;0;0;4150;0;0;0;0;2171010;1579;1;0;77421;0;0;0;0
FR;3;2021-03-27;68466;101;0;0;2004;0;0;0;0;2239476;1680;1;0;79425;0;0;0;0
FR;3;2021-03-28;6479;20;0;0;237;0;0;0;0;2245955;1700;1;0;79662;0;0;0;0
FR;3;2021-03-29;54168;82;0;0;1480;0;0;0;0;2300123;1782;1;0;81142;0;0;0;0
FR;3;2021-03-30;93184;103;0;0;2564;0;0;0;0;2393307;1885;1;0;83706;0;0;0;0
FR;3;2021-03-31;63545;111;0;0;1965;0;0;0;0;2456852;1996;1;0;85671;0;0;0;0
FR;3;2021-04-01;86134;112;0;0;2492;0;0;0;0;2542986;2108;1;0;88163;0;0;0;0
FR;3;2021-04-02;86914;187;0;0;2766;0;0;0;0;2629900;2295;1;0;90929;0;0;0;0
FR;3;2021-04-03;35875;131;0;0;1162;0;0;0;0;2665775;2426;1;0;92091;0;0;0;0
FR;3;2021-04-04;3577;19;0;0;164;0;0;0;0;2669352;2445;1;0;92255;0;0;0;0
FR;3;2021-04-05;4492;40;0;0;236;0;0;0;0;2673844;2485;1;0;92491;0;0;0;0
FR;3;2021-04-06;29761;105;0;0;1092;0;0;0;0;2703605;2590;1;0;93583;0;0;0;0
FR;3;2021-04-07;32349;113;0;0;1052;0;0;0;0;2735954;2703;1;0;94635;0;0;0;0
FR;3;2021-04-08;78827;268;0;0;2615;0;0;0;0;2814781;2971;1;0;97250;0;0;0;0
FR;3;2021-04-09;161761;450;0;0;5177;0;0;0;0;2976542;3421;1;0;102427;0;0;0;0
FR;3;2021-04-10;75764;363;0;0;2695;0;0;0;0;3052306;3784;1;0;105122;0;0;0;0
FR;3;2021-04-11;7315;47;0;0;306;0;0;0;0;3059621;3831;1;0;105428;0;0;0;0
FR;3;2021-04-12;51485;216;0;0;1737;0;0;0;0;3111106;4047;1;0;107165;0;0;0;0
FR;3;2021-04-13;86236;362;0;0;2909;0;0;0;0;3197342;4409;1;0;110074;0;0;0;0
FR;3;2021-04-14;67843;377;0;0;2429;0;0;0;0;3265185;4786;1;0;112503;0;0;0;0
FR;3;2021-04-15;93243;404;0;0;3442;0;0;0;0;3358428;5190;1;0;115945;0;0;0;0
FR;3;2021-04-16;112531;626;0;0;4341;0;0;0;0;3470959;5816;1;0;120286;0;0;0;0
FR;3;2021-04-17;53319;370;1;0;2277;0;0;0;0;3524278;6186;2;0;122563;0;0;0;0
FR;3;2021-04-18;9751;49;0;0;423;0;0;0;0;3534029;6235;2;0;122986;0;0;0;0
FR;3;2021-04-19;25117;285;0;0;1091;0;0;0;0;3559146;6520;2;0;124077;0;0;0;0
FR;3;2021-04-20;45676;434;0;0;1905;0;0;0;0;3604822;6954;2;0;125982;0;0;0;0
FR;3;2021-04-21;38985;546;0;0;1890;0;0;0;0;3643807;7500;2;0;127872;0;0;0;0
FR;3;2021-04-22;54722;874;0;0;2826;0;0;0;0;3698529;8374;2;0;130698;0;0;0;0
FR;3;2021-04-23;70493;1093;0;0;3694;0;0;0;0;3769022;9467;2;0;134392;0;0;0;0
FR;3;2021-04-24;37253;1095;0;0;2484;0;0;0;0;3806275;10562;2;0;136876;0;0;0;0
FR;3;2021-04-25;6213;159;0;0;447;0;0;0;0;3812488;10721;2;0;137323;0;0;0;0
FR;3;2021-04-26;19790;696;0;0;1431;0;0;0;0;3832278;11417;2;0;138754;0;0;0;0
FR;3;2021-04-27;34485;1329;0;0;2587;0;0;0;0;3866763;12746;2;0;141341;0;0;0;0
FR;3;2021-04-28;28972;2038;0;0;3155;0;0;0;0;3895735;14784;2;0;144496;0;0;0;0
FR;3;2021-04-29;45394;6120;0;0;7938;0;0;0;0;3941129;20904;2;0;152434;0;0;0;0
FR;3;2021-04-30;55465;9108;1;0;11503;0;0;0;0;3996594;30012;3;0;163937;0;0;0;0
FR;3;2021-05-01;9518;2061;0;0;2492;0;0;0;0;4006112;32073;3;0;166429;0;0;0;0
FR;3;2021-05-02;3081;468;0;0;613;0;0;0;0;4009193;32541;3;0;167042;0;0;0;0
FR;3;2021-05-03;13066;3932;0;0;4499;0;0;0;0;4022259;36473;3;0;171541;0;0;0;0
FR;3;2021-05-04;23122;8368;0;0;9434;0;0;0;0;4045381;44841;3;0;180975;0;0;0;0
FR;3;2021-05-05;18766;10823;0;0;11761;0;0;0;0;4064147;55664;3;0;192736;0;0;0;0
FR;3;2021-05-06;34632;21248;0;0;22798;0;0;0;0;4098779;76912;3;0;215534;0;0;0;0
FR;3;2021-05-07;44210;28882;0;0;31186;0;0;0;0;4142989;105794;3;0;246720;0;0;0;0
FR;3;2021-05-08;6785;9193;0;0;9556;0;0;0;0;4149774;114987;3;0;256276;0;0;0;0
FR;3;2021-05-09;1797;2665;0;0;2765;0;0;0;0;4151571;117652;3;0;259041;0;0;0;0
FR;3;2021-05-10;15001;12904;0;0;13597;0;0;0;0;4166572;130556;3;0;272638;0;0;0;0
FR;3;2021-05-11;27099;26260;0;0;27532;0;0;0;0;4193671;156816;3;0;300170;0;0;0;0
FR;3;2021-05-12;17273;28118;0;0;29054;0;0;0;0;4210944;184934;3;0;329224;0;0;0;0
FR;3;2021-05-13;2285;3516;0;0;3636;0;0;0;0;4213229;188450;3;0;332860;0;0;0;0
FR;3;2021-05-14;14521;26066;0;0;26847;0;0;0;0;4227750;214516;3;0;359707;0;0;0;0
FR;3;2021-05-15;7233;21078;0;0;21505;0;0;0;0;4234983;235594;3;0;381212;0;0;0;0
FR;3;2021-05-16;977;2642;0;0;2687;0;0;0;0;4235960;238236;3;0;383899;0;0;0;0
FR;3;2021-05-17;7966;20209;0;0;20654;0;0;0;0;4243926;258445;3;0;404553;0;0;0;0
FR;3;2021-05-18;13417;30143;0;0;30904;0;0;0;0;4257343;288588;3;0;435457;0;0;0;0
FR;3;2021-05-19;9276;30555;0;0;31147;0;0;0;0;4266619;319143;3;0;466604;0;0;0;0
FR;3;2021-05-20;12806;53817;3;0;54743;0;0;0;0;4279425;372960;6;0;521347;0;0;0;0
FR;3;2021-05-21;12770;66173;2;0;67101;0;0;0;0;4292195;439133;8;0;588448;0;0;0;0
FR;3;2021-05-22;4967;33763;1;0;34145;0;0;0;0;4297162;472896;9;0;622593;0;0;0;0
FR;3;2021-05-23;651;2665;0;0;2697;0;0;0;0;4297813;475561;9;0;625290;0;0;0;0
FR;3;2021-05-24;885;4786;0;0;4830;0;0;0;0;4298698;480347;9;0;630120;0;0;0;0
FR;3;2021-05-25;5312;46690;1;0;47089;0;0;0;0;4304010;527037;10;0;677209;0;0;0;0
FR;3;2021-05-26;4980;52167;1;0;52640;0;0;0;0;4308990;579204;11;0;729849;0;0;0;0
FR;3;2021-05-27;6336;79029;3;0;79638;0;0;0;0;4315326;658233;14;0;809487;0;0;0;0
FR;3;2021-05-28;7545;100301;2;0;101103;0;0;0;0;4322871;758534;16;0;910590;0;0;0;0
FR;3;2021-05-29;3349;61152;1;0;61533;0;0;0;0;4326220;819686;17;0;972123;0;0;0;0
FR;3;2021-05-30;551;8085;0;0;8134;0;0;0;0;4326771;827771;17;0;980257;0;0;0;0
FR;3;2021-05-31;2442;35483;3;0;35748;0;0;0;0;4329213;863254;20;0;1016005;0;0;0;0
FR;3;2021-06-01;3414;64876;10;0;65327;0;0;0;0;4332627;928130;30;0;1081332;0;0;0;0
FR;3;2021-06-02;2735;58910;6;0;59245;0;0;0;0;4335362;987040;36;0;1140577;0;0;0;0
FR;3;2021-06-03;3496;87212;10;0;87748;0;0;0;0;4338858;1074252;46;0;1228325;0;0;0;0
FR;3;2021-06-04;4124;105849;22;0;106510;0;0;0;0;4342982;1180101;68;0;1334835;0;0;0;0
FR;3;2021-06-05;1983;52595;4;0;52912;0;0;0;0;4344965;1232696;72;0;1387747;0;0;0;0
FR;3;2021-06-06;511;5272;1;0;5319;0;0;0;0;4345476;1237968;73;0;1393066;0;0;0;0
FR;3;2021-06-07;1486;30714;11;0;30895;0;0;0;0;4346962;1268682;84;0;1423961;0;0;0;0
FR;3;2021-06-08;2065;47423;18;0;47769;0;0;0;0;4349027;1316105;102;0;1471730;0;0;0;0
FR;3;2021-06-09;1795;41829;13;0;42134;0;0;0;0;4350822;1357934;115;0;1513864;0;0;0;0
FR;3;2021-06-10;2258;67670;17;0;68066;0;0;0;0;4353080;1425604;132;0;1581930;0;0;0;0
FR;3;2021-06-11;2490;96631;34;0;97103;0;0;0;0;4355570;1522235;166;0;1679033;0;0;0;0
FR;3;2021-06-12;1178;40570;6;0;40802;0;0;0;0;4356748;1562805;172;0;1719835;0;0;0;0
FR;3;2021-06-13;283;3612;3;0;3647;0;0;0;0;4357031;1566417;175;0;1723482;0;0;0;0
FR;3;2021-06-14;1050;42325;17;0;42494;0;0;0;0;4358081;1608742;192;0;1765976;0;0;0;0
FR;3;2021-06-15;1379;80351;20;0;80655;0;0;0;0;4359460;1689093;212;0;1846631;0;0;0;0
FR;3;2021-06-16;1263;65496;20;0;65769;0;0;0;0;4360723;1754589;232;0;1912400;0;0;0;0
FR;3;2021-06-17;1667;102287;41;0;102672;0;0;0;0;4362390;1856876;273;0;2015072;0;0;0;0
FR;3;2021-06-18;1872;118453;63;0;118921;0;0;0;0;4364262;1975329;336;0;2133993;0;0;0;0
FR;3;2021-06-19;803;39464;22;0;39658;0;0;0;0;4365065;2014793;358;0;2173651;0;0;0;0
FR;3;2021-06-20;162;3201;0;0;3230;0;0;0;0;4365227;2017994;358;0;2176881;0;0;0;0
FR;3;2021-06-21;774;39089;16;0;39247;0;0;0;0;4366001;2057083;374;0;2216128;0;0;0;0
FR;3;2021-06-22;1065;70062;52;0;70332;0;0;0;0;4367066;2127145;426;0;2286460;0;0;0;0
FR;3;2021-06-23;945;50836;39;0;51108;0;0;0;0;4368011;2177981;465;0;2337568;0;0;0;0
FR;3;2021-06-24;1312;77298;48;0;77671;0;0;0;0;4369323;2255279;513;0;2415239;0;0;0;0
FR;3;2021-06-25;1410;90813;73;0;91247;0;0;0;0;4370733;2346092;586;0;2506486;0;0;0;0
FR;3;2021-06-26;631;33115;29;0;33307;0;0;0;0;4371364;2379207;615;0;2539793;0;0;0;0
FR;3;2021-06-27;167;3781;1;0;3805;0;0;0;0;4371531;2382988;616;0;2543598;0;0;0;0
FR;3;2021-06-28;655;29954;27;0;30148;0;0;0;0;4372186;2412942;643;0;2573746;0;0;0;0
FR;3;2021-06-29;856;56644;95;0;56888;0;0;0;0;4373042;2469586;738;0;2630634;0;0;0;0
FR;3;2021-06-30;905;45205;93;0;45473;0;0;0;0;4373947;2514791;831;0;2676107;0;0;0;0
FR;3;2021-07-01;1164;66107;108;0;66456;0;0;0;0;4375111;2580898;939;0;2742563;0;0;0;0
FR;3;2021-07-02;1305;90528;170;0;91008;0;0;0;0;4376416;2671426;1109;0;2833571;0;0;0;0
FR;3;2021-07-03;602;31181;51;0;31382;0;0;0;0;4377018;2702607;1160;0;2864953;0;0;0;0
FR;3;2021-07-04;144;3979;3;0;4009;0;0;0;0;4377162;2706586;1163;0;2868962;0;0;0;0
FR;3;2021-07-05;613;33612;60;0;33811;0;0;0;0;4377775;2740198;1223;0;2902773;0;0;0;0
FR;3;2021-07-06;964;55928;88;0;56240;0;0;0;0;4378739;2796126;1311;0;2959013;0;0;0;0
FR;3;2021-07-07;873;42961;80;0;43258;0;0;0;0;4379612;2839087;1391;0;3002271;0;0;0;0
FR;3;2021-07-08;1127;60821;99;0;61230;0;0;0;0;4380739;2899908;1490;0;3063501;0;0;0;0
FR;3;2021-07-09;1261;68936;128;0;69402;0;0;0;0;4382000;2968844;1618;0;3132903;0;0;0;0
FR;3;2021-07-10;644;25023;59;0;25220;0;0;0;0;4382644;2993867;1677;0;3158123;0;0;0;0
FR;3;2021-07-11;132;3172;4;0;3197;0;0;0;0;4382776;2997039;1681;0;3161320;0;0;0;0
FR;3;2021-07-12;662;23612;59;0;23825;0;0;0;0;4383438;3020651;1740;0;3185145;0;0;0;0
FR;3;2021-07-13;1648;34446;90;0;34934;0;0;0;0;4385086;3055097;1830;0;3220079;0;0;0;0
FR;3;2021-07-14;271;2471;2;0;2528;0;0;0;0;4385357;3057568;1832;0;3222607;0;0;0;0
FR;3;2021-07-15;1941;30426;85;0;31001;0;0;0;0;4387298;3087994;1917;0;3253608;0;0;0;0
FR;3;2021-07-16;2520;38629;122;0;39362;0;0;0;0;4389818;3126623;2039;0;3292970;0;0;0;0
FR;3;2021-07-17;1051;13725;26;0;14033;0;0;0;0;4390869;3140348;2065;0;3307003;0;0;0;0
FR;3;2021-07-18;266;2554;3;0;2602;0;0;0;0;4391135;3142902;2068;0;3309605;0;0;0;0
FR;3;2021-07-19;1280;16896;38;0;17264;0;0;0;0;4392415;3159798;2106;0;3326869;0;0;0;0
FR;3;2021-07-20;1823;26931;98;0;27473;0;0;0;0;4394238;3186729;2204;0;3354342;0;0;0;0
FR;3;2021-07-21;1652;19489;44;0;19994;0;0;0;0;4395890;3206218;2248;0;3374336;0;0;0;0
FR;3;2021-07-22;1856;27647;83;0;28212;0;0;0;0;4397746;3233865;2331;0;3402548;0;0;0;0
FR;3;2021-07-23;2217;30221;117;0;30958;0;0;0;0;4399963;3264086;2448;0;3433506;0;0;0;0
FR;3;2021-07-24;828;6927;25;0;7151;0;0;0;0;4400791;3271013;2473;0;3440657;0;0;0;0
FR;3;2021-07-25;210;1288;1;0;1343;0;0;0;0;4401001;3272301;2474;0;3442000;0;0;0;0
FR;3;2021-07-26;933;10514;28;0;10821;0;0;0;0;4401934;3282815;2502;0;3452821;0;0;0;0
FR;3;2021-07-27;1170;16802;56;0;17166;0;0;0;0;4403104;3299617;2558;0;3469987;0;0;0;0
FR;3;2021-07-28;989;12004;40;0;12316;0;0;0;0;4404093;3311621;2598;0;3482303;0;0;0;0
FR;3;2021-07-29;1127;15691;63;0;16104;0;0;0;0;4405220;3327312;2661;0;3498407;0;0;0;0
FR;3;2021-07-30;1129;17988;79;0;18362;0;0;0;0;4406349;3345300;2740;0;3516769;0;0;0;0
FR;3;2021-07-31;407;3710;15;0;3836;0;0;0;0;4406756;3349010;2755;0;3520605;0;0;0;0
FR;3;2021-08-01;117;448;1;0;470;0;0;0;0;4406873;3349458;2756;0;3521075;0;0;0;0
FR;3;2021-08-02;423;5021;22;0;5142;0;0;0;0;4407296;3354479;2778;0;3526217;0;0;0;0
FR;3;2021-08-03;498;7468;27;0;7602;0;0;0;0;4407794;3361947;2805;0;3533819;0;0;0;0
FR;3;2021-08-04;440;4834;26;0;4979;0;0;0;0;4408234;3366781;2831;0;3538798;0;0;0;0
FR;3;2021-08-05;433;3652;13;0;3762;0;0;0;0;4408667;3370433;2844;0;3542560;0;0;0;0
FR;3;2021-08-06;456;4700;30;0;4802;0;0;0;0;4409123;3375133;2874;0;3547362;0;0;0;0
FR;3;2021-08-07;214;1900;11;0;1946;0;0;0;0;4409337;3377033;2885;0;3549308;0;0;0;0
FR;3;2021-08-08;250;423;2;0;456;0;0;0;0;4409587;3377456;2887;0;3549764;0;0;0;0
FR;3;2021-08-09;319;2376;11;0;2446;0;0;0;0;4409906;3379832;2898;0;3552210;0;0;0;0
FR;3;2021-08-10;369;3743;15;0;3832;0;0;0;0;4410275;3383575;2913;0;3556042;0;0;0;0
FR;3;2021-08-11;291;2640;15;0;2700;0;0;0;0;4410566;3386215;2928;0;3558742;0;0;0;0
FR;3;2021-08-12;279;2566;13;0;2654;0;0;0;0;4410845;3388781;2941;0;3561396;0;0;0;0
FR;3;2021-08-13;278;2256;16;0;2341;0;0;0;0;4411123;3391037;2957;0;3563737;0;0;0;0
FR;3;2021-08-14;172;875;1;0;906;0;0;0;0;4411295;3391912;2958;0;3564643;0;0;0;0
FR;3;2021-08-15;56;173;0;0;182;0;0;0;0;4411351;3392085;2958;0;3564825;0;0;0;0
FR;3;2021-08-16;126;1011;8;0;1050;0;0;0;0;4411477;3393096;2966;0;3565875;0;0;0;0
FR;3;2021-08-17;191;1431;8;0;1472;0;0;0;0;4411668;3394527;2974;0;3567347;0;0;0;0
FR;3;2021-08-18;204;1311;10;0;1353;0;0;0;0;4411872;3395838;2984;0;3568700;0;0;0;0
FR;3;2021-08-19;165;1373;10;0;1420;0;0;0;0;4412037;3397211;2994;0;3570120;0;0;0;0
FR;3;2021-08-20;167;1597;16;0;1659;0;0;0;0;4412204;3398808;3010;0;3571779;0;0;0;0
FR;3;2021-08-21;93;580;2;0;595;0;0;0;0;4412297;3399388;3012;0;3572374;0;0;0;0
FR;3;2021-08-22;42;191;1;0;194;0;0;0;0;4412339;3399579;3013;0;3572568;0;0;0;0
FR;3;2021-08-23;141;881;7;0;926;0;0;0;0;4412480;3400460;3020;0;3573494;0;0;0;0
FR;3;2021-08-24;125;925;10;0;957;0;0;0;0;4412605;3401385;3030;0;3574451;0;0;0;0
FR;3;2021-08-25;137;819;3;0;848;0;0;0;0;4412742;3402204;3033;0;3575299;0;0;0;0
FR;3;2021-08-26;172;829;9;0;877;0;0;0;0;4412914;3403033;3042;0;3576176;0;0;0;0
FR;3;2021-08-27;178;937;9;0;989;0;0;0;0;4413092;3403970;3051;0;3577165;0;0;0;0
FR;3;2021-08-28;101;371;4;0;388;0;0;0;0;4413193;3404341;3055;0;3577553;0;0;0;0
FR;3;2021-08-29;128;129;1;0;162;0;0;0;0;4413321;3404470;3056;0;3577715;0;0;0;0
FR;3;2021-08-30;100;563;0;0;471;109;0;0;0;4413421;3405033;3056;0;3578186;109;0;0;0
FR;3;2021-08-31;134;685;7;0;589;135;0;0;0;4413555;3405718;3063;0;3578775;244;0;0;0
FR;3;2021-09-01;122;458;5;0;380;106;0;0;0;4413677;3406176;3068;0;3579155;350;0;0;0
FR;3;2021-09-02;100;595;22;0;531;105;0;0;0;4413777;3406771;3090;0;3579686;455;0;0;0
FR;3;2021-09-03;116;555;17;0;478;118;0;0;0;4413893;3407326;3107;0;3580164;573;0;0;0
FR;3;2021-09-04;55;293;3;0;254;50;0;0;0;4413948;3407619;3110;0;3580418;623;0;0;0
FR;3;2021-09-05;52;68;5;0;56;27;0;0;0;4414000;3407687;3115;0;3580474;650;0;0;0
FR;3;2021-09-06;118;367;4;0;261;130;0;0;0;4414118;3408054;3119;0;3580735;780;0;0;0
FR;3;2021-09-07;124;432;14;0;348;116;0;0;0;4414242;3408486;3133;0;3581083;896;0;0;0
FR;3;2021-09-08;122;343;2;0;272;88;0;0;0;4414364;3408829;3135;0;3581355;984;0;0;0
FR;3;2021-09-09;94;378;8;0;297;104;0;0;0;4414458;3409207;3143;0;3581652;1088;0;0;0
FR;3;2021-09-10;101;401;3;0;331;93;0;0;0;4414559;3409608;3146;0;3581983;1181;0;0;0
FR;3;2021-09-11;78;232;4;0;177;65;0;0;0;4414637;3409840;3150;0;3582160;1246;0;0;0
FR;3;2021-09-12;37;48;1;0;37;16;0;0;0;4414674;3409888;3151;0;3582197;1262;0;0;0
FR;3;2021-09-13;78;298;7;0;215;102;1;0;0;4414752;3410186;3158;0;3582412;1364;1;0;0
FR;3;2021-09-14;75;273;6;0;193;94;0;0;0;4414827;3410459;3164;0;3582605;1458;1;0;0
FR;3;2021-09-15;63;251;3;0;256;6;0;0;0;4414890;3410710;3167;0;3582861;1464;1;0;0
FR;3;2021-09-16;65;320;6;0;331;6;0;0;0;4414955;3411030;3173;0;3583192;1470;1;0;0
FR;3;2021-09-17;52;327;3;0;339;6;0;0;0;4415007;3411357;3176;0;3583531;1476;1;0;0
FR;3;2021-09-18;37;171;1;0;175;1;0;0;0;4415044;3411528;3177;0;3583706;1477;1;0;0
FR;3;2021-09-19;29;31;2;0;34;1;0;0;0;4415073;3411559;3179;0;3583740;1478;1;0;0
FR;3;2021-09-20;82;190;0;0;198;1;0;0;0;4415155;3411749;3179;0;3583938;1479;1;0;0
FR;3;2021-09-21;60;272;7;0;276;8;0;0;0;4415215;3412021;3186;0;3584214;1487;1;0;0
FR;3;2021-09-22;66;229;6;0;242;7;0;0;0;4415281;3412250;3192;0;3584456;1494;1;0;0
FR;3;2021-09-23;37;257;11;0;261;7;0;0;0;4415318;3412507;3203;0;3584717;1501;1;0;0
FR;3;2021-09-24;29;319;12;0;317;18;0;0;0;4415347;3412826;3215;0;3585034;1519;1;0;0
FR;3;2021-09-25;31;144;3;0;150;3;0;0;0;4415378;3412970;3218;0;3585184;1522;1;0;0
FR;3;2021-09-26;16;57;1;0;59;1;0;0;0;4415394;3413027;3219;0;3585243;1523;1;0;0
FR;3;2021-09-27;48;282;3;0;285;5;0;0;0;4415442;3413309;3222;0;3585528;1528;1;0;0
FR;3;2021-09-28;49;246;6;0;254;8;0;0;0;4415491;3413555;3228;0;3585782;1536;1;0;0
FR;3;2021-09-29;40;218;10;0;222;15;0;0;0;4415531;3413773;3238;0;3586004;1551;1;0;0
FR;3;2021-09-30;40;200;8;0;204;11;0;0;0;4415571;3413973;3246;0;3586208;1562;1;0;0
FR;3;2021-10-01;23;159;6;0;161;8;0;0;0;4415594;3414132;3252;0;3586369;1570;1;0;0
FR;3;2021-10-02;17;88;0;0;89;0;0;0;0;4415611;3414220;3252;0;3586458;1570;1;0;0
FR;3;2021-10-03;19;19;1;0;19;2;0;0;0;4415630;3414239;3253;0;3586477;1572;1;0;0
FR;3;2021-10-04;33;157;4;0;162;4;0;0;0;4415663;3414396;3257;0;3586639;1576;1;0;0
FR;3;2021-10-05;17;148;10;0;153;12;0;0;0;4415680;3414544;3267;0;3586792;1588;1;0;0
FR;3;2021-10-06;33;144;9;0;152;10;0;0;0;4415713;3414688;3276;0;3586944;1598;1;0;0
FR;3;2021-10-07;20;132;6;0;130;6;0;0;0;4415733;3414820;3282;0;3587074;1604;1;0;0
FR;3;2021-10-08;25;136;10;0;141;9;0;0;0;4415758;3414956;3292;0;3587215;1613;1;0;0
FR;3;2021-10-09;17;72;1;0;73;1;0;0;0;4415775;3415028;3293;0;3587288;1614;1;0;0
FR;3;2021-10-10;13;17;2;0;16;3;0;0;0;4415788;3415045;3295;0;3587304;1617;1;0;0
FR;3;2021-10-11;17;115;4;0;120;5;0;0;0;4415805;3415160;3299;0;3587424;1622;1;0;0
FR;3;2021-10-12;22;99;6;0;99;6;0;0;0;4415827;3415259;3305;0;3587523;1628;1;0;0
FR;3;2021-10-13;25;114;9;0;121;7;0;0;0;4415852;3415373;3314;0;3587644;1635;1;0;0
FR;3;2021-10-14;19;138;3;0;139;4;0;0;0;4415871;3415511;3317;0;3587783;1639;1;0;0
FR;3;2021-10-15;23;141;8;0;140;13;0;0;0;4415894;3415652;3325;0;3587923;1652;1;0;0
FR;3;2021-10-16;13;66;6;0;65;8;0;0;0;4415907;3415718;3331;0;3587988;1660;1;0;0
FR;3;2021-10-17;12;24;0;0;26;0;0;0;0;4415919;3415742;3331;0;3588014;1660;1;0;0
FR;3;2021-10-18;18;112;2;0;117;2;0;0;0;4415937;3415854;3333;0;3588131;1662;1;0;0
FR;3;2021-10-19;18;112;19;0;113;21;0;0;0;4415955;3415966;3352;0;3588244;1683;1;0;0
FR;3;2021-10-20;26;127;6;0;129;7;0;0;0;4415981;3416093;3358;0;3588373;1690;1;0;0
FR;3;2021-10-21;28;120;17;0;120;13;0;0;0;4416009;3416213;3375;0;3588493;1703;1;0;0
FR;3;2021-10-22;24;103;18;0;102;21;0;0;0;4416033;3416316;3393;0;3588595;1724;1;0;0
FR;3;2021-10-23;17;53;3;0;53;2;0;0;0;4416050;3416369;3396;0;3588648;1726;1;0;0
FR;3;2021-10-24;7;36;0;0;34;0;0;0;0;4416057;3416405;3396;0;3588682;1726;1;0;0
FR;3;2021-10-25;26;140;7;0;144;7;0;0;0;4416083;3416545;3403;0;3588826;1733;1;0;0
FR;3;2021-10-26;25;96;22;0;93;19;0;0;0;4416108;3416641;3425;0;3588919;1752;1;0;0
FR;3;2021-10-27;19;91;9;0;93;9;0;0;0;4416127;3416732;3434;0;3589012;1761;1;0;0
FR;3;2021-10-28;23;114;33;0;111;36;0;0;0;4416150;3416846;3467;0;3589123;1797;1;0;0
FR;3;2021-10-29;12;98;64;0;92;54;0;0;0;4416162;3416944;3531;0;3589215;1851;1;0;0
FR;3;2021-10-30;11;62;11;1;62;10;0;0;0;4416173;3417006;3542;1;3589277;1861;1;0;0
FR;3;2021-10-31;8;25;1;0;25;1;0;0;0;4416181;3417031;3543;1;3589302;1862;1;0;0
FR;3;2021-11-01;11;22;2;0;23;1;0;0;0;4416192;3417053;3545;1;3589325;1863;1;0;0
FR;3;2021-11-02;11;99;10;0;99;12;0;0;0;4416203;3417152;3555;1;3589424;1875;1;0;0
FR;3;2021-11-03;21;105;10;0;113;10;0;0;0;4416224;3417257;3565;1;3589537;1885;1;0;0
FR;3;2021-11-04;20;88;6;0;93;5;0;0;0;4416244;3417345;3571;1;3589630;1890;1;0;0
FR;3;2021-11-05;19;119;9;1;125;6;1;0;0;4416263;3417464;3580;2;3589755;1896;2;0;0
FR;3;2021-11-06;11;54;3;0;56;3;0;0;0;4416274;3417518;3583;2;3589811;1899;2;0;0
FR;3;2021-11-07;6;23;1;0;24;1;0;0;0;4416280;3417541;3584;2;3589835;1900;2;0;0
FR;3;2021-11-08;11;125;7;0;130;5;0;0;0;4416291;3417666;3591;2;3589965;1905;2;0;0
FR;3;2021-11-09;15;123;6;0;125;6;0;0;0;4416306;3417789;3597;2;3590090;1911;2;0;0
FR;3;2021-11-10;14;133;15;0;131;16;0;0;0;4416320;3417922;3612;2;3590221;1927;2;0;0
FR;3;2021-11-11;12;49;3;0;51;3;0;0;0;4416332;3417971;3615;2;3590272;1930;2;0;0
FR;3;2021-11-12;15;126;6;0;129;4;0;0;0;4416347;3418097;3621;2;3590401;1934;2;0;0
FR;3;2021-11-13;7;66;9;0;61;10;0;0;0;4416354;3418163;3630;2;3590462;1944;2;0;0
FR;3;2021-11-14;3;24;1;0;24;1;0;0;0;4416357;3418187;3631;2;3590486;1945;2;0;0
FR;3;2021-11-15;6;162;11;0;159;12;0;0;0;4416363;3418349;3642;2;3590645;1957;2;0;0
FR;3;2021-11-16;9;124;11;0;119;10;0;0;0;4416372;3418473;3653;2;3590764;1967;2;0;0
FR;3;2021-11-17;8;133;11;0;134;8;0;0;0;4416380;3418606;3664;2;3590898;1975;2;0;0
FR;3;2021-11-18;16;134;10;0;135;11;0;0;0;4416396;3418740;3674;2;3591033;1986;2;0;0
FR;3;2021-11-19;12;180;23;0;175;28;0;0;0;4416408;3418920;3697;2;3591208;2014;2;0;0
FR;3;2021-11-20;6;100;6;0;101;6;0;0;0;4416414;3419020;3703;2;3591309;2020;2;0;0
FR;3;2021-11-21;3;25;4;0;24;4;0;0;0;4416417;3419045;3707;2;3591333;2024;2;0;0
FR;3;2021-11-22;11;184;11;0;184;11;0;0;0;4416428;3419229;3718;2;3591517;2035;2;0;0
FR;3;2021-11-23;9;181;16;0;179;15;0;0;0;4416437;3419410;3734;2;3591696;2050;2;0;0
FR;3;2021-11-24;11;183;9;0;175;17;0;0;0;4416448;3419593;3743;2;3591871;2067;2;0;0
FR;3;2021-11-25;12;199;11;0;197;11;0;0;0;4416460;3419792;3754;2;3592068;2078;2;0;0
FR;3;2021-11-26;10;255;35;0;254;33;1;0;0;4416470;3420047;3789;2;3592322;2111;3;0;0
FR;3;2021-11-27;8;126;20;0;125;21;0;0;0;4416478;3420173;3809;2;3592447;2132;3;0;0
FR;3;2021-11-28;3;56;7;0;57;7;0;0;0;4416481;3420229;3816;2;3592504;2139;3;0;0
FR;3;2021-11-29;5;218;22;0;213;23;1;0;0;4416486;3420447;3838;2;3592717;2162;4;0;0
FR;3;2021-11-30;9;286;30;0;285;33;0;0;0;4416495;3420733;3868;2;3593002;2195;4;0;0
FR;3;2021-12-01;30;319;38;0;317;40;2;0;0;4416525;3421052;3906;2;3593319;2235;6;0;0
FR;3;2021-12-02;9;344;33;0;340;36;0;0;0;4416534;3421396;3939;2;3593659;2271;6;0;0
FR;3;2021-12-03;6;368;37;0;364;38;0;0;0;4416540;3421764;3976;2;3594023;2309;6;0;0
FR;3;2021-12-04;3;205;26;0;201;28;0;0;0;4416543;3421969;4002;2;3594224;2337;6;0;0
FR;3;2021-12-05;1;61;5;0;61;5;0;0;0;4416544;3422030;4007;2;3594285;2342;6;0;0
FR;3;2021-12-06;7;365;14;0;364;15;0;0;0;4416551;3422395;4021;2;3594649;2357;6;0;0
FR;3;2021-12-07;6;415;20;0;409;24;1;0;0;4416557;3422810;4041;2;3595058;2381;7;0;0
FR;3;2021-12-08;8;382;29;0;374;30;1;0;0;4416565;3423192;4070;2;3595432;2411;8;0;0
FR;3;2021-12-09;3;431;17;0;418;22;1;0;0;4416568;3423623;4087;2;3595850;2433;9;0;0
FR;3;2021-12-10;10;447;29;0;444;25;0;0;0;4416578;3424070;4116;2;3596294;2458;9;0;0
FR;3;2021-12-11;4;301;10;0;298;9;2;0;0;4416582;3424371;4126;2;3596592;2467;11;0;0
FR;3;2021-12-12;1;96;3;0;96;3;0;0;0;4416583;3424467;4129;2;3596688;2470;11;0;0
FR;3;2021-12-13;2;440;19;0;434;21;0;0;0;4416585;3424907;4148;2;3597122;2491;11;0;0
FR;3;2021-12-14;8;553;18;0;541;21;1;0;0;4416593;3425460;4166;2;3597663;2512;12;0;0
FR;3;2021-12-15;10;530;17;0;517;21;0;0;0;4416603;3425990;4183;2;3598180;2533;12;0;0
FR;3;2021-12-16;10;540;19;0;534;18;3;0;0;4416613;3426530;4202;2;3598714;2551;15;0;0
FR;3;2021-12-17;5;601;18;0;597;19;0;0;0;4416618;3427131;4220;2;3599311;2570;15;0;0
FR;3;2021-12-18;5;349;4;0;343;5;1;0;0;4416623;3427480;4224;2;3599654;2575;16;0;0
FR;3;2021-12-19;3;178;2;0;176;2;0;0;0;4416626;3427658;4226;2;3599830;2577;16;0;0
FR;3;2021-12-20;10;574;23;0;568;28;0;0;0;4416636;3428232;4249;2;3600398;2605;16;0;0
FR;3;2021-12-21;5;667;10;0;659;13;2;0;0;4416641;3428899;4259;2;3601057;2618;18;0;0
FR;3;2021-12-22;10;621;9;0;615;10;1;0;0;4416651;3429520;4268;2;3601672;2628;19;0;0
FR;3;2021-12-23;4;547;8;0;545;8;0;0;0;4416655;3430067;4276;2;3602217;2636;19;0;0
FR;3;2021-12-24;2;234;3;0;229;6;0;0;0;4416657;3430301;4279;2;3602446;2642;19;0;0
FR;3;2021-12-25;0;24;0;0;24;0;0;0;0;4416657;3430325;4279;2;3602470;2642;19;0;0
FR;3;2021-12-26;0;87;1;0;87;1;0;0;0;4416657;3430412;4280;2;3602557;2643;19;0;0
FR;3;2021-12-27;7;461;17;0;458;20;1;0;0;4416664;3430873;4297;2;3603015;2663;20;0;0
FR;3;2021-12-28;3;582;6;0;581;5;0;0;0;4416667;3431455;4303;2;3603596;2668;20;0;0
FR;3;2021-12-29;5;496;14;0;491;16;0;0;0;4416672;3431951;4317;2;3604087;2684;20;0;0
FR;3;2021-12-30;3;520;7;0;513;10;2;0;0;4416675;3432471;4324;2;3604600;2694;22;0;0
FR;3;2021-12-31;0;182;5;0;178;7;0;0;0;4416675;3432653;4329;2;3604778;2701;22;0;0
FR;3;2022-01-01;0;26;0;0;24;2;0;0;0;4416675;3432679;4329;2;3604802;2703;22;0;0
FR;3;2022-01-02;0;77;0;0;77;0;0;0;0;4416675;3432756;4329;2;3604879;2703;22;0;0
FR;3;2022-01-03;5;491;17;0;481;21;3;0;0;4416680;3433247;4346;2;3605360;2724;25;0;0
FR;3;2022-01-04;7;545;9;0;544;8;0;0;0;4416687;3433792;4355;2;3605904;2732;25;0;0
FR;3;2022-01-05;5;493;10;0;485;14;1;0;0;4416692;3434285;4365;2;3606389;2746;26;0;0
FR;3;2022-01-06;6;466;9;0;461;10;1;0;0;4416698;3434751;4374;2;3606850;2756;27;0;0
FR;3;2022-01-07;2;494;11;0;488;13;1;0;1;4416700;3435245;4385;2;3607338;2769;28;0;1
FR;3;2022-01-08;6;252;4;0;249;5;0;0;0;4416706;3435497;4389;2;3607587;2774;28;0;1
FR;3;2022-01-09;0;117;0;0;117;0;0;0;0;4416706;3435614;4389;2;3607704;2774;28;0;1
FR;3;2022-01-10;2;424;12;0;422;12;0;0;0;4416708;3436038;4401;2;3608126;2786;28;0;1
FR;3;2022-01-11;3;461;1;0;460;1;0;0;0;4416711;3436499;4402;2;3608586;2787;28;0;1
FR;3;2022-01-12;4;395;9;0;392;10;2;0;0;4416715;3436894;4411;2;3608978;2797;30;0;1
FR;3;2022-01-13;3;392;11;0;390;12;1;0;0;4416718;3437286;4422;2;3609368;2809;31;0;1
FR;3;2022-01-14;4;422;10;0;416;13;1;0;0;4416722;3437708;4432;2;3609784;2822;32;0;1
FR;3;2022-01-15;0;279;2;0;275;3;0;0;0;4416722;3437987;4434;2;3610059;2825;32;0;1
FR;3;2022-01-16;1;108;1;0;106;1;1;0;0;4416723;3438095;4435;2;3610165;2826;33;0;1
FR;3;2022-01-17;2;322;8;0;319;9;1;0;0;4416725;3438417;4443;2;3610484;2835;34;0;1
FR;3;2022-01-18;2;362;1;0;358;2;1;0;0;4416727;3438779;4444;2;3610842;2837;35;0;1
FR;3;2022-01-19;2;322;5;0;316;10;0;0;0;4416729;3439101;4449;2;3611158;2847;35;0;1
FR;3;2022-01-20;1;351;5;0;350;3;2;0;0;4416730;3439452;4454;2;3611508;2850;37;0;1
FR;3;2022-01-21;4;341;5;0;335;7;2;0;0;4416734;3439793;4459;2;3611843;2857;39;0;1
FR;3;2022-01-22;2;221;1;0;217;2;3;0;0;4416736;3440014;4460;2;3612060;2859;42;0;1
FR;3;2022-01-23;0;78;0;0;76;1;1;0;0;4416736;3440092;4460;2;3612136;2860;43;0;1
FR;3;2022-01-24;2;319;1;0;311;6;2;0;0;4416738;3440411;4461;2;3612447;2866;45;0;1
FR;3;2022-01-25;0;174;0;0;171;0;1;0;0;4416738;3440585;4461;2;3612618;2866;46;0;1
FR;3;2022-01-26;0;77;0;0;77;0;0;0;0;4416738;3440662;4461;2;3612695;2866;46;0;1
FR;3;2022-01-27;0;52;0;0;52;0;0;0;0;4416738;3440714;4461;2;3612747;2866;46;0;1
FR;3;2022-01-28;0;116;0;0;115;0;0;0;0;4416738;3440830;4461;2;3612862;2866;46;0;1
FR;3;2022-01-29;0;97;0;0;97;0;0;0;0;4416738;3440927;4461;2;3612959;2866;46;0;1
FR;3;2022-01-30;0;50;0;0;50;0;0;0;0;4416738;3440977;4461;2;3613009;2866;46;0;1
FR;3;2022-01-31;0;91;0;0;91;0;0;0;0;4416738;3441068;4461;2;3613100;2866;46;0;1
FR;3;2022-02-01;0;98;0;0;96;1;0;0;0;4416738;3441166;4461;2;3613196;2867;46;0;1
FR;3;2022-02-02;0;85;0;0;83;0;0;0;0;4416738;3441251;4461;2;3613279;2867;46;0;1
FR;3;2022-02-03;0;91;0;0;89;0;0;0;0;4416738;3441342;4461;2;3613368;2867;46;0;1
FR;3;2022-02-04;0;113;0;0;110;0;1;0;0;4416738;3441455;4461;2;3613478;2867;47;0;1
FR;3;2022-02-05;0;70;0;0;70;0;0;0;0;4416738;3441525;4461;2;3613548;2867;47;0;1
FR;3;2022-02-06;0;10;0;0;10;0;0;0;0;4416738;3441535;4461;2;3613558;2867;47;0;1
FR;3;2022-02-07;0;76;0;0;76;0;0;0;0;4416738;3441611;4461;2;3613634;2867;47;0;1
FR;3;2022-02-08;0;0;0;0;0;0;0;0;0;4416738;3441611;4461;2;3613634;2867;47;0;1
FR;3;2022-02-09;0;0;0;0;0;0;0;0;0;4416738;3441611;4461;2;3613634;2867;47;0;1
FR;3;2022-02-10;0;0;0;0;0;0;0;0;0;4416738;3441611;4461;2;3613634;2867;47;0;1
FR;3;2022-02-11;0;0;0;0;0;0;0;0;0;4416738;3441611;4461;2;3613634;2867;47;0;1
FR;3;2022-02-12;0;0;0;0;0;0;0;0;0;4416738;3441611;4461;2;3613634;2867;47;0;1
FR;3;2022-02-13;0;0;0;0;0;0;0;0;0;4416738;3441611;4461;2;3613634;2867;47;0;1
FR;3;2022-02-14;0;0;0;0;0;0;0;0;0;4416738;3441611;4461;2;3613634;2867;47;0;1
FR;3;2022-02-15;0;0;0;0;0;0;0;0;0;4416738;3441611;4461;2;3613634;2867;47;0;1
FR;3;2022-02-16;0;0;0;0;0;0;0;0;0;4416738;3441611;4461;2;3613634;2867;47;0;1
FR;3;2022-02-17;0;0;0;0;0;0;0;0;0;4416738;3441611;4461;2;3613634;2867;47;0;1
FR;3;2022-02-18;0;0;0;0;0;0;0;0;0;4416738;3441611;4461;2;3613634;2867;47;0;1
FR;3;2022-02-19;0;0;0;0;0;0;0;0;0;4416738;3441611;4461;2;3613634;2867;47;0;1
FR;3;2022-02-20;0;0;0;0;0;0;0;0;0;4416738;3441611;4461;2;3613634;2867;47;0;1
FR;3;2022-02-21;2;0;0;0;0;0;0;0;0;4416740;3441611;4461;2;3613634;2867;47;0;1
FR;3;2022-02-22;0;0;0;0;0;0;0;0;0;4416740;3441611;4461;2;3613634;2867;47;0;1
FR;3;2022-02-23;0;0;0;0;0;0;0;0;0;4416740;3441611;4461;2;3613634;2867;47;0;1
FR;3;2022-02-24;0;0;0;0;0;0;0;0;0;4416740;3441611;4461;2;3613634;2867;47;0;1
FR;3;2022-02-25;0;0;0;0;0;0;0;0;0;4416740;3441611;4461;2;3613634;2867;47;0;1
FR;3;2022-02-26;0;0;0;0;0;0;0;0;0;4416740;3441611;4461;2;3613634;2867;47;0;1
FR;3;2022-02-27;0;0;0;0;0;0;0;0;0;4416740;3441611;4461;2;3613634;2867;47;0;1
FR;3;2022-02-28;1;0;0;0;0;0;0;0;0;4416741;3441611;4461;2;3613634;2867;47;0;1
FR;3;2022-03-01;1;0;0;0;0;0;0;0;0;4416742;3441611;4461;2;3613634;2867;47;0;1
FR;3;2022-03-02;0;0;0;0;0;0;0;0;0;4416742;3441611;4461;2;3613634;2867;47;0;1
FR;3;2022-03-03;0;0;0;0;0;0;0;0;0;4416742;3441611;4461;2;3613634;2867;47;0;1
FR;3;2022-03-04;0;0;0;0;0;0;0;0;0;4416742;3441611;4461;2;3613634;2867;47;0;1
FR;3;2022-03-05;0;0;0;0;0;0;0;0;0;4416742;3441611;4461;2;3613634;2867;47;0;1
FR;3;2022-03-06;1;0;0;0;0;0;0;0;0;4416743;3441611;4461;2;3613634;2867;47;0;1
FR;3;2022-03-07;0;0;0;0;0;0;0;0;0;4416743;3441611;4461;2;3613634;2867;47;0;1
FR;3;2022-03-08;1;0;0;0;0;0;0;0;0;4416744;3441611;4461;2;3613634;2867;47;0;1
FR;3;2022-03-09;0;0;0;0;0;0;0;0;0;4416744;3441611;4461;2;3613634;2867;47;0;1
FR;3;2022-03-10;0;0;0;0;0;0;0;0;0;4416744;3441611;4461;2;3613634;2867;47;0;1
FR;3;2022-03-11;0;0;0;0;0;0;0;0;0;4416744;3441611;4461;2;3613634;2867;47;0;1
FR;3;2022-03-12;0;0;0;0;0;0;0;0;0;4416744;3441611;4461;2;3613634;2867;47;0;1
FR;3;2022-03-13;0;0;0;0;0;0;0;0;0;4416744;3441611;4461;2;3613634;2867;47;0;1
FR;3;2022-03-14;0;0;0;0;0;0;0;0;0;4416744;3441611;4461;2;3613634;2867;47;0;1
FR;3;2022-03-15;0;0;0;0;0;0;0;0;0;4416744;3441611;4461;2;3613634;2867;47;0;1
FR;3;2022-03-16;0;0;0;0;0;0;0;0;0;4416744;3441611;4461;2;3613634;2867;47;0;1
FR;3;2022-03-17;0;0;0;0;0;0;0;0;0;4416744;3441611;4461;2;3613634;2867;47;0;1
FR;3;2022-03-18;0;0;0;0;0;0;0;0;0;4416744;3441611;4461;2;3613634;2867;47;0;1
FR;3;2022-03-19;0;0;0;0;0;0;0;0;0;4416744;3441611;4461;2;3613634;2867;47;0;1
FR;3;2022-03-20;1;0;0;0;0;0;0;0;0;4416745;3441611;4461;2;3613634;2867;47;0;1
FR;3;2022-03-21;0;0;0;0;0;0;0;0;0;4416745;3441611;4461;2;3613634;2867;47;0;1
FR;3;2022-03-22;0;0;0;0;0;0;0;0;0;4416745;3441611;4461;2;3613634;2867;47;0;1
FR;3;2022-03-23;1;0;0;0;0;0;0;0;0;4416746;3441611;4461;2;3613634;2867;47;0;1
FR;3;2022-03-24;0;0;0;0;0;0;0;0;0;4416746;3441611;4461;2;3613634;2867;47;0;1
FR;3;2022-03-25;1;0;0;0;0;0;0;0;0;4416747;3441611;4461;2;3613634;2867;47;0;1
FR;3;2022-03-26;0;0;0;0;0;0;0;0;0;4416747;3441611;4461;2;3613634;2867;47;0;1
FR;3;2022-03-27;0;0;0;0;0;0;0;0;0;4416747;3441611;4461;2;3613634;2867;47;0;1
FR;3;2022-03-28;0;0;0;0;0;0;0;0;0;4416747;3441611;4461;2;3613634;2867;47;0;1
FR;3;2022-03-29;0;0;0;0;0;0;0;0;0;4416747;3441611;4461;2;3613634;2867;47;0;1
FR;3;2022-03-30;0;0;0;0;0;0;0;0;0;4416747;3441611;4461;2;3613634;2867;47;0;1
FR;3;2022-03-31;0;0;0;0;0;0;0;0;0;4416747;3441611;4461;2;3613634;2867;47;0;1
FR;3;2022-04-01;0;0;0;0;0;0;0;0;0;4416747;3441611;4461;2;3613634;2867;47;0;1
FR;3;2022-04-02;0;0;0;0;0;0;0;0;0;4416747;3441611;4461;2;3613634;2867;47;0;1
FR;3;2022-04-03;0;0;0;0;0;0;0;0;0;4416747;3441611;4461;2;3613634;2867;47;0;1
FR;3;2022-04-04;0;0;0;0;0;0;0;0;0;4416747;3441611;4461;2;3613634;2867;47;0;1
FR;3;2022-04-05;0;0;0;0;0;0;0;0;0;4416747;3441611;4461;2;3613634;2867;47;0;1
FR;3;2022-04-06;0;0;0;0;0;0;0;0;0;4416747;3441611;4461;2;3613634;2867;47;0;1
FR;3;2022-04-07;0;0;0;0;0;0;0;0;0;4416747;3441611;4461;2;3613634;2867;47;0;1
FR;3;2022-04-08;0;0;0;0;0;0;0;0;0;4416747;3441611;4461;2;3613634;2867;47;0;1
FR;3;2022-04-09;0;0;0;0;0;0;0;0;0;4416747;3441611;4461;2;3613634;2867;47;0;1
FR;3;2022-04-10;0;0;0;0;0;0;0;0;0;4416747;3441611;4461;2;3613634;2867;47;0;1
FR;3;2022-04-11;0;0;0;0;0;0;0;0;0;4416747;3441611;4461;2;3613634;2867;47;0;1
FR;3;2022-04-12;0;0;0;0;0;0;0;0;0;4416747;3441611;4461;2;3613634;2867;47;0;1
FR;3;2022-04-13;0;0;0;0;0;0;0;0;0;4416747;3441611;4461;2;3613634;2867;47;0;1
FR;3;2022-04-14;0;0;0;0;0;0;0;0;0;4416747;3441611;4461;2;3613634;2867;47;0;1
FR;3;2022-04-15;1;0;0;0;0;0;0;0;0;4416748;3441611;4461;2;3613634;2867;47;0;1
FR;3;2022-04-16;0;0;0;0;0;0;0;0;0;4416748;3441611;4461;2;3613634;2867;47;0;1
FR;3;2022-04-17;0;0;0;0;0;0;0;0;0;4416748;3441611;4461;2;3613634;2867;47;0;1
FR;3;2022-04-18;0;0;0;0;0;0;0;0;0;4416748;3441611;4461;2;3613634;2867;47;0;1
FR;3;2022-04-19;0;0;0;0;0;0;0;0;0;4416748;3441611;4461;2;3613634;2867;47;0;1
FR;3;2022-04-20;0;0;0;0;0;0;0;0;0;4416748;3441611;4461;2;3613634;2867;47;0;1
FR;3;2022-04-21;0;0;0;0;0;0;0;0;0;4416748;3441611;4461;2;3613634;2867;47;0;1
FR;3;2022-04-22;0;0;0;0;0;0;0;0;0;4416748;3441611;4461;2;3613634;2867;47;0;1
FR;3;2022-04-23;0;0;0;0;0;0;0;0;0;4416748;3441611;4461;2;3613634;2867;47;0;1
FR;3;2022-04-24;0;0;0;0;0;0;0;0;0;4416748;3441611;4461;2;3613634;2867;47;0;1
FR;3;2022-04-25;0;0;0;0;0;0;0;0;0;4416748;3441611;4461;2;3613634;2867;47;0;1
FR;3;2022-04-26;0;0;0;0;0;0;0;0;0;4416748;3441611;4461;2;3613634;2867;47;0;1
FR;3;2022-04-27;0;0;0;0;0;0;0;0;0;4416748;3441611;4461;2;3613634;2867;47;0;1
FR;3;2022-04-28;0;0;0;0;0;0;0;0;0;4416748;3441611;4461;2;3613634;2867;47;0;1
FR;3;2022-04-29;0;0;0;0;0;0;0;0;0;4416748;3441611;4461;2;3613634;2867;47;0;1
FR;3;2022-04-30;0;0;0;0;0;0;0;0;0;4416748;3441611;4461;2;3613634;2867;47;0;1
FR;3;2022-05-01;0;0;0;0;0;0;0;0;0;4416748;3441611;4461;2;3613634;2867;47;0;1
FR;3;2022-05-02;0;0;0;0;0;0;0;0;0;4416748;3441611;4461;2;3613634;2867;47;0;1
FR;3;2022-05-03;0;0;0;0;0;0;0;0;0;4416748;3441611;4461;2;3613634;2867;47;0;1
FR;3;2022-05-04;0;0;0;0;0;0;0;0;0;4416748;3441611;4461;2;3613634;2867;47;0;1
FR;3;2022-05-05;0;0;0;0;0;0;0;0;0;4416748;3441611;4461;2;3613634;2867;47;0;1
FR;3;2022-05-06;0;0;0;0;0;0;0;0;0;4416748;3441611;4461;2;3613634;2867;47;0;1
FR;3;2022-05-07;0;0;0;0;0;0;0;0;0;4416748;3441611;4461;2;3613634;2867;47;0;1
FR;3;2022-05-08;0;0;0;0;0;0;0;0;0;4416748;3441611;4461;2;3613634;2867;47;0;1
FR;3;2022-05-09;0;0;0;0;0;0;0;0;0;4416748;3441611;4461;2;3613634;2867;47;0;1
FR;3;2022-05-10;0;0;0;0;0;0;0;0;0;4416748;3441611;4461;2;3613634;2867;47;0;1
FR;3;2022-05-11;0;0;0;0;0;0;0;0;0;4416748;3441611;4461;2;3613634;2867;47;0;1
FR;3;2022-05-12;0;0;0;0;0;0;0;0;0;4416748;3441611;4461;2;3613634;2867;47;0;1
FR;3;2022-05-13;0;0;0;0;0;0;0;0;0;4416748;3441611;4461;2;3613634;2867;47;0;1
FR;3;2022-05-14;1;0;0;0;0;0;0;0;0;4416749;3441611;4461;2;3613634;2867;47;0;1
FR;3;2022-05-15;0;0;0;0;0;0;0;0;0;4416749;3441611;4461;2;3613634;2867;47;0;1
FR;3;2022-05-16;0;0;0;0;0;0;0;0;0;4416749;3441611;4461;2;3613634;2867;47;0;1
FR;3;2022-05-17;0;0;0;0;0;0;0;0;0;4416749;3441611;4461;2;3613634;2867;47;0;1
FR;3;2022-05-18;0;0;0;0;0;0;0;0;0;4416749;3441611;4461;2;3613634;2867;47;0;1
FR;3;2022-05-19;0;0;0;0;0;0;0;0;0;4416749;3441611;4461;2;3613634;2867;47;0;1
FR;3;2022-05-20;0;0;0;0;0;0;0;0;0;4416749;3441611;4461;2;3613634;2867;47;0;1
FR;3;2022-05-21;0;0;0;0;0;0;0;0;0;4416749;3441611;4461;2;3613634;2867;47;0;1
FR;3;2022-05-22;0;0;0;0;0;0;0;0;0;4416749;3441611;4461;2;3613634;2867;47;0;1
FR;3;2022-05-23;0;0;0;0;0;0;0;0;0;4416749;3441611;4461;2;3613634;2867;47;0;1
FR;3;2022-05-24;0;0;0;0;0;0;0;0;0;4416749;3441611;4461;2;3613634;2867;47;0;1
FR;3;2022-05-25;0;0;0;0;0;0;0;0;0;4416749;3441611;4461;2;3613634;2867;47;0;1
FR;3;2022-05-26;0;0;0;0;0;0;0;0;0;4416749;3441611;4461;2;3613634;2867;47;0;1
FR;3;2022-05-27;0;0;0;0;0;0;0;0;0;4416749;3441611;4461;2;3613634;2867;47;0;1
FR;3;2022-05-28;0;0;0;0;0;0;0;0;0;4416749;3441611;4461;2;3613634;2867;47;0;1
FR;3;2022-05-29;0;0;0;0;0;0;0;0;0;4416749;3441611;4461;2;3613634;2867;47;0;1
FR;3;2022-05-30;0;0;0;0;0;0;0;0;0;4416749;3441611;4461;2;3613634;2867;47;0;1
FR;3;2022-05-31;0;0;0;0;0;0;0;0;0;4416749;3441611;4461;2;3613634;2867;47;0;1
FR;3;2022-06-01;0;0;0;0;0;0;0;0;0;4416749;3441611;4461;2;3613634;2867;47;0;1
FR;3;2022-06-02;0;0;0;0;0;0;0;0;0;4416749;3441611;4461;2;3613634;2867;47;0;1
FR;3;2022-06-03;0;0;0;0;0;0;0;0;0;4416749;3441611;4461;2;3613634;2867;47;0;1
FR;3;2022-06-04;0;0;0;0;0;0;0;0;0;4416749;3441611;4461;2;3613634;2867;47;0;1
FR;3;2022-06-05;0;0;0;0;0;0;0;0;0;4416749;3441611;4461;2;3613634;2867;47;0;1
FR;3;2022-06-06;0;0;0;0;0;0;0;0;0;4416749;3441611;4461;2;3613634;2867;47;0;1
FR;3;2022-06-07;0;0;0;0;0;0;0;0;0;4416749;3441611;4461;2;3613634;2867;47;0;1
FR;3;2022-06-08;0;0;0;0;0;0;0;0;0;4416749;3441611;4461;2;3613634;2867;47;0;1
FR;3;2022-06-09;0;0;0;0;0;0;0;0;0;4416749;3441611;4461;2;3613634;2867;47;0;1
FR;3;2022-06-10;0;0;0;0;0;0;0;0;0;4416749;3441611;4461;2;3613634;2867;47;0;1
FR;3;2022-06-11;0;0;0;0;0;0;0;0;0;4416749;3441611;4461;2;3613634;2867;47;0;1
FR;3;2022-06-12;0;0;0;0;0;0;0;0;0;4416749;3441611;4461;2;3613634;2867;47;0;1
FR;3;2022-06-13;1;0;0;0;0;0;0;0;0;4416750;3441611;4461;2;3613634;2867;47;0;1
FR;3;2022-06-14;0;0;0;0;0;0;0;0;0;4416750;3441611;4461;2;3613634;2867;47;0;1
FR;3;2022-06-15;0;0;0;0;0;0;0;0;0;4416750;3441611;4461;2;3613634;2867;47;0;1
FR;3;2022-06-16;0;0;0;0;0;0;0;0;0;4416750;3441611;4461;2;3613634;2867;47;0;1
FR;3;2022-06-17;0;0;0;0;0;0;0;0;0;4416750;3441611;4461;2;3613634;2867;47;0;1
FR;3;2022-06-18;0;0;0;0;0;0;0;0;0;4416750;3441611;4461;2;3613634;2867;47;0;1
FR;3;2022-06-19;0;0;0;0;0;0;0;0;0;4416750;3441611;4461;2;3613634;2867;47;0;1
FR;3;2022-06-20;0;0;0;0;0;0;0;0;0;4416750;3441611;4461;2;3613634;2867;47;0;1
FR;3;2022-06-21;0;0;0;0;0;0;0;0;0;4416750;3441611;4461;2;3613634;2867;47;0;1
FR;3;2022-06-22;0;0;0;0;0;0;0;0;0;4416750;3441611;4461;2;3613634;2867;47;0;1
FR;3;2022-06-23;0;0;0;0;0;0;0;0;0;4416750;3441611;4461;2;3613634;2867;47;0;1
FR;3;2022-06-24;0;0;0;0;0;0;0;0;0;4416750;3441611;4461;2;3613634;2867;47;0;1
FR;3;2022-06-25;0;0;0;0;0;0;0;0;0;4416750;3441611;4461;2;3613634;2867;47;0;1
FR;3;2022-06-26;0;0;0;0;0;0;0;0;0;4416750;3441611;4461;2;3613634;2867;47;0;1
FR;3;2022-06-27;0;0;0;0;0;0;0;0;0;4416750;3441611;4461;2;3613634;2867;47;0;1
FR;3;2022-06-28;0;0;0;0;0;0;0;0;0;4416750;3441611;4461;2;3613634;2867;47;0;1
FR;3;2022-06-29;1;0;0;0;0;0;0;0;0;4416751;3441611;4461;2;3613634;2867;47;0;1
FR;3;2022-06-30;0;0;0;0;0;0;0;0;0;4416751;3441611;4461;2;3613634;2867;47;0;1
FR;3;2022-07-01;0;0;0;0;0;0;0;0;0;4416751;3441611;4461;2;3613634;2867;47;0;1
FR;3;2022-07-02;0;0;0;0;0;0;0;0;0;4416751;3441611;4461;2;3613634;2867;47;0;1
FR;3;2022-07-03;0;0;0;0;0;0;0;0;0;4416751;3441611;4461;2;3613634;2867;47;0;1
FR;3;2022-07-04;0;0;0;0;0;0;0;0;0;4416751;3441611;4461;2;3613634;2867;47;0;1
FR;3;2022-07-05;0;0;0;0;0;0;0;0;0;4416751;3441611;4461;2;3613634;2867;47;0;1
FR;3;2022-07-06;0;0;0;0;0;0;0;0;0;4416751;3441611;4461;2;3613634;2867;47;0;1
FR;3;2022-07-07;0;0;0;0;0;0;0;0;0;4416751;3441611;4461;2;3613634;2867;47;0;1
FR;3;2022-07-08;0;0;0;0;0;0;0;0;0;4416751;3441611;4461;2;3613634;2867;47;0;1
FR;3;2022-07-09;0;0;0;0;0;0;0;0;0;4416751;3441611;4461;2;3613634;2867;47;0;1
FR;3;2022-07-10;0;0;0;0;0;0;0;0;0;4416751;3441611;4461;2;3613634;2867;47;0;1
FR;3;2022-07-11;0;0;0;0;0;0;0;0;0;4416751;3441611;4461;2;3613634;2867;47;0;1
FR;3;2022-07-12;0;0;0;0;0;0;0;0;0;4416751;3441611;4461;2;3613634;2867;47;0;1
FR;3;2022-07-13;0;0;0;0;0;0;0;0;0;4416751;3441611;4461;2;3613634;2867;47;0;1
FR;3;2022-07-14;0;0;0;0;0;0;0;0;0;4416751;3441611;4461;2;3613634;2867;47;0;1
FR;3;2022-07-15;0;0;0;0;0;0;0;0;0;4416751;3441611;4461;2;3613634;2867;47;0;1
FR;3;2022-07-16;0;0;0;0;0;0;0;0;0;4416751;3441611;4461;2;3613634;2867;47;0;1
FR;3;2022-07-17;0;0;0;0;0;0;0;0;0;4416751;3441611;4461;2;3613634;2867;47;0;1
FR;3;2022-07-18;0;0;0;0;0;0;0;0;0;4416751;3441611;4461;2;3613634;2867;47;0;1
FR;3;2022-07-19;0;0;0;0;0;0;0;0;0;4416751;3441611;4461;2;3613634;2867;47;0;1
FR;3;2022-07-20;0;0;0;0;0;0;0;0;0;4416751;3441611;4461;2;3613634;2867;47;0;1
FR;3;2022-07-21;0;0;0;0;0;0;0;0;0;4416751;3441611;4461;2;3613634;2867;47;0;1
FR;3;2022-07-22;0;0;0;0;0;0;0;0;0;4416751;3441611;4461;2;3613634;2867;47;0;1
FR;3;2022-07-23;0;0;0;0;0;0;0;0;0;4416751;3441611;4461;2;3613634;2867;47;0;1
FR;3;2022-07-24;0;0;0;0;0;0;0;0;0;4416751;3441611;4461;2;3613634;2867;47;0;1
FR;3;2022-07-25;0;0;0;0;0;0;0;0;0;4416751;3441611;4461;2;3613634;2867;47;0;1
FR;3;2022-07-26;0;0;0;0;0;0;0;0;0;4416751;3441611;4461;2;3613634;2867;47;0;1
FR;3;2022-07-27;0;0;0;0;0;0;0;0;0;4416751;3441611;4461;2;3613634;2867;47;0;1
FR;3;2022-07-28;0;0;0;0;0;0;0;0;0;4416751;3441611;4461;2;3613634;2867;47;0;1
FR;3;2022-07-29;0;0;0;0;0;0;0;0;0;4416751;3441611;4461;2;3613634;2867;47;0;1
FR;3;2022-07-30;0;0;0;0;0;0;0;0;0;4416751;3441611;4461;2;3613634;2867;47;0;1
FR;3;2022-07-31;0;0;0;0;0;0;0;0;0;4416751;3441611;4461;2;3613634;2867;47;0;1
FR;3;2022-08-01;0;0;0;0;0;0;0;0;0;4416751;3441611;4461;2;3613634;2867;47;0;1
FR;3;2022-08-02;0;0;0;0;0;0;0;0;0;4416751;3441611;4461;2;3613634;2867;47;0;1
FR;3;2022-08-03;0;0;0;0;0;0;0;0;0;4416751;3441611;4461;2;3613634;2867;47;0;1
FR;3;2022-08-04;0;0;0;0;0;0;0;0;0;4416751;3441611;4461;2;3613634;2867;47;0;1
FR;3;2022-08-05;0;0;0;0;0;0;0;0;0;4416751;3441611;4461;2;3613634;2867;47;0;1
FR;3;2022-08-06;0;0;0;0;0;0;0;0;0;4416751;3441611;4461;2;3613634;2867;47;0;1
FR;3;2022-08-07;0;0;0;0;0;0;0;0;0;4416751;3441611;4461;2;3613634;2867;47;0;1
FR;3;2022-08-08;0;0;0;0;0;0;0;0;0;4416751;3441611;4461;2;3613634;2867;47;0;1
FR;3;2022-08-09;0;0;0;0;0;0;0;0;0;4416751;3441611;4461;2;3613634;2867;47;0;1
FR;3;2022-08-10;0;0;0;0;0;0;0;0;0;4416751;3441611;4461;2;3613634;2867;47;0;1
FR;3;2022-08-11;0;0;0;0;0;0;0;0;0;4416751;3441611;4461;2;3613634;2867;47;0;1
FR;3;2022-08-12;0;0;0;0;0;0;0;0;0;4416751;3441611;4461;2;3613634;2867;47;0;1
FR;3;2022-08-13;0;0;0;0;0;0;0;0;0;4416751;3441611;4461;2;3613634;2867;47;0;1
FR;3;2022-08-14;0;0;0;0;0;0;0;0;0;4416751;3441611;4461;2;3613634;2867;47;0;1
FR;3;2022-08-15;0;0;0;0;0;0;0;0;0;4416751;3441611;4461;2;3613634;2867;47;0;1
FR;3;2022-08-16;0;0;0;0;0;0;0;0;0;4416751;3441611;4461;2;3613634;2867;47;0;1
FR;3;2022-08-17;0;0;0;0;0;0;0;0;0;4416751;3441611;4461;2;3613634;2867;47;0;1
FR;3;2022-08-18;0;0;0;0;0;0;0;0;0;4416751;3441611;4461;2;3613634;2867;47;0;1
FR;3;2022-08-19;0;0;0;0;0;0;0;0;0;4416751;3441611;4461;2;3613634;2867;47;0;1
FR;3;2022-08-20;0;0;0;0;0;0;0;0;0;4416751;3441611;4461;2;3613634;2867;47;0;1
FR;3;2022-08-21;0;0;0;0;0;0;0;0;0;4416751;3441611;4461;2;3613634;2867;47;0;1
FR;3;2022-08-22;0;0;0;0;0;0;0;0;0;4416751;3441611;4461;2;3613634;2867;47;0;1
FR;3;2022-08-23;0;0;0;0;0;0;0;0;0;4416751;3441611;4461;2;3613634;2867;47;0;1
FR;3;2022-08-24;0;0;0;0;0;0;0;0;0;4416751;3441611;4461;2;3613634;2867;47;0;1
FR;3;2022-08-25;0;0;0;0;0;0;0;0;0;4416751;3441611;4461;2;3613634;2867;47;0;1
FR;3;2022-08-26;0;0;0;0;0;0;0;0;0;4416751;3441611;4461;2;3613634;2867;47;0;1
FR;3;2022-08-27;0;0;0;0;0;0;0;0;0;4416751;3441611;4461;2;3613634;2867;47;0;1
FR;3;2022-08-28;0;0;0;0;0;0;0;0;0;4416751;3441611;4461;2;3613634;2867;47;0;1
FR;3;2022-08-29;0;0;0;0;0;0;0;0;0;4416751;3441611;4461;2;3613634;2867;47;0;1
FR;3;2022-08-30;0;0;0;0;0;0;0;0;0;4416751;3441611;4461;2;3613634;2867;47;0;1
FR;3;2022-08-31;0;0;0;0;0;0;0;0;0;4416751;3441611;4461;2;3613634;2867;47;0;1
FR;3;2022-09-01;0;0;0;0;0;0;0;0;0;4416751;3441611;4461;2;3613634;2867;47;0;1
FR;3;2022-09-02;0;0;0;0;0;0;0;0;0;4416751;3441611;4461;2;3613634;2867;47;0;1
FR;3;2022-09-03;0;0;0;0;0;0;0;0;0;4416751;3441611;4461;2;3613634;2867;47;0;1
FR;3;2022-09-04;0;0;0;0;0;0;0;0;0;4416751;3441611;4461;2;3613634;2867;47;0;1
FR;3;2022-09-05;0;0;0;0;0;0;0;0;0;4416751;3441611;4461;2;3613634;2867;47;0;1
FR;3;2022-09-06;0;0;0;0;0;0;0;0;0;4416751;3441611;4461;2;3613634;2867;47;0;1
FR;3;2022-09-07;0;0;0;0;0;0;0;0;0;4416751;3441611;4461;2;3613634;2867;47;0;1
FR;3;2022-09-08;0;0;0;0;0;0;0;0;0;4416751;3441611;4461;2;3613634;2867;47;0;1
FR;3;2022-09-09;0;0;0;0;0;0;0;0;0;4416751;3441611;4461;2;3613634;2867;47;0;1
FR;3;2022-09-10;0;0;0;0;0;0;0;0;0;4416751;3441611;4461;2;3613634;2867;47;0;1
FR;3;2022-09-11;0;0;0;0;0;0;0;0;0;4416751;3441611;4461;2;3613634;2867;47;0;1
FR;3;2022-09-12;0;0;0;0;0;0;0;0;0;4416751;3441611;4461;2;3613634;2867;47;0;1
FR;3;2022-09-13;0;0;0;0;0;0;0;0;0;4416751;3441611;4461;2;3613634;2867;47;0;1
FR;3;2022-09-14;0;0;0;0;0;0;0;0;0;4416751;3441611;4461;2;3613634;2867;47;0;1
FR;3;2022-09-15;0;0;0;0;0;0;0;0;0;4416751;3441611;4461;2;3613634;2867;47;0;1
FR;3;2022-09-16;0;0;0;0;0;0;0;0;0;4416751;3441611;4461;2;3613634;2867;47;0;1
FR;3;2022-09-17;0;0;0;0;0;0;0;0;0;4416751;3441611;4461;2;3613634;2867;47;0;1
FR;3;2022-09-18;0;0;0;0;0;0;0;0;0;4416751;3441611;4461;2;3613634;2867;47;0;1
FR;3;2022-09-19;0;0;0;0;0;0;0;0;0;4416751;3441611;4461;2;3613634;2867;47;0;1
FR;3;2022-09-20;0;0;0;0;0;0;0;0;0;4416751;3441611;4461;2;3613634;2867;47;0;1
FR;3;2022-09-21;0;0;0;0;0;0;0;0;0;4416751;3441611;4461;2;3613634;2867;47;0;1
FR;3;2022-09-22;0;0;0;0;0;0;0;0;0;4416751;3441611;4461;2;3613634;2867;47;0;1
FR;3;2022-09-23;0;0;0;0;0;0;0;0;0;4416751;3441611;4461;2;3613634;2867;47;0;1
FR;3;2022-09-24;0;0;0;0;0;0;0;0;0;4416751;3441611;4461;2;3613634;2867;47;0;1
FR;3;2022-09-25;0;0;0;0;0;0;0;0;0;4416751;3441611;4461;2;3613634;2867;47;0;1
FR;3;2022-09-26;0;0;0;0;0;0;0;0;0;4416751;3441611;4461;2;3613634;2867;47;0;1
FR;3;2022-09-27;0;0;0;0;0;0;0;0;0;4416751;3441611;4461;2;3613634;2867;47;0;1
FR;3;2022-09-28;0;0;0;0;0;0;0;0;0;4416751;3441611;4461;2;3613634;2867;47;0;1
FR;3;2022-09-29;0;0;0;0;0;0;0;0;0;4416751;3441611;4461;2;3613634;2867;47;0;1
FR;3;2022-09-30;0;0;0;0;0;0;0;0;0;4416751;3441611;4461;2;3613634;2867;47;0;1
FR;3;2022-10-01;0;0;0;0;0;0;0;0;0;4416751;3441611;4461;2;3613634;2867;47;0;1
FR;3;2022-10-02;0;0;0;0;0;0;0;0;0;4416751;3441611;4461;2;3613634;2867;47;0;1
FR;3;2022-10-03;0;0;0;0;0;0;0;0;0;4416751;3441611;4461;2;3613634;2867;47;0;1
FR;3;2022-10-04;0;0;0;0;0;0;0;0;0;4416751;3441611;4461;2;3613634;2867;47;0;1
FR;3;2022-10-05;0;0;0;0;0;0;0;0;0;4416751;3441611;4461;2;3613634;2867;47;0;1
FR;3;2022-10-06;0;0;0;0;0;0;0;0;0;4416751;3441611;4461;2;3613634;2867;47;0;1
FR;3;2022-10-07;0;0;0;0;0;0;0;0;0;4416751;3441611;4461;2;3613634;2867;47;0;1
FR;3;2022-10-08;0;0;0;0;0;0;0;0;0;4416751;3441611;4461;2;3613634;2867;47;0;1
FR;3;2022-10-09;0;0;0;0;0;0;0;0;0;4416751;3441611;4461;2;3613634;2867;47;0;1
FR;3;2022-10-10;0;0;0;0;0;0;0;0;0;4416751;3441611;4461;2;3613634;2867;47;0;1
FR;3;2022-10-11;0;0;0;0;0;0;0;0;0;4416751;3441611;4461;2;3613634;2867;47;0;1
FR;3;2022-10-12;0;0;0;0;0;0;0;0;0;4416751;3441611;4461;2;3613634;2867;47;0;1
FR;3;2022-10-13;0;0;0;0;0;0;0;0;0;4416751;3441611;4461;2;3613634;2867;47;0;1
FR;3;2022-10-14;0;0;0;0;0;0;0;0;0;4416751;3441611;4461;2;3613634;2867;47;0;1
FR;3;2022-10-15;0;0;0;0;0;0;0;0;0;4416751;3441611;4461;2;3613634;2867;47;0;1
FR;3;2022-10-16;0;0;0;0;0;0;0;0;0;4416751;3441611;4461;2;3613634;2867;47;0;1
FR;3;2022-10-17;0;0;0;0;0;0;0;0;0;4416751;3441611;4461;2;3613634;2867;47;0;1
FR;3;2022-10-18;0;0;0;0;0;0;0;0;0;4416751;3441611;4461;2;3613634;2867;47;0;1
FR;3;2022-10-19;0;0;0;0;0;0;0;0;0;4416751;3441611;4461;2;3613634;2867;47;0;1
FR;3;2022-10-20;0;0;0;0;0;0;0;0;0;4416751;3441611;4461;2;3613634;2867;47;0;1
FR;3;2022-10-21;0;0;0;0;0;0;0;0;0;4416751;3441611;4461;2;3613634;2867;47;0;1
FR;3;2022-10-22;0;0;0;0;0;0;0;0;0;4416751;3441611;4461;2;3613634;2867;47;0;1
FR;3;2022-10-23;0;0;0;0;0;0;0;0;0;4416751;3441611;4461;2;3613634;2867;47;0;1
FR;3;2022-10-24;0;0;0;0;0;0;0;0;0;4416751;3441611;4461;2;3613634;2867;47;0;1
FR;3;2022-10-25;0;0;0;0;0;0;0;0;0;4416751;3441611;4461;2;3613634;2867;47;0;1
FR;3;2022-10-26;0;0;0;0;0;0;0;0;0;4416751;3441611;4461;2;3613634;2867;47;0;1
FR;3;2022-10-27;0;0;0;0;0;0;0;0;0;4416751;3441611;4461;2;3613634;2867;47;0;1
FR;3;2022-10-28;0;0;0;0;0;0;0;0;0;4416751;3441611;4461;2;3613634;2867;47;0;1
FR;3;2022-10-29;0;0;0;0;0;0;0;0;0;4416751;3441611;4461;2;3613634;2867;47;0;1
FR;3;2022-10-30;0;0;0;0;0;0;0;0;0;4416751;3441611;4461;2;3613634;2867;47;0;1
FR;3;2022-10-31;0;0;0;0;0;0;0;0;0;4416751;3441611;4461;2;3613634;2867;47;0;1
FR;3;2022-11-01;0;0;0;0;0;0;0;0;0;4416751;3441611;4461;2;3613634;2867;47;0;1
FR;3;2022-11-02;0;0;0;0;0;0;0;0;0;4416751;3441611;4461;2;3613634;2867;47;0;1
FR;3;2022-11-03;0;0;0;0;0;0;0;0;0;4416751;3441611;4461;2;3613634;2867;47;0;1
FR;3;2022-11-04;0;0;0;0;0;0;0;0;0;4416751;3441611;4461;2;3613634;2867;47;0;1
FR;3;2022-11-05;0;0;0;0;0;0;0;0;0;4416751;3441611;4461;2;3613634;2867;47;0;1
FR;3;2022-11-06;0;0;0;0;0;0;0;0;0;4416751;3441611;4461;2;3613634;2867;47;0;1
FR;3;2022-11-07;0;0;0;0;0;0;0;0;0;4416751;3441611;4461;2;3613634;2867;47;0;1
FR;3;2022-11-08;1;0;0;0;0;0;0;0;0;4416752;3441611;4461;2;3613634;2867;47;0;1
FR;3;2022-11-09;0;0;0;0;0;0;0;0;0;4416752;3441611;4461;2;3613634;2867;47;0;1
FR;3;2022-11-10;0;0;0;0;0;0;0;0;0;4416752;3441611;4461;2;3613634;2867;47;0;1
FR;3;2022-11-11;0;0;0;0;0;0;0;0;0;4416752;3441611;4461;2;3613634;2867;47;0;1
FR;3;2022-11-12;0;0;0;0;0;0;0;0;0;4416752;3441611;4461;2;3613634;2867;47;0;1
FR;3;2022-11-13;0;0;0;0;0;0;0;0;0;4416752;3441611;4461;2;3613634;2867;47;0;1
FR;3;2022-11-14;0;0;0;0;0;0;0;0;0;4416752;3441611;4461;2;3613634;2867;47;0;1
FR;3;2022-11-15;0;0;0;0;0;0;0;0;0;4416752;3441611;4461;2;3613634;2867;47;0;1
FR;3;2022-11-16;0;0;0;0;0;0;0;0;0;4416752;3441611;4461;2;3613634;2867;47;0;1
FR;3;2022-11-17;0;0;0;0;0;0;0;0;0;4416752;3441611;4461;2;3613634;2867;47;0;1
FR;3;2022-11-18;0;0;0;0;0;0;0;0;0;4416752;3441611;4461;2;3613634;2867;47;0;1
FR;3;2022-11-19;0;0;0;0;0;0;0;0;0;4416752;3441611;4461;2;3613634;2867;47;0;1
FR;3;2022-11-20;0;0;0;0;0;0;0;0;0;4416752;3441611;4461;2;3613634;2867;47;0;1
FR;3;2022-11-21;0;0;0;0;0;0;0;0;0;4416752;3441611;4461;2;3613634;2867;47;0;1
FR;3;2022-11-22;0;0;0;0;0;0;0;0;0;4416752;3441611;4461;2;3613634;2867;47;0;1
FR;3;2022-11-23;0;0;0;0;0;0;0;0;0;4416752;3441611;4461;2;3613634;2867;47;0;1
FR;3;2022-11-24;0;0;0;0;0;0;0;0;0;4416752;3441611;4461;2;3613634;2867;47;0;1
FR;3;2022-11-25;0;0;0;0;0;0;0;0;0;4416752;3441611;4461;2;3613634;2867;47;0;1
FR;3;2022-11-26;0;0;0;0;0;0;0;0;0;4416752;3441611;4461;2;3613634;2867;47;0;1
FR;3;2022-11-27;0;0;0;0;0;0;0;0;0;4416752;3441611;4461;2;3613634;2867;47;0;1
FR;3;2022-11-28;0;0;0;0;0;0;0;0;0;4416752;3441611;4461;2;3613634;2867;47;0;1
FR;3;2022-11-29;0;0;0;0;0;0;0;0;0;4416752;3441611;4461;2;3613634;2867;47;0;1
FR;3;2022-11-30;0;0;0;0;0;0;0;0;0;4416752;3441611;4461;2;3613634;2867;47;0;1
FR;3;2022-12-01;0;0;0;0;0;0;0;0;0;4416752;3441611;4461;2;3613634;2867;47;0;1
FR;3;2022-12-02;0;0;0;0;0;0;0;0;0;4416752;3441611;4461;2;3613634;2867;47;0;1
FR;3;2022-12-03;0;0;0;0;0;0;0;0;0;4416752;3441611;4461;2;3613634;2867;47;0;1
FR;3;2022-12-04;0;0;0;0;0;0;0;0;0;4416752;3441611;4461;2;3613634;2867;47;0;1
FR;3;2022-12-05;0;0;0;0;0;0;0;0;0;4416752;3441611;4461;2;3613634;2867;47;0;1
FR;3;2022-12-06;0;0;0;0;0;0;0;0;0;4416752;3441611;4461;2;3613634;2867;47;0;1
FR;3;2022-12-07;0;0;0;0;0;0;0;0;0;4416752;3441611;4461;2;3613634;2867;47;0;1
FR;3;2022-12-08;0;0;0;0;0;0;0;0;0;4416752;3441611;4461;2;3613634;2867;47;0;1
FR;3;2022-12-09;0;0;0;0;0;0;0;0;0;4416752;3441611;4461;2;3613634;2867;47;0;1
FR;3;2022-12-10;0;0;0;0;0;0;0;0;0;4416752;3441611;4461;2;3613634;2867;47;0;1
FR;3;2022-12-11;0;0;0;0;0;0;0;0;0;4416752;3441611;4461;2;3613634;2867;47;0;1
FR;3;2022-12-12;0;0;0;0;0;0;0;0;0;4416752;3441611;4461;2;3613634;2867;47;0;1
FR;3;2022-12-13;0;0;0;0;0;0;0;0;0;4416752;3441611;4461;2;3613634;2867;47;0;1
FR;3;2022-12-14;0;0;0;0;0;0;0;0;0;4416752;3441611;4461;2;3613634;2867;47;0;1
FR;3;2022-12-15;0;0;0;0;0;0;0;0;0;4416752;3441611;4461;2;3613634;2867;47;0;1
FR;3;2022-12-16;0;0;0;0;0;0;0;0;0;4416752;3441611;4461;2;3613634;2867;47;0;1
FR;3;2022-12-17;0;0;0;0;0;0;0;0;0;4416752;3441611;4461;2;3613634;2867;47;0;1
FR;3;2022-12-18;0;0;0;0;0;0;0;0;0;4416752;3441611;4461;2;3613634;2867;47;0;1
FR;3;2022-12-19;0;0;0;0;0;0;0;0;0;4416752;3441611;4461;2;3613634;2867;47;0;1
FR;3;2022-12-20;0;0;0;0;0;0;0;0;0;4416752;3441611;4461;2;3613634;2867;47;0;1
FR;3;2022-12-21;0;0;0;0;0;0;0;0;0;4416752;3441611;4461;2;3613634;2867;47;0;1
FR;3;2022-12-22;0;0;0;0;0;0;0;0;0;4416752;3441611;4461;2;3613634;2867;47;0;1
FR;3;2022-12-23;0;0;0;0;0;0;0;0;0;4416752;3441611;4461;2;3613634;2867;47;0;1
FR;3;2022-12-24;0;0;0;0;0;0;0;0;0;4416752;3441611;4461;2;3613634;2867;47;0;1
FR;3;2022-12-25;0;0;0;0;0;0;0;0;0;4416752;3441611;4461;2;3613634;2867;47;0;1
FR;3;2022-12-26;0;0;0;0;0;0;0;0;0;4416752;3441611;4461;2;3613634;2867;47;0;1
FR;3;2022-12-27;0;0;0;0;0;0;0;0;0;4416752;3441611;4461;2;3613634;2867;47;0;1
FR;3;2022-12-28;0;0;0;0;0;0;0;0;0;4416752;3441611;4461;2;3613634;2867;47;0;1
FR;3;2022-12-29;0;0;0;0;0;0;0;0;0;4416752;3441611;4461;2;3613634;2867;47;0;1
FR;3;2022-12-30;0;0;0;0;0;0;0;0;0;4416752;3441611;4461;2;3613634;2867;47;0;1
FR;3;2022-12-31;0;0;0;0;0;0;0;0;0;4416752;3441611;4461;2;3613634;2867;47;0;1
FR;3;2023-01-01;0;0;0;0;0;0;0;0;0;4416752;3441611;4461;2;3613634;2867;47;0;1
FR;3;2023-01-02;0;0;0;0;0;0;0;0;0;4416752;3441611;4461;2;3613634;2867;47;0;1
FR;3;2023-01-03;0;0;0;0;0;0;0;0;0;4416752;3441611;4461;2;3613634;2867;47;0;1
FR;3;2023-01-04;0;0;0;0;0;0;0;0;0;4416752;3441611;4461;2;3613634;2867;47;0;1
FR;3;2023-01-05;0;0;0;0;0;0;0;0;0;4416752;3441611;4461;2;3613634;2867;47;0;1
FR;3;2023-01-06;0;0;0;0;0;0;0;0;0;4416752;3441611;4461;2;3613634;2867;47;0;1
FR;3;2023-01-07;0;0;0;0;0;0;0;0;0;4416752;3441611;4461;2;3613634;2867;47;0;1
FR;3;2023-01-08;0;0;0;0;0;0;0;0;0;4416752;3441611;4461;2;3613634;2867;47;0;1
FR;3;2023-01-09;0;0;0;0;0;0;0;0;0;4416752;3441611;4461;2;3613634;2867;47;0;1
FR;3;2023-01-10;0;0;0;0;0;0;0;0;0;4416752;3441611;4461;2;3613634;2867;47;0;1
FR;3;2023-01-11;0;0;0;0;0;0;0;0;0;4416752;3441611;4461;2;3613634;2867;47;0;1
FR;3;2023-01-12;0;0;0;0;0;0;0;0;0;4416752;3441611;4461;2;3613634;2867;47;0;1
FR;3;2023-01-13;0;0;0;0;0;0;0;0;0;4416752;3441611;4461;2;3613634;2867;47;0;1
FR;3;2023-01-14;0;0;0;0;0;0;0;0;0;4416752;3441611;4461;2;3613634;2867;47;0;1
FR;3;2023-01-15;0;0;0;0;0;0;0;0;0;4416752;3441611;4461;2;3613634;2867;47;0;1
FR;3;2023-01-16;0;0;0;0;0;0;0;0;0;4416752;3441611;4461;2;3613634;2867;47;0;1
FR;4;2020-12-27;0;0;0;0;0;0;0;0;0;0;0;0;0;0;0;0;0;0
FR;4;2020-12-28;0;0;0;0;0;0;0;0;0;0;0;0;0;0;0;0;0;0
FR;4;2020-12-29;0;0;0;0;0;0;0;0;0;0;0;0;0;0;0;0;0;0
FR;4;2020-12-30;0;0;0;0;0;0;0;0;0;0;0;0;0;0;0;0;0;0
FR;4;2020-12-31;0;0;0;0;0;0;0;0;0;0;0;0;0;0;0;0;0;0
FR;4;2021-01-01;0;0;0;0;0;0;0;0;0;0;0;0;0;0;0;0;0;0
FR;4;2021-01-02;0;0;0;0;0;0;0;0;0;0;0;0;0;0;0;0;0;0
FR;4;2021-01-03;0;0;0;0;0;0;0;0;0;0;0;0;0;0;0;0;0;0
FR;4;2021-01-04;0;0;0;0;0;0;0;0;0;0;0;0;0;0;0;0;0;0
FR;4;2021-01-05;0;0;0;0;0;0;0;0;0;0;0;0;0;0;0;0;0;0
FR;4;2021-01-06;0;0;0;0;0;0;0;0;0;0;0;0;0;0;0;0;0;0
FR;4;2021-01-07;0;0;0;0;0;0;0;0;0;0;0;0;0;0;0;0;0;0
FR;4;2021-01-08;0;0;0;0;0;0;0;0;0;0;0;0;0;0;0;0;0;0
FR;4;2021-01-09;0;0;0;0;0;0;0;0;0;0;0;0;0;0;0;0;0;0
FR;4;2021-01-10;0;0;0;0;0;0;0;0;0;0;0;0;0;0;0;0;0;0
FR;4;2021-01-11;0;0;0;0;0;0;0;0;0;0;0;0;0;0;0;0;0;0
FR;4;2021-01-12;0;0;0;0;0;0;0;0;0;0;0;0;0;0;0;0;0;0
FR;4;2021-01-13;0;0;0;0;0;0;0;0;0;0;0;0;0;0;0;0;0;0
FR;4;2021-01-14;0;0;0;0;0;0;0;0;0;0;0;0;0;0;0;0;0;0
FR;4;2021-01-15;0;0;0;0;0;0;0;0;0;0;0;0;0;0;0;0;0;0
FR;4;2021-01-16;0;0;0;0;0;0;0;0;0;0;0;0;0;0;0;0;0;0
FR;4;2021-01-17;0;0;0;0;0;0;0;0;0;0;0;0;0;0;0;0;0;0
FR;4;2021-01-18;0;0;0;0;0;0;0;0;0;0;0;0;0;0;0;0;0;0
FR;4;2021-01-19;0;0;0;0;0;0;0;0;0;0;0;0;0;0;0;0;0;0
FR;4;2021-01-20;0;0;0;0;0;0;0;0;0;0;0;0;0;0;0;0;0;0
FR;4;2021-01-21;0;0;0;0;0;0;0;0;0;0;0;0;0;0;0;0;0;0
FR;4;2021-01-22;0;0;0;0;0;0;0;0;0;0;0;0;0;0;0;0;0;0
FR;4;2021-01-23;0;0;0;0;0;0;0;0;0;0;0;0;0;0;0;0;0;0
FR;4;2021-01-24;0;0;0;0;0;0;0;0;0;0;0;0;0;0;0;0;0;0
FR;4;2021-01-25;0;0;0;0;0;0;0;0;0;0;0;0;0;0;0;0;0;0
FR;4;2021-01-26;0;0;0;0;0;0;0;0;0;0;0;0;0;0;0;0;0;0
FR;4;2021-01-27;0;0;0;0;0;0;0;0;0;0;0;0;0;0;0;0;0;0
FR;4;2021-01-28;0;0;0;0;0;0;0;0;0;0;0;0;0;0;0;0;0;0
FR;4;2021-01-29;0;0;0;0;0;0;0;0;0;0;0;0;0;0;0;0;0;0
FR;4;2021-01-30;0;0;0;0;0;0;0;0;0;0;0;0;0;0;0;0;0;0
FR;4;2021-01-31;0;0;0;0;0;0;0;0;0;0;0;0;0;0;0;0;0;0
FR;4;2021-02-01;0;0;0;0;0;0;0;0;0;0;0;0;0;0;0;0;0;0
FR;4;2021-02-02;0;0;0;0;0;0;0;0;0;0;0;0;0;0;0;0;0;0
FR;4;2021-02-03;0;0;0;0;0;0;0;0;0;0;0;0;0;0;0;0;0;0
FR;4;2021-02-04;0;0;0;0;0;0;0;0;0;0;0;0;0;0;0;0;0;0
FR;4;2021-02-05;0;0;0;0;0;0;0;0;0;0;0;0;0;0;0;0;0;0
FR;4;2021-02-06;0;0;0;0;0;0;0;0;0;0;0;0;0;0;0;0;0;0
FR;4;2021-02-07;0;0;0;0;0;0;0;0;0;0;0;0;0;0;0;0;0;0
FR;4;2021-02-08;0;0;0;0;0;0;0;0;0;0;0;0;0;0;0;0;0;0
FR;4;2021-02-09;0;0;0;0;0;0;0;0;0;0;0;0;0;0;0;0;0;0
FR;4;2021-02-10;0;0;0;0;0;0;0;0;0;0;0;0;0;0;0;0;0;0
FR;4;2021-02-11;0;0;0;0;0;0;0;0;0;0;0;0;0;0;0;0;0;0
FR;4;2021-02-12;0;0;0;0;0;0;0;0;0;0;0;0;0;0;0;0;0;0
FR;4;2021-02-13;0;0;0;0;0;0;0;0;0;0;0;0;0;0;0;0;0;0
FR;4;2021-02-14;0;0;0;0;0;0;0;0;0;0;0;0;0;0;0;0;0;0
FR;4;2021-02-15;0;0;0;0;0;0;0;0;0;0;0;0;0;0;0;0;0;0
FR;4;2021-02-16;0;0;0;0;0;0;0;0;0;0;0;0;0;0;0;0;0;0
FR;4;2021-02-17;0;0;0;0;0;0;0;0;0;0;0;0;0;0;0;0;0;0
FR;4;2021-02-18;0;0;0;0;0;0;0;0;0;0;0;0;0;0;0;0;0;0
FR;4;2021-02-19;0;0;0;0;0;0;0;0;0;0;0;0;0;0;0;0;0;0
FR;4;2021-02-20;0;0;0;0;0;0;0;0;0;0;0;0;0;0;0;0;0;0
FR;4;2021-02-21;0;0;0;0;0;0;0;0;0;0;0;0;0;0;0;0;0;0
FR;4;2021-02-22;0;0;0;0;0;0;0;0;0;0;0;0;0;0;0;0;0;0
FR;4;2021-02-23;0;0;0;0;0;0;0;0;0;0;0;0;0;0;0;0;0;0
FR;4;2021-02-24;0;0;0;0;0;0;0;0;0;0;0;0;0;0;0;0;0;0
FR;4;2021-02-25;0;0;0;0;0;0;0;0;0;0;0;0;0;0;0;0;0;0
FR;4;2021-02-26;0;0;0;0;0;0;0;0;0;0;0;0;0;0;0;0;0;0
FR;4;2021-02-27;0;0;0;0;0;0;0;0;0;0;0;0;0;0;0;0;0;0
FR;4;2021-02-28;0;0;0;0;0;0;0;0;0;0;0;0;0;0;0;0;0;0
FR;4;2021-03-01;0;0;0;0;0;0;0;0;0;0;0;0;0;0;0;0;0;0
FR;4;2021-03-02;0;0;0;0;0;0;0;0;0;0;0;0;0;0;0;0;0;0
FR;4;2021-03-03;0;0;0;0;0;0;0;0;0;0;0;0;0;0;0;0;0;0
FR;4;2021-03-04;0;0;0;0;0;0;0;0;0;0;0;0;0;0;0;0;0;0
FR;4;2021-03-05;0;0;0;0;0;0;0;0;0;0;0;0;0;0;0;0;0;0
FR;4;2021-03-06;0;0;0;0;0;0;0;0;0;0;0;0;0;0;0;0;0;0
FR;4;2021-03-07;0;0;0;0;0;0;0;0;0;0;0;0;0;0;0;0;0;0
FR;4;2021-03-08;0;0;0;0;0;0;0;0;0;0;0;0;0;0;0;0;0;0
FR;4;2021-03-09;0;0;0;0;0;0;0;0;0;0;0;0;0;0;0;0;0;0
FR;4;2021-03-10;0;0;0;0;0;0;0;0;0;0;0;0;0;0;0;0;0;0
FR;4;2021-03-11;0;0;0;0;0;0;0;0;0;0;0;0;0;0;0;0;0;0
FR;4;2021-03-12;0;0;0;0;0;0;0;0;0;0;0;0;0;0;0;0;0;0
FR;4;2021-03-13;0;0;0;0;0;0;0;0;0;0;0;0;0;0;0;0;0;0
FR;4;2021-03-14;0;0;0;0;0;0;0;0;0;0;0;0;0;0;0;0;0;0
FR;4;2021-03-15;0;0;0;0;0;0;0;0;0;0;0;0;0;0;0;0;0;0
FR;4;2021-03-16;0;0;0;0;0;0;0;0;0;0;0;0;0;0;0;0;0;0
FR;4;2021-03-17;0;0;0;0;0;0;0;0;0;0;0;0;0;0;0;0;0;0
FR;4;2021-03-18;0;0;0;0;0;0;0;0;0;0;0;0;0;0;0;0;0;0
FR;4;2021-03-19;0;0;0;0;0;0;0;0;0;0;0;0;0;0;0;0;0;0
FR;4;2021-03-20;0;0;0;0;0;0;0;0;0;0;0;0;0;0;0;0;0;0
FR;4;2021-03-21;0;0;0;0;0;0;0;0;0;0;0;0;0;0;0;0;0;0
FR;4;2021-03-22;0;0;0;0;0;0;0;0;0;0;0;0;0;0;0;0;0;0
FR;4;2021-03-23;0;0;0;0;0;0;0;0;0;0;0;0;0;0;0;0;0;0
FR;4;2021-03-24;0;0;0;0;0;0;0;0;0;0;0;0;0;0;0;0;0;0
FR;4;2021-03-25;0;0;0;0;0;0;0;0;0;0;0;0;0;0;0;0;0;0
FR;4;2021-03-26;0;0;0;0;0;0;0;0;0;0;0;0;0;0;0;0;0;0
FR;4;2021-03-27;0;0;0;0;0;0;0;0;0;0;0;0;0;0;0;0;0;0
FR;4;2021-03-28;0;0;0;0;0;0;0;0;0;0;0;0;0;0;0;0;0;0
FR;4;2021-03-29;0;0;0;0;0;0;0;0;0;0;0;0;0;0;0;0;0;0
FR;4;2021-03-30;0;0;0;0;0;0;0;0;0;0;0;0;0;0;0;0;0;0
FR;4;2021-03-31;0;0;0;0;0;0;0;0;0;0;0;0;0;0;0;0;0;0
FR;4;2021-04-01;0;0;0;0;0;0;0;0;0;0;0;0;0;0;0;0;0;0
FR;4;2021-04-02;0;0;0;0;0;0;0;0;0;0;0;0;0;0;0;0;0;0
FR;4;2021-04-03;0;0;0;0;0;0;0;0;0;0;0;0;0;0;0;0;0;0
FR;4;2021-04-04;0;0;0;0;0;0;0;0;0;0;0;0;0;0;0;0;0;0
FR;4;2021-04-05;0;0;0;0;0;0;0;0;0;0;0;0;0;0;0;0;0;0
FR;4;2021-04-06;0;0;0;0;0;0;0;0;0;0;0;0;0;0;0;0;0;0
FR;4;2021-04-07;0;0;0;0;0;0;0;0;0;0;0;0;0;0;0;0;0;0
FR;4;2021-04-08;0;0;0;0;0;0;0;0;0;0;0;0;0;0;0;0;0;0
FR;4;2021-04-09;0;0;0;0;0;0;0;0;0;0;0;0;0;0;0;0;0;0
FR;4;2021-04-10;0;0;0;0;0;0;0;0;0;0;0;0;0;0;0;0;0;0
FR;4;2021-04-11;0;0;0;0;0;0;0;0;0;0;0;0;0;0;0;0;0;0
FR;4;2021-04-12;0;0;0;0;0;0;0;0;0;0;0;0;0;0;0;0;0;0
FR;4;2021-04-13;0;0;0;0;0;0;0;0;0;0;0;0;0;0;0;0;0;0
FR;4;2021-04-14;0;0;0;0;0;0;0;0;0;0;0;0;0;0;0;0;0;0
FR;4;2021-04-15;0;0;0;0;0;0;0;0;0;0;0;0;0;0;0;0;0;0
FR;4;2021-04-16;0;0;0;0;0;0;0;0;0;0;0;0;0;0;0;0;0;0
FR;4;2021-04-17;0;0;0;0;0;0;0;0;0;0;0;0;0;0;0;0;0;0
FR;4;2021-04-18;0;0;0;0;0;0;0;0;0;0;0;0;0;0;0;0;0;0
FR;4;2021-04-19;0;0;0;0;0;0;0;0;0;0;0;0;0;0;0;0;0;0
FR;4;2021-04-20;0;0;0;0;0;0;0;0;0;0;0;0;0;0;0;0;0;0
FR;4;2021-04-21;0;0;0;0;0;0;0;0;0;0;0;0;0;0;0;0;0;0
FR;4;2021-04-22;0;0;0;0;0;0;0;0;0;0;0;0;0;0;0;0;0;0
FR;4;2021-04-23;3672;0;0;0;3633;0;0;0;0;3672;0;0;0;3633;0;0;0;0
FR;4;2021-04-24;1569;1;0;0;1558;0;0;0;0;5241;1;0;0;5191;0;0;0;0
FR;4;2021-04-25;125;0;0;0;125;0;0;0;0;5366;1;0;0;5316;0;0;0;0
FR;4;2021-04-26;2871;1;0;0;2860;0;0;0;0;8237;2;0;0;8176;0;0;0;0
FR;4;2021-04-27;9520;3;0;0;9501;0;0;0;0;17757;5;0;0;17677;0;0;0;0
FR;4;2021-04-28;9910;6;0;0;9885;0;0;0;0;27667;11;0;0;27562;0;0;0;0
FR;4;2021-04-29;15996;8;0;0;15980;0;0;0;0;43663;19;0;0;43542;0;0;0;0
FR;4;2021-04-30;19233;10;0;0;19204;0;0;0;0;62896;29;0;0;62746;0;0;0;0
FR;4;2021-05-01;1994;6;0;0;1992;0;0;0;0;64890;35;0;0;64738;0;0;0;0
FR;4;2021-05-02;484;0;0;0;482;0;0;0;0;65374;35;0;0;65220;0;0;0;0
FR;4;2021-05-03;5067;2;0;0;5060;0;0;0;0;70441;37;0;0;70280;0;0;0;0
FR;4;2021-05-04;8411;11;0;0;8400;0;0;0;0;78852;48;0;0;78680;0;0;0;0
FR;4;2021-05-05;6191;7;0;0;6186;0;0;0;0;85043;55;0;0;84866;0;0;0;0
FR;4;2021-05-06;11388;11;0;0;11385;0;0;0;0;96431;66;0;0;96251;0;0;0;0
FR;4;2021-05-07;19126;9;0;0;19087;0;0;0;0;115557;75;0;0;115338;0;0;0;0
FR;4;2021-05-08;2377;6;0;0;2381;0;0;0;0;117934;81;0;0;117719;0;0;0;0
FR;4;2021-05-09;691;3;0;0;692;0;0;0;0;118625;84;0;0;118411;0;0;0;0
FR;4;2021-05-10;7245;5;1;0;7242;0;0;0;0;125870;89;1;0;125653;0;0;0;0
FR;4;2021-05-11;14325;12;0;0;14305;0;0;0;0;140195;101;1;0;139958;0;0;0;0
FR;4;2021-05-12;10176;15;0;0;10179;0;0;0;0;150371;116;1;0;150137;0;0;0;0
FR;4;2021-05-13;1584;4;0;0;1585;0;0;0;0;151955;120;1;0;151722;0;0;0;0
FR;4;2021-05-14;7768;7;0;0;7762;0;0;0;0;159723;127;1;0;159484;0;0;0;0
FR;4;2021-05-15;3721;8;1;0;3720;0;0;0;0;163444;135;2;0;163204;0;0;0;0
FR;4;2021-05-16;417;1;0;0;417;0;0;0;0;163861;136;2;0;163621;0;0;0;0
FR;4;2021-05-17;4483;7;0;0;4482;0;0;0;0;168344;143;2;0;168103;0;0;0;0
FR;4;2021-05-18;8769;10;0;0;8769;0;0;0;0;177113;153;2;0;176872;0;0;0;0
FR;4;2021-05-19;5699;7;0;0;5701;0;0;0;0;182812;160;2;0;182573;0;0;0;0
FR;4;2021-05-20;9487;8;0;0;9479;0;0;0;0;192299;168;2;0;192052;0;0;0;0
FR;4;2021-05-21;12815;30;0;0;12822;0;0;0;0;205114;198;2;0;204874;0;0;0;0
FR;4;2021-05-22;5060;15;0;0;5067;0;0;0;0;210174;213;2;0;209941;0;0;0;0
FR;4;2021-05-23;498;4;0;0;501;0;0;0;0;210672;217;2;0;210442;0;0;0;0
FR;4;2021-05-24;1060;7;0;0;1064;0;0;0;0;211732;224;2;0;211506;0;0;0;0
FR;4;2021-05-25;7636;16;0;0;7642;0;0;0;0;219368;240;2;0;219148;0;0;0;0
FR;4;2021-05-26;7731;16;0;0;7739;0;0;0;0;227099;256;2;0;226887;0;0;0;0
FR;4;2021-05-27;14337;35;0;0;14346;0;0;0;0;241436;291;2;0;241233;0;0;0;0
FR;4;2021-05-28;26593;82;1;0;26634;0;0;0;0;268029;373;3;0;267867;0;0;0;0
FR;4;2021-05-29;11385;18;0;0;11385;0;0;0;0;279414;391;3;0;279252;0;0;0;0
FR;4;2021-05-30;974;7;0;0;973;0;0;0;0;280388;398;3;0;280225;0;0;0;0
FR;4;2021-05-31;12700;21;0;0;12700;0;0;0;0;293088;419;3;0;292925;0;0;0;0
FR;4;2021-06-01;20281;48;1;0;20299;0;0;0;0;313369;467;4;0;313224;0;0;0;0
FR;4;2021-06-02;14524;33;0;0;14537;0;0;0;0;327893;500;4;0;327761;0;0;0;0
FR;4;2021-06-03;19436;24;1;0;19434;0;0;0;0;347329;524;5;0;347195;0;0;0;0
FR;4;2021-06-04;22518;48;0;0;22536;0;0;0;0;369847;572;5;0;369731;0;0;0;0
FR;4;2021-06-05;9717;32;0;0;9721;0;0;0;0;379564;604;5;0;379452;0;0;0;0
FR;4;2021-06-06;1041;1;0;0;1037;0;0;0;0;380605;605;5;0;380489;0;0;0;0
FR;4;2021-06-07;9230;19;0;0;9238;0;0;0;0;389835;624;5;0;389727;0;0;0;0
FR;4;2021-06-08;14614;32;0;0;14626;0;0;0;0;404449;656;5;0;404353;0;0;0;0
FR;4;2021-06-09;12216;25;0;0;12224;0;0;0;0;416665;681;5;0;416577;0;0;0;0
FR;4;2021-06-10;15407;30;0;0;15415;0;0;0;0;432072;711;5;0;431992;0;0;0;0
FR;4;2021-06-11;16988;57;0;0;17015;0;0;0;0;449060;768;5;0;449007;0;0;0;0
FR;4;2021-06-12;7453;27;0;0;7478;0;0;0;0;456513;795;5;0;456485;0;0;0;0
FR;4;2021-06-13;908;3;0;0;910;0;0;0;0;457421;798;5;0;457395;0;0;0;0
FR;4;2021-06-14;6652;27;0;0;6662;0;0;0;0;464073;825;5;0;464057;0;0;0;0
FR;4;2021-06-15;10895;39;0;0;10912;0;0;0;0;474968;864;5;0;474969;0;0;0;0
FR;4;2021-06-16;8909;17;0;0;8917;0;0;0;0;483877;881;5;0;483886;0;0;0;0
FR;4;2021-06-17;10903;37;0;0;10915;0;0;0;0;494780;918;5;0;494801;0;0;0;0
FR;4;2021-06-18;12427;45;0;0;12454;0;0;0;0;507207;963;5;0;507255;0;0;0;0
FR;4;2021-06-19;5567;25;0;0;5587;0;0;0;0;512774;988;5;0;512842;0;0;0;0
FR;4;2021-06-20;828;5;0;0;832;0;0;0;0;513602;993;5;0;513674;0;0;0;0
FR;4;2021-06-21;5103;21;0;0;5103;0;0;0;0;518705;1014;5;0;518777;0;0;0;0
FR;4;2021-06-22;7914;29;2;0;7932;0;0;0;0;526619;1043;7;0;526709;0;0;0;0
FR;4;2021-06-23;7105;43;2;0;7132;0;0;0;0;533724;1086;9;0;533841;0;0;0;0
FR;4;2021-06-24;8655;46;1;0;8687;0;0;0;0;542379;1132;10;0;542528;0;0;0;0
FR;4;2021-06-25;10177;41;2;0;10209;0;0;0;0;552556;1173;12;0;552737;0;0;0;0
FR;4;2021-06-26;4853;21;0;0;4870;0;0;0;0;557409;1194;12;0;557607;0;0;0;0
FR;4;2021-06-27;769;4;0;0;771;0;0;0;0;558178;1198;12;0;558378;0;0;0;0
FR;4;2021-06-28;4834;16;1;0;4842;0;0;0;0;563012;1214;13;0;563220;0;0;0;0
FR;4;2021-06-29;7111;28;2;0;7120;0;0;0;0;570123;1242;15;0;570340;0;0;0;0
FR;4;2021-06-30;6727;40;2;0;6755;0;0;0;0;576850;1282;17;0;577095;0;0;0;0
FR;4;2021-07-01;8212;42;0;0;8234;0;0;0;0;585062;1324;17;0;585329;0;0;0;0
FR;4;2021-07-02;9429;53;1;0;9469;0;0;0;0;594491;1377;18;0;594798;0;0;0;0
FR;4;2021-07-03;4847;20;0;0;4862;0;0;0;0;599338;1397;18;0;599660;0;0;0;0
FR;4;2021-07-04;690;5;0;0;692;0;0;0;0;600028;1402;18;0;600352;0;0;0;0
FR;4;2021-07-05;4771;19;2;0;4782;0;0;0;0;604799;1421;20;0;605134;0;0;0;0
FR;4;2021-07-06;7728;29;4;0;7741;0;0;0;0;612527;1450;24;0;612875;0;0;0;0
FR;4;2021-07-07;7087;34;2;0;7099;0;0;0;0;619614;1484;26;0;619974;0;0;0;0
FR;4;2021-07-08;9232;40;2;0;9255;0;0;0;0;628846;1524;28;0;629229;0;0;0;0
FR;4;2021-07-09;10282;34;1;0;10305;0;0;0;0;639128;1558;29;0;639534;0;0;0;0
FR;4;2021-07-10;4639;14;2;0;4646;0;0;0;0;643767;1572;31;0;644180;0;0;0;0
FR;4;2021-07-11;583;4;1;0;581;0;0;0;0;644350;1576;32;0;644761;0;0;0;0
FR;4;2021-07-12;5877;29;0;0;5899;0;0;0;0;650227;1605;32;0;650660;0;0;0;0
FR;4;2021-07-13;14231;29;0;0;14249;0;0;0;0;664458;1634;32;0;664909;0;0;0;0
FR;4;2021-07-14;2291;15;0;0;2291;0;0;0;0;666749;1649;32;0;667200;0;0;0;0
FR;4;2021-07-15;18238;37;0;0;18255;0;0;0;0;684987;1686;32;0;685455;0;0;0;0
FR;4;2021-07-16;22838;71;2;0;22888;0;0;0;0;707825;1757;34;0;708343;0;0;0;0
FR;4;2021-07-17;9741;20;0;0;9749;0;0;0;0;717566;1777;34;0;718092;0;0;0;0
FR;4;2021-07-18;1358;5;0;0;1361;0;0;0;0;718924;1782;34;0;719453;0;0;0;0
FR;4;2021-07-19;12991;30;1;0;13016;0;0;0;0;731915;1812;35;0;732469;0;0;0;0
FR;4;2021-07-20;17344;26;1;0;17360;0;0;0;0;749259;1838;36;0;749829;0;0;0;0
FR;4;2021-07-21;15622;33;0;0;15642;0;0;0;0;764881;1871;36;0;765471;0;0;0;0
FR;4;2021-07-22;18247;44;2;0;18271;0;0;0;0;783128;1915;38;0;783742;0;0;0;0
FR;4;2021-07-23;20419;57;7;0;20452;0;0;0;0;803547;1972;45;0;804194;0;0;0;0
FR;4;2021-07-24;9289;34;0;0;9304;0;0;0;0;812836;2006;45;0;813498;0;0;0;0
FR;4;2021-07-25;1356;11;0;0;1358;0;0;0;0;814192;2017;45;0;814856;0;0;0;0
FR;4;2021-07-26;11045;23;0;0;11052;0;0;0;0;825237;2040;45;0;825908;0;0;0;0
FR;4;2021-07-27;14687;35;3;0;14707;0;0;0;0;839924;2075;48;0;840615;0;0;0;0
FR;4;2021-07-28;12935;26;2;0;12952;0;0;0;0;852859;2101;50;0;853567;0;0;0;0
FR;4;2021-07-29;14094;54;4;0;14135;0;0;0;0;866953;2155;54;0;867702;0;0;0;0
FR;4;2021-07-30;15501;46;2;0;15532;0;0;0;0;882454;2201;56;0;883234;0;0;0;0
FR;4;2021-07-31;6845;14;2;0;6855;0;0;0;0;889299;2215;58;0;890089;0;0;0;0
FR;4;2021-08-01;906;1;0;0;901;0;0;0;0;890205;2216;58;0;890990;0;0;0;0
FR;4;2021-08-02;7917;31;0;0;7918;0;0;0;0;898122;2247;58;0;898908;0;0;0;0
FR;4;2021-08-03;10804;31;2;0;10800;0;0;0;0;908926;2278;60;0;909708;0;0;0;0
FR;4;2021-08-04;9749;29;0;0;9748;0;0;0;0;918675;2307;60;0;919456;0;0;0;0
FR;4;2021-08-05;9829;42;0;0;9835;0;0;0;0;928504;2349;60;0;929291;0;0;0;0
FR;4;2021-08-06;10201;30;3;0;10198;0;0;0;0;938705;2379;63;0;939489;0;0;0;0
FR;4;2021-08-07;5100;30;1;0;5116;0;0;0;0;943805;2409;64;0;944605;0;0;0;0
FR;4;2021-08-08;1223;13;0;0;1226;0;0;0;0;945028;2422;64;0;945831;0;0;0;0
FR;4;2021-08-09;6350;31;0;0;6343;0;0;0;0;951378;2453;64;0;952174;0;0;0;0
FR;4;2021-08-10;8753;18;0;0;8724;0;0;0;0;960131;2471;64;0;960898;0;0;0;0
FR;4;2021-08-11;7944;34;4;0;7933;0;0;0;0;968075;2505;68;0;968831;0;0;0;0
FR;4;2021-08-12;8585;31;1;0;8573;0;0;0;0;976660;2536;69;0;977404;0;0;0;0
FR;4;2021-08-13;7559;25;0;1;7546;0;0;0;0;984219;2561;69;1;984950;0;0;0;0
FR;4;2021-08-14;3793;20;0;0;3777;0;0;0;0;988012;2581;69;1;988727;0;0;0;0
FR;4;2021-08-15;771;5;0;0;773;0;0;0;0;988783;2586;69;1;989500;0;0;0;0
FR;4;2021-08-16;4009;17;0;0;4004;0;0;0;0;992792;2603;69;1;993504;0;0;0;0
FR;4;2021-08-17;5631;17;1;0;5621;0;0;0;0;998423;2620;70;1;999125;0;0;0;0
FR;4;2021-08-18;5170;37;0;0;5187;0;0;0;0;1003593;2657;70;1;1004312;0;0;0;0
FR;4;2021-08-19;5487;34;3;0;5501;0;0;0;0;1009080;2691;73;1;1009813;0;0;0;0
FR;4;2021-08-20;5225;25;1;0;5235;0;0;0;0;1014305;2716;74;1;1015048;0;0;0;0
FR;4;2021-08-21;2311;22;1;0;2327;0;0;0;0;1016616;2738;75;1;1017375;0;0;0;0
FR;4;2021-08-22;414;2;0;0;415;0;0;0;0;1017030;2740;75;1;1017790;0;0;0;0
FR;4;2021-08-23;2935;21;1;0;2943;0;0;0;0;1019965;2761;76;1;1020733;0;0;0;0
FR;4;2021-08-24;3758;16;0;0;3761;0;0;0;0;1023723;2777;76;1;1024494;0;0;0;0
FR;4;2021-08-25;3545;25;1;0;3561;0;0;0;0;1027268;2802;77;1;1028055;0;0;0;0
FR;4;2021-08-26;3715;21;2;0;3727;0;0;0;0;1030983;2823;79;1;1031782;0;0;0;0
FR;4;2021-08-27;3617;31;2;0;3635;0;0;0;0;1034600;2854;81;1;1035417;0;0;0;0
FR;4;2021-08-28;1730;10;1;0;1735;0;0;0;0;1036330;2864;82;1;1037152;0;0;0;0
FR;4;2021-08-29;385;7;1;0;389;0;0;0;0;1036715;2871;83;1;1037541;0;0;0;0
FR;4;2021-08-30;2010;25;0;0;2018;16;0;0;0;1038725;2896;83;1;1039559;16;0;0;0
FR;4;2021-08-31;2486;21;0;0;2493;14;0;0;0;1041211;2917;83;1;1042052;30;0;0;0
FR;4;2021-09-01;2085;38;1;0;2096;22;0;0;0;1043296;2955;84;1;1044148;52;0;0;0
FR;4;2021-09-02;2307;31;4;0;2320;18;0;0;0;1045603;2986;88;1;1046468;70;0;0;0
FR;4;2021-09-03;2364;44;5;0;2373;36;0;0;0;1047967;3030;93;1;1048841;106;0;0;0
FR;4;2021-09-04;1374;18;0;0;1381;9;0;0;0;1049341;3048;93;1;1050222;115;0;0;0
FR;4;2021-09-05;433;2;0;0;433;2;0;0;0;1049774;3050;93;1;1050655;117;0;0;0
FR;4;2021-09-06;1713;63;0;0;1750;25;0;0;0;1051487;3113;93;1;1052405;142;0;0;0
FR;4;2021-09-07;1681;18;0;0;1690;8;0;0;0;1053168;3131;93;1;1054095;150;0;0;0
FR;4;2021-09-08;1286;26;3;0;1291;19;0;0;0;1054454;3157;96;1;1055386;169;0;0;0
FR;4;2021-09-09;1393;23;2;0;1403;9;0;0;0;1055847;3180;98;1;1056789;178;0;0;0
FR;4;2021-09-10;1521;31;2;0;1525;23;1;0;0;1057368;3211;100;1;1058314;201;1;0;0
FR;4;2021-09-11;745;11;0;0;748;3;0;0;0;1058113;3222;100;1;1059062;204;1;0;0
FR;4;2021-09-12;169;5;0;0;170;4;0;0;0;1058282;3227;100;1;1059232;208;1;0;0
FR;4;2021-09-13;1324;22;1;0;1327;16;0;0;0;1059606;3249;101;1;1060559;224;1;0;0
FR;4;2021-09-14;1503;9;2;0;1505;7;0;0;0;1061109;3258;103;1;1062064;231;1;0;0
FR;4;2021-09-15;1095;28;1;0;1098;25;0;0;0;1062204;3286;104;1;1063162;256;1;0;0
FR;4;2021-09-16;1105;22;2;0;1109;15;0;0;0;1063309;3308;106;1;1064271;271;1;0;0
FR;4;2021-09-17;897;21;1;0;904;12;0;0;0;1064206;3329;107;1;1065175;283;1;0;0
FR;4;2021-09-18;464;7;1;0;465;6;0;0;0;1064670;3336;108;1;1065640;289;1;0;0
FR;4;2021-09-19;182;3;0;0;183;2;0;0;0;1064852;3339;108;1;1065823;291;1;0;0
FR;4;2021-09-20;452;19;0;0;458;13;0;0;0;1065304;3358;108;1;1066281;304;1;0;0
FR;4;2021-09-21;433;11;0;0;435;7;0;0;0;1065737;3369;108;1;1066716;311;1;0;0
FR;4;2021-09-22;376;19;2;0;383;13;0;0;0;1066113;3388;110;1;1067099;324;1;0;0
FR;4;2021-09-23;487;15;1;0;488;14;0;0;0;1066600;3403;111;1;1067587;338;1;0;0
FR;4;2021-09-24;414;13;2;0;418;9;0;0;0;1067014;3416;113;1;1068005;347;1;0;0
FR;4;2021-09-25;280;10;1;0;281;5;0;0;0;1067294;3426;114;1;1068286;352;1;0;0
FR;4;2021-09-26;74;2;0;0;75;1;0;0;0;1067368;3428;114;1;1068361;353;1;0;0
FR;4;2021-09-27;269;10;1;0;270;8;0;0;0;1067637;3438;115;1;1068631;361;1;0;0
FR;4;2021-09-28;319;8;0;0;319;8;0;0;0;1067956;3446;115;1;1068950;369;1;0;0
FR;4;2021-09-29;378;19;1;0;380;13;0;0;0;1068334;3465;116;1;1069330;382;1;0;0
FR;4;2021-09-30;365;41;0;0;379;22;0;0;0;1068699;3506;116;1;1069709;404;1;0;0
FR;4;2021-10-01;411;56;0;0;413;50;0;0;0;1069110;3562;116;1;1070122;454;1;0;0
FR;4;2021-10-02;196;22;1;0;198;13;0;0;0;1069306;3584;117;1;1070320;467;1;0;0
FR;4;2021-10-03;86;1;0;0;87;0;0;0;0;1069392;3585;117;1;1070407;467;1;0;0
FR;4;2021-10-04;363;20;1;0;367;16;0;0;0;1069755;3605;118;1;1070774;483;1;0;0
FR;4;2021-10-05;286;19;2;0;288;15;0;0;0;1070041;3624;120;1;1071062;498;1;0;0
FR;4;2021-10-06;249;23;1;0;254;18;0;0;0;1070290;3647;121;1;1071316;516;1;0;0
FR;4;2021-10-07;267;25;2;0;272;13;0;0;0;1070557;3672;123;1;1071588;529;1;0;0
FR;4;2021-10-08;357;24;2;0;360;20;0;0;0;1070914;3696;125;1;1071948;549;1;0;0
FR;4;2021-10-09;194;6;6;0;195;7;0;0;0;1071108;3702;131;1;1072143;556;1;0;0
FR;4;2021-10-10;97;3;2;0;99;3;0;0;0;1071205;3705;133;1;1072242;559;1;0;0
FR;4;2021-10-11;251;15;1;0;252;14;0;0;0;1071456;3720;134;1;1072494;573;1;0;0
FR;4;2021-10-12;211;14;0;0;211;13;0;0;0;1071667;3734;134;1;1072705;586;1;0;0
FR;4;2021-10-13;221;28;1;0;224;25;0;0;0;1071888;3762;135;1;1072929;611;1;0;0
FR;4;2021-10-14;316;21;4;0;320;15;0;0;0;1072204;3783;139;1;1073249;626;1;0;0
FR;4;2021-10-15;323;24;5;0;324;25;0;0;0;1072527;3807;144;1;1073573;651;1;0;0
FR;4;2021-10-16;167;6;2;0;167;6;0;0;0;1072694;3813;146;1;1073740;657;1;0;0
FR;4;2021-10-17;70;2;0;0;71;1;0;0;0;1072764;3815;146;1;1073811;658;1;0;0
FR;4;2021-10-18;281;16;1;0;283;13;0;0;0;1073045;3831;147;1;1074094;671;1;0;0
FR;4;2021-10-19;216;14;2;0;216;15;0;0;0;1073261;3845;149;1;1074310;686;1;0;0
FR;4;2021-10-20;231;27;4;0;234;15;0;0;0;1073492;3872;153;1;1074544;701;1;0;0
FR;4;2021-10-21;243;18;0;0;245;14;0;0;0;1073735;3890;153;1;1074789;715;1;0;0
FR;4;2021-10-22;217;25;2;0;219;20;1;0;0;1073952;3915;155;1;1075008;735;2;0;0
FR;4;2021-10-23;117;16;1;0;118;15;0;0;0;1074069;3931;156;1;1075126;750;2;0;0
FR;4;2021-10-24;39;4;0;0;39;1;0;0;0;1074108;3935;156;1;1075165;751;2;0;0
FR;4;2021-10-25;218;7;2;0;218;9;0;0;0;1074326;3942;158;1;1075383;760;2;0;0
FR;4;2021-10-26;200;14;0;0;202;12;0;0;0;1074526;3956;158;1;1075585;772;2;0;0
FR;4;2021-10-27;196;12;4;0;196;12;2;0;0;1074722;3968;162;1;1075781;784;4;0;0
FR;4;2021-10-28;186;18;5;0;186;22;0;0;0;1074908;3986;167;1;1075967;806;4;0;0
FR;4;2021-10-29;225;17;2;0;226;15;0;0;0;1075133;4003;169;1;1076193;821;4;0;0
FR;4;2021-10-30;104;2;1;0;105;2;0;0;0;1075237;4005;170;1;1076298;823;4;0;0
FR;4;2021-10-31;59;3;2;0;60;3;0;0;0;1075296;4008;172;1;1076358;826;4;0;0
FR;4;2021-11-01;76;27;4;0;77;24;3;0;0;1075372;4035;176;1;1076435;850;7;0;0
FR;4;2021-11-02;164;21;2;0;165;21;0;0;0;1075536;4056;178;1;1076600;871;7;0;0
FR;4;2021-11-03;132;21;8;1;133;19;6;0;0;1075668;4077;186;2;1076733;890;13;0;0
FR;4;2021-11-04;187;15;1;0;188;12;1;0;0;1075855;4092;187;2;1076921;902;14;0;0
FR;4;2021-11-05;130;17;1;0;131;16;0;0;0;1075985;4109;188;2;1077052;918;14;0;0
FR;4;2021-11-06;81;6;1;0;81;6;0;0;0;1076066;4115;189;2;1077133;924;14;0;0
FR;4;2021-11-07;81;2;2;0;81;4;0;0;0;1076147;4117;191;2;1077214;928;14;0;0
FR;4;2021-11-08;162;20;1;0;163;20;0;0;0;1076309;4137;192;2;1077377;948;14;0;0
FR;4;2021-11-09;159;14;3;0;159;16;0;0;0;1076468;4151;195;2;1077536;964;14;0;0
FR;4;2021-11-10;121;30;6;0;121;32;2;0;0;1076589;4181;201;2;1077657;996;16;0;0
FR;4;2021-11-11;100;10;1;0;100;11;0;0;0;1076689;4191;202;2;1077757;1007;16;0;0
FR;4;2021-11-12;106;19;2;0;107;18;1;0;0;1076795;4210;204;2;1077864;1025;17;0;0
FR;4;2021-11-13;74;15;2;0;75;14;0;0;0;1076869;4225;206;2;1077939;1039;17;0;0
FR;4;2021-11-14;55;5;4;0;56;8;0;0;0;1076924;4230;210;2;1077995;1047;17;0;0
FR;4;2021-11-15;99;26;2;0;101;24;2;0;0;1077023;4256;212;2;1078096;1071;19;0;0
FR;4;2021-11-16;108;14;3;0;108;17;0;0;0;1077131;4270;215;2;1078204;1088;19;0;0
FR;4;2021-11-17;121;30;4;0;121;30;1;0;0;1077252;4300;219;2;1078325;1118;20;0;0
FR;4;2021-11-18;103;34;14;0;105;43;1;0;0;1077355;4334;233;2;1078430;1161;21;0;0
FR;4;2021-11-19;89;21;3;0;89;22;1;0;0;1077444;4355;236;2;1078519;1183;22;0;0
FR;4;2021-11-20;77;8;1;0;77;8;0;0;0;1077521;4363;237;2;1078596;1191;22;0;0
FR;4;2021-11-21;69;7;2;0;69;9;0;0;0;1077590;4370;239;2;1078665;1200;22;0;0
FR;4;2021-11-22;109;28;9;0;110;33;2;0;0;1077699;4398;248;2;1078775;1233;24;0;0
FR;4;2021-11-23;78;31;6;0;79;29;2;0;0;1077777;4429;254;2;1078854;1262;26;0;0
FR;4;2021-11-24;90;23;12;0;92;25;4;0;0;1077867;4452;266;2;1078946;1287;30;0;0
FR;4;2021-11-25;94;28;19;0;95;35;5;0;0;1077961;4480;285;2;1079041;1322;35;0;0
FR;4;2021-11-26;85;43;12;0;89;45;3;0;0;1078046;4523;297;2;1079130;1367;38;0;0
FR;4;2021-11-27;42;22;15;0;42;25;10;0;0;1078088;4545;312;2;1079172;1392;48;0;0
FR;4;2021-11-28;52;8;0;0;53;7;0;0;0;1078140;4553;312;2;1079225;1399;48;0;0
FR;4;2021-11-29;90;31;16;0;90;40;2;0;0;1078230;4584;328;2;1079315;1439;50;0;0
FR;4;2021-11-30;77;37;13;0;77;42;2;0;0;1078307;4621;341;2;1079392;1481;52;0;0
FR;4;2021-12-01;88;60;19;0;88;67;11;0;0;1078395;4681;360;2;1079480;1548;63;0;0
FR;4;2021-12-02;112;48;21;0;116;56;3;0;0;1078507;4729;381;2;1079596;1604;66;0;0
FR;4;2021-12-03;103;36;15;0;103;44;4;0;0;1078610;4765;396;2;1079699;1648;70;0;0
FR;4;2021-12-04;72;31;18;0;74;44;1;0;0;1078682;4796;414;2;1079773;1692;71;0;0
FR;4;2021-12-05;63;7;1;0;64;7;0;0;0;1078745;4803;415;2;1079837;1699;71;0;0
FR;4;2021-12-06;110;46;19;0;110;59;3;0;0;1078855;4849;434;2;1079947;1758;74;0;0
FR;4;2021-12-07;85;37;9;0;88;36;3;0;0;1078940;4886;443;2;1080035;1794;77;0;0
FR;4;2021-12-08;72;31;17;0;74;38;7;0;0;1079012;4917;460;2;1080109;1832;84;0;0
FR;4;2021-12-09;65;32;10;1;65;39;3;0;0;1079077;4949;470;3;1080174;1871;87;0;0
FR;4;2021-12-10;63;64;20;0;64;68;10;0;0;1079140;5013;490;3;1080238;1939;97;0;0
FR;4;2021-12-11;29;34;7;0;29;34;3;0;0;1079169;5047;497;3;1080267;1973;100;0;0
FR;4;2021-12-12;29;12;3;0;29;15;0;0;0;1079198;5059;500;3;1080296;1988;100;0;0
FR;4;2021-12-13;76;40;14;0;78;49;2;0;0;1079274;5099;514;3;1080374;2037;102;0;0
FR;4;2021-12-14;61;43;17;0;62;54;2;0;0;1079335;5142;531;3;1080436;2091;104;0;0
FR;4;2021-12-15;68;64;29;0;68;85;6;0;0;1079403;5206;560;3;1080504;2176;110;0;0
FR;4;2021-12-16;34;45;19;0;35;58;4;0;0;1079437;5251;579;3;1080539;2234;114;0;0
FR;4;2021-12-17;39;55;11;0;39;59;6;0;0;1079476;5306;590;3;1080578;2293;120;0;0
FR;4;2021-12-18;49;30;2;0;50;31;0;0;0;1079525;5336;592;3;1080628;2324;120;0;0
FR;4;2021-12-19;16;4;1;0;17;4;0;0;0;1079541;5340;593;3;1080645;2328;120;0;0
FR;4;2021-12-20;45;38;10;0;46;41;6;0;0;1079586;5378;603;3;1080691;2369;126;0;0
FR;4;2021-12-21;31;32;17;0;33;39;5;0;0;1079617;5410;620;3;1080724;2408;131;0;0
FR;4;2021-12-22;37;38;10;0;38;38;7;0;0;1079654;5448;630;3;1080762;2446;138;0;0
FR;4;2021-12-23;40;45;8;0;40;49;2;0;0;1079694;5493;638;3;1080802;2495;140;0;0
FR;4;2021-12-24;23;28;10;0;25;31;4;0;0;1079717;5521;648;3;1080827;2526;144;0;0
FR;4;2021-12-25;7;3;3;0;7;4;2;0;0;1079724;5524;651;3;1080834;2530;146;0;0
FR;4;2021-12-26;5;3;1;0;6;2;0;0;0;1079729;5527;652;3;1080840;2532;146;0;0
FR;4;2021-12-27;31;41;9;0;32;43;4;0;0;1079760;5568;661;3;1080872;2575;150;0;0
FR;4;2021-12-28;27;28;7;0;29;29;4;0;0;1079787;5596;668;3;1080901;2604;154;0;0
FR;4;2021-12-29;56;25;11;0;57;30;5;0;0;1079843;5621;679;3;1080958;2634;159;0;0
FR;4;2021-12-30;48;19;12;0;51;22;5;0;0;1079891;5640;691;3;1081009;2656;164;0;0
FR;4;2021-12-31;19;6;8;0;20;11;2;0;0;1079910;5646;699;3;1081029;2667;166;0;0
FR;4;2022-01-01;6;4;5;0;6;7;1;0;0;1079916;5650;704;3;1081035;2674;167;0;0
FR;4;2022-01-02;42;5;16;0;42;20;1;0;0;1079958;5655;720;3;1081077;2694;168;0;0
FR;4;2022-01-03;44;55;23;1;46;63;10;0;0;1080002;5710;743;4;1081123;2757;178;0;0
FR;4;2022-01-04;38;28;15;0;39;33;7;0;0;1080040;5738;758;4;1081162;2790;185;0;0
FR;4;2022-01-05;51;24;19;0;57;27;9;0;0;1080091;5762;777;4;1081219;2817;194;0;0
FR;4;2022-01-06;52;23;24;0;52;39;8;0;0;1080143;5785;801;4;1081271;2856;202;0;0
FR;4;2022-01-07;31;20;16;0;33;21;12;0;0;1080174;5805;817;4;1081304;2877;214;0;0
FR;4;2022-01-08;13;6;10;0;14;12;3;0;0;1080187;5811;827;4;1081318;2889;217;0;0
FR;4;2022-01-09;20;2;3;0;21;4;0;0;0;1080207;5813;830;4;1081339;2893;217;0;0
FR;4;2022-01-10;51;22;19;0;51;36;4;0;0;1080258;5835;849;4;1081390;2929;221;0;0
FR;4;2022-01-11;30;31;12;0;34;35;1;0;0;1080288;5866;861;4;1081424;2964;222;0;0
FR;4;2022-01-12;35;21;13;0;37;23;9;0;0;1080323;5887;874;4;1081461;2987;231;0;0
FR;4;2022-01-13;55;20;27;0;56;38;8;0;0;1080378;5907;901;4;1081517;3025;239;0;0
FR;4;2022-01-14;25;31;13;0;26;34;7;0;0;1080403;5938;914;4;1081543;3059;246;0;0
FR;4;2022-01-15;14;6;8;0;15;12;1;0;0;1080417;5944;922;4;1081558;3071;247;0;0
FR;4;2022-01-16;12;9;14;0;12;22;1;0;0;1080429;5953;936;4;1081570;3093;248;0;0
FR;4;2022-01-17;27;19;14;0;27;27;5;0;0;1080456;5972;950;4;1081597;3120;253;0;0
FR;4;2022-01-18;17;14;10;0;17;21;3;0;0;1080473;5986;960;4;1081614;3141;256;0;0
FR;4;2022-01-19;32;23;13;0;32;34;1;0;0;1080505;6009;973;4;1081646;3175;257;0;0
FR;4;2022-01-20;33;34;13;0;35;39;5;0;0;1080538;6043;986;4;1081681;3214;262;0;0
FR;4;2022-01-21;11;12;20;1;11;17;15;0;1;1080549;6055;1006;5;1081692;3231;277;0;1
FR;4;2022-01-22;30;13;3;0;30;14;2;0;0;1080579;6068;1009;5;1081722;3245;279;0;1
FR;4;2022-01-23;8;2;5;0;8;7;0;0;0;1080587;6070;1014;5;1081730;3252;279;0;1
FR;4;2022-01-24;14;21;9;0;15;28;1;0;0;1080601;6091;1023;5;1081745;3280;280;0;1
FR;4;2022-01-25;22;32;10;1;23;38;3;0;0;1080623;6123;1033;6;1081768;3318;283;0;1
FR;4;2022-01-26;20;17;9;1;21;21;4;0;0;1080643;6140;1042;7;1081789;3339;287;0;1
FR;4;2022-01-27;21;19;8;0;22;25;1;0;0;1080664;6159;1050;7;1081811;3364;288;0;1
FR;4;2022-01-28;13;23;8;0;14;26;4;0;0;1080677;6182;1058;7;1081825;3390;292;0;1
FR;4;2022-01-29;17;6;5;0;17;10;0;0;0;1080694;6188;1063;7;1081842;3400;292;0;1
FR;4;2022-01-30;19;3;2;0;19;5;0;0;0;1080713;6191;1065;7;1081861;3405;292;0;1
FR;4;2022-01-31;22;28;8;0;22;32;2;0;0;1080735;6219;1073;7;1081883;3437;294;0;1
FR;4;2022-02-01;13;24;12;0;15;24;9;0;0;1080748;6243;1085;7;1081898;3461;303;0;1
FR;4;2022-02-02;18;11;14;2;18;20;7;0;0;1080766;6254;1099;9;1081916;3481;310;0;1
FR;4;2022-02-03;16;24;11;0;18;29;4;0;0;1080782;6278;1110;9;1081934;3510;314;0;1
FR;4;2022-02-04;7;5;7;0;7;9;3;0;0;1080789;6283;1117;9;1081941;3519;317;0;1
FR;4;2022-02-05;7;14;1;0;8;13;1;0;0;1080796;6297;1118;9;1081949;3532;318;0;1
FR;4;2022-02-06;7;4;4;0;7;7;1;0;0;1080803;6301;1122;9;1081956;3539;319;0;1
FR;4;2022-02-07;15;19;8;0;17;19;6;0;0;1080818;6320;1130;9;1081973;3558;325;0;1
FR;4;2022-02-08;19;21;13;1;21;22;10;0;0;1080837;6341;1143;10;1081994;3580;335;0;1
FR;4;2022-02-09;17;12;9;0;18;17;2;0;0;1080854;6353;1152;10;1082012;3597;337;0;1
FR;4;2022-02-10;23;23;10;0;24;25;7;0;0;1080877;6376;1162;10;1082036;3622;344;0;1
FR;4;2022-02-11;18;15;8;0;18;20;3;0;0;1080895;6391;1170;10;1082054;3642;347;0;1
FR;4;2022-02-12;24;6;3;0;26;7;0;0;0;1080919;6397;1173;10;1082080;3649;347;0;1
FR;4;2022-02-13;7;3;3;0;7;6;0;0;0;1080926;6400;1176;10;1082087;3655;347;0;1
FR;4;2022-02-14;20;10;10;0;20;16;4;0;0;1080946;6410;1186;10;1082107;3671;351;0;1
FR;4;2022-02-15;18;7;2;0;18;8;0;0;0;1080964;6417;1188;10;1082125;3679;351;0;1
FR;4;2022-02-16;17;10;11;0;17;17;3;0;0;1080981;6427;1199;10;1082142;3696;354;0;1
FR;4;2022-02-17;11;4;5;0;11;7;2;0;0;1080992;6431;1204;10;1082153;3703;356;0;1
FR;4;2022-02-18;16;15;8;0;16;21;2;0;0;1081008;6446;1212;10;1082169;3724;358;0;1
FR;4;2022-02-19;16;4;2;0;17;5;0;0;0;1081024;6450;1214;10;1082186;3729;358;0;1
FR;4;2022-02-20;8;3;0;0;9;2;0;0;0;1081032;6453;1214;10;1082195;3731;358;0;1
FR;4;2022-02-21;24;4;4;0;24;6;2;0;0;1081056;6457;1218;10;1082219;3737;360;0;1
FR;4;2022-02-22;8;5;10;0;9;10;4;0;0;1081064;6462;1228;10;1082228;3747;364;0;1
FR;4;2022-02-23;17;6;10;0;17;10;5;0;0;1081081;6468;1238;10;1082245;3757;369;0;1
FR;4;2022-02-24;11;5;4;0;11;7;2;0;0;1081092;6473;1242;10;1082256;3764;371;0;1
FR;4;2022-02-25;16;5;7;0;16;6;6;0;0;1081108;6478;1249;10;1082272;3770;377;0;1
FR;4;2022-02-26;27;3;0;0;27;3;0;0;0;1081135;6481;1249;10;1082299;3773;377;0;1
FR;4;2022-02-27;9;0;1;0;9;1;0;0;0;1081144;6481;1250;10;1082308;3774;377;0;1
FR;4;2022-02-28;18;3;2;0;19;3;1;0;0;1081162;6484;1252;10;1082327;3777;378;0;1
FR;4;2022-03-01;8;4;7;0;8;5;5;0;0;1081170;6488;1259;10;1082335;3782;383;0;1
FR;4;2022-03-02;16;2;5;0;16;6;1;0;0;1081186;6490;1264;10;1082351;3788;384;0;1
FR;4;2022-03-03;19;5;3;0;19;6;1;0;0;1081205;6495;1267;10;1082370;3794;385;0;1
FR;4;2022-03-04;7;8;2;1;7;6;3;0;0;1081212;6503;1269;11;1082377;3800;388;0;1
FR;4;2022-03-05;9;2;0;0;9;2;0;0;0;1081221;6505;1269;11;1082386;3802;388;0;1
FR;4;2022-03-06;4;0;1;0;4;1;0;0;0;1081225;6505;1270;11;1082390;3803;388;0;1
FR;4;2022-03-07;10;6;2;0;10;5;2;0;0;1081235;6511;1272;11;1082400;3808;390;0;1
FR;4;2022-03-08;15;3;0;0;15;3;0;0;0;1081250;6514;1272;11;1082415;3811;390;0;1
FR;4;2022-03-09;9;7;2;0;11;7;0;0;0;1081259;6521;1274;11;1082426;3818;390;0;1
FR;4;2022-03-10;5;1;6;0;5;3;4;0;0;1081264;6522;1280;11;1082431;3821;394;0;1
FR;4;2022-03-11;10;4;5;0;12;2;5;0;0;1081274;6526;1285;11;1082443;3823;399;0;1
FR;4;2022-03-12;10;2;0;0;11;0;0;0;0;1081284;6528;1285;11;1082454;3823;399;0;1
FR;4;2022-03-13;6;2;1;0;7;2;0;0;0;1081290;6530;1286;11;1082461;3825;399;0;1
FR;4;2022-03-14;4;3;1;0;5;3;0;0;0;1081294;6533;1287;11;1082466;3828;399;0;1
FR;4;2022-03-15;8;6;3;0;10;5;2;0;0;1081302;6539;1290;11;1082476;3833;401;0;1
FR;4;2022-03-16;7;3;3;0;7;3;3;0;0;1081309;6542;1293;11;1082483;3836;404;0;1
FR;4;2022-03-17;3;4;1;0;3;5;0;0;0;1081312;6546;1294;11;1082486;3841;404;0;1
FR;4;2022-03-18;9;3;0;0;9;3;0;0;0;1081321;6549;1294;11;1082495;3844;404;0;1
FR;4;2022-03-19;1;1;1;0;1;2;0;0;0;1081322;6550;1295;11;1082496;3846;404;0;1
FR;4;2022-03-20;2;1;2;0;2;2;1;0;0;1081324;6551;1297;11;1082498;3848;405;0;1
FR;4;2022-03-21;6;4;1;0;6;5;0;0;0;1081330;6555;1298;11;1082504;3853;405;0;1
FR;4;2022-03-22;4;2;2;0;4;3;1;0;0;1081334;6557;1300;11;1082508;3856;406;0;1
FR;4;2022-03-23;6;4;5;0;6;8;1;0;0;1081340;6561;1305;11;1082514;3864;407;0;1
FR;4;2022-03-24;2;5;3;1;2;7;2;0;0;1081342;6566;1308;12;1082516;3871;409;0;1
FR;4;2022-03-25;3;1;2;0;3;1;2;0;0;1081345;6567;1310;12;1082519;3872;411;0;1
FR;4;2022-03-26;5;5;0;0;5;5;0;0;0;1081350;6572;1310;12;1082524;3877;411;0;1
FR;4;2022-03-27;1;0;3;0;1;2;1;0;0;1081351;6572;1313;12;1082525;3879;412;0;1
FR;4;2022-03-28;6;1;3;0;7;3;0;0;0;1081357;6573;1316;12;1082532;3882;412;0;1
FR;4;2022-03-29;9;0;4;1;9;0;2;0;0;1081366;6573;1320;13;1082541;3882;414;0;1
FR;4;2022-03-30;3;4;0;0;3;4;0;0;0;1081369;6577;1320;13;1082544;3886;414;0;1
FR;4;2022-03-31;3;3;2;1;3;4;1;0;0;1081372;6580;1322;14;1082547;3890;415;0;1
FR;4;2022-04-01;15;3;5;0;15;6;2;0;0;1081387;6583;1327;14;1082562;3896;417;0;1
FR;4;2022-04-02;4;4;0;0;5;3;0;0;0;1081391;6587;1327;14;1082567;3899;417;0;1
FR;4;2022-04-03;0;1;0;0;0;1;0;0;0;1081391;6588;1327;14;1082567;3900;417;0;1
FR;4;2022-04-04;4;4;4;0;5;5;2;0;0;1081395;6592;1331;14;1082572;3905;419;0;1
FR;4;2022-04-05;4;3;3;1;5;3;3;0;0;1081399;6595;1334;15;1082577;3908;422;0;1
FR;4;2022-04-06;6;1;0;0;6;1;0;0;0;1081405;6596;1334;15;1082583;3909;422;0;1
FR;4;2022-04-07;3;2;3;2;3;5;0;0;0;1081408;6598;1337;17;1082586;3914;422;0;1
FR;4;2022-04-08;4;2;1;0;4;2;1;0;0;1081412;6600;1338;17;1082590;3916;423;0;1
FR;4;2022-04-09;0;0;1;1;0;1;1;0;0;1081412;6600;1339;18;1082590;3917;424;0;1
FR;4;2022-04-10;2;2;0;0;2;2;0;0;0;1081414;6602;1339;18;1082592;3919;424;0;1
FR;4;2022-04-11;4;3;4;0;4;5;2;0;0;1081418;6605;1343;18;1082596;3924;426;0;1
FR;4;2022-04-12;5;1;4;0;5;2;3;0;0;1081423;6606;1347;18;1082601;3926;429;0;1
FR;4;2022-04-13;5;8;2;0;5;10;0;0;0;1081428;6614;1349;18;1082606;3936;429;0;1
FR;4;2022-04-14;6;4;2;1;7;5;1;0;0;1081434;6618;1351;19;1082613;3941;430;0;1
FR;4;2022-04-15;7;9;1;0;7;10;0;0;0;1081441;6627;1352;19;1082620;3951;430;0;1
FR;4;2022-04-16;1;0;0;0;1;0;0;0;0;1081442;6627;1352;19;1082621;3951;430;0;1
FR;4;2022-04-17;3;2;1;0;3;3;0;0;0;1081445;6629;1353;19;1082624;3954;430;0;1
FR;4;2022-04-18;2;2;6;0;2;4;4;0;0;1081447;6631;1359;19;1082626;3958;434;0;1
FR;4;2022-04-19;2;0;1;0;2;0;1;0;0;1081449;6631;1360;19;1082628;3958;435;0;1
FR;4;2022-04-20;15;4;1;1;16;3;1;0;0;1081464;6635;1361;20;1082644;3961;436;0;1
FR;4;2022-04-21;7;1;0;0;7;1;0;0;0;1081471;6636;1361;20;1082651;3962;436;0;1
FR;4;2022-04-22;1;1;2;0;1;2;1;0;0;1081472;6637;1363;20;1082652;3964;437;0;1
FR;4;2022-04-23;2;3;3;0;2;6;0;0;0;1081474;6640;1366;20;1082654;3970;437;0;1
FR;4;2022-04-24;0;3;0;0;0;3;0;0;0;1081474;6643;1366;20;1082654;3973;437;0;1
FR;4;2022-04-25;3;5;3;0;3;8;0;0;0;1081477;6648;1369;20;1082657;3981;437;0;1
FR;4;2022-04-26;5;6;1;0;5;6;1;0;0;1081482;6654;1370;20;1082662;3987;438;0;1
FR;4;2022-04-27;4;1;1;1;5;1;1;0;0;1081486;6655;1371;21;1082667;3988;439;0;1
FR;4;2022-04-28;3;5;5;1;3;7;4;0;0;1081489;6660;1376;22;1082670;3995;443;0;1
FR;4;2022-04-29;6;3;0;0;6;2;0;0;0;1081495;6663;1376;22;1082676;3997;443;0;1
FR;4;2022-04-30;2;1;1;0;2;2;0;0;0;1081497;6664;1377;22;1082678;3999;443;0;1
FR;4;2022-05-01;0;0;0;0;0;0;0;0;0;1081497;6664;1377;22;1082678;3999;443;0;1
FR;4;2022-05-02;5;16;6;0;5;19;3;0;0;1081502;6680;1383;22;1082683;4018;446;0;1
FR;4;2022-05-03;2;6;2;0;2;7;1;0;0;1081504;6686;1385;22;1082685;4025;447;0;1
FR;4;2022-05-04;7;4;1;0;7;4;1;0;0;1081511;6690;1386;22;1082692;4029;448;0;1
FR;4;2022-05-05;4;2;1;1;5;1;2;0;0;1081515;6692;1387;23;1082697;4030;450;0;1
FR;4;2022-05-06;5;3;1;0;6;2;1;0;0;1081520;6695;1388;23;1082703;4032;451;0;1
FR;4;2022-05-07;0;0;0;0;0;0;0;0;0;1081520;6695;1388;23;1082703;4032;451;0;1
FR;4;2022-05-08;1;1;0;0;1;1;0;0;0;1081521;6696;1388;23;1082704;4033;451;0;1
FR;4;2022-05-09;5;1;0;1;5;1;1;0;0;1081526;6697;1388;24;1082709;4034;452;0;1
FR;4;2022-05-10;3;1;0;2;3;3;0;0;0;1081529;6698;1388;26;1082712;4037;452;0;1
FR;4;2022-05-11;3;2;4;0;3;5;1;0;0;1081532;6700;1392;26;1082715;4042;453;0;1
FR;4;2022-05-12;7;4;2;1;7;5;1;0;1;1081539;6704;1394;27;1082722;4047;454;0;2
FR;4;2022-05-13;1;0;2;0;1;2;0;0;0;1081540;6704;1396;27;1082723;4049;454;0;2
FR;4;2022-05-14;0;2;0;0;0;2;0;0;0;1081540;6706;1396;27;1082723;4051;454;0;2
FR;4;2022-05-15;2;2;0;0;4;0;0;0;0;1081542;6708;1396;27;1082727;4051;454;0;2
FR;4;2022-05-16;5;2;2;0;5;2;2;0;0;1081547;6710;1398;27;1082732;4053;456;0;2
FR;4;2022-05-17;5;1;2;0;5;3;0;0;0;1081552;6711;1400;27;1082737;4056;456;0;2
FR;4;2022-05-18;3;6;0;0;3;6;0;0;0;1081555;6717;1400;27;1082740;4062;456;0;2
FR;4;2022-05-19;2;3;3;0;2;5;1;0;0;1081557;6720;1403;27;1082742;4067;457;0;2
FR;4;2022-05-20;4;2;3;0;4;2;3;0;0;1081561;6722;1406;27;1082746;4069;460;0;2
FR;4;2022-05-21;2;0;1;0;2;1;0;0;0;1081563;6722;1407;27;1082748;4070;460;0;2
FR;4;2022-05-22;0;0;1;0;0;1;0;0;0;1081563;6722;1408;27;1082748;4071;460;0;2
FR;4;2022-05-23;0;0;2;0;0;0;2;0;0;1081563;6722;1410;27;1082748;4071;462;0;2
FR;4;2022-05-24;2;4;1;0;2;5;0;0;0;1081565;6726;1411;27;1082750;4076;462;0;2
FR;4;2022-05-25;1;4;1;0;3;3;0;0;0;1081566;6730;1412;27;1082753;4079;462;0;2
FR;4;2022-05-26;5;0;1;0;5;1;0;0;0;1081571;6730;1413;27;1082758;4080;462;0;2
FR;4;2022-05-27;0;2;1;1;0;3;1;0;0;1081571;6732;1414;28;1082758;4083;463;0;2
FR;4;2022-05-28;1;0;0;0;1;0;0;0;0;1081572;6732;1414;28;1082759;4083;463;0;2
FR;4;2022-05-29;1;0;1;0;1;1;0;0;0;1081573;6732;1415;28;1082760;4084;463;0;2
FR;4;2022-05-30;3;4;2;0;3;5;1;0;0;1081576;6736;1417;28;1082763;4089;464;0;2
FR;4;2022-05-31;2;1;0;0;2;1;0;0;0;1081578;6737;1417;28;1082765;4090;464;0;2
FR;4;2022-06-01;3;11;7;0;3;15;3;0;0;1081581;6748;1424;28;1082768;4105;467;0;2
FR;4;2022-06-02;6;7;3;0;6;7;2;0;0;1081587;6755;1427;28;1082774;4112;469;0;2
FR;4;2022-06-03;2;6;4;1;2;7;4;0;0;1081589;6761;1431;29;1082776;4119;473;0;2
FR;4;2022-06-04;0;1;1;1;0;1;2;0;0;1081589;6762;1432;30;1082776;4120;475;0;2
FR;4;2022-06-05;0;0;0;0;0;0;0;0;0;1081589;6762;1432;30;1082776;4120;475;0;2
FR;4;2022-06-06;7;0;3;0;7;2;1;0;0;1081596;6762;1435;30;1082783;4122;476;0;2
FR;4;2022-06-07;6;2;0;1;6;2;1;0;0;1081602;6764;1435;31;1082789;4124;477;0;2
FR;4;2022-06-08;0;5;3;0;1;7;0;0;0;1081602;6769;1438;31;1082790;4131;477;0;2
FR;4;2022-06-09;1;2;0;0;2;1;0;0;0;1081603;6771;1438;31;1082792;4132;477;0;2
FR;4;2022-06-10;3;0;3;0;3;1;2;0;0;1081606;6771;1441;31;1082795;4133;479;0;2
FR;4;2022-06-11;1;0;0;0;1;0;0;0;0;1081607;6771;1441;31;1082796;4133;479;0;2
FR;4;2022-06-12;4;0;0;0;4;0;0;0;0;1081611;6771;1441;31;1082800;4133;479;0;2
FR;4;2022-06-13;6;2;3;0;7;2;1;0;0;1081617;6773;1444;31;1082807;4135;480;0;2
FR;4;2022-06-14;4;3;0;0;5;2;0;0;0;1081621;6776;1444;31;1082812;4137;480;0;2
FR;4;2022-06-15;8;3;4;0;8;3;4;0;0;1081629;6779;1448;31;1082820;4140;484;0;2
FR;4;2022-06-16;2;3;1;1;3;2;1;0;1;1081631;6782;1449;32;1082823;4142;485;0;3
FR;4;2022-06-17;6;1;0;0;6;1;0;0;0;1081637;6783;1449;32;1082829;4143;485;0;3
FR;4;2022-06-18;0;0;0;0;0;0;0;0;0;1081637;6783;1449;32;1082829;4143;485;0;3
FR;4;2022-06-19;3;0;0;0;3;0;0;0;0;1081640;6783;1449;32;1082832;4143;485;0;3
FR;4;2022-06-20;5;2;2;1;5;3;2;0;0;1081645;6785;1451;33;1082837;4146;487;0;3
FR;4;2022-06-21;5;2;4;1;6;4;2;0;0;1081650;6787;1455;34;1082843;4150;489;0;3
FR;4;2022-06-22;3;2;1;3;4;2;1;0;0;1081653;6789;1456;37;1082847;4152;490;0;3
FR;4;2022-06-23;3;3;3;0;3;5;1;0;0;1081656;6792;1459;37;1082850;4157;491;0;3
FR;4;2022-06-24;3;0;2;0;3;0;2;0;0;1081659;6792;1461;37;1082853;4157;493;0;3
FR;4;2022-06-25;3;0;1;1;3;1;1;0;0;1081662;6792;1462;38;1082856;4158;494;0;3
FR;4;2022-06-26;0;0;1;0;0;1;0;0;0;1081662;6792;1463;38;1082856;4159;494;0;3
FR;4;2022-06-27;2;2;0;3;2;2;3;0;0;1081664;6794;1463;41;1082858;4161;497;0;3
FR;4;2022-06-28;0;4;2;1;0;5;2;0;0;1081664;6798;1465;42;1082858;4166;499;0;3
FR;4;2022-06-29;1;2;0;0;1;2;0;0;0;1081665;6800;1465;42;1082859;4168;499;0;3
FR;4;2022-06-30;2;0;0;0;2;0;0;0;0;1081667;6800;1465;42;1082861;4168;499;0;3
FR;4;2022-07-01;2;4;8;0;2;4;8;0;0;1081669;6804;1473;42;1082863;4172;507;0;3
FR;4;2022-07-02;0;1;0;0;1;0;0;0;0;1081669;6805;1473;42;1082864;4172;507;0;3
FR;4;2022-07-03;0;0;0;0;0;0;0;0;0;1081669;6805;1473;42;1082864;4172;507;0;3
FR;4;2022-07-04;4;1;0;0;4;1;0;0;0;1081673;6806;1473;42;1082868;4173;507;0;3
FR;4;2022-07-05;2;0;2;0;2;2;0;0;0;1081675;6806;1475;42;1082870;4175;507;0;3
FR;4;2022-07-06;5;0;1;1;5;0;1;0;1;1081680;6806;1476;43;1082875;4175;508;0;4
FR;4;2022-07-07;2;0;2;1;2;0;3;0;0;1081682;6806;1478;44;1082877;4175;511;0;4
FR;4;2022-07-08;3;1;0;0;3;1;0;0;0;1081685;6807;1478;44;1082880;4176;511;0;4
FR;4;2022-07-09;2;2;1;0;2;3;0;0;0;1081687;6809;1479;44;1082882;4179;511;0;4
FR;4;2022-07-10;2;0;1;0;2;0;0;0;0;1081689;6809;1480;44;1082884;4179;511;0;4
FR;4;2022-07-11;3;0;2;0;3;0;1;0;0;1081692;6809;1482;44;1082887;4179;512;0;4
FR;4;2022-07-12;0;0;2;0;0;2;0;0;0;1081692;6809;1484;44;1082887;4181;512;0;4
FR;4;2022-07-13;2;2;3;1;2;2;4;0;0;1081694;6811;1487;45;1082889;4183;516;0;4
FR;4;2022-07-14;6;0;1;0;6;0;1;0;0;1081700;6811;1488;45;1082895;4183;517;0;4
FR;4;2022-07-15;11;2;0;0;11;2;0;0;0;1081711;6813;1488;45;1082906;4185;517;0;4
FR;4;2022-07-16;4;0;0;2;4;0;2;0;0;1081715;6813;1488;47;1082910;4185;519;0;4
FR;4;2022-07-17;1;0;1;1;1;0;2;0;0;1081716;6813;1489;48;1082911;4185;521;0;4
FR;4;2022-07-18;3;3;2;0;3;3;2;0;0;1081719;6816;1491;48;1082914;4188;523;0;4
FR;4;2022-07-19;4;0;1;0;4;1;0;0;0;1081723;6816;1492;48;1082918;4189;523;0;4
FR;4;2022-07-20;11;1;1;0;12;1;0;0;0;1081734;6817;1493;48;1082930;4190;523;0;4
FR;4;2022-07-21;2;3;1;0;2;3;1;0;0;1081736;6820;1494;48;1082932;4193;524;0;4
FR;4;2022-07-22;4;0;3;0;4;1;2;0;0;1081740;6820;1497;48;1082936;4194;526;0;4
FR;4;2022-07-23;1;2;0;0;1;1;0;0;0;1081741;6822;1497;48;1082937;4195;526;0;4
FR;4;2022-07-24;0;0;0;0;0;0;0;0;0;1081741;6822;1497;48;1082937;4195;526;0;4
FR;4;2022-07-25;7;0;2;0;7;2;0;0;0;1081748;6822;1499;48;1082944;4197;526;0;4
FR;4;2022-07-26;2;0;0;0;2;0;0;0;0;1081750;6822;1499;48;1082946;4197;526;0;4
FR;4;2022-07-27;3;1;0;0;3;0;0;0;0;1081753;6823;1499;48;1082949;4197;526;0;4
FR;4;2022-07-28;11;0;0;0;11;0;0;0;0;1081764;6823;1499;48;1082960;4197;526;0;4
FR;4;2022-07-29;3;0;2;0;3;1;1;0;0;1081767;6823;1501;48;1082963;4198;527;0;4
FR;4;2022-07-30;4;0;2;0;4;0;2;0;0;1081771;6823;1503;48;1082967;4198;529;0;4
FR;4;2022-07-31;0;0;0;0;0;0;0;0;0;1081771;6823;1503;48;1082967;4198;529;0;4
FR;4;2022-08-01;4;0;3;0;4;2;1;0;0;1081775;6823;1506;48;1082971;4200;530;0;4
FR;4;2022-08-02;6;0;0;0;6;0;0;0;0;1081781;6823;1506;48;1082977;4200;530;0;4
FR;4;2022-08-03;2;2;1;0;2;2;1;0;0;1081783;6825;1507;48;1082979;4202;531;0;4
FR;4;2022-08-04;5;2;0;1;5;2;1;0;0;1081788;6827;1507;49;1082984;4204;532;0;4
FR;4;2022-08-05;2;0;1;0;2;0;1;0;0;1081790;6827;1508;49;1082986;4204;533;0;4
FR;4;2022-08-06;2;0;0;0;2;0;0;0;0;1081792;6827;1508;49;1082988;4204;533;0;4
FR;4;2022-08-07;5;0;0;0;5;0;0;0;0;1081797;6827;1508;49;1082993;4204;533;0;4
FR;4;2022-08-08;1;0;1;1;1;1;1;0;0;1081798;6827;1509;50;1082994;4205;534;0;4
FR;4;2022-08-09;1;1;2;2;1;2;3;0;0;1081799;6828;1511;52;1082995;4207;537;0;4
FR;4;2022-08-10;6;1;1;0;7;1;0;0;0;1081805;6829;1512;52;1083002;4208;537;0;4
FR;4;2022-08-11;2;0;1;0;2;1;0;0;0;1081807;6829;1513;52;1083004;4209;537;0;4
FR;4;2022-08-12;4;0;1;0;4;0;1;0;0;1081811;6829;1514;52;1083008;4209;538;0;4
FR;4;2022-08-13;1;0;0;0;1;0;0;0;0;1081812;6829;1514;52;1083009;4209;538;0;4
FR;4;2022-08-14;0;0;0;0;0;0;0;0;0;1081812;6829;1514;52;1083009;4209;538;0;4
FR;4;2022-08-15;1;2;3;0;1;2;3;0;0;1081813;6831;1517;52;1083010;4211;541;0;4
FR;4;2022-08-16;0;0;1;0;0;1;0;0;0;1081813;6831;1518;52;1083010;4212;541;0;4
FR;4;2022-08-17;3;0;0;0;3;0;0;0;0;1081816;6831;1518;52;1083013;4212;541;0;4
FR;4;2022-08-18;3;0;0;0;3;0;0;0;0;1081819;6831;1518;52;1083016;4212;541;0;4
FR;4;2022-08-19;5;0;0;0;5;0;0;0;0;1081824;6831;1518;52;1083021;4212;541;0;4
FR;4;2022-08-20;1;1;0;0;2;0;0;0;0;1081825;6832;1518;52;1083023;4212;541;0;4
FR;4;2022-08-21;1;0;0;0;1;0;0;0;0;1081826;6832;1518;52;1083024;4212;541;0;4
FR;4;2022-08-22;3;9;0;0;3;9;0;0;0;1081829;6841;1518;52;1083027;4221;541;0;4
FR;4;2022-08-23;3;3;3;0;3;4;2;0;0;1081832;6844;1521;52;1083030;4225;543;0;4
FR;4;2022-08-24;6;0;0;1;6;0;1;0;0;1081838;6844;1521;53;1083036;4225;544;0;4
FR;4;2022-08-25;1;3;2;0;1;4;1;0;0;1081839;6847;1523;53;1083037;4229;545;0;4
FR;4;2022-08-26;2;0;0;1;2;0;1;0;0;1081841;6847;1523;54;1083039;4229;546;0;4
FR;4;2022-08-27;1;0;0;0;1;0;0;0;0;1081842;6847;1523;54;1083040;4229;546;0;4
FR;4;2022-08-28;0;1;0;0;0;0;0;0;0;1081842;6848;1523;54;1083040;4229;546;0;4
FR;4;2022-08-29;8;0;0;0;8;0;0;0;0;1081850;6848;1523;54;1083048;4229;546;0;4
FR;4;2022-08-30;5;0;0;0;5;0;0;0;0;1081855;6848;1523;54;1083053;4229;546;0;4
FR;4;2022-08-31;2;1;0;0;2;1;0;0;0;1081857;6849;1523;54;1083055;4230;546;0;4
FR;4;2022-09-01;4;8;2;0;5;7;2;0;0;1081861;6857;1525;54;1083060;4237;548;0;4
FR;4;2022-09-02;2;1;1;0;2;2;0;0;0;1081863;6858;1526;54;1083062;4239;548;0;4
FR;4;2022-09-03;3;0;0;0;3;0;0;0;0;1081866;6858;1526;54;1083065;4239;548;0;4
FR;4;2022-09-04;1;0;0;0;1;0;0;0;0;1081867;6858;1526;54;1083066;4239;548;0;4
FR;4;2022-09-05;3;2;0;0;3;2;0;0;0;1081870;6860;1526;54;1083069;4241;548;0;4
FR;4;2022-09-06;1;0;0;0;1;0;0;0;0;1081871;6860;1526;54;1083070;4241;548;0;4
FR;4;2022-09-07;1;0;1;1;1;1;1;0;0;1081872;6860;1527;55;1083071;4242;549;0;4
FR;4;2022-09-08;3;0;0;0;3;0;0;0;0;1081875;6860;1527;55;1083074;4242;549;0;4
FR;4;2022-09-09;2;0;0;0;2;0;0;0;0;1081877;6860;1527;55;1083076;4242;549;0;4
FR;4;2022-09-10;0;1;0;3;0;2;2;0;0;1081877;6861;1527;58;1083076;4244;551;0;4
FR;4;2022-09-11;2;0;0;0;2;0;0;0;0;1081879;6861;1527;58;1083078;4244;551;0;4
FR;4;2022-09-12;1;1;1;0;1;1;1;0;0;1081880;6862;1528;58;1083079;4245;552;0;4
FR;4;2022-09-13;1;0;0;0;1;0;0;0;0;1081881;6862;1528;58;1083080;4245;552;0;4
FR;4;2022-09-14;3;0;0;0;3;0;0;0;0;1081884;6862;1528;58;1083083;4245;552;0;4
FR;4;2022-09-15;4;0;0;0;4;0;0;0;0;1081888;6862;1528;58;1083087;4245;552;0;4
FR;4;2022-09-16;1;0;0;0;1;0;0;0;0;1081889;6862;1528;58;1083088;4245;552;0;4
FR;4;2022-09-17;2;0;0;0;2;0;0;0;0;1081891;6862;1528;58;1083090;4245;552;0;4
FR;4;2022-09-18;0;1;0;0;0;1;0;0;0;1081891;6863;1528;58;1083090;4246;552;0;4
FR;4;2022-09-19;3;0;2;0;3;2;0;0;0;1081894;6863;1530;58;1083093;4248;552;0;4
FR;4;2022-09-20;4;0;0;0;4;0;0;0;0;1081898;6863;1530;58;1083097;4248;552;0;4
FR;4;2022-09-21;2;1;0;0;2;1;0;0;0;1081900;6864;1530;58;1083099;4249;552;0;4
FR;4;2022-09-22;2;1;0;0;2;1;0;0;0;1081902;6865;1530;58;1083101;4250;552;0;4
FR;4;2022-09-23;2;3;0;0;3;2;0;0;0;1081904;6868;1530;58;1083104;4252;552;0;4
FR;4;2022-09-24;1;0;0;0;1;0;0;0;0;1081905;6868;1530;58;1083105;4252;552;0;4
FR;4;2022-09-25;0;0;0;0;0;0;0;0;0;1081905;6868;1530;58;1083105;4252;552;0;4
FR;4;2022-09-26;2;0;1;0;2;0;1;0;0;1081907;6868;1531;58;1083107;4252;553;0;4
FR;4;2022-09-27;1;0;1;1;1;0;2;0;0;1081908;6868;1532;59;1083108;4252;555;0;4
FR;4;2022-09-28;3;0;2;0;3;2;0;0;0;1081911;6868;1534;59;1083111;4254;555;0;4
FR;4;2022-09-29;3;0;1;1;3;1;1;0;0;1081914;6868;1535;60;1083114;4255;556;0;4
FR;4;2022-09-30;1;0;0;0;1;0;0;0;0;1081915;6868;1535;60;1083115;4255;556;0;4
FR;4;2022-10-01;1;1;0;0;2;0;0;0;0;1081916;6869;1535;60;1083117;4255;556;0;4
FR;4;2022-10-02;0;1;0;0;0;1;0;0;0;1081916;6870;1535;60;1083117;4256;556;0;4
FR;4;2022-10-03;2;2;1;1;3;2;1;0;0;1081918;6872;1536;61;1083120;4258;557;0;4
FR;4;2022-10-04;2;0;0;0;2;0;0;0;0;1081920;6872;1536;61;1083122;4258;557;0;4
FR;4;2022-10-05;0;1;0;0;0;1;0;0;0;1081920;6873;1536;61;1083122;4259;557;0;4
FR;4;2022-10-06;2;0;0;0;2;0;0;0;0;1081922;6873;1536;61;1083124;4259;557;0;4
FR;4;2022-10-07;3;0;1;0;3;0;1;0;0;1081925;6873;1537;61;1083127;4259;558;0;4
FR;4;2022-10-08;3;1;0;0;3;0;0;0;0;1081928;6874;1537;61;1083130;4259;558;0;4
FR;4;2022-10-09;0;0;0;0;0;0;0;0;0;1081928;6874;1537;61;1083130;4259;558;0;4
FR;4;2022-10-10;4;0;2;3;4;2;1;0;2;1081932;6874;1539;64;1083134;4261;559;0;6
FR;4;2022-10-11;1;2;0;0;1;1;0;0;0;1081933;6876;1539;64;1083135;4262;559;0;6
FR;4;2022-10-12;0;0;0;0;0;0;0;0;0;1081933;6876;1539;64;1083135;4262;559;0;6
FR;4;2022-10-13;5;0;0;0;5;0;0;0;0;1081938;6876;1539;64;1083140;4262;559;0;6
FR;4;2022-10-14;1;0;0;0;1;0;0;0;0;1081939;6876;1539;64;1083141;4262;559;0;6
FR;4;2022-10-15;1;2;0;0;1;2;0;0;0;1081940;6878;1539;64;1083142;4264;559;0;6
FR;4;2022-10-16;0;0;0;0;0;0;0;0;0;1081940;6878;1539;64;1083142;4264;559;0;6
FR;4;2022-10-17;2;0;1;0;2;1;0;0;0;1081942;6878;1540;64;1083144;4265;559;0;6
FR;4;2022-10-18;1;0;0;1;1;0;1;0;0;1081943;6878;1540;65;1083145;4265;560;0;6
FR;4;2022-10-19;1;0;0;2;1;0;2;0;3;1081944;6878;1540;67;1083146;4265;562;0;9
FR;4;2022-10-20;4;1;0;0;4;1;0;0;0;1081948;6879;1540;67;1083150;4266;562;0;9
FR;4;2022-10-21;1;0;0;0;1;0;0;0;0;1081949;6879;1540;67;1083151;4266;562;0;9
FR;4;2022-10-22;1;0;0;0;1;0;0;0;0;1081950;6879;1540;67;1083152;4266;562;0;9
FR;4;2022-10-23;0;0;0;0;0;0;0;0;0;1081950;6879;1540;67;1083152;4266;562;0;9
FR;4;2022-10-24;3;0;0;0;3;0;0;0;0;1081953;6879;1540;67;1083155;4266;562;0;9
FR;4;2022-10-25;2;0;0;0;2;0;0;0;0;1081955;6879;1540;67;1083157;4266;562;0;9
FR;4;2022-10-26;2;1;0;0;2;1;0;0;0;1081957;6880;1540;67;1083159;4267;562;0;9
FR;4;2022-10-27;3;1;1;0;3;0;1;0;0;1081960;6881;1541;67;1083162;4267;563;0;9
FR;4;2022-10-28;0;0;0;0;0;0;0;0;0;1081960;6881;1541;67;1083162;4267;563;0;9
FR;4;2022-10-29;1;0;0;3;1;0;3;0;3;1081961;6881;1541;70;1083163;4267;566;0;12
FR;4;2022-10-30;1;0;0;0;1;0;0;0;0;1081962;6881;1541;70;1083164;4267;566;0;12
FR;4;2022-10-31;1;0;0;0;1;0;0;0;0;1081963;6881;1541;70;1083165;4267;566;0;12
FR;4;2022-11-01;1;6;0;0;1;6;0;0;0;1081964;6887;1541;70;1083166;4273;566;0;12
FR;4;2022-11-02;0;0;2;2;0;1;3;0;0;1081964;6887;1543;72;1083166;4274;569;0;12
FR;4;2022-11-03;1;0;0;0;1;0;0;0;0;1081965;6887;1543;72;1083167;4274;569;0;12
FR;4;2022-11-04;4;1;0;0;4;0;0;0;0;1081969;6888;1543;72;1083171;4274;569;0;12
FR;4;2022-11-05;0;0;0;0;0;0;0;0;0;1081969;6888;1543;72;1083171;4274;569;0;12
FR;4;2022-11-06;2;0;0;0;2;0;0;0;0;1081971;6888;1543;72;1083173;4274;569;0;12
FR;4;2022-11-07;2;0;0;0;2;0;0;0;0;1081973;6888;1543;72;1083175;4274;569;0;12
FR;4;2022-11-08;7;0;0;0;7;0;0;0;0;1081980;6888;1543;72;1083182;4274;569;0;12
FR;4;2022-11-09;0;0;0;0;0;0;0;0;0;1081980;6888;1543;72;1083182;4274;569;0;12
FR;4;2022-11-10;0;0;0;0;0;0;0;0;0;1081980;6888;1543;72;1083182;4274;569;0;12
FR;4;2022-11-11;1;0;0;0;1;0;0;0;0;1081981;6888;1543;72;1083183;4274;569;0;12
FR;4;2022-11-12;3;1;0;0;3;1;0;0;0;1081984;6889;1543;72;1083186;4275;569;0;12
FR;4;2022-11-13;0;0;0;0;0;0;0;0;0;1081984;6889;1543;72;1083186;4275;569;0;12
FR;4;2022-11-14;0;0;0;0;0;0;0;0;0;1081984;6889;1543;72;1083186;4275;569;0;12
FR;4;2022-11-15;3;0;0;0;3;0;0;0;0;1081987;6889;1543;72;1083189;4275;569;0;12
FR;4;2022-11-16;1;1;0;0;1;1;0;0;0;1081988;6890;1543;72;1083190;4276;569;0;12
FR;4;2022-11-17;0;0;0;0;0;0;0;0;0;1081988;6890;1543;72;1083190;4276;569;0;12
FR;4;2022-11-18;5;0;1;0;5;0;1;0;0;1081993;6890;1544;72;1083195;4276;570;0;12
FR;4;2022-11-19;0;0;0;0;0;0;0;0;0;1081993;6890;1544;72;1083195;4276;570;0;12
FR;4;2022-11-20;0;0;0;0;0;0;0;0;0;1081993;6890;1544;72;1083195;4276;570;0;12
FR;4;2022-11-21;0;0;0;0;0;0;0;0;0;1081993;6890;1544;72;1083195;4276;570;0;12
FR;4;2022-11-22;0;1;1;0;0;2;0;0;0;1081993;6891;1545;72;1083195;4278;570;0;12
FR;4;2022-11-23;1;0;0;0;1;0;0;0;1;1081994;6891;1545;72;1083196;4278;570;0;13
FR;4;2022-11-24;0;2;0;0;0;2;0;0;0;1081994;6893;1545;72;1083196;4280;570;0;13
FR;4;2022-11-25;3;4;0;0;3;4;0;0;0;1081997;6897;1545;72;1083199;4284;570;0;13
FR;4;2022-11-26;1;0;0;0;1;0;0;0;0;1081998;6897;1545;72;1083200;4284;570;0;13
FR;4;2022-11-27;0;0;0;0;0;0;0;0;0;1081998;6897;1545;72;1083200;4284;570;0;13
FR;4;2022-11-28;3;0;0;0;3;0;0;0;0;1082001;6897;1545;72;1083203;4284;570;0;13
FR;4;2022-11-29;3;0;0;0;3;0;0;0;0;1082004;6897;1545;72;1083206;4284;570;0;13
FR;4;2022-11-30;0;0;0;0;0;0;0;0;0;1082004;6897;1545;72;1083206;4284;570;0;13
FR;4;2022-12-01;1;2;2;0;2;2;1;0;0;1082005;6899;1547;72;1083208;4286;571;0;13
FR;4;2022-12-02;2;1;0;1;2;1;0;0;1;1082007;6900;1547;73;1083210;4287;571;0;14
FR;4;2022-12-03;1;0;0;0;1;0;0;0;0;1082008;6900;1547;73;1083211;4287;571;0;14
FR;4;2022-12-04;0;0;0;0;0;0;0;0;0;1082008;6900;1547;73;1083211;4287;571;0;14
FR;4;2022-12-05;1;1;0;0;1;1;0;0;0;1082009;6901;1547;73;1083212;4288;571;0;14
FR;4;2022-12-06;2;0;0;0;2;0;0;0;0;1082011;6901;1547;73;1083214;4288;571;0;14
FR;4;2022-12-07;2;3;1;0;2;4;0;0;0;1082013;6904;1548;73;1083216;4292;571;0;14
FR;4;2022-12-08;1;0;0;0;1;0;0;0;0;1082014;6904;1548;73;1083217;4292;571;0;14
FR;4;2022-12-09;1;0;1;0;1;0;1;0;0;1082015;6904;1549;73;1083218;4292;572;0;14
FR;4;2022-12-10;1;0;0;0;1;0;0;0;0;1082016;6904;1549;73;1083219;4292;572;0;14
FR;4;2022-12-11;0;0;0;0;0;0;0;0;0;1082016;6904;1549;73;1083219;4292;572;0;14
FR;4;2022-12-12;0;1;0;5;0;1;5;0;0;1082016;6905;1549;78;1083219;4293;577;0;14
FR;4;2022-12-13;1;0;0;0;1;0;0;0;0;1082017;6905;1549;78;1083220;4293;577;0;14
FR;4;2022-12-14;0;0;0;0;0;0;0;0;0;1082017;6905;1549;78;1083220;4293;577;0;14
FR;4;2022-12-15;1;1;0;0;1;1;0;0;0;1082018;6906;1549;78;1083221;4294;577;0;14
FR;4;2022-12-16;2;0;0;0;2;0;0;0;0;1082020;6906;1549;78;1083223;4294;577;0;14
FR;4;2022-12-17;0;0;1;0;0;0;1;0;0;1082020;6906;1550;78;1083223;4294;578;0;14
FR;4;2022-12-18;0;0;0;0;0;0;0;0;0;1082020;6906;1550;78;1083223;4294;578;0;14
FR;4;2022-12-19;1;0;0;0;1;0;0;0;0;1082021;6906;1550;78;1083224;4294;578;0;14
FR;4;2022-12-20;3;1;0;0;3;1;0;0;0;1082024;6907;1550;78;1083227;4295;578;0;14
FR;4;2022-12-21;2;0;0;0;2;0;0;0;0;1082026;6907;1550;78;1083229;4295;578;0;14
FR;4;2022-12-22;0;1;0;0;0;1;0;0;0;1082026;6908;1550;78;1083229;4296;578;0;14
FR;4;2022-12-23;3;0;0;0;3;0;0;0;0;1082029;6908;1550;78;1083232;4296;578;0;14
FR;4;2022-12-24;0;0;0;0;0;0;0;0;0;1082029;6908;1550;78;1083232;4296;578;0;14
FR;4;2022-12-25;0;0;0;0;0;0;0;0;0;1082029;6908;1550;78;1083232;4296;578;0;14
FR;4;2022-12-26;1;2;0;0;1;1;0;0;0;1082030;6910;1550;78;1083233;4297;578;0;14
FR;4;2022-12-27;1;0;0;0;1;0;0;0;0;1082031;6910;1550;78;1083234;4297;578;0;14
FR;4;2022-12-28;0;0;0;0;0;0;0;0;0;1082031;6910;1550;78;1083234;4297;578;0;14
FR;4;2022-12-29;0;1;0;0;1;0;0;0;0;1082031;6911;1550;78;1083235;4297;578;0;14
FR;4;2022-12-30;1;0;0;0;1;0;0;0;0;1082032;6911;1550;78;1083236;4297;578;0;14
FR;4;2022-12-31;0;0;0;0;0;0;0;0;0;1082032;6911;1550;78;1083236;4297;578;0;14
FR;4;2023-01-01;0;0;0;0;0;0;0;0;0;1082032;6911;1550;78;1083236;4297;578;0;14
FR;4;2023-01-02;1;0;0;0;1;0;0;0;0;1082033;6911;1550;78;1083237;4297;578;0;14
FR;4;2023-01-03;0;0;0;0;0;0;0;0;0;1082033;6911;1550;78;1083237;4297;578;0;14
FR;4;2023-01-04;0;0;0;0;0;0;0;0;0;1082033;6911;1550;78;1083237;4297;578;0;14
FR;4;2023-01-05;0;0;0;0;0;0;0;0;0;1082033;6911;1550;78;1083237;4297;578;0;14
FR;4;2023-01-06;0;0;0;0;0;0;0;0;0;1082033;6911;1550;78;1083237;4297;578;0;14
FR;4;2023-01-07;1;0;0;0;1;0;0;0;0;1082034;6911;1550;78;1083238;4297;578;0;14
FR;4;2023-01-08;1;0;0;0;1;0;0;0;0;1082035;6911;1550;78;1083239;4297;578;0;14
FR;4;2023-01-09;1;0;0;0;1;0;0;0;0;1082036;6911;1550;78;1083240;4297;578;0;14
FR;4;2023-01-10;1;0;0;0;1;0;0;0;0;1082037;6911;1550;78;1083241;4297;578;0;14
FR;4;2023-01-11;0;0;0;0;0;0;0;0;0;1082037;6911;1550;78;1083241;4297;578;0;14
FR;4;2023-01-12;1;0;0;0;1;0;0;0;0;1082038;6911;1550;78;1083242;4297;578;0;14
FR;4;2023-01-13;1;0;2;0;1;0;2;0;0;1082039;6911;1552;78;1083243;4297;580;0;14
FR;4;2023-01-14;0;0;0;0;0;0;0;0;0;1082039;6911;1552;78;1083243;4297;580;0;14
FR;4;2023-01-15;0;0;0;0;0;0;0;0;0;1082039;6911;1552;78;1083243;4297;580;0;14
FR;4;2023-01-16;0;0;0;0;0;0;0;0;0;1082039;6911;1552;78;1083243;4297;580;0;14
FR;5;2020-12-27;0;0;0;0;0;0;0;0;0;0;0;0;0;0;0;0;0;0
FR;5;2020-12-28;0;0;0;0;0;0;0;0;0;0;0;0;0;0;0;0;0;0
FR;5;2020-12-29;0;0;0;0;0;0;0;0;0;0;0;0;0;0;0;0;0;0
FR;5;2020-12-30;0;0;0;0;0;0;0;0;0;0;0;0;0;0;0;0;0;0
FR;5;2020-12-31;0;0;0;0;0;0;0;0;0;0;0;0;0;0;0;0;0;0
FR;5;2021-01-01;0;0;0;0;0;0;0;0;0;0;0;0;0;0;0;0;0;0
FR;5;2021-01-02;0;0;0;0;0;0;0;0;0;0;0;0;0;0;0;0;0;0
FR;5;2021-01-03;0;0;0;0;0;0;0;0;0;0;0;0;0;0;0;0;0;0
FR;5;2021-01-04;0;0;0;0;0;0;0;0;0;0;0;0;0;0;0;0;0;0
FR;5;2021-01-05;0;0;0;0;0;0;0;0;0;0;0;0;0;0;0;0;0;0
FR;5;2021-01-06;0;0;0;0;0;0;0;0;0;0;0;0;0;0;0;0;0;0
FR;5;2021-01-07;0;0;0;0;0;0;0;0;0;0;0;0;0;0;0;0;0;0
FR;5;2021-01-08;0;0;0;0;0;0;0;0;0;0;0;0;0;0;0;0;0;0
FR;5;2021-01-09;0;0;0;0;0;0;0;0;0;0;0;0;0;0;0;0;0;0
FR;5;2021-01-10;0;0;0;0;0;0;0;0;0;0;0;0;0;0;0;0;0;0
FR;5;2021-01-11;0;0;0;0;0;0;0;0;0;0;0;0;0;0;0;0;0;0
FR;5;2021-01-12;0;0;0;0;0;0;0;0;0;0;0;0;0;0;0;0;0;0
FR;5;2021-01-13;0;0;0;0;0;0;0;0;0;0;0;0;0;0;0;0;0;0
FR;5;2021-01-14;0;0;0;0;0;0;0;0;0;0;0;0;0;0;0;0;0;0
FR;5;2021-01-15;0;0;0;0;0;0;0;0;0;0;0;0;0;0;0;0;0;0
FR;5;2021-01-16;0;0;0;0;0;0;0;0;0;0;0;0;0;0;0;0;0;0
FR;5;2021-01-17;0;0;0;0;0;0;0;0;0;0;0;0;0;0;0;0;0;0
FR;5;2021-01-18;0;0;0;0;0;0;0;0;0;0;0;0;0;0;0;0;0;0
FR;5;2021-01-19;0;0;0;0;0;0;0;0;0;0;0;0;0;0;0;0;0;0
FR;5;2021-01-20;0;0;0;0;0;0;0;0;0;0;0;0;0;0;0;0;0;0
FR;5;2021-01-21;0;0;0;0;0;0;0;0;0;0;0;0;0;0;0;0;0;0
FR;5;2021-01-22;0;0;0;0;0;0;0;0;0;0;0;0;0;0;0;0;0;0
FR;5;2021-01-23;0;0;0;0;0;0;0;0;0;0;0;0;0;0;0;0;0;0
FR;5;2021-01-24;0;0;0;0;0;0;0;0;0;0;0;0;0;0;0;0;0;0
FR;5;2021-01-25;0;0;0;0;0;0;0;0;0;0;0;0;0;0;0;0;0;0
FR;5;2021-01-26;0;0;0;0;0;0;0;0;0;0;0;0;0;0;0;0;0;0
FR;5;2021-01-27;0;0;0;0;0;0;0;0;0;0;0;0;0;0;0;0;0;0
FR;5;2021-01-28;0;0;0;0;0;0;0;0;0;0;0;0;0;0;0;0;0;0
FR;5;2021-01-29;0;0;0;0;0;0;0;0;0;0;0;0;0;0;0;0;0;0
FR;5;2021-01-30;0;0;0;0;0;0;0;0;0;0;0;0;0;0;0;0;0;0
FR;5;2021-01-31;0;0;0;0;0;0;0;0;0;0;0;0;0;0;0;0;0;0
FR;5;2021-02-01;0;0;0;0;0;0;0;0;0;0;0;0;0;0;0;0;0;0
FR;5;2021-02-02;0;0;0;0;0;0;0;0;0;0;0;0;0;0;0;0;0;0
FR;5;2021-02-03;0;0;0;0;0;0;0;0;0;0;0;0;0;0;0;0;0;0
FR;5;2021-02-04;0;0;0;0;0;0;0;0;0;0;0;0;0;0;0;0;0;0
FR;5;2021-02-05;0;0;0;0;0;0;0;0;0;0;0;0;0;0;0;0;0;0
FR;5;2021-02-06;0;0;0;0;0;0;0;0;0;0;0;0;0;0;0;0;0;0
FR;5;2021-02-07;0;0;0;0;0;0;0;0;0;0;0;0;0;0;0;0;0;0
FR;5;2021-02-08;0;0;0;0;0;0;0;0;0;0;0;0;0;0;0;0;0;0
FR;5;2021-02-09;0;0;0;0;0;0;0;0;0;0;0;0;0;0;0;0;0;0
FR;5;2021-02-10;0;0;0;0;0;0;0;0;0;0;0;0;0;0;0;0;0;0
FR;5;2021-02-11;0;0;0;0;0;0;0;0;0;0;0;0;0;0;0;0;0;0
FR;5;2021-02-12;0;0;0;0;0;0;0;0;0;0;0;0;0;0;0;0;0;0
FR;5;2021-02-13;0;0;0;0;0;0;0;0;0;0;0;0;0;0;0;0;0;0
FR;5;2021-02-14;0;0;0;0;0;0;0;0;0;0;0;0;0;0;0;0;0;0
FR;5;2021-02-15;0;0;0;0;0;0;0;0;0;0;0;0;0;0;0;0;0;0
FR;5;2021-02-16;0;0;0;0;0;0;0;0;0;0;0;0;0;0;0;0;0;0
FR;5;2021-02-17;0;0;0;0;0;0;0;0;0;0;0;0;0;0;0;0;0;0
FR;5;2021-02-18;0;0;0;0;0;0;0;0;0;0;0;0;0;0;0;0;0;0
FR;5;2021-02-19;0;0;0;0;0;0;0;0;0;0;0;0;0;0;0;0;0;0
FR;5;2021-02-20;0;0;0;0;0;0;0;0;0;0;0;0;0;0;0;0;0;0
FR;5;2021-02-21;0;0;0;0;0;0;0;0;0;0;0;0;0;0;0;0;0;0
FR;5;2021-02-22;0;0;0;0;0;0;0;0;0;0;0;0;0;0;0;0;0;0
FR;5;2021-02-23;0;0;0;0;0;0;0;0;0;0;0;0;0;0;0;0;0;0
FR;5;2021-02-24;0;0;0;0;0;0;0;0;0;0;0;0;0;0;0;0;0;0
FR;5;2021-02-25;0;0;0;0;0;0;0;0;0;0;0;0;0;0;0;0;0;0
FR;5;2021-02-26;0;0;0;0;0;0;0;0;0;0;0;0;0;0;0;0;0;0
FR;5;2021-02-27;0;0;0;0;0;0;0;0;0;0;0;0;0;0;0;0;0;0
FR;5;2021-02-28;0;0;0;0;0;0;0;0;0;0;0;0;0;0;0;0;0;0
FR;5;2021-03-01;0;0;0;0;0;0;0;0;0;0;0;0;0;0;0;0;0;0
FR;5;2021-03-02;0;0;0;0;0;0;0;0;0;0;0;0;0;0;0;0;0;0
FR;5;2021-03-03;0;0;0;0;0;0;0;0;0;0;0;0;0;0;0;0;0;0
FR;5;2021-03-04;0;0;0;0;0;0;0;0;0;0;0;0;0;0;0;0;0;0
FR;5;2021-03-05;0;0;0;0;0;0;0;0;0;0;0;0;0;0;0;0;0;0
FR;5;2021-03-06;0;0;0;0;0;0;0;0;0;0;0;0;0;0;0;0;0;0
FR;5;2021-03-07;0;0;0;0;0;0;0;0;0;0;0;0;0;0;0;0;0;0
FR;5;2021-03-08;0;0;0;0;0;0;0;0;0;0;0;0;0;0;0;0;0;0
FR;5;2021-03-09;0;0;0;0;0;0;0;0;0;0;0;0;0;0;0;0;0;0
FR;5;2021-03-10;0;0;0;0;0;0;0;0;0;0;0;0;0;0;0;0;0;0
FR;5;2021-03-11;0;0;0;0;0;0;0;0;0;0;0;0;0;0;0;0;0;0
FR;5;2021-03-12;0;0;0;0;0;0;0;0;0;0;0;0;0;0;0;0;0;0
FR;5;2021-03-13;0;0;0;0;0;0;0;0;0;0;0;0;0;0;0;0;0;0
FR;5;2021-03-14;0;0;0;0;0;0;0;0;0;0;0;0;0;0;0;0;0;0
FR;5;2021-03-15;0;0;0;0;0;0;0;0;0;0;0;0;0;0;0;0;0;0
FR;5;2021-03-16;0;0;0;0;0;0;0;0;0;0;0;0;0;0;0;0;0;0
FR;5;2021-03-17;0;0;0;0;0;0;0;0;0;0;0;0;0;0;0;0;0;0
FR;5;2021-03-18;0;0;0;0;0;0;0;0;0;0;0;0;0;0;0;0;0;0
FR;5;2021-03-19;0;0;0;0;0;0;0;0;0;0;0;0;0;0;0;0;0;0
FR;5;2021-03-20;0;0;0;0;0;0;0;0;0;0;0;0;0;0;0;0;0;0
FR;5;2021-03-21;0;0;0;0;0;0;0;0;0;0;0;0;0;0;0;0;0;0
FR;5;2021-03-22;0;0;0;0;0;0;0;0;0;0;0;0;0;0;0;0;0;0
FR;5;2021-03-23;0;0;0;0;0;0;0;0;0;0;0;0;0;0;0;0;0;0
FR;5;2021-03-24;0;0;0;0;0;0;0;0;0;0;0;0;0;0;0;0;0;0
FR;5;2021-03-25;0;0;0;0;0;0;0;0;0;0;0;0;0;0;0;0;0;0
FR;5;2021-03-26;0;0;0;0;0;0;0;0;0;0;0;0;0;0;0;0;0;0
FR;5;2021-03-27;0;0;0;0;0;0;0;0;0;0;0;0;0;0;0;0;0;0
FR;5;2021-03-28;0;0;0;0;0;0;0;0;0;0;0;0;0;0;0;0;0;0
FR;5;2021-03-29;0;0;0;0;0;0;0;0;0;0;0;0;0;0;0;0;0;0
FR;5;2021-03-30;0;0;0;0;0;0;0;0;0;0;0;0;0;0;0;0;0;0
FR;5;2021-03-31;0;0;0;0;0;0;0;0;0;0;0;0;0;0;0;0;0;0
FR;5;2021-04-01;0;0;0;0;0;0;0;0;0;0;0;0;0;0;0;0;0;0
FR;5;2021-04-02;0;0;0;0;0;0;0;0;0;0;0;0;0;0;0;0;0;0
FR;5;2021-04-03;0;0;0;0;0;0;0;0;0;0;0;0;0;0;0;0;0;0
FR;5;2021-04-04;0;0;0;0;0;0;0;0;0;0;0;0;0;0;0;0;0;0
FR;5;2021-04-05;0;0;0;0;0;0;0;0;0;0;0;0;0;0;0;0;0;0
FR;5;2021-04-06;0;0;0;0;0;0;0;0;0;0;0;0;0;0;0;0;0;0
FR;5;2021-04-07;0;0;0;0;0;0;0;0;0;0;0;0;0;0;0;0;0;0
FR;5;2021-04-08;0;0;0;0;0;0;0;0;0;0;0;0;0;0;0;0;0;0
FR;5;2021-04-09;0;0;0;0;0;0;0;0;0;0;0;0;0;0;0;0;0;0
FR;5;2021-04-10;0;0;0;0;0;0;0;0;0;0;0;0;0;0;0;0;0;0
FR;5;2021-04-11;0;0;0;0;0;0;0;0;0;0;0;0;0;0;0;0;0;0
FR;5;2021-04-12;0;0;0;0;0;0;0;0;0;0;0;0;0;0;0;0;0;0
FR;5;2021-04-13;0;0;0;0;0;0;0;0;0;0;0;0;0;0;0;0;0;0
FR;5;2021-04-14;0;0;0;0;0;0;0;0;0;0;0;0;0;0;0;0;0;0
FR;5;2021-04-15;0;0;0;0;0;0;0;0;0;0;0;0;0;0;0;0;0;0
FR;5;2021-04-16;0;0;0;0;0;0;0;0;0;0;0;0;0;0;0;0;0;0
FR;5;2021-04-17;0;0;0;0;0;0;0;0;0;0;0;0;0;0;0;0;0;0
FR;5;2021-04-18;0;0;0;0;0;0;0;0;0;0;0;0;0;0;0;0;0;0
FR;5;2021-04-19;0;0;0;0;0;0;0;0;0;0;0;0;0;0;0;0;0;0
FR;5;2021-04-20;0;0;0;0;0;0;0;0;0;0;0;0;0;0;0;0;0;0
FR;5;2021-04-21;0;0;0;0;0;0;0;0;0;0;0;0;0;0;0;0;0;0
FR;5;2021-04-22;0;0;0;0;0;0;0;0;0;0;0;0;0;0;0;0;0;0
FR;5;2021-04-23;0;0;0;0;0;0;0;0;0;0;0;0;0;0;0;0;0;0
FR;5;2021-04-24;0;0;0;0;0;0;0;0;0;0;0;0;0;0;0;0;0;0
FR;5;2021-04-25;0;0;0;0;0;0;0;0;0;0;0;0;0;0;0;0;0;0
FR;5;2021-04-26;0;0;0;0;0;0;0;0;0;0;0;0;0;0;0;0;0;0
FR;5;2021-04-27;0;0;0;0;0;0;0;0;0;0;0;0;0;0;0;0;0;0
FR;5;2021-04-28;0;0;0;0;0;0;0;0;0;0;0;0;0;0;0;0;0;0
FR;5;2021-04-29;0;0;0;0;0;0;0;0;0;0;0;0;0;0;0;0;0;0
FR;5;2021-04-30;0;0;0;0;0;0;0;0;0;0;0;0;0;0;0;0;0;0
FR;5;2021-05-01;0;0;0;0;0;0;0;0;0;0;0;0;0;0;0;0;0;0
FR;5;2021-05-02;0;0;0;0;0;0;0;0;0;0;0;0;0;0;0;0;0;0
FR;5;2021-05-03;0;0;0;0;0;0;0;0;0;0;0;0;0;0;0;0;0;0
FR;5;2021-05-04;0;0;0;0;0;0;0;0;0;0;0;0;0;0;0;0;0;0
FR;5;2021-05-05;0;0;0;0;0;0;0;0;0;0;0;0;0;0;0;0;0;0
FR;5;2021-05-06;0;0;0;0;0;0;0;0;0;0;0;0;0;0;0;0;0;0
FR;5;2021-05-07;0;0;0;0;0;0;0;0;0;0;0;0;0;0;0;0;0;0
FR;5;2021-05-08;0;0;0;0;0;0;0;0;0;0;0;0;0;0;0;0;0;0
FR;5;2021-05-09;0;0;0;0;0;0;0;0;0;0;0;0;0;0;0;0;0;0
FR;5;2021-05-10;0;0;0;0;0;0;0;0;0;0;0;0;0;0;0;0;0;0
FR;5;2021-05-11;0;0;0;0;0;0;0;0;0;0;0;0;0;0;0;0;0;0
FR;5;2021-05-12;0;0;0;0;0;0;0;0;0;0;0;0;0;0;0;0;0;0
FR;5;2021-05-13;0;0;0;0;0;0;0;0;0;0;0;0;0;0;0;0;0;0
FR;5;2021-05-14;0;0;0;0;0;0;0;0;0;0;0;0;0;0;0;0;0;0
FR;5;2021-05-15;0;0;0;0;0;0;0;0;0;0;0;0;0;0;0;0;0;0
FR;5;2021-05-16;0;0;0;0;0;0;0;0;0;0;0;0;0;0;0;0;0;0
FR;5;2021-05-17;0;0;0;0;0;0;0;0;0;0;0;0;0;0;0;0;0;0
FR;5;2021-05-18;0;0;0;0;0;0;0;0;0;0;0;0;0;0;0;0;0;0
FR;5;2021-05-19;0;0;0;0;0;0;0;0;0;0;0;0;0;0;0;0;0;0
FR;5;2021-05-20;0;0;0;0;0;0;0;0;0;0;0;0;0;0;0;0;0;0
FR;5;2021-05-21;0;0;0;0;0;0;0;0;0;0;0;0;0;0;0;0;0;0
FR;5;2021-05-22;0;0;0;0;0;0;0;0;0;0;0;0;0;0;0;0;0;0
FR;5;2021-05-23;0;0;0;0;0;0;0;0;0;0;0;0;0;0;0;0;0;0
FR;5;2021-05-24;0;0;0;0;0;0;0;0;0;0;0;0;0;0;0;0;0;0
FR;5;2021-05-25;0;0;0;0;0;0;0;0;0;0;0;0;0;0;0;0;0;0
FR;5;2021-05-26;0;0;0;0;0;0;0;0;0;0;0;0;0;0;0;0;0;0
FR;5;2021-05-27;0;0;0;0;0;0;0;0;0;0;0;0;0;0;0;0;0;0
FR;5;2021-05-28;0;0;0;0;0;0;0;0;0;0;0;0;0;0;0;0;0;0
FR;5;2021-05-29;0;0;0;0;0;0;0;0;0;0;0;0;0;0;0;0;0;0
FR;5;2021-05-30;0;0;0;0;0;0;0;0;0;0;0;0;0;0;0;0;0;0
FR;5;2021-05-31;0;0;0;0;0;0;0;0;0;0;0;0;0;0;0;0;0;0
FR;5;2021-06-01;0;0;0;0;0;0;0;0;0;0;0;0;0;0;0;0;0;0
FR;5;2021-06-02;0;0;0;0;0;0;0;0;0;0;0;0;0;0;0;0;0;0
FR;5;2021-06-03;0;0;0;0;0;0;0;0;0;0;0;0;0;0;0;0;0;0
FR;5;2021-06-04;0;0;0;0;0;0;0;0;0;0;0;0;0;0;0;0;0;0
FR;5;2021-06-05;0;0;0;0;0;0;0;0;0;0;0;0;0;0;0;0;0;0
FR;5;2021-06-06;0;0;0;0;0;0;0;0;0;0;0;0;0;0;0;0;0;0
FR;5;2021-06-07;0;0;0;0;0;0;0;0;0;0;0;0;0;0;0;0;0;0
FR;5;2021-06-08;0;0;0;0;0;0;0;0;0;0;0;0;0;0;0;0;0;0
FR;5;2021-06-09;0;0;0;0;0;0;0;0;0;0;0;0;0;0;0;0;0;0
FR;5;2021-06-10;0;0;0;0;0;0;0;0;0;0;0;0;0;0;0;0;0;0
FR;5;2021-06-11;0;0;0;0;0;0;0;0;0;0;0;0;0;0;0;0;0;0
FR;5;2021-06-12;0;0;0;0;0;0;0;0;0;0;0;0;0;0;0;0;0;0
FR;5;2021-06-13;0;0;0;0;0;0;0;0;0;0;0;0;0;0;0;0;0;0
FR;5;2021-06-14;0;0;0;0;0;0;0;0;0;0;0;0;0;0;0;0;0;0
FR;5;2021-06-15;0;0;0;0;0;0;0;0;0;0;0;0;0;0;0;0;0;0
FR;5;2021-06-16;0;0;0;0;0;0;0;0;0;0;0;0;0;0;0;0;0;0
FR;5;2021-06-17;0;0;0;0;0;0;0;0;0;0;0;0;0;0;0;0;0;0
FR;5;2021-06-18;0;0;0;0;0;0;0;0;0;0;0;0;0;0;0;0;0;0
FR;5;2021-06-19;0;0;0;0;0;0;0;0;0;0;0;0;0;0;0;0;0;0
FR;5;2021-06-20;0;0;0;0;0;0;0;0;0;0;0;0;0;0;0;0;0;0
FR;5;2021-06-21;0;0;0;0;0;0;0;0;0;0;0;0;0;0;0;0;0;0
FR;5;2021-06-22;0;0;0;0;0;0;0;0;0;0;0;0;0;0;0;0;0;0
FR;5;2021-06-23;0;0;0;0;0;0;0;0;0;0;0;0;0;0;0;0;0;0
FR;5;2021-06-24;0;0;0;0;0;0;0;0;0;0;0;0;0;0;0;0;0;0
FR;5;2021-06-25;0;0;0;0;0;0;0;0;0;0;0;0;0;0;0;0;0;0
FR;5;2021-06-26;0;0;0;0;0;0;0;0;0;0;0;0;0;0;0;0;0;0
FR;5;2021-06-27;0;0;0;0;0;0;0;0;0;0;0;0;0;0;0;0;0;0
FR;5;2021-06-28;0;0;0;0;0;0;0;0;0;0;0;0;0;0;0;0;0;0
FR;5;2021-06-29;0;0;0;0;0;0;0;0;0;0;0;0;0;0;0;0;0;0
FR;5;2021-06-30;0;0;0;0;0;0;0;0;0;0;0;0;0;0;0;0;0;0
FR;5;2021-07-01;0;0;0;0;0;0;0;0;0;0;0;0;0;0;0;0;0;0
FR;5;2021-07-02;0;0;0;0;0;0;0;0;0;0;0;0;0;0;0;0;0;0
FR;5;2021-07-03;0;0;0;0;0;0;0;0;0;0;0;0;0;0;0;0;0;0
FR;5;2021-07-04;0;0;0;0;0;0;0;0;0;0;0;0;0;0;0;0;0;0
FR;5;2021-07-05;0;0;0;0;0;0;0;0;0;0;0;0;0;0;0;0;0;0
FR;5;2021-07-06;0;0;0;0;0;0;0;0;0;0;0;0;0;0;0;0;0;0
FR;5;2021-07-07;0;0;0;0;0;0;0;0;0;0;0;0;0;0;0;0;0;0
FR;5;2021-07-08;0;0;0;0;0;0;0;0;0;0;0;0;0;0;0;0;0;0
FR;5;2021-07-09;0;0;0;0;0;0;0;0;0;0;0;0;0;0;0;0;0;0
FR;5;2021-07-10;0;0;0;0;0;0;0;0;0;0;0;0;0;0;0;0;0;0
FR;5;2021-07-11;0;0;0;0;0;0;0;0;0;0;0;0;0;0;0;0;0;0
FR;5;2021-07-12;0;0;0;0;0;0;0;0;0;0;0;0;0;0;0;0;0;0
FR;5;2021-07-13;0;0;0;0;0;0;0;0;0;0;0;0;0;0;0;0;0;0
FR;5;2021-07-14;0;0;0;0;0;0;0;0;0;0;0;0;0;0;0;0;0;0
FR;5;2021-07-15;0;0;0;0;0;0;0;0;0;0;0;0;0;0;0;0;0;0
FR;5;2021-07-16;0;0;0;0;0;0;0;0;0;0;0;0;0;0;0;0;0;0
FR;5;2021-07-17;0;0;0;0;0;0;0;0;0;0;0;0;0;0;0;0;0;0
FR;5;2021-07-18;0;0;0;0;0;0;0;0;0;0;0;0;0;0;0;0;0;0
FR;5;2021-07-19;0;0;0;0;0;0;0;0;0;0;0;0;0;0;0;0;0;0
FR;5;2021-07-20;0;0;0;0;0;0;0;0;0;0;0;0;0;0;0;0;0;0
FR;5;2021-07-21;0;0;0;0;0;0;0;0;0;0;0;0;0;0;0;0;0;0
FR;5;2021-07-22;0;0;0;0;0;0;0;0;0;0;0;0;0;0;0;0;0;0
FR;5;2021-07-23;0;0;0;0;0;0;0;0;0;0;0;0;0;0;0;0;0;0
FR;5;2021-07-24;0;0;0;0;0;0;0;0;0;0;0;0;0;0;0;0;0;0
FR;5;2021-07-25;0;0;0;0;0;0;0;0;0;0;0;0;0;0;0;0;0;0
FR;5;2021-07-26;0;0;0;0;0;0;0;0;0;0;0;0;0;0;0;0;0;0
FR;5;2021-07-27;0;0;0;0;0;0;0;0;0;0;0;0;0;0;0;0;0;0
FR;5;2021-07-28;0;0;0;0;0;0;0;0;0;0;0;0;0;0;0;0;0;0
FR;5;2021-07-29;0;0;0;0;0;0;0;0;0;0;0;0;0;0;0;0;0;0
FR;5;2021-07-30;0;0;0;0;0;0;0;0;0;0;0;0;0;0;0;0;0;0
FR;5;2021-07-31;0;0;0;0;0;0;0;0;0;0;0;0;0;0;0;0;0;0
FR;5;2021-08-01;0;0;0;0;0;0;0;0;0;0;0;0;0;0;0;0;0;0
FR;5;2021-08-02;0;0;0;0;0;0;0;0;0;0;0;0;0;0;0;0;0;0
FR;5;2021-08-03;0;0;0;0;0;0;0;0;0;0;0;0;0;0;0;0;0;0
FR;5;2021-08-04;0;0;0;0;0;0;0;0;0;0;0;0;0;0;0;0;0;0
FR;5;2021-08-05;0;0;0;0;0;0;0;0;0;0;0;0;0;0;0;0;0;0
FR;5;2021-08-06;0;0;0;0;0;0;0;0;0;0;0;0;0;0;0;0;0;0
FR;5;2021-08-07;0;0;0;0;0;0;0;0;0;0;0;0;0;0;0;0;0;0
FR;5;2021-08-08;0;0;0;0;0;0;0;0;0;0;0;0;0;0;0;0;0;0
FR;5;2021-08-09;0;0;0;0;0;0;0;0;0;0;0;0;0;0;0;0;0;0
FR;5;2021-08-10;0;0;0;0;0;0;0;0;0;0;0;0;0;0;0;0;0;0
FR;5;2021-08-11;0;0;0;0;0;0;0;0;0;0;0;0;0;0;0;0;0;0
FR;5;2021-08-12;0;0;0;0;0;0;0;0;0;0;0;0;0;0;0;0;0;0
FR;5;2021-08-13;0;0;0;0;0;0;0;0;0;0;0;0;0;0;0;0;0;0
FR;5;2021-08-14;0;0;0;0;0;0;0;0;0;0;0;0;0;0;0;0;0;0
FR;5;2021-08-15;0;0;0;0;0;0;0;0;0;0;0;0;0;0;0;0;0;0
FR;5;2021-08-16;0;0;0;0;0;0;0;0;0;0;0;0;0;0;0;0;0;0
FR;5;2021-08-17;0;0;0;0;0;0;0;0;0;0;0;0;0;0;0;0;0;0
FR;5;2021-08-18;0;0;0;0;0;0;0;0;0;0;0;0;0;0;0;0;0;0
FR;5;2021-08-19;0;0;0;0;0;0;0;0;0;0;0;0;0;0;0;0;0;0
FR;5;2021-08-20;0;0;0;0;0;0;0;0;0;0;0;0;0;0;0;0;0;0
FR;5;2021-08-21;0;0;0;0;0;0;0;0;0;0;0;0;0;0;0;0;0;0
FR;5;2021-08-22;0;0;0;0;0;0;0;0;0;0;0;0;0;0;0;0;0;0
FR;5;2021-08-23;0;0;0;0;0;0;0;0;0;0;0;0;0;0;0;0;0;0
FR;5;2021-08-24;0;0;0;0;0;0;0;0;0;0;0;0;0;0;0;0;0;0
FR;5;2021-08-25;0;0;0;0;0;0;0;0;0;0;0;0;0;0;0;0;0;0
FR;5;2021-08-26;0;0;0;0;0;0;0;0;0;0;0;0;0;0;0;0;0;0
FR;5;2021-08-27;0;0;0;0;0;0;0;0;0;0;0;0;0;0;0;0;0;0
FR;5;2021-08-28;0;0;0;0;0;0;0;0;0;0;0;0;0;0;0;0;0;0
FR;5;2021-08-29;0;0;0;0;0;0;0;0;0;0;0;0;0;0;0;0;0;0
FR;5;2021-08-30;0;0;0;0;0;0;0;0;0;0;0;0;0;0;0;0;0;0
FR;5;2021-08-31;0;0;0;0;0;0;0;0;0;0;0;0;0;0;0;0;0;0
FR;5;2021-09-01;0;0;0;0;0;0;0;0;0;0;0;0;0;0;0;0;0;0
FR;5;2021-09-02;0;0;0;0;0;0;0;0;0;0;0;0;0;0;0;0;0;0
FR;5;2021-09-03;0;0;0;0;0;0;0;0;0;0;0;0;0;0;0;0;0;0
FR;5;2021-09-04;0;0;0;0;0;0;0;0;0;0;0;0;0;0;0;0;0;0
FR;5;2021-09-05;0;0;0;0;0;0;0;0;0;0;0;0;0;0;0;0;0;0
FR;5;2021-09-06;0;0;0;0;0;0;0;0;0;0;0;0;0;0;0;0;0;0
FR;5;2021-09-07;0;0;0;0;0;0;0;0;0;0;0;0;0;0;0;0;0;0
FR;5;2021-09-08;0;0;0;0;0;0;0;0;0;0;0;0;0;0;0;0;0;0
FR;5;2021-09-09;0;0;0;0;0;0;0;0;0;0;0;0;0;0;0;0;0;0
FR;5;2021-09-10;0;0;0;0;0;0;0;0;0;0;0;0;0;0;0;0;0;0
FR;5;2021-09-11;0;0;0;0;0;0;0;0;0;0;0;0;0;0;0;0;0;0
FR;5;2021-09-12;0;0;0;0;0;0;0;0;0;0;0;0;0;0;0;0;0;0
FR;5;2021-09-13;0;0;0;0;0;0;0;0;0;0;0;0;0;0;0;0;0;0
FR;5;2021-09-14;0;0;0;0;0;0;0;0;0;0;0;0;0;0;0;0;0;0
FR;5;2021-09-15;0;0;0;0;0;0;0;0;0;0;0;0;0;0;0;0;0;0
FR;5;2021-09-16;0;0;0;0;0;0;0;0;0;0;0;0;0;0;0;0;0;0
FR;5;2021-09-17;0;0;0;0;0;0;0;0;0;0;0;0;0;0;0;0;0;0
FR;5;2021-09-18;0;0;0;0;0;0;0;0;0;0;0;0;0;0;0;0;0;0
FR;5;2021-09-19;0;0;0;0;0;0;0;0;0;0;0;0;0;0;0;0;0;0
FR;5;2021-09-20;0;0;0;0;0;0;0;0;0;0;0;0;0;0;0;0;0;0
FR;5;2021-09-21;0;0;0;0;0;0;0;0;0;0;0;0;0;0;0;0;0;0
FR;5;2021-09-22;0;0;0;0;0;0;0;0;0;0;0;0;0;0;0;0;0;0
FR;5;2021-09-23;0;0;0;0;0;0;0;0;0;0;0;0;0;0;0;0;0;0
FR;5;2021-09-24;0;0;0;0;0;0;0;0;0;0;0;0;0;0;0;0;0;0
FR;5;2021-09-25;0;0;0;0;0;0;0;0;0;0;0;0;0;0;0;0;0;0
FR;5;2021-09-26;0;0;0;0;0;0;0;0;0;0;0;0;0;0;0;0;0;0
FR;5;2021-09-27;0;0;0;0;0;0;0;0;0;0;0;0;0;0;0;0;0;0
FR;5;2021-09-28;0;0;0;0;0;0;0;0;0;0;0;0;0;0;0;0;0;0
FR;5;2021-09-29;0;0;0;0;0;0;0;0;0;0;0;0;0;0;0;0;0;0
FR;5;2021-09-30;0;0;0;0;0;0;0;0;0;0;0;0;0;0;0;0;0;0
FR;5;2021-10-01;0;0;0;0;0;0;0;0;0;0;0;0;0;0;0;0;0;0
FR;5;2021-10-02;0;0;0;0;0;0;0;0;0;0;0;0;0;0;0;0;0;0
FR;5;2021-10-03;0;0;0;0;0;0;0;0;0;0;0;0;0;0;0;0;0;0
FR;5;2021-10-04;0;0;0;0;0;0;0;0;0;0;0;0;0;0;0;0;0;0
FR;5;2021-10-05;0;0;0;0;0;0;0;0;0;0;0;0;0;0;0;0;0;0
FR;5;2021-10-06;0;0;0;0;0;0;0;0;0;0;0;0;0;0;0;0;0;0
FR;5;2021-10-07;0;0;0;0;0;0;0;0;0;0;0;0;0;0;0;0;0;0
FR;5;2021-10-08;0;0;0;0;0;0;0;0;0;0;0;0;0;0;0;0;0;0
FR;5;2021-10-09;0;0;0;0;0;0;0;0;0;0;0;0;0;0;0;0;0;0
FR;5;2021-10-10;0;0;0;0;0;0;0;0;0;0;0;0;0;0;0;0;0;0
FR;5;2021-10-11;0;0;0;0;0;0;0;0;0;0;0;0;0;0;0;0;0;0
FR;5;2021-10-12;0;0;0;0;0;0;0;0;0;0;0;0;0;0;0;0;0;0
FR;5;2021-10-13;0;0;0;0;0;0;0;0;0;0;0;0;0;0;0;0;0;0
FR;5;2021-10-14;0;0;0;0;0;0;0;0;0;0;0;0;0;0;0;0;0;0
FR;5;2021-10-15;0;0;0;0;0;0;0;0;0;0;0;0;0;0;0;0;0;0
FR;5;2021-10-16;0;0;0;0;0;0;0;0;0;0;0;0;0;0;0;0;0;0
FR;5;2021-10-17;0;0;0;0;0;0;0;0;0;0;0;0;0;0;0;0;0;0
FR;5;2021-10-18;0;0;0;0;0;0;0;0;0;0;0;0;0;0;0;0;0;0
FR;5;2021-10-19;0;0;0;0;0;0;0;0;0;0;0;0;0;0;0;0;0;0
FR;5;2021-10-20;0;0;0;0;0;0;0;0;0;0;0;0;0;0;0;0;0;0
FR;5;2021-10-21;0;0;0;0;0;0;0;0;0;0;0;0;0;0;0;0;0;0
FR;5;2021-10-22;0;0;0;0;0;0;0;0;0;0;0;0;0;0;0;0;0;0
FR;5;2021-10-23;0;0;0;0;0;0;0;0;0;0;0;0;0;0;0;0;0;0
FR;5;2021-10-24;0;0;0;0;0;0;0;0;0;0;0;0;0;0;0;0;0;0
FR;5;2021-10-25;0;0;0;0;0;0;0;0;0;0;0;0;0;0;0;0;0;0
FR;5;2021-10-26;0;0;0;0;0;0;0;0;0;0;0;0;0;0;0;0;0;0
FR;5;2021-10-27;0;0;0;0;0;0;0;0;0;0;0;0;0;0;0;0;0;0
FR;5;2021-10-28;0;0;0;0;0;0;0;0;0;0;0;0;0;0;0;0;0;0
FR;5;2021-10-29;0;0;0;0;0;0;0;0;0;0;0;0;0;0;0;0;0;0
FR;5;2021-10-30;0;0;0;0;0;0;0;0;0;0;0;0;0;0;0;0;0;0
FR;5;2021-10-31;0;0;0;0;0;0;0;0;0;0;0;0;0;0;0;0;0;0
FR;5;2021-11-01;0;0;0;0;0;0;0;0;0;0;0;0;0;0;0;0;0;0
FR;5;2021-11-02;0;0;0;0;0;0;0;0;0;0;0;0;0;0;0;0;0;0
FR;5;2021-11-03;0;0;0;0;0;0;0;0;0;0;0;0;0;0;0;0;0;0
FR;5;2021-11-04;0;0;0;0;0;0;0;0;0;0;0;0;0;0;0;0;0;0
FR;5;2021-11-05;0;0;0;0;0;0;0;0;0;0;0;0;0;0;0;0;0;0
FR;5;2021-11-06;0;0;0;0;0;0;0;0;0;0;0;0;0;0;0;0;0;0
FR;5;2021-11-07;0;0;0;0;0;0;0;0;0;0;0;0;0;0;0;0;0;0
FR;5;2021-11-08;0;0;0;0;0;0;0;0;0;0;0;0;0;0;0;0;0;0
FR;5;2021-11-09;0;0;0;0;0;0;0;0;0;0;0;0;0;0;0;0;0;0
FR;5;2021-11-10;0;0;0;0;0;0;0;0;0;0;0;0;0;0;0;0;0;0
FR;5;2021-11-11;0;0;0;0;0;0;0;0;0;0;0;0;0;0;0;0;0;0
FR;5;2021-11-12;0;0;0;0;0;0;0;0;0;0;0;0;0;0;0;0;0;0
FR;5;2021-11-13;0;0;0;0;0;0;0;0;0;0;0;0;0;0;0;0;0;0
FR;5;2021-11-14;0;0;0;0;0;0;0;0;0;0;0;0;0;0;0;0;0;0
FR;5;2021-11-15;0;0;0;0;0;0;0;0;0;0;0;0;0;0;0;0;0;0
FR;5;2021-11-16;0;0;0;0;0;0;0;0;0;0;0;0;0;0;0;0;0;0
FR;5;2021-11-17;0;0;0;0;0;0;0;0;0;0;0;0;0;0;0;0;0;0
FR;5;2021-11-18;0;0;0;0;0;0;0;0;0;0;0;0;0;0;0;0;0;0
FR;5;2021-11-19;0;0;0;0;0;0;0;0;0;0;0;0;0;0;0;0;0;0
FR;5;2021-11-20;0;0;0;0;0;0;0;0;0;0;0;0;0;0;0;0;0;0
FR;5;2021-11-21;0;0;0;0;0;0;0;0;0;0;0;0;0;0;0;0;0;0
FR;5;2021-11-22;0;0;0;0;0;0;0;0;0;0;0;0;0;0;0;0;0;0
FR;5;2021-11-23;0;0;0;0;0;0;0;0;0;0;0;0;0;0;0;0;0;0
FR;5;2021-11-24;0;0;0;0;0;0;0;0;0;0;0;0;0;0;0;0;0;0
FR;5;2021-11-25;0;0;0;0;0;0;0;0;0;0;0;0;0;0;0;0;0;0
FR;5;2021-11-26;0;0;0;0;0;0;0;0;0;0;0;0;0;0;0;0;0;0
FR;5;2021-11-27;0;0;0;0;0;0;0;0;0;0;0;0;0;0;0;0;0;0
FR;5;2021-11-28;0;0;0;0;0;0;0;0;0;0;0;0;0;0;0;0;0;0
FR;5;2021-11-29;0;0;0;0;0;0;0;0;0;0;0;0;0;0;0;0;0;0
FR;5;2021-11-30;0;0;0;0;0;0;0;0;0;0;0;0;0;0;0;0;0;0
FR;5;2021-12-01;0;0;0;0;0;0;0;0;0;0;0;0;0;0;0;0;0;0
FR;5;2021-12-02;0;0;0;0;0;0;0;0;0;0;0;0;0;0;0;0;0;0
FR;5;2021-12-03;0;0;0;0;0;0;0;0;0;0;0;0;0;0;0;0;0;0
FR;5;2021-12-04;0;0;0;0;0;0;0;0;0;0;0;0;0;0;0;0;0;0
FR;5;2021-12-05;0;0;0;0;0;0;0;0;0;0;0;0;0;0;0;0;0;0
FR;5;2021-12-06;0;0;0;0;0;0;0;0;0;0;0;0;0;0;0;0;0;0
FR;5;2021-12-07;0;0;0;0;0;0;0;0;0;0;0;0;0;0;0;0;0;0
FR;5;2021-12-08;0;0;0;0;0;0;0;0;0;0;0;0;0;0;0;0;0;0
FR;5;2021-12-09;0;0;0;0;0;0;0;0;0;0;0;0;0;0;0;0;0;0
FR;5;2021-12-10;0;0;0;0;0;0;0;0;0;0;0;0;0;0;0;0;0;0
FR;5;2021-12-11;0;0;0;0;0;0;0;0;0;0;0;0;0;0;0;0;0;0
FR;5;2021-12-12;0;0;0;0;0;0;0;0;0;0;0;0;0;0;0;0;0;0
FR;5;2021-12-13;0;0;0;0;0;0;0;0;0;0;0;0;0;0;0;0;0;0
FR;5;2021-12-14;33;45;77;0;27;88;1;0;0;33;45;77;0;27;88;1;0;0
FR;5;2021-12-15;196;44;37;0;42;49;0;0;0;229;89;114;0;69;137;1;0;0
FR;5;2021-12-16;181;21;44;0;38;48;0;0;0;410;110;158;0;107;185;1;0;0
FR;5;2021-12-17;313;16;72;0;34;74;2;0;0;723;126;230;0;141;259;3;0;0
FR;5;2021-12-18;766;24;22;0;67;29;0;0;0;1489;150;252;0;208;288;3;0;0
FR;5;2021-12-19;585;15;15;0;67;17;0;0;0;2074;165;267;0;275;305;3;0;0
FR;5;2021-12-20;1225;31;34;0;134;37;2;0;0;3299;196;301;0;409;342;5;0;0
FR;5;2021-12-21;1535;22;54;1;141;60;0;0;0;4834;218;355;1;550;402;5;0;0
FR;5;2021-12-22;4069;40;37;0;420;46;2;0;0;8903;258;392;1;970;448;7;0;0
FR;5;2021-12-23;3042;16;21;0;304;25;0;0;0;11945;274;413;1;1274;473;7;0;0
FR;5;2021-12-24;761;18;9;0;103;14;0;0;0;12706;292;422;1;1377;487;7;0;0
FR;5;2021-12-25;61;5;2;0;9;3;0;0;0;12767;297;424;1;1386;490;7;0;0
FR;5;2021-12-26;623;6;3;0;101;4;0;0;0;13390;303;427;1;1487;494;7;0;0
FR;5;2021-12-27;4085;25;21;0;458;23;1;0;0;17475;328;448;1;1945;517;8;0;0
FR;5;2021-12-28;5204;23;41;1;512;43;2;0;0;22679;351;489;2;2457;560;10;0;0
FR;5;2021-12-29;8105;34;66;1;886;69;0;0;0;30784;385;555;3;3343;629;10;0;0
FR;5;2021-12-30;5173;18;33;0;525;39;0;0;0;35957;403;588;3;3868;668;10;0;0
FR;5;2021-12-31;1553;8;10;0;182;11;0;0;0;37510;411;598;3;4050;679;10;0;0
FR;5;2022-01-01;186;2;2;0;24;3;0;0;0;37696;413;600;3;4074;682;10;0;0
FR;5;2022-01-02;1490;1;1;0;152;1;0;0;0;39186;414;601;3;4226;683;10;0;0
FR;5;2022-01-03;3068;36;34;0;321;33;1;0;0;42254;450;635;3;4547;716;11;0;0
FR;5;2022-01-04;3034;39;33;0;320;42;3;0;0;45288;489;668;3;4867;758;14;0;0
FR;5;2022-01-05;19324;203;97;1;2114;108;0;0;0;64612;692;765;4;6981;866;14;0;0
FR;5;2022-01-06;3748;134;122;0;507;142;2;0;0;68360;826;887;4;7488;1008;16;0;0
FR;5;2022-01-07;5006;202;48;2;702;56;1;0;0;73366;1028;935;6;8190;1064;17;0;0
FR;5;2022-01-08;13659;514;45;0;1999;52;0;0;0;87025;1542;980;6;10189;1116;17;0;0
FR;5;2022-01-09;5754;399;15;0;1113;20;1;0;0;92779;1941;995;6;11302;1136;18;0;0
FR;5;2022-01-10;3455;326;25;0;732;29;0;0;0;96234;2267;1020;6;12034;1165;18;0;0
FR;5;2022-01-11;3671;284;38;0;662;41;1;0;0;99905;2551;1058;6;12696;1206;19;0;0
FR;5;2022-01-12;22650;3005;89;0;5296;112;2;0;0;122555;5556;1147;6;17992;1318;21;0;0
FR;5;2022-01-13;4039;623;29;0;1051;31;2;0;0;126594;6179;1176;6;19043;1349;23;0;0
FR;5;2022-01-14;4843;583;45;0;1115;52;1;0;0;131437;6762;1221;6;20158;1401;24;0;0
FR;5;2022-01-15;14686;1746;38;3;3374;49;3;0;0;146123;8508;1259;9;23532;1450;27;0;0
FR;5;2022-01-16;4728;666;3;0;1260;5;0;0;0;150851;9174;1262;9;24792;1455;27;0;0
FR;5;2022-01-17;2297;718;26;0;986;29;0;0;0;153148;9892;1288;9;25778;1484;27;0;0
FR;5;2022-01-18;2431;870;30;0;1141;40;0;0;0;155579;10762;1318;9;26919;1524;27;0;0
FR;5;2022-01-19;18482;6423;74;2;8364;142;3;0;0;174061;17185;1392;11;35283;1666;30;0;0
FR;5;2022-01-20;1920;1067;25;0;1295;34;2;0;0;175981;18252;1417;11;36578;1700;32;0;0
FR;5;2022-01-21;3077;1372;47;1;1676;59;2;0;0;179058;19624;1464;12;38254;1759;34;0;0
FR;5;2022-01-22;10720;3454;33;1;4670;43;1;0;0;189778;23078;1497;13;42924;1802;35;0;0
FR;5;2022-01-23;2629;1415;6;0;1788;10;0;0;0;192407;24493;1503;13;44712;1812;35;0;0
FR;5;2022-01-24;1161;1340;19;0;1446;23;1;0;0;193568;25833;1522;13;46158;1835;36;0;0
FR;5;2022-01-25;1220;1549;20;2;1682;31;3;0;0;194788;27382;1542;15;47840;1866;39;0;0
FR;5;2022-01-26;10748;12032;50;1;13299;89;1;0;1;205536;39414;1592;16;61139;1955;40;0;1
FR;5;2022-01-27;1291;1693;10;0;1838;17;0;0;0;206827;41107;1602;16;62977;1972;40;0;1
FR;5;2022-01-28;1699;3346;16;0;3566;19;1;0;0;208526;44453;1618;16;66543;1991;41;0;1
FR;5;2022-01-29;6241;8041;68;0;8855;96;2;0;0;214767;52494;1686;16;75398;2087;43;0;1
FR;5;2022-01-30;1509;2950;5;0;3185;18;0;0;0;216276;55444;1691;16;78583;2105;43;0;1
FR;5;2022-01-31;589;1773;23;0;1837;24;3;0;0;216865;57217;1714;16;80420;2129;46;0;1
FR;5;2022-02-01;712;1706;10;0;1791;15;0;0;0;217577;58923;1724;16;82211;2144;46;0;1
FR;5;2022-02-02;6958;15655;52;0;16603;94;0;0;0;224535;74578;1776;16;98814;2238;46;0;1
FR;5;2022-02-03;491;1691;14;0;1748;13;5;0;0;225026;76269;1790;16;100562;2251;51;0;1
FR;5;2022-02-04;945;3002;19;0;3123;31;0;0;0;225971;79271;1809;16;103685;2282;51;0;1
FR;5;2022-02-05;3535;8919;23;0;9517;37;0;0;0;229506;88190;1832;16;113202;2319;51;0;1
FR;5;2022-02-06;737;2397;10;0;2556;19;0;0;0;230243;90587;1842;16;115758;2338;51;0;1
FR;5;2022-02-07;884;1596;23;0;1715;25;2;0;0;231127;92183;1865;16;117473;2363;53;0;1
FR;5;2022-02-08;725;1287;18;0;1407;20;2;0;0;231852;93470;1883;16;118880;2383;55;0;1
FR;5;2022-02-09;4544;12880;44;0;13608;76;1;0;0;236396;106350;1927;16;132488;2459;56;0;1
FR;5;2022-02-10;646;1059;14;0;1166;15;0;0;0;237042;107409;1941;16;133654;2474;56;0;1
FR;5;2022-02-11;793;2032;16;0;2163;21;1;0;0;237835;109441;1957;16;135817;2495;57;0;1
FR;5;2022-02-12;2286;6812;33;0;7279;53;0;0;0;240121;116253;1990;16;143096;2548;57;0;1
FR;5;2022-02-13;464;1540;8;0;1653;8;1;0;0;240585;117793;1998;16;144749;2556;58;0;1
FR;5;2022-02-14;678;1288;10;0;1407;13;1;0;0;241263;119081;2008;16;146156;2569;59;0;1
FR;5;2022-02-15;482;886;9;0;968;14;1;0;0;241745;119967;2017;16;147124;2583;60;0;1
FR;5;2022-02-16;2980;9124;41;1;9676;58;2;0;0;244725;129091;2058;17;156800;2641;62;0;1
FR;5;2022-02-17;436;809;6;0;876;7;1;0;0;245161;129900;2064;17;157676;2648;63;0;1
FR;5;2022-02-18;649;1408;13;0;1535;17;0;0;0;245810;131308;2077;17;159211;2665;63;0;1
FR;5;2022-02-19;1373;4315;16;0;4623;28;0;0;0;247183;135623;2093;17;163834;2693;63;0;1
FR;5;2022-02-20;247;879;6;0;941;8;0;0;0;247430;136502;2099;17;164775;2701;63;0;1
FR;5;2022-02-21;221;607;2;0;661;4;1;0;0;247651;137109;2101;17;165436;2705;64;0;1
FR;5;2022-02-22;262;545;17;0;591;17;1;0;0;247913;137654;2118;17;166027;2722;65;0;1
FR;5;2022-02-23;1909;6926;23;1;7346;43;0;0;0;249822;144580;2141;18;173373;2765;65;0;1
FR;5;2022-02-24;182;374;6;1;421;7;1;0;0;250004;144954;2147;19;173794;2772;66;0;1
FR;5;2022-02-25;336;950;13;0;1027;12;2;0;0;250340;145904;2160;19;174821;2784;68;0;1
FR;5;2022-02-26;972;3071;11;0;3333;15;2;0;0;251312;148975;2171;19;178154;2799;70;0;1
FR;5;2022-02-27;151;506;0;0;549;3;0;0;0;251463;149481;2171;19;178703;2802;70;0;1
FR;5;2022-02-28;162;369;1;0;408;1;0;0;0;251625;149850;2172;19;179111;2803;70;0;1
FR;5;2022-03-01;130;280;6;0;315;7;1;0;0;251755;150130;2178;19;179426;2810;71;0;1
FR;5;2022-03-02;1242;4156;28;3;4497;40;3;0;0;252997;154286;2206;22;183923;2850;74;0;1
FR;5;2022-03-03;121;251;5;0;271;10;1;0;0;253118;154537;2211;22;184194;2860;75;0;1
FR;5;2022-03-04;197;488;13;0;538;14;2;0;0;253315;155025;2224;22;184732;2874;77;0;1
FR;5;2022-03-05;677;1990;8;0;2244;16;2;0;0;253992;157015;2232;22;186976;2890;79;0;1
FR;5;2022-03-06;108;260;0;0;310;0;0;0;0;254100;157275;2232;22;187286;2890;79;0;1
FR;5;2022-03-07;71;228;5;0;254;3;2;0;0;254171;157503;2237;22;187540;2893;81;0;1
FR;5;2022-03-08;46;134;7;1;141;8;3;0;0;254217;157637;2244;23;187681;2901;84;0;1
FR;5;2022-03-09;910;3078;24;0;3408;36;0;0;0;255127;160715;2268;23;191089;2937;84;0;1
FR;5;2022-03-10;82;202;9;0;215;13;3;0;0;255209;160917;2277;23;191304;2950;87;0;1
FR;5;2022-03-11;148;369;13;1;427;15;0;0;0;255357;161286;2290;24;191731;2965;87;0;1
FR;5;2022-03-12;758;1613;13;1;1976;30;0;0;0;256115;162899;2303;25;193707;2995;87;0;1
FR;5;2022-03-13;78;100;0;0;133;0;0;0;0;256193;162999;2303;25;193840;2995;87;0;1
FR;5;2022-03-14;67;119;7;1;139;7;1;0;0;256260;163118;2310;26;193979;3002;88;0;1
FR;5;2022-03-15;83;99;4;0;119;7;1;0;0;256343;163217;2314;26;194098;3009;89;0;1
FR;5;2022-03-16;882;1827;15;3;2227;36;7;0;0;257225;165044;2329;29;196325;3045;96;0;1
FR;5;2022-03-17;68;123;8;4;151;10;4;0;0;257293;165167;2337;33;196476;3055;100;0;1
FR;5;2022-03-18;172;318;13;4;390;18;4;0;0;257465;165485;2350;37;196866;3073;104;0;1
FR;5;2022-03-19;752;1163;12;5;1555;33;8;0;0;258217;166648;2362;42;198421;3106;112;0;1
FR;5;2022-03-20;45;93;1;0;119;1;0;0;0;258262;166741;2363;42;198540;3107;112;0;1
FR;5;2022-03-21;71;120;10;6;136;15;8;0;0;258333;166861;2373;48;198676;3122;120;0;1
FR;5;2022-03-22;56;119;8;7;143;9;6;0;0;258389;166980;2381;55;198819;3131;126;0;1
FR;5;2022-03-23;805;1461;14;8;1878;36;9;0;0;259194;168441;2395;63;200697;3167;135;0;1
FR;5;2022-03-24;71;93;8;7;118;7;10;0;0;259265;168534;2403;70;200815;3174;145;0;1
FR;5;2022-03-25;222;293;14;8;388;18;9;0;0;259487;168827;2417;78;201203;3192;154;0;1
FR;5;2022-03-26;707;853;12;5;1273;26;6;0;1;260194;169680;2429;83;202476;3218;160;0;2
FR;5;2022-03-27;75;81;0;0;124;3;0;0;0;260269;169761;2429;83;202600;3221;160;0;2
FR;5;2022-03-28;81;93;1;2;132;3;2;0;0;260350;169854;2430;85;202732;3224;162;0;2
FR;5;2022-03-29;71;82;10;4;113;12;5;0;0;260421;169936;2440;89;202845;3236;167;0;2
FR;5;2022-03-30;823;1116;16;13;1604;29;14;0;0;261244;171052;2456;102;204449;3265;181;0;2
FR;5;2022-03-31;102;125;1;4;173;6;4;0;0;261346;171177;2457;106;204622;3271;185;0;2
FR;5;2022-04-01;114;86;7;12;135;11;12;0;1;261460;171263;2464;118;204757;3282;197;0;3
FR;5;2022-04-02;330;349;3;3;535;15;4;0;0;261790;171612;2467;121;205292;3297;201;0;3
FR;5;2022-04-03;54;59;1;0;88;1;0;0;0;261844;171671;2468;121;205380;3298;201;0;3
FR;5;2022-04-04;40;57;4;1;70;8;2;0;0;261884;171728;2472;122;205450;3306;203;0;3
FR;5;2022-04-05;53;60;6;6;75;9;5;0;0;261937;171788;2478;128;205525;3315;208;0;3
FR;5;2022-04-06;421;439;7;14;678;16;14;0;0;262358;172227;2485;142;206203;3331;222;0;3
FR;5;2022-04-07;45;69;5;7;89;7;10;0;0;262403;172296;2490;149;206292;3338;232;0;3
FR;5;2022-04-08;134;112;12;13;174;14;15;0;0;262537;172408;2502;162;206466;3352;247;0;3
FR;5;2022-04-09;311;324;2;5;511;17;5;0;0;262848;172732;2504;167;206977;3369;252;0;3
FR;5;2022-04-10;44;31;2;0;61;2;1;0;0;262892;172763;2506;167;207038;3371;253;0;3
FR;5;2022-04-11;50;60;3;2;78;4;3;0;0;262942;172823;2509;169;207116;3375;256;0;3
FR;5;2022-04-12;59;54;3;3;78;5;3;0;0;263001;172877;2512;172;207194;3380;259;0;3
FR;5;2022-04-13;382;413;3;8;606;16;8;0;0;263383;173290;2515;180;207800;3396;267;0;3
FR;5;2022-04-14;48;53;5;5;70;9;3;0;0;263431;173343;2520;185;207870;3405;270;0;3
FR;5;2022-04-15;91;109;4;4;150;5;6;0;0;263522;173452;2524;189;208020;3410;276;0;3
FR;5;2022-04-16;188;184;2;1;265;13;1;0;0;263710;173636;2526;190;208285;3423;277;0;3
FR;5;2022-04-17;12;11;1;0;17;1;0;0;0;263722;173647;2527;190;208302;3424;277;0;3
FR;5;2022-04-18;9;10;2;0;11;3;1;0;0;263731;173657;2529;190;208313;3427;278;0;3
FR;5;2022-04-19;75;71;6;1;96;6;4;0;0;263806;173728;2535;191;208409;3433;282;0;3
FR;5;2022-04-20;361;349;9;6;522;12;7;0;0;264167;174077;2544;197;208931;3445;289;0;3
FR;5;2022-04-21;42;64;9;10;71;12;14;0;0;264209;174141;2553;207;209002;3457;303;0;3
FR;5;2022-04-22;113;96;5;4;144;5;5;0;0;264322;174237;2558;211;209146;3462;308;0;3
FR;5;2022-04-23;209;193;4;2;284;11;3;0;0;264531;174430;2562;213;209430;3473;311;0;3
FR;5;2022-04-24;37;35;0;0;50;3;0;0;0;264568;174465;2562;213;209480;3476;311;0;3
FR;5;2022-04-25;69;65;1;1;102;4;1;0;0;264637;174530;2563;214;209582;3480;312;0;3
FR;5;2022-04-26;60;63;2;1;85;5;1;0;0;264697;174593;2565;215;209667;3485;313;0;3
FR;5;2022-04-27;335;316;3;7;463;14;8;0;0;265032;174909;2568;222;210130;3499;321;0;3
FR;5;2022-04-28;81;54;4;5;81;8;7;0;0;265113;174963;2572;227;210211;3507;328;0;3
FR;5;2022-04-29;117;84;5;19;117;12;17;0;0;265230;175047;2577;246;210328;3519;345;0;3
FR;5;2022-04-30;183;114;2;3;184;10;4;0;0;265413;175161;2579;249;210512;3529;349;0;3
FR;5;2022-05-01;11;7;0;0;11;0;0;0;0;265424;175168;2579;249;210523;3529;349;0;3
FR;5;2022-05-02;52;28;4;5;48;2;7;0;0;265476;175196;2583;254;210571;3531;356;0;3
FR;5;2022-05-03;87;57;2;4;84;11;4;0;0;265563;175253;2585;258;210655;3542;360;0;3
FR;5;2022-05-04;278;205;1;2;324;7;2;0;0;265841;175458;2586;260;210979;3549;362;0;3
FR;5;2022-05-05;62;32;3;4;46;5;4;0;0;265903;175490;2589;264;211025;3554;366;0;3
FR;5;2022-05-06;105;65;2;3;106;5;3;0;0;266008;175555;2591;267;211131;3559;369;0;3
FR;5;2022-05-07;171;117;2;10;180;13;7;0;0;266179;175672;2593;277;211311;3572;376;0;3
FR;5;2022-05-08;8;8;0;0;9;2;0;0;0;266187;175680;2593;277;211320;3574;376;0;3
FR;5;2022-05-09;44;34;15;3;51;16;4;0;0;266231;175714;2608;280;211371;3590;380;0;3
FR;5;2022-05-10;54;49;3;4;67;5;5;0;0;266285;175763;2611;284;211438;3595;385;0;3
FR;5;2022-05-11;327;237;12;7;344;21;11;0;0;266612;176000;2623;291;211782;3616;396;0;3
FR;5;2022-05-12;46;34;2;2;47;2;3;0;0;266658;176034;2625;293;211829;3618;399;0;3
FR;5;2022-05-13;109;83;3;8;119;8;7;0;0;266767;176117;2628;301;211948;3626;406;0;3
FR;5;2022-05-14;209;131;0;1;212;8;0;0;0;266976;176248;2628;302;212160;3634;406;0;3
FR;5;2022-05-15;22;9;2;0;18;1;1;0;0;266998;176257;2630;302;212178;3635;407;0;3
FR;5;2022-05-16;52;34;4;5;53;4;5;0;0;267050;176291;2634;307;212231;3639;412;0;3
FR;5;2022-05-17;72;40;5;0;68;2;3;0;0;267122;176331;2639;307;212299;3641;415;0;3
FR;5;2022-05-18;289;215;4;4;330;8;6;0;0;267411;176546;2643;311;212629;3649;421;0;3
FR;5;2022-05-19;45;35;5;3;42;3;4;0;0;267456;176581;2648;314;212671;3652;425;0;3
FR;5;2022-05-20;76;63;3;10;92;1;11;0;0;267532;176644;2651;324;212763;3653;436;0;3
FR;5;2022-05-21;242;166;2;3;268;17;1;0;0;267774;176810;2653;327;213031;3670;437;0;3
FR;5;2022-05-22;20;14;2;5;20;2;6;0;0;267794;176824;2655;332;213051;3672;443;0;3
FR;5;2022-05-23;42;31;4;3;42;6;3;0;0;267836;176855;2659;335;213093;3678;446;0;3
FR;5;2022-05-24;47;45;3;2;60;5;2;0;0;267883;176900;2662;337;213153;3683;448;0;3
FR;5;2022-05-25;329;257;4;1;385;16;1;0;0;268212;177157;2666;338;213538;3699;449;0;3
FR;5;2022-05-26;17;5;0;1;9;2;0;0;1;268229;177162;2666;339;213547;3701;449;0;4
FR;5;2022-05-27;99;54;4;4;89;9;3;0;0;268328;177216;2670;343;213636;3710;452;0;4
FR;5;2022-05-28;100;78;5;3;106;10;3;0;0;268428;177294;2675;346;213742;3720;455;0;4
FR;5;2022-05-29;14;14;1;0;18;2;0;0;0;268442;177308;2676;346;213760;3722;455;0;4
FR;5;2022-05-30;56;41;2;1;54;2;2;0;0;268498;177349;2678;347;213814;3724;457;0;4
FR;5;2022-05-31;57;43;1;8;62;1;8;0;0;268555;177392;2679;355;213876;3725;465;0;4
FR;5;2022-06-01;257;241;9;2;301;25;5;0;0;268812;177633;2688;357;214177;3750;470;0;4
FR;5;2022-06-02;63;61;5;0;73;9;1;0;0;268875;177694;2693;357;214250;3759;471;0;4
FR;5;2022-06-03;82;71;4;5;88;10;6;0;0;268957;177765;2697;362;214338;3769;477;0;4
FR;5;2022-06-04;157;109;2;1;187;9;1;0;0;269114;177874;2699;363;214525;3778;478;0;4
FR;5;2022-06-05;18;11;0;0;21;1;0;0;0;269132;177885;2699;363;214546;3779;478;0;4
FR;5;2022-06-06;16;12;0;1;15;0;1;0;0;269148;177897;2699;364;214561;3779;479;0;4
FR;5;2022-06-07;50;56;1;1;76;2;1;0;0;269198;177953;2700;365;214637;3781;480;0;4
FR;5;2022-06-08;283;225;3;4;332;17;2;0;0;269481;178178;2703;369;214969;3798;482;0;4
FR;5;2022-06-09;52;41;6;3;57;7;2;0;1;269533;178219;2709;372;215026;3805;484;0;5
FR;5;2022-06-10;81;72;1;1;105;6;1;0;0;269614;178291;2710;373;215131;3811;485;0;5
FR;5;2022-06-11;173;141;3;3;202;10;4;0;0;269787;178432;2713;376;215333;3821;489;0;5
FR;5;2022-06-12;17;16;0;0;19;2;0;0;0;269804;178448;2713;376;215352;3823;489;0;5
FR;5;2022-06-13;56;47;9;3;70;10;6;0;0;269860;178495;2722;379;215422;3833;495;0;5
FR;5;2022-06-14;59;56;1;4;64;6;4;0;0;269919;178551;2723;383;215486;3839;499;0;5
FR;5;2022-06-15;266;260;5;2;363;27;1;0;0;270185;178811;2728;385;215849;3866;500;0;5
FR;5;2022-06-16;47;30;5;2;44;5;2;0;0;270232;178841;2733;387;215893;3871;502;0;5
FR;5;2022-06-17;100;67;5;5;102;10;5;0;0;270332;178908;2738;392;215995;3881;507;0;5
FR;5;2022-06-18;146;95;10;2;152;26;2;0;1;270478;179003;2748;394;216147;3907;509;0;6
FR;5;2022-06-19;26;15;0;1;18;4;1;0;0;270504;179018;2748;395;216165;3911;510;0;6
FR;5;2022-06-20;56;50;8;0;62;11;2;0;0;270560;179068;2756;395;216227;3922;512;0;6
FR;5;2022-06-21;52;73;5;3;90;7;5;0;1;270612;179141;2761;398;216317;3929;517;0;7
FR;5;2022-06-22;224;247;7;9;347;33;10;0;0;270836;179388;2768;407;216664;3962;527;0;7
FR;5;2022-06-23;50;38;2;5;43;6;6;0;0;270886;179426;2770;412;216707;3968;533;0;7
FR;5;2022-06-24;91;70;12;5;101;16;8;0;0;270977;179496;2782;417;216808;3984;541;0;7
FR;5;2022-06-25;154;124;3;7;185;14;8;0;1;271131;179620;2785;424;216993;3998;549;0;8
FR;5;2022-06-26;26;19;2;0;29;5;0;0;0;271157;179639;2787;424;217022;4003;549;0;8
FR;5;2022-06-27;57;60;5;7;78;11;9;0;0;271214;179699;2792;431;217100;4014;558;0;8
FR;5;2022-06-28;70;49;8;2;69;14;5;0;0;271284;179748;2800;433;217169;4028;563;0;8
FR;5;2022-06-29;297;268;9;21;391;34;23;0;0;271581;180016;2809;454;217560;4062;586;0;8
FR;5;2022-06-30;89;57;10;12;89;17;11;0;0;271670;180073;2819;466;217649;4079;597;0;8
FR;5;2022-07-01;127;65;7;11;118;12;11;0;2;271797;180138;2826;477;217767;4091;608;0;10
FR;5;2022-07-02;191;132;4;0;209;22;0;0;0;271988;180270;2830;477;217976;4113;608;0;10
FR;5;2022-07-03;30;25;1;0;36;4;0;0;0;272018;180295;2831;477;218012;4117;608;0;10
FR;5;2022-07-04;103;65;2;5;102;7;5;0;1;272121;180360;2833;482;218114;4124;613;0;11
FR;5;2022-07-05;104;72;3;8;107;13;8;0;1;272225;180432;2836;490;218221;4137;621;0;12
FR;5;2022-07-06;277;168;9;36;289;27;36;0;0;272502;180600;2845;526;218510;4164;657;0;12
FR;5;2022-07-07;88;69;6;9;89;13;11;0;0;272590;180669;2851;535;218599;4177;668;0;12
FR;5;2022-07-08;152;120;7;14;146;25;13;0;1;272742;180789;2858;549;218745;4202;681;0;13
FR;5;2022-07-09;116;68;1;8;100;10;8;0;0;272858;180857;2859;557;218845;4212;689;0;13
FR;5;2022-07-10;15;6;0;0;10;1;0;0;0;272873;180863;2859;557;218855;4213;689;0;13
FR;5;2022-07-11;92;72;10;2;98;19;3;0;0;272965;180935;2869;559;218953;4232;692;0;13
FR;5;2022-07-12;67;63;5;10;81;7;12;0;0;273032;180998;2874;569;219034;4239;704;0;13
FR;5;2022-07-13;169;118;10;19;196;16;23;0;0;273201;181116;2884;588;219230;4255;727;0;13
FR;5;2022-07-14;8;4;0;0;7;0;0;0;0;273209;181120;2884;588;219237;4255;727;0;13
FR;5;2022-07-15;74;66;5;14;86;15;15;0;0;273283;181186;2889;602;219323;4270;742;0;13
FR;5;2022-07-16;54;44;3;0;71;3;2;0;0;273337;181230;2892;602;219394;4273;744;0;13
FR;5;2022-07-17;10;7;3;0;10;2;2;0;0;273347;181237;2895;602;219404;4275;746;0;13
FR;5;2022-07-18;60;47;0;4;70;4;3;0;0;273407;181284;2895;606;219474;4279;749;0;13
FR;5;2022-07-19;63;42;5;3;63;7;4;0;0;273470;181326;2900;609;219537;4286;753;0;13
FR;5;2022-07-20;119;106;4;11;141;14;9;0;0;273589;181432;2904;620;219678;4300;762;0;13
FR;5;2022-07-21;38;43;2;10;52;5;10;0;0;273627;181475;2906;630;219730;4305;772;0;13
FR;5;2022-07-22;48;69;11;13;75;23;11;0;1;273675;181544;2917;643;219805;4328;783;0;14
FR;5;2022-07-23;59;78;2;1;95;11;2;0;0;273734;181622;2919;644;219900;4339;785;0;14
FR;5;2022-07-24;11;9;3;1;12;3;1;0;0;273745;181631;2922;645;219912;4342;786;0;14
FR;5;2022-07-25;53;48;2;7;57;8;8;0;0;273798;181679;2924;652;219969;4350;794;0;14
FR;5;2022-07-26;58;52;5;41;70;6;44;0;0;273856;181731;2929;693;220039;4356;838;0;14
FR;5;2022-07-27;106;118;4;4;161;13;4;0;0;273962;181849;2933;697;220200;4369;842;0;14
FR;5;2022-07-28;39;35;2;2;47;6;1;0;0;274001;181884;2935;699;220247;4375;843;0;14
FR;5;2022-07-29;56;74;3;14;90;8;10;0;0;274057;181958;2938;713;220337;4383;853;0;14
FR;5;2022-07-30;55;53;5;1;75;7;2;0;0;274112;182011;2943;714;220412;4390;855;0;14
FR;5;2022-07-31;7;11;1;0;13;1;0;0;0;274119;182022;2944;714;220425;4391;855;0;14
FR;5;2022-08-01;39;53;1;2;64;6;2;0;0;274158;182075;2945;716;220489;4397;857;0;14
FR;5;2022-08-02;32;43;8;7;47;8;7;0;1;274190;182118;2953;723;220536;4405;864;0;15
FR;5;2022-08-03;54;51;4;10;70;9;8;0;0;274244;182169;2957;733;220606;4414;872;0;15
FR;5;2022-08-04;20;18;1;6;22;1;6;0;0;274264;182187;2958;739;220628;4415;878;0;15
FR;5;2022-08-05;35;26;3;3;39;3;3;0;0;274299;182213;2961;742;220667;4418;881;0;15
FR;5;2022-08-06;23;26;1;0;31;1;0;0;0;274322;182239;2962;742;220698;4419;881;0;15
FR;5;2022-08-07;2;2;1;0;1;1;1;0;0;274324;182241;2963;742;220699;4420;882;0;15
FR;5;2022-08-08;26;19;1;2;24;2;1;0;0;274350;182260;2964;744;220723;4422;883;0;15
FR;5;2022-08-09;26;28;3;3;35;3;3;0;0;274376;182288;2967;747;220758;4425;886;0;15
FR;5;2022-08-10;47;47;2;0;56;5;0;0;0;274423;182335;2969;747;220814;4430;886;0;15
FR;5;2022-08-11;19;36;2;2;42;5;2;0;0;274442;182371;2971;749;220856;4435;888;0;15
FR;5;2022-08-12;27;28;2;0;39;2;0;0;0;274469;182399;2973;749;220895;4437;888;0;15
FR;5;2022-08-13;16;18;0;0;24;0;0;0;0;274485;182417;2973;749;220919;4437;888;0;15
FR;5;2022-08-14;2;3;0;0;4;0;0;0;0;274487;182420;2973;749;220923;4437;888;0;15
FR;5;2022-08-15;2;5;0;0;5;0;0;0;0;274489;182425;2973;749;220928;4437;888;0;15
FR;5;2022-08-16;33;26;3;0;28;6;0;0;0;274522;182451;2976;749;220956;4443;888;0;15
FR;5;2022-08-17;52;55;2;1;72;1;1;0;0;274574;182506;2978;750;221028;4444;889;0;15
FR;5;2022-08-18;26;18;8;17;25;10;16;0;0;274600;182524;2986;767;221053;4454;905;0;15
FR;5;2022-08-19;25;33;1;2;41;2;2;0;0;274625;182557;2987;769;221094;4456;907;0;15
FR;5;2022-08-20;25;27;2;1;33;4;2;0;0;274650;182584;2989;770;221127;4460;909;0;15
FR;5;2022-08-21;7;4;1;0;7;1;0;0;0;274657;182588;2990;770;221134;4461;909;0;15
FR;5;2022-08-22;39;26;1;6;42;2;5;0;1;274696;182614;2991;776;221176;4463;914;0;16
FR;5;2022-08-23;27;26;1;1;32;2;1;0;0;274723;182640;2992;777;221208;4465;915;0;16
FR;5;2022-08-24;50;43;0;0;62;0;0;0;0;274773;182683;2992;777;221270;4465;915;0;16
FR;5;2022-08-25;27;26;3;1;31;2;0;0;1;274800;182709;2995;778;221301;4467;915;0;17
FR;5;2022-08-26;48;39;7;2;58;5;4;0;0;274848;182748;3002;780;221359;4472;919;0;17
FR;5;2022-08-27;46;28;1;0;46;3;1;0;0;274894;182776;3003;780;221405;4475;920;0;17
FR;5;2022-08-28;5;6;0;0;6;0;0;0;0;274899;182782;3003;780;221411;4475;920;0;17
FR;5;2022-08-29;58;44;1;1;66;4;1;0;0;274957;182826;3004;781;221477;4479;921;0;17
FR;5;2022-08-30;45;23;12;29;40;10;30;0;1;275002;182849;3016;810;221517;4489;951;0;18
FR;5;2022-08-31;53;47;6;1;58;11;1;0;0;275055;182896;3022;811;221575;4500;952;0;18
FR;5;2022-09-01;16;8;1;4;13;1;4;0;0;275071;182904;3023;815;221588;4501;956;0;18
FR;5;2022-09-02;42;23;8;2;35;9;3;0;0;275113;182927;3031;817;221623;4510;959;0;18
FR;5;2022-09-03;69;37;2;0;58;2;0;0;0;275182;182964;3033;817;221681;4512;959;0;18
FR;5;2022-09-04;12;7;1;0;8;3;0;0;0;275194;182971;3034;817;221689;4515;959;0;18
FR;5;2022-09-05;7;4;1;0;4;1;0;0;0;275201;182975;3035;817;221693;4516;959;0;18
FR;5;2022-09-06;21;14;3;15;17;2;14;0;2;275222;182989;3038;832;221710;4518;973;0;20
FR;5;2022-09-07;79;53;1;1;76;3;1;0;0;275301;183042;3039;833;221786;4521;974;0;20
FR;5;2022-09-08;9;4;0;4;7;0;4;0;0;275310;183046;3039;837;221793;4521;978;0;20
FR;5;2022-09-09;40;11;9;2;14;10;3;0;0;275350;183057;3048;839;221807;4531;981;0;20
FR;5;2022-09-10;40;45;1;1;50;8;1;0;0;275390;183102;3049;840;221857;4539;982;0;20
FR;5;2022-09-11;3;3;0;0;3;1;0;0;0;275393;183105;3049;840;221860;4540;982;0;20
FR;5;2022-09-12;7;5;2;2;7;2;2;0;0;275400;183110;3051;842;221867;4542;984;0;20
FR;5;2022-09-13;9;6;0;1;4;3;1;0;0;275409;183116;3051;843;221871;4545;985;0;20
FR;5;2022-09-14;52;47;4;6;55;9;5;0;0;275461;183163;3055;849;221926;4554;990;0;20
FR;5;2022-09-15;11;13;2;3;11;5;3;0;0;275472;183176;3057;852;221937;4559;993;0;20
FR;5;2022-09-16;25;33;1;4;38;3;3;0;0;275497;183209;3058;856;221975;4562;996;0;20
FR;5;2022-09-17;60;43;1;1;51;5;1;0;0;275557;183252;3059;857;222026;4567;997;0;20
FR;5;2022-09-18;9;6;0;1;10;1;0;0;0;275566;183258;3059;858;222036;4568;997;0;20
FR;5;2022-09-19;22;17;2;1;20;5;2;0;0;275588;183275;3061;859;222056;4573;999;0;20
FR;5;2022-09-20;15;11;3;3;15;1;4;0;0;275603;183286;3064;862;222071;4574;1003;0;20
FR;5;2022-09-21;68;45;9;0;65;13;0;0;0;275671;183331;3073;862;222136;4587;1003;0;20
FR;5;2022-09-22;12;6;4;24;6;4;23;0;1;275683;183337;3077;886;222142;4591;1026;0;21
FR;5;2022-09-23;20;25;2;3;23;8;3;0;0;275703;183362;3079;889;222165;4599;1029;0;21
FR;5;2022-09-24;44;51;1;8;65;5;8;0;0;275747;183413;3080;897;222230;4604;1037;0;21
FR;5;2022-09-25;6;12;0;0;13;1;0;0;0;275753;183425;3080;897;222243;4605;1037;0;21
FR;5;2022-09-26;15;7;0;2;12;0;1;0;1;275768;183432;3080;899;222255;4605;1038;0;22
FR;5;2022-09-27;7;12;4;9;14;4;9;0;1;275775;183444;3084;908;222269;4609;1047;0;23
FR;5;2022-09-28;65;64;5;0;88;7;0;0;0;275840;183508;3089;908;222357;4616;1047;0;23
FR;5;2022-09-29;17;9;1;0;15;1;1;0;1;275857;183517;3090;908;222372;4617;1048;0;24
FR;5;2022-09-30;28;46;2;2;53;4;3;0;0;275885;183563;3092;910;222425;4621;1051;0;24
FR;5;2022-10-01;40;35;5;5;48;8;7;0;0;275925;183598;3097;915;222473;4629;1058;0;24
FR;5;2022-10-02;1;9;1;0;10;1;0;0;0;275926;183607;3098;915;222483;4630;1058;0;24
FR;5;2022-10-03;7;6;3;0;5;4;0;0;0;275933;183613;3101;915;222488;4634;1058;0;24
FR;5;2022-10-04;11;8;1;3;11;2;3;0;0;275944;183621;3102;918;222499;4636;1061;0;24
FR;5;2022-10-05;57;62;2;2;79;13;2;0;0;276001;183683;3104;920;222578;4649;1063;0;24
FR;5;2022-10-06;12;10;1;4;15;2;4;0;0;276013;183693;3105;924;222593;4651;1067;0;24
FR;5;2022-10-07;21;31;1;0;34;5;0;0;0;276034;183724;3106;924;222627;4656;1067;0;24
FR;5;2022-10-08;33;51;1;0;54;7;0;0;0;276067;183775;3107;924;222681;4663;1067;0;24
FR;5;2022-10-09;7;10;0;0;11;1;0;0;0;276074;183785;3107;924;222692;4664;1067;0;24
FR;5;2022-10-10;14;6;0;1;8;1;1;0;0;276088;183791;3107;925;222700;4665;1068;0;24
FR;5;2022-10-11;6;13;2;1;14;2;2;0;0;276094;183804;3109;926;222714;4667;1070;0;24
FR;5;2022-10-12;39;57;3;2;69;8;2;0;0;276133;183861;3112;928;222783;4675;1072;0;24
FR;5;2022-10-13;11;16;2;0;18;4;0;0;0;276144;183877;3114;928;222801;4679;1072;0;24
FR;5;2022-10-14;21;21;1;0;20;5;0;0;0;276165;183898;3115;928;222821;4684;1072;0;24
FR;5;2022-10-15;19;26;10;0;24;11;2;0;0;276184;183924;3125;928;222845;4695;1074;0;24
FR;5;2022-10-16;3;1;0;0;1;1;0;0;0;276187;183925;3125;928;222846;4696;1074;0;24
FR;5;2022-10-17;8;8;2;1;8;3;1;0;2;276195;183933;3127;929;222854;4699;1075;0;26
FR;5;2022-10-18;6;7;0;2;8;0;2;0;0;276201;183940;3127;931;222862;4699;1077;0;26
FR;5;2022-10-19;38;43;8;0;52;11;0;0;1;276239;183983;3135;931;222914;4710;1077;0;27
FR;5;2022-10-20;18;15;2;1;16;3;1;0;0;276257;183998;3137;932;222930;4713;1078;0;27
FR;5;2022-10-21;22;15;6;0;19;8;1;0;2;276279;184013;3143;932;222949;4721;1079;0;29
FR;5;2022-10-22;34;29;2;12;32;5;12;0;0;276313;184042;3145;944;222981;4726;1091;0;29
FR;5;2022-10-23;9;3;0;0;4;0;0;0;0;276322;184045;3145;944;222985;4726;1091;0;29
FR;5;2022-10-24;14;7;6;7;9;9;8;0;0;276336;184052;3151;951;222994;4735;1099;0;29
FR;5;2022-10-25;12;9;6;3;9;8;3;0;2;276348;184061;3157;954;223003;4743;1102;0;31
FR;5;2022-10-26;34;22;6;0;29;10;0;0;0;276382;184083;3163;954;223032;4753;1102;0;31
FR;5;2022-10-27;16;4;4;0;11;4;0;0;0;276398;184087;3167;954;223043;4757;1102;0;31
FR;5;2022-10-28;19;13;5;3;14;6;4;0;0;276417;184100;3172;957;223057;4763;1106;0;31
FR;5;2022-10-29;21;13;0;0;17;3;0;0;0;276438;184113;3172;957;223074;4766;1106;0;31
FR;5;2022-10-30;1;4;2;0;4;3;0;0;0;276439;184117;3174;957;223078;4769;1106;0;31
FR;5;2022-10-31;14;11;2;1;12;3;1;0;0;276453;184128;3176;958;223090;4772;1107;0;31
FR;5;2022-11-01;3;3;0;1;3;0;1;0;0;276456;184131;3176;959;223093;4772;1108;0;31
FR;5;2022-11-02;23;17;5;4;23;5;5;0;0;276479;184148;3181;963;223116;4777;1113;0;31
FR;5;2022-11-03;22;4;1;1;11;1;1;0;0;276501;184152;3182;964;223127;4778;1114;0;31
FR;5;2022-11-04;19;18;1;0;18;2;0;0;0;276520;184170;3183;964;223145;4780;1114;0;31
FR;5;2022-11-05;25;16;1;0;21;1;0;0;0;276545;184186;3184;964;223166;4781;1114;0;31
FR;5;2022-11-06;1;7;0;0;7;0;0;0;0;276546;184193;3184;964;223173;4781;1114;0;31
FR;5;2022-11-07;5;3;3;0;3;3;0;0;0;276551;184196;3187;964;223176;4784;1114;0;31
FR;5;2022-11-08;12;7;1;2;8;1;1;0;0;276563;184203;3188;966;223184;4785;1115;0;31
FR;5;2022-11-09;30;29;6;1;32;6;1;0;0;276593;184232;3194;967;223216;4791;1116;0;31
FR;5;2022-11-10;11;16;1;0;17;1;0;0;0;276604;184248;3195;967;223233;4792;1116;0;31
FR;5;2022-11-11;2;4;0;1;6;0;1;0;0;276606;184252;3195;968;223239;4792;1117;0;31
FR;5;2022-11-12;19;10;5;9;18;6;9;0;2;276625;184262;3200;977;223257;4798;1126;0;33
FR;5;2022-11-13;2;2;0;1;2;0;1;0;0;276627;184264;3200;978;223259;4798;1127;0;33
FR;5;2022-11-14;8;10;0;1;9;3;0;0;0;276635;184274;3200;979;223268;4801;1127;0;33
FR;5;2022-11-15;8;6;4;3;6;4;3;0;0;276643;184280;3204;982;223274;4805;1130;0;33
FR;5;2022-11-16;29;28;2;1;32;5;0;0;0;276672;184308;3206;983;223306;4810;1130;0;33
FR;5;2022-11-17;6;15;4;0;15;5;0;0;0;276678;184323;3210;983;223321;4815;1130;0;33
FR;5;2022-11-18;16;17;7;0;19;9;0;0;0;276694;184340;3217;983;223340;4824;1130;0;33
FR;5;2022-11-19;18;27;2;0;28;6;0;0;0;276712;184367;3219;983;223368;4830;1130;0;33
FR;5;2022-11-20;6;3;0;0;5;0;0;0;0;276718;184370;3219;983;223373;4830;1130;0;33
FR;5;2022-11-21;8;5;0;2;4;2;1;0;0;276726;184375;3219;985;223377;4832;1131;0;33
FR;5;2022-11-22;9;3;0;1;4;0;1;0;0;276735;184378;3219;986;223381;4832;1132;0;33
FR;5;2022-11-23;34;25;6;1;27;13;0;0;0;276769;184403;3225;987;223408;4845;1132;0;33
FR;5;2022-11-24;3;7;2;1;8;1;2;0;0;276772;184410;3227;988;223416;4846;1134;0;33
FR;5;2022-11-25;15;20;2;0;25;3;0;0;1;276787;184430;3229;988;223441;4849;1134;0;34
FR;5;2022-11-26;22;19;4;0;20;8;0;0;0;276809;184449;3233;988;223461;4857;1134;0;34
FR;5;2022-11-27;7;0;1;0;3;1;0;0;0;276816;184449;3234;988;223464;4858;1134;0;34
FR;5;2022-11-28;7;12;3;0;12;5;0;0;0;276823;184461;3237;988;223476;4863;1134;0;34
FR;5;2022-11-29;10;9;1;0;11;3;0;0;1;276833;184470;3238;988;223487;4866;1134;0;35
FR;5;2022-11-30;34;48;12;0;56;17;1;0;0;276867;184518;3250;988;223543;4883;1135;0;35
FR;5;2022-12-01;4;10;2;0;10;3;0;0;0;276871;184528;3252;988;223553;4886;1135;0;35
FR;5;2022-12-02;1;5;2;1;4;3;1;0;0;276872;184533;3254;989;223557;4889;1136;0;35
FR;5;2022-12-03;3;3;8;1;5;8;1;0;0;276875;184536;3262;990;223562;4897;1137;0;35
FR;5;2022-12-04;3;2;1;0;2;2;0;0;0;276878;184538;3263;990;223564;4899;1137;0;35
FR;5;2022-12-05;0;1;0;0;0;1;0;0;0;276878;184539;3263;990;223564;4900;1137;0;35
FR;5;2022-12-06;4;1;0;0;1;0;0;0;1;276882;184540;3263;990;223565;4900;1137;0;36
FR;5;2022-12-07;5;8;1;0;8;1;0;0;0;276887;184548;3264;990;223573;4901;1137;0;36
FR;5;2022-12-08;2;2;0;0;2;0;0;0;0;276889;184550;3264;990;223575;4901;1137;0;36
FR;5;2022-12-09;3;8;0;0;6;2;0;0;0;276892;184558;3264;990;223581;4903;1137;0;36
FR;5;2022-12-10;4;7;2;1;8;2;1;0;0;276896;184565;3266;991;223589;4905;1138;0;36
FR;5;2022-12-11;2;0;0;0;0;0;0;0;0;276898;184565;3266;991;223589;4905;1138;0;36
FR;5;2022-12-12;0;0;0;0;0;0;0;0;0;276898;184565;3266;991;223589;4905;1138;0;36
FR;5;2022-12-13;2;3;0;0;4;1;0;0;0;276900;184568;3266;991;223593;4906;1138;0;36
FR;5;2022-12-14;1;2;0;9;2;1;8;0;3;276901;184570;3266;1000;223595;4907;1146;0;39
FR;5;2022-12-15;0;2;0;0;2;0;0;0;0;276901;184572;3266;1000;223597;4907;1146;0;39
FR;5;2022-12-16;3;2;2;0;3;3;0;0;0;276904;184574;3268;1000;223600;4910;1146;0;39
FR;5;2022-12-17;3;3;3;0;3;2;1;0;0;276907;184577;3271;1000;223603;4912;1147;0;39
FR;5;2022-12-18;3;0;0;1;0;0;1;0;1;276910;184577;3271;1001;223603;4912;1148;0;40
FR;5;2022-12-19;1;0;0;2;0;0;2;0;0;276911;184577;3271;1003;223603;4912;1150;0;40
FR;5;2022-12-20;0;1;3;0;1;3;0;0;0;276911;184578;3274;1003;223604;4915;1150;0;40
FR;5;2022-12-21;2;4;0;0;4;0;0;0;0;276913;184582;3274;1003;223608;4915;1150;0;40
FR;5;2022-12-22;2;1;0;0;1;0;0;0;0;276915;184583;3274;1003;223609;4915;1150;0;40
FR;5;2022-12-23;3;1;1;0;1;1;0;0;0;276918;184584;3275;1003;223610;4916;1150;0;40
FR;5;2022-12-24;0;1;0;0;1;0;0;0;0;276918;184585;3275;1003;223611;4916;1150;0;40
FR;5;2022-12-25;0;1;2;0;0;3;0;0;0;276918;184586;3277;1003;223611;4919;1150;0;40
FR;5;2022-12-26;2;0;0;0;0;0;0;0;0;276920;184586;3277;1003;223611;4919;1150;0;40
FR;5;2022-12-27;0;3;0;0;3;0;0;0;0;276920;184589;3277;1003;223614;4919;1150;0;40
FR;5;2022-12-28;5;2;3;0;2;3;2;0;0;276925;184591;3280;1003;223616;4922;1152;0;40
FR;5;2022-12-29;3;2;2;0;3;2;0;0;0;276928;184593;3282;1003;223619;4924;1152;0;40
FR;5;2022-12-30;0;2;1;0;2;1;0;0;0;276928;184595;3283;1003;223621;4925;1152;0;40
FR;5;2022-12-31;0;0;0;0;0;0;0;0;0;276928;184595;3283;1003;223621;4925;1152;0;40
FR;5;2023-01-01;0;0;0;0;0;0;0;0;0;276928;184595;3283;1003;223621;4925;1152;0;40
FR;5;2023-01-02;1;1;1;0;1;1;0;0;0;276929;184596;3284;1003;223622;4926;1152;0;40
FR;5;2023-01-03;0;1;0;0;1;0;0;0;0;276929;184597;3284;1003;223623;4926;1152;0;40
FR;5;2023-01-04;6;1;1;0;2;1;0;0;0;276935;184598;3285;1003;223625;4927;1152;0;40
FR;5;2023-01-05;0;1;0;0;1;0;0;0;0;276935;184599;3285;1003;223626;4927;1152;0;40
FR;5;2023-01-06;2;1;1;0;1;1;0;0;0;276937;184600;3286;1003;223627;4928;1152;0;40
FR;5;2023-01-07;4;1;1;0;1;2;0;0;0;276941;184601;3287;1003;223628;4930;1152;0;40
FR;5;2023-01-08;2;2;0;0;2;0;0;0;0;276943;184603;3287;1003;223630;4930;1152;0;40
FR;5;2023-01-09;4;0;1;0;1;1;0;0;0;276947;184603;3288;1003;223631;4931;1152;0;40
FR;5;2023-01-10;3;1;0;0;2;0;0;0;0;276950;184604;3288;1003;223633;4931;1152;0;40
FR;5;2023-01-11;8;5;2;0;4;3;0;0;0;276958;184609;3290;1003;223637;4934;1152;0;40
FR;5;2023-01-12;11;6;4;0;6;6;0;0;0;276969;184615;3294;1003;223643;4940;1152;0;40
FR;5;2023-01-13;53;16;15;0;31;17;0;0;0;277022;184631;3309;1003;223674;4957;1152;0;40
FR;5;2023-01-14;56;33;10;1;33;17;1;0;0;277078;184664;3319;1004;223707;4974;1153;0;40
FR;5;2023-01-15;13;9;0;0;5;4;0;0;0;277091;184673;3319;1004;223712;4978;1153;0;40
FR;5;2023-01-16;10;7;2;0;7;2;0;0;0;277101;184680;3321;1004;223719;4980;1153;0;40
FR;6;2020-12-27;0;0;0;0;0;0;0;0;0;0;0;0;0;0;0;0;0;0
FR;6;2020-12-28;0;0;0;0;0;0;0;0;0;0;0;0;0;0;0;0;0;0
FR;6;2020-12-29;0;0;0;0;0;0;0;0;0;0;0;0;0;0;0;0;0;0
FR;6;2020-12-30;0;0;0;0;0;0;0;0;0;0;0;0;0;0;0;0;0;0
FR;6;2020-12-31;0;0;0;0;0;0;0;0;0;0;0;0;0;0;0;0;0;0
FR;6;2021-01-01;0;0;0;0;0;0;0;0;0;0;0;0;0;0;0;0;0;0
FR;6;2021-01-02;0;0;0;0;0;0;0;0;0;0;0;0;0;0;0;0;0;0
FR;6;2021-01-03;0;0;0;0;0;0;0;0;0;0;0;0;0;0;0;0;0;0
FR;6;2021-01-04;0;0;0;0;0;0;0;0;0;0;0;0;0;0;0;0;0;0
FR;6;2021-01-05;0;0;0;0;0;0;0;0;0;0;0;0;0;0;0;0;0;0
FR;6;2021-01-06;0;0;0;0;0;0;0;0;0;0;0;0;0;0;0;0;0;0
FR;6;2021-01-07;0;0;0;0;0;0;0;0;0;0;0;0;0;0;0;0;0;0
FR;6;2021-01-08;0;0;0;0;0;0;0;0;0;0;0;0;0;0;0;0;0;0
FR;6;2021-01-09;0;0;0;0;0;0;0;0;0;0;0;0;0;0;0;0;0;0
FR;6;2021-01-10;0;0;0;0;0;0;0;0;0;0;0;0;0;0;0;0;0;0
FR;6;2021-01-11;0;0;0;0;0;0;0;0;0;0;0;0;0;0;0;0;0;0
FR;6;2021-01-12;0;0;0;0;0;0;0;0;0;0;0;0;0;0;0;0;0;0
FR;6;2021-01-13;0;0;0;0;0;0;0;0;0;0;0;0;0;0;0;0;0;0
FR;6;2021-01-14;0;0;0;0;0;0;0;0;0;0;0;0;0;0;0;0;0;0
FR;6;2021-01-15;0;0;0;0;0;0;0;0;0;0;0;0;0;0;0;0;0;0
FR;6;2021-01-16;0;0;0;0;0;0;0;0;0;0;0;0;0;0;0;0;0;0
FR;6;2021-01-17;0;0;0;0;0;0;0;0;0;0;0;0;0;0;0;0;0;0
FR;6;2021-01-18;0;0;0;0;0;0;0;0;0;0;0;0;0;0;0;0;0;0
FR;6;2021-01-19;0;0;0;0;0;0;0;0;0;0;0;0;0;0;0;0;0;0
FR;6;2021-01-20;0;0;0;0;0;0;0;0;0;0;0;0;0;0;0;0;0;0
FR;6;2021-01-21;0;0;0;0;0;0;0;0;0;0;0;0;0;0;0;0;0;0
FR;6;2021-01-22;0;0;0;0;0;0;0;0;0;0;0;0;0;0;0;0;0;0
FR;6;2021-01-23;0;0;0;0;0;0;0;0;0;0;0;0;0;0;0;0;0;0
FR;6;2021-01-24;0;0;0;0;0;0;0;0;0;0;0;0;0;0;0;0;0;0
FR;6;2021-01-25;0;0;0;0;0;0;0;0;0;0;0;0;0;0;0;0;0;0
FR;6;2021-01-26;0;0;0;0;0;0;0;0;0;0;0;0;0;0;0;0;0;0
FR;6;2021-01-27;0;0;0;0;0;0;0;0;0;0;0;0;0;0;0;0;0;0
FR;6;2021-01-28;0;0;0;0;0;0;0;0;0;0;0;0;0;0;0;0;0;0
FR;6;2021-01-29;0;0;0;0;0;0;0;0;0;0;0;0;0;0;0;0;0;0
FR;6;2021-01-30;0;0;0;0;0;0;0;0;0;0;0;0;0;0;0;0;0;0
FR;6;2021-01-31;0;0;0;0;0;0;0;0;0;0;0;0;0;0;0;0;0;0
FR;6;2021-02-01;0;0;0;0;0;0;0;0;0;0;0;0;0;0;0;0;0;0
FR;6;2021-02-02;0;0;0;0;0;0;0;0;0;0;0;0;0;0;0;0;0;0
FR;6;2021-02-03;0;0;0;0;0;0;0;0;0;0;0;0;0;0;0;0;0;0
FR;6;2021-02-04;0;0;0;0;0;0;0;0;0;0;0;0;0;0;0;0;0;0
FR;6;2021-02-05;0;0;0;0;0;0;0;0;0;0;0;0;0;0;0;0;0;0
FR;6;2021-02-06;0;0;0;0;0;0;0;0;0;0;0;0;0;0;0;0;0;0
FR;6;2021-02-07;0;0;0;0;0;0;0;0;0;0;0;0;0;0;0;0;0;0
FR;6;2021-02-08;0;0;0;0;0;0;0;0;0;0;0;0;0;0;0;0;0;0
FR;6;2021-02-09;0;0;0;0;0;0;0;0;0;0;0;0;0;0;0;0;0;0
FR;6;2021-02-10;0;0;0;0;0;0;0;0;0;0;0;0;0;0;0;0;0;0
FR;6;2021-02-11;0;0;0;0;0;0;0;0;0;0;0;0;0;0;0;0;0;0
FR;6;2021-02-12;0;0;0;0;0;0;0;0;0;0;0;0;0;0;0;0;0;0
FR;6;2021-02-13;0;0;0;0;0;0;0;0;0;0;0;0;0;0;0;0;0;0
FR;6;2021-02-14;0;0;0;0;0;0;0;0;0;0;0;0;0;0;0;0;0;0
FR;6;2021-02-15;0;0;0;0;0;0;0;0;0;0;0;0;0;0;0;0;0;0
FR;6;2021-02-16;0;0;0;0;0;0;0;0;0;0;0;0;0;0;0;0;0;0
FR;6;2021-02-17;0;0;0;0;0;0;0;0;0;0;0;0;0;0;0;0;0;0
FR;6;2021-02-18;0;0;0;0;0;0;0;0;0;0;0;0;0;0;0;0;0;0
FR;6;2021-02-19;0;0;0;0;0;0;0;0;0;0;0;0;0;0;0;0;0;0
FR;6;2021-02-20;0;0;0;0;0;0;0;0;0;0;0;0;0;0;0;0;0;0
FR;6;2021-02-21;0;0;0;0;0;0;0;0;0;0;0;0;0;0;0;0;0;0
FR;6;2021-02-22;0;0;0;0;0;0;0;0;0;0;0;0;0;0;0;0;0;0
FR;6;2021-02-23;0;0;0;0;0;0;0;0;0;0;0;0;0;0;0;0;0;0
FR;6;2021-02-24;0;0;0;0;0;0;0;0;0;0;0;0;0;0;0;0;0;0
FR;6;2021-02-25;0;0;0;0;0;0;0;0;0;0;0;0;0;0;0;0;0;0
FR;6;2021-02-26;0;0;0;0;0;0;0;0;0;0;0;0;0;0;0;0;0;0
FR;6;2021-02-27;0;0;0;0;0;0;0;0;0;0;0;0;0;0;0;0;0;0
FR;6;2021-02-28;0;0;0;0;0;0;0;0;0;0;0;0;0;0;0;0;0;0
FR;6;2021-03-01;0;0;0;0;0;0;0;0;0;0;0;0;0;0;0;0;0;0
FR;6;2021-03-02;0;0;0;0;0;0;0;0;0;0;0;0;0;0;0;0;0;0
FR;6;2021-03-03;0;0;0;0;0;0;0;0;0;0;0;0;0;0;0;0;0;0
FR;6;2021-03-04;0;0;0;0;0;0;0;0;0;0;0;0;0;0;0;0;0;0
FR;6;2021-03-05;0;0;0;0;0;0;0;0;0;0;0;0;0;0;0;0;0;0
FR;6;2021-03-06;0;0;0;0;0;0;0;0;0;0;0;0;0;0;0;0;0;0
FR;6;2021-03-07;0;0;0;0;0;0;0;0;0;0;0;0;0;0;0;0;0;0
FR;6;2021-03-08;0;0;0;0;0;0;0;0;0;0;0;0;0;0;0;0;0;0
FR;6;2021-03-09;0;0;0;0;0;0;0;0;0;0;0;0;0;0;0;0;0;0
FR;6;2021-03-10;0;0;0;0;0;0;0;0;0;0;0;0;0;0;0;0;0;0
FR;6;2021-03-11;0;0;0;0;0;0;0;0;0;0;0;0;0;0;0;0;0;0
FR;6;2021-03-12;0;0;0;0;0;0;0;0;0;0;0;0;0;0;0;0;0;0
FR;6;2021-03-13;0;0;0;0;0;0;0;0;0;0;0;0;0;0;0;0;0;0
FR;6;2021-03-14;0;0;0;0;0;0;0;0;0;0;0;0;0;0;0;0;0;0
FR;6;2021-03-15;0;0;0;0;0;0;0;0;0;0;0;0;0;0;0;0;0;0
FR;6;2021-03-16;0;0;0;0;0;0;0;0;0;0;0;0;0;0;0;0;0;0
FR;6;2021-03-17;0;0;0;0;0;0;0;0;0;0;0;0;0;0;0;0;0;0
FR;6;2021-03-18;0;0;0;0;0;0;0;0;0;0;0;0;0;0;0;0;0;0
FR;6;2021-03-19;0;0;0;0;0;0;0;0;0;0;0;0;0;0;0;0;0;0
FR;6;2021-03-20;0;0;0;0;0;0;0;0;0;0;0;0;0;0;0;0;0;0
FR;6;2021-03-21;0;0;0;0;0;0;0;0;0;0;0;0;0;0;0;0;0;0
FR;6;2021-03-22;0;0;0;0;0;0;0;0;0;0;0;0;0;0;0;0;0;0
FR;6;2021-03-23;0;0;0;0;0;0;0;0;0;0;0;0;0;0;0;0;0;0
FR;6;2021-03-24;0;0;0;0;0;0;0;0;0;0;0;0;0;0;0;0;0;0
FR;6;2021-03-25;0;0;0;0;0;0;0;0;0;0;0;0;0;0;0;0;0;0
FR;6;2021-03-26;0;0;0;0;0;0;0;0;0;0;0;0;0;0;0;0;0;0
FR;6;2021-03-27;0;0;0;0;0;0;0;0;0;0;0;0;0;0;0;0;0;0
FR;6;2021-03-28;0;0;0;0;0;0;0;0;0;0;0;0;0;0;0;0;0;0
FR;6;2021-03-29;0;0;0;0;0;0;0;0;0;0;0;0;0;0;0;0;0;0
FR;6;2021-03-30;0;0;0;0;0;0;0;0;0;0;0;0;0;0;0;0;0;0
FR;6;2021-03-31;0;0;0;0;0;0;0;0;0;0;0;0;0;0;0;0;0;0
FR;6;2021-04-01;0;0;0;0;0;0;0;0;0;0;0;0;0;0;0;0;0;0
FR;6;2021-04-02;0;0;0;0;0;0;0;0;0;0;0;0;0;0;0;0;0;0
FR;6;2021-04-03;0;0;0;0;0;0;0;0;0;0;0;0;0;0;0;0;0;0
FR;6;2021-04-04;0;0;0;0;0;0;0;0;0;0;0;0;0;0;0;0;0;0
FR;6;2021-04-05;0;0;0;0;0;0;0;0;0;0;0;0;0;0;0;0;0;0
FR;6;2021-04-06;0;0;0;0;0;0;0;0;0;0;0;0;0;0;0;0;0;0
FR;6;2021-04-07;0;0;0;0;0;0;0;0;0;0;0;0;0;0;0;0;0;0
FR;6;2021-04-08;0;0;0;0;0;0;0;0;0;0;0;0;0;0;0;0;0;0
FR;6;2021-04-09;0;0;0;0;0;0;0;0;0;0;0;0;0;0;0;0;0;0
FR;6;2021-04-10;0;0;0;0;0;0;0;0;0;0;0;0;0;0;0;0;0;0
FR;6;2021-04-11;0;0;0;0;0;0;0;0;0;0;0;0;0;0;0;0;0;0
FR;6;2021-04-12;0;0;0;0;0;0;0;0;0;0;0;0;0;0;0;0;0;0
FR;6;2021-04-13;0;0;0;0;0;0;0;0;0;0;0;0;0;0;0;0;0;0
FR;6;2021-04-14;0;0;0;0;0;0;0;0;0;0;0;0;0;0;0;0;0;0
FR;6;2021-04-15;0;0;0;0;0;0;0;0;0;0;0;0;0;0;0;0;0;0
FR;6;2021-04-16;0;0;0;0;0;0;0;0;0;0;0;0;0;0;0;0;0;0
FR;6;2021-04-17;0;0;0;0;0;0;0;0;0;0;0;0;0;0;0;0;0;0
FR;6;2021-04-18;0;0;0;0;0;0;0;0;0;0;0;0;0;0;0;0;0;0
FR;6;2021-04-19;0;0;0;0;0;0;0;0;0;0;0;0;0;0;0;0;0;0
FR;6;2021-04-20;0;0;0;0;0;0;0;0;0;0;0;0;0;0;0;0;0;0
FR;6;2021-04-21;0;0;0;0;0;0;0;0;0;0;0;0;0;0;0;0;0;0
FR;6;2021-04-22;0;0;0;0;0;0;0;0;0;0;0;0;0;0;0;0;0;0
FR;6;2021-04-23;0;0;0;0;0;0;0;0;0;0;0;0;0;0;0;0;0;0
FR;6;2021-04-24;0;0;0;0;0;0;0;0;0;0;0;0;0;0;0;0;0;0
FR;6;2021-04-25;0;0;0;0;0;0;0;0;0;0;0;0;0;0;0;0;0;0
FR;6;2021-04-26;0;0;0;0;0;0;0;0;0;0;0;0;0;0;0;0;0;0
FR;6;2021-04-27;0;0;0;0;0;0;0;0;0;0;0;0;0;0;0;0;0;0
FR;6;2021-04-28;0;0;0;0;0;0;0;0;0;0;0;0;0;0;0;0;0;0
FR;6;2021-04-29;0;0;0;0;0;0;0;0;0;0;0;0;0;0;0;0;0;0
FR;6;2021-04-30;0;0;0;0;0;0;0;0;0;0;0;0;0;0;0;0;0;0
FR;6;2021-05-01;0;0;0;0;0;0;0;0;0;0;0;0;0;0;0;0;0;0
FR;6;2021-05-02;0;0;0;0;0;0;0;0;0;0;0;0;0;0;0;0;0;0
FR;6;2021-05-03;0;0;0;0;0;0;0;0;0;0;0;0;0;0;0;0;0;0
FR;6;2021-05-04;0;0;0;0;0;0;0;0;0;0;0;0;0;0;0;0;0;0
FR;6;2021-05-05;0;0;0;0;0;0;0;0;0;0;0;0;0;0;0;0;0;0
FR;6;2021-05-06;0;0;0;0;0;0;0;0;0;0;0;0;0;0;0;0;0;0
FR;6;2021-05-07;0;0;0;0;0;0;0;0;0;0;0;0;0;0;0;0;0;0
FR;6;2021-05-08;0;0;0;0;0;0;0;0;0;0;0;0;0;0;0;0;0;0
FR;6;2021-05-09;0;0;0;0;0;0;0;0;0;0;0;0;0;0;0;0;0;0
FR;6;2021-05-10;0;0;0;0;0;0;0;0;0;0;0;0;0;0;0;0;0;0
FR;6;2021-05-11;0;0;0;0;0;0;0;0;0;0;0;0;0;0;0;0;0;0
FR;6;2021-05-12;0;0;0;0;0;0;0;0;0;0;0;0;0;0;0;0;0;0
FR;6;2021-05-13;0;0;0;0;0;0;0;0;0;0;0;0;0;0;0;0;0;0
FR;6;2021-05-14;0;0;0;0;0;0;0;0;0;0;0;0;0;0;0;0;0;0
FR;6;2021-05-15;0;0;0;0;0;0;0;0;0;0;0;0;0;0;0;0;0;0
FR;6;2021-05-16;0;0;0;0;0;0;0;0;0;0;0;0;0;0;0;0;0;0
FR;6;2021-05-17;0;0;0;0;0;0;0;0;0;0;0;0;0;0;0;0;0;0
FR;6;2021-05-18;0;0;0;0;0;0;0;0;0;0;0;0;0;0;0;0;0;0
FR;6;2021-05-19;0;0;0;0;0;0;0;0;0;0;0;0;0;0;0;0;0;0
FR;6;2021-05-20;0;0;0;0;0;0;0;0;0;0;0;0;0;0;0;0;0;0
FR;6;2021-05-21;0;0;0;0;0;0;0;0;0;0;0;0;0;0;0;0;0;0
FR;6;2021-05-22;0;0;0;0;0;0;0;0;0;0;0;0;0;0;0;0;0;0
FR;6;2021-05-23;0;0;0;0;0;0;0;0;0;0;0;0;0;0;0;0;0;0
FR;6;2021-05-24;0;0;0;0;0;0;0;0;0;0;0;0;0;0;0;0;0;0
FR;6;2021-05-25;0;0;0;0;0;0;0;0;0;0;0;0;0;0;0;0;0;0
FR;6;2021-05-26;0;0;0;0;0;0;0;0;0;0;0;0;0;0;0;0;0;0
FR;6;2021-05-27;0;0;0;0;0;0;0;0;0;0;0;0;0;0;0;0;0;0
FR;6;2021-05-28;0;0;0;0;0;0;0;0;0;0;0;0;0;0;0;0;0;0
FR;6;2021-05-29;0;0;0;0;0;0;0;0;0;0;0;0;0;0;0;0;0;0
FR;6;2021-05-30;0;0;0;0;0;0;0;0;0;0;0;0;0;0;0;0;0;0
FR;6;2021-05-31;0;0;0;0;0;0;0;0;0;0;0;0;0;0;0;0;0;0
FR;6;2021-06-01;0;0;0;0;0;0;0;0;0;0;0;0;0;0;0;0;0;0
FR;6;2021-06-02;0;0;0;0;0;0;0;0;0;0;0;0;0;0;0;0;0;0
FR;6;2021-06-03;0;0;0;0;0;0;0;0;0;0;0;0;0;0;0;0;0;0
FR;6;2021-06-04;0;0;0;0;0;0;0;0;0;0;0;0;0;0;0;0;0;0
FR;6;2021-06-05;0;0;0;0;0;0;0;0;0;0;0;0;0;0;0;0;0;0
FR;6;2021-06-06;0;0;0;0;0;0;0;0;0;0;0;0;0;0;0;0;0;0
FR;6;2021-06-07;0;0;0;0;0;0;0;0;0;0;0;0;0;0;0;0;0;0
FR;6;2021-06-08;0;0;0;0;0;0;0;0;0;0;0;0;0;0;0;0;0;0
FR;6;2021-06-09;0;0;0;0;0;0;0;0;0;0;0;0;0;0;0;0;0;0
FR;6;2021-06-10;0;0;0;0;0;0;0;0;0;0;0;0;0;0;0;0;0;0
FR;6;2021-06-11;0;0;0;0;0;0;0;0;0;0;0;0;0;0;0;0;0;0
FR;6;2021-06-12;0;0;0;0;0;0;0;0;0;0;0;0;0;0;0;0;0;0
FR;6;2021-06-13;0;0;0;0;0;0;0;0;0;0;0;0;0;0;0;0;0;0
FR;6;2021-06-14;0;0;0;0;0;0;0;0;0;0;0;0;0;0;0;0;0;0
FR;6;2021-06-15;0;0;0;0;0;0;0;0;0;0;0;0;0;0;0;0;0;0
FR;6;2021-06-16;0;0;0;0;0;0;0;0;0;0;0;0;0;0;0;0;0;0
FR;6;2021-06-17;0;0;0;0;0;0;0;0;0;0;0;0;0;0;0;0;0;0
FR;6;2021-06-18;0;0;0;0;0;0;0;0;0;0;0;0;0;0;0;0;0;0
FR;6;2021-06-19;0;0;0;0;0;0;0;0;0;0;0;0;0;0;0;0;0;0
FR;6;2021-06-20;0;0;0;0;0;0;0;0;0;0;0;0;0;0;0;0;0;0
FR;6;2021-06-21;0;0;0;0;0;0;0;0;0;0;0;0;0;0;0;0;0;0
FR;6;2021-06-22;0;0;0;0;0;0;0;0;0;0;0;0;0;0;0;0;0;0
FR;6;2021-06-23;0;0;0;0;0;0;0;0;0;0;0;0;0;0;0;0;0;0
FR;6;2021-06-24;0;0;0;0;0;0;0;0;0;0;0;0;0;0;0;0;0;0
FR;6;2021-06-25;0;0;0;0;0;0;0;0;0;0;0;0;0;0;0;0;0;0
FR;6;2021-06-26;0;0;0;0;0;0;0;0;0;0;0;0;0;0;0;0;0;0
FR;6;2021-06-27;0;0;0;0;0;0;0;0;0;0;0;0;0;0;0;0;0;0
FR;6;2021-06-28;0;0;0;0;0;0;0;0;0;0;0;0;0;0;0;0;0;0
FR;6;2021-06-29;0;0;0;0;0;0;0;0;0;0;0;0;0;0;0;0;0;0
FR;6;2021-06-30;0;0;0;0;0;0;0;0;0;0;0;0;0;0;0;0;0;0
FR;6;2021-07-01;0;0;0;0;0;0;0;0;0;0;0;0;0;0;0;0;0;0
FR;6;2021-07-02;0;0;0;0;0;0;0;0;0;0;0;0;0;0;0;0;0;0
FR;6;2021-07-03;0;0;0;0;0;0;0;0;0;0;0;0;0;0;0;0;0;0
FR;6;2021-07-04;0;0;0;0;0;0;0;0;0;0;0;0;0;0;0;0;0;0
FR;6;2021-07-05;0;0;0;0;0;0;0;0;0;0;0;0;0;0;0;0;0;0
FR;6;2021-07-06;0;0;0;0;0;0;0;0;0;0;0;0;0;0;0;0;0;0
FR;6;2021-07-07;0;0;0;0;0;0;0;0;0;0;0;0;0;0;0;0;0;0
FR;6;2021-07-08;0;0;0;0;0;0;0;0;0;0;0;0;0;0;0;0;0;0
FR;6;2021-07-09;0;0;0;0;0;0;0;0;0;0;0;0;0;0;0;0;0;0
FR;6;2021-07-10;0;0;0;0;0;0;0;0;0;0;0;0;0;0;0;0;0;0
FR;6;2021-07-11;0;0;0;0;0;0;0;0;0;0;0;0;0;0;0;0;0;0
FR;6;2021-07-12;0;0;0;0;0;0;0;0;0;0;0;0;0;0;0;0;0;0
FR;6;2021-07-13;0;0;0;0;0;0;0;0;0;0;0;0;0;0;0;0;0;0
FR;6;2021-07-14;0;0;0;0;0;0;0;0;0;0;0;0;0;0;0;0;0;0
FR;6;2021-07-15;0;0;0;0;0;0;0;0;0;0;0;0;0;0;0;0;0;0
FR;6;2021-07-16;0;0;0;0;0;0;0;0;0;0;0;0;0;0;0;0;0;0
FR;6;2021-07-17;0;0;0;0;0;0;0;0;0;0;0;0;0;0;0;0;0;0
FR;6;2021-07-18;0;0;0;0;0;0;0;0;0;0;0;0;0;0;0;0;0;0
FR;6;2021-07-19;0;0;0;0;0;0;0;0;0;0;0;0;0;0;0;0;0;0
FR;6;2021-07-20;0;0;0;0;0;0;0;0;0;0;0;0;0;0;0;0;0;0
FR;6;2021-07-21;0;0;0;0;0;0;0;0;0;0;0;0;0;0;0;0;0;0
FR;6;2021-07-22;0;0;0;0;0;0;0;0;0;0;0;0;0;0;0;0;0;0
FR;6;2021-07-23;0;0;0;0;0;0;0;0;0;0;0;0;0;0;0;0;0;0
FR;6;2021-07-24;0;0;0;0;0;0;0;0;0;0;0;0;0;0;0;0;0;0
FR;6;2021-07-25;0;0;0;0;0;0;0;0;0;0;0;0;0;0;0;0;0;0
FR;6;2021-07-26;0;0;0;0;0;0;0;0;0;0;0;0;0;0;0;0;0;0
FR;6;2021-07-27;0;0;0;0;0;0;0;0;0;0;0;0;0;0;0;0;0;0
FR;6;2021-07-28;0;0;0;0;0;0;0;0;0;0;0;0;0;0;0;0;0;0
FR;6;2021-07-29;0;0;0;0;0;0;0;0;0;0;0;0;0;0;0;0;0;0
FR;6;2021-07-30;0;0;0;0;0;0;0;0;0;0;0;0;0;0;0;0;0;0
FR;6;2021-07-31;0;0;0;0;0;0;0;0;0;0;0;0;0;0;0;0;0;0
FR;6;2021-08-01;0;0;0;0;0;0;0;0;0;0;0;0;0;0;0;0;0;0
FR;6;2021-08-02;0;0;0;0;0;0;0;0;0;0;0;0;0;0;0;0;0;0
FR;6;2021-08-03;0;0;0;0;0;0;0;0;0;0;0;0;0;0;0;0;0;0
FR;6;2021-08-04;0;0;0;0;0;0;0;0;0;0;0;0;0;0;0;0;0;0
FR;6;2021-08-05;0;0;0;0;0;0;0;0;0;0;0;0;0;0;0;0;0;0
FR;6;2021-08-06;0;0;0;0;0;0;0;0;0;0;0;0;0;0;0;0;0;0
FR;6;2021-08-07;0;0;0;0;0;0;0;0;0;0;0;0;0;0;0;0;0;0
FR;6;2021-08-08;0;0;0;0;0;0;0;0;0;0;0;0;0;0;0;0;0;0
FR;6;2021-08-09;0;0;0;0;0;0;0;0;0;0;0;0;0;0;0;0;0;0
FR;6;2021-08-10;0;0;0;0;0;0;0;0;0;0;0;0;0;0;0;0;0;0
FR;6;2021-08-11;0;0;0;0;0;0;0;0;0;0;0;0;0;0;0;0;0;0
FR;6;2021-08-12;0;0;0;0;0;0;0;0;0;0;0;0;0;0;0;0;0;0
FR;6;2021-08-13;0;0;0;0;0;0;0;0;0;0;0;0;0;0;0;0;0;0
FR;6;2021-08-14;0;0;0;0;0;0;0;0;0;0;0;0;0;0;0;0;0;0
FR;6;2021-08-15;0;0;0;0;0;0;0;0;0;0;0;0;0;0;0;0;0;0
FR;6;2021-08-16;0;0;0;0;0;0;0;0;0;0;0;0;0;0;0;0;0;0
FR;6;2021-08-17;0;0;0;0;0;0;0;0;0;0;0;0;0;0;0;0;0;0
FR;6;2021-08-18;0;0;0;0;0;0;0;0;0;0;0;0;0;0;0;0;0;0
FR;6;2021-08-19;0;0;0;0;0;0;0;0;0;0;0;0;0;0;0;0;0;0
FR;6;2021-08-20;0;0;0;0;0;0;0;0;0;0;0;0;0;0;0;0;0;0
FR;6;2021-08-21;0;0;0;0;0;0;0;0;0;0;0;0;0;0;0;0;0;0
FR;6;2021-08-22;0;0;0;0;0;0;0;0;0;0;0;0;0;0;0;0;0;0
FR;6;2021-08-23;0;0;0;0;0;0;0;0;0;0;0;0;0;0;0;0;0;0
FR;6;2021-08-24;0;0;0;0;0;0;0;0;0;0;0;0;0;0;0;0;0;0
FR;6;2021-08-25;0;0;0;0;0;0;0;0;0;0;0;0;0;0;0;0;0;0
FR;6;2021-08-26;0;0;0;0;0;0;0;0;0;0;0;0;0;0;0;0;0;0
FR;6;2021-08-27;0;0;0;0;0;0;0;0;0;0;0;0;0;0;0;0;0;0
FR;6;2021-08-28;0;0;0;0;0;0;0;0;0;0;0;0;0;0;0;0;0;0
FR;6;2021-08-29;0;0;0;0;0;0;0;0;0;0;0;0;0;0;0;0;0;0
FR;6;2021-08-30;0;0;0;0;0;0;0;0;0;0;0;0;0;0;0;0;0;0
FR;6;2021-08-31;0;0;0;0;0;0;0;0;0;0;0;0;0;0;0;0;0;0
FR;6;2021-09-01;0;0;0;0;0;0;0;0;0;0;0;0;0;0;0;0;0;0
FR;6;2021-09-02;0;0;0;0;0;0;0;0;0;0;0;0;0;0;0;0;0;0
FR;6;2021-09-03;0;0;0;0;0;0;0;0;0;0;0;0;0;0;0;0;0;0
FR;6;2021-09-04;0;0;0;0;0;0;0;0;0;0;0;0;0;0;0;0;0;0
FR;6;2021-09-05;0;0;0;0;0;0;0;0;0;0;0;0;0;0;0;0;0;0
FR;6;2021-09-06;0;0;0;0;0;0;0;0;0;0;0;0;0;0;0;0;0;0
FR;6;2021-09-07;0;0;0;0;0;0;0;0;0;0;0;0;0;0;0;0;0;0
FR;6;2021-09-08;0;0;0;0;0;0;0;0;0;0;0;0;0;0;0;0;0;0
FR;6;2021-09-09;0;0;0;0;0;0;0;0;0;0;0;0;0;0;0;0;0;0
FR;6;2021-09-10;0;0;0;0;0;0;0;0;0;0;0;0;0;0;0;0;0;0
FR;6;2021-09-11;0;0;0;0;0;0;0;0;0;0;0;0;0;0;0;0;0;0
FR;6;2021-09-12;0;0;0;0;0;0;0;0;0;0;0;0;0;0;0;0;0;0
FR;6;2021-09-13;0;0;0;0;0;0;0;0;0;0;0;0;0;0;0;0;0;0
FR;6;2021-09-14;0;0;0;0;0;0;0;0;0;0;0;0;0;0;0;0;0;0
FR;6;2021-09-15;0;0;0;0;0;0;0;0;0;0;0;0;0;0;0;0;0;0
FR;6;2021-09-16;0;0;0;0;0;0;0;0;0;0;0;0;0;0;0;0;0;0
FR;6;2021-09-17;0;0;0;0;0;0;0;0;0;0;0;0;0;0;0;0;0;0
FR;6;2021-09-18;0;0;0;0;0;0;0;0;0;0;0;0;0;0;0;0;0;0
FR;6;2021-09-19;0;0;0;0;0;0;0;0;0;0;0;0;0;0;0;0;0;0
FR;6;2021-09-20;0;0;0;0;0;0;0;0;0;0;0;0;0;0;0;0;0;0
FR;6;2021-09-21;0;0;0;0;0;0;0;0;0;0;0;0;0;0;0;0;0;0
FR;6;2021-09-22;0;0;0;0;0;0;0;0;0;0;0;0;0;0;0;0;0;0
FR;6;2021-09-23;0;0;0;0;0;0;0;0;0;0;0;0;0;0;0;0;0;0
FR;6;2021-09-24;0;0;0;0;0;0;0;0;0;0;0;0;0;0;0;0;0;0
FR;6;2021-09-25;0;0;0;0;0;0;0;0;0;0;0;0;0;0;0;0;0;0
FR;6;2021-09-26;0;0;0;0;0;0;0;0;0;0;0;0;0;0;0;0;0;0
FR;6;2021-09-27;0;0;0;0;0;0;0;0;0;0;0;0;0;0;0;0;0;0
FR;6;2021-09-28;0;0;0;0;0;0;0;0;0;0;0;0;0;0;0;0;0;0
FR;6;2021-09-29;0;0;0;0;0;0;0;0;0;0;0;0;0;0;0;0;0;0
FR;6;2021-09-30;0;0;0;0;0;0;0;0;0;0;0;0;0;0;0;0;0;0
FR;6;2021-10-01;0;0;0;0;0;0;0;0;0;0;0;0;0;0;0;0;0;0
FR;6;2021-10-02;0;0;0;0;0;0;0;0;0;0;0;0;0;0;0;0;0;0
FR;6;2021-10-03;0;0;0;0;0;0;0;0;0;0;0;0;0;0;0;0;0;0
FR;6;2021-10-04;0;0;0;0;0;0;0;0;0;0;0;0;0;0;0;0;0;0
FR;6;2021-10-05;0;0;0;0;0;0;0;0;0;0;0;0;0;0;0;0;0;0
FR;6;2021-10-06;0;0;0;0;0;0;0;0;0;0;0;0;0;0;0;0;0;0
FR;6;2021-10-07;0;0;0;0;0;0;0;0;0;0;0;0;0;0;0;0;0;0
FR;6;2021-10-08;0;0;0;0;0;0;0;0;0;0;0;0;0;0;0;0;0;0
FR;6;2021-10-09;0;0;0;0;0;0;0;0;0;0;0;0;0;0;0;0;0;0
FR;6;2021-10-10;0;0;0;0;0;0;0;0;0;0;0;0;0;0;0;0;0;0
FR;6;2021-10-11;0;0;0;0;0;0;0;0;0;0;0;0;0;0;0;0;0;0
FR;6;2021-10-12;0;0;0;0;0;0;0;0;0;0;0;0;0;0;0;0;0;0
FR;6;2021-10-13;0;0;0;0;0;0;0;0;0;0;0;0;0;0;0;0;0;0
FR;6;2021-10-14;0;0;0;0;0;0;0;0;0;0;0;0;0;0;0;0;0;0
FR;6;2021-10-15;0;0;0;0;0;0;0;0;0;0;0;0;0;0;0;0;0;0
FR;6;2021-10-16;0;0;0;0;0;0;0;0;0;0;0;0;0;0;0;0;0;0
FR;6;2021-10-17;0;0;0;0;0;0;0;0;0;0;0;0;0;0;0;0;0;0
FR;6;2021-10-18;0;0;0;0;0;0;0;0;0;0;0;0;0;0;0;0;0;0
FR;6;2021-10-19;0;0;0;0;0;0;0;0;0;0;0;0;0;0;0;0;0;0
FR;6;2021-10-20;0;0;0;0;0;0;0;0;0;0;0;0;0;0;0;0;0;0
FR;6;2021-10-21;0;0;0;0;0;0;0;0;0;0;0;0;0;0;0;0;0;0
FR;6;2021-10-22;0;0;0;0;0;0;0;0;0;0;0;0;0;0;0;0;0;0
FR;6;2021-10-23;0;0;0;0;0;0;0;0;0;0;0;0;0;0;0;0;0;0
FR;6;2021-10-24;0;0;0;0;0;0;0;0;0;0;0;0;0;0;0;0;0;0
FR;6;2021-10-25;0;0;0;0;0;0;0;0;0;0;0;0;0;0;0;0;0;0
FR;6;2021-10-26;0;0;0;0;0;0;0;0;0;0;0;0;0;0;0;0;0;0
FR;6;2021-10-27;0;0;0;0;0;0;0;0;0;0;0;0;0;0;0;0;0;0
FR;6;2021-10-28;0;0;0;0;0;0;0;0;0;0;0;0;0;0;0;0;0;0
FR;6;2021-10-29;0;0;0;0;0;0;0;0;0;0;0;0;0;0;0;0;0;0
FR;6;2021-10-30;0;0;0;0;0;0;0;0;0;0;0;0;0;0;0;0;0;0
FR;6;2021-10-31;0;0;0;0;0;0;0;0;0;0;0;0;0;0;0;0;0;0
FR;6;2021-11-01;0;0;0;0;0;0;0;0;0;0;0;0;0;0;0;0;0;0
FR;6;2021-11-02;0;0;0;0;0;0;0;0;0;0;0;0;0;0;0;0;0;0
FR;6;2021-11-03;0;0;0;0;0;0;0;0;0;0;0;0;0;0;0;0;0;0
FR;6;2021-11-04;0;0;0;0;0;0;0;0;0;0;0;0;0;0;0;0;0;0
FR;6;2021-11-05;0;0;0;0;0;0;0;0;0;0;0;0;0;0;0;0;0;0
FR;6;2021-11-06;0;0;0;0;0;0;0;0;0;0;0;0;0;0;0;0;0;0
FR;6;2021-11-07;0;0;0;0;0;0;0;0;0;0;0;0;0;0;0;0;0;0
FR;6;2021-11-08;0;0;0;0;0;0;0;0;0;0;0;0;0;0;0;0;0;0
FR;6;2021-11-09;0;0;0;0;0;0;0;0;0;0;0;0;0;0;0;0;0;0
FR;6;2021-11-10;0;0;0;0;0;0;0;0;0;0;0;0;0;0;0;0;0;0
FR;6;2021-11-11;0;0;0;0;0;0;0;0;0;0;0;0;0;0;0;0;0;0
FR;6;2021-11-12;0;0;0;0;0;0;0;0;0;0;0;0;0;0;0;0;0;0
FR;6;2021-11-13;0;0;0;0;0;0;0;0;0;0;0;0;0;0;0;0;0;0
FR;6;2021-11-14;0;0;0;0;0;0;0;0;0;0;0;0;0;0;0;0;0;0
FR;6;2021-11-15;0;0;0;0;0;0;0;0;0;0;0;0;0;0;0;0;0;0
FR;6;2021-11-16;0;0;0;0;0;0;0;0;0;0;0;0;0;0;0;0;0;0
FR;6;2021-11-17;0;0;0;0;0;0;0;0;0;0;0;0;0;0;0;0;0;0
FR;6;2021-11-18;0;0;0;0;0;0;0;0;0;0;0;0;0;0;0;0;0;0
FR;6;2021-11-19;0;0;0;0;0;0;0;0;0;0;0;0;0;0;0;0;0;0
FR;6;2021-11-20;0;0;0;0;0;0;0;0;0;0;0;0;0;0;0;0;0;0
FR;6;2021-11-21;0;0;0;0;0;0;0;0;0;0;0;0;0;0;0;0;0;0
FR;6;2021-11-22;0;0;0;0;0;0;0;0;0;0;0;0;0;0;0;0;0;0
FR;6;2021-11-23;0;0;0;0;0;0;0;0;0;0;0;0;0;0;0;0;0;0
FR;6;2021-11-24;0;0;0;0;0;0;0;0;0;0;0;0;0;0;0;0;0;0
FR;6;2021-11-25;0;0;0;0;0;0;0;0;0;0;0;0;0;0;0;0;0;0
FR;6;2021-11-26;0;0;0;0;0;0;0;0;0;0;0;0;0;0;0;0;0;0
FR;6;2021-11-27;0;0;0;0;0;0;0;0;0;0;0;0;0;0;0;0;0;0
FR;6;2021-11-28;0;0;0;0;0;0;0;0;0;0;0;0;0;0;0;0;0;0
FR;6;2021-11-29;0;0;0;0;0;0;0;0;0;0;0;0;0;0;0;0;0;0
FR;6;2021-11-30;0;0;0;0;0;0;0;0;0;0;0;0;0;0;0;0;0;0
FR;6;2021-12-01;0;0;0;0;0;0;0;0;0;0;0;0;0;0;0;0;0;0
FR;6;2021-12-02;0;0;0;0;0;0;0;0;0;0;0;0;0;0;0;0;0;0
FR;6;2021-12-03;0;0;0;0;0;0;0;0;0;0;0;0;0;0;0;0;0;0
FR;6;2021-12-04;0;0;0;0;0;0;0;0;0;0;0;0;0;0;0;0;0;0
FR;6;2021-12-05;0;0;0;0;0;0;0;0;0;0;0;0;0;0;0;0;0;0
FR;6;2021-12-06;0;0;0;0;0;0;0;0;0;0;0;0;0;0;0;0;0;0
FR;6;2021-12-07;0;0;0;0;0;0;0;0;0;0;0;0;0;0;0;0;0;0
FR;6;2021-12-08;0;0;0;0;0;0;0;0;0;0;0;0;0;0;0;0;0;0
FR;6;2021-12-09;0;0;0;0;0;0;0;0;0;0;0;0;0;0;0;0;0;0
FR;6;2021-12-10;0;0;0;0;0;0;0;0;0;0;0;0;0;0;0;0;0;0
FR;6;2021-12-11;0;0;0;0;0;0;0;0;0;0;0;0;0;0;0;0;0;0
FR;6;2021-12-12;0;0;0;0;0;0;0;0;0;0;0;0;0;0;0;0;0;0
FR;6;2021-12-13;0;0;0;0;0;0;0;0;0;0;0;0;0;0;0;0;0;0
FR;6;2021-12-14;0;0;0;0;0;0;0;0;0;0;0;0;0;0;0;0;0;0
FR;6;2021-12-15;0;0;0;0;0;0;0;0;0;0;0;0;0;0;0;0;0;0
FR;6;2021-12-16;0;0;0;0;0;0;0;0;0;0;0;0;0;0;0;0;0;0
FR;6;2021-12-17;0;0;0;0;0;0;0;0;0;0;0;0;0;0;0;0;0;0
FR;6;2021-12-18;0;0;0;0;0;0;0;0;0;0;0;0;0;0;0;0;0;0
FR;6;2021-12-19;0;0;0;0;0;0;0;0;0;0;0;0;0;0;0;0;0;0
FR;6;2021-12-20;0;0;0;0;0;0;0;0;0;0;0;0;0;0;0;0;0;0
FR;6;2021-12-21;0;0;0;0;0;0;0;0;0;0;0;0;0;0;0;0;0;0
FR;6;2021-12-22;0;0;0;0;0;0;0;0;0;0;0;0;0;0;0;0;0;0
FR;6;2021-12-23;0;0;0;0;0;0;0;0;0;0;0;0;0;0;0;0;0;0
FR;6;2021-12-24;0;0;0;0;0;0;0;0;0;0;0;0;0;0;0;0;0;0
FR;6;2021-12-25;0;0;0;0;0;0;0;0;0;0;0;0;0;0;0;0;0;0
FR;6;2021-12-26;0;0;0;0;0;0;0;0;0;0;0;0;0;0;0;0;0;0
FR;6;2021-12-27;0;0;0;0;0;0;0;0;0;0;0;0;0;0;0;0;0;0
FR;6;2021-12-28;0;0;0;0;0;0;0;0;0;0;0;0;0;0;0;0;0;0
FR;6;2021-12-29;0;0;0;0;0;0;0;0;0;0;0;0;0;0;0;0;0;0
FR;6;2021-12-30;0;0;0;0;0;0;0;0;0;0;0;0;0;0;0;0;0;0
FR;6;2021-12-31;0;0;0;0;0;0;0;0;0;0;0;0;0;0;0;0;0;0
FR;6;2022-01-01;0;0;0;0;0;0;0;0;0;0;0;0;0;0;0;0;0;0
FR;6;2022-01-02;0;0;0;0;0;0;0;0;0;0;0;0;0;0;0;0;0;0
FR;6;2022-01-03;0;0;0;0;0;0;0;0;0;0;0;0;0;0;0;0;0;0
FR;6;2022-01-04;0;0;0;0;0;0;0;0;0;0;0;0;0;0;0;0;0;0
FR;6;2022-01-05;0;0;0;0;0;0;0;0;0;0;0;0;0;0;0;0;0;0
FR;6;2022-01-06;0;0;0;0;0;0;0;0;0;0;0;0;0;0;0;0;0;0
FR;6;2022-01-07;0;0;0;0;0;0;0;0;0;0;0;0;0;0;0;0;0;0
FR;6;2022-01-08;0;0;0;0;0;0;0;0;0;0;0;0;0;0;0;0;0;0
FR;6;2022-01-09;0;0;0;0;0;0;0;0;0;0;0;0;0;0;0;0;0;0
FR;6;2022-01-10;0;0;0;0;0;0;0;0;0;0;0;0;0;0;0;0;0;0
FR;6;2022-01-11;0;0;0;0;0;0;0;0;0;0;0;0;0;0;0;0;0;0
FR;6;2022-01-12;0;0;0;0;0;0;0;0;0;0;0;0;0;0;0;0;0;0
FR;6;2022-01-13;0;0;0;0;0;0;0;0;0;0;0;0;0;0;0;0;0;0
FR;6;2022-01-14;0;0;0;0;0;0;0;0;0;0;0;0;0;0;0;0;0;0
FR;6;2022-01-15;0;0;0;0;0;0;0;0;0;0;0;0;0;0;0;0;0;0
FR;6;2022-01-16;0;0;0;0;0;0;0;0;0;0;0;0;0;0;0;0;0;0
FR;6;2022-01-17;0;0;0;0;0;0;0;0;0;0;0;0;0;0;0;0;0;0
FR;6;2022-01-18;0;0;0;0;0;0;0;0;0;0;0;0;0;0;0;0;0;0
FR;6;2022-01-19;0;0;0;0;0;0;0;0;0;0;0;0;0;0;0;0;0;0
FR;6;2022-01-20;0;0;0;0;0;0;0;0;0;0;0;0;0;0;0;0;0;0
FR;6;2022-01-21;0;0;0;0;0;0;0;0;0;0;0;0;0;0;0;0;0;0
FR;6;2022-01-22;0;0;0;0;0;0;0;0;0;0;0;0;0;0;0;0;0;0
FR;6;2022-01-23;0;0;0;0;0;0;0;0;0;0;0;0;0;0;0;0;0;0
FR;6;2022-01-24;0;0;0;0;0;0;0;0;0;0;0;0;0;0;0;0;0;0
FR;6;2022-01-25;0;0;0;0;0;0;0;0;0;0;0;0;0;0;0;0;0;0
FR;6;2022-01-26;0;0;0;0;0;0;0;0;0;0;0;0;0;0;0;0;0;0
FR;6;2022-01-27;0;0;0;0;0;0;0;0;0;0;0;0;0;0;0;0;0;0
FR;6;2022-01-28;0;0;0;0;0;0;0;0;0;0;0;0;0;0;0;0;0;0
FR;6;2022-01-29;0;0;0;0;0;0;0;0;0;0;0;0;0;0;0;0;0;0
FR;6;2022-01-30;0;0;0;0;0;0;0;0;0;0;0;0;0;0;0;0;0;0
FR;6;2022-01-31;0;0;0;0;0;0;0;0;0;0;0;0;0;0;0;0;0;0
FR;6;2022-02-01;0;0;0;0;0;0;0;0;0;0;0;0;0;0;0;0;0;0
FR;6;2022-02-02;0;0;0;0;0;0;0;0;0;0;0;0;0;0;0;0;0;0
FR;6;2022-02-03;0;0;0;0;0;0;0;0;0;0;0;0;0;0;0;0;0;0
FR;6;2022-02-04;0;0;0;0;0;0;0;0;0;0;0;0;0;0;0;0;0;0
FR;6;2022-02-05;0;0;0;0;0;0;0;0;0;0;0;0;0;0;0;0;0;0
FR;6;2022-02-06;0;0;0;0;0;0;0;0;0;0;0;0;0;0;0;0;0;0
FR;6;2022-02-07;0;0;0;0;0;0;0;0;0;0;0;0;0;0;0;0;0;0
FR;6;2022-02-08;0;0;0;0;0;0;0;0;0;0;0;0;0;0;0;0;0;0
FR;6;2022-02-09;0;0;0;0;0;0;0;0;0;0;0;0;0;0;0;0;0;0
FR;6;2022-02-10;0;0;0;0;0;0;0;0;0;0;0;0;0;0;0;0;0;0
FR;6;2022-02-11;0;0;0;0;0;0;0;0;0;0;0;0;0;0;0;0;0;0
FR;6;2022-02-12;0;0;0;0;0;0;0;0;0;0;0;0;0;0;0;0;0;0
FR;6;2022-02-13;0;0;0;0;0;0;0;0;0;0;0;0;0;0;0;0;0;0
FR;6;2022-02-14;0;0;0;0;0;0;0;0;0;0;0;0;0;0;0;0;0;0
FR;6;2022-02-15;0;0;0;0;0;0;0;0;0;0;0;0;0;0;0;0;0;0
FR;6;2022-02-16;0;0;0;0;0;0;0;0;0;0;0;0;0;0;0;0;0;0
FR;6;2022-02-17;0;0;0;0;0;0;0;0;0;0;0;0;0;0;0;0;0;0
FR;6;2022-02-18;0;0;0;0;0;0;0;0;0;0;0;0;0;0;0;0;0;0
FR;6;2022-02-19;0;0;0;0;0;0;0;0;0;0;0;0;0;0;0;0;0;0
FR;6;2022-02-20;0;0;0;0;0;0;0;0;0;0;0;0;0;0;0;0;0;0
FR;6;2022-02-21;0;0;0;0;0;0;0;0;0;0;0;0;0;0;0;0;0;0
FR;6;2022-02-22;0;0;0;0;0;0;0;0;0;0;0;0;0;0;0;0;0;0
FR;6;2022-02-23;0;0;0;0;0;0;0;0;0;0;0;0;0;0;0;0;0;0
FR;6;2022-02-24;0;0;0;0;0;0;0;0;0;0;0;0;0;0;0;0;0;0
FR;6;2022-02-25;0;0;0;0;0;0;0;0;0;0;0;0;0;0;0;0;0;0
FR;6;2022-02-26;1;0;0;0;0;0;0;0;0;1;0;0;0;0;0;0;0;0
FR;6;2022-02-27;0;0;0;0;0;0;0;0;0;1;0;0;0;0;0;0;0;0
FR;6;2022-02-28;0;0;0;0;0;0;0;0;0;1;0;0;0;0;0;0;0;0
FR;6;2022-03-01;3;0;0;0;0;0;0;0;0;4;0;0;0;0;0;0;0;0
FR;6;2022-03-02;97;9;2;0;15;7;0;0;0;101;9;2;0;15;7;0;0;0
FR;6;2022-03-03;0;0;0;0;0;0;0;0;0;101;9;2;0;15;7;0;0;0
FR;6;2022-03-04;92;4;0;0;8;4;0;0;0;193;13;2;0;23;11;0;0;0
FR;6;2022-03-05;391;23;2;0;60;14;0;0;0;584;36;4;0;83;25;0;0;0
FR;6;2022-03-06;7;1;0;0;2;0;0;0;0;591;37;4;0;85;25;0;0;0
FR;6;2022-03-07;337;19;0;0;51;13;0;0;0;928;56;4;0;136;38;0;0;0
FR;6;2022-03-08;230;14;0;0;47;5;0;0;0;1158;70;4;0;183;43;0;0;0
FR;6;2022-03-09;519;29;2;0;84;21;1;0;0;1677;99;6;0;267;64;1;0;0
FR;6;2022-03-10;206;19;0;1;54;12;1;0;0;1883;118;6;1;321;76;2;0;0
FR;6;2022-03-11;331;22;6;0;53;21;0;0;0;2214;140;12;1;374;97;2;0;0
FR;6;2022-03-12;518;25;1;0;83;20;0;0;0;2732;165;13;1;457;117;2;0;0
FR;6;2022-03-13;40;2;0;0;2;1;0;0;0;2772;167;13;1;459;118;2;0;0
FR;6;2022-03-14;201;4;2;0;39;3;1;0;0;2973;171;15;1;498;121;3;0;0
FR;6;2022-03-15;112;11;2;0;28;9;0;0;0;3085;182;17;1;526;130;3;0;0
FR;6;2022-03-16;310;17;2;1;49;15;1;0;0;3395;199;19;2;575;145;4;0;0
FR;6;2022-03-17;117;6;1;2;14;4;2;0;0;3512;205;20;4;589;149;6;0;0
FR;6;2022-03-18;215;10;0;0;40;6;0;0;0;3727;215;20;4;629;155;6;0;0
FR;6;2022-03-19;307;19;2;0;89;9;0;0;0;4034;234;22;4;718;164;6;0;0
FR;6;2022-03-20;15;5;0;0;5;1;0;0;0;4049;239;22;4;723;165;6;0;0
FR;6;2022-03-21;132;23;1;0;47;4;0;0;0;4181;262;23;4;770;169;6;0;0
FR;6;2022-03-22;97;15;0;0;34;4;0;0;0;4278;277;23;4;804;173;6;0;0
FR;6;2022-03-23;226;108;3;0;154;14;1;0;0;4504;385;26;4;958;187;7;0;0
FR;6;2022-03-24;100;15;1;3;32;4;3;0;0;4604;400;27;7;990;191;10;0;0
FR;6;2022-03-25;203;141;2;1;179;15;2;0;0;4807;541;29;8;1169;206;12;0;0
FR;6;2022-03-26;331;295;7;1;384;19;1;0;0;5138;836;36;9;1553;225;13;0;0
FR;6;2022-03-27;32;30;1;0;37;1;1;0;0;5170;866;37;9;1590;226;14;0;0
FR;6;2022-03-28;201;208;8;1;234;17;3;0;0;5371;1074;45;10;1824;243;17;0;0
FR;6;2022-03-29;124;189;12;2;206;12;9;0;0;5495;1263;57;12;2030;255;26;0;0
FR;6;2022-03-30;305;476;10;2;548;22;6;0;0;5800;1739;67;14;2578;277;32;0;0
FR;6;2022-03-31;123;140;10;0;160;14;5;0;0;5923;1879;77;14;2738;291;37;0;0
FR;6;2022-04-01;195;150;11;2;178;23;3;0;0;6118;2029;88;16;2916;314;40;0;0
FR;6;2022-04-02;206;241;9;1;280;13;8;0;0;6324;2270;97;17;3196;327;48;0;0
FR;6;2022-04-03;17;21;0;0;26;1;0;0;0;6341;2291;97;17;3222;328;48;0;0
FR;6;2022-04-04;137;114;6;1;131;9;5;0;0;6478;2405;103;18;3353;337;53;0;0
FR;6;2022-04-05;146;88;15;1;105;11;8;0;0;6624;2493;118;19;3458;348;61;0;0
FR;6;2022-04-06;204;245;22;26;291;27;33;0;0;6828;2738;140;45;3749;375;94;0;0
FR;6;2022-04-07;127;96;15;9;115;17;14;0;0;6955;2834;155;54;3864;392;108;0;0
FR;6;2022-04-08;199;171;16;3;214;17;9;0;1;7154;3005;171;57;4078;409;117;0;1
FR;6;2022-04-09;145;139;6;12;171;13;4;0;0;7299;3144;177;69;4249;422;121;0;1
FR;6;2022-04-10;10;20;3;0;25;1;3;0;0;7309;3164;180;69;4274;423;124;0;1
FR;6;2022-04-11;101;106;4;0;128;5;3;0;0;7410;3270;184;69;4402;428;127;0;1
FR;6;2022-04-12;136;75;5;8;114;10;10;0;0;7546;3345;189;77;4516;438;137;0;1
FR;6;2022-04-13;162;175;7;5;208;13;8;0;0;7708;3520;196;82;4724;451;145;0;1
FR;6;2022-04-14;100;103;5;10;121;8;10;0;0;7808;3623;201;92;4845;459;155;0;1
FR;6;2022-04-15;158;149;11;7;167;19;14;0;1;7966;3772;212;99;5012;478;169;0;2
FR;6;2022-04-16;127;132;5;0;162;14;2;0;0;8093;3904;217;99;5174;492;171;0;2
FR;6;2022-04-17;8;9;4;0;10;4;0;0;0;8101;3913;221;99;5184;496;171;0;2
FR;6;2022-04-18;8;15;3;0;14;4;0;0;0;8109;3928;224;99;5198;500;171;0;2
FR;6;2022-04-19;97;112;4;3;130;3;7;0;0;8206;4040;228;102;5328;503;178;0;2
FR;6;2022-04-20;178;227;8;7;269;15;3;0;0;8384;4267;236;109;5597;518;181;0;2
FR;6;2022-04-21;111;93;8;4;110;11;7;0;0;8495;4360;244;113;5707;529;188;0;2
FR;6;2022-04-22;138;160;13;12;189;13;13;0;0;8633;4520;257;125;5896;542;201;0;2
FR;6;2022-04-23;106;129;1;1;161;7;1;0;0;8739;4649;258;126;6057;549;202;0;2
FR;6;2022-04-24;5;21;1;0;22;0;1;0;0;8744;4670;259;126;6079;549;203;0;2
FR;6;2022-04-25;90;128;3;8;150;11;9;0;0;8834;4798;262;134;6229;560;212;0;2
FR;6;2022-04-26;101;128;19;2;151;17;13;0;0;8935;4926;281;136;6380;577;225;0;2
FR;6;2022-04-27;197;159;21;1;222;27;11;0;1;9132;5085;302;137;6602;604;236;0;3
FR;6;2022-04-28;109;87;7;1;123;8;7;0;0;9241;5172;309;138;6725;612;243;0;3
FR;6;2022-04-29;191;169;16;2;215;20;6;0;0;9432;5341;325;140;6940;632;249;0;3
FR;6;2022-04-30;133;125;7;1;168;24;2;0;0;9565;5466;332;141;7108;656;251;0;3
FR;6;2022-05-01;7;6;0;0;8;0;0;0;0;9572;5472;332;141;7116;656;251;0;3
FR;6;2022-05-02;94;65;3;4;88;3;4;0;0;9666;5537;335;145;7204;659;255;0;3
FR;6;2022-05-03;136;93;11;2;125;7;9;0;0;9802;5630;346;147;7329;666;264;0;3
FR;6;2022-05-04;167;118;25;12;161;29;12;0;1;9969;5748;371;159;7490;695;276;0;4
FR;6;2022-05-05;101;70;8;3;96;12;6;0;0;10070;5818;379;162;7586;707;282;0;4
FR;6;2022-05-06;152;110;10;9;155;16;11;0;0;10222;5928;389;171;7741;723;293;0;4
FR;6;2022-05-07;139;93;13;3;136;23;8;0;0;10361;6021;402;174;7877;746;301;0;4
FR;6;2022-05-08;20;8;6;5;16;7;5;0;0;10381;6029;408;179;7893;753;306;0;4
FR;6;2022-05-09;86;78;9;7;95;13;6;0;0;10467;6107;417;186;7988;766;312;0;4
FR;6;2022-05-10;112;80;15;7;110;12;13;0;0;10579;6187;432;193;8098;778;325;0;4
FR;6;2022-05-11;130;124;11;14;163;20;6;0;0;10709;6311;443;207;8261;798;331;0;4
FR;6;2022-05-12;105;76;7;5;96;15;6;0;1;10814;6387;450;212;8357;813;337;0;5
FR;6;2022-05-13;155;97;17;21;137;22;16;0;0;10969;6484;467;233;8494;835;353;0;5
FR;6;2022-05-14;81;60;6;7;84;15;2;0;0;11050;6544;473;240;8578;850;355;0;5
FR;6;2022-05-15;12;7;0;0;14;0;0;0;0;11062;6551;473;240;8592;850;355;0;5
FR;6;2022-05-16;65;54;6;2;69;12;3;0;0;11127;6605;479;242;8661;862;358;0;5
FR;6;2022-05-17;123;77;5;7;92;11;8;0;0;11250;6682;484;249;8753;873;366;0;5
FR;6;2022-05-18;131;116;5;1;159;13;3;0;0;11381;6798;489;250;8912;886;369;0;5
FR;6;2022-05-19;124;57;6;8;96;9;8;0;0;11505;6855;495;258;9008;895;377;0;5
FR;6;2022-05-20;125;115;13;3;151;18;10;0;0;11630;6970;508;261;9159;913;387;0;5
FR;6;2022-05-21;92;69;14;3;93;12;8;0;0;11722;7039;522;264;9252;925;395;0;5
FR;6;2022-05-22;19;12;5;0;21;4;1;0;0;11741;7051;527;264;9273;929;396;0;5
FR;6;2022-05-23;77;72;4;2;90;7;2;0;0;11818;7123;531;266;9363;936;398;0;5
FR;6;2022-05-24;117;98;8;2;132;16;4;0;0;11935;7221;539;268;9495;952;402;0;5
FR;6;2022-05-25;139;129;6;3;170;11;6;0;0;12074;7350;545;271;9665;963;408;0;5
FR;6;2022-05-26;7;9;3;0;5;9;0;0;0;12081;7359;548;271;9670;972;408;0;5
FR;6;2022-05-27;127;105;15;11;136;18;18;0;1;12208;7464;563;282;9806;990;426;0;6
FR;6;2022-05-28;54;75;1;5;89;8;5;0;0;12262;7539;564;287;9895;998;431;0;6
FR;6;2022-05-29;8;10;0;0;10;1;0;0;0;12270;7549;564;287;9905;999;431;0;6
FR;6;2022-05-30;70;70;7;4;86;4;9;0;0;12340;7619;571;291;9991;1003;440;0;6
FR;6;2022-05-31;87;102;10;2;122;14;7;0;0;12427;7721;581;293;10113;1017;447;0;6
FR;6;2022-06-01;97;89;10;1;111;11;6;0;0;12524;7810;591;294;10224;1028;453;0;6
FR;6;2022-06-02;91;60;6;3;80;9;6;0;0;12615;7870;597;297;10304;1037;459;0;6
FR;6;2022-06-03;126;102;13;7;129;21;8;0;0;12741;7972;610;304;10433;1058;467;0;6
FR;6;2022-06-04;63;51;10;0;64;12;3;0;0;12804;8023;620;304;10497;1070;470;0;6
FR;6;2022-06-05;16;15;2;1;18;4;1;0;0;12820;8038;622;305;10515;1074;471;0;6
FR;6;2022-06-06;9;6;0;0;8;0;0;0;0;12829;8044;622;305;10523;1074;471;0;6
FR;6;2022-06-07;79;90;3;4;117;8;6;0;0;12908;8134;625;309;10640;1082;477;0;6
FR;6;2022-06-08;92;110;13;5;130;20;6;0;0;13000;8244;638;314;10770;1102;483;0;6
FR;6;2022-06-09;75;81;15;3;106;15;8;0;0;13075;8325;653;317;10876;1117;491;0;6
FR;6;2022-06-10;116;93;26;10;121;22;13;0;0;13191;8418;679;327;10997;1139;504;0;6
FR;6;2022-06-11;83;62;6;10;82;12;11;0;0;13274;8480;685;337;11079;1151;515;0;6
FR;6;2022-06-12;6;14;1;0;16;2;0;0;0;13280;8494;686;337;11095;1153;515;0;6
FR;6;2022-06-13;74;59;18;1;68;7;4;0;0;13354;8553;704;338;11163;1160;519;0;6
FR;6;2022-06-14;98;100;8;5;116;16;8;0;0;13452;8653;712;343;11279;1176;527;0;6
FR;6;2022-06-15;80;86;7;8;114;15;10;0;0;13532;8739;719;351;11393;1191;537;0;6
FR;6;2022-06-16;53;40;11;7;45;14;6;0;0;13585;8779;730;358;11438;1205;543;0;6
FR;6;2022-06-17;86;85;3;13;109;11;5;0;0;13671;8864;733;371;11547;1216;548;0;6
FR;6;2022-06-18;71;62;13;0;88;21;1;0;0;13742;8926;746;371;11635;1237;549;0;6
FR;6;2022-06-19;6;6;3;0;7;4;1;0;0;13748;8932;749;371;11642;1241;550;0;6
FR;6;2022-06-20;42;41;4;1;55;6;1;0;0;13790;8973;753;372;11697;1247;551;0;6
FR;6;2022-06-21;59;73;10;7;82;17;7;0;0;13849;9046;763;379;11779;1264;558;0;6
FR;6;2022-06-22;86;85;8;2;98;17;3;0;0;13935;9131;771;381;11877;1281;561;0;6
FR;6;2022-06-23;64;39;13;7;41;15;10;0;0;13999;9170;784;388;11918;1296;571;0;6
FR;6;2022-06-24;77;85;7;14;95;20;16;0;0;14076;9255;791;402;12013;1316;587;0;6
FR;6;2022-06-25;67;61;4;3;77;8;5;0;0;14143;9316;795;405;12090;1324;592;0;6
FR;6;2022-06-26;6;7;1;0;10;1;0;0;0;14149;9323;796;405;12100;1325;592;0;6
FR;6;2022-06-27;51;50;4;9;62;12;7;0;0;14200;9373;800;414;12162;1337;599;0;6
FR;6;2022-06-28;68;47;6;3;53;15;5;0;0;14268;9420;806;417;12215;1352;604;0;6
FR;6;2022-06-29;98;117;26;37;115;19;35;0;5;14366;9537;832;454;12330;1371;639;0;11
FR;6;2022-06-30;84;60;33;10;61;12;7;0;0;14450;9597;865;464;12391;1383;646;0;11
FR;6;2022-07-01;115;94;25;33;102;18;27;0;1;14565;9691;890;497;12493;1401;673;0;12
FR;6;2022-07-02;58;67;26;2;64;37;6;0;0;14623;9758;916;499;12557;1438;679;0;12
FR;6;2022-07-03;11;4;4;3;5;4;3;0;0;14634;9762;920;502;12562;1442;682;0;12
FR;6;2022-07-04;61;43;3;23;55;13;20;0;0;14695;9805;923;525;12617;1455;702;0;12
FR;6;2022-07-05;65;53;19;67;60;27;63;0;0;14760;9858;942;592;12677;1482;765;0;12
FR;6;2022-07-06;94;64;7;11;78;12;17;0;0;14854;9922;949;603;12755;1494;782;0;12
FR;6;2022-07-07;99;79;42;37;99;14;34;0;4;14953;10001;991;640;12854;1508;816;0;16
FR;6;2022-07-08;139;87;42;27;116;10;25;0;3;15092;10088;1033;667;12970;1518;841;0;19
FR;6;2022-07-09;53;51;16;29;51;27;33;0;1;15145;10139;1049;696;13021;1545;874;0;20
FR;6;2022-07-10;3;7;8;0;9;9;0;0;0;15148;10146;1057;696;13030;1554;874;0;20
FR;6;2022-07-11;54;44;5;4;47;12;4;0;0;15202;10190;1062;700;13077;1566;878;0;20
FR;6;2022-07-12;70;72;12;23;87;12;27;0;0;15272;10262;1074;723;13164;1578;905;0;20
FR;6;2022-07-13;84;65;14;21;71;25;22;0;0;15356;10327;1088;744;13235;1603;927;0;20
FR;6;2022-07-14;4;3;1;0;4;1;0;0;0;15360;10330;1089;744;13239;1604;927;0;20
FR;6;2022-07-15;74;59;9;57;85;16;45;0;0;15434;10389;1098;801;13324;1620;972;0;20
FR;6;2022-07-16;27;31;17;0;37;17;3;0;0;15461;10420;1115;801;13361;1637;975;0;20
FR;6;2022-07-17;3;7;0;0;8;0;0;0;0;15464;10427;1115;801;13369;1637;975;0;20
FR;6;2022-07-18;37;62;11;14;60;15;14;0;6;15501;10489;1126;815;13429;1652;989;0;26
FR;6;2022-07-19;54;48;4;19;60;6;21;0;1;15555;10537;1130;834;13489;1658;1010;0;27
FR;6;2022-07-20;53;70;7;22;75;11;27;0;0;15608;10607;1137;856;13564;1669;1037;0;27
FR;6;2022-07-21;51;61;4;7;56;11;9;0;0;15659;10668;1141;863;13620;1680;1046;0;27
FR;6;2022-07-22;55;74;7;26;82;8;16;0;2;15714;10742;1148;889;13702;1688;1062;0;29
FR;6;2022-07-23;38;40;6;10;40;6;9;0;1;15752;10782;1154;899;13742;1694;1071;0;30
FR;6;2022-07-24;11;14;1;3;19;3;3;0;0;15763;10796;1155;902;13761;1697;1074;0;30
FR;6;2022-07-25;60;44;8;12;41;9;13;0;1;15823;10840;1163;914;13802;1706;1087;0;31
FR;6;2022-07-26;47;64;14;6;62;10;13;0;0;15870;10904;1177;920;13864;1716;1100;0;31
FR;6;2022-07-27;54;78;15;11;80;18;15;0;8;15924;10982;1192;931;13944;1734;1115;0;39
FR;6;2022-07-28;30;48;4;6;50;8;7;0;1;15954;11030;1196;937;13994;1742;1122;0;40
FR;6;2022-07-29;43;71;10;38;60;24;36;0;1;15997;11101;1206;975;14054;1766;1158;0;41
FR;6;2022-07-30;26;48;4;15;49;7;15;0;0;16023;11149;1210;990;14103;1773;1173;0;41
FR;6;2022-07-31;0;1;1;0;1;0;1;0;0;16023;11150;1211;990;14104;1773;1174;0;41
FR;6;2022-08-01;39;36;14;8;32;10;6;0;1;16062;11186;1225;998;14136;1783;1180;0;42
FR;6;2022-08-02;37;46;10;14;52;6;16;0;0;16099;11232;1235;1012;14188;1789;1196;0;42
FR;6;2022-08-03;29;52;7;16;53;11;19;0;0;16128;11284;1242;1028;14241;1800;1215;0;42
FR;6;2022-08-04;25;21;4;9;20;6;10;0;1;16153;11305;1246;1037;14261;1806;1225;0;43
FR;6;2022-08-05;43;45;1;7;53;5;7;0;0;16196;11350;1247;1044;14314;1811;1232;0;43
FR;6;2022-08-06;17;27;1;3;33;2;4;0;0;16213;11377;1248;1047;14347;1813;1236;0;43
FR;6;2022-08-07;1;2;0;0;2;0;0;0;0;16214;11379;1248;1047;14349;1813;1236;0;43
FR;6;2022-08-08;24;33;1;0;40;1;0;0;0;16238;11412;1249;1047;14389;1814;1236;0;43
FR;6;2022-08-09;22;30;6;3;29;3;3;0;0;16260;11442;1255;1050;14418;1817;1239;0;43
FR;6;2022-08-10;32;36;5;9;38;5;9;0;5;16292;11478;1260;1059;14456;1822;1248;0;48
FR;6;2022-08-11;33;33;1;1;40;1;0;0;1;16325;11511;1261;1060;14496;1823;1248;0;49
FR;6;2022-08-12;50;44;6;2;50;15;3;0;1;16375;11555;1267;1062;14546;1838;1251;0;50
FR;6;2022-08-13;9;20;0;0;22;1;0;0;0;16384;11575;1267;1062;14568;1839;1251;0;50
FR;6;2022-08-14;3;1;0;0;2;0;0;0;0;16387;11576;1267;1062;14570;1839;1251;0;50
FR;6;2022-08-15;2;3;1;0;4;0;1;0;0;16389;11579;1268;1062;14574;1839;1252;0;50
FR;6;2022-08-16;35;66;21;7;66;7;2;0;0;16424;11645;1289;1069;14640;1846;1254;0;50
FR;6;2022-08-17;32;44;10;9;41;10;6;0;7;16456;11689;1299;1078;14681;1856;1260;0;57
FR;6;2022-08-18;29;55;14;4;61;4;0;0;1;16485;11744;1313;1082;14742;1860;1260;0;58
FR;6;2022-08-19;30;45;5;4;47;3;2;0;1;16515;11789;1318;1086;14789;1863;1262;0;59
FR;6;2022-08-20;26;29;3;0;29;8;1;0;0;16541;11818;1321;1086;14818;1871;1263;0;59
FR;6;2022-08-21;1;5;2;0;5;0;0;0;0;16542;11823;1323;1086;14823;1871;1263;0;59
FR;6;2022-08-22;20;42;15;1;45;0;0;0;0;16562;11865;1338;1087;14868;1871;1263;0;59
FR;6;2022-08-23;34;45;6;7;47;6;4;0;2;16596;11910;1344;1094;14915;1877;1267;0;61
FR;6;2022-08-24;34;30;6;3;36;6;2;0;3;16630;11940;1350;1097;14951;1883;1269;0;64
FR;6;2022-08-25;25;27;1;1;29;5;1;0;0;16655;11967;1351;1098;14980;1888;1270;0;64
FR;6;2022-08-26;38;44;4;4;51;7;7;0;0;16693;12011;1355;1102;15031;1895;1277;0;64
FR;6;2022-08-27;19;21;7;3;22;8;4;0;0;16712;12032;1362;1105;15053;1903;1281;0;64
FR;6;2022-08-28;6;3;0;6;3;1;1;0;4;16718;12035;1362;1111;15056;1904;1282;0;68
FR;6;2022-08-29;26;22;2;6;29;3;6;0;0;16744;12057;1364;1117;15085;1907;1288;0;68
FR;6;2022-08-30;28;35;4;12;33;8;13;0;0;16772;12092;1368;1129;15118;1915;1301;0;68
FR;6;2022-08-31;35;38;2;11;46;3;12;0;0;16807;12130;1370;1140;15164;1918;1313;0;68
FR;6;2022-09-01;17;11;5;1;13;4;3;0;0;16824;12141;1375;1141;15177;1922;1316;0;68
FR;6;2022-09-02;19;14;2;1;13;3;2;0;0;16843;12155;1377;1142;15190;1925;1318;0;68
FR;6;2022-09-03;10;3;1;5;4;2;5;0;0;16853;12158;1378;1147;15194;1927;1323;0;68
FR;6;2022-09-04;4;1;0;0;1;0;0;0;0;16857;12159;1378;1147;15195;1927;1323;0;68
FR;6;2022-09-05;8;7;0;0;10;0;0;0;0;16865;12166;1378;1147;15205;1927;1323;0;68
FR;6;2022-09-06;7;9;7;12;8;6;15;0;0;16872;12175;1385;1159;15213;1933;1338;0;68
FR;6;2022-09-07;3;8;1;0;8;1;0;0;0;16875;12183;1386;1159;15221;1934;1338;0;68
FR;6;2022-09-08;6;4;0;2;3;1;2;0;0;16881;12187;1386;1161;15224;1935;1340;0;68
FR;6;2022-09-09;7;9;2;7;9;3;8;0;0;16888;12196;1388;1168;15233;1938;1348;0;68
FR;6;2022-09-10;3;4;1;0;3;1;1;0;0;16891;12200;1389;1168;15236;1939;1349;0;68
FR;6;2022-09-11;1;3;0;0;3;0;0;0;0;16892;12203;1389;1168;15239;1939;1349;0;68
FR;6;2022-09-12;10;4;1;0;3;3;0;0;0;16902;12207;1390;1168;15242;1942;1349;0;68
FR;6;2022-09-13;7;2;3;0;2;2;2;0;0;16909;12209;1393;1168;15244;1944;1351;0;68
FR;6;2022-09-14;9;8;2;0;7;4;0;0;0;16918;12217;1395;1168;15251;1948;1351;0;68
FR;6;2022-09-15;8;13;5;5;9;9;3;0;2;16926;12230;1400;1173;15260;1957;1354;0;70
FR;6;2022-09-16;25;39;1;1;47;4;1;0;2;16951;12269;1401;1174;15307;1961;1355;0;72
FR;6;2022-09-17;24;22;0;6;24;5;3;0;2;16975;12291;1401;1180;15331;1966;1358;0;74
FR;6;2022-09-18;5;4;0;0;4;1;0;0;0;16980;12295;1401;1180;15335;1967;1358;0;74
FR;6;2022-09-19;30;30;2;1;32;5;1;0;0;17010;12325;1403;1181;15367;1972;1359;0;74
FR;6;2022-09-20;34;25;1;4;29;6;2;0;1;17044;12350;1404;1185;15396;1978;1361;0;75
FR;6;2022-09-21;21;9;3;3;7;7;5;0;3;17065;12359;1407;1188;15403;1985;1366;0;78
FR;6;2022-09-22;19;28;1;22;32;3;21;0;1;17084;12387;1408;1210;15435;1988;1387;0;79
FR;6;2022-09-23;28;41;5;9;47;9;2;0;0;17112;12428;1413;1219;15482;1997;1389;0;79
FR;6;2022-09-24;16;16;4;2;21;6;2;0;0;17128;12444;1417;1221;15503;2003;1391;0;79
FR;6;2022-09-25;3;14;0;0;14;1;0;0;0;17131;12458;1417;1221;15517;2004;1391;0;79
FR;6;2022-09-26;16;13;0;18;12;5;18;0;2;17147;12471;1417;1239;15529;2009;1409;0;81
FR;6;2022-09-27;32;19;2;3;23;4;4;0;0;17179;12490;1419;1242;15552;2013;1413;0;81
FR;6;2022-09-28;27;10;9;11;16;5;17;0;2;17206;12500;1428;1253;15568;2018;1430;0;83
FR;6;2022-09-29;13;13;10;34;16;6;33;0;7;17219;12513;1438;1287;15584;2024;1463;0;90
FR;6;2022-09-30;34;24;5;6;33;5;3;0;0;17253;12537;1443;1293;15617;2029;1466;0;90
FR;6;2022-10-01;17;12;5;8;9;8;8;0;2;17270;12549;1448;1301;15626;2037;1474;0;92
FR;6;2022-10-02;3;0;0;0;1;0;0;0;0;17273;12549;1448;1301;15627;2037;1474;0;92
FR;6;2022-10-03;11;10;3;5;11;4;6;0;0;17284;12559;1451;1306;15638;2041;1480;0;92
FR;6;2022-10-04;19;17;4;28;21;3;30;0;3;17303;12576;1455;1334;15659;2044;1510;0;95
FR;6;2022-10-05;11;12;3;2;9;7;4;0;0;17314;12588;1458;1336;15668;2051;1514;0;95
FR;6;2022-10-06;19;13;4;6;17;2;10;0;0;17333;12601;1462;1342;15685;2053;1524;0;95
FR;6;2022-10-07;27;26;5;24;24;11;16;0;5;17360;12627;1467;1366;15709;2064;1540;0;100
FR;6;2022-10-08;18;13;0;0;16;0;0;0;0;17378;12640;1467;1366;15725;2064;1540;0;100
FR;6;2022-10-09;7;3;4;27;3;4;30;0;6;17385;12643;1471;1393;15728;2068;1570;0;106
FR;6;2022-10-10;15;14;1;16;16;6;13;0;0;17400;12657;1472;1409;15744;2074;1583;0;106
FR;6;2022-10-11;21;23;3;11;22;8;13;0;3;17421;12680;1475;1420;15766;2082;1596;0;109
FR;6;2022-10-12;20;16;7;19;18;3;24;0;7;17441;12696;1482;1439;15784;2085;1620;0;116
FR;6;2022-10-13;28;15;2;36;23;0;38;0;6;17469;12711;1484;1475;15807;2085;1658;0;122
FR;6;2022-10-14;29;23;5;49;23;11;45;0;13;17498;12734;1489;1524;15830;2096;1703;0;135
FR;6;2022-10-15;13;9;0;22;8;4;21;0;6;17511;12743;1489;1546;15838;2100;1724;0;141
FR;6;2022-10-16;4;5;0;6;2;3;6;0;0;17515;12748;1489;1552;15840;2103;1730;0;141
FR;6;2022-10-17;14;14;2;10;14;1;12;0;2;17529;12762;1491;1562;15854;2104;1742;0;143
FR;6;2022-10-18;12;19;9;26;19;4;18;0;11;17541;12781;1500;1588;15873;2108;1760;0;154
FR;6;2022-10-19;10;20;6;16;20;5;19;0;5;17551;12801;1506;1604;15893;2113;1779;0;159
FR;6;2022-10-20;16;15;12;57;18;5;67;0;13;17567;12816;1518;1661;15911;2118;1846;0;172
FR;6;2022-10-21;16;21;9;34;22;11;37;0;10;17583;12837;1527;1695;15933;2129;1883;0;182
FR;6;2022-10-22;19;14;1;4;17;3;4;0;0;17602;12851;1528;1699;15950;2132;1887;0;182
FR;6;2022-10-23;3;2;1;0;3;0;1;0;0;17605;12853;1529;1699;15953;2132;1888;0;182
FR;6;2022-10-24;12;14;2;7;14;6;5;0;2;17617;12867;1531;1706;15967;2138;1893;0;184
FR;6;2022-10-25;20;13;6;17;16;7;19;0;4;17637;12880;1537;1723;15983;2145;1912;0;188
FR;6;2022-10-26;17;9;4;13;12;4;15;0;5;17654;12889;1541;1736;15995;2149;1927;0;193
FR;6;2022-10-27;20;7;8;37;10;6;36;0;14;17674;12896;1549;1773;16005;2155;1963;0;207
FR;6;2022-10-28;21;27;3;4;28;6;5;0;1;17695;12923;1552;1777;16033;2161;1968;0;208
FR;6;2022-10-29;7;11;5;11;10;6;14;0;12;17702;12934;1557;1788;16043;2167;1982;0;220
FR;6;2022-10-30;2;5;0;0;5;0;0;0;0;17704;12939;1557;1788;16048;2167;1982;0;220
FR;6;2022-10-31;20;14;2;13;17;4;12;0;3;17724;12953;1559;1801;16065;2171;1994;0;223
FR;6;2022-11-01;2;1;1;0;1;1;0;0;0;17726;12954;1560;1801;16066;2172;1994;0;223
FR;6;2022-11-02;15;25;9;21;26;11;19;0;12;17741;12979;1569;1822;16092;2183;2013;0;235
FR;6;2022-11-03;17;17;11;39;20;8;43;0;9;17758;12996;1580;1861;16112;2191;2056;0;244
FR;6;2022-11-04;19;22;9;16;27;5;16;0;10;17777;13018;1589;1877;16139;2196;2072;0;254
FR;6;2022-11-05;9;16;2;4;17;4;6;0;0;17786;13034;1591;1881;16156;2200;2078;0;254
FR;6;2022-11-06;5;1;0;0;1;0;0;0;0;17791;13035;1591;1881;16157;2200;2078;0;254
FR;6;2022-11-07;18;10;6;17;12;4;18;0;11;17809;13045;1597;1898;16169;2204;2096;0;265
FR;6;2022-11-08;18;10;2;3;8;5;5;0;4;17827;13055;1599;1901;16177;2209;2101;0;269
FR;6;2022-11-09;16;22;1;6;21;4;5;0;4;17843;13077;1600;1907;16198;2213;2106;0;273
FR;6;2022-11-10;10;10;4;12;8;5;11;0;10;17853;13087;1604;1919;16206;2218;2117;0;283
FR;6;2022-11-11;4;1;0;0;1;1;0;0;0;17857;13088;1604;1919;16207;2219;2117;0;283
FR;6;2022-11-12;4;11;1;7;11;2;5;0;9;17861;13099;1605;1926;16218;2221;2122;0;292
FR;6;2022-11-13;1;1;0;1;1;0;1;0;0;17862;13100;1605;1927;16219;2221;2123;0;292
FR;6;2022-11-14;13;10;7;32;14;8;33;0;14;17875;13110;1612;1959;16233;2229;2156;0;306
FR;6;2022-11-15;7;18;1;11;16;4;7;0;2;17882;13128;1613;1970;16249;2233;2163;0;308
FR;6;2022-11-16;16;15;9;32;17;3;42;0;9;17898;13143;1622;2002;16266;2236;2205;0;317
FR;6;2022-11-17;10;8;1;29;8;2;28;0;5;17908;13151;1623;2031;16274;2238;2233;0;322
FR;6;2022-11-18;20;12;5;23;16;4;25;0;7;17928;13163;1628;2054;16290;2242;2258;0;329
FR;6;2022-11-19;5;13;0;2;11;3;2;0;1;17933;13176;1628;2056;16301;2245;2260;0;330
FR;6;2022-11-20;2;1;2;0;1;2;0;0;0;17935;13177;1630;2056;16302;2247;2260;0;330
FR;6;2022-11-21;22;13;1;14;14;6;11;0;3;17957;13190;1631;2070;16316;2253;2271;0;333
FR;6;2022-11-22;14;9;0;4;11;1;3;0;1;17971;13199;1631;2074;16327;2254;2274;0;334
FR;6;2022-11-23;14;15;15;23;17;9;31;0;8;17985;13214;1646;2097;16344;2263;2305;0;342
FR;6;2022-11-24;14;17;1;11;19;5;10;0;7;17999;13231;1647;2108;16363;2268;2315;0;349
FR;6;2022-11-25;23;15;5;50;15;5;47;0;5;18022;13246;1652;2158;16378;2273;2362;0;354
FR;6;2022-11-26;9;5;2;4;3;2;5;0;1;18031;13251;1654;2162;16381;2275;2367;0;355
FR;6;2022-11-27;1;4;0;0;4;0;0;0;0;18032;13255;1654;2162;16385;2275;2367;0;355
FR;6;2022-11-28;9;11;6;22;11;3;24;0;11;18041;13266;1660;2184;16396;2278;2391;0;366
FR;6;2022-11-29;15;10;1;12;14;1;8;0;7;18056;13276;1661;2196;16410;2279;2399;0;373
FR;6;2022-11-30;18;20;8;23;19;12;22;0;8;18074;13296;1669;2219;16429;2291;2421;0;381
FR;6;2022-12-01;12;9;7;20;11;4;24;0;9;18086;13305;1676;2239;16440;2295;2445;0;390
FR;6;2022-12-02;16;9;12;36;12;8;42;0;1;18102;13314;1688;2275;16452;2303;2487;0;391
FR;6;2022-12-03;13;3;13;20;6;5;28;0;13;18115;13317;1701;2295;16458;2308;2515;0;404
FR;6;2022-12-04;3;1;0;2;1;0;2;0;0;18118;13318;1701;2297;16459;2308;2517;0;404
FR;6;2022-12-05;11;10;7;16;11;4;19;0;8;18129;13328;1708;2313;16470;2312;2536;0;412
FR;6;2022-12-06;10;19;3;30;12;11;28;0;3;18139;13347;1711;2343;16482;2323;2564;0;415
FR;6;2022-12-07;17;8;10;56;10;8;57;0;30;18156;13355;1721;2399;16492;2331;2621;0;445
FR;6;2022-12-08;9;13;8;19;11;7;21;0;13;18165;13368;1729;2418;16503;2338;2642;0;458
FR;6;2022-12-09;15;9;5;29;12;4;30;0;6;18180;13377;1734;2447;16515;2342;2672;0;464
FR;6;2022-12-10;12;9;6;9;7;4;14;0;7;18192;13386;1740;2456;16522;2346;2686;0;471
FR;6;2022-12-11;4;2;1;0;2;1;0;0;0;18196;13388;1741;2456;16524;2347;2686;0;471
FR;6;2022-12-12;17;10;8;36;14;9;33;0;17;18213;13398;1749;2492;16538;2356;2719;0;488
FR;6;2022-12-13;17;21;12;66;16;18;65;0;14;18230;13419;1761;2558;16554;2374;2784;0;502
FR;6;2022-12-14;14;13;8;53;11;12;53;0;14;18244;13432;1769;2611;16565;2386;2837;0;516
FR;6;2022-12-15;12;15;14;38;13;9;44;0;9;18256;13447;1783;2649;16578;2395;2881;0;525
FR;6;2022-12-16;18;14;15;39;15;14;39;0;13;18274;13461;1798;2688;16593;2409;2920;0;538
FR;6;2022-12-17;11;10;15;28;9;15;29;0;8;18285;13471;1813;2716;16602;2424;2949;0;546
FR;6;2022-12-18;7;4;0;2;5;0;2;0;0;18292;13475;1813;2718;16607;2424;2951;0;546
FR;6;2022-12-19;12;8;9;29;8;12;29;0;15;18304;13483;1822;2747;16615;2436;2980;0;561
FR;6;2022-12-20;17;23;11;23;17;19;22;0;21;18321;13506;1833;2770;16632;2455;3002;0;582
FR;6;2022-12-21;23;16;9;19;13;13;17;0;5;18344;13522;1842;2789;16645;2468;3019;0;587
FR;6;2022-12-22;13;14;9;21;15;13;18;0;11;18357;13536;1851;2810;16660;2481;3037;0;598
FR;6;2022-12-23;10;19;12;7;14;18;7;0;3;18367;13555;1863;2817;16674;2499;3044;0;601
FR;6;2022-12-24;4;5;3;0;5;2;2;0;0;18371;13560;1866;2817;16679;2501;3046;0;601
FR;6;2022-12-25;0;0;0;0;0;0;0;0;0;18371;13560;1866;2817;16679;2501;3046;0;601
FR;6;2022-12-26;8;12;12;11;10;18;11;0;3;18379;13572;1878;2828;16689;2519;3057;0;604
FR;6;2022-12-27;17;13;15;8;12;19;8;0;0;18396;13585;1893;2836;16701;2538;3065;0;604
FR;6;2022-12-28;15;19;6;8;19;9;9;0;4;18411;13604;1899;2844;16720;2547;3074;0;608
FR;6;2022-12-29;15;12;7;8;10;9;9;0;7;18426;13616;1906;2852;16730;2556;3083;0;615
FR;6;2022-12-30;20;19;13;8;20;13;11;0;4;18446;13635;1919;2860;16750;2569;3094;0;619
FR;6;2022-12-31;5;2;6;1;4;7;1;0;1;18451;13637;1925;2861;16754;2576;3095;0;620
FR;6;2023-01-01;2;1;0;3;0;3;0;0;1;18453;13638;1925;2864;16754;2579;3095;0;621
FR;6;2023-01-02;9;14;2;3;10;7;3;0;0;18462;13652;1927;2867;16764;2586;3098;0;621
FR;6;2023-01-03;7;17;9;21;17;9;21;0;7;18469;13669;1936;2888;16781;2595;3119;0;628
FR;6;2023-01-04;9;9;4;10;8;8;6;0;14;18478;13678;1940;2898;16789;2603;3125;0;642
FR;6;2023-01-05;9;11;6;23;10;3;26;0;8;18487;13689;1946;2921;16799;2606;3151;0;650
FR;6;2023-01-06;16;24;15;30;21;17;29;0;15;18503;13713;1961;2951;16820;2623;3180;0;665
FR;6;2023-01-07;9;19;4;1;10;13;3;0;1;18512;13732;1965;2952;16830;2636;3183;0;666
FR;6;2023-01-08;2;7;4;11;6;4;11;0;3;18514;13739;1969;2963;16836;2640;3194;0;669
FR;6;2023-01-09;16;9;5;35;8;7;34;0;17;18530;13748;1974;2998;16844;2647;3228;0;686
FR;6;2023-01-10;10;15;13;23;13;10;26;0;9;18540;13763;1987;3021;16857;2657;3254;0;695
FR;6;2023-01-11;15;14;5;16;18;6;14;0;12;18555;13777;1992;3037;16875;2663;3268;0;707
FR;6;2023-01-12;7;13;1;3;10;3;3;0;3;18562;13790;1993;3040;16885;2666;3271;0;710
FR;6;2023-01-13;19;14;18;38;14;19;41;0;26;18581;13804;2011;3078;16899;2685;3312;0;736
FR;6;2023-01-14;20;8;6;2;9;9;2;0;0;18601;13812;2017;3080;16908;2694;3314;0;736
FR;6;2023-01-15;0;0;1;3;0;1;3;0;0;18601;13812;2018;3083;16908;2695;3317;0;736
FR;6;2023-01-16;22;12;2;1;10;6;3;0;2;18623;13824;2020;3084;16918;2701;3320;0;738
FR;8;2020-12-27;0;0;0;0;0;0;0;0;0;0;0;0;0;0;0;0;0;0
FR;8;2020-12-28;0;0;0;0;0;0;0;0;0;0;0;0;0;0;0;0;0;0
FR;8;2020-12-29;0;0;0;0;0;0;0;0;0;0;0;0;0;0;0;0;0;0
FR;8;2020-12-30;0;0;0;0;0;0;0;0;0;0;0;0;0;0;0;0;0;0
FR;8;2020-12-31;0;0;0;0;0;0;0;0;0;0;0;0;0;0;0;0;0;0
FR;8;2021-01-01;0;0;0;0;0;0;0;0;0;0;0;0;0;0;0;0;0;0
FR;8;2021-01-02;0;0;0;0;0;0;0;0;0;0;0;0;0;0;0;0;0;0
FR;8;2021-01-03;0;0;0;0;0;0;0;0;0;0;0;0;0;0;0;0;0;0
FR;8;2021-01-04;0;0;0;0;0;0;0;0;0;0;0;0;0;0;0;0;0;0
FR;8;2021-01-05;0;0;0;0;0;0;0;0;0;0;0;0;0;0;0;0;0;0
FR;8;2021-01-06;0;0;0;0;0;0;0;0;0;0;0;0;0;0;0;0;0;0
FR;8;2021-01-07;0;0;0;0;0;0;0;0;0;0;0;0;0;0;0;0;0;0
FR;8;2021-01-08;0;0;0;0;0;0;0;0;0;0;0;0;0;0;0;0;0;0
FR;8;2021-01-09;0;0;0;0;0;0;0;0;0;0;0;0;0;0;0;0;0;0
FR;8;2021-01-10;0;0;0;0;0;0;0;0;0;0;0;0;0;0;0;0;0;0
FR;8;2021-01-11;0;0;0;0;0;0;0;0;0;0;0;0;0;0;0;0;0;0
FR;8;2021-01-12;0;0;0;0;0;0;0;0;0;0;0;0;0;0;0;0;0;0
FR;8;2021-01-13;0;0;0;0;0;0;0;0;0;0;0;0;0;0;0;0;0;0
FR;8;2021-01-14;0;0;0;0;0;0;0;0;0;0;0;0;0;0;0;0;0;0
FR;8;2021-01-15;0;0;0;0;0;0;0;0;0;0;0;0;0;0;0;0;0;0
FR;8;2021-01-16;0;0;0;0;0;0;0;0;0;0;0;0;0;0;0;0;0;0
FR;8;2021-01-17;0;0;0;0;0;0;0;0;0;0;0;0;0;0;0;0;0;0
FR;8;2021-01-18;0;0;0;0;0;0;0;0;0;0;0;0;0;0;0;0;0;0
FR;8;2021-01-19;0;0;0;0;0;0;0;0;0;0;0;0;0;0;0;0;0;0
FR;8;2021-01-20;0;0;0;0;0;0;0;0;0;0;0;0;0;0;0;0;0;0
FR;8;2021-01-21;0;0;0;0;0;0;0;0;0;0;0;0;0;0;0;0;0;0
FR;8;2021-01-22;0;0;0;0;0;0;0;0;0;0;0;0;0;0;0;0;0;0
FR;8;2021-01-23;0;0;0;0;0;0;0;0;0;0;0;0;0;0;0;0;0;0
FR;8;2021-01-24;0;0;0;0;0;0;0;0;0;0;0;0;0;0;0;0;0;0
FR;8;2021-01-25;0;0;0;0;0;0;0;0;0;0;0;0;0;0;0;0;0;0
FR;8;2021-01-26;0;0;0;0;0;0;0;0;0;0;0;0;0;0;0;0;0;0
FR;8;2021-01-27;0;0;0;0;0;0;0;0;0;0;0;0;0;0;0;0;0;0
FR;8;2021-01-28;0;0;0;0;0;0;0;0;0;0;0;0;0;0;0;0;0;0
FR;8;2021-01-29;0;0;0;0;0;0;0;0;0;0;0;0;0;0;0;0;0;0
FR;8;2021-01-30;0;0;0;0;0;0;0;0;0;0;0;0;0;0;0;0;0;0
FR;8;2021-01-31;0;0;0;0;0;0;0;0;0;0;0;0;0;0;0;0;0;0
FR;8;2021-02-01;0;0;0;0;0;0;0;0;0;0;0;0;0;0;0;0;0;0
FR;8;2021-02-02;0;0;0;0;0;0;0;0;0;0;0;0;0;0;0;0;0;0
FR;8;2021-02-03;0;0;0;0;0;0;0;0;0;0;0;0;0;0;0;0;0;0
FR;8;2021-02-04;0;0;0;0;0;0;0;0;0;0;0;0;0;0;0;0;0;0
FR;8;2021-02-05;0;0;0;0;0;0;0;0;0;0;0;0;0;0;0;0;0;0
FR;8;2021-02-06;0;0;0;0;0;0;0;0;0;0;0;0;0;0;0;0;0;0
FR;8;2021-02-07;0;0;0;0;0;0;0;0;0;0;0;0;0;0;0;0;0;0
FR;8;2021-02-08;0;0;0;0;0;0;0;0;0;0;0;0;0;0;0;0;0;0
FR;8;2021-02-09;0;0;0;0;0;0;0;0;0;0;0;0;0;0;0;0;0;0
FR;8;2021-02-10;0;0;0;0;0;0;0;0;0;0;0;0;0;0;0;0;0;0
FR;8;2021-02-11;0;0;0;0;0;0;0;0;0;0;0;0;0;0;0;0;0;0
FR;8;2021-02-12;0;0;0;0;0;0;0;0;0;0;0;0;0;0;0;0;0;0
FR;8;2021-02-13;0;0;0;0;0;0;0;0;0;0;0;0;0;0;0;0;0;0
FR;8;2021-02-14;0;0;0;0;0;0;0;0;0;0;0;0;0;0;0;0;0;0
FR;8;2021-02-15;0;0;0;0;0;0;0;0;0;0;0;0;0;0;0;0;0;0
FR;8;2021-02-16;0;0;0;0;0;0;0;0;0;0;0;0;0;0;0;0;0;0
FR;8;2021-02-17;0;0;0;0;0;0;0;0;0;0;0;0;0;0;0;0;0;0
FR;8;2021-02-18;0;0;0;0;0;0;0;0;0;0;0;0;0;0;0;0;0;0
FR;8;2021-02-19;0;0;0;0;0;0;0;0;0;0;0;0;0;0;0;0;0;0
FR;8;2021-02-20;0;0;0;0;0;0;0;0;0;0;0;0;0;0;0;0;0;0
FR;8;2021-02-21;0;0;0;0;0;0;0;0;0;0;0;0;0;0;0;0;0;0
FR;8;2021-02-22;0;0;0;0;0;0;0;0;0;0;0;0;0;0;0;0;0;0
FR;8;2021-02-23;0;0;0;0;0;0;0;0;0;0;0;0;0;0;0;0;0;0
FR;8;2021-02-24;0;0;0;0;0;0;0;0;0;0;0;0;0;0;0;0;0;0
FR;8;2021-02-25;0;0;0;0;0;0;0;0;0;0;0;0;0;0;0;0;0;0
FR;8;2021-02-26;0;0;0;0;0;0;0;0;0;0;0;0;0;0;0;0;0;0
FR;8;2021-02-27;0;0;0;0;0;0;0;0;0;0;0;0;0;0;0;0;0;0
FR;8;2021-02-28;0;0;0;0;0;0;0;0;0;0;0;0;0;0;0;0;0;0
FR;8;2021-03-01;0;0;0;0;0;0;0;0;0;0;0;0;0;0;0;0;0;0
FR;8;2021-03-02;0;0;0;0;0;0;0;0;0;0;0;0;0;0;0;0;0;0
FR;8;2021-03-03;0;0;0;0;0;0;0;0;0;0;0;0;0;0;0;0;0;0
FR;8;2021-03-04;0;0;0;0;0;0;0;0;0;0;0;0;0;0;0;0;0;0
FR;8;2021-03-05;0;0;0;0;0;0;0;0;0;0;0;0;0;0;0;0;0;0
FR;8;2021-03-06;0;0;0;0;0;0;0;0;0;0;0;0;0;0;0;0;0;0
FR;8;2021-03-07;0;0;0;0;0;0;0;0;0;0;0;0;0;0;0;0;0;0
FR;8;2021-03-08;0;0;0;0;0;0;0;0;0;0;0;0;0;0;0;0;0;0
FR;8;2021-03-09;0;0;0;0;0;0;0;0;0;0;0;0;0;0;0;0;0;0
FR;8;2021-03-10;0;0;0;0;0;0;0;0;0;0;0;0;0;0;0;0;0;0
FR;8;2021-03-11;0;0;0;0;0;0;0;0;0;0;0;0;0;0;0;0;0;0
FR;8;2021-03-12;0;0;0;0;0;0;0;0;0;0;0;0;0;0;0;0;0;0
FR;8;2021-03-13;0;0;0;0;0;0;0;0;0;0;0;0;0;0;0;0;0;0
FR;8;2021-03-14;0;0;0;0;0;0;0;0;0;0;0;0;0;0;0;0;0;0
FR;8;2021-03-15;0;0;0;0;0;0;0;0;0;0;0;0;0;0;0;0;0;0
FR;8;2021-03-16;0;0;0;0;0;0;0;0;0;0;0;0;0;0;0;0;0;0
FR;8;2021-03-17;0;0;0;0;0;0;0;0;0;0;0;0;0;0;0;0;0;0
FR;8;2021-03-18;0;0;0;0;0;0;0;0;0;0;0;0;0;0;0;0;0;0
FR;8;2021-03-19;0;0;0;0;0;0;0;0;0;0;0;0;0;0;0;0;0;0
FR;8;2021-03-20;0;0;0;0;0;0;0;0;0;0;0;0;0;0;0;0;0;0
FR;8;2021-03-21;0;0;0;0;0;0;0;0;0;0;0;0;0;0;0;0;0;0
FR;8;2021-03-22;0;0;0;0;0;0;0;0;0;0;0;0;0;0;0;0;0;0
FR;8;2021-03-23;0;0;0;0;0;0;0;0;0;0;0;0;0;0;0;0;0;0
FR;8;2021-03-24;0;0;0;0;0;0;0;0;0;0;0;0;0;0;0;0;0;0
FR;8;2021-03-25;0;0;0;0;0;0;0;0;0;0;0;0;0;0;0;0;0;0
FR;8;2021-03-26;0;0;0;0;0;0;0;0;0;0;0;0;0;0;0;0;0;0
FR;8;2021-03-27;0;0;0;0;0;0;0;0;0;0;0;0;0;0;0;0;0;0
FR;8;2021-03-28;0;0;0;0;0;0;0;0;0;0;0;0;0;0;0;0;0;0
FR;8;2021-03-29;0;0;0;0;0;0;0;0;0;0;0;0;0;0;0;0;0;0
FR;8;2021-03-30;0;0;0;0;0;0;0;0;0;0;0;0;0;0;0;0;0;0
FR;8;2021-03-31;0;0;0;0;0;0;0;0;0;0;0;0;0;0;0;0;0;0
FR;8;2021-04-01;0;0;0;0;0;0;0;0;0;0;0;0;0;0;0;0;0;0
FR;8;2021-04-02;0;0;0;0;0;0;0;0;0;0;0;0;0;0;0;0;0;0
FR;8;2021-04-03;0;0;0;0;0;0;0;0;0;0;0;0;0;0;0;0;0;0
FR;8;2021-04-04;0;0;0;0;0;0;0;0;0;0;0;0;0;0;0;0;0;0
FR;8;2021-04-05;0;0;0;0;0;0;0;0;0;0;0;0;0;0;0;0;0;0
FR;8;2021-04-06;0;0;0;0;0;0;0;0;0;0;0;0;0;0;0;0;0;0
FR;8;2021-04-07;0;0;0;0;0;0;0;0;0;0;0;0;0;0;0;0;0;0
FR;8;2021-04-08;0;0;0;0;0;0;0;0;0;0;0;0;0;0;0;0;0;0
FR;8;2021-04-09;0;0;0;0;0;0;0;0;0;0;0;0;0;0;0;0;0;0
FR;8;2021-04-10;0;0;0;0;0;0;0;0;0;0;0;0;0;0;0;0;0;0
FR;8;2021-04-11;0;0;0;0;0;0;0;0;0;0;0;0;0;0;0;0;0;0
FR;8;2021-04-12;0;0;0;0;0;0;0;0;0;0;0;0;0;0;0;0;0;0
FR;8;2021-04-13;0;0;0;0;0;0;0;0;0;0;0;0;0;0;0;0;0;0
FR;8;2021-04-14;0;0;0;0;0;0;0;0;0;0;0;0;0;0;0;0;0;0
FR;8;2021-04-15;0;0;0;0;0;0;0;0;0;0;0;0;0;0;0;0;0;0
FR;8;2021-04-16;0;0;0;0;0;0;0;0;0;0;0;0;0;0;0;0;0;0
FR;8;2021-04-17;0;0;0;0;0;0;0;0;0;0;0;0;0;0;0;0;0;0
FR;8;2021-04-18;0;0;0;0;0;0;0;0;0;0;0;0;0;0;0;0;0;0
FR;8;2021-04-19;0;0;0;0;0;0;0;0;0;0;0;0;0;0;0;0;0;0
FR;8;2021-04-20;0;0;0;0;0;0;0;0;0;0;0;0;0;0;0;0;0;0
FR;8;2021-04-21;0;0;0;0;0;0;0;0;0;0;0;0;0;0;0;0;0;0
FR;8;2021-04-22;0;0;0;0;0;0;0;0;0;0;0;0;0;0;0;0;0;0
FR;8;2021-04-23;0;0;0;0;0;0;0;0;0;0;0;0;0;0;0;0;0;0
FR;8;2021-04-24;0;0;0;0;0;0;0;0;0;0;0;0;0;0;0;0;0;0
FR;8;2021-04-25;0;0;0;0;0;0;0;0;0;0;0;0;0;0;0;0;0;0
FR;8;2021-04-26;0;0;0;0;0;0;0;0;0;0;0;0;0;0;0;0;0;0
FR;8;2021-04-27;0;0;0;0;0;0;0;0;0;0;0;0;0;0;0;0;0;0
FR;8;2021-04-28;0;0;0;0;0;0;0;0;0;0;0;0;0;0;0;0;0;0
FR;8;2021-04-29;0;0;0;0;0;0;0;0;0;0;0;0;0;0;0;0;0;0
FR;8;2021-04-30;0;0;0;0;0;0;0;0;0;0;0;0;0;0;0;0;0;0
FR;8;2021-05-01;0;0;0;0;0;0;0;0;0;0;0;0;0;0;0;0;0;0
FR;8;2021-05-02;0;0;0;0;0;0;0;0;0;0;0;0;0;0;0;0;0;0
FR;8;2021-05-03;0;0;0;0;0;0;0;0;0;0;0;0;0;0;0;0;0;0
FR;8;2021-05-04;0;0;0;0;0;0;0;0;0;0;0;0;0;0;0;0;0;0
FR;8;2021-05-05;0;0;0;0;0;0;0;0;0;0;0;0;0;0;0;0;0;0
FR;8;2021-05-06;0;0;0;0;0;0;0;0;0;0;0;0;0;0;0;0;0;0
FR;8;2021-05-07;0;0;0;0;0;0;0;0;0;0;0;0;0;0;0;0;0;0
FR;8;2021-05-08;0;0;0;0;0;0;0;0;0;0;0;0;0;0;0;0;0;0
FR;8;2021-05-09;0;0;0;0;0;0;0;0;0;0;0;0;0;0;0;0;0;0
FR;8;2021-05-10;0;0;0;0;0;0;0;0;0;0;0;0;0;0;0;0;0;0
FR;8;2021-05-11;0;0;0;0;0;0;0;0;0;0;0;0;0;0;0;0;0;0
FR;8;2021-05-12;0;0;0;0;0;0;0;0;0;0;0;0;0;0;0;0;0;0
FR;8;2021-05-13;0;0;0;0;0;0;0;0;0;0;0;0;0;0;0;0;0;0
FR;8;2021-05-14;0;0;0;0;0;0;0;0;0;0;0;0;0;0;0;0;0;0
FR;8;2021-05-15;0;0;0;0;0;0;0;0;0;0;0;0;0;0;0;0;0;0
FR;8;2021-05-16;0;0;0;0;0;0;0;0;0;0;0;0;0;0;0;0;0;0
FR;8;2021-05-17;0;0;0;0;0;0;0;0;0;0;0;0;0;0;0;0;0;0
FR;8;2021-05-18;0;0;0;0;0;0;0;0;0;0;0;0;0;0;0;0;0;0
FR;8;2021-05-19;0;0;0;0;0;0;0;0;0;0;0;0;0;0;0;0;0;0
FR;8;2021-05-20;0;0;0;0;0;0;0;0;0;0;0;0;0;0;0;0;0;0
FR;8;2021-05-21;0;0;0;0;0;0;0;0;0;0;0;0;0;0;0;0;0;0
FR;8;2021-05-22;0;0;0;0;0;0;0;0;0;0;0;0;0;0;0;0;0;0
FR;8;2021-05-23;0;0;0;0;0;0;0;0;0;0;0;0;0;0;0;0;0;0
FR;8;2021-05-24;0;0;0;0;0;0;0;0;0;0;0;0;0;0;0;0;0;0
FR;8;2021-05-25;0;0;0;0;0;0;0;0;0;0;0;0;0;0;0;0;0;0
FR;8;2021-05-26;0;0;0;0;0;0;0;0;0;0;0;0;0;0;0;0;0;0
FR;8;2021-05-27;0;0;0;0;0;0;0;0;0;0;0;0;0;0;0;0;0;0
FR;8;2021-05-28;0;0;0;0;0;0;0;0;0;0;0;0;0;0;0;0;0;0
FR;8;2021-05-29;0;0;0;0;0;0;0;0;0;0;0;0;0;0;0;0;0;0
FR;8;2021-05-30;0;0;0;0;0;0;0;0;0;0;0;0;0;0;0;0;0;0
FR;8;2021-05-31;0;0;0;0;0;0;0;0;0;0;0;0;0;0;0;0;0;0
FR;8;2021-06-01;0;0;0;0;0;0;0;0;0;0;0;0;0;0;0;0;0;0
FR;8;2021-06-02;0;0;0;0;0;0;0;0;0;0;0;0;0;0;0;0;0;0
FR;8;2021-06-03;0;0;0;0;0;0;0;0;0;0;0;0;0;0;0;0;0;0
FR;8;2021-06-04;0;0;0;0;0;0;0;0;0;0;0;0;0;0;0;0;0;0
FR;8;2021-06-05;0;0;0;0;0;0;0;0;0;0;0;0;0;0;0;0;0;0
FR;8;2021-06-06;0;0;0;0;0;0;0;0;0;0;0;0;0;0;0;0;0;0
FR;8;2021-06-07;0;0;0;0;0;0;0;0;0;0;0;0;0;0;0;0;0;0
FR;8;2021-06-08;0;0;0;0;0;0;0;0;0;0;0;0;0;0;0;0;0;0
FR;8;2021-06-09;0;0;0;0;0;0;0;0;0;0;0;0;0;0;0;0;0;0
FR;8;2021-06-10;0;0;0;0;0;0;0;0;0;0;0;0;0;0;0;0;0;0
FR;8;2021-06-11;0;0;0;0;0;0;0;0;0;0;0;0;0;0;0;0;0;0
FR;8;2021-06-12;0;0;0;0;0;0;0;0;0;0;0;0;0;0;0;0;0;0
FR;8;2021-06-13;0;0;0;0;0;0;0;0;0;0;0;0;0;0;0;0;0;0
FR;8;2021-06-14;0;0;0;0;0;0;0;0;0;0;0;0;0;0;0;0;0;0
FR;8;2021-06-15;0;0;0;0;0;0;0;0;0;0;0;0;0;0;0;0;0;0
FR;8;2021-06-16;0;0;0;0;0;0;0;0;0;0;0;0;0;0;0;0;0;0
FR;8;2021-06-17;0;0;0;0;0;0;0;0;0;0;0;0;0;0;0;0;0;0
FR;8;2021-06-18;0;0;0;0;0;0;0;0;0;0;0;0;0;0;0;0;0;0
FR;8;2021-06-19;0;0;0;0;0;0;0;0;0;0;0;0;0;0;0;0;0;0
FR;8;2021-06-20;0;0;0;0;0;0;0;0;0;0;0;0;0;0;0;0;0;0
FR;8;2021-06-21;0;0;0;0;0;0;0;0;0;0;0;0;0;0;0;0;0;0
FR;8;2021-06-22;0;0;0;0;0;0;0;0;0;0;0;0;0;0;0;0;0;0
FR;8;2021-06-23;0;0;0;0;0;0;0;0;0;0;0;0;0;0;0;0;0;0
FR;8;2021-06-24;0;0;0;0;0;0;0;0;0;0;0;0;0;0;0;0;0;0
FR;8;2021-06-25;0;0;0;0;0;0;0;0;0;0;0;0;0;0;0;0;0;0
FR;8;2021-06-26;0;0;0;0;0;0;0;0;0;0;0;0;0;0;0;0;0;0
FR;8;2021-06-27;0;0;0;0;0;0;0;0;0;0;0;0;0;0;0;0;0;0
FR;8;2021-06-28;0;0;0;0;0;0;0;0;0;0;0;0;0;0;0;0;0;0
FR;8;2021-06-29;0;0;0;0;0;0;0;0;0;0;0;0;0;0;0;0;0;0
FR;8;2021-06-30;0;0;0;0;0;0;0;0;0;0;0;0;0;0;0;0;0;0
FR;8;2021-07-01;0;0;0;0;0;0;0;0;0;0;0;0;0;0;0;0;0;0
FR;8;2021-07-02;0;0;0;0;0;0;0;0;0;0;0;0;0;0;0;0;0;0
FR;8;2021-07-03;0;0;0;0;0;0;0;0;0;0;0;0;0;0;0;0;0;0
FR;8;2021-07-04;0;0;0;0;0;0;0;0;0;0;0;0;0;0;0;0;0;0
FR;8;2021-07-05;0;0;0;0;0;0;0;0;0;0;0;0;0;0;0;0;0;0
FR;8;2021-07-06;0;0;0;0;0;0;0;0;0;0;0;0;0;0;0;0;0;0
FR;8;2021-07-07;0;0;0;0;0;0;0;0;0;0;0;0;0;0;0;0;0;0
FR;8;2021-07-08;0;0;0;0;0;0;0;0;0;0;0;0;0;0;0;0;0;0
FR;8;2021-07-09;0;0;0;0;0;0;0;0;0;0;0;0;0;0;0;0;0;0
FR;8;2021-07-10;0;0;0;0;0;0;0;0;0;0;0;0;0;0;0;0;0;0
FR;8;2021-07-11;0;0;0;0;0;0;0;0;0;0;0;0;0;0;0;0;0;0
FR;8;2021-07-12;0;0;0;0;0;0;0;0;0;0;0;0;0;0;0;0;0;0
FR;8;2021-07-13;0;0;0;0;0;0;0;0;0;0;0;0;0;0;0;0;0;0
FR;8;2021-07-14;0;0;0;0;0;0;0;0;0;0;0;0;0;0;0;0;0;0
FR;8;2021-07-15;0;0;0;0;0;0;0;0;0;0;0;0;0;0;0;0;0;0
FR;8;2021-07-16;0;0;0;0;0;0;0;0;0;0;0;0;0;0;0;0;0;0
FR;8;2021-07-17;0;0;0;0;0;0;0;0;0;0;0;0;0;0;0;0;0;0
FR;8;2021-07-18;0;0;0;0;0;0;0;0;0;0;0;0;0;0;0;0;0;0
FR;8;2021-07-19;0;0;0;0;0;0;0;0;0;0;0;0;0;0;0;0;0;0
FR;8;2021-07-20;0;0;0;0;0;0;0;0;0;0;0;0;0;0;0;0;0;0
FR;8;2021-07-21;0;0;0;0;0;0;0;0;0;0;0;0;0;0;0;0;0;0
FR;8;2021-07-22;0;0;0;0;0;0;0;0;0;0;0;0;0;0;0;0;0;0
FR;8;2021-07-23;0;0;0;0;0;0;0;0;0;0;0;0;0;0;0;0;0;0
FR;8;2021-07-24;0;0;0;0;0;0;0;0;0;0;0;0;0;0;0;0;0;0
FR;8;2021-07-25;0;0;0;0;0;0;0;0;0;0;0;0;0;0;0;0;0;0
FR;8;2021-07-26;0;0;0;0;0;0;0;0;0;0;0;0;0;0;0;0;0;0
FR;8;2021-07-27;0;0;0;0;0;0;0;0;0;0;0;0;0;0;0;0;0;0
FR;8;2021-07-28;0;0;0;0;0;0;0;0;0;0;0;0;0;0;0;0;0;0
FR;8;2021-07-29;0;0;0;0;0;0;0;0;0;0;0;0;0;0;0;0;0;0
FR;8;2021-07-30;0;0;0;0;0;0;0;0;0;0;0;0;0;0;0;0;0;0
FR;8;2021-07-31;0;0;0;0;0;0;0;0;0;0;0;0;0;0;0;0;0;0
FR;8;2021-08-01;0;0;0;0;0;0;0;0;0;0;0;0;0;0;0;0;0;0
FR;8;2021-08-02;0;0;0;0;0;0;0;0;0;0;0;0;0;0;0;0;0;0
FR;8;2021-08-03;0;0;0;0;0;0;0;0;0;0;0;0;0;0;0;0;0;0
FR;8;2021-08-04;0;0;0;0;0;0;0;0;0;0;0;0;0;0;0;0;0;0
FR;8;2021-08-05;0;0;0;0;0;0;0;0;0;0;0;0;0;0;0;0;0;0
FR;8;2021-08-06;0;0;0;0;0;0;0;0;0;0;0;0;0;0;0;0;0;0
FR;8;2021-08-07;0;0;0;0;0;0;0;0;0;0;0;0;0;0;0;0;0;0
FR;8;2021-08-08;0;0;0;0;0;0;0;0;0;0;0;0;0;0;0;0;0;0
FR;8;2021-08-09;0;0;0;0;0;0;0;0;0;0;0;0;0;0;0;0;0;0
FR;8;2021-08-10;0;0;0;0;0;0;0;0;0;0;0;0;0;0;0;0;0;0
FR;8;2021-08-11;0;0;0;0;0;0;0;0;0;0;0;0;0;0;0;0;0;0
FR;8;2021-08-12;0;0;0;0;0;0;0;0;0;0;0;0;0;0;0;0;0;0
FR;8;2021-08-13;0;0;0;0;0;0;0;0;0;0;0;0;0;0;0;0;0;0
FR;8;2021-08-14;0;0;0;0;0;0;0;0;0;0;0;0;0;0;0;0;0;0
FR;8;2021-08-15;0;0;0;0;0;0;0;0;0;0;0;0;0;0;0;0;0;0
FR;8;2021-08-16;0;0;0;0;0;0;0;0;0;0;0;0;0;0;0;0;0;0
FR;8;2021-08-17;0;0;0;0;0;0;0;0;0;0;0;0;0;0;0;0;0;0
FR;8;2021-08-18;0;0;0;0;0;0;0;0;0;0;0;0;0;0;0;0;0;0
FR;8;2021-08-19;0;0;0;0;0;0;0;0;0;0;0;0;0;0;0;0;0;0
FR;8;2021-08-20;0;0;0;0;0;0;0;0;0;0;0;0;0;0;0;0;0;0
FR;8;2021-08-21;0;0;0;0;0;0;0;0;0;0;0;0;0;0;0;0;0;0
FR;8;2021-08-22;0;0;0;0;0;0;0;0;0;0;0;0;0;0;0;0;0;0
FR;8;2021-08-23;0;0;0;0;0;0;0;0;0;0;0;0;0;0;0;0;0;0
FR;8;2021-08-24;0;0;0;0;0;0;0;0;0;0;0;0;0;0;0;0;0;0
FR;8;2021-08-25;0;0;0;0;0;0;0;0;0;0;0;0;0;0;0;0;0;0
FR;8;2021-08-26;0;0;0;0;0;0;0;0;0;0;0;0;0;0;0;0;0;0
FR;8;2021-08-27;0;0;0;0;0;0;0;0;0;0;0;0;0;0;0;0;0;0
FR;8;2021-08-28;0;0;0;0;0;0;0;0;0;0;0;0;0;0;0;0;0;0
FR;8;2021-08-29;0;0;0;0;0;0;0;0;0;0;0;0;0;0;0;0;0;0
FR;8;2021-08-30;0;0;0;0;0;0;0;0;0;0;0;0;0;0;0;0;0;0
FR;8;2021-08-31;0;0;0;0;0;0;0;0;0;0;0;0;0;0;0;0;0;0
FR;8;2021-09-01;0;0;0;0;0;0;0;0;0;0;0;0;0;0;0;0;0;0
FR;8;2021-09-02;0;0;0;0;0;0;0;0;0;0;0;0;0;0;0;0;0;0
FR;8;2021-09-03;0;0;0;0;0;0;0;0;0;0;0;0;0;0;0;0;0;0
FR;8;2021-09-04;0;0;0;0;0;0;0;0;0;0;0;0;0;0;0;0;0;0
FR;8;2021-09-05;0;0;0;0;0;0;0;0;0;0;0;0;0;0;0;0;0;0
FR;8;2021-09-06;0;0;0;0;0;0;0;0;0;0;0;0;0;0;0;0;0;0
FR;8;2021-09-07;0;0;0;0;0;0;0;0;0;0;0;0;0;0;0;0;0;0
FR;8;2021-09-08;0;0;0;0;0;0;0;0;0;0;0;0;0;0;0;0;0;0
FR;8;2021-09-09;0;0;0;0;0;0;0;0;0;0;0;0;0;0;0;0;0;0
FR;8;2021-09-10;0;0;0;0;0;0;0;0;0;0;0;0;0;0;0;0;0;0
FR;8;2021-09-11;0;0;0;0;0;0;0;0;0;0;0;0;0;0;0;0;0;0
FR;8;2021-09-12;0;0;0;0;0;0;0;0;0;0;0;0;0;0;0;0;0;0
FR;8;2021-09-13;0;0;0;0;0;0;0;0;0;0;0;0;0;0;0;0;0;0
FR;8;2021-09-14;0;0;0;0;0;0;0;0;0;0;0;0;0;0;0;0;0;0
FR;8;2021-09-15;0;0;0;0;0;0;0;0;0;0;0;0;0;0;0;0;0;0
FR;8;2021-09-16;0;0;0;0;0;0;0;0;0;0;0;0;0;0;0;0;0;0
FR;8;2021-09-17;0;0;0;0;0;0;0;0;0;0;0;0;0;0;0;0;0;0
FR;8;2021-09-18;0;0;0;0;0;0;0;0;0;0;0;0;0;0;0;0;0;0
FR;8;2021-09-19;0;0;0;0;0;0;0;0;0;0;0;0;0;0;0;0;0;0
FR;8;2021-09-20;0;0;0;0;0;0;0;0;0;0;0;0;0;0;0;0;0;0
FR;8;2021-09-21;0;0;0;0;0;0;0;0;0;0;0;0;0;0;0;0;0;0
FR;8;2021-09-22;0;0;0;0;0;0;0;0;0;0;0;0;0;0;0;0;0;0
FR;8;2021-09-23;0;0;0;0;0;0;0;0;0;0;0;0;0;0;0;0;0;0
FR;8;2021-09-24;0;0;0;0;0;0;0;0;0;0;0;0;0;0;0;0;0;0
FR;8;2021-09-25;0;0;0;0;0;0;0;0;0;0;0;0;0;0;0;0;0;0
FR;8;2021-09-26;0;0;0;0;0;0;0;0;0;0;0;0;0;0;0;0;0;0
FR;8;2021-09-27;0;0;0;0;0;0;0;0;0;0;0;0;0;0;0;0;0;0
FR;8;2021-09-28;0;0;0;0;0;0;0;0;0;0;0;0;0;0;0;0;0;0
FR;8;2021-09-29;0;0;0;0;0;0;0;0;0;0;0;0;0;0;0;0;0;0
FR;8;2021-09-30;0;0;0;0;0;0;0;0;0;0;0;0;0;0;0;0;0;0
FR;8;2021-10-01;0;0;0;0;0;0;0;0;0;0;0;0;0;0;0;0;0;0
FR;8;2021-10-02;0;0;0;0;0;0;0;0;0;0;0;0;0;0;0;0;0;0
FR;8;2021-10-03;0;0;0;0;0;0;0;0;0;0;0;0;0;0;0;0;0;0
FR;8;2021-10-04;0;0;0;0;0;0;0;0;0;0;0;0;0;0;0;0;0;0
FR;8;2021-10-05;0;0;0;0;0;0;0;0;0;0;0;0;0;0;0;0;0;0
FR;8;2021-10-06;0;0;0;0;0;0;0;0;0;0;0;0;0;0;0;0;0;0
FR;8;2021-10-07;0;0;0;0;0;0;0;0;0;0;0;0;0;0;0;0;0;0
FR;8;2021-10-08;0;0;0;0;0;0;0;0;0;0;0;0;0;0;0;0;0;0
FR;8;2021-10-09;0;0;0;0;0;0;0;0;0;0;0;0;0;0;0;0;0;0
FR;8;2021-10-10;0;0;0;0;0;0;0;0;0;0;0;0;0;0;0;0;0;0
FR;8;2021-10-11;0;0;0;0;0;0;0;0;0;0;0;0;0;0;0;0;0;0
FR;8;2021-10-12;0;0;0;0;0;0;0;0;0;0;0;0;0;0;0;0;0;0
FR;8;2021-10-13;0;0;0;0;0;0;0;0;0;0;0;0;0;0;0;0;0;0
FR;8;2021-10-14;0;0;0;0;0;0;0;0;0;0;0;0;0;0;0;0;0;0
FR;8;2021-10-15;0;0;0;0;0;0;0;0;0;0;0;0;0;0;0;0;0;0
FR;8;2021-10-16;0;0;0;0;0;0;0;0;0;0;0;0;0;0;0;0;0;0
FR;8;2021-10-17;0;0;0;0;0;0;0;0;0;0;0;0;0;0;0;0;0;0
FR;8;2021-10-18;0;0;0;0;0;0;0;0;0;0;0;0;0;0;0;0;0;0
FR;8;2021-10-19;0;0;0;0;0;0;0;0;0;0;0;0;0;0;0;0;0;0
FR;8;2021-10-20;0;0;0;0;0;0;0;0;0;0;0;0;0;0;0;0;0;0
FR;8;2021-10-21;0;0;0;0;0;0;0;0;0;0;0;0;0;0;0;0;0;0
FR;8;2021-10-22;0;0;0;0;0;0;0;0;0;0;0;0;0;0;0;0;0;0
FR;8;2021-10-23;0;0;0;0;0;0;0;0;0;0;0;0;0;0;0;0;0;0
FR;8;2021-10-24;0;0;0;0;0;0;0;0;0;0;0;0;0;0;0;0;0;0
FR;8;2021-10-25;0;0;0;0;0;0;0;0;0;0;0;0;0;0;0;0;0;0
FR;8;2021-10-26;0;0;0;0;0;0;0;0;0;0;0;0;0;0;0;0;0;0
FR;8;2021-10-27;0;0;0;0;0;0;0;0;0;0;0;0;0;0;0;0;0;0
FR;8;2021-10-28;0;0;0;0;0;0;0;0;0;0;0;0;0;0;0;0;0;0
FR;8;2021-10-29;0;0;0;0;0;0;0;0;0;0;0;0;0;0;0;0;0;0
FR;8;2021-10-30;0;0;0;0;0;0;0;0;0;0;0;0;0;0;0;0;0;0
FR;8;2021-10-31;0;0;0;0;0;0;0;0;0;0;0;0;0;0;0;0;0;0
FR;8;2021-11-01;0;0;0;0;0;0;0;0;0;0;0;0;0;0;0;0;0;0
FR;8;2021-11-02;0;0;0;0;0;0;0;0;0;0;0;0;0;0;0;0;0;0
FR;8;2021-11-03;0;0;0;0;0;0;0;0;0;0;0;0;0;0;0;0;0;0
FR;8;2021-11-04;0;0;0;0;0;0;0;0;0;0;0;0;0;0;0;0;0;0
FR;8;2021-11-05;0;0;0;0;0;0;0;0;0;0;0;0;0;0;0;0;0;0
FR;8;2021-11-06;0;0;0;0;0;0;0;0;0;0;0;0;0;0;0;0;0;0
FR;8;2021-11-07;0;0;0;0;0;0;0;0;0;0;0;0;0;0;0;0;0;0
FR;8;2021-11-08;0;0;0;0;0;0;0;0;0;0;0;0;0;0;0;0;0;0
FR;8;2021-11-09;0;0;0;0;0;0;0;0;0;0;0;0;0;0;0;0;0;0
FR;8;2021-11-10;0;0;0;0;0;0;0;0;0;0;0;0;0;0;0;0;0;0
FR;8;2021-11-11;0;0;0;0;0;0;0;0;0;0;0;0;0;0;0;0;0;0
FR;8;2021-11-12;0;0;0;0;0;0;0;0;0;0;0;0;0;0;0;0;0;0
FR;8;2021-11-13;0;0;0;0;0;0;0;0;0;0;0;0;0;0;0;0;0;0
FR;8;2021-11-14;0;0;0;0;0;0;0;0;0;0;0;0;0;0;0;0;0;0
FR;8;2021-11-15;0;0;0;0;0;0;0;0;0;0;0;0;0;0;0;0;0;0
FR;8;2021-11-16;0;0;0;0;0;0;0;0;0;0;0;0;0;0;0;0;0;0
FR;8;2021-11-17;0;0;0;0;0;0;0;0;0;0;0;0;0;0;0;0;0;0
FR;8;2021-11-18;0;0;0;0;0;0;0;0;0;0;0;0;0;0;0;0;0;0
FR;8;2021-11-19;0;0;0;0;0;0;0;0;0;0;0;0;0;0;0;0;0;0
FR;8;2021-11-20;0;0;0;0;0;0;0;0;0;0;0;0;0;0;0;0;0;0
FR;8;2021-11-21;0;0;0;0;0;0;0;0;0;0;0;0;0;0;0;0;0;0
FR;8;2021-11-22;0;0;0;0;0;0;0;0;0;0;0;0;0;0;0;0;0;0
FR;8;2021-11-23;0;0;0;0;0;0;0;0;0;0;0;0;0;0;0;0;0;0
FR;8;2021-11-24;0;0;0;0;0;0;0;0;0;0;0;0;0;0;0;0;0;0
FR;8;2021-11-25;0;0;0;0;0;0;0;0;0;0;0;0;0;0;0;0;0;0
FR;8;2021-11-26;0;0;0;0;0;0;0;0;0;0;0;0;0;0;0;0;0;0
FR;8;2021-11-27;0;0;0;0;0;0;0;0;0;0;0;0;0;0;0;0;0;0
FR;8;2021-11-28;0;0;0;0;0;0;0;0;0;0;0;0;0;0;0;0;0;0
FR;8;2021-11-29;0;0;0;0;0;0;0;0;0;0;0;0;0;0;0;0;0;0
FR;8;2021-11-30;0;0;0;0;0;0;0;0;0;0;0;0;0;0;0;0;0;0
FR;8;2021-12-01;0;0;0;0;0;0;0;0;0;0;0;0;0;0;0;0;0;0
FR;8;2021-12-02;0;0;0;0;0;0;0;0;0;0;0;0;0;0;0;0;0;0
FR;8;2021-12-03;0;0;0;0;0;0;0;0;0;0;0;0;0;0;0;0;0;0
FR;8;2021-12-04;0;0;0;0;0;0;0;0;0;0;0;0;0;0;0;0;0;0
FR;8;2021-12-05;0;0;0;0;0;0;0;0;0;0;0;0;0;0;0;0;0;0
FR;8;2021-12-06;0;0;0;0;0;0;0;0;0;0;0;0;0;0;0;0;0;0
FR;8;2021-12-07;0;0;0;0;0;0;0;0;0;0;0;0;0;0;0;0;0;0
FR;8;2021-12-08;0;0;0;0;0;0;0;0;0;0;0;0;0;0;0;0;0;0
FR;8;2021-12-09;0;0;0;0;0;0;0;0;0;0;0;0;0;0;0;0;0;0
FR;8;2021-12-10;0;0;0;0;0;0;0;0;0;0;0;0;0;0;0;0;0;0
FR;8;2021-12-11;0;0;0;0;0;0;0;0;0;0;0;0;0;0;0;0;0;0
FR;8;2021-12-12;0;0;0;0;0;0;0;0;0;0;0;0;0;0;0;0;0;0
FR;8;2021-12-13;0;0;0;0;0;0;0;0;0;0;0;0;0;0;0;0;0;0
FR;8;2021-12-14;0;0;0;0;0;0;0;0;0;0;0;0;0;0;0;0;0;0
FR;8;2021-12-15;0;0;0;0;0;0;0;0;0;0;0;0;0;0;0;0;0;0
FR;8;2021-12-16;0;0;0;0;0;0;0;0;0;0;0;0;0;0;0;0;0;0
FR;8;2021-12-17;0;0;0;0;0;0;0;0;0;0;0;0;0;0;0;0;0;0
FR;8;2021-12-18;0;0;0;0;0;0;0;0;0;0;0;0;0;0;0;0;0;0
FR;8;2021-12-19;0;0;0;0;0;0;0;0;0;0;0;0;0;0;0;0;0;0
FR;8;2021-12-20;0;0;0;0;0;0;0;0;0;0;0;0;0;0;0;0;0;0
FR;8;2021-12-21;0;0;0;0;0;0;0;0;0;0;0;0;0;0;0;0;0;0
FR;8;2021-12-22;0;0;0;0;0;0;0;0;0;0;0;0;0;0;0;0;0;0
FR;8;2021-12-23;0;0;0;0;0;0;0;0;0;0;0;0;0;0;0;0;0;0
FR;8;2021-12-24;0;0;0;0;0;0;0;0;0;0;0;0;0;0;0;0;0;0
FR;8;2021-12-25;0;0;0;0;0;0;0;0;0;0;0;0;0;0;0;0;0;0
FR;8;2021-12-26;0;0;0;0;0;0;0;0;0;0;0;0;0;0;0;0;0;0
FR;8;2021-12-27;0;0;0;0;0;0;0;0;0;0;0;0;0;0;0;0;0;0
FR;8;2021-12-28;0;0;0;0;0;0;0;0;0;0;0;0;0;0;0;0;0;0
FR;8;2021-12-29;0;0;0;0;0;0;0;0;0;0;0;0;0;0;0;0;0;0
FR;8;2021-12-30;0;0;0;0;0;0;0;0;0;0;0;0;0;0;0;0;0;0
FR;8;2021-12-31;0;0;0;0;0;0;0;0;0;0;0;0;0;0;0;0;0;0
FR;8;2022-01-01;0;0;0;0;0;0;0;0;0;0;0;0;0;0;0;0;0;0
FR;8;2022-01-02;0;0;0;0;0;0;0;0;0;0;0;0;0;0;0;0;0;0
FR;8;2022-01-03;0;0;0;0;0;0;0;0;0;0;0;0;0;0;0;0;0;0
FR;8;2022-01-04;0;0;0;0;0;0;0;0;0;0;0;0;0;0;0;0;0;0
FR;8;2022-01-05;0;0;0;0;0;0;0;0;0;0;0;0;0;0;0;0;0;0
FR;8;2022-01-06;0;0;0;0;0;0;0;0;0;0;0;0;0;0;0;0;0;0
FR;8;2022-01-07;0;0;0;0;0;0;0;0;0;0;0;0;0;0;0;0;0;0
FR;8;2022-01-08;0;0;0;0;0;0;0;0;0;0;0;0;0;0;0;0;0;0
FR;8;2022-01-09;0;0;0;0;0;0;0;0;0;0;0;0;0;0;0;0;0;0
FR;8;2022-01-10;0;0;0;0;0;0;0;0;0;0;0;0;0;0;0;0;0;0
FR;8;2022-01-11;0;0;0;0;0;0;0;0;0;0;0;0;0;0;0;0;0;0
FR;8;2022-01-12;0;0;0;0;0;0;0;0;0;0;0;0;0;0;0;0;0;0
FR;8;2022-01-13;0;0;0;0;0;0;0;0;0;0;0;0;0;0;0;0;0;0
FR;8;2022-01-14;0;0;0;0;0;0;0;0;0;0;0;0;0;0;0;0;0;0
FR;8;2022-01-15;0;0;0;0;0;0;0;0;0;0;0;0;0;0;0;0;0;0
FR;8;2022-01-16;0;0;0;0;0;0;0;0;0;0;0;0;0;0;0;0;0;0
FR;8;2022-01-17;0;0;0;0;0;0;0;0;0;0;0;0;0;0;0;0;0;0
FR;8;2022-01-18;0;0;0;0;0;0;0;0;0;0;0;0;0;0;0;0;0;0
FR;8;2022-01-19;0;0;0;0;0;0;0;0;0;0;0;0;0;0;0;0;0;0
FR;8;2022-01-20;0;0;0;0;0;0;0;0;0;0;0;0;0;0;0;0;0;0
FR;8;2022-01-21;0;0;0;0;0;0;0;0;0;0;0;0;0;0;0;0;0;0
FR;8;2022-01-22;0;0;0;0;0;0;0;0;0;0;0;0;0;0;0;0;0;0
FR;8;2022-01-23;0;0;0;0;0;0;0;0;0;0;0;0;0;0;0;0;0;0
FR;8;2022-01-24;0;0;0;0;0;0;0;0;0;0;0;0;0;0;0;0;0;0
FR;8;2022-01-25;0;0;0;0;0;0;0;0;0;0;0;0;0;0;0;0;0;0
FR;8;2022-01-26;0;0;0;0;0;0;0;0;0;0;0;0;0;0;0;0;0;0
FR;8;2022-01-27;0;0;0;0;0;0;0;0;0;0;0;0;0;0;0;0;0;0
FR;8;2022-01-28;0;0;0;0;0;0;0;0;0;0;0;0;0;0;0;0;0;0
FR;8;2022-01-29;0;0;0;0;0;0;0;0;0;0;0;0;0;0;0;0;0;0
FR;8;2022-01-30;0;0;0;0;0;0;0;0;0;0;0;0;0;0;0;0;0;0
FR;8;2022-01-31;0;0;0;0;0;0;0;0;0;0;0;0;0;0;0;0;0;0
FR;8;2022-02-01;0;0;0;0;0;0;0;0;0;0;0;0;0;0;0;0;0;0
FR;8;2022-02-02;0;0;0;0;0;0;0;0;0;0;0;0;0;0;0;0;0;0
FR;8;2022-02-03;0;0;0;0;0;0;0;0;0;0;0;0;0;0;0;0;0;0
FR;8;2022-02-04;0;0;0;0;0;0;0;0;0;0;0;0;0;0;0;0;0;0
FR;8;2022-02-05;0;0;0;0;0;0;0;0;0;0;0;0;0;0;0;0;0;0
FR;8;2022-02-06;0;0;0;0;0;0;0;0;0;0;0;0;0;0;0;0;0;0
FR;8;2022-02-07;0;0;0;0;0;0;0;0;0;0;0;0;0;0;0;0;0;0
FR;8;2022-02-08;0;0;0;0;0;0;0;0;0;0;0;0;0;0;0;0;0;0
FR;8;2022-02-09;0;0;0;0;0;0;0;0;0;0;0;0;0;0;0;0;0;0
FR;8;2022-02-10;0;0;0;0;0;0;0;0;0;0;0;0;0;0;0;0;0;0
FR;8;2022-02-11;0;0;0;0;0;0;0;0;0;0;0;0;0;0;0;0;0;0
FR;8;2022-02-12;0;0;0;0;0;0;0;0;0;0;0;0;0;0;0;0;0;0
FR;8;2022-02-13;0;0;0;0;0;0;0;0;0;0;0;0;0;0;0;0;0;0
FR;8;2022-02-14;0;0;0;0;0;0;0;0;0;0;0;0;0;0;0;0;0;0
FR;8;2022-02-15;0;0;0;0;0;0;0;0;0;0;0;0;0;0;0;0;0;0
FR;8;2022-02-16;0;0;0;0;0;0;0;0;0;0;0;0;0;0;0;0;0;0
FR;8;2022-02-17;0;0;0;0;0;0;0;0;0;0;0;0;0;0;0;0;0;0
FR;8;2022-02-18;0;0;0;0;0;0;0;0;0;0;0;0;0;0;0;0;0;0
FR;8;2022-02-19;0;0;0;0;0;0;0;0;0;0;0;0;0;0;0;0;0;0
FR;8;2022-02-20;0;0;0;0;0;0;0;0;0;0;0;0;0;0;0;0;0;0
FR;8;2022-02-21;0;0;0;0;0;0;0;0;0;0;0;0;0;0;0;0;0;0
FR;8;2022-02-22;0;0;0;0;0;0;0;0;0;0;0;0;0;0;0;0;0;0
FR;8;2022-02-23;0;0;0;0;0;0;0;0;0;0;0;0;0;0;0;0;0;0
FR;8;2022-02-24;0;0;0;0;0;0;0;0;0;0;0;0;0;0;0;0;0;0
FR;8;2022-02-25;0;0;0;0;0;0;0;0;0;0;0;0;0;0;0;0;0;0
FR;8;2022-02-26;0;0;0;0;0;0;0;0;0;0;0;0;0;0;0;0;0;0
FR;8;2022-02-27;0;0;0;0;0;0;0;0;0;0;0;0;0;0;0;0;0;0
FR;8;2022-02-28;0;0;0;0;0;0;0;0;0;0;0;0;0;0;0;0;0;0
FR;8;2022-03-01;0;0;0;0;0;0;0;0;0;0;0;0;0;0;0;0;0;0
FR;8;2022-03-02;0;0;0;0;0;0;0;0;0;0;0;0;0;0;0;0;0;0
FR;8;2022-03-03;0;0;0;0;0;0;0;0;0;0;0;0;0;0;0;0;0;0
FR;8;2022-03-04;0;0;0;0;0;0;0;0;0;0;0;0;0;0;0;0;0;0
FR;8;2022-03-05;0;0;0;0;0;0;0;0;0;0;0;0;0;0;0;0;0;0
FR;8;2022-03-06;0;0;0;0;0;0;0;0;0;0;0;0;0;0;0;0;0;0
FR;8;2022-03-07;0;0;0;0;0;0;0;0;0;0;0;0;0;0;0;0;0;0
FR;8;2022-03-08;0;0;0;0;0;0;0;0;0;0;0;0;0;0;0;0;0;0
FR;8;2022-03-09;0;0;0;0;0;0;0;0;0;0;0;0;0;0;0;0;0;0
FR;8;2022-03-10;0;0;0;0;0;0;0;0;0;0;0;0;0;0;0;0;0;0
FR;8;2022-03-11;0;0;0;0;0;0;0;0;0;0;0;0;0;0;0;0;0;0
FR;8;2022-03-12;0;0;0;0;0;0;0;0;0;0;0;0;0;0;0;0;0;0
FR;8;2022-03-13;0;0;0;0;0;0;0;0;0;0;0;0;0;0;0;0;0;0
FR;8;2022-03-14;0;0;0;0;0;0;0;0;0;0;0;0;0;0;0;0;0;0
FR;8;2022-03-15;0;0;0;0;0;0;0;0;0;0;0;0;0;0;0;0;0;0
FR;8;2022-03-16;0;0;0;0;0;0;0;0;0;0;0;0;0;0;0;0;0;0
FR;8;2022-03-17;0;0;0;0;0;0;0;0;0;0;0;0;0;0;0;0;0;0
FR;8;2022-03-18;0;0;0;0;0;0;0;0;0;0;0;0;0;0;0;0;0;0
FR;8;2022-03-19;0;0;0;0;0;0;0;0;0;0;0;0;0;0;0;0;0;0
FR;8;2022-03-20;0;0;0;0;0;0;0;0;0;0;0;0;0;0;0;0;0;0
FR;8;2022-03-21;0;0;0;0;0;0;0;0;0;0;0;0;0;0;0;0;0;0
FR;8;2022-03-22;0;0;0;0;0;0;0;0;0;0;0;0;0;0;0;0;0;0
FR;8;2022-03-23;0;0;0;0;0;0;0;0;0;0;0;0;0;0;0;0;0;0
FR;8;2022-03-24;0;0;0;0;0;0;0;0;0;0;0;0;0;0;0;0;0;0
FR;8;2022-03-25;0;0;0;0;0;0;0;0;0;0;0;0;0;0;0;0;0;0
FR;8;2022-03-26;0;0;0;0;0;0;0;0;0;0;0;0;0;0;0;0;0;0
FR;8;2022-03-27;0;0;0;0;0;0;0;0;0;0;0;0;0;0;0;0;0;0
FR;8;2022-03-28;0;0;0;0;0;0;0;0;0;0;0;0;0;0;0;0;0;0
FR;8;2022-03-29;0;0;0;0;0;0;0;0;0;0;0;0;0;0;0;0;0;0
FR;8;2022-03-30;0;0;0;0;0;0;0;0;0;0;0;0;0;0;0;0;0;0
FR;8;2022-03-31;0;0;0;0;0;0;0;0;0;0;0;0;0;0;0;0;0;0
FR;8;2022-04-01;0;0;0;0;0;0;0;0;0;0;0;0;0;0;0;0;0;0
FR;8;2022-04-02;0;0;0;0;0;0;0;0;0;0;0;0;0;0;0;0;0;0
FR;8;2022-04-03;0;0;0;0;0;0;0;0;0;0;0;0;0;0;0;0;0;0
FR;8;2022-04-04;0;0;0;0;0;0;0;0;0;0;0;0;0;0;0;0;0;0
FR;8;2022-04-05;0;0;0;0;0;0;0;0;0;0;0;0;0;0;0;0;0;0
FR;8;2022-04-06;0;0;0;0;0;0;0;0;0;0;0;0;0;0;0;0;0;0
FR;8;2022-04-07;0;0;0;0;0;0;0;0;0;0;0;0;0;0;0;0;0;0
FR;8;2022-04-08;0;0;0;0;0;0;0;0;0;0;0;0;0;0;0;0;0;0
FR;8;2022-04-09;0;0;0;0;0;0;0;0;0;0;0;0;0;0;0;0;0;0
FR;8;2022-04-10;0;0;0;0;0;0;0;0;0;0;0;0;0;0;0;0;0;0
FR;8;2022-04-11;0;0;0;0;0;0;0;0;0;0;0;0;0;0;0;0;0;0
FR;8;2022-04-12;0;0;0;0;0;0;0;0;0;0;0;0;0;0;0;0;0;0
FR;8;2022-04-13;0;0;0;0;0;0;0;0;0;0;0;0;0;0;0;0;0;0
FR;8;2022-04-14;0;0;0;0;0;0;0;0;0;0;0;0;0;0;0;0;0;0
FR;8;2022-04-15;0;0;0;0;0;0;0;0;0;0;0;0;0;0;0;0;0;0
FR;8;2022-04-16;0;0;0;0;0;0;0;0;0;0;0;0;0;0;0;0;0;0
FR;8;2022-04-17;0;0;0;0;0;0;0;0;0;0;0;0;0;0;0;0;0;0
FR;8;2022-04-18;0;0;0;0;0;0;0;0;0;0;0;0;0;0;0;0;0;0
FR;8;2022-04-19;0;0;0;0;0;0;0;0;0;0;0;0;0;0;0;0;0;0
FR;8;2022-04-20;0;0;0;0;0;0;0;0;0;0;0;0;0;0;0;0;0;0
FR;8;2022-04-21;0;0;0;0;0;0;0;0;0;0;0;0;0;0;0;0;0;0
FR;8;2022-04-22;0;0;0;0;0;0;0;0;0;0;0;0;0;0;0;0;0;0
FR;8;2022-04-23;0;0;0;0;0;0;0;0;0;0;0;0;0;0;0;0;0;0
FR;8;2022-04-24;0;0;0;0;0;0;0;0;0;0;0;0;0;0;0;0;0;0
FR;8;2022-04-25;0;0;0;0;0;0;0;0;0;0;0;0;0;0;0;0;0;0
FR;8;2022-04-26;0;0;0;0;0;0;0;0;0;0;0;0;0;0;0;0;0;0
FR;8;2022-04-27;0;0;0;0;0;0;0;0;0;0;0;0;0;0;0;0;0;0
FR;8;2022-04-28;0;0;0;0;0;0;0;0;0;0;0;0;0;0;0;0;0;0
FR;8;2022-04-29;0;0;0;0;0;0;0;0;0;0;0;0;0;0;0;0;0;0
FR;8;2022-04-30;0;0;0;0;0;0;0;0;0;0;0;0;0;0;0;0;0;0
FR;8;2022-05-01;0;0;0;0;0;0;0;0;0;0;0;0;0;0;0;0;0;0
FR;8;2022-05-02;0;0;0;0;0;0;0;0;0;0;0;0;0;0;0;0;0;0
FR;8;2022-05-03;0;0;0;0;0;0;0;0;0;0;0;0;0;0;0;0;0;0
FR;8;2022-05-04;0;0;0;0;0;0;0;0;0;0;0;0;0;0;0;0;0;0
FR;8;2022-05-05;0;0;0;0;0;0;0;0;0;0;0;0;0;0;0;0;0;0
FR;8;2022-05-06;0;0;0;0;0;0;0;0;0;0;0;0;0;0;0;0;0;0
FR;8;2022-05-07;0;0;0;0;0;0;0;0;0;0;0;0;0;0;0;0;0;0
FR;8;2022-05-08;0;0;0;0;0;0;0;0;0;0;0;0;0;0;0;0;0;0
FR;8;2022-05-09;0;0;0;0;0;0;0;0;0;0;0;0;0;0;0;0;0;0
FR;8;2022-05-10;0;0;0;0;0;0;0;0;0;0;0;0;0;0;0;0;0;0
FR;8;2022-05-11;0;0;0;0;0;0;0;0;0;0;0;0;0;0;0;0;0;0
FR;8;2022-05-12;0;0;0;0;0;0;0;0;0;0;0;0;0;0;0;0;0;0
FR;8;2022-05-13;0;0;0;0;0;0;0;0;0;0;0;0;0;0;0;0;0;0
FR;8;2022-05-14;0;0;0;0;0;0;0;0;0;0;0;0;0;0;0;0;0;0
FR;8;2022-05-15;0;0;0;0;0;0;0;0;0;0;0;0;0;0;0;0;0;0
FR;8;2022-05-16;0;0;0;0;0;0;0;0;0;0;0;0;0;0;0;0;0;0
FR;8;2022-05-17;0;0;0;0;0;0;0;0;0;0;0;0;0;0;0;0;0;0
FR;8;2022-05-18;0;0;0;0;0;0;0;0;0;0;0;0;0;0;0;0;0;0
FR;8;2022-05-19;0;0;0;0;0;0;0;0;0;0;0;0;0;0;0;0;0;0
FR;8;2022-05-20;0;0;0;0;0;0;0;0;0;0;0;0;0;0;0;0;0;0
FR;8;2022-05-21;0;0;0;0;0;0;0;0;0;0;0;0;0;0;0;0;0;0
FR;8;2022-05-22;0;0;0;0;0;0;0;0;0;0;0;0;0;0;0;0;0;0
FR;8;2022-05-23;0;0;0;0;0;0;0;0;0;0;0;0;0;0;0;0;0;0
FR;8;2022-05-24;0;0;0;0;0;0;0;0;0;0;0;0;0;0;0;0;0;0
FR;8;2022-05-25;0;0;0;0;0;0;0;0;0;0;0;0;0;0;0;0;0;0
FR;8;2022-05-26;0;0;0;0;0;0;0;0;0;0;0;0;0;0;0;0;0;0
FR;8;2022-05-27;0;0;0;0;0;0;0;0;0;0;0;0;0;0;0;0;0;0
FR;8;2022-05-28;0;0;0;0;0;0;0;0;0;0;0;0;0;0;0;0;0;0
FR;8;2022-05-29;0;0;0;0;0;0;0;0;0;0;0;0;0;0;0;0;0;0
FR;8;2022-05-30;0;0;0;0;0;0;0;0;0;0;0;0;0;0;0;0;0;0
FR;8;2022-05-31;0;0;0;0;0;0;0;0;0;0;0;0;0;0;0;0;0;0
FR;8;2022-06-01;0;0;0;0;0;0;0;0;0;0;0;0;0;0;0;0;0;0
FR;8;2022-06-02;0;0;0;0;0;0;0;0;0;0;0;0;0;0;0;0;0;0
FR;8;2022-06-03;0;0;0;0;0;0;0;0;0;0;0;0;0;0;0;0;0;0
FR;8;2022-06-04;0;0;0;0;0;0;0;0;0;0;0;0;0;0;0;0;0;0
FR;8;2022-06-05;0;0;0;0;0;0;0;0;0;0;0;0;0;0;0;0;0;0
FR;8;2022-06-06;0;0;0;0;0;0;0;0;0;0;0;0;0;0;0;0;0;0
FR;8;2022-06-07;0;0;0;0;0;0;0;0;0;0;0;0;0;0;0;0;0;0
FR;8;2022-06-08;0;0;0;0;0;0;0;0;0;0;0;0;0;0;0;0;0;0
FR;8;2022-06-09;0;0;0;0;0;0;0;0;0;0;0;0;0;0;0;0;0;0
FR;8;2022-06-10;0;0;0;0;0;0;0;0;0;0;0;0;0;0;0;0;0;0
FR;8;2022-06-11;0;0;0;0;0;0;0;0;0;0;0;0;0;0;0;0;0;0
FR;8;2022-06-12;0;0;0;0;0;0;0;0;0;0;0;0;0;0;0;0;0;0
FR;8;2022-06-13;0;0;0;0;0;0;0;0;0;0;0;0;0;0;0;0;0;0
FR;8;2022-06-14;0;0;0;0;0;0;0;0;0;0;0;0;0;0;0;0;0;0
FR;8;2022-06-15;0;0;0;0;0;0;0;0;0;0;0;0;0;0;0;0;0;0
FR;8;2022-06-16;0;0;0;0;0;0;0;0;0;0;0;0;0;0;0;0;0;0
FR;8;2022-06-17;0;0;0;0;0;0;0;0;0;0;0;0;0;0;0;0;0;0
FR;8;2022-06-18;0;0;0;0;0;0;0;0;0;0;0;0;0;0;0;0;0;0
FR;8;2022-06-19;0;0;0;0;0;0;0;0;0;0;0;0;0;0;0;0;0;0
FR;8;2022-06-20;0;0;0;0;0;0;0;0;0;0;0;0;0;0;0;0;0;0
FR;8;2022-06-21;0;0;0;0;0;0;0;0;0;0;0;0;0;0;0;0;0;0
FR;8;2022-06-22;0;0;0;0;0;0;0;0;0;0;0;0;0;0;0;0;0;0
FR;8;2022-06-23;0;0;0;0;0;0;0;0;0;0;0;0;0;0;0;0;0;0
FR;8;2022-06-24;0;0;0;0;0;0;0;0;0;0;0;0;0;0;0;0;0;0
FR;8;2022-06-25;0;0;0;0;0;0;0;0;0;0;0;0;0;0;0;0;0;0
FR;8;2022-06-26;0;0;0;0;0;0;0;0;0;0;0;0;0;0;0;0;0;0
FR;8;2022-06-27;0;0;0;0;0;0;0;0;0;0;0;0;0;0;0;0;0;0
FR;8;2022-06-28;0;0;0;0;0;0;0;0;0;0;0;0;0;0;0;0;0;0
FR;8;2022-06-29;0;0;0;0;0;0;0;0;0;0;0;0;0;0;0;0;0;0
FR;8;2022-06-30;0;0;0;0;0;0;0;0;0;0;0;0;0;0;0;0;0;0
FR;8;2022-07-01;0;0;0;0;0;0;0;0;0;0;0;0;0;0;0;0;0;0
FR;8;2022-07-02;0;0;0;0;0;0;0;0;0;0;0;0;0;0;0;0;0;0
FR;8;2022-07-03;0;0;0;0;0;0;0;0;0;0;0;0;0;0;0;0;0;0
FR;8;2022-07-04;0;0;0;0;0;0;0;0;0;0;0;0;0;0;0;0;0;0
FR;8;2022-07-05;0;0;0;0;0;0;0;0;0;0;0;0;0;0;0;0;0;0
FR;8;2022-07-06;0;0;0;0;0;0;0;0;0;0;0;0;0;0;0;0;0;0
FR;8;2022-07-07;0;0;0;0;0;0;0;0;0;0;0;0;0;0;0;0;0;0
FR;8;2022-07-08;0;0;0;0;0;0;0;0;0;0;0;0;0;0;0;0;0;0
FR;8;2022-07-09;0;0;0;0;0;0;0;0;0;0;0;0;0;0;0;0;0;0
FR;8;2022-07-10;0;0;0;0;0;0;0;0;0;0;0;0;0;0;0;0;0;0
FR;8;2022-07-11;0;0;0;0;0;0;0;0;0;0;0;0;0;0;0;0;0;0
FR;8;2022-07-12;0;0;0;0;0;0;0;0;0;0;0;0;0;0;0;0;0;0
FR;8;2022-07-13;0;0;0;0;0;0;0;0;0;0;0;0;0;0;0;0;0;0
FR;8;2022-07-14;0;0;0;0;0;0;0;0;0;0;0;0;0;0;0;0;0;0
FR;8;2022-07-15;0;0;0;0;0;0;0;0;0;0;0;0;0;0;0;0;0;0
FR;8;2022-07-16;0;0;0;0;0;0;0;0;0;0;0;0;0;0;0;0;0;0
FR;8;2022-07-17;0;0;0;0;0;0;0;0;0;0;0;0;0;0;0;0;0;0
FR;8;2022-07-18;0;0;0;0;0;0;0;0;0;0;0;0;0;0;0;0;0;0
FR;8;2022-07-19;0;0;0;0;0;0;0;0;0;0;0;0;0;0;0;0;0;0
FR;8;2022-07-20;0;0;0;0;0;0;0;0;0;0;0;0;0;0;0;0;0;0
FR;8;2022-07-21;0;0;0;0;0;0;0;0;0;0;0;0;0;0;0;0;0;0
FR;8;2022-07-22;0;0;0;0;0;0;0;0;0;0;0;0;0;0;0;0;0;0
FR;8;2022-07-23;0;0;0;0;0;0;0;0;0;0;0;0;0;0;0;0;0;0
FR;8;2022-07-24;0;0;0;0;0;0;0;0;0;0;0;0;0;0;0;0;0;0
FR;8;2022-07-25;0;0;0;0;0;0;0;0;0;0;0;0;0;0;0;0;0;0
FR;8;2022-07-26;0;0;0;0;0;0;0;0;0;0;0;0;0;0;0;0;0;0
FR;8;2022-07-27;0;0;0;0;0;0;0;0;0;0;0;0;0;0;0;0;0;0
FR;8;2022-07-28;0;0;0;0;0;0;0;0;0;0;0;0;0;0;0;0;0;0
FR;8;2022-07-29;0;0;0;0;0;0;0;0;0;0;0;0;0;0;0;0;0;0
FR;8;2022-07-30;0;0;0;0;0;0;0;0;0;0;0;0;0;0;0;0;0;0
FR;8;2022-07-31;0;0;0;0;0;0;0;0;0;0;0;0;0;0;0;0;0;0
FR;8;2022-08-01;0;0;0;0;0;0;0;0;0;0;0;0;0;0;0;0;0;0
FR;8;2022-08-02;0;0;0;0;0;0;0;0;0;0;0;0;0;0;0;0;0;0
FR;8;2022-08-03;0;0;0;0;0;0;0;0;0;0;0;0;0;0;0;0;0;0
FR;8;2022-08-04;0;0;0;0;0;0;0;0;0;0;0;0;0;0;0;0;0;0
FR;8;2022-08-05;0;0;0;0;0;0;0;0;0;0;0;0;0;0;0;0;0;0
FR;8;2022-08-06;0;0;0;0;0;0;0;0;0;0;0;0;0;0;0;0;0;0
FR;8;2022-08-07;0;0;0;0;0;0;0;0;0;0;0;0;0;0;0;0;0;0
FR;8;2022-08-08;0;0;0;0;0;0;0;0;0;0;0;0;0;0;0;0;0;0
FR;8;2022-08-09;0;0;0;0;0;0;0;0;0;0;0;0;0;0;0;0;0;0
FR;8;2022-08-10;0;0;0;0;0;0;0;0;0;0;0;0;0;0;0;0;0;0
FR;8;2022-08-11;0;0;0;0;0;0;0;0;0;0;0;0;0;0;0;0;0;0
FR;8;2022-08-12;0;0;0;0;0;0;0;0;0;0;0;0;0;0;0;0;0;0
FR;8;2022-08-13;0;0;0;0;0;0;0;0;0;0;0;0;0;0;0;0;0;0
FR;8;2022-08-14;0;0;0;0;0;0;0;0;0;0;0;0;0;0;0;0;0;0
FR;8;2022-08-15;0;0;0;0;0;0;0;0;0;0;0;0;0;0;0;0;0;0
FR;8;2022-08-16;0;0;0;0;0;0;0;0;0;0;0;0;0;0;0;0;0;0
FR;8;2022-08-17;0;0;0;0;0;0;0;0;0;0;0;0;0;0;0;0;0;0
FR;8;2022-08-18;0;0;0;0;0;0;0;0;0;0;0;0;0;0;0;0;0;0
FR;8;2022-08-19;0;0;0;0;0;0;0;0;0;0;0;0;0;0;0;0;0;0
FR;8;2022-08-20;0;0;0;0;0;0;0;0;0;0;0;0;0;0;0;0;0;0
FR;8;2022-08-21;0;0;0;0;0;0;0;0;0;0;0;0;0;0;0;0;0;0
FR;8;2022-08-22;0;0;0;0;0;0;0;0;0;0;0;0;0;0;0;0;0;0
FR;8;2022-08-23;0;0;0;0;0;0;0;0;0;0;0;0;0;0;0;0;0;0
FR;8;2022-08-24;0;0;0;0;0;0;0;0;0;0;0;0;0;0;0;0;0;0
FR;8;2022-08-25;0;0;0;0;0;0;0;0;0;0;0;0;0;0;0;0;0;0
FR;8;2022-08-26;0;0;0;0;0;0;0;0;0;0;0;0;0;0;0;0;0;0
FR;8;2022-08-27;0;0;0;0;0;0;0;0;0;0;0;0;0;0;0;0;0;0
FR;8;2022-08-28;0;0;0;0;0;0;0;0;0;0;0;0;0;0;0;0;0;0
FR;8;2022-08-29;0;0;0;0;0;0;0;0;0;0;0;0;0;0;0;0;0;0
FR;8;2022-08-30;0;0;0;0;0;0;0;0;0;0;0;0;0;0;0;0;0;0
FR;8;2022-08-31;0;0;0;0;0;0;0;0;0;0;0;0;0;0;0;0;0;0
FR;8;2022-09-01;0;0;0;0;0;0;0;0;0;0;0;0;0;0;0;0;0;0
FR;8;2022-09-02;0;0;0;0;0;0;0;0;0;0;0;0;0;0;0;0;0;0
FR;8;2022-09-03;0;0;0;0;0;0;0;0;0;0;0;0;0;0;0;0;0;0
FR;8;2022-09-04;0;0;0;0;0;0;0;0;0;0;0;0;0;0;0;0;0;0
FR;8;2022-09-05;0;0;0;0;0;0;0;0;0;0;0;0;0;0;0;0;0;0
FR;8;2022-09-06;0;0;0;0;0;0;0;0;0;0;0;0;0;0;0;0;0;0
FR;8;2022-09-07;0;0;0;0;0;0;0;0;0;0;0;0;0;0;0;0;0;0
FR;8;2022-09-08;0;0;0;0;0;0;0;0;0;0;0;0;0;0;0;0;0;0
FR;8;2022-09-09;0;0;0;0;0;0;0;0;0;0;0;0;0;0;0;0;0;0
FR;8;2022-09-10;0;0;0;0;0;0;0;0;0;0;0;0;0;0;0;0;0;0
FR;8;2022-09-11;0;0;0;0;0;0;0;0;0;0;0;0;0;0;0;0;0;0
FR;8;2022-09-12;0;0;0;0;0;0;0;0;0;0;0;0;0;0;0;0;0;0
FR;8;2022-09-13;0;0;0;0;0;0;0;0;0;0;0;0;0;0;0;0;0;0
FR;8;2022-09-14;0;0;0;0;0;0;0;0;0;0;0;0;0;0;0;0;0;0
FR;8;2022-09-15;0;0;0;0;0;0;0;0;0;0;0;0;0;0;0;0;0;0
FR;8;2022-09-16;0;0;0;0;0;0;0;0;0;0;0;0;0;0;0;0;0;0
FR;8;2022-09-17;0;0;0;0;0;0;0;0;0;0;0;0;0;0;0;0;0;0
FR;8;2022-09-18;0;0;0;0;0;0;0;0;0;0;0;0;0;0;0;0;0;0
FR;8;2022-09-19;0;0;0;0;0;0;0;0;0;0;0;0;0;0;0;0;0;0
FR;8;2022-09-20;0;0;0;0;0;0;0;0;0;0;0;0;0;0;0;0;0;0
FR;8;2022-09-21;0;0;0;0;0;0;0;0;0;0;0;0;0;0;0;0;0;0
FR;8;2022-09-22;0;0;0;0;0;0;0;0;0;0;0;0;0;0;0;0;0;0
FR;8;2022-09-23;0;0;0;0;0;0;0;0;0;0;0;0;0;0;0;0;0;0
FR;8;2022-09-24;0;0;0;0;0;0;0;0;0;0;0;0;0;0;0;0;0;0
FR;8;2022-09-25;0;0;0;0;0;0;0;0;0;0;0;0;0;0;0;0;0;0
FR;8;2022-09-26;0;0;0;0;0;0;0;0;0;0;0;0;0;0;0;0;0;0
FR;8;2022-09-27;0;0;0;0;0;0;0;0;0;0;0;0;0;0;0;0;0;0
FR;8;2022-09-28;0;0;0;0;0;0;0;0;0;0;0;0;0;0;0;0;0;0
FR;8;2022-09-29;0;0;0;0;0;0;0;0;0;0;0;0;0;0;0;0;0;0
FR;8;2022-09-30;0;0;0;0;0;0;0;0;0;0;0;0;0;0;0;0;0;0
FR;8;2022-10-01;0;0;0;0;0;0;0;0;0;0;0;0;0;0;0;0;0;0
FR;8;2022-10-02;0;0;0;0;0;0;0;0;0;0;0;0;0;0;0;0;0;0
FR;8;2022-10-03;0;0;0;0;0;0;0;0;0;0;0;0;0;0;0;0;0;0
FR;8;2022-10-04;0;0;0;0;0;0;0;0;0;0;0;0;0;0;0;0;0;0
FR;8;2022-10-05;0;0;0;0;0;0;0;0;0;0;0;0;0;0;0;0;0;0
FR;8;2022-10-06;8;17;113;860;8;83;865;1058;110;8;17;113;860;8;83;865;1058;110
FR;8;2022-10-07;72;101;842;8011;62;699;8065;9844;1073;80;118;955;8871;70;782;8930;10902;1183
FR;8;2022-10-08;34;115;610;4057;50;516;4109;5310;676;114;233;1565;12928;120;1298;13039;16212;1859
FR;8;2022-10-09;17;22;145;885;13;132;913;1234;185;131;255;1710;13813;133;1430;13952;17446;2044
FR;8;2022-10-10;119;192;1344;12682;106;1028;12921;16221;2251;250;447;3054;26495;239;2458;26873;33667;4295
FR;8;2022-10-11;179;261;2476;26919;135;2010;27190;33954;4717;429;708;5530;53414;374;4468;54063;67621;9012
FR;8;2022-10-12;153;255;1831;18236;149;1441;18472;23471;3534;582;963;7361;71650;523;5909;72535;91092;12546
FR;8;2022-10-13;206;279;2509;28066;176;1902;28430;35566;5206;788;1242;9870;99716;699;7811;100965;126658;17752
FR;8;2022-10-14;256;419;3271;36240;241;2555;36666;45565;6302;1044;1661;13141;135956;940;10366;137631;172223;24054
FR;8;2022-10-15;102;182;1203;8802;79;1001;8931;11782;1830;1146;1843;14344;144758;1019;11367;146562;184005;25884
FR;8;2022-10-16;34;54;248;1522;26;215;1557;2179;402;1180;1897;14592;146280;1045;11582;148119;186184;26286
FR;8;2022-10-17;157;310;2097;21773;173;1624;22081;28261;4534;1337;2207;16689;168053;1218;13206;170200;214445;30820
FR;8;2022-10-18;269;348;3355;37849;225;2653;38232;50773;9815;1606;2555;20044;205902;1443;15859;208432;265218;40635
FR;8;2022-10-19;193;313;2627;28293;182;2185;28610;38696;7840;1799;2868;22671;234195;1625;18044;237042;303914;48475
FR;8;2022-10-20;251;363;3576;41171;223;2651;41782;55655;11137;2050;3231;26247;275366;1848;20695;278824;359569;59612
FR;8;2022-10-21;325;489;4454;49394;276;3470;49991;66266;12708;2375;3720;30701;324760;2124;24165;328815;425835;72320
FR;8;2022-10-22;124;168;1230;10661;111;927;10849;14742;2948;2499;3888;31931;335421;2235;25092;339664;440577;75268
FR;8;2022-10-23;49;53;266;1761;48;197;1840;2609;571;2548;3941;32197;337182;2283;25289;341504;443186;75839
FR;8;2022-10-24;230;311;2475;24039;173;2074;24337;33543;7081;2778;4252;34672;361221;2456;27363;365841;476729;82920
FR;8;2022-10-25;306;412;4077;43410;255;3131;44011;61233;13988;3084;4664;38749;404631;2711;30494;409852;537962;96908
FR;8;2022-10-26;225;342;2871;28690;184;2368;28968;41313;9889;3309;5006;41620;433321;2895;32862;438820;579275;106797
FR;8;2022-10-27;273;415;3321;36160;242;2631;36633;51195;11866;3582;5421;44941;469481;3137;35493;475453;630470;118663
FR;8;2022-10-28;327;461;3826;39439;256;2860;40172;55058;11957;3909;5882;48767;508920;3393;38353;515625;685528;130620
FR;8;2022-10-29;111;165;1072;8223;94;801;8368;11852;2666;4020;6047;49839;517143;3487;39154;523993;697380;133286
FR;8;2022-10-30;40;53;209;1343;38;180;1388;2057;485;4060;6100;50048;518486;3525;39334;525381;699437;133771
FR;8;2022-10-31;196;256;1660;14535;140;1274;14799;21147;5056;4256;6356;51708;533021;3665;40608;540180;720584;138827
FR;8;2022-11-01;26;40;133;953;22;167;969;1592;454;4282;6396;51841;533974;3687;40775;541149;722176;139281
FR;8;2022-11-02;194;368;2370;23288;202;1969;23683;35000;9281;4476;6764;54211;557262;3889;42744;564832;757176;148562
FR;8;2022-11-03;308;416;3484;36928;255;2604;37567;54605;14335;4784;7180;57695;594190;4144;45348;602399;811781;162897
FR;8;2022-11-04;355;494;3781;40189;258;2972;40709;57956;14164;5139;7674;61476;634379;4402;48320;643108;869737;177061
FR;8;2022-11-05;113;182;1102;8759;117;849;8926;12876;3066;5252;7856;62578;643138;4519;49169;652034;882613;180127
FR;8;2022-11-06;42;56;224;1405;38;205;1439;2244;590;5294;7912;62802;644543;4557;49374;653473;884857;180717
FR;8;2022-11-07;230;277;2317;24767;202;1791;25350;37512;10303;5524;8189;65119;669310;4759;51165;678823;922369;191020
FR;8;2022-11-08;340;503;4331;48342;303;3262;49316;71500;18761;5864;8692;69450;717652;5062;54427;728139;993869;209781
FR;8;2022-11-09;259;366;2875;29158;207;2258;29844;44432;12246;6123;9058;72325;746810;5269;56685;757983;1038301;222027
FR;8;2022-11-10;366;530;3946;40202;302;3015;41116;60393;16123;6489;9588;76271;787012;5571;59700;799099;1098694;238150
FR;8;2022-11-11;39;64;243;1475;31;206;1521;2664;924;6528;9652;76514;788487;5602;59906;800620;1101358;239074
FR;8;2022-11-12;85;165;881;6429;79;686;6633;9890;2552;6613;9817;77395;794916;5681;60592;807253;1111248;241626
FR;8;2022-11-13;36;54;212;1109;34;172;1161;1922;583;6649;9871;77607;796025;5715;60764;808414;1113170;242209
FR;8;2022-11-14;228;303;2237;22415;164;1715;22960;35002;10253;6877;10174;79844;818440;5879;62479;831374;1148172;252462
FR;8;2022-11-15;337;420;3757;42286;253;2858;43190;64675;18496;7214;10594;83601;860726;6132;65337;874564;1212847;270958
FR;8;2022-11-16;297;346;2616;26497;213;2149;26965;41658;12459;7511;10940;86217;887223;6345;67486;901529;1254505;283417
FR;8;2022-11-17;363;426;3380;36819;286;2607;37403;56580;16471;7874;11366;89597;924042;6631;70093;938932;1311085;299888
FR;8;2022-11-18;341;463;4062;42267;282;2971;43118;63578;17385;8215;11829;93659;966309;6913;73064;982050;1374663;317273
FR;8;2022-11-19;121;179;1198;8969;115;844;9148;13820;3790;8336;12008;94857;975278;7028;73908;991198;1388483;321063
FR;8;2022-11-20;33;49;260;1584;33;217;1651;2649;777;8369;12057;95117;976862;7061;74125;992849;1391132;321840
FR;8;2022-11-21;215;300;2073;20051;175;1588;20576;32007;9776;8584;12357;97190;996913;7236;75713;1013425;1423139;331616
FR;8;2022-11-22;335;405;3464;37508;247;2663;38028;58032;17230;8919;12762;100654;1034421;7483;78376;1051453;1481171;348846
FR;8;2022-11-23;226;316;2408;24409;180;2011;24839;39144;12213;9145;13078;103062;1058830;7663;80387;1076292;1520315;361059
FR;8;2022-11-24;347;378;3366;34833;228;2574;35523;55155;16959;9492;13456;106428;1093663;7891;82961;1111815;1575470;378018
FR;8;2022-11-25;308;420;3628;37719;280;2619;38512;57793;16538;9800;13876;110056;1131382;8171;85580;1150327;1633263;394556
FR;8;2022-11-26;169;194;1176;8796;126;896;8954;13658;3777;9969;14070;111232;1140178;8297;86476;1159281;1646921;398333
FR;8;2022-11-27;45;41;227;1545;34;180;1561;2472;721;10014;14111;111459;1141723;8331;86656;1160842;1649393;399054
FR;8;2022-11-28;180;298;2301;23294;169;1692;23947;37187;11474;10194;14409;113760;1165017;8500;88348;1184789;1686580;410528
FR;8;2022-11-29;291;427;3963;43987;215;2937;44657;68942;21225;10485;14836;117723;1209004;8715;91285;1229446;1755522;431753
FR;8;2022-11-30;278;408;3365;34835;224;2540;35578;54624;16388;10763;15244;121088;1243839;8939;93825;1265024;1810146;448141
FR;8;2022-12-01;329;472;4459;49205;269;3101;49992;77347;24092;11092;15716;125547;1293044;9208;96926;1315016;1887493;472233
FR;8;2022-12-02;403;515;5423;58355;300;3731;59527;89627;26180;11495;16231;130970;1351399;9508;100657;1374543;1977120;498413
FR;8;2022-12-03;173;215;1911;16818;107;1320;17232;25773;7185;11668;16446;132881;1368217;9615;101977;1391775;2002893;505598
FR;8;2022-12-04;53;89;488;4044;59;402;4105;6267;1748;11721;16535;133369;1372261;9674;102379;1395880;2009160;507346
FR;8;2022-12-05;273;396;3830;42284;240;2496;43205;66718;20869;11994;16931;137199;1414545;9914;104875;1439085;2075878;528215
FR;8;2022-12-06;417;539;6290;74177;297;4207;75604;117593;37537;12411;17470;143489;1488722;10211;109082;1514689;2193471;565752
FR;8;2022-12-07;358;426;4898;54939;257;3231;56029;87482;28029;12769;17896;148387;1543661;10468;112313;1570718;2280953;593781
FR;8;2022-12-08;453;529;6408;75232;289;4172;76804;120042;38809;13222;18425;154795;1618893;10757;116485;1647522;2400995;632590
FR;8;2022-12-09;543;600;8002;90809;353;5196;92563;142740;44714;13765;19025;162797;1709702;11110;121681;1740085;2543735;677304
FR;8;2022-12-10;260;299;3335;31683;165;2085;32529;48684;13979;14025;19324;166132;1741385;11275;123766;1772614;2592419;691283
FR;8;2022-12-11;88;104;931;7855;66;639;8071;11871;3141;14113;19428;167063;1749240;11341;124405;1780685;2604290;694424
FR;8;2022-12-12;351;455;5839;64218;248;3707;65741;103120;33475;14464;19883;172902;1813458;11589;128112;1846426;2707410;727899
FR;8;2022-12-13;528;601;8408;98925;348;5179;101346;159786;52929;14992;20484;181310;1912383;11937;133291;1947772;2867196;780828
FR;8;2022-12-14;446;528;6326;69864;303;4169;71410;113018;37170;15438;21012;187636;1982247;12240;137460;2019182;2980214;817998
FR;8;2022-12-15;487;639;8112;91467;355;5091;93641;148586;49517;15925;21651;195748;2073714;12595;142551;2112823;3128800;867515
FR;8;2022-12-16;574;703;8833;100068;378;5669;102177;161453;53233;16499;22354;204581;2173782;12973;148220;2215000;3290253;920748
FR;8;2022-12-17;230;307;3141;29993;186;1999;30765;46676;13806;16729;22661;207722;2203775;13159;150219;2245765;3336929;934554
FR;8;2022-12-18;63;91;729;5962;45;498;6108;9274;2639;16792;22752;208451;2209737;13204;150717;2251873;3346203;937193
FR;8;2022-12-19;396;450;5333;53650;263;3359;55213;87533;28779;17188;23202;213784;2263387;13467;154076;2307086;3433736;965972
FR;8;2022-12-20;551;569;7332;76316;335;4738;78415;126653;43174;17739;23771;221116;2339703;13802;158814;2385501;3560389;1009146
FR;8;2022-12-21;410;474;4935;48534;280;3297;49817;81221;27917;18149;24245;226051;2388237;14082;162111;2435318;3641610;1037063
FR;8;2022-12-22;453;519;4548;44037;309;3134;45251;74244;25705;18602;24764;230599;2432274;14391;165245;2480569;3715854;1062768
FR;8;2022-12-23;306;383;2876;24928;245;2064;25598;42062;14284;18908;25147;233475;2457202;14636;167309;2506167;3757916;1077052
FR;8;2022-12-24;68;69;394;2539;40;294;2655;4128;1163;18976;25216;233869;2459741;14676;167603;2508822;3762044;1078215
FR;8;2022-12-25;29;27;104;535;21;81;555;896;257;19005;25243;233973;2460276;14697;167684;2509377;3762940;1078472
FR;8;2022-12-26;241;272;2153;16027;173;1496;16660;26701;8450;19246;25515;236126;2476303;14870;169180;2526037;3789641;1086922
FR;8;2022-12-27;378;444;3749;32304;251;2513;33397;55103;19046;19624;25959;239875;2508607;15121;171693;2559434;3844744;1105968
FR;8;2022-12-28;338;338;2921;24586;189;2035;25173;41565;14238;19962;26297;242796;2533193;15310;173728;2584607;3886309;1120206
FR;8;2022-12-29;295;400;3145;25436;220;2162;26373;43682;15020;20257;26697;245941;2558629;15530;175890;2610980;3929991;1135226
FR;8;2022-12-30;290;337;2433;18600;209;1692;19233;31530;10498;20547;27034;248374;2577229;15739;177582;2630213;3961521;1145724
FR;8;2022-12-31;91;117;450;2946;74;363;3089;4734;1262;20638;27151;248824;2580175;15813;177945;2633302;3966255;1146986
FR;8;2023-01-01;14;30;111;657;14;83;681;989;224;20652;27181;248935;2580832;15827;178028;2633983;3967244;1147210
FR;8;2023-01-02;252;382;2245;18151;223;1583;18613;31904;11623;20904;27563;251180;2598983;16050;179611;2652596;3999148;1158833
FR;8;2023-01-03;457;530;4211;42636;307;2870;43568;80486;33730;21361;28093;255391;2641619;16357;182481;2696164;4079634;1192563
FR;8;2023-01-04;407;460;3462;29811;284;2387;30542;57835;24721;21768;28553;258853;2671430;16641;184868;2726706;4137469;1217284
FR;8;2023-01-05;487;574;4326;41540;379;2876;42412;81318;35711;22255;29127;263179;2712970;17020;187744;2769118;4218787;1252995
FR;8;2023-01-06;501;654;5054;46442;387;3303;47427;89042;37987;22756;29781;268233;2759412;17407;191047;2816545;4307829;1290982
FR;8;2023-01-07;213;287;1674;12219;175;1178;12530;22168;8362;22969;30068;269907;2771631;17582;192225;2829075;4329997;1299344
FR;8;2023-01-08;66;104;434;2698;62;307;2786;4988;1878;23035;30172;270341;2774329;17644;192532;2831861;4334985;1301222
FR;8;2023-01-09;385;463;2567;21195;297;1795;21766;43911;20134;23420;30635;272908;2795524;17941;194327;2853627;4378896;1321356
FR;8;2023-01-10;442;587;4270;39547;359;2983;40357;83617;39904;23862;31222;277178;2835071;18300;197310;2893984;4462513;1361260
FR;8;2023-01-11;334;436;2879;23736;266;2048;24237;50536;23967;24196;31658;280057;2858807;18566;199358;2918221;4513049;1385227
FR;8;2023-01-12;390;515;3532;32414;300;2462;33011;69079;33263;24586;32173;283589;2891221;18866;201820;2951232;4582128;1418490
FR;8;2023-01-13;423;557;3946;34114;317;2780;34690;71295;33453;25009;32730;287535;2925335;19183;204600;2985922;4653423;1451943
FR;8;2023-01-14;166;216;1298;8645;116;921;8821;16742;6920;25175;32946;288833;2933980;19299;205521;2994743;4670165;1458863
FR;8;2023-01-15;49;82;302;1402;51;225;1493;2985;1255;25224;33028;289135;2935382;19350;205746;2996236;4673150;1460118
FR;8;2023-01-16;233;313;1885;14961;181;1329;15223;33414;16668;25457;33341;291020;2950343;19531;207075;3011459;4706564;1476786
FR;9;2020-12-27;0;0;0;0;0;0;0;0;0;0;0;0;0;0;0;0;0;0
FR;9;2020-12-28;0;0;0;0;0;0;0;0;0;0;0;0;0;0;0;0;0;0
FR;9;2020-12-29;0;0;0;0;0;0;0;0;0;0;0;0;0;0;0;0;0;0
FR;9;2020-12-30;0;0;0;0;0;0;0;0;0;0;0;0;0;0;0;0;0;0
FR;9;2020-12-31;0;0;0;0;0;0;0;0;0;0;0;0;0;0;0;0;0;0
FR;9;2021-01-01;0;0;0;0;0;0;0;0;0;0;0;0;0;0;0;0;0;0
FR;9;2021-01-02;0;0;0;0;0;0;0;0;0;0;0;0;0;0;0;0;0;0
FR;9;2021-01-03;0;0;0;0;0;0;0;0;0;0;0;0;0;0;0;0;0;0
FR;9;2021-01-04;0;0;0;0;0;0;0;0;0;0;0;0;0;0;0;0;0;0
FR;9;2021-01-05;0;0;0;0;0;0;0;0;0;0;0;0;0;0;0;0;0;0
FR;9;2021-01-06;0;0;0;0;0;0;0;0;0;0;0;0;0;0;0;0;0;0
FR;9;2021-01-07;0;0;0;0;0;0;0;0;0;0;0;0;0;0;0;0;0;0
FR;9;2021-01-08;0;0;0;0;0;0;0;0;0;0;0;0;0;0;0;0;0;0
FR;9;2021-01-09;0;0;0;0;0;0;0;0;0;0;0;0;0;0;0;0;0;0
FR;9;2021-01-10;0;0;0;0;0;0;0;0;0;0;0;0;0;0;0;0;0;0
FR;9;2021-01-11;0;0;0;0;0;0;0;0;0;0;0;0;0;0;0;0;0;0
FR;9;2021-01-12;0;0;0;0;0;0;0;0;0;0;0;0;0;0;0;0;0;0
FR;9;2021-01-13;0;0;0;0;0;0;0;0;0;0;0;0;0;0;0;0;0;0
FR;9;2021-01-14;0;0;0;0;0;0;0;0;0;0;0;0;0;0;0;0;0;0
FR;9;2021-01-15;0;0;0;0;0;0;0;0;0;0;0;0;0;0;0;0;0;0
FR;9;2021-01-16;0;0;0;0;0;0;0;0;0;0;0;0;0;0;0;0;0;0
FR;9;2021-01-17;0;0;0;0;0;0;0;0;0;0;0;0;0;0;0;0;0;0
FR;9;2021-01-18;0;0;0;0;0;0;0;0;0;0;0;0;0;0;0;0;0;0
FR;9;2021-01-19;0;0;0;0;0;0;0;0;0;0;0;0;0;0;0;0;0;0
FR;9;2021-01-20;0;0;0;0;0;0;0;0;0;0;0;0;0;0;0;0;0;0
FR;9;2021-01-21;0;0;0;0;0;0;0;0;0;0;0;0;0;0;0;0;0;0
FR;9;2021-01-22;0;0;0;0;0;0;0;0;0;0;0;0;0;0;0;0;0;0
FR;9;2021-01-23;0;0;0;0;0;0;0;0;0;0;0;0;0;0;0;0;0;0
FR;9;2021-01-24;0;0;0;0;0;0;0;0;0;0;0;0;0;0;0;0;0;0
FR;9;2021-01-25;0;0;0;0;0;0;0;0;0;0;0;0;0;0;0;0;0;0
FR;9;2021-01-26;0;0;0;0;0;0;0;0;0;0;0;0;0;0;0;0;0;0
FR;9;2021-01-27;0;0;0;0;0;0;0;0;0;0;0;0;0;0;0;0;0;0
FR;9;2021-01-28;0;0;0;0;0;0;0;0;0;0;0;0;0;0;0;0;0;0
FR;9;2021-01-29;0;0;0;0;0;0;0;0;0;0;0;0;0;0;0;0;0;0
FR;9;2021-01-30;0;0;0;0;0;0;0;0;0;0;0;0;0;0;0;0;0;0
FR;9;2021-01-31;0;0;0;0;0;0;0;0;0;0;0;0;0;0;0;0;0;0
FR;9;2021-02-01;0;0;0;0;0;0;0;0;0;0;0;0;0;0;0;0;0;0
FR;9;2021-02-02;0;0;0;0;0;0;0;0;0;0;0;0;0;0;0;0;0;0
FR;9;2021-02-03;0;0;0;0;0;0;0;0;0;0;0;0;0;0;0;0;0;0
FR;9;2021-02-04;0;0;0;0;0;0;0;0;0;0;0;0;0;0;0;0;0;0
FR;9;2021-02-05;0;0;0;0;0;0;0;0;0;0;0;0;0;0;0;0;0;0
FR;9;2021-02-06;0;0;0;0;0;0;0;0;0;0;0;0;0;0;0;0;0;0
FR;9;2021-02-07;0;0;0;0;0;0;0;0;0;0;0;0;0;0;0;0;0;0
FR;9;2021-02-08;0;0;0;0;0;0;0;0;0;0;0;0;0;0;0;0;0;0
FR;9;2021-02-09;0;0;0;0;0;0;0;0;0;0;0;0;0;0;0;0;0;0
FR;9;2021-02-10;0;0;0;0;0;0;0;0;0;0;0;0;0;0;0;0;0;0
FR;9;2021-02-11;0;0;0;0;0;0;0;0;0;0;0;0;0;0;0;0;0;0
FR;9;2021-02-12;0;0;0;0;0;0;0;0;0;0;0;0;0;0;0;0;0;0
FR;9;2021-02-13;0;0;0;0;0;0;0;0;0;0;0;0;0;0;0;0;0;0
FR;9;2021-02-14;0;0;0;0;0;0;0;0;0;0;0;0;0;0;0;0;0;0
FR;9;2021-02-15;0;0;0;0;0;0;0;0;0;0;0;0;0;0;0;0;0;0
FR;9;2021-02-16;0;0;0;0;0;0;0;0;0;0;0;0;0;0;0;0;0;0
FR;9;2021-02-17;0;0;0;0;0;0;0;0;0;0;0;0;0;0;0;0;0;0
FR;9;2021-02-18;0;0;0;0;0;0;0;0;0;0;0;0;0;0;0;0;0;0
FR;9;2021-02-19;0;0;0;0;0;0;0;0;0;0;0;0;0;0;0;0;0;0
FR;9;2021-02-20;0;0;0;0;0;0;0;0;0;0;0;0;0;0;0;0;0;0
FR;9;2021-02-21;0;0;0;0;0;0;0;0;0;0;0;0;0;0;0;0;0;0
FR;9;2021-02-22;0;0;0;0;0;0;0;0;0;0;0;0;0;0;0;0;0;0
FR;9;2021-02-23;0;0;0;0;0;0;0;0;0;0;0;0;0;0;0;0;0;0
FR;9;2021-02-24;0;0;0;0;0;0;0;0;0;0;0;0;0;0;0;0;0;0
FR;9;2021-02-25;0;0;0;0;0;0;0;0;0;0;0;0;0;0;0;0;0;0
FR;9;2021-02-26;0;0;0;0;0;0;0;0;0;0;0;0;0;0;0;0;0;0
FR;9;2021-02-27;0;0;0;0;0;0;0;0;0;0;0;0;0;0;0;0;0;0
FR;9;2021-02-28;0;0;0;0;0;0;0;0;0;0;0;0;0;0;0;0;0;0
FR;9;2021-03-01;0;0;0;0;0;0;0;0;0;0;0;0;0;0;0;0;0;0
FR;9;2021-03-02;0;0;0;0;0;0;0;0;0;0;0;0;0;0;0;0;0;0
FR;9;2021-03-03;0;0;0;0;0;0;0;0;0;0;0;0;0;0;0;0;0;0
FR;9;2021-03-04;0;0;0;0;0;0;0;0;0;0;0;0;0;0;0;0;0;0
FR;9;2021-03-05;0;0;0;0;0;0;0;0;0;0;0;0;0;0;0;0;0;0
FR;9;2021-03-06;0;0;0;0;0;0;0;0;0;0;0;0;0;0;0;0;0;0
FR;9;2021-03-07;0;0;0;0;0;0;0;0;0;0;0;0;0;0;0;0;0;0
FR;9;2021-03-08;0;0;0;0;0;0;0;0;0;0;0;0;0;0;0;0;0;0
FR;9;2021-03-09;0;0;0;0;0;0;0;0;0;0;0;0;0;0;0;0;0;0
FR;9;2021-03-10;0;0;0;0;0;0;0;0;0;0;0;0;0;0;0;0;0;0
FR;9;2021-03-11;0;0;0;0;0;0;0;0;0;0;0;0;0;0;0;0;0;0
FR;9;2021-03-12;0;0;0;0;0;0;0;0;0;0;0;0;0;0;0;0;0;0
FR;9;2021-03-13;0;0;0;0;0;0;0;0;0;0;0;0;0;0;0;0;0;0
FR;9;2021-03-14;0;0;0;0;0;0;0;0;0;0;0;0;0;0;0;0;0;0
FR;9;2021-03-15;0;0;0;0;0;0;0;0;0;0;0;0;0;0;0;0;0;0
FR;9;2021-03-16;0;0;0;0;0;0;0;0;0;0;0;0;0;0;0;0;0;0
FR;9;2021-03-17;0;0;0;0;0;0;0;0;0;0;0;0;0;0;0;0;0;0
FR;9;2021-03-18;0;0;0;0;0;0;0;0;0;0;0;0;0;0;0;0;0;0
FR;9;2021-03-19;0;0;0;0;0;0;0;0;0;0;0;0;0;0;0;0;0;0
FR;9;2021-03-20;0;0;0;0;0;0;0;0;0;0;0;0;0;0;0;0;0;0
FR;9;2021-03-21;0;0;0;0;0;0;0;0;0;0;0;0;0;0;0;0;0;0
FR;9;2021-03-22;0;0;0;0;0;0;0;0;0;0;0;0;0;0;0;0;0;0
FR;9;2021-03-23;0;0;0;0;0;0;0;0;0;0;0;0;0;0;0;0;0;0
FR;9;2021-03-24;0;0;0;0;0;0;0;0;0;0;0;0;0;0;0;0;0;0
FR;9;2021-03-25;0;0;0;0;0;0;0;0;0;0;0;0;0;0;0;0;0;0
FR;9;2021-03-26;0;0;0;0;0;0;0;0;0;0;0;0;0;0;0;0;0;0
FR;9;2021-03-27;0;0;0;0;0;0;0;0;0;0;0;0;0;0;0;0;0;0
FR;9;2021-03-28;0;0;0;0;0;0;0;0;0;0;0;0;0;0;0;0;0;0
FR;9;2021-03-29;0;0;0;0;0;0;0;0;0;0;0;0;0;0;0;0;0;0
FR;9;2021-03-30;0;0;0;0;0;0;0;0;0;0;0;0;0;0;0;0;0;0
FR;9;2021-03-31;0;0;0;0;0;0;0;0;0;0;0;0;0;0;0;0;0;0
FR;9;2021-04-01;0;0;0;0;0;0;0;0;0;0;0;0;0;0;0;0;0;0
FR;9;2021-04-02;0;0;0;0;0;0;0;0;0;0;0;0;0;0;0;0;0;0
FR;9;2021-04-03;0;0;0;0;0;0;0;0;0;0;0;0;0;0;0;0;0;0
FR;9;2021-04-04;0;0;0;0;0;0;0;0;0;0;0;0;0;0;0;0;0;0
FR;9;2021-04-05;0;0;0;0;0;0;0;0;0;0;0;0;0;0;0;0;0;0
FR;9;2021-04-06;0;0;0;0;0;0;0;0;0;0;0;0;0;0;0;0;0;0
FR;9;2021-04-07;0;0;0;0;0;0;0;0;0;0;0;0;0;0;0;0;0;0
FR;9;2021-04-08;0;0;0;0;0;0;0;0;0;0;0;0;0;0;0;0;0;0
FR;9;2021-04-09;0;0;0;0;0;0;0;0;0;0;0;0;0;0;0;0;0;0
FR;9;2021-04-10;0;0;0;0;0;0;0;0;0;0;0;0;0;0;0;0;0;0
FR;9;2021-04-11;0;0;0;0;0;0;0;0;0;0;0;0;0;0;0;0;0;0
FR;9;2021-04-12;0;0;0;0;0;0;0;0;0;0;0;0;0;0;0;0;0;0
FR;9;2021-04-13;0;0;0;0;0;0;0;0;0;0;0;0;0;0;0;0;0;0
FR;9;2021-04-14;0;0;0;0;0;0;0;0;0;0;0;0;0;0;0;0;0;0
FR;9;2021-04-15;0;0;0;0;0;0;0;0;0;0;0;0;0;0;0;0;0;0
FR;9;2021-04-16;0;0;0;0;0;0;0;0;0;0;0;0;0;0;0;0;0;0
FR;9;2021-04-17;0;0;0;0;0;0;0;0;0;0;0;0;0;0;0;0;0;0
FR;9;2021-04-18;0;0;0;0;0;0;0;0;0;0;0;0;0;0;0;0;0;0
FR;9;2021-04-19;0;0;0;0;0;0;0;0;0;0;0;0;0;0;0;0;0;0
FR;9;2021-04-20;0;0;0;0;0;0;0;0;0;0;0;0;0;0;0;0;0;0
FR;9;2021-04-21;0;0;0;0;0;0;0;0;0;0;0;0;0;0;0;0;0;0
FR;9;2021-04-22;0;0;0;0;0;0;0;0;0;0;0;0;0;0;0;0;0;0
FR;9;2021-04-23;0;0;0;0;0;0;0;0;0;0;0;0;0;0;0;0;0;0
FR;9;2021-04-24;0;0;0;0;0;0;0;0;0;0;0;0;0;0;0;0;0;0
FR;9;2021-04-25;0;0;0;0;0;0;0;0;0;0;0;0;0;0;0;0;0;0
FR;9;2021-04-26;0;0;0;0;0;0;0;0;0;0;0;0;0;0;0;0;0;0
FR;9;2021-04-27;0;0;0;0;0;0;0;0;0;0;0;0;0;0;0;0;0;0
FR;9;2021-04-28;0;0;0;0;0;0;0;0;0;0;0;0;0;0;0;0;0;0
FR;9;2021-04-29;0;0;0;0;0;0;0;0;0;0;0;0;0;0;0;0;0;0
FR;9;2021-04-30;0;0;0;0;0;0;0;0;0;0;0;0;0;0;0;0;0;0
FR;9;2021-05-01;0;0;0;0;0;0;0;0;0;0;0;0;0;0;0;0;0;0
FR;9;2021-05-02;0;0;0;0;0;0;0;0;0;0;0;0;0;0;0;0;0;0
FR;9;2021-05-03;0;0;0;0;0;0;0;0;0;0;0;0;0;0;0;0;0;0
FR;9;2021-05-04;0;0;0;0;0;0;0;0;0;0;0;0;0;0;0;0;0;0
FR;9;2021-05-05;0;0;0;0;0;0;0;0;0;0;0;0;0;0;0;0;0;0
FR;9;2021-05-06;0;0;0;0;0;0;0;0;0;0;0;0;0;0;0;0;0;0
FR;9;2021-05-07;0;0;0;0;0;0;0;0;0;0;0;0;0;0;0;0;0;0
FR;9;2021-05-08;0;0;0;0;0;0;0;0;0;0;0;0;0;0;0;0;0;0
FR;9;2021-05-09;0;0;0;0;0;0;0;0;0;0;0;0;0;0;0;0;0;0
FR;9;2021-05-10;0;0;0;0;0;0;0;0;0;0;0;0;0;0;0;0;0;0
FR;9;2021-05-11;0;0;0;0;0;0;0;0;0;0;0;0;0;0;0;0;0;0
FR;9;2021-05-12;0;0;0;0;0;0;0;0;0;0;0;0;0;0;0;0;0;0
FR;9;2021-05-13;0;0;0;0;0;0;0;0;0;0;0;0;0;0;0;0;0;0
FR;9;2021-05-14;0;0;0;0;0;0;0;0;0;0;0;0;0;0;0;0;0;0
FR;9;2021-05-15;0;0;0;0;0;0;0;0;0;0;0;0;0;0;0;0;0;0
FR;9;2021-05-16;0;0;0;0;0;0;0;0;0;0;0;0;0;0;0;0;0;0
FR;9;2021-05-17;0;0;0;0;0;0;0;0;0;0;0;0;0;0;0;0;0;0
FR;9;2021-05-18;0;0;0;0;0;0;0;0;0;0;0;0;0;0;0;0;0;0
FR;9;2021-05-19;0;0;0;0;0;0;0;0;0;0;0;0;0;0;0;0;0;0
FR;9;2021-05-20;0;0;0;0;0;0;0;0;0;0;0;0;0;0;0;0;0;0
FR;9;2021-05-21;0;0;0;0;0;0;0;0;0;0;0;0;0;0;0;0;0;0
FR;9;2021-05-22;0;0;0;0;0;0;0;0;0;0;0;0;0;0;0;0;0;0
FR;9;2021-05-23;0;0;0;0;0;0;0;0;0;0;0;0;0;0;0;0;0;0
FR;9;2021-05-24;0;0;0;0;0;0;0;0;0;0;0;0;0;0;0;0;0;0
FR;9;2021-05-25;0;0;0;0;0;0;0;0;0;0;0;0;0;0;0;0;0;0
FR;9;2021-05-26;0;0;0;0;0;0;0;0;0;0;0;0;0;0;0;0;0;0
FR;9;2021-05-27;0;0;0;0;0;0;0;0;0;0;0;0;0;0;0;0;0;0
FR;9;2021-05-28;0;0;0;0;0;0;0;0;0;0;0;0;0;0;0;0;0;0
FR;9;2021-05-29;0;0;0;0;0;0;0;0;0;0;0;0;0;0;0;0;0;0
FR;9;2021-05-30;0;0;0;0;0;0;0;0;0;0;0;0;0;0;0;0;0;0
FR;9;2021-05-31;0;0;0;0;0;0;0;0;0;0;0;0;0;0;0;0;0;0
FR;9;2021-06-01;0;0;0;0;0;0;0;0;0;0;0;0;0;0;0;0;0;0
FR;9;2021-06-02;0;0;0;0;0;0;0;0;0;0;0;0;0;0;0;0;0;0
FR;9;2021-06-03;0;0;0;0;0;0;0;0;0;0;0;0;0;0;0;0;0;0
FR;9;2021-06-04;0;0;0;0;0;0;0;0;0;0;0;0;0;0;0;0;0;0
FR;9;2021-06-05;0;0;0;0;0;0;0;0;0;0;0;0;0;0;0;0;0;0
FR;9;2021-06-06;0;0;0;0;0;0;0;0;0;0;0;0;0;0;0;0;0;0
FR;9;2021-06-07;0;0;0;0;0;0;0;0;0;0;0;0;0;0;0;0;0;0
FR;9;2021-06-08;0;0;0;0;0;0;0;0;0;0;0;0;0;0;0;0;0;0
FR;9;2021-06-09;0;0;0;0;0;0;0;0;0;0;0;0;0;0;0;0;0;0
FR;9;2021-06-10;0;0;0;0;0;0;0;0;0;0;0;0;0;0;0;0;0;0
FR;9;2021-06-11;0;0;0;0;0;0;0;0;0;0;0;0;0;0;0;0;0;0
FR;9;2021-06-12;0;0;0;0;0;0;0;0;0;0;0;0;0;0;0;0;0;0
FR;9;2021-06-13;0;0;0;0;0;0;0;0;0;0;0;0;0;0;0;0;0;0
FR;9;2021-06-14;0;0;0;0;0;0;0;0;0;0;0;0;0;0;0;0;0;0
FR;9;2021-06-15;0;0;0;0;0;0;0;0;0;0;0;0;0;0;0;0;0;0
FR;9;2021-06-16;0;0;0;0;0;0;0;0;0;0;0;0;0;0;0;0;0;0
FR;9;2021-06-17;0;0;0;0;0;0;0;0;0;0;0;0;0;0;0;0;0;0
FR;9;2021-06-18;0;0;0;0;0;0;0;0;0;0;0;0;0;0;0;0;0;0
FR;9;2021-06-19;0;0;0;0;0;0;0;0;0;0;0;0;0;0;0;0;0;0
FR;9;2021-06-20;0;0;0;0;0;0;0;0;0;0;0;0;0;0;0;0;0;0
FR;9;2021-06-21;0;0;0;0;0;0;0;0;0;0;0;0;0;0;0;0;0;0
FR;9;2021-06-22;0;0;0;0;0;0;0;0;0;0;0;0;0;0;0;0;0;0
FR;9;2021-06-23;0;0;0;0;0;0;0;0;0;0;0;0;0;0;0;0;0;0
FR;9;2021-06-24;0;0;0;0;0;0;0;0;0;0;0;0;0;0;0;0;0;0
FR;9;2021-06-25;0;0;0;0;0;0;0;0;0;0;0;0;0;0;0;0;0;0
FR;9;2021-06-26;0;0;0;0;0;0;0;0;0;0;0;0;0;0;0;0;0;0
FR;9;2021-06-27;0;0;0;0;0;0;0;0;0;0;0;0;0;0;0;0;0;0
FR;9;2021-06-28;0;0;0;0;0;0;0;0;0;0;0;0;0;0;0;0;0;0
FR;9;2021-06-29;0;0;0;0;0;0;0;0;0;0;0;0;0;0;0;0;0;0
FR;9;2021-06-30;0;0;0;0;0;0;0;0;0;0;0;0;0;0;0;0;0;0
FR;9;2021-07-01;0;0;0;0;0;0;0;0;0;0;0;0;0;0;0;0;0;0
FR;9;2021-07-02;0;0;0;0;0;0;0;0;0;0;0;0;0;0;0;0;0;0
FR;9;2021-07-03;0;0;0;0;0;0;0;0;0;0;0;0;0;0;0;0;0;0
FR;9;2021-07-04;0;0;0;0;0;0;0;0;0;0;0;0;0;0;0;0;0;0
FR;9;2021-07-05;0;0;0;0;0;0;0;0;0;0;0;0;0;0;0;0;0;0
FR;9;2021-07-06;0;0;0;0;0;0;0;0;0;0;0;0;0;0;0;0;0;0
FR;9;2021-07-07;0;0;0;0;0;0;0;0;0;0;0;0;0;0;0;0;0;0
FR;9;2021-07-08;0;0;0;0;0;0;0;0;0;0;0;0;0;0;0;0;0;0
FR;9;2021-07-09;0;0;0;0;0;0;0;0;0;0;0;0;0;0;0;0;0;0
FR;9;2021-07-10;0;0;0;0;0;0;0;0;0;0;0;0;0;0;0;0;0;0
FR;9;2021-07-11;0;0;0;0;0;0;0;0;0;0;0;0;0;0;0;0;0;0
FR;9;2021-07-12;0;0;0;0;0;0;0;0;0;0;0;0;0;0;0;0;0;0
FR;9;2021-07-13;0;0;0;0;0;0;0;0;0;0;0;0;0;0;0;0;0;0
FR;9;2021-07-14;0;0;0;0;0;0;0;0;0;0;0;0;0;0;0;0;0;0
FR;9;2021-07-15;0;0;0;0;0;0;0;0;0;0;0;0;0;0;0;0;0;0
FR;9;2021-07-16;0;0;0;0;0;0;0;0;0;0;0;0;0;0;0;0;0;0
FR;9;2021-07-17;0;0;0;0;0;0;0;0;0;0;0;0;0;0;0;0;0;0
FR;9;2021-07-18;0;0;0;0;0;0;0;0;0;0;0;0;0;0;0;0;0;0
FR;9;2021-07-19;0;0;0;0;0;0;0;0;0;0;0;0;0;0;0;0;0;0
FR;9;2021-07-20;0;0;0;0;0;0;0;0;0;0;0;0;0;0;0;0;0;0
FR;9;2021-07-21;0;0;0;0;0;0;0;0;0;0;0;0;0;0;0;0;0;0
FR;9;2021-07-22;0;0;0;0;0;0;0;0;0;0;0;0;0;0;0;0;0;0
FR;9;2021-07-23;0;0;0;0;0;0;0;0;0;0;0;0;0;0;0;0;0;0
FR;9;2021-07-24;0;0;0;0;0;0;0;0;0;0;0;0;0;0;0;0;0;0
FR;9;2021-07-25;0;0;0;0;0;0;0;0;0;0;0;0;0;0;0;0;0;0
FR;9;2021-07-26;0;0;0;0;0;0;0;0;0;0;0;0;0;0;0;0;0;0
FR;9;2021-07-27;0;0;0;0;0;0;0;0;0;0;0;0;0;0;0;0;0;0
FR;9;2021-07-28;0;0;0;0;0;0;0;0;0;0;0;0;0;0;0;0;0;0
FR;9;2021-07-29;0;0;0;0;0;0;0;0;0;0;0;0;0;0;0;0;0;0
FR;9;2021-07-30;0;0;0;0;0;0;0;0;0;0;0;0;0;0;0;0;0;0
FR;9;2021-07-31;0;0;0;0;0;0;0;0;0;0;0;0;0;0;0;0;0;0
FR;9;2021-08-01;0;0;0;0;0;0;0;0;0;0;0;0;0;0;0;0;0;0
FR;9;2021-08-02;0;0;0;0;0;0;0;0;0;0;0;0;0;0;0;0;0;0
FR;9;2021-08-03;0;0;0;0;0;0;0;0;0;0;0;0;0;0;0;0;0;0
FR;9;2021-08-04;0;0;0;0;0;0;0;0;0;0;0;0;0;0;0;0;0;0
FR;9;2021-08-05;0;0;0;0;0;0;0;0;0;0;0;0;0;0;0;0;0;0
FR;9;2021-08-06;0;0;0;0;0;0;0;0;0;0;0;0;0;0;0;0;0;0
FR;9;2021-08-07;0;0;0;0;0;0;0;0;0;0;0;0;0;0;0;0;0;0
FR;9;2021-08-08;0;0;0;0;0;0;0;0;0;0;0;0;0;0;0;0;0;0
FR;9;2021-08-09;0;0;0;0;0;0;0;0;0;0;0;0;0;0;0;0;0;0
FR;9;2021-08-10;0;0;0;0;0;0;0;0;0;0;0;0;0;0;0;0;0;0
FR;9;2021-08-11;0;0;0;0;0;0;0;0;0;0;0;0;0;0;0;0;0;0
FR;9;2021-08-12;0;0;0;0;0;0;0;0;0;0;0;0;0;0;0;0;0;0
FR;9;2021-08-13;0;0;0;0;0;0;0;0;0;0;0;0;0;0;0;0;0;0
FR;9;2021-08-14;0;0;0;0;0;0;0;0;0;0;0;0;0;0;0;0;0;0
FR;9;2021-08-15;0;0;0;0;0;0;0;0;0;0;0;0;0;0;0;0;0;0
FR;9;2021-08-16;0;0;0;0;0;0;0;0;0;0;0;0;0;0;0;0;0;0
FR;9;2021-08-17;0;0;0;0;0;0;0;0;0;0;0;0;0;0;0;0;0;0
FR;9;2021-08-18;0;0;0;0;0;0;0;0;0;0;0;0;0;0;0;0;0;0
FR;9;2021-08-19;0;0;0;0;0;0;0;0;0;0;0;0;0;0;0;0;0;0
FR;9;2021-08-20;0;0;0;0;0;0;0;0;0;0;0;0;0;0;0;0;0;0
FR;9;2021-08-21;0;0;0;0;0;0;0;0;0;0;0;0;0;0;0;0;0;0
FR;9;2021-08-22;0;0;0;0;0;0;0;0;0;0;0;0;0;0;0;0;0;0
FR;9;2021-08-23;0;0;0;0;0;0;0;0;0;0;0;0;0;0;0;0;0;0
FR;9;2021-08-24;0;0;0;0;0;0;0;0;0;0;0;0;0;0;0;0;0;0
FR;9;2021-08-25;0;0;0;0;0;0;0;0;0;0;0;0;0;0;0;0;0;0
FR;9;2021-08-26;0;0;0;0;0;0;0;0;0;0;0;0;0;0;0;0;0;0
FR;9;2021-08-27;0;0;0;0;0;0;0;0;0;0;0;0;0;0;0;0;0;0
FR;9;2021-08-28;0;0;0;0;0;0;0;0;0;0;0;0;0;0;0;0;0;0
FR;9;2021-08-29;0;0;0;0;0;0;0;0;0;0;0;0;0;0;0;0;0;0
FR;9;2021-08-30;0;0;0;0;0;0;0;0;0;0;0;0;0;0;0;0;0;0
FR;9;2021-08-31;0;0;0;0;0;0;0;0;0;0;0;0;0;0;0;0;0;0
FR;9;2021-09-01;0;0;0;0;0;0;0;0;0;0;0;0;0;0;0;0;0;0
FR;9;2021-09-02;0;0;0;0;0;0;0;0;0;0;0;0;0;0;0;0;0;0
FR;9;2021-09-03;0;0;0;0;0;0;0;0;0;0;0;0;0;0;0;0;0;0
FR;9;2021-09-04;0;0;0;0;0;0;0;0;0;0;0;0;0;0;0;0;0;0
FR;9;2021-09-05;0;0;0;0;0;0;0;0;0;0;0;0;0;0;0;0;0;0
FR;9;2021-09-06;0;0;0;0;0;0;0;0;0;0;0;0;0;0;0;0;0;0
FR;9;2021-09-07;0;0;0;0;0;0;0;0;0;0;0;0;0;0;0;0;0;0
FR;9;2021-09-08;0;0;0;0;0;0;0;0;0;0;0;0;0;0;0;0;0;0
FR;9;2021-09-09;0;0;0;0;0;0;0;0;0;0;0;0;0;0;0;0;0;0
FR;9;2021-09-10;0;0;0;0;0;0;0;0;0;0;0;0;0;0;0;0;0;0
FR;9;2021-09-11;0;0;0;0;0;0;0;0;0;0;0;0;0;0;0;0;0;0
FR;9;2021-09-12;0;0;0;0;0;0;0;0;0;0;0;0;0;0;0;0;0;0
FR;9;2021-09-13;0;0;0;0;0;0;0;0;0;0;0;0;0;0;0;0;0;0
FR;9;2021-09-14;0;0;0;0;0;0;0;0;0;0;0;0;0;0;0;0;0;0
FR;9;2021-09-15;0;0;0;0;0;0;0;0;0;0;0;0;0;0;0;0;0;0
FR;9;2021-09-16;0;0;0;0;0;0;0;0;0;0;0;0;0;0;0;0;0;0
FR;9;2021-09-17;0;0;0;0;0;0;0;0;0;0;0;0;0;0;0;0;0;0
FR;9;2021-09-18;0;0;0;0;0;0;0;0;0;0;0;0;0;0;0;0;0;0
FR;9;2021-09-19;0;0;0;0;0;0;0;0;0;0;0;0;0;0;0;0;0;0
FR;9;2021-09-20;0;0;0;0;0;0;0;0;0;0;0;0;0;0;0;0;0;0
FR;9;2021-09-21;0;0;0;0;0;0;0;0;0;0;0;0;0;0;0;0;0;0
FR;9;2021-09-22;0;0;0;0;0;0;0;0;0;0;0;0;0;0;0;0;0;0
FR;9;2021-09-23;0;0;0;0;0;0;0;0;0;0;0;0;0;0;0;0;0;0
FR;9;2021-09-24;0;0;0;0;0;0;0;0;0;0;0;0;0;0;0;0;0;0
FR;9;2021-09-25;0;0;0;0;0;0;0;0;0;0;0;0;0;0;0;0;0;0
FR;9;2021-09-26;0;0;0;0;0;0;0;0;0;0;0;0;0;0;0;0;0;0
FR;9;2021-09-27;0;0;0;0;0;0;0;0;0;0;0;0;0;0;0;0;0;0
FR;9;2021-09-28;0;0;0;0;0;0;0;0;0;0;0;0;0;0;0;0;0;0
FR;9;2021-09-29;0;0;0;0;0;0;0;0;0;0;0;0;0;0;0;0;0;0
FR;9;2021-09-30;0;0;0;0;0;0;0;0;0;0;0;0;0;0;0;0;0;0
FR;9;2021-10-01;0;0;0;0;0;0;0;0;0;0;0;0;0;0;0;0;0;0
FR;9;2021-10-02;0;0;0;0;0;0;0;0;0;0;0;0;0;0;0;0;0;0
FR;9;2021-10-03;0;0;0;0;0;0;0;0;0;0;0;0;0;0;0;0;0;0
FR;9;2021-10-04;0;0;0;0;0;0;0;0;0;0;0;0;0;0;0;0;0;0
FR;9;2021-10-05;0;0;0;0;0;0;0;0;0;0;0;0;0;0;0;0;0;0
FR;9;2021-10-06;0;0;0;0;0;0;0;0;0;0;0;0;0;0;0;0;0;0
FR;9;2021-10-07;0;0;0;0;0;0;0;0;0;0;0;0;0;0;0;0;0;0
FR;9;2021-10-08;0;0;0;0;0;0;0;0;0;0;0;0;0;0;0;0;0;0
FR;9;2021-10-09;0;0;0;0;0;0;0;0;0;0;0;0;0;0;0;0;0;0
FR;9;2021-10-10;0;0;0;0;0;0;0;0;0;0;0;0;0;0;0;0;0;0
FR;9;2021-10-11;0;0;0;0;0;0;0;0;0;0;0;0;0;0;0;0;0;0
FR;9;2021-10-12;0;0;0;0;0;0;0;0;0;0;0;0;0;0;0;0;0;0
FR;9;2021-10-13;0;0;0;0;0;0;0;0;0;0;0;0;0;0;0;0;0;0
FR;9;2021-10-14;0;0;0;0;0;0;0;0;0;0;0;0;0;0;0;0;0;0
FR;9;2021-10-15;0;0;0;0;0;0;0;0;0;0;0;0;0;0;0;0;0;0
FR;9;2021-10-16;0;0;0;0;0;0;0;0;0;0;0;0;0;0;0;0;0;0
FR;9;2021-10-17;0;0;0;0;0;0;0;0;0;0;0;0;0;0;0;0;0;0
FR;9;2021-10-18;0;0;0;0;0;0;0;0;0;0;0;0;0;0;0;0;0;0
FR;9;2021-10-19;0;0;0;0;0;0;0;0;0;0;0;0;0;0;0;0;0;0
FR;9;2021-10-20;0;0;0;0;0;0;0;0;0;0;0;0;0;0;0;0;0;0
FR;9;2021-10-21;0;0;0;0;0;0;0;0;0;0;0;0;0;0;0;0;0;0
FR;9;2021-10-22;0;0;0;0;0;0;0;0;0;0;0;0;0;0;0;0;0;0
FR;9;2021-10-23;0;0;0;0;0;0;0;0;0;0;0;0;0;0;0;0;0;0
FR;9;2021-10-24;0;0;0;0;0;0;0;0;0;0;0;0;0;0;0;0;0;0
FR;9;2021-10-25;0;0;0;0;0;0;0;0;0;0;0;0;0;0;0;0;0;0
FR;9;2021-10-26;0;0;0;0;0;0;0;0;0;0;0;0;0;0;0;0;0;0
FR;9;2021-10-27;0;0;0;0;0;0;0;0;0;0;0;0;0;0;0;0;0;0
FR;9;2021-10-28;0;0;0;0;0;0;0;0;0;0;0;0;0;0;0;0;0;0
FR;9;2021-10-29;0;0;0;0;0;0;0;0;0;0;0;0;0;0;0;0;0;0
FR;9;2021-10-30;0;0;0;0;0;0;0;0;0;0;0;0;0;0;0;0;0;0
FR;9;2021-10-31;0;0;0;0;0;0;0;0;0;0;0;0;0;0;0;0;0;0
FR;9;2021-11-01;0;0;0;0;0;0;0;0;0;0;0;0;0;0;0;0;0;0
FR;9;2021-11-02;0;0;0;0;0;0;0;0;0;0;0;0;0;0;0;0;0;0
FR;9;2021-11-03;0;0;0;0;0;0;0;0;0;0;0;0;0;0;0;0;0;0
FR;9;2021-11-04;0;0;0;0;0;0;0;0;0;0;0;0;0;0;0;0;0;0
FR;9;2021-11-05;0;0;0;0;0;0;0;0;0;0;0;0;0;0;0;0;0;0
FR;9;2021-11-06;0;0;0;0;0;0;0;0;0;0;0;0;0;0;0;0;0;0
FR;9;2021-11-07;0;0;0;0;0;0;0;0;0;0;0;0;0;0;0;0;0;0
FR;9;2021-11-08;0;0;0;0;0;0;0;0;0;0;0;0;0;0;0;0;0;0
FR;9;2021-11-09;0;0;0;0;0;0;0;0;0;0;0;0;0;0;0;0;0;0
FR;9;2021-11-10;0;0;0;0;0;0;0;0;0;0;0;0;0;0;0;0;0;0
FR;9;2021-11-11;0;0;0;0;0;0;0;0;0;0;0;0;0;0;0;0;0;0
FR;9;2021-11-12;0;0;0;0;0;0;0;0;0;0;0;0;0;0;0;0;0;0
FR;9;2021-11-13;0;0;0;0;0;0;0;0;0;0;0;0;0;0;0;0;0;0
FR;9;2021-11-14;0;0;0;0;0;0;0;0;0;0;0;0;0;0;0;0;0;0
FR;9;2021-11-15;0;0;0;0;0;0;0;0;0;0;0;0;0;0;0;0;0;0
FR;9;2021-11-16;0;0;0;0;0;0;0;0;0;0;0;0;0;0;0;0;0;0
FR;9;2021-11-17;0;0;0;0;0;0;0;0;0;0;0;0;0;0;0;0;0;0
FR;9;2021-11-18;0;0;0;0;0;0;0;0;0;0;0;0;0;0;0;0;0;0
FR;9;2021-11-19;0;0;0;0;0;0;0;0;0;0;0;0;0;0;0;0;0;0
FR;9;2021-11-20;0;0;0;0;0;0;0;0;0;0;0;0;0;0;0;0;0;0
FR;9;2021-11-21;0;0;0;0;0;0;0;0;0;0;0;0;0;0;0;0;0;0
FR;9;2021-11-22;0;0;0;0;0;0;0;0;0;0;0;0;0;0;0;0;0;0
FR;9;2021-11-23;0;0;0;0;0;0;0;0;0;0;0;0;0;0;0;0;0;0
FR;9;2021-11-24;0;0;0;0;0;0;0;0;0;0;0;0;0;0;0;0;0;0
FR;9;2021-11-25;0;0;0;0;0;0;0;0;0;0;0;0;0;0;0;0;0;0
FR;9;2021-11-26;0;0;0;0;0;0;0;0;0;0;0;0;0;0;0;0;0;0
FR;9;2021-11-27;0;0;0;0;0;0;0;0;0;0;0;0;0;0;0;0;0;0
FR;9;2021-11-28;0;0;0;0;0;0;0;0;0;0;0;0;0;0;0;0;0;0
FR;9;2021-11-29;0;0;0;0;0;0;0;0;0;0;0;0;0;0;0;0;0;0
FR;9;2021-11-30;0;0;0;0;0;0;0;0;0;0;0;0;0;0;0;0;0;0
FR;9;2021-12-01;0;0;0;0;0;0;0;0;0;0;0;0;0;0;0;0;0;0
FR;9;2021-12-02;0;0;0;0;0;0;0;0;0;0;0;0;0;0;0;0;0;0
FR;9;2021-12-03;0;0;0;0;0;0;0;0;0;0;0;0;0;0;0;0;0;0
FR;9;2021-12-04;0;0;0;0;0;0;0;0;0;0;0;0;0;0;0;0;0;0
FR;9;2021-12-05;0;0;0;0;0;0;0;0;0;0;0;0;0;0;0;0;0;0
FR;9;2021-12-06;0;0;0;0;0;0;0;0;0;0;0;0;0;0;0;0;0;0
FR;9;2021-12-07;0;0;0;0;0;0;0;0;0;0;0;0;0;0;0;0;0;0
FR;9;2021-12-08;0;0;0;0;0;0;0;0;0;0;0;0;0;0;0;0;0;0
FR;9;2021-12-09;0;0;0;0;0;0;0;0;0;0;0;0;0;0;0;0;0;0
FR;9;2021-12-10;0;0;0;0;0;0;0;0;0;0;0;0;0;0;0;0;0;0
FR;9;2021-12-11;0;0;0;0;0;0;0;0;0;0;0;0;0;0;0;0;0;0
FR;9;2021-12-12;0;0;0;0;0;0;0;0;0;0;0;0;0;0;0;0;0;0
FR;9;2021-12-13;0;0;0;0;0;0;0;0;0;0;0;0;0;0;0;0;0;0
FR;9;2021-12-14;0;0;0;0;0;0;0;0;0;0;0;0;0;0;0;0;0;0
FR;9;2021-12-15;0;0;0;0;0;0;0;0;0;0;0;0;0;0;0;0;0;0
FR;9;2021-12-16;0;0;0;0;0;0;0;0;0;0;0;0;0;0;0;0;0;0
FR;9;2021-12-17;0;0;0;0;0;0;0;0;0;0;0;0;0;0;0;0;0;0
FR;9;2021-12-18;0;0;0;0;0;0;0;0;0;0;0;0;0;0;0;0;0;0
FR;9;2021-12-19;0;0;0;0;0;0;0;0;0;0;0;0;0;0;0;0;0;0
FR;9;2021-12-20;0;0;0;0;0;0;0;0;0;0;0;0;0;0;0;0;0;0
FR;9;2021-12-21;0;0;0;0;0;0;0;0;0;0;0;0;0;0;0;0;0;0
FR;9;2021-12-22;0;0;0;0;0;0;0;0;0;0;0;0;0;0;0;0;0;0
FR;9;2021-12-23;0;0;0;0;0;0;0;0;0;0;0;0;0;0;0;0;0;0
FR;9;2021-12-24;0;0;0;0;0;0;0;0;0;0;0;0;0;0;0;0;0;0
FR;9;2021-12-25;0;0;0;0;0;0;0;0;0;0;0;0;0;0;0;0;0;0
FR;9;2021-12-26;0;0;0;0;0;0;0;0;0;0;0;0;0;0;0;0;0;0
FR;9;2021-12-27;0;0;0;0;0;0;0;0;0;0;0;0;0;0;0;0;0;0
FR;9;2021-12-28;0;0;0;0;0;0;0;0;0;0;0;0;0;0;0;0;0;0
FR;9;2021-12-29;0;0;0;0;0;0;0;0;0;0;0;0;0;0;0;0;0;0
FR;9;2021-12-30;0;0;0;0;0;0;0;0;0;0;0;0;0;0;0;0;0;0
FR;9;2021-12-31;0;0;0;0;0;0;0;0;0;0;0;0;0;0;0;0;0;0
FR;9;2022-01-01;0;0;0;0;0;0;0;0;0;0;0;0;0;0;0;0;0;0
FR;9;2022-01-02;0;0;0;0;0;0;0;0;0;0;0;0;0;0;0;0;0;0
FR;9;2022-01-03;0;0;0;0;0;0;0;0;0;0;0;0;0;0;0;0;0;0
FR;9;2022-01-04;0;0;0;0;0;0;0;0;0;0;0;0;0;0;0;0;0;0
FR;9;2022-01-05;0;0;0;0;0;0;0;0;0;0;0;0;0;0;0;0;0;0
FR;9;2022-01-06;0;0;0;0;0;0;0;0;0;0;0;0;0;0;0;0;0;0
FR;9;2022-01-07;0;0;0;0;0;0;0;0;0;0;0;0;0;0;0;0;0;0
FR;9;2022-01-08;0;0;0;0;0;0;0;0;0;0;0;0;0;0;0;0;0;0
FR;9;2022-01-09;0;0;0;0;0;0;0;0;0;0;0;0;0;0;0;0;0;0
FR;9;2022-01-10;0;0;0;0;0;0;0;0;0;0;0;0;0;0;0;0;0;0
FR;9;2022-01-11;0;0;0;0;0;0;0;0;0;0;0;0;0;0;0;0;0;0
FR;9;2022-01-12;0;0;0;0;0;0;0;0;0;0;0;0;0;0;0;0;0;0
FR;9;2022-01-13;0;0;0;0;0;0;0;0;0;0;0;0;0;0;0;0;0;0
FR;9;2022-01-14;0;0;0;0;0;0;0;0;0;0;0;0;0;0;0;0;0;0
FR;9;2022-01-15;0;0;0;0;0;0;0;0;0;0;0;0;0;0;0;0;0;0
FR;9;2022-01-16;0;0;0;0;0;0;0;0;0;0;0;0;0;0;0;0;0;0
FR;9;2022-01-17;0;0;0;0;0;0;0;0;0;0;0;0;0;0;0;0;0;0
FR;9;2022-01-18;0;0;0;0;0;0;0;0;0;0;0;0;0;0;0;0;0;0
FR;9;2022-01-19;0;0;0;0;0;0;0;0;0;0;0;0;0;0;0;0;0;0
FR;9;2022-01-20;0;0;0;0;0;0;0;0;0;0;0;0;0;0;0;0;0;0
FR;9;2022-01-21;0;0;0;0;0;0;0;0;0;0;0;0;0;0;0;0;0;0
FR;9;2022-01-22;0;0;0;0;0;0;0;0;0;0;0;0;0;0;0;0;0;0
FR;9;2022-01-23;0;0;0;0;0;0;0;0;0;0;0;0;0;0;0;0;0;0
FR;9;2022-01-24;0;0;0;0;0;0;0;0;0;0;0;0;0;0;0;0;0;0
FR;9;2022-01-25;0;0;0;0;0;0;0;0;0;0;0;0;0;0;0;0;0;0
FR;9;2022-01-26;0;0;0;0;0;0;0;0;0;0;0;0;0;0;0;0;0;0
FR;9;2022-01-27;0;0;0;0;0;0;0;0;0;0;0;0;0;0;0;0;0;0
FR;9;2022-01-28;0;0;0;0;0;0;0;0;0;0;0;0;0;0;0;0;0;0
FR;9;2022-01-29;0;0;0;0;0;0;0;0;0;0;0;0;0;0;0;0;0;0
FR;9;2022-01-30;0;0;0;0;0;0;0;0;0;0;0;0;0;0;0;0;0;0
FR;9;2022-01-31;0;0;0;0;0;0;0;0;0;0;0;0;0;0;0;0;0;0
FR;9;2022-02-01;0;0;0;0;0;0;0;0;0;0;0;0;0;0;0;0;0;0
FR;9;2022-02-02;0;0;0;0;0;0;0;0;0;0;0;0;0;0;0;0;0;0
FR;9;2022-02-03;0;0;0;0;0;0;0;0;0;0;0;0;0;0;0;0;0;0
FR;9;2022-02-04;0;0;0;0;0;0;0;0;0;0;0;0;0;0;0;0;0;0
FR;9;2022-02-05;0;0;0;0;0;0;0;0;0;0;0;0;0;0;0;0;0;0
FR;9;2022-02-06;0;0;0;0;0;0;0;0;0;0;0;0;0;0;0;0;0;0
FR;9;2022-02-07;0;0;0;0;0;0;0;0;0;0;0;0;0;0;0;0;0;0
FR;9;2022-02-08;0;0;0;0;0;0;0;0;0;0;0;0;0;0;0;0;0;0
FR;9;2022-02-09;0;0;0;0;0;0;0;0;0;0;0;0;0;0;0;0;0;0
FR;9;2022-02-10;0;0;0;0;0;0;0;0;0;0;0;0;0;0;0;0;0;0
FR;9;2022-02-11;0;0;0;0;0;0;0;0;0;0;0;0;0;0;0;0;0;0
FR;9;2022-02-12;0;0;0;0;0;0;0;0;0;0;0;0;0;0;0;0;0;0
FR;9;2022-02-13;0;0;0;0;0;0;0;0;0;0;0;0;0;0;0;0;0;0
FR;9;2022-02-14;0;0;0;0;0;0;0;0;0;0;0;0;0;0;0;0;0;0
FR;9;2022-02-15;0;0;0;0;0;0;0;0;0;0;0;0;0;0;0;0;0;0
FR;9;2022-02-16;0;0;0;0;0;0;0;0;0;0;0;0;0;0;0;0;0;0
FR;9;2022-02-17;0;0;0;0;0;0;0;0;0;0;0;0;0;0;0;0;0;0
FR;9;2022-02-18;0;0;0;0;0;0;0;0;0;0;0;0;0;0;0;0;0;0
FR;9;2022-02-19;0;0;0;0;0;0;0;0;0;0;0;0;0;0;0;0;0;0
FR;9;2022-02-20;0;0;0;0;0;0;0;0;0;0;0;0;0;0;0;0;0;0
FR;9;2022-02-21;0;0;0;0;0;0;0;0;0;0;0;0;0;0;0;0;0;0
FR;9;2022-02-22;0;0;0;0;0;0;0;0;0;0;0;0;0;0;0;0;0;0
FR;9;2022-02-23;0;0;0;0;0;0;0;0;0;0;0;0;0;0;0;0;0;0
FR;9;2022-02-24;0;0;0;0;0;0;0;0;0;0;0;0;0;0;0;0;0;0
FR;9;2022-02-25;0;0;0;0;0;0;0;0;0;0;0;0;0;0;0;0;0;0
FR;9;2022-02-26;0;0;0;0;0;0;0;0;0;0;0;0;0;0;0;0;0;0
FR;9;2022-02-27;0;0;0;0;0;0;0;0;0;0;0;0;0;0;0;0;0;0
FR;9;2022-02-28;0;0;0;0;0;0;0;0;0;0;0;0;0;0;0;0;0;0
FR;9;2022-03-01;0;0;0;0;0;0;0;0;0;0;0;0;0;0;0;0;0;0
FR;9;2022-03-02;0;0;0;0;0;0;0;0;0;0;0;0;0;0;0;0;0;0
FR;9;2022-03-03;0;0;0;0;0;0;0;0;0;0;0;0;0;0;0;0;0;0
FR;9;2022-03-04;0;0;0;0;0;0;0;0;0;0;0;0;0;0;0;0;0;0
FR;9;2022-03-05;0;0;0;0;0;0;0;0;0;0;0;0;0;0;0;0;0;0
FR;9;2022-03-06;0;0;0;0;0;0;0;0;0;0;0;0;0;0;0;0;0;0
FR;9;2022-03-07;0;0;0;0;0;0;0;0;0;0;0;0;0;0;0;0;0;0
FR;9;2022-03-08;0;0;0;0;0;0;0;0;0;0;0;0;0;0;0;0;0;0
FR;9;2022-03-09;0;0;0;0;0;0;0;0;0;0;0;0;0;0;0;0;0;0
FR;9;2022-03-10;0;0;0;0;0;0;0;0;0;0;0;0;0;0;0;0;0;0
FR;9;2022-03-11;0;0;0;0;0;0;0;0;0;0;0;0;0;0;0;0;0;0
FR;9;2022-03-12;0;0;0;0;0;0;0;0;0;0;0;0;0;0;0;0;0;0
FR;9;2022-03-13;0;0;0;0;0;0;0;0;0;0;0;0;0;0;0;0;0;0
FR;9;2022-03-14;0;0;0;0;0;0;0;0;0;0;0;0;0;0;0;0;0;0
FR;9;2022-03-15;0;0;0;0;0;0;0;0;0;0;0;0;0;0;0;0;0;0
FR;9;2022-03-16;0;0;0;0;0;0;0;0;0;0;0;0;0;0;0;0;0;0
FR;9;2022-03-17;0;0;0;0;0;0;0;0;0;0;0;0;0;0;0;0;0;0
FR;9;2022-03-18;0;0;0;0;0;0;0;0;0;0;0;0;0;0;0;0;0;0
FR;9;2022-03-19;0;0;0;0;0;0;0;0;0;0;0;0;0;0;0;0;0;0
FR;9;2022-03-20;0;0;0;0;0;0;0;0;0;0;0;0;0;0;0;0;0;0
FR;9;2022-03-21;0;0;0;0;0;0;0;0;0;0;0;0;0;0;0;0;0;0
FR;9;2022-03-22;0;0;0;0;0;0;0;0;0;0;0;0;0;0;0;0;0;0
FR;9;2022-03-23;0;0;0;0;0;0;0;0;0;0;0;0;0;0;0;0;0;0
FR;9;2022-03-24;0;0;0;0;0;0;0;0;0;0;0;0;0;0;0;0;0;0
FR;9;2022-03-25;0;0;0;0;0;0;0;0;0;0;0;0;0;0;0;0;0;0
FR;9;2022-03-26;0;0;0;0;0;0;0;0;0;0;0;0;0;0;0;0;0;0
FR;9;2022-03-27;0;0;0;0;0;0;0;0;0;0;0;0;0;0;0;0;0;0
FR;9;2022-03-28;0;0;0;0;0;0;0;0;0;0;0;0;0;0;0;0;0;0
FR;9;2022-03-29;0;0;0;0;0;0;0;0;0;0;0;0;0;0;0;0;0;0
FR;9;2022-03-30;0;0;0;0;0;0;0;0;0;0;0;0;0;0;0;0;0;0
FR;9;2022-03-31;0;0;0;0;0;0;0;0;0;0;0;0;0;0;0;0;0;0
FR;9;2022-04-01;0;0;0;0;0;0;0;0;0;0;0;0;0;0;0;0;0;0
FR;9;2022-04-02;0;0;0;0;0;0;0;0;0;0;0;0;0;0;0;0;0;0
FR;9;2022-04-03;0;0;0;0;0;0;0;0;0;0;0;0;0;0;0;0;0;0
FR;9;2022-04-04;0;0;0;0;0;0;0;0;0;0;0;0;0;0;0;0;0;0
FR;9;2022-04-05;0;0;0;0;0;0;0;0;0;0;0;0;0;0;0;0;0;0
FR;9;2022-04-06;0;0;0;0;0;0;0;0;0;0;0;0;0;0;0;0;0;0
FR;9;2022-04-07;0;0;0;0;0;0;0;0;0;0;0;0;0;0;0;0;0;0
FR;9;2022-04-08;0;0;0;0;0;0;0;0;0;0;0;0;0;0;0;0;0;0
FR;9;2022-04-09;0;0;0;0;0;0;0;0;0;0;0;0;0;0;0;0;0;0
FR;9;2022-04-10;0;0;0;0;0;0;0;0;0;0;0;0;0;0;0;0;0;0
FR;9;2022-04-11;0;0;0;0;0;0;0;0;0;0;0;0;0;0;0;0;0;0
FR;9;2022-04-12;0;0;0;0;0;0;0;0;0;0;0;0;0;0;0;0;0;0
FR;9;2022-04-13;0;0;0;0;0;0;0;0;0;0;0;0;0;0;0;0;0;0
FR;9;2022-04-14;0;0;0;0;0;0;0;0;0;0;0;0;0;0;0;0;0;0
FR;9;2022-04-15;0;0;0;0;0;0;0;0;0;0;0;0;0;0;0;0;0;0
FR;9;2022-04-16;0;0;0;0;0;0;0;0;0;0;0;0;0;0;0;0;0;0
FR;9;2022-04-17;0;0;0;0;0;0;0;0;0;0;0;0;0;0;0;0;0;0
FR;9;2022-04-18;0;0;0;0;0;0;0;0;0;0;0;0;0;0;0;0;0;0
FR;9;2022-04-19;0;0;0;0;0;0;0;0;0;0;0;0;0;0;0;0;0;0
FR;9;2022-04-20;0;0;0;0;0;0;0;0;0;0;0;0;0;0;0;0;0;0
FR;9;2022-04-21;0;0;0;0;0;0;0;0;0;0;0;0;0;0;0;0;0;0
FR;9;2022-04-22;0;0;0;0;0;0;0;0;0;0;0;0;0;0;0;0;0;0
FR;9;2022-04-23;0;0;0;0;0;0;0;0;0;0;0;0;0;0;0;0;0;0
FR;9;2022-04-24;0;0;0;0;0;0;0;0;0;0;0;0;0;0;0;0;0;0
FR;9;2022-04-25;0;0;0;0;0;0;0;0;0;0;0;0;0;0;0;0;0;0
FR;9;2022-04-26;0;0;0;0;0;0;0;0;0;0;0;0;0;0;0;0;0;0
FR;9;2022-04-27;0;0;0;0;0;0;0;0;0;0;0;0;0;0;0;0;0;0
FR;9;2022-04-28;0;0;0;0;0;0;0;0;0;0;0;0;0;0;0;0;0;0
FR;9;2022-04-29;0;0;0;0;0;0;0;0;0;0;0;0;0;0;0;0;0;0
FR;9;2022-04-30;0;0;0;0;0;0;0;0;0;0;0;0;0;0;0;0;0;0
FR;9;2022-05-01;0;0;0;0;0;0;0;0;0;0;0;0;0;0;0;0;0;0
FR;9;2022-05-02;0;0;0;0;0;0;0;0;0;0;0;0;0;0;0;0;0;0
FR;9;2022-05-03;0;0;0;0;0;0;0;0;0;0;0;0;0;0;0;0;0;0
FR;9;2022-05-04;0;0;0;0;0;0;0;0;0;0;0;0;0;0;0;0;0;0
FR;9;2022-05-05;0;0;0;0;0;0;0;0;0;0;0;0;0;0;0;0;0;0
FR;9;2022-05-06;0;0;0;0;0;0;0;0;0;0;0;0;0;0;0;0;0;0
FR;9;2022-05-07;0;0;0;0;0;0;0;0;0;0;0;0;0;0;0;0;0;0
FR;9;2022-05-08;0;0;0;0;0;0;0;0;0;0;0;0;0;0;0;0;0;0
FR;9;2022-05-09;0;0;0;0;0;0;0;0;0;0;0;0;0;0;0;0;0;0
FR;9;2022-05-10;0;0;0;0;0;0;0;0;0;0;0;0;0;0;0;0;0;0
FR;9;2022-05-11;0;0;0;0;0;0;0;0;0;0;0;0;0;0;0;0;0;0
FR;9;2022-05-12;0;0;0;0;0;0;0;0;0;0;0;0;0;0;0;0;0;0
FR;9;2022-05-13;0;0;0;0;0;0;0;0;0;0;0;0;0;0;0;0;0;0
FR;9;2022-05-14;0;0;0;0;0;0;0;0;0;0;0;0;0;0;0;0;0;0
FR;9;2022-05-15;0;0;0;0;0;0;0;0;0;0;0;0;0;0;0;0;0;0
FR;9;2022-05-16;0;0;0;0;0;0;0;0;0;0;0;0;0;0;0;0;0;0
FR;9;2022-05-17;0;0;0;0;0;0;0;0;0;0;0;0;0;0;0;0;0;0
FR;9;2022-05-18;0;0;0;0;0;0;0;0;0;0;0;0;0;0;0;0;0;0
FR;9;2022-05-19;0;0;0;0;0;0;0;0;0;0;0;0;0;0;0;0;0;0
FR;9;2022-05-20;0;0;0;0;0;0;0;0;0;0;0;0;0;0;0;0;0;0
FR;9;2022-05-21;0;0;0;0;0;0;0;0;0;0;0;0;0;0;0;0;0;0
FR;9;2022-05-22;0;0;0;0;0;0;0;0;0;0;0;0;0;0;0;0;0;0
FR;9;2022-05-23;0;0;0;0;0;0;0;0;0;0;0;0;0;0;0;0;0;0
FR;9;2022-05-24;0;0;0;0;0;0;0;0;0;0;0;0;0;0;0;0;0;0
FR;9;2022-05-25;0;0;0;0;0;0;0;0;0;0;0;0;0;0;0;0;0;0
FR;9;2022-05-26;0;0;0;0;0;0;0;0;0;0;0;0;0;0;0;0;0;0
FR;9;2022-05-27;0;0;0;0;0;0;0;0;0;0;0;0;0;0;0;0;0;0
FR;9;2022-05-28;0;0;0;0;0;0;0;0;0;0;0;0;0;0;0;0;0;0
FR;9;2022-05-29;0;0;0;0;0;0;0;0;0;0;0;0;0;0;0;0;0;0
FR;9;2022-05-30;0;0;0;0;0;0;0;0;0;0;0;0;0;0;0;0;0;0
FR;9;2022-05-31;0;0;0;0;0;0;0;0;0;0;0;0;0;0;0;0;0;0
FR;9;2022-06-01;0;0;0;0;0;0;0;0;0;0;0;0;0;0;0;0;0;0
FR;9;2022-06-02;0;0;0;0;0;0;0;0;0;0;0;0;0;0;0;0;0;0
FR;9;2022-06-03;0;0;0;0;0;0;0;0;0;0;0;0;0;0;0;0;0;0
FR;9;2022-06-04;0;0;0;0;0;0;0;0;0;0;0;0;0;0;0;0;0;0
FR;9;2022-06-05;0;0;0;0;0;0;0;0;0;0;0;0;0;0;0;0;0;0
FR;9;2022-06-06;0;0;0;0;0;0;0;0;0;0;0;0;0;0;0;0;0;0
FR;9;2022-06-07;0;0;0;0;0;0;0;0;0;0;0;0;0;0;0;0;0;0
FR;9;2022-06-08;0;0;0;0;0;0;0;0;0;0;0;0;0;0;0;0;0;0
FR;9;2022-06-09;0;0;0;0;0;0;0;0;0;0;0;0;0;0;0;0;0;0
FR;9;2022-06-10;0;0;0;0;0;0;0;0;0;0;0;0;0;0;0;0;0;0
FR;9;2022-06-11;0;0;0;0;0;0;0;0;0;0;0;0;0;0;0;0;0;0
FR;9;2022-06-12;0;0;0;0;0;0;0;0;0;0;0;0;0;0;0;0;0;0
FR;9;2022-06-13;0;0;0;0;0;0;0;0;0;0;0;0;0;0;0;0;0;0
FR;9;2022-06-14;0;0;0;0;0;0;0;0;0;0;0;0;0;0;0;0;0;0
FR;9;2022-06-15;0;0;0;0;0;0;0;0;0;0;0;0;0;0;0;0;0;0
FR;9;2022-06-16;0;0;0;0;0;0;0;0;0;0;0;0;0;0;0;0;0;0
FR;9;2022-06-17;0;0;0;0;0;0;0;0;0;0;0;0;0;0;0;0;0;0
FR;9;2022-06-18;0;0;0;0;0;0;0;0;0;0;0;0;0;0;0;0;0;0
FR;9;2022-06-19;0;0;0;0;0;0;0;0;0;0;0;0;0;0;0;0;0;0
FR;9;2022-06-20;0;0;0;0;0;0;0;0;0;0;0;0;0;0;0;0;0;0
FR;9;2022-06-21;0;0;0;0;0;0;0;0;0;0;0;0;0;0;0;0;0;0
FR;9;2022-06-22;0;0;0;0;0;0;0;0;0;0;0;0;0;0;0;0;0;0
FR;9;2022-06-23;0;0;0;0;0;0;0;0;0;0;0;0;0;0;0;0;0;0
FR;9;2022-06-24;0;0;0;0;0;0;0;0;0;0;0;0;0;0;0;0;0;0
FR;9;2022-06-25;0;0;0;0;0;0;0;0;0;0;0;0;0;0;0;0;0;0
FR;9;2022-06-26;0;0;0;0;0;0;0;0;0;0;0;0;0;0;0;0;0;0
FR;9;2022-06-27;0;0;0;0;0;0;0;0;0;0;0;0;0;0;0;0;0;0
FR;9;2022-06-28;0;0;0;0;0;0;0;0;0;0;0;0;0;0;0;0;0;0
FR;9;2022-06-29;0;0;0;0;0;0;0;0;0;0;0;0;0;0;0;0;0;0
FR;9;2022-06-30;0;0;0;0;0;0;0;0;0;0;0;0;0;0;0;0;0;0
FR;9;2022-07-01;0;0;0;0;0;0;0;0;0;0;0;0;0;0;0;0;0;0
FR;9;2022-07-02;0;0;0;0;0;0;0;0;0;0;0;0;0;0;0;0;0;0
FR;9;2022-07-03;0;0;0;0;0;0;0;0;0;0;0;0;0;0;0;0;0;0
FR;9;2022-07-04;0;0;0;0;0;0;0;0;0;0;0;0;0;0;0;0;0;0
FR;9;2022-07-05;0;0;0;0;0;0;0;0;0;0;0;0;0;0;0;0;0;0
FR;9;2022-07-06;0;0;0;0;0;0;0;0;0;0;0;0;0;0;0;0;0;0
FR;9;2022-07-07;0;0;0;0;0;0;0;0;0;0;0;0;0;0;0;0;0;0
FR;9;2022-07-08;0;0;0;0;0;0;0;0;0;0;0;0;0;0;0;0;0;0
FR;9;2022-07-09;0;0;0;0;0;0;0;0;0;0;0;0;0;0;0;0;0;0
FR;9;2022-07-10;0;0;0;0;0;0;0;0;0;0;0;0;0;0;0;0;0;0
FR;9;2022-07-11;0;0;0;0;0;0;0;0;0;0;0;0;0;0;0;0;0;0
FR;9;2022-07-12;0;0;0;0;0;0;0;0;0;0;0;0;0;0;0;0;0;0
FR;9;2022-07-13;0;0;0;0;0;0;0;0;0;0;0;0;0;0;0;0;0;0
FR;9;2022-07-14;0;0;0;0;0;0;0;0;0;0;0;0;0;0;0;0;0;0
FR;9;2022-07-15;0;0;0;0;0;0;0;0;0;0;0;0;0;0;0;0;0;0
FR;9;2022-07-16;0;0;0;0;0;0;0;0;0;0;0;0;0;0;0;0;0;0
FR;9;2022-07-17;0;0;0;0;0;0;0;0;0;0;0;0;0;0;0;0;0;0
FR;9;2022-07-18;0;0;0;0;0;0;0;0;0;0;0;0;0;0;0;0;0;0
FR;9;2022-07-19;0;0;0;0;0;0;0;0;0;0;0;0;0;0;0;0;0;0
FR;9;2022-07-20;0;0;0;0;0;0;0;0;0;0;0;0;0;0;0;0;0;0
FR;9;2022-07-21;0;0;0;0;0;0;0;0;0;0;0;0;0;0;0;0;0;0
FR;9;2022-07-22;0;0;0;0;0;0;0;0;0;0;0;0;0;0;0;0;0;0
FR;9;2022-07-23;0;0;0;0;0;0;0;0;0;0;0;0;0;0;0;0;0;0
FR;9;2022-07-24;0;0;0;0;0;0;0;0;0;0;0;0;0;0;0;0;0;0
FR;9;2022-07-25;0;0;0;0;0;0;0;0;0;0;0;0;0;0;0;0;0;0
FR;9;2022-07-26;0;0;0;0;0;0;0;0;0;0;0;0;0;0;0;0;0;0
FR;9;2022-07-27;0;0;0;0;0;0;0;0;0;0;0;0;0;0;0;0;0;0
FR;9;2022-07-28;0;0;0;0;0;0;0;0;0;0;0;0;0;0;0;0;0;0
FR;9;2022-07-29;0;0;0;0;0;0;0;0;0;0;0;0;0;0;0;0;0;0
FR;9;2022-07-30;0;0;0;0;0;0;0;0;0;0;0;0;0;0;0;0;0;0
FR;9;2022-07-31;0;0;0;0;0;0;0;0;0;0;0;0;0;0;0;0;0;0
FR;9;2022-08-01;0;0;0;0;0;0;0;0;0;0;0;0;0;0;0;0;0;0
FR;9;2022-08-02;0;0;0;0;0;0;0;0;0;0;0;0;0;0;0;0;0;0
FR;9;2022-08-03;0;0;0;0;0;0;0;0;0;0;0;0;0;0;0;0;0;0
FR;9;2022-08-04;0;0;0;0;0;0;0;0;0;0;0;0;0;0;0;0;0;0
FR;9;2022-08-05;0;0;0;0;0;0;0;0;0;0;0;0;0;0;0;0;0;0
FR;9;2022-08-06;0;0;0;0;0;0;0;0;0;0;0;0;0;0;0;0;0;0
FR;9;2022-08-07;0;0;0;0;0;0;0;0;0;0;0;0;0;0;0;0;0;0
FR;9;2022-08-08;0;0;0;0;0;0;0;0;0;0;0;0;0;0;0;0;0;0
FR;9;2022-08-09;0;0;0;0;0;0;0;0;0;0;0;0;0;0;0;0;0;0
FR;9;2022-08-10;0;0;0;0;0;0;0;0;0;0;0;0;0;0;0;0;0;0
FR;9;2022-08-11;0;0;0;0;0;0;0;0;0;0;0;0;0;0;0;0;0;0
FR;9;2022-08-12;0;0;0;0;0;0;0;0;0;0;0;0;0;0;0;0;0;0
FR;9;2022-08-13;0;0;0;0;0;0;0;0;0;0;0;0;0;0;0;0;0;0
FR;9;2022-08-14;0;0;0;0;0;0;0;0;0;0;0;0;0;0;0;0;0;0
FR;9;2022-08-15;0;0;0;0;0;0;0;0;0;0;0;0;0;0;0;0;0;0
FR;9;2022-08-16;0;0;0;0;0;0;0;0;0;0;0;0;0;0;0;0;0;0
FR;9;2022-08-17;0;0;0;0;0;0;0;0;0;0;0;0;0;0;0;0;0;0
FR;9;2022-08-18;0;0;0;0;0;0;0;0;0;0;0;0;0;0;0;0;0;0
FR;9;2022-08-19;0;0;0;0;0;0;0;0;0;0;0;0;0;0;0;0;0;0
FR;9;2022-08-20;0;0;0;0;0;0;0;0;0;0;0;0;0;0;0;0;0;0
FR;9;2022-08-21;0;0;0;0;0;0;0;0;0;0;0;0;0;0;0;0;0;0
FR;9;2022-08-22;0;0;0;0;0;0;0;0;0;0;0;0;0;0;0;0;0;0
FR;9;2022-08-23;0;0;0;0;0;0;0;0;0;0;0;0;0;0;0;0;0;0
FR;9;2022-08-24;0;0;0;0;0;0;0;0;0;0;0;0;0;0;0;0;0;0
FR;9;2022-08-25;0;0;0;0;0;0;0;0;0;0;0;0;0;0;0;0;0;0
FR;9;2022-08-26;0;0;0;0;0;0;0;0;0;0;0;0;0;0;0;0;0;0
FR;9;2022-08-27;0;0;0;0;0;0;0;0;0;0;0;0;0;0;0;0;0;0
FR;9;2022-08-28;0;0;0;0;0;0;0;0;0;0;0;0;0;0;0;0;0;0
FR;9;2022-08-29;0;0;0;0;0;0;0;0;0;0;0;0;0;0;0;0;0;0
FR;9;2022-08-30;0;0;0;0;0;0;0;0;0;0;0;0;0;0;0;0;0;0
FR;9;2022-08-31;0;0;0;0;0;0;0;0;0;0;0;0;0;0;0;0;0;0
FR;9;2022-09-01;0;0;0;0;0;0;0;0;0;0;0;0;0;0;0;0;0;0
FR;9;2022-09-02;0;0;0;0;0;0;0;0;0;0;0;0;0;0;0;0;0;0
FR;9;2022-09-03;0;0;0;0;0;0;0;0;0;0;0;0;0;0;0;0;0;0
FR;9;2022-09-04;0;0;0;0;0;0;0;0;0;0;0;0;0;0;0;0;0;0
FR;9;2022-09-05;0;0;0;0;0;0;0;0;0;0;0;0;0;0;0;0;0;0
FR;9;2022-09-06;0;0;0;0;0;0;0;0;0;0;0;0;0;0;0;0;0;0
FR;9;2022-09-07;0;0;0;0;0;0;0;0;0;0;0;0;0;0;0;0;0;0
FR;9;2022-09-08;0;0;0;0;0;0;0;0;0;0;0;0;0;0;0;0;0;0
FR;9;2022-09-09;0;0;0;0;0;0;0;0;0;0;0;0;0;0;0;0;0;0
FR;9;2022-09-10;0;0;0;0;0;0;0;0;0;0;0;0;0;0;0;0;0;0
FR;9;2022-09-11;0;0;0;0;0;0;0;0;0;0;0;0;0;0;0;0;0;0
FR;9;2022-09-12;0;0;0;0;0;0;0;0;0;0;0;0;0;0;0;0;0;0
FR;9;2022-09-13;0;0;0;0;0;0;0;0;0;0;0;0;0;0;0;0;0;0
FR;9;2022-09-14;0;0;0;0;0;0;0;0;0;0;0;0;0;0;0;0;0;0
FR;9;2022-09-15;0;0;0;0;0;0;0;0;0;0;0;0;0;0;0;0;0;0
FR;9;2022-09-16;0;0;0;0;0;0;0;0;0;0;0;0;0;0;0;0;0;0
FR;9;2022-09-17;0;0;0;0;0;0;0;0;0;0;0;0;0;0;0;0;0;0
FR;9;2022-09-18;0;0;0;0;0;0;0;0;0;0;0;0;0;0;0;0;0;0
FR;9;2022-09-19;0;0;0;0;0;0;0;0;0;0;0;0;0;0;0;0;0;0
FR;9;2022-09-20;0;0;0;0;0;0;0;0;0;0;0;0;0;0;0;0;0;0
FR;9;2022-09-21;0;0;0;0;0;0;0;0;0;0;0;0;0;0;0;0;0;0
FR;9;2022-09-22;0;0;0;0;0;0;0;0;0;0;0;0;0;0;0;0;0;0
FR;9;2022-09-23;0;0;0;0;0;0;0;0;0;0;0;0;0;0;0;0;0;0
FR;9;2022-09-24;0;0;0;0;0;0;0;0;0;0;0;0;0;0;0;0;0;0
FR;9;2022-09-25;0;0;0;0;0;0;0;0;0;0;0;0;0;0;0;0;0;0
FR;9;2022-09-26;0;0;0;0;0;0;0;0;0;0;0;0;0;0;0;0;0;0
FR;9;2022-09-27;0;0;0;0;0;0;0;0;0;0;0;0;0;0;0;0;0;0
FR;9;2022-09-28;0;0;0;0;0;0;0;0;0;0;0;0;0;0;0;0;0;0
FR;9;2022-09-29;1;1;8;33;0;6;35;43;2;1;1;8;33;0;6;35;43;2
FR;9;2022-09-30;5;12;60;606;6;47;613;713;51;6;13;68;639;6;53;648;756;53
FR;9;2022-10-01;10;1;43;327;2;26;335;396;35;16;14;111;966;8;79;983;1152;88
FR;9;2022-10-02;1;1;5;50;0;4;51;66;11;17;15;116;1016;8;83;1034;1218;99
FR;9;2022-10-03;10;17;151;1714;11;129;1708;2074;234;27;32;267;2730;19;212;2742;3292;333
FR;9;2022-10-04;21;48;353;3952;18;228;4020;4702;450;48;80;620;6682;37;440;6762;7994;783
FR;9;2022-10-05;27;19;269;2997;16;203;3010;3655;433;75;99;889;9679;53;643;9772;11649;1216
FR;9;2022-10-06;23;34;399;4598;17;300;4631;5608;672;98;133;1288;14277;70;943;14403;17257;1888
FR;9;2022-10-07;29;50;499;5704;19;384;5718;7027;923;127;183;1787;19981;89;1327;20121;24284;2811
FR;9;2022-10-08;10;18;128;1090;8;86;1108;1389;191;137;201;1915;21071;97;1413;21229;25673;3002
FR;9;2022-10-09;1;7;22;197;1;29;198;277;50;138;208;1937;21268;98;1442;21427;25950;3052
FR;9;2022-10-10;11;26;207;2572;14;181;2576;3296;533;149;234;2144;23840;112;1623;24003;29246;3585
FR;9;2022-10-11;31;40;424;5043;27;312;5024;6196;850;180;274;2568;28883;139;1935;29027;35442;4435
FR;9;2022-10-12;22;26;297;2987;16;212;3044;3830;572;202;300;2865;31870;155;2147;32071;39272;5007
FR;9;2022-10-13;25;42;374;3980;16;245;4036;5027;740;227;342;3239;35850;171;2392;36107;44299;5747
FR;9;2022-10-14;27;26;381;4430;12;293;4414;5556;838;254;368;3620;40280;183;2685;40521;49855;6585
FR;9;2022-10-15;14;8;101;1052;7;79;1029;1308;198;268;376;3721;41332;190;2764;41550;51163;6783
FR;9;2022-10-16;4;1;9;132;2;12;126;168;28;272;377;3730;41464;192;2776;41676;51331;6811
FR;9;2022-10-17;4;22;165;1875;11;127;1883;2492;475;276;399;3895;43339;203;2903;43559;53823;7286
FR;9;2022-10-18;36;28;316;3429;17;235;3453;4652;955;312;427;4211;46768;220;3138;47012;58475;8241
FR;9;2022-10-19;22;19;262;2687;16;174;2717;3725;819;334;446;4473;49455;236;3312;49729;62200;9060
FR;9;2022-10-20;22;22;308;3625;8;232;3630;4802;932;356;468;4781;53080;244;3544;53359;67002;9992
FR;9;2022-10-21;14;31;325;3528;10;227;3546;4641;860;370;499;5106;56608;254;3771;56905;71643;10852
FR;9;2022-10-22;10;11;90;914;8;62;919;1193;207;380;510;5196;57522;262;3833;57824;72836;11059
FR;9;2022-10-23;2;2;17;99;2;10;104;147;33;382;512;5213;57621;264;3843;57928;72983;11092
FR;9;2022-10-24;7;17;158;1362;6;104;1430;1934;395;389;529;5371;58983;270;3947;59358;74917;11487
FR;9;2022-10-25;18;22;227;2837;16;188;2846;3918;881;407;551;5598;61820;286;4135;62204;78835;12368
FR;9;2022-10-26;14;16;169;1798;13;123;1811;2523;587;421;567;5767;63618;299;4258;64015;81358;12955
FR;9;2022-10-27;9;26;230;2291;15;173;2324;3170;662;430;593;5997;65909;314;4431;66339;84528;13617
FR;9;2022-10-28;18;27;224;2277;17;151;2303;3141;680;448;620;6221;68186;331;4582;68642;87669;14297
FR;9;2022-10-29;12;8;55;505;5;46;496;662;119;460;628;6276;68691;336;4628;69138;88331;14416
FR;9;2022-10-30;2;1;8;58;1;8;58;82;16;462;629;6284;68749;337;4636;69196;88413;14432
FR;9;2022-10-31;13;7;105;660;9;59;695;996;240;475;636;6389;69409;346;4695;69891;89409;14672
FR;9;2022-11-01;1;1;15;43;0;11;49;71;11;476;637;6404;69452;346;4706;69940;89480;14683
FR;9;2022-11-02;7;12;102;1026;4;76;1044;1576;452;483;649;6506;70478;350;4782;70984;91056;15135
FR;9;2022-11-03;17;18;155;1583;16;90;1631;2325;594;500;667;6661;72061;366;4872;72615;93381;15729
FR;9;2022-11-04;21;19;193;1748;15;120;1797;2533;611;521;686;6854;73809;381;4992;74412;95914;16340
FR;9;2022-11-05;8;10;58;403;9;39;424;573;107;529;696;6912;74212;390;5031;74836;96487;16447
FR;9;2022-11-06;5;4;5;62;6;2;61;88;25;534;700;6917;74274;396;5033;74897;96575;16472
FR;9;2022-11-07;16;19;88;923;16;109;929;1468;424;550;719;7005;75197;412;5142;75826;98043;16896
FR;9;2022-11-08;10;19;168;1814;13;134;1808;2649;702;560;738;7173;77011;425;5276;77634;100692;17598
FR;9;2022-11-09;16;16;123;1261;9;98;1322;1878;453;576;754;7296;78272;434;5374;78956;102570;18051
FR;9;2022-11-10;13;21;162;1622;13;137;1619;2278;518;589;775;7458;79894;447;5511;80575;104848;18569
FR;9;2022-11-11;1;1;13;81;1;6;83;123;34;590;776;7471;79975;448;5517;80658;104971;18603
FR;9;2022-11-12;5;8;44;259;7;19;278;395;97;595;784;7515;80234;455;5536;80936;105366;18700
FR;9;2022-11-13;2;0;4;30;0;4;31;51;16;597;784;7519;80264;455;5540;80967;105417;18716
FR;9;2022-11-14;11;12;56;707;11;44;722;1107;338;608;796;7575;80971;466;5584;81689;106524;19054
FR;9;2022-11-15;18;16;146;1322;7;103;1329;2074;636;626;812;7721;82293;473;5687;83018;108598;19690
FR;9;2022-11-16;10;4;99;979;7;58;997;1490;431;636;816;7820;83272;480;5745;84015;110088;20121
FR;9;2022-11-17;9;17;126;1079;11;78;1104;1687;500;645;833;7946;84351;491;5823;85119;111775;20621
FR;9;2022-11-18;7;16;119;1440;5;77;1455;2025;491;652;849;8065;85791;496;5900;86574;113800;21112
FR;9;2022-11-19;3;5;50;364;1;27;351;489;106;655;854;8115;86155;497;5927;86925;114289;21218
FR;9;2022-11-20;1;0;5;37;0;3;35;54;16;656;854;8120;86192;497;5930;86960;114343;21234
FR;9;2022-11-21;9;12;66;636;5;51;639;960;263;665;866;8186;86828;502;5981;87599;115303;21497
FR;9;2022-11-22;15;12;121;1037;13;74;1067;1592;449;680;878;8307;87865;515;6055;88666;116895;21946
FR;9;2022-11-23;7;10;69;731;5;33;758;1160;364;687;888;8376;88596;520;6088;89424;118055;22310
FR;9;2022-11-24;8;19;93;977;14;68;990;1470;406;695;907;8469;89573;534;6156;90414;119525;22716
FR;9;2022-11-25;8;10;106;1174;8;81;1190;1747;475;703;917;8575;90747;542;6237;91604;121272;23191
FR;9;2022-11-26;6;6;35;217;7;24;214;310;68;709;923;8610;90964;549;6261;91818;121582;23259
FR;9;2022-11-27;1;1;6;42;0;2;46;82;34;710;924;8616;91006;549;6263;91864;121664;23293
FR;9;2022-11-28;5;7;102;694;7;59;723;1116;329;715;931;8718;91700;556;6322;92587;122780;23622
FR;9;2022-11-29;6;18;140;1296;6;89;1322;1934;518;721;949;8858;92996;562;6411;93909;124714;24140
FR;9;2022-11-30;9;12;99;1026;5;76;1049;1600;470;730;961;8957;94022;567;6487;94958;126314;24610
FR;9;2022-12-01;16;14;111;1330;8;80;1315;1939;540;746;975;9068;95352;575;6567;96273;128253;25150
FR;9;2022-12-02;10;13;192;1816;10;107;1816;2629;700;756;988;9260;97168;585;6674;98089;130882;25850
FR;9;2022-12-03;7;9;79;618;5;40;632;886;208;763;997;9339;97786;590;6714;98721;131768;26058
FR;9;2022-12-04;9;4;15;105;5;8;105;153;40;772;1001;9354;97891;595;6722;98826;131921;26098
FR;9;2022-12-05;19;24;144;1405;17;98;1420;2106;581;791;1025;9498;99296;612;6820;100246;134027;26679
FR;9;2022-12-06;30;21;262;2442;21;147;2536;3799;1097;821;1046;9760;101738;633;6967;102782;137826;27776
FR;9;2022-12-07;15;22;181;1844;20;112;1886;2820;814;836;1068;9941;103582;653;7079;104668;140646;28590
FR;9;2022-12-08;13;22;222;2392;15;125;2455;3681;1084;849;1090;10163;105974;668;7204;107123;144327;29674
FR;9;2022-12-09;14;25;287;2885;10;143;2983;4334;1200;863;1115;10450;108859;678;7347;110106;148661;30874
FR;9;2022-12-10;12;12;122;1319;4;56;1342;1813;409;875;1127;10572;110178;682;7403;111448;150474;31283
FR;9;2022-12-11;5;4;21;277;5;10;283;363;66;880;1131;10593;110455;687;7413;111731;150837;31349
FR;9;2022-12-12;17;13;215;1956;12;108;2030;2886;743;897;1144;10808;112411;699;7521;113761;153723;32092
FR;9;2022-12-13;27;22;317;3076;14;151;3212;4709;1335;924;1166;11125;115487;713;7672;116973;158432;33427
FR;9;2022-12-14;15;10;187;2327;8;92;2396;3492;987;939;1176;11312;117814;721;7764;119369;161924;34414
FR;9;2022-12-15;17;23;250;2601;12;137;2678;4062;1236;956;1199;11562;120415;733;7901;122047;165986;35650
FR;9;2022-12-16;15;29;293;3065;21;164;3148;4585;1264;971;1228;11855;123480;754;8065;125195;170571;36914
FR;9;2022-12-17;8;11;106;1190;6;50;1205;1661;402;979;1239;11961;124670;760;8115;126400;172232;37316
FR;9;2022-12-18;1;7;30;245;6;14;251;333;67;980;1246;11991;124915;766;8129;126651;172565;37383
FR;9;2022-12-19;20;21;149;1599;15;78;1631;2507;789;1000;1267;12140;126514;781;8207;128282;175072;38172
FR;9;2022-12-20;21;19;232;2306;6;115;2348;3704;1230;1021;1286;12372;128820;787;8322;130630;178776;39402
FR;9;2022-12-21;6;14;139;1500;7;66;1553;2401;775;1027;1300;12511;130320;794;8388;132183;181177;40177
FR;9;2022-12-22;17;6;133;1382;8;74;1399;2095;614;1044;1306;12644;131702;802;8462;133582;183272;40791
FR;9;2022-12-23;11;14;76;729;8;50;731;1092;305;1055;1320;12720;132431;810;8512;134313;184364;41096
FR;9;2022-12-24;1;5;12;95;4;5;97;136;34;1056;1325;12732;132526;814;8517;134410;184500;41130
FR;9;2022-12-25;1;0;5;5;0;4;6;12;2;1057;1325;12737;132531;814;8521;134416;184512;41132
FR;9;2022-12-26;16;8;64;547;11;37;554;829;235;1073;1333;12801;133078;825;8558;134970;185341;41367
FR;9;2022-12-27;12;30;97;882;14;69;917;1422;430;1085;1363;12898;133960;839;8627;135887;186763;41797
FR;9;2022-12-28;7;9;82;737;8;40;756;1166;365;1092;1372;12980;134697;847;8667;136643;187929;42162
FR;9;2022-12-29;9;14;92;718;10;51;753;1129;318;1101;1386;13072;135415;857;8718;137396;189058;42480
FR;9;2022-12-30;12;17;75;584;9;46;603;880;228;1113;1403;13147;135999;866;8764;137999;189938;42708
FR;9;2022-12-31;2;3;17;136;2;12;139;190;38;1115;1406;13164;136135;868;8776;138138;190128;42746
FR;9;2023-01-01;0;2;3;19;1;4;19;31;8;1115;1408;13167;136154;869;8780;138157;190159;42754
FR;9;2023-01-02;11;11;56;591;4;40;584;948;320;1126;1419;13223;136745;873;8820;138741;191107;43074
FR;9;2023-01-03;17;18;119;1071;18;74;1096;1913;728;1143;1437;13342;137816;891;8894;139837;193020;43802
FR;9;2023-01-04;20;18;113;841;8;71;895;1604;633;1163;1455;13455;138657;899;8965;140732;194624;44435
FR;9;2023-01-05;6;19;114;1041;11;64;1073;2007;860;1169;1474;13569;139698;910;9029;141805;196631;45295
FR;9;2023-01-06;11;17;147;1354;3;70;1369;2379;929;1180;1491;13716;141052;913;9099;143174;199010;46224
FR;9;2023-01-07;6;13;58;435;14;36;426;685;219;1186;1504;13774;141487;927;9135;143600;199695;46443
FR;9;2023-01-08;3;8;15;91;7;11;90;135;32;1189;1512;13789;141578;934;9146;143690;199830;46475
FR;9;2023-01-09;15;14;85;616;9;60;608;1250;569;1204;1526;13874;142194;943;9206;144298;201080;47044
FR;9;2023-01-10;13;12;154;968;11;73;1023;1972;866;1217;1538;14028;143162;954;9279;145321;203052;47910
FR;9;2023-01-11;19;9;70;674;10;47;683;1368;632;1236;1547;14098;143836;964;9326;146004;204420;48542
FR;9;2023-01-12;18;9;88;809;3;75;783;1614;743;1254;1556;14186;144645;967;9401;146787;206034;49285
FR;9;2023-01-13;15;18;102;873;11;72;891;1699;721;1269;1574;14288;145518;978;9473;147678;207733;50006
FR;9;2023-01-14;6;6;47;287;2;25;293;568;244;1275;1580;14335;145805;980;9498;147971;208301;50250
FR;9;2023-01-15;1;3;15;36;0;9;40;81;32;1276;1583;14350;145841;980;9507;148011;208382;50282
FR;9;2023-01-16;4;13;51;356;11;23;372;746;345;1280;1596;14401;146197;991;9530;148383;209128;50627
FR;10;2020-12-27;0;0;0;0;0;0;0;0;0;0;0;0;0;0;0;0;0;0
FR;10;2020-12-28;0;0;0;0;0;0;0;0;0;0;0;0;0;0;0;0;0;0
FR;10;2020-12-29;0;0;0;0;0;0;0;0;0;0;0;0;0;0;0;0;0;0
FR;10;2020-12-30;0;0;0;0;0;0;0;0;0;0;0;0;0;0;0;0;0;0
FR;10;2020-12-31;0;0;0;0;0;0;0;0;0;0;0;0;0;0;0;0;0;0
FR;10;2021-01-01;0;0;0;0;0;0;0;0;0;0;0;0;0;0;0;0;0;0
FR;10;2021-01-02;0;0;0;0;0;0;0;0;0;0;0;0;0;0;0;0;0;0
FR;10;2021-01-03;0;0;0;0;0;0;0;0;0;0;0;0;0;0;0;0;0;0
FR;10;2021-01-04;0;0;0;0;0;0;0;0;0;0;0;0;0;0;0;0;0;0
FR;10;2021-01-05;0;0;0;0;0;0;0;0;0;0;0;0;0;0;0;0;0;0
FR;10;2021-01-06;0;0;0;0;0;0;0;0;0;0;0;0;0;0;0;0;0;0
FR;10;2021-01-07;0;0;0;0;0;0;0;0;0;0;0;0;0;0;0;0;0;0
FR;10;2021-01-08;0;0;0;0;0;0;0;0;0;0;0;0;0;0;0;0;0;0
FR;10;2021-01-09;0;0;0;0;0;0;0;0;0;0;0;0;0;0;0;0;0;0
FR;10;2021-01-10;0;0;0;0;0;0;0;0;0;0;0;0;0;0;0;0;0;0
FR;10;2021-01-11;0;0;0;0;0;0;0;0;0;0;0;0;0;0;0;0;0;0
FR;10;2021-01-12;0;0;0;0;0;0;0;0;0;0;0;0;0;0;0;0;0;0
FR;10;2021-01-13;0;0;0;0;0;0;0;0;0;0;0;0;0;0;0;0;0;0
FR;10;2021-01-14;0;0;0;0;0;0;0;0;0;0;0;0;0;0;0;0;0;0
FR;10;2021-01-15;0;0;0;0;0;0;0;0;0;0;0;0;0;0;0;0;0;0
FR;10;2021-01-16;0;0;0;0;0;0;0;0;0;0;0;0;0;0;0;0;0;0
FR;10;2021-01-17;0;0;0;0;0;0;0;0;0;0;0;0;0;0;0;0;0;0
FR;10;2021-01-18;0;0;0;0;0;0;0;0;0;0;0;0;0;0;0;0;0;0
FR;10;2021-01-19;0;0;0;0;0;0;0;0;0;0;0;0;0;0;0;0;0;0
FR;10;2021-01-20;0;0;0;0;0;0;0;0;0;0;0;0;0;0;0;0;0;0
FR;10;2021-01-21;0;0;0;0;0;0;0;0;0;0;0;0;0;0;0;0;0;0
FR;10;2021-01-22;0;0;0;0;0;0;0;0;0;0;0;0;0;0;0;0;0;0
FR;10;2021-01-23;0;0;0;0;0;0;0;0;0;0;0;0;0;0;0;0;0;0
FR;10;2021-01-24;0;0;0;0;0;0;0;0;0;0;0;0;0;0;0;0;0;0
FR;10;2021-01-25;0;0;0;0;0;0;0;0;0;0;0;0;0;0;0;0;0;0
FR;10;2021-01-26;0;0;0;0;0;0;0;0;0;0;0;0;0;0;0;0;0;0
FR;10;2021-01-27;0;0;0;0;0;0;0;0;0;0;0;0;0;0;0;0;0;0
FR;10;2021-01-28;0;0;0;0;0;0;0;0;0;0;0;0;0;0;0;0;0;0
FR;10;2021-01-29;0;0;0;0;0;0;0;0;0;0;0;0;0;0;0;0;0;0
FR;10;2021-01-30;0;0;0;0;0;0;0;0;0;0;0;0;0;0;0;0;0;0
FR;10;2021-01-31;0;0;0;0;0;0;0;0;0;0;0;0;0;0;0;0;0;0
FR;10;2021-02-01;0;0;0;0;0;0;0;0;0;0;0;0;0;0;0;0;0;0
FR;10;2021-02-02;0;0;0;0;0;0;0;0;0;0;0;0;0;0;0;0;0;0
FR;10;2021-02-03;0;0;0;0;0;0;0;0;0;0;0;0;0;0;0;0;0;0
FR;10;2021-02-04;0;0;0;0;0;0;0;0;0;0;0;0;0;0;0;0;0;0
FR;10;2021-02-05;0;0;0;0;0;0;0;0;0;0;0;0;0;0;0;0;0;0
FR;10;2021-02-06;0;0;0;0;0;0;0;0;0;0;0;0;0;0;0;0;0;0
FR;10;2021-02-07;0;0;0;0;0;0;0;0;0;0;0;0;0;0;0;0;0;0
FR;10;2021-02-08;0;0;0;0;0;0;0;0;0;0;0;0;0;0;0;0;0;0
FR;10;2021-02-09;0;0;0;0;0;0;0;0;0;0;0;0;0;0;0;0;0;0
FR;10;2021-02-10;0;0;0;0;0;0;0;0;0;0;0;0;0;0;0;0;0;0
FR;10;2021-02-11;0;0;0;0;0;0;0;0;0;0;0;0;0;0;0;0;0;0
FR;10;2021-02-12;0;0;0;0;0;0;0;0;0;0;0;0;0;0;0;0;0;0
FR;10;2021-02-13;0;0;0;0;0;0;0;0;0;0;0;0;0;0;0;0;0;0
FR;10;2021-02-14;0;0;0;0;0;0;0;0;0;0;0;0;0;0;0;0;0;0
FR;10;2021-02-15;0;0;0;0;0;0;0;0;0;0;0;0;0;0;0;0;0;0
FR;10;2021-02-16;0;0;0;0;0;0;0;0;0;0;0;0;0;0;0;0;0;0
FR;10;2021-02-17;0;0;0;0;0;0;0;0;0;0;0;0;0;0;0;0;0;0
FR;10;2021-02-18;0;0;0;0;0;0;0;0;0;0;0;0;0;0;0;0;0;0
FR;10;2021-02-19;0;0;0;0;0;0;0;0;0;0;0;0;0;0;0;0;0;0
FR;10;2021-02-20;0;0;0;0;0;0;0;0;0;0;0;0;0;0;0;0;0;0
FR;10;2021-02-21;0;0;0;0;0;0;0;0;0;0;0;0;0;0;0;0;0;0
FR;10;2021-02-22;0;0;0;0;0;0;0;0;0;0;0;0;0;0;0;0;0;0
FR;10;2021-02-23;0;0;0;0;0;0;0;0;0;0;0;0;0;0;0;0;0;0
FR;10;2021-02-24;0;0;0;0;0;0;0;0;0;0;0;0;0;0;0;0;0;0
FR;10;2021-02-25;0;0;0;0;0;0;0;0;0;0;0;0;0;0;0;0;0;0
FR;10;2021-02-26;0;0;0;0;0;0;0;0;0;0;0;0;0;0;0;0;0;0
FR;10;2021-02-27;0;0;0;0;0;0;0;0;0;0;0;0;0;0;0;0;0;0
FR;10;2021-02-28;0;0;0;0;0;0;0;0;0;0;0;0;0;0;0;0;0;0
FR;10;2021-03-01;0;0;0;0;0;0;0;0;0;0;0;0;0;0;0;0;0;0
FR;10;2021-03-02;0;0;0;0;0;0;0;0;0;0;0;0;0;0;0;0;0;0
FR;10;2021-03-03;0;0;0;0;0;0;0;0;0;0;0;0;0;0;0;0;0;0
FR;10;2021-03-04;0;0;0;0;0;0;0;0;0;0;0;0;0;0;0;0;0;0
FR;10;2021-03-05;0;0;0;0;0;0;0;0;0;0;0;0;0;0;0;0;0;0
FR;10;2021-03-06;0;0;0;0;0;0;0;0;0;0;0;0;0;0;0;0;0;0
FR;10;2021-03-07;0;0;0;0;0;0;0;0;0;0;0;0;0;0;0;0;0;0
FR;10;2021-03-08;0;0;0;0;0;0;0;0;0;0;0;0;0;0;0;0;0;0
FR;10;2021-03-09;0;0;0;0;0;0;0;0;0;0;0;0;0;0;0;0;0;0
FR;10;2021-03-10;0;0;0;0;0;0;0;0;0;0;0;0;0;0;0;0;0;0
FR;10;2021-03-11;0;0;0;0;0;0;0;0;0;0;0;0;0;0;0;0;0;0
FR;10;2021-03-12;0;0;0;0;0;0;0;0;0;0;0;0;0;0;0;0;0;0
FR;10;2021-03-13;0;0;0;0;0;0;0;0;0;0;0;0;0;0;0;0;0;0
FR;10;2021-03-14;0;0;0;0;0;0;0;0;0;0;0;0;0;0;0;0;0;0
FR;10;2021-03-15;0;0;0;0;0;0;0;0;0;0;0;0;0;0;0;0;0;0
FR;10;2021-03-16;0;0;0;0;0;0;0;0;0;0;0;0;0;0;0;0;0;0
FR;10;2021-03-17;0;0;0;0;0;0;0;0;0;0;0;0;0;0;0;0;0;0
FR;10;2021-03-18;0;0;0;0;0;0;0;0;0;0;0;0;0;0;0;0;0;0
FR;10;2021-03-19;0;0;0;0;0;0;0;0;0;0;0;0;0;0;0;0;0;0
FR;10;2021-03-20;0;0;0;0;0;0;0;0;0;0;0;0;0;0;0;0;0;0
FR;10;2021-03-21;0;0;0;0;0;0;0;0;0;0;0;0;0;0;0;0;0;0
FR;10;2021-03-22;0;0;0;0;0;0;0;0;0;0;0;0;0;0;0;0;0;0
FR;10;2021-03-23;0;0;0;0;0;0;0;0;0;0;0;0;0;0;0;0;0;0
FR;10;2021-03-24;0;0;0;0;0;0;0;0;0;0;0;0;0;0;0;0;0;0
FR;10;2021-03-25;0;0;0;0;0;0;0;0;0;0;0;0;0;0;0;0;0;0
FR;10;2021-03-26;0;0;0;0;0;0;0;0;0;0;0;0;0;0;0;0;0;0
FR;10;2021-03-27;0;0;0;0;0;0;0;0;0;0;0;0;0;0;0;0;0;0
FR;10;2021-03-28;0;0;0;0;0;0;0;0;0;0;0;0;0;0;0;0;0;0
FR;10;2021-03-29;0;0;0;0;0;0;0;0;0;0;0;0;0;0;0;0;0;0
FR;10;2021-03-30;0;0;0;0;0;0;0;0;0;0;0;0;0;0;0;0;0;0
FR;10;2021-03-31;0;0;0;0;0;0;0;0;0;0;0;0;0;0;0;0;0;0
FR;10;2021-04-01;0;0;0;0;0;0;0;0;0;0;0;0;0;0;0;0;0;0
FR;10;2021-04-02;0;0;0;0;0;0;0;0;0;0;0;0;0;0;0;0;0;0
FR;10;2021-04-03;0;0;0;0;0;0;0;0;0;0;0;0;0;0;0;0;0;0
FR;10;2021-04-04;0;0;0;0;0;0;0;0;0;0;0;0;0;0;0;0;0;0
FR;10;2021-04-05;0;0;0;0;0;0;0;0;0;0;0;0;0;0;0;0;0;0
FR;10;2021-04-06;0;0;0;0;0;0;0;0;0;0;0;0;0;0;0;0;0;0
FR;10;2021-04-07;0;0;0;0;0;0;0;0;0;0;0;0;0;0;0;0;0;0
FR;10;2021-04-08;0;0;0;0;0;0;0;0;0;0;0;0;0;0;0;0;0;0
FR;10;2021-04-09;0;0;0;0;0;0;0;0;0;0;0;0;0;0;0;0;0;0
FR;10;2021-04-10;0;0;0;0;0;0;0;0;0;0;0;0;0;0;0;0;0;0
FR;10;2021-04-11;0;0;0;0;0;0;0;0;0;0;0;0;0;0;0;0;0;0
FR;10;2021-04-12;0;0;0;0;0;0;0;0;0;0;0;0;0;0;0;0;0;0
FR;10;2021-04-13;0;0;0;0;0;0;0;0;0;0;0;0;0;0;0;0;0;0
FR;10;2021-04-14;0;0;0;0;0;0;0;0;0;0;0;0;0;0;0;0;0;0
FR;10;2021-04-15;0;0;0;0;0;0;0;0;0;0;0;0;0;0;0;0;0;0
FR;10;2021-04-16;0;0;0;0;0;0;0;0;0;0;0;0;0;0;0;0;0;0
FR;10;2021-04-17;0;0;0;0;0;0;0;0;0;0;0;0;0;0;0;0;0;0
FR;10;2021-04-18;0;0;0;0;0;0;0;0;0;0;0;0;0;0;0;0;0;0
FR;10;2021-04-19;0;0;0;0;0;0;0;0;0;0;0;0;0;0;0;0;0;0
FR;10;2021-04-20;0;0;0;0;0;0;0;0;0;0;0;0;0;0;0;0;0;0
FR;10;2021-04-21;0;0;0;0;0;0;0;0;0;0;0;0;0;0;0;0;0;0
FR;10;2021-04-22;0;0;0;0;0;0;0;0;0;0;0;0;0;0;0;0;0;0
FR;10;2021-04-23;0;0;0;0;0;0;0;0;0;0;0;0;0;0;0;0;0;0
FR;10;2021-04-24;0;0;0;0;0;0;0;0;0;0;0;0;0;0;0;0;0;0
FR;10;2021-04-25;0;0;0;0;0;0;0;0;0;0;0;0;0;0;0;0;0;0
FR;10;2021-04-26;0;0;0;0;0;0;0;0;0;0;0;0;0;0;0;0;0;0
FR;10;2021-04-27;0;0;0;0;0;0;0;0;0;0;0;0;0;0;0;0;0;0
FR;10;2021-04-28;0;0;0;0;0;0;0;0;0;0;0;0;0;0;0;0;0;0
FR;10;2021-04-29;0;0;0;0;0;0;0;0;0;0;0;0;0;0;0;0;0;0
FR;10;2021-04-30;0;0;0;0;0;0;0;0;0;0;0;0;0;0;0;0;0;0
FR;10;2021-05-01;0;0;0;0;0;0;0;0;0;0;0;0;0;0;0;0;0;0
FR;10;2021-05-02;0;0;0;0;0;0;0;0;0;0;0;0;0;0;0;0;0;0
FR;10;2021-05-03;0;0;0;0;0;0;0;0;0;0;0;0;0;0;0;0;0;0
FR;10;2021-05-04;0;0;0;0;0;0;0;0;0;0;0;0;0;0;0;0;0;0
FR;10;2021-05-05;0;0;0;0;0;0;0;0;0;0;0;0;0;0;0;0;0;0
FR;10;2021-05-06;0;0;0;0;0;0;0;0;0;0;0;0;0;0;0;0;0;0
FR;10;2021-05-07;0;0;0;0;0;0;0;0;0;0;0;0;0;0;0;0;0;0
FR;10;2021-05-08;0;0;0;0;0;0;0;0;0;0;0;0;0;0;0;0;0;0
FR;10;2021-05-09;0;0;0;0;0;0;0;0;0;0;0;0;0;0;0;0;0;0
FR;10;2021-05-10;0;0;0;0;0;0;0;0;0;0;0;0;0;0;0;0;0;0
FR;10;2021-05-11;0;0;0;0;0;0;0;0;0;0;0;0;0;0;0;0;0;0
FR;10;2021-05-12;0;0;0;0;0;0;0;0;0;0;0;0;0;0;0;0;0;0
FR;10;2021-05-13;0;0;0;0;0;0;0;0;0;0;0;0;0;0;0;0;0;0
FR;10;2021-05-14;0;0;0;0;0;0;0;0;0;0;0;0;0;0;0;0;0;0
FR;10;2021-05-15;0;0;0;0;0;0;0;0;0;0;0;0;0;0;0;0;0;0
FR;10;2021-05-16;0;0;0;0;0;0;0;0;0;0;0;0;0;0;0;0;0;0
FR;10;2021-05-17;0;0;0;0;0;0;0;0;0;0;0;0;0;0;0;0;0;0
FR;10;2021-05-18;0;0;0;0;0;0;0;0;0;0;0;0;0;0;0;0;0;0
FR;10;2021-05-19;0;0;0;0;0;0;0;0;0;0;0;0;0;0;0;0;0;0
FR;10;2021-05-20;0;0;0;0;0;0;0;0;0;0;0;0;0;0;0;0;0;0
FR;10;2021-05-21;0;0;0;0;0;0;0;0;0;0;0;0;0;0;0;0;0;0
FR;10;2021-05-22;0;0;0;0;0;0;0;0;0;0;0;0;0;0;0;0;0;0
FR;10;2021-05-23;0;0;0;0;0;0;0;0;0;0;0;0;0;0;0;0;0;0
FR;10;2021-05-24;0;0;0;0;0;0;0;0;0;0;0;0;0;0;0;0;0;0
FR;10;2021-05-25;0;0;0;0;0;0;0;0;0;0;0;0;0;0;0;0;0;0
FR;10;2021-05-26;0;0;0;0;0;0;0;0;0;0;0;0;0;0;0;0;0;0
FR;10;2021-05-27;0;0;0;0;0;0;0;0;0;0;0;0;0;0;0;0;0;0
FR;10;2021-05-28;0;0;0;0;0;0;0;0;0;0;0;0;0;0;0;0;0;0
FR;10;2021-05-29;0;0;0;0;0;0;0;0;0;0;0;0;0;0;0;0;0;0
FR;10;2021-05-30;0;0;0;0;0;0;0;0;0;0;0;0;0;0;0;0;0;0
FR;10;2021-05-31;0;0;0;0;0;0;0;0;0;0;0;0;0;0;0;0;0;0
FR;10;2021-06-01;0;0;0;0;0;0;0;0;0;0;0;0;0;0;0;0;0;0
FR;10;2021-06-02;0;0;0;0;0;0;0;0;0;0;0;0;0;0;0;0;0;0
FR;10;2021-06-03;0;0;0;0;0;0;0;0;0;0;0;0;0;0;0;0;0;0
FR;10;2021-06-04;0;0;0;0;0;0;0;0;0;0;0;0;0;0;0;0;0;0
FR;10;2021-06-05;0;0;0;0;0;0;0;0;0;0;0;0;0;0;0;0;0;0
FR;10;2021-06-06;0;0;0;0;0;0;0;0;0;0;0;0;0;0;0;0;0;0
FR;10;2021-06-07;0;0;0;0;0;0;0;0;0;0;0;0;0;0;0;0;0;0
FR;10;2021-06-08;0;0;0;0;0;0;0;0;0;0;0;0;0;0;0;0;0;0
FR;10;2021-06-09;0;0;0;0;0;0;0;0;0;0;0;0;0;0;0;0;0;0
FR;10;2021-06-10;0;0;0;0;0;0;0;0;0;0;0;0;0;0;0;0;0;0
FR;10;2021-06-11;0;0;0;0;0;0;0;0;0;0;0;0;0;0;0;0;0;0
FR;10;2021-06-12;0;0;0;0;0;0;0;0;0;0;0;0;0;0;0;0;0;0
FR;10;2021-06-13;0;0;0;0;0;0;0;0;0;0;0;0;0;0;0;0;0;0
FR;10;2021-06-14;0;0;0;0;0;0;0;0;0;0;0;0;0;0;0;0;0;0
FR;10;2021-06-15;0;0;0;0;0;0;0;0;0;0;0;0;0;0;0;0;0;0
FR;10;2021-06-16;0;0;0;0;0;0;0;0;0;0;0;0;0;0;0;0;0;0
FR;10;2021-06-17;0;0;0;0;0;0;0;0;0;0;0;0;0;0;0;0;0;0
FR;10;2021-06-18;0;0;0;0;0;0;0;0;0;0;0;0;0;0;0;0;0;0
FR;10;2021-06-19;0;0;0;0;0;0;0;0;0;0;0;0;0;0;0;0;0;0
FR;10;2021-06-20;0;0;0;0;0;0;0;0;0;0;0;0;0;0;0;0;0;0
FR;10;2021-06-21;0;0;0;0;0;0;0;0;0;0;0;0;0;0;0;0;0;0
FR;10;2021-06-22;0;0;0;0;0;0;0;0;0;0;0;0;0;0;0;0;0;0
FR;10;2021-06-23;0;0;0;0;0;0;0;0;0;0;0;0;0;0;0;0;0;0
FR;10;2021-06-24;0;0;0;0;0;0;0;0;0;0;0;0;0;0;0;0;0;0
FR;10;2021-06-25;0;0;0;0;0;0;0;0;0;0;0;0;0;0;0;0;0;0
FR;10;2021-06-26;0;0;0;0;0;0;0;0;0;0;0;0;0;0;0;0;0;0
FR;10;2021-06-27;0;0;0;0;0;0;0;0;0;0;0;0;0;0;0;0;0;0
FR;10;2021-06-28;0;0;0;0;0;0;0;0;0;0;0;0;0;0;0;0;0;0
FR;10;2021-06-29;0;0;0;0;0;0;0;0;0;0;0;0;0;0;0;0;0;0
FR;10;2021-06-30;0;0;0;0;0;0;0;0;0;0;0;0;0;0;0;0;0;0
FR;10;2021-07-01;0;0;0;0;0;0;0;0;0;0;0;0;0;0;0;0;0;0
FR;10;2021-07-02;0;0;0;0;0;0;0;0;0;0;0;0;0;0;0;0;0;0
FR;10;2021-07-03;0;0;0;0;0;0;0;0;0;0;0;0;0;0;0;0;0;0
FR;10;2021-07-04;0;0;0;0;0;0;0;0;0;0;0;0;0;0;0;0;0;0
FR;10;2021-07-05;0;0;0;0;0;0;0;0;0;0;0;0;0;0;0;0;0;0
FR;10;2021-07-06;0;0;0;0;0;0;0;0;0;0;0;0;0;0;0;0;0;0
FR;10;2021-07-07;0;0;0;0;0;0;0;0;0;0;0;0;0;0;0;0;0;0
FR;10;2021-07-08;0;0;0;0;0;0;0;0;0;0;0;0;0;0;0;0;0;0
FR;10;2021-07-09;0;0;0;0;0;0;0;0;0;0;0;0;0;0;0;0;0;0
FR;10;2021-07-10;0;0;0;0;0;0;0;0;0;0;0;0;0;0;0;0;0;0
FR;10;2021-07-11;0;0;0;0;0;0;0;0;0;0;0;0;0;0;0;0;0;0
FR;10;2021-07-12;0;0;0;0;0;0;0;0;0;0;0;0;0;0;0;0;0;0
FR;10;2021-07-13;0;0;0;0;0;0;0;0;0;0;0;0;0;0;0;0;0;0
FR;10;2021-07-14;0;0;0;0;0;0;0;0;0;0;0;0;0;0;0;0;0;0
FR;10;2021-07-15;0;0;0;0;0;0;0;0;0;0;0;0;0;0;0;0;0;0
FR;10;2021-07-16;0;0;0;0;0;0;0;0;0;0;0;0;0;0;0;0;0;0
FR;10;2021-07-17;0;0;0;0;0;0;0;0;0;0;0;0;0;0;0;0;0;0
FR;10;2021-07-18;0;0;0;0;0;0;0;0;0;0;0;0;0;0;0;0;0;0
FR;10;2021-07-19;0;0;0;0;0;0;0;0;0;0;0;0;0;0;0;0;0;0
FR;10;2021-07-20;0;0;0;0;0;0;0;0;0;0;0;0;0;0;0;0;0;0
FR;10;2021-07-21;0;0;0;0;0;0;0;0;0;0;0;0;0;0;0;0;0;0
FR;10;2021-07-22;0;0;0;0;0;0;0;0;0;0;0;0;0;0;0;0;0;0
FR;10;2021-07-23;0;0;0;0;0;0;0;0;0;0;0;0;0;0;0;0;0;0
FR;10;2021-07-24;0;0;0;0;0;0;0;0;0;0;0;0;0;0;0;0;0;0
FR;10;2021-07-25;0;0;0;0;0;0;0;0;0;0;0;0;0;0;0;0;0;0
FR;10;2021-07-26;0;0;0;0;0;0;0;0;0;0;0;0;0;0;0;0;0;0
FR;10;2021-07-27;0;0;0;0;0;0;0;0;0;0;0;0;0;0;0;0;0;0
FR;10;2021-07-28;0;0;0;0;0;0;0;0;0;0;0;0;0;0;0;0;0;0
FR;10;2021-07-29;0;0;0;0;0;0;0;0;0;0;0;0;0;0;0;0;0;0
FR;10;2021-07-30;0;0;0;0;0;0;0;0;0;0;0;0;0;0;0;0;0;0
FR;10;2021-07-31;0;0;0;0;0;0;0;0;0;0;0;0;0;0;0;0;0;0
FR;10;2021-08-01;0;0;0;0;0;0;0;0;0;0;0;0;0;0;0;0;0;0
FR;10;2021-08-02;0;0;0;0;0;0;0;0;0;0;0;0;0;0;0;0;0;0
FR;10;2021-08-03;0;0;0;0;0;0;0;0;0;0;0;0;0;0;0;0;0;0
FR;10;2021-08-04;0;0;0;0;0;0;0;0;0;0;0;0;0;0;0;0;0;0
FR;10;2021-08-05;0;0;0;0;0;0;0;0;0;0;0;0;0;0;0;0;0;0
FR;10;2021-08-06;0;0;0;0;0;0;0;0;0;0;0;0;0;0;0;0;0;0
FR;10;2021-08-07;0;0;0;0;0;0;0;0;0;0;0;0;0;0;0;0;0;0
FR;10;2021-08-08;0;0;0;0;0;0;0;0;0;0;0;0;0;0;0;0;0;0
FR;10;2021-08-09;0;0;0;0;0;0;0;0;0;0;0;0;0;0;0;0;0;0
FR;10;2021-08-10;0;0;0;0;0;0;0;0;0;0;0;0;0;0;0;0;0;0
FR;10;2021-08-11;0;0;0;0;0;0;0;0;0;0;0;0;0;0;0;0;0;0
FR;10;2021-08-12;0;0;0;0;0;0;0;0;0;0;0;0;0;0;0;0;0;0
FR;10;2021-08-13;0;0;0;0;0;0;0;0;0;0;0;0;0;0;0;0;0;0
FR;10;2021-08-14;0;0;0;0;0;0;0;0;0;0;0;0;0;0;0;0;0;0
FR;10;2021-08-15;0;0;0;0;0;0;0;0;0;0;0;0;0;0;0;0;0;0
FR;10;2021-08-16;0;0;0;0;0;0;0;0;0;0;0;0;0;0;0;0;0;0
FR;10;2021-08-17;0;0;0;0;0;0;0;0;0;0;0;0;0;0;0;0;0;0
FR;10;2021-08-18;0;0;0;0;0;0;0;0;0;0;0;0;0;0;0;0;0;0
FR;10;2021-08-19;0;0;0;0;0;0;0;0;0;0;0;0;0;0;0;0;0;0
FR;10;2021-08-20;0;0;0;0;0;0;0;0;0;0;0;0;0;0;0;0;0;0
FR;10;2021-08-21;0;0;0;0;0;0;0;0;0;0;0;0;0;0;0;0;0;0
FR;10;2021-08-22;0;0;0;0;0;0;0;0;0;0;0;0;0;0;0;0;0;0
FR;10;2021-08-23;0;0;0;0;0;0;0;0;0;0;0;0;0;0;0;0;0;0
FR;10;2021-08-24;0;0;0;0;0;0;0;0;0;0;0;0;0;0;0;0;0;0
FR;10;2021-08-25;0;0;0;0;0;0;0;0;0;0;0;0;0;0;0;0;0;0
FR;10;2021-08-26;0;0;0;0;0;0;0;0;0;0;0;0;0;0;0;0;0;0
FR;10;2021-08-27;0;0;0;0;0;0;0;0;0;0;0;0;0;0;0;0;0;0
FR;10;2021-08-28;0;0;0;0;0;0;0;0;0;0;0;0;0;0;0;0;0;0
FR;10;2021-08-29;0;0;0;0;0;0;0;0;0;0;0;0;0;0;0;0;0;0
FR;10;2021-08-30;0;0;0;0;0;0;0;0;0;0;0;0;0;0;0;0;0;0
FR;10;2021-08-31;0;0;0;0;0;0;0;0;0;0;0;0;0;0;0;0;0;0
FR;10;2021-09-01;0;0;0;0;0;0;0;0;0;0;0;0;0;0;0;0;0;0
FR;10;2021-09-02;0;0;0;0;0;0;0;0;0;0;0;0;0;0;0;0;0;0
FR;10;2021-09-03;0;0;0;0;0;0;0;0;0;0;0;0;0;0;0;0;0;0
FR;10;2021-09-04;0;0;0;0;0;0;0;0;0;0;0;0;0;0;0;0;0;0
FR;10;2021-09-05;0;0;0;0;0;0;0;0;0;0;0;0;0;0;0;0;0;0
FR;10;2021-09-06;0;0;0;0;0;0;0;0;0;0;0;0;0;0;0;0;0;0
FR;10;2021-09-07;0;0;0;0;0;0;0;0;0;0;0;0;0;0;0;0;0;0
FR;10;2021-09-08;0;0;0;0;0;0;0;0;0;0;0;0;0;0;0;0;0;0
FR;10;2021-09-09;0;0;0;0;0;0;0;0;0;0;0;0;0;0;0;0;0;0
FR;10;2021-09-10;0;0;0;0;0;0;0;0;0;0;0;0;0;0;0;0;0;0
FR;10;2021-09-11;0;0;0;0;0;0;0;0;0;0;0;0;0;0;0;0;0;0
FR;10;2021-09-12;0;0;0;0;0;0;0;0;0;0;0;0;0;0;0;0;0;0
FR;10;2021-09-13;0;0;0;0;0;0;0;0;0;0;0;0;0;0;0;0;0;0
FR;10;2021-09-14;0;0;0;0;0;0;0;0;0;0;0;0;0;0;0;0;0;0
FR;10;2021-09-15;0;0;0;0;0;0;0;0;0;0;0;0;0;0;0;0;0;0
FR;10;2021-09-16;0;0;0;0;0;0;0;0;0;0;0;0;0;0;0;0;0;0
FR;10;2021-09-17;0;0;0;0;0;0;0;0;0;0;0;0;0;0;0;0;0;0
FR;10;2021-09-18;0;0;0;0;0;0;0;0;0;0;0;0;0;0;0;0;0;0
FR;10;2021-09-19;0;0;0;0;0;0;0;0;0;0;0;0;0;0;0;0;0;0
FR;10;2021-09-20;0;0;0;0;0;0;0;0;0;0;0;0;0;0;0;0;0;0
FR;10;2021-09-21;0;0;0;0;0;0;0;0;0;0;0;0;0;0;0;0;0;0
FR;10;2021-09-22;0;0;0;0;0;0;0;0;0;0;0;0;0;0;0;0;0;0
FR;10;2021-09-23;0;0;0;0;0;0;0;0;0;0;0;0;0;0;0;0;0;0
FR;10;2021-09-24;0;0;0;0;0;0;0;0;0;0;0;0;0;0;0;0;0;0
FR;10;2021-09-25;0;0;0;0;0;0;0;0;0;0;0;0;0;0;0;0;0;0
FR;10;2021-09-26;0;0;0;0;0;0;0;0;0;0;0;0;0;0;0;0;0;0
FR;10;2021-09-27;0;0;0;0;0;0;0;0;0;0;0;0;0;0;0;0;0;0
FR;10;2021-09-28;0;0;0;0;0;0;0;0;0;0;0;0;0;0;0;0;0;0
FR;10;2021-09-29;0;0;0;0;0;0;0;0;0;0;0;0;0;0;0;0;0;0
FR;10;2021-09-30;0;0;0;0;0;0;0;0;0;0;0;0;0;0;0;0;0;0
FR;10;2021-10-01;0;0;0;0;0;0;0;0;0;0;0;0;0;0;0;0;0;0
FR;10;2021-10-02;0;0;0;0;0;0;0;0;0;0;0;0;0;0;0;0;0;0
FR;10;2021-10-03;0;0;0;0;0;0;0;0;0;0;0;0;0;0;0;0;0;0
FR;10;2021-10-04;0;0;0;0;0;0;0;0;0;0;0;0;0;0;0;0;0;0
FR;10;2021-10-05;0;0;0;0;0;0;0;0;0;0;0;0;0;0;0;0;0;0
FR;10;2021-10-06;0;0;0;0;0;0;0;0;0;0;0;0;0;0;0;0;0;0
FR;10;2021-10-07;0;0;0;0;0;0;0;0;0;0;0;0;0;0;0;0;0;0
FR;10;2021-10-08;0;0;0;0;0;0;0;0;0;0;0;0;0;0;0;0;0;0
FR;10;2021-10-09;0;0;0;0;0;0;0;0;0;0;0;0;0;0;0;0;0;0
FR;10;2021-10-10;0;0;0;0;0;0;0;0;0;0;0;0;0;0;0;0;0;0
FR;10;2021-10-11;0;0;0;0;0;0;0;0;0;0;0;0;0;0;0;0;0;0
FR;10;2021-10-12;0;0;0;0;0;0;0;0;0;0;0;0;0;0;0;0;0;0
FR;10;2021-10-13;0;0;0;0;0;0;0;0;0;0;0;0;0;0;0;0;0;0
FR;10;2021-10-14;0;0;0;0;0;0;0;0;0;0;0;0;0;0;0;0;0;0
FR;10;2021-10-15;0;0;0;0;0;0;0;0;0;0;0;0;0;0;0;0;0;0
FR;10;2021-10-16;0;0;0;0;0;0;0;0;0;0;0;0;0;0;0;0;0;0
FR;10;2021-10-17;0;0;0;0;0;0;0;0;0;0;0;0;0;0;0;0;0;0
FR;10;2021-10-18;0;0;0;0;0;0;0;0;0;0;0;0;0;0;0;0;0;0
FR;10;2021-10-19;0;0;0;0;0;0;0;0;0;0;0;0;0;0;0;0;0;0
FR;10;2021-10-20;0;0;0;0;0;0;0;0;0;0;0;0;0;0;0;0;0;0
FR;10;2021-10-21;0;0;0;0;0;0;0;0;0;0;0;0;0;0;0;0;0;0
FR;10;2021-10-22;0;0;0;0;0;0;0;0;0;0;0;0;0;0;0;0;0;0
FR;10;2021-10-23;0;0;0;0;0;0;0;0;0;0;0;0;0;0;0;0;0;0
FR;10;2021-10-24;0;0;0;0;0;0;0;0;0;0;0;0;0;0;0;0;0;0
FR;10;2021-10-25;0;0;0;0;0;0;0;0;0;0;0;0;0;0;0;0;0;0
FR;10;2021-10-26;0;0;0;0;0;0;0;0;0;0;0;0;0;0;0;0;0;0
FR;10;2021-10-27;0;0;0;0;0;0;0;0;0;0;0;0;0;0;0;0;0;0
FR;10;2021-10-28;0;0;0;0;0;0;0;0;0;0;0;0;0;0;0;0;0;0
FR;10;2021-10-29;0;0;0;0;0;0;0;0;0;0;0;0;0;0;0;0;0;0
FR;10;2021-10-30;0;0;0;0;0;0;0;0;0;0;0;0;0;0;0;0;0;0
FR;10;2021-10-31;0;0;0;0;0;0;0;0;0;0;0;0;0;0;0;0;0;0
FR;10;2021-11-01;0;0;0;0;0;0;0;0;0;0;0;0;0;0;0;0;0;0
FR;10;2021-11-02;0;0;0;0;0;0;0;0;0;0;0;0;0;0;0;0;0;0
FR;10;2021-11-03;0;0;0;0;0;0;0;0;0;0;0;0;0;0;0;0;0;0
FR;10;2021-11-04;0;0;0;0;0;0;0;0;0;0;0;0;0;0;0;0;0;0
FR;10;2021-11-05;0;0;0;0;0;0;0;0;0;0;0;0;0;0;0;0;0;0
FR;10;2021-11-06;0;0;0;0;0;0;0;0;0;0;0;0;0;0;0;0;0;0
FR;10;2021-11-07;0;0;0;0;0;0;0;0;0;0;0;0;0;0;0;0;0;0
FR;10;2021-11-08;0;0;0;0;0;0;0;0;0;0;0;0;0;0;0;0;0;0
FR;10;2021-11-09;0;0;0;0;0;0;0;0;0;0;0;0;0;0;0;0;0;0
FR;10;2021-11-10;0;0;0;0;0;0;0;0;0;0;0;0;0;0;0;0;0;0
FR;10;2021-11-11;0;0;0;0;0;0;0;0;0;0;0;0;0;0;0;0;0;0
FR;10;2021-11-12;0;0;0;0;0;0;0;0;0;0;0;0;0;0;0;0;0;0
FR;10;2021-11-13;0;0;0;0;0;0;0;0;0;0;0;0;0;0;0;0;0;0
FR;10;2021-11-14;0;0;0;0;0;0;0;0;0;0;0;0;0;0;0;0;0;0
FR;10;2021-11-15;0;0;0;0;0;0;0;0;0;0;0;0;0;0;0;0;0;0
FR;10;2021-11-16;0;0;0;0;0;0;0;0;0;0;0;0;0;0;0;0;0;0
FR;10;2021-11-17;0;0;0;0;0;0;0;0;0;0;0;0;0;0;0;0;0;0
FR;10;2021-11-18;0;0;0;0;0;0;0;0;0;0;0;0;0;0;0;0;0;0
FR;10;2021-11-19;0;0;0;0;0;0;0;0;0;0;0;0;0;0;0;0;0;0
FR;10;2021-11-20;0;0;0;0;0;0;0;0;0;0;0;0;0;0;0;0;0;0
FR;10;2021-11-21;0;0;0;0;0;0;0;0;0;0;0;0;0;0;0;0;0;0
FR;10;2021-11-22;0;0;0;0;0;0;0;0;0;0;0;0;0;0;0;0;0;0
FR;10;2021-11-23;0;0;0;0;0;0;0;0;0;0;0;0;0;0;0;0;0;0
FR;10;2021-11-24;0;0;0;0;0;0;0;0;0;0;0;0;0;0;0;0;0;0
FR;10;2021-11-25;0;0;0;0;0;0;0;0;0;0;0;0;0;0;0;0;0;0
FR;10;2021-11-26;0;0;0;0;0;0;0;0;0;0;0;0;0;0;0;0;0;0
FR;10;2021-11-27;0;0;0;0;0;0;0;0;0;0;0;0;0;0;0;0;0;0
FR;10;2021-11-28;0;0;0;0;0;0;0;0;0;0;0;0;0;0;0;0;0;0
FR;10;2021-11-29;0;0;0;0;0;0;0;0;0;0;0;0;0;0;0;0;0;0
FR;10;2021-11-30;0;0;0;0;0;0;0;0;0;0;0;0;0;0;0;0;0;0
FR;10;2021-12-01;0;0;0;0;0;0;0;0;0;0;0;0;0;0;0;0;0;0
FR;10;2021-12-02;0;0;0;0;0;0;0;0;0;0;0;0;0;0;0;0;0;0
FR;10;2021-12-03;0;0;0;0;0;0;0;0;0;0;0;0;0;0;0;0;0;0
FR;10;2021-12-04;0;0;0;0;0;0;0;0;0;0;0;0;0;0;0;0;0;0
FR;10;2021-12-05;0;0;0;0;0;0;0;0;0;0;0;0;0;0;0;0;0;0
FR;10;2021-12-06;0;0;0;0;0;0;0;0;0;0;0;0;0;0;0;0;0;0
FR;10;2021-12-07;0;0;0;0;0;0;0;0;0;0;0;0;0;0;0;0;0;0
FR;10;2021-12-08;0;0;0;0;0;0;0;0;0;0;0;0;0;0;0;0;0;0
FR;10;2021-12-09;0;0;0;0;0;0;0;0;0;0;0;0;0;0;0;0;0;0
FR;10;2021-12-10;0;0;0;0;0;0;0;0;0;0;0;0;0;0;0;0;0;0
FR;10;2021-12-11;0;0;0;0;0;0;0;0;0;0;0;0;0;0;0;0;0;0
FR;10;2021-12-12;0;0;0;0;0;0;0;0;0;0;0;0;0;0;0;0;0;0
FR;10;2021-12-13;0;0;0;0;0;0;0;0;0;0;0;0;0;0;0;0;0;0
FR;10;2021-12-14;0;0;0;0;0;0;0;0;0;0;0;0;0;0;0;0;0;0
FR;10;2021-12-15;0;0;0;0;0;0;0;0;0;0;0;0;0;0;0;0;0;0
FR;10;2021-12-16;0;0;0;0;0;0;0;0;0;0;0;0;0;0;0;0;0;0
FR;10;2021-12-17;0;0;0;0;0;0;0;0;0;0;0;0;0;0;0;0;0;0
FR;10;2021-12-18;0;0;0;0;0;0;0;0;0;0;0;0;0;0;0;0;0;0
FR;10;2021-12-19;0;0;0;0;0;0;0;0;0;0;0;0;0;0;0;0;0;0
FR;10;2021-12-20;0;0;0;0;0;0;0;0;0;0;0;0;0;0;0;0;0;0
FR;10;2021-12-21;0;0;0;0;0;0;0;0;0;0;0;0;0;0;0;0;0;0
FR;10;2021-12-22;0;0;0;0;0;0;0;0;0;0;0;0;0;0;0;0;0;0
FR;10;2021-12-23;0;0;0;0;0;0;0;0;0;0;0;0;0;0;0;0;0;0
FR;10;2021-12-24;0;0;0;0;0;0;0;0;0;0;0;0;0;0;0;0;0;0
FR;10;2021-12-25;0;0;0;0;0;0;0;0;0;0;0;0;0;0;0;0;0;0
FR;10;2021-12-26;0;0;0;0;0;0;0;0;0;0;0;0;0;0;0;0;0;0
FR;10;2021-12-27;0;0;0;0;0;0;0;0;0;0;0;0;0;0;0;0;0;0
FR;10;2021-12-28;0;0;0;0;0;0;0;0;0;0;0;0;0;0;0;0;0;0
FR;10;2021-12-29;0;0;0;0;0;0;0;0;0;0;0;0;0;0;0;0;0;0
FR;10;2021-12-30;0;0;0;0;0;0;0;0;0;0;0;0;0;0;0;0;0;0
FR;10;2021-12-31;0;0;0;0;0;0;0;0;0;0;0;0;0;0;0;0;0;0
FR;10;2022-01-01;0;0;0;0;0;0;0;0;0;0;0;0;0;0;0;0;0;0
FR;10;2022-01-02;0;0;0;0;0;0;0;0;0;0;0;0;0;0;0;0;0;0
FR;10;2022-01-03;0;0;0;0;0;0;0;0;0;0;0;0;0;0;0;0;0;0
FR;10;2022-01-04;0;0;0;0;0;0;0;0;0;0;0;0;0;0;0;0;0;0
FR;10;2022-01-05;0;0;0;0;0;0;0;0;0;0;0;0;0;0;0;0;0;0
FR;10;2022-01-06;0;0;0;0;0;0;0;0;0;0;0;0;0;0;0;0;0;0
FR;10;2022-01-07;0;0;0;0;0;0;0;0;0;0;0;0;0;0;0;0;0;0
FR;10;2022-01-08;0;0;0;0;0;0;0;0;0;0;0;0;0;0;0;0;0;0
FR;10;2022-01-09;0;0;0;0;0;0;0;0;0;0;0;0;0;0;0;0;0;0
FR;10;2022-01-10;0;0;0;0;0;0;0;0;0;0;0;0;0;0;0;0;0;0
FR;10;2022-01-11;0;0;0;0;0;0;0;0;0;0;0;0;0;0;0;0;0;0
FR;10;2022-01-12;0;0;0;0;0;0;0;0;0;0;0;0;0;0;0;0;0;0
FR;10;2022-01-13;0;0;0;0;0;0;0;0;0;0;0;0;0;0;0;0;0;0
FR;10;2022-01-14;0;0;0;0;0;0;0;0;0;0;0;0;0;0;0;0;0;0
FR;10;2022-01-15;0;0;0;0;0;0;0;0;0;0;0;0;0;0;0;0;0;0
FR;10;2022-01-16;0;0;0;0;0;0;0;0;0;0;0;0;0;0;0;0;0;0
FR;10;2022-01-17;0;0;0;0;0;0;0;0;0;0;0;0;0;0;0;0;0;0
FR;10;2022-01-18;0;0;0;0;0;0;0;0;0;0;0;0;0;0;0;0;0;0
FR;10;2022-01-19;0;0;0;0;0;0;0;0;0;0;0;0;0;0;0;0;0;0
FR;10;2022-01-20;0;0;0;0;0;0;0;0;0;0;0;0;0;0;0;0;0;0
FR;10;2022-01-21;0;0;0;0;0;0;0;0;0;0;0;0;0;0;0;0;0;0
FR;10;2022-01-22;0;0;0;0;0;0;0;0;0;0;0;0;0;0;0;0;0;0
FR;10;2022-01-23;0;0;0;0;0;0;0;0;0;0;0;0;0;0;0;0;0;0
FR;10;2022-01-24;0;0;0;0;0;0;0;0;0;0;0;0;0;0;0;0;0;0
FR;10;2022-01-25;0;0;0;0;0;0;0;0;0;0;0;0;0;0;0;0;0;0
FR;10;2022-01-26;0;0;0;0;0;0;0;0;0;0;0;0;0;0;0;0;0;0
FR;10;2022-01-27;0;0;0;0;0;0;0;0;0;0;0;0;0;0;0;0;0;0
FR;10;2022-01-28;0;0;0;0;0;0;0;0;0;0;0;0;0;0;0;0;0;0
FR;10;2022-01-29;0;0;0;0;0;0;0;0;0;0;0;0;0;0;0;0;0;0
FR;10;2022-01-30;0;0;0;0;0;0;0;0;0;0;0;0;0;0;0;0;0;0
FR;10;2022-01-31;0;0;0;0;0;0;0;0;0;0;0;0;0;0;0;0;0;0
FR;10;2022-02-01;0;0;0;0;0;0;0;0;0;0;0;0;0;0;0;0;0;0
FR;10;2022-02-02;0;0;0;0;0;0;0;0;0;0;0;0;0;0;0;0;0;0
FR;10;2022-02-03;0;0;0;0;0;0;0;0;0;0;0;0;0;0;0;0;0;0
FR;10;2022-02-04;0;0;0;0;0;0;0;0;0;0;0;0;0;0;0;0;0;0
FR;10;2022-02-05;0;0;0;0;0;0;0;0;0;0;0;0;0;0;0;0;0;0
FR;10;2022-02-06;0;0;0;0;0;0;0;0;0;0;0;0;0;0;0;0;0;0
FR;10;2022-02-07;0;0;0;0;0;0;0;0;0;0;0;0;0;0;0;0;0;0
FR;10;2022-02-08;0;0;0;0;0;0;0;0;0;0;0;0;0;0;0;0;0;0
FR;10;2022-02-09;0;0;0;0;0;0;0;0;0;0;0;0;0;0;0;0;0;0
FR;10;2022-02-10;0;0;0;0;0;0;0;0;0;0;0;0;0;0;0;0;0;0
FR;10;2022-02-11;0;0;0;0;0;0;0;0;0;0;0;0;0;0;0;0;0;0
FR;10;2022-02-12;0;0;0;0;0;0;0;0;0;0;0;0;0;0;0;0;0;0
FR;10;2022-02-13;0;0;0;0;0;0;0;0;0;0;0;0;0;0;0;0;0;0
FR;10;2022-02-14;0;0;0;0;0;0;0;0;0;0;0;0;0;0;0;0;0;0
FR;10;2022-02-15;0;0;0;0;0;0;0;0;0;0;0;0;0;0;0;0;0;0
FR;10;2022-02-16;0;0;0;0;0;0;0;0;0;0;0;0;0;0;0;0;0;0
FR;10;2022-02-17;0;0;0;0;0;0;0;0;0;0;0;0;0;0;0;0;0;0
FR;10;2022-02-18;0;0;0;0;0;0;0;0;0;0;0;0;0;0;0;0;0;0
FR;10;2022-02-19;0;0;0;0;0;0;0;0;0;0;0;0;0;0;0;0;0;0
FR;10;2022-02-20;0;0;0;0;0;0;0;0;0;0;0;0;0;0;0;0;0;0
FR;10;2022-02-21;0;0;0;0;0;0;0;0;0;0;0;0;0;0;0;0;0;0
FR;10;2022-02-22;0;0;0;0;0;0;0;0;0;0;0;0;0;0;0;0;0;0
FR;10;2022-02-23;0;0;0;0;0;0;0;0;0;0;0;0;0;0;0;0;0;0
FR;10;2022-02-24;0;0;0;0;0;0;0;0;0;0;0;0;0;0;0;0;0;0
FR;10;2022-02-25;0;0;0;0;0;0;0;0;0;0;0;0;0;0;0;0;0;0
FR;10;2022-02-26;0;0;0;0;0;0;0;0;0;0;0;0;0;0;0;0;0;0
FR;10;2022-02-27;0;0;0;0;0;0;0;0;0;0;0;0;0;0;0;0;0;0
FR;10;2022-02-28;0;0;0;0;0;0;0;0;0;0;0;0;0;0;0;0;0;0
FR;10;2022-03-01;0;0;0;0;0;0;0;0;0;0;0;0;0;0;0;0;0;0
FR;10;2022-03-02;0;0;0;0;0;0;0;0;0;0;0;0;0;0;0;0;0;0
FR;10;2022-03-03;0;0;0;0;0;0;0;0;0;0;0;0;0;0;0;0;0;0
FR;10;2022-03-04;0;0;0;0;0;0;0;0;0;0;0;0;0;0;0;0;0;0
FR;10;2022-03-05;0;0;0;0;0;0;0;0;0;0;0;0;0;0;0;0;0;0
FR;10;2022-03-06;0;0;0;0;0;0;0;0;0;0;0;0;0;0;0;0;0;0
FR;10;2022-03-07;0;0;0;0;0;0;0;0;0;0;0;0;0;0;0;0;0;0
FR;10;2022-03-08;0;0;0;0;0;0;0;0;0;0;0;0;0;0;0;0;0;0
FR;10;2022-03-09;0;0;0;0;0;0;0;0;0;0;0;0;0;0;0;0;0;0
FR;10;2022-03-10;0;0;0;0;0;0;0;0;0;0;0;0;0;0;0;0;0;0
FR;10;2022-03-11;0;0;0;0;0;0;0;0;0;0;0;0;0;0;0;0;0;0
FR;10;2022-03-12;0;0;0;0;0;0;0;0;0;0;0;0;0;0;0;0;0;0
FR;10;2022-03-13;0;0;0;0;0;0;0;0;0;0;0;0;0;0;0;0;0;0
FR;10;2022-03-14;0;0;0;0;0;0;0;0;0;0;0;0;0;0;0;0;0;0
FR;10;2022-03-15;0;0;0;0;0;0;0;0;0;0;0;0;0;0;0;0;0;0
FR;10;2022-03-16;0;0;0;0;0;0;0;0;0;0;0;0;0;0;0;0;0;0
FR;10;2022-03-17;0;0;0;0;0;0;0;0;0;0;0;0;0;0;0;0;0;0
FR;10;2022-03-18;0;0;0;0;0;0;0;0;0;0;0;0;0;0;0;0;0;0
FR;10;2022-03-19;0;0;0;0;0;0;0;0;0;0;0;0;0;0;0;0;0;0
FR;10;2022-03-20;0;0;0;0;0;0;0;0;0;0;0;0;0;0;0;0;0;0
FR;10;2022-03-21;0;0;0;0;0;0;0;0;0;0;0;0;0;0;0;0;0;0
FR;10;2022-03-22;0;0;0;0;0;0;0;0;0;0;0;0;0;0;0;0;0;0
FR;10;2022-03-23;0;0;0;0;0;0;0;0;0;0;0;0;0;0;0;0;0;0
FR;10;2022-03-24;0;0;0;0;0;0;0;0;0;0;0;0;0;0;0;0;0;0
FR;10;2022-03-25;0;0;0;0;0;0;0;0;0;0;0;0;0;0;0;0;0;0
FR;10;2022-03-26;0;0;0;0;0;0;0;0;0;0;0;0;0;0;0;0;0;0
FR;10;2022-03-27;0;0;0;0;0;0;0;0;0;0;0;0;0;0;0;0;0;0
FR;10;2022-03-28;0;0;0;0;0;0;0;0;0;0;0;0;0;0;0;0;0;0
FR;10;2022-03-29;0;0;0;0;0;0;0;0;0;0;0;0;0;0;0;0;0;0
FR;10;2022-03-30;0;0;0;0;0;0;0;0;0;0;0;0;0;0;0;0;0;0
FR;10;2022-03-31;0;0;0;0;0;0;0;0;0;0;0;0;0;0;0;0;0;0
FR;10;2022-04-01;0;0;0;0;0;0;0;0;0;0;0;0;0;0;0;0;0;0
FR;10;2022-04-02;0;0;0;0;0;0;0;0;0;0;0;0;0;0;0;0;0;0
FR;10;2022-04-03;0;0;0;0;0;0;0;0;0;0;0;0;0;0;0;0;0;0
FR;10;2022-04-04;0;0;0;0;0;0;0;0;0;0;0;0;0;0;0;0;0;0
FR;10;2022-04-05;0;0;0;0;0;0;0;0;0;0;0;0;0;0;0;0;0;0
FR;10;2022-04-06;0;0;0;0;0;0;0;0;0;0;0;0;0;0;0;0;0;0
FR;10;2022-04-07;0;0;0;0;0;0;0;0;0;0;0;0;0;0;0;0;0;0
FR;10;2022-04-08;0;0;0;0;0;0;0;0;0;0;0;0;0;0;0;0;0;0
FR;10;2022-04-09;0;0;0;0;0;0;0;0;0;0;0;0;0;0;0;0;0;0
FR;10;2022-04-10;0;0;0;0;0;0;0;0;0;0;0;0;0;0;0;0;0;0
FR;10;2022-04-11;0;0;0;0;0;0;0;0;0;0;0;0;0;0;0;0;0;0
FR;10;2022-04-12;0;0;0;0;0;0;0;0;0;0;0;0;0;0;0;0;0;0
FR;10;2022-04-13;0;0;0;0;0;0;0;0;0;0;0;0;0;0;0;0;0;0
FR;10;2022-04-14;0;0;0;0;0;0;0;0;0;0;0;0;0;0;0;0;0;0
FR;10;2022-04-15;0;0;0;0;0;0;0;0;0;0;0;0;0;0;0;0;0;0
FR;10;2022-04-16;0;0;0;0;0;0;0;0;0;0;0;0;0;0;0;0;0;0
FR;10;2022-04-17;0;0;0;0;0;0;0;0;0;0;0;0;0;0;0;0;0;0
FR;10;2022-04-18;0;0;0;0;0;0;0;0;0;0;0;0;0;0;0;0;0;0
FR;10;2022-04-19;0;0;0;0;0;0;0;0;0;0;0;0;0;0;0;0;0;0
FR;10;2022-04-20;0;0;0;0;0;0;0;0;0;0;0;0;0;0;0;0;0;0
FR;10;2022-04-21;0;0;0;0;0;0;0;0;0;0;0;0;0;0;0;0;0;0
FR;10;2022-04-22;0;0;0;0;0;0;0;0;0;0;0;0;0;0;0;0;0;0
FR;10;2022-04-23;0;0;0;0;0;0;0;0;0;0;0;0;0;0;0;0;0;0
FR;10;2022-04-24;0;0;0;0;0;0;0;0;0;0;0;0;0;0;0;0;0;0
FR;10;2022-04-25;0;0;0;0;0;0;0;0;0;0;0;0;0;0;0;0;0;0
FR;10;2022-04-26;0;0;0;0;0;0;0;0;0;0;0;0;0;0;0;0;0;0
FR;10;2022-04-27;0;0;0;0;0;0;0;0;0;0;0;0;0;0;0;0;0;0
FR;10;2022-04-28;0;0;0;0;0;0;0;0;0;0;0;0;0;0;0;0;0;0
FR;10;2022-04-29;0;0;0;0;0;0;0;0;0;0;0;0;0;0;0;0;0;0
FR;10;2022-04-30;0;0;0;0;0;0;0;0;0;0;0;0;0;0;0;0;0;0
FR;10;2022-05-01;0;0;0;0;0;0;0;0;0;0;0;0;0;0;0;0;0;0
FR;10;2022-05-02;0;0;0;0;0;0;0;0;0;0;0;0;0;0;0;0;0;0
FR;10;2022-05-03;0;0;0;0;0;0;0;0;0;0;0;0;0;0;0;0;0;0
FR;10;2022-05-04;0;0;0;0;0;0;0;0;0;0;0;0;0;0;0;0;0;0
FR;10;2022-05-05;0;0;0;0;0;0;0;0;0;0;0;0;0;0;0;0;0;0
FR;10;2022-05-06;0;0;0;0;0;0;0;0;0;0;0;0;0;0;0;0;0;0
FR;10;2022-05-07;0;0;0;0;0;0;0;0;0;0;0;0;0;0;0;0;0;0
FR;10;2022-05-08;0;0;0;0;0;0;0;0;0;0;0;0;0;0;0;0;0;0
FR;10;2022-05-09;0;0;0;0;0;0;0;0;0;0;0;0;0;0;0;0;0;0
FR;10;2022-05-10;0;0;0;0;0;0;0;0;0;0;0;0;0;0;0;0;0;0
FR;10;2022-05-11;0;0;0;0;0;0;0;0;0;0;0;0;0;0;0;0;0;0
FR;10;2022-05-12;0;0;0;0;0;0;0;0;0;0;0;0;0;0;0;0;0;0
FR;10;2022-05-13;0;0;0;0;0;0;0;0;0;0;0;0;0;0;0;0;0;0
FR;10;2022-05-14;0;0;0;0;0;0;0;0;0;0;0;0;0;0;0;0;0;0
FR;10;2022-05-15;0;0;0;0;0;0;0;0;0;0;0;0;0;0;0;0;0;0
FR;10;2022-05-16;0;0;0;0;0;0;0;0;0;0;0;0;0;0;0;0;0;0
FR;10;2022-05-17;0;0;0;0;0;0;0;0;0;0;0;0;0;0;0;0;0;0
FR;10;2022-05-18;0;0;0;0;0;0;0;0;0;0;0;0;0;0;0;0;0;0
FR;10;2022-05-19;0;0;0;0;0;0;0;0;0;0;0;0;0;0;0;0;0;0
FR;10;2022-05-20;0;0;0;0;0;0;0;0;0;0;0;0;0;0;0;0;0;0
FR;10;2022-05-21;0;0;0;0;0;0;0;0;0;0;0;0;0;0;0;0;0;0
FR;10;2022-05-22;0;0;0;0;0;0;0;0;0;0;0;0;0;0;0;0;0;0
FR;10;2022-05-23;0;0;0;0;0;0;0;0;0;0;0;0;0;0;0;0;0;0
FR;10;2022-05-24;0;0;0;0;0;0;0;0;0;0;0;0;0;0;0;0;0;0
FR;10;2022-05-25;0;0;0;0;0;0;0;0;0;0;0;0;0;0;0;0;0;0
FR;10;2022-05-26;0;0;0;0;0;0;0;0;0;0;0;0;0;0;0;0;0;0
FR;10;2022-05-27;0;0;0;0;0;0;0;0;0;0;0;0;0;0;0;0;0;0
FR;10;2022-05-28;0;0;0;0;0;0;0;0;0;0;0;0;0;0;0;0;0;0
FR;10;2022-05-29;0;0;0;0;0;0;0;0;0;0;0;0;0;0;0;0;0;0
FR;10;2022-05-30;0;0;0;0;0;0;0;0;0;0;0;0;0;0;0;0;0;0
FR;10;2022-05-31;0;0;0;0;0;0;0;0;0;0;0;0;0;0;0;0;0;0
FR;10;2022-06-01;0;0;0;0;0;0;0;0;0;0;0;0;0;0;0;0;0;0
FR;10;2022-06-02;0;0;0;0;0;0;0;0;0;0;0;0;0;0;0;0;0;0
FR;10;2022-06-03;0;0;0;0;0;0;0;0;0;0;0;0;0;0;0;0;0;0
FR;10;2022-06-04;0;0;0;0;0;0;0;0;0;0;0;0;0;0;0;0;0;0
FR;10;2022-06-05;0;0;0;0;0;0;0;0;0;0;0;0;0;0;0;0;0;0
FR;10;2022-06-06;0;0;0;0;0;0;0;0;0;0;0;0;0;0;0;0;0;0
FR;10;2022-06-07;0;0;0;0;0;0;0;0;0;0;0;0;0;0;0;0;0;0
FR;10;2022-06-08;0;0;0;0;0;0;0;0;0;0;0;0;0;0;0;0;0;0
FR;10;2022-06-09;0;0;0;0;0;0;0;0;0;0;0;0;0;0;0;0;0;0
FR;10;2022-06-10;0;0;0;0;0;0;0;0;0;0;0;0;0;0;0;0;0;0
FR;10;2022-06-11;0;0;0;0;0;0;0;0;0;0;0;0;0;0;0;0;0;0
FR;10;2022-06-12;0;0;0;0;0;0;0;0;0;0;0;0;0;0;0;0;0;0
FR;10;2022-06-13;0;0;0;0;0;0;0;0;0;0;0;0;0;0;0;0;0;0
FR;10;2022-06-14;0;0;0;0;0;0;0;0;0;0;0;0;0;0;0;0;0;0
FR;10;2022-06-15;0;0;0;0;0;0;0;0;0;0;0;0;0;0;0;0;0;0
FR;10;2022-06-16;0;0;0;0;0;0;0;0;0;0;0;0;0;0;0;0;0;0
FR;10;2022-06-17;0;0;0;0;0;0;0;0;0;0;0;0;0;0;0;0;0;0
FR;10;2022-06-18;0;0;0;0;0;0;0;0;0;0;0;0;0;0;0;0;0;0
FR;10;2022-06-19;0;0;0;0;0;0;0;0;0;0;0;0;0;0;0;0;0;0
FR;10;2022-06-20;0;0;0;0;0;0;0;0;0;0;0;0;0;0;0;0;0;0
FR;10;2022-06-21;0;0;0;0;0;0;0;0;0;0;0;0;0;0;0;0;0;0
FR;10;2022-06-22;0;0;0;0;0;0;0;0;0;0;0;0;0;0;0;0;0;0
FR;10;2022-06-23;0;0;0;0;0;0;0;0;0;0;0;0;0;0;0;0;0;0
FR;10;2022-06-24;0;0;0;0;0;0;0;0;0;0;0;0;0;0;0;0;0;0
FR;10;2022-06-25;0;0;0;0;0;0;0;0;0;0;0;0;0;0;0;0;0;0
FR;10;2022-06-26;0;0;0;0;0;0;0;0;0;0;0;0;0;0;0;0;0;0
FR;10;2022-06-27;0;0;0;0;0;0;0;0;0;0;0;0;0;0;0;0;0;0
FR;10;2022-06-28;0;0;0;0;0;0;0;0;0;0;0;0;0;0;0;0;0;0
FR;10;2022-06-29;0;0;0;0;0;0;0;0;0;0;0;0;0;0;0;0;0;0
FR;10;2022-06-30;0;0;0;0;0;0;0;0;0;0;0;0;0;0;0;0;0;0
FR;10;2022-07-01;0;0;0;0;0;0;0;0;0;0;0;0;0;0;0;0;0;0
FR;10;2022-07-02;0;0;0;0;0;0;0;0;0;0;0;0;0;0;0;0;0;0
FR;10;2022-07-03;0;0;0;0;0;0;0;0;0;0;0;0;0;0;0;0;0;0
FR;10;2022-07-04;0;0;0;0;0;0;0;0;0;0;0;0;0;0;0;0;0;0
FR;10;2022-07-05;0;0;0;0;0;0;0;0;0;0;0;0;0;0;0;0;0;0
FR;10;2022-07-06;0;0;0;0;0;0;0;0;0;0;0;0;0;0;0;0;0;0
FR;10;2022-07-07;0;0;0;0;0;0;0;0;0;0;0;0;0;0;0;0;0;0
FR;10;2022-07-08;0;0;0;0;0;0;0;0;0;0;0;0;0;0;0;0;0;0
FR;10;2022-07-09;0;0;0;0;0;0;0;0;0;0;0;0;0;0;0;0;0;0
FR;10;2022-07-10;0;0;0;0;0;0;0;0;0;0;0;0;0;0;0;0;0;0
FR;10;2022-07-11;0;0;0;0;0;0;0;0;0;0;0;0;0;0;0;0;0;0
FR;10;2022-07-12;0;0;0;0;0;0;0;0;0;0;0;0;0;0;0;0;0;0
FR;10;2022-07-13;0;0;0;0;0;0;0;0;0;0;0;0;0;0;0;0;0;0
FR;10;2022-07-14;0;0;0;0;0;0;0;0;0;0;0;0;0;0;0;0;0;0
FR;10;2022-07-15;0;0;0;0;0;0;0;0;0;0;0;0;0;0;0;0;0;0
FR;10;2022-07-16;0;0;0;0;0;0;0;0;0;0;0;0;0;0;0;0;0;0
FR;10;2022-07-17;0;0;0;0;0;0;0;0;0;0;0;0;0;0;0;0;0;0
FR;10;2022-07-18;0;0;0;0;0;0;0;0;0;0;0;0;0;0;0;0;0;0
FR;10;2022-07-19;0;0;0;0;0;0;0;0;0;0;0;0;0;0;0;0;0;0
FR;10;2022-07-20;0;0;0;0;0;0;0;0;0;0;0;0;0;0;0;0;0;0
FR;10;2022-07-21;0;0;0;0;0;0;0;0;0;0;0;0;0;0;0;0;0;0
FR;10;2022-07-22;0;0;0;0;0;0;0;0;0;0;0;0;0;0;0;0;0;0
FR;10;2022-07-23;0;0;0;0;0;0;0;0;0;0;0;0;0;0;0;0;0;0
FR;10;2022-07-24;0;0;0;0;0;0;0;0;0;0;0;0;0;0;0;0;0;0
FR;10;2022-07-25;0;0;0;0;0;0;0;0;0;0;0;0;0;0;0;0;0;0
FR;10;2022-07-26;0;0;0;0;0;0;0;0;0;0;0;0;0;0;0;0;0;0
FR;10;2022-07-27;0;0;0;0;0;0;0;0;0;0;0;0;0;0;0;0;0;0
FR;10;2022-07-28;0;0;0;0;0;0;0;0;0;0;0;0;0;0;0;0;0;0
FR;10;2022-07-29;0;0;0;0;0;0;0;0;0;0;0;0;0;0;0;0;0;0
FR;10;2022-07-30;0;0;0;0;0;0;0;0;0;0;0;0;0;0;0;0;0;0
FR;10;2022-07-31;0;0;0;0;0;0;0;0;0;0;0;0;0;0;0;0;0;0
FR;10;2022-08-01;0;0;0;0;0;0;0;0;0;0;0;0;0;0;0;0;0;0
FR;10;2022-08-02;0;0;0;0;0;0;0;0;0;0;0;0;0;0;0;0;0;0
FR;10;2022-08-03;0;0;0;0;0;0;0;0;0;0;0;0;0;0;0;0;0;0
FR;10;2022-08-04;0;0;0;0;0;0;0;0;0;0;0;0;0;0;0;0;0;0
FR;10;2022-08-05;0;0;0;0;0;0;0;0;0;0;0;0;0;0;0;0;0;0
FR;10;2022-08-06;0;0;0;0;0;0;0;0;0;0;0;0;0;0;0;0;0;0
FR;10;2022-08-07;0;0;0;0;0;0;0;0;0;0;0;0;0;0;0;0;0;0
FR;10;2022-08-08;0;0;0;0;0;0;0;0;0;0;0;0;0;0;0;0;0;0
FR;10;2022-08-09;0;0;0;0;0;0;0;0;0;0;0;0;0;0;0;0;0;0
FR;10;2022-08-10;0;0;0;0;0;0;0;0;0;0;0;0;0;0;0;0;0;0
FR;10;2022-08-11;0;0;0;0;0;0;0;0;0;0;0;0;0;0;0;0;0;0
FR;10;2022-08-12;0;0;0;0;0;0;0;0;0;0;0;0;0;0;0;0;0;0
FR;10;2022-08-13;0;0;0;0;0;0;0;0;0;0;0;0;0;0;0;0;0;0
FR;10;2022-08-14;0;0;0;0;0;0;0;0;0;0;0;0;0;0;0;0;0;0
FR;10;2022-08-15;0;0;0;0;0;0;0;0;0;0;0;0;0;0;0;0;0;0
FR;10;2022-08-16;0;0;0;0;0;0;0;0;0;0;0;0;0;0;0;0;0;0
FR;10;2022-08-17;0;0;0;0;0;0;0;0;0;0;0;0;0;0;0;0;0;0
FR;10;2022-08-18;0;0;0;0;0;0;0;0;0;0;0;0;0;0;0;0;0;0
FR;10;2022-08-19;0;0;0;0;0;0;0;0;0;0;0;0;0;0;0;0;0;0
FR;10;2022-08-20;0;0;0;0;0;0;0;0;0;0;0;0;0;0;0;0;0;0
FR;10;2022-08-21;0;0;0;0;0;0;0;0;0;0;0;0;0;0;0;0;0;0
FR;10;2022-08-22;0;0;0;0;0;0;0;0;0;0;0;0;0;0;0;0;0;0
FR;10;2022-08-23;0;0;0;0;0;0;0;0;0;0;0;0;0;0;0;0;0;0
FR;10;2022-08-24;0;0;0;0;0;0;0;0;0;0;0;0;0;0;0;0;0;0
FR;10;2022-08-25;0;0;0;0;0;0;0;0;0;0;0;0;0;0;0;0;0;0
FR;10;2022-08-26;0;0;0;0;0;0;0;0;0;0;0;0;0;0;0;0;0;0
FR;10;2022-08-27;0;0;0;0;0;0;0;0;0;0;0;0;0;0;0;0;0;0
FR;10;2022-08-28;0;0;0;0;0;0;0;0;0;0;0;0;0;0;0;0;0;0
FR;10;2022-08-29;0;0;0;0;0;0;0;0;0;0;0;0;0;0;0;0;0;0
FR;10;2022-08-30;0;0;0;0;0;0;0;0;0;0;0;0;0;0;0;0;0;0
FR;10;2022-08-31;0;0;0;0;0;0;0;0;0;0;0;0;0;0;0;0;0;0
FR;10;2022-09-01;0;0;0;0;0;0;0;0;0;0;0;0;0;0;0;0;0;0
FR;10;2022-09-02;0;0;0;0;0;0;0;0;0;0;0;0;0;0;0;0;0;0
FR;10;2022-09-03;0;0;0;0;0;0;0;0;0;0;0;0;0;0;0;0;0;0
FR;10;2022-09-04;0;0;0;0;0;0;0;0;0;0;0;0;0;0;0;0;0;0
FR;10;2022-09-05;0;0;0;0;0;0;0;0;0;0;0;0;0;0;0;0;0;0
FR;10;2022-09-06;0;0;0;0;0;0;0;0;0;0;0;0;0;0;0;0;0;0
FR;10;2022-09-07;0;0;0;0;0;0;0;0;0;0;0;0;0;0;0;0;0;0
FR;10;2022-09-08;0;0;0;0;0;0;0;0;0;0;0;0;0;0;0;0;0;0
FR;10;2022-09-09;0;0;0;0;0;0;0;0;0;0;0;0;0;0;0;0;0;0
FR;10;2022-09-10;0;0;0;0;0;0;0;0;0;0;0;0;0;0;0;0;0;0
FR;10;2022-09-11;0;0;0;0;0;0;0;0;0;0;0;0;0;0;0;0;0;0
FR;10;2022-09-12;0;0;0;0;0;0;0;0;0;0;0;0;0;0;0;0;0;0
FR;10;2022-09-13;0;0;0;0;0;0;0;0;0;0;0;0;0;0;0;0;0;0
FR;10;2022-09-14;0;0;0;0;0;0;0;0;0;0;0;0;0;0;0;0;0;0
FR;10;2022-09-15;0;0;0;0;0;0;0;0;0;0;0;0;0;0;0;0;0;0
FR;10;2022-09-16;0;0;0;0;0;0;0;0;0;0;0;0;0;0;0;0;0;0
FR;10;2022-09-17;0;0;0;0;0;0;0;0;0;0;0;0;0;0;0;0;0;0
FR;10;2022-09-18;0;0;0;0;0;0;0;0;0;0;0;0;0;0;0;0;0;0
FR;10;2022-09-19;0;0;0;0;0;0;0;0;0;0;0;0;0;0;0;0;0;0
FR;10;2022-09-20;0;0;0;0;0;0;0;0;0;0;0;0;0;0;0;0;0;0
FR;10;2022-09-21;0;0;0;0;0;0;0;0;0;0;0;0;0;0;0;0;0;0
FR;10;2022-09-22;0;0;0;0;0;0;0;0;0;0;0;0;0;0;0;0;0;0
FR;10;2022-09-23;0;0;0;0;0;0;0;0;0;0;0;0;0;0;0;0;0;0
FR;10;2022-09-24;0;0;0;0;0;0;0;0;0;0;0;0;0;0;0;0;0;0
FR;10;2022-09-25;0;0;0;0;0;0;0;0;0;0;0;0;0;0;0;0;0;0
FR;10;2022-09-26;0;0;0;0;0;0;0;0;0;0;0;0;0;0;0;0;0;0
FR;10;2022-09-27;0;0;0;0;0;0;0;0;0;0;0;0;0;0;0;0;0;0
FR;10;2022-09-28;0;0;0;0;0;0;0;0;0;0;0;0;0;0;0;0;0;0
FR;10;2022-09-29;0;0;0;0;0;0;0;0;0;0;0;0;0;0;0;0;0;0
FR;10;2022-09-30;0;0;0;0;0;0;0;0;0;0;0;0;0;0;0;0;0;0
FR;10;2022-10-01;0;0;0;0;0;0;0;0;0;0;0;0;0;0;0;0;0;0
FR;10;2022-10-02;0;0;0;0;0;0;0;0;0;0;0;0;0;0;0;0;0;0
FR;10;2022-10-03;0;0;0;0;0;0;0;0;0;0;0;0;0;0;0;0;0;0
FR;10;2022-10-04;0;0;0;0;0;0;0;0;0;0;0;0;0;0;0;0;0;0
FR;10;2022-10-05;0;0;0;0;0;0;0;0;0;0;0;0;0;0;0;0;0;0
FR;10;2022-10-06;0;0;0;0;0;0;0;0;0;0;0;0;0;0;0;0;0;0
FR;10;2022-10-07;0;0;0;0;0;0;0;0;0;0;0;0;0;0;0;0;0;0
FR;10;2022-10-08;0;0;0;0;0;0;0;0;0;0;0;0;0;0;0;0;0;0
FR;10;2022-10-09;0;0;0;0;0;0;0;0;0;0;0;0;0;0;0;0;0;0
FR;10;2022-10-10;0;0;0;0;0;0;0;0;0;0;0;0;0;0;0;0;0;0
FR;10;2022-10-11;0;0;0;0;0;0;0;0;0;0;0;0;0;0;0;0;0;0
FR;10;2022-10-12;0;0;0;0;0;0;0;0;0;0;0;0;0;0;0;0;0;0
FR;10;2022-10-13;0;0;0;0;0;0;0;0;0;0;0;0;0;0;0;0;0;0
FR;10;2022-10-14;0;0;0;0;0;0;0;0;0;0;0;0;0;0;0;0;0;0
FR;10;2022-10-15;0;0;0;0;0;0;0;0;0;0;0;0;0;0;0;0;0;0
FR;10;2022-10-16;0;0;0;0;0;0;0;0;0;0;0;0;0;0;0;0;0;0
FR;10;2022-10-17;0;0;0;0;0;0;0;0;0;0;0;0;0;0;0;0;0;0
FR;10;2022-10-18;0;0;0;0;0;0;0;0;0;0;0;0;0;0;0;0;0;0
FR;10;2022-10-19;0;0;0;0;0;0;0;0;0;0;0;0;0;0;0;0;0;0
FR;10;2022-10-20;0;0;0;0;0;0;0;0;0;0;0;0;0;0;0;0;0;0
FR;10;2022-10-21;0;0;0;0;0;0;0;0;0;0;0;0;0;0;0;0;0;0
FR;10;2022-10-22;0;0;0;0;0;0;0;0;0;0;0;0;0;0;0;0;0;0
FR;10;2022-10-23;0;0;0;0;0;0;0;0;0;0;0;0;0;0;0;0;0;0
FR;10;2022-10-24;0;0;0;0;0;0;0;0;0;0;0;0;0;0;0;0;0;0
FR;10;2022-10-25;0;0;0;0;0;0;0;0;0;0;0;0;0;0;0;0;0;0
FR;10;2022-10-26;0;0;0;0;0;0;0;0;0;0;0;0;0;0;0;0;0;0
FR;10;2022-10-27;0;0;0;0;0;0;0;0;0;0;0;0;0;0;0;0;0;0
FR;10;2022-10-28;0;0;0;0;0;0;0;0;0;0;0;0;0;0;0;0;0;0
FR;10;2022-10-29;0;0;0;0;0;0;0;0;0;0;0;0;0;0;0;0;0;0
FR;10;2022-10-30;0;0;0;0;0;0;0;0;0;0;0;0;0;0;0;0;0;0
FR;10;2022-10-31;0;0;0;0;0;0;0;0;0;0;0;0;0;0;0;0;0;0
FR;10;2022-11-01;0;0;0;0;0;0;0;0;0;0;0;0;0;0;0;0;0;0
FR;10;2022-11-02;0;0;0;0;0;0;0;0;0;0;0;0;0;0;0;0;0;0
FR;10;2022-11-03;0;0;0;0;0;0;0;0;0;0;0;0;0;0;0;0;0;0
FR;10;2022-11-04;0;0;0;0;0;0;0;0;0;0;0;0;0;0;0;0;0;0
FR;10;2022-11-05;0;0;0;0;0;0;0;0;0;0;0;0;0;0;0;0;0;0
FR;10;2022-11-06;0;0;0;0;0;0;0;0;0;0;0;0;0;0;0;0;0;0
FR;10;2022-11-07;0;0;0;0;0;0;0;0;0;0;0;0;0;0;0;0;0;0
FR;10;2022-11-08;0;0;0;0;0;0;0;0;0;0;0;0;0;0;0;0;0;0
FR;10;2022-11-09;0;0;0;0;0;0;0;0;0;0;0;0;0;0;0;0;0;0
FR;10;2022-11-10;0;0;0;0;0;0;0;0;0;0;0;0;0;0;0;0;0;0
FR;10;2022-11-11;0;0;0;0;0;0;0;0;0;0;0;0;0;0;0;0;0;0
FR;10;2022-11-12;0;0;0;0;0;0;0;0;0;0;0;0;0;0;0;0;0;0
FR;10;2022-11-13;0;0;0;0;0;0;0;0;0;0;0;0;0;0;0;0;0;0
FR;10;2022-11-14;0;0;0;0;0;0;0;0;0;0;0;0;0;0;0;0;0;0
FR;10;2022-11-15;0;0;0;0;0;0;0;0;0;0;0;0;0;0;0;0;0;0
FR;10;2022-11-16;0;0;0;0;0;0;0;0;0;0;0;0;0;0;0;0;0;0
FR;10;2022-11-17;0;0;0;0;0;0;0;0;0;0;0;0;0;0;0;0;0;0
FR;10;2022-11-18;0;0;0;0;0;0;0;0;0;0;0;0;0;0;0;0;0;0
FR;10;2022-11-19;0;0;0;0;0;0;0;0;0;0;0;0;0;0;0;0;0;0
FR;10;2022-11-20;0;0;0;0;0;0;0;0;0;0;0;0;0;0;0;0;0;0
FR;10;2022-11-21;0;0;0;0;0;0;0;0;0;0;0;0;0;0;0;0;0;0
FR;10;2022-11-22;0;0;0;0;0;0;0;0;0;0;0;0;0;0;0;0;0;0
FR;10;2022-11-23;0;0;0;0;0;0;0;0;0;0;0;0;0;0;0;0;0;0
FR;10;2022-11-24;0;0;0;0;0;0;0;0;0;0;0;0;0;0;0;0;0;0
FR;10;2022-11-25;0;0;0;0;0;0;0;0;0;0;0;0;0;0;0;0;0;0
FR;10;2022-11-26;0;0;0;0;0;0;0;0;0;0;0;0;0;0;0;0;0;0
FR;10;2022-11-27;0;0;0;0;0;0;0;0;0;0;0;0;0;0;0;0;0;0
FR;10;2022-11-28;0;0;0;0;0;0;0;0;0;0;0;0;0;0;0;0;0;0
FR;10;2022-11-29;0;0;0;0;0;0;0;0;0;0;0;0;0;0;0;0;0;0
FR;10;2022-11-30;0;0;0;0;0;0;0;0;0;0;0;0;0;0;0;0;0;0
FR;10;2022-12-01;0;0;0;0;0;0;0;0;0;0;0;0;0;0;0;0;0;0
FR;10;2022-12-02;0;0;0;0;0;0;0;0;0;0;0;0;0;0;0;0;0;0
FR;10;2022-12-03;0;0;0;0;0;0;0;0;0;0;0;0;0;0;0;0;0;0
FR;10;2022-12-04;0;0;0;0;0;0;0;0;0;0;0;0;0;0;0;0;0;0
FR;10;2022-12-05;0;0;0;0;0;0;0;0;0;0;0;0;0;0;0;0;0;0
FR;10;2022-12-06;0;0;0;0;0;0;0;0;0;0;0;0;0;0;0;0;0;0
FR;10;2022-12-07;0;0;0;0;0;0;0;0;0;0;0;0;0;0;0;0;0;0
FR;10;2022-12-08;0;0;0;0;0;0;0;0;0;0;0;0;0;0;0;0;0;0
FR;10;2022-12-09;0;0;0;0;0;0;0;0;0;0;0;0;0;0;0;0;0;0
FR;10;2022-12-10;0;0;0;0;0;0;0;0;0;0;0;0;0;0;0;0;0;0
FR;10;2022-12-11;0;0;0;0;0;0;0;0;0;0;0;0;0;0;0;0;0;0
FR;10;2022-12-12;0;0;0;0;0;0;0;0;0;0;0;0;0;0;0;0;0;0
FR;10;2022-12-13;0;0;0;0;0;0;0;0;0;0;0;0;0;0;0;0;0;0
FR;10;2022-12-14;0;0;0;0;0;0;0;0;0;0;0;0;0;0;0;0;0;0
FR;10;2022-12-15;0;0;0;0;0;0;0;0;0;0;0;0;0;0;0;0;0;0
FR;10;2022-12-16;0;0;0;0;0;0;0;0;0;0;0;0;0;0;0;0;0;0
FR;10;2022-12-17;0;0;0;0;0;0;0;0;0;0;0;0;0;0;0;0;0;0
FR;10;2022-12-18;0;0;0;0;0;0;0;0;0;0;0;0;0;0;0;0;0;0
FR;10;2022-12-19;0;0;0;0;0;0;0;0;0;0;0;0;0;0;0;0;0;0
FR;10;2022-12-20;0;0;0;0;0;0;0;0;0;0;0;0;0;0;0;0;0;0
FR;10;2022-12-21;0;0;0;0;0;0;0;0;0;0;0;0;0;0;0;0;0;0
FR;10;2022-12-22;0;0;0;1;0;0;1;0;0;0;0;0;1;0;0;1;0;0
FR;10;2022-12-23;0;0;1;14;0;2;14;0;7;0;0;1;15;0;2;15;0;7
FR;10;2022-12-24;0;0;0;3;0;0;3;0;1;0;0;1;18;0;2;18;0;8
FR;10;2022-12-25;0;0;0;0;0;0;0;0;0;0;0;1;18;0;2;18;0;8
FR;10;2022-12-26;3;1;11;35;0;8;39;0;5;3;1;12;53;0;10;57;0;13
FR;10;2022-12-27;1;1;14;34;1;11;37;0;10;4;2;26;87;1;21;94;0;23
FR;10;2022-12-28;0;0;2;15;0;1;14;0;3;4;2;28;102;1;22;108;0;26
FR;10;2022-12-29;0;0;6;48;0;1;48;0;17;4;2;34;150;1;23;156;0;43
FR;10;2022-12-30;0;1;4;33;0;7;31;0;6;4;3;38;183;1;30;187;0;49
FR;10;2022-12-31;0;0;3;12;0;4;10;0;4;4;3;41;195;1;34;197;0;53
FR;10;2023-01-01;0;0;1;6;0;0;7;0;2;4;3;42;201;1;34;204;0;55
FR;10;2023-01-02;0;4;4;37;1;6;36;0;21;4;7;46;238;2;40;240;0;76
FR;10;2023-01-03;1;1;6;63;1;5;64;0;25;5;8;52;301;3;45;304;0;101
FR;10;2023-01-04;0;1;7;52;0;6;53;0;53;5;9;59;353;3;51;357;0;154
FR;10;2023-01-05;1;1;15;74;0;10;76;0;37;6;10;74;427;3;61;433;0;191
FR;10;2023-01-06;2;3;16;107;2;13;107;0;52;8;13;90;534;5;74;540;0;243
FR;10;2023-01-07;3;1;3;40;1;3;39;0;13;11;14;93;574;6;77;579;0;256
FR;10;2023-01-08;1;0;0;9;0;0;7;0;5;12;14;93;583;6;77;586;0;261
FR;10;2023-01-09;3;2;7;65;1;6;65;0;26;15;16;100;648;7;83;651;0;287
FR;10;2023-01-10;6;1;21;118;0;13;124;0;57;21;17;121;766;7;96;775;0;344
FR;10;2023-01-11;5;4;19;77;1;16;79;0;38;26;21;140;843;8;112;854;0;382
FR;10;2023-01-12;12;1;7;77;1;3;80;0;51;38;22;147;920;9;115;934;0;433
FR;10;2023-01-13;1;6;15;122;1;8;129;0;77;39;28;162;1042;10;123;1063;0;510
FR;10;2023-01-14;1;1;8;42;0;5;46;0;3;40;29;170;1084;10;128;1109;0;513
FR;10;2023-01-15;0;0;1;10;0;0;7;0;8;40;29;171;1094;10;128;1116;0;521
FR;10;2023-01-16;0;1;11;67;1;7;69;0;66;40;30;182;1161;11;135;1185;0;587
FR;0;2020-12-27;616;0;0;0;55;0;0;0;0;616;0;0;0;55;0;0;0;0
FR;0;2020-12-28;704;1;0;0;43;0;0;0;0;1320;1;0;0;98;0;0;0;0
FR;0;2020-12-29;387;0;0;0;19;0;0;0;0;1707;1;0;0;117;0;0;0;0
FR;0;2020-12-30;451;0;0;0;18;0;0;0;0;2158;1;0;0;135;0;0;0;0
FR;0;2020-12-31;447;1;0;0;23;0;0;0;0;2605;2;0;0;158;0;0;0;0
FR;0;2021-01-01;1191;2;0;0;66;0;0;0;0;3796;4;0;0;224;0;0;0;0
FR;0;2021-01-02;367;4;0;0;29;0;0;0;0;4163;8;0;0;253;0;0;0;0
FR;0;2021-01-03;417;0;0;0;23;0;0;0;0;4580;8;0;0;276;0;0;0;0
FR;0;2021-01-04;2134;5;0;0;51;0;0;0;0;6714;13;0;0;327;0;0;0;0
FR;0;2021-01-05;7769;6;0;0;128;0;0;0;0;14483;19;0;0;455;0;0;0;0
FR;0;2021-01-06;12473;23;0;0;127;0;0;0;0;26956;42;0;0;582;0;0;0;0
FR;0;2021-01-07;29477;23;0;0;159;0;0;0;0;56433;65;0;0;741;0;0;0;0
FR;0;2021-01-08;37168;34;0;0;203;0;0;0;0;93601;99;0;0;944;0;0;0;0
FR;0;2021-01-09;11220;9;0;0;77;0;0;0;0;104821;108;0;0;1021;0;0;0;0
FR;0;2021-01-10;6015;8;0;0;28;0;0;0;0;110836;116;0;0;1049;0;0;0;0
FR;0;2021-01-11;39954;39;0;0;232;0;0;0;0;150790;155;0;0;1281;0;0;0;0
FR;0;2021-01-12;62159;29;0;0;297;0;0;0;0;212949;184;0;0;1578;0;0;0;0
FR;0;2021-01-13;65146;62;0;0;433;0;0;0;0;278095;246;0;0;2011;0;0;0;0
FR;0;2021-01-14;83110;252;0;0;1173;0;0;0;0;361205;498;0;0;3184;0;0;0;0
FR;0;2021-01-15;69031;100;0;0;557;0;0;0;0;430236;598;0;0;3741;0;0;0;0
FR;0;2021-01-16;20219;73;0;0;184;0;0;0;0;450455;671;0;0;3925;0;0;0;0
FR;0;2021-01-17;10991;54;0;0;137;0;0;0;0;461446;725;0;0;4062;0;0;0;0
FR;0;2021-01-18;85921;179;0;0;615;0;0;0;0;547367;904;0;0;4677;0;0;0;0
FR;0;2021-01-19;130615;210;0;0;868;0;0;0;0;677982;1114;0;0;5545;0;0;0;0
FR;0;2021-01-20;137564;196;0;0;837;0;0;0;0;815546;1310;0;0;6382;0;0;0;0
FR;0;2021-01-21;158424;203;0;0;950;0;0;0;0;973970;1513;0;0;7332;0;0;0;0
FR;0;2021-01-22;121086;256;0;0;844;0;0;0;0;1095056;1769;0;0;8176;0;0;0;0
FR;0;2021-01-23;38491;83;0;0;220;0;0;0;0;1133547;1852;0;0;8396;0;0;0;0
FR;0;2021-01-24;9751;129;0;0;194;0;0;0;0;1143298;1981;0;0;8590;0;0;0;0
FR;0;2021-01-25;78252;1450;0;0;1801;0;0;0;0;1221550;3431;0;0;10391;0;0;0;0
FR;0;2021-01-26;100393;3698;1;0;4176;0;0;0;0;1321943;7129;1;0;14567;0;0;0;0
FR;0;2021-01-27;107261;6434;0;0;7149;0;0;0;0;1429204;13563;1;0;21716;0;0;0;0
FR;0;2021-01-28;124376;16389;0;0;17212;0;0;0;0;1553580;29952;1;0;38928;0;0;0;0
FR;0;2021-01-29;92202;18742;0;0;19318;0;0;0;0;1645782;48694;1;0;58246;0;0;0;0
FR;0;2021-01-30;29128;4526;0;0;4663;0;0;0;0;1674910;53220;1;0;62909;0;0;0;0
FR;0;2021-01-31;5240;1903;0;0;1948;0;0;0;0;1680150;55123;1;0;64857;0;0;0;0
FR;0;2021-02-01;53156;22974;0;0;23244;0;0;0;0;1733306;78097;1;0;88101;0;0;0;0
FR;0;2021-02-02;72335;38079;0;0;38570;0;0;0;0;1805641;116176;1;0;126671;0;0;0;0
FR;0;2021-02-03;72326;40128;0;0;40631;0;0;0;0;1877967;156304;1;0;167302;0;0;0;0
FR;0;2021-02-04;82089;54964;0;0;55557;0;0;0;0;1960056;211268;1;0;222859;0;0;0;0
FR;0;2021-02-05;68252;48118;0;0;48553;0;0;0;0;2028308;259386;1;0;271412;0;0;0;0
FR;0;2021-02-06;22954;11428;0;0;11667;0;0;0;0;2051262;270814;1;0;283079;0;0;0;0
FR;0;2021-02-07;5195;6057;0;0;6183;0;0;0;0;2056457;276871;1;0;289262;0;0;0;0
FR;0;2021-02-08;46856;48742;0;0;49221;0;0;0;0;2103313;325613;1;0;338483;0;0;0;0
FR;0;2021-02-09;66044;78277;0;0;79372;0;0;0;0;2169357;403890;1;0;417855;0;0;0;0
FR;0;2021-02-10;71039;83280;0;0;84575;0;0;0;0;2240396;487170;1;0;502430;0;0;0;0
FR;0;2021-02-11;87306;105385;0;0;107314;0;0;0;0;2327702;592555;1;0;609744;0;0;0;0
FR;0;2021-02-12;79354;76030;0;0;77771;0;0;0;0;2407056;668585;1;0;687515;0;0;0;0
FR;0;2021-02-13;22389;19516;0;0;19883;0;0;0;0;2429445;688101;1;0;707398;0;0;0;0
FR;0;2021-02-14;5080;7354;0;0;7482;0;0;0;0;2434525;695455;1;0;714880;0;0;0;0
FR;0;2021-02-15;38129;76758;0;0;77766;0;0;0;0;2472654;772213;1;0;792646;0;0;0;0
FR;0;2021-02-16;50416;99735;0;0;101070;0;0;0;0;2523070;871948;1;0;893716;0;0;0;0
FR;0;2021-02-17;50549;106786;20;0;108226;0;0;0;0;2573619;978734;21;0;1001942;0;0;0;0
FR;0;2021-02-18;69811;123563;0;0;125600;0;0;0;0;2643430;1102297;21;0;1127542;0;0;0;0
FR;0;2021-02-19;65089;92186;1;0;94069;0;0;0;0;2708519;1194483;22;0;1221611;0;0;0;0
FR;0;2021-02-20;18601;28569;0;0;28938;0;0;0;0;2727120;1223052;22;0;1250549;0;0;0;0
FR;0;2021-02-21;3334;6064;0;0;6169;0;0;0;0;2730454;1229116;22;0;1256718;0;0;0;0
FR;0;2021-02-22;37509;73210;2;0;74218;0;0;0;0;2767963;1302326;24;0;1330936;0;0;0;0
FR;0;2021-02-23;53803;85251;1;0;86761;0;0;0;0;2821766;1387577;25;0;1417697;0;0;0;0
FR;0;2021-02-24;60034;82892;1;0;84471;0;0;0;0;2881800;1470469;26;0;1502168;0;0;0;0
FR;0;2021-02-25;100607;91295;1;0;94282;0;0;0;0;2982407;1561764;27;0;1596450;0;0;0;0
FR;0;2021-02-26;113490;70749;1;0;73886;0;0;0;0;3095897;1632513;28;0;1670336;0;0;0;0
FR;0;2021-02-27;52129;22430;1;0;23672;0;0;0;0;3148026;1654943;29;0;1694008;0;0;0;0
FR;0;2021-02-28;6209;4128;2;0;4326;0;0;0;0;3154235;1659071;31;0;1698334;0;0;0;0
FR;0;2021-03-01;65937;54082;1;0;55945;0;0;0;0;3220172;1713153;32;0;1754279;0;0;0;0
FR;0;2021-03-02;101413;67196;3;0;70238;0;0;0;0;3321585;1780349;35;0;1824517;0;0;0;0
FR;0;2021-03-03;116557;65473;0;0;69157;0;0;0;0;3438142;1845822;35;0;1893674;0;0;0;0
FR;0;2021-03-04;163660;72553;3;0;78118;0;0;0;0;3601802;1918375;38;0;1971792;0;0;0;0
FR;0;2021-03-05;200957;62697;3;0;69426;0;0;0;0;3802759;1981072;41;0;2041218;0;0;0;0
FR;0;2021-03-06;207986;17503;3;0;22802;0;0;0;0;4010745;1998575;44;0;2064020;0;0;0;0
FR;0;2021-03-07;121292;4003;1;0;7297;0;0;0;0;4132037;2002578;45;0;2071317;0;0;0;0
FR;0;2021-03-08;107175;49585;2;0;53067;0;0;0;0;4239212;2052163;47;0;2124384;0;0;0;0
FR;0;2021-03-09;172486;56066;2;0;61552;0;0;0;0;4411698;2108229;49;0;2185936;0;0;0;0
FR;0;2021-03-10;179038;57074;5;0;62740;0;0;0;0;4590736;2165303;54;0;2248676;0;0;0;0
FR;0;2021-03-11;242929;64019;2;0;72108;0;0;0;0;4833665;2229322;56;0;2320784;0;0;0;0
FR;0;2021-03-12;294871;53367;1;0;62823;0;0;0;0;5128536;2282689;57;0;2383607;0;0;0;0
FR;0;2021-03-13;231441;15278;1;0;21256;0;0;0;0;5359977;2297967;58;0;2404863;0;0;0;0
FR;0;2021-03-14;63363;3067;1;0;5103;0;0;0;0;5423340;2301034;59;0;2409966;0;0;0;0
FR;0;2021-03-15;158693;31526;3;0;36176;0;0;0;0;5582033;2332560;62;0;2446142;0;0;0;0
FR;0;2021-03-16;141593;38815;6;0;42961;0;0;0;0;5723626;2371375;68;0;2489103;0;0;0;0
FR;0;2021-03-17;150516;37597;4;0;42361;0;0;0;0;5874142;2408972;72;0;2531464;0;0;0;0
FR;0;2021-03-18;167867;44364;5;0;49923;0;0;0;0;6042009;2453336;77;0;2581387;0;0;0;0
FR;0;2021-03-19;230055;36723;2;0;44080;0;0;0;0;6272064;2490059;79;0;2625467;0;0;0;0
FR;0;2021-03-20;166717;11390;1;0;16015;0;0;0;0;6438781;2501449;80;0;2641482;0;0;0;0
FR;0;2021-03-21;49953;2144;1;0;3902;0;0;0;0;6488734;2503593;81;0;2645384;0;0;0;0
FR;0;2021-03-22;170079;33534;2;0;39031;0;0;0;0;6658813;2537127;83;0;2684415;0;0;0;0
FR;0;2021-03-23;250433;42401;1;0;50241;0;0;0;0;6909246;2579528;84;0;2734656;0;0;0;0
FR;0;2021-03-24;256944;43552;0;0;51643;0;0;0;0;7166190;2623080;84;0;2786299;0;0;0;0
FR;0;2021-03-25;341867;45252;5;0;56252;0;0;0;0;7508057;2668332;89;0;2842551;0;0;0;0
FR;0;2021-03-26;358843;41783;5;1;53533;0;0;0;0;7866900;2710115;94;1;2896084;0;0;0;0
FR;0;2021-03-27;195294;16939;1;0;23382;0;0;0;0;8062194;2727054;95;1;2919466;0;0;0;0
FR;0;2021-03-28;59353;4570;3;0;6634;0;0;0;0;8121547;2731624;98;1;2926100;0;0;0;0
FR;0;2021-03-29;203014;53428;4;0;60182;0;0;0;0;8324561;2785052;102;1;2986282;0;0;0;0
FR;0;2021-03-30;285535;70010;5;0;80418;0;0;0;0;8610096;2855062;107;1;3066700;0;0;0;0
FR;0;2021-03-31;263074;74009;4;0;84685;0;0;0;0;8873170;2929071;111;1;3151385;0;0;0;0
FR;0;2021-04-01;315567;92728;11;0;106296;0;0;0;0;9188737;3021799;122;1;3257681;0;0;0;0
FR;0;2021-04-02;281380;94754;7;0;106578;0;0;0;0;9470117;3116553;129;1;3364259;0;0;0;0
FR;0;2021-04-03;141094;62580;6;0;67839;0;0;0;0;9611211;3179133;135;1;3432098;0;0;0;0
FR;0;2021-04-04;46549;19020;2;0;21072;0;0;0;0;9657760;3198153;137;1;3453170;0;0;0;0
FR;0;2021-04-05;63366;10402;11;0;13059;0;0;0;0;9721126;3208555;148;1;3466229;0;0;0;0
FR;0;2021-04-06;217267;113020;17;0;121871;0;0;0;0;9938393;3321575;165;1;3588100;0;0;0;0
FR;0;2021-04-07;260316;115272;17;0;126615;0;0;0;0;10198709;3436847;182;1;3714715;0;0;0;0
FR;0;2021-04-08;337910;123172;15;0;138792;0;0;0;0;10536619;3560019;197;1;3853507;0;0;0;0
FR;0;2021-04-09;410225;116868;49;0;134271;0;0;0;0;10946844;3676887;246;1;3987778;0;0;0;0
FR;0;2021-04-10;212659;82863;15;0;91255;0;0;0;0;11159503;3759750;261;1;4079033;0;0;0;0
FR;0;2021-04-11;56159;34179;7;0;36704;0;0;0;0;11215662;3793929;268;1;4115737;0;0;0;0
FR;0;2021-04-12;237120;115827;46;0;125426;0;0;0;0;11452782;3909756;314;1;4241163;0;0;0;0
FR;0;2021-04-13;309542;144175;98;1;157128;0;0;0;0;11762324;4053931;412;2;4398291;0;0;0;0
FR;0;2021-04-14;294583;139804;215;0;153174;0;0;0;0;12056907;4193735;627;2;4551465;0;0;0;0
FR;0;2021-04-15;337185;150459;340;0;165987;0;0;0;0;12394092;4344194;967;2;4717452;0;0;0;0
FR;0;2021-04-16;339359;146997;354;0;161653;0;0;0;0;12733451;4491191;1321;2;4879105;0;0;0;0
FR;0;2021-04-17;188689;89985;109;0;97683;0;0;0;0;12922140;4581176;1430;2;4976788;0;0;0;0
FR;0;2021-04-18;51640;35458;48;0;37879;0;0;0;0;12973780;4616634;1478;2;5014667;0;0;0;0
FR;0;2021-04-19;205746;138283;456;0;147435;0;0;0;0;13179526;4754917;1934;2;5162102;0;0;0;0
FR;0;2021-04-20;254486;171956;569;0;183614;0;0;0;0;13434012;4926873;2503;2;5345716;0;0;0;0
FR;0;2021-04-21;253321;170138;836;0;182157;0;0;0;0;13687333;5097011;3339;2;5527873;0;0;0;0
FR;0;2021-04-22;287621;190372;819;0;204964;0;0;0;0;13974954;5287383;4158;2;5732837;0;0;0;0
FR;0;2021-04-23;297690;184647;747;0;203403;0;0;0;0;14272644;5472030;4905;2;5936240;0;0;0;0
FR;0;2021-04-24;190481;112025;252;0;122477;0;0;0;0;14463125;5584055;5157;2;6058717;0;0;0;0
FR;0;2021-04-25;69575;38861;51;0;42592;0;0;0;0;14532700;5622916;5208;2;6101309;0;0;0;0
FR;0;2021-04-26;221000;158609;563;0;171801;0;0;0;0;14753700;5781525;5771;2;6273110;0;0;0;0
FR;0;2021-04-27;284651;188019;941;0;211332;0;0;0;0;15038351;5969544;6712;2;6484442;0;0;0;0
FR;0;2021-04-28;299568;184665;1426;1;209744;1;0;0;0;15337919;6154209;8138;3;6694186;1;0;0;0
FR;0;2021-04-29;357206;198199;1281;0;233282;0;0;0;0;15695125;6352408;9419;3;6927468;1;0;0;0
FR;0;2021-04-30;372260;186088;1124;1;225429;0;0;0;0;16067385;6538496;10543;4;7152897;1;0;0;0
FR;0;2021-05-01;167677;52524;179;0;63771;0;0;0;0;16235062;6591020;10722;4;7216668;1;0;0;0
FR;0;2021-05-02;91766;37862;83;0;43589;0;0;0;0;16326828;6628882;10805;4;7260257;1;0;0;0
FR;0;2021-05-03;288972;165340;843;0;185865;0;0;0;0;16615800;6794222;11648;4;7446122;1;0;0;0
FR;0;2021-05-04;315749;225512;1237;0;251691;0;0;0;0;16931549;7019734;12885;4;7697813;1;0;0;0
FR;0;2021-05-05;327287;226569;1316;0;251639;0;0;0;0;17258836;7246303;14201;4;7949452;1;0;0;0
FR;0;2021-05-06;379596;241148;1634;0;275404;0;0;0;0;17638432;7487451;15835;4;8224856;1;0;0;0
FR;0;2021-05-07;372823;258837;1224;0;299898;0;0;0;0;18011255;7746288;17059;4;8524754;1;0;0;0
FR;0;2021-05-08;222188;71338;300;0;86547;0;0;0;0;18233443;7817626;17359;4;8611301;1;0;0;0
FR;0;2021-05-09;129729;44598;243;0;53234;0;0;0;0;18363172;7862224;17602;4;8664535;1;0;0;0
FR;0;2021-05-10;313427;229688;1239;0;255472;0;0;0;0;18676599;8091912;18841;4;8920007;1;0;0;0
FR;0;2021-05-11;403972;258379;1566;0;296805;0;0;0;0;19080571;8350291;20407;4;9216812;1;0;0;0
FR;0;2021-05-12;434198;233851;1544;0;270140;0;0;0;0;19514769;8584142;21951;4;9486952;1;0;0;0
FR;0;2021-05-13;338637;56463;432;0;77957;0;0;0;0;19853406;8640605;22383;4;9564909;1;0;0;0
FR;0;2021-05-14;454183;167492;1127;0;203098;0;0;0;0;20307589;8808097;23510;4;9768007;1;0;0;0
FR;0;2021-05-15;375013;94389;444;0;120785;0;0;0;0;20682602;8902486;23954;4;9888792;1;0;0;0
FR;0;2021-05-16;202775;20693;168;0;34093;0;0;0;0;20885377;8923179;24122;4;9922885;1;0;0;0
FR;0;2021-05-17;376156;148868;1555;0;178664;0;0;0;0;21261533;9072047;25677;4;10101549;1;0;0;0
FR;0;2021-05-18;460203;154101;1991;0;193252;0;0;0;0;21721736;9226148;27668;4;10294801;1;0;0;0
FR;0;2021-05-19;467460;142592;2465;0;179861;0;0;0;0;22189196;9368740;30133;4;10474662;1;0;0;0
FR;0;2021-05-20;507586;160271;2340;0;204243;0;0;0;0;22696782;9529011;32473;4;10678905;1;0;0;0
FR;0;2021-05-21;489725;175220;1996;0;221772;0;0;0;0;23186507;9704231;34469;4;10900677;1;0;0;0
FR;0;2021-05-22;347225;80224;670;0;108650;0;0;0;0;23533732;9784455;35139;4;11009327;1;0;0;0
FR;0;2021-05-23;161712;14214;246;0;26684;0;0;0;0;23695444;9798669;35385;4;11036011;1;0;0;0
FR;0;2021-05-24;263217;33106;604;0;52943;0;0;0;0;23958661;9831775;35989;4;11088954;1;0;0;0
FR;0;2021-05-25;400307;190440;2357;1;227003;0;0;0;0;24358968;10022215;38346;5;11315957;1;0;0;0
FR;0;2021-05-26;413496;191121;2227;0;229182;0;0;0;0;24772464;10213336;40573;5;11545139;1;0;0;0
FR;0;2021-05-27;449857;220018;2163;0;267162;0;0;0;0;25222321;10433354;42736;5;11812301;1;0;0;0
FR;0;2021-05-28;429597;261106;1895;0;319206;0;0;0;0;25651918;10694460;44631;5;12131507;1;0;0;0
FR;0;2021-05-29;299004;150484;586;0;183340;0;0;0;0;25950922;10844944;45217;5;12314847;1;0;0;0
FR;0;2021-05-30;107155;32511;164;0;42097;0;0;0;0;26058077;10877455;45381;5;12356944;1;0;0;0
FR;0;2021-05-31;358077;203463;1473;1;241750;1;0;0;0;26416154;11080918;46854;6;12598694;2;0;0;0
FR;0;2021-06-01;431120;251239;1969;1;302885;1;0;0;0;26847274;11332157;48823;7;12901579;3;0;0;0
FR;0;2021-06-02;420155;232646;1985;0;280033;0;0;0;0;27267429;11564803;50808;7;13181612;3;0;0;0
FR;0;2021-06-03;465673;257751;1826;0;312527;0;0;0;0;27733102;11822554;52634;7;13494139;3;0;0;0
FR;0;2021-06-04;456289;305833;1735;1;363237;1;0;0;0;28189391;12128387;54369;8;13857376;4;0;0;0
FR;0;2021-06-05;304832;189554;653;0;222777;0;0;0;0;28494223;12317941;55022;8;14080153;4;0;0;0
FR;0;2021-06-06;133336;49026;227;0;61167;0;0;0;0;28627559;12366967;55249;8;14141320;4;0;0;0
FR;0;2021-06-07;340015;261494;1529;0;298589;0;0;0;0;28967574;12628461;56778;8;14439909;4;0;0;0
FR;0;2021-06-08;393943;291381;1806;0;338253;0;0;0;0;29361517;12919842;58584;8;14778162;4;0;0;0
FR;0;2021-06-09;384934;273824;1734;0;318236;0;0;0;0;29746451;13193666;60318;8;15096398;4;0;0;0
FR;0;2021-06-10;404234;286446;1727;1;335887;0;0;0;0;30150685;13480112;62045;9;15432285;4;0;0;0
FR;0;2021-06-11;386705;356524;1467;1;406960;0;0;0;0;30537390;13836636;63512;10;15839245;4;0;0;0
FR;0;2021-06-12;283292;210995;497;0;243143;0;0;0;0;30820682;14047631;64009;10;16082388;4;0;0;0
FR;0;2021-06-13;104902;73841;204;0;84833;0;0;0;0;30925584;14121472;64213;10;16167221;4;0;0;0
FR;0;2021-06-14;240872;354089;1429;1;383275;0;0;0;0;31166456;14475561;65642;11;16550496;4;0;0;0
FR;0;2021-06-15;308214;384366;1574;1;423138;0;0;0;0;31474670;14859927;67216;12;16973634;4;0;0;0
FR;0;2021-06-16;314015;357559;1418;1;395323;0;0;0;0;31788685;15217486;68634;13;17368957;4;0;0;0
FR;0;2021-06-17;317723;373099;1432;1;414290;0;0;0;0;32106408;15590585;70066;14;17783247;4;0;0;0
FR;0;2021-06-18;321781;442596;1342;1;485996;0;0;0;0;32428189;16033181;71408;15;18269243;4;0;0;0
FR;0;2021-06-19;224360;274011;449;0;301199;0;0;0;0;32652549;16307192;71857;15;18570442;4;0;0;0
FR;0;2021-06-20;74458;102302;130;0;111498;0;0;0;0;32727007;16409494;71987;15;18681940;4;0;0;0
FR;0;2021-06-21;195806;401722;1038;1;427685;1;0;0;0;32922813;16811216;73025;16;19109625;5;0;0;0
FR;0;2021-06-22;223233;467729;1266;10;500387;1;0;0;0;33146046;17278945;74291;26;19610012;6;0;0;0
FR;0;2021-06-23;234067;440071;1198;1;474178;1;0;0;0;33380113;17719016;75489;27;20084190;7;0;0;0
FR;0;2021-06-24;241895;409668;1359;0;447161;0;0;0;0;33622008;18128684;76848;27;20531351;7;0;0;0
FR;0;2021-06-25;227664;523013;1403;0;562009;0;0;0;0;33849672;18651697;78251;27;21093360;7;0;0;0
FR;0;2021-06-26;153285;371059;587;1;395863;0;0;0;0;34002957;19022756;78838;28;21489223;7;0;0;0
FR;0;2021-06-27;55918;155958;169;1;164872;0;0;0;0;34058875;19178714;79007;29;21654095;7;0;0;0
FR;0;2021-06-28;154805;452512;1177;0;478112;0;0;0;0;34213680;19631226;80184;29;22132207;7;0;0;0
FR;0;2021-06-29;182734;507754;2123;0;539141;0;0;0;0;34396414;20138980;82307;29;22671348;7;0;0;0
FR;0;2021-06-30;204038;485174;2015;21;519452;2;0;0;0;34600452;20624154;84322;50;23190800;9;0;0;0
FR;0;2021-07-01;231443;458498;2225;5;498455;0;0;0;0;34831895;21082652;86547;55;23689255;9;0;0;0
FR;0;2021-07-02;228703;520000;2120;5;562323;2;0;0;0;35060598;21602652;88667;60;24251578;11;0;0;0
FR;0;2021-07-03;142056;368767;908;3;395259;1;0;0;0;35202654;21971419;89575;63;24646837;12;0;0;0
FR;0;2021-07-04;56760;141014;265;0;150707;0;0;0;0;35259414;22112433;89840;63;24797544;12;0;0;0
FR;0;2021-07-05;168537;418661;1668;8;448607;0;0;0;0;35427951;22531094;91508;71;25246151;12;0;0;0
FR;0;2021-07-06;196802;474512;1830;45;511115;8;0;0;0;35624753;23005606;93338;116;25757266;20;0;0;0
FR;0;2021-07-07;213240;438963;1881;25;477435;2;0;0;0;35837993;23444569;95219;141;26234701;22;0;0;0
FR;0;2021-07-08;231666;424120;2089;20;468070;2;0;0;0;36069659;23868689;97308;161;26702771;24;0;0;0
FR;0;2021-07-09;228639;511071;2185;4;557379;2;0;0;0;36298298;24379760;99493;165;27260150;26;0;0;0
FR;0;2021-07-10;148631;339914;986;1;368858;1;0;0;0;36446929;24719674;100479;166;27629008;27;0;0;0
FR;0;2021-07-11;60212;110043;284;0;120960;0;0;0;0;36507141;24829717;100763;166;27749968;27;0;0;0
FR;0;2021-07-12;169437;477730;1765;4;512476;0;0;0;0;36676578;25307447;102528;170;28262444;27;0;0;0
FR;0;2021-07-13;287297;526619;2050;8;585670;0;0;0;0;36963875;25834066;104578;178;28848114;27;0;0;0
FR;0;2021-07-14;181119;157349;435;0;186669;0;0;0;0;37144994;25991415;105013;178;29034783;27;0;0;0
FR;0;2021-07-15;347122;501626;2100;1;571606;0;0;0;0;37492116;26493041;107113;179;29606389;27;0;0;0
FR;0;2021-07-16;380124;495011;2023;3;574205;1;0;0;0;37872240;26988052;109136;182;30180594;28;0;0;0
FR;0;2021-07-17;259747;319638;877;1;368608;0;0;0;0;38131987;27307690;110013;183;30549202;28;0;0;0
FR;0;2021-07-18;109739;114565;310;0;133009;0;0;0;0;38241726;27422255;110323;183;30682211;28;0;0;0
FR;0;2021-07-19;285518;423922;1631;3;478953;0;0;0;0;38527244;27846177;111954;186;31161164;28;0;0;0
FR;0;2021-07-20;376935;451228;1725;0;523578;0;0;0;0;38904179;28297405;113679;186;31684742;28;0;0;0
FR;0;2021-07-21;395834;406896;1550;4;481919;1;0;0;0;39300013;28704301;115229;190;32166661;29;0;0;0
FR;0;2021-07-22;441075;387313;1715;4;471818;2;0;0;0;39741088;29091614;116944;194;32638479;31;0;0;0
FR;0;2021-07-23;440345;422041;1883;4;510024;1;0;0;0;40181433;29513655;118827;198;33148503;32;0;0;0
FR;0;2021-07-24;285265;269302;804;1;321998;0;0;0;0;40466698;29782957;119631;199;33470501;32;0;0;0
FR;0;2021-07-25;121125;79913;234;0;100275;0;0;0;0;40587823;29862870;119865;199;33570776;32;0;0;0
FR;0;2021-07-26;347445;322175;1614;3;384740;1;0;0;0;40935268;30185045;121479;202;33955516;33;0;0;0
FR;0;2021-07-27;464099;319283;1698;4;400439;1;0;0;0;41399367;30504328;123177;206;34355955;34;0;0;0
FR;0;2021-07-28;459463;289347;1637;4;366978;1;0;0;0;41858830;30793675;124814;210;34722933;35;0;0;0
FR;0;2021-07-29;489853;276136;1797;2;357035;0;0;0;0;42348683;31069811;126611;212;35079968;35;0;0;0
FR;0;2021-07-30;461850;302365;1942;5;380877;1;0;0;0;42810533;31372176;128553;217;35460845;36;0;0;0
FR;0;2021-07-31;285414;185012;916;1;231518;0;0;0;0;43095947;31557188;129469;218;35692363;36;0;0;0
FR;0;2021-08-01;112039;49916;257;0;65696;0;0;0;0;43207986;31607104;129726;218;35758059;36;0;0;0
FR;0;2021-08-02;341662;234032;1602;2;284747;0;0;0;0;43549648;31841136;131328;220;36042806;36;0;0;0
FR;0;2021-08-03;398636;244462;1729;2;304556;1;0;0;0;43948284;32085598;133057;222;36347362;37;0;0;0
FR;0;2021-08-04;384881;209528;1594;6;265661;3;0;0;0;44333165;32295126;134651;228;36613023;40;0;0;0
FR;0;2021-08-05;366195;228348;1711;0;281735;0;0;0;0;44699360;32523474;136362;228;36894758;40;0;0;0
FR;0;2021-08-06;359747;271204;1835;4;326609;0;0;0;0;45059107;32794678;138197;232;37221367;40;0;0;0
FR;0;2021-08-07;213139;178314;756;5;210055;1;0;0;0;45272246;32972992;138953;237;37431422;41;0;0;0
FR;0;2021-08-08;74204;63188;276;0;73622;0;0;0;0;45346450;33036180;139229;237;37505044;41;0;0;0
FR;0;2021-08-09;258770;258597;1548;4;297526;2;0;0;0;45605220;33294777;140777;241;37802570;43;0;0;0
FR;0;2021-08-10;306890;277075;1663;2;323490;0;0;0;0;45912110;33571852;142440;243;38126060;43;0;0;0
FR;0;2021-08-11;279761;259553;1441;5;301638;0;0;0;0;46191871;33831405;143881;248;38427698;43;0;0;0
FR;0;2021-08-12;271561;278036;1668;3;320318;0;0;0;0;46463432;34109441;145549;251;38748016;43;0;0;0
FR;0;2021-08-13;252168;278094;1594;3;316949;2;0;0;0;46715600;34387535;147143;254;39064965;45;0;0;0
FR;0;2021-08-14;145358;197073;740;0;219009;0;0;0;0;46860958;34584608;147883;254;39283974;45;0;0;0
FR;0;2021-08-15;39400;50094;218;1;55678;0;0;0;0;46900358;34634702;148101;255;39339652;45;0;0;0
FR;0;2021-08-16;186196;317495;1543;0;345431;0;0;0;0;47086554;34952197;149644;255;39685083;45;0;0;0
FR;0;2021-08-17;215707;335815;1638;7;368859;0;0;0;0;47302261;35288012;151282;262;40053942;45;0;0;0
FR;0;2021-08-18;199069;324364;1599;7;354544;4;0;0;0;47501330;35612376;152881;269;40408486;49;0;0;0
FR;0;2021-08-19;192045;325408;1642;1;355983;0;0;0;0;47693375;35937784;154523;270;40764469;49;0;0;0
FR;0;2021-08-20;186487;366187;1821;3;396641;2;0;0;0;47879862;36303971;156344;273;41161110;51;0;0;0
FR;0;2021-08-21;104806;238128;709;0;254567;0;0;0;0;47984668;36542099;157053;273;41415677;51;0;0;0
FR;0;2021-08-22;31946;87208;256;1;92161;1;0;0;0;48016614;36629307;157309;274;41507838;52;0;0;0
FR;0;2021-08-23;140995;356990;1561;3;379600;0;0;0;0;48157609;36986297;158870;277;41887438;52;0;0;0
FR;0;2021-08-24;162513;376608;1850;5;402876;0;0;0;0;48320122;37362905;160720;282;42290314;52;0;0;0
FR;0;2021-08-25;151160;350710;2037;8;375422;2;0;0;0;48471282;37713615;162757;290;42665736;54;0;0;0
FR;0;2021-08-26;142890;342743;2561;10;367566;0;0;0;0;48614172;38056358;165318;300;43033302;54;0;0;0
FR;0;2021-08-27;148460;388238;2791;11;414919;1;0;0;0;48762632;38444596;168109;311;43448221;55;0;0;0
FR;0;2021-08-28;90677;249625;1407;0;264964;0;0;0;0;48853309;38694221;169516;311;43713185;55;0;0;0
FR;0;2021-08-29;27324;83341;518;1;88259;0;0;0;0;48880633;38777562;170034;312;43801444;55;0;0;0
FR;0;2021-08-30;117429;324583;4715;6;342400;5851;0;0;0;48998062;39102145;174749;318;44143844;5906;0;0;0
FR;0;2021-08-31;128827;334452;10189;19;353932;11773;2;0;0;49126889;39436597;184938;337;44497776;17679;2;0;0
FR;0;2021-09-01;136165;285665;22436;8;302428;24408;1;0;0;49263054;39722262;207374;345;44800204;42087;3;0;0
FR;0;2021-09-02;114654;247200;26524;20;262111;29005;0;0;0;49377708;39969462;233898;365;45062315;71092;3;0;0
FR;0;2021-09-03;118322;292652;29967;24;309322;33074;1;0;0;49496030;40262114;263865;389;45371637;104166;4;0;0
FR;0;2021-09-04;89891;217788;12587;12;230501;14150;7;0;0;49585921;40479902;276452;401;45602138;118316;11;0;0
FR;0;2021-09-05;21362;44802;4397;2;48285;4719;0;0;0;49607283;40524704;280849;403;45650423;123035;11;0;0
FR;0;2021-09-06;75700;180515;31956;16;190699;34306;2;0;0;49682983;40705219;312805;419;45841122;157341;13;0;0
FR;0;2021-09-07;80318;181183;33249;43;191068;36312;2;0;0;49763301;40886402;346054;462;46032190;193653;15;0;0
FR;0;2021-09-08;91008;206082;29667;28;216581;32572;4;0;0;49854309;41092484;375721;490;46248771;226225;19;0;0
FR;0;2021-09-09;76961;165295;33084;27;174112;36695;5;0;0;49931270;41257779;408805;517;46422883;262920;24;0;0
FR;0;2021-09-10;96044;203809;35743;28;214912;40786;7;0;0;50027314;41461588;444548;545;46637795;303706;31;0;0
FR;0;2021-09-11;67167;169323;12141;19;178188;14406;0;0;0;50094481;41630911;456689;564;46815983;318112;31;0;0
FR;0;2021-09-12;12827;32096;2782;1;34145;3188;2;0;0;50107308;41663007;459471;565;46850128;321300;33;0;0
FR;0;2021-09-13;64577;126175;41247;35;134211;44255;17;0;0;50171885;41789182;500718;600;46984339;365555;50;0;0
FR;0;2021-09-14;73497;129004;56385;80;135774;62421;42;0;0;50245382;41918186;557103;680;47120113;427976;92;0;0
FR;0;2021-09-15;76654;167738;55670;58;174692;54849;77;0;0;50322036;42085924;612773;738;47294805;482825;169;0;0
FR;0;2021-09-16;63891;114503;60099;82;117886;60169;66;0;0;50385927;42200427;672872;820;47412691;542994;235;0;0
FR;0;2021-09-17;75089;156849;53861;71;159736;57349;68;0;0;50461016;42357276;726733;891;47572427;600343;303;0;0
FR;0;2021-09-18;48242;139629;15602;25;144314;17319;20;0;0;50509258;42496905;742335;916;47716741;617662;323;0;0
FR;0;2021-09-19;7908;23656;2441;1;24886;2618;1;0;0;50517166;42520561;744776;917;47741627;620280;324;0;0
FR;0;2021-09-20;44579;93744;50087;72;96236;50344;36;0;0;50561745;42614305;794863;989;47837863;670624;360;0;0
FR;0;2021-09-21;45911;98372;62770;77;98385;63507;79;0;0;50607656;42712677;857633;1066;47936248;734131;439;0;0
FR;0;2021-09-22;48699;142392;55381;82;144839;55476;47;0;0;50656355;42855069;913014;1148;48081087;789607;486;0;0
FR;0;2021-09-23;43294;92066;62405;95;91277;63590;86;0;0;50699649;42947135;975419;1243;48172364;853197;572;0;0
FR;0;2021-09-24;52317;133299;54565;107;132403;59224;78;0;0;50751966;43080434;1029984;1350;48304767;912421;650;0;0
FR;0;2021-09-25;35221;115662;16276;36;118651;18314;22;0;0;50787187;43196096;1046260;1386;48423418;930735;672;0;0
FR;0;2021-09-26;5558;17803;2273;5;18687;2332;5;0;0;50792745;43213899;1048533;1391;48442105;933067;677;0;0
FR;0;2021-09-27;33983;76909;47204;97;78794;48187;83;0;1;50826728;43290808;1095737;1488;48520899;981254;760;0;1
FR;0;2021-09-28;36523;75246;54977;90;74336;56590;47;0;0;50863251;43366054;1150714;1578;48595235;1037844;807;0;1
FR;0;2021-09-29;44424;100699;53371;112;102860;54905;43;0;0;50907675;43466753;1204085;1690;48698095;1092749;850;0;1
FR;0;2021-09-30;36347;72977;57045;96;71480;59609;58;0;0;50944022;43539730;1261130;1786;48769575;1152358;908;0;1
FR;0;2021-10-01;61716;102851;57832;108;101416;64007;24;0;0;51005738;43642581;1318962;1894;48870991;1216365;932;0;1
FR;0;2021-10-02;39471;78445;20964;39;81730;23383;12;0;0;51045209;43721026;1339926;1933;48952721;1239748;944;0;1
FR;0;2021-10-03;5289;10496;2535;4;11262;2543;4;0;0;51050498;43731522;1342461;1937;48963983;1242291;948;0;1
FR;0;2021-10-04;35200;58500;52634;84;59503;54855;37;0;0;51085698;43790022;1395095;2021;49023486;1297146;985;0;1
FR;0;2021-10-05;33930;64368;61030;135;62103;65115;50;0;0;51119628;43854390;1456125;2156;49085589;1362261;1035;0;1
FR;0;2021-10-06;42725;79288;65761;112;80168;68379;29;0;0;51162353;43933678;1521886;2268;49165757;1430640;1064;0;1
FR;0;2021-10-07;30573;62277;65446;89;59501;68890;39;0;0;51192926;43995955;1587332;2357;49225258;1499530;1103;0;1
FR;0;2021-10-08;49484;91946;77772;111;89891;84810;39;0;0;51242410;44087901;1665104;2468;49315149;1584340;1142;0;1
FR;0;2021-10-09;33677;60943;31548;35;64140;33929;17;0;0;51276087;44148844;1696652;2503;49379289;1618269;1159;0;1
FR;0;2021-10-10;4721;7424;3198;9;7942;3475;2;0;0;51280808;44156268;1699850;2512;49387231;1621744;1161;0;1
FR;0;2021-10-11;30731;49882;61048;105;50600;64109;51;0;0;51311539;44206150;1760898;2617;49437831;1685853;1212;0;1
FR;0;2021-10-12;31645;54486;70633;141;51328;76039;27;0;0;51343184;44260636;1831531;2758;49489159;1761892;1239;0;1
FR;0;2021-10-13;40165;62832;74441;137;62799;79379;30;0;1;51383349;44323468;1905972;2895;49551958;1841271;1269;0;2
FR;0;2021-10-14;30362;52869;68776;116;49698;73861;35;0;0;51413711;44376337;1974748;3011;49601656;1915132;1304;0;2
FR;0;2021-10-15;44953;75228;93247;191;70333;103040;26;0;0;51458664;44451565;2067995;3202;49671989;2018172;1330;0;2
FR;0;2021-10-16;31334;44100;36699;44;46706;39662;16;0;0;51489998;44495665;2104694;3246;49718695;2057834;1346;0;2
FR;0;2021-10-17;3893;5227;3603;2;5674;3674;4;0;0;51493891;44500892;2108297;3248;49724369;2061508;1350;0;2
FR;0;2021-10-18;29213;42345;67517;134;42568;71372;27;0;0;51523104;44543237;2175814;3382;49766937;2132880;1377;0;2
FR;0;2021-10-19;27196;45545;76430;140;43212;81673;45;0;0;51550300;44588782;2252244;3522;49810149;2214553;1422;0;2
FR;0;2021-10-20;35342;52398;96956;181;51807;101573;45;0;0;51585642;44641180;2349200;3703;49861956;2316126;1467;0;2
FR;0;2021-10-21;26164;45167;83992;112;41965;89186;32;0;0;51611806;44686347;2433192;3815;49903921;2405312;1499;0;2
FR;0;2021-10-22;38449;62488;104923;200;59361;112645;61;0;0;51650255;44748835;2538115;4015;49963282;2517957;1560;0;2
FR;0;2021-10-23;27035;41202;45465;57;42432;48637;14;0;0;51677290;44790037;2583580;4072;50005714;2566594;1574;0;2
FR;0;2021-10-24;2947;4765;3685;6;5015;3923;1;0;0;51680237;44794802;2587265;4078;50010729;2570517;1575;0;2
FR;0;2021-10-25;26104;36210;82345;144;35486;86677;38;0;0;51706341;44831012;2669610;4222;50046215;2657194;1613;0;2
FR;0;2021-10-26;23768;34987;87279;166;32163;92404;34;0;0;51730109;44865999;2756889;4388;50078378;2749598;1647;0;2
FR;0;2021-10-27;30116;46310;109030;257;44049;114753;49;0;0;51760225;44912309;2865919;4645;50122427;2864351;1696;0;2
FR;0;2021-10-28;23608;34926;88741;153;31198;94533;37;0;0;51783833;44947235;2954660;4798;50153625;2958884;1733;0;2
FR;0;2021-10-29;31586;51451;117346;206;46501;125430;55;0;0;51815419;44998686;3072006;5004;50200126;3084314;1788;0;2
FR;0;2021-10-30;20578;33230;50360;76;32926;53422;20;0;0;51835997;45031916;3122366;5080;50233052;3137736;1808;0;2
FR;0;2021-10-31;2517;3735;3594;3;3845;3882;3;0;0;51838514;45035651;3125960;5083;50236897;3141618;1811;0;2
FR;0;2021-11-01;8535;4869;3223;3;5023;3586;10;0;0;51847049;45040520;3129183;5086;50241920;3145204;1821;0;2
FR;0;2021-11-02;26379;40100;93610;156;36249;99666;44;0;1;51873428;45080620;3222793;5242;50278169;3244870;1865;0;3
FR;0;2021-11-03;30129;47902;118922;222;43567;125893;64;0;0;51903557;45128522;3341715;5464;50321736;3370763;1929;0;3
FR;0;2021-11-04;23819;37473;107599;217;31580;114482;46;0;0;51927376;45165995;3449314;5681;50353316;3485245;1975;0;3
FR;0;2021-11-05;32409;52934;141673;236;44649;151463;52;0;0;51959785;45218929;3590987;5917;50397965;3636708;2027;0;3
FR;0;2021-11-06;21553;34549;64905;123;32388;68344;27;0;0;51981338;45253478;3655892;6040;50430353;3705052;2054;0;3
FR;0;2021-11-07;2427;4165;5208;6;4009;5597;7;0;0;51983765;45257643;3661100;6046;50434362;3710649;2061;0;3
FR;0;2021-11-08;20629;37736;127228;227;30949;134353;50;0;0;52004394;45295379;3788328;6273;50465311;3845002;2111;0;3
FR;0;2021-11-09;22442;44641;161735;339;32861;172337;65;0;0;52026836;45340020;3950063;6612;50498172;4017339;2176;0;3
FR;0;2021-11-10;31615;54894;187062;447;44034;198888;94;0;0;52058451;45394914;4137125;7059;50542206;4216227;2270;0;3
FR;0;2021-11-11;4750;6745;12995;28;5905;13979;17;0;0;52063201;45401659;4150120;7087;50548111;4230206;2287;0;3
FR;0;2021-11-12;29099;55058;183839;252;41736;197493;88;0;0;52092300;45456717;4333959;7339;50589847;4427699;2375;0;3
FR;0;2021-11-13;20355;32600;80731;118;28230;86358;44;0;0;52112655;45489317;4414690;7457;50618077;4514057;2419;0;3
FR;0;2021-11-14;2365;3859;7183;6;3365;7847;9;0;0;52115020;45493176;4421873;7463;50621442;4521904;2428;0;3
FR;0;2021-11-15;20516;38551;160906;314;27787;171642;77;0;0;52135536;45531727;4582779;7777;50649229;4693546;2505;0;3
FR;0;2021-11-16;23668;43848;200483;394;27723;215177;117;0;1;52159204;45575575;4783262;8171;50676952;4908723;2622;0;4
FR;0;2021-11-17;30542;50244;199899;406;36452;212966;99;0;0;52189746;45625819;4983161;8577;50713404;5121689;2721;0;4
FR;0;2021-11-18;23454;45694;191745;469;29404;205729;96;0;0;52213200;45671513;5174906;9046;50742808;5327418;2817;0;4
FR;0;2021-11-19;33694;61288;243287;551;39927;262306;148;0;0;52246894;45732801;5418193;9597;50782735;5589724;2965;0;4
FR;0;2021-11-20;25422;36653;102185;207;29262;109753;45;0;0;52272316;45769454;5520378;9804;50811997;5699477;3010;0;4
FR;0;2021-11-21;2662;4443;9676;19;3442;10603;19;0;0;52274978;45773897;5530054;9823;50815439;5710080;3029;0;4
FR;0;2021-11-22;22820;33113;180436;472;18919;194916;89;0;0;52297798;45807010;5710490;10295;50834358;5904996;3118;0;4
FR;0;2021-11-23;25735;45463;229486;549;24115;247977;85;0;0;52323533;45852473;5939976;10844;50858473;6152973;3203;0;4
FR;0;2021-11-24;31820;53607;224903;716;34489;243356;81;0;0;52355353;45906080;6164879;11560;50892962;6396329;3284;0;4
FR;0;2021-11-25;25652;49144;256013;739;25058;277922;112;0;0;52381005;45955224;6420892;12299;50918020;6674251;3396;0;4
FR;0;2021-11-26;33253;74683;379560;867;37416;414784;172;0;0;52414258;46029907;6800452;13166;50955436;7089035;3568;0;4
FR;0;2021-11-27;23509;49561;214972;391;28464;236768;135;0;0;52437767;46079468;7015424;13557;50983900;7325803;3703;0;4
FR;0;2021-11-28;3526;10453;56784;66;4061;63333;42;0;0;52441293;46089921;7072208;13623;50987961;7389136;3745;0;4
FR;0;2021-11-29;19444;54078;341559;864;23100;371900;178;0;0;52460737;46143999;7413767;14487;51011061;7761036;3923;0;4
FR;0;2021-11-30;24789;71818;457474;988;26830;500915;286;0;0;52485526;46215817;7871241;15475;51037891;8261951;4209;0;4
FR;0;2021-12-01;27391;75461;469208;1162;31351;511431;304;0;0;52512917;46291278;8340449;16637;51069242;8773382;4513;0;4
FR;0;2021-12-02;22126;71492;527232;1281;21041;575012;308;0;0;52535043;46362770;8867681;17918;51090283;9348394;4821;0;4
FR;0;2021-12-03;25579;92792;596514;1421;34379;651281;342;0;0;52560622;46455562;9464195;19339;51124662;9999675;5163;0;4
FR;0;2021-12-04;18341;60324;336301;692;25683;369888;198;0;0;52578963;46515886;9800496;20031;51150345;10369563;5361;0;4
FR;0;2021-12-05;4157;16101;95816;157;4865;107049;92;0;0;52583120;46531987;9896312;20188;51155210;10476612;5453;0;4
FR;0;2021-12-06;28451;72706;493263;1175;25261;540085;384;0;0;52611571;46604693;10389575;21363;51180471;11016697;5837;0;4
FR;0;2021-12-07;23565;91190;645546;1774;28540;706527;416;0;0;52635136;46695883;11035121;23137;51209011;11723224;6253;0;4
FR;0;2021-12-08;25522;91925;591792;1875;34973;647676;440;0;0;52660658;46787808;11626913;25012;51243984;12370900;6693;0;4
FR;0;2021-12-09;24083;94076;663300;2180;29015;726757;461;0;0;52684741;46881884;12290213;27192;51272999;13097657;7154;0;4
FR;0;2021-12-10;28078;110886;736190;2075;37987;806370;470;0;1;52712819;46992770;13026403;29267;51310986;13904027;7624;0;5
FR;0;2021-12-11;20252;76052;435245;990;29960;480461;344;0;0;52733071;47068822;13461648;30257;51340946;14384488;7968;0;5
FR;0;2021-12-12;5678;23118;142356;262;6393;159233;108;0;0;52738749;47091940;13604004;30519;51347339;14543721;8076;0;5
FR;0;2021-12-13;21365;90762;587819;1699;29710;649438;396;0;0;52760114;47182702;14191823;32218;51377049;15193159;8472;0;5
FR;0;2021-12-14;27986;118244;765766;2657;35460;847729;699;0;1;52788100;47300946;14957589;34875;51412509;16040888;9171;0;6
FR;0;2021-12-15;28452;114184;694498;2266;39543;769278;502;0;1;52816552;47415130;15652087;37141;51452052;16810166;9673;0;7
FR;0;2021-12-16;28055;115627;764216;2559;35144;844634;515;0;0;52844607;47530757;16416303;39700;51487196;17654800;10188;0;7
FR;0;2021-12-17;31663;128295;808005;2713;43388;892165;610;0;0;52876270;47659052;17224308;42413;51530584;18546965;10798;0;7
FR;0;2021-12-18;24943;81501;470048;1179;30060;522265;353;0;0;52901213;47740553;17694356;43592;51560644;19069230;11151;0;7
FR;0;2021-12-19;8770;28539;169446;376;7847;191072;142;0;0;52909983;47769092;17863802;43968;51568491;19260302;11293;0;7
FR;0;2021-12-20;31779;97099;591609;1788;33875;658838;501;0;0;52941762;47866191;18455411;45756;51602366;19919140;11794;0;7
FR;0;2021-12-21;39476;111891;682534;2391;38798;759671;604;0;0;52981238;47978082;19137945;48147;51641164;20678811;12398;0;7
FR;0;2021-12-22;39562;99171;575878;2169;37137;642198;687;0;2;53020800;48077253;19713823;50316;51678301;21321009;13085;0;9
FR;0;2021-12-23;33786;79379;441083;1659;30145;494428;589;0;0;53054586;48156632;20154906;51975;51708446;21815437;13674;0;9
FR;0;2021-12-24;10698;26021;111052;398;11645;126668;236;0;1;53065284;48182653;20265958;52373;51720091;21942105;13910;0;10
FR;0;2021-12-25;776;3575;7598;25;2048;9024;72;0;0;53066060;48186228;20273556;52398;51722139;21951129;13982;0;10
FR;0;2021-12-26;4698;11890;52117;142;4739;60168;170;0;0;53070758;48198118;20325673;52540;51726878;22011297;14152;0;10
FR;0;2021-12-27;30512;83936;453617;1364;33056;509254;665;0;0;53101270;48282054;20779290;53904;51759934;22520551;14817;0;10
FR;0;2021-12-28;38370;98828;564223;1769;35122;632313;1558;0;2;53139640;48380882;21343513;55673;51795056;23152864;16375;0;12
FR;0;2021-12-29;39882;88194;501268;1687;33124;561046;1738;0;1;53179522;48469076;21844781;57360;51828180;23713910;18113;0;13
FR;0;2021-12-30;35925;75067;421067;1520;29521;471161;1881;0;0;53215447;48544143;22265848;58880;51857701;24185071;19994;0;13
FR;0;2021-12-31;12050;25077;116891;405;11275;131670;740;0;0;53227497;48569220;22382739;59285;51868976;24316741;20734;0;13
FR;0;2022-01-01;1584;3219;8532;37;1801;9948;103;0;0;53229081;48572439;22391271;59322;51870777;24326689;20837;0;13
FR;0;2022-01-02;6122;13015;58434;126;5109;66970;408;0;0;53235203;48585454;22449705;59448;51875886;24393659;21245;0;13
FR;0;2022-01-03;38818;90169;494887;1597;36896;551774;2646;0;1;53274021;48675623;22944592;61045;51912782;24945433;23891;0;14
FR;0;2022-01-04;42179;111039;641458;2308;40688;714479;3835;0;3;53316200;48786662;23586050;63353;51953470;25659912;27726;0;17
FR;0;2022-01-05;61211;103600;569256;1984;43810;634296;3427;0;2;53377411;48890262;24155306;65337;51997280;26294208;31153;0;19
FR;0;2022-01-06;44309;110317;639038;2701;40248;711541;4558;0;2;53421720;49000579;24794344;68038;52037528;27005749;35711;0;21
FR;0;2022-01-07;50842;123337;711053;2811;46870;790556;4995;0;2;53472562;49123916;25505397;70849;52084398;27796305;40706;0;23
FR;0;2022-01-08;45013;80275;423835;1213;35055;472903;2444;0;3;53517575;49204191;25929232;72062;52119453;28269208;43150;0;26
FR;0;2022-01-09;15615;26614;128576;300;11504;145654;829;0;0;53533190;49230805;26057808;72362;52130957;28414862;43979;0;26
FR;0;2022-01-10;35408;93290;469380;1816;43048;522772;3721;0;1;53568598;49324095;26527188;74178;52174005;28937634;47700;0;27
FR;0;2022-01-11;41946;100468;548312;2309;42433;608563;5217;0;2;53610544;49424563;27075500;76487;52216438;29546197;52917;0;29
FR;0;2022-01-12;60417;95706;452737;1969;49509;504395;4498;0;8;53670961;49520269;27528237;78456;52265947;30050592;57415;0;37
FR;0;2022-01-13;38271;92541;487391;2084;40582;541071;5466;0;8;53709232;49612810;28015628;80540;52306529;30591663;62881;0;45
FR;0;2022-01-14;42582;103333;568656;2286;43539;629042;6467;0;2;53751814;49716143;28584284;82826;52350068;31220705;69348;0;47
FR;0;2022-01-15;39432;65900;340156;984;31460;377572;3294;0;1;53791246;49782043;28924440;83810;52381528;31598277;72642;0;48
FR;0;2022-01-16;11415;19211;87441;216;9022;99408;763;0;0;53802661;49801254;29011881;84026;52390550;31697685;73405;0;48
FR;0;2022-01-17;24748;60018;320311;1384;28066;354161;3961;0;4;53827409;49861272;29332192;85410;52418616;32051846;77366;0;52
FR;0;2022-01-18;28327;68696;361125;1801;32028;397572;5772;0;1;53855736;49929968;29693317;87211;52450644;32449418;83138;0;53
FR;0;2022-01-19;43221;67041;281330;1451;40403;311083;4391;0;5;53898957;49997009;29974647;88662;52491047;32760501;87529;0;58
FR;0;2022-01-20;23669;59603;299056;1750;29559;328531;5636;0;4;53922626;50056612;30273703;90412;52520606;33089032;93165;0;62
FR;0;2022-01-21;28209;68798;366403;2086;33098;401214;6580;0;3;53950835;50125410;30640106;92498;52553704;33490246;99745;0;65
FR;0;2022-01-22;27630;47980;218799;840;27312;241782;2837;0;2;53978465;50173390;30858905;93338;52581016;33732028;102582;0;67
FR;0;2022-01-23;6738;12972;48686;173;7505;55165;591;0;1;53985203;50186362;30907591;93511;52588521;33787193;103173;0;68
FR;0;2022-01-24;16280;47458;217346;1148;25412;239355;4101;0;3;54001483;50233820;31124937;94659;52613933;34026548;107274;0;71
FR;0;2022-01-25;19031;54331;243086;1548;28814;267093;6067;0;5;54020514;50288151;31368023;96207;52642747;34293641;113341;0;76
FR;0;2022-01-26;28146;60553;209304;1298;41370;229527;4479;0;3;54048660;50348704;31577327;97505;52684117;34523168;117820;0;79
FR;0;2022-01-27;16336;46466;207667;1285;26146;226039;5692;0;4;54064996;50395170;31784994;98790;52710263;34749207;123512;0;83
FR;0;2022-01-28;21591;78672;290076;1574;44982;321346;7411;0;4;54086587;50473842;32075070;100364;52755245;35070553;130923;0;87
FR;0;2022-01-29;18421;52854;184136;689;32751;204574;3256;0;2;54105008;50526696;32259206;101053;52787996;35275127;134179;0;89
FR;0;2022-01-30;4477;14475;39147;124;9139;45058;637;0;1;54109485;50541171;32298353;101177;52797135;35320185;134816;0;90
FR;0;2022-01-31;11259;43931;148216;742;26145;164739;4229;0;5;54120744;50585102;32446569;101919;52823280;35484924;139045;0;95
FR;0;2022-02-01;13639;48309;174140;1144;27340;191346;7044;0;1;54134383;50633411;32620709;103063;52850620;35676270;146089;0;96
FR;0;2022-02-02;20645;66309;171552;1034;46163;190089;5970;0;10;54155028;50699720;32792261;104097;52896783;35866359;152059;0;106
FR;0;2022-02-03;11622;44793;157578;990;25341;173295;6937;0;6;54166650;50744513;32949839;105087;52922124;36039654;158996;0;112
FR;0;2022-02-04;14639;67341;239260;1266;36966;264088;9160;0;6;54181289;50811854;33189099;106353;52959090;36303742;168156;0;118
FR;0;2022-02-05;12901;51449;153562;523;31984;172302;3787;0;3;54194190;50863303;33342661;106876;52991074;36476044;171943;0;121
FR;0;2022-02-06;2725;12170;28896;102;7285;33833;662;0;0;54196915;50875473;33371557;106978;52998359;36509877;172605;0;121
FR;0;2022-02-07;9600;46637;156900;593;24518;176312;5293;0;6;54206515;50922110;33528457;107571;53022877;36686189;177898;0;127
FR;0;2022-02-08;9811;43098;166653;869;20962;184447;7054;0;6;54216326;50965208;33695110;108440;53043839;36870636;184952;0;133
FR;0;2022-02-09;14373;58253;172355;875;35348;193065;5787;0;9;54230699;51023461;33867465;109315;53079187;37063701;190739;0;142
FR;0;2022-02-10;8721;39216;150242;880;18691;166721;6502;0;2;54239420;51062677;34017707;110195;53097878;37230422;197241;0;144
FR;0;2022-02-11;10860;55690;218518;1101;25830;243112;8322;0;3;54250280;51118367;34236225;111296;53123708;37473534;205563;0;147
FR;0;2022-02-12;8409;40966;134737;465;22633;151766;3508;0;4;54258689;51159333;34370962;111761;53146341;37625300;209071;0;151
FR;0;2022-02-13;1940;8603;26565;86;4409;30927;544;0;3;54260629;51167936;34397527;111847;53150750;37656227;209615;0;154
FR;0;2022-02-14;6992;35256;148386;485;14668;166382;4787;0;5;54267621;51203192;34545913;112332;53165418;37822609;214402;0;159
FR;0;2022-02-15;7066;36233;147001;751;16000;162587;6849;0;3;54274687;51239425;34692914;113083;53181418;37985196;221251;0;162
FR;0;2022-02-16;9414;42987;132543;721;25977;146761;5726;0;6;54284101;51282412;34825457;113804;53207395;38131957;226977;0;168
FR;0;2022-02-17;5578;24341;87311;587;13144;94884;5407;0;5;54289679;51306753;34912768;114391;53220539;38226841;232384;0;173
FR;0;2022-02-18;6999;33583;119669;807;18756;129333;7416;0;2;54296678;51340336;35032437;115198;53239295;38356174;239800;0;175
FR;0;2022-02-19;5370;24558;70027;370;15909;77337;3019;0;2;54302048;51364894;35102464;115568;53255204;38433511;242819;0;177
FR;0;2022-02-20;1148;4657;12175;39;2914;13954;460;0;1;54303196;51369551;35114639;115607;53258118;38447465;243279;0;178
FR;0;2022-02-21;4099;17890;61959;351;10171;67186;4059;0;2;54307295;51387441;35176598;115958;53268289;38514651;247338;0;180
FR;0;2022-02-22;4462;18661;60839;577;11262;64480;5255;0;1;54311757;51406102;35237437;116535;53279551;38579131;252593;0;181
FR;0;2022-02-23;6591;27362;66507;593;19629;71905;4596;0;3;54318348;51433464;35303944;117128;53299180;38651036;257189;0;184
FR;0;2022-02-24;3851;15556;50431;519;9515;53256;4530;0;2;54322199;51449020;35354375;117647;53308695;38704292;261719;0;186
FR;0;2022-02-25;5283;24171;76364;804;15147;80098;7334;0;7;54327482;51473191;35430739;118451;53323842;38784390;269053;0;193
FR;0;2022-02-26;3994;17769;47420;359;12171;51487;3083;0;3;54331476;51490960;35478159;118810;53336013;38835877;272136;0;196
FR;0;2022-02-27;880;3010;8038;47;1979;8949;529;0;0;54332356;51493970;35486197;118857;53337992;38844826;272665;0;196
FR;0;2022-02-28;3123;12553;40493;359;7588;42926;3858;0;0;54335479;51506523;35526690;119216;53345580;38887752;276523;0;196
FR;0;2022-03-01;4004;12609;44202;437;7635;44873;5519;0;6;54339483;51519132;35570892;119653;53353215;38932625;282042;0;202
FR;0;2022-03-02;5333;17800;47150;446;12860;49082;4929;0;2;54344816;51536932;35618042;120099;53366075;38981707;286971;0;204
FR;0;2022-03-03;2828;9356;29899;370;6255;30022;4049;0;2;54347644;51546288;35647941;120469;53372330;39011729;291020;0;206
FR;0;2022-03-04;3226;12490;40328;669;8487;39481;6232;0;4;54350870;51558778;35688269;121138;53380817;39051210;297252;0;210
FR;0;2022-03-05;3074;9285;24961;314;7127;25126;3134;0;1;54353944;51568063;35713230;121452;53387944;39076336;300386;0;211
FR;0;2022-03-06;521;1401;3198;43;1024;3441;379;0;0;54354465;51569464;35716428;121495;53388968;39079777;300765;0;211
FR;0;2022-03-07;2388;5634;18434;315;3851;17705;3307;0;4;54356853;51575098;35734862;121810;53392819;39097482;304072;0;215
FR;0;2022-03-08;2151;6079;19449;363;4333;17921;4094;0;3;54359004;51581177;35754311;122173;53397152;39115403;308166;0;218
FR;0;2022-03-09;3582;10500;22191;407;8729;21287;4039;0;4;54362586;51591677;35776502;122580;53405881;39136690;312205;0;222
FR;0;2022-03-10;1830;5837;17005;344;4384;15831;3407;0;3;54364416;51597514;35793507;122924;53410265;39152521;315612;0;225
FR;0;2022-03-11;2421;7559;24511;545;5438;22277;5481;0;2;54366837;51605073;35818018;123469;53415703;39174798;321093;0;227
FR;0;2022-03-12;2697;6778;17167;309;5496;16522;3136;0;2;54369534;51611851;35835185;123778;53421199;39191320;324229;0;229
FR;0;2022-03-13;406;791;2324;149;599;2273;537;0;0;54369940;51612642;35837509;123927;53421798;39193593;324766;0;229
FR;0;2022-03-14;1556;4274;14988;4412;2809;13842;7295;0;8;54371496;51616916;35852497;128339;53424607;39207435;332061;0;237
FR;0;2022-03-15;1750;6293;16384;7556;4809;14613;11035;0;9;54373246;51623209;35868881;135895;53429416;39222048;343096;0;246
FR;0;2022-03-16;3036;7408;19427;13140;6210;18106;16296;0;8;54376282;51630617;35888308;149035;53435626;39240154;359392;0;254
FR;0;2022-03-17;1458;3985;13155;10846;2806;11994;13314;0;9;54377740;51634602;35901463;159881;53438432;39252148;372706;0;263
FR;0;2022-03-18;2269;5756;20014;18306;4097;18110;22038;0;15;54380009;51640358;35921477;178187;53442529;39270258;394744;0;278
FR;0;2022-03-19;2294;4804;13115;9406;4140;12418;11409;0;6;54382303;51645162;35934592;187593;53446669;39282676;406153;0;284
FR;0;2022-03-20;300;735;1919;1073;526;1931;1340;0;2;54382603;51645897;35936511;188666;53447195;39284607;407493;0;286
FR;0;2022-03-21;1394;3220;12733;14951;2156;11957;16910;0;11;54383997;51649117;35949244;203617;53449351;39296564;424403;0;297
FR;0;2022-03-22;1557;3739;13801;20553;2578;12557;22844;0;5;54385554;51652856;35963045;224170;53451929;39309121;447247;0;302
FR;0;2022-03-23;2686;6291;17732;23151;5223;17244;25267;0;40;54388240;51659147;35980777;247321;53457152;39326365;472514;0;342
FR;0;2022-03-24;1407;3160;11596;17617;2248;10682;19391;0;23;54389647;51662307;35992373;264938;53459400;39337047;491905;0;365
FR;0;2022-03-25;2084;5157;18576;27775;3687;16914;30809;0;31;54391731;51667464;36010949;292713;53463087;39353961;522714;0;396
FR;0;2022-03-26;2232;4414;12080;12678;3863;11520;14400;0;26;54393963;51671878;36023029;305391;53466950;39365481;537114;0;422
FR;0;2022-03-27;363;693;1909;1483;516;1943;1740;0;1;54394326;51672571;36024938;306874;53467466;39367424;538854;0;423
FR;0;2022-03-28;1464;3079;11129;17490;2116;10620;19067;0;16;54395790;51675650;36036067;324364;53469582;39378044;557921;0;439
FR;0;2022-03-29;1454;3277;12911;27585;2094;12053;29284;0;34;54397244;51678927;36048978;351949;53471676;39390097;587205;0;473
FR;0;2022-03-30;2853;5521;15686;27428;4704;15086;29334;0;21;54400097;51684448;36064664;379377;53476380;39405183;616539;0;494
FR;0;2022-03-31;1612;3568;12989;25023;2550;12330;26632;0;43;54401709;51688016;36077653;404400;53478930;39417513;643171;0;537
FR;0;2022-04-01;2681;4585;20079;30895;2969;18721;33488;0;61;54404390;51692601;36097732;435295;53481899;39436234;676659;0;598
FR;0;2022-04-02;1531;2645;9052;10133;2009;8722;11295;0;29;54405921;51695246;36106784;445428;53483908;39444956;687954;0;627
FR;0;2022-04-03;294;515;1562;1171;360;1579;1382;0;2;54406215;51695761;36108346;446599;53484268;39446535;689336;0;629
FR;0;2022-04-04;3436;2938;12379;19130;1957;11589;20601;0;35;54409651;51698699;36120725;465729;53486225;39458124;709937;0;664
FR;0;2022-04-05;2543;3163;14343;34142;2042;13196;35759;0;85;54412194;51701862;36135068;499871;53488267;39471320;745696;0;749
FR;0;2022-04-06;2577;3954;13540;26506;3018;12814;27976;0;72;54414771;51705816;36148608;526377;53491285;39484134;773672;0;821
FR;0;2022-04-07;1951;3140;13682;33785;1991;12893;35142;0;76;54416722;51708956;36162290;560162;53493276;39497027;808814;0;897
FR;0;2022-04-08;2277;4312;19228;44007;2644;17851;46360;0;89;54418999;51713268;36181518;604169;53495920;39514878;855174;0;986
FR;0;2022-04-09;1368;2679;9313;13567;1900;8867;14800;0;30;54420367;51715947;36190831;617736;53497820;39523745;869974;0;1016
FR;0;2022-04-10;294;754;1984;2017;551;2006;2279;0;7;54420661;51716701;36192815;619753;53498371;39525751;872253;0;1023
FR;0;2022-04-11;1337;2619;11873;23913;1636;11483;25184;0;74;54421998;51719320;36204688;643666;53500007;39537234;897437;0;1097
FR;0;2022-04-12;1723;3074;14020;40917;1957;13393;41806;0;127;54423721;51722394;36218708;684583;53501964;39550627;939243;0;1224
FR;0;2022-04-13;1979;3720;13415;33113;2717;13037;34082;0;96;54425700;51726114;36232123;717696;53504681;39563664;973325;0;1320
FR;0;2022-04-14;1501;2978;13215;36324;1906;13073;36993;0;106;54427201;51729092;36245338;754020;53506587;39576737;1010318;0;1426
FR;0;2022-04-15;1871;3791;15642;35580;2536;14920;37232;0;115;54429072;51732883;36260980;789600;53509123;39591657;1047550;0;1541
FR;0;2022-04-16;1043;1832;6400;8553;1262;6262;9435;0;40;54430115;51734715;36267380;798153;53510385;39597919;1056985;0;1581
FR;0;2022-04-17;194;338;993;1174;222;1036;1242;0;7;54430309;51735053;36268373;799327;53510607;39598955;1058227;0;1588
FR;0;2022-04-18;198;543;2768;1072;342;2787;1287;0;5;54430507;51735596;36271141;800399;53510949;39601742;1059514;0;1593
FR;0;2022-04-19;1544;3029;12918;29686;1875;12477;30734;0;78;54432051;51738625;36284059;830085;53512824;39614219;1090248;0;1671
FR;0;2022-04-20;2003;3491;13304;29066;2604;12991;30083;0;96;54434054;51742116;36297363;859151;53515428;39627210;1120331;0;1767
FR;0;2022-04-21;1514;2852;12550;35186;1823;12628;35774;0;117;54435568;51744968;36309913;894337;53517251;39639838;1156105;0;1884
FR;0;2022-04-22;1879;3618;16478;37620;2395;15837;39158;0;131;54437447;51748586;36326391;931957;53519646;39655675;1195263;0;2015
FR;0;2022-04-23;1149;2062;7389;10659;1471;7240;11444;0;38;54438596;51750648;36333780;942616;53521117;39662915;1206707;0;2053
FR;0;2022-04-24;250;466;1476;1590;325;1413;1847;0;7;54438846;51751114;36335256;944206;53521442;39664328;1208554;0;2060
FR;0;2022-04-25;1307;2531;10684;21071;1610;10490;22092;0;79;54440153;51753645;36345940;965277;53523052;39674818;1230646;0;2139
FR;0;2022-04-26;1627;3004;13667;38624;1963;13111;39420;0;181;54441780;51756649;36359607;1003901;53525015;39687929;1270066;0;2320
FR;0;2022-04-27;1964;3063;11538;31047;2276;11595;31466;0;130;54443744;51759712;36371145;1034948;53527291;39699524;1301532;0;2450
FR;0;2022-04-28;1570;2770;12527;36236;1852;12269;36552;0;139;54445314;51762482;36383672;1071184;53529143;39711793;1338084;0;2589
FR;0;2022-04-29;2007;4815;15556;37280;3621;14931;38750;0;164;54447321;51767297;36399228;1108464;53532764;39726724;1376834;0;2753
FR;0;2022-04-30;1221;3623;6927;9717;3119;6755;10608;0;44;54448542;51770920;36406155;1118181;53535883;39733479;1387442;0;2797
FR;0;2022-05-01;218;325;916;998;229;911;1139;0;6;54448760;51771245;36407071;1119179;53536112;39734390;1388581;0;2803
FR;0;2022-05-02;2239;2949;11153;18175;2046;10985;19020;0;69;54450999;51774194;36418224;1137354;53538158;39745375;1407601;0;2872
FR;0;2022-05-03;2054;3263;13724;34682;2125;13565;35603;0;163;54453053;51777457;36431948;1172036;53540283;39758940;1443204;0;3035
FR;0;2022-05-04;1917;3298;12182;25639;2298;12300;26189;0;110;54454970;51780755;36444130;1197675;53542581;39771240;1469393;0;3145
FR;0;2022-05-05;1782;3024;13068;33594;2001;12914;34261;0;180;54456752;51783779;36457198;1231269;53544582;39784154;1503654;0;3325
FR;0;2022-05-06;2216;3658;15350;36804;2317;14859;38267;0;182;54458968;51787437;36472548;1268073;53546899;39799013;1541921;0;3507
FR;0;2022-05-07;1209;1781;6464;9614;1255;6455;10339;0;48;54460177;51789218;36479012;1277687;53548154;39805468;1552260;0;3555
FR;0;2022-05-08;267;400;1173;1548;289;1234;1654;0;8;54460444;51789618;36480185;1279235;53548443;39806702;1553914;0;3563
FR;0;2022-05-09;1389;2303;9926;20259;1410;9796;21176;0;102;54461833;51791921;36490111;1299494;53549853;39816498;1575090;0;3665
FR;0;2022-05-10;1791;3422;13576;38999;2285;13132;40026;0;200;54463624;51795343;36503687;1338493;53552138;39829630;1615116;0;3865
FR;0;2022-05-11;2002;3016;10751;27935;2319;10697;28443;0;146;54465626;51798359;36514438;1366428;53554457;39840327;1643559;0;4011
FR;0;2022-05-12;1594;2733;11381;35735;1803;11051;36497;0;211;54467220;51801092;36525819;1402163;53556260;39851378;1680056;0;4222
FR;0;2022-05-13;1981;3221;13758;37978;2062;13347;39243;0;162;54469201;51804313;36539577;1440141;53558322;39864725;1719299;0;4384
FR;0;2022-05-14;1149;1639;5938;10777;1196;5801;11365;0;57;54470350;51805952;36545515;1450918;53559518;39870526;1730664;0;4441
FR;0;2022-05-15;283;477;1278;1440;300;1361;1593;0;6;54470633;51806429;36546793;1452358;53559818;39871887;1732257;0;4447
FR;0;2022-05-16;1195;2044;8692;21069;1245;8698;21597;0;128;54471828;51808473;36555485;1473427;53561063;39880585;1753854;0;4575
FR;0;2022-05-17;1589;2602;11824;37878;1667;11401;38719;0;180;54473417;51811075;36567309;1511305;53562730;39891986;1792573;0;4755
FR;0;2022-05-18;1816;2652;9691;27163;1955;9665;27780;0;109;54475233;51813727;36577000;1538468;53564685;39901651;1820353;0;4864
FR;0;2022-05-19;1446;2658;10576;35839;1631;10716;36029;0;162;54476679;51816385;36587576;1574307;53566316;39912367;1856382;0;5026
FR;0;2022-05-20;1873;3116;13422;39370;2076;12911;40388;0;168;54478552;51819501;36600998;1613677;53568392;39925278;1896770;0;5194
FR;0;2022-05-21;1158;1709;5662;9897;1303;5534;10533;0;45;54479710;51821210;36606660;1623574;53569695;39930812;1907303;0;5239
FR;0;2022-05-22;240;341;1028;1439;263;1015;1582;0;10;54479950;51821551;36607688;1625013;53569958;39931827;1908885;0;5249
FR;0;2022-05-23;1176;2122;8878;20346;1405;8827;21001;0;86;54481126;51823673;36616566;1645359;53571363;39940654;1929886;0;5335
FR;0;2022-05-24;1541;2760;11365;38878;1738;11236;39508;0;190;54482667;51826433;36627931;1684237;53573101;39951890;1969394;0;5525
FR;0;2022-05-25;1814;2834;9342;24845;2072;9480;25321;0;116;54484481;51829267;36637273;1709082;53575173;39961370;1994715;0;5641
FR;0;2022-05-26;214;425;1666;1201;289;1675;1345;0;26;54484695;51829692;36638939;1710283;53575462;39963045;1996060;0;5667
FR;0;2022-05-27;1387;2471;9264;21291;1664;9004;22325;0;94;54486082;51832163;36648203;1731574;53577126;39972049;2018385;0;5761
FR;0;2022-05-28;669;1269;3916;6792;849;3966;7202;0;38;54486751;51833432;36652119;1738366;53577975;39976015;2025587;0;5799
FR;0;2022-05-29;157;315;752;921;200;773;1033;0;4;54486908;51833747;36652871;1739287;53578175;39976788;2026620;0;5803
FR;0;2022-05-30;1025;1963;6993;19295;1244;7010;19807;0;91;54487933;51835710;36659864;1758582;53579419;39983798;2046427;0;5894
FR;0;2022-05-31;1489;2518;9822;35658;1649;9643;36291;0;171;54489422;51838228;36669686;1794240;53581068;39993441;2082718;0;6065
FR;0;2022-06-01;1744;3098;11024;24537;2244;10891;25490;0;121;54491166;51841326;36680710;1818777;53583312;40004332;2108208;0;6186
FR;0;2022-06-02;1478;2612;11305;35570;1713;10862;36515;0;174;54492644;51843938;36692015;1854347;53585025;40015194;2144723;0;6360
FR;0;2022-06-03;1727;3074;13410;38726;2044;12774;39997;0;176;54494371;51847012;36705425;1893073;53587069;40027968;2184720;0;6536
FR;0;2022-06-04;971;1516;5045;9112;1076;5116;9648;0;73;54495342;51848528;36710470;1902185;53588145;40033084;2194368;0;6609
FR;0;2022-06-05;180;335;875;1106;205;886;1228;0;4;54495522;51848863;36711345;1903291;53588350;40033970;2195596;0;6613
FR;0;2022-06-06;704;1227;2121;1328;1053;2136;1508;0;13;54496226;51850090;36713466;1904619;53589403;40036106;2197104;0;6626
FR;0;2022-06-07;1466;2711;9850;35586;1789;9429;36812;0;153;54497692;51852801;36723316;1940205;53591192;40045535;2233916;0;6779
FR;0;2022-06-08;1577;2695;9168;28751;1940;9011;29716;0;112;54499269;51855496;36732484;1968956;53593132;40054546;2263632;0;6891
FR;0;2022-06-09;1295;2438;10622;39498;1553;10266;40273;0;167;54500564;51857934;36743106;2008454;53594685;40064812;2303905;0;7058
FR;0;2022-06-10;1630;3169;13087;44824;2137;12649;46149;0;223;54502194;51861103;36756193;2053278;53596822;40077461;2350054;0;7281
FR;0;2022-06-11;961;1739;5435;11626;1125;5468;12211;0;55;54503155;51862842;36761628;2064904;53597947;40082929;2362265;0;7336
FR;0;2022-06-12;198;445;1076;1765;255;1139;1866;0;11;54503353;51863287;36762704;2066669;53598202;40084068;2364131;0;7347
FR;0;2022-06-13;1106;2064;7440;23182;1336;7270;24098;0;90;54504459;51865351;36770144;2089851;53599538;40091338;2388229;0;7437
FR;0;2022-06-14;1332;2545;10448;44943;1594;9804;46139;0;200;54505791;51867896;36780592;2134794;53601132;40101142;2434368;0;7637
FR;0;2022-06-15;1518;2453;9322;30891;1922;8953;31588;0;178;54507309;51870349;36789914;2165685;53603054;40110095;2465956;0;7815
FR;0;2022-06-16;1184;2038;9912;39928;1274;9322;40949;0;201;54508493;51872387;36799826;2205613;53604328;40119417;2506905;0;8016
FR;0;2022-06-17;1490;2851;12502;46691;1777;11904;47932;0;240;54509983;51875238;36812328;2252304;53606105;40131321;2554837;0;8256
FR;0;2022-06-18;855;1526;4565;11125;1037;4500;11719;0;67;54510838;51876764;36816893;2263429;53607142;40135821;2566556;0;8323
FR;0;2022-06-19;183;363;1059;1615;208;1131;1701;0;14;54511021;51877127;36817952;2265044;53607350;40136952;2568257;0;8337
FR;0;2022-06-20;1025;1921;8907;26078;1195;8568;27020;0;153;54512046;51879048;36826859;2291122;53608545;40145520;2595277;0;8490
FR;0;2022-06-21;1325;2400;10309;49895;1533;9338;51279;0;264;54513371;51881448;36837168;2341017;53610078;40154858;2646556;0;8754
FR;0;2022-06-22;1396;2512;8912;39057;1802;8420;40001;0;256;54514767;51883960;36846080;2380074;53611880;40163278;2686557;0;9010
FR;0;2022-06-23;1230;2364;10680;55103;1361;9886;56235;0;320;54515997;51886324;36856760;2435177;53613241;40173164;2742792;0;9330
FR;0;2022-06-24;1488;2993;13643;69181;1749;12305;70999;0;405;54517485;51889317;36870403;2504358;53614990;40185469;2813791;0;9735
FR;0;2022-06-25;937;1780;6234;19921;1112;5986;20775;0;177;54518422;51891097;36876637;2524279;53616102;40191455;2834566;0;9912
FR;0;2022-06-26;229;458;1952;3688;258;1817;3966;0;39;54518651;51891555;36878589;2527967;53616360;40193272;2838532;0;9951
FR;0;2022-06-27;1130;2022;10491;48485;1175;9633;49753;0;339;54519781;51893577;36889080;2576452;53617535;40202905;2888285;0;10290
FR;0;2022-06-28;1462;2812;14667;91383;1581;13087;93152;0;623;54521243;51896389;36903747;2667835;53619116;40215992;2981437;0;10913
FR;0;2022-06-29;1712;2829;12291;71891;1842;11239;73033;0;548;54522955;51899218;36916038;2739726;53620958;40227231;3054470;0;11461
FR;0;2022-06-30;1534;2724;14391;95166;1645;12472;97180;0;724;54524489;51901942;36930429;2834892;53622603;40239703;3151650;0;12185
FR;0;2022-07-01;2006;3800;21499;115928;2304;18853;118574;0;954;54526495;51905742;36951928;2950820;53624907;40258556;3270224;0;13139
FR;0;2022-07-02;1087;1856;8525;35751;1104;7702;36872;0;342;54527582;51907598;36960453;2986571;53626011;40266258;3307096;0;13481
FR;0;2022-07-03;292;539;2093;6455;317;1896;6804;0;79;54527874;51908137;36962546;2993026;53626328;40268154;3313900;0;13560
FR;0;2022-07-04;1747;3401;14708;79223;2260;12992;81293;0;639;54529621;51911538;36977254;3072249;53628588;40281146;3395193;0;14199
FR;0;2022-07-05;1737;3162;18834;133252;1792;16015;135544;0;1145;54531358;51914700;36996088;3205501;53630380;40297161;3530737;0;15344
FR;0;2022-07-06;1824;2780;15848;99581;1843;13638;101148;0;900;54533182;51917480;37011936;3305082;53632223;40310799;3631885;0;16244
FR;0;2022-07-07;1707;2871;17999;126036;1712;14778;128362;0;1178;54534889;51920351;37029935;3431118;53633935;40325577;3760247;0;17422
FR;0;2022-07-08;1891;3152;20752;137082;1853;16764;140077;0;1347;54536780;51923503;37050687;3568200;53635788;40342341;3900324;0;18769
FR;0;2022-07-09;867;1461;7742;37924;882;6686;38769;0;426;54537647;51924964;37058429;3606124;53636670;40349027;3939093;0;19195
FR;0;2022-07-10;266;642;2346;7004;396;2125;7395;0;94;54537913;51925606;37060775;3613128;53637066;40351152;3946488;0;19289
FR;0;2022-07-11;1439;2469;15017;88277;1392;12510;90465;0;801;54539352;51928075;37075792;3701405;53638458;40363662;4036953;0;20090
FR;0;2022-07-12;1821;3113;20535;143968;1710;16731;146671;0;1604;54541173;51931188;37096327;3845373;53640168;40380393;4183624;0;21694
FR;0;2022-07-13;1760;2748;15694;94538;1659;13273;96398;0;1080;54542933;51933936;37112021;3939911;53641827;40393666;4280022;0;22774
FR;0;2022-07-14;185;370;1954;5538;220;1833;5705;0;82;54543118;51934306;37113975;3945449;53642047;40395499;4285727;0;22856
FR;0;2022-07-15;1484;2564;15114;84456;1425;12597;86615;0;1035;54544602;51936870;37129089;4029905;53643472;40408096;4372342;0;23891
FR;0;2022-07-16;621;1189;5948;24977;694;5155;25668;0;327;54545223;51938059;37135037;4054882;53644166;40413251;4398010;0;24218
FR;0;2022-07-17;182;393;1737;4665;217;1568;4937;0;66;54545405;51938452;37136774;4059547;53644383;40414819;4402947;0;24284
FR;0;2022-07-18;1130;2249;11825;61801;1337;9975;63664;0;780;54546535;51940701;37148599;4121348;53645720;40424794;4466611;0;25064
FR;0;2022-07-19;1415;2349;15470;103700;1388;12292;105887;0;1459;54547950;51943050;37164069;4225048;53647108;40437086;4572498;0;26523
FR;0;2022-07-20;1424;2297;12965;77578;1467;10737;79167;0;1051;54549374;51945347;37177034;4302626;53648575;40447823;4651665;0;27574
FR;0;2022-07-21;1285;2168;13092;88236;1368;10494;89721;0;1316;54550659;51947515;37190126;4390862;53649943;40458317;4741386;0;28890
FR;0;2022-07-22;1422;2472;14817;89528;1456;11965;91404;0;1346;54552081;51949987;37204943;4480390;53651399;40470282;4832790;0;30236
FR;0;2022-07-23;683;1308;5533;22479;820;4857;23075;0;412;54552764;51951295;37210476;4502869;53652219;40475139;4855865;0;30648
FR;0;2022-07-24;184;352;1398;3904;202;1241;4130;0;72;54552948;51951647;37211874;4506773;53652421;40476380;4859995;0;30720
FR;0;2022-07-25;1059;1791;9491;48070;1144;7841;49510;0;737;54554007;51953438;37221365;4554843;53653565;40484221;4909505;0;31457
FR;0;2022-07-26;1294;2210;13304;85432;1317;10828;87128;0;1311;54555301;51955648;37234669;4640275;53654882;40495049;4996633;0;32768
FR;0;2022-07-27;1221;2005;10235;61316;1335;8531;62520;0;971;54556522;51957653;37244904;4701591;53656217;40503580;5059153;0;33739
FR;0;2022-07-28;1089;1861;10309;64396;1254;8218;65628;0;1046;54557611;51959514;37255213;4765987;53657471;40511798;5124781;0;34785
FR;0;2022-07-29;1281;2070;11006;65894;1378;8761;67324;0;1140;54558892;51961584;37266219;4831881;53658849;40520559;5192105;0;35925
FR;0;2022-07-30;499;859;3523;15282;595;2973;15665;0;303;54559391;51962443;37269742;4847163;53659444;40523532;5207770;0;36228
FR;0;2022-07-31;153;288;929;2439;184;788;2588;0;49;54559544;51962731;37270671;4849602;53659628;40524320;5210358;0;36277
FR;0;2022-08-01;878;1597;7596;30234;1192;6395;31307;0;549;54560422;51964328;37278267;4879836;53660820;40530715;5241665;0;36826
FR;0;2022-08-02;1028;1644;8575;56113;1149;6887;56802;0;1169;54561450;51965972;37286842;4935949;53661969;40537602;5298467;0;37995
FR;0;2022-08-03;841;1263;6423;38679;899;5145;39416;0;701;54562291;51967235;37293265;4974628;53662868;40542747;5337883;0;38696
FR;0;2022-08-04;737;1182;6567;43154;779;5298;43719;0;917;54563028;51968417;37299832;5017782;53663647;40548045;5381602;0;39613
FR;0;2022-08-05;855;1361;7095;44959;967;5675;45621;0;993;54563883;51969778;37306927;5062741;53664614;40553720;5427223;0;40606
FR;0;2022-08-06;338;555;2099;9366;396;1757;9566;0;228;54564221;51970333;37309026;5072107;53665010;40555477;5436789;0;40834
FR;0;2022-08-07;104;157;536;1621;114;453;1701;0;38;54564325;51970490;37309562;5073728;53665124;40555930;5438490;0;40872
FR;0;2022-08-08;575;1070;4024;22097;824;3287;22541;0;490;54564900;51971560;37313586;5095825;53665948;40559217;5461031;0;41362
FR;0;2022-08-09;692;1152;5972;39954;837;4803;40445;0;844;54565592;51972712;37319558;5135779;53666785;40564020;5501476;0;42206
FR;0;2022-08-10;644;1174;4656;28054;889;3796;28389;0;652;54566236;51973886;37324214;5163833;53667674;40567816;5529865;0;42858
FR;0;2022-08-11;620;1027;4486;29247;738;3706;29583;0;676;54566856;51974913;37328700;5193080;53668412;40571522;5559448;0;43534
FR;0;2022-08-12;727;1152;4742;28212;835;3914;28648;0;704;54567583;51976065;37333442;5221292;53669247;40575436;5588096;0;44238
FR;0;2022-08-13;227;423;1295;5257;321;1119;5416;0;121;54567810;51976488;37334737;5226549;53669568;40576555;5593512;0;44359
FR;0;2022-08-14;72;121;288;923;103;246;995;0;25;54567882;51976609;37335025;5227472;53669671;40576801;5594507;0;44384
FR;0;2022-08-15;88;192;607;564;158;555;618;0;19;54567970;51976801;37335632;5228036;53669829;40577356;5595125;0;44403
FR;0;2022-08-16;624;1065;3956;22174;826;3351;22366;0;615;54568594;51977866;37339588;5250210;53670655;40580707;5617491;0;45018
FR;0;2022-08-17;640;1025;3887;22896;802;3292;23140;0;620;54569234;51978891;37343475;5273106;53671457;40583999;5640631;0;45638
FR;0;2022-08-18;617;984;4111;26293;784;3250;26524;0;673;54569851;51979875;37347586;5299399;53672241;40587249;5667155;0;46311
FR;0;2022-08-19;603;1158;4493;27254;866;3694;27560;0;766;54570454;51981033;37352079;5326653;53673107;40590943;5694715;0;47077
FR;0;2022-08-20;292;498;1355;5569;395;1170;5728;0;146;54570746;51981531;37353434;5332222;53673502;40592113;5700443;0;47223
FR;0;2022-08-21;97;133;302;1008;94;264;1043;0;27;54570843;51981664;37353736;5333230;53673596;40592377;5701486;0;47250
FR;0;2022-08-22;561;992;3273;15355;768;2797;15685;0;425;54571404;51982656;37357009;5348585;53674364;40595174;5717171;0;47675
FR;0;2022-08-23;718;1176;4297;28997;850;3610;29083;0;870;54572122;51983832;37361306;5377582;53675214;40598784;5746254;0;48545
FR;0;2022-08-24;658;930;3494;19530;775;2856;19720;0;608;54572780;51984762;37364800;5397112;53675989;40601640;5765974;0;49153
FR;0;2022-08-25;624;1012;3941;23402;721;3289;23666;0;673;54573404;51985774;37368741;5420514;53676710;40604929;5789640;0;49826
FR;0;2022-08-26;852;1258;4473;25882;951;3664;26256;0;777;54574256;51987032;37373214;5446396;53677661;40608593;5815896;0;50603
FR;0;2022-08-27;295;499;1378;5461;360;1244;5525;0;194;54574551;51987531;37374592;5451857;53678021;40609837;5821421;0;50797
FR;0;2022-08-28;123;160;303;919;114;288;964;0;38;54574674;51987691;37374895;5452776;53678135;40610125;5822385;0;50835
FR;0;2022-08-29;619;965;3073;14655;764;2610;14961;0;433;54575293;51988656;37377968;5467431;53678899;40612735;5837346;0;51268
FR;0;2022-08-30;849;1210;4794;28543;888;3911;28873;0;823;54576142;51989866;37382762;5495974;53679787;40616646;5866219;0;52091
FR;0;2022-08-31;694;953;3202;17636;738;2713;17900;0;508;54576836;51990819;37385964;5513610;53680525;40619359;5884119;0;52599
FR;0;2022-09-01;731;989;4473;22478;702;3819;22753;0;622;54577567;51991808;37390437;5536088;53681227;40623178;5906872;0;53221
FR;0;2022-09-02;872;1141;5037;28611;827;4248;28904;0;914;54578439;51992949;37395474;5564699;53682054;40627426;5935776;0;54135
FR;0;2022-09-03;417;565;1917;6084;420;1663;6321;0;181;54578856;51993514;37397391;5570783;53682474;40629089;5942097;0;54316
FR;0;2022-09-04;133;150;351;873;86;347;942;0;24;54578989;51993664;37397742;5571656;53682560;40629436;5943039;0;54340
FR;0;2022-09-05;638;741;3159;16054;560;2639;16367;0;523;54579627;51994405;37400901;5587710;53683120;40632075;5959406;0;54863
FR;0;2022-09-06;798;1022;4736;31847;653;3868;32076;0;1040;54580425;51995427;37405637;5619557;53683773;40635943;5991482;0;55903
FR;0;2022-09-07;645;769;2997;16820;549;2477;16969;0;572;54581070;51996196;37408634;5636377;53684322;40638420;6008451;0;56475
FR;0;2022-09-08;620;851;3806;24845;585;3139;24934;0;818;54581690;51997047;37412440;5661222;53684907;40641559;6033385;0;57293
FR;0;2022-09-09;838;1013;4440;27644;655;3678;27822;0;948;54582528;51998060;37416880;5688866;53685562;40645237;6061207;0;58241
FR;0;2022-09-10;387;547;1733;5708;371;1535;5912;0;208;54582915;51998607;37418613;5694574;53685933;40646772;6067119;0;58449
FR;0;2022-09-11;123;131;323;656;93;306;715;0;17;54583038;51998738;37418936;5695230;53686026;40647078;6067834;0;58466
FR;0;2022-09-12;488;632;2684;13290;449;2289;13583;0;478;54583526;51999370;37421620;5708520;53686475;40649367;6081417;0;58944
FR;0;2022-09-13;613;852;3995;26505;538;3484;26386;0;875;54584139;52000222;37425615;5735025;53687013;40652851;6107803;0;59819
FR;0;2022-09-14;653;773;2958;16180;565;2473;16413;0;573;54584792;52000995;37428573;5751205;53687578;40655324;6124216;0;60392
FR;0;2022-09-15;556;789;3470;23578;541;2960;23646;0;726;54585348;52001784;37432043;5774783;53688119;40658284;6147862;0;61118
FR;0;2022-09-16;791;1038;4138;25901;723;3479;26123;0;932;54586139;52002822;37436181;5800684;53688842;40661763;6173985;0;62050
FR;0;2022-09-17;386;503;1450;6145;381;1280;6237;0;242;54586525;52003325;37437631;5806829;53689223;40663043;6180222;0;62292
FR;0;2022-09-18;117;142;323;961;121;291;1016;0;36;54586642;52003467;37437954;5807790;53689344;40663334;6181238;0;62328
FR;0;2022-09-19;448;644;2254;13201;445;1929;13383;0;436;54587090;52004111;37440208;5820991;53689789;40665263;6194621;0;62764
FR;0;2022-09-20;639;868;3780;26461;620;3150;26513;0;892;54587729;52004979;37443988;5847452;53690409;40668413;6221134;0;63656
FR;0;2022-09-21;576;765;2737;16257;569;2352;16249;0;586;54588305;52005744;37446725;5863709;53690978;40670765;6237383;0;64242
FR;0;2022-09-22;586;837;3420;23577;561;2792;23803;0;772;54588891;52006581;37450145;5887286;53691539;40673557;6261186;0;65014
FR;0;2022-09-23;832;1049;4492;28701;767;3761;28877;0;1018;54589723;52007630;37454637;5915987;53692306;40677318;6290063;0;66032
FR;0;2022-09-24;423;609;1641;6894;468;1416;7077;0;306;54590146;52008239;37456278;5922881;53692774;40678734;6297140;0;66338
FR;0;2022-09-25;98;189;335;1100;143;306;1142;0;37;54590244;52008428;37456613;5923981;53692917;40679040;6298282;0;66375
FR;0;2022-09-26;437;706;2298;13538;476;2017;13643;0;435;54590681;52009134;37458911;5937519;53693393;40681057;6311925;0;66810
FR;0;2022-09-27;610;842;3627;25941;613;2910;26096;0;959;54591291;52009976;37462538;5963460;53694006;40683967;6338021;0;67769
FR;0;2022-09-28;628;818;2553;15396;624;2301;15509;0;622;54591919;52010794;37465091;5978856;53694630;40686268;6353530;0;68391
FR;0;2022-09-29;564;762;3118;21033;539;2632;21060;43;810;54592483;52011556;37468209;5999889;53695169;40688900;6374590;43;69201
FR;0;2022-09-30;773;1098;3952;25556;810;3298;25822;713;1051;54593256;52012654;37472161;6025445;53695979;40692198;6400412;756;70252
FR;0;2022-10-01;427;615;2007;5969;462;1736;6209;396;318;54593683;52013269;37474168;6031414;53696441;40693934;6406621;1152;70570
FR;0;2022-10-02;58;135;218;638;96;215;664;66;42;54593741;52013404;37474386;6032052;53696537;40694149;6407285;1218;70612
FR;0;2022-10-03;470;761;2445;12028;594;2158;12218;2074;745;54594211;52014165;37476831;6044080;53697131;40696307;6419503;3292;71357
FR;0;2022-10-04;617;794;3386;23507;537;2776;23684;4702;1583;54594828;52014959;37480217;6067587;53697668;40699083;6443187;7994;72940
FR;0;2022-10-05;544;809;2438;14598;585;2153;14743;3655;1210;54595372;52015768;37482655;6082185;53698253;40701236;6457930;11649;74150
FR;0;2022-10-06;536;708;3084;21682;510;2516;21893;6666;1907;54595908;52016476;37485739;6103867;53698763;40703752;6479823;18315;76057
FR;0;2022-10-07;723;979;4127;30298;709;3475;30387;16871;3203;54596631;52017455;37489866;6134165;53699472;40707227;6510210;35186;79260
FR;0;2022-10-08;345;514;1649;8431;373;1408;8600;6699;1170;54596976;52017969;37491515;6142596;53699845;40708635;6518810;41885;80430
FR;0;2022-10-09;109;137;336;1587;111;311;1650;1511;296;54597085;52018106;37491851;6144183;53699956;40708946;6520460;43396;80726
FR;0;2022-10-10;479;722;2917;20493;536;2502;20821;19517;3270;54597564;52018828;37494768;6164676;53700492;40711448;6541281;62913;83996
FR;0;2022-10-11;571;792;4262;40311;536;3562;40654;40150;6379;54598135;52019620;37499030;6204987;53701028;40715010;6581935;103063;90375
FR;0;2022-10-12;568;818;3254;26720;604;2759;27048;27301;4689;54598703;52020438;37502284;6231707;53701632;40717769;6608983;130364;95064
FR;0;2022-10-13;610;770;4002;38434;562;3123;38894;40593;6606;54599313;52021208;37506286;6270141;53702194;40720892;6647877;170957;101670
FR;0;2022-10-14;754;1049;4864;47658;761;3948;48133;51121;7857;54600067;52022257;37511150;6317799;53702955;40724840;6696010;222078;109527
FR;0;2022-10-15;357;508;1859;11847;347;1619;11964;13090;2275;54600424;52022765;37513009;6329646;53703302;40726459;6707974;235168;111802
FR;0;2022-10-16;92;129;372;1966;80;356;2011;2347;479;54600516;52022894;37513381;6331612;53703382;40726815;6709985;237515;112281
FR;0;2022-10-17;435;694;3032;26432;481;2471;26804;30753;5408;54600951;52023588;37516413;6358044;53703863;40729286;6736789;268268;117689
FR;0;2022-10-18;599;728;4700;46081;525;3757;46628;55425;11689;54601550;52024316;37521113;6404125;53704388;40733043;6783417;323693;129378
FR;0;2022-10-19;547;774;3632;34362;578;3067;34696;42421;9212;54602097;52025090;37524745;6438487;53704966;40736110;6818113;366114;138590
FR;0;2022-10-20;600;768;4830;49417;554;3711;50077;60457;12905;54602697;52025858;37529575;6487904;53705520;40739821;6868190;426571;151495
FR;0;2022-10-21;684;977;5699;56992;692;4509;57673;70907;14285;54603381;52026835;37535274;6544896;53706212;40744330;6925863;497478;165780
FR;0;2022-10-22;331;405;1654;12943;325;1320;13102;15935;3385;54603712;52027240;37536928;6557839;53706537;40745650;6938965;513413;169165
FR;0;2022-10-23;94;106;349;2062;101;265;2164;2756;631;54603806;52027346;37537277;6559901;53706638;40745915;6941129;516169;169796
FR;0;2022-10-24;551;592;3133;27127;419;2681;27551;35477;7804;54604357;52027938;37540410;6587028;53707057;40748596;6968680;551646;177600
FR;0;2022-10-25;589;718;4863;49055;526;3795;49729;65151;15414;54604946;52028656;37545273;6636083;53707583;40752391;7018409;616797;193014
FR;0;2022-10-26;530;637;3456;32547;472;2883;32852;43836;10943;54605476;52029293;37548729;6668630;53708055;40755274;7051261;660633;203957
FR;0;2022-10-27;586;688;4071;40743;487;3342;41216;54365;13087;54606062;52029981;37552800;6709373;53708542;40758616;7092477;714998;217044
FR;0;2022-10-28;699;847;4604;44147;615;3499;44975;58199;13143;54606761;52030828;37557404;6753520;53709157;40762115;7137452;773197;230187
FR;0;2022-10-29;258;354;1327;9487;250;1081;9621;12514;3010;54607019;52031182;37558731;6763007;53709407;40763196;7147073;785711;233197
FR;0;2022-10-30;87;111;286;1592;87;249;1640;2139;540;54607106;52031293;37559017;6764599;53709494;40763445;7148713;787850;233737
FR;0;2022-10-31;382;477;2069;16054;345;1621;16418;22143;5453;54607488;52031770;37561086;6780653;53709839;40765066;7165131;809993;239190
FR;0;2022-11-01;75;174;919;1113;134;950;1158;1663;483;54607563;52031944;37562005;6781766;53709973;40766016;7166289;811656;239673
FR;0;2022-11-02;503;652;3024;25364;480;2566;25841;36576;10111;54608066;52032596;37565029;6807130;53710453;40768582;7192130;848232;249784
FR;0;2022-11-03;638;689;4105;40005;522;3111;40733;56930;15330;54608704;52033285;37569134;6847135;53710975;40771693;7232863;905162;265114
FR;0;2022-11-04;655;824;4420;43635;569;3513;44250;60489;15233;54609359;52034109;37573554;6890770;53711544;40775206;7277113;965651;280347
FR;0;2022-11-05;252;353;1448;9705;277;1164;9914;13449;3290;54609611;52034462;37575002;6900475;53711821;40776370;7287027;979100;283637
FR;0;2022-11-06;91;112;263;1599;95;246;1629;2332;650;54609702;52034574;37575265;6902074;53711916;40776616;7288656;981432;284287
FR;0;2022-11-07;465;519;2718;26664;431;2201;27299;38980;10969;54610167;52035093;37577983;6928738;53712347;40778817;7315955;1020412;295256
FR;0;2022-11-08;595;779;4977;51896;565;3819;52900;74149;20013;54610762;52035872;37582960;6980634;53712912;40782636;7368855;1094561;315269
FR;0;2022-11-09;508;646;3355;31584;466;2682;32361;46310;13189;54611270;52036518;37586315;7012218;53713378;40785318;7401216;1140871;328458
FR;0;2022-11-10;614;855;4558;43588;604;3609;44487;62671;17245;54611884;52037373;37590873;7055806;53713982;40788927;7445703;1203542;345703
FR;0;2022-11-11;74;106;365;1660;72;309;1723;2787;1002;54611958;52037479;37591238;7057466;53714054;40789236;7447426;1206329;346705
FR;0;2022-11-12;206;318;1194;7098;227;976;7334;10285;2765;54612164;52037797;37592432;7064564;53714281;40790212;7454760;1216614;349470
FR;0;2022-11-13;63;91;247;1207;67;211;1261;1973;625;54612227;52037888;37592679;7065771;53714348;40790423;7456021;1218587;350095
FR;0;2022-11-14;437;517;2570;23949;365;2041;24583;36109;10846;54612664;52038405;37595249;7089720;53714713;40792464;7480604;1254696;360941
FR;0;2022-11-15;591;704;4301;44951;529;3340;45896;66749;19575;54613255;52039109;37599550;7134671;53715242;40795804;7526500;1321445;380516
FR;0;2022-11-16;540;616;3055;28535;487;2558;29066;43148;13276;54613795;52039725;37602605;7163206;53715729;40798362;7555566;1364593;393792
FR;0;2022-11-17;553;653;3810;39187;500;2964;39798;58267;17384;54614348;52040378;37606415;7202393;53716229;40801326;7595364;1422860;411176
FR;0;2022-11-18;617;763;4592;45085;576;3447;45990;65603;18304;54614965;52041141;37611007;7247478;53716805;40804773;7641354;1488463;429480
FR;0;2022-11-19;270;327;1497;9798;256;1093;9990;14309;4001;54615235;52041468;37612504;7257276;53717061;40805866;7651344;1502772;433481
FR;0;2022-11-20;70;92;302;1696;73;259;1770;2703;847;54615305;52041560;37612806;7258972;53717134;40806125;7653114;1505475;434328
FR;0;2022-11-21;434;505;2414;21372;344;1936;21935;32967;10275;54615739;52042065;37615220;7280344;53717478;40808061;7675049;1538442;444603
FR;0;2022-11-22;535;584;4015;39768;410;3153;40345;59624;18156;54616274;52042649;37619235;7320112;53717888;40811214;7715394;1598066;462759
FR;0;2022-11-23;466;541;2745;25990;385;2311;26481;40304;12835;54616740;52043190;37621980;7346102;53718273;40813525;7741875;1638370;475594
FR;0;2022-11-24;505;586;3755;37064;412;2952;37776;56625;17807;54617245;52043776;37625735;7383166;53718685;40816477;7779651;1694995;493401
FR;0;2022-11-25;568;708;4174;40121;558;3136;40960;59540;17419;54617813;52044484;37629909;7423287;53719243;40819613;7820611;1754535;510820
FR;0;2022-11-26;298;335;1334;9343;258;1061;9485;13968;3963;54618111;52044819;37631243;7432630;53719501;40820674;7830096;1768503;514783
FR;0;2022-11-27;70;79;265;1660;59;225;1688;2554;805;54618181;52044898;37631508;7434290;53719560;40820899;7831784;1771057;515588
FR;0;2022-11-28;409;465;2625;24710;346;1967;25438;38303;12151;54618590;52045363;37634133;7459000;53719906;40822866;7857222;1809360;527739
FR;0;2022-11-29;494;605;4381;46421;373;3282;47132;70876;22216;54619084;52045968;37638514;7505421;53720279;40826148;7904354;1880236;549955
FR;0;2022-11-30;500;678;3721;36860;480;2885;37648;56224;17206;54619584;52046646;37642235;7542281;53720759;40829033;7942002;1936460;567161
FR;0;2022-12-01;516;658;5276;51699;438;3856;52509;79286;25026;54620100;52047304;37647511;7593980;53721197;40832889;7994511;2015746;592187
FR;0;2022-12-02;629;734;6149;61440;514;4365;62664;92256;27378;54620729;52048038;37653660;7655420;53721711;40837254;8057175;2108002;619565
FR;0;2022-12-03;299;339;2279;18006;219;1619;18438;26659;7593;54621028;52048377;37655939;7673426;53721930;40838873;8075613;2134661;627158
FR;0;2022-12-04;92;122;523;4293;90;432;4345;6420;1848;54621120;52048499;37656462;7677719;53722020;40839305;8079958;2141081;629006
FR;0;2022-12-05;439;555;4265;44621;390;2876;45584;68824;21787;54621559;52049054;37660727;7722340;53722410;40842181;8125542;2209905;650793
FR;0;2022-12-06;609;720;6830;78138;459;4636;79665;121392;39394;54622168;52049774;37667557;7800478;53722869;40846817;8205207;2331297;690187
FR;0;2022-12-07;543;609;5337;58065;449;3578;59217;90302;29456;54622711;52050383;37672894;7858543;53723318;40850395;8264424;2421599;719643
FR;0;2022-12-08;604;701;6941;79422;443;4556;81109;123723;40686;54623315;52051084;37679835;7937965;53723761;40854951;8345533;2545322;760329
FR;0;2022-12-09;773;835;8649;95586;545;5705;97464;147074;46657;54624088;52051919;37688484;8033551;53724306;40860656;8442997;2692396;806986
FR;0;2022-12-10;397;427;3813;33913;271;2466;34811;50497;14696;54624485;52052346;37692297;8067464;53724577;40863122;8477808;2742893;821682
FR;0;2022-12-11;130;140;986;8352;100;681;8555;12234;3272;54624615;52052486;37693283;8075816;53724677;40863803;8486363;2755127;824954
FR;0;2022-12-12;503;568;6338;67348;362;4087;68953;106006;34703;54625118;52053054;37699621;8143164;53725039;40867890;8555316;2861133;859657
FR;0;2022-12-13;689;766;9020;103397;475;5609;105964;164495;54907;54625807;52053820;37708641;8246561;53725514;40873499;8661280;3025628;914564
FR;0;2022-12-14;578;690;6767;73140;456;4495;74781;116510;38556;54626385;52054510;37715408;8319701;53725970;40877994;8736061;3142138;953120
FR;0;2022-12-15;645;821;8812;95631;511;5644;97915;152648;51467;54627030;52055331;37724220;8415332;53726481;40883638;8833976;3294786;1004587
FR;0;2022-12-16;815;956;9718;104551;629;6404;106774;166038;55145;54627845;52056287;37733938;8519883;53727110;40890042;8940750;3460824;1059732
FR;0;2022-12-17;340;417;3486;31720;279;2278;32511;48337;14424;54628185;52056704;37737424;8551603;53727389;40892320;8973261;3509161;1074156
FR;0;2022-12-18;92;122;782;6318;73;537;6467;9607;2745;54628277;52056826;37738206;8557921;53727462;40892857;8979728;3518768;1076901
FR;0;2022-12-19;584;605;5732;56094;416;3664;57723;90040;29965;54628861;52057431;37743938;8614015;53727878;40896521;9037451;3608808;1106866
FR;0;2022-12-20;728;764;7911;79569;501;5203;81716;130357;44867;54629589;52058195;37751849;8693584;53728379;40901724;9119167;3739165;1151733
FR;0;2022-12-21;574;611;5273;50686;417;3532;52030;83622;29059;54630163;52058806;37757122;8744270;53728796;40905256;9171197;3822787;1180792
FR;0;2022-12-22;629;644;4853;46008;440;3358;47242;76339;26641;54630792;52059450;37761975;8790278;53729236;40908614;9218439;3899126;1207433
FR;0;2022-12-23;458;564;3415;26099;397;2572;26779;43154;14778;54631250;52060014;37765390;8816377;53729633;40911186;9245218;3942280;1222211
FR;0;2022-12-24;102;102;441;2691;75;332;2817;4264;1218;54631352;52060116;37765831;8819068;53729708;40911518;9248035;3946544;1223429
FR;0;2022-12-25;33;36;128;554;28;100;578;908;270;54631385;52060152;37765959;8819622;53729736;40911618;9248613;3947452;1223699
FR;0;2022-12-26;360;383;2490;16878;283;1812;17528;27530;8789;54631745;52060535;37768449;8836500;53730019;40913430;9266141;3974982;1232488
FR;0;2022-12-27;515;644;4174;33616;426;2914;34765;56525;19668;54632260;52061179;37772623;8870116;53730445;40916344;9300906;4031507;1252156
FR;0;2022-12-28;463;498;3203;25626;336;2280;26243;42731;14739;54632723;52061677;37775826;8895742;53730781;40918624;9327149;4074238;1266895
FR;0;2022-12-29;425;522;3399;26502;333;2371;27496;44811;15483;54633148;52062199;37779225;8922244;53731114;40920995;9354645;4119049;1282378
FR;0;2022-12-30;444;495;2606;19485;348;1847;20144;32410;10877;54633592;52062694;37781831;8941729;53731462;40922842;9374789;4151459;1293255
FR;0;2022-12-31;134;155;503;3169;118;410;3314;4924;1326;54633726;52062849;37782334;8944898;53731580;40923252;9378103;4156383;1294581
FR;0;2023-01-01;20;42;165;705;24;137;731;1020;245;54633746;52062891;37782499;8945603;53731604;40923389;9378834;4157403;1294826
FR;0;2023-01-02;350;476;2425;18923;310;1747;19385;32852;12021;54634096;52063367;37784924;8964526;53731914;40925136;9398219;4190255;1306847
FR;0;2023-01-03;621;640;4485;43978;417;3098;44943;82399;34616;54634717;52064007;37789409;9008504;53732331;40928234;9443162;4272654;1341463
FR;0;2023-01-04;518;552;3649;30902;372;2531;31692;59439;25615;54635235;52064559;37793058;9039406;53732703;40930765;9474854;4332093;1367078
FR;0;2023-01-05;641;695;4553;42997;502;3042;43906;83325;36811;54635876;52065254;37797611;9082403;53733205;40933807;9518760;4415418;1403889
FR;0;2023-01-06;721;826;5324;48244;544;3484;49264;91421;39217;54636597;52066080;37802935;9130647;53733749;40937291;9568024;4506839;1443106
FR;0;2023-01-07;336;402;1800;12837;287;1280;13148;22853;8692;54636933;52066482;37804735;9143484;53734036;40938571;9581172;4529692;1451798
FR;0;2023-01-08;100;136;474;2866;90;339;2955;5123;1943;54637033;52066618;37805209;9146350;53734126;40938910;9584127;4534815;1453741
FR;0;2023-01-09;557;600;2735;22042;426;1941;22620;45161;20860;54637590;52067218;37807944;9168392;53734552;40940851;9606747;4579976;1474601
FR;0;2023-01-10;578;703;4514;40884;474;3140;41756;85589;41018;54638168;52067921;37812458;9209276;53735026;40943991;9648503;4665565;1515619
FR;0;2023-01-11;476;555;3035;24683;389;2185;25205;51904;24745;54638644;52068476;37815493;9233959;53735415;40946176;9673708;4717469;1540364
FR;0;2023-01-12;558;626;3700;33527;399;2623;34115;70693;34225;54639202;52069102;37819193;9267486;53735814;40948799;9707823;4788162;1574589
FR;0;2023-01-13;701;741;4176;35401;502;2977;36025;72994;34455;54639903;52069843;37823369;9302887;53736316;40951776;9743848;4861156;1609044
FR;0;2023-01-14;336;315;1403;9075;210;1024;9259;17310;7213;54640239;52070158;37824772;9311962;53736526;40952800;9753107;4878466;1616257
FR;0;2023-01-15;80;107;329;1488;69;247;1584;3066;1320;54640319;52070265;37825101;9313450;53736595;40953047;9754691;4881532;1617577
FR;0;2023-01-16;373;420;1991;15514;279;1408;15774;34160;17153;54640692;52070685;37827092;9328964;53736874;40954455;9770465;4915692;1634730
