fra;vaccin;jour;n_dose1;n_dose2;n_dose3;n_dose4;n_rappel;n_cum_dose1;n_cum_dose2;n_cum_dose3;n_cum_dose4;n_cum_rappel
FR;1;2020-12-27;611;0;0;0;0;611;0;0;0;0
FR;1;2020-12-28;687;1;0;0;0;1298;1;0;0;0
FR;1;2020-12-29;385;0;0;0;0;1683;1;0;0;0
FR;1;2020-12-30;444;0;0;0;0;2127;1;0;0;0
FR;1;2020-12-31;444;1;0;0;0;2571;2;0;0;0
FR;1;2021-01-01;1162;2;0;0;0;3733;4;0;0;0
FR;1;2021-01-02;365;3;0;0;0;4098;7;0;0;0
FR;1;2021-01-03;405;0;0;0;0;4503;7;0;0;0
FR;1;2021-01-04;2117;4;0;0;0;6620;11;0;0;0
FR;1;2021-01-05;7755;3;0;0;0;14375;14;0;0;0
FR;1;2021-01-06;12459;18;0;0;0;26834;32;0;0;0
FR;1;2021-01-07;29470;19;0;0;0;56304;51;0;0;0
FR;1;2021-01-08;37151;22;0;0;0;93455;73;0;0;0
FR;1;2021-01-09;11212;9;0;0;0;104667;82;0;0;0
FR;1;2021-01-10;6009;7;0;0;0;110676;89;0;0;0
FR;1;2021-01-11;39944;27;0;0;0;150620;116;0;0;0
FR;1;2021-01-12;62145;21;0;0;0;212765;137;0;0;0
FR;1;2021-01-13;65131;46;0;0;0;277896;183;0;0;0
FR;1;2021-01-14;81457;174;0;0;0;359353;357;0;0;0
FR;1;2021-01-15;68615;70;0;0;0;427968;427;0;0;0
FR;1;2021-01-16;19900;72;0;0;0;447868;499;0;0;0
FR;1;2021-01-17;10903;49;0;0;0;458771;548;0;0;0
FR;1;2021-01-18;82837;172;0;0;0;541608;720;0;0;0
FR;1;2021-01-19;125923;191;0;0;0;667531;911;0;0;0
FR;1;2021-01-20;132421;183;0;0;0;799952;1094;0;0;0
FR;1;2021-01-21;153068;177;0;0;0;953020;1271;0;0;0
FR;1;2021-01-22;115951;222;0;0;0;1068971;1493;0;0;0
FR;1;2021-01-23;36611;69;0;0;0;1105582;1562;0;0;0
FR;1;2021-01-24;9583;104;0;0;0;1115165;1666;0;0;0
FR;1;2021-01-25;74428;1355;0;0;0;1189593;3021;0;0;0
FR;1;2021-01-26;96456;3544;1;0;0;1286049;6565;1;0;0
FR;1;2021-01-27;103649;6232;0;0;0;1389698;12797;1;0;0
FR;1;2021-01-28;120611;15822;0;0;0;1510309;28619;1;0;0
FR;1;2021-01-29;88891;18370;0;0;0;1599200;46989;1;0;0
FR;1;2021-01-30;27995;4428;0;0;0;1627195;51417;1;0;0
FR;1;2021-01-31;5191;1842;0;0;0;1632386;53259;1;0;0
FR;1;2021-02-01;49730;22283;0;0;0;1682116;75542;1;0;0
FR;1;2021-02-02;67824;37138;0;0;0;1749940;112680;1;0;0
FR;1;2021-02-03;67087;39341;0;0;0;1817027;152021;1;0;0
FR;1;2021-02-04;77143;53608;0;0;0;1894170;205629;1;0;0
FR;1;2021-02-05;63424;47185;0;0;0;1957594;252814;1;0;0
FR;1;2021-02-06;19426;11182;0;0;0;1977020;263996;1;0;0
FR;1;2021-02-07;3666;5751;0;0;0;1980686;269747;1;0;0
FR;1;2021-02-08;36500;48067;0;0;0;2017186;317814;1;0;0
FR;1;2021-02-09;50810;76800;0;0;0;2067996;394614;1;0;0
FR;1;2021-02-10;52072;81560;0;0;0;2120068;476174;1;0;0
FR;1;2021-02-11;63384;103878;0;0;0;2183452;580052;1;0;0
FR;1;2021-02-12;55871;75213;0;0;0;2239323;655265;1;0;0
FR;1;2021-02-13;15463;19318;0;0;0;2254786;674583;1;0;0
FR;1;2021-02-14;3747;7352;0;0;0;2258533;681935;1;0;0
FR;1;2021-02-15;24157;73613;0;0;0;2282690;755548;1;0;0
FR;1;2021-02-16;32777;96134;0;0;0;2315467;851682;1;0;0
FR;1;2021-02-17;35127;101649;20;0;0;2350594;953331;21;0;0
FR;1;2021-02-18;49448;117378;0;0;0;2400042;1070709;21;0;0
FR;1;2021-02-19;45383;87319;1;0;0;2445425;1158028;22;0;0
FR;1;2021-02-20;13392;27152;0;0;0;2458817;1185180;22;0;0
FR;1;2021-02-21;2461;6073;0;0;0;2461278;1191253;22;0;0
FR;1;2021-02-22;24720;69421;2;0;0;2485998;1260674;24;0;0
FR;1;2021-02-23;37430;81380;1;0;0;2523428;1342054;25;0;0
FR;1;2021-02-24;40699;78996;1;0;0;2564127;1421050;26;0;0
FR;1;2021-02-25;50161;87975;1;0;0;2614288;1509025;27;0;0
FR;1;2021-02-26;47225;67641;1;0;0;2661513;1576666;28;0;0
FR;1;2021-02-27;15681;21240;1;0;0;2677194;1597906;29;0;0
FR;1;2021-02-28;3563;4177;2;0;0;2680757;1602083;31;0;0
FR;1;2021-03-01;40199;50116;1;0;0;2720956;1652199;32;0;0
FR;1;2021-03-02;55986;62347;3;0;0;2776942;1714546;35;0;0
FR;1;2021-03-03;61247;60615;0;0;0;2838189;1775161;35;0;0
FR;1;2021-03-04;72999;67687;3;0;0;2911188;1842848;38;0;0
FR;1;2021-03-05;74771;58746;3;0;0;2985959;1901594;41;0;0
FR;1;2021-03-06;82462;15811;2;0;0;3068421;1917405;43;0;0
FR;1;2021-03-07;63724;4336;1;0;0;3132145;1921741;44;0;0
FR;1;2021-03-08;60182;41470;2;0;0;3192327;1963211;46;0;0
FR;1;2021-03-09;85998;47708;1;0;0;3278325;2010919;47;0;0
FR;1;2021-03-10;90930;47827;5;0;0;3369255;2058746;52;0;0
FR;1;2021-03-11;105090;54513;1;0;0;3474345;2113259;53;0;0
FR;1;2021-03-12;104135;44992;1;0;0;3578480;2158251;54;0;0
FR;1;2021-03-13;89209;12624;1;0;0;3667689;2170875;55;0;0
FR;1;2021-03-14;44457;2766;1;0;0;3712146;2173641;56;0;0
FR;1;2021-03-15;95524;28261;3;0;0;3807670;2201902;59;0;0
FR;1;2021-03-16;123595;34286;5;0;0;3931265;2236188;64;0;0
FR;1;2021-03-17;129314;33736;4;0;0;4060579;2269924;68;0;0
FR;1;2021-03-18;142906;39346;5;0;0;4203485;2309270;73;0;0
FR;1;2021-03-19;136260;32227;2;0;0;4339745;2341497;75;0;0
FR;1;2021-03-20;76013;9820;1;0;0;4415758;2351317;76;0;0
FR;1;2021-03-21;26516;2094;1;0;0;4442274;2353411;77;0;0
FR;1;2021-03-22;114767;30436;2;0;0;4557041;2383847;79;0;0
FR;1;2021-03-23;143041;38049;1;0;0;4700082;2421896;80;0;0
FR;1;2021-03-24;142010;38454;0;0;0;4842092;2460350;80;0;0
FR;1;2021-03-25;165012;39792;4;0;0;5007104;2500142;84;0;0
FR;1;2021-03-26;166403;37516;5;1;0;5173507;2537658;89;1;0
FR;1;2021-03-27;110883;15444;1;0;0;5284390;2553102;90;1;0
FR;1;2021-03-28;42304;4265;3;0;0;5326694;2557367;93;1;0
FR;1;2021-03-29;129826;49198;4;0;0;5456520;2606565;97;1;0
FR;1;2021-03-30;167724;63697;5;0;0;5624244;2670262;102;1;0
FR;1;2021-03-31;170946;67735;4;0;0;5795190;2737997;106;1;0
FR;1;2021-04-01;194838;83093;10;0;0;5990028;2821090;116;1;0
FR;1;2021-04-02;164460;86268;7;0;0;6154488;2907358;123;1;0
FR;1;2021-04-03;88249;58106;6;0;0;6242737;2965464;129;1;0
FR;1;2021-04-04;33652;17730;0;0;0;6276389;2983194;129;1;0
FR;1;2021-04-05;46409;9719;11;0;0;6322798;2992913;140;1;0
FR;1;2021-04-06;160321;104486;17;0;0;6483119;3097399;157;1;0
FR;1;2021-04-07;196999;108094;16;0;0;6680118;3205493;173;1;0
FR;1;2021-04-08;222144;113723;13;0;0;6902262;3319216;186;1;0
FR;1;2021-04-09;214573;107807;21;0;0;7116835;3427023;207;1;0
FR;1;2021-04-10;117184;73208;14;0;0;7234019;3500231;221;1;0
FR;1;2021-04-11;40896;29918;6;0;0;7274915;3530149;227;1;0
FR;1;2021-04-12;168477;104437;46;0;0;7443392;3634586;273;1;0
FR;1;2021-04-13;203812;127881;97;1;0;7647204;3762467;370;2;0
FR;1;2021-04-14;208632;122823;208;0;0;7855836;3885290;578;2;0
FR;1;2021-04-15;221693;127850;312;0;0;8077529;4013140;890;2;0
FR;1;2021-04-16;206073;125458;309;0;0;8283602;4138598;1199;2;0
FR;1;2021-04-17;122094;67165;103;0;0;8405696;4205763;1302;2;0
FR;1;2021-04-18;35965;20969;41;0;0;8441661;4226732;1343;2;0
FR;1;2021-04-19;163759;121573;432;0;0;8605420;4348305;1775;2;0
FR;1;2021-04-20;189442;149385;531;0;0;8794862;4497690;2306;2;0
FR;1;2021-04-21;194011;147310;760;0;0;8988873;4645000;3066;2;0
FR;1;2021-04-22;209043;164063;777;0;0;9197916;4809063;3843;2;0
FR;1;2021-04-23;198961;157625;671;0;0;9396877;4966688;4514;2;0
FR;1;2021-04-24;126335;95705;148;0;0;9523212;5062393;4662;2;0
FR;1;2021-04-25;53631;30037;46;0;0;9576843;5092430;4708;2;0
FR;1;2021-04-26;181152;139525;542;0;0;9757995;5231955;5250;2;0
FR;1;2021-04-27;221374;162298;900;0;0;9979369;5394253;6150;2;0
FR;1;2021-04-28;238309;155737;1314;1;1;10217678;5549990;7464;3;1
FR;1;2021-04-29;270296;161070;1211;0;0;10487974;5711060;8675;3;1
FR;1;2021-04-30;272000;148619;1071;0;0;10759974;5859679;9746;3;1
FR;1;2021-05-01;141154;40595;173;0;0;10901128;5900274;9919;3;1
FR;1;2021-05-02;81552;28159;81;0;0;10982680;5928433;10000;3;1
FR;1;2021-05-03;250792;143644;803;0;0;11233472;6072077;10803;3;1
FR;1;2021-05-04;265884;187501;1202;0;0;11499356;6259578;12005;3;1
FR;1;2021-05-05;283883;185636;1267;0;0;11783239;6445214;13272;3;1
FR;1;2021-05-06;309976;183950;1502;0;0;12093215;6629164;14774;3;1
FR;1;2021-05-07;284109;196145;1126;0;0;12377324;6825309;15900;3;1
FR;1;2021-05-08;191663;50483;285;0;0;12568987;6875792;16185;3;1
FR;1;2021-05-09;114058;34917;236;0;0;12683045;6910709;16421;3;1
FR;1;2021-05-10;258216;194615;1186;0;0;12941261;7105324;17607;3;1
FR;1;2021-05-11;318890;210993;1465;0;0;13260151;7316317;19072;3;1
FR;1;2021-05-12;356637;185863;1399;0;0;13616788;7502180;20471;3;1
FR;1;2021-05-13;283449;47469;401;0;0;13900237;7549649;20872;3;1
FR;1;2021-05-14;370505;128512;994;0;0;14270742;7678161;21866;3;1
FR;1;2021-05-15;298094;66149;403;0;0;14568836;7744310;22269;3;1
FR;1;2021-05-16;157779;15486;158;0;0;14726615;7759796;22427;3;1
FR;1;2021-05-17;318933;116170;1441;0;0;15045548;7875966;23868;3;1
FR;1;2021-05-18;383340;111429;1799;0;0;15428888;7987395;25667;3;1
FR;1;2021-05-19;395275;101987;2183;0;0;15824163;8089382;27850;3;1
FR;1;2021-05-20;421815;95851;2048;0;0;16245978;8185233;29898;3;1
FR;1;2021-05-21;399809;97294;1764;0;0;16645787;8282527;31662;3;1
FR;1;2021-05-22;275692;41910;603;0;0;16921479;8324437;32265;3;1
FR;1;2021-05-23;123015;11017;224;0;0;17044494;8335454;32489;3;1
FR;1;2021-05-24;244013;26241;569;0;0;17288507;8361695;33058;3;1
FR;1;2021-05-25;366225;131546;2114;1;0;17654732;8493241;35172;4;1
FR;1;2021-05-26;380814;126729;1993;0;0;18035546;8619970;37165;4;1
FR;1;2021-05-27;406153;128118;1977;0;0;18441699;8748088;39142;4;1
FR;1;2021-05-28;366032;145451;1700;0;0;18807731;8893539;40842;4;1
FR;1;2021-05-29;253833;80991;527;0;0;19061564;8974530;41369;4;1
FR;1;2021-05-30;100974;22574;157;0;0;19162538;8997104;41526;4;1
FR;1;2021-05-31;314317;148966;1283;1;1;19476855;9146070;42809;5;2
FR;1;2021-06-01;361637;166542;1729;1;1;19838492;9312612;44538;6;3
FR;1;2021-06-02;365388;153877;1796;0;0;20203880;9466489;46334;6;3
FR;1;2021-06-03;391424;147446;1653;0;0;20595304;9613935;47987;6;3
FR;1;2021-06-04;364118;175672;1495;1;1;20959422;9789607;49482;7;4
FR;1;2021-06-05;258511;112717;596;0;0;21217933;9902324;50078;7;4
FR;1;2021-06-06;126809;37541;215;0;0;21344742;9939865;50293;7;4
FR;1;2021-06-07;301106;207767;1365;0;0;21645848;10147632;51658;7;4
FR;1;2021-06-08;330847;220877;1643;0;0;21976695;10368509;53301;7;4
FR;1;2021-06-09;336589;211579;1613;0;0;22313284;10580088;54914;7;4
FR;1;2021-06-10;343895;201072;1613;0;0;22657179;10781160;56527;7;4
FR;1;2021-06-11;311899;234846;1299;1;0;22969078;11016006;57826;8;4
FR;1;2021-06-12;244081;150625;437;0;0;23213159;11166631;58263;8;4
FR;1;2021-06-13;100368;60998;188;0;0;23313527;11227629;58451;8;4
FR;1;2021-06-14;207847;288028;1318;1;0;23521374;11515657;59769;9;4
FR;1;2021-06-15;256860;281587;1398;1;0;23778234;11797244;61167;10;4
FR;1;2021-06-16;273649;270571;1263;1;0;24051883;12067815;62430;11;4
FR;1;2021-06-17;268218;244889;1236;1;0;24320101;12312704;63666;12;4
FR;1;2021-06-18;260600;295410;1153;1;0;24580701;12608114;64819;13;4
FR;1;2021-06-19;193453;209517;388;0;0;24774154;12817631;65207;13;4
FR;1;2021-06-20;69710;89094;120;0;0;24843864;12906725;65327;13;4
FR;1;2021-06-21;172375;319720;934;1;1;25016239;13226445;66261;14;5
FR;1;2021-06-22;185871;347900;1102;10;1;25202110;13574345;67363;24;6
FR;1;2021-06-23;204202;339512;1049;0;0;25406312;13913857;68412;24;6
FR;1;2021-06-24;203532;282045;1175;0;0;25609844;14195902;69587;24;6
FR;1;2021-06-25;182665;371777;1198;0;0;25792509;14567679;70785;24;6
FR;1;2021-06-26;131395;278405;504;0;0;25923904;14846084;71289;24;6
FR;1;2021-06-27;52408;122902;145;0;0;25976312;14968986;71434;24;6
FR;1;2021-06-28;136659;368196;1064;0;0;26112971;15337182;72498;24;6
FR;1;2021-06-29;154899;390948;1848;0;0;26267870;15728130;74346;24;6
FR;1;2021-06-30;180058;381940;1666;4;2;26447928;16110070;76012;28;8
FR;1;2021-07-01;201473;332329;1887;5;1;26649401;16442399;77899;33;9
FR;1;2021-07-02;193885;367437;1765;5;2;26843286;16809836;79664;38;11
FR;1;2021-07-03;124478;280422;704;3;1;26967764;17090258;80368;41;12
FR;1;2021-07-04;53964;113700;244;0;0;27021728;17203958;80612;41;12
FR;1;2021-07-05;153961;355916;1500;8;2;27175689;17559874;82112;49;14
FR;1;2021-07-06;173505;382353;1603;45;8;27349194;17942227;83715;94;22
FR;1;2021-07-07;190836;362461;1658;25;4;27540030;18304688;85373;119;26
FR;1;2021-07-08;201568;323060;1826;20;6;27741598;18627748;87199;139;32
FR;1;2021-07-09;189979;387814;1854;3;2;27931577;19015562;89053;142;34
FR;1;2021-07-10;129955;281155;816;1;1;28061532;19296717;89869;143;35
FR;1;2021-07-11;57678;102528;262;0;0;28119210;19399245;90131;143;35
FR;1;2021-07-12;149915;416921;1584;4;0;28269125;19816166;91715;147;35
FR;1;2021-07-13;234276;439230;1806;8;1;28503401;20255396;93521;155;36
FR;1;2021-07-14;171920;151423;418;0;0;28675321;20406819;93939;155;36
FR;1;2021-07-15;279683;424423;1858;1;0;28955004;20831242;95797;156;36
FR;1;2021-07-16;290439;400840;1711;3;1;29245443;21232082;97508;159;37
FR;1;2021-07-17;217345;282031;755;1;0;29462788;21514113;98263;160;37
FR;1;2021-07-18;102011;107219;288;0;0;29564799;21621332;98551;160;37
FR;1;2021-07-19;238217;378694;1497;3;0;29803016;22000026;100048;163;37
FR;1;2021-07-20;305759;380143;1469;0;0;30108775;22380169;101517;163;37
FR;1;2021-07-21;333283;352943;1412;4;2;30442058;22733112;102929;167;39
FR;1;2021-07-22;364679;318788;1502;3;2;30806737;23051900;104431;170;41
FR;1;2021-07-23;349400;343103;1588;4;1;31156137;23395003;106019;174;42
FR;1;2021-07-24;238960;240813;697;1;0;31395097;23635816;106716;175;42
FR;1;2021-07-25;112801;76019;223;0;0;31507898;23711835;106939;175;42
FR;1;2021-07-26;299143;289568;1495;2;2;31807041;24001403;108434;177;44
FR;1;2021-07-27;385833;268130;1459;4;2;32192874;24269533;109893;181;46
FR;1;2021-07-28;390200;251077;1462;4;1;32583074;24520610;111355;185;47
FR;1;2021-07-29;406135;227818;1540;2;0;32989209;24748428;112895;187;47
FR;1;2021-07-30;370743;246670;1638;4;1;33359952;24995098;114533;191;48
FR;1;2021-07-31;243381;165110;793;1;0;33603333;25160208;115326;192;48
FR;1;2021-08-01;105589;47209;233;0;0;33708922;25207417;115559;192;48
FR;1;2021-08-02;297402;212925;1479;2;0;34006324;25420342;117038;194;48
FR;1;2021-08-03;331336;208842;1557;2;1;34337660;25629184;118595;196;49
FR;1;2021-08-04;328036;184006;1439;5;3;34665696;25813190;120034;201;52
FR;1;2021-08-05;301281;193232;1482;0;0;34966977;26006422;121516;201;52
FR;1;2021-08-06;290982;224244;1560;3;1;35257959;26230666;123076;204;53
FR;1;2021-08-07;182662;158792;654;5;2;35440621;26389458;123730;209;55
FR;1;2021-08-08;68887;59104;252;0;0;35509508;26448562;123982;209;55
FR;1;2021-08-09;222786;235388;1444;4;3;35732294;26683950;125426;213;58
FR;1;2021-08-10;252739;240098;1492;2;1;35985033;26924048;126918;215;59
FR;1;2021-08-11;236233;231895;1271;5;1;36221266;27155943;128189;220;60
FR;1;2021-08-12;220784;239903;1487;3;0;36442050;27395846;129676;223;60
FR;1;2021-08-13;201720;238587;1360;2;2;36643770;27634433;131036;225;62
FR;1;2021-08-14;122862;174064;646;0;0;36766632;27808497;131682;225;62
FR;1;2021-08-15;34706;46122;200;1;0;36801338;27854619;131882;226;62
FR;1;2021-08-16;156963;289508;1423;0;0;36958301;28144127;133305;226;62
FR;1;2021-08-17;171612;291140;1422;5;0;37129913;28435267;134727;231;62
FR;1;2021-08-18;161433;286815;1392;6;3;37291346;28722082;136119;237;65
FR;1;2021-08-19;148947;277542;1403;1;0;37440293;28999624;137522;238;65
FR;1;2021-08-20;140510;309047;1532;2;2;37580803;29308671;139054;240;67
FR;1;2021-08-21;84276;213210;589;0;0;37665079;29521881;139643;240;67
FR;1;2021-08-22;28580;82696;233;0;0;37693659;29604577;139876;240;67
FR;1;2021-08-23;118661;321025;1422;2;1;37812320;29925602;141298;242;68
FR;1;2021-08-24;126664;319724;1603;5;1;37938984;30245326;142901;247;69
FR;1;2021-08-25;121531;306504;1779;8;2;38060515;30551830;144680;255;71
FR;1;2021-08-26;106628;286110;2162;10;0;38167143;30837940;146842;265;71
FR;1;2021-08-27;107654;321665;2302;9;3;38274797;31159605;149144;274;74
FR;1;2021-08-28;71020;220695;1101;0;0;38345817;31380300;150245;274;74
FR;1;2021-08-29;24152;78191;469;1;0;38369969;31458491;150714;275;74
FR;1;2021-08-30;96894;286351;4313;6;5005;38466863;31744842;155027;281;5079
FR;1;2021-08-31;98119;276292;9294;15;10093;38564982;32021134;164321;296;15172
FR;1;2021-09-01;112346;245327;21117;8;22132;38677328;32266461;185438;304;37304
FR;1;2021-09-02;86770;197933;24529;18;25505;38764098;32464394;209967;322;62809
FR;1;2021-09-03;82421;227531;26953;21;28033;38846519;32691925;236920;343;90842
FR;1;2021-09-04;71630;189718;11140;11;11693;38918149;32881643;248060;354;102535
FR;1;2021-09-05;18613;41154;4124;2;4277;38936762;32922797;252184;356;106812
FR;1;2021-09-06;59808;151476;30182;15;31201;38996570;33074273;282366;371;138013
FR;1;2021-09-07;57397;139673;30209;30;31220;39053967;33213946;312575;401;169233
FR;1;2021-09-08;72340;173798;26925;22;27930;39126307;33387744;339500;423;197163
FR;1;2021-09-09;54484;124475;28621;24;29719;39180791;33512219;368121;447;226882
FR;1;2021-09-10;66215;152089;30449;24;31655;39247006;33664308;398570;471;258537
FR;1;2021-09-11;52688;146632;9730;14;10343;39299694;33810940;408300;485;268880
FR;1;2021-09-12;10796;29271;2486;1;2649;39310490;33840211;410786;486;271529
FR;1;2021-09-13;51505;104463;38757;31;40041;39361995;33944674;449543;517;311570
FR;1;2021-09-14;53341;96027;51276;67;53148;39415336;34040701;500819;584;364718
FR;1;2021-09-15;60569;139262;50491;55;47047;39475905;34179963;551310;639;411765
FR;1;2021-09-16;46633;81410;53349;70;49585;39522538;34261373;604659;709;461350
FR;1;2021-09-17;53220;109345;45069;61;42678;39575758;34370718;649728;770;504028
FR;1;2021-09-18;37876;118497;11796;19;11275;39613634;34489215;661524;789;515303
FR;1;2021-09-19;6531;21042;2040;1;1983;39620165;34510257;663564;790;517286
FR;1;2021-09-20;36534;74878;46227;65;44181;39656699;34585135;709791;855;561467
FR;1;2021-09-21;34187;68136;56261;70;52710;39690886;34653271;766052;925;614177
FR;1;2021-09-22;38827;118611;49872;76;46898;39729713;34771882;815924;1001;661075
FR;1;2021-09-23;32024;62913;54501;85;50894;39761737;34834795;870425;1086;711969
FR;1;2021-09-24;36782;90054;43668;89;41935;39798519;34924849;914093;1175;753904
FR;1;2021-09-25;27649;96700;12305;27;12179;39826168;35021549;926398;1202;766083
FR;1;2021-09-26;4378;15194;1774;5;1696;39830546;35036743;928172;1207;767779
FR;1;2021-09-27;27350;60223;42911;89;41630;39857896;35096966;971083;1296;809409
FR;1;2021-09-28;26911;49455;47195;76;44464;39884807;35146421;1018278;1372;853873
FR;1;2021-09-29;35923;80330;47276;87;45588;39920730;35226751;1065554;1459;899461
FR;1;2021-09-30;26073;46891;47523;81;45447;39946803;35273642;1113077;1540;944908
FR;1;2021-10-01;47294;66947;44892;83;44593;39994097;35340589;1157969;1623;989501
FR;1;2021-10-02;32383;62415;16112;32;16317;40026480;35403004;1174081;1655;1005818
FR;1;2021-10-03;4342;8561;2039;3;2033;40030822;35411565;1176120;1658;1007851
FR;1;2021-10-04;28971;44438;47105;79;46960;40059793;35456003;1223225;1737;1054811
FR;1;2021-10-05;24566;41668;49875;116;49306;40084359;35497671;1273100;1853;1104117
FR;1;2021-10-06;34653;61380;57499;102;57233;40119012;35559051;1330599;1955;1161350
FR;1;2021-10-07;21079;39910;53040;75;51963;40140091;35598961;1383639;2030;1213313
FR;1;2021-10-08;35660;59658;60396;83;61135;40175751;35658619;1444035;2113;1274448
FR;1;2021-10-09;27463;48013;25495;29;26018;40203214;35706632;1469530;2142;1300466
FR;1;2021-10-10;3723;5810;2754;7;2861;40206937;35712442;1472284;2149;1303327
FR;1;2021-10-11;24852;38244;54583;88;55252;40231789;35750686;1526867;2237;1358579
FR;1;2021-10-12;23377;36597;58067;127;59202;40255166;35787283;1584934;2364;1417781
FR;1;2021-10-13;32961;47842;64167;124;65678;40288127;35835125;1649101;2488;1483459
FR;1;2021-10-14;21711;34789;53763;103;54347;40309838;35869914;1702864;2591;1537806
FR;1;2021-10-15;32744;48798;72326;165;75001;40342582;35918712;1775190;2756;1612807
FR;1;2021-10-16;26009;35296;34867;44;36410;40368591;35954008;1810057;2800;1649217
FR;1;2021-10-17;3156;4052;3413;2;3316;40371747;35958060;1813470;2802;1652533
FR;1;2021-10-18;24297;34897;66834;131;69706;40396044;35992957;1880304;2933;1722239
FR;1;2021-10-19;20717;35590;75656;135;79568;40416761;36028547;1955960;3068;1801807
FR;1;2021-10-20;29909;44228;96174;178;99846;40446670;36072775;2052134;3246;1901653
FR;1;2021-10-21;19797;35062;83175;107;87017;40466467;36107837;2135309;3353;1988670
FR;1;2021-10-22;29751;47787;103737;196;109681;40496218;36155624;2239046;3549;2098351
FR;1;2021-10-23;23048;35139;44869;57;47379;40519266;36190763;2283915;3606;2145730
FR;1;2021-10-24;2405;3839;3583;6;3720;40521671;36194602;2287498;3612;2149450
FR;1;2021-10-25;22482;30765;82017;143;85812;40544153;36225367;2369515;3755;2235262
FR;1;2021-10-26;19332;27674;86105;162;90328;40563485;36253041;2455620;3917;2325590
FR;1;2021-10-27;26192;39643;107804;252;112697;40589677;36292684;2563424;4169;2438287
FR;1;2021-10-28;18778;27136;86950;150;91690;40608455;36319820;2650374;4319;2529977
FR;1;2021-10-29;25925;40285;114825;202;121626;40634380;36360105;2765199;4521;2651603
FR;1;2021-10-30;17693;28721;49362;74;51951;40652073;36388826;2814561;4595;2703554
FR;1;2021-10-31;2060;3171;3450;2;3685;40654133;36391997;2818011;4597;2707239
FR;1;2021-11-01;7988;4265;3028;3;3286;40662121;36396262;2821039;4600;2710525
FR;1;2021-11-02;22885;33242;92392;156;97816;40685006;36429504;2913431;4756;2808341
FR;1;2021-11-03;26605;41592;117500;215;123863;40711611;36471096;3030931;4971;2932204
FR;1;2021-11-04;19601;30336;105802;213;111933;40731212;36501432;3136733;5184;3044137
FR;1;2021-11-05;27008;42342;138772;229;147424;40758220;36543774;3275505;5413;3191561
FR;1;2021-11-06;18848;29830;63479;123;66487;40777068;36573604;3338984;5536;3258048
FR;1;2021-11-07;1810;3287;4976;6;5302;40778878;36576891;3343960;5542;3263350
FR;1;2021-11-08;17847;32270;125998;224;132619;40796725;36609161;3469958;5766;3395969
FR;1;2021-11-09;19486;37663;159294;334;169078;40816211;36646824;3629252;6100;3565047
FR;1;2021-11-10;28866;49150;181895;440;192504;40845077;36695974;3811147;6540;3757551
FR;1;2021-11-11;4171;5946;12228;26;13020;40849248;36701920;3823375;6566;3770571
FR;1;2021-11-12;26012;46872;174811;244;186478;40875260;36748792;3998186;6810;3957049
FR;1;2021-11-13;18730;29172;76832;111;81774;40893990;36777964;4075018;6921;4038823
FR;1;2021-11-14;2044;3260;6820;5;7356;40896034;36781224;4081838;6926;4046179
FR;1;2021-11-15;18759;34810;156417;304;166237;40914793;36816034;4238255;7230;4212416
FR;1;2021-11-16;21348;37929;192113;379;204983;40936141;36853963;4430368;7609;4417399
FR;1;2021-11-17;28645;45625;193224;398;205028;40964786;36899588;4623592;8007;4622427
FR;1;2021-11-18;21128;39557;182488;458;194534;40985914;36939145;4806080;8465;4816961
FR;1;2021-11-19;30880;53394;230245;532;246712;41016794;36992539;5036325;8997;5063673
FR;1;2021-11-20;23761;33248;96982;201;103615;41040555;37025787;5133307;9198;5167288
FR;1;2021-11-21;2329;3926;9114;19;9941;41042884;37029713;5142421;9217;5177229
FR;1;2021-11-22;21408;30395;175898;465;189431;41064292;37060108;5318319;9682;5366660
FR;1;2021-11-23;24018;41055;221202;540;237930;41088310;37101163;5539521;10222;5604590
FR;1;2021-11-24;30285;49746;217335;701;234502;41118595;37150909;5756856;10923;5839092
FR;1;2021-11-25;23719;44101;244466;718;264125;41142314;37195010;6001322;11641;6103217
FR;1;2021-11-26;30625;66758;356793;836;388534;41172939;37261768;6358115;12477;6491751
FR;1;2021-11-27;21947;45355;202619;371;222628;41194886;37307123;6560734;12848;6714379
FR;1;2021-11-28;3168;9606;54785;63;61016;41198054;37316729;6615519;12911;6775395
FR;1;2021-11-29;17880;49535;326376;841;354449;41215934;37366264;6941895;13752;7129844
FR;1;2021-11-30;22786;64945;431132;952;470755;41238720;37431209;7373027;14704;7600599
FR;1;2021-12-01;25338;69297;442876;1130;481742;41264058;37500506;7815903;15834;8082341
FR;1;2021-12-02;20070;64569;489379;1228;532897;41284128;37565075;8305282;17062;8615238
FR;1;2021-12-03;22899;82554;542761;1309;591764;41307027;37647629;8848043;18371;9207002
FR;1;2021-12-04;16395;53941;299088;654;328943;41323422;37701570;9147131;19025;9535945
FR;1;2021-12-05;3633;13851;81522;143;91050;41327055;37715421;9228653;19168;9626995
FR;1;2021-12-06;25820;62639;415434;1066;455162;41352875;37778060;9644087;20234;10082157
FR;1;2021-12-07;19999;75637;522955;1535;572552;41372874;37853697;10167042;21769;10654709
FR;1;2021-12-08;21699;75756;458393;1544;502104;41394573;37929453;10625435;23313;11156813
FR;1;2021-12-09;19446;74076;492919;1625;540857;41414019;38003529;11118354;24938;11697670
FR;1;2021-12-10;23307;87728;547376;1585;600014;41437326;38091257;11665730;26523;12297684
FR;1;2021-12-11;16533;59224;302741;749;335483;41453859;38150481;11968471;27272;12633167
FR;1;2021-12-12;4373;15956;83214;179;94045;41458232;38166437;12051685;27451;12727212
FR;1;2021-12-13;15751;63636;366961;1094;406241;41473983;38230073;12418646;28545;13133453
FR;1;2021-12-14;20856;80353;464740;1746;515196;41494839;38310426;12883386;30291;13648649
FR;1;2021-12-15;21607;77525;409064;1309;453145;41516446;38387951;13292450;31600;14101794
FR;1;2021-12-16;20042;77356;451850;1578;500615;41536488;38465307;13744300;33178;14602409
FR;1;2021-12-17;22615;86641;479929;1735;530972;41559103;38551948;14224229;34913;15133381
FR;1;2021-12-18;17602;54691;257618;730;288518;41576705;38606639;14481847;35643;15421899
FR;1;2021-12-19;5550;17021;79180;194;90713;41582255;38623660;14561027;35837;15512612
FR;1;2021-12-20;20932;63160;316233;1080;355308;41603187;38686820;14877260;36917;15867920
FR;1;2021-12-21;26326;73109;372733;1423;418083;41629513;38759929;15249993;38340;16286003
FR;1;2021-12-22;24977;65913;310623;1216;349589;41654490;38825842;15560616;39556;16635592
FR;1;2021-12-23;21272;52296;241482;956;273034;41675762;38878138;15802098;40512;16908626
FR;1;2021-12-24;7125;18347;67153;258;77062;41682887;38896485;15869251;40770;16985688
FR;1;2021-12-25;507;2873;5585;15;6539;41683394;38899358;15874836;40785;16992227
FR;1;2021-12-26;2748;7586;26935;71;31455;41686142;38906944;15901771;40856;17023682
FR;1;2021-12-27;18305;53593;235107;705;265766;41704447;38960537;16136878;41561;17289448
FR;1;2021-12-28;23297;62039;292032;1026;330211;41727744;39022576;16428910;42587;17619659
FR;1;2021-12-29;22215;55559;254992;920;288219;41749959;39078135;16683902;43507;17907878
FR;1;2021-12-30;21239;46550;212156;858;239630;41771198;39124685;16896058;44365;18147508
FR;1;2021-12-31;7465;16594;61869;229;70408;41778663;39141279;16957927;44594;18217916
FR;1;2022-01-01;1153;2487;5656;30;6575;41779816;39143766;16963583;44624;18224491
FR;1;2022-01-02;3081;8059;28890;50;33522;41782897;39151825;16992473;44674;18258013
FR;1;2022-01-03;24539;54256;228230;787;257696;41807436;39206081;17220703;45461;18515709
FR;1;2022-01-04;26058;65091;299249;1238;337282;41833494;39271172;17519952;46699;18852991
FR;1;2022-01-05;30455;64343;274869;1099;310234;41863949;39335515;17794821;47798;19163225
FR;1;2022-01-06;26812;66264;306879;1399;346533;41890761;39401779;18101700;49197;19509758
FR;1;2022-01-07;31559;75081;349830;1538;393978;41922320;39476860;18451530;50735;19903736
FR;1;2022-01-08;23386;51399;222491;698;251121;41945706;39528259;18674021;51433;20154857
FR;1;2022-01-09;7088;17144;66024;163;76140;41952794;39545403;18740045;51596;20230997
FR;1;2022-01-10;21778;60710;236796;954;267626;41974572;39606113;18976841;52550;20498623
FR;1;2022-01-11;26759;63510;282281;1277;317809;42001331;39669623;19259122;53827;20816432
FR;1;2022-01-12;28949;62551;246253;1105;278039;42030280;39732174;19505375;54932;21094471
FR;1;2022-01-13;24772;60244;262794;1253;296128;42055052;39792418;19768169;56185;21390599
FR;1;2022-01-14;27965;66779;313998;1366;351263;42083017;39859197;20082167;57551;21741862
FR;1;2022-01-15;19359;44442;199306;619;223860;42102376;39903639;20281473;58170;21965722
FR;1;2022-01-16;5158;12994;51526;135;59565;42107534;39916633;20332999;58305;22025287
FR;1;2022-01-17;16862;39788;184823;781;206846;42124396;39956421;20517822;59086;22232133
FR;1;2022-01-18;19452;46030;212419;1154;237049;42143848;40002451;20730241;60240;22469182
FR;1;2022-01-19;20301;44030;176102;897;197189;42164149;40046481;20906343;61137;22666371
FR;1;2022-01-20;16835;40642;183675;1138;204743;42180984;40087123;21090018;62275;22871114
FR;1;2022-01-21;19911;47102;228947;1405;253350;42200895;40134225;21318965;63680;23124464
FR;1;2022-01-22;13843;33369;144492;578;161386;42214738;40167594;21463457;64258;23285850
FR;1;2022-01-23;3375;8785;33426;132;38325;42218113;40176379;21496883;64390;23324175
FR;1;2022-01-24;11804;33016;142207;709;158255;42229917;40209395;21639090;65099;23482430
FR;1;2022-01-25;14210;38231;163397;1047;181564;42244127;40247626;21802487;66146;23663994
FR;1;2022-01-26;14861;37683;150251;932;166351;42258988;40285309;21952738;67078;23830345
FR;1;2022-01-27;12333;33265;143450;889;157986;42271321;40318574;22096188;67967;23988331
FR;1;2022-01-28;16321;56936;198310;1143;222420;42287642;40375510;22294498;69110;24210751
FR;1;2022-01-29;10268;35503;135203;525;151546;42297910;40411013;22429701;69635;24362297
FR;1;2022-01-30;2483;9275;29681;86;34461;42300393;40420288;22459382;69721;24396758
FR;1;2022-01-31;8757;32504;104339;533;117381;42309150;40452792;22563721;70254;24514139
FR;1;2022-02-01;10976;36517;127068;864;141256;42320126;40489309;22690789;71118;24655395
FR;1;2022-02-02;11980;41624;130350;782;145845;42332106;40530933;22821139;71900;24801240
FR;1;2022-02-03;9236;34028;117006;784;130356;42341342;40564961;22938145;72684;24931596
FR;1;2022-02-04;11520;48196;172577;967;192774;42352862;40613157;23110722;73651;25124370
FR;1;2022-02-05;7995;33954;117579;391;133049;42360857;40647111;23228301;74042;25257419
FR;1;2022-02-06;1704;8008;22752;85;26913;42362561;40655119;23251053;74127;25284332
FR;1;2022-02-07;7311;35436;119080;458;134962;42369872;40690555;23370133;74585;25419294
FR;1;2022-02-08;7755;31938;125637;693;140626;42377627;40722493;23495770;75278;25559920
FR;1;2022-02-09;8652;36514;135246;698;152490;42386279;40759007;23631016;75976;25712410
FR;1;2022-02-10;7019;30051;116370;674;130156;42393298;40789058;23747386;76650;25842566
FR;1;2022-02-11;8655;41535;165134;878;185357;42401953;40830593;23912520;77528;26027923
FR;1;2022-02-12;5336;27603;106702;379;120887;42407289;40858196;24019222;77907;26148810
FR;1;2022-02-13;1243;5718;21717;66;25333;42408532;40863914;24040939;77973;26174143
FR;1;2022-02-14;5453;27216;118078;392;133106;42413985;40891130;24159017;78365;26307249
FR;1;2022-02-15;5785;28848;118917;610;132549;42419770;40919978;24277934;78975;26439798
FR;1;2022-02-16;5751;28473;110417;596;123048;42425521;40948451;24388351;79571;26562846
FR;1;2022-02-17;4610;19727;73138;487;80242;42430131;40968178;24461489;80058;26643088
FR;1;2022-02-18;5604;26781;99197;670;108157;42435735;40994959;24560686;80728;26751245
FR;1;2022-02-19;3550;17173;59475;304;66056;42439285;41012132;24620161;81032;26817301
FR;1;2022-02-20;790;3253;10705;36;12332;42440075;41015385;24630866;81068;26829633
FR;1;2022-02-21;3423;14587;52824;286;57670;42443498;41029972;24683690;81354;26887303
FR;1;2022-02-22;3789;15533;51913;500;55651;42447287;41045505;24735603;81854;26942954
FR;1;2022-02-23;4231;17811;57469;508;62570;42451518;41063316;24793072;82362;27005524
FR;1;2022-02-24;3341;13059;43612;436;46401;42454859;41076375;24836684;82798;27051925
FR;1;2022-02-25;4471;19878;64921;696;68792;42459330;41096253;24901605;83494;27120717
FR;1;2022-02-26;2693;12799;41368;310;45121;42462023;41109052;24942973;83804;27165838
FR;1;2022-02-27;644;2189;7127;42;7992;42462667;41111241;24950100;83846;27173830
FR;1;2022-02-28;2612;10477;34954;306;37379;42465279;41121718;24985054;84152;27211209
FR;1;2022-03-01;3552;10747;38697;390;39652;42468831;41132465;25023751;84542;27250861
FR;1;2022-03-02;3662;12177;41854;397;43924;42472493;41144642;25065605;84939;27294785
FR;1;2022-03-03;2450;7967;26174;326;26512;42474943;41152609;25091779;85265;27321297
FR;1;2022-03-04;2684;10449;35429;591;34924;42477627;41163058;25127208;85856;27356221
FR;1;2022-03-05;1820;6358;21964;277;22360;42479447;41169416;25149172;86133;27378581
FR;1;2022-03-06;358;955;2917;38;3120;42479805;41170371;25152089;86171;27381701
FR;1;2022-03-07;1739;4712;16433;245;15900;42481544;41175083;25168522;86416;27397601
FR;1;2022-03-08;1685;5253;17167;308;15994;42483229;41180336;25185689;86724;27413595
FR;1;2022-03-09;1984;6678;19804;368;19164;42485213;41187014;25205493;87092;27432759
FR;1;2022-03-10;1404;4971;15278;308;14318;42486617;41191985;25220771;87400;27447077
FR;1;2022-03-11;1753;6399;21703;483;19857;42488370;41198384;25242474;87883;27466934
FR;1;2022-03-12;1239;4649;15360;280;14910;42489609;41203033;25257834;88163;27481844
FR;1;2022-03-13;249;612;2120;119;2066;42489858;41203645;25259954;88282;27483910
FR;1;2022-03-14;1143;3674;13399;3879;12522;42491001;41207319;25273353;92161;27496432
FR;1;2022-03-15;1391;5727;14650;6862;13248;42492392;41213046;25288003;99023;27509680
FR;1;2022-03-16;1690;5069;17391;11517;16454;42494082;41218115;25305394;110540;27526134
FR;1;2022-03-17;1170;3431;11723;9648;10821;42495252;41221546;25317117;120188;27536955
FR;1;2022-03-18;1726;4924;17962;16502;16400;42496978;41226470;25335079;136690;27553355
FR;1;2022-03-19;1124;3299;11889;8455;11357;42498102;41229769;25346968;145145;27564712
FR;1;2022-03-20;224;559;1725;1014;1759;42498326;41230328;25348693;146159;27566471
FR;1;2022-03-21;1086;2761;11492;13447;10841;42499412;41233089;25360185;159606;27577312
FR;1;2022-03-22;1229;3207;12253;18704;11243;42500641;41236296;25372438;178310;27588555
FR;1;2022-03-23;1502;4343;16024;20111;15708;42502143;41240639;25388462;198421;27604263
FR;1;2022-03-24;1114;2748;10394;16050;9657;42503257;41243387;25398856;214471;27613920
FR;1;2022-03-25;1533;4353;16740;25300;15394;42504790;41247740;25415596;239771;27629314
FR;1;2022-03-26;1108;3011;10854;11450;10515;42505898;41250751;25426450;251221;27639829
FR;1;2022-03-27;233;543;1749;1381;1802;42506131;41251294;25428199;252602;27641631
FR;1;2022-03-28;1080;2483;9973;15883;9596;42507211;41253777;25438172;268485;27651227
FR;1;2022-03-29;1140;2738;11550;25093;10916;42508351;41256515;25449722;293578;27662143
FR;1;2022-03-30;1625;3590;14163;24172;13694;42509976;41260105;25463885;317750;27675837
FR;1;2022-03-31;1278;3009;11689;22649;11196;42511254;41263114;25475574;340399;27687033
FR;1;2022-04-01;2226;4018;18462;28508;17333;42513480;41267132;25494036;368907;27704366
FR;1;2022-04-02;907;1882;8190;9220;7937;42514387;41269014;25502226;378127;27712303
FR;1;2022-04-03;201;379;1432;1056;1433;42514588;41269393;25503658;379183;27713736
FR;1;2022-04-04;1872;2458;11364;17670;10752;42516460;41271851;25515022;396853;27724488
FR;1;2022-04-05;1673;2697;12995;31171;12020;42518133;41274548;25528017;428024;27736508
FR;1;2022-04-06;1641;2980;12195;23915;11625;42519774;41277528;25540212;451939;27748133
FR;1;2022-04-07;1278;2705;12342;31055;11808;42521052;41280233;25552554;482994;27759941
FR;1;2022-04-08;1611;3605;17553;40578;16459;42522663;41283838;25570107;523572;27776400
FR;1;2022-04-09;817;1992;8403;12496;8101;42523480;41285830;25578510;536068;27784501
FR;1;2022-04-10;199;583;1834;1852;1878;42523679;41286413;25580344;537920;27786379
FR;1;2022-04-11;1062;2236;10963;22325;10678;42524741;41288649;25591307;560245;27797057
FR;1;2022-04-12;1306;2618;12818;38107;12305;42526047;41291267;25604125;598352;27809362
FR;1;2022-04-13;1257;2849;12268;30607;11998;42527304;41294116;25616393;628959;27821360
FR;1;2022-04-14;1218;2512;12084;33564;12089;42528522;41296628;25628477;662523;27833449
FR;1;2022-04-15;1480;2934;14389;33202;13765;42530002;41299562;25642866;695725;27847214
FR;1;2022-04-16;658;1403;5840;7985;5765;42530660;41300965;25648706;703710;27852979
FR;1;2022-04-17;155;284;929;1119;974;42530815;41301249;25649635;704829;27853953
FR;1;2022-04-18;164;465;2633;999;2657;42530979;41301714;25652268;705828;27856610
FR;1;2022-04-19;1236;2584;11777;27894;11508;42532215;41304298;25664045;733722;27868118
FR;1;2022-04-20;1335;2626;12171;26846;12010;42533550;41306924;25676216;760568;27880128
FR;1;2022-04-21;1237;2455;11533;33219;11744;42534787;41309379;25687749;793787;27891872
FR;1;2022-04-22;1511;3070;15204;35479;14785;42536298;41312449;25702953;829266;27906657
FR;1;2022-04-23;760;1580;6731;9890;6637;42537058;41314029;25709684;839156;27913294
FR;1;2022-04-24;196;372;1373;1520;1327;42537254;41314401;25711057;840676;27914621
FR;1;2022-04-25;1035;2127;9849;19688;9750;42538289;41316528;25720906;860364;27924371
FR;1;2022-04-26;1344;2619;12591;36544;12197;42539633;41319147;25733497;896908;27936568
FR;1;2022-04-27;1322;2403;10647;29179;10784;42540955;41321550;25744144;926087;27947352
FR;1;2022-04-28;1277;2389;11559;34246;11400;42542232;41323939;25755703;960333;27958752
FR;1;2022-04-29;1611;3926;14393;35507;13836;42543843;41327865;25770096;995840;27972588
FR;1;2022-04-30;827;1556;6446;9163;6288;42544670;41329421;25776542;1005003;27978876
FR;1;2022-05-01;176;284;829;947;822;42544846;41329705;25777371;1005950;27979698
FR;1;2022-05-02;1600;2582;10370;16905;10279;42546446;41332287;25787741;1022855;27989977
FR;1;2022-05-03;1513;2853;12702;32878;12594;42547959;41335140;25800443;1055733;28002571
FR;1;2022-05-04;1347;2725;11225;23798;11382;42549306;41337865;25811668;1079531;28013953
FR;1;2022-05-05;1461;2597;12171;31808;12095;42550767;41340462;25823839;1111339;28026048
FR;1;2022-05-06;1810;3230;14224;34883;13792;42552577;41343692;25838063;1146222;28039840
FR;1;2022-05-07;852;1468;5974;9089;6008;42553429;41345160;25844037;1155311;28045848
FR;1;2022-05-08;190;327;1059;1470;1121;42553619;41345487;25845096;1156781;28046969
FR;1;2022-05-09;1113;2005;9243;19257;9157;42554732;41347492;25854339;1176038;28056126
FR;1;2022-05-10;1460;2805;12603;37081;12202;42556192;41350297;25866942;1213119;28068328
FR;1;2022-05-11;1430;2452;9904;26011;9849;42557622;41352749;25876846;1239130;28078177
FR;1;2022-05-12;1311;2407;10511;33572;10212;42558933;41355156;25887357;1272702;28088389
FR;1;2022-05-13;1603;2793;12756;35715;12402;42560536;41357949;25900113;1308417;28100791
FR;1;2022-05-14;779;1316;5479;10210;5364;42561315;41359265;25905592;1318627;28106155
FR;1;2022-05-15;220;413;1183;1349;1251;42561535;41359678;25906775;1319976;28107406
FR;1;2022-05-16;967;1765;8069;20061;8121;42562502;41361443;25914844;1340037;28115527
FR;1;2022-05-17;1288;2286;11114;36148;10721;42563790;41363729;25925958;1376185;28126248
FR;1;2022-05-18;1302;2117;9032;25697;8983;42565092;41365846;25934990;1401882;28135231
FR;1;2022-05-19;1193;2387;9845;33981;9939;42566285;41368233;25944835;1435863;28145170
FR;1;2022-05-20;1561;2747;12520;37636;12104;42567846;41370980;25957355;1473499;28157274
FR;1;2022-05-21;774;1372;5246;9373;5164;42568620;41372352;25962601;1482872;28162438
FR;1;2022-05-22;191;288;948;1395;948;42568811;41372640;25963549;1484267;28163386
FR;1;2022-05-23;968;1876;8368;19404;8344;42569779;41374516;25971917;1503671;28171730
FR;1;2022-05-24;1283;2443;10716;37224;10585;42571062;41376959;25982633;1540895;28182315
FR;1;2022-05-25;1271;2286;8789;23661;8949;42572333;41379245;25991422;1564556;28191264
FR;1;2022-05-26;167;368;1575;1148;1569;42572500;41379613;25992997;1565704;28192833
FR;1;2022-05-27;1104;2170;8778;20436;8527;42573604;41381783;26001775;1586140;28201360
FR;1;2022-05-28;481;1041;3685;6529;3723;42574085;41382824;26005460;1592669;28205083
FR;1;2022-05-29;119;257;706;893;717;42574204;41383081;26006166;1593562;28205800
FR;1;2022-05-30;829;1722;6557;18529;6586;42575033;41384803;26012723;1612091;28212386
FR;1;2022-05-31;1265;2213;9240;34366;9109;42576298;41387016;26021963;1646457;28221495
FR;1;2022-06-01;1303;2588;10430;23446;10292;42577601;41389604;26032393;1669903;28231787
FR;1;2022-06-02;1219;2302;10667;34114;10234;42578820;41391906;26043060;1704017;28242021
FR;1;2022-06-03;1437;2728;12691;37088;12111;42580257;41394634;26055751;1741105;28254132
FR;1;2022-06-04;679;1260;4745;8675;4822;42580936;41395894;26060496;1749780;28258954
FR;1;2022-06-05;130;286;810;1048;832;42581066;41396180;26061306;1750828;28259786
FR;1;2022-06-06;346;1075;2012;1182;2025;42581412;41397255;26063318;1752010;28261811
FR;1;2022-06-07;1140;2300;9175;34031;8836;42582552;41399555;26072493;1786041;28270647
FR;1;2022-06-08;1101;2225;8666;27534;8548;42583653;41401780;26081159;1813575;28279195
FR;1;2022-06-09;1061;2141;9978;37543;9660;42584714;41403921;26091137;1851118;28288855
FR;1;2022-06-10;1328;2560;12390;43094;11966;42586042;41406481;26103527;1894212;28300821
FR;1;2022-06-11;655;1443;5136;11080;5184;42586697;41407924;26108663;1905292;28306005
FR;1;2022-06-12;151;370;1013;1683;1069;42586848;41408294;26109676;1906975;28307074
FR;1;2022-06-13;904;1825;7007;22217;6864;42587752;41410119;26116683;1929192;28313938
FR;1;2022-06-14;1085;2176;9834;42826;9236;42588837;41412295;26126517;1972018;28323174
FR;1;2022-06-15;1066;1958;8777;29363;8456;42589903;41414253;26135294;2001381;28331630
FR;1;2022-06-16;935;1821;9393;38462;8870;42590838;41416074;26144687;2039843;28340500
FR;1;2022-06-17;1209;2536;11863;44762;11351;42592047;41418610;26156550;2084605;28351851
FR;1;2022-06-18;560;1266;4316;10543;4254;42592607;41419876;26160866;2095148;28356105
FR;1;2022-06-19;137;324;1002;1543;1081;42592744;41420200;26161868;2096691;28357186
FR;1;2022-06-20;854;1693;8489;25033;8152;42593598;41421893;26170357;2121724;28365338
FR;1;2022-06-21;1097;2132;9757;47740;8848;42594695;41424025;26180114;2169464;28374186
FR;1;2022-06-22;1026;2039;8431;37128;7947;42595721;41426064;26188545;2206592;28382133
FR;1;2022-06-23;1047;2159;10118;52784;9404;42596768;41428223;26198663;2259376;28391537
FR;1;2022-06-24;1246;2700;12911;65926;11694;42598014;41430923;26211574;2325302;28403231
FR;1;2022-06-25;681;1501;5922;18914;5704;42598695;41432424;26217496;2344216;28408935
FR;1;2022-06-26;166;407;1817;3493;1712;42598861;41432831;26219313;2347709;28410647
FR;1;2022-06-27;936;1764;9900;45959;9125;42599797;41434595;26229213;2393668;28419772
FR;1;2022-06-28;1205;2566;13830;86498;12396;42601002;41437161;26243043;2480166;28432168
FR;1;2022-06-29;1231;2281;11476;67353;10543;42602233;41439442;26254519;2547519;28442711
FR;1;2022-06-30;1276;2434;13510;89948;11819;42603509;41441876;26268029;2637467;28454530
FR;1;2022-07-01;1632;3465;20270;109182;17934;42605141;41445341;26288299;2746649;28472464
FR;1;2022-07-02;760;1521;8014;33766;7247;42605901;41446862;26296313;2780415;28479711
FR;1;2022-07-03;226;479;1940;6115;1755;42606127;41447341;26298253;2786530;28481466
FR;1;2022-07-04;1270;2837;13902;75386;12322;42607397;41450178;26312155;2861916;28493788
FR;1;2022-07-05;1407;2790;17668;126313;15122;42608804;41452968;26329823;2988229;28508910
FR;1;2022-07-06;1339;2376;14880;93686;12900;42610143;41455344;26344703;3081915;28521810
FR;1;2022-07-07;1428;2527;16916;119380;13985;42611571;41457871;26361619;3201295;28535795
FR;1;2022-07-08;1524;2811;19598;129966;15960;42613095;41460682;26381217;3331261;28551755
FR;1;2022-07-09;660;1268;7302;36006;6345;42613755;41461950;26388519;3367267;28558100
FR;1;2022-07-10;235;479;2239;6684;2033;42613990;41462429;26390758;3373951;28560133
FR;1;2022-07-11;1196;2206;14310;84391;11920;42615186;41464635;26405068;3458342;28572053
FR;1;2022-07-12;1548;2765;19443;137359;15879;42616734;41467400;26424511;3595701;28587932
FR;1;2022-07-13;1398;2393;14772;89806;12615;42618132;41469793;26439283;3685507;28600547
FR;1;2022-07-14;156;342;1859;5283;1769;42618288;41470135;26441142;3690790;28602316
FR;1;2022-07-15;1251;2294;14354;80564;11998;42619539;41472429;26455496;3771354;28614314
FR;1;2022-07-16;502;1041;5630;23940;4884;42620041;41473470;26461126;3795294;28619198
FR;1;2022-07-17;157;363;1655;4458;1498;42620198;41473833;26462781;3799752;28620696
FR;1;2022-07-18;970;2022;11291;59262;9558;42621168;41475855;26474072;3859014;28630254
FR;1;2022-07-19;1222;2115;14684;99375;11714;42622390;41477970;26488756;3958389;28641968
FR;1;2022-07-20;1163;1984;12348;74334;10260;42623553;41479954;26501104;4032723;28652228
FR;1;2022-07-21;1118;1937;12400;84477;9977;42624671;41481891;26513504;4117200;28662205
FR;1;2022-07-22;1236;2194;14080;85858;11409;42625907;41484085;26527584;4203058;28673614
FR;1;2022-07-23;533;1082;5228;21291;4605;42626440;41485167;26532812;4224349;28678219
FR;1;2022-07-24;147;300;1324;3695;1164;42626587;41485467;26534136;4228044;28679383
FR;1;2022-07-25;884;1620;9063;46095;7509;42627471;41487087;26543199;4274139;28686892
FR;1;2022-07-26;1123;1954;12667;81929;10324;42628594;41489041;26555866;4356068;28697216
FR;1;2022-07-27;1013;1712;9737;58405;8114;42629607;41490753;26565603;4414473;28705330
FR;1;2022-07-28;976;1694;9842;61856;7837;42630583;41492447;26575445;4476329;28713167
FR;1;2022-07-29;1111;1797;10422;62892;8349;42631694;41494244;26585867;4539221;28721516
FR;1;2022-07-30;390;707;3340;14475;2843;42632084;41494951;26589207;4553696;28724359
FR;1;2022-07-31;138;257;900;2333;766;42632222;41495208;26590107;4556029;28725125
FR;1;2022-08-01;705;1253;7235;28951;6093;42632927;41496461;26597342;4584980;28731218
FR;1;2022-08-02;889;1459;8210;53978;6604;42633816;41497920;26605552;4638958;28737822
FR;1;2022-08-03;715;1081;6130;37023;4911;42634531;41499001;26611682;4675981;28742733
FR;1;2022-08-04;639;1066;6250;41386;5038;42635170;41500067;26617932;4717367;28747771
FR;1;2022-08-05;733;1187;6748;43022;5407;42635903;41501254;26624680;4760389;28753178
FR;1;2022-08-06;270;459;1990;8996;1670;42636173;41501713;26626670;4769385;28754848
FR;1;2022-08-07;85;141;519;1551;435;42636258;41501854;26627189;4770936;28755283
FR;1;2022-08-08;482;819;3785;21206;3110;42636740;41502673;26630974;4792142;28758393
FR;1;2022-08-09;605;1015;5668;38442;4543;42637345;41503688;26636642;4830584;28762936
FR;1;2022-08-10;523;978;4424;26877;3619;42637868;41504666;26641066;4857461;28766555
FR;1;2022-08-11;536;899;4298;28141;3566;42638404;41505565;26645364;4885602;28770121
FR;1;2022-08-12;586;1017;4540;27149;3748;42638990;41506582;26649904;4912751;28773869
FR;1;2022-08-13;173;346;1247;5101;1062;42639163;41506928;26651151;4917852;28774931
FR;1;2022-08-14;62;112;272;866;232;42639225;41507040;26651423;4918718;28775163
FR;1;2022-08-15;70;154;561;540;522;42639295;41507194;26651984;4919258;28775685
FR;1;2022-08-16;522;920;3776;21464;3204;42639817;41508114;26655760;4940722;28778889
FR;1;2022-08-17;521;870;3755;22093;3180;42640338;41508984;26659515;4962815;28782069
FR;1;2022-08-18;536;861;3898;25416;3100;42640874;41509845;26663413;4988231;28785169
FR;1;2022-08-19;534;1030;4354;26505;3589;42641408;41510875;26667767;5014736;28788758
FR;1;2022-08-20;229;401;1283;5362;1097;42641637;41511276;26669050;5020098;28789855
FR;1;2022-08-21;81;109;281;988;249;42641718;41511385;26669331;5021086;28790104
FR;1;2022-08-22;471;872;3133;14929;2705;42642189;41512257;26672464;5036015;28792809
FR;1;2022-08-23;631;1045;4140;28309;3476;42642820;41513302;26676604;5064324;28796285
FR;1;2022-08-24;549;820;3390;19052;2760;42643369;41514122;26679994;5083376;28799045
FR;1;2022-08-25;558;915;3808;22892;3190;42643927;41515037;26683802;5106268;28802235
FR;1;2022-08-26;744;1117;4338;25140;3553;42644671;41516154;26688140;5131408;28805788
FR;1;2022-08-27;215;426;1322;5301;1190;42644886;41516580;26689462;5136709;28806978
FR;1;2022-08-28;110;144;298;894;279;42644996;41516724;26689760;5137603;28807257
FR;1;2022-08-29;500;850;2971;14211;2510;42645496;41517574;26692731;5151814;28809767
FR;1;2022-08-30;733;1085;4611;27681;3766;42646229;41518659;26697342;5179495;28813533
FR;1;2022-08-31;573;807;3095;17187;2607;42646802;41519466;26700437;5196682;28816140
FR;1;2022-09-01;652;887;4286;21835;3644;42647454;41520353;26704723;5218517;28819784
FR;1;2022-09-02;765;1026;4866;27840;4064;42648219;41521379;26709589;5246357;28823848
FR;1;2022-09-03;313;493;1823;5865;1581;42648532;41521872;26711412;5252222;28825429
FR;1;2022-09-04;104;134;339;840;333;42648636;41522006;26711751;5253062;28825762
FR;1;2022-09-05;555;625;2983;15671;2486;42649191;41522631;26714734;5268733;28828248
FR;1;2022-09-06;714;911;4544;30999;3684;42649905;41523542;26719278;5299732;28831932
FR;1;2022-09-07;528;672;2910;16388;2414;42650433;41524214;26722188;5316120;28834346
FR;1;2022-09-08;561;772;3679;24165;3023;42650994;41524986;26725867;5340285;28837369
FR;1;2022-09-09;757;950;4261;26754;3547;42651751;41525936;26730128;5367039;28840916
FR;1;2022-09-10;313;455;1665;5569;1467;42652064;41526391;26731793;5372608;28842383
FR;1;2022-09-11;102;116;307;642;289;42652166;41526507;26732100;5373250;28842672
FR;1;2022-09-12;443;553;2585;12920;2202;42652609;41527060;26734685;5386170;28844874
FR;1;2022-09-13;569;780;3848;25654;3302;42653178;41527840;26738533;5411824;28848176
FR;1;2022-09-14;567;683;2844;15614;2370;42653745;41528523;26741377;5427438;28850546
FR;1;2022-09-15;501;691;3299;22984;2785;42654246;41529214;26744676;5450422;28853331
FR;1;2022-09-16;711;919;3994;25248;3360;42654957;41530133;26748670;5475670;28856691
FR;1;2022-09-17;290;398;1383;5957;1210;42655247;41530531;26750053;5481627;28857901
FR;1;2022-09-18;96;120;310;920;278;42655343;41530651;26750363;5482547;28858179
FR;1;2022-09-19;359;551;2122;12811;1816;42655702;41531202;26752485;5495358;28859995
FR;1;2022-09-20;546;789;3635;25698;3037;42656248;41531991;26756120;5521056;28863032
FR;1;2022-09-21;465;673;2613;15835;2244;42656713;41532664;26758733;5536891;28865276
FR;1;2022-09-22;529;734;3244;22885;2645;42657242;41533398;26761977;5559776;28867921
FR;1;2022-09-23;746;917;4326;28048;3608;42657988;41534315;26766303;5587824;28871529
FR;1;2022-09-24;346;528;1572;6686;1353;42658334;41534843;26767875;5594510;28872882
FR;1;2022-09-25;73;145;319;1071;291;42658407;41534988;26768194;5595581;28873173
FR;1;2022-09-26;368;621;2156;12956;1907;42658775;41535609;26770350;5608537;28875080
FR;1;2022-09-27;535;747;3434;24988;2766;42659310;41536356;26773784;5633525;28877846
FR;1;2022-09-28;503;705;2436;14942;2202;42659813;41537061;26776220;5648467;28880048
FR;1;2022-09-29;493;678;2953;20220;2472;42660306;41537739;26779173;5668687;28882520
FR;1;2022-09-30;668;955;3745;24348;3125;42660974;41538694;26782918;5693035;28885645
FR;1;2022-10-01;316;525;1726;5465;1490;42661290;41539219;26784644;5698500;28887135
FR;1;2022-10-02;46;112;199;561;198;42661336;41539331;26784843;5699061;28887333
FR;1;2022-10-03;377;541;2081;9981;1832;42661713;41539872;26786924;5709042;28889165
FR;1;2022-10-04;527;655;2757;18874;2317;42662240;41540527;26789681;5727916;28891482
FR;1;2022-10-05;412;662;2019;11064;1796;42662652;41541189;26791700;5738980;28893278
FR;1;2022-10-06;424;590;2417;15685;1993;42663076;41541779;26794117;5754665;28895271
FR;1;2022-10-07;536;721;2610;15984;2226;42663612;41542500;26796727;5770649;28897497
FR;1;2022-10-08;222;300;824;3148;713;42663834;41542800;26797551;5773797;28898210
FR;1;2022-10-09;70;84;147;460;131;42663904;41542884;26797698;5774257;28898341
FR;1;2022-10-10;277;380;965;4892;895;42664181;41543264;26798663;5779149;28899236
FR;1;2022-10-11;311;414;1214;7934;1089;42664492;41543678;26799877;5787083;28900325
FR;1;2022-10-12;311;407;980;5125;983;42664803;41544085;26800857;5792208;28901308
FR;1;2022-10-13;308;366;1001;5991;855;42665111;41544451;26801858;5798199;28902163
FR;1;2022-10-14;395;502;1104;6654;975;42665506;41544953;26802962;5804853;28903138
FR;1;2022-10-15;186;232;430;1828;418;42665692;41545185;26803392;5806681;28903556
FR;1;2022-10-16;44;56;102;281;110;42665736;41545241;26803494;5806962;28903666
FR;1;2022-10-17;219;286;552;2592;516;42665955;41545527;26804046;5809554;28904182
FR;1;2022-10-18;250;288;794;4525;676;42666205;41545815;26804840;5814079;28904858
FR;1;2022-10-19;265;341;578;3127;542;42666470;41546156;26805418;5817206;28905400
FR;1;2022-10-20;250;281;703;4078;612;42666720;41546437;26806121;5821284;28906012
FR;1;2022-10-21;287;377;621;3591;522;42667007;41546814;26806742;5824875;28906534
FR;1;2022-10-22;128;151;236;1193;231;42667135;41546965;26806978;5826068;28906765
FR;1;2022-10-23;28;30;55;190;51;42667163;41546995;26807033;5826258;28906816
FR;1;2022-10-24;251;186;334;1411;320;42667414;41547181;26807367;5827669;28907136
FR;2;2020-12-27;0;0;0;0;0;0;0;0;0;0
FR;2;2020-12-28;0;0;0;0;0;0;0;0;0;0
FR;2;2020-12-29;0;0;0;0;0;0;0;0;0;0
FR;2;2020-12-30;0;0;0;0;0;0;0;0;0;0
FR;2;2020-12-31;0;0;0;0;0;0;0;0;0;0
FR;2;2021-01-01;0;0;0;0;0;0;0;0;0;0
FR;2;2021-01-02;0;0;0;0;0;0;0;0;0;0
FR;2;2021-01-03;0;0;0;0;0;0;0;0;0;0
FR;2;2021-01-04;0;0;0;0;0;0;0;0;0;0
FR;2;2021-01-05;0;0;0;0;0;0;0;0;0;0
FR;2;2021-01-06;0;0;0;0;0;0;0;0;0;0
FR;2;2021-01-07;0;0;0;0;0;0;0;0;0;0
FR;2;2021-01-08;0;0;0;0;0;0;0;0;0;0
FR;2;2021-01-09;0;0;0;0;0;0;0;0;0;0
FR;2;2021-01-10;0;0;0;0;0;0;0;0;0;0
FR;2;2021-01-11;0;0;0;0;0;0;0;0;0;0
FR;2;2021-01-12;0;0;0;0;0;0;0;0;0;0
FR;2;2021-01-13;0;0;0;0;0;0;0;0;0;0
FR;2;2021-01-14;1657;0;0;0;0;1657;0;0;0;0
FR;2;2021-01-15;398;0;0;0;0;2055;0;0;0;0
FR;2;2021-01-16;316;0;0;0;0;2371;0;0;0;0
FR;2;2021-01-17;83;0;0;0;0;2454;0;0;0;0
FR;2;2021-01-18;3074;2;0;0;0;5528;2;0;0;0
FR;2;2021-01-19;4681;1;0;0;0;10209;3;0;0;0
FR;2;2021-01-20;5135;6;0;0;0;15344;9;0;0;0
FR;2;2021-01-21;5345;9;0;0;0;20689;18;0;0;0
FR;2;2021-01-22;5118;15;0;0;0;25807;33;0;0;0
FR;2;2021-01-23;1873;2;0;0;0;27680;35;0;0;0
FR;2;2021-01-24;163;2;0;0;0;27843;37;0;0;0
FR;2;2021-01-25;3814;3;0;0;0;31657;40;0;0;0
FR;2;2021-01-26;3924;5;0;0;0;35581;45;0;0;0
FR;2;2021-01-27;3603;4;0;0;0;39184;49;0;0;0
FR;2;2021-01-28;3754;8;0;0;0;42938;57;0;0;0
FR;2;2021-01-29;3295;4;0;0;0;46233;61;0;0;0
FR;2;2021-01-30;1133;3;0;0;0;47366;64;0;0;0
FR;2;2021-01-31;46;2;0;0;0;47412;66;0;0;0
FR;2;2021-02-01;3405;11;0;0;0;50817;77;0;0;0
FR;2;2021-02-02;4493;17;0;0;0;55310;94;0;0;0
FR;2;2021-02-03;5222;7;0;0;0;60532;101;0;0;0
FR;2;2021-02-04;4939;11;0;0;0;65471;112;0;0;0
FR;2;2021-02-05;4815;15;0;0;0;70286;127;0;0;0
FR;2;2021-02-06;2043;15;0;0;0;72329;142;0;0;0
FR;2;2021-02-07;102;4;0;0;0;72431;146;0;0;0
FR;2;2021-02-08;7557;25;0;0;0;79988;171;0;0;0
FR;2;2021-02-09;8428;28;0;0;0;88416;199;0;0;0
FR;2;2021-02-10;9342;60;0;0;0;97758;259;0;0;0
FR;2;2021-02-11;10289;122;0;0;0;108047;381;0;0;0
FR;2;2021-02-12;10056;272;0;0;0;118103;653;0;0;0
FR;2;2021-02-13;3120;225;0;0;0;121223;878;0;0;0
FR;2;2021-02-14;355;10;0;0;0;121578;888;0;0;0
FR;2;2021-02-15;3460;3110;0;0;0;125038;3998;0;0;0
FR;2;2021-02-16;5073;4118;0;0;0;130111;8116;0;0;0
FR;2;2021-02-17;4258;4531;0;0;0;134369;12647;0;0;0
FR;2;2021-02-18;5403;5163;0;0;0;139772;17810;0;0;0
FR;2;2021-02-19;5327;4464;0;0;0;145099;22274;0;0;0
FR;2;2021-02-20;1871;1516;0;0;0;146970;23790;0;0;0
FR;2;2021-02-21;244;95;0;0;0;147214;23885;0;0;0
FR;2;2021-02-22;3613;3767;0;0;0;150827;27652;0;0;0
FR;2;2021-02-23;4954;3725;0;0;0;155781;31377;0;0;0
FR;2;2021-02-24;5015;3531;0;0;0;160796;34908;0;0;0
FR;2;2021-02-25;5494;3475;0;0;0;166290;38383;0;0;0
FR;2;2021-02-26;4363;3168;0;0;0;170653;41551;0;0;0
FR;2;2021-02-27;1626;1065;0;0;0;172279;42616;0;0;0
FR;2;2021-02-28;178;20;0;0;0;172457;42636;0;0;0
FR;2;2021-03-01;5187;3760;0;0;0;177644;46396;0;0;0
FR;2;2021-03-02;6536;4719;0;0;0;184180;51115;0;0;0
FR;2;2021-03-03;6539;4944;0;0;0;190719;56059;0;0;0
FR;2;2021-03-04;8409;4161;0;0;0;199128;60220;0;0;0
FR;2;2021-03-05;8035;4053;0;0;0;207163;64273;0;0;0
FR;2;2021-03-06;4787;1679;0;0;0;211950;65952;0;0;0
FR;2;2021-03-07;2372;31;0;0;0;214322;65983;0;0;0
FR;2;2021-03-08;4166;8384;0;0;0;218488;74367;0;0;0
FR;2;2021-03-09;7491;8575;1;0;0;225979;82942;1;0;0
FR;2;2021-03-10;7103;9205;0;0;0;233082;92147;1;0;0
FR;2;2021-03-11;9376;9324;1;0;0;242458;101471;2;0;0
FR;2;2021-03-12;7979;8328;0;0;0;250437;109799;2;0;0
FR;2;2021-03-13;10055;2583;0;0;0;260492;112382;2;0;0
FR;2;2021-03-14;4841;384;0;0;0;265333;112766;2;0;0
FR;2;2021-03-15;10913;3485;0;0;0;276246;116251;2;0;0
FR;2;2021-03-16;16766;4675;1;0;0;293012;120926;3;0;0
FR;2;2021-03-17;20239;3995;0;0;0;313251;124921;3;0;0
FR;2;2021-03-18;23372;5083;0;0;0;336623;130004;3;0;0
FR;2;2021-03-19;23309;4647;0;0;0;359932;134651;3;0;0
FR;2;2021-03-20;25452;1572;0;0;0;385384;136223;3;0;0
FR;2;2021-03-21;17671;154;0;0;0;403055;136377;3;0;0
FR;2;2021-03-22;17787;3213;0;0;0;420842;139590;3;0;0
FR;2;2021-03-23;22696;4257;0;0;0;443538;143847;3;0;0
FR;2;2021-03-24;23957;5032;0;0;0;467495;148879;3;0;0
FR;2;2021-03-25;26751;5210;1;0;0;494246;154089;4;0;0
FR;2;2021-03-26;26986;4226;0;0;0;521232;158315;4;0;0
FR;2;2021-03-27;15920;1354;0;0;0;537152;159669;4;0;0
FR;2;2021-03-28;10562;137;0;0;0;547714;159806;4;0;0
FR;2;2021-03-29;18996;4310;0;0;0;566710;164116;4;0;0
FR;2;2021-03-30;24588;6086;0;0;0;591298;170202;4;0;0
FR;2;2021-03-31;28561;5922;0;0;0;619859;176124;4;0;0
FR;2;2021-04-01;34552;8555;1;0;0;654411;184679;5;0;0
FR;2;2021-04-02;29984;7705;0;0;0;684395;192384;5;0;0
FR;2;2021-04-03;16955;4125;0;0;0;701350;196509;5;0;0
FR;2;2021-04-04;9306;1199;2;0;0;710656;197708;7;0;0
FR;2;2021-04-05;12445;799;0;0;0;723101;198507;7;0;0
FR;2;2021-04-06;27154;7234;0;0;0;750255;205741;7;0;0
FR;2;2021-04-07;30931;7113;1;0;0;781186;212854;8;0;0
FR;2;2021-04-08;36894;8602;1;0;0;818080;221456;9;0;0
FR;2;2021-04-09;33846;8412;28;0;0;851926;229868;37;0;0
FR;2;2021-04-10;19684;9229;1;0;0;871610;239097;38;0;0
FR;2;2021-04-11;7942;4251;1;0;0;879552;243348;39;0;0
FR;2;2021-04-12;17128;11034;0;0;0;896680;254382;39;0;0
FR;2;2021-04-13;19458;16062;1;0;0;916138;270444;40;0;0
FR;2;2021-04-14;18067;16407;7;0;0;934205;286851;47;0;0
FR;2;2021-04-15;22199;21551;27;0;0;956404;308402;74;0;0
FR;2;2021-04-16;20712;20437;45;0;0;977116;328839;119;0;0
FR;2;2021-04-17;13256;22496;5;0;0;990372;351335;124;0;0
FR;2;2021-04-18;5911;14399;6;0;0;996283;365734;130;0;0
FR;2;2021-04-19;16843;16352;24;0;0;1013126;382086;154;0;0
FR;2;2021-04-20;19325;21690;38;0;0;1032451;403776;192;0;0
FR;2;2021-04-21;20290;21782;76;0;0;1052741;425558;268;0;0
FR;2;2021-04-22;23819;24918;41;0;0;1076560;450476;309;0;0
FR;2;2021-04-23;24528;25414;76;0;0;1101088;475890;385;0;0
FR;2;2021-04-24;25304;15063;104;0;0;1126392;490953;489;0;0
FR;2;2021-04-25;9595;8612;5;0;0;1135987;499565;494;0;0
FR;2;2021-04-26;17164;17489;21;0;0;1153151;517054;515;0;0
FR;2;2021-04-27;19244;24128;40;0;0;1172395;541182;555;0;0
FR;2;2021-04-28;22338;26351;112;0;0;1194733;567533;667;0;0
FR;2;2021-04-29;25472;30315;69;0;0;1220205;597848;736;0;0
FR;2;2021-04-30;25533;27901;49;1;0;1245738;625749;785;1;0
FR;2;2021-05-01;14987;9863;6;0;0;1260725;635612;791;1;0
FR;2;2021-05-02;6639;9169;2;0;0;1267364;644781;793;1;0
FR;2;2021-05-03;20021;19186;40;0;0;1287385;663967;833;1;0
FR;2;2021-05-04;18284;29131;33;0;0;1305669;693098;866;1;0
FR;2;2021-05-05;18374;29445;48;0;0;1324043;722543;914;1;0
FR;2;2021-05-06;23547;35344;132;0;0;1347590;757887;1046;1;0
FR;2;2021-05-07;25335;33236;97;0;0;1372925;791123;1143;1;0
FR;2;2021-05-08;21342;10351;14;0;0;1394267;801474;1157;1;0
FR;2;2021-05-09;13166;7711;7;0;0;1407433;809185;1164;1;0
FR;2;2021-05-10;32941;21862;50;0;0;1440374;831047;1214;1;0
FR;2;2021-05-11;43607;20956;101;0;0;1483981;852003;1315;1;0
FR;2;2021-05-12;50054;19704;143;0;0;1534035;871707;1458;1;0
FR;2;2021-05-13;51295;5674;31;0;0;1585330;877381;1489;1;0
FR;2;2021-05-14;61353;12887;132;0;0;1646683;890268;1621;1;0
FR;2;2021-05-15;65934;7121;39;0;0;1712617;897389;1660;1;0
FR;2;2021-05-16;43587;2574;10;0;0;1756204;899963;1670;1;0
FR;2;2021-05-17;44751;12479;114;0;0;1800955;912442;1784;1;0
FR;2;2021-05-18;54645;12265;191;0;0;1855600;924707;1975;1;0
FR;2;2021-05-19;57176;10532;281;0;0;1912776;935239;2256;1;0
FR;2;2021-05-20;63440;10809;288;0;0;1976216;946048;2544;1;0
FR;2;2021-05-21;64296;11624;230;0;0;2040512;957672;2774;1;0
FR;2;2021-05-22;61485;4520;65;0;0;2101997;962192;2839;1;0
FR;2;2021-05-23;37534;575;22;0;0;2139531;962767;2861;1;0
FR;2;2021-05-24;17243;2037;35;0;0;2156774;964804;2896;1;0
FR;2;2021-05-25;21114;12216;240;0;0;2177888;977020;3136;1;0
FR;2;2021-05-26;19939;11486;230;0;0;2197827;988506;3366;1;0
FR;2;2021-05-27;22997;12653;182;0;0;2220824;1001159;3548;1;0
FR;2;2021-05-28;29392;14996;190;0;0;2250216;1016155;3738;1;0
FR;2;2021-05-29;30420;8190;57;0;0;2280636;1024345;3795;1;0
FR;2;2021-05-30;4647;1817;6;0;0;2285283;1026162;3801;1;0
FR;2;2021-05-31;28589;18745;184;0;0;2313872;1044907;3985;1;0
FR;2;2021-06-01;45731;19922;224;0;0;2359603;1064829;4209;1;0
FR;2;2021-06-02;37475;19276;182;0;0;2397078;1084105;4391;1;0
FR;2;2021-06-03;51278;23170;161;0;0;2448356;1107275;4552;1;0
FR;2;2021-06-04;65511;24071;217;0;0;2513867;1131346;4769;1;0
FR;2;2021-06-05;34601;24073;52;0;0;2548468;1155419;4821;1;0
FR;2;2021-06-06;4956;6193;10;0;0;2553424;1161612;4831;1;0
FR;2;2021-06-07;28174;23015;150;0;0;2581598;1184627;4981;1;0
FR;2;2021-06-08;46377;22919;143;0;0;2627975;1207546;5124;1;0
FR;2;2021-06-09;34291;20943;107;0;0;2662266;1228489;5231;1;0
FR;2;2021-06-10;42640;19136;95;1;0;2704906;1247625;5326;2;0
FR;2;2021-06-11;55300;25157;134;0;0;2760206;1272782;5460;2;0
FR;2;2021-06-12;30561;19784;53;0;0;2790767;1292566;5513;2;0
FR;2;2021-06-13;3331;9195;13;0;0;2794098;1301761;5526;2;0
FR;2;2021-06-14;25300;24128;92;0;0;2819398;1325889;5618;2;0
FR;2;2021-06-15;39046;22835;154;0;0;2858444;1348724;5772;2;0
FR;2;2021-06-16;30163;21392;135;0;0;2888607;1370116;5907;2;0
FR;2;2021-06-17;36912;25808;150;0;0;2925519;1395924;6057;2;0
FR;2;2021-06-18;46859;28855;123;0;0;2972378;1424779;6180;2;0
FR;2;2021-06-19;24525;24906;39;0;0;2996903;1449685;6219;2;0
FR;2;2021-06-20;3742;10064;9;0;0;3000645;1459749;6228;2;0
FR;2;2021-06-21;17529;42840;88;0;0;3018174;1502589;6316;2;0
FR;2;2021-06-22;28361;49577;110;0;0;3046535;1552166;6426;2;0
FR;2;2021-06-23;21790;49595;107;1;1;3068325;1601761;6533;3;1
FR;2;2021-06-24;28376;50284;134;0;0;3096701;1652045;6667;3;1
FR;2;2021-06-25;33400;60428;128;0;0;3130101;1712473;6795;3;1
FR;2;2021-06-26;16387;59309;54;1;0;3146488;1771782;6849;4;1
FR;2;2021-06-27;2566;29315;22;1;0;3149054;1801097;6871;5;1
FR;2;2021-06-28;12640;54331;84;0;0;3161694;1855428;6955;5;1
FR;2;2021-06-29;19853;59948;178;0;0;3181547;1915376;7133;5;1
FR;2;2021-06-30;16330;57989;253;17;0;3197877;1973365;7386;22;1
FR;2;2021-07-01;20491;59881;228;0;0;3218368;2033246;7614;22;1
FR;2;2021-07-02;24080;62143;184;0;0;3242448;2095389;7798;22;1
FR;2;2021-07-03;12117;57115;153;0;0;3254565;2152504;7951;22;1
FR;2;2021-07-04;1959;23305;18;0;0;3256524;2175809;7969;22;1
FR;2;2021-07-05;9177;29338;106;0;0;3265701;2205147;8075;22;1
FR;2;2021-07-06;14582;36239;135;0;0;3280283;2241386;8210;22;1
FR;2;2021-07-07;14414;33656;139;0;0;3294697;2275042;8349;22;1
FR;2;2021-07-08;19722;40316;162;0;0;3314419;2315358;8511;22;1
FR;2;2021-07-09;27101;54310;202;1;0;3341520;2369668;8713;23;1
FR;2;2021-07-10;13386;33694;107;0;0;3354906;2403362;8820;23;1
FR;2;2021-07-11;1809;4353;16;0;0;3356715;2407715;8836;23;1
FR;2;2021-07-12;12970;37293;119;0;0;3369685;2445008;8955;23;1
FR;2;2021-07-13;37114;53179;152;0;0;3406799;2498187;9107;23;1
FR;2;2021-07-14;6626;3547;15;0;0;3413425;2501734;9122;23;1
FR;2;2021-07-15;47241;47026;156;0;0;3460666;2548760;9278;23;1
FR;2;2021-07-16;64316;55792;188;0;0;3524982;2604552;9466;23;1
FR;2;2021-07-17;31599;23926;96;0;0;3556581;2628478;9562;23;1
FR;2;2021-07-18;6088;4837;19;0;0;3562669;2633315;9581;23;1
FR;2;2021-07-19;33004;28626;94;0;0;3595673;2661941;9675;23;1
FR;2;2021-07-20;51998;44529;155;0;0;3647671;2706470;9830;23;1
FR;2;2021-07-21;45254;34697;93;0;0;3692925;2741167;9923;23;1
FR;2;2021-07-22;56280;41082;128;1;0;3749205;2782249;10051;24;1
FR;2;2021-07-23;68296;48995;170;0;0;3817501;2831244;10221;24;1
FR;2;2021-07-24;36176;21603;82;0;0;3853677;2852847;10303;24;1
FR;2;2021-07-25;6749;2623;10;0;0;3860426;2855470;10313;24;1
FR;2;2021-07-26;36315;22385;91;1;0;3896741;2877855;10404;25;1
FR;2;2021-07-27;62386;34588;180;0;0;3959127;2912443;10584;25;1
FR;2;2021-07-28;55320;26428;132;0;0;4014447;2938871;10716;25;1
FR;2;2021-07-29;68475;32804;189;0;0;4082922;2971675;10905;25;1
FR;2;2021-07-30;74463;37801;222;1;0;4157385;3009476;11127;26;1
FR;2;2021-07-31;34770;16205;105;0;0;4192155;3025681;11232;26;1
FR;2;2021-08-01;5413;2257;19;0;0;4197568;3027938;11251;26;1
FR;2;2021-08-02;35883;16187;101;0;0;4233451;3044125;11352;26;1
FR;2;2021-08-03;55986;28280;142;0;0;4289437;3072405;11494;26;1
FR;2;2021-08-04;46635;20841;128;1;0;4336072;3093246;11622;27;1
FR;2;2021-08-05;54637;31568;215;0;0;4390709;3124814;11837;27;1
FR;2;2021-08-06;58094;42399;242;1;0;4448803;3167213;12079;28;1
FR;2;2021-08-07;25149;17624;89;0;0;4473952;3184837;12168;28;1
FR;2;2021-08-08;3838;3652;21;0;0;4477790;3188489;12189;28;1
FR;2;2021-08-09;29307;21076;92;0;0;4507097;3209565;12281;28;1
FR;2;2021-08-10;45007;33486;155;0;0;4552104;3243051;12436;28;1
FR;2;2021-08-11;35275;25157;151;0;0;4587379;3268208;12587;28;1
FR;2;2021-08-12;41903;35701;163;0;0;4629282;3303909;12750;28;1
FR;2;2021-08-13;42602;37260;218;0;0;4671884;3341169;12968;28;1
FR;2;2021-08-14;18520;22170;94;0;0;4690404;3363339;13062;28;1
FR;2;2021-08-15;3854;3803;17;0;0;4694258;3367142;13079;28;1
FR;2;2021-08-16;25092;27144;111;0;0;4719350;3394286;13190;28;1
FR;2;2021-08-17;38260;43422;205;2;0;4757610;3437708;13395;30;1
FR;2;2021-08-18;32252;36367;195;1;1;4789862;3474075;13590;31;2
FR;2;2021-08-19;37434;46577;224;0;0;4827296;3520652;13814;31;2
FR;2;2021-08-20;40567;55642;271;1;0;4867863;3576294;14085;32;2
FR;2;2021-08-21;18120;24310;116;0;0;4885983;3600604;14201;32;2
FR;2;2021-08-22;2907;4327;22;1;1;4888890;3604931;14223;33;3
FR;2;2021-08-23;19248;35154;131;1;0;4908138;3640085;14354;34;3
FR;2;2021-08-24;31947;56047;236;0;0;4940085;3696132;14590;34;3
FR;2;2021-08-25;25934;43456;250;0;0;4966019;3739588;14840;34;3
FR;2;2021-08-26;32361;55816;388;0;0;4998380;3795404;15228;34;3
FR;2;2021-08-27;37003;65670;477;2;0;5035383;3861074;15705;36;3
FR;2;2021-08-28;17819;28528;300;0;0;5053202;3889602;16005;36;3
FR;2;2021-08-29;2656;5015;47;0;0;5055858;3894617;16052;36;3
FR;2;2021-08-30;18416;37739;400;0;759;5074274;3932356;16452;36;762
FR;2;2021-08-31;28076;57501;887;4;1549;5102350;3989857;17339;40;2311
FR;2;2021-09-01;21592;39866;1309;0;2116;5123942;4029723;18648;40;4427
FR;2;2021-09-02;25485;48659;1962;2;3347;5149427;4078382;20610;42;7774
FR;2;2021-09-03;33411;64539;2988;3;4869;5182838;4142921;23598;45;12643
FR;2;2021-09-04;16832;27742;1442;1;2379;5199670;4170663;25040;46;15022
FR;2;2021-09-05;2262;3609;266;0;412;5201932;4174272;25306;46;15434
FR;2;2021-09-06;14043;28712;1770;1;2945;5215975;4202984;27076;47;18379
FR;2;2021-09-07;21107;41096;3021;13;4912;5237082;4244080;30097;60;23291
FR;2;2021-09-08;17247;31922;2734;6;4493;5254329;4276002;32831;66;27784
FR;2;2021-09-09;20979;40475;4435;3;6812;5275308;4316477;37266;69;34596
FR;2;2021-09-10;28201;51264;5285;4;8920;5303509;4367741;42551;73;43516
FR;2;2021-09-11;13654;22427;2404;5;3973;5317163;4390168;44955;78;47489
FR;2;2021-09-12;1824;2775;291;0;510;5318987;4392943;45246;78;47999
FR;2;2021-09-13;11659;21443;2473;4;4033;5330646;4414386;47719;82;52032
FR;2;2021-09-14;18573;32748;5089;13;9054;5349219;4447134;52808;95;61086
FR;2;2021-09-15;14913;28261;5169;3;7764;5364132;4475395;57977;98;68850
FR;2;2021-09-16;16079;32784;6737;12;10533;5380211;4508179;64714;110;79383
FR;2;2021-09-17;20914;47135;8780;10;14607;5401125;4555314;73494;120;93990
FR;2;2021-09-18;9858;20957;3803;6;6033;5410983;4576271;77297;126;100023
FR;2;2021-09-19;1166;2604;396;0;633;5412149;4578875;77693;126;100656
FR;2;2021-09-20;7499;18728;3855;7;6142;5419648;4597603;81548;133;106798
FR;2;2021-09-21;11214;29997;6495;5;10743;5430862;4627600;88043;138;117541
FR;2;2021-09-22;9408;23536;5490;6;8518;5440270;4651136;93533;144;126059
FR;2;2021-09-23;10728;28908;7881;10;12652;5450998;4680044;101414;154;138711
FR;2;2021-09-24;15072;42925;10876;18;17237;5466070;4722969;112290;172;155948
FR;2;2021-09-25;7258;18782;3965;9;6110;5473328;4741751;116255;181;162058
FR;2;2021-09-26;1079;2549;495;0;629;5474407;4744300;116750;181;162687
FR;2;2021-09-27;6313;16417;4285;8;6536;5480720;4760717;121035;189;169223
FR;2;2021-09-28;9240;25550;7769;14;12074;5489960;4786267;128804;203;181297
FR;2;2021-09-29;8081;20208;6067;25;9259;5498041;4806475;134871;228;190556
FR;2;2021-09-30;9864;25830;9506;16;14103;5507905;4832305;144377;244;204659
FR;2;2021-10-01;13976;35719;12918;25;19306;5521881;4868024;157295;269;223965
FR;2;2021-10-02;6874;15917;4849;7;7031;5528755;4883941;162144;276;230996
FR;2;2021-10-03;841;1918;492;1;503;5529596;4885859;162636;277;231499
FR;2;2021-10-04;5824;13901;5515;5;7854;5535420;4899760;168151;282;239353
FR;2;2021-10-05;9058;22548;11121;19;15729;5544478;4922308;179272;301;255082
FR;2;2021-10-06;7783;17745;8242;11;11078;5552261;4940053;187514;312;266160
FR;2;2021-10-07;9202;22204;12383;15;16864;5561463;4962257;199897;327;283024
FR;2;2021-10-08;13430;32104;17349;27;23581;5574893;4994361;217246;354;306605
FR;2;2021-10-09;6000;12842;6042;6;7893;5580893;5007203;223288;360;314498
FR;2;2021-10-10;885;1600;436;2;609;5581778;5008803;223724;362;315107
FR;2;2021-10-11;5607;11556;6455;17;8828;5587385;5020359;230179;379;323935
FR;2;2021-10-12;8031;17790;12548;13;16775;5595416;5038149;242727;392;340710
FR;2;2021-10-13;6943;14853;10255;12;13634;5602359;5053002;252982;404;354344
FR;2;2021-10-14;8314;17931;14996;13;19461;5610673;5070933;267978;417;373805
FR;2;2021-10-15;11853;26306;20903;26;27972;5622526;5097239;288881;443;401777
FR;2;2021-10-16;5139;8741;1819;0;3221;5627665;5105980;290700;443;404998
FR;2;2021-10-17;651;1159;184;0;363;5628316;5107139;290884;443;405361
FR;2;2021-10-18;4563;7358;664;2;1641;5632879;5114497;291548;445;407002
FR;2;2021-10-19;6238;9864;732;5;2041;5639117;5124361;292280;450;409043
FR;2;2021-10-20;5170;8069;758;3;1683;5644287;5132430;293038;453;410726
FR;2;2021-10-21;6090;9973;779;5;2103;5650377;5142403;293817;458;412829
FR;2;2021-10-22;8450;14596;1148;4;2887;5658827;5156999;294965;462;415716
FR;2;2021-10-23;3845;5997;586;0;1233;5662672;5162996;295551;462;416949
FR;2;2021-10-24;494;887;101;0;206;5663166;5163883;295652;462;417155
FR;2;2021-10-25;3357;5348;307;1;825;5666523;5169231;295959;463;417980
FR;2;2021-10-26;4176;7254;1132;4;2024;5670699;5176485;297091;467;420004
FR;2;2021-10-27;3676;6601;1193;5;1993;5674375;5183086;298284;472;421997
FR;2;2021-10-28;4597;7695;1735;3;2748;5678972;5190781;300019;475;424745
FR;2;2021-10-29;5413;11088;2436;4;3678;5684385;5201869;302455;479;428423
FR;2;2021-10-30;2749;4445;976;1;1437;5687134;5206314;303431;480;429860
FR;2;2021-10-31;364;533;139;1;190;5687498;5206847;303570;481;430050
FR;2;2021-11-01;428;548;179;0;265;5687926;5207395;303749;481;430315
FR;2;2021-11-02;3293;6758;1183;0;1763;5691219;5214153;304932;481;432078
FR;2;2021-11-03;3340;6238;1388;2;1968;5694559;5220391;306320;483;434046
FR;2;2021-11-04;3986;7080;1768;4;2497;5698545;5227471;308088;487;436543
FR;2;2021-11-05;5233;10501;2867;5;3955;5703778;5237972;310955;492;440498
FR;2;2021-11-06;2595;4681;1403;0;1817;5706373;5242653;312358;492;442315
FR;2;2021-11-07;505;867;220;0;289;5706878;5243520;312578;492;442604
FR;2;2021-11-08;2578;5354;1203;3;1676;5709456;5248874;313781;495;444280
FR;2;2021-11-09;2750;6917;2402;5;3179;5712206;5255791;316183;500;447459
FR;2;2021-11-10;2589;5683;5111;6;6284;5714795;5261474;321294;506;453743
FR;2;2021-11-11;444;752;746;2;928;5715239;5262226;322040;508;454671
FR;2;2021-11-12;2953;8097;8972;8;10915;5718192;5270323;331012;516;465586
FR;2;2021-11-13;1539;3382;3870;7;4541;5719731;5273705;334882;523;470127
FR;2;2021-11-14;257;590;351;1;482;5719988;5274295;335233;524;470609
FR;2;2021-11-15;1622;3666;4445;8;5327;5721610;5277961;339678;532;475936
FR;2;2021-11-16;2184;5895;8308;14;10077;5723794;5283856;347986;546;486013
FR;2;2021-11-17;1741;4536;6630;8;7852;5725535;5288392;354616;554;493865
FR;2;2021-11-18;2192;5930;9181;10;11012;5727727;5294322;363797;564;504877
FR;2;2021-11-19;2700;7777;12973;19;15475;5730427;5302099;376770;583;520352
FR;2;2021-11-20;1565;3341;5180;5;6089;5731992;5305440;381950;588;526441
FR;2;2021-11-21;247;512;541;0;661;5732239;5305952;382491;588;527102
FR;2;2021-11-22;1278;2594;4479;5;5404;5733517;5308546;386970;593;532506
FR;2;2021-11-23;1617;4293;8199;9;9911;5735134;5312839;395169;602;542417
FR;2;2021-11-24;1418;3760;7475;14;8729;5736552;5316599;402644;616;551146
FR;2;2021-11-25;1813;4879;11469;21;13666;5738365;5321478;414113;637;564812
FR;2;2021-11-26;2540;7752;22669;31;26076;5740905;5329230;436782;668;590888
FR;2;2021-11-27;1497;4158;12271;18;14031;5742402;5333388;449053;686;604919
FR;2;2021-11-28;292;840;1972;3;2296;5742694;5334228;451025;689;607215
FR;2;2021-11-29;1447;4368;15090;23;17258;5744141;5338596;466115;712;624473
FR;2;2021-11-30;1912;6680;26242;36;29994;5746053;5345276;492357;748;654467
FR;2;2021-12-01;1915;6055;26202;31;29521;5747968;5351331;518559;779;683988
FR;2;2021-12-02;1913;6801;37715;52;41961;5749881;5358132;556274;831;725949
FR;2;2021-12-03;2556;10089;53620;111;59365;5752437;5368221;609894;942;785314
FR;2;2021-12-04;1848;6294;37116;38;40808;5754285;5374515;647010;980;826122
FR;2;2021-12-05;458;2252;14259;14;15988;5754743;5376767;661269;994;842110
FR;2;2021-12-06;2486;9879;77712;109;84768;5757229;5386646;738981;1103;926878
FR;2;2021-12-07;3455;15319;122445;238;133760;5760684;5401965;861426;1341;1060638
FR;2;2021-12-08;3725;16010;133201;330;145389;5764409;5417975;994627;1671;1206027
FR;2;2021-12-09;4547;19648;170210;555;185603;5768956;5437623;1164837;2226;1391630
FR;2;2021-12-10;4674;22850;188677;490;206164;5773630;5460473;1353514;2716;1597794
FR;2;2021-12-11;3685;16636;132446;239;144896;5777315;5477109;1485960;2955;1742690
FR;2;2021-12-12;1257;7133;59097;83;65155;5778572;5484242;1545057;3038;1807845
FR;2;2021-12-13;5528;26846;220700;605;242993;5784100;5511088;1765757;3643;2050838
FR;2;2021-12-14;7016;37465;300783;908;332224;5791116;5548553;2066540;4551;2383062
FR;2;2021-12-15;6555;36246;285233;957;315861;5797671;5584799;2351773;5508;2698923
FR;2;2021-12-16;7765;37941;312142;979;343761;5805436;5622740;2663915;6487;3042684
FR;2;2021-12-17;8680;41219;327888;976;360964;5814116;5663959;2991803;7463;3403648
FR;2;2021-12-18;6515;26562;212348;448;233661;5820631;5690521;3204151;7911;3637309
FR;2;2021-12-19;2603;11434;90212;182;100353;5823234;5701955;3294363;8093;3737662
FR;2;2021-12-20;9545;33558;275228;706;303380;5832779;5735513;3569591;8799;4041042
FR;2;2021-12-21;11563;38326;309632;968;341439;5844342;5773839;3879223;9767;4382481
FR;2;2021-12-22;10458;32807;265117;952;292477;5854800;5806646;4144340;10719;4674958
FR;2;2021-12-23;9426;26684;199509;701;221303;5864226;5833330;4343849;11420;4896261
FR;2;2021-12-24;2783;7483;43860;140;49561;5867009;5840813;4387709;11560;4945822
FR;2;2021-12-25;201;682;2002;10;2485;5867210;5841495;4389711;11570;4948307
FR;2;2021-12-26;1319;4209;25156;71;28680;5868529;5845704;4414867;11641;4976987
FR;2;2021-12-27;8076;29921;218414;659;243339;5876605;5875625;4633281;12300;5220326
FR;2;2021-12-28;9837;36329;272095;742;301999;5886442;5911954;4905376;13042;5522325
FR;2;2021-12-29;9497;32259;246135;765;272696;5895939;5944213;5151511;13807;5795021
FR;2;2021-12-30;9461;28103;208831;663;231455;5905400;5972316;5360342;14470;6026476
FR;2;2021-12-31;3010;8348;54991;176;61236;5908410;5980664;5415333;14646;6087712
FR;2;2022-01-01;230;692;2855;7;3353;5908640;5981356;5418188;14653;6091065
FR;2;2022-01-02;1505;4854;29513;75;33402;5910145;5986210;5447701;14728;6124467
FR;2;2022-01-03;9593;35408;266532;806;293909;5919738;6021618;5714233;15534;6418376
FR;2;2022-01-04;12852;45412;342089;1068;377017;5932590;6067030;6056322;16602;6795393
FR;2;2022-01-05;11271;38656;294192;884;323837;5943861;6105686;6350514;17486;7119230
FR;2;2022-01-06;13654;43497;331947;1298;364736;5957515;6149183;6682461;18784;7483966
FR;2;2022-01-07;14225;47645;361096;1270;396451;5971740;6196828;7043557;20054;7880417
FR;2;2022-01-08;7947;28146;201262;515;221703;5979687;6224974;7244819;20569;8102120
FR;2;2022-01-09;2749;8976;62524;137;69509;5982436;6233950;7307343;20706;8171629
FR;2;2022-01-10;10097;31917;232480;858;255053;5992533;6265867;7539823;21564;8426682
FR;2;2022-01-11;11469;36250;265922;1029;290622;6004002;6302117;7805745;22593;8717304
FR;2;2022-01-12;8765;29814;206322;863;226172;6012767;6331931;8012067;23456;8943476
FR;2;2022-01-13;9387;31346;224494;832;244842;6022154;6363277;8236561;24288;9188318
FR;2;2022-01-14;9741;35614;254540;920;277661;6031895;6398891;8491101;25208;9465979
FR;2;2022-01-15;5359;19452;140779;363;153636;6037254;6418343;8631880;25571;9619615
FR;2;2022-01-16;1512;5480;35887;81;39830;6038766;6423823;8667767;25652;9659445
FR;2;2022-01-17;5546;19275;135415;601;147258;6044312;6443098;8803182;26253;9806703
FR;2;2022-01-18;6421;21500;148632;648;160463;6050733;6464598;8951814;26901;9967166
FR;2;2022-01-19;4395;16325;105102;551;113701;6055128;6480923;9056916;27452;10080867
FR;2;2022-01-20;4871;17593;115296;603;123695;6059999;6498516;9172212;28055;10204562
FR;2;2022-01-21;5197;20060;137349;679;147771;6065196;6518576;9309561;28734;10352333
FR;2;2022-01-22;3030;10949;74263;260;80325;6068226;6529525;9383824;28994;10432658
FR;2;2022-01-23;724;2717;15241;41;16831;6068950;6532242;9399065;29035;10449489
FR;2;2022-01-24;3289;12816;75078;430;81031;6072239;6545058;9474143;29465;10530520
FR;2;2022-01-25;3574;14415;79627;496;85452;6075813;6559473;9553770;29961;10615972
FR;2;2022-01-26;2515;10700;58975;363;63025;6078328;6570173;9612745;30324;10678997
FR;2;2022-01-27;2682;11355;64176;388;67935;6081010;6581528;9676921;30712;10746932
FR;2;2022-01-28;3550;18293;91719;429;98912;6084560;6599821;9768640;31141;10845844
FR;2;2022-01-29;1894;9244;48851;164;52931;6086454;6609065;9817491;31305;10898775
FR;2;2022-01-30;464;2227;9454;38;10602;6086918;6611292;9826945;31343;10909377
FR;2;2022-01-31;1888;9565;43830;208;47328;6088806;6620857;9870775;31551;10956705
FR;2;2022-02-01;1916;10038;47030;279;50099;6090722;6630895;9917805;31830;11006804
FR;2;2022-02-02;1614;9003;41118;250;44162;6092336;6639898;9958923;32080;11050966
FR;2;2022-02-03;1725;8948;40524;205;42924;6094061;6648846;9999447;32285;11093890
FR;2;2022-02-04;2151;15194;66646;299;71339;6096212;6664040;10066093;32584;11165229
FR;2;2022-02-05;1360;8524;35945;132;39227;6097572;6672564;10102038;32716;11204456
FR;2;2022-02-06;275;1762;6127;16;6898;6097847;6674326;10108165;32732;11211354
FR;2;2022-02-07;1351;9562;37756;134;41297;6099198;6683888;10145921;32866;11252651
FR;2;2022-02-08;1299;9832;40952;173;43746;6100497;6693720;10186873;33039;11296397
FR;2;2022-02-09;1160;8838;37038;174;40462;6101657;6702558;10223911;33213;11336859
FR;2;2022-02-10;1028;7996;33837;204;36509;6102685;6710554;10257748;33417;11373368
FR;2;2022-02-11;1391;12085;53345;223;57698;6104076;6722639;10311093;33640;11431066
FR;2;2022-02-12;754;6533;27985;85;30804;6104830;6729172;10339078;33725;11461870
FR;2;2022-02-13;200;1340;4836;20;5577;6105030;6730512;10343914;33745;11467447
FR;2;2022-02-14;835;6731;30272;90;33231;6105865;6737243;10374186;33835;11500678
FR;2;2022-02-15;774;6472;28049;141;29992;6106639;6743715;10402235;33976;11530670
FR;2;2022-02-16;657;5361;22064;123;23629;6107296;6749076;10424299;34099;11554299
FR;2;2022-02-17;518;3783;14152;98;14617;6107814;6752859;10438451;34197;11568916
FR;2;2022-02-18;723;5368;20441;134;21128;6108537;6758227;10458892;34331;11590044
FR;2;2022-02-19;430;3056;10531;66;11245;6108967;6761283;10469423;34397;11601289
FR;2;2022-02-20;102;516;1460;3;1608;6109069;6761799;10470883;34400;11602897
FR;2;2022-02-21;422;2685;9122;65;9499;6109491;6764484;10480005;34465;11612396
FR;2;2022-02-22;391;2567;8892;76;8795;6109882;6767051;10488897;34541;11621191
FR;2;2022-02-23;432;2604;8991;82;9267;6110314;6769655;10497888;34623;11630458
FR;2;2022-02-24;314;2036;6800;82;6828;6110628;6771691;10504688;34705;11637286
FR;2;2022-02-25;457;3206;11418;107;11282;6111085;6774897;10516106;34812;11648568
FR;2;2022-02-26;297;1892;6035;49;6342;6111382;6776789;10522141;34861;11654910
FR;2;2022-02-27;76;313;907;5;950;6111458;6777102;10523048;34866;11655860
FR;2;2022-02-28;330;1688;5524;53;5531;6111788;6778790;10528572;34919;11661391
FR;2;2022-03-01;277;1568;5479;46;5196;6112065;6780358;10534051;34965;11666587
FR;2;2022-03-02;298;1445;5246;45;5090;6112363;6781803;10539297;35010;11671677
FR;2;2022-03-03;225;1111;3708;42;3485;6112588;6782914;10543005;35052;11675162
FR;2;2022-03-04;243;1468;4857;74;4505;6112831;6784382;10547862;35126;11679667
FR;2;2022-03-05;174;906;2979;32;2723;6113005;6785288;10550841;35158;11682390
FR;2;2022-03-06;42;183;280;5;320;6113047;6785471;10551121;35163;11682710
FR;2;2022-03-07;156;658;1987;70;1777;6113203;6786129;10553108;35233;11684487
FR;2;2022-03-08;144;668;2273;52;1906;6113347;6786797;10555381;35285;11686393
FR;2;2022-03-09;154;708;2348;37;2050;6113501;6787505;10557729;35322;11688443
FR;2;2022-03-10;123;603;1694;35;1469;6113624;6788108;10559423;35357;11689912
FR;2;2022-03-11;172;756;2769;57;2368;6113796;6788864;10562192;35414;11692280
FR;2;2022-03-12;149;484;1785;27;1554;6113945;6789348;10563977;35441;11693834
FR;2;2022-03-13;25;75;203;30;204;6113970;6789423;10564180;35471;11694038
FR;2;2022-03-14;128;470;1567;529;1297;6114098;6789893;10565747;36000;11695335
FR;2;2022-03-15;138;439;1712;690;1332;6114236;6790332;10567459;36690;11696667
FR;2;2022-03-16;142;476;2013;1615;1593;6114378;6790808;10569472;38305;11698260
FR;2;2022-03-17;93;413;1408;1193;1144;6114471;6791221;10570880;39498;11699404
FR;2;2022-03-18;146;496;2023;1794;1666;6114617;6791717;10572903;41292;11701070
FR;2;2022-03-19;108;321;1210;941;1015;6114725;6792038;10574113;42233;11702085
FR;2;2022-03-20;13;77;191;59;168;6114738;6792115;10574304;42292;11702253
FR;2;2022-03-21;97;307;1214;1483;1077;6114835;6792422;10575518;43775;11703330
FR;2;2022-03-22;118;388;1530;1830;1291;6114953;6792810;10577048;45605;11704621
FR;2;2022-03-23;139;361;1674;3032;1470;6115092;6793171;10578722;48637;11706091
FR;2;2022-03-24;116;293;1183;1547;1001;6115208;6793464;10579905;50184;11707092
FR;2;2022-03-25;119;361;1805;2450;1475;6115327;6793825;10581710;52634;11708567
FR;2;2022-03-26;79;247;1204;1222;952;6115406;6794072;10582914;53856;11709519
FR;2;2022-03-27;19;36;153;100;132;6115425;6794108;10583067;53956;11709651
FR;2;2022-03-28;94;288;1137;1601;995;6115519;6794396;10584204;55557;11710646
FR;2;2022-03-29;108;258;1324;2467;1104;6115627;6794654;10585528;58024;11711750
FR;2;2022-03-30;91;312;1488;3184;1320;6115718;6794966;10587016;61208;11713070
FR;2;2022-03-31;104;284;1275;2331;1090;6115822;6795250;10588291;63539;11714160
FR;2;2022-04-01;123;323;1567;2348;1322;6115945;6795573;10589858;65887;11715482
FR;2;2022-04-02;76;161;845;891;737;6116021;6795734;10590703;66778;11716219
FR;2;2022-04-03;16;53;128;113;142;6116037;6795787;10590831;66891;11716361
FR;2;2022-04-04;113;238;987;1439;796;6116150;6796025;10591818;68330;11717157
FR;2;2022-04-05;143;295;1316;2910;1143;6116293;6796320;10593134;71240;11718300
FR;2;2022-04-06;89;259;1305;2520;1129;6116382;6796579;10594439;73760;11719429
FR;2;2022-04-07;120;224;1301;2682;1041;6116502;6796803;10595740;76442;11720470
FR;2;2022-04-08;125;336;1632;3339;1325;6116627;6797139;10597372;79781;11721795
FR;2;2022-04-09;90;219;899;1046;731;6116717;6797358;10598271;80827;11722526
FR;2;2022-04-10;37;48;143;162;119;6116754;6797406;10598414;80989;11722645
FR;2;2022-04-11;88;195;889;1559;779;6116842;6797601;10599303;82548;11723424
FR;2;2022-04-12;176;270;1182;2769;1061;6117018;6797871;10600485;85317;11724485
FR;2;2022-04-13;146;230;1124;2456;986;6117164;6798101;10601609;87773;11725471
FR;2;2022-04-14;115;222;1085;2676;917;6117279;6798323;10602694;90449;11726388
FR;2;2022-04-15;114;249;1213;2291;1067;6117393;6798572;10603907;92740;11727455
FR;2;2022-04-16;67;108;548;549;459;6117460;6798680;10604455;93289;11727914
FR;2;2022-04-17;15;26;57;53;53;6117475;6798706;10604512;93342;11727967
FR;2;2022-04-18;12;35;120;70;115;6117487;6798741;10604632;93412;11728082
FR;2;2022-04-19;112;237;1120;1729;951;6117599;6798978;10605752;95141;11729033
FR;2;2022-04-20;95;241;1108;2170;932;6117694;6799219;10606860;97311;11729965
FR;2;2022-04-21;111;231;982;1912;837;6117805;6799450;10607842;99223;11730802
FR;2;2022-04-22;99;274;1242;2091;1023;6117904;6799724;10609084;101314;11731825
FR;2;2022-04-23;67;156;644;762;573;6117971;6799880;10609728;102076;11732398
FR;2;2022-04-24;12;29;101;68;79;6117983;6799909;10609829;102144;11732477
FR;2;2022-04-25;103;204;820;1314;710;6118086;6800113;10610649;103458;11733187
FR;2;2022-04-26;108;184;1041;2017;878;6118194;6800297;10611690;105475;11734065
FR;2;2022-04-27;98;178;860;1783;764;6118292;6800475;10612550;107258;11734829
FR;2;2022-04-28;93;214;950;1929;843;6118385;6800689;10613500;109187;11735672
FR;2;2022-04-29;81;280;1130;1695;1040;6118466;6800969;10614630;110882;11736712
FR;2;2022-04-30;65;126;470;539;429;6118531;6801095;10615100;111421;11737141
FR;2;2022-05-01;23;24;84;48;85;6118554;6801119;10615184;111469;11737226
FR;2;2022-05-02;116;232;762;1215;660;6118670;6801351;10615946;112684;11737886
FR;2;2022-05-03;148;233;999;1776;938;6118818;6801584;10616945;114460;11738824
FR;2;2022-05-04;90;226;923;1809;866;6118908;6801810;10617868;116269;11739690
FR;2;2022-05-05;127;197;852;1717;769;6119035;6802007;10618720;117986;11740459
FR;2;2022-05-06;133;246;1099;1848;1014;6119168;6802253;10619819;119834;11741473
FR;2;2022-05-07;40;98;470;504;406;6119208;6802351;10620289;120338;11741879
FR;2;2022-05-08;47;54;107;71;102;6119255;6802405;10620396;120409;11741981
FR;2;2022-05-09;101;174;654;984;604;6119356;6802579;10621050;121393;11742585
FR;2;2022-05-10;121;250;938;1840;893;6119477;6802829;10621988;123233;11743478
FR;2;2022-05-11;101;176;811;1873;791;6119578;6803005;10622799;125106;11744269
FR;2;2022-05-12;111;173;844;2094;802;6119689;6803178;10623643;127200;11745071
FR;2;2022-05-13;100;233;969;2096;899;6119789;6803411;10624612;129296;11745970
FR;2;2022-05-14;76;117;451;554;409;6119865;6803528;10625063;129850;11746379
FR;2;2022-05-15;24;39;94;87;108;6119889;6803567;10625157;129937;11746487
FR;2;2022-05-16;103;170;599;923;536;6119992;6803737;10625756;130860;11747023
FR;2;2022-05-17;95;184;689;1685;657;6120087;6803921;10626445;132545;11747680
FR;2;2022-05-18;80;181;641;1431;646;6120167;6804102;10627086;133976;11748326
FR;2;2022-05-19;70;160;708;1831;750;6120237;6804262;10627794;135807;11749076
FR;2;2022-05-20;107;180;874;1700;779;6120344;6804442;10628668;137507;11749855
FR;2;2022-05-21;48;96;397;517;338;6120392;6804538;10629065;138024;11750193
FR;2;2022-05-22;8;23;69;37;57;6120400;6804561;10629134;138061;11750250
FR;2;2022-05-23;86;133;498;931;469;6120486;6804694;10629632;138992;11750719
FR;2;2022-05-24;87;163;627;1621;615;6120573;6804857;10630259;140613;11751334
FR;2;2022-05-25;72;145;538;1148;492;6120645;6805002;10630797;141761;11751826
FR;2;2022-05-26;11;31;77;42;85;6120656;6805033;10630874;141803;11751911
FR;2;2022-05-27;44;123;456;818;438;6120700;6805156;10631330;142621;11752349
FR;2;2022-05-28;28;60;221;244;221;6120728;6805216;10631551;142865;11752570
FR;2;2022-05-29;13;34;43;25;51;6120741;6805250;10631594;142890;11752621
FR;2;2022-05-30;65;108;424;755;409;6120806;6805358;10632018;143645;11753030
FR;2;2022-05-31;76;135;563;1276;510;6120882;6805493;10632581;144921;11753540
FR;2;2022-06-01;59;157;562;1074;541;6120941;6805650;10633143;145995;11754081
FR;2;2022-06-02;92;175;625;1412;591;6121033;6805825;10633768;147407;11754672
FR;2;2022-06-03;71;155;666;1604;593;6121104;6805980;10634434;149011;11755265
FR;2;2022-06-04;69;93;283;433;269;6121173;6806073;10634717;149444;11755534
FR;2;2022-06-05;12;17;62;57;47;6121185;6806090;10634779;149501;11755581
FR;2;2022-06-06;11;33;92;75;92;6121196;6806123;10634871;149576;11755673
FR;2;2022-06-07;99;220;666;1533;576;6121295;6806343;10635537;151109;11756249
FR;2;2022-06-08;70;118;475;1166;411;6121365;6806461;10636012;152275;11756660
FR;2;2022-06-09;93;166;612;1921;570;6121458;6806627;10636624;154196;11757230
FR;2;2022-06-10;91;167;650;1682;621;6121549;6806794;10637274;155878;11757851
FR;2;2022-06-11;43;84;286;528;258;6121592;6806878;10637560;156406;11758109
FR;2;2022-06-12;18;38;58;78;60;6121610;6806916;10637618;156484;11758169
FR;2;2022-06-13;39;119;393;952;378;6121649;6807035;10638011;157436;11758547
FR;2;2022-06-14;68;157;599;2087;537;6121717;6807192;10638610;159523;11759084
FR;2;2022-06-15;78;104;520;1500;444;6121795;6807296;10639130;161023;11759528
FR;2;2022-06-16;127;127;495;1411;422;6121922;6807423;10639625;162434;11759950
FR;2;2022-06-17;73;136;586;1817;514;6121995;6807559;10640211;164251;11760464
FR;2;2022-06-18;75;92;224;578;196;6122070;6807651;10640435;164829;11760660
FR;2;2022-06-19;11;16;53;71;41;6122081;6807667;10640488;164900;11760701
FR;2;2022-06-20;62;125;401;1027;392;6122143;6807792;10640889;165927;11761093
FR;2;2022-06-21;107;115;524;2123;453;6122250;6807907;10641413;168050;11761546
FR;2;2022-06-22;39;107;462;1889;414;6122289;6808014;10641875;169939;11761960
FR;2;2022-06-23;56;108;537;2281;452;6122345;6808122;10642412;172220;11762412
FR;2;2022-06-24;66;122;708;3198;570;6122411;6808244;10643120;175418;11762982
FR;2;2022-06-25;30;90;295;987;252;6122441;6808334;10643415;176405;11763234
FR;2;2022-06-26;30;27;131;194;97;6122471;6808361;10643546;176599;11763331
FR;2;2022-06-27;79;137;581;2488;482;6122550;6808498;10644127;179087;11763813
FR;2;2022-06-28;110;140;812;4816;650;6122660;6808638;10644939;183903;11764463
FR;2;2022-06-29;71;150;776;4431;637;6122731;6808788;10645715;188334;11765100
FR;2;2022-06-30;72;133;832;5177;618;6122803;6808921;10646547;193511;11765718
FR;2;2022-07-01;112;158;1149;6691;848;6122915;6809079;10647696;200202;11766566
FR;2;2022-07-02;68;132;474;1976;392;6122983;6809211;10648170;202178;11766958
FR;2;2022-07-03;23;30;146;334;130;6123006;6809241;10648316;202512;11767088
FR;2;2022-07-04;120;180;775;3774;611;6123126;6809421;10649091;206286;11767699
FR;2;2022-07-05;118;186;1121;6817;828;6123244;6809607;10650212;213103;11768527
FR;2;2022-07-06;92;148;949;5807;695;6123336;6809755;10651161;218910;11769222
FR;2;2022-07-07;81;185;1021;6498;750;6123417;6809940;10652182;225408;11769972
FR;2;2022-07-08;65;122;1095;7044;758;6123482;6810062;10653277;232452;11770730
FR;2;2022-07-09;34;61;418;1869;299;6123516;6810123;10653695;234321;11771029
FR;2;2022-07-10;6;17;96;315;82;6123522;6810140;10653791;234636;11771111
FR;2;2022-07-11;68;119;682;3815;540;6123590;6810259;10654473;238451;11771651
FR;2;2022-07-12;101;178;1052;6505;808;6123691;6810437;10655525;244956;11772459
FR;2;2022-07-13;63;126;878;4664;590;6123754;6810563;10656403;249620;11773049
FR;2;2022-07-14;6;13;88;248;59;6123760;6810576;10656491;249868;11773108
FR;2;2022-07-15;61;129;739;3791;560;6123821;6810705;10657230;253659;11773668
FR;2;2022-07-16;27;54;289;1029;242;6123848;6810759;10657519;254688;11773910
FR;2;2022-07-17;5;12;77;201;66;6123853;6810771;10657596;254889;11773976
FR;2;2022-07-18;57;103;514;2509;384;6123910;6810874;10658110;257398;11774360
FR;2;2022-07-19;66;133;769;4247;555;6123976;6811007;10658879;261645;11774915
FR;2;2022-07-20;59;118;580;3179;430;6124035;6811125;10659459;264824;11775345
FR;2;2022-07-21;60;109;671;3678;485;6124095;6811234;10660130;268502;11775830
FR;2;2022-07-22;51;98;697;3528;505;6124146;6811332;10660827;272030;11776335
FR;2;2022-07-23;39;96;290;1173;229;6124185;6811428;10661117;273203;11776564
FR;2;2022-07-24;14;23;68;201;67;6124199;6811451;10661185;273404;11776631
FR;2;2022-07-25;50;71;404;1936;299;6124249;6811522;10661589;275340;11776930
FR;2;2022-07-26;57;133;607;3423;478;6124306;6811655;10662196;278763;11777408
FR;2;2022-07-27;42;81;457;2782;361;6124348;6811736;10662653;281545;11777769
FR;2;2022-07-28;29;75;449;2476;356;6124377;6811811;10663102;284021;11778125
FR;2;2022-07-29;68;87;535;2857;347;6124445;6811898;10663637;286878;11778472
FR;2;2022-07-30;22;38;162;774;110;6124467;6811936;10663799;287652;11778582
FR;2;2022-07-31;6;13;27;104;21;6124473;6811949;10663826;287756;11778603
FR;2;2022-08-01;38;105;323;1261;260;6124511;6812054;10664149;289017;11778863
FR;2;2022-08-02;49;73;325;2060;247;6124560;6812127;10664474;291077;11779110
FR;2;2022-08-03;29;52;258;1610;187;6124589;6812179;10664732;292687;11779297
FR;2;2022-08-04;40;63;306;1686;240;6124629;6812242;10665038;294373;11779537
FR;2;2022-08-05;33;94;327;1879;235;6124662;6812336;10665365;296252;11779772
FR;2;2022-08-06;22;40;106;365;82;6124684;6812376;10665471;296617;11779854
FR;2;2022-08-07;7;8;14;69;16;6124691;6812384;10665485;296686;11779870
FR;2;2022-08-08;19;35;216;876;144;6124710;6812419;10665701;297562;11780014
FR;2;2022-08-09;29;51;279;1475;238;6124739;6812470;10665980;299037;11780252
FR;2;2022-08-10;15;21;213;1126;150;6124754;6812491;10666193;300163;11780402
FR;2;2022-08-11;21;41;174;1037;117;6124775;6812532;10666367;301200;11780519
FR;2;2022-08-12;36;49;184;1044;140;6124811;6812581;10666551;302244;11780659
FR;2;2022-08-13;8;19;46;149;52;6124819;6812600;10666597;302393;11780711
FR;2;2022-08-14;1;2;12;52;11;6124820;6812602;10666609;302445;11780722
FR;2;2022-08-15;0;5;32;22;21;6124820;6812607;10666641;302467;11780743
FR;2;2022-08-16;27;32;144;672;120;6124847;6812639;10666785;303139;11780863
FR;2;2022-08-17;16;26;108;738;87;6124863;6812665;10666893;303877;11780950
FR;2;2022-08-18;13;28;159;835;106;6124876;6812693;10667052;304712;11781056
FR;2;2022-08-19;8;38;116;703;86;6124884;6812731;10667168;305415;11781142
FR;2;2022-08-20;6;26;56;196;47;6124890;6812757;10667224;305611;11781189
FR;2;2022-08-21;4;14;15;19;13;6124894;6812771;10667239;305630;11781202
FR;2;2022-08-22;10;24;116;395;73;6124904;6812795;10667355;306025;11781275
FR;2;2022-08-23;11;40;134;671;112;6124915;6812835;10667489;306696;11781387
FR;2;2022-08-24;11;27;86;466;78;6124926;6812862;10667575;307162;11781465
FR;2;2022-08-25;8;32;109;481;69;6124934;6812894;10667684;307643;11781534
FR;2;2022-08-26;15;46;117;720;91;6124949;6812940;10667801;308363;11781625
FR;2;2022-08-27;10;18;47;156;42;6124959;6812958;10667848;308519;11781667
FR;2;2022-08-28;1;5;5;15;7;6124960;6812963;10667853;308534;11781674
FR;2;2022-08-29;24;42;91;400;85;6124984;6813005;10667944;308934;11781759
FR;2;2022-08-30;31;54;154;787;119;6125015;6813059;10668098;309721;11781878
FR;2;2022-08-31;19;34;85;391;79;6125034;6813093;10668183;310112;11781957
FR;2;2022-09-01;19;42;139;600;122;6125053;6813135;10668322;310712;11782079
FR;2;2022-09-02;34;54;145;744;156;6125087;6813189;10668467;311456;11782235
FR;2;2022-09-03;17;20;83;204;67;6125104;6813209;10668550;311660;11782302
FR;2;2022-09-04;8;5;9;31;10;6125112;6813214;10668559;311691;11782312
FR;2;2022-09-05;28;28;124;367;95;6125140;6813242;10668683;312058;11782407
FR;2;2022-09-06;43;61;158;761;153;6125183;6813303;10668841;312819;11782560
FR;2;2022-09-07;21;20;74;375;49;6125204;6813323;10668915;313194;11782609
FR;2;2022-09-08;31;57;109;636;100;6125235;6813380;10669024;313830;11782709
FR;2;2022-09-09;17;24;126;751;74;6125252;6813404;10669150;314581;11782783
FR;2;2022-09-10;14;24;57;117;48;6125266;6813428;10669207;314698;11782831
FR;2;2022-09-11;11;5;10;11;12;6125277;6813433;10669217;314709;11782843
FR;2;2022-09-12;20;30;68;340;55;6125297;6813463;10669285;315049;11782898
FR;2;2022-09-13;15;34;126;670;99;6125312;6813497;10669411;315719;11782997
FR;2;2022-09-14;19;21;81;479;59;6125331;6813518;10669492;316198;11783056
FR;2;2022-09-15;22;42;124;486;101;6125353;6813560;10669616;316684;11783157
FR;2;2022-09-16;19;30;122;563;89;6125372;6813590;10669738;317247;11783246
FR;2;2022-09-17;6;19;56;160;52;6125378;6813609;10669794;317407;11783298
FR;2;2022-09-18;4;7;13;36;10;6125382;6813616;10669807;317443;11783308
FR;2;2022-09-19;26;24;114;353;87;6125408;6813640;10669921;317796;11783395
FR;2;2022-09-20;27;27;117;624;84;6125435;6813667;10670038;318420;11783479
FR;2;2022-09-21;15;30;100;393;78;6125450;6813697;10670138;318813;11783557
FR;2;2022-09-22;16;39;122;582;94;6125466;6813736;10670260;319395;11783651
FR;2;2022-09-23;21;38;134;555;111;6125487;6813774;10670394;319950;11783762
FR;2;2022-09-24;10;8;50;190;35;6125497;6813782;10670444;320140;11783797
FR;2;2022-09-25;9;11;14;29;11;6125506;6813793;10670458;320169;11783808
FR;2;2022-09-26;21;40;103;447;79;6125527;6813833;10670561;320616;11783887
FR;2;2022-09-27;29;46;158;906;107;6125556;6813879;10670719;321522;11783994
FR;2;2022-09-28;14;31;93;421;73;6125570;6813910;10670812;321943;11784067
FR;2;2022-09-29;26;47;113;618;109;6125596;6813957;10670925;322561;11784176
FR;2;2022-09-30;24;44;111;519;84;6125620;6814001;10671036;323080;11784260
FR;2;2022-10-01;10;20;48;128;34;6125630;6814021;10671084;323208;11784294
FR;2;2022-10-02;0;5;8;21;5;6125630;6814026;10671092;323229;11784299
FR;2;2022-10-03;21;26;83;291;64;6125651;6814052;10671175;323520;11784363
FR;2;2022-10-04;17;20;104;599;68;6125668;6814072;10671279;324119;11784431
FR;2;2022-10-05;20;29;75;491;67;6125688;6814101;10671354;324610;11784498
FR;2;2022-10-06;29;23;72;441;70;6125717;6814124;10671426;325051;11784568
FR;2;2022-10-07;21;28;85;498;63;6125738;6814152;10671511;325549;11784631
FR;2;2022-10-08;12;8;19;108;20;6125750;6814160;10671530;325657;11784651
FR;2;2022-10-09;1;8;15;17;11;6125751;6814168;10671545;325674;11784662
FR;2;2022-10-10;18;24;42;222;45;6125769;6814192;10671587;325896;11784707
FR;2;2022-10-11;15;14;44;253;37;6125784;6814206;10671631;326149;11784744
FR;2;2022-10-12;8;20;49;285;36;6125792;6814226;10671680;326434;11784780
FR;2;2022-10-13;11;13;48;273;47;6125803;6814239;10671728;326707;11784827
FR;2;2022-10-14;11;25;33;228;37;6125814;6814264;10671761;326935;11784864
FR;2;2022-10-15;4;8;20;110;13;6125818;6814272;10671781;327045;11784877
FR;2;2022-10-16;0;5;4;10;6;6125818;6814277;10671785;327055;11784883
FR;2;2022-10-17;14;17;27;116;22;6125832;6814294;10671812;327171;11784905
FR;2;2022-10-18;13;10;43;172;24;6125845;6814304;10671855;327343;11784929
FR;2;2022-10-19;9;17;32;181;27;6125854;6814321;10671887;327524;11784956
FR;2;2022-10-20;11;27;30;193;29;6125865;6814348;10671917;327717;11784985
FR;2;2022-10-21;5;15;46;213;44;6125870;6814363;10671963;327930;11785029
FR;2;2022-10-22;8;7;20;85;20;6125878;6814370;10671983;328015;11785049
FR;2;2022-10-23;0;1;1;5;0;6125878;6814371;10671984;328020;11785049
FR;2;2022-10-24;11;10;10;101;12;6125889;6814381;10671994;328121;11785061
FR;3;2020-12-27;0;0;0;0;0;0;0;0;0;0
FR;3;2020-12-28;0;0;0;0;0;0;0;0;0;0
FR;3;2020-12-29;0;0;0;0;0;0;0;0;0;0
FR;3;2020-12-30;0;0;0;0;0;0;0;0;0;0
FR;3;2020-12-31;0;0;0;0;0;0;0;0;0;0
FR;3;2021-01-01;0;0;0;0;0;0;0;0;0;0
FR;3;2021-01-02;0;0;0;0;0;0;0;0;0;0
FR;3;2021-01-03;0;0;0;0;0;0;0;0;0;0
FR;3;2021-01-04;0;0;0;0;0;0;0;0;0;0
FR;3;2021-01-05;0;0;0;0;0;0;0;0;0;0
FR;3;2021-01-06;0;0;0;0;0;0;0;0;0;0
FR;3;2021-01-07;0;0;0;0;0;0;0;0;0;0
FR;3;2021-01-08;0;0;0;0;0;0;0;0;0;0
FR;3;2021-01-09;0;0;0;0;0;0;0;0;0;0
FR;3;2021-01-10;0;0;0;0;0;0;0;0;0;0
FR;3;2021-01-11;0;0;0;0;0;0;0;0;0;0
FR;3;2021-01-12;0;0;0;0;0;0;0;0;0;0
FR;3;2021-01-13;0;0;0;0;0;0;0;0;0;0
FR;3;2021-01-14;0;0;0;0;0;0;0;0;0;0
FR;3;2021-01-15;0;0;0;0;0;0;0;0;0;0
FR;3;2021-01-16;0;0;0;0;0;0;0;0;0;0
FR;3;2021-01-17;0;0;0;0;0;0;0;0;0;0
FR;3;2021-01-18;0;0;0;0;0;0;0;0;0;0
FR;3;2021-01-19;0;0;0;0;0;0;0;0;0;0
FR;3;2021-01-20;0;0;0;0;0;0;0;0;0;0
FR;3;2021-01-21;0;0;0;0;0;0;0;0;0;0
FR;3;2021-01-22;0;0;0;0;0;0;0;0;0;0
FR;3;2021-01-23;0;0;0;0;0;0;0;0;0;0
FR;3;2021-01-24;0;0;0;0;0;0;0;0;0;0
FR;3;2021-01-25;0;0;0;0;0;0;0;0;0;0
FR;3;2021-01-26;0;0;0;0;0;0;0;0;0;0
FR;3;2021-01-27;0;0;0;0;0;0;0;0;0;0
FR;3;2021-01-28;0;0;0;0;0;0;0;0;0;0
FR;3;2021-01-29;0;0;0;0;0;0;0;0;0;0
FR;3;2021-01-30;0;0;0;0;0;0;0;0;0;0
FR;3;2021-01-31;0;0;0;0;0;0;0;0;0;0
FR;3;2021-02-01;0;0;0;0;0;0;0;0;0;0
FR;3;2021-02-02;0;0;0;0;0;0;0;0;0;0
FR;3;2021-02-03;0;0;0;0;0;0;0;0;0;0
FR;3;2021-02-04;0;0;0;0;0;0;0;0;0;0
FR;3;2021-02-05;0;0;0;0;0;0;0;0;0;0
FR;3;2021-02-06;1547;0;0;0;0;1547;0;0;0;0
FR;3;2021-02-07;1423;1;0;0;0;2970;1;0;0;0
FR;3;2021-02-08;2788;1;0;0;0;5758;2;0;0;0
FR;3;2021-02-09;6785;0;0;0;0;12543;2;0;0;0
FR;3;2021-02-10;9611;0;0;0;0;22154;2;0;0;0
FR;3;2021-02-11;13617;3;0;0;0;35771;5;0;0;0
FR;3;2021-02-12;13408;0;0;0;0;49179;5;0;0;0
FR;3;2021-02-13;3798;1;0;0;0;52977;6;0;0;0
FR;3;2021-02-14;975;1;0;0;0;53952;7;0;0;0
FR;3;2021-02-15;10494;2;0;0;0;64446;9;0;0;0
FR;3;2021-02-16;12551;4;0;0;0;76997;13;0;0;0
FR;3;2021-02-17;11158;1;0;0;0;88155;14;0;0;0
FR;3;2021-02-18;14943;2;0;0;0;103098;16;0;0;0
FR;3;2021-02-19;14363;1;0;0;0;117461;17;0;0;0
FR;3;2021-02-20;3330;0;0;0;0;120791;17;0;0;0
FR;3;2021-02-21;619;0;0;0;0;121410;17;0;0;0
FR;3;2021-02-22;9168;1;0;0;0;130578;18;0;0;0
FR;3;2021-02-23;11400;3;0;0;0;141978;21;0;0;0
FR;3;2021-02-24;14305;1;0;0;0;156283;22;0;0;0
FR;3;2021-02-25;44932;3;0;0;0;201215;25;0;0;0
FR;3;2021-02-26;61889;9;0;0;0;263104;34;0;0;0
FR;3;2021-02-27;34807;11;0;0;0;297911;45;0;0;0
FR;3;2021-02-28;2463;0;0;0;0;300374;45;0;0;0
FR;3;2021-03-01;20519;18;0;0;0;320893;63;0;0;0
FR;3;2021-03-02;38873;22;0;0;0;359766;85;0;0;0
FR;3;2021-03-03;48746;17;0;0;0;408512;102;0;0;0
FR;3;2021-03-04;82222;25;0;0;0;490734;127;0;0;0
FR;3;2021-03-05;118129;41;0;0;0;608863;168;0;0;0
FR;3;2021-03-06;120718;63;1;0;0;729581;231;1;0;0
FR;3;2021-03-07;55182;25;0;0;0;784763;256;1;0;0
FR;3;2021-03-08;42813;24;0;0;0;827576;280;1;0;0
FR;3;2021-03-09;78975;51;0;0;0;906551;331;1;0;0
FR;3;2021-03-10;80981;59;0;0;0;987532;390;1;0;0
FR;3;2021-03-11;128441;59;0;0;0;1115973;449;1;0;0
FR;3;2021-03-12;182720;113;0;0;0;1298693;562;1;0;0
FR;3;2021-03-13;132159;79;0;0;0;1430852;641;1;0;0
FR;3;2021-03-14;14057;5;0;0;0;1444909;646;1;0;0
FR;3;2021-03-15;52234;69;0;0;0;1497143;715;1;0;0
FR;3;2021-03-16;1216;46;0;0;0;1498359;761;1;0;0
FR;3;2021-03-17;947;51;0;0;0;1499306;812;1;0;0
FR;3;2021-03-18;1571;35;0;0;0;1500877;847;1;0;0
FR;3;2021-03-19;70456;53;0;0;0;1571333;900;1;0;0
FR;3;2021-03-20;65238;45;0;0;0;1636571;945;1;0;0
FR;3;2021-03-21;5759;8;0;0;0;1642330;953;1;0;0
FR;3;2021-03-22;37508;44;0;0;0;1679838;997;1;0;0
FR;3;2021-03-23;84663;81;0;0;0;1764501;1078;1;0;0
FR;3;2021-03-24;90950;95;0;0;0;1855451;1173;1;0;0
FR;3;2021-03-25;150064;138;0;0;0;2005515;1311;1;0;0
FR;3;2021-03-26;165427;158;0;0;0;2170942;1469;1;0;0
FR;3;2021-03-27;68462;101;0;0;0;2239404;1570;1;0;0
FR;3;2021-03-28;6479;20;0;0;0;2245883;1590;1;0;0
FR;3;2021-03-29;54168;76;0;0;0;2300051;1666;1;0;0
FR;3;2021-03-30;93180;100;0;0;0;2393231;1766;1;0;0
FR;3;2021-03-31;63541;109;0;0;0;2456772;1875;1;0;0
FR;3;2021-04-01;86133;115;0;0;0;2542905;1990;1;0;0
FR;3;2021-04-02;86911;179;0;0;0;2629816;2169;1;0;0
FR;3;2021-04-03;35876;129;0;0;0;2665692;2298;1;0;0
FR;3;2021-04-04;3576;19;0;0;0;2669268;2317;1;0;0
FR;3;2021-04-05;4491;38;0;0;0;2673759;2355;1;0;0
FR;3;2021-04-06;29758;97;0;0;0;2703517;2452;1;0;0
FR;3;2021-04-07;32344;98;0;0;0;2735861;2550;1;0;0
FR;3;2021-04-08;78822;255;0;0;0;2814683;2805;1;0;0
FR;3;2021-04-09;161754;435;0;0;0;2976437;3240;1;0;0
FR;3;2021-04-10;75761;359;0;0;0;3052198;3599;1;0;0
FR;3;2021-04-11;7312;46;0;0;0;3059510;3645;1;0;0
FR;3;2021-04-12;51483;217;0;0;0;3110993;3862;1;0;0
FR;3;2021-04-13;86234;346;0;0;0;3197227;4208;1;0;0
FR;3;2021-04-14;67845;366;0;0;0;3265072;4574;1;0;0
FR;3;2021-04-15;93233;390;0;0;0;3358305;4964;1;0;0
FR;3;2021-04-16;112524;603;0;0;0;3470829;5567;1;0;0
FR;3;2021-04-17;53318;344;1;0;0;3524147;5911;2;0;0
FR;3;2021-04-18;9749;44;0;0;0;3533896;5955;2;0;0
FR;3;2021-04-19;25112;270;0;0;0;3559008;6225;2;0;0
FR;3;2021-04-20;45673;425;0;0;0;3604681;6650;2;0;0
FR;3;2021-04-21;38985;511;0;0;0;3643666;7161;2;0;0
FR;3;2021-04-22;54716;836;0;0;0;3698382;7997;2;0;0
FR;3;2021-04-23;70490;1060;0;0;0;3768872;9057;2;0;0
FR;3;2021-04-24;37250;1065;0;0;0;3806122;10122;2;0;0
FR;3;2021-04-25;6212;155;0;0;0;3812334;10277;2;0;0
FR;3;2021-04-26;19788;684;0;0;0;3832122;10961;2;0;0
FR;3;2021-04-27;34483;1300;0;0;0;3866605;12261;2;0;0
FR;3;2021-04-28;28967;1998;0;0;0;3895572;14259;2;0;0
FR;3;2021-04-29;45386;6060;0;0;0;3940958;20319;2;0;0
FR;3;2021-04-30;55464;9028;1;0;0;3996422;29347;3;0;0
FR;3;2021-05-01;9516;2034;0;0;0;4005938;31381;3;0;0
FR;3;2021-05-02;3077;477;0;0;0;4009015;31858;3;0;0
FR;3;2021-05-03;13063;3903;0;0;0;4022078;35761;3;0;0
FR;3;2021-05-04;23115;8441;0;0;0;4045193;44202;3;0;0
FR;3;2021-05-05;18760;10753;0;0;0;4063953;54955;3;0;0
FR;3;2021-05-06;34629;21130;0;0;0;4098582;76085;3;0;0
FR;3;2021-05-07;44204;28739;0;0;0;4142786;104824;3;0;0
FR;3;2021-05-08;6785;9201;0;0;0;4149571;114025;3;0;0
FR;3;2021-05-09;1795;2652;0;0;0;4151366;116677;3;0;0
FR;3;2021-05-10;14999;12834;0;0;0;4166365;129511;3;0;0
FR;3;2021-05-11;27098;26116;0;0;0;4193463;155627;3;0;0
FR;3;2021-05-12;17268;27938;0;0;0;4210731;183565;3;0;0
FR;3;2021-05-13;2285;3499;0;0;0;4213016;187064;3;0;0
FR;3;2021-05-14;14520;26003;0;0;0;4227536;213067;3;0;0
FR;3;2021-05-15;7233;20985;0;0;0;4234769;234052;3;0;0
FR;3;2021-05-16;977;2652;0;0;0;4235746;236704;3;0;0
FR;3;2021-05-17;7965;20096;0;0;0;4243711;256800;3;0;0
FR;3;2021-05-18;13414;30025;0;0;0;4257125;286825;3;0;0
FR;3;2021-05-19;9274;30858;0;0;0;4266399;317683;3;0;0
FR;3;2021-05-20;12806;53649;3;0;0;4279205;371332;6;0;0
FR;3;2021-05-21;12768;66008;2;0;0;4291973;437340;8;0;0
FR;3;2021-05-22;4963;33657;1;0;0;4296936;470997;9;0;0
FR;3;2021-05-23;651;2658;0;0;0;4297587;473655;9;0;0
FR;3;2021-05-24;883;4836;0;0;0;4298470;478491;9;0;0
FR;3;2021-05-25;5311;46255;1;0;0;4303781;524746;10;0;0
FR;3;2021-05-26;4978;51848;1;0;0;4308759;576594;11;0;0
FR;3;2021-05-27;6334;78747;3;0;0;4315093;655341;14;0;0
FR;3;2021-05-28;7542;99951;2;0;0;4322635;755292;16;0;0
FR;3;2021-05-29;3349;60903;1;0;0;4325984;816195;17;0;0
FR;3;2021-05-30;549;8138;0;0;0;4326533;824333;17;0;0
FR;3;2021-05-31;2441;35608;3;0;0;4328974;859941;20;0;0
FR;3;2021-06-01;3411;64831;10;0;0;4332385;924772;30;0;0
FR;3;2021-06-02;2734;58715;6;0;0;4335119;983487;36;0;0
FR;3;2021-06-03;3495;87242;10;0;0;4338614;1070729;46;0;0
FR;3;2021-06-04;4117;105660;22;0;0;4342731;1176389;68;0;0
FR;3;2021-06-05;1983;52495;4;0;0;4344714;1228884;72;0;0
FR;3;2021-06-06;509;5308;1;0;0;4345223;1234192;73;0;0
FR;3;2021-06-07;1483;30801;11;0;0;4346706;1264993;84;0;0
FR;3;2021-06-08;2061;47378;18;0;0;4348767;1312371;102;0;0
FR;3;2021-06-09;1793;41934;13;0;0;4350560;1354305;115;0;0
FR;3;2021-06-10;2254;67757;17;0;0;4352814;1422062;132;0;0
FR;3;2021-06-11;2484;96644;34;0;0;4355298;1518706;166;0;0
FR;3;2021-06-12;1177;40649;6;0;0;4356475;1559355;172;0;0
FR;3;2021-06-13;283;3657;3;0;0;4356758;1563012;175;0;0
FR;3;2021-06-14;1047;42405;17;0;0;4357805;1605417;192;0;0
FR;3;2021-06-15;1375;80445;20;0;0;4359180;1685862;212;0;0
FR;3;2021-06-16;1261;65538;20;0;0;4360441;1751400;232;0;0
FR;3;2021-06-17;1666;102125;41;0;0;4362107;1853525;273;0;0
FR;3;2021-06-18;1870;118298;62;0;0;4363977;1971823;335;0;0
FR;3;2021-06-19;802;39441;22;0;0;4364779;2011264;357;0;0
FR;3;2021-06-20;161;3238;0;0;0;4364940;2014502;357;0;0
FR;3;2021-06-21;772;39101;16;0;0;4365712;2053603;373;0;0
FR;3;2021-06-22;1065;70038;52;0;0;4366777;2123641;425;0;0
FR;3;2021-06-23;943;50830;39;0;0;4367720;2174471;464;0;0
FR;3;2021-06-24;1310;77221;48;0;0;4369030;2251692;512;0;0
FR;3;2021-06-25;1410;90573;73;0;0;4370440;2342265;585;0;0
FR;3;2021-06-26;631;33113;29;0;0;4371071;2375378;614;0;0
FR;3;2021-06-27;166;3844;1;0;0;4371237;2379222;615;0;0
FR;3;2021-06-28;653;30117;27;0;0;4371890;2409339;642;0;0
FR;3;2021-06-29;857;56470;95;0;0;4372747;2465809;737;0;0
FR;3;2021-06-30;905;45161;93;0;0;4373652;2510970;830;0;0
FR;3;2021-07-01;1164;65956;108;0;0;4374816;2576926;938;0;0
FR;3;2021-07-02;1305;90494;170;0;0;4376121;2667420;1108;0;0
FR;3;2021-07-03;602;31182;51;0;0;4376723;2698602;1159;0;0
FR;3;2021-07-04;144;4056;3;0;0;4376867;2702658;1162;0;0
FR;3;2021-07-05;612;33686;60;0;0;4377479;2736344;1222;0;0
FR;3;2021-07-06;963;55971;88;0;0;4378442;2792315;1310;0;0
FR;3;2021-07-07;872;42977;80;0;0;4379314;2835292;1390;0;0
FR;3;2021-07-08;1127;60765;99;0;0;4380441;2896057;1489;0;0
FR;3;2021-07-09;1260;68894;128;0;0;4381701;2964951;1617;0;0
FR;3;2021-07-10;643;25042;59;0;0;4382344;2989993;1676;0;0
FR;3;2021-07-11;132;3203;4;0;0;4382476;2993196;1680;0;0
FR;3;2021-07-12;662;23716;59;0;0;4383138;3016912;1739;0;0
FR;3;2021-07-13;1647;34541;90;0;0;4384785;3051453;1829;0;0
FR;3;2021-07-14;269;2507;2;0;0;4385054;3053960;1831;0;0
FR;3;2021-07-15;1941;30500;85;0;0;4386995;3084460;1916;0;0
FR;3;2021-07-16;2520;38720;122;0;0;4389515;3123180;2038;0;0
FR;3;2021-07-17;1051;13729;26;0;0;4390566;3136909;2064;0;0
FR;3;2021-07-18;266;2564;3;0;0;4390832;3139473;2067;0;0
FR;3;2021-07-19;1278;16974;38;0;0;4392110;3156447;2105;0;0
FR;3;2021-07-20;1823;26991;98;0;0;4393933;3183438;2203;0;0
FR;3;2021-07-21;1651;19568;44;0;0;4395584;3203006;2247;0;0
FR;3;2021-07-22;1856;27671;83;0;0;4397440;3230677;2330;0;0
FR;3;2021-07-23;2216;30294;117;0;0;4399656;3260971;2447;0;0
FR;3;2021-07-24;826;6957;25;0;0;4400482;3267928;2472;0;0
FR;3;2021-07-25;210;1301;1;0;0;4400692;3269229;2473;0;0
FR;3;2021-07-26;930;10564;28;0;0;4401622;3279793;2501;0;0
FR;3;2021-07-27;1169;16856;56;0;0;4402791;3296649;2557;0;0
FR;3;2021-07-28;989;12035;40;0;0;4403780;3308684;2597;0;0
FR;3;2021-07-29;1127;15731;63;0;0;4404907;3324415;2660;0;0
FR;3;2021-07-30;1128;18017;79;0;0;4406035;3342432;2739;0;0
FR;3;2021-07-31;406;3726;15;0;0;4406441;3346158;2754;0;0
FR;3;2021-08-01;116;455;1;0;0;4406557;3346613;2755;0;0
FR;3;2021-08-02;421;5053;22;0;0;4406978;3351666;2777;0;0
FR;3;2021-08-03;496;7499;27;0;0;4407474;3359165;2804;0;0
FR;3;2021-08-04;438;4850;26;0;0;4407912;3364015;2830;0;0
FR;3;2021-08-05;431;3671;13;0;0;4408343;3367686;2843;0;0
FR;3;2021-08-06;456;4725;30;0;0;4408799;3372411;2873;0;0
FR;3;2021-08-07;214;1899;11;0;0;4409013;3374310;2884;0;0
FR;3;2021-08-08;250;424;2;0;0;4409263;3374734;2886;0;0
FR;3;2021-08-09;318;2413;11;0;0;4409581;3377147;2897;0;0
FR;3;2021-08-10;368;3785;15;0;0;4409949;3380932;2912;0;0
FR;3;2021-08-11;291;2677;15;0;0;4410240;3383609;2927;0;0
FR;3;2021-08-12;277;2597;13;0;0;4410517;3386206;2940;0;0
FR;3;2021-08-13;278;2261;16;0;0;4410795;3388467;2956;0;0
FR;3;2021-08-14;172;892;1;0;0;4410967;3389359;2957;0;0
FR;3;2021-08-15;56;176;0;0;0;4411023;3389535;2957;0;0
FR;3;2021-08-16;124;1037;8;0;0;4411147;3390572;2965;0;0
FR;3;2021-08-17;189;1450;8;0;0;4411336;3392022;2973;0;0
FR;3;2021-08-18;204;1317;10;0;0;4411540;3393339;2983;0;0
FR;3;2021-08-19;165;1386;10;0;0;4411705;3394725;2993;0;0
FR;3;2021-08-20;167;1605;16;0;0;4411872;3396330;3009;0;0
FR;3;2021-08-21;93;586;2;0;0;4411965;3396916;3011;0;0
FR;3;2021-08-22;42;190;1;0;0;4412007;3397106;3012;0;0
FR;3;2021-08-23;141;903;7;0;0;4412148;3398009;3019;0;0
FR;3;2021-08-24;125;930;10;0;0;4412273;3398939;3029;0;0
FR;3;2021-08-25;137;825;3;0;0;4412410;3399764;3032;0;0
FR;3;2021-08-26;172;836;9;0;0;4412582;3400600;3041;0;0
FR;3;2021-08-27;178;943;9;0;0;4412760;3401543;3050;0;0
FR;3;2021-08-28;101;373;4;0;0;4412861;3401916;3054;0;0
FR;3;2021-08-29;128;132;1;0;0;4412989;3402048;3055;0;0
FR;3;2021-08-30;100;574;0;0;117;4413089;3402622;3055;0;117
FR;3;2021-08-31;133;694;7;0;140;4413222;3403316;3062;0;257
FR;3;2021-09-01;121;465;5;0;112;4413343;3403781;3067;0;369
FR;3;2021-09-02;100;610;22;0;107;4413443;3404391;3089;0;476
FR;3;2021-09-03;116;569;17;0;120;4413559;3404960;3106;0;596
FR;3;2021-09-04;55;298;3;0;53;4413614;3405258;3109;0;649
FR;3;2021-09-05;51;67;5;0;26;4413665;3405325;3114;0;675
FR;3;2021-09-06;118;377;4;0;136;4413783;3405702;3118;0;811
FR;3;2021-09-07;124;442;14;0;119;4413907;3406144;3132;0;930
FR;3;2021-09-08;121;349;2;0;93;4414028;3406493;3134;0;1023
FR;3;2021-09-09;94;382;8;0;104;4414122;3406875;3142;0;1127
FR;3;2021-09-10;101;405;3;0;97;4414223;3407280;3145;0;1224
FR;3;2021-09-11;76;233;4;0;66;4414299;3407513;3149;0;1290
FR;3;2021-09-12;37;47;1;0;16;4414336;3407560;3150;0;1306
FR;3;2021-09-13;75;307;7;0;102;4414411;3407867;3157;0;1408
FR;3;2021-09-14;75;278;6;0;97;4414486;3408145;3163;0;1505
FR;3;2021-09-15;62;258;3;0;6;4414548;3408403;3166;0;1511
FR;3;2021-09-16;65;322;6;0;6;4414613;3408725;3172;0;1517
FR;3;2021-09-17;52;330;3;0;7;4414665;3409055;3175;0;1524
FR;3;2021-09-18;37;174;1;0;1;4414702;3409229;3176;0;1525
FR;3;2021-09-19;28;31;2;0;1;4414730;3409260;3178;0;1526
FR;3;2021-09-20;81;195;0;0;1;4414811;3409455;3178;0;1527
FR;3;2021-09-21;60;277;6;0;7;4414871;3409732;3184;0;1534
FR;3;2021-09-22;65;234;6;0;7;4414936;3409966;3190;0;1541
FR;3;2021-09-23;37;261;11;0;7;4414973;3410227;3201;0;1548
FR;3;2021-09-24;28;320;12;0;18;4415001;3410547;3213;0;1566
FR;3;2021-09-25;31;143;3;0;3;4415032;3410690;3216;0;1569
FR;3;2021-09-26;16;59;1;0;1;4415048;3410749;3217;0;1570
FR;3;2021-09-27;48;288;3;0;5;4415096;3411037;3220;0;1575
FR;3;2021-09-28;49;246;6;0;8;4415145;3411283;3226;0;1583
FR;3;2021-09-29;38;222;10;0;15;4415183;3411505;3236;0;1598
FR;3;2021-09-30;40;201;8;0;10;4415223;3411706;3244;0;1608
FR;3;2021-10-01;23;163;6;0;8;4415246;3411869;3250;0;1616
FR;3;2021-10-02;17;84;0;0;0;4415263;3411953;3250;0;1616
FR;3;2021-10-03;19;18;1;0;2;4415282;3411971;3251;0;1618
FR;3;2021-10-04;33;159;4;0;4;4415315;3412130;3255;0;1622
FR;3;2021-10-05;17;148;10;0;12;4415332;3412278;3265;0;1634
FR;3;2021-10-06;32;148;8;0;9;4415364;3412426;3273;0;1643
FR;3;2021-10-07;19;136;6;0;6;4415383;3412562;3279;0;1649
FR;3;2021-10-08;25;138;10;0;9;4415408;3412700;3289;0;1658
FR;3;2021-10-09;16;72;1;0;1;4415424;3412772;3290;0;1659
FR;3;2021-10-10;13;17;2;0;3;4415437;3412789;3292;0;1662
FR;3;2021-10-11;16;117;4;0;5;4415453;3412906;3296;0;1667
FR;3;2021-10-12;20;103;5;0;5;4415473;3413009;3301;0;1672
FR;3;2021-10-13;25;116;9;0;7;4415498;3413125;3310;0;1679
FR;3;2021-10-14;18;151;3;0;4;4415516;3413276;3313;0;1683
FR;3;2021-10-15;23;144;8;0;12;4415539;3413420;3321;0;1695
FR;3;2021-10-16;13;72;6;0;8;4415552;3413492;3327;0;1703
FR;3;2021-10-17;12;25;0;0;0;4415564;3413517;3327;0;1703
FR;3;2021-10-18;18;116;2;0;2;4415582;3413633;3329;0;1705
FR;3;2021-10-19;16;115;19;0;21;4415598;3413748;3348;0;1726
FR;3;2021-10-20;26;126;6;0;7;4415624;3413874;3354;0;1733
FR;3;2021-10-21;28;129;17;0;13;4415652;3414003;3371;0;1746
FR;3;2021-10-22;24;107;16;0;19;4415676;3414110;3387;0;1765
FR;3;2021-10-23;17;55;2;0;1;4415693;3414165;3389;0;1766
FR;3;2021-10-24;7;36;0;0;0;4415700;3414201;3389;0;1766
FR;3;2021-10-25;24;146;7;0;7;4415724;3414347;3396;0;1773
FR;3;2021-10-26;25;99;22;0;19;4415749;3414446;3418;0;1792
FR;3;2021-10-27;18;98;9;0;9;4415767;3414544;3427;0;1801
FR;3;2021-10-28;22;118;33;0;36;4415789;3414662;3460;0;1837
FR;3;2021-10-29;12;104;64;0;54;4415801;3414766;3524;0;1891
FR;3;2021-10-30;11;63;11;1;10;4415812;3414829;3535;1;1901
FR;3;2021-10-31;8;25;1;0;1;4415820;3414854;3536;1;1902
FR;3;2021-11-01;11;22;2;0;1;4415831;3414876;3538;1;1903
FR;3;2021-11-02;10;102;10;0;12;4415841;3414978;3548;1;1915
FR;3;2021-11-03;20;110;10;0;10;4415861;3415088;3558;1;1925
FR;3;2021-11-04;20;91;5;0;4;4415881;3415179;3563;1;1929
FR;3;2021-11-05;19;124;9;1;6;4415900;3415303;3572;2;1935
FR;3;2021-11-06;10;59;3;0;3;4415910;3415362;3575;2;1938
FR;3;2021-11-07;6;22;1;0;1;4415916;3415384;3576;2;1939
FR;3;2021-11-08;11;136;7;0;5;4415927;3415520;3583;2;1944
FR;3;2021-11-09;13;132;5;0;5;4415940;3415652;3588;2;1949
FR;3;2021-11-10;14;157;14;0;15;4415954;3415809;3602;2;1964
FR;3;2021-11-11;11;50;3;0;3;4415965;3415859;3605;2;1967
FR;3;2021-11-12;15;131;6;0;4;4415980;3415990;3611;2;1971
FR;3;2021-11-13;7;67;9;0;10;4415987;3416057;3620;2;1981
FR;3;2021-11-14;3;24;1;0;1;4415990;3416081;3621;2;1982
FR;3;2021-11-15;5;171;10;0;11;4415995;3416252;3631;2;1993
FR;3;2021-11-16;7;134;11;0;10;4416002;3416386;3642;2;2003
FR;3;2021-11-17;8;145;11;0;8;4416010;3416531;3653;2;2011
FR;3;2021-11-18;15;145;10;0;11;4416025;3416676;3663;2;2022
FR;3;2021-11-19;11;194;22;0;27;4416036;3416870;3685;2;2049
FR;3;2021-11-20;6;105;6;0;6;4416042;3416975;3691;2;2055
FR;3;2021-11-21;3;26;4;0;4;4416045;3417001;3695;2;2059
FR;3;2021-11-22;11;198;11;0;11;4416056;3417199;3706;2;2070
FR;3;2021-11-23;9;197;15;0;14;4416065;3417396;3721;2;2084
FR;3;2021-11-24;9;200;9;0;17;4416074;3417596;3730;2;2101
FR;3;2021-11-25;12;224;11;0;11;4416086;3417820;3741;2;2112
FR;3;2021-11-26;9;294;35;0;33;4416095;3418114;3776;2;2145
FR;3;2021-11-27;8;140;20;0;21;4416103;3418254;3796;2;2166
FR;3;2021-11-28;3;60;7;0;7;4416106;3418314;3803;2;2173
FR;3;2021-11-29;5;251;21;0;22;4416111;3418565;3824;2;2195
FR;3;2021-11-30;7;331;29;0;32;4416118;3418896;3853;2;2227
FR;3;2021-12-01;30;361;37;0;39;4416148;3419257;3890;2;2266
FR;3;2021-12-02;9;381;33;0;36;4416157;3419638;3923;2;2302
FR;3;2021-12-03;4;426;37;0;38;4416161;3420064;3960;2;2340
FR;3;2021-12-04;3;231;26;0;28;4416164;3420295;3986;2;2368
FR;3;2021-12-05;1;65;5;0;5;4416165;3420360;3991;2;2373
FR;3;2021-12-06;6;402;14;0;15;4416171;3420762;4005;2;2388
FR;3;2021-12-07;4;469;20;0;24;4416175;3421231;4025;2;2412
FR;3;2021-12-08;7;426;29;0;30;4416182;3421657;4054;2;2442
FR;3;2021-12-09;3;484;17;0;22;4416185;3422141;4071;2;2464
FR;3;2021-12-10;10;501;29;0;25;4416195;3422642;4100;2;2489
FR;3;2021-12-11;4;326;10;0;9;4416199;3422968;4110;2;2498
FR;3;2021-12-12;1;106;3;0;3;4416200;3423074;4113;2;2501
FR;3;2021-12-13;2;478;19;0;21;4416202;3423552;4132;2;2522
FR;3;2021-12-14;8;616;18;0;21;4416210;3424168;4150;2;2543
FR;3;2021-12-15;9;594;17;0;21;4416219;3424762;4167;2;2564
FR;3;2021-12-16;10;602;19;0;18;4416229;3425364;4186;2;2582
FR;3;2021-12-17;5;674;18;0;19;4416234;3426038;4204;2;2601
FR;3;2021-12-18;4;371;4;0;5;4416238;3426409;4208;2;2606
FR;3;2021-12-19;3;193;2;0;2;4416241;3426602;4210;2;2608
FR;3;2021-12-20;8;624;23;0;28;4416249;3427226;4233;2;2636
FR;3;2021-12-21;3;712;10;0;13;4416252;3427938;4243;2;2649
FR;3;2021-12-22;10;664;9;0;10;4416262;3428602;4252;2;2659
FR;3;2021-12-23;3;581;8;0;8;4416265;3429183;4260;2;2667
FR;3;2021-12-24;2;245;3;0;6;4416267;3429428;4263;2;2673
FR;3;2021-12-25;0;25;0;0;0;4416267;3429453;4263;2;2673
FR;3;2021-12-26;0;92;1;0;1;4416267;3429545;4264;2;2674
FR;3;2021-12-27;7;491;17;0;20;4416274;3430036;4281;2;2694
FR;3;2021-12-28;3;625;6;0;5;4416277;3430661;4287;2;2699
FR;3;2021-12-29;4;524;14;0;16;4416281;3431185;4301;2;2715
FR;3;2021-12-30;3;545;7;0;10;4416284;3431730;4308;2;2725
FR;3;2021-12-31;0;192;5;0;7;4416284;3431922;4313;2;2732
FR;3;2022-01-01;0;26;0;0;2;4416284;3431948;4313;2;2734
FR;3;2022-01-02;0;80;0;0;0;4416284;3432028;4313;2;2734
FR;3;2022-01-03;4;523;17;0;21;4416288;3432551;4330;2;2755
FR;3;2022-01-04;6;568;9;0;8;4416294;3433119;4339;2;2763
FR;3;2022-01-05;5;514;10;0;14;4416299;3433633;4349;2;2777
FR;3;2022-01-06;6;493;9;0;10;4416305;3434126;4358;2;2787
FR;3;2022-01-07;2;521;11;0;13;4416307;3434647;4369;2;2800
FR;3;2022-01-08;4;263;4;0;5;4416311;3434910;4373;2;2805
FR;3;2022-01-09;0;117;0;0;0;4416311;3435027;4373;2;2805
FR;3;2022-01-10;2;450;12;0;12;4416313;3435477;4385;2;2817
FR;3;2022-01-11;3;480;1;0;1;4416316;3435957;4386;2;2818
FR;3;2022-01-12;2;412;9;0;10;4416318;3436369;4395;2;2828
FR;3;2022-01-13;3;403;11;0;12;4416321;3436772;4406;2;2840
FR;3;2022-01-14;3;444;10;0;13;4416324;3437216;4416;2;2853
FR;3;2022-01-15;0;287;2;0;3;4416324;3437503;4418;2;2856
FR;3;2022-01-16;1;110;1;0;1;4416325;3437613;4419;2;2857
FR;3;2022-01-17;2;332;8;0;9;4416327;3437945;4427;2;2866
FR;3;2022-01-18;2;377;1;0;2;4416329;3438322;4428;2;2868
FR;3;2022-01-19;2;335;5;0;10;4416331;3438657;4433;2;2878
FR;3;2022-01-20;1;359;5;0;3;4416332;3439016;4438;2;2881
FR;3;2022-01-21;4;352;5;0;7;4416336;3439368;4443;2;2888
FR;3;2022-01-22;2;229;1;0;2;4416338;3439597;4444;2;2890
FR;3;2022-01-23;0;79;0;0;1;4416338;3439676;4444;2;2891
FR;3;2022-01-24;2;327;1;0;6;4416340;3440003;4445;2;2897
FR;3;2022-01-25;0;179;0;0;0;4416340;3440182;4445;2;2897
FR;3;2022-01-26;0;79;0;0;0;4416340;3440261;4445;2;2897
FR;3;2022-01-27;0;54;0;0;0;4416340;3440315;4445;2;2897
FR;3;2022-01-28;0;123;0;0;0;4416340;3440438;4445;2;2897
FR;3;2022-01-29;0;100;0;0;0;4416340;3440538;4445;2;2897
FR;3;2022-01-30;0;51;0;0;0;4416340;3440589;4445;2;2897
FR;3;2022-01-31;0;93;0;0;0;4416340;3440682;4445;2;2897
FR;3;2022-02-01;0;100;0;0;1;4416340;3440782;4445;2;2898
FR;3;2022-02-02;0;86;0;0;0;4416340;3440868;4445;2;2898
FR;3;2022-02-03;0;96;0;0;0;4416340;3440964;4445;2;2898
FR;3;2022-02-04;0;117;0;0;0;4416340;3441081;4445;2;2898
FR;3;2022-02-05;0;71;0;0;0;4416340;3441152;4445;2;2898
FR;3;2022-02-06;0;11;0;0;0;4416340;3441163;4445;2;2898
FR;3;2022-02-07;0;80;0;0;0;4416340;3441243;4445;2;2898
FR;3;2022-02-08;0;0;0;0;0;4416340;3441243;4445;2;2898
FR;3;2022-02-09;0;0;0;0;0;4416340;3441243;4445;2;2898
FR;3;2022-02-10;0;0;0;0;0;4416340;3441243;4445;2;2898
FR;3;2022-02-11;0;0;0;0;0;4416340;3441243;4445;2;2898
FR;3;2022-02-12;0;0;0;0;0;4416340;3441243;4445;2;2898
FR;3;2022-02-13;0;0;0;0;0;4416340;3441243;4445;2;2898
FR;3;2022-02-14;0;0;0;0;0;4416340;3441243;4445;2;2898
FR;3;2022-02-15;0;0;0;0;0;4416340;3441243;4445;2;2898
FR;3;2022-02-16;0;0;0;0;0;4416340;3441243;4445;2;2898
FR;3;2022-02-17;0;0;0;0;0;4416340;3441243;4445;2;2898
FR;3;2022-02-18;0;0;0;0;0;4416340;3441243;4445;2;2898
FR;3;2022-02-19;0;0;0;0;0;4416340;3441243;4445;2;2898
FR;3;2022-02-20;0;0;0;0;0;4416340;3441243;4445;2;2898
FR;3;2022-02-21;2;0;0;0;0;4416342;3441243;4445;2;2898
FR;3;2022-02-22;0;0;0;0;0;4416342;3441243;4445;2;2898
FR;3;2022-02-23;0;0;0;0;0;4416342;3441243;4445;2;2898
FR;3;2022-02-24;0;0;0;0;0;4416342;3441243;4445;2;2898
FR;3;2022-02-25;0;0;0;0;0;4416342;3441243;4445;2;2898
FR;3;2022-02-26;0;0;0;0;0;4416342;3441243;4445;2;2898
FR;3;2022-02-27;0;0;0;0;0;4416342;3441243;4445;2;2898
FR;3;2022-02-28;1;0;0;0;0;4416343;3441243;4445;2;2898
FR;3;2022-03-01;1;0;0;0;0;4416344;3441243;4445;2;2898
FR;3;2022-03-02;0;0;0;0;0;4416344;3441243;4445;2;2898
FR;3;2022-03-03;0;0;0;0;0;4416344;3441243;4445;2;2898
FR;3;2022-03-04;0;0;0;0;0;4416344;3441243;4445;2;2898
FR;3;2022-03-05;0;0;0;0;0;4416344;3441243;4445;2;2898
FR;3;2022-03-06;1;0;0;0;0;4416345;3441243;4445;2;2898
FR;3;2022-03-07;0;0;0;0;0;4416345;3441243;4445;2;2898
FR;3;2022-03-08;1;0;0;0;0;4416346;3441243;4445;2;2898
FR;3;2022-03-09;0;0;0;0;0;4416346;3441243;4445;2;2898
FR;3;2022-03-10;0;0;0;0;0;4416346;3441243;4445;2;2898
FR;3;2022-03-11;0;0;0;0;0;4416346;3441243;4445;2;2898
FR;3;2022-03-12;0;0;0;0;0;4416346;3441243;4445;2;2898
FR;3;2022-03-13;0;0;0;0;0;4416346;3441243;4445;2;2898
FR;3;2022-03-14;0;0;0;0;0;4416346;3441243;4445;2;2898
FR;3;2022-03-15;0;0;0;0;0;4416346;3441243;4445;2;2898
FR;3;2022-03-16;0;0;0;0;0;4416346;3441243;4445;2;2898
FR;3;2022-03-17;0;0;0;0;0;4416346;3441243;4445;2;2898
FR;3;2022-03-18;0;0;0;0;0;4416346;3441243;4445;2;2898
FR;3;2022-03-19;0;0;0;0;0;4416346;3441243;4445;2;2898
FR;3;2022-03-20;1;0;0;0;0;4416347;3441243;4445;2;2898
FR;3;2022-03-21;0;0;0;0;0;4416347;3441243;4445;2;2898
FR;3;2022-03-22;0;0;0;0;0;4416347;3441243;4445;2;2898
FR;3;2022-03-23;1;0;0;0;0;4416348;3441243;4445;2;2898
FR;3;2022-03-24;0;0;0;0;0;4416348;3441243;4445;2;2898
FR;3;2022-03-25;1;0;0;0;0;4416349;3441243;4445;2;2898
FR;3;2022-03-26;0;0;0;0;0;4416349;3441243;4445;2;2898
FR;3;2022-03-27;0;0;0;0;0;4416349;3441243;4445;2;2898
FR;3;2022-03-28;0;0;0;0;0;4416349;3441243;4445;2;2898
FR;3;2022-03-29;0;0;0;0;0;4416349;3441243;4445;2;2898
FR;3;2022-03-30;0;0;0;0;0;4416349;3441243;4445;2;2898
FR;3;2022-03-31;0;0;0;0;0;4416349;3441243;4445;2;2898
FR;3;2022-04-01;0;0;0;0;0;4416349;3441243;4445;2;2898
FR;3;2022-04-02;0;0;0;0;0;4416349;3441243;4445;2;2898
FR;3;2022-04-03;0;0;0;0;0;4416349;3441243;4445;2;2898
FR;3;2022-04-04;0;0;0;0;0;4416349;3441243;4445;2;2898
FR;3;2022-04-05;0;0;0;0;0;4416349;3441243;4445;2;2898
FR;3;2022-04-06;0;0;0;0;0;4416349;3441243;4445;2;2898
FR;3;2022-04-07;0;0;0;0;0;4416349;3441243;4445;2;2898
FR;3;2022-04-08;0;0;0;0;0;4416349;3441243;4445;2;2898
FR;3;2022-04-09;0;0;0;0;0;4416349;3441243;4445;2;2898
FR;3;2022-04-10;0;0;0;0;0;4416349;3441243;4445;2;2898
FR;3;2022-04-11;0;0;0;0;0;4416349;3441243;4445;2;2898
FR;3;2022-04-12;0;0;0;0;0;4416349;3441243;4445;2;2898
FR;3;2022-04-13;0;0;0;0;0;4416349;3441243;4445;2;2898
FR;3;2022-04-14;0;0;0;0;0;4416349;3441243;4445;2;2898
FR;3;2022-04-15;1;0;0;0;0;4416350;3441243;4445;2;2898
FR;3;2022-04-16;0;0;0;0;0;4416350;3441243;4445;2;2898
FR;3;2022-04-17;0;0;0;0;0;4416350;3441243;4445;2;2898
FR;3;2022-04-18;0;0;0;0;0;4416350;3441243;4445;2;2898
FR;3;2022-04-19;0;0;0;0;0;4416350;3441243;4445;2;2898
FR;3;2022-04-20;0;0;0;0;0;4416350;3441243;4445;2;2898
FR;3;2022-04-21;0;0;0;0;0;4416350;3441243;4445;2;2898
FR;3;2022-04-22;0;0;0;0;0;4416350;3441243;4445;2;2898
FR;3;2022-04-23;0;0;0;0;0;4416350;3441243;4445;2;2898
FR;3;2022-04-24;0;0;0;0;0;4416350;3441243;4445;2;2898
FR;3;2022-04-25;0;0;0;0;0;4416350;3441243;4445;2;2898
FR;3;2022-04-26;0;0;0;0;0;4416350;3441243;4445;2;2898
FR;3;2022-04-27;0;0;0;0;0;4416350;3441243;4445;2;2898
FR;3;2022-04-28;0;0;0;0;0;4416350;3441243;4445;2;2898
FR;3;2022-04-29;0;0;0;0;0;4416350;3441243;4445;2;2898
FR;3;2022-04-30;0;0;0;0;0;4416350;3441243;4445;2;2898
FR;3;2022-05-01;0;0;0;0;0;4416350;3441243;4445;2;2898
FR;3;2022-05-02;0;0;0;0;0;4416350;3441243;4445;2;2898
FR;3;2022-05-03;0;0;0;0;0;4416350;3441243;4445;2;2898
FR;3;2022-05-04;0;0;0;0;0;4416350;3441243;4445;2;2898
FR;3;2022-05-05;0;0;0;0;0;4416350;3441243;4445;2;2898
FR;3;2022-05-06;0;0;0;0;0;4416350;3441243;4445;2;2898
FR;3;2022-05-07;0;0;0;0;0;4416350;3441243;4445;2;2898
FR;3;2022-05-08;0;0;0;0;0;4416350;3441243;4445;2;2898
FR;3;2022-05-09;0;0;0;0;0;4416350;3441243;4445;2;2898
FR;3;2022-05-10;0;0;0;0;0;4416350;3441243;4445;2;2898
FR;3;2022-05-11;0;0;0;0;0;4416350;3441243;4445;2;2898
FR;3;2022-05-12;0;0;0;0;0;4416350;3441243;4445;2;2898
FR;3;2022-05-13;0;0;0;0;0;4416350;3441243;4445;2;2898
FR;3;2022-05-14;1;0;0;0;0;4416351;3441243;4445;2;2898
FR;3;2022-05-15;0;0;0;0;0;4416351;3441243;4445;2;2898
FR;3;2022-05-16;0;0;0;0;0;4416351;3441243;4445;2;2898
FR;3;2022-05-17;0;0;0;0;0;4416351;3441243;4445;2;2898
FR;3;2022-05-18;0;0;0;0;0;4416351;3441243;4445;2;2898
FR;3;2022-05-19;0;0;0;0;0;4416351;3441243;4445;2;2898
FR;3;2022-05-20;0;0;0;0;0;4416351;3441243;4445;2;2898
FR;3;2022-05-21;0;0;0;0;0;4416351;3441243;4445;2;2898
FR;3;2022-05-22;0;0;0;0;0;4416351;3441243;4445;2;2898
FR;3;2022-05-23;0;0;0;0;0;4416351;3441243;4445;2;2898
FR;3;2022-05-24;0;0;0;0;0;4416351;3441243;4445;2;2898
FR;3;2022-05-25;0;0;0;0;0;4416351;3441243;4445;2;2898
FR;3;2022-05-26;0;0;0;0;0;4416351;3441243;4445;2;2898
FR;3;2022-05-27;0;0;0;0;0;4416351;3441243;4445;2;2898
FR;3;2022-05-28;0;0;0;0;0;4416351;3441243;4445;2;2898
FR;3;2022-05-29;0;0;0;0;0;4416351;3441243;4445;2;2898
FR;3;2022-05-30;0;0;0;0;0;4416351;3441243;4445;2;2898
FR;3;2022-05-31;0;0;0;0;0;4416351;3441243;4445;2;2898
FR;3;2022-06-01;0;0;0;0;0;4416351;3441243;4445;2;2898
FR;3;2022-06-02;0;0;0;0;0;4416351;3441243;4445;2;2898
FR;3;2022-06-03;0;0;0;0;0;4416351;3441243;4445;2;2898
FR;3;2022-06-04;0;0;0;0;0;4416351;3441243;4445;2;2898
FR;3;2022-06-05;0;0;0;0;0;4416351;3441243;4445;2;2898
FR;3;2022-06-06;0;0;0;0;0;4416351;3441243;4445;2;2898
FR;3;2022-06-07;0;0;0;0;0;4416351;3441243;4445;2;2898
FR;3;2022-06-08;0;0;0;0;0;4416351;3441243;4445;2;2898
FR;3;2022-06-09;0;0;0;0;0;4416351;3441243;4445;2;2898
FR;3;2022-06-10;0;0;0;0;0;4416351;3441243;4445;2;2898
FR;3;2022-06-11;0;0;0;0;0;4416351;3441243;4445;2;2898
FR;3;2022-06-12;0;0;0;0;0;4416351;3441243;4445;2;2898
FR;3;2022-06-13;1;0;0;0;0;4416352;3441243;4445;2;2898
FR;3;2022-06-14;0;0;0;0;0;4416352;3441243;4445;2;2898
FR;3;2022-06-15;0;0;0;0;0;4416352;3441243;4445;2;2898
FR;3;2022-06-16;0;0;0;0;0;4416352;3441243;4445;2;2898
FR;3;2022-06-17;0;0;0;0;0;4416352;3441243;4445;2;2898
FR;3;2022-06-18;0;0;0;0;0;4416352;3441243;4445;2;2898
FR;3;2022-06-19;0;0;0;0;0;4416352;3441243;4445;2;2898
FR;3;2022-06-20;0;0;0;0;0;4416352;3441243;4445;2;2898
FR;3;2022-06-21;0;0;0;0;0;4416352;3441243;4445;2;2898
FR;3;2022-06-22;0;0;0;0;0;4416352;3441243;4445;2;2898
FR;3;2022-06-23;0;0;0;0;0;4416352;3441243;4445;2;2898
FR;3;2022-06-24;0;0;0;0;0;4416352;3441243;4445;2;2898
FR;3;2022-06-25;0;0;0;0;0;4416352;3441243;4445;2;2898
FR;3;2022-06-26;0;0;0;0;0;4416352;3441243;4445;2;2898
FR;3;2022-06-27;0;0;0;0;0;4416352;3441243;4445;2;2898
FR;3;2022-06-28;0;0;0;0;0;4416352;3441243;4445;2;2898
FR;3;2022-06-29;1;0;0;0;0;4416353;3441243;4445;2;2898
FR;3;2022-06-30;0;0;0;0;0;4416353;3441243;4445;2;2898
FR;3;2022-07-01;0;0;0;0;0;4416353;3441243;4445;2;2898
FR;3;2022-07-02;0;0;0;0;0;4416353;3441243;4445;2;2898
FR;3;2022-07-03;0;0;0;0;0;4416353;3441243;4445;2;2898
FR;3;2022-07-04;0;0;0;0;0;4416353;3441243;4445;2;2898
FR;3;2022-07-05;0;0;0;0;0;4416353;3441243;4445;2;2898
FR;3;2022-07-06;0;0;0;0;0;4416353;3441243;4445;2;2898
FR;3;2022-07-07;0;0;0;0;0;4416353;3441243;4445;2;2898
FR;3;2022-07-08;0;0;0;0;0;4416353;3441243;4445;2;2898
FR;3;2022-07-09;0;0;0;0;0;4416353;3441243;4445;2;2898
FR;3;2022-07-10;0;0;0;0;0;4416353;3441243;4445;2;2898
FR;3;2022-07-11;0;0;0;0;0;4416353;3441243;4445;2;2898
FR;3;2022-07-12;0;0;0;0;0;4416353;3441243;4445;2;2898
FR;3;2022-07-13;0;0;0;0;0;4416353;3441243;4445;2;2898
FR;3;2022-07-14;0;0;0;0;0;4416353;3441243;4445;2;2898
FR;3;2022-07-15;0;0;0;0;0;4416353;3441243;4445;2;2898
FR;3;2022-07-16;0;0;0;0;0;4416353;3441243;4445;2;2898
FR;3;2022-07-17;0;0;0;0;0;4416353;3441243;4445;2;2898
FR;3;2022-07-18;0;0;0;0;0;4416353;3441243;4445;2;2898
FR;3;2022-07-19;0;0;0;0;0;4416353;3441243;4445;2;2898
FR;3;2022-07-20;0;0;0;0;0;4416353;3441243;4445;2;2898
FR;3;2022-07-21;0;0;0;0;0;4416353;3441243;4445;2;2898
FR;3;2022-07-22;0;0;0;0;0;4416353;3441243;4445;2;2898
FR;3;2022-07-23;0;0;0;0;0;4416353;3441243;4445;2;2898
FR;3;2022-07-24;0;0;0;0;0;4416353;3441243;4445;2;2898
FR;3;2022-07-25;0;0;0;0;0;4416353;3441243;4445;2;2898
FR;3;2022-07-26;0;0;0;0;0;4416353;3441243;4445;2;2898
FR;3;2022-07-27;0;0;0;0;0;4416353;3441243;4445;2;2898
FR;3;2022-07-28;0;0;0;0;0;4416353;3441243;4445;2;2898
FR;3;2022-07-29;0;0;0;0;0;4416353;3441243;4445;2;2898
FR;3;2022-07-30;0;0;0;0;0;4416353;3441243;4445;2;2898
FR;3;2022-07-31;0;0;0;0;0;4416353;3441243;4445;2;2898
FR;3;2022-08-01;0;0;0;0;0;4416353;3441243;4445;2;2898
FR;3;2022-08-02;0;0;0;0;0;4416353;3441243;4445;2;2898
FR;3;2022-08-03;0;0;0;0;0;4416353;3441243;4445;2;2898
FR;3;2022-08-04;0;0;0;0;0;4416353;3441243;4445;2;2898
FR;3;2022-08-05;0;0;0;0;0;4416353;3441243;4445;2;2898
FR;3;2022-08-06;0;0;0;0;0;4416353;3441243;4445;2;2898
FR;3;2022-08-07;0;0;0;0;0;4416353;3441243;4445;2;2898
FR;3;2022-08-08;0;0;0;0;0;4416353;3441243;4445;2;2898
FR;3;2022-08-09;0;0;0;0;0;4416353;3441243;4445;2;2898
FR;3;2022-08-10;0;0;0;0;0;4416353;3441243;4445;2;2898
FR;3;2022-08-11;0;0;0;0;0;4416353;3441243;4445;2;2898
FR;3;2022-08-12;0;0;0;0;0;4416353;3441243;4445;2;2898
FR;3;2022-08-13;0;0;0;0;0;4416353;3441243;4445;2;2898
FR;3;2022-08-14;0;0;0;0;0;4416353;3441243;4445;2;2898
FR;3;2022-08-15;0;0;0;0;0;4416353;3441243;4445;2;2898
FR;3;2022-08-16;0;0;0;0;0;4416353;3441243;4445;2;2898
FR;3;2022-08-17;0;0;0;0;0;4416353;3441243;4445;2;2898
FR;3;2022-08-18;0;0;0;0;0;4416353;3441243;4445;2;2898
FR;3;2022-08-19;0;0;0;0;0;4416353;3441243;4445;2;2898
FR;3;2022-08-20;0;0;0;0;0;4416353;3441243;4445;2;2898
FR;3;2022-08-21;0;0;0;0;0;4416353;3441243;4445;2;2898
FR;3;2022-08-22;0;0;0;0;0;4416353;3441243;4445;2;2898
FR;3;2022-08-23;0;0;0;0;0;4416353;3441243;4445;2;2898
FR;3;2022-08-24;0;0;0;0;0;4416353;3441243;4445;2;2898
FR;3;2022-08-25;0;0;0;0;0;4416353;3441243;4445;2;2898
FR;3;2022-08-26;0;0;0;0;0;4416353;3441243;4445;2;2898
FR;3;2022-08-27;0;0;0;0;0;4416353;3441243;4445;2;2898
FR;3;2022-08-28;0;0;0;0;0;4416353;3441243;4445;2;2898
FR;3;2022-08-29;0;0;0;0;0;4416353;3441243;4445;2;2898
FR;3;2022-08-30;0;0;0;0;0;4416353;3441243;4445;2;2898
FR;3;2022-08-31;0;0;0;0;0;4416353;3441243;4445;2;2898
FR;3;2022-09-01;0;0;0;0;0;4416353;3441243;4445;2;2898
FR;3;2022-09-02;0;0;0;0;0;4416353;3441243;4445;2;2898
FR;3;2022-09-03;0;0;0;0;0;4416353;3441243;4445;2;2898
FR;3;2022-09-04;0;0;0;0;0;4416353;3441243;4445;2;2898
FR;3;2022-09-05;0;0;0;0;0;4416353;3441243;4445;2;2898
FR;3;2022-09-06;0;0;0;0;0;4416353;3441243;4445;2;2898
FR;3;2022-09-07;0;0;0;0;0;4416353;3441243;4445;2;2898
FR;3;2022-09-08;0;0;0;0;0;4416353;3441243;4445;2;2898
FR;3;2022-09-09;0;0;0;0;0;4416353;3441243;4445;2;2898
FR;3;2022-09-10;0;0;0;0;0;4416353;3441243;4445;2;2898
FR;3;2022-09-11;0;0;0;0;0;4416353;3441243;4445;2;2898
FR;3;2022-09-12;0;0;0;0;0;4416353;3441243;4445;2;2898
FR;3;2022-09-13;0;0;0;0;0;4416353;3441243;4445;2;2898
FR;3;2022-09-14;0;0;0;0;0;4416353;3441243;4445;2;2898
FR;3;2022-09-15;0;0;0;0;0;4416353;3441243;4445;2;2898
FR;3;2022-09-16;0;0;0;0;0;4416353;3441243;4445;2;2898
FR;3;2022-09-17;0;0;0;0;0;4416353;3441243;4445;2;2898
FR;3;2022-09-18;0;0;0;0;0;4416353;3441243;4445;2;2898
FR;3;2022-09-19;0;0;0;0;0;4416353;3441243;4445;2;2898
FR;3;2022-09-20;0;0;0;0;0;4416353;3441243;4445;2;2898
FR;3;2022-09-21;0;0;0;0;0;4416353;3441243;4445;2;2898
FR;3;2022-09-22;0;0;0;0;0;4416353;3441243;4445;2;2898
FR;3;2022-09-23;0;0;0;0;0;4416353;3441243;4445;2;2898
FR;3;2022-09-24;0;0;0;0;0;4416353;3441243;4445;2;2898
FR;3;2022-09-25;0;0;0;0;0;4416353;3441243;4445;2;2898
FR;3;2022-09-26;0;0;0;0;0;4416353;3441243;4445;2;2898
FR;3;2022-09-27;0;0;0;0;0;4416353;3441243;4445;2;2898
FR;3;2022-09-28;0;0;0;0;0;4416353;3441243;4445;2;2898
FR;3;2022-09-29;0;0;0;0;0;4416353;3441243;4445;2;2898
FR;3;2022-09-30;0;0;0;0;0;4416353;3441243;4445;2;2898
FR;3;2022-10-01;0;0;0;0;0;4416353;3441243;4445;2;2898
FR;3;2022-10-02;0;0;0;0;0;4416353;3441243;4445;2;2898
FR;3;2022-10-03;0;0;0;0;0;4416353;3441243;4445;2;2898
FR;3;2022-10-04;0;0;0;0;0;4416353;3441243;4445;2;2898
FR;3;2022-10-05;0;0;0;0;0;4416353;3441243;4445;2;2898
FR;3;2022-10-06;0;0;0;0;0;4416353;3441243;4445;2;2898
FR;3;2022-10-07;0;0;0;0;0;4416353;3441243;4445;2;2898
FR;3;2022-10-08;0;0;0;0;0;4416353;3441243;4445;2;2898
FR;3;2022-10-09;0;0;0;0;0;4416353;3441243;4445;2;2898
FR;3;2022-10-10;0;0;0;0;0;4416353;3441243;4445;2;2898
FR;3;2022-10-11;0;0;0;0;0;4416353;3441243;4445;2;2898
FR;3;2022-10-12;0;0;0;0;0;4416353;3441243;4445;2;2898
FR;3;2022-10-13;0;0;0;0;0;4416353;3441243;4445;2;2898
FR;3;2022-10-14;0;0;0;0;0;4416353;3441243;4445;2;2898
FR;3;2022-10-15;0;0;0;0;0;4416353;3441243;4445;2;2898
FR;3;2022-10-16;0;0;0;0;0;4416353;3441243;4445;2;2898
FR;3;2022-10-17;0;0;0;0;0;4416353;3441243;4445;2;2898
FR;3;2022-10-18;0;0;0;0;0;4416353;3441243;4445;2;2898
FR;3;2022-10-19;0;0;0;0;0;4416353;3441243;4445;2;2898
FR;3;2022-10-20;0;0;0;0;0;4416353;3441243;4445;2;2898
FR;3;2022-10-21;0;0;0;0;0;4416353;3441243;4445;2;2898
FR;3;2022-10-22;0;0;0;0;0;4416353;3441243;4445;2;2898
FR;3;2022-10-23;0;0;0;0;0;4416353;3441243;4445;2;2898
FR;3;2022-10-24;0;0;0;0;0;4416353;3441243;4445;2;2898
FR;4;2020-12-27;0;0;0;0;0;0;0;0;0;0
FR;4;2020-12-28;0;0;0;0;0;0;0;0;0;0
FR;4;2020-12-29;0;0;0;0;0;0;0;0;0;0
FR;4;2020-12-30;0;0;0;0;0;0;0;0;0;0
FR;4;2020-12-31;0;0;0;0;0;0;0;0;0;0
FR;4;2021-01-01;0;0;0;0;0;0;0;0;0;0
FR;4;2021-01-02;0;0;0;0;0;0;0;0;0;0
FR;4;2021-01-03;0;0;0;0;0;0;0;0;0;0
FR;4;2021-01-04;0;0;0;0;0;0;0;0;0;0
FR;4;2021-01-05;0;0;0;0;0;0;0;0;0;0
FR;4;2021-01-06;0;0;0;0;0;0;0;0;0;0
FR;4;2021-01-07;0;0;0;0;0;0;0;0;0;0
FR;4;2021-01-08;0;0;0;0;0;0;0;0;0;0
FR;4;2021-01-09;0;0;0;0;0;0;0;0;0;0
FR;4;2021-01-10;0;0;0;0;0;0;0;0;0;0
FR;4;2021-01-11;0;0;0;0;0;0;0;0;0;0
FR;4;2021-01-12;0;0;0;0;0;0;0;0;0;0
FR;4;2021-01-13;0;0;0;0;0;0;0;0;0;0
FR;4;2021-01-14;0;0;0;0;0;0;0;0;0;0
FR;4;2021-01-15;0;0;0;0;0;0;0;0;0;0
FR;4;2021-01-16;0;0;0;0;0;0;0;0;0;0
FR;4;2021-01-17;0;0;0;0;0;0;0;0;0;0
FR;4;2021-01-18;0;0;0;0;0;0;0;0;0;0
FR;4;2021-01-19;0;0;0;0;0;0;0;0;0;0
FR;4;2021-01-20;0;0;0;0;0;0;0;0;0;0
FR;4;2021-01-21;0;0;0;0;0;0;0;0;0;0
FR;4;2021-01-22;0;0;0;0;0;0;0;0;0;0
FR;4;2021-01-23;0;0;0;0;0;0;0;0;0;0
FR;4;2021-01-24;0;0;0;0;0;0;0;0;0;0
FR;4;2021-01-25;0;0;0;0;0;0;0;0;0;0
FR;4;2021-01-26;0;0;0;0;0;0;0;0;0;0
FR;4;2021-01-27;0;0;0;0;0;0;0;0;0;0
FR;4;2021-01-28;0;0;0;0;0;0;0;0;0;0
FR;4;2021-01-29;0;0;0;0;0;0;0;0;0;0
FR;4;2021-01-30;0;0;0;0;0;0;0;0;0;0
FR;4;2021-01-31;0;0;0;0;0;0;0;0;0;0
FR;4;2021-02-01;0;0;0;0;0;0;0;0;0;0
FR;4;2021-02-02;0;0;0;0;0;0;0;0;0;0
FR;4;2021-02-03;0;0;0;0;0;0;0;0;0;0
FR;4;2021-02-04;0;0;0;0;0;0;0;0;0;0
FR;4;2021-02-05;0;0;0;0;0;0;0;0;0;0
FR;4;2021-02-06;0;0;0;0;0;0;0;0;0;0
FR;4;2021-02-07;0;0;0;0;0;0;0;0;0;0
FR;4;2021-02-08;0;0;0;0;0;0;0;0;0;0
FR;4;2021-02-09;0;0;0;0;0;0;0;0;0;0
FR;4;2021-02-10;0;0;0;0;0;0;0;0;0;0
FR;4;2021-02-11;0;0;0;0;0;0;0;0;0;0
FR;4;2021-02-12;0;0;0;0;0;0;0;0;0;0
FR;4;2021-02-13;0;0;0;0;0;0;0;0;0;0
FR;4;2021-02-14;0;0;0;0;0;0;0;0;0;0
FR;4;2021-02-15;0;0;0;0;0;0;0;0;0;0
FR;4;2021-02-16;0;0;0;0;0;0;0;0;0;0
FR;4;2021-02-17;0;0;0;0;0;0;0;0;0;0
FR;4;2021-02-18;0;0;0;0;0;0;0;0;0;0
FR;4;2021-02-19;0;0;0;0;0;0;0;0;0;0
FR;4;2021-02-20;0;0;0;0;0;0;0;0;0;0
FR;4;2021-02-21;0;0;0;0;0;0;0;0;0;0
FR;4;2021-02-22;0;0;0;0;0;0;0;0;0;0
FR;4;2021-02-23;0;0;0;0;0;0;0;0;0;0
FR;4;2021-02-24;0;0;0;0;0;0;0;0;0;0
FR;4;2021-02-25;0;0;0;0;0;0;0;0;0;0
FR;4;2021-02-26;0;0;0;0;0;0;0;0;0;0
FR;4;2021-02-27;0;0;0;0;0;0;0;0;0;0
FR;4;2021-02-28;0;0;0;0;0;0;0;0;0;0
FR;4;2021-03-01;0;0;0;0;0;0;0;0;0;0
FR;4;2021-03-02;0;0;0;0;0;0;0;0;0;0
FR;4;2021-03-03;0;0;0;0;0;0;0;0;0;0
FR;4;2021-03-04;0;0;0;0;0;0;0;0;0;0
FR;4;2021-03-05;0;0;0;0;0;0;0;0;0;0
FR;4;2021-03-06;0;0;0;0;0;0;0;0;0;0
FR;4;2021-03-07;0;0;0;0;0;0;0;0;0;0
FR;4;2021-03-08;0;0;0;0;0;0;0;0;0;0
FR;4;2021-03-09;0;0;0;0;0;0;0;0;0;0
FR;4;2021-03-10;0;0;0;0;0;0;0;0;0;0
FR;4;2021-03-11;0;0;0;0;0;0;0;0;0;0
FR;4;2021-03-12;0;0;0;0;0;0;0;0;0;0
FR;4;2021-03-13;0;0;0;0;0;0;0;0;0;0
FR;4;2021-03-14;0;0;0;0;0;0;0;0;0;0
FR;4;2021-03-15;0;0;0;0;0;0;0;0;0;0
FR;4;2021-03-16;0;0;0;0;0;0;0;0;0;0
FR;4;2021-03-17;0;0;0;0;0;0;0;0;0;0
FR;4;2021-03-18;0;0;0;0;0;0;0;0;0;0
FR;4;2021-03-19;0;0;0;0;0;0;0;0;0;0
FR;4;2021-03-20;0;0;0;0;0;0;0;0;0;0
FR;4;2021-03-21;0;0;0;0;0;0;0;0;0;0
FR;4;2021-03-22;0;0;0;0;0;0;0;0;0;0
FR;4;2021-03-23;0;0;0;0;0;0;0;0;0;0
FR;4;2021-03-24;0;0;0;0;0;0;0;0;0;0
FR;4;2021-03-25;0;0;0;0;0;0;0;0;0;0
FR;4;2021-03-26;0;0;0;0;0;0;0;0;0;0
FR;4;2021-03-27;0;0;0;0;0;0;0;0;0;0
FR;4;2021-03-28;0;0;0;0;0;0;0;0;0;0
FR;4;2021-03-29;0;0;0;0;0;0;0;0;0;0
FR;4;2021-03-30;0;0;0;0;0;0;0;0;0;0
FR;4;2021-03-31;0;0;0;0;0;0;0;0;0;0
FR;4;2021-04-01;0;0;0;0;0;0;0;0;0;0
FR;4;2021-04-02;0;0;0;0;0;0;0;0;0;0
FR;4;2021-04-03;0;0;0;0;0;0;0;0;0;0
FR;4;2021-04-04;0;0;0;0;0;0;0;0;0;0
FR;4;2021-04-05;0;0;0;0;0;0;0;0;0;0
FR;4;2021-04-06;0;0;0;0;0;0;0;0;0;0
FR;4;2021-04-07;0;0;0;0;0;0;0;0;0;0
FR;4;2021-04-08;0;0;0;0;0;0;0;0;0;0
FR;4;2021-04-09;0;0;0;0;0;0;0;0;0;0
FR;4;2021-04-10;0;0;0;0;0;0;0;0;0;0
FR;4;2021-04-11;0;0;0;0;0;0;0;0;0;0
FR;4;2021-04-12;0;0;0;0;0;0;0;0;0;0
FR;4;2021-04-13;0;0;0;0;0;0;0;0;0;0
FR;4;2021-04-14;0;0;0;0;0;0;0;0;0;0
FR;4;2021-04-15;0;0;0;0;0;0;0;0;0;0
FR;4;2021-04-16;0;0;0;0;0;0;0;0;0;0
FR;4;2021-04-17;0;0;0;0;0;0;0;0;0;0
FR;4;2021-04-18;0;0;0;0;0;0;0;0;0;0
FR;4;2021-04-19;0;0;0;0;0;0;0;0;0;0
FR;4;2021-04-20;0;0;0;0;0;0;0;0;0;0
FR;4;2021-04-21;0;0;0;0;0;0;0;0;0;0
FR;4;2021-04-22;0;0;0;0;0;0;0;0;0;0
FR;4;2021-04-23;3807;0;0;0;0;3807;0;0;0;0
FR;4;2021-04-24;1569;1;0;0;0;5376;1;0;0;0
FR;4;2021-04-25;125;0;0;0;0;5501;1;0;0;0
FR;4;2021-04-26;2869;1;0;0;0;8370;2;0;0;0
FR;4;2021-04-27;9521;3;0;0;0;17891;5;0;0;0
FR;4;2021-04-28;9908;6;0;0;0;27799;11;0;0;0
FR;4;2021-04-29;15991;8;0;0;0;43790;19;0;0;0
FR;4;2021-04-30;19233;10;0;0;0;63023;29;0;0;0
FR;4;2021-05-01;1993;6;0;0;0;65016;35;0;0;0
FR;4;2021-05-02;483;0;0;0;0;65499;35;0;0;0
FR;4;2021-05-03;5064;2;0;0;0;70563;37;0;0;0
FR;4;2021-05-04;8407;11;0;0;0;78970;48;0;0;0
FR;4;2021-05-05;6190;7;0;0;0;85160;55;0;0;0
FR;4;2021-05-06;11385;11;0;0;0;96545;66;0;0;0
FR;4;2021-05-07;19124;9;0;0;0;115669;75;0;0;0
FR;4;2021-05-08;2378;6;0;0;0;118047;81;0;0;0
FR;4;2021-05-09;688;3;0;0;0;118735;84;0;0;0
FR;4;2021-05-10;7244;5;1;0;0;125979;89;1;0;0
FR;4;2021-05-11;14323;12;0;0;0;140302;101;1;0;0
FR;4;2021-05-12;10173;15;0;0;0;150475;116;1;0;0
FR;4;2021-05-13;1583;4;0;0;0;152058;120;1;0;0
FR;4;2021-05-14;7766;7;0;0;0;159824;127;1;0;0
FR;4;2021-05-15;3720;8;1;0;0;163544;135;2;0;0
FR;4;2021-05-16;417;1;0;0;0;163961;136;2;0;0
FR;4;2021-05-17;4479;6;0;0;0;168440;142;2;0;0
FR;4;2021-05-18;8765;10;0;0;0;177205;152;2;0;0
FR;4;2021-05-19;5694;7;0;0;0;182899;159;2;0;0
FR;4;2021-05-20;9485;8;0;0;0;192384;167;2;0;0
FR;4;2021-05-21;12808;30;0;0;0;205192;197;2;0;0
FR;4;2021-05-22;5060;15;0;0;0;210252;212;2;0;0
FR;4;2021-05-23;495;4;0;0;0;210747;216;2;0;0
FR;4;2021-05-24;1058;7;0;0;0;211805;223;2;0;0
FR;4;2021-05-25;7632;16;0;0;0;219437;239;2;0;0
FR;4;2021-05-26;7728;16;0;0;0;227165;255;2;0;0
FR;4;2021-05-27;14335;35;0;0;0;241500;290;2;0;0
FR;4;2021-05-28;26591;82;1;0;0;268091;372;3;0;0
FR;4;2021-05-29;11385;18;0;0;0;279476;390;3;0;0
FR;4;2021-05-30;973;6;0;0;0;280449;396;3;0;0
FR;4;2021-05-31;12695;21;0;0;0;293144;417;3;0;0
FR;4;2021-06-01;20263;48;1;0;0;313407;465;4;0;0
FR;4;2021-06-02;14520;33;0;0;0;327927;498;4;0;0
FR;4;2021-06-03;19429;24;1;0;0;347356;522;5;0;0
FR;4;2021-06-04;22514;47;0;0;0;369870;569;5;0;0
FR;4;2021-06-05;9714;32;0;0;0;379584;601;5;0;0
FR;4;2021-06-06;1039;1;0;0;0;380623;602;5;0;0
FR;4;2021-06-07;9227;19;0;0;0;389850;621;5;0;0
FR;4;2021-06-08;14612;32;0;0;0;404462;653;5;0;0
FR;4;2021-06-09;12209;25;0;0;0;416671;678;5;0;0
FR;4;2021-06-10;15404;30;0;0;0;432075;708;5;0;0
FR;4;2021-06-11;16987;57;0;0;0;449062;765;5;0;0
FR;4;2021-06-12;7450;27;0;0;0;456512;792;5;0;0
FR;4;2021-06-13;908;3;0;0;0;457420;795;5;0;0
FR;4;2021-06-14;6649;27;0;0;0;464069;822;5;0;0
FR;4;2021-06-15;10892;37;0;0;0;474961;859;5;0;0
FR;4;2021-06-16;8909;16;0;0;0;483870;875;5;0;0
FR;4;2021-06-17;10899;37;0;0;0;494769;912;5;0;0
FR;4;2021-06-18;12424;45;0;0;0;507193;957;5;0;0
FR;4;2021-06-19;5567;25;0;0;0;512760;982;5;0;0
FR;4;2021-06-20;824;5;0;0;0;513584;987;5;0;0
FR;4;2021-06-21;5100;20;0;0;0;518684;1007;5;0;0
FR;4;2021-06-22;7913;28;2;0;0;526597;1035;7;0;0
FR;4;2021-06-23;7102;42;2;0;0;533699;1077;9;0;0
FR;4;2021-06-24;8653;46;1;0;0;542352;1123;10;0;0
FR;4;2021-06-25;10173;40;2;0;0;552525;1163;12;0;0
FR;4;2021-06-26;4849;21;0;0;0;557374;1184;12;0;0
FR;4;2021-06-27;764;4;0;0;0;558138;1188;12;0;0
FR;4;2021-06-28;4831;16;1;0;0;562969;1204;13;0;0
FR;4;2021-06-29;7110;28;2;0;0;570079;1232;15;0;0
FR;4;2021-06-30;6723;39;2;0;0;576802;1271;17;0;0
FR;4;2021-07-01;8208;42;0;0;0;585010;1313;17;0;0
FR;4;2021-07-02;9427;53;1;0;0;594437;1366;18;0;0
FR;4;2021-07-03;4846;20;0;0;0;599283;1386;18;0;0
FR;4;2021-07-04;689;5;0;0;0;599972;1391;18;0;0
FR;4;2021-07-05;4771;19;2;0;0;604743;1410;20;0;0
FR;4;2021-07-06;7726;29;4;0;0;612469;1439;24;0;0
FR;4;2021-07-07;7084;34;2;0;0;619553;1473;26;0;0
FR;4;2021-07-08;9231;39;2;0;0;628784;1512;28;0;0
FR;4;2021-07-09;10278;34;1;0;0;639062;1546;29;0;0
FR;4;2021-07-10;4639;14;2;0;0;643701;1560;31;0;0
FR;4;2021-07-11;583;4;1;0;0;644284;1564;32;0;0
FR;4;2021-07-12;5875;29;0;0;0;650159;1593;32;0;0
FR;4;2021-07-13;14234;29;0;0;0;664393;1622;32;0;0
FR;4;2021-07-14;2289;15;0;0;0;666682;1637;32;0;0
FR;4;2021-07-15;18236;36;0;0;0;684918;1673;32;0;0
FR;4;2021-07-16;22835;71;2;0;0;707753;1744;34;0;0
FR;4;2021-07-17;9738;20;0;0;0;717491;1764;34;0;0
FR;4;2021-07-18;1357;4;0;0;0;718848;1768;34;0;0
FR;4;2021-07-19;12989;30;1;0;0;731837;1798;35;0;0
FR;4;2021-07-20;17343;26;1;0;0;749180;1824;36;0;0
FR;4;2021-07-21;15616;33;0;0;0;764796;1857;36;0;0
FR;4;2021-07-22;18244;44;2;0;0;783040;1901;38;0;0
FR;4;2021-07-23;20417;57;7;0;0;803457;1958;45;0;0
FR;4;2021-07-24;9289;32;0;0;0;812746;1990;45;0;0
FR;4;2021-07-25;1354;8;0;0;0;814100;1998;45;0;0
FR;4;2021-07-26;11041;23;0;0;0;825141;2021;45;0;0
FR;4;2021-07-27;14681;35;3;0;0;839822;2056;48;0;0
FR;4;2021-07-28;12933;26;2;0;0;852755;2082;50;0;0
FR;4;2021-07-29;14088;54;4;0;0;866843;2136;54;0;0
FR;4;2021-07-30;15499;46;2;0;0;882342;2182;56;0;0
FR;4;2021-07-31;6840;14;2;0;0;889182;2196;58;0;0
FR;4;2021-08-01;906;1;0;0;0;890088;2197;58;0;0
FR;4;2021-08-02;7916;31;0;0;0;898004;2228;58;0;0
FR;4;2021-08-03;10798;31;2;0;0;908802;2259;60;0;0
FR;4;2021-08-04;9745;29;0;0;0;918547;2288;60;0;0
FR;4;2021-08-05;9823;41;0;0;0;928370;2329;60;0;0
FR;4;2021-08-06;10200;31;3;0;0;938570;2360;63;0;0
FR;4;2021-08-07;5098;30;1;0;0;943668;2390;64;0;0
FR;4;2021-08-08;1219;13;0;0;0;944887;2403;64;0;0
FR;4;2021-08-09;6347;31;0;0;0;951234;2434;64;0;0
FR;4;2021-08-10;8749;18;0;0;0;959983;2452;64;0;0
FR;4;2021-08-11;7943;34;4;0;0;967926;2486;68;0;0
FR;4;2021-08-12;8585;31;1;0;0;976511;2517;69;0;0
FR;4;2021-08-13;7558;25;0;1;0;984069;2542;69;1;0
FR;4;2021-08-14;3791;20;0;0;0;987860;2562;69;1;0
FR;4;2021-08-15;771;5;0;0;0;988631;2567;69;1;0
FR;4;2021-08-16;4008;17;0;0;0;992639;2584;69;1;0
FR;4;2021-08-17;5628;17;1;0;0;998267;2601;70;1;0
FR;4;2021-08-18;5166;37;0;0;0;1003433;2638;70;1;0
FR;4;2021-08-19;5486;33;3;0;0;1008919;2671;73;1;0
FR;4;2021-08-20;5222;25;1;0;0;1014141;2696;74;1;0
FR;4;2021-08-21;2310;21;1;0;0;1016451;2717;75;1;0
FR;4;2021-08-22;414;2;0;0;0;1016865;2719;75;1;0
FR;4;2021-08-23;2932;19;1;0;0;1019797;2738;76;1;0
FR;4;2021-08-24;3757;15;0;0;0;1023554;2753;76;1;0
FR;4;2021-08-25;3542;25;1;0;0;1027096;2778;77;1;0
FR;4;2021-08-26;3714;21;2;0;0;1030810;2799;79;1;0
FR;4;2021-08-27;3617;31;2;0;0;1034427;2830;81;1;0
FR;4;2021-08-28;1725;10;1;0;0;1036152;2840;82;1;0
FR;4;2021-08-29;385;7;1;0;0;1036537;2847;83;1;0
FR;4;2021-08-30;2009;25;0;0;15;1038546;2872;83;1;15
FR;4;2021-08-31;2485;21;0;0;14;1041031;2893;83;1;29
FR;4;2021-09-01;2083;38;1;0;21;1043114;2931;84;1;50
FR;4;2021-09-02;2306;31;4;0;18;1045420;2962;88;1;68
FR;4;2021-09-03;2363;44;5;0;36;1047783;3006;93;1;104
FR;4;2021-09-04;1373;18;0;0;9;1049156;3024;93;1;113
FR;4;2021-09-05;433;2;0;0;2;1049589;3026;93;1;115
FR;4;2021-09-06;1713;62;0;0;23;1051302;3088;93;1;138
FR;4;2021-09-07;1678;18;0;0;8;1052980;3106;93;1;146
FR;4;2021-09-08;1285;26;3;0;19;1054265;3132;96;1;165
FR;4;2021-09-09;1389;23;2;0;9;1055654;3155;98;1;174
FR;4;2021-09-10;1521;31;2;0;23;1057175;3186;100;1;197
FR;4;2021-09-11;744;11;0;0;3;1057919;3197;100;1;200
FR;4;2021-09-12;169;4;0;0;3;1058088;3201;100;1;203
FR;4;2021-09-13;1322;22;1;0;16;1059410;3223;101;1;219
FR;4;2021-09-14;1503;9;2;0;6;1060913;3232;103;1;225
FR;4;2021-09-15;1095;28;1;0;25;1062008;3260;104;1;250
FR;4;2021-09-16;1105;22;2;0;15;1063113;3282;106;1;265
FR;4;2021-09-17;896;21;1;0;12;1064009;3303;107;1;277
FR;4;2021-09-18;464;6;1;0;5;1064473;3309;108;1;282
FR;4;2021-09-19;182;3;0;0;2;1064655;3312;108;1;284
FR;4;2021-09-20;453;19;0;0;13;1065108;3331;108;1;297
FR;4;2021-09-21;432;11;0;0;7;1065540;3342;108;1;304
FR;4;2021-09-22;374;19;2;0;13;1065914;3361;110;1;317
FR;4;2021-09-23;483;16;1;0;15;1066397;3377;111;1;332
FR;4;2021-09-24;413;13;2;0;9;1066810;3390;113;1;341
FR;4;2021-09-25;280;10;1;0;5;1067090;3400;114;1;346
FR;4;2021-09-26;74;2;0;0;1;1067164;3402;114;1;347
FR;4;2021-09-27;264;10;1;0;8;1067428;3412;115;1;355
FR;4;2021-09-28;318;8;0;0;8;1067746;3420;115;1;363
FR;4;2021-09-29;375;19;1;0;13;1068121;3439;116;1;376
FR;4;2021-09-30;364;41;0;0;22;1068485;3480;116;1;398
FR;4;2021-10-01;411;56;0;0;50;1068896;3536;116;1;448
FR;4;2021-10-02;196;22;1;0;13;1069092;3558;117;1;461
FR;4;2021-10-03;85;1;0;0;0;1069177;3559;117;1;461
FR;4;2021-10-04;360;20;1;0;16;1069537;3579;118;1;477
FR;4;2021-10-05;286;19;2;0;15;1069823;3598;120;1;492
FR;4;2021-10-06;248;23;1;0;18;1070071;3621;121;1;510
FR;4;2021-10-07;265;25;2;0;13;1070336;3646;123;1;523
FR;4;2021-10-08;356;24;2;0;20;1070692;3670;125;1;543
FR;4;2021-10-09;194;6;6;0;7;1070886;3676;131;1;550
FR;4;2021-10-10;97;3;2;0;3;1070983;3679;133;1;553
FR;4;2021-10-11;249;15;1;0;14;1071232;3694;134;1;567
FR;4;2021-10-12;208;14;0;0;13;1071440;3708;134;1;580
FR;4;2021-10-13;219;28;1;0;25;1071659;3736;135;1;605
FR;4;2021-10-14;314;21;4;0;15;1071973;3757;139;1;620
FR;4;2021-10-15;322;24;5;0;25;1072295;3781;144;1;645
FR;4;2021-10-16;166;6;2;0;6;1072461;3787;146;1;651
FR;4;2021-10-17;70;2;0;0;1;1072531;3789;146;1;652
FR;4;2021-10-18;281;16;1;0;13;1072812;3805;147;1;665
FR;4;2021-10-19;215;14;2;0;15;1073027;3819;149;1;680
FR;4;2021-10-20;230;27;4;0;15;1073257;3846;153;1;695
FR;4;2021-10-21;243;17;0;0;13;1073500;3863;153;1;708
FR;4;2021-10-22;217;25;2;0;20;1073717;3888;155;1;728
FR;4;2021-10-23;116;16;1;0;15;1073833;3904;156;1;743
FR;4;2021-10-24;38;4;0;0;1;1073871;3908;156;1;744
FR;4;2021-10-25;214;7;2;0;9;1074085;3915;158;1;753
FR;4;2021-10-26;200;14;0;0;12;1074285;3929;158;1;765
FR;4;2021-10-27;196;11;4;0;11;1074481;3940;162;1;776
FR;4;2021-10-28;184;18;5;0;22;1074665;3958;167;1;798
FR;4;2021-10-29;224;15;2;0;13;1074889;3973;169;1;811
FR;4;2021-10-30;102;2;1;0;2;1074991;3975;170;1;813
FR;4;2021-10-31;57;3;2;0;3;1075048;3978;172;1;816
FR;4;2021-11-01;75;27;4;0;24;1075123;4005;176;1;840
FR;4;2021-11-02;160;21;2;0;21;1075283;4026;178;1;861
FR;4;2021-11-03;130;20;8;1;18;1075413;4046;186;2;879
FR;4;2021-11-04;185;15;1;0;12;1075598;4061;187;2;891
FR;4;2021-11-05;130;17;1;0;16;1075728;4078;188;2;907
FR;4;2021-11-06;80;6;1;0;6;1075808;4084;189;2;913
FR;4;2021-11-07;81;2;2;0;4;1075889;4086;191;2;917
FR;4;2021-11-08;160;20;1;0;20;1076049;4106;192;2;937
FR;4;2021-11-09;156;14;3;0;16;1076205;4120;195;2;953
FR;4;2021-11-10;121;30;6;0;32;1076326;4150;201;2;985
FR;4;2021-11-11;98;10;1;0;11;1076424;4160;202;2;996
FR;4;2021-11-12;105;19;2;0;18;1076529;4179;204;2;1014
FR;4;2021-11-13;74;15;2;0;14;1076603;4194;206;2;1028
FR;4;2021-11-14;55;5;4;0;8;1076658;4199;210;2;1036
FR;4;2021-11-15;99;26;2;0;24;1076757;4225;212;2;1060
FR;4;2021-11-16;105;13;2;0;15;1076862;4238;214;2;1075
FR;4;2021-11-17;119;30;4;0;30;1076981;4268;218;2;1105
FR;4;2021-11-18;100;34;14;0;43;1077081;4302;232;2;1148
FR;4;2021-11-19;87;21;3;0;22;1077168;4323;235;2;1170
FR;4;2021-11-20;77;8;1;0;8;1077245;4331;236;2;1178
FR;4;2021-11-21;68;7;2;0;9;1077313;4338;238;2;1187
FR;4;2021-11-22;106;28;9;0;33;1077419;4366;247;2;1220
FR;4;2021-11-23;76;31;6;0;29;1077495;4397;253;2;1249
FR;4;2021-11-24;89;23;11;0;24;1077584;4420;264;2;1273
FR;4;2021-11-25;93;28;16;0;32;1077677;4448;280;2;1305
FR;4;2021-11-26;84;43;12;0;45;1077761;4491;292;2;1350
FR;4;2021-11-27;41;22;15;0;25;1077802;4513;307;2;1375
FR;4;2021-11-28;50;8;0;0;7;1077852;4521;307;2;1382
FR;4;2021-11-29;90;31;16;0;40;1077942;4552;323;2;1422
FR;4;2021-11-30;75;37;12;0;41;1078017;4589;335;2;1463
FR;4;2021-12-01;88;60;19;0;67;1078105;4649;354;2;1530
FR;4;2021-12-02;107;48;20;0;54;1078212;4697;374;2;1584
FR;4;2021-12-03;101;36;15;0;44;1078313;4733;389;2;1628
FR;4;2021-12-04;72;31;18;0;44;1078385;4764;407;2;1672
FR;4;2021-12-05;62;7;1;0;7;1078447;4771;408;2;1679
FR;4;2021-12-06;109;46;19;0;59;1078556;4817;427;2;1738
FR;4;2021-12-07;81;37;9;0;36;1078637;4854;436;2;1774
FR;4;2021-12-08;70;31;17;0;38;1078707;4885;453;2;1812
FR;4;2021-12-09;63;32;10;1;39;1078770;4917;463;3;1851
FR;4;2021-12-10;63;64;20;0;68;1078833;4981;483;3;1919
FR;4;2021-12-11;28;34;7;0;34;1078861;5015;490;3;1953
FR;4;2021-12-12;26;10;3;0;13;1078887;5025;493;3;1966
FR;4;2021-12-13;73;40;14;0;49;1078960;5065;507;3;2015
FR;4;2021-12-14;59;43;17;0;54;1079019;5108;524;3;2069
FR;4;2021-12-15;67;64;28;0;84;1079086;5172;552;3;2153
FR;4;2021-12-16;33;45;19;0;58;1079119;5217;571;3;2211
FR;4;2021-12-17;39;55;12;0;60;1079158;5272;583;3;2271
FR;4;2021-12-18;49;30;2;0;31;1079207;5302;585;3;2302
FR;4;2021-12-19;15;4;1;0;4;1079222;5306;586;3;2306
FR;4;2021-12-20;43;38;10;0;41;1079265;5344;596;3;2347
FR;4;2021-12-21;29;32;16;0;38;1079294;5376;612;3;2385
FR;4;2021-12-22;37;37;10;0;38;1079331;5413;622;3;2423
FR;4;2021-12-23;39;45;8;0;49;1079370;5458;630;3;2472
FR;4;2021-12-24;23;26;10;0;30;1079393;5484;640;3;2502
FR;4;2021-12-25;7;3;3;0;4;1079400;5487;643;3;2506
FR;4;2021-12-26;5;3;1;0;2;1079405;5490;644;3;2508
FR;4;2021-12-27;31;41;9;0;43;1079436;5531;653;3;2551
FR;4;2021-12-28;25;28;7;0;29;1079461;5559;660;3;2580
FR;4;2021-12-29;52;25;11;0;30;1079513;5584;671;3;2610
FR;4;2021-12-30;44;19;12;0;22;1079557;5603;683;3;2632
FR;4;2021-12-31;18;6;8;0;11;1079575;5609;691;3;2643
FR;4;2022-01-01;5;4;4;0;6;1079580;5613;695;3;2649
FR;4;2022-01-02;40;5;16;0;20;1079620;5618;711;3;2669
FR;4;2022-01-03;43;55;22;1;62;1079663;5673;733;4;2731
FR;4;2022-01-04;37;28;15;0;33;1079700;5701;748;4;2764
FR;4;2022-01-05;51;22;19;0;25;1079751;5723;767;4;2789
FR;4;2022-01-06;49;22;24;0;38;1079800;5745;791;4;2827
FR;4;2022-01-07;30;20;15;0;20;1079830;5765;806;4;2847
FR;4;2022-01-08;11;6;10;0;12;1079841;5771;816;4;2859
FR;4;2022-01-09;18;2;3;0;4;1079859;5773;819;4;2863
FR;4;2022-01-10;47;22;19;0;36;1079906;5795;838;4;2899
FR;4;2022-01-11;27;31;12;0;35;1079933;5826;850;4;2934
FR;4;2022-01-12;33;21;13;0;23;1079966;5847;863;4;2957
FR;4;2022-01-13;53;20;27;0;38;1080019;5867;890;4;2995
FR;4;2022-01-14;23;29;13;0;32;1080042;5896;903;4;3027
FR;4;2022-01-15;13;6;8;0;12;1080055;5902;911;4;3039
FR;4;2022-01-16;12;9;14;0;22;1080067;5911;925;4;3061
FR;4;2022-01-17;26;19;12;0;25;1080093;5930;937;4;3086
FR;4;2022-01-18;16;13;8;0;18;1080109;5943;945;4;3104
FR;4;2022-01-19;31;23;12;0;33;1080140;5966;957;4;3137
FR;4;2022-01-20;32;34;13;0;39;1080172;6000;970;4;3176
FR;4;2022-01-21;11;12;19;1;16;1080183;6012;989;5;3192
FR;4;2022-01-22;30;13;2;0;13;1080213;6025;991;5;3205
FR;4;2022-01-23;8;2;5;0;7;1080221;6027;996;5;3212
FR;4;2022-01-24;14;21;8;0;27;1080235;6048;1004;5;3239
FR;4;2022-01-25;22;32;10;1;38;1080257;6080;1014;6;3277
FR;4;2022-01-26;19;16;8;1;20;1080276;6096;1022;7;3297
FR;4;2022-01-27;21;18;8;0;24;1080297;6114;1030;7;3321
FR;4;2022-01-28;13;23;8;0;26;1080310;6137;1038;7;3347
FR;4;2022-01-29;17;6;5;0;10;1080327;6143;1043;7;3357
FR;4;2022-01-30;18;3;1;0;4;1080345;6146;1044;7;3361
FR;4;2022-01-31;22;27;8;0;31;1080367;6173;1052;7;3392
FR;4;2022-02-01;12;22;12;0;23;1080379;6195;1064;7;3415
FR;4;2022-02-02;18;11;12;2;18;1080397;6206;1076;9;3433
FR;4;2022-02-03;14;23;10;0;27;1080411;6229;1086;9;3460
FR;4;2022-02-04;7;5;7;0;9;1080418;6234;1093;9;3469
FR;4;2022-02-05;7;14;1;0;13;1080425;6248;1094;9;3482
FR;4;2022-02-06;7;4;4;0;7;1080432;6252;1098;9;3489
FR;4;2022-02-07;15;19;8;0;19;1080447;6271;1106;9;3508
FR;4;2022-02-08;19;21;13;1;22;1080466;6292;1119;10;3530
FR;4;2022-02-09;17;11;8;0;15;1080483;6303;1127;10;3545
FR;4;2022-02-10;22;23;9;0;24;1080505;6326;1136;10;3569
FR;4;2022-02-11;18;15;8;0;20;1080523;6341;1144;10;3589
FR;4;2022-02-12;24;6;2;0;6;1080547;6347;1146;10;3595
FR;4;2022-02-13;7;3;3;0;6;1080554;6350;1149;10;3601
FR;4;2022-02-14;20;10;9;0;15;1080574;6360;1158;10;3616
FR;4;2022-02-15;18;7;1;0;7;1080592;6367;1159;10;3623
FR;4;2022-02-16;16;9;11;0;16;1080608;6376;1170;10;3639
FR;4;2022-02-17;11;4;4;0;6;1080619;6380;1174;10;3645
FR;4;2022-02-18;16;15;8;0;21;1080635;6395;1182;10;3666
FR;4;2022-02-19;16;4;2;0;5;1080651;6399;1184;10;3671
FR;4;2022-02-20;7;3;0;0;2;1080658;6402;1184;10;3673
FR;4;2022-02-21;23;4;4;0;6;1080681;6406;1188;10;3679
FR;4;2022-02-22;8;5;10;0;10;1080689;6411;1198;10;3689
FR;4;2022-02-23;16;6;10;0;10;1080705;6417;1208;10;3699
FR;4;2022-02-24;11;5;3;0;6;1080716;6422;1211;10;3705
FR;4;2022-02-25;15;5;7;0;6;1080731;6427;1218;10;3711
FR;4;2022-02-26;27;3;0;0;3;1080758;6430;1218;10;3714
FR;4;2022-02-27;9;0;1;0;1;1080767;6430;1219;10;3715
FR;4;2022-02-28;18;3;2;0;3;1080785;6433;1221;10;3718
FR;4;2022-03-01;8;4;7;0;5;1080793;6437;1228;10;3723
FR;4;2022-03-02;14;3;4;0;6;1080807;6440;1232;10;3729
FR;4;2022-03-03;17;5;3;0;6;1080824;6445;1235;10;3735
FR;4;2022-03-04;7;7;2;1;5;1080831;6452;1237;11;3740
FR;4;2022-03-05;9;2;0;0;2;1080840;6454;1237;11;3742
FR;4;2022-03-06;4;0;1;0;1;1080844;6454;1238;11;3743
FR;4;2022-03-07;10;4;2;0;3;1080854;6458;1240;11;3746
FR;4;2022-03-08;14;3;0;0;3;1080868;6461;1240;11;3749
FR;4;2022-03-09;8;7;2;0;7;1080876;6468;1242;11;3756
FR;4;2022-03-10;5;1;6;0;3;1080881;6469;1248;11;3759
FR;4;2022-03-11;10;4;5;0;2;1080891;6473;1253;11;3761
FR;4;2022-03-12;9;2;0;0;0;1080900;6475;1253;11;3761
FR;4;2022-03-13;6;1;1;0;2;1080906;6476;1254;11;3763
FR;4;2022-03-14;4;2;1;0;3;1080910;6478;1255;11;3766
FR;4;2022-03-15;7;6;3;0;5;1080917;6484;1258;11;3771
FR;4;2022-03-16;7;3;3;0;3;1080924;6487;1261;11;3774
FR;4;2022-03-17;3;4;1;0;5;1080927;6491;1262;11;3779
FR;4;2022-03-18;9;3;0;0;3;1080936;6494;1262;11;3782
FR;4;2022-03-19;1;1;1;0;2;1080937;6495;1263;11;3784
FR;4;2022-03-20;2;0;2;0;1;1080939;6495;1265;11;3785
FR;4;2022-03-21;6;3;1;0;4;1080945;6498;1266;11;3789
FR;4;2022-03-22;4;2;2;0;3;1080949;6500;1268;11;3792
FR;4;2022-03-23;6;4;4;0;7;1080955;6504;1272;11;3799
FR;4;2022-03-24;2;5;3;1;7;1080957;6509;1275;12;3806
FR;4;2022-03-25;3;1;2;0;1;1080960;6510;1277;12;3807
FR;4;2022-03-26;5;5;0;0;5;1080965;6515;1277;12;3812
FR;4;2022-03-27;1;0;3;0;2;1080966;6515;1280;12;3814
FR;4;2022-03-28;5;1;3;0;3;1080971;6516;1283;12;3817
FR;4;2022-03-29;9;0;4;1;0;1080980;6516;1287;13;3817
FR;4;2022-03-30;3;4;0;0;4;1080983;6520;1287;13;3821
FR;4;2022-03-31;2;3;2;1;4;1080985;6523;1289;14;3825
FR;4;2022-04-01;14;2;5;0;5;1080999;6525;1294;14;3830
FR;4;2022-04-02;4;4;0;0;3;1081003;6529;1294;14;3833
FR;4;2022-04-03;0;1;0;0;1;1081003;6530;1294;14;3834
FR;4;2022-04-04;4;4;4;0;5;1081007;6534;1298;14;3839
FR;4;2022-04-05;4;3;2;1;3;1081011;6537;1300;15;3842
FR;4;2022-04-06;6;0;0;0;0;1081017;6537;1300;15;3842
FR;4;2022-04-07;3;2;3;2;5;1081020;6539;1303;17;3847
FR;4;2022-04-08;4;2;1;0;2;1081024;6541;1304;17;3849
FR;4;2022-04-09;0;0;1;1;1;1081024;6541;1305;18;3850
FR;4;2022-04-10;1;2;0;0;2;1081025;6543;1305;18;3852
FR;4;2022-04-11;4;3;4;0;5;1081029;6546;1309;18;3857
FR;4;2022-04-12;5;1;4;0;2;1081034;6547;1313;18;3859
FR;4;2022-04-13;5;7;2;0;9;1081039;6554;1315;18;3868
FR;4;2022-04-14;6;4;2;1;5;1081045;6558;1317;19;3873
FR;4;2022-04-15;5;8;1;0;9;1081050;6566;1318;19;3882
FR;4;2022-04-16;1;0;0;0;0;1081051;6566;1318;19;3882
FR;4;2022-04-17;3;2;1;0;3;1081054;6568;1319;19;3885
FR;4;2022-04-18;2;2;6;0;4;1081056;6570;1325;19;3889
FR;4;2022-04-19;2;0;1;0;0;1081058;6570;1326;19;3889
FR;4;2022-04-20;14;4;1;0;3;1081072;6574;1327;19;3892
FR;4;2022-04-21;7;1;0;0;1;1081079;6575;1327;19;3893
FR;4;2022-04-22;1;1;2;0;2;1081080;6576;1329;19;3895
FR;4;2022-04-23;2;3;3;0;6;1081082;6579;1332;19;3901
FR;4;2022-04-24;0;2;0;0;2;1081082;6581;1332;19;3903
FR;4;2022-04-25;3;4;3;0;7;1081085;6585;1335;19;3910
FR;4;2022-04-26;5;6;1;0;6;1081090;6591;1336;19;3916
FR;4;2022-04-27;4;1;1;1;1;1081094;6592;1337;20;3917
FR;4;2022-04-28;3;5;5;0;6;1081097;6597;1342;20;3923
FR;4;2022-04-29;6;3;0;0;2;1081103;6600;1342;20;3925
FR;4;2022-04-30;2;1;1;0;2;1081105;6601;1343;20;3927
FR;4;2022-05-01;0;0;0;0;0;1081105;6601;1343;20;3927
FR;4;2022-05-02;5;16;6;0;19;1081110;6617;1349;20;3946
FR;4;2022-05-03;2;6;2;0;7;1081112;6623;1351;20;3953
FR;4;2022-05-04;7;4;1;0;4;1081119;6627;1352;20;3957
FR;4;2022-05-05;2;2;1;1;1;1081121;6629;1353;21;3958
FR;4;2022-05-06;5;3;1;0;2;1081126;6632;1354;21;3960
FR;4;2022-05-07;0;0;0;0;0;1081126;6632;1354;21;3960
FR;4;2022-05-08;1;1;0;0;1;1081127;6633;1354;21;3961
FR;4;2022-05-09;5;1;0;0;1;1081132;6634;1354;21;3962
FR;4;2022-05-10;2;1;0;2;3;1081134;6635;1354;23;3965
FR;4;2022-05-11;3;2;3;0;5;1081137;6637;1357;23;3970
FR;4;2022-05-12;6;4;1;1;5;1081143;6641;1358;24;3975
FR;4;2022-05-13;1;0;2;0;2;1081144;6641;1360;24;3977
FR;4;2022-05-14;0;2;0;0;2;1081144;6643;1360;24;3979
FR;4;2022-05-15;2;2;0;0;0;1081146;6645;1360;24;3979
FR;4;2022-05-16;5;2;2;0;2;1081151;6647;1362;24;3981
FR;4;2022-05-17;5;1;2;0;3;1081156;6648;1364;24;3984
FR;4;2022-05-18;3;6;0;0;6;1081159;6654;1364;24;3990
FR;4;2022-05-19;2;3;3;0;5;1081161;6657;1367;24;3995
FR;4;2022-05-20;4;2;3;0;2;1081165;6659;1370;24;3997
FR;4;2022-05-21;2;0;1;0;1;1081167;6659;1371;24;3998
FR;4;2022-05-22;0;0;1;0;1;1081167;6659;1372;24;3999
FR;4;2022-05-23;0;0;2;0;0;1081167;6659;1374;24;3999
FR;4;2022-05-24;2;4;0;0;4;1081169;6663;1374;24;4003
FR;4;2022-05-25;1;3;0;0;1;1081170;6666;1374;24;4004
FR;4;2022-05-26;5;0;1;0;1;1081175;6666;1375;24;4005
FR;4;2022-05-27;0;2;0;1;2;1081175;6668;1375;25;4007
FR;4;2022-05-28;1;0;0;0;0;1081176;6668;1375;25;4007
FR;4;2022-05-29;1;0;1;0;1;1081177;6668;1376;25;4008
FR;4;2022-05-30;2;4;2;0;5;1081179;6672;1378;25;4013
FR;4;2022-05-31;2;1;0;0;1;1081181;6673;1378;25;4014
FR;4;2022-06-01;3;11;7;0;15;1081184;6684;1385;25;4029
FR;4;2022-06-02;5;6;2;0;6;1081189;6690;1387;25;4035
FR;4;2022-06-03;2;5;4;1;6;1081191;6695;1391;26;4041
FR;4;2022-06-04;0;1;1;0;1;1081191;6696;1392;26;4042
FR;4;2022-06-05;0;0;0;0;0;1081191;6696;1392;26;4042
FR;4;2022-06-06;6;0;3;0;2;1081197;6696;1395;26;4044
FR;4;2022-06-07;5;2;0;1;2;1081202;6698;1395;27;4046
FR;4;2022-06-08;0;3;3;0;6;1081202;6701;1398;27;4052
FR;4;2022-06-09;1;2;0;0;1;1081203;6703;1398;27;4053
FR;4;2022-06-10;3;0;3;0;1;1081206;6703;1401;27;4054
FR;4;2022-06-11;2;0;0;0;0;1081208;6703;1401;27;4054
FR;4;2022-06-12;4;0;0;0;0;1081212;6703;1401;27;4054
FR;4;2022-06-13;5;2;3;0;2;1081217;6705;1404;27;4056
FR;4;2022-06-14;4;3;0;0;2;1081221;6708;1404;27;4058
FR;4;2022-06-15;8;3;4;0;3;1081229;6711;1408;27;4061
FR;4;2022-06-16;1;3;1;1;2;1081230;6714;1409;28;4063
FR;4;2022-06-17;6;1;0;0;1;1081236;6715;1409;28;4064
FR;4;2022-06-18;0;0;0;0;0;1081236;6715;1409;28;4064
FR;4;2022-06-19;0;0;0;0;0;1081236;6715;1409;28;4064
FR;4;2022-06-20;4;2;2;1;3;1081240;6717;1411;29;4067
FR;4;2022-06-21;5;2;3;1;3;1081245;6719;1414;30;4070
FR;4;2022-06-22;3;1;0;3;1;1081248;6720;1414;33;4071
FR;4;2022-06-23;3;3;3;0;5;1081251;6723;1417;33;4076
FR;4;2022-06-24;3;0;2;0;0;1081254;6723;1419;33;4076
FR;4;2022-06-25;1;0;1;1;1;1081255;6723;1420;34;4077
FR;4;2022-06-26;0;0;1;0;1;1081255;6723;1421;34;4078
FR;4;2022-06-27;2;2;0;3;2;1081257;6725;1421;37;4080
FR;4;2022-06-28;0;4;2;1;5;1081257;6729;1423;38;4085
FR;4;2022-06-29;1;2;0;0;2;1081258;6731;1423;38;4087
FR;4;2022-06-30;2;0;0;0;0;1081260;6731;1423;38;4087
FR;4;2022-07-01;2;4;8;0;4;1081262;6735;1431;38;4091
FR;4;2022-07-02;0;1;0;0;0;1081262;6736;1431;38;4091
FR;4;2022-07-03;0;0;0;0;0;1081262;6736;1431;38;4091
FR;4;2022-07-04;3;1;0;0;1;1081265;6737;1431;38;4092
FR;4;2022-07-05;2;0;2;0;2;1081267;6737;1433;38;4094
FR;4;2022-07-06;5;0;1;1;0;1081272;6737;1434;39;4094
FR;4;2022-07-07;1;0;2;1;0;1081273;6737;1436;40;4094
FR;4;2022-07-08;3;1;0;0;1;1081276;6738;1436;40;4095
FR;4;2022-07-09;2;2;1;0;3;1081278;6740;1437;40;4098
FR;4;2022-07-10;2;0;1;0;0;1081280;6740;1438;40;4098
FR;4;2022-07-11;2;0;2;0;0;1081282;6740;1440;40;4098
FR;4;2022-07-12;0;0;2;0;2;1081282;6740;1442;40;4100
FR;4;2022-07-13;2;2;3;0;2;1081284;6742;1445;40;4102
FR;4;2022-07-14;4;0;1;0;0;1081288;6742;1446;40;4102
FR;4;2022-07-15;8;2;0;0;2;1081296;6744;1446;40;4104
FR;4;2022-07-16;4;0;0;2;0;1081300;6744;1446;42;4104
FR;4;2022-07-17;0;0;0;0;0;1081300;6744;1446;42;4104
FR;4;2022-07-18;3;2;2;0;2;1081303;6746;1448;42;4106
FR;4;2022-07-19;4;0;1;0;1;1081307;6746;1449;42;4107
FR;4;2022-07-20;10;0;0;0;0;1081317;6746;1449;42;4107
FR;4;2022-07-21;2;1;1;0;1;1081319;6747;1450;42;4108
FR;4;2022-07-22;4;0;3;0;1;1081323;6747;1453;42;4109
FR;4;2022-07-23;1;2;0;0;1;1081324;6749;1453;42;4110
FR;4;2022-07-24;0;0;0;0;0;1081324;6749;1453;42;4110
FR;4;2022-07-25;5;0;2;0;2;1081329;6749;1455;42;4112
FR;4;2022-07-26;2;0;0;0;0;1081331;6749;1455;42;4112
FR;4;2022-07-27;2;1;0;0;0;1081333;6750;1455;42;4112
FR;4;2022-07-28;9;0;0;0;0;1081342;6750;1455;42;4112
FR;4;2022-07-29;3;0;1;0;0;1081345;6750;1456;42;4112
FR;4;2022-07-30;3;0;2;0;0;1081348;6750;1458;42;4112
FR;4;2022-07-31;0;0;0;0;0;1081348;6750;1458;42;4112
FR;4;2022-08-01;1;0;2;0;1;1081349;6750;1460;42;4113
FR;4;2022-08-02;6;0;0;0;0;1081355;6750;1460;42;4113
FR;4;2022-08-03;0;2;1;0;2;1081355;6752;1461;42;4115
FR;4;2022-08-04;3;2;0;1;2;1081358;6754;1461;43;4117
FR;4;2022-08-05;2;0;1;0;0;1081360;6754;1462;43;4117
FR;4;2022-08-06;2;0;0;0;0;1081362;6754;1462;43;4117
FR;4;2022-08-07;3;0;0;0;0;1081365;6754;1462;43;4117
FR;4;2022-08-08;1;0;1;1;1;1081366;6754;1463;44;4118
FR;4;2022-08-09;1;1;1;2;2;1081367;6755;1464;46;4120
FR;4;2022-08-10;5;1;1;0;1;1081372;6756;1465;46;4121
FR;4;2022-08-11;2;0;1;0;1;1081374;6756;1466;46;4122
FR;4;2022-08-12;4;0;1;0;0;1081378;6756;1467;46;4122
FR;4;2022-08-13;1;0;0;0;0;1081379;6756;1467;46;4122
FR;4;2022-08-14;0;0;0;0;0;1081379;6756;1467;46;4122
FR;4;2022-08-15;1;1;3;0;1;1081380;6757;1470;46;4123
FR;4;2022-08-16;0;0;1;0;1;1081380;6757;1471;46;4124
FR;4;2022-08-17;2;0;0;0;0;1081382;6757;1471;46;4124
FR;4;2022-08-18;0;0;0;0;0;1081382;6757;1471;46;4124
FR;4;2022-08-19;5;0;0;0;0;1081387;6757;1471;46;4124
FR;4;2022-08-20;1;0;0;0;0;1081388;6757;1471;46;4124
FR;4;2022-08-21;1;0;0;0;0;1081389;6757;1471;46;4124
FR;4;2022-08-22;3;9;0;0;9;1081392;6766;1471;46;4133
FR;4;2022-08-23;1;2;3;0;3;1081393;6768;1474;46;4136
FR;4;2022-08-24;3;0;0;1;0;1081396;6768;1474;47;4136
FR;4;2022-08-25;0;3;1;0;3;1081396;6771;1475;47;4139
FR;4;2022-08-26;1;0;0;1;0;1081397;6771;1475;48;4139
FR;4;2022-08-27;1;0;0;0;0;1081398;6771;1475;48;4139
FR;4;2022-08-28;0;0;0;0;0;1081398;6771;1475;48;4139
FR;4;2022-08-29;6;0;0;0;0;1081404;6771;1475;48;4139
FR;4;2022-08-30;4;0;0;0;0;1081408;6771;1475;48;4139
FR;4;2022-08-31;1;1;0;0;1;1081409;6772;1475;48;4140
FR;4;2022-09-01;1;7;2;0;6;1081410;6779;1477;48;4146
FR;4;2022-09-02;1;1;1;0;2;1081411;6780;1478;48;4148
FR;4;2022-09-03;2;0;0;0;0;1081413;6780;1478;48;4148
FR;4;2022-09-04;0;0;0;0;0;1081413;6780;1478;48;4148
FR;4;2022-09-05;2;2;0;0;2;1081415;6782;1478;48;4150
FR;4;2022-09-06;0;0;0;0;0;1081415;6782;1478;48;4150
FR;4;2022-09-07;0;0;1;1;1;1081415;6782;1479;49;4151
FR;4;2022-09-08;3;0;0;0;0;1081418;6782;1479;49;4151
FR;4;2022-09-09;2;0;0;0;0;1081420;6782;1479;49;4151
FR;4;2022-09-10;0;0;0;3;1;1081420;6782;1479;52;4152
FR;4;2022-09-11;2;0;0;0;0;1081422;6782;1479;52;4152
FR;4;2022-09-12;0;1;1;0;1;1081422;6783;1480;52;4153
FR;4;2022-09-13;1;0;0;0;0;1081423;6783;1480;52;4153
FR;4;2022-09-14;0;0;0;0;0;1081423;6783;1480;52;4153
FR;4;2022-09-15;2;0;0;0;0;1081425;6783;1480;52;4153
FR;4;2022-09-16;0;0;0;0;0;1081425;6783;1480;52;4153
FR;4;2022-09-17;2;0;0;0;0;1081427;6783;1480;52;4153
FR;4;2022-09-18;0;0;0;0;0;1081427;6783;1480;52;4153
FR;4;2022-09-19;1;0;1;0;1;1081428;6783;1481;52;4154
FR;4;2022-09-20;0;0;0;0;0;1081428;6783;1481;52;4154
FR;4;2022-09-21;2;0;0;0;0;1081430;6783;1481;52;4154
FR;4;2022-09-22;1;0;0;0;0;1081431;6783;1481;52;4154
FR;4;2022-09-23;1;3;0;0;2;1081432;6786;1481;52;4156
FR;4;2022-09-24;1;0;0;0;0;1081433;6786;1481;52;4156
FR;4;2022-09-25;0;0;0;0;0;1081433;6786;1481;52;4156
FR;4;2022-09-26;2;0;1;0;0;1081435;6786;1482;52;4156
FR;4;2022-09-27;0;0;0;1;0;1081435;6786;1482;53;4156
FR;4;2022-09-28;3;0;0;0;0;1081438;6786;1482;53;4156
FR;4;2022-09-29;2;0;0;1;0;1081440;6786;1482;54;4156
FR;4;2022-09-30;1;0;0;0;0;1081441;6786;1482;54;4156
FR;4;2022-10-01;0;1;0;0;0;1081441;6787;1482;54;4156
FR;4;2022-10-02;0;0;0;0;0;1081441;6787;1482;54;4156
FR;4;2022-10-03;1;1;0;0;0;1081442;6788;1482;54;4156
FR;4;2022-10-04;2;0;0;0;0;1081444;6788;1482;54;4156
FR;4;2022-10-05;0;1;0;0;1;1081444;6789;1482;54;4157
FR;4;2022-10-06;1;0;0;0;0;1081445;6789;1482;54;4157
FR;4;2022-10-07;3;0;1;0;0;1081448;6789;1483;54;4157
FR;4;2022-10-08;3;1;0;0;0;1081451;6790;1483;54;4157
FR;4;2022-10-09;0;0;0;0;0;1081451;6790;1483;54;4157
FR;4;2022-10-10;1;0;0;1;0;1081452;6790;1483;55;4157
FR;4;2022-10-11;1;2;0;0;1;1081453;6792;1483;55;4158
FR;4;2022-10-12;0;0;0;0;0;1081453;6792;1483;55;4158
FR;4;2022-10-13;3;0;0;0;0;1081456;6792;1483;55;4158
FR;4;2022-10-14;0;0;0;0;0;1081456;6792;1483;55;4158
FR;4;2022-10-15;0;0;0;0;0;1081456;6792;1483;55;4158
FR;4;2022-10-16;0;0;0;0;0;1081456;6792;1483;55;4158
FR;4;2022-10-17;2;0;1;0;1;1081458;6792;1484;55;4159
FR;4;2022-10-18;1;0;0;1;0;1081459;6792;1484;56;4159
FR;4;2022-10-19;1;0;0;2;0;1081460;6792;1484;58;4159
FR;4;2022-10-20;1;0;0;0;0;1081461;6792;1484;58;4159
FR;4;2022-10-21;0;0;0;0;0;1081461;6792;1484;58;4159
FR;4;2022-10-22;1;0;0;0;0;1081462;6792;1484;58;4159
FR;4;2022-10-23;0;0;0;0;0;1081462;6792;1484;58;4159
FR;4;2022-10-24;0;0;0;0;0;1081462;6792;1484;58;4159
FR;5;2020-12-27;0;0;0;0;0;0;0;0;0;0
FR;5;2020-12-28;0;0;0;0;0;0;0;0;0;0
FR;5;2020-12-29;0;0;0;0;0;0;0;0;0;0
FR;5;2020-12-30;0;0;0;0;0;0;0;0;0;0
FR;5;2020-12-31;0;0;0;0;0;0;0;0;0;0
FR;5;2021-01-01;0;0;0;0;0;0;0;0;0;0
FR;5;2021-01-02;0;0;0;0;0;0;0;0;0;0
FR;5;2021-01-03;0;0;0;0;0;0;0;0;0;0
FR;5;2021-01-04;0;0;0;0;0;0;0;0;0;0
FR;5;2021-01-05;0;0;0;0;0;0;0;0;0;0
FR;5;2021-01-06;0;0;0;0;0;0;0;0;0;0
FR;5;2021-01-07;0;0;0;0;0;0;0;0;0;0
FR;5;2021-01-08;0;0;0;0;0;0;0;0;0;0
FR;5;2021-01-09;0;0;0;0;0;0;0;0;0;0
FR;5;2021-01-10;0;0;0;0;0;0;0;0;0;0
FR;5;2021-01-11;0;0;0;0;0;0;0;0;0;0
FR;5;2021-01-12;0;0;0;0;0;0;0;0;0;0
FR;5;2021-01-13;0;0;0;0;0;0;0;0;0;0
FR;5;2021-01-14;0;0;0;0;0;0;0;0;0;0
FR;5;2021-01-15;0;0;0;0;0;0;0;0;0;0
FR;5;2021-01-16;0;0;0;0;0;0;0;0;0;0
FR;5;2021-01-17;0;0;0;0;0;0;0;0;0;0
FR;5;2021-01-18;0;0;0;0;0;0;0;0;0;0
FR;5;2021-01-19;0;0;0;0;0;0;0;0;0;0
FR;5;2021-01-20;0;0;0;0;0;0;0;0;0;0
FR;5;2021-01-21;0;0;0;0;0;0;0;0;0;0
FR;5;2021-01-22;0;0;0;0;0;0;0;0;0;0
FR;5;2021-01-23;0;0;0;0;0;0;0;0;0;0
FR;5;2021-01-24;0;0;0;0;0;0;0;0;0;0
FR;5;2021-01-25;0;0;0;0;0;0;0;0;0;0
FR;5;2021-01-26;0;0;0;0;0;0;0;0;0;0
FR;5;2021-01-27;0;0;0;0;0;0;0;0;0;0
FR;5;2021-01-28;0;0;0;0;0;0;0;0;0;0
FR;5;2021-01-29;0;0;0;0;0;0;0;0;0;0
FR;5;2021-01-30;0;0;0;0;0;0;0;0;0;0
FR;5;2021-01-31;0;0;0;0;0;0;0;0;0;0
FR;5;2021-02-01;0;0;0;0;0;0;0;0;0;0
FR;5;2021-02-02;0;0;0;0;0;0;0;0;0;0
FR;5;2021-02-03;0;0;0;0;0;0;0;0;0;0
FR;5;2021-02-04;0;0;0;0;0;0;0;0;0;0
FR;5;2021-02-05;0;0;0;0;0;0;0;0;0;0
FR;5;2021-02-06;0;0;0;0;0;0;0;0;0;0
FR;5;2021-02-07;0;0;0;0;0;0;0;0;0;0
FR;5;2021-02-08;0;0;0;0;0;0;0;0;0;0
FR;5;2021-02-09;0;0;0;0;0;0;0;0;0;0
FR;5;2021-02-10;0;0;0;0;0;0;0;0;0;0
FR;5;2021-02-11;0;0;0;0;0;0;0;0;0;0
FR;5;2021-02-12;0;0;0;0;0;0;0;0;0;0
FR;5;2021-02-13;0;0;0;0;0;0;0;0;0;0
FR;5;2021-02-14;0;0;0;0;0;0;0;0;0;0
FR;5;2021-02-15;0;0;0;0;0;0;0;0;0;0
FR;5;2021-02-16;0;0;0;0;0;0;0;0;0;0
FR;5;2021-02-17;0;0;0;0;0;0;0;0;0;0
FR;5;2021-02-18;0;0;0;0;0;0;0;0;0;0
FR;5;2021-02-19;0;0;0;0;0;0;0;0;0;0
FR;5;2021-02-20;0;0;0;0;0;0;0;0;0;0
FR;5;2021-02-21;0;0;0;0;0;0;0;0;0;0
FR;5;2021-02-22;0;0;0;0;0;0;0;0;0;0
FR;5;2021-02-23;0;0;0;0;0;0;0;0;0;0
FR;5;2021-02-24;0;0;0;0;0;0;0;0;0;0
FR;5;2021-02-25;0;0;0;0;0;0;0;0;0;0
FR;5;2021-02-26;0;0;0;0;0;0;0;0;0;0
FR;5;2021-02-27;0;0;0;0;0;0;0;0;0;0
FR;5;2021-02-28;0;0;0;0;0;0;0;0;0;0
FR;5;2021-03-01;0;0;0;0;0;0;0;0;0;0
FR;5;2021-03-02;0;0;0;0;0;0;0;0;0;0
FR;5;2021-03-03;0;0;0;0;0;0;0;0;0;0
FR;5;2021-03-04;0;0;0;0;0;0;0;0;0;0
FR;5;2021-03-05;0;0;0;0;0;0;0;0;0;0
FR;5;2021-03-06;0;0;0;0;0;0;0;0;0;0
FR;5;2021-03-07;0;0;0;0;0;0;0;0;0;0
FR;5;2021-03-08;0;0;0;0;0;0;0;0;0;0
FR;5;2021-03-09;0;0;0;0;0;0;0;0;0;0
FR;5;2021-03-10;0;0;0;0;0;0;0;0;0;0
FR;5;2021-03-11;0;0;0;0;0;0;0;0;0;0
FR;5;2021-03-12;0;0;0;0;0;0;0;0;0;0
FR;5;2021-03-13;0;0;0;0;0;0;0;0;0;0
FR;5;2021-03-14;0;0;0;0;0;0;0;0;0;0
FR;5;2021-03-15;0;0;0;0;0;0;0;0;0;0
FR;5;2021-03-16;0;0;0;0;0;0;0;0;0;0
FR;5;2021-03-17;0;0;0;0;0;0;0;0;0;0
FR;5;2021-03-18;0;0;0;0;0;0;0;0;0;0
FR;5;2021-03-19;0;0;0;0;0;0;0;0;0;0
FR;5;2021-03-20;0;0;0;0;0;0;0;0;0;0
FR;5;2021-03-21;0;0;0;0;0;0;0;0;0;0
FR;5;2021-03-22;0;0;0;0;0;0;0;0;0;0
FR;5;2021-03-23;0;0;0;0;0;0;0;0;0;0
FR;5;2021-03-24;0;0;0;0;0;0;0;0;0;0
FR;5;2021-03-25;0;0;0;0;0;0;0;0;0;0
FR;5;2021-03-26;0;0;0;0;0;0;0;0;0;0
FR;5;2021-03-27;0;0;0;0;0;0;0;0;0;0
FR;5;2021-03-28;0;0;0;0;0;0;0;0;0;0
FR;5;2021-03-29;0;0;0;0;0;0;0;0;0;0
FR;5;2021-03-30;0;0;0;0;0;0;0;0;0;0
FR;5;2021-03-31;0;0;0;0;0;0;0;0;0;0
FR;5;2021-04-01;0;0;0;0;0;0;0;0;0;0
FR;5;2021-04-02;0;0;0;0;0;0;0;0;0;0
FR;5;2021-04-03;0;0;0;0;0;0;0;0;0;0
FR;5;2021-04-04;0;0;0;0;0;0;0;0;0;0
FR;5;2021-04-05;0;0;0;0;0;0;0;0;0;0
FR;5;2021-04-06;0;0;0;0;0;0;0;0;0;0
FR;5;2021-04-07;0;0;0;0;0;0;0;0;0;0
FR;5;2021-04-08;0;0;0;0;0;0;0;0;0;0
FR;5;2021-04-09;0;0;0;0;0;0;0;0;0;0
FR;5;2021-04-10;0;0;0;0;0;0;0;0;0;0
FR;5;2021-04-11;0;0;0;0;0;0;0;0;0;0
FR;5;2021-04-12;0;0;0;0;0;0;0;0;0;0
FR;5;2021-04-13;0;0;0;0;0;0;0;0;0;0
FR;5;2021-04-14;0;0;0;0;0;0;0;0;0;0
FR;5;2021-04-15;0;0;0;0;0;0;0;0;0;0
FR;5;2021-04-16;0;0;0;0;0;0;0;0;0;0
FR;5;2021-04-17;0;0;0;0;0;0;0;0;0;0
FR;5;2021-04-18;0;0;0;0;0;0;0;0;0;0
FR;5;2021-04-19;0;0;0;0;0;0;0;0;0;0
FR;5;2021-04-20;0;0;0;0;0;0;0;0;0;0
FR;5;2021-04-21;0;0;0;0;0;0;0;0;0;0
FR;5;2021-04-22;0;0;0;0;0;0;0;0;0;0
FR;5;2021-04-23;0;0;0;0;0;0;0;0;0;0
FR;5;2021-04-24;0;0;0;0;0;0;0;0;0;0
FR;5;2021-04-25;0;0;0;0;0;0;0;0;0;0
FR;5;2021-04-26;0;0;0;0;0;0;0;0;0;0
FR;5;2021-04-27;0;0;0;0;0;0;0;0;0;0
FR;5;2021-04-28;0;0;0;0;0;0;0;0;0;0
FR;5;2021-04-29;0;0;0;0;0;0;0;0;0;0
FR;5;2021-04-30;0;0;0;0;0;0;0;0;0;0
FR;5;2021-05-01;0;0;0;0;0;0;0;0;0;0
FR;5;2021-05-02;0;0;0;0;0;0;0;0;0;0
FR;5;2021-05-03;0;0;0;0;0;0;0;0;0;0
FR;5;2021-05-04;0;0;0;0;0;0;0;0;0;0
FR;5;2021-05-05;0;0;0;0;0;0;0;0;0;0
FR;5;2021-05-06;0;0;0;0;0;0;0;0;0;0
FR;5;2021-05-07;0;0;0;0;0;0;0;0;0;0
FR;5;2021-05-08;0;0;0;0;0;0;0;0;0;0
FR;5;2021-05-09;0;0;0;0;0;0;0;0;0;0
FR;5;2021-05-10;0;0;0;0;0;0;0;0;0;0
FR;5;2021-05-11;0;0;0;0;0;0;0;0;0;0
FR;5;2021-05-12;0;0;0;0;0;0;0;0;0;0
FR;5;2021-05-13;0;0;0;0;0;0;0;0;0;0
FR;5;2021-05-14;0;0;0;0;0;0;0;0;0;0
FR;5;2021-05-15;0;0;0;0;0;0;0;0;0;0
FR;5;2021-05-16;0;0;0;0;0;0;0;0;0;0
FR;5;2021-05-17;0;0;0;0;0;0;0;0;0;0
FR;5;2021-05-18;0;0;0;0;0;0;0;0;0;0
FR;5;2021-05-19;0;0;0;0;0;0;0;0;0;0
FR;5;2021-05-20;0;0;0;0;0;0;0;0;0;0
FR;5;2021-05-21;0;0;0;0;0;0;0;0;0;0
FR;5;2021-05-22;0;0;0;0;0;0;0;0;0;0
FR;5;2021-05-23;0;0;0;0;0;0;0;0;0;0
FR;5;2021-05-24;0;0;0;0;0;0;0;0;0;0
FR;5;2021-05-25;0;0;0;0;0;0;0;0;0;0
FR;5;2021-05-26;0;0;0;0;0;0;0;0;0;0
FR;5;2021-05-27;0;0;0;0;0;0;0;0;0;0
FR;5;2021-05-28;0;0;0;0;0;0;0;0;0;0
FR;5;2021-05-29;0;0;0;0;0;0;0;0;0;0
FR;5;2021-05-30;0;0;0;0;0;0;0;0;0;0
FR;5;2021-05-31;0;0;0;0;0;0;0;0;0;0
FR;5;2021-06-01;0;0;0;0;0;0;0;0;0;0
FR;5;2021-06-02;0;0;0;0;0;0;0;0;0;0
FR;5;2021-06-03;0;0;0;0;0;0;0;0;0;0
FR;5;2021-06-04;0;0;0;0;0;0;0;0;0;0
FR;5;2021-06-05;0;0;0;0;0;0;0;0;0;0
FR;5;2021-06-06;0;0;0;0;0;0;0;0;0;0
FR;5;2021-06-07;0;0;0;0;0;0;0;0;0;0
FR;5;2021-06-08;0;0;0;0;0;0;0;0;0;0
FR;5;2021-06-09;0;0;0;0;0;0;0;0;0;0
FR;5;2021-06-10;0;0;0;0;0;0;0;0;0;0
FR;5;2021-06-11;0;0;0;0;0;0;0;0;0;0
FR;5;2021-06-12;0;0;0;0;0;0;0;0;0;0
FR;5;2021-06-13;0;0;0;0;0;0;0;0;0;0
FR;5;2021-06-14;0;0;0;0;0;0;0;0;0;0
FR;5;2021-06-15;0;0;0;0;0;0;0;0;0;0
FR;5;2021-06-16;0;0;0;0;0;0;0;0;0;0
FR;5;2021-06-17;0;0;0;0;0;0;0;0;0;0
FR;5;2021-06-18;0;0;0;0;0;0;0;0;0;0
FR;5;2021-06-19;0;0;0;0;0;0;0;0;0;0
FR;5;2021-06-20;0;0;0;0;0;0;0;0;0;0
FR;5;2021-06-21;0;0;0;0;0;0;0;0;0;0
FR;5;2021-06-22;0;0;0;0;0;0;0;0;0;0
FR;5;2021-06-23;0;0;0;0;0;0;0;0;0;0
FR;5;2021-06-24;0;0;0;0;0;0;0;0;0;0
FR;5;2021-06-25;0;0;0;0;0;0;0;0;0;0
FR;5;2021-06-26;0;0;0;0;0;0;0;0;0;0
FR;5;2021-06-27;0;0;0;0;0;0;0;0;0;0
FR;5;2021-06-28;0;0;0;0;0;0;0;0;0;0
FR;5;2021-06-29;0;0;0;0;0;0;0;0;0;0
FR;5;2021-06-30;0;0;0;0;0;0;0;0;0;0
FR;5;2021-07-01;0;0;0;0;0;0;0;0;0;0
FR;5;2021-07-02;0;0;0;0;0;0;0;0;0;0
FR;5;2021-07-03;0;0;0;0;0;0;0;0;0;0
FR;5;2021-07-04;0;0;0;0;0;0;0;0;0;0
FR;5;2021-07-05;0;0;0;0;0;0;0;0;0;0
FR;5;2021-07-06;0;0;0;0;0;0;0;0;0;0
FR;5;2021-07-07;0;0;0;0;0;0;0;0;0;0
FR;5;2021-07-08;0;0;0;0;0;0;0;0;0;0
FR;5;2021-07-09;0;0;0;0;0;0;0;0;0;0
FR;5;2021-07-10;0;0;0;0;0;0;0;0;0;0
FR;5;2021-07-11;0;0;0;0;0;0;0;0;0;0
FR;5;2021-07-12;0;0;0;0;0;0;0;0;0;0
FR;5;2021-07-13;0;0;0;0;0;0;0;0;0;0
FR;5;2021-07-14;0;0;0;0;0;0;0;0;0;0
FR;5;2021-07-15;0;0;0;0;0;0;0;0;0;0
FR;5;2021-07-16;0;0;0;0;0;0;0;0;0;0
FR;5;2021-07-17;0;0;0;0;0;0;0;0;0;0
FR;5;2021-07-18;0;0;0;0;0;0;0;0;0;0
FR;5;2021-07-19;0;0;0;0;0;0;0;0;0;0
FR;5;2021-07-20;0;0;0;0;0;0;0;0;0;0
FR;5;2021-07-21;0;0;0;0;0;0;0;0;0;0
FR;5;2021-07-22;0;0;0;0;0;0;0;0;0;0
FR;5;2021-07-23;0;0;0;0;0;0;0;0;0;0
FR;5;2021-07-24;0;0;0;0;0;0;0;0;0;0
FR;5;2021-07-25;0;0;0;0;0;0;0;0;0;0
FR;5;2021-07-26;0;0;0;0;0;0;0;0;0;0
FR;5;2021-07-27;0;0;0;0;0;0;0;0;0;0
FR;5;2021-07-28;0;0;0;0;0;0;0;0;0;0
FR;5;2021-07-29;0;0;0;0;0;0;0;0;0;0
FR;5;2021-07-30;0;0;0;0;0;0;0;0;0;0
FR;5;2021-07-31;0;0;0;0;0;0;0;0;0;0
FR;5;2021-08-01;0;0;0;0;0;0;0;0;0;0
FR;5;2021-08-02;0;0;0;0;0;0;0;0;0;0
FR;5;2021-08-03;0;0;0;0;0;0;0;0;0;0
FR;5;2021-08-04;0;0;0;0;0;0;0;0;0;0
FR;5;2021-08-05;0;0;0;0;0;0;0;0;0;0
FR;5;2021-08-06;0;0;0;0;0;0;0;0;0;0
FR;5;2021-08-07;0;0;0;0;0;0;0;0;0;0
FR;5;2021-08-08;0;0;0;0;0;0;0;0;0;0
FR;5;2021-08-09;0;0;0;0;0;0;0;0;0;0
FR;5;2021-08-10;0;0;0;0;0;0;0;0;0;0
FR;5;2021-08-11;0;0;0;0;0;0;0;0;0;0
FR;5;2021-08-12;0;0;0;0;0;0;0;0;0;0
FR;5;2021-08-13;0;0;0;0;0;0;0;0;0;0
FR;5;2021-08-14;0;0;0;0;0;0;0;0;0;0
FR;5;2021-08-15;0;0;0;0;0;0;0;0;0;0
FR;5;2021-08-16;0;0;0;0;0;0;0;0;0;0
FR;5;2021-08-17;0;0;0;0;0;0;0;0;0;0
FR;5;2021-08-18;0;0;0;0;0;0;0;0;0;0
FR;5;2021-08-19;0;0;0;0;0;0;0;0;0;0
FR;5;2021-08-20;0;0;0;0;0;0;0;0;0;0
FR;5;2021-08-21;0;0;0;0;0;0;0;0;0;0
FR;5;2021-08-22;0;0;0;0;0;0;0;0;0;0
FR;5;2021-08-23;0;0;0;0;0;0;0;0;0;0
FR;5;2021-08-24;0;0;0;0;0;0;0;0;0;0
FR;5;2021-08-25;0;0;0;0;0;0;0;0;0;0
FR;5;2021-08-26;0;0;0;0;0;0;0;0;0;0
FR;5;2021-08-27;0;0;0;0;0;0;0;0;0;0
FR;5;2021-08-28;0;0;0;0;0;0;0;0;0;0
FR;5;2021-08-29;0;0;0;0;0;0;0;0;0;0
FR;5;2021-08-30;0;0;0;0;0;0;0;0;0;0
FR;5;2021-08-31;0;0;0;0;0;0;0;0;0;0
FR;5;2021-09-01;0;0;0;0;0;0;0;0;0;0
FR;5;2021-09-02;0;0;0;0;0;0;0;0;0;0
FR;5;2021-09-03;0;0;0;0;0;0;0;0;0;0
FR;5;2021-09-04;0;0;0;0;0;0;0;0;0;0
FR;5;2021-09-05;0;0;0;0;0;0;0;0;0;0
FR;5;2021-09-06;0;0;0;0;0;0;0;0;0;0
FR;5;2021-09-07;0;0;0;0;0;0;0;0;0;0
FR;5;2021-09-08;0;0;0;0;0;0;0;0;0;0
FR;5;2021-09-09;0;0;0;0;0;0;0;0;0;0
FR;5;2021-09-10;0;0;0;0;0;0;0;0;0;0
FR;5;2021-09-11;0;0;0;0;0;0;0;0;0;0
FR;5;2021-09-12;0;0;0;0;0;0;0;0;0;0
FR;5;2021-09-13;0;0;0;0;0;0;0;0;0;0
FR;5;2021-09-14;0;0;0;0;0;0;0;0;0;0
FR;5;2021-09-15;0;0;0;0;0;0;0;0;0;0
FR;5;2021-09-16;0;0;0;0;0;0;0;0;0;0
FR;5;2021-09-17;0;0;0;0;0;0;0;0;0;0
FR;5;2021-09-18;0;0;0;0;0;0;0;0;0;0
FR;5;2021-09-19;0;0;0;0;0;0;0;0;0;0
FR;5;2021-09-20;0;0;0;0;0;0;0;0;0;0
FR;5;2021-09-21;0;0;0;0;0;0;0;0;0;0
FR;5;2021-09-22;0;0;0;0;0;0;0;0;0;0
FR;5;2021-09-23;0;0;0;0;0;0;0;0;0;0
FR;5;2021-09-24;0;0;0;0;0;0;0;0;0;0
FR;5;2021-09-25;0;0;0;0;0;0;0;0;0;0
FR;5;2021-09-26;0;0;0;0;0;0;0;0;0;0
FR;5;2021-09-27;0;0;0;0;0;0;0;0;0;0
FR;5;2021-09-28;0;0;0;0;0;0;0;0;0;0
FR;5;2021-09-29;0;0;0;0;0;0;0;0;0;0
FR;5;2021-09-30;0;0;0;0;0;0;0;0;0;0
FR;5;2021-10-01;0;0;0;0;0;0;0;0;0;0
FR;5;2021-10-02;0;0;0;0;0;0;0;0;0;0
FR;5;2021-10-03;0;0;0;0;0;0;0;0;0;0
FR;5;2021-10-04;0;0;0;0;0;0;0;0;0;0
FR;5;2021-10-05;0;0;0;0;0;0;0;0;0;0
FR;5;2021-10-06;0;0;0;0;0;0;0;0;0;0
FR;5;2021-10-07;0;0;0;0;0;0;0;0;0;0
FR;5;2021-10-08;0;0;0;0;0;0;0;0;0;0
FR;5;2021-10-09;0;0;0;0;0;0;0;0;0;0
FR;5;2021-10-10;0;0;0;0;0;0;0;0;0;0
FR;5;2021-10-11;0;0;0;0;0;0;0;0;0;0
FR;5;2021-10-12;0;0;0;0;0;0;0;0;0;0
FR;5;2021-10-13;0;0;0;0;0;0;0;0;0;0
FR;5;2021-10-14;0;0;0;0;0;0;0;0;0;0
FR;5;2021-10-15;0;0;0;0;0;0;0;0;0;0
FR;5;2021-10-16;0;0;0;0;0;0;0;0;0;0
FR;5;2021-10-17;0;0;0;0;0;0;0;0;0;0
FR;5;2021-10-18;0;0;0;0;0;0;0;0;0;0
FR;5;2021-10-19;0;0;0;0;0;0;0;0;0;0
FR;5;2021-10-20;0;0;0;0;0;0;0;0;0;0
FR;5;2021-10-21;0;0;0;0;0;0;0;0;0;0
FR;5;2021-10-22;0;0;0;0;0;0;0;0;0;0
FR;5;2021-10-23;0;0;0;0;0;0;0;0;0;0
FR;5;2021-10-24;0;0;0;0;0;0;0;0;0;0
FR;5;2021-10-25;0;0;0;0;0;0;0;0;0;0
FR;5;2021-10-26;0;0;0;0;0;0;0;0;0;0
FR;5;2021-10-27;0;0;0;0;0;0;0;0;0;0
FR;5;2021-10-28;0;0;0;0;0;0;0;0;0;0
FR;5;2021-10-29;0;0;0;0;0;0;0;0;0;0
FR;5;2021-10-30;0;0;0;0;0;0;0;0;0;0
FR;5;2021-10-31;0;0;0;0;0;0;0;0;0;0
FR;5;2021-11-01;0;0;0;0;0;0;0;0;0;0
FR;5;2021-11-02;0;0;0;0;0;0;0;0;0;0
FR;5;2021-11-03;0;0;0;0;0;0;0;0;0;0
FR;5;2021-11-04;0;0;0;0;0;0;0;0;0;0
FR;5;2021-11-05;0;0;0;0;0;0;0;0;0;0
FR;5;2021-11-06;0;0;0;0;0;0;0;0;0;0
FR;5;2021-11-07;0;0;0;0;0;0;0;0;0;0
FR;5;2021-11-08;0;0;0;0;0;0;0;0;0;0
FR;5;2021-11-09;0;0;0;0;0;0;0;0;0;0
FR;5;2021-11-10;0;0;0;0;0;0;0;0;0;0
FR;5;2021-11-11;0;0;0;0;0;0;0;0;0;0
FR;5;2021-11-12;0;0;0;0;0;0;0;0;0;0
FR;5;2021-11-13;0;0;0;0;0;0;0;0;0;0
FR;5;2021-11-14;0;0;0;0;0;0;0;0;0;0
FR;5;2021-11-15;0;0;0;0;0;0;0;0;0;0
FR;5;2021-11-16;0;0;0;0;0;0;0;0;0;0
FR;5;2021-11-17;0;0;0;0;0;0;0;0;0;0
FR;5;2021-11-18;0;0;0;0;0;0;0;0;0;0
FR;5;2021-11-19;0;0;0;0;0;0;0;0;0;0
FR;5;2021-11-20;0;0;0;0;0;0;0;0;0;0
FR;5;2021-11-21;0;0;0;0;0;0;0;0;0;0
FR;5;2021-11-22;0;0;0;0;0;0;0;0;0;0
FR;5;2021-11-23;0;0;0;0;0;0;0;0;0;0
FR;5;2021-11-24;0;0;0;0;0;0;0;0;0;0
FR;5;2021-11-25;0;0;0;0;0;0;0;0;0;0
FR;5;2021-11-26;0;0;0;0;0;0;0;0;0;0
FR;5;2021-11-27;0;0;0;0;0;0;0;0;0;0
FR;5;2021-11-28;0;0;0;0;0;0;0;0;0;0
FR;5;2021-11-29;0;0;0;0;0;0;0;0;0;0
FR;5;2021-11-30;0;0;0;0;0;0;0;0;0;0
FR;5;2021-12-01;0;0;0;0;0;0;0;0;0;0
FR;5;2021-12-02;0;0;0;0;0;0;0;0;0;0
FR;5;2021-12-03;0;0;0;0;0;0;0;0;0;0
FR;5;2021-12-04;0;0;0;0;0;0;0;0;0;0
FR;5;2021-12-05;0;0;0;0;0;0;0;0;0;0
FR;5;2021-12-06;0;0;0;0;0;0;0;0;0;0
FR;5;2021-12-07;0;0;0;0;0;0;0;0;0;0
FR;5;2021-12-08;0;0;0;0;0;0;0;0;0;0
FR;5;2021-12-09;0;0;0;0;0;0;0;0;0;0
FR;5;2021-12-10;0;0;0;0;0;0;0;0;0;0
FR;5;2021-12-11;0;0;0;0;0;0;0;0;0;0
FR;5;2021-12-12;0;0;0;0;0;0;0;0;0;0
FR;5;2021-12-13;0;0;0;0;0;0;0;0;0;0
FR;5;2021-12-14;33;45;77;0;88;33;45;77;0;88
FR;5;2021-12-15;196;45;37;0;49;229;90;114;0;137
FR;5;2021-12-16;181;21;44;0;48;410;111;158;0;185
FR;5;2021-12-17;312;16;72;0;74;722;127;230;0;259
FR;5;2021-12-18;766;24;22;0;29;1488;151;252;0;288
FR;5;2021-12-19;586;15;15;0;17;2074;166;267;0;305
FR;5;2021-12-20;1223;31;35;0;38;3297;197;302;0;343
FR;5;2021-12-21;1535;22;54;1;60;4832;219;356;1;403
FR;5;2021-12-22;4069;40;37;0;46;8901;259;393;1;449
FR;5;2021-12-23;3042;16;21;0;25;11943;275;414;1;474
FR;5;2021-12-24;761;18;9;0;14;12704;293;423;1;488
FR;5;2021-12-25;61;5;2;0;3;12765;298;425;1;491
FR;5;2021-12-26;623;6;3;0;4;13388;304;428;1;495
FR;5;2021-12-27;4085;25;21;0;23;17473;329;449;1;518
FR;5;2021-12-28;5204;23;41;1;43;22677;352;490;2;561
FR;5;2021-12-29;8107;34;66;2;69;30784;386;556;4;630
FR;5;2021-12-30;5173;18;33;0;39;35957;404;589;4;669
FR;5;2021-12-31;1553;8;10;0;11;37510;412;599;4;680
FR;5;2022-01-01;185;2;2;0;3;37695;414;601;4;683
FR;5;2022-01-02;1489;1;1;0;1;39184;415;602;4;684
FR;5;2022-01-03;3066;36;33;0;32;42250;451;635;4;716
FR;5;2022-01-04;3033;39;33;0;42;45283;490;668;4;758
FR;5;2022-01-05;19323;203;97;1;108;64606;693;765;5;866
FR;5;2022-01-06;3746;134;122;0;142;68352;827;887;5;1008
FR;5;2022-01-07;5007;202;48;2;56;73359;1029;935;7;1064
FR;5;2022-01-08;13659;514;45;0;52;87018;1543;980;7;1116
FR;5;2022-01-09;5754;399;15;0;20;92772;1942;995;7;1136
FR;5;2022-01-10;3455;326;25;0;29;96227;2268;1020;7;1165
FR;5;2022-01-11;3671;284;38;0;41;99898;2552;1058;7;1206
FR;5;2022-01-12;22652;3005;89;0;112;122550;5557;1147;7;1318
FR;5;2022-01-13;4037;622;30;0;32;126587;6179;1177;7;1350
FR;5;2022-01-14;4843;582;44;0;51;131430;6761;1221;7;1401
FR;5;2022-01-15;14686;1746;38;3;49;146116;8507;1259;10;1450
FR;5;2022-01-16;4727;666;3;0;5;150843;9173;1262;10;1455
FR;5;2022-01-17;2297;718;26;0;29;153140;9891;1288;10;1484
FR;5;2022-01-18;2430;870;30;0;40;155570;10761;1318;10;1524
FR;5;2022-01-19;18483;6423;74;2;142;174053;17184;1392;12;1666
FR;5;2022-01-20;1920;1068;25;0;34;175973;18252;1417;12;1700
FR;5;2022-01-21;3077;1372;47;1;59;179050;19624;1464;13;1759
FR;5;2022-01-22;10720;3454;33;1;43;189770;23078;1497;14;1802
FR;5;2022-01-23;2629;1415;6;0;10;192399;24493;1503;14;1812
FR;5;2022-01-24;1161;1340;19;0;23;193560;25833;1522;14;1835
FR;5;2022-01-25;1220;1549;20;2;31;194780;27382;1542;16;1866
FR;5;2022-01-26;10751;12028;50;1;89;205531;39410;1592;17;1955
FR;5;2022-01-27;1291;1693;10;0;17;206822;41103;1602;17;1972
FR;5;2022-01-28;1699;3347;16;0;19;208521;44450;1618;17;1991
FR;5;2022-01-29;6241;8041;68;0;96;214762;52491;1686;17;2087
FR;5;2022-01-30;1509;2950;5;0;18;216271;55441;1691;17;2105
FR;5;2022-01-31;589;1773;23;0;24;216860;57214;1714;17;2129
FR;5;2022-02-01;712;1706;10;0;15;217572;58920;1724;17;2144
FR;5;2022-02-02;6958;15656;52;0;94;224530;74576;1776;17;2238
FR;5;2022-02-03;491;1690;14;0;13;225021;76266;1790;17;2251
FR;5;2022-02-04;945;3002;19;0;31;225966;79268;1809;17;2282
FR;5;2022-02-05;3535;8918;23;0;37;229501;88186;1832;17;2319
FR;5;2022-02-06;737;2397;10;0;19;230238;90583;1842;17;2338
FR;5;2022-02-07;884;1596;23;0;25;231122;92179;1865;17;2363
FR;5;2022-02-08;722;1287;18;0;20;231844;93466;1883;17;2383
FR;5;2022-02-09;4544;12878;44;0;76;236388;106344;1927;17;2459
FR;5;2022-02-10;646;1059;14;0;15;237034;107403;1941;17;2474
FR;5;2022-02-11;793;2032;16;0;21;237827;109435;1957;17;2495
FR;5;2022-02-12;2286;6812;33;0;53;240113;116247;1990;17;2548
FR;5;2022-02-13;464;1540;8;0;8;240577;117787;1998;17;2556
FR;5;2022-02-14;678;1288;10;0;13;241255;119075;2008;17;2569
FR;5;2022-02-15;482;886;9;0;14;241737;119961;2017;17;2583
FR;5;2022-02-16;2980;9123;41;1;58;244717;129084;2058;18;2641
FR;5;2022-02-17;436;809;6;0;7;245153;129893;2064;18;2648
FR;5;2022-02-18;649;1408;13;0;17;245802;131301;2077;18;2665
FR;5;2022-02-19;1373;4315;16;0;28;247175;135616;2093;18;2693
FR;5;2022-02-20;247;879;6;0;8;247422;136495;2099;18;2701
FR;5;2022-02-21;221;607;2;0;4;247643;137102;2101;18;2705
FR;5;2022-02-22;262;545;17;0;17;247905;137647;2118;18;2722
FR;5;2022-02-23;1909;6926;23;1;43;249814;144573;2141;19;2765
FR;5;2022-02-24;182;374;6;1;7;249996;144947;2147;20;2772
FR;5;2022-02-25;336;950;13;0;12;250332;145897;2160;20;2784
FR;5;2022-02-26;972;3071;11;0;15;251304;148968;2171;20;2799
FR;5;2022-02-27;150;506;0;0;3;251454;149474;2171;20;2802
FR;5;2022-02-28;162;369;1;0;1;251616;149843;2172;20;2803
FR;5;2022-03-01;130;280;6;0;7;251746;150123;2178;20;2810
FR;5;2022-03-02;1241;4156;28;3;40;252987;154279;2206;23;2850
FR;5;2022-03-03;121;251;5;0;10;253108;154530;2211;23;2860
FR;5;2022-03-04;197;488;13;0;14;253305;155018;2224;23;2874
FR;5;2022-03-05;677;1990;8;0;16;253982;157008;2232;23;2890
FR;5;2022-03-06;108;260;0;0;0;254090;157268;2232;23;2890
FR;5;2022-03-07;71;228;5;0;3;254161;157496;2237;23;2893
FR;5;2022-03-08;46;134;7;1;8;254207;157630;2244;24;2901
FR;5;2022-03-09;910;3078;24;0;36;255117;160708;2268;24;2937
FR;5;2022-03-10;82;202;9;0;13;255199;160910;2277;24;2950
FR;5;2022-03-11;148;369;13;1;15;255347;161279;2290;25;2965
FR;5;2022-03-12;758;1613;13;1;30;256105;162892;2303;26;2995
FR;5;2022-03-13;78;100;0;0;0;256183;162992;2303;26;2995
FR;5;2022-03-14;67;119;7;1;7;256250;163111;2310;27;3002
FR;5;2022-03-15;83;99;4;0;7;256333;163210;2314;27;3009
FR;5;2022-03-16;882;1827;15;3;36;257215;165037;2329;30;3045
FR;5;2022-03-17;68;123;8;4;10;257283;165160;2337;34;3055
FR;5;2022-03-18;172;318;13;4;18;257455;165478;2350;38;3073
FR;5;2022-03-19;751;1163;12;5;33;258206;166641;2362;43;3106
FR;5;2022-03-20;45;93;1;0;1;258251;166734;2363;43;3107
FR;5;2022-03-21;71;120;10;6;15;258322;166854;2373;49;3122
FR;5;2022-03-22;56;119;8;7;9;258378;166973;2381;56;3131
FR;5;2022-03-23;805;1461;14;8;36;259183;168434;2395;64;3167
FR;5;2022-03-24;70;93;8;7;7;259253;168527;2403;71;3174
FR;5;2022-03-25;222;293;14;8;18;259475;168820;2417;79;3192
FR;5;2022-03-26;707;853;12;5;26;260182;169673;2429;84;3218
FR;5;2022-03-27;75;80;0;0;3;260257;169753;2429;84;3221
FR;5;2022-03-28;81;93;1;2;3;260338;169846;2430;86;3224
FR;5;2022-03-29;71;82;10;4;12;260409;169928;2440;90;3236
FR;5;2022-03-30;823;1116;16;13;29;261232;171044;2456;103;3265
FR;5;2022-03-31;102;125;1;4;6;261334;171169;2457;107;3271
FR;5;2022-04-01;114;86;7;12;11;261448;171255;2464;119;3282
FR;5;2022-04-02;330;349;3;3;15;261778;171604;2467;122;3297
FR;5;2022-04-03;54;59;1;0;1;261832;171663;2468;122;3298
FR;5;2022-04-04;40;57;4;1;8;261872;171720;2472;123;3306
FR;5;2022-04-05;52;60;6;7;9;261924;171780;2478;130;3315
FR;5;2022-04-06;421;439;7;15;16;262345;172219;2485;145;3331
FR;5;2022-04-07;45;69;5;7;7;262390;172288;2490;152;3338
FR;5;2022-04-08;134;112;12;13;14;262524;172400;2502;165;3352
FR;5;2022-04-09;311;324;2;5;17;262835;172724;2504;170;3369
FR;5;2022-04-10;44;31;2;0;2;262879;172755;2506;170;3371
FR;5;2022-04-11;50;60;3;2;4;262929;172815;2509;172;3375
FR;5;2022-04-12;59;54;3;3;5;262988;172869;2512;175;3380
FR;5;2022-04-13;382;413;3;8;16;263370;173282;2515;183;3396
FR;5;2022-04-14;48;48;5;5;9;263418;173330;2520;188;3405
FR;5;2022-04-15;91;109;4;4;5;263509;173439;2524;192;3410
FR;5;2022-04-16;188;184;2;1;13;263697;173623;2526;193;3423
FR;5;2022-04-17;12;11;1;0;1;263709;173634;2527;193;3424
FR;5;2022-04-18;9;10;2;0;3;263718;173644;2529;193;3427
FR;5;2022-04-19;75;71;6;1;6;263793;173715;2535;194;3433
FR;5;2022-04-20;361;349;9;6;12;264154;174064;2544;200;3445
FR;5;2022-04-21;42;64;9;10;12;264196;174128;2553;210;3457
FR;5;2022-04-22;113;96;5;4;5;264309;174224;2558;214;3462
FR;5;2022-04-23;209;193;4;2;11;264518;174417;2562;216;3473
FR;5;2022-04-24;37;35;0;0;3;264555;174452;2562;216;3476
FR;5;2022-04-25;69;65;1;1;4;264624;174517;2563;217;3480
FR;5;2022-04-26;60;63;2;1;5;264684;174580;2565;218;3485
FR;5;2022-04-27;335;316;3;7;14;265019;174896;2568;225;3499
FR;5;2022-04-28;81;54;4;5;8;265100;174950;2572;230;3507
FR;5;2022-04-29;117;84;5;19;12;265217;175034;2577;249;3519
FR;5;2022-04-30;183;114;2;3;10;265400;175148;2579;252;3529
FR;5;2022-05-01;11;7;0;0;0;265411;175155;2579;252;3529
FR;5;2022-05-02;52;28;4;5;2;265463;175183;2583;257;3531
FR;5;2022-05-03;84;57;2;5;11;265547;175240;2585;262;3542
FR;5;2022-05-04;278;205;1;2;7;265825;175445;2586;264;3549
FR;5;2022-05-05;62;32;3;4;5;265887;175477;2589;268;3554
FR;5;2022-05-06;105;65;2;3;5;265992;175542;2591;271;3559
FR;5;2022-05-07;171;117;3;10;13;266163;175659;2594;281;3572
FR;5;2022-05-08;8;8;0;0;2;266171;175667;2594;281;3574
FR;5;2022-05-09;44;34;15;3;16;266215;175701;2609;284;3590
FR;5;2022-05-10;54;49;3;4;5;266269;175750;2612;288;3595
FR;5;2022-05-11;326;237;12;7;21;266595;175987;2624;295;3616
FR;5;2022-05-12;46;34;2;2;2;266641;176021;2626;297;3618
FR;5;2022-05-13;109;83;3;8;8;266750;176104;2629;305;3626
FR;5;2022-05-14;209;131;0;1;8;266959;176235;2629;306;3634
FR;5;2022-05-15;22;9;2;0;1;266981;176244;2631;306;3635
FR;5;2022-05-16;52;34;4;5;4;267033;176278;2635;311;3639
FR;5;2022-05-17;72;40;5;0;2;267105;176318;2640;311;3641
FR;5;2022-05-18;289;215;4;4;8;267394;176533;2644;315;3649
FR;5;2022-05-19;45;35;5;3;3;267439;176568;2649;318;3652
FR;5;2022-05-20;76;63;3;10;1;267515;176631;2652;328;3653
FR;5;2022-05-21;242;166;2;3;17;267757;176797;2654;331;3670
FR;5;2022-05-22;20;14;2;5;2;267777;176811;2656;336;3672
FR;5;2022-05-23;42;31;4;3;6;267819;176842;2660;339;3678
FR;5;2022-05-24;47;45;3;2;5;267866;176887;2663;341;3683
FR;5;2022-05-25;329;257;4;1;16;268195;177144;2667;342;3699
FR;5;2022-05-26;17;5;0;1;2;268212;177149;2667;343;3701
FR;5;2022-05-27;99;54;4;4;9;268311;177203;2671;347;3710
FR;5;2022-05-28;100;78;5;3;10;268411;177281;2676;350;3720
FR;5;2022-05-29;14;14;1;0;2;268425;177295;2677;350;3722
FR;5;2022-05-30;56;41;2;1;2;268481;177336;2679;351;3724
FR;5;2022-05-31;57;43;1;8;1;268538;177379;2680;359;3725
FR;5;2022-06-01;257;241;9;2;25;268795;177620;2689;361;3750
FR;5;2022-06-02;63;61;5;0;9;268858;177681;2694;361;3759
FR;5;2022-06-03;82;71;4;5;10;268940;177752;2698;366;3769
FR;5;2022-06-04;157;109;2;1;9;269097;177861;2700;367;3778
FR;5;2022-06-05;18;11;0;0;1;269115;177872;2700;367;3779
FR;5;2022-06-06;16;9;0;1;0;269131;177881;2700;368;3779
FR;5;2022-06-07;50;56;1;1;2;269181;177937;2701;369;3781
FR;5;2022-06-08;283;225;3;4;17;269464;178162;2704;373;3798
FR;5;2022-06-09;52;41;6;3;7;269516;178203;2710;376;3805
FR;5;2022-06-10;81;72;1;1;6;269597;178275;2711;377;3811
FR;5;2022-06-11;173;141;3;3;10;269770;178416;2714;380;3821
FR;5;2022-06-12;17;16;0;0;2;269787;178432;2714;380;3823
FR;5;2022-06-13;56;47;9;3;10;269843;178479;2723;383;3833
FR;5;2022-06-14;59;56;1;4;6;269902;178535;2724;387;3839
FR;5;2022-06-15;266;260;5;2;27;270168;178795;2729;389;3866
FR;5;2022-06-16;47;30;5;2;5;270215;178825;2734;391;3871
FR;5;2022-06-17;100;67;5;5;10;270315;178892;2739;396;3881
FR;5;2022-06-18;146;95;10;2;26;270461;178987;2749;398;3907
FR;5;2022-06-19;26;15;0;1;4;270487;179002;2749;399;3911
FR;5;2022-06-20;56;50;8;0;11;270543;179052;2757;399;3922
FR;5;2022-06-21;52;73;5;3;7;270595;179125;2762;402;3929
FR;5;2022-06-22;224;247;7;9;33;270819;179372;2769;411;3962
FR;5;2022-06-23;50;38;2;5;6;270869;179410;2771;416;3968
FR;5;2022-06-24;91;70;12;5;16;270960;179480;2783;421;3984
FR;5;2022-06-25;154;124;3;7;14;271114;179604;2786;428;3998
FR;5;2022-06-26;26;19;2;0;5;271140;179623;2788;428;4003
FR;5;2022-06-27;57;60;5;7;11;271197;179683;2793;435;4014
FR;5;2022-06-28;70;49;8;2;14;271267;179732;2801;437;4028
FR;5;2022-06-29;297;268;9;21;34;271564;180000;2810;458;4062
FR;5;2022-06-30;89;57;10;12;17;271653;180057;2820;470;4079
FR;5;2022-07-01;127;65;7;11;12;271780;180122;2827;481;4091
FR;5;2022-07-02;191;132;4;0;22;271971;180254;2831;481;4113
FR;5;2022-07-03;30;25;1;0;4;272001;180279;2832;481;4117
FR;5;2022-07-04;103;64;2;5;6;272104;180343;2834;486;4123
FR;5;2022-07-05;104;72;3;8;13;272208;180415;2837;494;4136
FR;5;2022-07-06;277;168;9;36;27;272485;180583;2846;530;4163
FR;5;2022-07-07;88;68;6;9;13;272573;180651;2852;539;4176
FR;5;2022-07-08;152;120;7;14;25;272725;180771;2859;553;4201
FR;5;2022-07-09;116;68;1;8;10;272841;180839;2860;561;4211
FR;5;2022-07-10;15;6;0;0;1;272856;180845;2860;561;4212
FR;5;2022-07-11;92;72;10;2;19;272948;180917;2870;563;4231
FR;5;2022-07-12;67;63;5;10;7;273015;180980;2875;573;4238
FR;5;2022-07-13;169;118;10;19;16;273184;181098;2885;592;4254
FR;5;2022-07-14;8;4;0;0;0;273192;181102;2885;592;4254
FR;5;2022-07-15;74;66;5;14;15;273266;181168;2890;606;4269
FR;5;2022-07-16;54;44;3;0;3;273320;181212;2893;606;4272
FR;5;2022-07-17;10;7;3;0;2;273330;181219;2896;606;4274
FR;5;2022-07-18;60;47;0;5;4;273390;181266;2896;611;4278
FR;5;2022-07-19;63;42;5;3;7;273453;181308;2901;614;4285
FR;5;2022-07-20;119;106;4;11;14;273572;181414;2905;625;4299
FR;5;2022-07-21;38;43;2;10;5;273610;181457;2907;635;4304
FR;5;2022-07-22;48;69;11;13;23;273658;181526;2918;648;4327
FR;5;2022-07-23;59;78;2;1;11;273717;181604;2920;649;4338
FR;5;2022-07-24;11;9;3;1;3;273728;181613;2923;650;4341
FR;5;2022-07-25;53;48;2;7;8;273781;181661;2925;657;4349
FR;5;2022-07-26;58;53;5;41;6;273839;181714;2930;698;4355
FR;5;2022-07-27;106;118;4;4;13;273945;181832;2934;702;4368
FR;5;2022-07-28;39;35;2;2;6;273984;181867;2936;704;4374
FR;5;2022-07-29;56;74;3;14;8;274040;181941;2939;718;4382
FR;5;2022-07-30;55;53;5;1;7;274095;181994;2944;719;4389
FR;5;2022-07-31;7;11;1;0;1;274102;182005;2945;719;4390
FR;5;2022-08-01;39;53;1;2;6;274141;182058;2946;721;4396
FR;5;2022-08-02;32;43;8;7;8;274173;182101;2954;728;4404
FR;5;2022-08-03;54;51;4;10;9;274227;182152;2958;738;4413
FR;5;2022-08-04;20;18;1;6;1;274247;182170;2959;744;4414
FR;5;2022-08-05;35;26;3;3;3;274282;182196;2962;747;4417
FR;5;2022-08-06;23;26;1;0;1;274305;182222;2963;747;4418
FR;5;2022-08-07;2;2;1;0;1;274307;182224;2964;747;4419
FR;5;2022-08-08;25;19;1;2;2;274332;182243;2965;749;4421
FR;5;2022-08-09;26;28;3;3;3;274358;182271;2968;752;4424
FR;5;2022-08-10;47;47;2;0;5;274405;182318;2970;752;4429
FR;5;2022-08-11;19;36;2;2;5;274424;182354;2972;754;4434
FR;5;2022-08-12;27;28;2;0;2;274451;182382;2974;754;4436
FR;5;2022-08-13;16;18;0;0;0;274467;182400;2974;754;4436
FR;5;2022-08-14;2;3;0;0;0;274469;182403;2974;754;4436
FR;5;2022-08-15;2;5;0;0;0;274471;182408;2974;754;4436
FR;5;2022-08-16;33;26;2;0;5;274504;182434;2976;754;4441
FR;5;2022-08-17;52;55;2;1;1;274556;182489;2978;755;4442
FR;5;2022-08-18;26;18;5;17;7;274582;182507;2983;772;4449
FR;5;2022-08-19;25;33;1;2;2;274607;182540;2984;774;4451
FR;5;2022-08-20;25;27;2;1;4;274632;182567;2986;775;4455
FR;5;2022-08-21;7;4;1;0;1;274639;182571;2987;775;4456
FR;5;2022-08-22;39;26;1;6;2;274678;182597;2988;781;4458
FR;5;2022-08-23;27;26;1;1;2;274705;182623;2989;782;4460
FR;5;2022-08-24;50;43;0;0;0;274755;182666;2989;782;4460
FR;5;2022-08-25;27;26;3;1;2;274782;182692;2992;783;4462
FR;5;2022-08-26;48;38;7;2;5;274830;182730;2999;785;4467
FR;5;2022-08-27;46;28;1;0;3;274876;182758;3000;785;4470
FR;5;2022-08-28;5;6;0;0;0;274881;182764;3000;785;4470
FR;5;2022-08-29;58;44;1;1;4;274939;182808;3001;786;4474
FR;5;2022-08-30;43;23;12;29;10;274982;182831;3013;815;4484
FR;5;2022-08-31;52;47;6;1;11;275034;182878;3019;816;4495
FR;5;2022-09-01;14;8;1;4;1;275048;182886;3020;820;4496
FR;5;2022-09-02;42;22;8;2;9;275090;182908;3028;822;4505
FR;5;2022-09-03;69;37;2;0;2;275159;182945;3030;822;4507
FR;5;2022-09-04;12;7;1;0;3;275171;182952;3031;822;4510
FR;5;2022-09-05;7;4;1;0;1;275178;182956;3032;822;4511
FR;5;2022-09-06;21;14;3;15;2;275199;182970;3035;837;4513
FR;5;2022-09-07;79;53;1;1;3;275278;183023;3036;838;4516
FR;5;2022-09-08;9;4;0;4;0;275287;183027;3036;842;4516
FR;5;2022-09-09;40;11;9;2;10;275327;183038;3045;844;4526
FR;5;2022-09-10;40;45;1;1;8;275367;183083;3046;845;4534
FR;5;2022-09-11;3;3;0;0;1;275370;183086;3046;845;4535
FR;5;2022-09-12;7;5;2;2;2;275377;183091;3048;847;4537
FR;5;2022-09-13;9;6;0;1;3;275386;183097;3048;848;4540
FR;5;2022-09-14;52;46;4;7;9;275438;183143;3052;855;4549
FR;5;2022-09-15;11;13;2;3;5;275449;183156;3054;858;4554
FR;5;2022-09-16;25;33;1;4;3;275474;183189;3055;862;4557
FR;5;2022-09-17;60;43;1;1;5;275534;183232;3056;863;4562
FR;5;2022-09-18;9;5;0;1;1;275543;183237;3056;864;4563
FR;5;2022-09-19;22;17;2;1;5;275565;183254;3058;865;4568
FR;5;2022-09-20;15;11;3;3;1;275580;183265;3061;868;4569
FR;5;2022-09-21;68;45;9;0;13;275648;183310;3070;868;4582
FR;5;2022-09-22;12;6;4;24;4;275660;183316;3074;892;4586
FR;5;2022-09-23;19;24;2;3;8;275679;183340;3076;895;4594
FR;5;2022-09-24;44;51;1;8;5;275723;183391;3077;903;4599
FR;5;2022-09-25;6;12;0;0;1;275729;183403;3077;903;4600
FR;5;2022-09-26;14;7;0;2;0;275743;183410;3077;905;4600
FR;5;2022-09-27;7;12;4;9;4;275750;183422;3081;914;4604
FR;5;2022-09-28;65;64;5;0;7;275815;183486;3086;914;4611
FR;5;2022-09-29;17;9;1;0;1;275832;183495;3087;914;4612
FR;5;2022-09-30;28;44;2;2;4;275860;183539;3089;916;4616
FR;5;2022-10-01;39;35;5;5;8;275899;183574;3094;921;4624
FR;5;2022-10-02;1;9;1;0;1;275900;183583;3095;921;4625
FR;5;2022-10-03;5;6;3;0;4;275905;183589;3098;921;4629
FR;5;2022-10-04;10;8;0;3;1;275915;183597;3098;924;4630
FR;5;2022-10-05;56;61;2;2;13;275971;183658;3100;926;4643
FR;5;2022-10-06;11;10;0;4;1;275982;183668;3100;930;4644
FR;5;2022-10-07;21;31;1;0;5;276003;183699;3101;930;4649
FR;5;2022-10-08;33;51;1;0;7;276036;183750;3102;930;4656
FR;5;2022-10-09;7;10;0;0;1;276043;183760;3102;930;4657
FR;5;2022-10-10;13;3;0;1;0;276056;183763;3102;931;4657
FR;5;2022-10-11;6;13;2;0;2;276062;183776;3104;931;4659
FR;5;2022-10-12;38;56;3;2;8;276100;183832;3107;933;4667
FR;5;2022-10-13;11;16;2;0;4;276111;183848;3109;933;4671
FR;5;2022-10-14;21;21;1;0;5;276132;183869;3110;933;4676
FR;5;2022-10-15;19;26;9;0;10;276151;183895;3119;933;4686
FR;5;2022-10-16;3;1;0;0;1;276154;183896;3119;933;4687
FR;5;2022-10-17;7;8;2;1;3;276161;183904;3121;934;4690
FR;5;2022-10-18;4;7;0;2;0;276165;183911;3121;936;4690
FR;5;2022-10-19;38;42;8;0;11;276203;183953;3129;936;4701
FR;5;2022-10-20;18;15;2;1;3;276221;183968;3131;937;4704
FR;5;2022-10-21;22;15;6;0;8;276243;183983;3137;937;4712
FR;5;2022-10-22;34;27;2;11;5;276277;184010;3139;948;4717
FR;5;2022-10-23;8;3;0;0;0;276285;184013;3139;948;4717
FR;5;2022-10-24;13;7;6;7;9;276298;184020;3145;955;4726
FR;6;2020-12-27;0;0;0;0;0;0;0;0;0;0
FR;6;2020-12-28;0;0;0;0;0;0;0;0;0;0
FR;6;2020-12-29;0;0;0;0;0;0;0;0;0;0
FR;6;2020-12-30;0;0;0;0;0;0;0;0;0;0
FR;6;2020-12-31;0;0;0;0;0;0;0;0;0;0
FR;6;2021-01-01;0;0;0;0;0;0;0;0;0;0
FR;6;2021-01-02;0;0;0;0;0;0;0;0;0;0
FR;6;2021-01-03;0;0;0;0;0;0;0;0;0;0
FR;6;2021-01-04;0;0;0;0;0;0;0;0;0;0
FR;6;2021-01-05;0;0;0;0;0;0;0;0;0;0
FR;6;2021-01-06;0;0;0;0;0;0;0;0;0;0
FR;6;2021-01-07;0;0;0;0;0;0;0;0;0;0
FR;6;2021-01-08;0;0;0;0;0;0;0;0;0;0
FR;6;2021-01-09;0;0;0;0;0;0;0;0;0;0
FR;6;2021-01-10;0;0;0;0;0;0;0;0;0;0
FR;6;2021-01-11;0;0;0;0;0;0;0;0;0;0
FR;6;2021-01-12;0;0;0;0;0;0;0;0;0;0
FR;6;2021-01-13;0;0;0;0;0;0;0;0;0;0
FR;6;2021-01-14;0;0;0;0;0;0;0;0;0;0
FR;6;2021-01-15;0;0;0;0;0;0;0;0;0;0
FR;6;2021-01-16;0;0;0;0;0;0;0;0;0;0
FR;6;2021-01-17;0;0;0;0;0;0;0;0;0;0
FR;6;2021-01-18;0;0;0;0;0;0;0;0;0;0
FR;6;2021-01-19;0;0;0;0;0;0;0;0;0;0
FR;6;2021-01-20;0;0;0;0;0;0;0;0;0;0
FR;6;2021-01-21;0;0;0;0;0;0;0;0;0;0
FR;6;2021-01-22;0;0;0;0;0;0;0;0;0;0
FR;6;2021-01-23;0;0;0;0;0;0;0;0;0;0
FR;6;2021-01-24;0;0;0;0;0;0;0;0;0;0
FR;6;2021-01-25;0;0;0;0;0;0;0;0;0;0
FR;6;2021-01-26;0;0;0;0;0;0;0;0;0;0
FR;6;2021-01-27;0;0;0;0;0;0;0;0;0;0
FR;6;2021-01-28;0;0;0;0;0;0;0;0;0;0
FR;6;2021-01-29;0;0;0;0;0;0;0;0;0;0
FR;6;2021-01-30;0;0;0;0;0;0;0;0;0;0
FR;6;2021-01-31;0;0;0;0;0;0;0;0;0;0
FR;6;2021-02-01;0;0;0;0;0;0;0;0;0;0
FR;6;2021-02-02;0;0;0;0;0;0;0;0;0;0
FR;6;2021-02-03;0;0;0;0;0;0;0;0;0;0
FR;6;2021-02-04;0;0;0;0;0;0;0;0;0;0
FR;6;2021-02-05;0;0;0;0;0;0;0;0;0;0
FR;6;2021-02-06;0;0;0;0;0;0;0;0;0;0
FR;6;2021-02-07;0;0;0;0;0;0;0;0;0;0
FR;6;2021-02-08;0;0;0;0;0;0;0;0;0;0
FR;6;2021-02-09;0;0;0;0;0;0;0;0;0;0
FR;6;2021-02-10;0;0;0;0;0;0;0;0;0;0
FR;6;2021-02-11;0;0;0;0;0;0;0;0;0;0
FR;6;2021-02-12;0;0;0;0;0;0;0;0;0;0
FR;6;2021-02-13;0;0;0;0;0;0;0;0;0;0
FR;6;2021-02-14;0;0;0;0;0;0;0;0;0;0
FR;6;2021-02-15;0;0;0;0;0;0;0;0;0;0
FR;6;2021-02-16;0;0;0;0;0;0;0;0;0;0
FR;6;2021-02-17;0;0;0;0;0;0;0;0;0;0
FR;6;2021-02-18;0;0;0;0;0;0;0;0;0;0
FR;6;2021-02-19;0;0;0;0;0;0;0;0;0;0
FR;6;2021-02-20;0;0;0;0;0;0;0;0;0;0
FR;6;2021-02-21;0;0;0;0;0;0;0;0;0;0
FR;6;2021-02-22;0;0;0;0;0;0;0;0;0;0
FR;6;2021-02-23;0;0;0;0;0;0;0;0;0;0
FR;6;2021-02-24;0;0;0;0;0;0;0;0;0;0
FR;6;2021-02-25;0;0;0;0;0;0;0;0;0;0
FR;6;2021-02-26;0;0;0;0;0;0;0;0;0;0
FR;6;2021-02-27;0;0;0;0;0;0;0;0;0;0
FR;6;2021-02-28;0;0;0;0;0;0;0;0;0;0
FR;6;2021-03-01;0;0;0;0;0;0;0;0;0;0
FR;6;2021-03-02;0;0;0;0;0;0;0;0;0;0
FR;6;2021-03-03;0;0;0;0;0;0;0;0;0;0
FR;6;2021-03-04;0;0;0;0;0;0;0;0;0;0
FR;6;2021-03-05;0;0;0;0;0;0;0;0;0;0
FR;6;2021-03-06;0;0;0;0;0;0;0;0;0;0
FR;6;2021-03-07;0;0;0;0;0;0;0;0;0;0
FR;6;2021-03-08;0;0;0;0;0;0;0;0;0;0
FR;6;2021-03-09;0;0;0;0;0;0;0;0;0;0
FR;6;2021-03-10;0;0;0;0;0;0;0;0;0;0
FR;6;2021-03-11;0;0;0;0;0;0;0;0;0;0
FR;6;2021-03-12;0;0;0;0;0;0;0;0;0;0
FR;6;2021-03-13;0;0;0;0;0;0;0;0;0;0
FR;6;2021-03-14;0;0;0;0;0;0;0;0;0;0
FR;6;2021-03-15;0;0;0;0;0;0;0;0;0;0
FR;6;2021-03-16;0;0;0;0;0;0;0;0;0;0
FR;6;2021-03-17;0;0;0;0;0;0;0;0;0;0
FR;6;2021-03-18;0;0;0;0;0;0;0;0;0;0
FR;6;2021-03-19;0;0;0;0;0;0;0;0;0;0
FR;6;2021-03-20;0;0;0;0;0;0;0;0;0;0
FR;6;2021-03-21;0;0;0;0;0;0;0;0;0;0
FR;6;2021-03-22;0;0;0;0;0;0;0;0;0;0
FR;6;2021-03-23;0;0;0;0;0;0;0;0;0;0
FR;6;2021-03-24;0;0;0;0;0;0;0;0;0;0
FR;6;2021-03-25;0;0;0;0;0;0;0;0;0;0
FR;6;2021-03-26;0;0;0;0;0;0;0;0;0;0
FR;6;2021-03-27;0;0;0;0;0;0;0;0;0;0
FR;6;2021-03-28;0;0;0;0;0;0;0;0;0;0
FR;6;2021-03-29;0;0;0;0;0;0;0;0;0;0
FR;6;2021-03-30;0;0;0;0;0;0;0;0;0;0
FR;6;2021-03-31;0;0;0;0;0;0;0;0;0;0
FR;6;2021-04-01;0;0;0;0;0;0;0;0;0;0
FR;6;2021-04-02;0;0;0;0;0;0;0;0;0;0
FR;6;2021-04-03;0;0;0;0;0;0;0;0;0;0
FR;6;2021-04-04;0;0;0;0;0;0;0;0;0;0
FR;6;2021-04-05;0;0;0;0;0;0;0;0;0;0
FR;6;2021-04-06;0;0;0;0;0;0;0;0;0;0
FR;6;2021-04-07;0;0;0;0;0;0;0;0;0;0
FR;6;2021-04-08;0;0;0;0;0;0;0;0;0;0
FR;6;2021-04-09;0;0;0;0;0;0;0;0;0;0
FR;6;2021-04-10;0;0;0;0;0;0;0;0;0;0
FR;6;2021-04-11;0;0;0;0;0;0;0;0;0;0
FR;6;2021-04-12;0;0;0;0;0;0;0;0;0;0
FR;6;2021-04-13;0;0;0;0;0;0;0;0;0;0
FR;6;2021-04-14;0;0;0;0;0;0;0;0;0;0
FR;6;2021-04-15;0;0;0;0;0;0;0;0;0;0
FR;6;2021-04-16;0;0;0;0;0;0;0;0;0;0
FR;6;2021-04-17;0;0;0;0;0;0;0;0;0;0
FR;6;2021-04-18;0;0;0;0;0;0;0;0;0;0
FR;6;2021-04-19;0;0;0;0;0;0;0;0;0;0
FR;6;2021-04-20;0;0;0;0;0;0;0;0;0;0
FR;6;2021-04-21;0;0;0;0;0;0;0;0;0;0
FR;6;2021-04-22;0;0;0;0;0;0;0;0;0;0
FR;6;2021-04-23;0;0;0;0;0;0;0;0;0;0
FR;6;2021-04-24;0;0;0;0;0;0;0;0;0;0
FR;6;2021-04-25;0;0;0;0;0;0;0;0;0;0
FR;6;2021-04-26;0;0;0;0;0;0;0;0;0;0
FR;6;2021-04-27;0;0;0;0;0;0;0;0;0;0
FR;6;2021-04-28;0;0;0;0;0;0;0;0;0;0
FR;6;2021-04-29;0;0;0;0;0;0;0;0;0;0
FR;6;2021-04-30;0;0;0;0;0;0;0;0;0;0
FR;6;2021-05-01;0;0;0;0;0;0;0;0;0;0
FR;6;2021-05-02;0;0;0;0;0;0;0;0;0;0
FR;6;2021-05-03;0;0;0;0;0;0;0;0;0;0
FR;6;2021-05-04;0;0;0;0;0;0;0;0;0;0
FR;6;2021-05-05;0;0;0;0;0;0;0;0;0;0
FR;6;2021-05-06;0;0;0;0;0;0;0;0;0;0
FR;6;2021-05-07;0;0;0;0;0;0;0;0;0;0
FR;6;2021-05-08;0;0;0;0;0;0;0;0;0;0
FR;6;2021-05-09;0;0;0;0;0;0;0;0;0;0
FR;6;2021-05-10;0;0;0;0;0;0;0;0;0;0
FR;6;2021-05-11;0;0;0;0;0;0;0;0;0;0
FR;6;2021-05-12;0;0;0;0;0;0;0;0;0;0
FR;6;2021-05-13;0;0;0;0;0;0;0;0;0;0
FR;6;2021-05-14;0;0;0;0;0;0;0;0;0;0
FR;6;2021-05-15;0;0;0;0;0;0;0;0;0;0
FR;6;2021-05-16;0;0;0;0;0;0;0;0;0;0
FR;6;2021-05-17;0;0;0;0;0;0;0;0;0;0
FR;6;2021-05-18;0;0;0;0;0;0;0;0;0;0
FR;6;2021-05-19;0;0;0;0;0;0;0;0;0;0
FR;6;2021-05-20;0;0;0;0;0;0;0;0;0;0
FR;6;2021-05-21;0;0;0;0;0;0;0;0;0;0
FR;6;2021-05-22;0;0;0;0;0;0;0;0;0;0
FR;6;2021-05-23;0;0;0;0;0;0;0;0;0;0
FR;6;2021-05-24;0;0;0;0;0;0;0;0;0;0
FR;6;2021-05-25;0;0;0;0;0;0;0;0;0;0
FR;6;2021-05-26;0;0;0;0;0;0;0;0;0;0
FR;6;2021-05-27;0;0;0;0;0;0;0;0;0;0
FR;6;2021-05-28;0;0;0;0;0;0;0;0;0;0
FR;6;2021-05-29;0;0;0;0;0;0;0;0;0;0
FR;6;2021-05-30;0;0;0;0;0;0;0;0;0;0
FR;6;2021-05-31;0;0;0;0;0;0;0;0;0;0
FR;6;2021-06-01;0;0;0;0;0;0;0;0;0;0
FR;6;2021-06-02;0;0;0;0;0;0;0;0;0;0
FR;6;2021-06-03;0;0;0;0;0;0;0;0;0;0
FR;6;2021-06-04;0;0;0;0;0;0;0;0;0;0
FR;6;2021-06-05;0;0;0;0;0;0;0;0;0;0
FR;6;2021-06-06;0;0;0;0;0;0;0;0;0;0
FR;6;2021-06-07;0;0;0;0;0;0;0;0;0;0
FR;6;2021-06-08;0;0;0;0;0;0;0;0;0;0
FR;6;2021-06-09;0;0;0;0;0;0;0;0;0;0
FR;6;2021-06-10;0;0;0;0;0;0;0;0;0;0
FR;6;2021-06-11;0;0;0;0;0;0;0;0;0;0
FR;6;2021-06-12;0;0;0;0;0;0;0;0;0;0
FR;6;2021-06-13;0;0;0;0;0;0;0;0;0;0
FR;6;2021-06-14;0;0;0;0;0;0;0;0;0;0
FR;6;2021-06-15;0;0;0;0;0;0;0;0;0;0
FR;6;2021-06-16;0;0;0;0;0;0;0;0;0;0
FR;6;2021-06-17;0;0;0;0;0;0;0;0;0;0
FR;6;2021-06-18;0;0;0;0;0;0;0;0;0;0
FR;6;2021-06-19;0;0;0;0;0;0;0;0;0;0
FR;6;2021-06-20;0;0;0;0;0;0;0;0;0;0
FR;6;2021-06-21;0;0;0;0;0;0;0;0;0;0
FR;6;2021-06-22;0;0;0;0;0;0;0;0;0;0
FR;6;2021-06-23;0;0;0;0;0;0;0;0;0;0
FR;6;2021-06-24;0;0;0;0;0;0;0;0;0;0
FR;6;2021-06-25;0;0;0;0;0;0;0;0;0;0
FR;6;2021-06-26;0;0;0;0;0;0;0;0;0;0
FR;6;2021-06-27;0;0;0;0;0;0;0;0;0;0
FR;6;2021-06-28;0;0;0;0;0;0;0;0;0;0
FR;6;2021-06-29;0;0;0;0;0;0;0;0;0;0
FR;6;2021-06-30;0;0;0;0;0;0;0;0;0;0
FR;6;2021-07-01;0;0;0;0;0;0;0;0;0;0
FR;6;2021-07-02;0;0;0;0;0;0;0;0;0;0
FR;6;2021-07-03;0;0;0;0;0;0;0;0;0;0
FR;6;2021-07-04;0;0;0;0;0;0;0;0;0;0
FR;6;2021-07-05;0;0;0;0;0;0;0;0;0;0
FR;6;2021-07-06;0;0;0;0;0;0;0;0;0;0
FR;6;2021-07-07;0;0;0;0;0;0;0;0;0;0
FR;6;2021-07-08;0;0;0;0;0;0;0;0;0;0
FR;6;2021-07-09;0;0;0;0;0;0;0;0;0;0
FR;6;2021-07-10;0;0;0;0;0;0;0;0;0;0
FR;6;2021-07-11;0;0;0;0;0;0;0;0;0;0
FR;6;2021-07-12;0;0;0;0;0;0;0;0;0;0
FR;6;2021-07-13;0;0;0;0;0;0;0;0;0;0
FR;6;2021-07-14;0;0;0;0;0;0;0;0;0;0
FR;6;2021-07-15;0;0;0;0;0;0;0;0;0;0
FR;6;2021-07-16;0;0;0;0;0;0;0;0;0;0
FR;6;2021-07-17;0;0;0;0;0;0;0;0;0;0
FR;6;2021-07-18;0;0;0;0;0;0;0;0;0;0
FR;6;2021-07-19;0;0;0;0;0;0;0;0;0;0
FR;6;2021-07-20;0;0;0;0;0;0;0;0;0;0
FR;6;2021-07-21;0;0;0;0;0;0;0;0;0;0
FR;6;2021-07-22;0;0;0;0;0;0;0;0;0;0
FR;6;2021-07-23;0;0;0;0;0;0;0;0;0;0
FR;6;2021-07-24;0;0;0;0;0;0;0;0;0;0
FR;6;2021-07-25;0;0;0;0;0;0;0;0;0;0
FR;6;2021-07-26;0;0;0;0;0;0;0;0;0;0
FR;6;2021-07-27;0;0;0;0;0;0;0;0;0;0
FR;6;2021-07-28;0;0;0;0;0;0;0;0;0;0
FR;6;2021-07-29;0;0;0;0;0;0;0;0;0;0
FR;6;2021-07-30;0;0;0;0;0;0;0;0;0;0
FR;6;2021-07-31;0;0;0;0;0;0;0;0;0;0
FR;6;2021-08-01;0;0;0;0;0;0;0;0;0;0
FR;6;2021-08-02;0;0;0;0;0;0;0;0;0;0
FR;6;2021-08-03;0;0;0;0;0;0;0;0;0;0
FR;6;2021-08-04;0;0;0;0;0;0;0;0;0;0
FR;6;2021-08-05;0;0;0;0;0;0;0;0;0;0
FR;6;2021-08-06;0;0;0;0;0;0;0;0;0;0
FR;6;2021-08-07;0;0;0;0;0;0;0;0;0;0
FR;6;2021-08-08;0;0;0;0;0;0;0;0;0;0
FR;6;2021-08-09;0;0;0;0;0;0;0;0;0;0
FR;6;2021-08-10;0;0;0;0;0;0;0;0;0;0
FR;6;2021-08-11;0;0;0;0;0;0;0;0;0;0
FR;6;2021-08-12;0;0;0;0;0;0;0;0;0;0
FR;6;2021-08-13;0;0;0;0;0;0;0;0;0;0
FR;6;2021-08-14;0;0;0;0;0;0;0;0;0;0
FR;6;2021-08-15;0;0;0;0;0;0;0;0;0;0
FR;6;2021-08-16;0;0;0;0;0;0;0;0;0;0
FR;6;2021-08-17;0;0;0;0;0;0;0;0;0;0
FR;6;2021-08-18;0;0;0;0;0;0;0;0;0;0
FR;6;2021-08-19;0;0;0;0;0;0;0;0;0;0
FR;6;2021-08-20;0;0;0;0;0;0;0;0;0;0
FR;6;2021-08-21;0;0;0;0;0;0;0;0;0;0
FR;6;2021-08-22;0;0;0;0;0;0;0;0;0;0
FR;6;2021-08-23;0;0;0;0;0;0;0;0;0;0
FR;6;2021-08-24;0;0;0;0;0;0;0;0;0;0
FR;6;2021-08-25;0;0;0;0;0;0;0;0;0;0
FR;6;2021-08-26;0;0;0;0;0;0;0;0;0;0
FR;6;2021-08-27;0;0;0;0;0;0;0;0;0;0
FR;6;2021-08-28;0;0;0;0;0;0;0;0;0;0
FR;6;2021-08-29;0;0;0;0;0;0;0;0;0;0
FR;6;2021-08-30;0;0;0;0;0;0;0;0;0;0
FR;6;2021-08-31;0;0;0;0;0;0;0;0;0;0
FR;6;2021-09-01;0;0;0;0;0;0;0;0;0;0
FR;6;2021-09-02;0;0;0;0;0;0;0;0;0;0
FR;6;2021-09-03;0;0;0;0;0;0;0;0;0;0
FR;6;2021-09-04;0;0;0;0;0;0;0;0;0;0
FR;6;2021-09-05;0;0;0;0;0;0;0;0;0;0
FR;6;2021-09-06;0;0;0;0;0;0;0;0;0;0
FR;6;2021-09-07;0;0;0;0;0;0;0;0;0;0
FR;6;2021-09-08;0;0;0;0;0;0;0;0;0;0
FR;6;2021-09-09;0;0;0;0;0;0;0;0;0;0
FR;6;2021-09-10;0;0;0;0;0;0;0;0;0;0
FR;6;2021-09-11;0;0;0;0;0;0;0;0;0;0
FR;6;2021-09-12;0;0;0;0;0;0;0;0;0;0
FR;6;2021-09-13;0;0;0;0;0;0;0;0;0;0
FR;6;2021-09-14;0;0;0;0;0;0;0;0;0;0
FR;6;2021-09-15;0;0;0;0;0;0;0;0;0;0
FR;6;2021-09-16;0;0;0;0;0;0;0;0;0;0
FR;6;2021-09-17;0;0;0;0;0;0;0;0;0;0
FR;6;2021-09-18;0;0;0;0;0;0;0;0;0;0
FR;6;2021-09-19;0;0;0;0;0;0;0;0;0;0
FR;6;2021-09-20;0;0;0;0;0;0;0;0;0;0
FR;6;2021-09-21;0;0;0;0;0;0;0;0;0;0
FR;6;2021-09-22;0;0;0;0;0;0;0;0;0;0
FR;6;2021-09-23;0;0;0;0;0;0;0;0;0;0
FR;6;2021-09-24;0;0;0;0;0;0;0;0;0;0
FR;6;2021-09-25;0;0;0;0;0;0;0;0;0;0
FR;6;2021-09-26;0;0;0;0;0;0;0;0;0;0
FR;6;2021-09-27;0;0;0;0;0;0;0;0;0;0
FR;6;2021-09-28;0;0;0;0;0;0;0;0;0;0
FR;6;2021-09-29;0;0;0;0;0;0;0;0;0;0
FR;6;2021-09-30;0;0;0;0;0;0;0;0;0;0
FR;6;2021-10-01;0;0;0;0;0;0;0;0;0;0
FR;6;2021-10-02;0;0;0;0;0;0;0;0;0;0
FR;6;2021-10-03;0;0;0;0;0;0;0;0;0;0
FR;6;2021-10-04;0;0;0;0;0;0;0;0;0;0
FR;6;2021-10-05;0;0;0;0;0;0;0;0;0;0
FR;6;2021-10-06;0;0;0;0;0;0;0;0;0;0
FR;6;2021-10-07;0;0;0;0;0;0;0;0;0;0
FR;6;2021-10-08;0;0;0;0;0;0;0;0;0;0
FR;6;2021-10-09;0;0;0;0;0;0;0;0;0;0
FR;6;2021-10-10;0;0;0;0;0;0;0;0;0;0
FR;6;2021-10-11;0;0;0;0;0;0;0;0;0;0
FR;6;2021-10-12;0;0;0;0;0;0;0;0;0;0
FR;6;2021-10-13;0;0;0;0;0;0;0;0;0;0
FR;6;2021-10-14;0;0;0;0;0;0;0;0;0;0
FR;6;2021-10-15;0;0;0;0;0;0;0;0;0;0
FR;6;2021-10-16;0;0;0;0;0;0;0;0;0;0
FR;6;2021-10-17;0;0;0;0;0;0;0;0;0;0
FR;6;2021-10-18;0;0;0;0;0;0;0;0;0;0
FR;6;2021-10-19;0;0;0;0;0;0;0;0;0;0
FR;6;2021-10-20;0;0;0;0;0;0;0;0;0;0
FR;6;2021-10-21;0;0;0;0;0;0;0;0;0;0
FR;6;2021-10-22;0;0;0;0;0;0;0;0;0;0
FR;6;2021-10-23;0;0;0;0;0;0;0;0;0;0
FR;6;2021-10-24;0;0;0;0;0;0;0;0;0;0
FR;6;2021-10-25;0;0;0;0;0;0;0;0;0;0
FR;6;2021-10-26;0;0;0;0;0;0;0;0;0;0
FR;6;2021-10-27;0;0;0;0;0;0;0;0;0;0
FR;6;2021-10-28;0;0;0;0;0;0;0;0;0;0
FR;6;2021-10-29;0;0;0;0;0;0;0;0;0;0
FR;6;2021-10-30;0;0;0;0;0;0;0;0;0;0
FR;6;2021-10-31;0;0;0;0;0;0;0;0;0;0
FR;6;2021-11-01;0;0;0;0;0;0;0;0;0;0
FR;6;2021-11-02;0;0;0;0;0;0;0;0;0;0
FR;6;2021-11-03;0;0;0;0;0;0;0;0;0;0
FR;6;2021-11-04;0;0;0;0;0;0;0;0;0;0
FR;6;2021-11-05;0;0;0;0;0;0;0;0;0;0
FR;6;2021-11-06;0;0;0;0;0;0;0;0;0;0
FR;6;2021-11-07;0;0;0;0;0;0;0;0;0;0
FR;6;2021-11-08;0;0;0;0;0;0;0;0;0;0
FR;6;2021-11-09;0;0;0;0;0;0;0;0;0;0
FR;6;2021-11-10;0;0;0;0;0;0;0;0;0;0
FR;6;2021-11-11;0;0;0;0;0;0;0;0;0;0
FR;6;2021-11-12;0;0;0;0;0;0;0;0;0;0
FR;6;2021-11-13;0;0;0;0;0;0;0;0;0;0
FR;6;2021-11-14;0;0;0;0;0;0;0;0;0;0
FR;6;2021-11-15;0;0;0;0;0;0;0;0;0;0
FR;6;2021-11-16;0;0;0;0;0;0;0;0;0;0
FR;6;2021-11-17;0;0;0;0;0;0;0;0;0;0
FR;6;2021-11-18;0;0;0;0;0;0;0;0;0;0
FR;6;2021-11-19;0;0;0;0;0;0;0;0;0;0
FR;6;2021-11-20;0;0;0;0;0;0;0;0;0;0
FR;6;2021-11-21;0;0;0;0;0;0;0;0;0;0
FR;6;2021-11-22;0;0;0;0;0;0;0;0;0;0
FR;6;2021-11-23;0;0;0;0;0;0;0;0;0;0
FR;6;2021-11-24;0;0;0;0;0;0;0;0;0;0
FR;6;2021-11-25;0;0;0;0;0;0;0;0;0;0
FR;6;2021-11-26;0;0;0;0;0;0;0;0;0;0
FR;6;2021-11-27;0;0;0;0;0;0;0;0;0;0
FR;6;2021-11-28;0;0;0;0;0;0;0;0;0;0
FR;6;2021-11-29;0;0;0;0;0;0;0;0;0;0
FR;6;2021-11-30;0;0;0;0;0;0;0;0;0;0
FR;6;2021-12-01;0;0;0;0;0;0;0;0;0;0
FR;6;2021-12-02;0;0;0;0;0;0;0;0;0;0
FR;6;2021-12-03;0;0;0;0;0;0;0;0;0;0
FR;6;2021-12-04;0;0;0;0;0;0;0;0;0;0
FR;6;2021-12-05;0;0;0;0;0;0;0;0;0;0
FR;6;2021-12-06;0;0;0;0;0;0;0;0;0;0
FR;6;2021-12-07;0;0;0;0;0;0;0;0;0;0
FR;6;2021-12-08;0;0;0;0;0;0;0;0;0;0
FR;6;2021-12-09;0;0;0;0;0;0;0;0;0;0
FR;6;2021-12-10;0;0;0;0;0;0;0;0;0;0
FR;6;2021-12-11;0;0;0;0;0;0;0;0;0;0
FR;6;2021-12-12;0;0;0;0;0;0;0;0;0;0
FR;6;2021-12-13;0;0;0;0;0;0;0;0;0;0
FR;6;2021-12-14;0;0;0;0;0;0;0;0;0;0
FR;6;2021-12-15;0;0;0;0;0;0;0;0;0;0
FR;6;2021-12-16;0;0;0;0;0;0;0;0;0;0
FR;6;2021-12-17;0;0;0;0;0;0;0;0;0;0
FR;6;2021-12-18;0;0;0;0;0;0;0;0;0;0
FR;6;2021-12-19;0;0;0;0;0;0;0;0;0;0
FR;6;2021-12-20;0;0;0;0;0;0;0;0;0;0
FR;6;2021-12-21;0;0;0;0;0;0;0;0;0;0
FR;6;2021-12-22;0;0;0;0;0;0;0;0;0;0
FR;6;2021-12-23;0;0;0;0;0;0;0;0;0;0
FR;6;2021-12-24;0;0;0;0;0;0;0;0;0;0
FR;6;2021-12-25;0;0;0;0;0;0;0;0;0;0
FR;6;2021-12-26;0;0;0;0;0;0;0;0;0;0
FR;6;2021-12-27;0;0;0;0;0;0;0;0;0;0
FR;6;2021-12-28;0;0;0;0;0;0;0;0;0;0
FR;6;2021-12-29;0;0;0;0;0;0;0;0;0;0
FR;6;2021-12-30;0;0;0;0;0;0;0;0;0;0
FR;6;2021-12-31;0;0;0;0;0;0;0;0;0;0
FR;6;2022-01-01;0;0;0;0;0;0;0;0;0;0
FR;6;2022-01-02;0;0;0;0;0;0;0;0;0;0
FR;6;2022-01-03;0;0;0;0;0;0;0;0;0;0
FR;6;2022-01-04;0;0;0;0;0;0;0;0;0;0
FR;6;2022-01-05;0;0;0;0;0;0;0;0;0;0
FR;6;2022-01-06;0;0;0;0;0;0;0;0;0;0
FR;6;2022-01-07;0;0;0;0;0;0;0;0;0;0
FR;6;2022-01-08;0;0;0;0;0;0;0;0;0;0
FR;6;2022-01-09;0;0;0;0;0;0;0;0;0;0
FR;6;2022-01-10;0;0;0;0;0;0;0;0;0;0
FR;6;2022-01-11;0;0;0;0;0;0;0;0;0;0
FR;6;2022-01-12;0;0;0;0;0;0;0;0;0;0
FR;6;2022-01-13;0;0;0;0;0;0;0;0;0;0
FR;6;2022-01-14;0;0;0;0;0;0;0;0;0;0
FR;6;2022-01-15;0;0;0;0;0;0;0;0;0;0
FR;6;2022-01-16;0;0;0;0;0;0;0;0;0;0
FR;6;2022-01-17;0;0;0;0;0;0;0;0;0;0
FR;6;2022-01-18;0;0;0;0;0;0;0;0;0;0
FR;6;2022-01-19;0;0;0;0;0;0;0;0;0;0
FR;6;2022-01-20;0;0;0;0;0;0;0;0;0;0
FR;6;2022-01-21;0;0;0;0;0;0;0;0;0;0
FR;6;2022-01-22;0;0;0;0;0;0;0;0;0;0
FR;6;2022-01-23;0;0;0;0;0;0;0;0;0;0
FR;6;2022-01-24;0;0;0;0;0;0;0;0;0;0
FR;6;2022-01-25;0;0;0;0;0;0;0;0;0;0
FR;6;2022-01-26;0;0;0;0;0;0;0;0;0;0
FR;6;2022-01-27;0;0;0;0;0;0;0;0;0;0
FR;6;2022-01-28;0;0;0;0;0;0;0;0;0;0
FR;6;2022-01-29;0;0;0;0;0;0;0;0;0;0
FR;6;2022-01-30;0;0;0;0;0;0;0;0;0;0
FR;6;2022-01-31;0;0;0;0;0;0;0;0;0;0
FR;6;2022-02-01;0;0;0;0;0;0;0;0;0;0
FR;6;2022-02-02;0;0;0;0;0;0;0;0;0;0
FR;6;2022-02-03;0;0;0;0;0;0;0;0;0;0
FR;6;2022-02-04;0;0;0;0;0;0;0;0;0;0
FR;6;2022-02-05;0;0;0;0;0;0;0;0;0;0
FR;6;2022-02-06;0;0;0;0;0;0;0;0;0;0
FR;6;2022-02-07;0;0;0;0;0;0;0;0;0;0
FR;6;2022-02-08;0;0;0;0;0;0;0;0;0;0
FR;6;2022-02-09;0;0;0;0;0;0;0;0;0;0
FR;6;2022-02-10;0;0;0;0;0;0;0;0;0;0
FR;6;2022-02-11;0;0;0;0;0;0;0;0;0;0
FR;6;2022-02-12;0;0;0;0;0;0;0;0;0;0
FR;6;2022-02-13;0;0;0;0;0;0;0;0;0;0
FR;6;2022-02-14;0;0;0;0;0;0;0;0;0;0
FR;6;2022-02-15;0;0;0;0;0;0;0;0;0;0
FR;6;2022-02-16;0;0;0;0;0;0;0;0;0;0
FR;6;2022-02-17;0;0;0;0;0;0;0;0;0;0
FR;6;2022-02-18;0;0;0;0;0;0;0;0;0;0
FR;6;2022-02-19;0;0;0;0;0;0;0;0;0;0
FR;6;2022-02-20;0;0;0;0;0;0;0;0;0;0
FR;6;2022-02-21;0;0;0;0;0;0;0;0;0;0
FR;6;2022-02-22;0;0;0;0;0;0;0;0;0;0
FR;6;2022-02-23;0;0;0;0;0;0;0;0;0;0
FR;6;2022-02-24;0;0;0;0;0;0;0;0;0;0
FR;6;2022-02-25;0;0;0;0;0;0;0;0;0;0
FR;6;2022-02-26;1;0;0;0;0;1;0;0;0;0
FR;6;2022-02-27;0;0;0;0;0;1;0;0;0;0
FR;6;2022-02-28;0;0;0;0;0;1;0;0;0;0
FR;6;2022-03-01;3;0;0;0;0;4;0;0;0;0
FR;6;2022-03-02;97;9;2;0;7;101;9;2;0;7
FR;6;2022-03-03;0;0;0;0;0;101;9;2;0;7
FR;6;2022-03-04;91;4;0;0;4;192;13;2;0;11
FR;6;2022-03-05;391;23;2;0;14;583;36;4;0;25
FR;6;2022-03-06;7;1;0;0;0;590;37;4;0;25
FR;6;2022-03-07;337;19;0;0;13;927;56;4;0;38
FR;6;2022-03-08;230;14;0;0;5;1157;70;4;0;43
FR;6;2022-03-09;519;29;2;0;21;1676;99;6;0;64
FR;6;2022-03-10;206;19;0;1;12;1882;118;6;1;76
FR;6;2022-03-11;331;22;6;0;21;2213;140;12;1;97
FR;6;2022-03-12;518;25;1;0;20;2731;165;13;1;117
FR;6;2022-03-13;40;2;0;0;1;2771;167;13;1;118
FR;6;2022-03-14;201;4;2;0;3;2972;171;15;1;121
FR;6;2022-03-15;112;11;2;0;9;3084;182;17;1;130
FR;6;2022-03-16;310;17;1;1;14;3394;199;18;2;144
FR;6;2022-03-17;117;6;1;2;4;3511;205;19;4;148
FR;6;2022-03-18;215;10;0;0;6;3726;215;19;4;154
FR;6;2022-03-19;307;19;2;0;9;4033;234;21;4;163
FR;6;2022-03-20;15;5;0;0;1;4048;239;21;4;164
FR;6;2022-03-21;132;23;1;0;4;4180;262;22;4;168
FR;6;2022-03-22;97;15;0;0;4;4277;277;22;4;172
FR;6;2022-03-23;226;108;3;0;14;4503;385;25;4;186
FR;6;2022-03-24;100;15;1;3;4;4603;400;26;7;190
FR;6;2022-03-25;203;141;2;1;15;4806;541;28;8;205
FR;6;2022-03-26;331;295;7;1;19;5137;836;35;9;224
FR;6;2022-03-27;32;30;1;0;1;5169;866;36;9;225
FR;6;2022-03-28;201;208;8;1;17;5370;1074;44;10;242
FR;6;2022-03-29;124;189;12;2;12;5494;1263;56;12;254
FR;6;2022-03-30;305;476;10;2;22;5799;1739;66;14;276
FR;6;2022-03-31;123;140;10;0;14;5922;1879;76;14;290
FR;6;2022-04-01;195;150;11;2;23;6117;2029;87;16;313
FR;6;2022-04-02;206;241;9;1;13;6323;2270;96;17;326
FR;6;2022-04-03;17;21;0;0;1;6340;2291;96;17;327
FR;6;2022-04-04;137;114;6;1;9;6477;2405;102;18;336
FR;6;2022-04-05;146;88;15;1;11;6623;2493;117;19;347
FR;6;2022-04-06;204;245;22;26;27;6827;2738;139;45;374
FR;6;2022-04-07;127;96;15;9;17;6954;2834;154;54;391
FR;6;2022-04-08;199;170;16;3;17;7153;3004;170;57;408
FR;6;2022-04-09;145;139;6;12;13;7298;3143;176;69;421
FR;6;2022-04-10;10;20;3;0;1;7308;3163;179;69;422
FR;6;2022-04-11;101;106;4;0;5;7409;3269;183;69;427
FR;6;2022-04-12;136;75;5;8;10;7545;3344;188;77;437
FR;6;2022-04-13;162;175;7;5;13;7707;3519;195;82;450
FR;6;2022-04-14;100;103;5;10;8;7807;3622;200;92;458
FR;6;2022-04-15;158;149;11;7;19;7965;3771;211;99;477
FR;6;2022-04-16;127;132;5;0;14;8092;3903;216;99;491
FR;6;2022-04-17;8;9;4;0;4;8100;3912;220;99;495
FR;6;2022-04-18;8;15;3;0;4;8108;3927;223;99;499
FR;6;2022-04-19;97;112;4;3;3;8205;4039;227;102;502
FR;6;2022-04-20;178;227;8;7;15;8383;4266;235;109;517
FR;6;2022-04-21;111;93;8;4;11;8494;4359;243;113;528
FR;6;2022-04-22;138;160;13;12;13;8632;4519;256;125;541
FR;6;2022-04-23;106;129;1;1;7;8738;4648;257;126;548
FR;6;2022-04-24;5;21;1;0;0;8743;4669;258;126;548
FR;6;2022-04-25;91;128;3;8;11;8834;4797;261;134;559
FR;6;2022-04-26;101;128;19;2;17;8935;4925;280;136;576
FR;6;2022-04-27;197;159;21;1;27;9132;5084;301;137;603
FR;6;2022-04-28;109;87;7;1;8;9241;5171;308;138;611
FR;6;2022-04-29;191;169;16;2;20;9432;5340;324;140;631
FR;6;2022-04-30;133;125;7;1;24;9565;5465;331;141;655
FR;6;2022-05-01;7;6;0;0;0;9572;5471;331;141;655
FR;6;2022-05-02;94;65;3;4;3;9666;5536;334;145;658
FR;6;2022-05-03;136;93;11;2;7;9802;5629;345;147;665
FR;6;2022-05-04;167;118;25;12;29;9969;5747;370;159;694
FR;6;2022-05-05;101;70;8;3;12;10070;5817;378;162;706
FR;6;2022-05-06;152;110;10;9;16;10222;5927;388;171;722
FR;6;2022-05-07;139;93;13;3;23;10361;6020;401;174;745
FR;6;2022-05-08;20;8;6;5;7;10381;6028;407;179;752
FR;6;2022-05-09;86;78;9;7;13;10467;6106;416;186;765
FR;6;2022-05-10;112;80;15;7;12;10579;6186;431;193;777
FR;6;2022-05-11;130;124;11;14;20;10709;6310;442;207;797
FR;6;2022-05-12;105;76;7;5;15;10814;6386;449;212;812
FR;6;2022-05-13;155;97;17;21;22;10969;6483;466;233;834
FR;6;2022-05-14;81;60;6;7;15;11050;6543;472;240;849
FR;6;2022-05-15;12;7;0;0;0;11062;6550;472;240;849
FR;6;2022-05-16;64;54;6;2;12;11126;6604;478;242;861
FR;6;2022-05-17;123;77;5;7;11;11249;6681;483;249;872
FR;6;2022-05-18;131;116;5;1;13;11380;6797;488;250;885
FR;6;2022-05-19;124;57;6;8;9;11504;6854;494;258;894
FR;6;2022-05-20;125;115;13;3;18;11629;6969;507;261;912
FR;6;2022-05-21;92;69;14;3;12;11721;7038;521;264;924
FR;6;2022-05-22;19;12;5;0;4;11740;7050;526;264;928
FR;6;2022-05-23;77;72;4;2;7;11817;7122;530;266;935
FR;6;2022-05-24;117;98;8;2;16;11934;7220;538;268;951
FR;6;2022-05-25;139;129;6;3;11;12073;7349;544;271;962
FR;6;2022-05-26;7;9;3;0;9;12080;7358;547;271;971
FR;6;2022-05-27;127;105;15;11;18;12207;7463;562;282;989
FR;6;2022-05-28;53;75;1;5;8;12260;7538;563;287;997
FR;6;2022-05-29;8;10;0;0;1;12268;7548;563;287;998
FR;6;2022-05-30;70;70;7;4;4;12338;7618;570;291;1002
FR;6;2022-05-31;87;102;10;2;14;12425;7720;580;293;1016
FR;6;2022-06-01;97;89;10;1;11;12522;7809;590;294;1027
FR;6;2022-06-02;91;60;6;3;9;12613;7869;596;297;1036
FR;6;2022-06-03;126;102;13;7;21;12739;7971;609;304;1057
FR;6;2022-06-04;63;51;10;0;12;12802;8022;619;304;1069
FR;6;2022-06-05;16;15;2;1;4;12818;8037;621;305;1073
FR;6;2022-06-06;9;6;0;0;0;12827;8043;621;305;1073
FR;6;2022-06-07;79;90;3;4;8;12906;8133;624;309;1081
FR;6;2022-06-08;92;110;13;5;20;12998;8243;637;314;1101
FR;6;2022-06-09;75;81;15;3;15;13073;8324;652;317;1116
FR;6;2022-06-10;116;93;26;10;22;13189;8417;678;327;1138
FR;6;2022-06-11;83;62;6;10;12;13272;8479;684;337;1150
FR;6;2022-06-12;6;14;1;0;2;13278;8493;685;337;1152
FR;6;2022-06-13;74;59;18;1;7;13352;8552;703;338;1159
FR;6;2022-06-14;98;100;8;5;16;13450;8652;711;343;1175
FR;6;2022-06-15;80;86;7;8;15;13530;8738;718;351;1190
FR;6;2022-06-16;53;40;11;7;14;13583;8778;729;358;1204
FR;6;2022-06-17;86;85;3;13;11;13669;8863;732;371;1215
FR;6;2022-06-18;71;61;13;0;21;13740;8924;745;371;1236
FR;6;2022-06-19;6;6;3;0;4;13746;8930;748;371;1240
FR;6;2022-06-20;42;41;4;1;6;13788;8971;752;372;1246
FR;6;2022-06-21;59;73;10;7;17;13847;9044;762;379;1263
FR;6;2022-06-22;86;85;8;2;17;13933;9129;770;381;1280
FR;6;2022-06-23;64;39;13;7;15;13997;9168;783;388;1295
FR;6;2022-06-24;77;85;7;14;20;14074;9253;790;402;1315
FR;6;2022-06-25;67;61;4;3;8;14141;9314;794;405;1323
FR;6;2022-06-26;6;7;1;0;1;14147;9321;795;405;1324
FR;6;2022-06-27;53;50;4;9;12;14200;9371;799;414;1336
FR;6;2022-06-28;68;47;6;3;15;14268;9418;805;417;1351
FR;6;2022-06-29;98;117;26;37;19;14366;9535;831;454;1370
FR;6;2022-06-30;84;60;33;10;12;14450;9595;864;464;1382
FR;6;2022-07-01;115;94;25;33;18;14565;9689;889;497;1400
FR;6;2022-07-02;58;67;26;2;37;14623;9756;915;499;1437
FR;6;2022-07-03;11;4;4;3;4;14634;9760;919;502;1441
FR;6;2022-07-04;61;43;3;23;13;14695;9803;922;525;1454
FR;6;2022-07-05;65;53;19;67;27;14760;9856;941;592;1481
FR;6;2022-07-06;94;64;7;11;12;14854;9920;948;603;1493
FR;6;2022-07-07;99;79;42;37;14;14953;9999;990;640;1507
FR;6;2022-07-08;139;87;42;27;10;15092;10086;1032;667;1517
FR;6;2022-07-09;53;51;16;29;27;15145;10137;1048;696;1544
FR;6;2022-07-10;3;7;8;0;9;15148;10144;1056;696;1553
FR;6;2022-07-11;54;44;5;4;12;15202;10188;1061;700;1565
FR;6;2022-07-12;70;72;12;23;12;15272;10260;1073;723;1577
FR;6;2022-07-13;84;65;14;21;25;15356;10325;1087;744;1602
FR;6;2022-07-14;4;3;1;0;1;15360;10328;1088;744;1603
FR;6;2022-07-15;74;59;9;57;16;15434;10387;1097;801;1619
FR;6;2022-07-16;27;31;17;0;17;15461;10418;1114;801;1636
FR;6;2022-07-17;3;7;0;0;0;15464;10425;1114;801;1636
FR;6;2022-07-18;37;62;11;14;15;15501;10487;1125;815;1651
FR;6;2022-07-19;54;48;4;19;6;15555;10535;1129;834;1657
FR;6;2022-07-20;53;70;7;22;11;15608;10605;1136;856;1668
FR;6;2022-07-21;51;60;4;7;11;15659;10665;1140;863;1679
FR;6;2022-07-22;55;74;7;26;8;15714;10739;1147;889;1687
FR;6;2022-07-23;38;40;6;10;6;15752;10779;1153;899;1693
FR;6;2022-07-24;11;14;1;3;3;15763;10793;1154;902;1696
FR;6;2022-07-25;60;44;8;12;9;15823;10837;1162;914;1705
FR;6;2022-07-26;47;64;14;6;10;15870;10901;1176;920;1715
FR;6;2022-07-27;54;78;15;11;17;15924;10979;1191;931;1732
FR;6;2022-07-28;30;48;4;6;8;15954;11027;1195;937;1740
FR;6;2022-07-29;43;71;10;38;24;15997;11098;1205;975;1764
FR;6;2022-07-30;26;48;4;15;7;16023;11146;1209;990;1771
FR;6;2022-07-31;0;1;1;0;0;16023;11147;1210;990;1771
FR;6;2022-08-01;39;36;14;8;10;16062;11183;1224;998;1781
FR;6;2022-08-02;37;46;10;14;6;16099;11229;1234;1012;1787
FR;6;2022-08-03;29;52;7;16;11;16128;11281;1241;1028;1798
FR;6;2022-08-04;25;21;4;9;6;16153;11302;1245;1037;1804
FR;6;2022-08-05;43;45;1;7;5;16196;11347;1246;1044;1809
FR;6;2022-08-06;17;27;1;3;2;16213;11374;1247;1047;1811
FR;6;2022-08-07;1;2;0;0;0;16214;11376;1247;1047;1811
FR;6;2022-08-08;24;33;1;0;1;16238;11409;1248;1047;1812
FR;6;2022-08-09;22;30;6;3;3;16260;11439;1254;1050;1815
FR;6;2022-08-10;31;36;5;9;5;16291;11475;1259;1059;1820
FR;6;2022-08-11;33;33;1;1;1;16324;11508;1260;1060;1821
FR;6;2022-08-12;50;44;6;2;15;16374;11552;1266;1062;1836
FR;6;2022-08-13;9;20;0;0;1;16383;11572;1266;1062;1837
FR;6;2022-08-14;3;1;0;0;0;16386;11573;1266;1062;1837
FR;6;2022-08-15;2;3;1;0;0;16388;11576;1267;1062;1837
FR;6;2022-08-16;35;66;21;7;7;16423;11642;1288;1069;1844
FR;6;2022-08-17;32;44;10;9;10;16455;11686;1298;1078;1854
FR;6;2022-08-18;29;55;14;4;4;16484;11741;1312;1082;1858
FR;6;2022-08-19;30;45;5;4;3;16514;11786;1317;1086;1861
FR;6;2022-08-20;26;29;3;0;8;16540;11815;1320;1086;1869
FR;6;2022-08-21;1;5;2;0;0;16541;11820;1322;1086;1869
FR;6;2022-08-22;20;42;15;1;0;16561;11862;1337;1087;1869
FR;6;2022-08-23;34;45;6;7;6;16595;11907;1343;1094;1875
FR;6;2022-08-24;34;30;6;3;6;16629;11937;1349;1097;1881
FR;6;2022-08-25;25;27;1;1;5;16654;11964;1350;1098;1886
FR;6;2022-08-26;38;44;4;4;7;16692;12008;1354;1102;1893
FR;6;2022-08-27;19;21;7;3;8;16711;12029;1361;1105;1901
FR;6;2022-08-28;6;3;0;6;1;16717;12032;1361;1111;1902
FR;6;2022-08-29;26;22;2;6;3;16743;12054;1363;1117;1905
FR;6;2022-08-30;28;35;4;12;8;16771;12089;1367;1129;1913
FR;6;2022-08-31;35;38;2;11;3;16806;12127;1369;1140;1916
FR;6;2022-09-01;16;11;5;1;4;16822;12138;1374;1141;1920
FR;6;2022-09-02;19;14;2;1;3;16841;12152;1376;1142;1923
FR;6;2022-09-03;10;3;1;5;2;16851;12155;1377;1147;1925
FR;6;2022-09-04;4;1;0;0;0;16855;12156;1377;1147;1925
FR;6;2022-09-05;8;7;0;0;0;16863;12163;1377;1147;1925
FR;6;2022-09-06;7;9;7;12;6;16870;12172;1384;1159;1931
FR;6;2022-09-07;3;8;1;0;1;16873;12180;1385;1159;1932
FR;6;2022-09-08;6;4;0;2;1;16879;12184;1385;1161;1933
FR;6;2022-09-09;7;9;2;7;3;16886;12193;1387;1168;1936
FR;6;2022-09-10;3;4;1;0;1;16889;12197;1388;1168;1937
FR;6;2022-09-11;1;3;0;0;0;16890;12200;1388;1168;1937
FR;6;2022-09-12;10;4;1;0;3;16900;12204;1389;1168;1940
FR;6;2022-09-13;7;2;3;0;2;16907;12206;1392;1168;1942
FR;6;2022-09-14;9;8;2;0;4;16916;12214;1394;1168;1946
FR;6;2022-09-15;8;13;5;5;9;16924;12227;1399;1173;1955
FR;6;2022-09-16;24;38;1;1;3;16948;12265;1400;1174;1958
FR;6;2022-09-17;24;22;0;6;5;16972;12287;1400;1180;1963
FR;6;2022-09-18;5;4;0;0;1;16977;12291;1400;1180;1964
FR;6;2022-09-19;30;30;2;1;5;17007;12321;1402;1181;1969
FR;6;2022-09-20;34;25;1;4;6;17041;12346;1403;1185;1975
FR;6;2022-09-21;21;9;3;3;7;17062;12355;1406;1188;1982
FR;6;2022-09-22;19;28;1;22;3;17081;12383;1407;1210;1985
FR;6;2022-09-23;28;41;5;9;9;17109;12424;1412;1219;1994
FR;6;2022-09-24;16;16;4;2;6;17125;12440;1416;1221;2000
FR;6;2022-09-25;3;14;0;0;1;17128;12454;1416;1221;2001
FR;6;2022-09-26;16;13;0;18;5;17144;12467;1416;1239;2006
FR;6;2022-09-27;32;19;2;3;4;17176;12486;1418;1242;2010
FR;6;2022-09-28;27;10;9;11;5;17203;12496;1427;1253;2015
FR;6;2022-09-29;13;13;10;34;6;17216;12509;1437;1287;2021
FR;6;2022-09-30;34;24;5;6;5;17250;12533;1442;1293;2026
FR;6;2022-10-01;14;12;5;8;8;17264;12545;1447;1301;2034
FR;6;2022-10-02;3;0;0;0;0;17267;12545;1447;1301;2034
FR;6;2022-10-03;11;10;3;5;4;17278;12555;1450;1306;2038
FR;6;2022-10-04;19;17;4;28;3;17297;12572;1454;1334;2041
FR;6;2022-10-05;10;12;3;2;7;17307;12584;1457;1336;2048
FR;6;2022-10-06;19;13;4;6;2;17326;12597;1461;1342;2050
FR;6;2022-10-07;27;26;5;24;10;17353;12623;1466;1366;2060
FR;6;2022-10-08;18;13;0;0;0;17371;12636;1466;1366;2060
FR;6;2022-10-09;7;3;4;25;4;17378;12639;1470;1391;2064
FR;6;2022-10-10;15;14;1;16;6;17393;12653;1471;1407;2070
FR;6;2022-10-11;21;23;3;11;8;17414;12676;1474;1418;2078
FR;6;2022-10-12;20;14;7;19;2;17434;12690;1481;1437;2080
FR;6;2022-10-13;28;14;2;36;0;17462;12704;1483;1473;2080
FR;6;2022-10-14;28;23;5;49;11;17490;12727;1488;1522;2091
FR;6;2022-10-15;13;9;0;22;4;17503;12736;1488;1544;2095
FR;6;2022-10-16;4;4;0;6;2;17507;12740;1488;1550;2097
FR;6;2022-10-17;14;13;2;10;1;17521;12753;1490;1560;2098
FR;6;2022-10-18;12;19;9;24;3;17533;12772;1499;1584;2101
FR;6;2022-10-19;10;20;6;16;5;17543;12792;1505;1600;2106
FR;6;2022-10-20;16;15;10;57;3;17559;12807;1515;1657;2109
FR;6;2022-10-21;16;21;8;34;10;17575;12828;1523;1691;2119
FR;6;2022-10-22;19;14;1;4;3;17594;12842;1524;1695;2122
FR;6;2022-10-23;3;2;1;0;0;17597;12844;1525;1695;2122
FR;6;2022-10-24;12;14;2;5;5;17609;12858;1527;1700;2127
FR;8;2020-12-27;0;0;0;0;0;0;0;0;0;0
FR;8;2020-12-28;0;0;0;0;0;0;0;0;0;0
FR;8;2020-12-29;0;0;0;0;0;0;0;0;0;0
FR;8;2020-12-30;0;0;0;0;0;0;0;0;0;0
FR;8;2020-12-31;0;0;0;0;0;0;0;0;0;0
FR;8;2021-01-01;0;0;0;0;0;0;0;0;0;0
FR;8;2021-01-02;0;0;0;0;0;0;0;0;0;0
FR;8;2021-01-03;0;0;0;0;0;0;0;0;0;0
FR;8;2021-01-04;0;0;0;0;0;0;0;0;0;0
FR;8;2021-01-05;0;0;0;0;0;0;0;0;0;0
FR;8;2021-01-06;0;0;0;0;0;0;0;0;0;0
FR;8;2021-01-07;0;0;0;0;0;0;0;0;0;0
FR;8;2021-01-08;0;0;0;0;0;0;0;0;0;0
FR;8;2021-01-09;0;0;0;0;0;0;0;0;0;0
FR;8;2021-01-10;0;0;0;0;0;0;0;0;0;0
FR;8;2021-01-11;0;0;0;0;0;0;0;0;0;0
FR;8;2021-01-12;0;0;0;0;0;0;0;0;0;0
FR;8;2021-01-13;0;0;0;0;0;0;0;0;0;0
FR;8;2021-01-14;0;0;0;0;0;0;0;0;0;0
FR;8;2021-01-15;0;0;0;0;0;0;0;0;0;0
FR;8;2021-01-16;0;0;0;0;0;0;0;0;0;0
FR;8;2021-01-17;0;0;0;0;0;0;0;0;0;0
FR;8;2021-01-18;0;0;0;0;0;0;0;0;0;0
FR;8;2021-01-19;0;0;0;0;0;0;0;0;0;0
FR;8;2021-01-20;0;0;0;0;0;0;0;0;0;0
FR;8;2021-01-21;0;0;0;0;0;0;0;0;0;0
FR;8;2021-01-22;0;0;0;0;0;0;0;0;0;0
FR;8;2021-01-23;0;0;0;0;0;0;0;0;0;0
FR;8;2021-01-24;0;0;0;0;0;0;0;0;0;0
FR;8;2021-01-25;0;0;0;0;0;0;0;0;0;0
FR;8;2021-01-26;0;0;0;0;0;0;0;0;0;0
FR;8;2021-01-27;0;0;0;0;0;0;0;0;0;0
FR;8;2021-01-28;0;0;0;0;0;0;0;0;0;0
FR;8;2021-01-29;0;0;0;0;0;0;0;0;0;0
FR;8;2021-01-30;0;0;0;0;0;0;0;0;0;0
FR;8;2021-01-31;0;0;0;0;0;0;0;0;0;0
FR;8;2021-02-01;0;0;0;0;0;0;0;0;0;0
FR;8;2021-02-02;0;0;0;0;0;0;0;0;0;0
FR;8;2021-02-03;0;0;0;0;0;0;0;0;0;0
FR;8;2021-02-04;0;0;0;0;0;0;0;0;0;0
FR;8;2021-02-05;0;0;0;0;0;0;0;0;0;0
FR;8;2021-02-06;0;0;0;0;0;0;0;0;0;0
FR;8;2021-02-07;0;0;0;0;0;0;0;0;0;0
FR;8;2021-02-08;0;0;0;0;0;0;0;0;0;0
FR;8;2021-02-09;0;0;0;0;0;0;0;0;0;0
FR;8;2021-02-10;0;0;0;0;0;0;0;0;0;0
FR;8;2021-02-11;0;0;0;0;0;0;0;0;0;0
FR;8;2021-02-12;0;0;0;0;0;0;0;0;0;0
FR;8;2021-02-13;0;0;0;0;0;0;0;0;0;0
FR;8;2021-02-14;0;0;0;0;0;0;0;0;0;0
FR;8;2021-02-15;0;0;0;0;0;0;0;0;0;0
FR;8;2021-02-16;0;0;0;0;0;0;0;0;0;0
FR;8;2021-02-17;0;0;0;0;0;0;0;0;0;0
FR;8;2021-02-18;0;0;0;0;0;0;0;0;0;0
FR;8;2021-02-19;0;0;0;0;0;0;0;0;0;0
FR;8;2021-02-20;0;0;0;0;0;0;0;0;0;0
FR;8;2021-02-21;0;0;0;0;0;0;0;0;0;0
FR;8;2021-02-22;0;0;0;0;0;0;0;0;0;0
FR;8;2021-02-23;0;0;0;0;0;0;0;0;0;0
FR;8;2021-02-24;0;0;0;0;0;0;0;0;0;0
FR;8;2021-02-25;0;0;0;0;0;0;0;0;0;0
FR;8;2021-02-26;0;0;0;0;0;0;0;0;0;0
FR;8;2021-02-27;0;0;0;0;0;0;0;0;0;0
FR;8;2021-02-28;0;0;0;0;0;0;0;0;0;0
FR;8;2021-03-01;0;0;0;0;0;0;0;0;0;0
FR;8;2021-03-02;0;0;0;0;0;0;0;0;0;0
FR;8;2021-03-03;0;0;0;0;0;0;0;0;0;0
FR;8;2021-03-04;0;0;0;0;0;0;0;0;0;0
FR;8;2021-03-05;0;0;0;0;0;0;0;0;0;0
FR;8;2021-03-06;0;0;0;0;0;0;0;0;0;0
FR;8;2021-03-07;0;0;0;0;0;0;0;0;0;0
FR;8;2021-03-08;0;0;0;0;0;0;0;0;0;0
FR;8;2021-03-09;0;0;0;0;0;0;0;0;0;0
FR;8;2021-03-10;0;0;0;0;0;0;0;0;0;0
FR;8;2021-03-11;0;0;0;0;0;0;0;0;0;0
FR;8;2021-03-12;0;0;0;0;0;0;0;0;0;0
FR;8;2021-03-13;0;0;0;0;0;0;0;0;0;0
FR;8;2021-03-14;0;0;0;0;0;0;0;0;0;0
FR;8;2021-03-15;0;0;0;0;0;0;0;0;0;0
FR;8;2021-03-16;0;0;0;0;0;0;0;0;0;0
FR;8;2021-03-17;0;0;0;0;0;0;0;0;0;0
FR;8;2021-03-18;0;0;0;0;0;0;0;0;0;0
FR;8;2021-03-19;0;0;0;0;0;0;0;0;0;0
FR;8;2021-03-20;0;0;0;0;0;0;0;0;0;0
FR;8;2021-03-21;0;0;0;0;0;0;0;0;0;0
FR;8;2021-03-22;0;0;0;0;0;0;0;0;0;0
FR;8;2021-03-23;0;0;0;0;0;0;0;0;0;0
FR;8;2021-03-24;0;0;0;0;0;0;0;0;0;0
FR;8;2021-03-25;0;0;0;0;0;0;0;0;0;0
FR;8;2021-03-26;0;0;0;0;0;0;0;0;0;0
FR;8;2021-03-27;0;0;0;0;0;0;0;0;0;0
FR;8;2021-03-28;0;0;0;0;0;0;0;0;0;0
FR;8;2021-03-29;0;0;0;0;0;0;0;0;0;0
FR;8;2021-03-30;0;0;0;0;0;0;0;0;0;0
FR;8;2021-03-31;0;0;0;0;0;0;0;0;0;0
FR;8;2021-04-01;0;0;0;0;0;0;0;0;0;0
FR;8;2021-04-02;0;0;0;0;0;0;0;0;0;0
FR;8;2021-04-03;0;0;0;0;0;0;0;0;0;0
FR;8;2021-04-04;0;0;0;0;0;0;0;0;0;0
FR;8;2021-04-05;0;0;0;0;0;0;0;0;0;0
FR;8;2021-04-06;0;0;0;0;0;0;0;0;0;0
FR;8;2021-04-07;0;0;0;0;0;0;0;0;0;0
FR;8;2021-04-08;0;0;0;0;0;0;0;0;0;0
FR;8;2021-04-09;0;0;0;0;0;0;0;0;0;0
FR;8;2021-04-10;0;0;0;0;0;0;0;0;0;0
FR;8;2021-04-11;0;0;0;0;0;0;0;0;0;0
FR;8;2021-04-12;0;0;0;0;0;0;0;0;0;0
FR;8;2021-04-13;0;0;0;0;0;0;0;0;0;0
FR;8;2021-04-14;0;0;0;0;0;0;0;0;0;0
FR;8;2021-04-15;0;0;0;0;0;0;0;0;0;0
FR;8;2021-04-16;0;0;0;0;0;0;0;0;0;0
FR;8;2021-04-17;0;0;0;0;0;0;0;0;0;0
FR;8;2021-04-18;0;0;0;0;0;0;0;0;0;0
FR;8;2021-04-19;0;0;0;0;0;0;0;0;0;0
FR;8;2021-04-20;0;0;0;0;0;0;0;0;0;0
FR;8;2021-04-21;0;0;0;0;0;0;0;0;0;0
FR;8;2021-04-22;0;0;0;0;0;0;0;0;0;0
FR;8;2021-04-23;0;0;0;0;0;0;0;0;0;0
FR;8;2021-04-24;0;0;0;0;0;0;0;0;0;0
FR;8;2021-04-25;0;0;0;0;0;0;0;0;0;0
FR;8;2021-04-26;0;0;0;0;0;0;0;0;0;0
FR;8;2021-04-27;0;0;0;0;0;0;0;0;0;0
FR;8;2021-04-28;0;0;0;0;0;0;0;0;0;0
FR;8;2021-04-29;0;0;0;0;0;0;0;0;0;0
FR;8;2021-04-30;0;0;0;0;0;0;0;0;0;0
FR;8;2021-05-01;0;0;0;0;0;0;0;0;0;0
FR;8;2021-05-02;0;0;0;0;0;0;0;0;0;0
FR;8;2021-05-03;0;0;0;0;0;0;0;0;0;0
FR;8;2021-05-04;0;0;0;0;0;0;0;0;0;0
FR;8;2021-05-05;0;0;0;0;0;0;0;0;0;0
FR;8;2021-05-06;0;0;0;0;0;0;0;0;0;0
FR;8;2021-05-07;0;0;0;0;0;0;0;0;0;0
FR;8;2021-05-08;0;0;0;0;0;0;0;0;0;0
FR;8;2021-05-09;0;0;0;0;0;0;0;0;0;0
FR;8;2021-05-10;0;0;0;0;0;0;0;0;0;0
FR;8;2021-05-11;0;0;0;0;0;0;0;0;0;0
FR;8;2021-05-12;0;0;0;0;0;0;0;0;0;0
FR;8;2021-05-13;0;0;0;0;0;0;0;0;0;0
FR;8;2021-05-14;0;0;0;0;0;0;0;0;0;0
FR;8;2021-05-15;0;0;0;0;0;0;0;0;0;0
FR;8;2021-05-16;0;0;0;0;0;0;0;0;0;0
FR;8;2021-05-17;0;0;0;0;0;0;0;0;0;0
FR;8;2021-05-18;0;0;0;0;0;0;0;0;0;0
FR;8;2021-05-19;0;0;0;0;0;0;0;0;0;0
FR;8;2021-05-20;0;0;0;0;0;0;0;0;0;0
FR;8;2021-05-21;0;0;0;0;0;0;0;0;0;0
FR;8;2021-05-22;0;0;0;0;0;0;0;0;0;0
FR;8;2021-05-23;0;0;0;0;0;0;0;0;0;0
FR;8;2021-05-24;0;0;0;0;0;0;0;0;0;0
FR;8;2021-05-25;0;0;0;0;0;0;0;0;0;0
FR;8;2021-05-26;0;0;0;0;0;0;0;0;0;0
FR;8;2021-05-27;0;0;0;0;0;0;0;0;0;0
FR;8;2021-05-28;0;0;0;0;0;0;0;0;0;0
FR;8;2021-05-29;0;0;0;0;0;0;0;0;0;0
FR;8;2021-05-30;0;0;0;0;0;0;0;0;0;0
FR;8;2021-05-31;0;0;0;0;0;0;0;0;0;0
FR;8;2021-06-01;0;0;0;0;0;0;0;0;0;0
FR;8;2021-06-02;0;0;0;0;0;0;0;0;0;0
FR;8;2021-06-03;0;0;0;0;0;0;0;0;0;0
FR;8;2021-06-04;0;0;0;0;0;0;0;0;0;0
FR;8;2021-06-05;0;0;0;0;0;0;0;0;0;0
FR;8;2021-06-06;0;0;0;0;0;0;0;0;0;0
FR;8;2021-06-07;0;0;0;0;0;0;0;0;0;0
FR;8;2021-06-08;0;0;0;0;0;0;0;0;0;0
FR;8;2021-06-09;0;0;0;0;0;0;0;0;0;0
FR;8;2021-06-10;0;0;0;0;0;0;0;0;0;0
FR;8;2021-06-11;0;0;0;0;0;0;0;0;0;0
FR;8;2021-06-12;0;0;0;0;0;0;0;0;0;0
FR;8;2021-06-13;0;0;0;0;0;0;0;0;0;0
FR;8;2021-06-14;0;0;0;0;0;0;0;0;0;0
FR;8;2021-06-15;0;0;0;0;0;0;0;0;0;0
FR;8;2021-06-16;0;0;0;0;0;0;0;0;0;0
FR;8;2021-06-17;0;0;0;0;0;0;0;0;0;0
FR;8;2021-06-18;0;0;0;0;0;0;0;0;0;0
FR;8;2021-06-19;0;0;0;0;0;0;0;0;0;0
FR;8;2021-06-20;0;0;0;0;0;0;0;0;0;0
FR;8;2021-06-21;0;0;0;0;0;0;0;0;0;0
FR;8;2021-06-22;0;0;0;0;0;0;0;0;0;0
FR;8;2021-06-23;0;0;0;0;0;0;0;0;0;0
FR;8;2021-06-24;0;0;0;0;0;0;0;0;0;0
FR;8;2021-06-25;0;0;0;0;0;0;0;0;0;0
FR;8;2021-06-26;0;0;0;0;0;0;0;0;0;0
FR;8;2021-06-27;0;0;0;0;0;0;0;0;0;0
FR;8;2021-06-28;0;0;0;0;0;0;0;0;0;0
FR;8;2021-06-29;0;0;0;0;0;0;0;0;0;0
FR;8;2021-06-30;0;0;0;0;0;0;0;0;0;0
FR;8;2021-07-01;0;0;0;0;0;0;0;0;0;0
FR;8;2021-07-02;0;0;0;0;0;0;0;0;0;0
FR;8;2021-07-03;0;0;0;0;0;0;0;0;0;0
FR;8;2021-07-04;0;0;0;0;0;0;0;0;0;0
FR;8;2021-07-05;0;0;0;0;0;0;0;0;0;0
FR;8;2021-07-06;0;0;0;0;0;0;0;0;0;0
FR;8;2021-07-07;0;0;0;0;0;0;0;0;0;0
FR;8;2021-07-08;0;0;0;0;0;0;0;0;0;0
FR;8;2021-07-09;0;0;0;0;0;0;0;0;0;0
FR;8;2021-07-10;0;0;0;0;0;0;0;0;0;0
FR;8;2021-07-11;0;0;0;0;0;0;0;0;0;0
FR;8;2021-07-12;0;0;0;0;0;0;0;0;0;0
FR;8;2021-07-13;0;0;0;0;0;0;0;0;0;0
FR;8;2021-07-14;0;0;0;0;0;0;0;0;0;0
FR;8;2021-07-15;0;0;0;0;0;0;0;0;0;0
FR;8;2021-07-16;0;0;0;0;0;0;0;0;0;0
FR;8;2021-07-17;0;0;0;0;0;0;0;0;0;0
FR;8;2021-07-18;0;0;0;0;0;0;0;0;0;0
FR;8;2021-07-19;0;0;0;0;0;0;0;0;0;0
FR;8;2021-07-20;0;0;0;0;0;0;0;0;0;0
FR;8;2021-07-21;0;0;0;0;0;0;0;0;0;0
FR;8;2021-07-22;0;0;0;0;0;0;0;0;0;0
FR;8;2021-07-23;0;0;0;0;0;0;0;0;0;0
FR;8;2021-07-24;0;0;0;0;0;0;0;0;0;0
FR;8;2021-07-25;0;0;0;0;0;0;0;0;0;0
FR;8;2021-07-26;0;0;0;0;0;0;0;0;0;0
FR;8;2021-07-27;0;0;0;0;0;0;0;0;0;0
FR;8;2021-07-28;0;0;0;0;0;0;0;0;0;0
FR;8;2021-07-29;0;0;0;0;0;0;0;0;0;0
FR;8;2021-07-30;0;0;0;0;0;0;0;0;0;0
FR;8;2021-07-31;0;0;0;0;0;0;0;0;0;0
FR;8;2021-08-01;0;0;0;0;0;0;0;0;0;0
FR;8;2021-08-02;0;0;0;0;0;0;0;0;0;0
FR;8;2021-08-03;0;0;0;0;0;0;0;0;0;0
FR;8;2021-08-04;0;0;0;0;0;0;0;0;0;0
FR;8;2021-08-05;0;0;0;0;0;0;0;0;0;0
FR;8;2021-08-06;0;0;0;0;0;0;0;0;0;0
FR;8;2021-08-07;0;0;0;0;0;0;0;0;0;0
FR;8;2021-08-08;0;0;0;0;0;0;0;0;0;0
FR;8;2021-08-09;0;0;0;0;0;0;0;0;0;0
FR;8;2021-08-10;0;0;0;0;0;0;0;0;0;0
FR;8;2021-08-11;0;0;0;0;0;0;0;0;0;0
FR;8;2021-08-12;0;0;0;0;0;0;0;0;0;0
FR;8;2021-08-13;0;0;0;0;0;0;0;0;0;0
FR;8;2021-08-14;0;0;0;0;0;0;0;0;0;0
FR;8;2021-08-15;0;0;0;0;0;0;0;0;0;0
FR;8;2021-08-16;0;0;0;0;0;0;0;0;0;0
FR;8;2021-08-17;0;0;0;0;0;0;0;0;0;0
FR;8;2021-08-18;0;0;0;0;0;0;0;0;0;0
FR;8;2021-08-19;0;0;0;0;0;0;0;0;0;0
FR;8;2021-08-20;0;0;0;0;0;0;0;0;0;0
FR;8;2021-08-21;0;0;0;0;0;0;0;0;0;0
FR;8;2021-08-22;0;0;0;0;0;0;0;0;0;0
FR;8;2021-08-23;0;0;0;0;0;0;0;0;0;0
FR;8;2021-08-24;0;0;0;0;0;0;0;0;0;0
FR;8;2021-08-25;0;0;0;0;0;0;0;0;0;0
FR;8;2021-08-26;0;0;0;0;0;0;0;0;0;0
FR;8;2021-08-27;0;0;0;0;0;0;0;0;0;0
FR;8;2021-08-28;0;0;0;0;0;0;0;0;0;0
FR;8;2021-08-29;0;0;0;0;0;0;0;0;0;0
FR;8;2021-08-30;0;0;0;0;0;0;0;0;0;0
FR;8;2021-08-31;0;0;0;0;0;0;0;0;0;0
FR;8;2021-09-01;0;0;0;0;0;0;0;0;0;0
FR;8;2021-09-02;0;0;0;0;0;0;0;0;0;0
FR;8;2021-09-03;0;0;0;0;0;0;0;0;0;0
FR;8;2021-09-04;0;0;0;0;0;0;0;0;0;0
FR;8;2021-09-05;0;0;0;0;0;0;0;0;0;0
FR;8;2021-09-06;0;0;0;0;0;0;0;0;0;0
FR;8;2021-09-07;0;0;0;0;0;0;0;0;0;0
FR;8;2021-09-08;0;0;0;0;0;0;0;0;0;0
FR;8;2021-09-09;0;0;0;0;0;0;0;0;0;0
FR;8;2021-09-10;0;0;0;0;0;0;0;0;0;0
FR;8;2021-09-11;0;0;0;0;0;0;0;0;0;0
FR;8;2021-09-12;0;0;0;0;0;0;0;0;0;0
FR;8;2021-09-13;0;0;0;0;0;0;0;0;0;0
FR;8;2021-09-14;0;0;0;0;0;0;0;0;0;0
FR;8;2021-09-15;0;0;0;0;0;0;0;0;0;0
FR;8;2021-09-16;0;0;0;0;0;0;0;0;0;0
FR;8;2021-09-17;0;0;0;0;0;0;0;0;0;0
FR;8;2021-09-18;0;0;0;0;0;0;0;0;0;0
FR;8;2021-09-19;0;0;0;0;0;0;0;0;0;0
FR;8;2021-09-20;0;0;0;0;0;0;0;0;0;0
FR;8;2021-09-21;0;0;0;0;0;0;0;0;0;0
FR;8;2021-09-22;0;0;0;0;0;0;0;0;0;0
FR;8;2021-09-23;0;0;0;0;0;0;0;0;0;0
FR;8;2021-09-24;0;0;0;0;0;0;0;0;0;0
FR;8;2021-09-25;0;0;0;0;0;0;0;0;0;0
FR;8;2021-09-26;0;0;0;0;0;0;0;0;0;0
FR;8;2021-09-27;0;0;0;0;0;0;0;0;0;0
FR;8;2021-09-28;0;0;0;0;0;0;0;0;0;0
FR;8;2021-09-29;0;0;0;0;0;0;0;0;0;0
FR;8;2021-09-30;0;0;0;0;0;0;0;0;0;0
FR;8;2021-10-01;0;0;0;0;0;0;0;0;0;0
FR;8;2021-10-02;0;0;0;0;0;0;0;0;0;0
FR;8;2021-10-03;0;0;0;0;0;0;0;0;0;0
FR;8;2021-10-04;0;0;0;0;0;0;0;0;0;0
FR;8;2021-10-05;0;0;0;0;0;0;0;0;0;0
FR;8;2021-10-06;0;0;0;0;0;0;0;0;0;0
FR;8;2021-10-07;0;0;0;0;0;0;0;0;0;0
FR;8;2021-10-08;0;0;0;0;0;0;0;0;0;0
FR;8;2021-10-09;0;0;0;0;0;0;0;0;0;0
FR;8;2021-10-10;0;0;0;0;0;0;0;0;0;0
FR;8;2021-10-11;0;0;0;0;0;0;0;0;0;0
FR;8;2021-10-12;0;0;0;0;0;0;0;0;0;0
FR;8;2021-10-13;0;0;0;0;0;0;0;0;0;0
FR;8;2021-10-14;0;0;0;0;0;0;0;0;0;0
FR;8;2021-10-15;0;0;0;0;0;0;0;0;0;0
FR;8;2021-10-16;0;0;0;0;0;0;0;0;0;0
FR;8;2021-10-17;0;0;0;0;0;0;0;0;0;0
FR;8;2021-10-18;0;0;0;0;0;0;0;0;0;0
FR;8;2021-10-19;0;0;0;0;0;0;0;0;0;0
FR;8;2021-10-20;0;0;0;0;0;0;0;0;0;0
FR;8;2021-10-21;0;0;0;0;0;0;0;0;0;0
FR;8;2021-10-22;0;0;0;0;0;0;0;0;0;0
FR;8;2021-10-23;0;0;0;0;0;0;0;0;0;0
FR;8;2021-10-24;0;0;0;0;0;0;0;0;0;0
FR;8;2021-10-25;0;0;0;0;0;0;0;0;0;0
FR;8;2021-10-26;0;0;0;0;0;0;0;0;0;0
FR;8;2021-10-27;0;0;0;0;0;0;0;0;0;0
FR;8;2021-10-28;0;0;0;0;0;0;0;0;0;0
FR;8;2021-10-29;0;0;0;0;0;0;0;0;0;0
FR;8;2021-10-30;0;0;0;0;0;0;0;0;0;0
FR;8;2021-10-31;0;0;0;0;0;0;0;0;0;0
FR;8;2021-11-01;0;0;0;0;0;0;0;0;0;0
FR;8;2021-11-02;0;0;0;0;0;0;0;0;0;0
FR;8;2021-11-03;0;0;0;0;0;0;0;0;0;0
FR;8;2021-11-04;0;0;0;0;0;0;0;0;0;0
FR;8;2021-11-05;0;0;0;0;0;0;0;0;0;0
FR;8;2021-11-06;0;0;0;0;0;0;0;0;0;0
FR;8;2021-11-07;0;0;0;0;0;0;0;0;0;0
FR;8;2021-11-08;0;0;0;0;0;0;0;0;0;0
FR;8;2021-11-09;0;0;0;0;0;0;0;0;0;0
FR;8;2021-11-10;0;0;0;0;0;0;0;0;0;0
FR;8;2021-11-11;0;0;0;0;0;0;0;0;0;0
FR;8;2021-11-12;0;0;0;0;0;0;0;0;0;0
FR;8;2021-11-13;0;0;0;0;0;0;0;0;0;0
FR;8;2021-11-14;0;0;0;0;0;0;0;0;0;0
FR;8;2021-11-15;0;0;0;0;0;0;0;0;0;0
FR;8;2021-11-16;0;0;0;0;0;0;0;0;0;0
FR;8;2021-11-17;0;0;0;0;0;0;0;0;0;0
FR;8;2021-11-18;0;0;0;0;0;0;0;0;0;0
FR;8;2021-11-19;0;0;0;0;0;0;0;0;0;0
FR;8;2021-11-20;0;0;0;0;0;0;0;0;0;0
FR;8;2021-11-21;0;0;0;0;0;0;0;0;0;0
FR;8;2021-11-22;0;0;0;0;0;0;0;0;0;0
FR;8;2021-11-23;0;0;0;0;0;0;0;0;0;0
FR;8;2021-11-24;0;0;0;0;0;0;0;0;0;0
FR;8;2021-11-25;0;0;0;0;0;0;0;0;0;0
FR;8;2021-11-26;0;0;0;0;0;0;0;0;0;0
FR;8;2021-11-27;0;0;0;0;0;0;0;0;0;0
FR;8;2021-11-28;0;0;0;0;0;0;0;0;0;0
FR;8;2021-11-29;0;0;0;0;0;0;0;0;0;0
FR;8;2021-11-30;0;0;0;0;0;0;0;0;0;0
FR;8;2021-12-01;0;0;0;0;0;0;0;0;0;0
FR;8;2021-12-02;0;0;0;0;0;0;0;0;0;0
FR;8;2021-12-03;0;0;0;0;0;0;0;0;0;0
FR;8;2021-12-04;0;0;0;0;0;0;0;0;0;0
FR;8;2021-12-05;0;0;0;0;0;0;0;0;0;0
FR;8;2021-12-06;0;0;0;0;0;0;0;0;0;0
FR;8;2021-12-07;0;0;0;0;0;0;0;0;0;0
FR;8;2021-12-08;0;0;0;0;0;0;0;0;0;0
FR;8;2021-12-09;0;0;0;0;0;0;0;0;0;0
FR;8;2021-12-10;0;0;0;0;0;0;0;0;0;0
FR;8;2021-12-11;0;0;0;0;0;0;0;0;0;0
FR;8;2021-12-12;0;0;0;0;0;0;0;0;0;0
FR;8;2021-12-13;0;0;0;0;0;0;0;0;0;0
FR;8;2021-12-14;0;0;0;0;0;0;0;0;0;0
FR;8;2021-12-15;0;0;0;0;0;0;0;0;0;0
FR;8;2021-12-16;0;0;0;0;0;0;0;0;0;0
FR;8;2021-12-17;0;0;0;0;0;0;0;0;0;0
FR;8;2021-12-18;0;0;0;0;0;0;0;0;0;0
FR;8;2021-12-19;0;0;0;0;0;0;0;0;0;0
FR;8;2021-12-20;0;0;0;0;0;0;0;0;0;0
FR;8;2021-12-21;0;0;0;0;0;0;0;0;0;0
FR;8;2021-12-22;0;0;0;0;0;0;0;0;0;0
FR;8;2021-12-23;0;0;0;0;0;0;0;0;0;0
FR;8;2021-12-24;0;0;0;0;0;0;0;0;0;0
FR;8;2021-12-25;0;0;0;0;0;0;0;0;0;0
FR;8;2021-12-26;0;0;0;0;0;0;0;0;0;0
FR;8;2021-12-27;0;0;0;0;0;0;0;0;0;0
FR;8;2021-12-28;0;0;0;0;0;0;0;0;0;0
FR;8;2021-12-29;0;0;0;0;0;0;0;0;0;0
FR;8;2021-12-30;0;0;0;0;0;0;0;0;0;0
FR;8;2021-12-31;0;0;0;0;0;0;0;0;0;0
FR;8;2022-01-01;0;0;0;0;0;0;0;0;0;0
FR;8;2022-01-02;0;0;0;0;0;0;0;0;0;0
FR;8;2022-01-03;0;0;0;0;0;0;0;0;0;0
FR;8;2022-01-04;0;0;0;0;0;0;0;0;0;0
FR;8;2022-01-05;0;0;0;0;0;0;0;0;0;0
FR;8;2022-01-06;0;0;0;0;0;0;0;0;0;0
FR;8;2022-01-07;0;0;0;0;0;0;0;0;0;0
FR;8;2022-01-08;0;0;0;0;0;0;0;0;0;0
FR;8;2022-01-09;0;0;0;0;0;0;0;0;0;0
FR;8;2022-01-10;0;0;0;0;0;0;0;0;0;0
FR;8;2022-01-11;0;0;0;0;0;0;0;0;0;0
FR;8;2022-01-12;0;0;0;0;0;0;0;0;0;0
FR;8;2022-01-13;0;0;0;0;0;0;0;0;0;0
FR;8;2022-01-14;0;0;0;0;0;0;0;0;0;0
FR;8;2022-01-15;0;0;0;0;0;0;0;0;0;0
FR;8;2022-01-16;0;0;0;0;0;0;0;0;0;0
FR;8;2022-01-17;0;0;0;0;0;0;0;0;0;0
FR;8;2022-01-18;0;0;0;0;0;0;0;0;0;0
FR;8;2022-01-19;0;0;0;0;0;0;0;0;0;0
FR;8;2022-01-20;0;0;0;0;0;0;0;0;0;0
FR;8;2022-01-21;0;0;0;0;0;0;0;0;0;0
FR;8;2022-01-22;0;0;0;0;0;0;0;0;0;0
FR;8;2022-01-23;0;0;0;0;0;0;0;0;0;0
FR;8;2022-01-24;0;0;0;0;0;0;0;0;0;0
FR;8;2022-01-25;0;0;0;0;0;0;0;0;0;0
FR;8;2022-01-26;0;0;0;0;0;0;0;0;0;0
FR;8;2022-01-27;0;0;0;0;0;0;0;0;0;0
FR;8;2022-01-28;0;0;0;0;0;0;0;0;0;0
FR;8;2022-01-29;0;0;0;0;0;0;0;0;0;0
FR;8;2022-01-30;0;0;0;0;0;0;0;0;0;0
FR;8;2022-01-31;0;0;0;0;0;0;0;0;0;0
FR;8;2022-02-01;0;0;0;0;0;0;0;0;0;0
FR;8;2022-02-02;0;0;0;0;0;0;0;0;0;0
FR;8;2022-02-03;0;0;0;0;0;0;0;0;0;0
FR;8;2022-02-04;0;0;0;0;0;0;0;0;0;0
FR;8;2022-02-05;0;0;0;0;0;0;0;0;0;0
FR;8;2022-02-06;0;0;0;0;0;0;0;0;0;0
FR;8;2022-02-07;0;0;0;0;0;0;0;0;0;0
FR;8;2022-02-08;0;0;0;0;0;0;0;0;0;0
FR;8;2022-02-09;0;0;0;0;0;0;0;0;0;0
FR;8;2022-02-10;0;0;0;0;0;0;0;0;0;0
FR;8;2022-02-11;0;0;0;0;0;0;0;0;0;0
FR;8;2022-02-12;0;0;0;0;0;0;0;0;0;0
FR;8;2022-02-13;0;0;0;0;0;0;0;0;0;0
FR;8;2022-02-14;0;0;0;0;0;0;0;0;0;0
FR;8;2022-02-15;0;0;0;0;0;0;0;0;0;0
FR;8;2022-02-16;0;0;0;0;0;0;0;0;0;0
FR;8;2022-02-17;0;0;0;0;0;0;0;0;0;0
FR;8;2022-02-18;0;0;0;0;0;0;0;0;0;0
FR;8;2022-02-19;0;0;0;0;0;0;0;0;0;0
FR;8;2022-02-20;0;0;0;0;0;0;0;0;0;0
FR;8;2022-02-21;0;0;0;0;0;0;0;0;0;0
FR;8;2022-02-22;0;0;0;0;0;0;0;0;0;0
FR;8;2022-02-23;0;0;0;0;0;0;0;0;0;0
FR;8;2022-02-24;0;0;0;0;0;0;0;0;0;0
FR;8;2022-02-25;0;0;0;0;0;0;0;0;0;0
FR;8;2022-02-26;0;0;0;0;0;0;0;0;0;0
FR;8;2022-02-27;0;0;0;0;0;0;0;0;0;0
FR;8;2022-02-28;0;0;0;0;0;0;0;0;0;0
FR;8;2022-03-01;0;0;0;0;0;0;0;0;0;0
FR;8;2022-03-02;0;0;0;0;0;0;0;0;0;0
FR;8;2022-03-03;0;0;0;0;0;0;0;0;0;0
FR;8;2022-03-04;0;0;0;0;0;0;0;0;0;0
FR;8;2022-03-05;0;0;0;0;0;0;0;0;0;0
FR;8;2022-03-06;0;0;0;0;0;0;0;0;0;0
FR;8;2022-03-07;0;0;0;0;0;0;0;0;0;0
FR;8;2022-03-08;0;0;0;0;0;0;0;0;0;0
FR;8;2022-03-09;0;0;0;0;0;0;0;0;0;0
FR;8;2022-03-10;0;0;0;0;0;0;0;0;0;0
FR;8;2022-03-11;0;0;0;0;0;0;0;0;0;0
FR;8;2022-03-12;0;0;0;0;0;0;0;0;0;0
FR;8;2022-03-13;0;0;0;0;0;0;0;0;0;0
FR;8;2022-03-14;0;0;0;0;0;0;0;0;0;0
FR;8;2022-03-15;0;0;0;0;0;0;0;0;0;0
FR;8;2022-03-16;0;0;0;0;0;0;0;0;0;0
FR;8;2022-03-17;0;0;0;0;0;0;0;0;0;0
FR;8;2022-03-18;0;0;0;0;0;0;0;0;0;0
FR;8;2022-03-19;0;0;0;0;0;0;0;0;0;0
FR;8;2022-03-20;0;0;0;0;0;0;0;0;0;0
FR;8;2022-03-21;0;0;0;0;0;0;0;0;0;0
FR;8;2022-03-22;0;0;0;0;0;0;0;0;0;0
FR;8;2022-03-23;0;0;0;0;0;0;0;0;0;0
FR;8;2022-03-24;0;0;0;0;0;0;0;0;0;0
FR;8;2022-03-25;0;0;0;0;0;0;0;0;0;0
FR;8;2022-03-26;0;0;0;0;0;0;0;0;0;0
FR;8;2022-03-27;0;0;0;0;0;0;0;0;0;0
FR;8;2022-03-28;0;0;0;0;0;0;0;0;0;0
FR;8;2022-03-29;0;0;0;0;0;0;0;0;0;0
FR;8;2022-03-30;0;0;0;0;0;0;0;0;0;0
FR;8;2022-03-31;0;0;0;0;0;0;0;0;0;0
FR;8;2022-04-01;0;0;0;0;0;0;0;0;0;0
FR;8;2022-04-02;0;0;0;0;0;0;0;0;0;0
FR;8;2022-04-03;0;0;0;0;0;0;0;0;0;0
FR;8;2022-04-04;0;0;0;0;0;0;0;0;0;0
FR;8;2022-04-05;0;0;0;0;0;0;0;0;0;0
FR;8;2022-04-06;0;0;0;0;0;0;0;0;0;0
FR;8;2022-04-07;0;0;0;0;0;0;0;0;0;0
FR;8;2022-04-08;0;0;0;0;0;0;0;0;0;0
FR;8;2022-04-09;0;0;0;0;0;0;0;0;0;0
FR;8;2022-04-10;0;0;0;0;0;0;0;0;0;0
FR;8;2022-04-11;0;0;0;0;0;0;0;0;0;0
FR;8;2022-04-12;0;0;0;0;0;0;0;0;0;0
FR;8;2022-04-13;0;0;0;0;0;0;0;0;0;0
FR;8;2022-04-14;0;0;0;0;0;0;0;0;0;0
FR;8;2022-04-15;0;0;0;0;0;0;0;0;0;0
FR;8;2022-04-16;0;0;0;0;0;0;0;0;0;0
FR;8;2022-04-17;0;0;0;0;0;0;0;0;0;0
FR;8;2022-04-18;0;0;0;0;0;0;0;0;0;0
FR;8;2022-04-19;0;0;0;0;0;0;0;0;0;0
FR;8;2022-04-20;0;0;0;0;0;0;0;0;0;0
FR;8;2022-04-21;0;0;0;0;0;0;0;0;0;0
FR;8;2022-04-22;0;0;0;0;0;0;0;0;0;0
FR;8;2022-04-23;0;0;0;0;0;0;0;0;0;0
FR;8;2022-04-24;0;0;0;0;0;0;0;0;0;0
FR;8;2022-04-25;0;0;0;0;0;0;0;0;0;0
FR;8;2022-04-26;0;0;0;0;0;0;0;0;0;0
FR;8;2022-04-27;0;0;0;0;0;0;0;0;0;0
FR;8;2022-04-28;0;0;0;0;0;0;0;0;0;0
FR;8;2022-04-29;0;0;0;0;0;0;0;0;0;0
FR;8;2022-04-30;0;0;0;0;0;0;0;0;0;0
FR;8;2022-05-01;0;0;0;0;0;0;0;0;0;0
FR;8;2022-05-02;0;0;0;0;0;0;0;0;0;0
FR;8;2022-05-03;0;0;0;0;0;0;0;0;0;0
FR;8;2022-05-04;0;0;0;0;0;0;0;0;0;0
FR;8;2022-05-05;0;0;0;0;0;0;0;0;0;0
FR;8;2022-05-06;0;0;0;0;0;0;0;0;0;0
FR;8;2022-05-07;0;0;0;0;0;0;0;0;0;0
FR;8;2022-05-08;0;0;0;0;0;0;0;0;0;0
FR;8;2022-05-09;0;0;0;0;0;0;0;0;0;0
FR;8;2022-05-10;0;0;0;0;0;0;0;0;0;0
FR;8;2022-05-11;0;0;0;0;0;0;0;0;0;0
FR;8;2022-05-12;0;0;0;0;0;0;0;0;0;0
FR;8;2022-05-13;0;0;0;0;0;0;0;0;0;0
FR;8;2022-05-14;0;0;0;0;0;0;0;0;0;0
FR;8;2022-05-15;0;0;0;0;0;0;0;0;0;0
FR;8;2022-05-16;0;0;0;0;0;0;0;0;0;0
FR;8;2022-05-17;0;0;0;0;0;0;0;0;0;0
FR;8;2022-05-18;0;0;0;0;0;0;0;0;0;0
FR;8;2022-05-19;0;0;0;0;0;0;0;0;0;0
FR;8;2022-05-20;0;0;0;0;0;0;0;0;0;0
FR;8;2022-05-21;0;0;0;0;0;0;0;0;0;0
FR;8;2022-05-22;0;0;0;0;0;0;0;0;0;0
FR;8;2022-05-23;0;0;0;0;0;0;0;0;0;0
FR;8;2022-05-24;0;0;0;0;0;0;0;0;0;0
FR;8;2022-05-25;0;0;0;0;0;0;0;0;0;0
FR;8;2022-05-26;0;0;0;0;0;0;0;0;0;0
FR;8;2022-05-27;0;0;0;0;0;0;0;0;0;0
FR;8;2022-05-28;0;0;0;0;0;0;0;0;0;0
FR;8;2022-05-29;0;0;0;0;0;0;0;0;0;0
FR;8;2022-05-30;0;0;0;0;0;0;0;0;0;0
FR;8;2022-05-31;0;0;0;0;0;0;0;0;0;0
FR;8;2022-06-01;0;0;0;0;0;0;0;0;0;0
FR;8;2022-06-02;0;0;0;0;0;0;0;0;0;0
FR;8;2022-06-03;0;0;0;0;0;0;0;0;0;0
FR;8;2022-06-04;0;0;0;0;0;0;0;0;0;0
FR;8;2022-06-05;0;0;0;0;0;0;0;0;0;0
FR;8;2022-06-06;0;0;0;0;0;0;0;0;0;0
FR;8;2022-06-07;0;0;0;0;0;0;0;0;0;0
FR;8;2022-06-08;0;0;0;0;0;0;0;0;0;0
FR;8;2022-06-09;0;0;0;0;0;0;0;0;0;0
FR;8;2022-06-10;0;0;0;0;0;0;0;0;0;0
FR;8;2022-06-11;0;0;0;0;0;0;0;0;0;0
FR;8;2022-06-12;0;0;0;0;0;0;0;0;0;0
FR;8;2022-06-13;0;0;0;0;0;0;0;0;0;0
FR;8;2022-06-14;0;0;0;0;0;0;0;0;0;0
FR;8;2022-06-15;0;0;0;0;0;0;0;0;0;0
FR;8;2022-06-16;0;0;0;0;0;0;0;0;0;0
FR;8;2022-06-17;0;0;0;0;0;0;0;0;0;0
FR;8;2022-06-18;0;0;0;0;0;0;0;0;0;0
FR;8;2022-06-19;0;0;0;0;0;0;0;0;0;0
FR;8;2022-06-20;0;0;0;0;0;0;0;0;0;0
FR;8;2022-06-21;0;0;0;0;0;0;0;0;0;0
FR;8;2022-06-22;0;0;0;0;0;0;0;0;0;0
FR;8;2022-06-23;0;0;0;0;0;0;0;0;0;0
FR;8;2022-06-24;0;0;0;0;0;0;0;0;0;0
FR;8;2022-06-25;0;0;0;0;0;0;0;0;0;0
FR;8;2022-06-26;0;0;0;0;0;0;0;0;0;0
FR;8;2022-06-27;0;0;0;0;0;0;0;0;0;0
FR;8;2022-06-28;0;0;0;0;0;0;0;0;0;0
FR;8;2022-06-29;0;0;0;0;0;0;0;0;0;0
FR;8;2022-06-30;0;0;0;0;0;0;0;0;0;0
FR;8;2022-07-01;0;0;0;0;0;0;0;0;0;0
FR;8;2022-07-02;0;0;0;0;0;0;0;0;0;0
FR;8;2022-07-03;0;0;0;0;0;0;0;0;0;0
FR;8;2022-07-04;0;0;0;0;0;0;0;0;0;0
FR;8;2022-07-05;0;0;0;0;0;0;0;0;0;0
FR;8;2022-07-06;0;0;0;0;0;0;0;0;0;0
FR;8;2022-07-07;0;0;0;0;0;0;0;0;0;0
FR;8;2022-07-08;0;0;0;0;0;0;0;0;0;0
FR;8;2022-07-09;0;0;0;0;0;0;0;0;0;0
FR;8;2022-07-10;0;0;0;0;0;0;0;0;0;0
FR;8;2022-07-11;0;0;0;0;0;0;0;0;0;0
FR;8;2022-07-12;0;0;0;0;0;0;0;0;0;0
FR;8;2022-07-13;0;0;0;0;0;0;0;0;0;0
FR;8;2022-07-14;0;0;0;0;0;0;0;0;0;0
FR;8;2022-07-15;0;0;0;0;0;0;0;0;0;0
FR;8;2022-07-16;0;0;0;0;0;0;0;0;0;0
FR;8;2022-07-17;0;0;0;0;0;0;0;0;0;0
FR;8;2022-07-18;0;0;0;0;0;0;0;0;0;0
FR;8;2022-07-19;0;0;0;0;0;0;0;0;0;0
FR;8;2022-07-20;0;0;0;0;0;0;0;0;0;0
FR;8;2022-07-21;0;0;0;0;0;0;0;0;0;0
FR;8;2022-07-22;0;0;0;0;0;0;0;0;0;0
FR;8;2022-07-23;0;0;0;0;0;0;0;0;0;0
FR;8;2022-07-24;0;0;0;0;0;0;0;0;0;0
FR;8;2022-07-25;0;0;0;0;0;0;0;0;0;0
FR;8;2022-07-26;0;0;0;0;0;0;0;0;0;0
FR;8;2022-07-27;0;0;0;0;0;0;0;0;0;0
FR;8;2022-07-28;0;0;0;0;0;0;0;0;0;0
FR;8;2022-07-29;0;0;0;0;0;0;0;0;0;0
FR;8;2022-07-30;0;0;0;0;0;0;0;0;0;0
FR;8;2022-07-31;0;0;0;0;0;0;0;0;0;0
FR;8;2022-08-01;0;0;0;0;0;0;0;0;0;0
FR;8;2022-08-02;0;0;0;0;0;0;0;0;0;0
FR;8;2022-08-03;0;0;0;0;0;0;0;0;0;0
FR;8;2022-08-04;0;0;0;0;0;0;0;0;0;0
FR;8;2022-08-05;0;0;0;0;0;0;0;0;0;0
FR;8;2022-08-06;0;0;0;0;0;0;0;0;0;0
FR;8;2022-08-07;0;0;0;0;0;0;0;0;0;0
FR;8;2022-08-08;0;0;0;0;0;0;0;0;0;0
FR;8;2022-08-09;0;0;0;0;0;0;0;0;0;0
FR;8;2022-08-10;0;0;0;0;0;0;0;0;0;0
FR;8;2022-08-11;0;0;0;0;0;0;0;0;0;0
FR;8;2022-08-12;0;0;0;0;0;0;0;0;0;0
FR;8;2022-08-13;0;0;0;0;0;0;0;0;0;0
FR;8;2022-08-14;0;0;0;0;0;0;0;0;0;0
FR;8;2022-08-15;0;0;0;0;0;0;0;0;0;0
FR;8;2022-08-16;0;0;0;0;0;0;0;0;0;0
FR;8;2022-08-17;0;0;0;0;0;0;0;0;0;0
FR;8;2022-08-18;0;0;0;0;0;0;0;0;0;0
FR;8;2022-08-19;0;0;0;0;0;0;0;0;0;0
FR;8;2022-08-20;0;0;0;0;0;0;0;0;0;0
FR;8;2022-08-21;0;0;0;0;0;0;0;0;0;0
FR;8;2022-08-22;0;0;0;0;0;0;0;0;0;0
FR;8;2022-08-23;0;0;0;0;0;0;0;0;0;0
FR;8;2022-08-24;0;0;0;0;0;0;0;0;0;0
FR;8;2022-08-25;0;0;0;0;0;0;0;0;0;0
FR;8;2022-08-26;0;0;0;0;0;0;0;0;0;0
FR;8;2022-08-27;0;0;0;0;0;0;0;0;0;0
FR;8;2022-08-28;0;0;0;0;0;0;0;0;0;0
FR;8;2022-08-29;0;0;0;0;0;0;0;0;0;0
FR;8;2022-08-30;0;0;0;0;0;0;0;0;0;0
FR;8;2022-08-31;0;0;0;0;0;0;0;0;0;0
FR;8;2022-09-01;0;0;0;0;0;0;0;0;0;0
FR;8;2022-09-02;0;0;0;0;0;0;0;0;0;0
FR;8;2022-09-03;0;0;0;0;0;0;0;0;0;0
FR;8;2022-09-04;0;0;0;0;0;0;0;0;0;0
FR;8;2022-09-05;0;0;0;0;0;0;0;0;0;0
FR;8;2022-09-06;0;0;0;0;0;0;0;0;0;0
FR;8;2022-09-07;0;0;0;0;0;0;0;0;0;0
FR;8;2022-09-08;0;0;0;0;0;0;0;0;0;0
FR;8;2022-09-09;0;0;0;0;0;0;0;0;0;0
FR;8;2022-09-10;0;0;0;0;0;0;0;0;0;0
FR;8;2022-09-11;0;0;0;0;0;0;0;0;0;0
FR;8;2022-09-12;0;0;0;0;0;0;0;0;0;0
FR;8;2022-09-13;0;0;0;0;0;0;0;0;0;0
FR;8;2022-09-14;0;0;0;0;0;0;0;0;0;0
FR;8;2022-09-15;0;0;0;0;0;0;0;0;0;0
FR;8;2022-09-16;0;0;0;0;0;0;0;0;0;0
FR;8;2022-09-17;0;0;0;0;0;0;0;0;0;0
FR;8;2022-09-18;0;0;0;0;0;0;0;0;0;0
FR;8;2022-09-19;0;0;0;0;0;0;0;0;0;0
FR;8;2022-09-20;0;0;0;0;0;0;0;0;0;0
FR;8;2022-09-21;0;0;0;0;0;0;0;0;0;0
FR;8;2022-09-22;0;0;0;0;0;0;0;0;0;0
FR;8;2022-09-23;0;0;0;0;0;0;0;0;0;0
FR;8;2022-09-24;0;0;0;0;0;0;0;0;0;0
FR;8;2022-09-25;0;0;0;0;0;0;0;0;0;0
FR;8;2022-09-26;0;0;0;0;0;0;0;0;0;0
FR;8;2022-09-27;0;0;0;0;0;0;0;0;0;0
FR;8;2022-09-28;0;0;0;0;0;0;0;0;0;0
FR;8;2022-09-29;0;0;0;0;0;0;0;0;0;0
FR;8;2022-09-30;0;0;0;0;0;0;0;0;0;0
FR;8;2022-10-01;0;0;0;0;0;0;0;0;0;0
FR;8;2022-10-02;0;0;0;0;0;0;0;0;0;0
FR;8;2022-10-03;0;0;0;0;0;0;0;0;0;0
FR;8;2022-10-04;0;0;0;0;0;0;0;0;0;0
FR;8;2022-10-05;0;0;0;0;0;0;0;0;0;0
FR;8;2022-10-06;7;17;108;837;78;7;17;108;837;78
FR;8;2022-10-07;68;97;833;7967;692;75;114;941;8804;770
FR;8;2022-10-08;34;116;608;4027;515;109;230;1549;12831;1285
FR;8;2022-10-09;17;22;144;879;131;126;252;1693;13710;1416
FR;8;2022-10-10;114;190;1321;12536;1014;240;442;3014;26246;2430
FR;8;2022-10-11;170;257;2460;26655;1990;410;699;5474;52901;4420
FR;8;2022-10-12;143;244;1820;18122;1432;553;943;7294;71023;5852
FR;8;2022-10-13;200;271;2477;27839;1872;753;1214;9771;98862;7724
FR;8;2022-10-14;253;414;3250;36036;2539;1006;1628;13021;134898;10263
FR;8;2022-10-15;98;173;1180;8730;984;1104;1801;14201;143628;11247
FR;8;2022-10-16;32;53;239;1503;204;1136;1854;14440;145131;11451
FR;8;2022-10-17;151;301;2058;21529;1588;1287;2155;16498;166660;13039
FR;8;2022-10-18;258;342;3278;37324;2586;1545;2497;19776;203984;15625
FR;8;2022-10-19;186;300;2588;27945;2117;1731;2797;22364;231929;17742
FR;8;2022-10-20;237;346;3488;40194;2521;1968;3143;25852;272123;20263
FR;8;2022-10-21;312;466;4327;48493;3313;2280;3609;30179;320616;23576
FR;8;2022-10-22;115;160;1195;10459;897;2395;3769;31374;331075;24473
FR;8;2022-10-23;47;50;244;1675;186;2442;3819;31618;332750;24659
FR;8;2022-10-24;207;290;2324;22741;1895;2649;4109;33942;355491;26554
FR;9;2020-12-27;0;0;0;0;0;0;0;0;0;0
FR;9;2020-12-28;0;0;0;0;0;0;0;0;0;0
FR;9;2020-12-29;0;0;0;0;0;0;0;0;0;0
FR;9;2020-12-30;0;0;0;0;0;0;0;0;0;0
FR;9;2020-12-31;0;0;0;0;0;0;0;0;0;0
FR;9;2021-01-01;0;0;0;0;0;0;0;0;0;0
FR;9;2021-01-02;0;0;0;0;0;0;0;0;0;0
FR;9;2021-01-03;0;0;0;0;0;0;0;0;0;0
FR;9;2021-01-04;0;0;0;0;0;0;0;0;0;0
FR;9;2021-01-05;0;0;0;0;0;0;0;0;0;0
FR;9;2021-01-06;0;0;0;0;0;0;0;0;0;0
FR;9;2021-01-07;0;0;0;0;0;0;0;0;0;0
FR;9;2021-01-08;0;0;0;0;0;0;0;0;0;0
FR;9;2021-01-09;0;0;0;0;0;0;0;0;0;0
FR;9;2021-01-10;0;0;0;0;0;0;0;0;0;0
FR;9;2021-01-11;0;0;0;0;0;0;0;0;0;0
FR;9;2021-01-12;0;0;0;0;0;0;0;0;0;0
FR;9;2021-01-13;0;0;0;0;0;0;0;0;0;0
FR;9;2021-01-14;0;0;0;0;0;0;0;0;0;0
FR;9;2021-01-15;0;0;0;0;0;0;0;0;0;0
FR;9;2021-01-16;0;0;0;0;0;0;0;0;0;0
FR;9;2021-01-17;0;0;0;0;0;0;0;0;0;0
FR;9;2021-01-18;0;0;0;0;0;0;0;0;0;0
FR;9;2021-01-19;0;0;0;0;0;0;0;0;0;0
FR;9;2021-01-20;0;0;0;0;0;0;0;0;0;0
FR;9;2021-01-21;0;0;0;0;0;0;0;0;0;0
FR;9;2021-01-22;0;0;0;0;0;0;0;0;0;0
FR;9;2021-01-23;0;0;0;0;0;0;0;0;0;0
FR;9;2021-01-24;0;0;0;0;0;0;0;0;0;0
FR;9;2021-01-25;0;0;0;0;0;0;0;0;0;0
FR;9;2021-01-26;0;0;0;0;0;0;0;0;0;0
FR;9;2021-01-27;0;0;0;0;0;0;0;0;0;0
FR;9;2021-01-28;0;0;0;0;0;0;0;0;0;0
FR;9;2021-01-29;0;0;0;0;0;0;0;0;0;0
FR;9;2021-01-30;0;0;0;0;0;0;0;0;0;0
FR;9;2021-01-31;0;0;0;0;0;0;0;0;0;0
FR;9;2021-02-01;0;0;0;0;0;0;0;0;0;0
FR;9;2021-02-02;0;0;0;0;0;0;0;0;0;0
FR;9;2021-02-03;0;0;0;0;0;0;0;0;0;0
FR;9;2021-02-04;0;0;0;0;0;0;0;0;0;0
FR;9;2021-02-05;0;0;0;0;0;0;0;0;0;0
FR;9;2021-02-06;0;0;0;0;0;0;0;0;0;0
FR;9;2021-02-07;0;0;0;0;0;0;0;0;0;0
FR;9;2021-02-08;0;0;0;0;0;0;0;0;0;0
FR;9;2021-02-09;0;0;0;0;0;0;0;0;0;0
FR;9;2021-02-10;0;0;0;0;0;0;0;0;0;0
FR;9;2021-02-11;0;0;0;0;0;0;0;0;0;0
FR;9;2021-02-12;0;0;0;0;0;0;0;0;0;0
FR;9;2021-02-13;0;0;0;0;0;0;0;0;0;0
FR;9;2021-02-14;0;0;0;0;0;0;0;0;0;0
FR;9;2021-02-15;0;0;0;0;0;0;0;0;0;0
FR;9;2021-02-16;0;0;0;0;0;0;0;0;0;0
FR;9;2021-02-17;0;0;0;0;0;0;0;0;0;0
FR;9;2021-02-18;0;0;0;0;0;0;0;0;0;0
FR;9;2021-02-19;0;0;0;0;0;0;0;0;0;0
FR;9;2021-02-20;0;0;0;0;0;0;0;0;0;0
FR;9;2021-02-21;0;0;0;0;0;0;0;0;0;0
FR;9;2021-02-22;0;0;0;0;0;0;0;0;0;0
FR;9;2021-02-23;0;0;0;0;0;0;0;0;0;0
FR;9;2021-02-24;0;0;0;0;0;0;0;0;0;0
FR;9;2021-02-25;0;0;0;0;0;0;0;0;0;0
FR;9;2021-02-26;0;0;0;0;0;0;0;0;0;0
FR;9;2021-02-27;0;0;0;0;0;0;0;0;0;0
FR;9;2021-02-28;0;0;0;0;0;0;0;0;0;0
FR;9;2021-03-01;0;0;0;0;0;0;0;0;0;0
FR;9;2021-03-02;0;0;0;0;0;0;0;0;0;0
FR;9;2021-03-03;0;0;0;0;0;0;0;0;0;0
FR;9;2021-03-04;0;0;0;0;0;0;0;0;0;0
FR;9;2021-03-05;0;0;0;0;0;0;0;0;0;0
FR;9;2021-03-06;0;0;0;0;0;0;0;0;0;0
FR;9;2021-03-07;0;0;0;0;0;0;0;0;0;0
FR;9;2021-03-08;0;0;0;0;0;0;0;0;0;0
FR;9;2021-03-09;0;0;0;0;0;0;0;0;0;0
FR;9;2021-03-10;0;0;0;0;0;0;0;0;0;0
FR;9;2021-03-11;0;0;0;0;0;0;0;0;0;0
FR;9;2021-03-12;0;0;0;0;0;0;0;0;0;0
FR;9;2021-03-13;0;0;0;0;0;0;0;0;0;0
FR;9;2021-03-14;0;0;0;0;0;0;0;0;0;0
FR;9;2021-03-15;0;0;0;0;0;0;0;0;0;0
FR;9;2021-03-16;0;0;0;0;0;0;0;0;0;0
FR;9;2021-03-17;0;0;0;0;0;0;0;0;0;0
FR;9;2021-03-18;0;0;0;0;0;0;0;0;0;0
FR;9;2021-03-19;0;0;0;0;0;0;0;0;0;0
FR;9;2021-03-20;0;0;0;0;0;0;0;0;0;0
FR;9;2021-03-21;0;0;0;0;0;0;0;0;0;0
FR;9;2021-03-22;0;0;0;0;0;0;0;0;0;0
FR;9;2021-03-23;0;0;0;0;0;0;0;0;0;0
FR;9;2021-03-24;0;0;0;0;0;0;0;0;0;0
FR;9;2021-03-25;0;0;0;0;0;0;0;0;0;0
FR;9;2021-03-26;0;0;0;0;0;0;0;0;0;0
FR;9;2021-03-27;0;0;0;0;0;0;0;0;0;0
FR;9;2021-03-28;0;0;0;0;0;0;0;0;0;0
FR;9;2021-03-29;0;0;0;0;0;0;0;0;0;0
FR;9;2021-03-30;0;0;0;0;0;0;0;0;0;0
FR;9;2021-03-31;0;0;0;0;0;0;0;0;0;0
FR;9;2021-04-01;0;0;0;0;0;0;0;0;0;0
FR;9;2021-04-02;0;0;0;0;0;0;0;0;0;0
FR;9;2021-04-03;0;0;0;0;0;0;0;0;0;0
FR;9;2021-04-04;0;0;0;0;0;0;0;0;0;0
FR;9;2021-04-05;0;0;0;0;0;0;0;0;0;0
FR;9;2021-04-06;0;0;0;0;0;0;0;0;0;0
FR;9;2021-04-07;0;0;0;0;0;0;0;0;0;0
FR;9;2021-04-08;0;0;0;0;0;0;0;0;0;0
FR;9;2021-04-09;0;0;0;0;0;0;0;0;0;0
FR;9;2021-04-10;0;0;0;0;0;0;0;0;0;0
FR;9;2021-04-11;0;0;0;0;0;0;0;0;0;0
FR;9;2021-04-12;0;0;0;0;0;0;0;0;0;0
FR;9;2021-04-13;0;0;0;0;0;0;0;0;0;0
FR;9;2021-04-14;0;0;0;0;0;0;0;0;0;0
FR;9;2021-04-15;0;0;0;0;0;0;0;0;0;0
FR;9;2021-04-16;0;0;0;0;0;0;0;0;0;0
FR;9;2021-04-17;0;0;0;0;0;0;0;0;0;0
FR;9;2021-04-18;0;0;0;0;0;0;0;0;0;0
FR;9;2021-04-19;0;0;0;0;0;0;0;0;0;0
FR;9;2021-04-20;0;0;0;0;0;0;0;0;0;0
FR;9;2021-04-21;0;0;0;0;0;0;0;0;0;0
FR;9;2021-04-22;0;0;0;0;0;0;0;0;0;0
FR;9;2021-04-23;0;0;0;0;0;0;0;0;0;0
FR;9;2021-04-24;0;0;0;0;0;0;0;0;0;0
FR;9;2021-04-25;0;0;0;0;0;0;0;0;0;0
FR;9;2021-04-26;0;0;0;0;0;0;0;0;0;0
FR;9;2021-04-27;0;0;0;0;0;0;0;0;0;0
FR;9;2021-04-28;0;0;0;0;0;0;0;0;0;0
FR;9;2021-04-29;0;0;0;0;0;0;0;0;0;0
FR;9;2021-04-30;0;0;0;0;0;0;0;0;0;0
FR;9;2021-05-01;0;0;0;0;0;0;0;0;0;0
FR;9;2021-05-02;0;0;0;0;0;0;0;0;0;0
FR;9;2021-05-03;0;0;0;0;0;0;0;0;0;0
FR;9;2021-05-04;0;0;0;0;0;0;0;0;0;0
FR;9;2021-05-05;0;0;0;0;0;0;0;0;0;0
FR;9;2021-05-06;0;0;0;0;0;0;0;0;0;0
FR;9;2021-05-07;0;0;0;0;0;0;0;0;0;0
FR;9;2021-05-08;0;0;0;0;0;0;0;0;0;0
FR;9;2021-05-09;0;0;0;0;0;0;0;0;0;0
FR;9;2021-05-10;0;0;0;0;0;0;0;0;0;0
FR;9;2021-05-11;0;0;0;0;0;0;0;0;0;0
FR;9;2021-05-12;0;0;0;0;0;0;0;0;0;0
FR;9;2021-05-13;0;0;0;0;0;0;0;0;0;0
FR;9;2021-05-14;0;0;0;0;0;0;0;0;0;0
FR;9;2021-05-15;0;0;0;0;0;0;0;0;0;0
FR;9;2021-05-16;0;0;0;0;0;0;0;0;0;0
FR;9;2021-05-17;0;0;0;0;0;0;0;0;0;0
FR;9;2021-05-18;0;0;0;0;0;0;0;0;0;0
FR;9;2021-05-19;0;0;0;0;0;0;0;0;0;0
FR;9;2021-05-20;0;0;0;0;0;0;0;0;0;0
FR;9;2021-05-21;0;0;0;0;0;0;0;0;0;0
FR;9;2021-05-22;0;0;0;0;0;0;0;0;0;0
FR;9;2021-05-23;0;0;0;0;0;0;0;0;0;0
FR;9;2021-05-24;0;0;0;0;0;0;0;0;0;0
FR;9;2021-05-25;0;0;0;0;0;0;0;0;0;0
FR;9;2021-05-26;0;0;0;0;0;0;0;0;0;0
FR;9;2021-05-27;0;0;0;0;0;0;0;0;0;0
FR;9;2021-05-28;0;0;0;0;0;0;0;0;0;0
FR;9;2021-05-29;0;0;0;0;0;0;0;0;0;0
FR;9;2021-05-30;0;0;0;0;0;0;0;0;0;0
FR;9;2021-05-31;0;0;0;0;0;0;0;0;0;0
FR;9;2021-06-01;0;0;0;0;0;0;0;0;0;0
FR;9;2021-06-02;0;0;0;0;0;0;0;0;0;0
FR;9;2021-06-03;0;0;0;0;0;0;0;0;0;0
FR;9;2021-06-04;0;0;0;0;0;0;0;0;0;0
FR;9;2021-06-05;0;0;0;0;0;0;0;0;0;0
FR;9;2021-06-06;0;0;0;0;0;0;0;0;0;0
FR;9;2021-06-07;0;0;0;0;0;0;0;0;0;0
FR;9;2021-06-08;0;0;0;0;0;0;0;0;0;0
FR;9;2021-06-09;0;0;0;0;0;0;0;0;0;0
FR;9;2021-06-10;0;0;0;0;0;0;0;0;0;0
FR;9;2021-06-11;0;0;0;0;0;0;0;0;0;0
FR;9;2021-06-12;0;0;0;0;0;0;0;0;0;0
FR;9;2021-06-13;0;0;0;0;0;0;0;0;0;0
FR;9;2021-06-14;0;0;0;0;0;0;0;0;0;0
FR;9;2021-06-15;0;0;0;0;0;0;0;0;0;0
FR;9;2021-06-16;0;0;0;0;0;0;0;0;0;0
FR;9;2021-06-17;0;0;0;0;0;0;0;0;0;0
FR;9;2021-06-18;0;0;0;0;0;0;0;0;0;0
FR;9;2021-06-19;0;0;0;0;0;0;0;0;0;0
FR;9;2021-06-20;0;0;0;0;0;0;0;0;0;0
FR;9;2021-06-21;0;0;0;0;0;0;0;0;0;0
FR;9;2021-06-22;0;0;0;0;0;0;0;0;0;0
FR;9;2021-06-23;0;0;0;0;0;0;0;0;0;0
FR;9;2021-06-24;0;0;0;0;0;0;0;0;0;0
FR;9;2021-06-25;0;0;0;0;0;0;0;0;0;0
FR;9;2021-06-26;0;0;0;0;0;0;0;0;0;0
FR;9;2021-06-27;0;0;0;0;0;0;0;0;0;0
FR;9;2021-06-28;0;0;0;0;0;0;0;0;0;0
FR;9;2021-06-29;0;0;0;0;0;0;0;0;0;0
FR;9;2021-06-30;0;0;0;0;0;0;0;0;0;0
FR;9;2021-07-01;0;0;0;0;0;0;0;0;0;0
FR;9;2021-07-02;0;0;0;0;0;0;0;0;0;0
FR;9;2021-07-03;0;0;0;0;0;0;0;0;0;0
FR;9;2021-07-04;0;0;0;0;0;0;0;0;0;0
FR;9;2021-07-05;0;0;0;0;0;0;0;0;0;0
FR;9;2021-07-06;0;0;0;0;0;0;0;0;0;0
FR;9;2021-07-07;0;0;0;0;0;0;0;0;0;0
FR;9;2021-07-08;0;0;0;0;0;0;0;0;0;0
FR;9;2021-07-09;0;0;0;0;0;0;0;0;0;0
FR;9;2021-07-10;0;0;0;0;0;0;0;0;0;0
FR;9;2021-07-11;0;0;0;0;0;0;0;0;0;0
FR;9;2021-07-12;0;0;0;0;0;0;0;0;0;0
FR;9;2021-07-13;0;0;0;0;0;0;0;0;0;0
FR;9;2021-07-14;0;0;0;0;0;0;0;0;0;0
FR;9;2021-07-15;0;0;0;0;0;0;0;0;0;0
FR;9;2021-07-16;0;0;0;0;0;0;0;0;0;0
FR;9;2021-07-17;0;0;0;0;0;0;0;0;0;0
FR;9;2021-07-18;0;0;0;0;0;0;0;0;0;0
FR;9;2021-07-19;0;0;0;0;0;0;0;0;0;0
FR;9;2021-07-20;0;0;0;0;0;0;0;0;0;0
FR;9;2021-07-21;0;0;0;0;0;0;0;0;0;0
FR;9;2021-07-22;0;0;0;0;0;0;0;0;0;0
FR;9;2021-07-23;0;0;0;0;0;0;0;0;0;0
FR;9;2021-07-24;0;0;0;0;0;0;0;0;0;0
FR;9;2021-07-25;0;0;0;0;0;0;0;0;0;0
FR;9;2021-07-26;0;0;0;0;0;0;0;0;0;0
FR;9;2021-07-27;0;0;0;0;0;0;0;0;0;0
FR;9;2021-07-28;0;0;0;0;0;0;0;0;0;0
FR;9;2021-07-29;0;0;0;0;0;0;0;0;0;0
FR;9;2021-07-30;0;0;0;0;0;0;0;0;0;0
FR;9;2021-07-31;0;0;0;0;0;0;0;0;0;0
FR;9;2021-08-01;0;0;0;0;0;0;0;0;0;0
FR;9;2021-08-02;0;0;0;0;0;0;0;0;0;0
FR;9;2021-08-03;0;0;0;0;0;0;0;0;0;0
FR;9;2021-08-04;0;0;0;0;0;0;0;0;0;0
FR;9;2021-08-05;0;0;0;0;0;0;0;0;0;0
FR;9;2021-08-06;0;0;0;0;0;0;0;0;0;0
FR;9;2021-08-07;0;0;0;0;0;0;0;0;0;0
FR;9;2021-08-08;0;0;0;0;0;0;0;0;0;0
FR;9;2021-08-09;0;0;0;0;0;0;0;0;0;0
FR;9;2021-08-10;0;0;0;0;0;0;0;0;0;0
FR;9;2021-08-11;0;0;0;0;0;0;0;0;0;0
FR;9;2021-08-12;0;0;0;0;0;0;0;0;0;0
FR;9;2021-08-13;0;0;0;0;0;0;0;0;0;0
FR;9;2021-08-14;0;0;0;0;0;0;0;0;0;0
FR;9;2021-08-15;0;0;0;0;0;0;0;0;0;0
FR;9;2021-08-16;0;0;0;0;0;0;0;0;0;0
FR;9;2021-08-17;0;0;0;0;0;0;0;0;0;0
FR;9;2021-08-18;0;0;0;0;0;0;0;0;0;0
FR;9;2021-08-19;0;0;0;0;0;0;0;0;0;0
FR;9;2021-08-20;0;0;0;0;0;0;0;0;0;0
FR;9;2021-08-21;0;0;0;0;0;0;0;0;0;0
FR;9;2021-08-22;0;0;0;0;0;0;0;0;0;0
FR;9;2021-08-23;0;0;0;0;0;0;0;0;0;0
FR;9;2021-08-24;0;0;0;0;0;0;0;0;0;0
FR;9;2021-08-25;0;0;0;0;0;0;0;0;0;0
FR;9;2021-08-26;0;0;0;0;0;0;0;0;0;0
FR;9;2021-08-27;0;0;0;0;0;0;0;0;0;0
FR;9;2021-08-28;0;0;0;0;0;0;0;0;0;0
FR;9;2021-08-29;0;0;0;0;0;0;0;0;0;0
FR;9;2021-08-30;0;0;0;0;0;0;0;0;0;0
FR;9;2021-08-31;0;0;0;0;0;0;0;0;0;0
FR;9;2021-09-01;0;0;0;0;0;0;0;0;0;0
FR;9;2021-09-02;0;0;0;0;0;0;0;0;0;0
FR;9;2021-09-03;0;0;0;0;0;0;0;0;0;0
FR;9;2021-09-04;0;0;0;0;0;0;0;0;0;0
FR;9;2021-09-05;0;0;0;0;0;0;0;0;0;0
FR;9;2021-09-06;0;0;0;0;0;0;0;0;0;0
FR;9;2021-09-07;0;0;0;0;0;0;0;0;0;0
FR;9;2021-09-08;0;0;0;0;0;0;0;0;0;0
FR;9;2021-09-09;0;0;0;0;0;0;0;0;0;0
FR;9;2021-09-10;0;0;0;0;0;0;0;0;0;0
FR;9;2021-09-11;0;0;0;0;0;0;0;0;0;0
FR;9;2021-09-12;0;0;0;0;0;0;0;0;0;0
FR;9;2021-09-13;0;0;0;0;0;0;0;0;0;0
FR;9;2021-09-14;0;0;0;0;0;0;0;0;0;0
FR;9;2021-09-15;0;0;0;0;0;0;0;0;0;0
FR;9;2021-09-16;0;0;0;0;0;0;0;0;0;0
FR;9;2021-09-17;0;0;0;0;0;0;0;0;0;0
FR;9;2021-09-18;0;0;0;0;0;0;0;0;0;0
FR;9;2021-09-19;0;0;0;0;0;0;0;0;0;0
FR;9;2021-09-20;0;0;0;0;0;0;0;0;0;0
FR;9;2021-09-21;0;0;0;0;0;0;0;0;0;0
FR;9;2021-09-22;0;0;0;0;0;0;0;0;0;0
FR;9;2021-09-23;0;0;0;0;0;0;0;0;0;0
FR;9;2021-09-24;0;0;0;0;0;0;0;0;0;0
FR;9;2021-09-25;0;0;0;0;0;0;0;0;0;0
FR;9;2021-09-26;0;0;0;0;0;0;0;0;0;0
FR;9;2021-09-27;0;0;0;0;0;0;0;0;0;0
FR;9;2021-09-28;0;0;0;0;0;0;0;0;0;0
FR;9;2021-09-29;0;0;0;0;0;0;0;0;0;0
FR;9;2021-09-30;0;0;0;0;0;0;0;0;0;0
FR;9;2021-10-01;0;0;0;0;0;0;0;0;0;0
FR;9;2021-10-02;0;0;0;0;0;0;0;0;0;0
FR;9;2021-10-03;0;0;0;0;0;0;0;0;0;0
FR;9;2021-10-04;0;0;0;0;0;0;0;0;0;0
FR;9;2021-10-05;0;0;0;0;0;0;0;0;0;0
FR;9;2021-10-06;0;0;0;0;0;0;0;0;0;0
FR;9;2021-10-07;0;0;0;0;0;0;0;0;0;0
FR;9;2021-10-08;0;0;0;0;0;0;0;0;0;0
FR;9;2021-10-09;0;0;0;0;0;0;0;0;0;0
FR;9;2021-10-10;0;0;0;0;0;0;0;0;0;0
FR;9;2021-10-11;0;0;0;0;0;0;0;0;0;0
FR;9;2021-10-12;0;0;0;0;0;0;0;0;0;0
FR;9;2021-10-13;0;0;0;0;0;0;0;0;0;0
FR;9;2021-10-14;0;0;0;0;0;0;0;0;0;0
FR;9;2021-10-15;0;0;0;0;0;0;0;0;0;0
FR;9;2021-10-16;0;0;0;0;0;0;0;0;0;0
FR;9;2021-10-17;0;0;0;0;0;0;0;0;0;0
FR;9;2021-10-18;0;0;0;0;0;0;0;0;0;0
FR;9;2021-10-19;0;0;0;0;0;0;0;0;0;0
FR;9;2021-10-20;0;0;0;0;0;0;0;0;0;0
FR;9;2021-10-21;0;0;0;0;0;0;0;0;0;0
FR;9;2021-10-22;0;0;0;0;0;0;0;0;0;0
FR;9;2021-10-23;0;0;0;0;0;0;0;0;0;0
FR;9;2021-10-24;0;0;0;0;0;0;0;0;0;0
FR;9;2021-10-25;0;0;0;0;0;0;0;0;0;0
FR;9;2021-10-26;0;0;0;0;0;0;0;0;0;0
FR;9;2021-10-27;0;0;0;0;0;0;0;0;0;0
FR;9;2021-10-28;0;0;0;0;0;0;0;0;0;0
FR;9;2021-10-29;0;0;0;0;0;0;0;0;0;0
FR;9;2021-10-30;0;0;0;0;0;0;0;0;0;0
FR;9;2021-10-31;0;0;0;0;0;0;0;0;0;0
FR;9;2021-11-01;0;0;0;0;0;0;0;0;0;0
FR;9;2021-11-02;0;0;0;0;0;0;0;0;0;0
FR;9;2021-11-03;0;0;0;0;0;0;0;0;0;0
FR;9;2021-11-04;0;0;0;0;0;0;0;0;0;0
FR;9;2021-11-05;0;0;0;0;0;0;0;0;0;0
FR;9;2021-11-06;0;0;0;0;0;0;0;0;0;0
FR;9;2021-11-07;0;0;0;0;0;0;0;0;0;0
FR;9;2021-11-08;0;0;0;0;0;0;0;0;0;0
FR;9;2021-11-09;0;0;0;0;0;0;0;0;0;0
FR;9;2021-11-10;0;0;0;0;0;0;0;0;0;0
FR;9;2021-11-11;0;0;0;0;0;0;0;0;0;0
FR;9;2021-11-12;0;0;0;0;0;0;0;0;0;0
FR;9;2021-11-13;0;0;0;0;0;0;0;0;0;0
FR;9;2021-11-14;0;0;0;0;0;0;0;0;0;0
FR;9;2021-11-15;0;0;0;0;0;0;0;0;0;0
FR;9;2021-11-16;0;0;0;0;0;0;0;0;0;0
FR;9;2021-11-17;0;0;0;0;0;0;0;0;0;0
FR;9;2021-11-18;0;0;0;0;0;0;0;0;0;0
FR;9;2021-11-19;0;0;0;0;0;0;0;0;0;0
FR;9;2021-11-20;0;0;0;0;0;0;0;0;0;0
FR;9;2021-11-21;0;0;0;0;0;0;0;0;0;0
FR;9;2021-11-22;0;0;0;0;0;0;0;0;0;0
FR;9;2021-11-23;0;0;0;0;0;0;0;0;0;0
FR;9;2021-11-24;0;0;0;0;0;0;0;0;0;0
FR;9;2021-11-25;0;0;0;0;0;0;0;0;0;0
FR;9;2021-11-26;0;0;0;0;0;0;0;0;0;0
FR;9;2021-11-27;0;0;0;0;0;0;0;0;0;0
FR;9;2021-11-28;0;0;0;0;0;0;0;0;0;0
FR;9;2021-11-29;0;0;0;0;0;0;0;0;0;0
FR;9;2021-11-30;0;0;0;0;0;0;0;0;0;0
FR;9;2021-12-01;0;0;0;0;0;0;0;0;0;0
FR;9;2021-12-02;0;0;0;0;0;0;0;0;0;0
FR;9;2021-12-03;0;0;0;0;0;0;0;0;0;0
FR;9;2021-12-04;0;0;0;0;0;0;0;0;0;0
FR;9;2021-12-05;0;0;0;0;0;0;0;0;0;0
FR;9;2021-12-06;0;0;0;0;0;0;0;0;0;0
FR;9;2021-12-07;0;0;0;0;0;0;0;0;0;0
FR;9;2021-12-08;0;0;0;0;0;0;0;0;0;0
FR;9;2021-12-09;0;0;0;0;0;0;0;0;0;0
FR;9;2021-12-10;0;0;0;0;0;0;0;0;0;0
FR;9;2021-12-11;0;0;0;0;0;0;0;0;0;0
FR;9;2021-12-12;0;0;0;0;0;0;0;0;0;0
FR;9;2021-12-13;0;0;0;0;0;0;0;0;0;0
FR;9;2021-12-14;0;0;0;0;0;0;0;0;0;0
FR;9;2021-12-15;0;0;0;0;0;0;0;0;0;0
FR;9;2021-12-16;0;0;0;0;0;0;0;0;0;0
FR;9;2021-12-17;0;0;0;0;0;0;0;0;0;0
FR;9;2021-12-18;0;0;0;0;0;0;0;0;0;0
FR;9;2021-12-19;0;0;0;0;0;0;0;0;0;0
FR;9;2021-12-20;0;0;0;0;0;0;0;0;0;0
FR;9;2021-12-21;0;0;0;0;0;0;0;0;0;0
FR;9;2021-12-22;0;0;0;0;0;0;0;0;0;0
FR;9;2021-12-23;0;0;0;0;0;0;0;0;0;0
FR;9;2021-12-24;0;0;0;0;0;0;0;0;0;0
FR;9;2021-12-25;0;0;0;0;0;0;0;0;0;0
FR;9;2021-12-26;0;0;0;0;0;0;0;0;0;0
FR;9;2021-12-27;0;0;0;0;0;0;0;0;0;0
FR;9;2021-12-28;0;0;0;0;0;0;0;0;0;0
FR;9;2021-12-29;0;0;0;0;0;0;0;0;0;0
FR;9;2021-12-30;0;0;0;0;0;0;0;0;0;0
FR;9;2021-12-31;0;0;0;0;0;0;0;0;0;0
FR;9;2022-01-01;0;0;0;0;0;0;0;0;0;0
FR;9;2022-01-02;0;0;0;0;0;0;0;0;0;0
FR;9;2022-01-03;0;0;0;0;0;0;0;0;0;0
FR;9;2022-01-04;0;0;0;0;0;0;0;0;0;0
FR;9;2022-01-05;0;0;0;0;0;0;0;0;0;0
FR;9;2022-01-06;0;0;0;0;0;0;0;0;0;0
FR;9;2022-01-07;0;0;0;0;0;0;0;0;0;0
FR;9;2022-01-08;0;0;0;0;0;0;0;0;0;0
FR;9;2022-01-09;0;0;0;0;0;0;0;0;0;0
FR;9;2022-01-10;0;0;0;0;0;0;0;0;0;0
FR;9;2022-01-11;0;0;0;0;0;0;0;0;0;0
FR;9;2022-01-12;0;0;0;0;0;0;0;0;0;0
FR;9;2022-01-13;0;0;0;0;0;0;0;0;0;0
FR;9;2022-01-14;0;0;0;0;0;0;0;0;0;0
FR;9;2022-01-15;0;0;0;0;0;0;0;0;0;0
FR;9;2022-01-16;0;0;0;0;0;0;0;0;0;0
FR;9;2022-01-17;0;0;0;0;0;0;0;0;0;0
FR;9;2022-01-18;0;0;0;0;0;0;0;0;0;0
FR;9;2022-01-19;0;0;0;0;0;0;0;0;0;0
FR;9;2022-01-20;0;0;0;0;0;0;0;0;0;0
FR;9;2022-01-21;0;0;0;0;0;0;0;0;0;0
FR;9;2022-01-22;0;0;0;0;0;0;0;0;0;0
FR;9;2022-01-23;0;0;0;0;0;0;0;0;0;0
FR;9;2022-01-24;0;0;0;0;0;0;0;0;0;0
FR;9;2022-01-25;0;0;0;0;0;0;0;0;0;0
FR;9;2022-01-26;0;0;0;0;0;0;0;0;0;0
FR;9;2022-01-27;0;0;0;0;0;0;0;0;0;0
FR;9;2022-01-28;0;0;0;0;0;0;0;0;0;0
FR;9;2022-01-29;0;0;0;0;0;0;0;0;0;0
FR;9;2022-01-30;0;0;0;0;0;0;0;0;0;0
FR;9;2022-01-31;0;0;0;0;0;0;0;0;0;0
FR;9;2022-02-01;0;0;0;0;0;0;0;0;0;0
FR;9;2022-02-02;0;0;0;0;0;0;0;0;0;0
FR;9;2022-02-03;0;0;0;0;0;0;0;0;0;0
FR;9;2022-02-04;0;0;0;0;0;0;0;0;0;0
FR;9;2022-02-05;0;0;0;0;0;0;0;0;0;0
FR;9;2022-02-06;0;0;0;0;0;0;0;0;0;0
FR;9;2022-02-07;0;0;0;0;0;0;0;0;0;0
FR;9;2022-02-08;0;0;0;0;0;0;0;0;0;0
FR;9;2022-02-09;0;0;0;0;0;0;0;0;0;0
FR;9;2022-02-10;0;0;0;0;0;0;0;0;0;0
FR;9;2022-02-11;0;0;0;0;0;0;0;0;0;0
FR;9;2022-02-12;0;0;0;0;0;0;0;0;0;0
FR;9;2022-02-13;0;0;0;0;0;0;0;0;0;0
FR;9;2022-02-14;0;0;0;0;0;0;0;0;0;0
FR;9;2022-02-15;0;0;0;0;0;0;0;0;0;0
FR;9;2022-02-16;0;0;0;0;0;0;0;0;0;0
FR;9;2022-02-17;0;0;0;0;0;0;0;0;0;0
FR;9;2022-02-18;0;0;0;0;0;0;0;0;0;0
FR;9;2022-02-19;0;0;0;0;0;0;0;0;0;0
FR;9;2022-02-20;0;0;0;0;0;0;0;0;0;0
FR;9;2022-02-21;0;0;0;0;0;0;0;0;0;0
FR;9;2022-02-22;0;0;0;0;0;0;0;0;0;0
FR;9;2022-02-23;0;0;0;0;0;0;0;0;0;0
FR;9;2022-02-24;0;0;0;0;0;0;0;0;0;0
FR;9;2022-02-25;0;0;0;0;0;0;0;0;0;0
FR;9;2022-02-26;0;0;0;0;0;0;0;0;0;0
FR;9;2022-02-27;0;0;0;0;0;0;0;0;0;0
FR;9;2022-02-28;0;0;0;0;0;0;0;0;0;0
FR;9;2022-03-01;0;0;0;0;0;0;0;0;0;0
FR;9;2022-03-02;0;0;0;0;0;0;0;0;0;0
FR;9;2022-03-03;0;0;0;0;0;0;0;0;0;0
FR;9;2022-03-04;0;0;0;0;0;0;0;0;0;0
FR;9;2022-03-05;0;0;0;0;0;0;0;0;0;0
FR;9;2022-03-06;0;0;0;0;0;0;0;0;0;0
FR;9;2022-03-07;0;0;0;0;0;0;0;0;0;0
FR;9;2022-03-08;0;0;0;0;0;0;0;0;0;0
FR;9;2022-03-09;0;0;0;0;0;0;0;0;0;0
FR;9;2022-03-10;0;0;0;0;0;0;0;0;0;0
FR;9;2022-03-11;0;0;0;0;0;0;0;0;0;0
FR;9;2022-03-12;0;0;0;0;0;0;0;0;0;0
FR;9;2022-03-13;0;0;0;0;0;0;0;0;0;0
FR;9;2022-03-14;0;0;0;0;0;0;0;0;0;0
FR;9;2022-03-15;0;0;0;0;0;0;0;0;0;0
FR;9;2022-03-16;0;0;0;0;0;0;0;0;0;0
FR;9;2022-03-17;0;0;0;0;0;0;0;0;0;0
FR;9;2022-03-18;0;0;0;0;0;0;0;0;0;0
FR;9;2022-03-19;0;0;0;0;0;0;0;0;0;0
FR;9;2022-03-20;0;0;0;0;0;0;0;0;0;0
FR;9;2022-03-21;0;0;0;0;0;0;0;0;0;0
FR;9;2022-03-22;0;0;0;0;0;0;0;0;0;0
FR;9;2022-03-23;0;0;0;0;0;0;0;0;0;0
FR;9;2022-03-24;0;0;0;0;0;0;0;0;0;0
FR;9;2022-03-25;0;0;0;0;0;0;0;0;0;0
FR;9;2022-03-26;0;0;0;0;0;0;0;0;0;0
FR;9;2022-03-27;0;0;0;0;0;0;0;0;0;0
FR;9;2022-03-28;0;0;0;0;0;0;0;0;0;0
FR;9;2022-03-29;0;0;0;0;0;0;0;0;0;0
FR;9;2022-03-30;0;0;0;0;0;0;0;0;0;0
FR;9;2022-03-31;0;0;0;0;0;0;0;0;0;0
FR;9;2022-04-01;0;0;0;0;0;0;0;0;0;0
FR;9;2022-04-02;0;0;0;0;0;0;0;0;0;0
FR;9;2022-04-03;0;0;0;0;0;0;0;0;0;0
FR;9;2022-04-04;0;0;0;0;0;0;0;0;0;0
FR;9;2022-04-05;0;0;0;0;0;0;0;0;0;0
FR;9;2022-04-06;0;0;0;0;0;0;0;0;0;0
FR;9;2022-04-07;0;0;0;0;0;0;0;0;0;0
FR;9;2022-04-08;0;0;0;0;0;0;0;0;0;0
FR;9;2022-04-09;0;0;0;0;0;0;0;0;0;0
FR;9;2022-04-10;0;0;0;0;0;0;0;0;0;0
FR;9;2022-04-11;0;0;0;0;0;0;0;0;0;0
FR;9;2022-04-12;0;0;0;0;0;0;0;0;0;0
FR;9;2022-04-13;0;0;0;0;0;0;0;0;0;0
FR;9;2022-04-14;0;0;0;0;0;0;0;0;0;0
FR;9;2022-04-15;0;0;0;0;0;0;0;0;0;0
FR;9;2022-04-16;0;0;0;0;0;0;0;0;0;0
FR;9;2022-04-17;0;0;0;0;0;0;0;0;0;0
FR;9;2022-04-18;0;0;0;0;0;0;0;0;0;0
FR;9;2022-04-19;0;0;0;0;0;0;0;0;0;0
FR;9;2022-04-20;0;0;0;0;0;0;0;0;0;0
FR;9;2022-04-21;0;0;0;0;0;0;0;0;0;0
FR;9;2022-04-22;0;0;0;0;0;0;0;0;0;0
FR;9;2022-04-23;0;0;0;0;0;0;0;0;0;0
FR;9;2022-04-24;0;0;0;0;0;0;0;0;0;0
FR;9;2022-04-25;0;0;0;0;0;0;0;0;0;0
FR;9;2022-04-26;0;0;0;0;0;0;0;0;0;0
FR;9;2022-04-27;0;0;0;0;0;0;0;0;0;0
FR;9;2022-04-28;0;0;0;0;0;0;0;0;0;0
FR;9;2022-04-29;0;0;0;0;0;0;0;0;0;0
FR;9;2022-04-30;0;0;0;0;0;0;0;0;0;0
FR;9;2022-05-01;0;0;0;0;0;0;0;0;0;0
FR;9;2022-05-02;0;0;0;0;0;0;0;0;0;0
FR;9;2022-05-03;0;0;0;0;0;0;0;0;0;0
FR;9;2022-05-04;0;0;0;0;0;0;0;0;0;0
FR;9;2022-05-05;0;0;0;0;0;0;0;0;0;0
FR;9;2022-05-06;0;0;0;0;0;0;0;0;0;0
FR;9;2022-05-07;0;0;0;0;0;0;0;0;0;0
FR;9;2022-05-08;0;0;0;0;0;0;0;0;0;0
FR;9;2022-05-09;0;0;0;0;0;0;0;0;0;0
FR;9;2022-05-10;0;0;0;0;0;0;0;0;0;0
FR;9;2022-05-11;0;0;0;0;0;0;0;0;0;0
FR;9;2022-05-12;0;0;0;0;0;0;0;0;0;0
FR;9;2022-05-13;0;0;0;0;0;0;0;0;0;0
FR;9;2022-05-14;0;0;0;0;0;0;0;0;0;0
FR;9;2022-05-15;0;0;0;0;0;0;0;0;0;0
FR;9;2022-05-16;0;0;0;0;0;0;0;0;0;0
FR;9;2022-05-17;0;0;0;0;0;0;0;0;0;0
FR;9;2022-05-18;0;0;0;0;0;0;0;0;0;0
FR;9;2022-05-19;0;0;0;0;0;0;0;0;0;0
FR;9;2022-05-20;0;0;0;0;0;0;0;0;0;0
FR;9;2022-05-21;0;0;0;0;0;0;0;0;0;0
FR;9;2022-05-22;0;0;0;0;0;0;0;0;0;0
FR;9;2022-05-23;0;0;0;0;0;0;0;0;0;0
FR;9;2022-05-24;0;0;0;0;0;0;0;0;0;0
FR;9;2022-05-25;0;0;0;0;0;0;0;0;0;0
FR;9;2022-05-26;0;0;0;0;0;0;0;0;0;0
FR;9;2022-05-27;0;0;0;0;0;0;0;0;0;0
FR;9;2022-05-28;0;0;0;0;0;0;0;0;0;0
FR;9;2022-05-29;0;0;0;0;0;0;0;0;0;0
FR;9;2022-05-30;0;0;0;0;0;0;0;0;0;0
FR;9;2022-05-31;0;0;0;0;0;0;0;0;0;0
FR;9;2022-06-01;0;0;0;0;0;0;0;0;0;0
FR;9;2022-06-02;0;0;0;0;0;0;0;0;0;0
FR;9;2022-06-03;0;0;0;0;0;0;0;0;0;0
FR;9;2022-06-04;0;0;0;0;0;0;0;0;0;0
FR;9;2022-06-05;0;0;0;0;0;0;0;0;0;0
FR;9;2022-06-06;0;0;0;0;0;0;0;0;0;0
FR;9;2022-06-07;0;0;0;0;0;0;0;0;0;0
FR;9;2022-06-08;0;0;0;0;0;0;0;0;0;0
FR;9;2022-06-09;0;0;0;0;0;0;0;0;0;0
FR;9;2022-06-10;0;0;0;0;0;0;0;0;0;0
FR;9;2022-06-11;0;0;0;0;0;0;0;0;0;0
FR;9;2022-06-12;0;0;0;0;0;0;0;0;0;0
FR;9;2022-06-13;0;0;0;0;0;0;0;0;0;0
FR;9;2022-06-14;0;0;0;0;0;0;0;0;0;0
FR;9;2022-06-15;0;0;0;0;0;0;0;0;0;0
FR;9;2022-06-16;0;0;0;0;0;0;0;0;0;0
FR;9;2022-06-17;0;0;0;0;0;0;0;0;0;0
FR;9;2022-06-18;0;0;0;0;0;0;0;0;0;0
FR;9;2022-06-19;0;0;0;0;0;0;0;0;0;0
FR;9;2022-06-20;0;0;0;0;0;0;0;0;0;0
FR;9;2022-06-21;0;0;0;0;0;0;0;0;0;0
FR;9;2022-06-22;0;0;0;0;0;0;0;0;0;0
FR;9;2022-06-23;0;0;0;0;0;0;0;0;0;0
FR;9;2022-06-24;0;0;0;0;0;0;0;0;0;0
FR;9;2022-06-25;0;0;0;0;0;0;0;0;0;0
FR;9;2022-06-26;0;0;0;0;0;0;0;0;0;0
FR;9;2022-06-27;0;0;0;0;0;0;0;0;0;0
FR;9;2022-06-28;0;0;0;0;0;0;0;0;0;0
FR;9;2022-06-29;0;0;0;0;0;0;0;0;0;0
FR;9;2022-06-30;0;0;0;0;0;0;0;0;0;0
FR;9;2022-07-01;0;0;0;0;0;0;0;0;0;0
FR;9;2022-07-02;0;0;0;0;0;0;0;0;0;0
FR;9;2022-07-03;0;0;0;0;0;0;0;0;0;0
FR;9;2022-07-04;0;0;0;0;0;0;0;0;0;0
FR;9;2022-07-05;0;0;0;0;0;0;0;0;0;0
FR;9;2022-07-06;0;0;0;0;0;0;0;0;0;0
FR;9;2022-07-07;0;0;0;0;0;0;0;0;0;0
FR;9;2022-07-08;0;0;0;0;0;0;0;0;0;0
FR;9;2022-07-09;0;0;0;0;0;0;0;0;0;0
FR;9;2022-07-10;0;0;0;0;0;0;0;0;0;0
FR;9;2022-07-11;0;0;0;0;0;0;0;0;0;0
FR;9;2022-07-12;0;0;0;0;0;0;0;0;0;0
FR;9;2022-07-13;0;0;0;0;0;0;0;0;0;0
FR;9;2022-07-14;0;0;0;0;0;0;0;0;0;0
FR;9;2022-07-15;0;0;0;0;0;0;0;0;0;0
FR;9;2022-07-16;0;0;0;0;0;0;0;0;0;0
FR;9;2022-07-17;0;0;0;0;0;0;0;0;0;0
FR;9;2022-07-18;0;0;0;0;0;0;0;0;0;0
FR;9;2022-07-19;0;0;0;0;0;0;0;0;0;0
FR;9;2022-07-20;0;0;0;0;0;0;0;0;0;0
FR;9;2022-07-21;0;0;0;0;0;0;0;0;0;0
FR;9;2022-07-22;0;0;0;0;0;0;0;0;0;0
FR;9;2022-07-23;0;0;0;0;0;0;0;0;0;0
FR;9;2022-07-24;0;0;0;0;0;0;0;0;0;0
FR;9;2022-07-25;0;0;0;0;0;0;0;0;0;0
FR;9;2022-07-26;0;0;0;0;0;0;0;0;0;0
FR;9;2022-07-27;0;0;0;0;0;0;0;0;0;0
FR;9;2022-07-28;0;0;0;0;0;0;0;0;0;0
FR;9;2022-07-29;0;0;0;0;0;0;0;0;0;0
FR;9;2022-07-30;0;0;0;0;0;0;0;0;0;0
FR;9;2022-07-31;0;0;0;0;0;0;0;0;0;0
FR;9;2022-08-01;0;0;0;0;0;0;0;0;0;0
FR;9;2022-08-02;0;0;0;0;0;0;0;0;0;0
FR;9;2022-08-03;0;0;0;0;0;0;0;0;0;0
FR;9;2022-08-04;0;0;0;0;0;0;0;0;0;0
FR;9;2022-08-05;0;0;0;0;0;0;0;0;0;0
FR;9;2022-08-06;0;0;0;0;0;0;0;0;0;0
FR;9;2022-08-07;0;0;0;0;0;0;0;0;0;0
FR;9;2022-08-08;0;0;0;0;0;0;0;0;0;0
FR;9;2022-08-09;0;0;0;0;0;0;0;0;0;0
FR;9;2022-08-10;0;0;0;0;0;0;0;0;0;0
FR;9;2022-08-11;0;0;0;0;0;0;0;0;0;0
FR;9;2022-08-12;0;0;0;0;0;0;0;0;0;0
FR;9;2022-08-13;0;0;0;0;0;0;0;0;0;0
FR;9;2022-08-14;0;0;0;0;0;0;0;0;0;0
FR;9;2022-08-15;0;0;0;0;0;0;0;0;0;0
FR;9;2022-08-16;0;0;0;0;0;0;0;0;0;0
FR;9;2022-08-17;0;0;0;0;0;0;0;0;0;0
FR;9;2022-08-18;0;0;0;0;0;0;0;0;0;0
FR;9;2022-08-19;0;0;0;0;0;0;0;0;0;0
FR;9;2022-08-20;0;0;0;0;0;0;0;0;0;0
FR;9;2022-08-21;0;0;0;0;0;0;0;0;0;0
FR;9;2022-08-22;0;0;0;0;0;0;0;0;0;0
FR;9;2022-08-23;0;0;0;0;0;0;0;0;0;0
FR;9;2022-08-24;0;0;0;0;0;0;0;0;0;0
FR;9;2022-08-25;0;0;0;0;0;0;0;0;0;0
FR;9;2022-08-26;0;0;0;0;0;0;0;0;0;0
FR;9;2022-08-27;0;0;0;0;0;0;0;0;0;0
FR;9;2022-08-28;0;0;0;0;0;0;0;0;0;0
FR;9;2022-08-29;0;0;0;0;0;0;0;0;0;0
FR;9;2022-08-30;0;0;0;0;0;0;0;0;0;0
FR;9;2022-08-31;0;0;0;0;0;0;0;0;0;0
FR;9;2022-09-01;0;0;0;0;0;0;0;0;0;0
FR;9;2022-09-02;0;0;0;0;0;0;0;0;0;0
FR;9;2022-09-03;0;0;0;0;0;0;0;0;0;0
FR;9;2022-09-04;0;0;0;0;0;0;0;0;0;0
FR;9;2022-09-05;0;0;0;0;0;0;0;0;0;0
FR;9;2022-09-06;0;0;0;0;0;0;0;0;0;0
FR;9;2022-09-07;0;0;0;0;0;0;0;0;0;0
FR;9;2022-09-08;0;0;0;0;0;0;0;0;0;0
FR;9;2022-09-09;0;0;0;0;0;0;0;0;0;0
FR;9;2022-09-10;0;0;0;0;0;0;0;0;0;0
FR;9;2022-09-11;0;0;0;0;0;0;0;0;0;0
FR;9;2022-09-12;0;0;0;0;0;0;0;0;0;0
FR;9;2022-09-13;0;0;0;0;0;0;0;0;0;0
FR;9;2022-09-14;0;0;0;0;0;0;0;0;0;0
FR;9;2022-09-15;0;0;0;0;0;0;0;0;0;0
FR;9;2022-09-16;0;0;0;0;0;0;0;0;0;0
FR;9;2022-09-17;0;0;0;0;0;0;0;0;0;0
FR;9;2022-09-18;0;0;0;0;0;0;0;0;0;0
FR;9;2022-09-19;0;0;0;0;0;0;0;0;0;0
FR;9;2022-09-20;0;0;0;0;0;0;0;0;0;0
FR;9;2022-09-21;0;0;0;0;0;0;0;0;0;0
FR;9;2022-09-22;0;0;0;0;0;0;0;0;0;0
FR;9;2022-09-23;0;0;0;0;0;0;0;0;0;0
FR;9;2022-09-24;0;0;0;0;0;0;0;0;0;0
FR;9;2022-09-25;0;0;0;0;0;0;0;0;0;0
FR;9;2022-09-26;0;0;0;0;0;0;0;0;0;0
FR;9;2022-09-27;0;0;0;0;0;0;0;0;0;0
FR;9;2022-09-28;0;0;0;0;0;0;0;0;0;0
FR;9;2022-09-29;1;1;8;31;6;1;1;8;31;6
FR;9;2022-09-30;4;12;60;604;47;5;13;68;635;53
FR;9;2022-10-01;9;1;43;326;26;14;14;111;961;79
FR;9;2022-10-02;1;0;5;50;3;15;14;116;1011;82
FR;9;2022-10-03;10;16;149;1711;128;25;30;265;2722;210
FR;9;2022-10-04;19;48;353;3948;227;44;78;618;6670;437
FR;9;2022-10-05;26;19;269;2994;203;70;97;887;9664;640
FR;9;2022-10-06;22;34;398;4594;299;92;131;1285;14258;939
FR;9;2022-10-07;29;49;498;5696;384;121;180;1783;19954;1323
FR;9;2022-10-08;10;18;126;1087;84;131;198;1909;21041;1407
FR;9;2022-10-09;1;7;22;196;29;132;205;1931;21237;1436
FR;9;2022-10-10;11;25;207;2566;180;143;230;2138;23803;1616
FR;9;2022-10-11;31;40;426;5039;314;174;270;2564;28842;1930
FR;9;2022-10-12;22;23;294;2969;206;196;293;2858;31811;2136
FR;9;2022-10-13;25;43;372;3969;244;221;336;3230;35780;2380
FR;9;2022-10-14;27;26;372;4379;289;248;362;3602;40159;2669
FR;9;2022-10-15;12;8;101;1043;80;260;370;3703;41202;2749
FR;9;2022-10-16;4;1;9;130;12;264;371;3712;41332;2761
FR;9;2022-10-17;4;22;165;1861;125;268;393;3877;43193;2886
FR;9;2022-10-18;34;27;307;3372;217;302;420;4184;46565;3103
FR;9;2022-10-19;20;19;257;2658;168;322;439;4441;49223;3271
FR;9;2022-10-20;20;20;302;3565;228;342;459;4743;52788;3499
FR;9;2022-10-21;11;31;323;3499;225;353;490;5066;56287;3724
FR;9;2022-10-22;10;11;87;901;62;363;501;5153;57188;3786
FR;9;2022-10-23;2;2;17;98;10;365;503;5170;57286;3796
FR;9;2022-10-24;7;16;148;1301;91;372;519;5318;58587;3887
FR;0;2020-12-27;611;0;0;0;0;611;0;0;0;0
FR;0;2020-12-28;687;1;0;0;0;1298;1;0;0;0
FR;0;2020-12-29;385;0;0;0;0;1683;1;0;0;0
FR;0;2020-12-30;444;0;0;0;0;2127;1;0;0;0
FR;0;2020-12-31;444;1;0;0;0;2571;2;0;0;0
FR;0;2021-01-01;1162;2;0;0;0;3733;4;0;0;0
FR;0;2021-01-02;365;3;0;0;0;4098;7;0;0;0
FR;0;2021-01-03;405;0;0;0;0;4503;7;0;0;0
FR;0;2021-01-04;2117;4;0;0;0;6620;11;0;0;0
FR;0;2021-01-05;7755;3;0;0;0;14375;14;0;0;0
FR;0;2021-01-06;12459;18;0;0;0;26834;32;0;0;0
FR;0;2021-01-07;29470;19;0;0;0;56304;51;0;0;0
FR;0;2021-01-08;37151;22;0;0;0;93455;73;0;0;0
FR;0;2021-01-09;11212;9;0;0;0;104667;82;0;0;0
FR;0;2021-01-10;6009;7;0;0;0;110676;89;0;0;0
FR;0;2021-01-11;39944;27;0;0;0;150620;116;0;0;0
FR;0;2021-01-12;62145;21;0;0;0;212765;137;0;0;0
FR;0;2021-01-13;65131;46;0;0;0;277896;183;0;0;0
FR;0;2021-01-14;83114;174;0;0;0;361010;357;0;0;0
FR;0;2021-01-15;69013;70;0;0;0;430023;427;0;0;0
FR;0;2021-01-16;20216;72;0;0;0;450239;499;0;0;0
FR;0;2021-01-17;10986;49;0;0;0;461225;548;0;0;0
FR;0;2021-01-18;85911;174;0;0;0;547136;722;0;0;0
FR;0;2021-01-19;130604;192;0;0;0;677740;914;0;0;0
FR;0;2021-01-20;137556;189;0;0;0;815296;1103;0;0;0
FR;0;2021-01-21;158413;186;0;0;0;973709;1289;0;0;0
FR;0;2021-01-22;121069;237;0;0;0;1094778;1526;0;0;0
FR;0;2021-01-23;38484;71;0;0;0;1133262;1597;0;0;0
FR;0;2021-01-24;9746;106;0;0;0;1143008;1703;0;0;0
FR;0;2021-01-25;78242;1358;0;0;0;1221250;3061;0;0;0
FR;0;2021-01-26;100380;3549;1;0;0;1321630;6610;1;0;0
FR;0;2021-01-27;107252;6236;0;0;0;1428882;12846;1;0;0
FR;0;2021-01-28;124365;15830;0;0;0;1553247;28676;1;0;0
FR;0;2021-01-29;92186;18374;0;0;0;1645433;47050;1;0;0
FR;0;2021-01-30;29128;4431;0;0;0;1674561;51481;1;0;0
FR;0;2021-01-31;5237;1844;0;0;0;1679798;53325;1;0;0
FR;0;2021-02-01;53135;22294;0;0;0;1732933;75619;1;0;0
FR;0;2021-02-02;72317;37155;0;0;0;1805250;112774;1;0;0
FR;0;2021-02-03;72309;39348;0;0;0;1877559;152122;1;0;0
FR;0;2021-02-04;82082;53619;0;0;0;1959641;205741;1;0;0
FR;0;2021-02-05;68239;47200;0;0;0;2027880;252941;1;0;0
FR;0;2021-02-06;23016;11197;0;0;0;2050896;264138;1;0;0
FR;0;2021-02-07;5191;5756;0;0;0;2056087;269894;1;0;0
FR;0;2021-02-08;46845;48093;0;0;0;2102932;317987;1;0;0
FR;0;2021-02-09;66023;76828;0;0;0;2168955;394815;1;0;0
FR;0;2021-02-10;71025;81620;0;0;0;2239980;476435;1;0;0
FR;0;2021-02-11;87290;104003;0;0;0;2327270;580438;1;0;0
FR;0;2021-02-12;79335;75485;0;0;0;2406605;655923;1;0;0
FR;0;2021-02-13;22381;19544;0;0;0;2428986;675467;1;0;0
FR;0;2021-02-14;5077;7363;0;0;0;2434063;682830;1;0;0
FR;0;2021-02-15;38111;76725;0;0;0;2472174;759555;1;0;0
FR;0;2021-02-16;50401;100256;0;0;0;2522575;859811;1;0;0
FR;0;2021-02-17;50543;106181;20;0;0;2573118;965992;21;0;0
FR;0;2021-02-18;69794;122543;0;0;0;2642912;1088535;21;0;0
FR;0;2021-02-19;65073;91784;1;0;0;2707985;1180319;22;0;0
FR;0;2021-02-20;18593;28668;0;0;0;2726578;1208987;22;0;0
FR;0;2021-02-21;3324;6168;0;0;0;2729902;1215155;22;0;0
FR;0;2021-02-22;37501;73189;2;0;0;2767403;1288344;24;0;0
FR;0;2021-02-23;53784;85108;1;0;0;2821187;1373452;25;0;0
FR;0;2021-02-24;60019;82528;1;0;0;2881206;1455980;26;0;0
FR;0;2021-02-25;100587;91453;1;0;0;2981793;1547433;27;0;0
FR;0;2021-02-26;113477;70818;1;0;0;3095270;1618251;28;0;0
FR;0;2021-02-27;52114;22316;1;0;0;3147384;1640567;29;0;0
FR;0;2021-02-28;6204;4197;2;0;0;3153588;1644764;31;0;0
FR;0;2021-03-01;65905;53894;1;0;0;3219493;1698658;32;0;0
FR;0;2021-03-02;101395;67088;3;0;0;3320888;1765746;35;0;0
FR;0;2021-03-03;116532;65576;0;0;0;3437420;1831322;35;0;0
FR;0;2021-03-04;163630;71873;3;0;0;3601050;1903195;38;0;0
FR;0;2021-03-05;200935;62840;3;0;0;3801985;1966035;41;0;0
FR;0;2021-03-06;207967;17553;3;0;0;4009952;1983588;44;0;0
FR;0;2021-03-07;121278;4392;1;0;0;4131230;1987980;45;0;0
FR;0;2021-03-08;107161;49878;2;0;0;4238391;2037858;47;0;0
FR;0;2021-03-09;172464;56334;2;0;0;4410855;2094192;49;0;0
FR;0;2021-03-10;179014;57091;5;0;0;4589869;2151283;54;0;0
FR;0;2021-03-11;242907;63896;2;0;0;4832776;2215179;56;0;0
FR;0;2021-03-12;294834;53433;1;0;0;5127610;2268612;57;0;0
FR;0;2021-03-13;231424;15286;1;0;0;5359034;2283898;58;0;0
FR;0;2021-03-14;63355;3155;1;0;0;5422389;2287053;59;0;0
FR;0;2021-03-15;158671;31815;3;0;0;5581060;2318868;62;0;0
FR;0;2021-03-16;141577;39007;6;0;0;5722637;2357875;68;0;0
FR;0;2021-03-17;150500;37782;4;0;0;5873137;2395657;72;0;0
FR;0;2021-03-18;167849;44464;5;0;0;6040986;2440121;77;0;0
FR;0;2021-03-19;230025;36927;2;0;0;6271011;2477048;79;0;0
FR;0;2021-03-20;166703;11437;1;0;0;6437714;2488485;80;0;0
FR;0;2021-03-21;49946;2256;1;0;0;6487660;2490741;81;0;0
FR;0;2021-03-22;170062;33693;2;0;0;6657722;2524434;83;0;0
FR;0;2021-03-23;250400;42387;1;0;0;6908122;2566821;84;0;0
FR;0;2021-03-24;256917;43581;0;0;0;7165039;2610402;84;0;0
FR;0;2021-03-25;341827;45140;5;0;0;7506866;2655542;89;0;0
FR;0;2021-03-26;358816;41900;5;1;0;7865682;2697442;94;1;0
FR;0;2021-03-27;195265;16899;1;0;0;8060947;2714341;95;1;0
FR;0;2021-03-28;59345;4422;3;0;0;8120292;2718763;98;1;0
FR;0;2021-03-29;202990;53584;4;0;0;8323282;2772347;102;1;0
FR;0;2021-03-30;285492;69883;5;0;0;8608774;2842230;107;1;0
FR;0;2021-03-31;263048;73766;4;0;0;8871822;2915996;111;1;0
FR;0;2021-04-01;315524;91763;11;0;0;9187346;3007759;122;1;0
FR;0;2021-04-02;281355;94152;7;0;0;9468701;3101911;129;1;0
FR;0;2021-04-03;141080;62360;6;0;0;9609781;3164271;135;1;0
FR;0;2021-04-04;46534;18948;2;0;0;9656315;3183219;137;1;0
FR;0;2021-04-05;63345;10556;11;0;0;9719660;3193775;148;1;0
FR;0;2021-04-06;217233;111817;17;0;0;9936893;3305592;165;1;0
FR;0;2021-04-07;260274;115305;17;0;0;10197167;3420897;182;1;0
FR;0;2021-04-08;337860;122580;14;0;0;10535027;3543477;196;1;0
FR;0;2021-04-09;410173;116655;49;0;0;10945200;3660132;245;1;0
FR;0;2021-04-10;212629;82796;15;0;0;11157829;3742928;260;1;0
FR;0;2021-04-11;56150;34215;7;0;0;11213979;3777143;267;1;0
FR;0;2021-04-12;237088;115688;46;0;0;11451067;3892831;313;1;0
FR;0;2021-04-13;309504;144289;98;1;0;11760571;4037120;411;2;0
FR;0;2021-04-14;294544;139596;215;0;0;12055115;4176716;626;2;0
FR;0;2021-04-15;337126;149791;339;0;0;12392241;4326507;965;2;0
FR;0;2021-04-16;339309;146498;354;0;0;12731550;4473005;1319;2;0
FR;0;2021-04-17;188668;90005;109;0;0;12920218;4563010;1428;2;0
FR;0;2021-04-18;51625;35412;47;0;0;12971843;4598422;1475;2;0
FR;0;2021-04-19;205714;138195;456;0;0;13177557;4736617;1931;2;0
FR;0;2021-04-20;254440;171500;569;0;0;13431997;4908117;2500;2;0
FR;0;2021-04-21;253286;169603;836;0;0;13685283;5077720;3336;2;0
FR;0;2021-04-22;287578;189817;818;0;0;13972861;5267537;4154;2;0
FR;0;2021-04-23;297786;184099;747;0;0;14270647;5451636;4901;2;0
FR;0;2021-04-24;190458;111834;252;0;0;14461105;5563470;5153;2;0
FR;0;2021-04-25;69563;38804;51;0;0;14530668;5602274;5204;2;0
FR;0;2021-04-26;220973;157699;563;0;0;14751641;5759973;5767;2;0
FR;0;2021-04-27;284622;187729;940;0;0;15036263;5947702;6707;2;0
FR;0;2021-04-28;299522;184092;1426;1;1;15335785;6131794;8133;3;1
FR;0;2021-04-29;357145;197453;1280;0;0;15692930;6329247;9413;3;1
FR;0;2021-04-30;372230;185558;1121;1;0;16065160;6514805;10534;4;1
FR;0;2021-05-01;167650;52498;179;0;0;16232810;6567303;10713;4;1
FR;0;2021-05-02;91751;37805;83;0;0;16324561;6605108;10796;4;1
FR;0;2021-05-03;288940;166735;843;0;0;16613501;6771843;11639;4;1
FR;0;2021-05-04;315690;225084;1235;0;0;16929191;6996927;12874;4;1
FR;0;2021-05-05;327207;225841;1315;0;0;17256398;7222768;14189;4;1
FR;0;2021-05-06;379537;240435;1634;0;0;17635935;7463203;15823;4;1
FR;0;2021-05-07;372772;258130;1223;0;0;18008707;7721333;17046;4;1
FR;0;2021-05-08;222168;70041;299;0;0;18230875;7791374;17345;4;1
FR;0;2021-05-09;129707;45283;243;0;0;18360582;7836657;17588;4;1
FR;0;2021-05-10;313400;229316;1237;0;0;18673982;8065973;18825;4;1
FR;0;2021-05-11;403918;258077;1566;0;0;19077900;8324050;20391;4;1
FR;0;2021-05-12;434132;233520;1542;0;0;19512032;8557570;21933;4;1
FR;0;2021-05-13;338612;56646;432;0;0;19850644;8614216;22365;4;1
FR;0;2021-05-14;454144;167409;1126;0;0;20304788;8781625;23491;4;1
FR;0;2021-05-15;374981;94263;443;0;0;20679769;8875888;23934;4;1
FR;0;2021-05-16;202760;20713;168;0;0;20882529;8896601;24102;4;1
FR;0;2021-05-17;376128;148751;1555;0;0;21258657;9045352;25657;4;1
FR;0;2021-05-18;460164;153729;1990;0;0;21718821;9199081;27647;4;1
FR;0;2021-05-19;467419;143384;2464;0;0;22186240;9342465;30111;4;1
FR;0;2021-05-20;507546;160317;2339;0;0;22693786;9502782;32450;4;1
FR;0;2021-05-21;489681;174956;1996;0;0;23183467;9677738;34446;4;1
FR;0;2021-05-22;347200;80102;669;0;0;23530667;9757840;35115;4;1
FR;0;2021-05-23;161695;14254;246;0;0;23692362;9772094;35361;4;1
FR;0;2021-05-24;263197;33121;604;0;0;23955559;9805215;35965;4;1
FR;0;2021-05-25;400282;190033;2355;1;0;24355841;9995248;38320;5;1
FR;0;2021-05-26;413459;190079;2224;0;0;24769300;10185327;40544;5;1
FR;0;2021-05-27;449819;219554;2162;0;0;25219119;10404881;42706;5;1
FR;0;2021-05-28;429557;260480;1893;0;0;25648676;10665361;44599;5;1
FR;0;2021-05-29;298987;150102;585;0;0;25947663;10815463;45184;5;1
FR;0;2021-05-30;107143;32535;163;0;0;26054806;10847998;45347;5;1
FR;0;2021-05-31;358042;203340;1470;1;1;26412848;11051338;46817;6;2
FR;0;2021-06-01;431042;251343;1964;1;1;26843890;11302681;48781;7;3
FR;0;2021-06-02;420117;231901;1984;0;0;27264007;11534582;50765;7;3
FR;0;2021-06-03;465626;257882;1825;0;0;27729633;11792464;52590;7;3
FR;0;2021-06-04;456260;305450;1734;1;1;28185893;12097914;54324;8;4
FR;0;2021-06-05;304809;189317;652;0;0;28490702;12287231;54976;8;4
FR;0;2021-06-06;133313;49043;226;0;0;28624015;12336274;55202;8;4
FR;0;2021-06-07;339990;261602;1526;0;0;28964005;12597876;56728;8;4
FR;0;2021-06-08;393897;291206;1804;0;0;29357902;12889082;58532;8;4
FR;0;2021-06-09;384882;274481;1733;0;0;29742784;13163563;60265;8;4
FR;0;2021-06-10;404193;287995;1725;1;0;30146977;13451558;61990;9;4
FR;0;2021-06-11;386670;356704;1467;1;0;30533647;13808262;63457;10;4
FR;0;2021-06-12;283269;211085;496;0;0;30816916;14019347;63953;10;4
FR;0;2021-06-13;104890;73853;204;0;0;30921806;14093200;64157;10;4
FR;0;2021-06-14;240843;354588;1427;1;0;31162649;14447788;65584;11;4
FR;0;2021-06-15;308173;384904;1572;1;0;31470822;14832692;67156;12;4
FR;0;2021-06-16;313982;357517;1418;1;0;31784804;15190209;68574;13;4
FR;0;2021-06-17;317695;372859;1427;1;0;32102499;15563068;70001;14;4
FR;0;2021-06-18;321753;442608;1338;1;0;32424252;16005676;71339;15;4
FR;0;2021-06-19;224347;273889;449;0;0;32648599;16279565;71788;15;4
FR;0;2021-06-20;74437;102401;129;0;0;32723036;16381966;71917;15;4
FR;0;2021-06-21;195776;401681;1038;1;1;32918812;16783647;72955;16;5
FR;0;2021-06-22;223210;467543;1266;10;1;33142022;17251190;74221;26;6
FR;0;2021-06-23;234037;439979;1197;1;1;33376059;17691169;75418;27;7
FR;0;2021-06-24;241871;409596;1358;0;0;33617930;18100765;76776;27;7
FR;0;2021-06-25;227648;522818;1401;0;0;33845578;18623583;78177;27;7
FR;0;2021-06-26;153262;370848;587;1;0;33998840;18994431;78764;28;7
FR;0;2021-06-27;55904;156065;168;1;0;34054744;19150496;78932;29;7
FR;0;2021-06-28;154783;452660;1176;0;0;34209527;19603156;80108;29;7
FR;0;2021-06-29;182719;507394;2123;0;0;34392246;20110550;82231;29;7
FR;0;2021-06-30;204016;485129;2014;21;2;34596262;20595679;84245;50;9
FR;0;2021-07-01;231336;458208;2223;5;1;34827598;21053887;86468;55;10
FR;0;2021-07-02;228697;520127;2120;5;2;35056295;21574014;88588;60;12
FR;0;2021-07-03;142043;368739;908;3;1;35198338;21942753;89496;63;13
FR;0;2021-07-04;56756;141066;265;0;0;35255094;22083819;89761;63;13
FR;0;2021-07-05;168521;418959;1668;8;2;35423615;22502778;91429;71;15
FR;0;2021-07-06;196776;474592;1830;45;8;35620391;22977370;93259;116;23
FR;0;2021-07-07;213206;439128;1879;25;4;35833597;23416498;95138;141;27
FR;0;2021-07-08;231648;424180;2089;20;6;36065245;23840678;97227;161;33
FR;0;2021-07-09;228618;511052;2185;4;2;36293863;24351730;99412;165;35
FR;0;2021-07-10;148623;339905;984;1;1;36442486;24691635;100396;166;36
FR;0;2021-07-11;60202;110088;283;0;0;36502688;24801723;100679;166;36
FR;0;2021-07-12;169422;477959;1762;4;0;36672110;25279682;102441;170;36
FR;0;2021-07-13;287271;526979;2048;8;1;36959381;25806661;104489;178;37
FR;0;2021-07-14;181104;157492;435;0;0;37140485;25964153;104924;178;37
FR;0;2021-07-15;347101;501985;2099;1;0;37487586;26466138;107023;179;37
FR;0;2021-07-16;380110;495423;2023;3;1;37867696;26961561;109046;182;38
FR;0;2021-07-17;259733;319706;877;1;0;38127429;27281267;109923;183;38
FR;0;2021-07-18;109722;114624;310;0;0;38237151;27395891;110233;183;38
FR;0;2021-07-19;285488;424324;1630;3;0;38522639;27820215;111863;186;38
FR;0;2021-07-20;376923;451689;1723;0;0;38899562;28271904;113586;186;38
FR;0;2021-07-21;395804;407241;1549;4;2;39295366;28679145;115135;190;40
FR;0;2021-07-22;441059;387585;1715;4;2;39736425;29066730;116850;194;42
FR;0;2021-07-23;440329;422449;1882;4;1;40176754;29489179;118732;198;43
FR;0;2021-07-24;285251;269405;804;1;0;40462005;29758584;119536;199;43
FR;0;2021-07-25;121114;79951;234;0;0;40583119;29838535;119770;199;43
FR;0;2021-07-26;347429;322540;1614;3;2;40930548;30161075;121384;202;45
FR;0;2021-07-27;464069;319609;1698;4;2;41394617;30480684;123082;206;47
FR;0;2021-07-28;459442;289566;1636;4;1;41854059;30770250;124718;210;48
FR;0;2021-07-29;489825;276407;1796;2;0;42343884;31046657;126514;212;48
FR;0;2021-07-30;461833;302534;1941;5;1;42805717;31349191;128455;217;49
FR;0;2021-07-31;285397;185055;915;1;0;43091114;31534246;129370;218;49
FR;0;2021-08-01;112024;49922;253;0;0;43203138;31584168;129623;218;49
FR;0;2021-08-02;341622;234196;1602;2;0;43544760;31818364;131225;220;49
FR;0;2021-08-03;398616;244652;1728;2;1;43943376;32063016;132953;222;50
FR;0;2021-08-04;384854;209726;1593;6;3;44328230;32272742;134546;228;53
FR;0;2021-08-05;366172;228512;1710;0;0;44694402;32501254;136256;228;53
FR;0;2021-08-06;359732;271399;1835;4;1;45054134;32772653;138091;232;54
FR;0;2021-08-07;213123;178345;755;5;2;45267257;32950998;138846;237;56
FR;0;2021-08-08;74194;63193;275;0;0;45341451;33014191;139121;237;56
FR;0;2021-08-09;258758;258908;1547;4;3;45600209;33273099;140668;241;59
FR;0;2021-08-10;306863;277387;1662;2;1;45907072;33550486;142330;243;60
FR;0;2021-08-11;279742;259763;1441;5;1;46186814;33810249;143771;248;61
FR;0;2021-08-12;271549;278232;1664;3;0;46458363;34088481;145435;251;61
FR;0;2021-08-13;252158;278133;1594;3;2;46710521;34366614;147029;254;63
FR;0;2021-08-14;145345;197146;741;0;0;46855866;34563760;147770;254;63
FR;0;2021-08-15;39387;50106;217;1;0;46895253;34613866;147987;255;63
FR;0;2021-08-16;186187;317706;1542;0;0;47081440;34931572;149529;255;63
FR;0;2021-08-17;215689;336029;1636;7;0;47297129;35267601;151165;262;63
FR;0;2021-08-18;199055;324536;1597;7;4;47496184;35592137;152762;269;67
FR;0;2021-08-19;192032;325538;1640;1;0;47688216;35917675;154402;270;67
FR;0;2021-08-20;186466;366319;1820;3;2;47874682;36283994;156222;273;69
FR;0;2021-08-21;104799;238127;708;0;0;47979481;36522121;156930;273;69
FR;0;2021-08-22;31943;87215;256;1;1;48011424;36609336;157186;274;70
FR;0;2021-08-23;140982;357101;1561;3;1;48152406;36966437;158747;277;71
FR;0;2021-08-24;162493;376716;1849;5;1;48314899;37343153;160596;282;72
FR;0;2021-08-25;151144;350810;2033;8;2;48466043;37693963;162629;290;74
FR;0;2021-08-26;142875;342783;2561;10;0;48608918;38036746;165190;300;74
FR;0;2021-08-27;148452;388309;2790;11;3;48757370;38425055;167980;311;77
FR;0;2021-08-28;90665;249606;1406;0;0;48848035;38674661;169386;311;77
FR;0;2021-08-29;27321;83345;518;1;0;48875356;38758006;169904;312;77
FR;0;2021-08-30;117419;324689;4713;6;5896;48992775;39082695;174617;318;5973
FR;0;2021-08-31;128813;334508;10188;19;11796;49121588;39417203;184805;337;17769
FR;0;2021-09-01;136142;285696;22432;8;24381;49257730;39702899;207237;345;42150
FR;0;2021-09-02;114661;247233;26517;20;28977;49372391;39950132;233754;365;71127
FR;0;2021-09-03;118311;292683;29963;24;33058;49490702;40242815;263717;389;104185
FR;0;2021-09-04;89890;217776;12585;12;14134;49580592;40460591;276302;401;118319
FR;0;2021-09-05;21359;44832;4395;2;4717;49601951;40505423;280697;403;123036
FR;0;2021-09-06;75682;180627;31956;16;34305;49677633;40686050;312653;419;157341
FR;0;2021-09-07;80306;181229;33244;43;36259;49757939;40867279;345897;462;193600
FR;0;2021-09-08;90993;206095;29664;28;32535;49848932;41073374;375561;490;226135
FR;0;2021-09-09;76946;165355;33066;27;36644;49925878;41238729;408627;517;262779
FR;0;2021-09-10;96038;203789;35739;28;40695;50021916;41442518;444366;545;303474
FR;0;2021-09-11;67162;169303;12138;19;14385;50089078;41611821;456504;564;317859
FR;0;2021-09-12;12826;32097;2778;1;3178;50101904;41643918;459282;565;321037
FR;0;2021-09-13;64561;126235;41238;35;44192;50166465;41770153;500520;600;365229
FR;0;2021-09-14;73492;129062;56373;80;62305;50239957;41899215;556893;680;427534
FR;0;2021-09-15;76639;167809;55664;58;54842;50316596;42067024;612557;738;482376
FR;0;2021-09-16;63882;114538;60094;82;60139;50380478;42181562;672651;820;542515
FR;0;2021-09-17;75082;156831;53853;71;57304;50455560;42338393;726504;891;599819
FR;0;2021-09-18;48235;139634;15601;25;17314;50503795;42478027;742105;916;617133
FR;0;2021-09-19;7907;23680;2438;1;2619;50511702;42501707;744543;917;619752
FR;0;2021-09-20;44567;93820;50082;72;50337;50556269;42595527;794625;989;670089
FR;0;2021-09-21;45893;98421;62762;75;63467;50602162;42693948;857387;1064;733556
FR;0;2021-09-22;48674;142400;55370;82;55436;50650836;42836348;912757;1146;788992
FR;0;2021-09-23;43272;92098;62394;95;63568;50694108;42928446;975151;1241;852560
FR;0;2021-09-24;52295;133312;54558;107;59199;50746403;43061758;1029709;1348;911759
FR;0;2021-09-25;35218;115635;16274;36;18297;50781621;43177393;1045983;1384;930056
FR;0;2021-09-26;5547;17804;2270;5;2327;50787168;43195197;1048253;1389;932383
FR;0;2021-09-27;33975;76938;47200;97;48179;50821143;43272135;1095453;1486;980562
FR;0;2021-09-28;36518;75259;54970;90;56554;50857661;43347394;1150423;1576;1037116
FR;0;2021-09-29;44417;100779;53354;112;54875;50902078;43448173;1203777;1688;1091991
FR;0;2021-09-30;36341;72963;57037;97;59582;50938419;43521136;1260814;1785;1151573
FR;0;2021-10-01;61704;102885;57816;108;63957;51000123;43624021;1318630;1893;1215530
FR;0;2021-10-02;39470;78438;20962;39;23361;51039593;43702459;1339592;1932;1238891
FR;0;2021-10-03;5287;10498;2532;4;2538;51044880;43712957;1342124;1936;1241429
FR;0;2021-10-04;35188;58518;52625;84;54834;51080068;43771475;1394749;2020;1296263
FR;0;2021-10-05;33927;64383;61008;135;65062;51113995;43835858;1455757;2155;1361325
FR;0;2021-10-06;42716;79296;65750;113;68338;51156711;43915154;1521507;2268;1429663
FR;0;2021-10-07;30565;62275;65431;90;68846;51187276;43977429;1586938;2358;1498509
FR;0;2021-10-08;49471;91924;77757;110;84745;51236747;44069353;1664695;2468;1583254
FR;0;2021-10-09;33673;60933;31544;35;33919;51270420;44130286;1696239;2503;1617173
FR;0;2021-10-10;4718;7430;3194;9;3476;51275138;44137716;1699433;2512;1620649
FR;0;2021-10-11;30724;49932;61043;105;64099;51305862;44187648;1760476;2617;1684748
FR;0;2021-10-12;31636;54504;70620;140;75995;51337498;44242152;1831096;2757;1760743
FR;0;2021-10-13;40148;62839;74432;136;79344;51377646;44304991;1905528;2893;1840087
FR;0;2021-10-14;30357;52892;68766;116;73827;51408003;44357883;1974294;3009;1913914
FR;0;2021-10-15;44942;75272;93242;191;103010;51452945;44433155;2067536;3200;2016924
FR;0;2021-10-16;31327;44115;36694;44;39645;51484272;44477270;2104230;3244;2056569
FR;0;2021-10-17;3889;5238;3597;2;3680;51488161;44482508;2107827;3246;2060249
FR;0;2021-10-18;29159;42387;67501;133;71362;51517320;44524895;2175328;3379;2131611
FR;0;2021-10-19;27186;45583;76409;140;81645;51544506;44570478;2251737;3519;2213256
FR;0;2021-10-20;35335;52450;96942;181;101551;51579841;44622928;2348679;3700;2314807
FR;0;2021-10-21;26158;45181;83971;112;89146;51605999;44668109;2432650;3812;2403953
FR;0;2021-10-22;38442;62515;104903;200;112607;51644441;44730624;2537553;4012;2516560
FR;0;2021-10-23;27026;41207;45458;57;48628;51671467;44771831;2583011;4069;2565188
FR;0;2021-10-24;2944;4766;3684;6;3927;51674411;44776597;2586695;4075;2569115
FR;0;2021-10-25;26077;36266;82333;144;86653;51700488;44812863;2669028;4219;2655768
FR;0;2021-10-26;23733;35041;87259;166;92383;51724221;44847904;2756287;4385;2748151
FR;0;2021-10-27;30082;46353;109010;257;114710;51754303;44894257;2865297;4642;2862861
FR;0;2021-10-28;23581;34967;88723;153;94496;51777884;44929224;2954020;4795;2957357
FR;0;2021-10-29;31574;51492;117327;206;125371;51809458;44980716;3071347;5001;3082728
FR;0;2021-10-30;20555;33231;50350;76;53400;51830013;45013947;3121697;5077;3136128
FR;0;2021-10-31;2489;3732;3592;3;3879;51832502;45017679;3125289;5080;3140007
FR;0;2021-11-01;8502;4862;3213;3;3576;51841004;45022541;3128502;5083;3143583
FR;0;2021-11-02;26348;40123;93587;156;99612;51867352;45062664;3222089;5239;3243195
FR;0;2021-11-03;30095;47960;118906;218;125859;51897447;45110624;3340995;5457;3369054
FR;0;2021-11-04;23792;37522;107576;217;114446;51921239;45148146;3448571;5674;3483500
FR;0;2021-11-05;32390;52984;141649;235;151401;51953629;45201130;3590220;5909;3634901
FR;0;2021-11-06;21533;34576;64886;123;68313;51975162;45235706;3655106;6032;3703214
FR;0;2021-11-07;2402;4178;5199;6;5596;51977564;45239884;3660305;6038;3708810
FR;0;2021-11-08;20596;37780;127209;227;134320;51998160;45277664;3787514;6265;3843130
FR;0;2021-11-09;22405;44726;161704;339;172278;52020565;45322390;3949218;6604;4015408
FR;0;2021-11-10;31590;55020;187026;446;198835;52052155;45377410;4136244;7050;4214243
FR;0;2021-11-11;4724;6758;12978;28;13962;52056879;45384168;4149222;7078;4228205
FR;0;2021-11-12;29085;55119;183791;252;197415;52085964;45439287;4333013;7330;4425620
FR;0;2021-11-13;20350;32636;80713;118;86339;52106314;45471923;4413726;7448;4511959
FR;0;2021-11-14;2359;3879;7176;6;7847;52108673;45475802;4420902;7454;4519806
FR;0;2021-11-15;20485;38673;160874;312;171599;52129158;45514475;4581776;7766;4691405
FR;0;2021-11-16;23644;43971;200434;393;215085;52152802;45558446;4782210;8159;4906490
FR;0;2021-11-17;30513;50336;199869;406;212918;52183315;45608782;4982079;8565;5119408
FR;0;2021-11-18;23435;45666;191693;468;205600;52206750;45654448;5173772;9033;5325008
FR;0;2021-11-19;33678;61386;243243;551;262236;52240428;45715834;5417015;9584;5587244
FR;0;2021-11-20;25409;36702;102169;206;109718;52265837;45752536;5519184;9790;5696962
FR;0;2021-11-21;2647;4471;9661;19;10615;52268484;45757007;5528845;9809;5707577
FR;0;2021-11-22;22803;33215;180397;470;194879;52291287;45790222;5709242;10279;5902456
FR;0;2021-11-23;25720;45576;229422;549;247884;52317007;45835798;5938664;10828;6150340
FR;0;2021-11-24;31801;53729;224830;715;243272;52348808;45889527;6163494;11543;6393612
FR;0;2021-11-25;25637;49232;255962;739;277834;52374445;45938759;6419456;12282;6671446
FR;0;2021-11-26;33258;74847;379509;867;414688;52407703;46013606;6798965;13149;7086134
FR;0;2021-11-27;23493;49675;214925;389;236705;52431196;46063281;7013890;13538;7322839
FR;0;2021-11-28;3513;10514;56764;66;63326;52434709;46073795;7070654;13604;7386165
FR;0;2021-11-29;19422;54185;341503;864;371769;52454131;46127980;7412157;14468;7757934
FR;0;2021-11-30;24780;71993;457415;988;500822;52478911;46199973;7869572;15456;8258756
FR;0;2021-12-01;27371;75773;469134;1161;511369;52506282;46275746;8338706;16617;8770125
FR;0;2021-12-02;22099;71799;527147;1280;574948;52528381;46347545;8865853;17897;9345073
FR;0;2021-12-03;25560;93105;596433;1420;651211;52553941;46440650;9462286;19317;9996284
FR;0;2021-12-04;18318;60497;336248;692;369823;52572259;46501147;9798534;20009;10366107
FR;0;2021-12-05;4154;16175;95787;157;107050;52576413;46517322;9894321;20166;10473157
FR;0;2021-12-06;28421;72966;493179;1175;540004;52604834;46590288;10387500;21341;11013161
FR;0;2021-12-07;23539;91462;645429;1773;706372;52628373;46681750;11032929;23114;11719533
FR;0;2021-12-08;25501;92223;591640;1874;647561;52653874;46773973;11624569;24988;12367094
FR;0;2021-12-09;24059;94240;663156;2181;726521;52677933;46868213;12287725;27169;13093615
FR;0;2021-12-10;28054;111143;736102;2075;806271;52705987;46979356;13023827;29244;13899886
FR;0;2021-12-11;20250;76220;435204;988;480422;52726237;47055576;13459031;30232;14380308
FR;0;2021-12-12;5657;23205;142317;262;159216;52731894;47078781;13601348;30494;14539524
FR;0;2021-12-13;21354;91000;587694;1699;649304;52753248;47169781;14189042;32193;15188828
FR;0;2021-12-14;27972;118522;765635;2654;847583;52781220;47288303;14954677;34847;16036411
FR;0;2021-12-15;28434;114474;694379;2266;769160;52809654;47402777;15649056;37113;16805571
FR;0;2021-12-16;28031;115965;764074;2557;844500;52837685;47518742;16413130;39670;17650071
FR;0;2021-12-17;31651;128605;807919;2711;892089;52869336;47647347;17221049;42381;18542160
FR;0;2021-12-18;24936;81678;469994;1178;522244;52894272;47729025;17691043;43559;19064404
FR;0;2021-12-19;8757;28667;169410;376;191089;52903029;47757692;17860453;43935;19255493
FR;0;2021-12-20;31751;97411;591529;1786;658795;52934780;47855103;18451982;45721;19914288
FR;0;2021-12-21;39456;112201;682445;2392;759633;52974236;47967304;19134427;48113;20673921
FR;0;2021-12-22;39551;99461;575796;2168;642160;53013787;48066765;19710223;50281;21316081
FR;0;2021-12-23;33782;79622;441028;1657;494419;53047569;48146387;20151251;51938;21810500
FR;0;2021-12-24;10694;26119;111035;398;126673;53058263;48172506;20262286;52336;21937173
FR;0;2021-12-25;776;3588;7592;25;9031;53059039;48176094;20269878;52361;21946204
FR;0;2021-12-26;4695;11896;52096;142;60142;53063734;48187990;20321974;52503;22006346
FR;0;2021-12-27;30504;84071;453568;1364;509191;53094238;48272061;20775542;53867;22515537
FR;0;2021-12-28;38366;99044;564181;1769;632287;53132604;48371105;21339723;55636;23147824
FR;0;2021-12-29;39875;88401;501218;1687;561030;53172479;48459506;21840941;57323;23708854
FR;0;2021-12-30;35920;75235;421039;1521;471156;53208399;48534741;22261980;58844;24180010
FR;0;2021-12-31;12046;25148;116883;405;131673;53220445;48559889;22378863;59249;24311683
FR;0;2022-01-01;1573;3211;8517;37;9939;53222018;48563100;22387380;59286;24321622
FR;0;2022-01-02;6115;12999;58420;125;66945;53228133;48576099;22445800;59411;24388567
FR;0;2022-01-03;37245;90278;494834;1594;551720;53265378;48666377;22940634;61005;24940287
FR;0;2022-01-04;41986;111138;641395;2306;714382;53307364;48777515;23582029;63311;25654669
FR;0;2022-01-05;61105;103738;569187;1984;634218;53368469;48881253;24151216;65295;26288887
FR;0;2022-01-06;44267;110410;638981;2697;711459;53412736;48991663;24790197;67992;27000346
FR;0;2022-01-07;50823;123469;711000;2810;790518;53463559;49115132;25501197;70802;27790864
FR;0;2022-01-08;45007;80328;423812;1213;472893;53508566;49195460;25925009;72015;28263757
FR;0;2022-01-09;15609;26638;128566;300;145673;53524175;49222098;26053575;72315;28409430
FR;0;2022-01-10;35379;93425;469332;1812;522756;53559554;49315523;26522907;74127;28932186
FR;0;2022-01-11;41929;100555;548254;2306;608508;53601483;49416078;27071161;76433;29540694
FR;0;2022-01-12;60401;95803;452686;1968;504356;53661884;49511881;27523847;78401;30045050
FR;0;2022-01-13;38252;92635;487356;2085;541052;53700136;49604516;28011203;80486;30586102
FR;0;2022-01-14;42575;103448;568605;2286;629020;53742711;49707964;28579808;82772;31215122
FR;0;2022-01-15;39417;65933;340133;985;377560;53782128;49773897;28919941;83757;31592682
FR;0;2022-01-16;11410;19259;87431;216;99423;53793538;49793156;29007372;83973;31692105
FR;0;2022-01-17;24733;60132;320284;1382;354167;53818271;49853288;29327656;85355;32046272
FR;0;2022-01-18;28321;68790;361090;1802;397572;53846592;49922078;29688746;87157;32443844
FR;0;2022-01-19;43212;67136;281295;1450;311075;53889804;49989214;29970041;88607;32754919
FR;0;2022-01-20;23659;59696;299014;1741;328514;53913463;50048910;30269055;90348;33083433
FR;0;2022-01-21;28200;68898;366367;2086;401203;53941663;50117808;30635422;92434;33484636
FR;0;2022-01-22;27625;48014;218791;839;241769;53969288;50165822;30854213;93273;33726405
FR;0;2022-01-23;6736;12998;48678;173;55174;53976024;50178820;30902891;93446;33781579
FR;0;2022-01-24;16270;47520;217313;1139;239342;53992294;50226340;31120204;94585;34020921
FR;0;2022-01-25;19026;54406;243054;1546;267085;54011320;50280746;31363258;96131;34288006
FR;0;2022-01-26;28146;60506;209284;1297;229485;54039466;50341252;31572542;97428;34517491
FR;0;2022-01-27;16327;46385;207644;1277;225962;54055793;50387637;31780186;98705;34743453
FR;0;2022-01-28;21583;78722;290053;1572;321377;54077376;50466359;32070239;100277;35064830
FR;0;2022-01-29;18420;52894;184127;689;204583;54095796;50519253;32254366;100966;35269413
FR;0;2022-01-30;4474;14506;39141;124;45085;54100270;50533759;32293507;101090;35314498
FR;0;2022-01-31;11256;43962;148200;741;164764;54111526;50577721;32441707;101831;35479262
FR;0;2022-02-01;13616;48383;174120;1143;191394;54125142;50626104;32615827;102974;35670656
FR;0;2022-02-02;20570;66380;171532;1034;190119;54145712;50692484;32787359;104008;35860775
FR;0;2022-02-03;11466;44785;157554;989;173320;54157178;50737269;32944913;104997;36034095
FR;0;2022-02-04;14623;66514;239249;1266;264153;54171801;50803783;33184162;106263;36298248
FR;0;2022-02-05;12897;51481;153548;523;172326;54184698;50855264;33337710;106786;36470574
FR;0;2022-02-06;2723;12182;28893;101;33837;54187421;50867446;33366603;106887;36504411
FR;0;2022-02-07;9561;46693;156867;592;176303;54196982;50914139;33523470;107479;36680714
FR;0;2022-02-08;9795;43078;166620;867;184414;54206777;50957217;33690090;108346;36865128
FR;0;2022-02-09;14373;58241;172336;872;193043;54221150;51015458;33862426;109218;37058171
FR;0;2022-02-10;8715;39129;150230;878;166704;54229865;51054587;34012656;110096;37224875
FR;0;2022-02-11;10857;55667;218503;1101;243096;54240722;51110254;34231159;111197;37467971
FR;0;2022-02-12;8400;40954;134722;464;151750;54249122;51151208;34365881;111661;37619721
FR;0;2022-02-13;1914;8601;26564;86;30924;54251036;51159809;34392445;111747;37650645
FR;0;2022-02-14;6986;35245;148369;482;166365;54258022;51195054;34540814;112229;37817010
FR;0;2022-02-15;7059;36213;146976;751;162562;54265081;51231267;34687790;112980;37979572
FR;0;2022-02-16;9404;42966;132533;720;146751;54274485;51274233;34820323;113700;38126323
FR;0;2022-02-17;5575;24323;87300;585;94872;54280060;51298556;34907623;114285;38221195
FR;0;2022-02-18;6992;33572;119659;804;129323;54287052;51332128;35027282;115089;38350518
FR;0;2022-02-19;5369;24548;70024;370;77334;54292421;51356676;35097306;115459;38427852
FR;0;2022-02-20;1146;4651;12171;39;13950;54293567;51361327;35109477;115498;38441802
FR;0;2022-02-21;4091;17883;61952;351;67179;54297658;51379210;35171429;115849;38508981
FR;0;2022-02-22;4450;18650;60832;576;64473;54302108;51397860;35232261;116425;38573454
FR;0;2022-02-23;6588;27347;66493;591;71890;54308696;51425207;35298754;117016;38645344
FR;0;2022-02-24;3848;15474;50421;519;53242;54312544;51440681;35349175;117535;38698586
FR;0;2022-02-25;5279;24039;76359;803;80092;54317823;51464720;35425534;118338;38778678
FR;0;2022-02-26;3990;17765;47414;359;51481;54321813;51482485;35472948;118697;38830159
FR;0;2022-02-27;879;3008;8035;47;8946;54322692;51485493;35480983;118744;38839105
FR;0;2022-02-28;3123;12537;40481;359;42914;54325815;51498030;35521464;119103;38882019
FR;0;2022-03-01;3971;12599;44189;436;44860;54329786;51510629;35565653;119539;38926879
FR;0;2022-03-02;5312;17790;47134;445;49067;54335098;51528419;35612787;119984;38975946
FR;0;2022-03-03;2813;9334;29890;368;30013;54337911;51537753;35642677;120352;39005959
FR;0;2022-03-04;3222;12416;40301;666;39452;54341133;51550169;35682978;121018;39045411
FR;0;2022-03-05;3071;9279;24953;309;25115;54344204;51559448;35707931;121327;39070526
FR;0;2022-03-06;520;1399;3198;43;3441;54344724;51560847;35711129;121370;39073967
FR;0;2022-03-07;2313;5621;18427;315;17696;54347037;51566468;35729556;121685;39091663
FR;0;2022-03-08;2120;6072;19447;361;17916;54349157;51572540;35749003;122046;39109579
FR;0;2022-03-09;3575;10500;22180;405;21278;54352732;51583040;35771183;122451;39130857
FR;0;2022-03-10;1820;5796;16987;344;15815;54354552;51588836;35788170;122795;39146672
FR;0;2022-03-11;2414;7550;24496;541;22263;54356966;51596386;35812666;123336;39168935
FR;0;2022-03-12;2673;6773;17159;308;16514;54359639;51603159;35829825;123644;39185449
FR;0;2022-03-13;398;790;2324;149;2273;54360037;51603949;35832149;123793;39187722
FR;0;2022-03-14;1543;4269;14976;4409;13832;54361580;51608218;35847125;128202;39201554
FR;0;2022-03-15;1731;6282;16371;7552;14601;54363311;51614500;35863496;135754;39216155
FR;0;2022-03-16;3031;7392;19423;13136;18100;54366342;51621892;35882919;148890;39234255
FR;0;2022-03-17;1451;3977;13141;10847;11984;54367793;51625869;35896060;159737;39246239
FR;0;2022-03-18;2268;5751;19998;18300;18093;54370061;51631620;35916058;178037;39264332
FR;0;2022-03-19;2291;4803;13114;9401;12416;54372352;51636423;35929172;187438;39276748
FR;0;2022-03-20;300;734;1919;1073;1930;54372652;51637157;35931091;188511;39278678
FR;0;2022-03-21;1392;3214;12718;14936;11941;54374044;51640371;35943809;203447;39290619
FR;0;2022-03-22;1504;3731;13793;20541;12550;54375548;51644102;35957602;223988;39303169
FR;0;2022-03-23;2679;6277;17719;23151;17235;54378227;51650379;35975321;247139;39320404
FR;0;2022-03-24;1402;3154;11589;17608;10676;54379629;51653533;35986910;264747;39331080
FR;0;2022-03-25;2081;5149;18563;27759;16903;54381710;51658682;36005473;292506;39347983
FR;0;2022-03-26;2230;4411;12077;12678;11517;54383940;51663093;36017550;305184;39359500
FR;0;2022-03-27;360;689;1906;1481;1940;54384300;51663782;36019456;306665;39361440
FR;0;2022-03-28;1461;3073;11122;17487;10614;54385761;51666855;36030578;324152;39372054
FR;0;2022-03-29;1452;3267;12900;27567;12044;54387213;51670122;36043478;351719;39384098
FR;0;2022-03-30;2847;5498;15677;27371;15069;54390060;51675620;36059155;379090;39399167
FR;0;2022-03-31;1609;3561;12977;24985;12310;54391669;51679181;36072132;404075;39411477
FR;0;2022-04-01;2672;4579;20052;30870;18694;54394341;51683760;36092184;434945;39430171
FR;0;2022-04-02;1523;2637;9047;10115;8705;54395864;51686397;36101231;445060;39438876
FR;0;2022-04-03;288;513;1561;1169;1578;54396152;51686910;36102792;446229;39440454
FR;0;2022-04-04;2166;2871;12365;19111;11570;54398318;51689781;36115157;465340;39452024
FR;0;2022-04-05;2018;3143;14334;34090;13186;54400336;51692924;36129491;499430;39465210
FR;0;2022-04-06;2361;3923;13529;26476;12797;54402697;51696847;36143020;525906;39478007
FR;0;2022-04-07;1573;3096;13666;33755;12878;54404270;51699943;36156686;559661;39490885
FR;0;2022-04-08;2073;4225;19214;43933;17817;54406343;51704168;36175900;603594;39508702
FR;0;2022-04-09;1363;2674;9311;13560;8863;54407706;51706842;36185211;617154;39517565
FR;0;2022-04-10;291;684;1982;2014;2002;54407997;51707526;36187193;619168;39519567
FR;0;2022-04-11;1305;2600;11863;23886;11471;54409302;51710126;36199056;643054;39531038
FR;0;2022-04-12;1682;3018;14012;40887;13383;54410984;51713144;36213068;683941;39544421
FR;0;2022-04-13;1952;3674;13404;33076;13022;54412936;51716818;36226472;717017;39557443
FR;0;2022-04-14;1487;2889;13181;36256;13028;54414423;51719707;36239653;753273;39570471
FR;0;2022-04-15;1849;3449;15618;35504;14865;54416272;51723156;36255271;788777;39585336
FR;0;2022-04-16;1041;1827;6395;8535;6251;54417313;51724983;36261666;797312;39591587
FR;0;2022-04-17;193;332;992;1172;1035;54417506;51725315;36262658;798484;39592622
FR;0;2022-04-18;195;527;2764;1069;2783;54417701;51725842;36265422;799553;39595405
FR;0;2022-04-19;1522;3004;12908;29627;12468;54419223;51728846;36278330;829180;39607873
FR;0;2022-04-20;1983;3447;13297;29029;12972;54421206;51732293;36291627;858209;39620845
FR;0;2022-04-21;1508;2844;12532;35145;12605;54422714;51735137;36304159;893354;39633450
FR;0;2022-04-22;1862;3601;16466;37586;15828;54424576;51738738;36320625;930940;39649278
FR;0;2022-04-23;1144;2061;7383;10655;7234;54425720;51740799;36328008;941595;39656512
FR;0;2022-04-24;250;459;1475;1588;1411;54425970;51741258;36329483;943183;39657923
FR;0;2022-04-25;1301;2528;10676;21011;10482;54427271;51743786;36340159;964194;39668405
FR;0;2022-04-26;1618;3000;13654;38564;13103;54428889;51746786;36353813;1002758;39681508
FR;0;2022-04-27;1956;3057;11532;30971;11590;54430845;51749843;36365345;1033729;39693098
FR;0;2022-04-28;1563;2749;12525;36181;12265;54432408;51752592;36377870;1069910;39705363
FR;0;2022-04-29;2006;4462;15544;37223;14910;54434414;51757054;36393414;1107133;39720273
FR;0;2022-04-30;1210;1922;6926;9706;6753;54435624;51758976;36400340;1116839;39727026
FR;0;2022-05-01;217;321;913;995;907;54435841;51759297;36401253;1117834;39727933
FR;0;2022-05-02;1867;2923;11145;18129;10963;54437708;51762220;36412398;1135963;39738896
FR;0;2022-05-03;1883;3242;13716;34661;13557;54439591;51765462;36426114;1170624;39752453
FR;0;2022-05-04;1889;3278;12175;25621;12288;54441480;51768740;36438289;1196245;39764741
FR;0;2022-05-05;1753;2898;13035;33533;12882;54443233;51771638;36451324;1229778;39777623
FR;0;2022-05-06;2205;3654;15336;36743;14829;54445438;51775292;36466660;1266521;39792452
FR;0;2022-05-07;1202;1776;6460;9606;6450;54446640;51777068;36473120;1276127;39798902
FR;0;2022-05-08;266;398;1172;1546;1233;54446906;51777466;36474292;1277673;39800135
FR;0;2022-05-09;1349;2292;9921;20251;9791;54448255;51779758;36484213;1297924;39809926
FR;0;2022-05-10;1749;3185;13559;38934;13115;54450004;51782943;36497772;1336858;39823041
FR;0;2022-05-11;1990;2991;10741;27905;10686;54451994;51785934;36508513;1364763;39833727
FR;0;2022-05-12;1579;2694;11365;35674;11036;54453573;51788628;36519878;1400437;39844763
FR;0;2022-05-13;1968;3206;13747;37840;13333;54455541;51791834;36533625;1438277;39858096
FR;0;2022-05-14;1146;1626;5936;10772;5798;54456687;51793460;36539561;1449049;39863894
FR;0;2022-05-15;280;470;1279;1436;1360;54456967;51793930;36540840;1450485;39865254
FR;0;2022-05-16;1191;2025;8680;20991;8675;54458158;51795955;36549520;1471476;39873929
FR;0;2022-05-17;1583;2588;11815;37840;11394;54459741;51798543;36561335;1509316;39885323
FR;0;2022-05-18;1805;2635;9682;27133;9656;54461546;51801178;36571017;1536449;39894979
FR;0;2022-05-19;1434;2642;10567;35823;10706;54462980;51803820;36581584;1572272;39905685
FR;0;2022-05-20;1873;3107;13413;39349;12904;54464853;51806927;36594997;1611621;39918589
FR;0;2022-05-21;1158;1703;5660;9896;5532;54466011;51808630;36600657;1621517;39924121
FR;0;2022-05-22;238;337;1025;1437;1012;54466249;51808967;36601682;1622954;39925133
FR;0;2022-05-23;1173;2112;8876;20340;8826;54467422;51811079;36610558;1643294;39933959
FR;0;2022-05-24;1536;2753;11354;38849;11225;54468958;51813832;36621912;1682143;39945184
FR;0;2022-05-25;1812;2820;9337;24813;9469;54470770;51816652;36631249;1706956;39954653
FR;0;2022-05-26;207;413;1656;1191;1666;54470977;51817065;36632905;1708147;39956319
FR;0;2022-05-27;1374;2454;9253;21270;8994;54472351;51819519;36642158;1729417;39965313
FR;0;2022-05-28;663;1254;3912;6781;3962;54473014;51820773;36646070;1736198;39969275
FR;0;2022-05-29;155;315;751;918;772;54473169;51821088;36646821;1737116;39970047
FR;0;2022-05-30;1022;1945;6992;19289;7006;54474191;51823033;36653813;1756405;39977053
FR;0;2022-05-31;1487;2494;9814;35652;9635;54475678;51825527;36663627;1792057;39986688
FR;0;2022-06-01;1719;3086;11018;24523;10884;54477397;51828613;36674645;1816580;39997572
FR;0;2022-06-02;1470;2604;11305;35529;10849;54478867;51831217;36685950;1852109;40008421
FR;0;2022-06-03;1718;3061;13378;38705;12741;54480585;51834278;36699328;1890814;40021162
FR;0;2022-06-04;968;1514;5041;9109;5113;54481553;51835792;36704369;1899923;40026275
FR;0;2022-06-05;176;329;874;1106;884;54481729;51836121;36705243;1901029;40027159
FR;0;2022-06-06;388;1123;2107;1258;2119;54482117;51837244;36707350;1902287;40029278
FR;0;2022-06-07;1373;2668;9845;35570;9424;54483490;51839912;36717195;1937857;40038702
FR;0;2022-06-08;1546;2681;9160;28709;9002;54485036;51842593;36726355;1966566;40047704
FR;0;2022-06-09;1282;2431;10611;39470;10253;54486318;51845024;36736966;2006036;40057957
FR;0;2022-06-10;1619;2892;13070;44787;12616;54487937;51847916;36750036;2050823;40070573
FR;0;2022-06-11;956;1730;5431;11621;5464;54488893;51849646;36755467;2062444;40076037
FR;0;2022-06-12;196;438;1072;1761;1133;54489089;51850084;36756539;2064205;40077170
FR;0;2022-06-13;1079;2052;7430;23173;7261;54490168;51852136;36763969;2087378;40084431
FR;0;2022-06-14;1314;2492;10442;44922;9797;54491482;51854628;36774411;2132300;40094228
FR;0;2022-06-15;1498;2411;9313;30873;8945;54492980;51857039;36783724;2163173;40103173
FR;0;2022-06-16;1163;2021;9905;39883;9313;54494143;51859060;36793629;2203056;40112486
FR;0;2022-06-17;1474;2825;12457;46597;11887;54495617;51861885;36806086;2249653;40124373
FR;0;2022-06-18;852;1514;4563;11123;4497;54496469;51863399;36810649;2260776;40128870
FR;0;2022-06-19;180;361;1058;1615;1130;54496649;51863760;36811707;2262391;40130000
FR;0;2022-06-20;1018;1911;8904;26062;8564;54497667;51865671;36820611;2288453;40138564
FR;0;2022-06-21;1320;2395;10299;49874;9328;54498987;51868066;36830910;2338327;40147892
FR;0;2022-06-22;1378;2479;8908;39031;8412;54500365;51870545;36839818;2377358;40156304
FR;0;2022-06-23;1220;2347;10673;55077;9882;54501585;51872892;36850491;2432435;40166186
FR;0;2022-06-24;1483;2977;13640;69143;12300;54503068;51875869;36864131;2501578;40178486
FR;0;2022-06-25;933;1776;6225;19912;5979;54504001;51877645;36870356;2521490;40184465
FR;0;2022-06-26;228;460;1952;3687;1816;54504229;51878105;36872308;2525177;40186281
FR;0;2022-06-27;1127;2013;10490;48466;9632;54505356;51880118;36882798;2573643;40195913
FR;0;2022-06-28;1453;2806;14658;91320;13080;54506809;51882924;36897456;2664963;40208993
FR;0;2022-06-29;1699;2818;12287;71842;11235;54508508;51885742;36909743;2736805;40220228
FR;0;2022-06-30;1523;2684;14385;95147;12466;54510031;51888426;36924128;2831952;40232694
FR;0;2022-07-01;1988;3786;21459;115917;18816;54512019;51892212;36945587;2947869;40251510
FR;0;2022-07-02;1077;1853;8518;35744;7698;54513096;51894065;36954105;2983613;40259208
FR;0;2022-07-03;290;538;2091;6452;1893;54513386;51894603;36956196;2990065;40261101
FR;0;2022-07-04;1557;3125;14682;79188;12953;54514943;51897728;36970878;3069253;40274054
FR;0;2022-07-05;1696;3101;18813;133205;15992;54516639;51900829;36989691;3202458;40290046
FR;0;2022-07-06;1807;2756;15846;99541;13634;54518446;51903585;37005537;3301999;40303680
FR;0;2022-07-07;1697;2859;17987;125925;14762;54520143;51906444;37023524;3427924;40318442
FR;0;2022-07-08;1883;3141;20742;137051;16754;54522026;51909585;37044266;3564975;40335196
FR;0;2022-07-09;865;1450;7738;37912;6684;54522891;51911035;37052004;3602887;40341880
FR;0;2022-07-10;261;509;2344;6999;2125;54523152;51911544;37054348;3609886;40344005
FR;0;2022-07-11;1412;2441;15009;88212;12491;54524564;51913985;37069357;3698098;40356496
FR;0;2022-07-12;1786;3078;20514;143897;16708;54526350;51917063;37089871;3841995;40373204
FR;0;2022-07-13;1716;2704;15677;94510;13248;54528066;51919767;37105548;3936505;40386452
FR;0;2022-07-14;178;362;1949;5531;1829;54528244;51920129;37107497;3942036;40388281
FR;0;2022-07-15;1468;2550;15107;84426;12591;54529712;51922679;37122604;4026462;40400872
FR;0;2022-07-16;614;1170;5939;24971;5146;54530326;51923849;37128543;4051433;40406018
FR;0;2022-07-17;175;389;1735;4659;1566;54530501;51924238;37130278;4056092;40407584
FR;0;2022-07-18;1127;2236;11818;61790;9963;54531628;51926474;37142096;4117882;40417547
FR;0;2022-07-19;1409;2338;15463;103644;12283;54533037;51928812;37157559;4221526;40429830
FR;0;2022-07-20;1404;2278;12939;77546;10715;54534441;51931090;37170498;4299072;40440545
FR;0;2022-07-21;1269;2150;13078;88172;10479;54535710;51933240;37183576;4387244;40451024
FR;0;2022-07-22;1394;2435;14798;89425;11946;54537104;51935675;37198374;4476669;40462970
FR;0;2022-07-23;670;1298;5526;22475;4852;54537774;51936973;37203900;4499144;40467822
FR;0;2022-07-24;183;346;1396;3900;1237;54537957;51937319;37205296;4503044;40469059
FR;0;2022-07-25;1052;1783;9479;48050;7827;54539009;51939102;37214775;4551094;40476886
FR;0;2022-07-26;1287;2204;13293;85399;10818;54540296;51941306;37228068;4636493;40487704
FR;0;2022-07-27;1217;1990;10213;61202;8505;54541513;51943296;37238281;4697695;40496209
FR;0;2022-07-28;1083;1852;10297;64340;8207;54542596;51945148;37248578;4762035;40504416
FR;0;2022-07-29;1281;2029;10971;65801;8728;54543877;51947177;37259549;4827836;40513144
FR;0;2022-07-30;496;846;3513;15265;2967;54544373;51948023;37263062;4843101;40516111
FR;0;2022-07-31;151;282;929;2437;788;54544524;51948305;37263991;4845538;40516899
FR;0;2022-08-01;822;1447;7575;30222;6370;54545346;51949752;37271566;4875760;40523269
FR;0;2022-08-02;1013;1621;8553;56059;6865;54546359;51951373;37280119;4931819;40530134
FR;0;2022-08-03;827;1238;6400;38659;5120;54547186;51952611;37286519;4970478;40535254
FR;0;2022-08-04;727;1170;6561;43088;5287;54547913;51953781;37293080;5013566;40540541
FR;0;2022-08-05;846;1352;7080;44911;5650;54548759;51955133;37300160;5058477;40546191
FR;0;2022-08-06;334;552;2098;9364;1755;54549093;51955685;37302258;5067841;40547946
FR;0;2022-08-07;98;153;534;1620;452;54549191;51955838;37302792;5069461;40548398
FR;0;2022-08-08;551;906;4004;22085;3258;54549742;51956744;37306796;5091546;40551656
FR;0;2022-08-09;683;1125;5957;39925;4789;54550425;51957869;37312753;5131471;40556445
FR;0;2022-08-10;621;1083;4645;28012;3780;54551046;51958952;37317398;5159483;40560225
FR;0;2022-08-11;611;1009;4476;29181;3690;54551657;51959961;37321874;5188664;40563915
FR;0;2022-08-12;703;1138;4733;28195;3905;54552360;51961099;37326607;5216859;40567820
FR;0;2022-08-13;207;403;1293;5250;1115;54552567;51961502;37327900;5222109;40568935
FR;0;2022-08-14;68;118;284;918;243;54552635;51961620;37328184;5223027;40569178
FR;0;2022-08-15;75;168;597;562;544;54552710;51961788;37328781;5223589;40569722
FR;0;2022-08-16;617;1044;3944;22143;3337;54553327;51962832;37332725;5245732;40573059
FR;0;2022-08-17;623;995;3875;22841;3278;54553950;51963827;37336600;5268573;40576337
FR;0;2022-08-18;604;962;4076;26272;3217;54554554;51964789;37340676;5294845;40579554
FR;0;2022-08-19;602;1146;4476;27214;3680;54555156;51965935;37345152;5322059;40583234
FR;0;2022-08-20;287;483;1344;5559;1156;54555443;51966418;37346496;5327618;40584390
FR;0;2022-08-21;94;132;299;1007;263;54555537;51966550;37346795;5328625;40584653
FR;0;2022-08-22;543;973;3265;15331;2789;54556080;51967523;37350060;5343956;40587442
FR;0;2022-08-23;704;1158;4284;28988;3599;54556784;51968681;37354344;5372944;40591041
FR;0;2022-08-24;647;920;3482;19522;2844;54557431;51969601;37357826;5392466;40593885
FR;0;2022-08-25;618;1003;3922;23375;3269;54558049;51970604;37361748;5415841;40597154
FR;0;2022-08-26;846;1245;4466;25867;3656;54558895;51971849;37366214;5441708;40600810
FR;0;2022-08-27;291;493;1377;5460;1243;54559186;51972342;37367591;5447168;40602053
FR;0;2022-08-28;122;158;303;915;287;54559308;51972500;37367894;5448083;40602340
FR;0;2022-08-29;614;958;3065;14618;2602;54559922;51973458;37370959;5462701;40604942
FR;0;2022-08-30;839;1197;4781;28509;3903;54560761;51974655;37375740;5491210;40608845
FR;0;2022-08-31;680;927;3188;17590;2701;54561441;51975582;37378928;5508800;40611546
FR;0;2022-09-01;702;955;4433;22440;3777;54562143;51976537;37383361;5531240;40615323
FR;0;2022-09-02;861;1117;5022;28587;4234;54563004;51977654;37388383;5559827;40619557
FR;0;2022-09-03;411;553;1909;6074;1652;54563415;51978207;37390292;5565901;40621209
FR;0;2022-09-04;128;147;349;871;346;54563543;51978354;37390641;5566772;40621555
FR;0;2022-09-05;600;666;3108;16038;2584;54564143;51979020;37393749;5582810;40624139
FR;0;2022-09-06;785;995;4712;31787;3845;54564928;51980015;37398461;5614597;40627984
FR;0;2022-09-07;631;753;2987;16765;2468;54565559;51980768;37401448;5631362;40630452
FR;0;2022-09-08;610;837;3788;24807;3124;54566169;51981605;37405236;5656169;40633576
FR;0;2022-09-09;823;994;4398;27514;3634;54566992;51982599;37409634;5683683;40637210
FR;0;2022-09-10;370;528;1724;5690;1525;54567362;51983127;37411358;5689373;40638735
FR;0;2022-09-11;119;127;317;653;302;54567481;51983254;37411675;5690026;40639037
FR;0;2022-09-12;480;593;2657;13262;2263;54567961;51983847;37414332;5703288;40641300
FR;0;2022-09-13;601;822;3977;26325;3406;54568562;51984669;37418309;5729613;40644706
FR;0;2022-09-14;647;758;2931;16100;2442;54569209;51985427;37421240;5745713;40647148
FR;0;2022-09-15;544;759;3430;23478;2900;54569753;51986186;37424670;5769191;40650048
FR;0;2022-09-16;779;1020;4118;25816;3455;54570532;51987206;37428788;5795007;40653503
FR;0;2022-09-17;382;482;1440;6124;1272;54570914;51987688;37430228;5801131;40654775
FR;0;2022-09-18;114;136;323;957;290;54571028;51987824;37430551;5802088;40655065
FR;0;2022-09-19;438;622;2241;13166;1914;54571466;51988446;37432792;5815254;40656979
FR;0;2022-09-20;622;852;3756;26329;3128;54572088;51989298;37436548;5841583;40660107
FR;0;2022-09-21;571;757;2725;16231;2342;54572659;51990055;37439273;5857814;40662449
FR;0;2022-09-22;577;807;3371;23513;2746;54573236;51990862;37442644;5881327;40665195
FR;0;2022-09-23;815;1023;4467;28615;3738;54574051;51991885;37447111;5909942;40668933
FR;0;2022-09-24;417;603;1627;6886;1399;54574468;51992488;37448738;5916828;40670332
FR;0;2022-09-25;91;182;333;1100;304;54574559;51992670;37449071;5917928;40670636
FR;0;2022-09-26;421;681;2260;13423;1991;54574980;51993351;37451331;5931351;40672627
FR;0;2022-09-27;603;824;3598;25907;2881;54575583;51994175;37454929;5957258;40675508
FR;0;2022-09-28;612;810;2543;15374;2287;54576195;51994985;37457472;5972632;40677795
FR;0;2022-09-29;552;748;3085;20904;2594;54576747;51995733;37460557;5993536;40680389
FR;0;2022-09-30;759;1079;3923;25479;3265;54577506;51996812;37464480;6019015;40683654
FR;0;2022-10-01;388;594;1827;5932;1566;54577894;51997406;37466307;6024947;40685220
FR;0;2022-10-02;51;126;213;632;207;54577945;51997532;37466520;6025579;40685427
FR;0;2022-10-03;425;600;2319;11988;2032;54578370;51998132;37468839;6037567;40687459
FR;0;2022-10-04;594;748;3218;23452;2616;54578964;51998880;37472057;6061019;40690075
FR;0;2022-10-05;524;784;2368;14553;2087;54579488;51999664;37474425;6075572;40692162
FR;0;2022-10-06;513;687;2999;21567;2443;54580001;52000351;37477424;6097139;40694605
FR;0;2022-10-07;705;952;4033;30169;3380;54580706;52001303;37481457;6127308;40697985
FR;0;2022-10-08;332;507;1578;8370;1339;54581038;52001810;37483035;6135678;40699324
FR;0;2022-10-09;103;134;332;1577;307;54581141;52001944;37483367;6137255;40699631
FR;0;2022-10-10;449;636;2536;20234;2140;54581590;52002580;37485903;6157489;40701771
FR;0;2022-10-11;555;763;4149;39892;3441;54582145;52003343;37490052;6197381;40705212
FR;0;2022-10-12;542;764;3153;26522;2667;54582687;52004107;37493205;6223903;40707879
FR;0;2022-10-13;586;723;3902;38108;3022;54583273;52004830;37497107;6262011;40710901
FR;0;2022-10-14;735;1011;4765;47346;3856;54584008;52005841;37501872;6309357;40714757
FR;0;2022-10-15;332;456;1740;11733;1509;54584340;52006297;37503612;6321090;40716266
FR;0;2022-10-16;87;120;354;1930;335;54584427;52006417;37503966;6323020;40716601
FR;0;2022-10-17;411;647;2807;26109;2256;54584838;52007064;37506773;6349129;40718857
FR;0;2022-10-18;572;693;4431;45420;3506;54585410;52007757;37511204;6394549;40722363
FR;0;2022-10-19;529;739;3469;33929;2870;54585939;52008496;37514673;6428478;40725233
FR;0;2022-10-20;553;704;4535;48088;3396;54586492;52009200;37519208;6476566;40728629
FR;0;2022-10-21;653;925;5331;55830;4122;54587145;52010125;37524539;6532396;40732751
FR;0;2022-10-22;315;370;1541;12653;1218;54587460;52010495;37526080;6545049;40733969
FR;0;2022-10-23;88;88;318;1968;247;54587548;52010583;37526398;6547017;40734216
FR;0;2022-10-24;501;523;2824;25566;2332;54588049;52011106;37529222;6572583;40736548
