fra;vaccin;jour;n_dose1;n_dose2;n_dose3;n_dose4;n_rappel;n_cum_dose1;n_cum_dose2;n_cum_dose3;n_cum_dose4;n_cum_rappel
FR;1;2020-12-27;593;0;0;0;0;593;0;0;0;0
FR;1;2020-12-28;649;0;0;0;0;1242;0;0;0;0
FR;1;2020-12-29;368;0;0;0;0;1610;0;0;0;0
FR;1;2020-12-30;433;0;0;0;0;2043;0;0;0;0
FR;1;2020-12-31;360;0;0;0;0;2403;0;0;0;0
FR;1;2021-01-01;1104;0;0;0;0;3507;0;0;0;0
FR;1;2021-01-02;348;1;0;0;0;3855;1;0;0;0
FR;1;2021-01-03;394;0;0;0;0;4249;1;0;0;0
FR;1;2021-01-04;2074;0;0;0;0;6323;1;0;0;0
FR;1;2021-01-05;6789;2;0;0;0;13112;3;0;0;0
FR;1;2021-01-06;12270;4;0;0;0;25382;7;0;0;0
FR;1;2021-01-07;29428;2;0;0;0;54810;9;0;0;0
FR;1;2021-01-08;37106;2;0;0;0;91916;11;0;0;0
FR;1;2021-01-09;11205;2;0;0;0;103121;13;0;0;0
FR;1;2021-01-10;5987;0;0;0;0;109108;13;0;0;0
FR;1;2021-01-11;39912;5;0;0;0;149020;18;0;0;0
FR;1;2021-01-12;62091;6;0;0;0;211111;24;0;0;0
FR;1;2021-01-13;65038;16;0;0;0;276149;40;0;0;0
FR;1;2021-01-14;81420;22;0;0;0;357569;62;0;0;0
FR;1;2021-01-15;68577;7;0;0;0;426146;69;0;0;0
FR;1;2021-01-16;19890;75;0;0;0;446036;144;0;0;0
FR;1;2021-01-17;10895;45;0;0;0;456931;189;0;0;0
FR;1;2021-01-18;82735;166;0;0;0;539666;355;0;0;0
FR;1;2021-01-19;125880;139;0;0;0;665546;494;0;0;0
FR;1;2021-01-20;132355;170;0;0;0;797901;664;0;0;0
FR;1;2021-01-21;153016;143;0;0;0;950917;807;0;0;0
FR;1;2021-01-22;115900;175;0;0;0;1066817;982;0;0;0
FR;1;2021-01-23;36589;56;0;0;0;1103406;1038;0;0;0
FR;1;2021-01-24;9577;48;0;0;0;1112983;1086;0;0;0
FR;1;2021-01-25;74392;1226;0;0;0;1187375;2312;0;0;0
FR;1;2021-01-26;96419;3134;1;0;0;1283794;5446;1;0;0
FR;1;2021-01-27;103611;5670;0;0;0;1387405;11116;1;0;0
FR;1;2021-01-28;120564;14397;0;0;0;1507969;25513;1;0;0
FR;1;2021-01-29;88858;17355;0;0;0;1596827;42868;1;0;0
FR;1;2021-01-30;27969;4223;0;0;0;1624796;47091;1;0;0
FR;1;2021-01-31;5174;1702;0;0;0;1629970;48793;1;0;0
FR;1;2021-02-01;49684;21112;0;0;0;1679654;69905;1;0;0
FR;1;2021-02-02;67772;34587;0;0;0;1747426;104492;1;0;0
FR;1;2021-02-03;67036;37059;0;0;0;1814462;141551;1;0;0
FR;1;2021-02-04;77087;50138;0;0;0;1891549;191689;1;0;0
FR;1;2021-02-05;63393;45386;0;0;0;1954942;237075;1;0;0
FR;1;2021-02-06;19391;10469;0;0;0;1974333;247544;1;0;0
FR;1;2021-02-07;3652;5049;0;0;0;1977985;252593;1;0;0
FR;1;2021-02-08;36474;46074;0;0;0;2014459;298667;1;0;0
FR;1;2021-02-09;50776;72476;0;0;0;2065235;371143;1;0;0
FR;1;2021-02-10;52019;76709;0;0;0;2117254;447852;1;0;0
FR;1;2021-02-11;63330;99040;0;0;0;2180584;546892;1;0;0
FR;1;2021-02-12;55823;74088;0;0;0;2236407;620980;1;0;0
FR;1;2021-02-13;15444;19293;0;0;0;2251851;640273;1;0;0
FR;1;2021-02-14;3739;7245;0;0;0;2255590;647518;1;0;0
FR;1;2021-02-15;24121;73528;0;0;0;2279711;721046;1;0;0
FR;1;2021-02-16;32738;96694;0;0;0;2312449;817740;1;0;0
FR;1;2021-02-17;35077;98701;1;0;0;2347526;916441;2;0;0
FR;1;2021-02-18;49391;113521;0;0;0;2396917;1029962;2;0;0
FR;1;2021-02-19;45351;86406;1;0;0;2442268;1116368;3;0;0
FR;1;2021-02-20;13374;26949;0;0;0;2455642;1143317;3;0;0
FR;1;2021-02-21;2448;6301;0;0;0;2458090;1149618;3;0;0
FR;1;2021-02-22;24693;69424;2;0;0;2482783;1219042;5;0;0
FR;1;2021-02-23;37404;80397;1;0;0;2520187;1299439;6;0;0
FR;1;2021-02-24;40650;77621;1;0;0;2560837;1377060;7;0;0
FR;1;2021-02-25;50120;87837;1;0;0;2610957;1464897;8;0;0
FR;1;2021-02-26;47168;67827;0;0;0;2658125;1532724;8;0;0
FR;1;2021-02-27;15663;20962;0;0;0;2673788;1553686;8;0;0
FR;1;2021-02-28;3548;4389;1;0;0;2677336;1558075;9;0;0
FR;1;2021-03-01;40117;49085;1;0;0;2717453;1607160;10;0;0
FR;1;2021-03-02;55930;61509;2;0;0;2773383;1668669;12;0;0
FR;1;2021-03-03;61161;60510;0;0;0;2834544;1729179;12;0;0
FR;1;2021-03-04;72947;65013;3;0;0;2907491;1794192;15;0;0
FR;1;2021-03-05;74711;59122;3;0;0;2982202;1853314;18;0;0
FR;1;2021-03-06;82421;16056;2;0;0;3064623;1869370;20;0;0
FR;1;2021-03-07;63695;5348;1;0;0;3128318;1874718;21;0;0
FR;1;2021-03-08;60127;42387;2;0;0;3188445;1917105;23;0;0
FR;1;2021-03-09;85931;48191;1;0;0;3274376;1965296;24;0;0
FR;1;2021-03-10;90830;48026;5;0;0;3365206;2013322;29;0;0
FR;1;2021-03-11;104970;53803;1;0;0;3470176;2067125;30;0;0
FR;1;2021-03-12;104063;45187;0;0;0;3574239;2112312;30;0;0
FR;1;2021-03-13;89163;12710;1;0;0;3663402;2125022;31;0;0
FR;1;2021-03-14;44433;3014;1;0;0;3707835;2128036;32;0;0
FR;1;2021-03-15;95441;29052;3;0;0;3803276;2157088;35;0;0
FR;1;2021-03-16;123555;34835;4;0;0;3926831;2191923;39;0;0
FR;1;2021-03-17;129238;34756;4;0;0;4056069;2226679;43;0;0
FR;1;2021-03-18;142820;39684;5;0;0;4198889;2266363;48;0;0
FR;1;2021-03-19;136195;32831;2;0;0;4335084;2299194;50;0;0
FR;1;2021-03-20;75966;10164;1;0;0;4411050;2309358;51;0;0
FR;1;2021-03-21;26469;2466;1;0;0;4437519;2311824;52;0;0
FR;1;2021-03-22;114646;31105;2;0;0;4552165;2342929;54;0;0
FR;1;2021-03-23;142954;38152;1;0;0;4695119;2381081;55;0;0
FR;1;2021-03-24;141932;38756;0;0;0;4837051;2419837;55;0;0
FR;1;2021-03-25;164943;39530;4;0;0;5001994;2459367;59;0;0
FR;1;2021-03-26;166342;37449;4;0;0;5168336;2496816;63;0;0
FR;1;2021-03-27;110853;15237;1;0;0;5279189;2512053;64;0;0
FR;1;2021-03-28;42274;3694;3;0;0;5321463;2515747;67;0;0
FR;1;2021-03-29;129776;49884;4;0;0;5451239;2565631;71;0;0
FR;1;2021-03-30;167634;63477;4;0;0;5618873;2629108;75;0;0
FR;1;2021-03-31;170857;66875;4;0;0;5789730;2695983;79;0;0
FR;1;2021-04-01;194651;79341;11;0;0;5984381;2775324;90;0;0
FR;1;2021-04-02;164385;84303;7;0;0;6148766;2859627;97;0;0
FR;1;2021-04-03;88206;58091;5;0;0;6236972;2917718;102;0;0
FR;1;2021-04-04;33423;17738;0;0;0;6270395;2935456;102;0;0
FR;1;2021-04-05;46353;10145;11;0;0;6316748;2945601;113;0;0
FR;1;2021-04-06;160202;100931;16;0;0;6476950;3046532;129;0;0
FR;1;2021-04-07;196886;108077;16;0;0;6673836;3154609;145;0;0
FR;1;2021-04-08;221974;112293;13;0;0;6895810;3266902;158;0;0
FR;1;2021-04-09;214476;107378;21;0;0;7110286;3374280;179;0;0
FR;1;2021-04-10;117126;73363;14;0;0;7227412;3447643;193;0;0
FR;1;2021-04-11;40801;30244;6;0;0;7268213;3477887;199;0;0
FR;1;2021-04-12;168315;103679;45;0;0;7436528;3581566;244;0;0
FR;1;2021-04-13;203699;128029;96;1;0;7640227;3709595;340;1;0
FR;1;2021-04-14;208483;122654;203;0;0;7848710;3832249;543;1;0
FR;1;2021-04-15;221552;126634;310;0;0;8070262;3958883;853;1;0
FR;1;2021-04-16;205962;125005;307;0;0;8276224;4083888;1160;1;0
FR;1;2021-04-17;122045;67400;102;0;0;8398269;4151288;1262;1;0
FR;1;2021-04-18;35915;21000;39;0;0;8434184;4172288;1301;1;0
FR;1;2021-04-19;163588;121746;429;0;0;8597772;4294034;1730;1;0
FR;1;2021-04-20;189311;148575;530;0;0;8787083;4442609;2260;1;0
FR;1;2021-04-21;193868;146605;754;0;0;8980951;4589214;3014;1;0
FR;1;2021-04-22;208856;162553;777;0;0;9189807;4751767;3791;1;0
FR;1;2021-04-23;198891;156771;666;0;0;9388698;4908538;4457;1;0
FR;1;2021-04-24;126292;95434;145;0;0;9514990;5003972;4602;1;0
FR;1;2021-04-25;53544;30085;46;0;0;9568534;5034057;4648;1;0
FR;1;2021-04-26;181045;138108;537;0;0;9749579;5172165;5185;1;0
FR;1;2021-04-27;221273;161733;898;0;0;9970852;5333898;6083;1;0
FR;1;2021-04-28;238191;154946;1308;1;1;10209043;5488844;7391;2;1
FR;1;2021-04-29;270188;159919;1205;0;0;10479231;5648763;8596;2;1
FR;1;2021-04-30;271898;147967;1068;0;0;10751129;5796730;9664;2;1
FR;1;2021-05-01;141057;40677;172;0;0;10892186;5837407;9836;2;1
FR;1;2021-05-02;81446;28121;80;0;0;10973632;5865528;9916;2;1
FR;1;2021-05-03;250628;146203;796;0;0;11224260;6011731;10712;2;1
FR;1;2021-05-04;265720;186781;1197;0;0;11489980;6198512;11909;2;1
FR;1;2021-05-05;283713;184445;1262;0;0;11773693;6382957;13171;2;1
FR;1;2021-05-06;309802;182903;1493;0;0;12083495;6565860;14664;2;1
FR;1;2021-05-07;283980;195504;1125;0;0;12367475;6761364;15789;2;1
FR;1;2021-05-08;191618;48301;282;0;0;12559093;6809665;16071;2;1
FR;1;2021-05-09;114004;36121;236;0;0;12673097;6845786;16307;2;1
FR;1;2021-05-10;257971;193981;1178;0;0;12931068;7039767;17485;2;1
FR;1;2021-05-11;318750;211079;1461;0;0;13249818;7250846;18946;2;1
FR;1;2021-05-12;356483;185669;1396;0;0;13606301;7436515;20342;2;1
FR;1;2021-05-13;283336;47712;398;0;0;13889637;7484227;20740;2;1
FR;1;2021-05-14;370390;128610;984;0;0;14260027;7612837;21724;2;1
FR;1;2021-05-15;297804;66069;402;0;0;14557831;7678906;22126;2;1
FR;1;2021-05-16;157708;15533;158;0;0;14715539;7694439;22284;2;1
FR;1;2021-05-17;318793;116500;1433;0;0;15034332;7810939;23717;2;1
FR;1;2021-05-18;383006;111116;1793;0;0;15417338;7922055;25510;2;1
FR;1;2021-05-19;395136;102678;2166;0;0;15812474;8024733;27676;2;1
FR;1;2021-05-20;421621;96147;2036;0;0;16234095;8120880;29712;2;1
FR;1;2021-05-21;399674;97241;1752;0;0;16633769;8218121;31464;2;1
FR;1;2021-05-22;275608;41995;601;0;0;16909377;8260116;32065;2;1
FR;1;2021-05-23;122944;11181;224;0;0;17032321;8271297;32289;2;1
FR;1;2021-05-24;243937;26249;564;0;0;17276258;8297546;32853;2;1
FR;1;2021-05-25;366009;131670;2101;1;0;17642267;8429216;34954;3;1
FR;1;2021-05-26;380704;125585;1982;0;0;18022971;8554801;36936;3;1
FR;1;2021-05-27;406014;127992;1966;0;0;18428985;8682793;38902;3;1
FR;1;2021-05-28;365896;145301;1691;0;0;18794881;8828094;40593;3;1
FR;1;2021-05-29;253778;80867;524;0;0;19048659;8908961;41117;3;1
FR;1;2021-05-30;100893;22526;156;0;0;19149552;8931487;41273;3;1
FR;1;2021-05-31;314171;148826;1279;1;1;19463723;9080313;42552;4;2
FR;1;2021-06-01;361076;166576;1720;1;1;19824799;9246889;44272;5;3
FR;1;2021-06-02;364126;153091;1785;0;0;20188925;9399980;46057;5;3
FR;1;2021-06-03;389826;147596;1642;0;0;20578751;9547576;47699;5;3
FR;1;2021-06-04;363263;175578;1484;1;1;20942014;9723154;49183;6;4
FR;1;2021-06-05;258415;112673;596;0;0;21200429;9835827;49779;6;4
FR;1;2021-06-06;126707;37526;215;0;0;21327136;9873353;49994;6;4
FR;1;2021-06-07;299676;207907;1356;0;0;21626812;10081260;51350;6;4
FR;1;2021-06-08;330437;220763;1629;0;0;21957249;10302023;52979;6;4
FR;1;2021-06-09;336266;212340;1600;0;0;22293515;10514363;54579;6;4
FR;1;2021-06-10;343558;202075;1605;0;0;22637073;10716438;56184;6;4
FR;1;2021-06-11;311637;235271;1286;0;0;22948710;10951709;57470;6;4
FR;1;2021-06-12;243969;150645;429;0;0;23192679;11102354;57899;6;4
FR;1;2021-06-13;100294;61006;188;0;0;23292973;11163360;58087;6;4
FR;1;2021-06-14;207628;289022;1311;1;0;23500601;11452382;59398;7;4
FR;1;2021-06-15;256580;282259;1384;1;0;23757181;11734641;60782;8;4
FR;1;2021-06-16;273426;270542;1258;1;0;24030607;12005183;62040;9;4
FR;1;2021-06-17;268000;244433;1227;1;0;24298607;12249616;63267;10;4
FR;1;2021-06-18;260357;295666;1145;1;0;24558964;12545282;64412;11;4
FR;1;2021-06-19;193400;209458;384;0;0;24752364;12754740;64796;11;4
FR;1;2021-06-20;69631;89116;117;0;0;24821995;12843856;64913;11;4
FR;1;2021-06-21;172157;319830;924;1;1;24994152;13163686;65837;12;5
FR;1;2021-06-22;185637;347766;1093;10;2;25179789;13511452;66930;22;7
FR;1;2021-06-23;203975;339375;1046;0;0;25383764;13850827;67976;22;7
FR;1;2021-06-24;203326;281954;1160;0;0;25587090;14132781;69136;22;7
FR;1;2021-06-25;182418;371775;1196;0;0;25769508;14504556;70332;22;7
FR;1;2021-06-26;131301;278278;500;0;0;25900809;14782834;70832;22;7
FR;1;2021-06-27;52360;122956;143;0;0;25953169;14905790;70975;22;7
FR;1;2021-06-28;136450;368280;1055;0;0;26089619;15274070;72030;22;7
FR;1;2021-06-29;154698;390491;1845;0;0;26244317;15664561;73875;22;7
FR;1;2021-06-30;179826;378552;1661;4;2;26424143;16043113;75536;26;9
FR;1;2021-07-01;200988;332172;1886;5;1;26625131;16375285;77422;31;10
FR;1;2021-07-02;192964;367684;1764;5;3;26818095;16742969;79186;36;13
FR;1;2021-07-03;124309;280457;704;3;1;26942404;17023426;79890;39;14
FR;1;2021-07-04;53887;113679;244;0;0;26996291;17137105;80134;39;14
FR;1;2021-07-05;153467;356067;1498;8;2;27149758;17493172;81632;47;16
FR;1;2021-07-06;173156;382530;1597;43;8;27322914;17875702;83229;90;24
FR;1;2021-07-07;190378;362573;1654;24;5;27513292;18238275;84883;114;29
FR;1;2021-07-08;201218;323109;1825;20;9;27714510;18561384;86708;134;38
FR;1;2021-07-09;189608;387186;1851;3;2;27904118;18948570;88559;137;40
FR;1;2021-07-10;129818;281111;814;1;1;28033936;19229681;89373;138;41
FR;1;2021-07-11;57600;102483;260;0;0;28091536;19332164;89633;138;41
FR;1;2021-07-12;149390;417004;1573;4;0;28240926;19749168;91206;142;41
FR;1;2021-07-13;234005;439476;1803;7;2;28474931;20188644;93009;149;43
FR;1;2021-07-14;171616;151579;415;0;0;28646547;20340223;93424;149;43
FR;1;2021-07-15;279325;424814;1855;1;0;28925872;20765037;95279;150;43
FR;1;2021-07-16;290104;401293;1709;3;1;29215976;21166330;96988;153;44
FR;1;2021-07-17;217226;282119;754;1;0;29433202;21448449;97742;154;44
FR;1;2021-07-18;101944;107309;288;0;0;29535146;21555758;98030;154;44
FR;1;2021-07-19;238002;379401;1495;3;0;29773148;21935159;99525;157;44
FR;1;2021-07-20;305502;380951;1466;0;0;30078650;22316110;100991;157;44
FR;1;2021-07-21;333029;353598;1410;4;2;30411679;22669708;102401;161;46
FR;1;2021-07-22;364306;319517;1499;3;2;30775985;22989225;103900;164;48
FR;1;2021-07-23;347511;343722;1582;4;2;31123496;23332947;105482;168;50
FR;1;2021-07-24;238884;241098;695;1;0;31362380;23574045;106177;169;50
FR;1;2021-07-25;112720;76057;214;0;0;31475100;23650102;106391;169;50
FR;1;2021-07-26;298947;290306;1494;2;2;31774047;23940408;107885;171;52
FR;1;2021-07-27;385634;268915;1457;4;2;32159681;24209323;109342;175;54
FR;1;2021-07-28;390035;251617;1460;4;2;32549716;24460940;110802;179;56
FR;1;2021-07-29;405934;228459;1537;2;1;32955650;24689399;112339;181;57
FR;1;2021-07-30;370475;247118;1632;4;1;33326125;24936517;113971;185;58
FR;1;2021-07-31;243319;165103;792;1;0;33569444;25101620;114763;186;58
FR;1;2021-08-01;105482;47233;230;0;0;33674926;25148853;114993;186;58
FR;1;2021-08-02;296825;213278;1473;2;0;33971751;25362131;116466;188;58
FR;1;2021-08-03;330986;209330;1544;2;1;34302737;25571461;118010;190;59
FR;1;2021-08-04;327632;184435;1435;5;3;34630369;25755896;119445;195;62
FR;1;2021-08-05;300963;193569;1478;0;0;34931332;25949465;120923;195;62
FR;1;2021-08-06;290662;224651;1558;3;1;35221994;26174116;122481;198;63
FR;1;2021-08-07;182528;158822;654;4;3;35404522;26332938;123135;202;66
FR;1;2021-08-08;68787;59152;246;0;0;35473309;26392090;123381;202;66
FR;1;2021-08-09;222548;236134;1435;4;3;35695857;26628224;124816;206;69
FR;1;2021-08-10;252374;241004;1485;2;1;35948231;26869228;126301;208;70
FR;1;2021-08-11;235914;232584;1267;5;1;36184145;27101812;127568;213;71
FR;1;2021-08-12;220449;240301;1482;3;1;36404594;27342113;129050;216;72
FR;1;2021-08-13;201528;238527;1351;2;2;36606122;27580640;130401;218;74
FR;1;2021-08-14;122774;174172;645;0;0;36728896;27754812;131046;218;74
FR;1;2021-08-15;34628;46123;195;1;0;36763524;27800935;131241;219;74
FR;1;2021-08-16;156480;289950;1420;0;0;36920004;28090885;132661;219;74
FR;1;2021-08-17;171336;291779;1418;4;1;37091340;28382664;134079;223;75
FR;1;2021-08-18;161128;287201;1382;6;3;37252468;28669865;135461;229;78
FR;1;2021-08-19;148708;277585;1392;1;0;37401176;28947450;136853;230;78
FR;1;2021-08-20;140243;308454;1517;2;2;37541419;29255904;138370;232;80
FR;1;2021-08-21;84179;213266;584;0;0;37625598;29469170;138954;232;80
FR;1;2021-08-22;28524;82684;229;0;0;37654122;29551854;139183;232;80
FR;1;2021-08-23;118494;321233;1416;2;1;37772616;29873087;140599;234;81
FR;1;2021-08-24;126504;319954;1591;5;1;37899120;30193041;142190;239;82
FR;1;2021-08-25;121326;306602;1772;8;3;38020446;30499643;143962;247;85
FR;1;2021-08-26;106445;286163;2153;10;1;38126891;30785806;146115;257;86
FR;1;2021-08-27;107437;321146;2298;8;3;38234328;31106952;148413;265;89
FR;1;2021-08-28;70900;220669;1100;0;0;38305228;31327621;149513;265;89
FR;1;2021-08-29;24121;78125;461;1;0;38329349;31405746;149974;266;89
FR;1;2021-08-30;96767;286538;4307;6;5174;38426116;31692284;154281;272;5263
FR;1;2021-08-31;97952;276479;9264;14;10194;38524068;31968763;163545;286;15457
FR;1;2021-09-01;111182;245261;21081;7;21967;38635250;32214024;184626;293;37424
FR;1;2021-09-02;84180;198058;24496;11;25371;38719430;32412082;209122;304;62795
FR;1;2021-09-03;82039;227653;26924;21;27910;38801469;32639735;236046;325;90705
FR;1;2021-09-04;71359;189705;11134;11;11605;38872828;32829440;247180;336;102310
FR;1;2021-09-05;18575;41196;4117;2;4278;38891403;32870636;251297;338;106588
FR;1;2021-09-06;59208;151693;30154;15;31024;38950611;33022329;281451;353;137612
FR;1;2021-09-07;56178;139738;30189;27;31035;39006789;33162067;311640;380;168647
FR;1;2021-09-08;70075;173816;26902;20;27722;39076864;33335883;338542;400;196369
FR;1;2021-09-09;53233;124441;28577;23;29517;39130097;33460324;367119;423;225886
FR;1;2021-09-10;65183;152020;30403;22;31436;39195280;33612344;397522;445;257322
FR;1;2021-09-11;51779;146581;9713;13;10209;39247059;33758925;407235;458;267531
FR;1;2021-09-12;10692;29247;2478;2;2624;39257751;33788172;409713;460;270155
FR;1;2021-09-13;51231;104601;38690;28;39650;39308982;33892773;448403;488;309805
FR;1;2021-09-14;53061;96116;51194;66;52529;39362043;33988889;499597;554;362334
FR;1;2021-09-15;60135;139210;50411;56;46866;39422178;34128099;550008;610;409200
FR;1;2021-09-16;46391;81371;53235;72;49363;39468569;34209470;603243;682;458563
FR;1;2021-09-17;52990;109375;45001;61;42563;39521559;34318845;648244;743;501126
FR;1;2021-09-18;37768;118430;11785;19;11243;39559327;34437275;660029;762;512369
FR;1;2021-09-19;6464;21028;2030;1;1967;39565791;34458303;662059;763;514336
FR;1;2021-09-20;36358;74878;46127;66;43986;39602149;34533181;708186;829;558322
FR;1;2021-09-21;34030;68149;56161;73;52471;39636179;34601330;764347;902;610793
FR;1;2021-09-22;38628;118373;49774;77;46687;39674807;34719703;814121;979;657480
FR;1;2021-09-23;31825;62658;54411;86;50630;39706632;34782361;868532;1065;708110
FR;1;2021-09-24;36592;89693;43599;92;41825;39743224;34872054;912131;1157;749935
FR;1;2021-09-25;27545;96496;12292;27;12149;39770769;34968550;924423;1184;762084
FR;1;2021-09-26;4346;15215;1766;4;1703;39775115;34983765;926189;1188;763787
FR;1;2021-09-27;27277;60233;42849;89;41512;39802392;35043998;969038;1277;805299
FR;1;2021-09-28;26795;49436;47103;75;44268;39829187;35093434;1016141;1352;849567
FR;1;2021-09-29;35777;80297;47185;86;45426;39864964;35173731;1063326;1438;894993
FR;1;2021-09-30;25885;46090;47427;80;45239;39890849;35219821;1110753;1518;940232
FR;1;2021-10-01;46531;64611;44832;83;44357;39937380;35284432;1155585;1601;984589
FR;1;2021-10-02;32042;62225;16093;32;16272;39969422;35346657;1171678;1633;1000861
FR;1;2021-10-03;4293;8606;2026;3;2036;39973715;35355263;1173704;1636;1002897
FR;1;2021-10-04;28425;44333;47062;78;46869;40002140;35399596;1220766;1714;1049766
FR;1;2021-10-05;23785;41562;49780;116;49078;40025925;35441158;1270546;1830;1098844
FR;1;2021-10-06;34045;61130;57388;102;57031;40059970;35502288;1327934;1932;1155875
FR;1;2021-10-07;20754;39645;52953;75;51761;40080724;35541933;1380887;2007;1207636
FR;1;2021-10-08;34597;59471;60314;83;60976;40115321;35601404;1441201;2090;1268612
FR;1;2021-10-09;27275;47841;25454;29;25950;40142596;35649245;1466655;2119;1294562
FR;1;2021-10-10;3558;5706;2741;7;2839;40146154;35654951;1469396;2126;1297401
FR;1;2021-10-11;24526;38146;54533;88;55125;40170680;35693097;1523929;2214;1352526
FR;1;2021-10-12;22887;36537;57990;126;59000;40193567;35729634;1581919;2340;1411526
FR;1;2021-10-13;32646;47674;64122;124;65560;40226213;35777308;1646041;2464;1477086
FR;1;2021-10-14;21503;34619;53702;102;54209;40247716;35811927;1699743;2566;1531295
FR;1;2021-10-15;32394;48592;72275;165;74892;40280110;35860519;1772018;2731;1606187
FR;1;2021-10-16;25835;35224;34844;45;36366;40305945;35895743;1806862;2776;1642553
FR;1;2021-10-17;3076;4031;3403;2;3311;40309021;35899774;1810265;2778;1645864
FR;1;2021-10-18;22383;34120;66780;131;69603;40331404;35933894;1877045;2909;1715467
FR;1;2021-10-19;20398;33024;75601;136;79470;40351802;35966918;1952646;3045;1794937
FR;1;2021-10-20;29684;43964;96102;176;99660;40381486;36010882;2048748;3221;1894597
FR;1;2021-10-21;19402;35017;83081;107;86933;40400888;36045899;2131829;3328;1981530
FR;1;2021-10-22;29463;47383;103656;195;109496;40430351;36093282;2235485;3523;2091026
FR;1;2021-10-23;22897;34907;44834;57;47325;40453248;36128189;2280319;3580;2138351
FR;1;2021-10-24;2364;3873;3577;6;3740;40455612;36132062;2283896;3586;2142091
FR;1;2021-10-25;22340;30695;81961;143;85710;40477952;36162757;2365857;3729;2227801
FR;1;2021-10-26;19231;27571;86026;162;90210;40497183;36190328;2451883;3891;2318011
FR;1;2021-10-27;26053;39602;107720;252;112541;40523236;36229930;2559603;4143;2430552
FR;1;2021-10-28;18471;26887;86864;150;91514;40541707;36256817;2646467;4293;2522066
FR;1;2021-10-29;25805;39741;114744;201;121426;40567512;36296558;2761211;4494;2643492
FR;1;2021-10-30;17514;28531;49320;76;51899;40585026;36325089;2810531;4570;2695391
FR;1;2021-10-31;2044;3220;3440;2;3682;40587070;36328309;2813971;4572;2699073
FR;1;2021-11-01;7088;4071;3011;3;3254;40594158;36332380;2816982;4575;2702327
FR;1;2021-11-02;21481;33059;92307;156;97605;40615639;36365439;2909289;4731;2799932
FR;1;2021-11-03;25979;41267;117404;215;123706;40641618;36406706;3026693;4946;2923638
FR;1;2021-11-04;19341;30169;105687;213;111751;40660959;36436875;3132380;5159;3035389
FR;1;2021-11-05;26753;42025;138670;227;147208;40687712;36478900;3271050;5386;3182597
FR;1;2021-11-06;18692;29753;63417;123;66367;40706404;36508653;3334467;5509;3248964
FR;1;2021-11-07;1773;3377;4944;6;5296;40708177;36512030;3339411;5515;3254260
FR;1;2021-11-08;17378;32252;125877;224;132391;40725555;36544282;3465288;5739;3386651
FR;1;2021-11-09;19058;37633;159170;336;168823;40744613;36581915;3624458;6075;3555474
FR;1;2021-11-10;28425;48771;181772;439;192241;40773038;36630686;3806230;6514;3747715
FR;1;2021-11-11;3397;5567;12163;26;12956;40776435;36636253;3818393;6540;3760671
FR;1;2021-11-12;25814;46802;174708;241;186274;40802249;36683055;3993101;6781;3946945
FR;1;2021-11-13;18590;29194;76778;111;81716;40820839;36712249;4069879;6892;4028661
FR;1;2021-11-14;1993;3353;6805;5;7383;40822832;36715602;4076684;6897;4036044
FR;1;2021-11-15;18433;34820;156266;303;166016;40841265;36750422;4232950;7200;4202060
FR;1;2021-11-16;20864;37792;191952;378;204661;40862129;36788214;4424902;7578;4406721
FR;1;2021-11-17;28336;45620;193111;399;204858;40890465;36833834;4618013;7977;4611579
FR;1;2021-11-18;20891;37673;182333;458;194262;40911356;36871507;4800346;8435;4805841
FR;1;2021-11-19;30707;53270;230086;529;246450;40942063;36924777;5030432;8964;5052291
FR;1;2021-11-20;23592;33199;96913;200;103539;40965655;36957976;5127345;9164;5155830
FR;1;2021-11-21;2301;4036;9087;18;9981;40967956;36962012;5136432;9182;5165811
FR;1;2021-11-22;21267;30336;175754;465;189235;40989223;36992348;5312186;9647;5355046
FR;1;2021-11-23;23723;40953;221028;538;237647;41012946;37033301;5533214;10185;5592693
FR;1;2021-11-24;30162;49567;217223;703;234299;41043108;37082868;5750437;10888;5826992
FR;1;2021-11-25;23389;43652;244291;719;263797;41066497;37126520;5994728;11607;6090789
FR;1;2021-11-26;30457;66418;356617;834;388312;41096954;37192938;6351345;12441;6479101
FR;1;2021-11-27;21635;45109;202521;371;222474;41118589;37238047;6553866;12812;6701575
FR;1;2021-11-28;3132;9686;54742;63;61037;41121721;37247733;6608608;12875;6762612
FR;1;2021-11-29;17773;49377;326222;841;354146;41139494;37297110;6934830;13716;7116758
FR;1;2021-11-30;22445;64682;430962;949;470513;41161939;37361792;7365792;14665;7587271
FR;1;2021-12-01;24034;69075;442662;1129;481451;41185973;37430867;7808454;15794;8068722
FR;1;2021-12-02;19720;64190;489192;1224;532581;41205693;37495057;8297646;17018;8601303
FR;1;2021-12-03;22682;81639;542541;1303;591456;41228375;37576696;8840187;18321;9192759
FR;1;2021-12-04;16331;53837;298987;652;328794;41244706;37630533;9139174;18973;9521553
FR;1;2021-12-05;3620;13920;81481;143;91065;41248326;37644453;9220655;19116;9612618
FR;1;2021-12-06;16607;62614;415253;1062;454939;41264933;37707067;9635908;20178;10067557
FR;1;2021-12-07;19687;75677;522718;1531;572247;41284620;37782744;10158626;21709;10639804
FR;1;2021-12-08;21420;75417;458167;1541;501850;41306040;37858161;10616793;23250;11141654
FR;1;2021-12-09;19280;73863;492695;1626;540510;41325320;37932024;11109488;24876;11682164
FR;1;2021-12-10;22342;87491;547173;1583;599751;41347662;38019515;11656661;26459;12281915
FR;1;2021-12-11;16482;58913;302648;746;335394;41364144;38078428;11959309;27205;12617309
FR;1;2021-12-12;4323;15937;83155;179;94067;41368467;38094365;12042464;27384;12711376
FR;1;2021-12-13;15378;63601;366762;1095;406113;41383845;38157966;12409226;28479;13117489
FR;1;2021-12-14;19848;80120;464468;1738;514960;41403693;38238086;12873694;30217;13632449
FR;1;2021-12-15;21222;77104;408844;1307;452892;41424915;38315190;13282538;31524;14085341
FR;1;2021-12-16;19838;77206;451600;1574;500387;41444753;38392396;13734138;33098;14585728
FR;1;2021-12-17;22383;86593;479716;1735;530833;41467136;38478989;14213854;34833;15116561
FR;1;2021-12-18;17561;54615;257530;730;288443;41484697;38533604;14471384;35563;15405004
FR;1;2021-12-19;5533;17188;79115;194;90776;41490230;38550792;14550499;35757;15495780
FR;1;2021-12-20;20713;62993;316044;1080;355126;41510943;38613785;14866543;36837;15850906
FR;1;2021-12-21;26035;73032;372562;1420;417927;41536978;38686817;15239105;38257;16268833
FR;1;2021-12-22;24841;65719;310439;1213;349411;41561819;38752536;15549544;39470;16618244
FR;1;2021-12-23;21146;52193;241339;948;272932;41582965;38804729;15790883;40418;16891176
FR;1;2021-12-24;7049;18233;67089;256;77035;41590014;38822962;15857972;40674;16968211
FR;1;2021-12-25;493;2750;5565;15;6537;41590507;38825712;15863537;40689;16974748
FR;1;2021-12-26;2745;7581;26913;68;31444;41593252;38833293;15890450;40757;17006192
FR;1;2021-12-27;18051;53221;234963;707;265626;41611303;38886514;16125413;41464;17271818
FR;1;2021-12-28;23185;61759;291898;1024;330062;41634488;38948273;16417311;42488;17601880
FR;1;2021-12-29;22155;55408;254863;917;288094;41656643;39003681;16672174;43405;17889974
FR;1;2021-12-30;21170;46037;212048;857;239510;41677813;39049718;16884222;44262;18129484
FR;1;2021-12-31;7245;16458;61806;229;70308;41685058;39066176;16946028;44491;18199792
FR;1;2022-01-01;768;2480;5637;29;6570;41685826;39068656;16951665;44520;18206362
FR;1;2022-01-02;3031;8069;28851;50;33514;41688857;39076725;16980516;44570;18239876
FR;1;2022-01-03;18821;51794;228022;783;257260;41707678;39128519;17208538;45353;18497136
FR;1;2022-01-04;24600;64483;299102;1235;337095;41732278;39193002;17507640;46588;18834231
FR;1;2022-01-05;28930;63463;274700;1096;309989;41761208;39256465;17782340;47684;19144220
FR;1;2022-01-06;26310;65793;306727;1392;346362;41787518;39322258;18089067;49076;19490582
FR;1;2022-01-07;31150;74292;349662;1534;393709;41818668;39396550;18438729;50610;19884291
FR;1;2022-01-08;23288;51353;222436;694;251069;41841956;39447903;18661165;51304;20135360
FR;1;2022-01-09;7072;17227;65998;162;76156;41849028;39465130;18727163;51466;20211516
FR;1;2022-01-10;21223;53440;236608;951;266854;41870251;39518570;18963771;52417;20478370
FR;1;2022-01-11;26350;62598;282126;1276;317648;41896601;39581168;19245897;53693;20796018
FR;1;2022-01-12;28533;61820;246083;1103;277838;41925134;39642988;19491980;54796;21073856
FR;1;2022-01-13;24285;59622;262617;1250;295965;41949419;39702610;19754597;56046;21369821
FR;1;2022-01-14;27670;66400;313810;1364;351090;41977089;39769010;20068407;57410;21720911
FR;1;2022-01-15;19235;44280;199227;618;223811;41996324;39813290;20267634;58028;21944722
FR;1;2022-01-16;5131;13000;51479;135;59570;42001455;39826290;20319113;58163;22004292
FR;1;2022-01-17;16646;39609;184723;779;206782;42018101;39865899;20503836;58942;22211074
FR;1;2022-01-18;19182;45452;212277;1149;236902;42037283;39911351;20716113;60091;22447976
FR;1;2022-01-19;20050;43739;175981;894;197106;42057333;39955090;20892094;60985;22645082
FR;1;2022-01-20;16503;40196;183499;1136;204567;42073836;39995286;21075593;62121;22849649
FR;1;2022-01-21;19626;46904;228819;1398;253235;42093462;40042190;21304412;63519;23102884
FR;1;2022-01-22;13818;33077;144437;578;161325;42107280;40075267;21448849;64097;23264209
FR;1;2022-01-23;3340;8831;33383;130;38321;42110620;40084098;21482232;64227;23302530
FR;1;2022-01-24;11689;32523;142104;705;158202;42122309;40116621;21624336;64932;23460732
FR;1;2022-01-25;14064;37785;163282;1049;181478;42136373;40154406;21787618;65981;23642210
FR;1;2022-01-26;14777;36607;150118;927;166154;42151150;40191013;21937736;66908;23808364
FR;1;2022-01-27;12242;32538;143308;878;157774;42163392;40223551;22081044;67786;23966138
FR;1;2022-01-28;16171;53806;198170;1143;222408;42179563;40277357;22279214;68929;24188546
FR;1;2022-01-29;10238;35435;135145;520;151526;42189801;40312792;22414359;69449;24340072
FR;1;2022-01-30;2470;9342;29652;84;34459;42192271;40322134;22444011;69533;24374531
FR;1;2022-01-31;8701;32312;104265;530;117370;42200972;40354446;22548276;70063;24491901
FR;1;2022-02-01;9946;35789;126947;853;141100;42210918;40390235;22675223;70916;24633001
FR;1;2022-02-02;11073;40757;130216;765;145736;42221991;40430992;22805439;71681;24778737
FR;1;2022-02-03;8646;32972;116887;768;130266;42230637;40463964;22922326;72449;24909003
FR;1;2022-02-04;11329;47852;172456;963;192721;42241966;40511816;23094782;73412;25101724
FR;1;2022-02-05;7672;33924;117524;391;133031;42249638;40545740;23212306;73803;25234755
FR;1;2022-02-06;1686;8068;22723;83;26900;42251324;40553808;23235029;73886;25261655
FR;1;2022-02-07;6957;35208;118994;449;134923;42258281;40589016;23354023;74335;25396578
FR;1;2022-02-08;7472;31357;125553;689;140513;42265753;40620373;23479576;75024;25537091
FR;1;2022-02-09;8360;35767;135146;691;152336;42274113;40656140;23614722;75715;25689427
FR;1;2022-02-10;6513;28819;116205;669;129907;42280626;40684959;23730927;76384;25819334
FR;1;2022-02-11;8507;41142;164989;870;185179;42289133;40726101;23895916;77254;26004513
FR;1;2022-02-12;5241;27486;106642;378;120808;42294374;40753587;24002558;77632;26125321
FR;1;2022-02-13;1210;5685;21682;61;25295;42295584;40759272;24024240;77693;26150616
FR;1;2022-02-14;5321;26990;117953;389;132969;42300905;40786262;24142193;78082;26283585
FR;1;2022-02-15;5538;27924;118697;608;132263;42306443;40814186;24260890;78690;26415848
FR;1;2022-02-16;5600;27839;110274;591;122862;42312043;40842025;24371164;79281;26538710
FR;1;2022-02-17;4361;18840;73021;484;80049;42316404;40860865;24444185;79765;26618759
FR;1;2022-02-18;5440;26269;99051;666;107965;42321844;40887134;24543236;80431;26726724
FR;1;2022-02-19;3496;17045;59421;303;65989;42325340;40904179;24602657;80734;26792713
FR;1;2022-02-20;774;3205;10670;35;12290;42326114;40907384;24613327;80769;26805003
FR;1;2022-02-21;3304;14414;52738;286;57571;42329418;40921798;24666065;81055;26862574
FR;1;2022-02-22;3648;15285;51807;489;55522;42333066;40937083;24717872;81544;26918096
FR;1;2022-02-23;4124;17436;57360;508;62434;42337190;40954519;24775232;82052;26980530
FR;1;2022-02-24;3197;12503;43490;431;46245;42340387;40967022;24818722;82483;27026775
FR;1;2022-02-25;4335;19192;64764;691;68597;42344722;40986214;24883486;83174;27095372
FR;1;2022-02-26;2663;12494;41290;305;45041;42347385;40998708;24924776;83479;27140413
FR;1;2022-02-27;631;2159;7105;42;7966;42348016;41000867;24931881;83521;27148379
FR;1;2022-02-28;2531;9942;34865;300;37282;42350547;41010809;24966746;83821;27185661
FR;1;2022-03-01;2538;10135;38153;372;39059;42353085;41020944;25004899;84193;27224720
FR;1;2022-03-02;3342;11717;41442;384;43489;42356427;41032661;25046341;84577;27268209
FR;1;2022-03-03;2219;7288;25794;296;26094;42358646;41039949;25072135;84873;27294303
FR;1;2022-03-04;2596;10083;35164;564;34624;42361242;41050032;25107299;85437;27328927
FR;1;2022-03-05;1625;6245;21823;273;22202;42362867;41056277;25129122;85710;27351129
FR;1;2022-03-06;337;922;2901;37;3095;42363204;41057199;25132023;85747;27354224
FR;1;2022-03-07;1294;4486;16197;241;15651;42364498;41061685;25148220;85988;27369875
FR;1;2022-03-08;1465;4953;16840;300;15650;42365963;41066638;25165060;86288;27385525
FR;1;2022-03-09;1800;6266;19323;362;18677;42367763;41072904;25184383;86650;27404202
FR;1;2022-03-10;1217;4007;14352;288;13361;42368980;41076911;25198735;86938;27417563
FR;1;2022-03-11;1640;6030;21317;478;19451;42370620;41082941;25220052;87416;27437014
FR;1;2022-03-12;1190;4541;15222;273;14757;42371810;41087482;25235274;87689;27451771
FR;1;2022-03-13;225;586;1998;114;1946;42372035;41088068;25237272;87803;27453717
FR;1;2022-03-14;1024;3402;12455;3870;11590;42373059;41091470;25249727;91673;27465307
FR;1;2022-03-15;1183;3629;13612;6832;12066;42374242;41095099;25263339;98505;27477373
FR;1;2022-03-16;1534;4496;15815;11462;14920;42375776;41099595;25279154;109967;27492293
FR;1;2022-03-17;1043;2928;10653;9548;9739;42376819;41102523;25289807;119515;27502032
FR;1;2022-03-18;1598;4505;17204;16360;15627;42378417;41107028;25307011;135875;27517659
FR;1;2022-03-19;1080;3080;11629;8436;11088;42379497;41110108;25318640;144311;27528747
FR;1;2022-03-20;202;490;1520;985;1548;42379699;41110598;25320160;145296;27530295
FR;1;2022-03-21;990;2481;9682;13287;9063;42380689;41113079;25329842;158583;27539358
FR;1;2022-03-22;1121;2868;11150;18547;10153;42381810;41115947;25340992;177130;27549511
FR;1;2022-03-23;1370;3663;12793;19844;12338;42383180;41119610;25353785;196974;27561849
FR;1;2022-03-24;985;2294;9201;15607;8453;42384165;41121904;25362986;212581;27570302
FR;1;2022-03-25;1374;3671;15415;24462;14051;42385539;41125575;25378401;237043;27584353
FR;1;2022-03-26;1040;2676;10348;11176;9996;42386579;41128251;25388749;248219;27594349
FR;1;2022-03-27;203;472;1578;1236;1620;42386782;41128723;25390327;249455;27595969
FR;2;2020-12-27;0;0;0;0;0;0;0;0;0;0
FR;2;2020-12-28;0;0;0;0;0;0;0;0;0;0
FR;2;2020-12-29;0;0;0;0;0;0;0;0;0;0
FR;2;2020-12-30;0;0;0;0;0;0;0;0;0;0
FR;2;2020-12-31;0;0;0;0;0;0;0;0;0;0
FR;2;2021-01-01;0;0;0;0;0;0;0;0;0;0
FR;2;2021-01-02;0;0;0;0;0;0;0;0;0;0
FR;2;2021-01-03;0;0;0;0;0;0;0;0;0;0
FR;2;2021-01-04;0;0;0;0;0;0;0;0;0;0
FR;2;2021-01-05;0;0;0;0;0;0;0;0;0;0
FR;2;2021-01-06;0;0;0;0;0;0;0;0;0;0
FR;2;2021-01-07;0;0;0;0;0;0;0;0;0;0
FR;2;2021-01-08;0;0;0;0;0;0;0;0;0;0
FR;2;2021-01-09;0;0;0;0;0;0;0;0;0;0
FR;2;2021-01-10;0;0;0;0;0;0;0;0;0;0
FR;2;2021-01-11;0;0;0;0;0;0;0;0;0;0
FR;2;2021-01-12;0;0;0;0;0;0;0;0;0;0
FR;2;2021-01-13;0;0;0;0;0;0;0;0;0;0
FR;2;2021-01-14;1701;0;0;0;0;1701;0;0;0;0
FR;2;2021-01-15;389;0;0;0;0;2090;0;0;0;0
FR;2;2021-01-16;312;0;0;0;0;2402;0;0;0;0
FR;2;2021-01-17;80;0;0;0;0;2482;0;0;0;0
FR;2;2021-01-18;3072;0;0;0;0;5554;0;0;0;0
FR;2;2021-01-19;4674;0;0;0;0;10228;0;0;0;0
FR;2;2021-01-20;5133;2;0;0;0;15361;2;0;0;0
FR;2;2021-01-21;5332;4;0;0;0;20693;6;0;0;0
FR;2;2021-01-22;5115;0;0;0;0;25808;6;0;0;0
FR;2;2021-01-23;1863;0;0;0;0;27671;6;0;0;0
FR;2;2021-01-24;160;1;0;0;0;27831;7;0;0;0
FR;2;2021-01-25;3810;1;0;0;0;31641;8;0;0;0
FR;2;2021-01-26;3914;0;0;0;0;35555;8;0;0;0
FR;2;2021-01-27;3595;1;0;0;0;39150;9;0;0;0
FR;2;2021-01-28;3740;1;0;0;0;42890;10;0;0;0
FR;2;2021-01-29;3286;2;0;0;0;46176;12;0;0;0
FR;2;2021-01-30;1129;1;0;0;0;47305;13;0;0;0
FR;2;2021-01-31;45;1;0;0;0;47350;14;0;0;0
FR;2;2021-02-01;3399;2;0;0;0;50749;16;0;0;0
FR;2;2021-02-02;4485;8;0;0;0;55234;24;0;0;0
FR;2;2021-02-03;5214;5;0;0;0;60448;29;0;0;0
FR;2;2021-02-04;4926;6;0;0;0;65374;35;0;0;0
FR;2;2021-02-05;4808;13;0;0;0;70182;48;0;0;0
FR;2;2021-02-06;2037;9;0;0;0;72219;57;0;0;0
FR;2;2021-02-07;97;4;0;0;0;72316;61;0;0;0
FR;2;2021-02-08;7549;16;0;0;0;79865;77;0;0;0
FR;2;2021-02-09;8418;25;0;0;0;88283;102;0;0;0
FR;2;2021-02-10;9336;55;0;0;0;97619;157;0;0;0
FR;2;2021-02-11;10271;76;0;0;0;107890;233;0;0;0
FR;2;2021-02-12;10046;245;0;0;0;117936;478;0;0;0
FR;2;2021-02-13;3115;227;0;0;0;121051;705;0;0;0
FR;2;2021-02-14;349;2;0;0;0;121400;707;0;0;0
FR;2;2021-02-15;3453;3075;0;0;0;124853;3782;0;0;0
FR;2;2021-02-16;5065;3919;0;0;0;129918;7701;0;0;0
FR;2;2021-02-17;4248;4411;0;0;0;134166;12112;0;0;0
FR;2;2021-02-18;5399;5097;0;0;0;139565;17209;0;0;0
FR;2;2021-02-19;5320;4337;0;0;0;144885;21546;0;0;0
FR;2;2021-02-20;1864;1508;0;0;0;146749;23054;0;0;0
FR;2;2021-02-21;239;86;0;0;0;146988;23140;0;0;0
FR;2;2021-02-22;3610;3722;0;0;0;150598;26862;0;0;0
FR;2;2021-02-23;4950;3691;0;0;0;155548;30553;0;0;0
FR;2;2021-02-24;5005;3462;0;0;0;160553;34015;0;0;0
FR;2;2021-02-25;5479;3439;0;0;0;166032;37454;0;0;0
FR;2;2021-02-26;4355;3133;0;0;0;170387;40587;0;0;0
FR;2;2021-02-27;1622;1045;0;0;0;172009;41632;0;0;0
FR;2;2021-02-28;176;32;0;0;0;172185;41664;0;0;0
FR;2;2021-03-01;5171;3753;0;0;0;177356;45417;0;0;0
FR;2;2021-03-02;6526;4719;0;0;0;183882;50136;0;0;0
FR;2;2021-03-03;6531;4891;0;0;0;190413;55027;0;0;0
FR;2;2021-03-04;8393;3969;0;0;0;198806;58996;0;0;0
FR;2;2021-03-05;8023;4064;0;0;0;206829;63060;0;0;0
FR;2;2021-03-06;4782;1684;0;0;0;211611;64744;0;0;0
FR;2;2021-03-07;2371;31;0;0;0;213982;64775;0;0;0
FR;2;2021-03-08;4163;8313;0;0;0;218145;73088;0;0;0
FR;2;2021-03-09;7482;8440;1;0;0;225627;81528;1;0;0
FR;2;2021-03-10;7092;9104;0;0;0;232719;90632;1;0;0
FR;2;2021-03-11;9369;9188;1;0;0;242088;99820;2;0;0
FR;2;2021-03-12;7968;8181;0;0;0;250056;108001;2;0;0
FR;2;2021-03-13;10045;2519;0;0;0;260101;110520;2;0;0
FR;2;2021-03-14;4838;402;0;0;0;264939;110922;2;0;0
FR;2;2021-03-15;10904;3490;0;0;0;275843;114412;2;0;0
FR;2;2021-03-16;16753;4636;1;0;0;292596;119048;3;0;0
FR;2;2021-03-17;20216;3958;0;0;0;312812;123006;3;0;0
FR;2;2021-03-18;23361;4909;0;0;0;336173;127915;3;0;0
FR;2;2021-03-19;23295;4529;0;0;0;359468;132444;3;0;0
FR;2;2021-03-20;25438;1540;0;0;0;384906;133984;3;0;0
FR;2;2021-03-21;17669;146;0;0;0;402575;134130;3;0;0
FR;2;2021-03-22;17780;3079;0;0;0;420355;137209;3;0;0
FR;2;2021-03-23;22681;4194;0;0;0;443036;141403;3;0;0
FR;2;2021-03-24;23952;4984;0;0;0;466988;146387;3;0;0
FR;2;2021-03-25;26735;5040;1;0;0;493723;151427;4;0;0
FR;2;2021-03-26;26973;4264;0;0;0;520696;155691;4;0;0
FR;2;2021-03-27;15913;1316;0;0;0;536609;157007;4;0;0
FR;2;2021-03-28;10560;101;0;0;0;547169;157108;4;0;0
FR;2;2021-03-29;18979;4283;0;0;0;566148;161391;4;0;0
FR;2;2021-03-30;24570;6009;0;0;0;590718;167400;4;0;0
FR;2;2021-03-31;28547;5943;0;0;0;619265;173343;4;0;0
FR;2;2021-04-01;34539;8493;1;0;0;653804;181836;5;0;0
FR;2;2021-04-02;29974;7663;0;0;0;683778;189499;5;0;0
FR;2;2021-04-03;16951;3606;0;0;0;700729;193105;5;0;0
FR;2;2021-04-04;9303;929;2;0;0;710032;194034;7;0;0
FR;2;2021-04-05;12436;812;0;0;0;722468;194846;7;0;0
FR;2;2021-04-06;27134;6936;0;0;0;749602;201782;7;0;0
FR;2;2021-04-07;30923;7167;1;0;0;780525;208949;8;0;0
FR;2;2021-04-08;36877;8801;1;0;0;817402;217750;9;0;0
FR;2;2021-04-09;33824;8587;28;0;0;851226;226337;37;0;0
FR;2;2021-04-10;19676;8979;1;0;0;870902;235316;38;0;0
FR;2;2021-04-11;7939;4262;1;0;0;878841;239578;39;0;0
FR;2;2021-04-12;17119;11218;0;0;0;895960;250796;39;0;0
FR;2;2021-04-13;19444;16374;1;0;0;915404;267170;40;0;0
FR;2;2021-04-14;18055;16269;7;0;0;933459;283439;47;0;0
FR;2;2021-04-15;22183;20752;26;0;0;955642;304191;73;0;0
FR;2;2021-04-16;20704;20042;45;0;0;976346;324233;118;0;0
FR;2;2021-04-17;13249;22443;5;0;0;989595;346676;123;0;0
FR;2;2021-04-18;5907;14388;6;0;0;995502;361064;129;0;0
FR;2;2021-04-19;16824;16245;24;0;0;1012326;377309;153;0;0
FR;2;2021-04-20;19312;21544;38;0;0;1031638;398853;191;0;0
FR;2;2021-04-21;20279;21656;76;0;0;1051917;420509;267;0;0
FR;2;2021-04-22;23804;24839;41;0;0;1075721;445348;308;0;0
FR;2;2021-04-23;24505;25337;76;0;0;1100226;470685;384;0;0
FR;2;2021-04-24;25299;15081;102;0;0;1125525;485766;486;0;0
FR;2;2021-04-25;9592;8592;5;0;0;1135117;494358;491;0;0
FR;2;2021-04-26;17153;17199;21;0;0;1152270;511557;512;0;0
FR;2;2021-04-27;19238;24274;40;0;0;1171508;535831;552;0;0
FR;2;2021-04-28;22330;26175;112;0;0;1193838;562006;664;0;0
FR;2;2021-04-29;25462;30127;69;0;0;1219300;592133;733;0;0
FR;2;2021-04-30;25529;27752;49;1;0;1244829;619885;782;1;0
FR;2;2021-05-01;14979;9866;6;0;0;1259808;629751;788;1;0
FR;2;2021-05-02;6634;9174;2;0;0;1266442;638925;790;1;0
FR;2;2021-05-03;20012;19290;40;0;0;1286454;658215;830;1;0
FR;2;2021-05-04;18280;29030;33;0;0;1304734;687245;863;1;0
FR;2;2021-05-05;18355;29379;48;0;0;1323089;716624;911;1;0
FR;2;2021-05-06;23532;35233;131;0;0;1346621;751857;1042;1;0
FR;2;2021-05-07;25321;33205;97;0;0;1371942;785062;1139;1;0
FR;2;2021-05-08;21332;9705;14;0;0;1393274;794767;1153;1;0
FR;2;2021-05-09;13160;7882;7;0;0;1406434;802649;1160;1;0
FR;2;2021-05-10;32933;22182;48;0;0;1439367;824831;1208;1;0
FR;2;2021-05-11;43589;21054;101;0;0;1482956;845885;1309;1;0
FR;2;2021-05-12;50032;19877;141;0;0;1532988;865762;1450;1;0
FR;2;2021-05-13;51286;5768;31;0;0;1584274;871530;1481;1;0
FR;2;2021-05-14;61337;12919;132;0;0;1645611;884449;1613;1;0
FR;2;2021-05-15;65918;7139;39;0;0;1711529;891588;1652;1;0
FR;2;2021-05-16;43576;2568;10;0;0;1755105;894156;1662;1;0
FR;2;2021-05-17;44739;12561;113;0;0;1799844;906717;1775;1;0
FR;2;2021-05-18;54632;12232;191;0;0;1854476;918949;1966;1;0
FR;2;2021-05-19;57159;10599;281;0;0;1911635;929548;2247;1;0
FR;2;2021-05-20;63427;10843;286;0;0;1975062;940391;2533;1;0
FR;2;2021-05-21;64281;11649;230;0;0;2039343;952040;2763;1;0
FR;2;2021-05-22;61474;4504;65;0;0;2100817;956544;2828;1;0
FR;2;2021-05-23;37529;569;22;0;0;2138346;957113;2850;1;0
FR;2;2021-05-24;17232;2032;33;0;0;2155578;959145;2883;1;0
FR;2;2021-05-25;21098;12231;239;0;0;2176676;971376;3122;1;0
FR;2;2021-05-26;19925;11440;229;0;0;2196601;982816;3351;1;0
FR;2;2021-05-27;22986;12659;181;0;0;2219587;995475;3532;1;0
FR;2;2021-05-28;29384;14951;190;0;0;2248971;1010426;3722;1;0
FR;2;2021-05-29;30411;8177;57;0;0;2279382;1018603;3779;1;0
FR;2;2021-05-30;4646;1813;6;0;0;2284028;1020416;3785;1;0
FR;2;2021-05-31;28580;18714;183;0;0;2312608;1039130;3968;1;0
FR;2;2021-06-01;45702;20024;221;0;0;2358310;1059154;4189;1;0
FR;2;2021-06-02;37458;19292;181;0;0;2395768;1078446;4370;1;0
FR;2;2021-06-03;51260;23355;161;0;0;2447028;1101801;4531;1;0
FR;2;2021-06-04;65504;24049;215;0;0;2512532;1125850;4746;1;0
FR;2;2021-06-05;34594;24024;51;0;0;2547126;1149874;4797;1;0
FR;2;2021-06-06;4946;6199;10;0;0;2552072;1156073;4807;1;0
FR;2;2021-06-07;28158;23055;146;0;0;2580230;1179128;4953;1;0
FR;2;2021-06-08;46370;22921;143;0;0;2626600;1202049;5096;1;0
FR;2;2021-06-09;34277;20916;107;0;0;2660877;1222965;5203;1;0
FR;2;2021-06-10;42631;19137;95;1;0;2703508;1242102;5298;2;0
FR;2;2021-06-11;55277;25225;133;0;0;2758785;1267327;5431;2;0
FR;2;2021-06-12;30556;19782;53;0;0;2789341;1287109;5484;2;0
FR;2;2021-06-13;3327;9181;13;0;0;2792668;1296290;5497;2;0
FR;2;2021-06-14;25294;24167;92;0;0;2817962;1320457;5589;2;0
FR;2;2021-06-15;39025;22855;154;0;0;2856987;1343312;5743;2;0
FR;2;2021-06-16;30154;21456;134;0;0;2887141;1364768;5877;2;0
FR;2;2021-06-17;36897;25867;150;0;0;2924038;1390635;6027;2;0
FR;2;2021-06-18;46840;28793;121;0;0;2970878;1419428;6148;2;0
FR;2;2021-06-19;24523;24892;39;0;0;2995401;1444320;6187;2;0
FR;2;2021-06-20;3737;10062;10;0;0;2999138;1454382;6197;2;0
FR;2;2021-06-21;17520;42834;87;0;0;3016658;1497216;6284;2;0
FR;2;2021-06-22;28353;49541;110;0;0;3045011;1546757;6394;2;0
FR;2;2021-06-23;21781;49563;106;1;1;3066792;1596320;6500;3;1
FR;2;2021-06-24;28369;50288;133;0;0;3095161;1646608;6633;3;1
FR;2;2021-06-25;33392;60376;126;0;0;3128553;1706984;6759;3;1
FR;2;2021-06-26;16368;59235;54;1;0;3144921;1766219;6813;4;1
FR;2;2021-06-27;2564;29322;22;1;0;3147485;1795541;6835;5;1
FR;2;2021-06-28;12633;54338;80;0;0;3160118;1849879;6915;5;1
FR;2;2021-06-29;19837;59879;178;0;0;3179955;1909758;7093;5;1
FR;2;2021-06-30;16315;57845;251;17;0;3196270;1967603;7344;22;1
FR;2;2021-07-01;20472;59884;227;0;0;3216742;2027487;7571;22;1
FR;2;2021-07-02;24067;62122;183;0;0;3240809;2089609;7754;22;1
FR;2;2021-07-03;12106;57078;153;0;0;3252915;2146687;7907;22;1
FR;2;2021-07-04;1957;23309;18;0;0;3254872;2169996;7925;22;1
FR;2;2021-07-05;9165;29356;106;0;0;3264037;2199352;8031;22;1
FR;2;2021-07-06;14569;36194;134;0;0;3278606;2235546;8165;22;1
FR;2;2021-07-07;14398;33665;138;0;0;3293004;2269211;8303;22;1
FR;2;2021-07-08;19708;40285;162;0;0;3312712;2309496;8465;22;1
FR;2;2021-07-09;27086;54262;202;1;1;3339798;2363758;8667;23;2
FR;2;2021-07-10;13380;33659;107;0;0;3353178;2397417;8774;23;2
FR;2;2021-07-11;1801;4336;16;0;0;3354979;2401753;8790;23;2
FR;2;2021-07-12;12957;37264;118;0;0;3367936;2439017;8908;23;2
FR;2;2021-07-13;37105;53233;150;0;0;3405041;2492250;9058;23;2
FR;2;2021-07-14;6600;3571;15;0;0;3411641;2495821;9073;23;2
FR;2;2021-07-15;47220;47027;156;0;0;3458861;2542848;9229;23;2
FR;2;2021-07-16;64303;55821;187;0;0;3523164;2598669;9416;23;2
FR;2;2021-07-17;31588;23931;96;0;0;3554752;2622600;9512;23;2
FR;2;2021-07-18;6085;4896;19;0;0;3560837;2627496;9531;23;2
FR;2;2021-07-19;32981;28687;93;0;0;3593818;2656183;9624;23;2
FR;2;2021-07-20;51982;44561;155;0;0;3645800;2700744;9779;23;2
FR;2;2021-07-21;45243;34785;93;0;0;3691043;2735529;9872;23;2
FR;2;2021-07-22;56268;41112;128;1;0;3747311;2776641;10000;24;2
FR;2;2021-07-23;68270;49097;170;0;0;3815581;2825738;10170;24;2
FR;2;2021-07-24;36159;21577;82;0;0;3851740;2847315;10252;24;2
FR;2;2021-07-25;6735;2658;10;0;0;3858475;2849973;10262;24;2
FR;2;2021-07-26;36286;22467;91;1;0;3894761;2872440;10353;25;2
FR;2;2021-07-27;62342;34630;180;0;0;3957103;2907070;10533;25;2
FR;2;2021-07-28;55278;26461;133;0;0;4012381;2933531;10666;25;2
FR;2;2021-07-29;68434;32775;189;0;0;4080815;2966306;10855;25;2
FR;2;2021-07-30;74412;37775;222;1;1;4155227;3004081;11077;26;3
FR;2;2021-07-31;34744;16173;104;0;0;4189971;3020254;11181;26;3
FR;2;2021-08-01;5393;2293;19;0;0;4195364;3022547;11200;26;3
FR;2;2021-08-02;35845;16206;101;0;0;4231209;3038753;11301;26;3
FR;2;2021-08-03;55944;28281;142;0;0;4287153;3067034;11443;26;3
FR;2;2021-08-04;46615;20859;128;0;0;4333768;3087893;11571;26;3
FR;2;2021-08-05;54600;31582;215;0;0;4388368;3119475;11786;26;3
FR;2;2021-08-06;58063;42385;242;1;0;4446431;3161860;12028;27;3
FR;2;2021-08-07;25130;17601;89;0;0;4471561;3179461;12117;27;3
FR;2;2021-08-08;3829;3671;21;0;0;4475390;3183132;12138;27;3
FR;2;2021-08-09;29281;21139;91;0;0;4504671;3204271;12229;27;3
FR;2;2021-08-10;44977;33517;152;0;0;4549648;3237788;12381;27;3
FR;2;2021-08-11;35256;25162;150;0;0;4584904;3262950;12531;27;3
FR;2;2021-08-12;41874;35732;162;0;0;4626778;3298682;12693;27;3
FR;2;2021-08-13;42578;37008;218;0;0;4669356;3335690;12911;27;3
FR;2;2021-08-14;18499;22269;93;0;0;4687855;3357959;13004;27;3
FR;2;2021-08-15;3788;3815;17;0;0;4691643;3361774;13021;27;3
FR;2;2021-08-16;25068;27220;110;0;0;4716711;3388994;13131;27;3
FR;2;2021-08-17;38245;43481;204;1;0;4754956;3432475;13335;28;3
FR;2;2021-08-18;32241;36388;192;1;1;4787197;3468863;13527;29;4
FR;2;2021-08-19;37422;46600;223;0;0;4824619;3515463;13750;29;4
FR;2;2021-08-20;40550;55581;269;1;0;4865169;3571044;14019;30;4
FR;2;2021-08-21;18111;24291;113;0;0;4883280;3595335;14132;30;4
FR;2;2021-08-22;2901;4324;22;1;1;4886181;3599659;14154;31;5
FR;2;2021-08-23;19237;35152;131;1;1;4905418;3634811;14285;32;6
FR;2;2021-08-24;31932;56029;234;0;0;4937350;3690840;14519;32;6
FR;2;2021-08-25;25924;43421;250;0;0;4963274;3734261;14769;32;6
FR;2;2021-08-26;32339;55769;387;0;0;4995613;3790030;15156;32;6
FR;2;2021-08-27;36992;65560;477;3;1;5032605;3855590;15633;35;7
FR;2;2021-08-28;17808;28455;300;0;0;5050413;3884045;15933;35;7
FR;2;2021-08-29;2653;5033;47;0;0;5053066;3889078;15980;35;7
FR;2;2021-08-30;18407;37747;399;0;762;5071473;3926825;16379;35;769
FR;2;2021-08-31;28068;57503;881;4;1532;5099541;3984328;17260;39;2301
FR;2;2021-09-01;21582;39815;1305;0;2082;5121123;4024143;18565;39;4383
FR;2;2021-09-02;25474;48596;1957;2;3270;5146597;4072739;20522;41;7653
FR;2;2021-09-03;33403;64462;2986;3;4811;5180000;4137201;23508;44;12464
FR;2;2021-09-04;16819;27674;1441;1;2340;5196819;4164875;24949;45;14804
FR;2;2021-09-05;2257;3620;263;0;412;5199076;4168495;25212;45;15216
FR;2;2021-09-06;14028;28731;1768;1;2929;5213104;4197226;26980;46;18145
FR;2;2021-09-07;21093;41042;3019;13;4836;5234197;4238268;29999;59;22981
FR;2;2021-09-08;17236;31907;2729;6;4433;5251433;4270175;32728;65;27414
FR;2;2021-09-09;20966;40429;4425;3;6713;5272399;4310604;37153;68;34127
FR;2;2021-09-10;28186;51091;5278;4;8776;5300585;4361695;42431;72;42903
FR;2;2021-09-11;13649;22329;2401;5;3914;5314234;4384024;44832;77;46817
FR;2;2021-09-12;1821;2795;281;0;500;5316055;4386819;45113;77;47317
FR;2;2021-09-13;11654;21449;2465;4;3989;5327709;4408268;47578;81;51306
FR;2;2021-09-14;18563;32773;5080;13;8995;5346272;4441041;52658;94;60301
FR;2;2021-09-15;14908;28279;5163;3;7778;5361180;4469320;57821;97;68079
FR;2;2021-09-16;16063;32749;6731;14;10514;5377243;4502069;64552;111;78593
FR;2;2021-09-17;20906;47069;8773;10;14559;5398149;4549138;73325;121;93152
FR;2;2021-09-18;9852;20915;3801;6;6021;5408001;4570053;77126;127;99173
FR;2;2021-09-19;1164;2659;395;0;650;5409165;4572712;77521;127;99823
FR;2;2021-09-20;7485;18805;3849;7;6147;5416650;4591517;81370;134;105970
FR;2;2021-09-21;11201;30012;6492;5;10738;5427851;4621529;87862;139;116708
FR;2;2021-09-22;9405;23547;5489;7;8509;5437256;4645076;93351;146;125217
FR;2;2021-09-23;10717;28860;7876;9;12625;5447973;4673936;101227;155;137842
FR;2;2021-09-24;15060;42821;10865;18;17149;5463033;4716757;112092;173;154991
FR;2;2021-09-25;7257;18707;3959;10;6070;5470290;4735464;116051;183;161061
FR;2;2021-09-26;1078;2564;494;0;638;5471368;4738028;116545;183;161699
FR;2;2021-09-27;6308;16447;4285;7;6549;5477676;4754475;120830;190;168248
FR;2;2021-09-28;9240;25529;7759;13;12053;5486916;4780004;128589;203;180301
FR;2;2021-09-29;8076;20206;6065;25;9251;5494992;4800210;134654;228;189552
FR;2;2021-09-30;9861;25777;9495;16;14071;5504853;4825987;144149;244;203623
FR;2;2021-10-01;13963;35612;12905;25;19210;5518816;4861599;157054;269;222833
FR;2;2021-10-02;6870;15862;4843;6;6992;5525686;4877461;161897;275;229825
FR;2;2021-10-03;840;1962;490;1;517;5526526;4879423;162387;276;230342
FR;2;2021-10-04;5816;13925;5511;5;7856;5532342;4893348;167898;281;238198
FR;2;2021-10-05;9047;22531;11119;19;15704;5541389;4915879;179017;300;253902
FR;2;2021-10-06;7776;17746;8236;11;11060;5549165;4933625;187253;311;264962
FR;2;2021-10-07;9192;22186;12369;15;16813;5558357;4955811;199622;326;281775
FR;2;2021-10-08;13420;32020;17340;27;23504;5571777;4987831;216962;353;305279
FR;2;2021-10-09;5995;12815;6039;6;7871;5577772;5000646;223001;359;313150
FR;2;2021-10-10;880;1635;435;2;629;5578652;5002281;223436;361;313779
FR;2;2021-10-11;5599;11616;6454;17;8839;5584251;5013897;229890;378;322618
FR;2;2021-10-12;8031;17755;12532;13;16722;5592282;5031652;242422;391;339340
FR;2;2021-10-13;6935;14847;10244;11;13596;5599217;5046499;252666;402;352936
FR;2;2021-10-14;8312;17926;14984;13;19438;5607529;5064425;267650;415;372374
FR;2;2021-10-15;11842;26256;20893;26;27920;5619371;5090681;288543;441;400294
FR;2;2021-10-16;5136;8729;1815;0;3205;5624507;5099410;290358;441;403499
FR;2;2021-10-17;650;1197;183;0;378;5625157;5100607;290541;441;403877
FR;2;2021-10-18;4554;7435;659;2;1678;5629711;5108042;291200;443;405555
FR;2;2021-10-19;6235;9912;728;5;2066;5635946;5117954;291928;448;407621
FR;2;2021-10-20;5159;8115;756;3;1685;5641105;5126069;292684;451;409306
FR;2;2021-10-21;6085;9969;777;5;2091;5647190;5136038;293461;456;411397
FR;2;2021-10-22;8442;14541;1140;4;2860;5655632;5150579;294601;460;414257
FR;2;2021-10-23;3840;5999;579;0;1236;5659472;5156578;295180;460;415493
FR;2;2021-10-24;493;883;99;0;200;5659965;5157461;295279;460;415693
FR;2;2021-10-25;3357;5389;296;1;827;5663322;5162850;295575;461;416520
FR;2;2021-10-26;4172;7244;1118;4;1992;5667494;5170094;296693;465;418512
FR;2;2021-10-27;3670;6631;1191;5;1999;5671164;5176725;297884;470;420511
FR;2;2021-10-28;4594;7691;1723;3;2733;5675758;5184416;299607;473;423244
FR;2;2021-10-29;5406;11076;2426;4;3662;5681164;5195492;302033;477;426906
FR;2;2021-10-30;2748;4425;971;1;1425;5683912;5199917;303004;478;428331
FR;2;2021-10-31;364;551;138;1;187;5684276;5200468;303142;479;428518
FR;2;2021-11-01;411;556;170;0;260;5684687;5201024;303312;479;428778
FR;2;2021-11-02;3285;6766;1177;0;1758;5687972;5207790;304489;479;430536
FR;2;2021-11-03;3331;6254;1380;2;1963;5691303;5214044;305869;481;432499
FR;2;2021-11-04;3983;7107;1756;4;2487;5695286;5221151;307625;485;434986
FR;2;2021-11-05;5220;10494;2862;5;3938;5700506;5231645;310487;490;438924
FR;2;2021-11-06;2589;4652;1396;0;1802;5703095;5236297;311883;490;440726
FR;2;2021-11-07;507;871;215;0;288;5703602;5237168;312098;490;441014
FR;2;2021-11-08;2575;5380;1199;3;1683;5706177;5242548;313297;493;442697
FR;2;2021-11-09;2748;6957;2389;6;3171;5708925;5249505;315686;499;445868
FR;2;2021-11-10;2582;5708;5087;6;6255;5711507;5255213;320773;505;452123
FR;2;2021-11-11;432;735;730;2;909;5711939;5255948;321503;507;453032
FR;2;2021-11-12;2945;8103;8958;8;10891;5714884;5264051;330461;515;463923
FR;2;2021-11-13;1529;3372;3862;7;4519;5716413;5267423;334323;522;468442
FR;2;2021-11-14;253;615;345;1;488;5716666;5268038;334668;523;468930
FR;2;2021-11-15;1618;3716;4431;9;5323;5718284;5271754;339099;532;474253
FR;2;2021-11-16;2181;5954;8285;14;10061;5720465;5277708;347384;546;484314
FR;2;2021-11-17;1736;4574;6614;8;7831;5722201;5282282;353998;554;492145
FR;2;2021-11-18;2186;5946;9165;11;10984;5724387;5288228;363163;565;503129
FR;2;2021-11-19;2696;7790;12954;19;15459;5727083;5296018;376117;584;518588
FR;2;2021-11-20;1565;3315;5164;5;6059;5728648;5299333;381281;589;524647
FR;2;2021-11-21;246;520;539;0;665;5728894;5299853;381820;589;525312
FR;2;2021-11-22;1274;2633;4466;5;5398;5730168;5302486;386286;594;530710
FR;2;2021-11-23;1612;4322;8183;9;9886;5731780;5306808;394469;603;540596
FR;2;2021-11-24;1420;3810;7455;15;8709;5733200;5310618;401924;618;549305
FR;2;2021-11-25;1810;4894;11439;21;13631;5735010;5315512;413363;639;562936
FR;2;2021-11-26;2534;7784;22638;31;26057;5737544;5323296;436001;670;588993
FR;2;2021-11-27;1497;4136;12254;18;13989;5739041;5327432;448255;688;602982
FR;2;2021-11-28;292;844;1964;3;2291;5739333;5328276;450219;691;605273
FR;2;2021-11-29;1444;4382;15069;23;17230;5740777;5332658;465288;714;622503
FR;2;2021-11-30;1907;6769;26218;36;29973;5742684;5339427;491506;750;652476
FR;2;2021-12-01;1898;6094;26179;29;29492;5744582;5345521;517685;779;681968
FR;2;2021-12-02;1909;6823;37679;52;41914;5746491;5352344;555364;831;723882
FR;2;2021-12-03;2548;10083;53578;112;59281;5749039;5362427;608942;943;783163
FR;2;2021-12-04;1848;6271;37083;38;40740;5750887;5368698;646025;981;823903
FR;2;2021-12-05;458;2294;14247;13;15992;5751345;5370992;660272;994;839895
FR;2;2021-12-06;2453;9892;77672;109;84729;5753798;5380884;737944;1103;924624
FR;2;2021-12-07;3441;15331;122403;238;133673;5757239;5396215;860347;1341;1058297
FR;2;2021-12-08;3716;16043;133160;330;145349;5760955;5412258;993507;1671;1203646
FR;2;2021-12-09;4544;19594;170122;554;185452;5765499;5431852;1163629;2225;1389098
FR;2;2021-12-10;4667;22801;188594;489;206011;5770166;5454653;1352223;2714;1595109
FR;2;2021-12-11;3681;16606;132416;238;144833;5773847;5471259;1484639;2952;1739942
FR;2;2021-12-12;1257;7142;59071;83;65130;5775104;5478401;1543710;3035;1805072
FR;2;2021-12-13;5523;26857;220636;604;242917;5780627;5505258;1764346;3639;2047989
FR;2;2021-12-14;7017;37498;300696;909;332137;5787644;5542756;2065042;4548;2380126
FR;2;2021-12-15;6560;36224;285148;955;315732;5794204;5578980;2350190;5503;2695858
FR;2;2021-12-16;7765;37930;312083;981;343677;5801969;5616910;2662273;6484;3039535
FR;2;2021-12-17;8684;41210;327813;975;360862;5810653;5658120;2990086;7459;3400397
FR;2;2021-12-18;6517;26570;212311;448;233618;5817170;5684690;3202397;7907;3634015
FR;2;2021-12-19;2604;11511;90195;184;100386;5819774;5696201;3292592;8091;3734401
FR;2;2021-12-20;9552;33601;275122;707;303297;5829326;5729802;3567714;8798;4037698
FR;2;2021-12-21;11555;38298;309565;970;341324;5840881;5768100;3877279;9768;4379022
FR;2;2021-12-22;10451;32880;265061;952;292458;5851332;5800980;4142340;10720;4671480
FR;2;2021-12-23;9428;26713;199439;700;221243;5860760;5827693;4341779;11420;4892723
FR;2;2021-12-24;2780;7507;43841;140;49565;5863540;5835200;4385620;11560;4942288
FR;2;2021-12-25;201;706;2000;10;2502;5863741;5835906;4387620;11570;4944790
FR;2;2021-12-26;1322;4207;25143;71;28679;5865063;5840113;4412763;11641;4973469
FR;2;2021-12-27;8075;29921;218369;658;243279;5873138;5870034;4631132;12299;5216748
FR;2;2021-12-28;9842;36347;272054;741;301945;5882980;5906381;4903186;13040;5518693
FR;2;2021-12-29;9492;32284;246086;766;272654;5892472;5938665;5149272;13806;5791347
FR;2;2021-12-30;9450;28133;208796;662;231456;5901922;5966798;5358068;14468;6022803
FR;2;2021-12-31;3009;8397;54972;177;61242;5904931;5975195;5413040;14645;6084045
FR;2;2022-01-01;227;690;2848;7;3336;5905158;5975885;5415888;14652;6087381
FR;2;2022-01-02;1505;4853;29504;74;33393;5906663;5980738;5445392;14726;6120774
FR;2;2022-01-03;9578;35334;266491;807;293840;5916241;6016072;5711883;15533;6414614
FR;2;2022-01-04;12839;45345;342048;1067;376924;5929080;6061417;6053931;16600;6791538
FR;2;2022-01-05;11269;38665;294120;884;323786;5940349;6100082;6348051;17484;7115324
FR;2;2022-01-06;13651;43458;331903;1296;364663;5954000;6143540;6679954;18780;7479987
FR;2;2022-01-07;14225;47617;361052;1268;396371;5968225;6191157;7041006;20048;7876358
FR;2;2022-01-08;7946;28140;201240;514;221661;5976171;6219297;7242246;20562;8098019
FR;2;2022-01-09;2749;9033;62513;137;69536;5978920;6228330;7304759;20699;8167555
FR;2;2022-01-10;10087;31920;232431;857;255031;5989007;6260250;7537190;21556;8422586
FR;2;2022-01-11;11463;36252;265851;1029;290546;6000470;6296502;7803041;22585;8713132
FR;2;2022-01-12;8755;29842;206281;861;226159;6009225;6326344;8009322;23446;8939291
FR;2;2022-01-13;9380;31328;224447;830;244791;6018605;6357672;8233769;24276;9184082
FR;2;2022-01-14;9739;35695;254495;919;277670;6028344;6393367;8488264;25195;9461752
FR;2;2022-01-15;5354;19445;140756;358;153624;6033698;6412812;8629020;25553;9615376
FR;2;2022-01-16;1513;5540;35861;80;39849;6035211;6418352;8664881;25633;9655225
FR;2;2022-01-17;5546;19309;135376;601;147242;6040757;6437661;8800257;26234;9802467
FR;2;2022-01-18;6416;21545;148593;647;160472;6047173;6459206;8948850;26881;9962939
FR;2;2022-01-19;4385;16376;105070;552;113681;6051558;6475582;9053920;27433;10076620
FR;2;2022-01-20;4864;17588;115257;601;123655;6056422;6493170;9169177;28034;10200275
FR;2;2022-01-21;5189;20058;137309;677;147727;6061611;6513228;9306486;28711;10348002
FR;2;2022-01-22;3026;10974;74248;259;80325;6064637;6524202;9380734;28970;10428327
FR;2;2022-01-23;722;2740;15233;41;16840;6065359;6526942;9395967;29011;10445167
FR;2;2022-01-24;3289;12838;75052;428;81007;6068648;6539780;9471019;29439;10526174
FR;2;2022-01-25;3572;14435;79599;495;85440;6072220;6554215;9550618;29934;10611614
FR;2;2022-01-26;2514;10657;58952;363;62982;6074734;6564872;9609570;30297;10674596
FR;2;2022-01-27;2683;11212;64153;387;67885;6077417;6576084;9673723;30684;10742481
FR;2;2022-01-28;3540;18437;91701;430;98959;6080957;6594521;9765424;31114;10841440
FR;2;2022-01-29;1890;9265;48831;163;52917;6082847;6603786;9814255;31277;10894357
FR;2;2022-01-30;466;2252;9453;37;10611;6083313;6606038;9823708;31314;10904968
FR;2;2022-01-31;1884;9612;43810;208;47342;6085197;6615650;9867518;31522;10952310
FR;2;2022-02-01;1906;10050;47014;278;50100;6087103;6625700;9914532;31800;11002410
FR;2;2022-02-02;1602;9033;41087;251;44156;6088705;6634733;9955619;32051;11046566
FR;2;2022-02-03;1714;8936;40496;204;42897;6090419;6643669;9996115;32255;11089463
FR;2;2022-02-04;2148;15224;66609;297;71334;6092567;6658893;10062724;32552;11160797
FR;2;2022-02-05;1360;8541;35929;131;39228;6093927;6667434;10098653;32683;11200025
FR;2;2022-02-06;274;1786;6122;16;6897;6094201;6669220;10104775;32699;11206922
FR;2;2022-02-07;1343;9612;37736;133;41298;6095544;6678832;10142511;32832;11248220
FR;2;2022-02-08;1295;9801;40921;173;43701;6096839;6688633;10183432;33005;11291921
FR;2;2022-02-09;1160;8800;37024;172;40437;6097999;6697433;10220456;33177;11332358
FR;2;2022-02-10;1015;7968;33824;203;36491;6099014;6705401;10254280;33380;11368849
FR;2;2022-02-11;1389;12074;53330;222;57674;6100403;6717475;10307610;33602;11426523
FR;2;2022-02-12;750;6521;27981;83;30797;6101153;6723996;10335591;33685;11457320
FR;2;2022-02-13;198;1333;4832;20;5572;6101351;6725329;10340423;33705;11462892
FR;2;2022-02-14;834;6721;30251;89;33216;6102185;6732050;10370674;33794;11496108
FR;2;2022-02-15;772;6444;28037;140;29977;6102957;6738494;10398711;33934;11526085
FR;2;2022-02-16;651;5334;22028;123;23585;6103608;6743828;10420739;34057;11549670
FR;2;2022-02-17;512;3766;14138;98;14601;6104120;6747594;10434877;34155;11564271
FR;2;2022-02-18;720;5356;20424;133;21118;6104840;6752950;10455301;34288;11585389
FR;2;2022-02-19;426;3039;10526;66;11235;6105266;6755989;10465827;34354;11596624
FR;2;2022-02-20;101;509;1455;3;1602;6105367;6756498;10467282;34357;11598226
FR;2;2022-02-21;416;2678;9106;65;9481;6105783;6759176;10476388;34422;11607707
FR;2;2022-02-22;389;2560;8885;75;8786;6106172;6761736;10485273;34497;11616493
FR;2;2022-02-23;430;2594;8978;82;9258;6106602;6764330;10494251;34579;11625751
FR;2;2022-02-24;312;2024;6788;81;6815;6106914;6766354;10501039;34660;11632566
FR;2;2022-02-25;451;3188;11405;108;11268;6107365;6769542;10512444;34768;11643834
FR;2;2022-02-26;290;1885;6032;49;6337;6107655;6771427;10518476;34817;11650171
FR;2;2022-02-27;72;309;902;5;944;6107727;6771736;10519378;34822;11651115
FR;2;2022-02-28;325;1671;5507;50;5513;6108052;6773407;10524885;34872;11656628
FR;2;2022-03-01;267;1545;5453;44;5170;6108319;6774952;10530338;34916;11661798
FR;2;2022-03-02;294;1428;5226;43;5070;6108613;6776380;10535564;34959;11666868
FR;2;2022-03-03;221;1089;3681;40;3458;6108834;6777469;10539245;34999;11670326
FR;2;2022-03-04;229;1453;4838;73;4482;6109063;6778922;10544083;35072;11674808
FR;2;2022-03-05;167;890;2963;31;2705;6109230;6779812;10547046;35103;11677513
FR;2;2022-03-06;36;176;269;5;309;6109266;6779988;10547315;35108;11677822
FR;2;2022-03-07;151;647;1970;68;1762;6109417;6780635;10549285;35176;11679584
FR;2;2022-03-08;140;646;2257;49;1888;6109557;6781281;10551542;35225;11681472
FR;2;2022-03-09;145;689;2322;36;2023;6109702;6781970;10553864;35261;11683495
FR;2;2022-03-10;110;583;1649;34;1423;6109812;6782553;10555513;35295;11684918
FR;2;2022-03-11;166;744;2752;57;2348;6109978;6783297;10558265;35352;11687266
FR;2;2022-03-12;136;472;1773;27;1543;6110114;6783769;10560038;35379;11688809
FR;2;2022-03-13;25;72;201;29;201;6110139;6783841;10560239;35408;11689010
FR;2;2022-03-14;114;446;1524;529;1257;6110253;6784287;10561763;35937;11690267
FR;2;2022-03-15;139;407;1681;687;1296;6110392;6784694;10563444;36624;11691563
FR;2;2022-03-16;131;443;1948;1609;1523;6110523;6785137;10565392;38233;11693086
FR;2;2022-03-17;92;401;1380;1191;1120;6110615;6785538;10566772;39424;11694206
FR;2;2022-03-18;138;476;1975;1784;1615;6110753;6786014;10568747;41208;11695821
FR;2;2022-03-19;106;318;1201;935;1007;6110859;6786332;10569948;42143;11696828
FR;2;2022-03-20;12;70;173;58;147;6110871;6786402;10570121;42201;11696975
FR;2;2022-03-21;92;282;1146;1474;1012;6110963;6786684;10571267;43675;11697987
FR;2;2022-03-22;111;368;1460;1816;1221;6111074;6787052;10572727;45491;11699208
FR;2;2022-03-23;133;316;1605;2994;1383;6111207;6787368;10574332;48485;11700591
FR;2;2022-03-24;103;269;1132;1525;939;6111310;6787637;10575464;50010;11701530
FR;2;2022-03-25;110;335;1677;2408;1367;6111420;6787972;10577141;52418;11702897
FR;2;2022-03-26;61;226;1151;1207;895;6111481;6788198;10578292;53625;11703792
FR;2;2022-03-27;17;29;131;90;108;6111498;6788227;10578423;53715;11703900
FR;3;2020-12-27;0;0;0;0;0;0;0;0;0;0
FR;3;2020-12-28;0;0;0;0;0;0;0;0;0;0
FR;3;2020-12-29;0;0;0;0;0;0;0;0;0;0
FR;3;2020-12-30;0;0;0;0;0;0;0;0;0;0
FR;3;2020-12-31;0;0;0;0;0;0;0;0;0;0
FR;3;2021-01-01;0;0;0;0;0;0;0;0;0;0
FR;3;2021-01-02;0;0;0;0;0;0;0;0;0;0
FR;3;2021-01-03;0;0;0;0;0;0;0;0;0;0
FR;3;2021-01-04;0;0;0;0;0;0;0;0;0;0
FR;3;2021-01-05;0;0;0;0;0;0;0;0;0;0
FR;3;2021-01-06;0;0;0;0;0;0;0;0;0;0
FR;3;2021-01-07;0;0;0;0;0;0;0;0;0;0
FR;3;2021-01-08;0;0;0;0;0;0;0;0;0;0
FR;3;2021-01-09;0;0;0;0;0;0;0;0;0;0
FR;3;2021-01-10;0;0;0;0;0;0;0;0;0;0
FR;3;2021-01-11;0;0;0;0;0;0;0;0;0;0
FR;3;2021-01-12;0;0;0;0;0;0;0;0;0;0
FR;3;2021-01-13;0;0;0;0;0;0;0;0;0;0
FR;3;2021-01-14;0;0;0;0;0;0;0;0;0;0
FR;3;2021-01-15;0;0;0;0;0;0;0;0;0;0
FR;3;2021-01-16;0;0;0;0;0;0;0;0;0;0
FR;3;2021-01-17;0;0;0;0;0;0;0;0;0;0
FR;3;2021-01-18;0;0;0;0;0;0;0;0;0;0
FR;3;2021-01-19;0;0;0;0;0;0;0;0;0;0
FR;3;2021-01-20;0;0;0;0;0;0;0;0;0;0
FR;3;2021-01-21;0;0;0;0;0;0;0;0;0;0
FR;3;2021-01-22;0;0;0;0;0;0;0;0;0;0
FR;3;2021-01-23;0;0;0;0;0;0;0;0;0;0
FR;3;2021-01-24;0;0;0;0;0;0;0;0;0;0
FR;3;2021-01-25;0;0;0;0;0;0;0;0;0;0
FR;3;2021-01-26;0;0;0;0;0;0;0;0;0;0
FR;3;2021-01-27;0;0;0;0;0;0;0;0;0;0
FR;3;2021-01-28;0;0;0;0;0;0;0;0;0;0
FR;3;2021-01-29;0;0;0;0;0;0;0;0;0;0
FR;3;2021-01-30;0;0;0;0;0;0;0;0;0;0
FR;3;2021-01-31;0;0;0;0;0;0;0;0;0;0
FR;3;2021-02-01;0;0;0;0;0;0;0;0;0;0
FR;3;2021-02-02;0;0;0;0;0;0;0;0;0;0
FR;3;2021-02-03;0;0;0;0;0;0;0;0;0;0
FR;3;2021-02-04;0;0;0;0;0;0;0;0;0;0
FR;3;2021-02-05;0;0;0;0;0;0;0;0;0;0
FR;3;2021-02-06;1704;0;0;0;0;1704;0;0;0;0
FR;3;2021-02-07;1421;0;0;0;0;3125;0;0;0;0
FR;3;2021-02-08;2779;0;0;0;0;5904;0;0;0;0
FR;3;2021-02-09;6780;0;0;0;0;12684;0;0;0;0
FR;3;2021-02-10;9601;0;0;0;0;22285;0;0;0;0
FR;3;2021-02-11;13606;0;0;0;0;35891;0;0;0;0
FR;3;2021-02-12;13393;0;0;0;0;49284;0;0;0;0
FR;3;2021-02-13;3778;0;0;0;0;53062;0;0;0;0
FR;3;2021-02-14;972;0;0;0;0;54034;0;0;0;0
FR;3;2021-02-15;10475;0;0;0;0;64509;0;0;0;0
FR;3;2021-02-16;12541;0;0;0;0;77050;0;0;0;0
FR;3;2021-02-17;11147;0;0;0;0;88197;0;0;0;0
FR;3;2021-02-18;14933;0;0;0;0;103130;0;0;0;0
FR;3;2021-02-19;14357;1;0;0;0;117487;1;0;0;0
FR;3;2021-02-20;3329;0;0;0;0;120816;1;0;0;0
FR;3;2021-02-21;617;0;0;0;0;121433;1;0;0;0
FR;3;2021-02-22;9159;0;0;0;0;130592;1;0;0;0
FR;3;2021-02-23;11393;1;0;0;0;141985;2;0;0;0
FR;3;2021-02-24;14297;0;0;0;0;156282;2;0;0;0
FR;3;2021-02-25;44927;0;0;0;0;201209;2;0;0;0
FR;3;2021-02-26;61880;0;0;0;0;263089;2;0;0;0
FR;3;2021-02-27;34800;5;0;0;0;297889;7;0;0;0
FR;3;2021-02-28;2463;0;0;0;0;300352;7;0;0;0
FR;3;2021-03-01;20503;9;0;0;0;320855;16;0;0;0
FR;3;2021-03-02;38859;17;0;0;0;359714;33;0;0;0
FR;3;2021-03-03;48726;16;0;0;0;408440;49;0;0;0
FR;3;2021-03-04;82210;19;0;0;0;490650;68;0;0;0
FR;3;2021-03-05;118120;37;0;0;0;608770;105;0;0;0
FR;3;2021-03-06;120708;48;1;0;0;729478;153;1;0;0
FR;3;2021-03-07;55173;26;0;0;0;784651;179;1;0;0
FR;3;2021-03-08;42804;23;0;0;0;827455;202;1;0;0
FR;3;2021-03-09;78969;39;0;0;0;906424;241;1;0;0
FR;3;2021-03-10;80960;42;0;0;0;987384;283;1;0;0
FR;3;2021-03-11;128409;47;0;0;0;1115793;330;1;0;0
FR;3;2021-03-12;182712;75;0;0;0;1298505;405;1;0;0
FR;3;2021-03-13;132138;56;0;0;0;1430643;461;1;0;0
FR;3;2021-03-14;14054;4;0;0;0;1444697;465;1;0;0
FR;3;2021-03-15;52217;39;0;0;0;1496914;504;1;0;0
FR;3;2021-03-16;1207;16;0;0;0;1498121;520;1;0;0
FR;3;2021-03-17;939;17;0;0;0;1499060;537;1;0;0
FR;3;2021-03-18;1562;9;0;0;0;1500622;546;1;0;0
FR;3;2021-03-19;70439;43;0;0;0;1571061;589;1;0;0
FR;3;2021-03-20;65224;40;0;0;0;1636285;629;1;0;0
FR;3;2021-03-21;5754;4;0;0;0;1642039;633;1;0;0
FR;3;2021-03-22;37492;36;0;0;0;1679531;669;1;0;0
FR;3;2021-03-23;84645;58;0;0;0;1764176;727;1;0;0
FR;3;2021-03-24;90927;90;0;0;0;1855103;817;1;0;0
FR;3;2021-03-25;150037;121;0;0;0;2005140;938;1;0;0
FR;3;2021-03-26;165407;149;0;0;0;2170547;1087;1;0;0
FR;3;2021-03-27;68453;93;0;0;0;2239000;1180;1;0;0
FR;3;2021-03-28;6468;19;0;0;0;2245468;1199;1;0;0
FR;3;2021-03-29;54149;68;0;0;0;2299617;1267;1;0;0
FR;3;2021-03-30;93154;96;0;0;0;2392771;1363;1;0;0
FR;3;2021-03-31;63517;84;0;0;0;2456288;1447;1;0;0
FR;3;2021-04-01;86116;102;0;0;0;2542404;1549;1;0;0
FR;3;2021-04-02;86882;146;0;0;0;2629286;1695;1;0;0
FR;3;2021-04-03;35866;113;0;0;0;2665152;1808;1;0;0
FR;3;2021-04-04;3569;14;0;0;0;2668721;1822;1;0;0
FR;3;2021-04-05;4481;25;0;0;0;2673202;1847;1;0;0
FR;3;2021-04-06;29737;77;0;0;0;2702939;1924;1;0;0
FR;3;2021-04-07;32331;69;0;0;0;2735270;1993;1;0;0
FR;3;2021-04-08;78804;234;0;0;0;2814074;2227;1;0;0
FR;3;2021-04-09;161745;410;0;0;0;2975819;2637;1;0;0
FR;3;2021-04-10;75751;330;0;0;0;3051570;2967;1;0;0
FR;3;2021-04-11;7305;44;0;0;0;3058875;3011;1;0;0
FR;3;2021-04-12;51464;200;0;0;0;3110339;3211;1;0;0
FR;3;2021-04-13;86216;312;0;0;0;3196555;3523;1;0;0
FR;3;2021-04-14;67832;337;0;0;0;3264387;3860;1;0;0
FR;3;2021-04-15;93219;365;0;0;0;3357606;4225;1;0;0
FR;3;2021-04-16;112514;565;0;0;0;3470120;4790;1;0;0
FR;3;2021-04-17;53311;318;1;0;0;3523431;5108;2;0;0
FR;3;2021-04-18;9741;32;0;0;0;3533172;5140;2;0;0
FR;3;2021-04-19;25101;232;0;0;0;3558273;5372;2;0;0
FR;3;2021-04-20;45667;391;0;0;0;3603940;5763;2;0;0
FR;3;2021-04-21;38960;456;0;0;0;3642900;6219;2;0;0
FR;3;2021-04-22;54697;776;0;0;0;3697597;6995;2;0;0
FR;3;2021-04-23;70476;1009;0;0;0;3768073;8004;2;0;0
FR;3;2021-04-24;37240;971;0;0;0;3805313;8975;2;0;0
FR;3;2021-04-25;6200;156;0;0;0;3811513;9131;2;0;0
FR;3;2021-04-26;19782;646;0;0;0;3831295;9777;2;0;0
FR;3;2021-04-27;34467;1248;0;0;0;3865762;11025;2;0;0
FR;3;2021-04-28;28955;1925;0;0;0;3894717;12950;2;0;0
FR;3;2021-04-29;45370;5946;0;0;0;3940087;18896;2;0;0
FR;3;2021-04-30;55451;8910;1;0;0;3995538;27806;3;0;0
FR;3;2021-05-01;9507;1964;0;0;0;4005045;29770;3;0;0
FR;3;2021-05-02;3069;491;0;0;0;4008114;30261;3;0;0
FR;3;2021-05-03;13052;3880;0;0;0;4021166;34141;3;0;0
FR;3;2021-05-04;23107;8394;0;0;0;4044273;42535;3;0;0
FR;3;2021-05-05;18746;10567;0;0;0;4063019;53102;3;0;0
FR;3;2021-05-06;34613;20869;0;0;0;4097632;73971;3;0;0
FR;3;2021-05-07;44196;28367;0;0;0;4141828;102338;3;0;0
FR;3;2021-05-08;6776;8836;0;0;0;4148604;111174;3;0;0
FR;3;2021-05-09;1792;2649;0;0;0;4150396;113823;3;0;0
FR;3;2021-05-10;14983;12544;0;0;0;4165379;126367;3;0;0
FR;3;2021-05-11;27090;25701;0;0;0;4192469;152068;3;0;0
FR;3;2021-05-12;17262;27427;0;0;0;4209731;179495;3;0;0
FR;3;2021-05-13;2275;3480;0;0;0;4212006;182975;3;0;0
FR;3;2021-05-14;14509;25701;0;0;0;4226515;208676;3;0;0
FR;3;2021-05-15;7227;20723;0;0;0;4233742;229399;3;0;0
FR;3;2021-05-16;973;2673;0;0;0;4234715;232072;3;0;0
FR;3;2021-05-17;7954;19900;0;0;0;4242669;251972;3;0;0
FR;3;2021-05-18;13401;29614;0;0;0;4256070;281586;3;0;0
FR;3;2021-05-19;9258;31805;0;0;0;4265328;313391;3;0;0
FR;3;2021-05-20;12798;53155;3;0;0;4278126;366546;6;0;0
FR;3;2021-05-21;12758;65461;2;0;0;4290884;432007;8;0;0
FR;3;2021-05-22;4958;33257;1;0;0;4295842;465264;9;0;0
FR;3;2021-05-23;649;2663;0;0;0;4296491;467927;9;0;0
FR;3;2021-05-24;875;4922;0;0;0;4297366;472849;9;0;0
FR;3;2021-05-25;5293;45148;1;0;0;4302659;517997;10;0;0
FR;3;2021-05-26;4965;51004;1;0;0;4307624;569001;11;0;0
FR;3;2021-05-27;6317;77754;3;0;0;4313941;646755;14;0;0
FR;3;2021-05-28;7539;99004;2;0;0;4321480;745759;16;0;0
FR;3;2021-05-29;3344;60226;1;0;0;4324824;805985;17;0;0
FR;3;2021-05-30;544;8232;0;0;0;4325368;814217;17;0;0
FR;3;2021-05-31;2429;35942;3;0;0;4327797;850159;20;0;0
FR;3;2021-06-01;3394;64745;10;0;0;4331191;914904;30;0;0
FR;3;2021-06-02;2720;58277;6;0;0;4333911;973181;36;0;0
FR;3;2021-06-03;3489;87489;10;0;0;4337400;1060670;46;0;0
FR;3;2021-06-04;4103;105019;22;0;0;4341503;1165689;68;0;0
FR;3;2021-06-05;1967;52210;4;0;0;4343470;1217899;72;0;0
FR;3;2021-06-06;503;5397;1;0;0;4343973;1223296;73;0;0
FR;3;2021-06-07;1460;31144;11;0;0;4345433;1254440;84;0;0
FR;3;2021-06-08;2043;47220;18;0;0;4347476;1301660;102;0;0
FR;3;2021-06-09;1782;42356;13;0;0;4349258;1344016;115;0;0
FR;3;2021-06-10;2240;67907;17;0;0;4351498;1411923;132;0;0
FR;3;2021-06-11;2467;96706;34;0;0;4353965;1508629;166;0;0
FR;3;2021-06-12;1171;40816;6;0;0;4355136;1549445;172;0;0
FR;3;2021-06-13;275;3818;3;0;0;4355411;1553263;175;0;0
FR;3;2021-06-14;1035;42621;17;0;0;4356446;1595884;192;0;0
FR;3;2021-06-15;1362;80610;20;0;0;4357808;1676494;212;0;0
FR;3;2021-06-16;1252;65714;19;0;0;4359060;1742208;231;0;0
FR;3;2021-06-17;1654;101765;41;0;0;4360714;1843973;272;0;0
FR;3;2021-06-18;1866;117834;61;0;0;4362580;1961807;333;0;0
FR;3;2021-06-19;800;39358;22;0;0;4363380;2001165;355;0;0
FR;3;2021-06-20;158;3390;0;0;0;4363538;2004555;355;0;0
FR;3;2021-06-21;761;39260;16;0;0;4364299;2043815;371;0;0
FR;3;2021-06-22;1060;69961;52;0;0;4365359;2113776;423;0;0
FR;3;2021-06-23;939;50798;38;0;0;4366298;2164574;461;0;0
FR;3;2021-06-24;1302;77128;48;0;0;4367600;2241702;509;0;0
FR;3;2021-06-25;1399;89900;73;0;0;4368999;2331602;582;0;0
FR;3;2021-06-26;623;33123;29;0;0;4369622;2364725;611;0;0
FR;3;2021-06-27;163;4014;1;0;0;4369785;2368739;612;0;0
FR;3;2021-06-28;646;30429;27;0;0;4370431;2399168;639;0;0
FR;3;2021-06-29;851;56129;95;0;0;4371282;2455297;734;0;0
FR;3;2021-06-30;897;45067;93;0;0;4372179;2500364;827;0;0
FR;3;2021-07-01;1158;65624;108;0;0;4373337;2565988;935;0;0
FR;3;2021-07-02;1291;90352;170;0;0;4374628;2656340;1105;0;0
FR;3;2021-07-03;600;31168;52;0;0;4375228;2687508;1157;0;0
FR;3;2021-07-04;139;4279;3;0;0;4375367;2691787;1160;0;0
FR;3;2021-07-05;605;33907;60;0;0;4375972;2725694;1220;0;0
FR;3;2021-07-06;952;56067;88;0;0;4376924;2781761;1308;0;0
FR;3;2021-07-07;868;43047;79;0;0;4377792;2824808;1387;0;0
FR;3;2021-07-08;1123;60713;99;0;0;4378915;2885521;1486;0;0
FR;3;2021-07-09;1258;68797;128;0;0;4380173;2954318;1614;0;0
FR;3;2021-07-10;639;25044;59;0;0;4380812;2979362;1673;0;0
FR;3;2021-07-11;127;3310;4;0;0;4380939;2982672;1677;0;0
FR;3;2021-07-12;658;23891;59;0;0;4381597;3006563;1736;0;0
FR;3;2021-07-13;1643;34738;90;0;0;4383240;3041301;1826;0;0
FR;3;2021-07-14;260;2646;2;0;0;4383500;3043947;1828;0;0
FR;3;2021-07-15;1930;30675;85;0;0;4385430;3074622;1913;0;0
FR;3;2021-07-16;2518;38872;122;0;0;4387948;3113494;2035;0;0
FR;3;2021-07-17;1042;13750;26;0;0;4388990;3127244;2061;0;0
FR;3;2021-07-18;260;2621;3;0;0;4389250;3129865;2064;0;0
FR;3;2021-07-19;1270;17223;37;0;0;4390520;3147088;2101;0;0
FR;3;2021-07-20;1819;27160;98;0;0;4392339;3174248;2199;0;0
FR;3;2021-07-21;1643;19733;44;0;0;4393982;3193981;2243;0;0
FR;3;2021-07-22;1846;27776;82;0;0;4395828;3221757;2325;0;0
FR;3;2021-07-23;2211;30452;117;0;0;4398039;3252209;2442;0;0
FR;3;2021-07-24;819;7012;25;0;0;4398858;3259221;2467;0;0
FR;3;2021-07-25;208;1355;1;0;0;4399066;3260576;2468;0;0
FR;3;2021-07-26;918;10716;28;0;0;4399984;3271292;2496;0;0
FR;3;2021-07-27;1164;16957;56;0;0;4401148;3288249;2552;0;0
FR;3;2021-07-28;983;12116;40;0;0;4402131;3300365;2592;0;0
FR;3;2021-07-29;1126;15853;63;0;0;4403257;3316218;2655;0;0
FR;3;2021-07-30;1122;18117;79;0;0;4404379;3334335;2734;0;0
FR;3;2021-07-31;405;3742;15;0;0;4404784;3338077;2749;0;0
FR;3;2021-08-01;111;484;1;0;0;4404895;3338561;2750;0;0
FR;3;2021-08-02;413;5160;22;0;0;4405308;3343721;2772;0;0
FR;3;2021-08-03;485;7602;27;0;0;4405793;3351323;2799;0;0
FR;3;2021-08-04;434;4900;26;0;0;4406227;3356223;2825;0;0
FR;3;2021-08-05;427;3746;12;0;0;4406654;3359969;2837;0;0
FR;3;2021-08-06;449;4800;30;0;0;4407103;3364769;2867;0;0
FR;3;2021-08-07;213;1920;11;0;0;4407316;3366689;2878;0;0
FR;3;2021-08-08;242;430;2;0;0;4407558;3367119;2880;0;0
FR;3;2021-08-09;309;2522;11;0;0;4407867;3369641;2891;0;0
FR;3;2021-08-10;357;3890;15;0;0;4408224;3373531;2906;0;0
FR;3;2021-08-11;283;2727;15;0;0;4408507;3376258;2921;0;0
FR;3;2021-08-12;273;2635;12;0;0;4408780;3378893;2933;0;0
FR;3;2021-08-13;274;2266;16;0;0;4409054;3381159;2949;0;0
FR;3;2021-08-14;167;925;1;0;0;4409221;3382084;2950;0;0
FR;3;2021-08-15;55;168;0;0;0;4409276;3382252;2950;0;0
FR;3;2021-08-16;122;1095;8;0;0;4409398;3383347;2958;0;0
FR;3;2021-08-17;186;1511;8;0;0;4409584;3384858;2966;0;0
FR;3;2021-08-18;191;1374;8;0;0;4409775;3386232;2974;0;0
FR;3;2021-08-19;161;1436;10;0;0;4409936;3387668;2984;0;0
FR;3;2021-08-20;162;1638;16;0;0;4410098;3389306;3000;0;0
FR;3;2021-08-21;93;587;2;0;0;4410191;3389893;3002;0;0
FR;3;2021-08-22;38;187;1;0;0;4410229;3390080;3003;0;0
FR;3;2021-08-23;139;940;7;0;0;4410368;3391020;3010;0;0
FR;3;2021-08-24;122;968;10;0;0;4410490;3391988;3020;0;0
FR;3;2021-08-25;134;852;2;0;0;4410624;3392840;3022;0;0
FR;3;2021-08-26;168;875;9;0;0;4410792;3393715;3031;0;0
FR;3;2021-08-27;170;967;9;0;0;4410962;3394682;3040;0;0
FR;3;2021-08-28;95;370;4;0;0;4411057;3395052;3044;0;0
FR;3;2021-08-29;123;134;1;0;0;4411180;3395186;3045;0;0
FR;3;2021-08-30;93;600;0;0;137;4411273;3395786;3045;0;137
FR;3;2021-08-31;124;718;7;0;158;4411397;3396504;3052;0;295
FR;3;2021-09-01;113;483;5;0;126;4411510;3396987;3057;0;421
FR;3;2021-09-02;99;637;22;0;124;4411609;3397624;3079;0;545
FR;3;2021-09-03;112;592;17;0;131;4411721;3398216;3096;0;676
FR;3;2021-09-04;51;298;3;0;59;4411772;3398514;3099;0;735
FR;3;2021-09-05;51;69;5;0;30;4411823;3398583;3104;0;765
FR;3;2021-09-06;111;405;4;0;151;4411934;3398988;3108;0;916
FR;3;2021-09-07;117;479;14;0;133;4412051;3399467;3122;0;1049
FR;3;2021-09-08;114;369;2;0;105;4412165;3399836;3124;0;1154
FR;3;2021-09-09;87;400;8;0;117;4412252;3400236;3132;0;1271
FR;3;2021-09-10;97;426;3;0;105;4412349;3400662;3135;0;1376
FR;3;2021-09-11;71;234;4;0;65;4412420;3400896;3139;0;1441
FR;3;2021-09-12;36;49;1;0;17;4412456;3400945;3140;0;1458
FR;3;2021-09-13;65;331;7;0;112;4412521;3401276;3147;0;1570
FR;3;2021-09-14;66;294;6;0;107;4412587;3401570;3153;0;1677
FR;3;2021-09-15;57;262;3;0;6;4412644;3401832;3156;0;1683
FR;3;2021-09-16;58;342;5;0;5;4412702;3402174;3161;0;1688
FR;3;2021-09-17;49;351;3;0;7;4412751;3402525;3164;0;1695
FR;3;2021-09-18;34;177;1;0;1;4412785;3402702;3165;0;1696
FR;3;2021-09-19;27;32;2;0;1;4412812;3402734;3167;0;1697
FR;3;2021-09-20;76;211;0;0;1;4412888;3402945;3167;0;1698
FR;3;2021-09-21;55;289;6;0;7;4412943;3403234;3173;0;1705
FR;3;2021-09-22;61;229;6;0;7;4413004;3403463;3179;0;1712
FR;3;2021-09-23;34;274;10;0;6;4413038;3403737;3189;0;1718
FR;3;2021-09-24;22;317;12;0;19;4413060;3404054;3201;0;1737
FR;3;2021-09-25;28;156;3;0;3;4413088;3404210;3204;0;1740
FR;3;2021-09-26;15;55;1;0;1;4413103;3404265;3205;0;1741
FR;3;2021-09-27;38;291;3;0;5;4413141;3404556;3208;0;1746
FR;3;2021-09-28;49;259;6;0;10;4413190;3404815;3214;0;1756
FR;3;2021-09-29;32;224;10;0;13;4413222;3405039;3224;0;1769
FR;3;2021-09-30;37;200;7;0;9;4413259;3405239;3231;0;1778
FR;3;2021-10-01;17;170;5;0;6;4413276;3405409;3236;0;1784
FR;3;2021-10-02;14;93;0;0;0;4413290;3405502;3236;0;1784
FR;3;2021-10-03;17;18;1;0;2;4413307;3405520;3237;0;1786
FR;3;2021-10-04;28;163;4;0;4;4413335;3405683;3241;0;1790
FR;3;2021-10-05;15;157;10;0;13;4413350;3405840;3251;0;1803
FR;3;2021-10-06;29;164;7;0;8;4413379;3406004;3258;0;1811
FR;3;2021-10-07;16;146;6;0;6;4413395;3406150;3264;0;1817
FR;3;2021-10-08;20;145;10;0;9;4413415;3406295;3274;0;1826
FR;3;2021-10-09;11;73;1;0;1;4413426;3406368;3275;0;1827
FR;3;2021-10-10;8;16;2;0;2;4413434;3406384;3277;0;1829
FR;3;2021-10-11;13;128;4;0;5;4413447;3406512;3281;0;1834
FR;3;2021-10-12;16;116;4;0;4;4413463;3406628;3285;0;1838
FR;3;2021-10-13;22;118;7;0;5;4413485;3406746;3292;0;1843
FR;3;2021-10-14;16;162;3;0;4;4413501;3406908;3295;0;1847
FR;3;2021-10-15;21;155;8;0;11;4413522;3407063;3303;0;1858
FR;3;2021-10-16;10;80;6;0;8;4413532;3407143;3309;0;1866
FR;3;2021-10-17;9;24;0;0;0;4413541;3407167;3309;0;1866
FR;3;2021-10-18;17;130;2;0;1;4413558;3407297;3311;0;1867
FR;3;2021-10-19;13;131;19;0;21;4413571;3407428;3330;0;1888
FR;3;2021-10-20;18;136;5;0;6;4413589;3407564;3335;0;1894
FR;3;2021-10-21;22;136;17;0;13;4413611;3407700;3352;0;1907
FR;3;2021-10-22;17;128;16;0;20;4413628;3407828;3368;0;1927
FR;3;2021-10-23;11;59;2;0;1;4413639;3407887;3370;0;1928
FR;3;2021-10-24;7;26;0;0;0;4413646;3407913;3370;0;1928
FR;3;2021-10-25;21;153;6;0;6;4413667;3408066;3376;0;1934
FR;3;2021-10-26;17;118;22;0;19;4413684;3408184;3398;0;1953
FR;3;2021-10-27;15;117;9;0;9;4413699;3408301;3407;0;1962
FR;3;2021-10-28;19;130;33;0;36;4413718;3408431;3440;0;1998
FR;3;2021-10-29;10;124;64;0;54;4413728;3408555;3504;0;2052
FR;3;2021-10-30;7;73;11;1;10;4413735;3408628;3515;1;2062
FR;3;2021-10-31;5;23;1;0;1;4413740;3408651;3516;1;2063
FR;3;2021-11-01;5;21;2;0;1;4413745;3408672;3518;1;2064
FR;3;2021-11-02;9;110;8;0;10;4413754;3408782;3526;1;2074
FR;3;2021-11-03;19;125;9;0;9;4413773;3408907;3535;1;2083
FR;3;2021-11-04;15;98;3;0;2;4413788;3409005;3538;1;2085
FR;3;2021-11-05;16;148;8;1;5;4413804;3409153;3546;2;2090
FR;3;2021-11-06;6;67;3;0;3;4413810;3409220;3549;2;2093
FR;3;2021-11-07;6;20;1;0;1;4413816;3409240;3550;2;2094
FR;3;2021-11-08;9;143;7;0;5;4413825;3409383;3557;2;2099
FR;3;2021-11-09;9;156;5;0;5;4413834;3409539;3562;2;2104
FR;3;2021-11-10;11;189;13;0;13;4413845;3409728;3575;2;2117
FR;3;2021-11-11;5;53;3;0;3;4413850;3409781;3578;2;2120
FR;3;2021-11-12;9;165;6;0;4;4413859;3409946;3584;2;2124
FR;3;2021-11-13;5;80;8;0;10;4413864;3410026;3592;2;2134
FR;3;2021-11-14;2;19;0;0;0;4413866;3410045;3592;2;2134
FR;3;2021-11-15;3;196;9;0;9;4413869;3410241;3601;2;2143
FR;3;2021-11-16;2;168;11;0;10;4413871;3410409;3612;2;2153
FR;3;2021-11-17;5;185;10;0;7;4413876;3410594;3622;2;2160
FR;3;2021-11-18;10;186;10;0;11;4413886;3410780;3632;2;2171
FR;3;2021-11-19;5;238;22;0;27;4413891;3411018;3654;2;2198
FR;3;2021-11-20;5;119;5;0;5;4413896;3411137;3659;2;2203
FR;3;2021-11-21;2;31;3;0;3;4413898;3411168;3662;2;2206
FR;3;2021-11-22;10;242;10;0;10;4413908;3411410;3672;2;2216
FR;3;2021-11-23;6;235;15;0;14;4413914;3411645;3687;2;2230
FR;3;2021-11-24;5;252;9;0;17;4413919;3411897;3696;2;2247
FR;3;2021-11-25;9;289;11;0;10;4413928;3412186;3707;2;2257
FR;3;2021-11-26;5;382;33;0;30;4413933;3412568;3740;2;2287
FR;3;2021-11-27;5;177;19;0;20;4413938;3412745;3759;2;2307
FR;3;2021-11-28;2;60;7;0;7;4413940;3412805;3766;2;2314
FR;3;2021-11-29;4;334;19;0;20;4413944;3413139;3785;2;2334
FR;3;2021-11-30;4;428;26;0;29;4413948;3413567;3811;2;2363
FR;3;2021-12-01;18;468;32;0;33;4413966;3414035;3843;2;2396
FR;3;2021-12-02;9;500;33;0;36;4413975;3414535;3876;2;2432
FR;3;2021-12-03;3;579;37;0;38;4413978;3415114;3913;2;2470
FR;3;2021-12-04;3;284;26;0;28;4413981;3415398;3939;2;2498
FR;3;2021-12-05;1;83;5;0;5;4413982;3415481;3944;2;2503
FR;3;2021-12-06;5;519;14;0;16;4413987;3416000;3958;2;2519
FR;3;2021-12-07;4;619;20;0;24;4413991;3416619;3978;2;2543
FR;3;2021-12-08;3;546;29;0;29;4413994;3417165;4007;2;2572
FR;3;2021-12-09;3;605;17;0;22;4413997;3417770;4024;2;2594
FR;3;2021-12-10;9;642;29;0;25;4414006;3418412;4053;2;2619
FR;3;2021-12-11;4;396;10;0;9;4414010;3418808;4063;2;2628
FR;3;2021-12-12;1;122;3;0;3;4414011;3418930;4066;2;2631
FR;3;2021-12-13;2;609;19;0;20;4414013;3419539;4085;2;2651
FR;3;2021-12-14;7;771;18;0;21;4414020;3420310;4103;2;2672
FR;3;2021-12-15;7;735;17;0;21;4414027;3421045;4120;2;2693
FR;3;2021-12-16;9;738;19;0;18;4414036;3421783;4139;2;2711
FR;3;2021-12-17;4;810;18;0;19;4414040;3422593;4157;2;2730
FR;3;2021-12-18;4;416;4;0;5;4414044;3423009;4161;2;2735
FR;3;2021-12-19;3;208;2;0;2;4414047;3423217;4163;2;2737
FR;3;2021-12-20;8;731;23;0;28;4414055;3423948;4186;2;2765
FR;3;2021-12-21;3;816;10;0;14;4414058;3424764;4196;2;2779
FR;3;2021-12-22;6;765;9;0;11;4414064;3425529;4205;2;2790
FR;3;2021-12-23;1;657;9;0;8;4414065;3426186;4214;2;2798
FR;3;2021-12-24;2;276;3;0;6;4414067;3426462;4217;2;2804
FR;3;2021-12-25;0;25;0;0;0;4414067;3426487;4217;2;2804
FR;3;2021-12-26;0;95;1;0;1;4414067;3426582;4218;2;2805
FR;3;2021-12-27;7;545;17;0;19;4414074;3427127;4235;2;2824
FR;3;2021-12-28;1;695;6;0;5;4414075;3427822;4241;2;2829
FR;3;2021-12-29;4;575;14;0;16;4414079;3428397;4255;2;2845
FR;3;2021-12-30;1;605;7;0;10;4414080;3429002;4262;2;2855
FR;3;2021-12-31;0;208;5;0;6;4414080;3429210;4267;2;2861
FR;3;2022-01-01;0;27;0;0;2;4414080;3429237;4267;2;2863
FR;3;2022-01-02;0;83;0;0;0;4414080;3429320;4267;2;2863
FR;3;2022-01-03;3;566;17;0;21;4414083;3429886;4284;2;2884
FR;3;2022-01-04;6;626;9;0;8;4414089;3430512;4293;2;2892
FR;3;2022-01-05;3;558;10;0;14;4414092;3431070;4303;2;2906
FR;3;2022-01-06;4;554;9;0;12;4414096;3431624;4312;2;2918
FR;3;2022-01-07;2;577;11;0;14;4414098;3432201;4323;2;2932
FR;3;2022-01-08;2;286;4;0;5;4414100;3432487;4327;2;2937
FR;3;2022-01-09;0;118;0;0;0;4414100;3432605;4327;2;2937
FR;3;2022-01-10;2;481;12;0;12;4414102;3433086;4339;2;2949
FR;3;2022-01-11;2;535;1;0;1;4414104;3433621;4340;2;2950
FR;3;2022-01-12;3;449;9;0;10;4414107;3434070;4349;2;2960
FR;3;2022-01-13;3;427;11;0;12;4414110;3434497;4360;2;2972
FR;3;2022-01-14;3;483;10;0;12;4414113;3434980;4370;2;2984
FR;3;2022-01-15;0;299;2;0;3;4414113;3435279;4372;2;2987
FR;3;2022-01-16;0;116;1;0;1;4414113;3435395;4373;2;2988
FR;3;2022-01-17;2;352;8;0;10;4414115;3435747;4381;2;2998
FR;3;2022-01-18;2;419;1;0;2;4414117;3436166;4382;2;3000
FR;3;2022-01-19;1;351;5;0;10;4414118;3436517;4387;2;3010
FR;3;2022-01-20;1;380;5;0;3;4414119;3436897;4392;2;3013
FR;3;2022-01-21;2;376;5;0;8;4414121;3437273;4397;2;3021
FR;3;2022-01-22;2;234;1;0;3;4414123;3437507;4398;2;3024
FR;3;2022-01-23;0;82;0;0;1;4414123;3437589;4398;2;3025
FR;3;2022-01-24;2;352;1;0;6;4414125;3437941;4399;2;3031
FR;3;2022-01-25;0;194;0;0;0;4414125;3438135;4399;2;3031
FR;3;2022-01-26;0;89;0;0;0;4414125;3438224;4399;2;3031
FR;3;2022-01-27;0;60;0;0;0;4414125;3438284;4399;2;3031
FR;3;2022-01-28;0;134;0;0;0;4414125;3438418;4399;2;3031
FR;3;2022-01-29;0;110;0;0;0;4414125;3438528;4399;2;3031
FR;3;2022-01-30;0;51;0;0;0;4414125;3438579;4399;2;3031
FR;3;2022-01-31;0;98;0;0;0;4414125;3438677;4399;2;3031
FR;3;2022-02-01;0;111;0;0;1;4414125;3438788;4399;2;3032
FR;3;2022-02-02;0;98;0;0;0;4414125;3438886;4399;2;3032
FR;3;2022-02-03;0;101;0;0;0;4414125;3438987;4399;2;3032
FR;3;2022-02-04;0;124;0;0;0;4414125;3439111;4399;2;3032
FR;3;2022-02-05;0;73;0;0;0;4414125;3439184;4399;2;3032
FR;3;2022-02-06;0;11;0;0;0;4414125;3439195;4399;2;3032
FR;3;2022-02-07;0;90;0;0;1;4414125;3439285;4399;2;3033
FR;3;2022-02-08;0;0;0;0;0;4414125;3439285;4399;2;3033
FR;3;2022-02-09;0;0;0;0;0;4414125;3439285;4399;2;3033
FR;3;2022-02-10;0;0;0;0;0;4414125;3439285;4399;2;3033
FR;3;2022-02-11;0;0;0;0;0;4414125;3439285;4399;2;3033
FR;3;2022-02-12;0;0;0;0;0;4414125;3439285;4399;2;3033
FR;3;2022-02-13;0;0;0;0;0;4414125;3439285;4399;2;3033
FR;3;2022-02-14;0;0;0;0;0;4414125;3439285;4399;2;3033
FR;3;2022-02-15;0;0;0;0;0;4414125;3439285;4399;2;3033
FR;3;2022-02-16;0;0;0;0;0;4414125;3439285;4399;2;3033
FR;3;2022-02-17;0;0;0;0;0;4414125;3439285;4399;2;3033
FR;3;2022-02-18;0;0;0;0;0;4414125;3439285;4399;2;3033
FR;3;2022-02-19;0;0;0;0;0;4414125;3439285;4399;2;3033
FR;3;2022-02-20;0;0;0;0;0;4414125;3439285;4399;2;3033
FR;3;2022-02-21;2;0;0;0;0;4414127;3439285;4399;2;3033
FR;3;2022-02-22;0;0;0;0;0;4414127;3439285;4399;2;3033
FR;3;2022-02-23;0;0;0;0;0;4414127;3439285;4399;2;3033
FR;3;2022-02-24;0;0;0;0;0;4414127;3439285;4399;2;3033
FR;3;2022-02-25;0;0;0;0;0;4414127;3439285;4399;2;3033
FR;3;2022-02-26;0;0;0;0;0;4414127;3439285;4399;2;3033
FR;3;2022-02-27;0;0;0;0;0;4414127;3439285;4399;2;3033
FR;3;2022-02-28;1;0;0;0;0;4414128;3439285;4399;2;3033
FR;3;2022-03-01;1;0;0;0;0;4414129;3439285;4399;2;3033
FR;3;2022-03-02;0;0;0;0;0;4414129;3439285;4399;2;3033
FR;3;2022-03-03;0;0;0;0;0;4414129;3439285;4399;2;3033
FR;3;2022-03-04;0;0;0;0;0;4414129;3439285;4399;2;3033
FR;3;2022-03-05;0;0;0;0;0;4414129;3439285;4399;2;3033
FR;3;2022-03-06;1;0;0;0;0;4414130;3439285;4399;2;3033
FR;3;2022-03-07;0;0;0;0;0;4414130;3439285;4399;2;3033
FR;3;2022-03-08;1;0;0;0;0;4414131;3439285;4399;2;3033
FR;3;2022-03-09;0;0;0;0;0;4414131;3439285;4399;2;3033
FR;3;2022-03-10;0;0;0;0;0;4414131;3439285;4399;2;3033
FR;3;2022-03-11;0;0;0;0;0;4414131;3439285;4399;2;3033
FR;3;2022-03-12;0;0;0;0;0;4414131;3439285;4399;2;3033
FR;3;2022-03-13;0;0;0;0;0;4414131;3439285;4399;2;3033
FR;3;2022-03-14;0;0;0;0;0;4414131;3439285;4399;2;3033
FR;3;2022-03-15;0;0;0;0;0;4414131;3439285;4399;2;3033
FR;3;2022-03-16;0;0;0;0;0;4414131;3439285;4399;2;3033
FR;3;2022-03-17;0;0;0;0;0;4414131;3439285;4399;2;3033
FR;3;2022-03-18;0;0;0;0;0;4414131;3439285;4399;2;3033
FR;3;2022-03-19;0;0;0;0;0;4414131;3439285;4399;2;3033
FR;3;2022-03-20;1;0;0;0;0;4414132;3439285;4399;2;3033
FR;3;2022-03-21;0;0;0;0;0;4414132;3439285;4399;2;3033
FR;3;2022-03-22;0;0;0;0;0;4414132;3439285;4399;2;3033
FR;3;2022-03-23;1;0;0;0;0;4414133;3439285;4399;2;3033
FR;3;2022-03-24;0;0;0;0;0;4414133;3439285;4399;2;3033
FR;3;2022-03-25;1;0;0;0;0;4414134;3439285;4399;2;3033
FR;3;2022-03-26;0;0;0;0;0;4414134;3439285;4399;2;3033
FR;3;2022-03-27;0;0;0;0;0;4414134;3439285;4399;2;3033
FR;4;2020-12-27;0;0;0;0;0;0;0;0;0;0
FR;4;2020-12-28;0;0;0;0;0;0;0;0;0;0
FR;4;2020-12-29;0;0;0;0;0;0;0;0;0;0
FR;4;2020-12-30;0;0;0;0;0;0;0;0;0;0
FR;4;2020-12-31;0;0;0;0;0;0;0;0;0;0
FR;4;2021-01-01;0;0;0;0;0;0;0;0;0;0
FR;4;2021-01-02;0;0;0;0;0;0;0;0;0;0
FR;4;2021-01-03;0;0;0;0;0;0;0;0;0;0
FR;4;2021-01-04;0;0;0;0;0;0;0;0;0;0
FR;4;2021-01-05;0;0;0;0;0;0;0;0;0;0
FR;4;2021-01-06;0;0;0;0;0;0;0;0;0;0
FR;4;2021-01-07;0;0;0;0;0;0;0;0;0;0
FR;4;2021-01-08;0;0;0;0;0;0;0;0;0;0
FR;4;2021-01-09;0;0;0;0;0;0;0;0;0;0
FR;4;2021-01-10;0;0;0;0;0;0;0;0;0;0
FR;4;2021-01-11;0;0;0;0;0;0;0;0;0;0
FR;4;2021-01-12;0;0;0;0;0;0;0;0;0;0
FR;4;2021-01-13;0;0;0;0;0;0;0;0;0;0
FR;4;2021-01-14;0;0;0;0;0;0;0;0;0;0
FR;4;2021-01-15;0;0;0;0;0;0;0;0;0;0
FR;4;2021-01-16;0;0;0;0;0;0;0;0;0;0
FR;4;2021-01-17;0;0;0;0;0;0;0;0;0;0
FR;4;2021-01-18;0;0;0;0;0;0;0;0;0;0
FR;4;2021-01-19;0;0;0;0;0;0;0;0;0;0
FR;4;2021-01-20;0;0;0;0;0;0;0;0;0;0
FR;4;2021-01-21;0;0;0;0;0;0;0;0;0;0
FR;4;2021-01-22;0;0;0;0;0;0;0;0;0;0
FR;4;2021-01-23;0;0;0;0;0;0;0;0;0;0
FR;4;2021-01-24;0;0;0;0;0;0;0;0;0;0
FR;4;2021-01-25;0;0;0;0;0;0;0;0;0;0
FR;4;2021-01-26;0;0;0;0;0;0;0;0;0;0
FR;4;2021-01-27;0;0;0;0;0;0;0;0;0;0
FR;4;2021-01-28;0;0;0;0;0;0;0;0;0;0
FR;4;2021-01-29;0;0;0;0;0;0;0;0;0;0
FR;4;2021-01-30;0;0;0;0;0;0;0;0;0;0
FR;4;2021-01-31;0;0;0;0;0;0;0;0;0;0
FR;4;2021-02-01;0;0;0;0;0;0;0;0;0;0
FR;4;2021-02-02;0;0;0;0;0;0;0;0;0;0
FR;4;2021-02-03;0;0;0;0;0;0;0;0;0;0
FR;4;2021-02-04;0;0;0;0;0;0;0;0;0;0
FR;4;2021-02-05;0;0;0;0;0;0;0;0;0;0
FR;4;2021-02-06;0;0;0;0;0;0;0;0;0;0
FR;4;2021-02-07;0;0;0;0;0;0;0;0;0;0
FR;4;2021-02-08;0;0;0;0;0;0;0;0;0;0
FR;4;2021-02-09;0;0;0;0;0;0;0;0;0;0
FR;4;2021-02-10;0;0;0;0;0;0;0;0;0;0
FR;4;2021-02-11;0;0;0;0;0;0;0;0;0;0
FR;4;2021-02-12;0;0;0;0;0;0;0;0;0;0
FR;4;2021-02-13;0;0;0;0;0;0;0;0;0;0
FR;4;2021-02-14;0;0;0;0;0;0;0;0;0;0
FR;4;2021-02-15;0;0;0;0;0;0;0;0;0;0
FR;4;2021-02-16;0;0;0;0;0;0;0;0;0;0
FR;4;2021-02-17;0;0;0;0;0;0;0;0;0;0
FR;4;2021-02-18;0;0;0;0;0;0;0;0;0;0
FR;4;2021-02-19;0;0;0;0;0;0;0;0;0;0
FR;4;2021-02-20;0;0;0;0;0;0;0;0;0;0
FR;4;2021-02-21;0;0;0;0;0;0;0;0;0;0
FR;4;2021-02-22;0;0;0;0;0;0;0;0;0;0
FR;4;2021-02-23;0;0;0;0;0;0;0;0;0;0
FR;4;2021-02-24;0;0;0;0;0;0;0;0;0;0
FR;4;2021-02-25;0;0;0;0;0;0;0;0;0;0
FR;4;2021-02-26;0;0;0;0;0;0;0;0;0;0
FR;4;2021-02-27;0;0;0;0;0;0;0;0;0;0
FR;4;2021-02-28;0;0;0;0;0;0;0;0;0;0
FR;4;2021-03-01;0;0;0;0;0;0;0;0;0;0
FR;4;2021-03-02;0;0;0;0;0;0;0;0;0;0
FR;4;2021-03-03;0;0;0;0;0;0;0;0;0;0
FR;4;2021-03-04;0;0;0;0;0;0;0;0;0;0
FR;4;2021-03-05;0;0;0;0;0;0;0;0;0;0
FR;4;2021-03-06;0;0;0;0;0;0;0;0;0;0
FR;4;2021-03-07;0;0;0;0;0;0;0;0;0;0
FR;4;2021-03-08;0;0;0;0;0;0;0;0;0;0
FR;4;2021-03-09;0;0;0;0;0;0;0;0;0;0
FR;4;2021-03-10;0;0;0;0;0;0;0;0;0;0
FR;4;2021-03-11;0;0;0;0;0;0;0;0;0;0
FR;4;2021-03-12;0;0;0;0;0;0;0;0;0;0
FR;4;2021-03-13;0;0;0;0;0;0;0;0;0;0
FR;4;2021-03-14;0;0;0;0;0;0;0;0;0;0
FR;4;2021-03-15;0;0;0;0;0;0;0;0;0;0
FR;4;2021-03-16;0;0;0;0;0;0;0;0;0;0
FR;4;2021-03-17;0;0;0;0;0;0;0;0;0;0
FR;4;2021-03-18;0;0;0;0;0;0;0;0;0;0
FR;4;2021-03-19;0;0;0;0;0;0;0;0;0;0
FR;4;2021-03-20;0;0;0;0;0;0;0;0;0;0
FR;4;2021-03-21;0;0;0;0;0;0;0;0;0;0
FR;4;2021-03-22;0;0;0;0;0;0;0;0;0;0
FR;4;2021-03-23;0;0;0;0;0;0;0;0;0;0
FR;4;2021-03-24;0;0;0;0;0;0;0;0;0;0
FR;4;2021-03-25;0;0;0;0;0;0;0;0;0;0
FR;4;2021-03-26;0;0;0;0;0;0;0;0;0;0
FR;4;2021-03-27;0;0;0;0;0;0;0;0;0;0
FR;4;2021-03-28;0;0;0;0;0;0;0;0;0;0
FR;4;2021-03-29;0;0;0;0;0;0;0;0;0;0
FR;4;2021-03-30;0;0;0;0;0;0;0;0;0;0
FR;4;2021-03-31;0;0;0;0;0;0;0;0;0;0
FR;4;2021-04-01;0;0;0;0;0;0;0;0;0;0
FR;4;2021-04-02;0;0;0;0;0;0;0;0;0;0
FR;4;2021-04-03;0;0;0;0;0;0;0;0;0;0
FR;4;2021-04-04;0;0;0;0;0;0;0;0;0;0
FR;4;2021-04-05;0;0;0;0;0;0;0;0;0;0
FR;4;2021-04-06;0;0;0;0;0;0;0;0;0;0
FR;4;2021-04-07;0;0;0;0;0;0;0;0;0;0
FR;4;2021-04-08;0;0;0;0;0;0;0;0;0;0
FR;4;2021-04-09;0;0;0;0;0;0;0;0;0;0
FR;4;2021-04-10;0;0;0;0;0;0;0;0;0;0
FR;4;2021-04-11;0;0;0;0;0;0;0;0;0;0
FR;4;2021-04-12;0;0;0;0;0;0;0;0;0;0
FR;4;2021-04-13;0;0;0;0;0;0;0;0;0;0
FR;4;2021-04-14;0;0;0;0;0;0;0;0;0;0
FR;4;2021-04-15;0;0;0;0;0;0;0;0;0;0
FR;4;2021-04-16;0;0;0;0;0;0;0;0;0;0
FR;4;2021-04-17;0;0;0;0;0;0;0;0;0;0
FR;4;2021-04-18;0;0;0;0;0;0;0;0;0;0
FR;4;2021-04-19;0;0;0;0;0;0;0;0;0;0
FR;4;2021-04-20;0;0;0;0;0;0;0;0;0;0
FR;4;2021-04-21;0;0;0;0;0;0;0;0;0;0
FR;4;2021-04-22;0;0;0;0;0;0;0;0;0;0
FR;4;2021-04-23;4094;0;0;0;0;4094;0;0;0;0
FR;4;2021-04-24;1569;0;0;0;0;5663;0;0;0;0
FR;4;2021-04-25;124;0;0;0;0;5787;0;0;0;0
FR;4;2021-04-26;2868;1;0;0;0;8655;1;0;0;0
FR;4;2021-04-27;9519;3;0;0;0;18174;4;0;0;0
FR;4;2021-04-28;9903;6;0;0;0;28077;10;0;0;0
FR;4;2021-04-29;15988;8;0;0;0;44065;18;0;0;0
FR;4;2021-04-30;19223;10;0;0;0;63288;28;0;0;0
FR;4;2021-05-01;1989;6;0;0;0;65277;34;0;0;0
FR;4;2021-05-02;481;0;0;0;0;65758;34;0;0;0
FR;4;2021-05-03;5056;2;0;0;0;70814;36;0;0;0
FR;4;2021-05-04;8396;10;0;0;0;79210;46;0;0;0
FR;4;2021-05-05;6179;7;0;0;0;85389;53;0;0;0
FR;4;2021-05-06;11379;11;0;0;0;96768;64;0;0;0
FR;4;2021-05-07;19115;9;0;0;0;115883;73;0;0;0
FR;4;2021-05-08;2375;6;0;0;0;118258;79;0;0;0
FR;4;2021-05-09;685;3;0;0;0;118943;82;0;0;0
FR;4;2021-05-10;7234;5;1;0;0;126177;87;1;0;0
FR;4;2021-05-11;14311;11;0;0;0;140488;98;1;0;0
FR;4;2021-05-12;10157;15;0;0;0;150645;113;1;0;0
FR;4;2021-05-13;1578;3;0;0;0;152223;116;1;0;0
FR;4;2021-05-14;7753;6;0;0;0;159976;122;1;0;0
FR;4;2021-05-15;3711;8;1;0;0;163687;130;2;0;0
FR;4;2021-05-16;418;1;0;0;0;164105;131;2;0;0
FR;4;2021-05-17;4473;6;0;0;0;168578;137;2;0;0
FR;4;2021-05-18;8742;9;0;0;0;177320;146;2;0;0
FR;4;2021-05-19;5686;7;0;0;0;183006;153;2;0;0
FR;4;2021-05-20;9476;7;0;0;0;192482;160;2;0;0
FR;4;2021-05-21;12781;29;0;0;0;205263;189;2;0;0
FR;4;2021-05-22;5051;15;0;0;0;210314;204;2;0;0
FR;4;2021-05-23;494;4;0;0;0;210808;208;2;0;0
FR;4;2021-05-24;1049;7;0;0;0;211857;215;2;0;0
FR;4;2021-05-25;7617;15;0;0;0;219474;230;2;0;0
FR;4;2021-05-26;7720;16;0;0;0;227194;246;2;0;0
FR;4;2021-05-27;14325;35;0;0;0;241519;281;2;0;0
FR;4;2021-05-28;26576;82;1;0;0;268095;363;3;0;0
FR;4;2021-05-29;11381;18;0;0;0;279476;381;3;0;0
FR;4;2021-05-30;970;6;0;0;0;280446;387;3;0;0
FR;4;2021-05-31;12684;21;0;0;0;293130;408;3;0;0
FR;4;2021-06-01;20242;46;1;0;0;313372;454;4;0;0
FR;4;2021-06-02;14513;33;0;0;0;327885;487;4;0;0
FR;4;2021-06-03;19401;24;1;0;0;347286;511;5;0;0
FR;4;2021-06-04;22506;47;0;0;0;369792;558;5;0;0
FR;4;2021-06-05;9710;32;0;0;0;379502;590;5;0;0
FR;4;2021-06-06;1037;0;0;0;0;380539;590;5;0;0
FR;4;2021-06-07;9223;19;0;0;0;389762;609;5;0;0
FR;4;2021-06-08;14606;31;0;0;0;404368;640;5;0;0
FR;4;2021-06-09;12200;25;0;0;0;416568;665;5;0;0
FR;4;2021-06-10;15395;30;0;0;0;431963;695;5;0;0
FR;4;2021-06-11;16972;55;0;0;0;448935;750;5;0;0
FR;4;2021-06-12;7441;27;0;0;0;456376;777;5;0;0
FR;4;2021-06-13;907;2;0;0;0;457283;779;5;0;0
FR;4;2021-06-14;6646;25;0;0;0;463929;804;5;0;0
FR;4;2021-06-15;10876;37;0;0;0;474805;841;5;0;0
FR;4;2021-06-16;8901;14;0;0;0;483706;855;5;0;0
FR;4;2021-06-17;10892;36;0;0;0;494598;891;5;0;0
FR;4;2021-06-18;12416;45;0;0;0;507014;936;5;0;0
FR;4;2021-06-19;5565;25;0;0;0;512579;961;5;0;0
FR;4;2021-06-20;814;5;0;0;0;513393;966;5;0;0
FR;4;2021-06-21;5079;20;0;0;0;518472;986;5;0;0
FR;4;2021-06-22;7903;26;2;0;0;526375;1012;7;0;0
FR;4;2021-06-23;7090;39;2;0;0;533465;1051;9;0;0
FR;4;2021-06-24;8643;45;1;0;0;542108;1096;10;0;0
FR;4;2021-06-25;10165;39;2;0;0;552273;1135;12;0;0
FR;4;2021-06-26;4838;21;0;0;0;557111;1156;12;0;0
FR;4;2021-06-27;758;3;0;0;0;557869;1159;12;0;0
FR;4;2021-06-28;4812;16;1;0;0;562681;1175;13;0;0
FR;4;2021-06-29;7093;27;2;0;0;569774;1202;15;0;0
FR;4;2021-06-30;6704;40;2;0;0;576478;1242;17;0;0
FR;4;2021-07-01;8183;39;0;0;0;584661;1281;17;0;0
FR;4;2021-07-02;9412;52;1;0;0;594073;1333;18;0;0
FR;4;2021-07-03;4841;19;0;0;0;598914;1352;18;0;0
FR;4;2021-07-04;684;5;0;0;0;599598;1357;18;0;0
FR;4;2021-07-05;4765;19;2;0;0;604363;1376;20;0;0
FR;4;2021-07-06;7712;28;4;0;0;612075;1404;24;0;0
FR;4;2021-07-07;7061;34;2;0;0;619136;1438;26;0;0
FR;4;2021-07-08;9214;38;2;0;0;628350;1476;28;0;0
FR;4;2021-07-09;10268;33;1;0;0;638618;1509;29;0;0
FR;4;2021-07-10;4634;14;2;0;0;643252;1523;31;0;0
FR;4;2021-07-11;579;4;1;0;0;643831;1527;32;0;0
FR;4;2021-07-12;5866;29;0;0;0;649697;1556;32;0;0
FR;4;2021-07-13;14228;29;0;0;0;663925;1585;32;0;0
FR;4;2021-07-14;2280;14;0;0;0;666205;1599;32;0;0
FR;4;2021-07-15;18226;36;0;0;0;684431;1635;32;0;0
FR;4;2021-07-16;22815;70;2;0;0;707246;1705;34;0;0
FR;4;2021-07-17;9734;20;0;0;0;716980;1725;34;0;0
FR;4;2021-07-18;1350;4;0;0;0;718330;1729;34;0;0
FR;4;2021-07-19;12968;28;1;0;0;731298;1757;35;0;0
FR;4;2021-07-20;17321;26;1;0;0;748619;1783;36;0;0
FR;4;2021-07-21;15597;33;0;0;0;764216;1816;36;0;0
FR;4;2021-07-22;18229;43;2;0;0;782445;1859;38;0;0
FR;4;2021-07-23;20397;57;7;0;0;802842;1916;45;0;0
FR;4;2021-07-24;9271;32;0;0;0;812113;1948;45;0;0
FR;4;2021-07-25;1341;8;0;0;0;813454;1956;45;0;0
FR;4;2021-07-26;11020;20;0;0;0;824474;1976;45;0;0
FR;4;2021-07-27;14649;34;3;0;0;839123;2010;48;0;0
FR;4;2021-07-28;12909;25;2;0;0;852032;2035;50;0;0
FR;4;2021-07-29;14061;54;4;0;0;866093;2089;54;0;0
FR;4;2021-07-30;15467;45;2;0;0;881560;2134;56;0;0
FR;4;2021-07-31;6813;14;2;0;0;888373;2148;58;0;0
FR;4;2021-08-01;902;1;0;0;0;889275;2149;58;0;0
FR;4;2021-08-02;7889;28;0;0;0;897164;2177;58;0;0
FR;4;2021-08-03;10784;32;2;0;0;907948;2209;60;0;0
FR;4;2021-08-04;9715;29;0;0;0;917663;2238;60;0;0
FR;4;2021-08-05;9799;41;0;0;0;927462;2279;60;0;0
FR;4;2021-08-06;10168;31;3;0;0;937630;2310;63;0;0
FR;4;2021-08-07;5077;30;1;0;0;942707;2340;64;0;0
FR;4;2021-08-08;1212;13;0;0;0;943919;2353;64;0;0
FR;4;2021-08-09;6317;30;0;0;0;950236;2383;64;0;0
FR;4;2021-08-10;8738;20;0;0;0;958974;2403;64;0;0
FR;4;2021-08-11;7923;33;3;0;0;966897;2436;67;0;0
FR;4;2021-08-12;8576;29;1;0;0;975473;2465;68;0;0
FR;4;2021-08-13;7534;24;0;1;0;983007;2489;68;1;0
FR;4;2021-08-14;3780;20;0;0;0;986787;2509;68;1;0
FR;4;2021-08-15;767;5;0;0;0;987554;2514;68;1;0
FR;4;2021-08-16;3997;16;0;0;0;991551;2530;68;1;0
FR;4;2021-08-17;5610;15;1;0;0;997161;2545;69;1;0
FR;4;2021-08-18;5152;34;0;0;0;1002313;2579;69;1;0
FR;4;2021-08-19;5469;34;3;0;0;1007782;2613;72;1;0
FR;4;2021-08-20;5199;23;1;0;0;1012981;2636;73;1;0
FR;4;2021-08-21;2303;21;1;0;0;1015284;2657;74;1;0
FR;4;2021-08-22;400;2;0;0;0;1015684;2659;74;1;0
FR;4;2021-08-23;2911;18;1;0;0;1018595;2677;75;1;0
FR;4;2021-08-24;3736;14;0;0;0;1022331;2691;75;1;0
FR;4;2021-08-25;3527;25;0;0;0;1025858;2716;75;1;0
FR;4;2021-08-26;3696;20;1;0;0;1029554;2736;76;1;0
FR;4;2021-08-27;3597;31;2;0;0;1033151;2767;78;1;0
FR;4;2021-08-28;1720;10;1;0;0;1034871;2777;79;1;0
FR;4;2021-08-29;385;7;1;0;0;1035256;2784;80;1;0
FR;4;2021-08-30;2000;24;0;0;14;1037256;2808;80;1;14
FR;4;2021-08-31;2472;20;0;0;13;1039728;2828;80;1;27
FR;4;2021-09-01;2070;38;1;0;21;1041798;2866;81;1;48
FR;4;2021-09-02;2296;31;4;0;18;1044094;2897;85;1;66
FR;4;2021-09-03;2351;44;5;0;32;1046445;2941;90;1;98
FR;4;2021-09-04;1370;17;0;0;5;1047815;2958;90;1;103
FR;4;2021-09-05;428;2;0;0;2;1048243;2960;90;1;105
FR;4;2021-09-06;1701;61;0;0;23;1049944;3021;90;1;128
FR;4;2021-09-07;1670;18;0;0;8;1051614;3039;90;1;136
FR;4;2021-09-08;1277;26;3;0;19;1052891;3065;93;1;155
FR;4;2021-09-09;1384;23;2;0;9;1054275;3088;95;1;164
FR;4;2021-09-10;1513;31;2;0;23;1055788;3119;97;1;187
FR;4;2021-09-11;734;11;0;0;3;1056522;3130;97;1;190
FR;4;2021-09-12;167;4;0;0;2;1056689;3134;97;1;192
FR;4;2021-09-13;1306;21;1;0;15;1057995;3155;98;1;207
FR;4;2021-09-14;1489;9;2;0;6;1059484;3164;100;1;213
FR;4;2021-09-15;1087;26;1;0;24;1060571;3190;101;1;237
FR;4;2021-09-16;1094;22;2;0;15;1061665;3212;103;1;252
FR;4;2021-09-17;889;21;1;0;12;1062554;3233;104;1;264
FR;4;2021-09-18;458;5;1;0;4;1063012;3238;105;1;268
FR;4;2021-09-19;181;2;0;0;1;1063193;3240;105;1;269
FR;4;2021-09-20;442;18;0;0;12;1063635;3258;105;1;281
FR;4;2021-09-21;420;11;0;0;7;1064055;3269;105;1;288
FR;4;2021-09-22;372;20;2;0;14;1064427;3289;107;1;302
FR;4;2021-09-23;472;13;1;0;12;1064899;3302;108;1;314
FR;4;2021-09-24;406;13;2;0;9;1065305;3315;110;1;323
FR;4;2021-09-25;281;9;1;0;4;1065586;3324;111;1;327
FR;4;2021-09-26;71;2;0;0;1;1065657;3326;111;1;328
FR;4;2021-09-27;259;10;1;0;8;1065916;3336;112;1;336
FR;4;2021-09-28;312;8;0;0;8;1066228;3344;112;1;344
FR;4;2021-09-29;370;19;1;0;13;1066598;3363;113;1;357
FR;4;2021-09-30;357;39;0;0;20;1066955;3402;113;1;377
FR;4;2021-10-01;395;49;0;0;43;1067350;3451;113;1;420
FR;4;2021-10-02;192;22;1;0;13;1067542;3473;114;1;433
FR;4;2021-10-03;82;1;0;0;0;1067624;3474;114;1;433
FR;4;2021-10-04;352;19;1;0;15;1067976;3493;115;1;448
FR;4;2021-10-05;272;19;2;0;15;1068248;3512;117;1;463
FR;4;2021-10-06;242;22;1;0;18;1068490;3534;118;1;481
FR;4;2021-10-07;251;26;2;0;14;1068741;3560;120;1;495
FR;4;2021-10-08;350;22;2;0;18;1069091;3582;122;1;513
FR;4;2021-10-09;190;6;6;0;7;1069281;3588;128;1;520
FR;4;2021-10-10;91;3;2;0;3;1069372;3591;130;1;523
FR;4;2021-10-11;243;14;1;0;13;1069615;3605;131;1;536
FR;4;2021-10-12;202;14;0;0;13;1069817;3619;131;1;549
FR;4;2021-10-13;217;28;1;0;25;1070034;3647;132;1;574
FR;4;2021-10-14;304;20;4;0;14;1070338;3667;136;1;588
FR;4;2021-10-15;318;24;5;0;25;1070656;3691;141;1;613
FR;4;2021-10-16;163;6;2;0;6;1070819;3697;143;1;619
FR;4;2021-10-17;70;2;0;0;1;1070889;3699;143;1;620
FR;4;2021-10-18;275;16;1;0;12;1071164;3715;144;1;632
FR;4;2021-10-19;205;14;2;0;15;1071369;3729;146;1;647
FR;4;2021-10-20;224;27;3;0;14;1071593;3756;149;1;661
FR;4;2021-10-21;230;17;0;0;13;1071823;3773;149;1;674
FR;4;2021-10-22;206;26;2;0;21;1072029;3799;151;1;695
FR;4;2021-10-23;115;16;1;0;15;1072144;3815;152;1;710
FR;4;2021-10-24;37;4;0;0;1;1072181;3819;152;1;711
FR;4;2021-10-25;205;7;2;0;9;1072386;3826;154;1;720
FR;4;2021-10-26;193;13;0;0;11;1072579;3839;154;1;731
FR;4;2021-10-27;188;11;4;0;11;1072767;3850;158;1;742
FR;4;2021-10-28;179;18;4;0;21;1072946;3868;162;1;763
FR;4;2021-10-29;218;16;2;0;14;1073164;3884;164;1;777
FR;4;2021-10-30;99;2;0;0;1;1073263;3886;164;1;778
FR;4;2021-10-31;55;3;2;0;3;1073318;3889;166;1;781
FR;4;2021-11-01;74;26;4;0;23;1073392;3915;170;1;804
FR;4;2021-11-02;148;20;2;0;21;1073540;3935;172;1;825
FR;4;2021-11-03;125;20;8;1;18;1073665;3955;180;2;843
FR;4;2021-11-04;172;13;1;0;10;1073837;3968;181;2;853
FR;4;2021-11-05;123;17;1;0;16;1073960;3985;182;2;869
FR;4;2021-11-06;77;6;1;0;6;1074037;3991;183;2;875
FR;4;2021-11-07;73;2;2;0;4;1074110;3993;185;2;879
FR;4;2021-11-08;158;16;1;0;16;1074268;4009;186;2;895
FR;4;2021-11-09;150;14;3;0;16;1074418;4023;189;2;911
FR;4;2021-11-10;110;27;6;0;29;1074528;4050;195;2;940
FR;4;2021-11-11;80;8;0;0;8;1074608;4058;195;2;948
FR;4;2021-11-12;94;18;2;0;18;1074702;4076;197;2;966
FR;4;2021-11-13;72;15;2;0;14;1074774;4091;199;2;980
FR;4;2021-11-14;52;5;3;0;7;1074826;4096;202;2;987
FR;4;2021-11-15;93;26;2;0;24;1074919;4122;204;2;1011
FR;4;2021-11-16;97;12;2;0;14;1075016;4134;206;2;1025
FR;4;2021-11-17;111;29;4;0;29;1075127;4163;210;2;1054
FR;4;2021-11-18;95;34;11;0;39;1075222;4197;221;2;1093
FR;4;2021-11-19;78;19;3;0;20;1075300;4216;224;2;1113
FR;4;2021-11-20;60;6;1;0;6;1075360;4222;225;2;1119
FR;4;2021-11-21;61;7;2;0;9;1075421;4229;227;2;1128
FR;4;2021-11-22;99;27;6;0;29;1075520;4256;233;2;1157
FR;4;2021-11-23;70;30;5;0;27;1075590;4286;238;2;1184
FR;4;2021-11-24;84;23;9;0;22;1075674;4309;247;2;1206
FR;4;2021-11-25;83;30;14;0;32;1075757;4339;261;2;1238
FR;4;2021-11-26;78;42;12;0;44;1075835;4381;273;2;1282
FR;4;2021-11-27;31;23;17;0;26;1075866;4404;290;2;1308
FR;4;2021-11-28;46;8;0;0;7;1075912;4412;290;2;1315
FR;4;2021-11-29;80;31;14;0;38;1075992;4443;304;2;1353
FR;4;2021-11-30;57;36;13;0;40;1076049;4479;317;2;1393
FR;4;2021-12-01;68;60;19;0;67;1076117;4539;336;2;1460
FR;4;2021-12-02;95;47;17;0;50;1076212;4586;353;2;1510
FR;4;2021-12-03;98;36;15;0;44;1076310;4622;368;2;1554
FR;4;2021-12-04;67;31;19;0;44;1076377;4653;387;2;1598
FR;4;2021-12-05;55;5;1;0;6;1076432;4658;388;2;1604
FR;4;2021-12-06;91;45;21;0;60;1076523;4703;409;2;1664
FR;4;2021-12-07;75;33;10;0;33;1076598;4736;419;2;1697
FR;4;2021-12-08;62;28;18;0;33;1076660;4764;437;2;1730
FR;4;2021-12-09;57;32;10;0;38;1076717;4796;447;2;1768
FR;4;2021-12-10;59;62;21;0;67;1076776;4858;468;2;1835
FR;4;2021-12-11;24;33;7;0;33;1076800;4891;475;2;1868
FR;4;2021-12-12;21;10;3;0;13;1076821;4901;478;2;1881
FR;4;2021-12-13;64;39;13;0;48;1076885;4940;491;2;1929
FR;4;2021-12-14;53;43;14;0;51;1076938;4983;505;2;1980
FR;4;2021-12-15;54;60;29;0;80;1076992;5043;534;2;2060
FR;4;2021-12-16;29;43;19;0;55;1077021;5086;553;2;2115
FR;4;2021-12-17;35;54;12;0;59;1077056;5140;565;2;2174
FR;4;2021-12-18;47;29;2;0;30;1077103;5169;567;2;2204
FR;4;2021-12-19;14;4;1;0;4;1077117;5173;568;2;2208
FR;4;2021-12-20;32;38;12;0;43;1077149;5211;580;2;2251
FR;4;2021-12-21;24;30;14;0;35;1077173;5241;594;2;2286
FR;4;2021-12-22;34;35;11;0;36;1077207;5276;605;2;2322
FR;4;2021-12-23;38;43;8;0;47;1077245;5319;613;2;2369
FR;4;2021-12-24;22;25;10;0;29;1077267;5344;623;2;2398
FR;4;2021-12-25;7;3;3;0;4;1077274;5347;626;2;2402
FR;4;2021-12-26;4;3;1;0;2;1077278;5350;627;2;2404
FR;4;2021-12-27;26;42;9;0;43;1077304;5392;636;2;2447
FR;4;2021-12-28;24;28;8;0;29;1077328;5420;644;2;2476
FR;4;2021-12-29;44;23;10;0;27;1077372;5443;654;2;2503
FR;4;2021-12-30;36;16;12;0;19;1077408;5459;666;2;2522
FR;4;2021-12-31;18;4;8;0;10;1077426;5463;674;2;2532
FR;4;2022-01-01;4;3;4;0;5;1077430;5466;678;2;2537
FR;4;2022-01-02;38;4;14;0;17;1077468;5470;692;2;2554
FR;4;2022-01-03;36;48;19;1;53;1077504;5518;711;3;2607
FR;4;2022-01-04;25;24;11;1;25;1077529;5542;722;4;2632
FR;4;2022-01-05;40;18;16;0;18;1077569;5560;738;4;2650
FR;4;2022-01-06;41;18;20;0;30;1077610;5578;758;4;2680
FR;4;2022-01-07;18;18;15;0;18;1077628;5596;773;4;2698
FR;4;2022-01-08;7;5;9;0;11;1077635;5601;782;4;2709
FR;4;2022-01-09;15;1;1;0;2;1077650;5602;783;4;2711
FR;4;2022-01-10;34;20;16;0;31;1077684;5622;799;4;2742
FR;4;2022-01-11;21;29;12;0;31;1077705;5651;811;4;2773
FR;4;2022-01-12;29;16;12;0;17;1077734;5667;823;4;2790
FR;4;2022-01-13;46;17;25;0;32;1077780;5684;848;4;2822
FR;4;2022-01-14;19;26;12;0;28;1077799;5710;860;4;2850
FR;4;2022-01-15;10;6;7;0;11;1077809;5716;867;4;2861
FR;4;2022-01-16;9;8;10;0;17;1077818;5724;877;4;2878
FR;4;2022-01-17;22;17;10;0;21;1077840;5741;887;4;2899
FR;4;2022-01-18;15;13;7;0;17;1077855;5754;894;4;2916
FR;4;2022-01-19;26;20;9;0;27;1077881;5774;903;4;2943
FR;4;2022-01-20;29;34;13;0;37;1077910;5808;916;4;2980
FR;4;2022-01-21;6;12;18;1;15;1077916;5820;934;5;2995
FR;4;2022-01-22;27;9;2;0;9;1077943;5829;936;5;3004
FR;4;2022-01-23;5;2;4;0;6;1077948;5831;940;5;3010
FR;4;2022-01-24;13;20;8;0;27;1077961;5851;948;5;3037
FR;4;2022-01-25;19;30;8;1;34;1077980;5881;956;6;3071
FR;4;2022-01-26;17;15;6;1;16;1077997;5896;962;7;3087
FR;4;2022-01-27;15;18;5;0;21;1078012;5914;967;7;3108
FR;4;2022-01-28;12;22;7;0;24;1078024;5936;974;7;3132
FR;4;2022-01-29;14;5;3;0;7;1078038;5941;977;7;3139
FR;4;2022-01-30;16;2;0;0;2;1078054;5943;977;7;3141
FR;4;2022-01-31;17;25;6;0;28;1078071;5968;983;7;3169
FR;4;2022-02-01;9;18;11;0;18;1078080;5986;994;7;3187
FR;4;2022-02-02;16;11;9;2;15;1078096;5997;1003;9;3202
FR;4;2022-02-03;10;19;9;0;22;1078106;6016;1012;9;3224
FR;4;2022-02-04;5;4;7;0;8;1078111;6020;1019;9;3232
FR;4;2022-02-05;6;14;1;0;13;1078117;6034;1020;9;3245
FR;4;2022-02-06;5;2;1;0;2;1078122;6036;1021;9;3247
FR;4;2022-02-07;9;16;6;0;16;1078131;6052;1027;9;3263
FR;4;2022-02-08;13;18;12;1;19;1078144;6070;1039;10;3282
FR;4;2022-02-09;13;11;7;0;14;1078157;6081;1046;10;3296
FR;4;2022-02-10;18;22;8;0;22;1078175;6103;1054;10;3318
FR;4;2022-02-11;17;14;7;0;18;1078192;6117;1061;10;3336
FR;4;2022-02-12;23;5;0;0;3;1078215;6122;1061;10;3339
FR;4;2022-02-13;7;3;3;0;6;1078222;6125;1064;10;3345
FR;4;2022-02-14;16;10;7;0;13;1078238;6135;1071;10;3358
FR;4;2022-02-15;14;7;0;0;6;1078252;6142;1071;10;3364
FR;4;2022-02-16;10;8;9;0;13;1078262;6150;1080;10;3377
FR;4;2022-02-17;8;3;4;0;5;1078270;6153;1084;10;3382
FR;4;2022-02-18;16;13;6;0;17;1078286;6166;1090;10;3399
FR;4;2022-02-19;15;2;1;0;3;1078301;6168;1091;10;3402
FR;4;2022-02-20;6;2;0;0;1;1078307;6170;1091;10;3403
FR;4;2022-02-21;22;3;2;0;3;1078329;6173;1093;10;3406
FR;4;2022-02-22;8;4;8;0;8;1078337;6177;1101;10;3414
FR;4;2022-02-23;15;6;6;0;6;1078352;6183;1107;10;3420
FR;4;2022-02-24;7;3;2;0;3;1078359;6186;1109;10;3423
FR;4;2022-02-25;15;4;7;0;5;1078374;6190;1116;10;3428
FR;4;2022-02-26;24;3;0;0;3;1078398;6193;1116;10;3431
FR;4;2022-02-27;8;0;0;0;0;1078406;6193;1116;10;3431
FR;4;2022-02-28;12;3;2;0;3;1078418;6196;1118;10;3434
FR;4;2022-03-01;5;1;7;0;2;1078423;6197;1125;10;3436
FR;4;2022-03-02;8;2;4;0;4;1078431;6199;1129;10;3440
FR;4;2022-03-03;9;2;1;0;1;1078440;6201;1130;10;3441
FR;4;2022-03-04;6;5;2;1;4;1078446;6206;1132;11;3445
FR;4;2022-03-05;8;2;0;0;2;1078454;6208;1132;11;3447
FR;4;2022-03-06;2;0;1;0;1;1078456;6208;1133;11;3448
FR;4;2022-03-07;8;4;1;0;3;1078464;6212;1134;11;3451
FR;4;2022-03-08;12;0;0;0;0;1078476;6212;1134;11;3451
FR;4;2022-03-09;7;3;2;0;4;1078483;6215;1136;11;3455
FR;4;2022-03-10;5;0;4;0;1;1078488;6215;1140;11;3456
FR;4;2022-03-11;6;1;5;0;0;1078494;6216;1145;11;3456
FR;4;2022-03-12;9;2;0;0;0;1078503;6218;1145;11;3456
FR;4;2022-03-13;4;0;0;0;0;1078507;6218;1145;11;3456
FR;4;2022-03-14;3;0;0;0;0;1078510;6218;1145;11;3456
FR;4;2022-03-15;3;2;1;0;0;1078513;6220;1146;11;3456
FR;4;2022-03-16;4;1;2;0;2;1078517;6221;1148;11;3458
FR;4;2022-03-17;0;0;1;0;1;1078517;6221;1149;11;3459
FR;4;2022-03-18;6;0;0;0;0;1078523;6221;1149;11;3459
FR;4;2022-03-19;1;0;0;0;0;1078524;6221;1149;11;3459
FR;4;2022-03-20;1;0;0;0;0;1078525;6221;1149;11;3459
FR;4;2022-03-21;5;0;0;0;0;1078530;6221;1149;11;3459
FR;4;2022-03-22;0;1;0;0;1;1078530;6222;1149;11;3460
FR;4;2022-03-23;3;4;1;0;5;1078533;6226;1150;11;3465
FR;4;2022-03-24;2;1;0;1;1;1078535;6227;1150;12;3466
FR;4;2022-03-25;2;0;1;0;0;1078537;6227;1151;12;3466
FR;4;2022-03-26;5;5;0;0;5;1078542;6232;1151;12;3471
FR;4;2022-03-27;0;0;0;0;0;1078542;6232;1151;12;3471
FR;5;2020-12-27;0;0;0;0;0;0;0;0;0;0
FR;5;2020-12-28;0;0;0;0;0;0;0;0;0;0
FR;5;2020-12-29;0;0;0;0;0;0;0;0;0;0
FR;5;2020-12-30;0;0;0;0;0;0;0;0;0;0
FR;5;2020-12-31;0;0;0;0;0;0;0;0;0;0
FR;5;2021-01-01;0;0;0;0;0;0;0;0;0;0
FR;5;2021-01-02;0;0;0;0;0;0;0;0;0;0
FR;5;2021-01-03;0;0;0;0;0;0;0;0;0;0
FR;5;2021-01-04;0;0;0;0;0;0;0;0;0;0
FR;5;2021-01-05;0;0;0;0;0;0;0;0;0;0
FR;5;2021-01-06;0;0;0;0;0;0;0;0;0;0
FR;5;2021-01-07;0;0;0;0;0;0;0;0;0;0
FR;5;2021-01-08;0;0;0;0;0;0;0;0;0;0
FR;5;2021-01-09;0;0;0;0;0;0;0;0;0;0
FR;5;2021-01-10;0;0;0;0;0;0;0;0;0;0
FR;5;2021-01-11;0;0;0;0;0;0;0;0;0;0
FR;5;2021-01-12;0;0;0;0;0;0;0;0;0;0
FR;5;2021-01-13;0;0;0;0;0;0;0;0;0;0
FR;5;2021-01-14;0;0;0;0;0;0;0;0;0;0
FR;5;2021-01-15;0;0;0;0;0;0;0;0;0;0
FR;5;2021-01-16;0;0;0;0;0;0;0;0;0;0
FR;5;2021-01-17;0;0;0;0;0;0;0;0;0;0
FR;5;2021-01-18;0;0;0;0;0;0;0;0;0;0
FR;5;2021-01-19;0;0;0;0;0;0;0;0;0;0
FR;5;2021-01-20;0;0;0;0;0;0;0;0;0;0
FR;5;2021-01-21;0;0;0;0;0;0;0;0;0;0
FR;5;2021-01-22;0;0;0;0;0;0;0;0;0;0
FR;5;2021-01-23;0;0;0;0;0;0;0;0;0;0
FR;5;2021-01-24;0;0;0;0;0;0;0;0;0;0
FR;5;2021-01-25;0;0;0;0;0;0;0;0;0;0
FR;5;2021-01-26;0;0;0;0;0;0;0;0;0;0
FR;5;2021-01-27;0;0;0;0;0;0;0;0;0;0
FR;5;2021-01-28;0;0;0;0;0;0;0;0;0;0
FR;5;2021-01-29;0;0;0;0;0;0;0;0;0;0
FR;5;2021-01-30;0;0;0;0;0;0;0;0;0;0
FR;5;2021-01-31;0;0;0;0;0;0;0;0;0;0
FR;5;2021-02-01;0;0;0;0;0;0;0;0;0;0
FR;5;2021-02-02;0;0;0;0;0;0;0;0;0;0
FR;5;2021-02-03;0;0;0;0;0;0;0;0;0;0
FR;5;2021-02-04;0;0;0;0;0;0;0;0;0;0
FR;5;2021-02-05;0;0;0;0;0;0;0;0;0;0
FR;5;2021-02-06;0;0;0;0;0;0;0;0;0;0
FR;5;2021-02-07;0;0;0;0;0;0;0;0;0;0
FR;5;2021-02-08;0;0;0;0;0;0;0;0;0;0
FR;5;2021-02-09;0;0;0;0;0;0;0;0;0;0
FR;5;2021-02-10;0;0;0;0;0;0;0;0;0;0
FR;5;2021-02-11;0;0;0;0;0;0;0;0;0;0
FR;5;2021-02-12;0;0;0;0;0;0;0;0;0;0
FR;5;2021-02-13;0;0;0;0;0;0;0;0;0;0
FR;5;2021-02-14;0;0;0;0;0;0;0;0;0;0
FR;5;2021-02-15;0;0;0;0;0;0;0;0;0;0
FR;5;2021-02-16;0;0;0;0;0;0;0;0;0;0
FR;5;2021-02-17;0;0;0;0;0;0;0;0;0;0
FR;5;2021-02-18;0;0;0;0;0;0;0;0;0;0
FR;5;2021-02-19;0;0;0;0;0;0;0;0;0;0
FR;5;2021-02-20;0;0;0;0;0;0;0;0;0;0
FR;5;2021-02-21;0;0;0;0;0;0;0;0;0;0
FR;5;2021-02-22;0;0;0;0;0;0;0;0;0;0
FR;5;2021-02-23;0;0;0;0;0;0;0;0;0;0
FR;5;2021-02-24;0;0;0;0;0;0;0;0;0;0
FR;5;2021-02-25;0;0;0;0;0;0;0;0;0;0
FR;5;2021-02-26;0;0;0;0;0;0;0;0;0;0
FR;5;2021-02-27;0;0;0;0;0;0;0;0;0;0
FR;5;2021-02-28;0;0;0;0;0;0;0;0;0;0
FR;5;2021-03-01;0;0;0;0;0;0;0;0;0;0
FR;5;2021-03-02;0;0;0;0;0;0;0;0;0;0
FR;5;2021-03-03;0;0;0;0;0;0;0;0;0;0
FR;5;2021-03-04;0;0;0;0;0;0;0;0;0;0
FR;5;2021-03-05;0;0;0;0;0;0;0;0;0;0
FR;5;2021-03-06;0;0;0;0;0;0;0;0;0;0
FR;5;2021-03-07;0;0;0;0;0;0;0;0;0;0
FR;5;2021-03-08;0;0;0;0;0;0;0;0;0;0
FR;5;2021-03-09;0;0;0;0;0;0;0;0;0;0
FR;5;2021-03-10;0;0;0;0;0;0;0;0;0;0
FR;5;2021-03-11;0;0;0;0;0;0;0;0;0;0
FR;5;2021-03-12;0;0;0;0;0;0;0;0;0;0
FR;5;2021-03-13;0;0;0;0;0;0;0;0;0;0
FR;5;2021-03-14;0;0;0;0;0;0;0;0;0;0
FR;5;2021-03-15;0;0;0;0;0;0;0;0;0;0
FR;5;2021-03-16;0;0;0;0;0;0;0;0;0;0
FR;5;2021-03-17;0;0;0;0;0;0;0;0;0;0
FR;5;2021-03-18;0;0;0;0;0;0;0;0;0;0
FR;5;2021-03-19;0;0;0;0;0;0;0;0;0;0
FR;5;2021-03-20;0;0;0;0;0;0;0;0;0;0
FR;5;2021-03-21;0;0;0;0;0;0;0;0;0;0
FR;5;2021-03-22;0;0;0;0;0;0;0;0;0;0
FR;5;2021-03-23;0;0;0;0;0;0;0;0;0;0
FR;5;2021-03-24;0;0;0;0;0;0;0;0;0;0
FR;5;2021-03-25;0;0;0;0;0;0;0;0;0;0
FR;5;2021-03-26;0;0;0;0;0;0;0;0;0;0
FR;5;2021-03-27;0;0;0;0;0;0;0;0;0;0
FR;5;2021-03-28;0;0;0;0;0;0;0;0;0;0
FR;5;2021-03-29;0;0;0;0;0;0;0;0;0;0
FR;5;2021-03-30;0;0;0;0;0;0;0;0;0;0
FR;5;2021-03-31;0;0;0;0;0;0;0;0;0;0
FR;5;2021-04-01;0;0;0;0;0;0;0;0;0;0
FR;5;2021-04-02;0;0;0;0;0;0;0;0;0;0
FR;5;2021-04-03;0;0;0;0;0;0;0;0;0;0
FR;5;2021-04-04;0;0;0;0;0;0;0;0;0;0
FR;5;2021-04-05;0;0;0;0;0;0;0;0;0;0
FR;5;2021-04-06;0;0;0;0;0;0;0;0;0;0
FR;5;2021-04-07;0;0;0;0;0;0;0;0;0;0
FR;5;2021-04-08;0;0;0;0;0;0;0;0;0;0
FR;5;2021-04-09;0;0;0;0;0;0;0;0;0;0
FR;5;2021-04-10;0;0;0;0;0;0;0;0;0;0
FR;5;2021-04-11;0;0;0;0;0;0;0;0;0;0
FR;5;2021-04-12;0;0;0;0;0;0;0;0;0;0
FR;5;2021-04-13;0;0;0;0;0;0;0;0;0;0
FR;5;2021-04-14;0;0;0;0;0;0;0;0;0;0
FR;5;2021-04-15;0;0;0;0;0;0;0;0;0;0
FR;5;2021-04-16;0;0;0;0;0;0;0;0;0;0
FR;5;2021-04-17;0;0;0;0;0;0;0;0;0;0
FR;5;2021-04-18;0;0;0;0;0;0;0;0;0;0
FR;5;2021-04-19;0;0;0;0;0;0;0;0;0;0
FR;5;2021-04-20;0;0;0;0;0;0;0;0;0;0
FR;5;2021-04-21;0;0;0;0;0;0;0;0;0;0
FR;5;2021-04-22;0;0;0;0;0;0;0;0;0;0
FR;5;2021-04-23;0;0;0;0;0;0;0;0;0;0
FR;5;2021-04-24;0;0;0;0;0;0;0;0;0;0
FR;5;2021-04-25;0;0;0;0;0;0;0;0;0;0
FR;5;2021-04-26;0;0;0;0;0;0;0;0;0;0
FR;5;2021-04-27;0;0;0;0;0;0;0;0;0;0
FR;5;2021-04-28;0;0;0;0;0;0;0;0;0;0
FR;5;2021-04-29;0;0;0;0;0;0;0;0;0;0
FR;5;2021-04-30;0;0;0;0;0;0;0;0;0;0
FR;5;2021-05-01;0;0;0;0;0;0;0;0;0;0
FR;5;2021-05-02;0;0;0;0;0;0;0;0;0;0
FR;5;2021-05-03;0;0;0;0;0;0;0;0;0;0
FR;5;2021-05-04;0;0;0;0;0;0;0;0;0;0
FR;5;2021-05-05;0;0;0;0;0;0;0;0;0;0
FR;5;2021-05-06;0;0;0;0;0;0;0;0;0;0
FR;5;2021-05-07;0;0;0;0;0;0;0;0;0;0
FR;5;2021-05-08;0;0;0;0;0;0;0;0;0;0
FR;5;2021-05-09;0;0;0;0;0;0;0;0;0;0
FR;5;2021-05-10;0;0;0;0;0;0;0;0;0;0
FR;5;2021-05-11;0;0;0;0;0;0;0;0;0;0
FR;5;2021-05-12;0;0;0;0;0;0;0;0;0;0
FR;5;2021-05-13;0;0;0;0;0;0;0;0;0;0
FR;5;2021-05-14;0;0;0;0;0;0;0;0;0;0
FR;5;2021-05-15;0;0;0;0;0;0;0;0;0;0
FR;5;2021-05-16;0;0;0;0;0;0;0;0;0;0
FR;5;2021-05-17;0;0;0;0;0;0;0;0;0;0
FR;5;2021-05-18;0;0;0;0;0;0;0;0;0;0
FR;5;2021-05-19;0;0;0;0;0;0;0;0;0;0
FR;5;2021-05-20;0;0;0;0;0;0;0;0;0;0
FR;5;2021-05-21;0;0;0;0;0;0;0;0;0;0
FR;5;2021-05-22;0;0;0;0;0;0;0;0;0;0
FR;5;2021-05-23;0;0;0;0;0;0;0;0;0;0
FR;5;2021-05-24;0;0;0;0;0;0;0;0;0;0
FR;5;2021-05-25;0;0;0;0;0;0;0;0;0;0
FR;5;2021-05-26;0;0;0;0;0;0;0;0;0;0
FR;5;2021-05-27;0;0;0;0;0;0;0;0;0;0
FR;5;2021-05-28;0;0;0;0;0;0;0;0;0;0
FR;5;2021-05-29;0;0;0;0;0;0;0;0;0;0
FR;5;2021-05-30;0;0;0;0;0;0;0;0;0;0
FR;5;2021-05-31;0;0;0;0;0;0;0;0;0;0
FR;5;2021-06-01;0;0;0;0;0;0;0;0;0;0
FR;5;2021-06-02;0;0;0;0;0;0;0;0;0;0
FR;5;2021-06-03;0;0;0;0;0;0;0;0;0;0
FR;5;2021-06-04;0;0;0;0;0;0;0;0;0;0
FR;5;2021-06-05;0;0;0;0;0;0;0;0;0;0
FR;5;2021-06-06;0;0;0;0;0;0;0;0;0;0
FR;5;2021-06-07;0;0;0;0;0;0;0;0;0;0
FR;5;2021-06-08;0;0;0;0;0;0;0;0;0;0
FR;5;2021-06-09;0;0;0;0;0;0;0;0;0;0
FR;5;2021-06-10;0;0;0;0;0;0;0;0;0;0
FR;5;2021-06-11;0;0;0;0;0;0;0;0;0;0
FR;5;2021-06-12;0;0;0;0;0;0;0;0;0;0
FR;5;2021-06-13;0;0;0;0;0;0;0;0;0;0
FR;5;2021-06-14;0;0;0;0;0;0;0;0;0;0
FR;5;2021-06-15;0;0;0;0;0;0;0;0;0;0
FR;5;2021-06-16;0;0;0;0;0;0;0;0;0;0
FR;5;2021-06-17;0;0;0;0;0;0;0;0;0;0
FR;5;2021-06-18;0;0;0;0;0;0;0;0;0;0
FR;5;2021-06-19;0;0;0;0;0;0;0;0;0;0
FR;5;2021-06-20;0;0;0;0;0;0;0;0;0;0
FR;5;2021-06-21;0;0;0;0;0;0;0;0;0;0
FR;5;2021-06-22;0;0;0;0;0;0;0;0;0;0
FR;5;2021-06-23;0;0;0;0;0;0;0;0;0;0
FR;5;2021-06-24;0;0;0;0;0;0;0;0;0;0
FR;5;2021-06-25;0;0;0;0;0;0;0;0;0;0
FR;5;2021-06-26;0;0;0;0;0;0;0;0;0;0
FR;5;2021-06-27;0;0;0;0;0;0;0;0;0;0
FR;5;2021-06-28;0;0;0;0;0;0;0;0;0;0
FR;5;2021-06-29;0;0;0;0;0;0;0;0;0;0
FR;5;2021-06-30;0;0;0;0;0;0;0;0;0;0
FR;5;2021-07-01;0;0;0;0;0;0;0;0;0;0
FR;5;2021-07-02;0;0;0;0;0;0;0;0;0;0
FR;5;2021-07-03;0;0;0;0;0;0;0;0;0;0
FR;5;2021-07-04;0;0;0;0;0;0;0;0;0;0
FR;5;2021-07-05;0;0;0;0;0;0;0;0;0;0
FR;5;2021-07-06;0;0;0;0;0;0;0;0;0;0
FR;5;2021-07-07;0;0;0;0;0;0;0;0;0;0
FR;5;2021-07-08;0;0;0;0;0;0;0;0;0;0
FR;5;2021-07-09;0;0;0;0;0;0;0;0;0;0
FR;5;2021-07-10;0;0;0;0;0;0;0;0;0;0
FR;5;2021-07-11;0;0;0;0;0;0;0;0;0;0
FR;5;2021-07-12;0;0;0;0;0;0;0;0;0;0
FR;5;2021-07-13;0;0;0;0;0;0;0;0;0;0
FR;5;2021-07-14;0;0;0;0;0;0;0;0;0;0
FR;5;2021-07-15;0;0;0;0;0;0;0;0;0;0
FR;5;2021-07-16;0;0;0;0;0;0;0;0;0;0
FR;5;2021-07-17;0;0;0;0;0;0;0;0;0;0
FR;5;2021-07-18;0;0;0;0;0;0;0;0;0;0
FR;5;2021-07-19;0;0;0;0;0;0;0;0;0;0
FR;5;2021-07-20;0;0;0;0;0;0;0;0;0;0
FR;5;2021-07-21;0;0;0;0;0;0;0;0;0;0
FR;5;2021-07-22;0;0;0;0;0;0;0;0;0;0
FR;5;2021-07-23;0;0;0;0;0;0;0;0;0;0
FR;5;2021-07-24;0;0;0;0;0;0;0;0;0;0
FR;5;2021-07-25;0;0;0;0;0;0;0;0;0;0
FR;5;2021-07-26;0;0;0;0;0;0;0;0;0;0
FR;5;2021-07-27;0;0;0;0;0;0;0;0;0;0
FR;5;2021-07-28;0;0;0;0;0;0;0;0;0;0
FR;5;2021-07-29;0;0;0;0;0;0;0;0;0;0
FR;5;2021-07-30;0;0;0;0;0;0;0;0;0;0
FR;5;2021-07-31;0;0;0;0;0;0;0;0;0;0
FR;5;2021-08-01;0;0;0;0;0;0;0;0;0;0
FR;5;2021-08-02;0;0;0;0;0;0;0;0;0;0
FR;5;2021-08-03;0;0;0;0;0;0;0;0;0;0
FR;5;2021-08-04;0;0;0;0;0;0;0;0;0;0
FR;5;2021-08-05;0;0;0;0;0;0;0;0;0;0
FR;5;2021-08-06;0;0;0;0;0;0;0;0;0;0
FR;5;2021-08-07;0;0;0;0;0;0;0;0;0;0
FR;5;2021-08-08;0;0;0;0;0;0;0;0;0;0
FR;5;2021-08-09;0;0;0;0;0;0;0;0;0;0
FR;5;2021-08-10;0;0;0;0;0;0;0;0;0;0
FR;5;2021-08-11;0;0;0;0;0;0;0;0;0;0
FR;5;2021-08-12;0;0;0;0;0;0;0;0;0;0
FR;5;2021-08-13;0;0;0;0;0;0;0;0;0;0
FR;5;2021-08-14;0;0;0;0;0;0;0;0;0;0
FR;5;2021-08-15;0;0;0;0;0;0;0;0;0;0
FR;5;2021-08-16;0;0;0;0;0;0;0;0;0;0
FR;5;2021-08-17;0;0;0;0;0;0;0;0;0;0
FR;5;2021-08-18;0;0;0;0;0;0;0;0;0;0
FR;5;2021-08-19;0;0;0;0;0;0;0;0;0;0
FR;5;2021-08-20;0;0;0;0;0;0;0;0;0;0
FR;5;2021-08-21;0;0;0;0;0;0;0;0;0;0
FR;5;2021-08-22;0;0;0;0;0;0;0;0;0;0
FR;5;2021-08-23;0;0;0;0;0;0;0;0;0;0
FR;5;2021-08-24;0;0;0;0;0;0;0;0;0;0
FR;5;2021-08-25;0;0;0;0;0;0;0;0;0;0
FR;5;2021-08-26;0;0;0;0;0;0;0;0;0;0
FR;5;2021-08-27;0;0;0;0;0;0;0;0;0;0
FR;5;2021-08-28;0;0;0;0;0;0;0;0;0;0
FR;5;2021-08-29;0;0;0;0;0;0;0;0;0;0
FR;5;2021-08-30;0;0;0;0;0;0;0;0;0;0
FR;5;2021-08-31;0;0;0;0;0;0;0;0;0;0
FR;5;2021-09-01;0;0;0;0;0;0;0;0;0;0
FR;5;2021-09-02;0;0;0;0;0;0;0;0;0;0
FR;5;2021-09-03;0;0;0;0;0;0;0;0;0;0
FR;5;2021-09-04;0;0;0;0;0;0;0;0;0;0
FR;5;2021-09-05;0;0;0;0;0;0;0;0;0;0
FR;5;2021-09-06;0;0;0;0;0;0;0;0;0;0
FR;5;2021-09-07;0;0;0;0;0;0;0;0;0;0
FR;5;2021-09-08;0;0;0;0;0;0;0;0;0;0
FR;5;2021-09-09;0;0;0;0;0;0;0;0;0;0
FR;5;2021-09-10;0;0;0;0;0;0;0;0;0;0
FR;5;2021-09-11;0;0;0;0;0;0;0;0;0;0
FR;5;2021-09-12;0;0;0;0;0;0;0;0;0;0
FR;5;2021-09-13;0;0;0;0;0;0;0;0;0;0
FR;5;2021-09-14;0;0;0;0;0;0;0;0;0;0
FR;5;2021-09-15;0;0;0;0;0;0;0;0;0;0
FR;5;2021-09-16;0;0;0;0;0;0;0;0;0;0
FR;5;2021-09-17;0;0;0;0;0;0;0;0;0;0
FR;5;2021-09-18;0;0;0;0;0;0;0;0;0;0
FR;5;2021-09-19;0;0;0;0;0;0;0;0;0;0
FR;5;2021-09-20;0;0;0;0;0;0;0;0;0;0
FR;5;2021-09-21;0;0;0;0;0;0;0;0;0;0
FR;5;2021-09-22;0;0;0;0;0;0;0;0;0;0
FR;5;2021-09-23;0;0;0;0;0;0;0;0;0;0
FR;5;2021-09-24;0;0;0;0;0;0;0;0;0;0
FR;5;2021-09-25;0;0;0;0;0;0;0;0;0;0
FR;5;2021-09-26;0;0;0;0;0;0;0;0;0;0
FR;5;2021-09-27;0;0;0;0;0;0;0;0;0;0
FR;5;2021-09-28;0;0;0;0;0;0;0;0;0;0
FR;5;2021-09-29;0;0;0;0;0;0;0;0;0;0
FR;5;2021-09-30;0;0;0;0;0;0;0;0;0;0
FR;5;2021-10-01;0;0;0;0;0;0;0;0;0;0
FR;5;2021-10-02;0;0;0;0;0;0;0;0;0;0
FR;5;2021-10-03;0;0;0;0;0;0;0;0;0;0
FR;5;2021-10-04;0;0;0;0;0;0;0;0;0;0
FR;5;2021-10-05;0;0;0;0;0;0;0;0;0;0
FR;5;2021-10-06;0;0;0;0;0;0;0;0;0;0
FR;5;2021-10-07;0;0;0;0;0;0;0;0;0;0
FR;5;2021-10-08;0;0;0;0;0;0;0;0;0;0
FR;5;2021-10-09;0;0;0;0;0;0;0;0;0;0
FR;5;2021-10-10;0;0;0;0;0;0;0;0;0;0
FR;5;2021-10-11;0;0;0;0;0;0;0;0;0;0
FR;5;2021-10-12;0;0;0;0;0;0;0;0;0;0
FR;5;2021-10-13;0;0;0;0;0;0;0;0;0;0
FR;5;2021-10-14;0;0;0;0;0;0;0;0;0;0
FR;5;2021-10-15;0;0;0;0;0;0;0;0;0;0
FR;5;2021-10-16;0;0;0;0;0;0;0;0;0;0
FR;5;2021-10-17;0;0;0;0;0;0;0;0;0;0
FR;5;2021-10-18;0;0;0;0;0;0;0;0;0;0
FR;5;2021-10-19;0;0;0;0;0;0;0;0;0;0
FR;5;2021-10-20;0;0;0;0;0;0;0;0;0;0
FR;5;2021-10-21;0;0;0;0;0;0;0;0;0;0
FR;5;2021-10-22;0;0;0;0;0;0;0;0;0;0
FR;5;2021-10-23;0;0;0;0;0;0;0;0;0;0
FR;5;2021-10-24;0;0;0;0;0;0;0;0;0;0
FR;5;2021-10-25;0;0;0;0;0;0;0;0;0;0
FR;5;2021-10-26;0;0;0;0;0;0;0;0;0;0
FR;5;2021-10-27;0;0;0;0;0;0;0;0;0;0
FR;5;2021-10-28;0;0;0;0;0;0;0;0;0;0
FR;5;2021-10-29;0;0;0;0;0;0;0;0;0;0
FR;5;2021-10-30;0;0;0;0;0;0;0;0;0;0
FR;5;2021-10-31;0;0;0;0;0;0;0;0;0;0
FR;5;2021-11-01;0;0;0;0;0;0;0;0;0;0
FR;5;2021-11-02;0;0;0;0;0;0;0;0;0;0
FR;5;2021-11-03;0;0;0;0;0;0;0;0;0;0
FR;5;2021-11-04;0;0;0;0;0;0;0;0;0;0
FR;5;2021-11-05;0;0;0;0;0;0;0;0;0;0
FR;5;2021-11-06;0;0;0;0;0;0;0;0;0;0
FR;5;2021-11-07;0;0;0;0;0;0;0;0;0;0
FR;5;2021-11-08;0;0;0;0;0;0;0;0;0;0
FR;5;2021-11-09;0;0;0;0;0;0;0;0;0;0
FR;5;2021-11-10;0;0;0;0;0;0;0;0;0;0
FR;5;2021-11-11;0;0;0;0;0;0;0;0;0;0
FR;5;2021-11-12;0;0;0;0;0;0;0;0;0;0
FR;5;2021-11-13;0;0;0;0;0;0;0;0;0;0
FR;5;2021-11-14;0;0;0;0;0;0;0;0;0;0
FR;5;2021-11-15;0;0;0;0;0;0;0;0;0;0
FR;5;2021-11-16;0;0;0;0;0;0;0;0;0;0
FR;5;2021-11-17;0;0;0;0;0;0;0;0;0;0
FR;5;2021-11-18;0;0;0;0;0;0;0;0;0;0
FR;5;2021-11-19;0;0;0;0;0;0;0;0;0;0
FR;5;2021-11-20;0;0;0;0;0;0;0;0;0;0
FR;5;2021-11-21;0;0;0;0;0;0;0;0;0;0
FR;5;2021-11-22;0;0;0;0;0;0;0;0;0;0
FR;5;2021-11-23;0;0;0;0;0;0;0;0;0;0
FR;5;2021-11-24;0;0;0;0;0;0;0;0;0;0
FR;5;2021-11-25;0;0;0;0;0;0;0;0;0;0
FR;5;2021-11-26;0;0;0;0;0;0;0;0;0;0
FR;5;2021-11-27;0;0;0;0;0;0;0;0;0;0
FR;5;2021-11-28;0;0;0;0;0;0;0;0;0;0
FR;5;2021-11-29;0;0;0;0;0;0;0;0;0;0
FR;5;2021-11-30;0;0;0;0;0;0;0;0;0;0
FR;5;2021-12-01;0;0;0;0;0;0;0;0;0;0
FR;5;2021-12-02;0;0;0;0;0;0;0;0;0;0
FR;5;2021-12-03;0;0;0;0;0;0;0;0;0;0
FR;5;2021-12-04;0;0;0;0;0;0;0;0;0;0
FR;5;2021-12-05;0;0;0;0;0;0;0;0;0;0
FR;5;2021-12-06;0;0;0;0;0;0;0;0;0;0
FR;5;2021-12-07;0;0;0;0;0;0;0;0;0;0
FR;5;2021-12-08;0;0;0;0;0;0;0;0;0;0
FR;5;2021-12-09;0;0;0;0;0;0;0;0;0;0
FR;5;2021-12-10;0;0;0;0;0;0;0;0;0;0
FR;5;2021-12-11;0;0;0;0;0;0;0;0;0;0
FR;5;2021-12-12;0;0;0;0;0;0;0;0;0;0
FR;5;2021-12-13;0;0;0;0;0;0;0;0;0;0
FR;5;2021-12-14;28;45;77;0;88;28;45;77;0;88
FR;5;2021-12-15;195;43;37;0;49;223;88;114;0;137
FR;5;2021-12-16;180;21;44;0;48;403;109;158;0;185
FR;5;2021-12-17;310;16;72;0;74;713;125;230;0;259
FR;5;2021-12-18;762;24;22;0;29;1475;149;252;0;288
FR;5;2021-12-19;586;15;15;0;17;2061;164;267;0;305
FR;5;2021-12-20;1219;31;35;0;38;3280;195;302;0;343
FR;5;2021-12-21;1534;22;54;1;60;4814;217;356;1;403
FR;5;2021-12-22;4068;40;37;0;46;8882;257;393;1;449
FR;5;2021-12-23;3040;16;21;0;25;11922;273;414;1;474
FR;5;2021-12-24;759;18;9;0;15;12681;291;423;1;489
FR;5;2021-12-25;61;5;1;0;2;12742;296;424;1;491
FR;5;2021-12-26;623;6;3;0;4;13365;302;427;1;495
FR;5;2021-12-27;4080;25;21;0;23;17445;327;448;1;518
FR;5;2021-12-28;5199;22;41;1;42;22644;349;489;2;560
FR;5;2021-12-29;8101;34;65;2;68;30745;383;554;4;628
FR;5;2021-12-30;5171;18;33;0;39;35916;401;587;4;667
FR;5;2021-12-31;1553;8;10;0;11;37469;409;597;4;678
FR;5;2022-01-01;185;1;2;0;2;37654;410;599;4;680
FR;5;2022-01-02;1489;1;1;0;1;39143;411;600;4;681
FR;5;2022-01-03;3052;36;33;0;32;42195;447;633;4;713
FR;5;2022-01-04;3034;39;33;0;42;45229;486;666;4;755
FR;5;2022-01-05;19308;202;97;1;107;64537;688;763;5;862
FR;5;2022-01-06;3740;133;122;0;142;68277;821;885;5;1004
FR;5;2022-01-07;5006;200;48;2;56;73283;1021;933;7;1060
FR;5;2022-01-08;13648;513;45;0;52;86931;1534;978;7;1112
FR;5;2022-01-09;5755;399;15;0;20;92686;1933;993;7;1132
FR;5;2022-01-10;3452;326;25;0;29;96138;2259;1018;7;1161
FR;5;2022-01-11;3667;284;38;0;41;99805;2543;1056;7;1202
FR;5;2022-01-12;22648;3003;90;0;113;122453;5546;1146;7;1315
FR;5;2022-01-13;4033;622;30;0;32;126486;6168;1176;7;1347
FR;5;2022-01-14;4842;581;43;0;50;131328;6749;1219;7;1397
FR;5;2022-01-15;14678;1746;38;3;49;146006;8495;1257;10;1446
FR;5;2022-01-16;4728;666;3;0;5;150734;9161;1260;10;1451
FR;5;2022-01-17;2294;715;26;0;29;153028;9876;1286;10;1480
FR;5;2022-01-18;2429;869;30;0;40;155457;10745;1316;10;1520
FR;5;2022-01-19;18478;6418;74;2;142;173935;17163;1390;12;1662
FR;5;2022-01-20;1918;1067;24;0;33;175853;18230;1414;12;1695
FR;5;2022-01-21;3074;1369;47;1;59;178927;19599;1461;13;1754
FR;5;2022-01-22;10720;3454;33;1;43;189647;23053;1494;14;1797
FR;5;2022-01-23;2627;1413;5;0;8;192274;24466;1499;14;1805
FR;5;2022-01-24;1157;1340;19;0;23;193431;25806;1518;14;1828
FR;5;2022-01-25;1218;1548;19;2;29;194649;27354;1537;16;1857
FR;5;2022-01-26;10744;12014;50;1;89;205393;39368;1587;17;1946
FR;5;2022-01-27;1291;1689;10;0;17;206684;41057;1597;17;1963
FR;5;2022-01-28;1695;3347;16;0;19;208379;44404;1613;17;1982
FR;5;2022-01-29;6237;8040;68;0;96;214616;52444;1681;17;2078
FR;5;2022-01-30;1509;2950;5;0;18;216125;55394;1686;17;2096
FR;5;2022-01-31;587;1772;23;0;24;216712;57166;1709;17;2120
FR;5;2022-02-01;709;1701;10;0;15;217421;58867;1719;17;2135
FR;5;2022-02-02;6951;15653;52;0;94;224372;74520;1771;17;2229
FR;5;2022-02-03;486;1688;13;0;11;224858;76208;1784;17;2240
FR;5;2022-02-04;937;3001;19;0;31;225795;79209;1803;17;2271
FR;5;2022-02-05;3531;8914;23;0;37;229326;88123;1826;17;2308
FR;5;2022-02-06;736;2397;10;0;19;230062;90520;1836;17;2327
FR;5;2022-02-07;879;1595;22;0;24;230941;92115;1858;17;2351
FR;5;2022-02-08;719;1283;18;0;19;231660;93398;1876;17;2370
FR;5;2022-02-09;4533;12874;44;0;76;236193;106272;1920;17;2446
FR;5;2022-02-10;644;1057;13;0;14;236837;107329;1933;17;2460
FR;5;2022-02-11;793;2026;16;0;21;237630;109355;1949;17;2481
FR;5;2022-02-12;2285;6809;32;0;52;239915;116164;1981;17;2533
FR;5;2022-02-13;465;1539;8;0;8;240380;117703;1989;17;2541
FR;5;2022-02-14;678;1288;10;0;13;241058;118991;1999;17;2554
FR;5;2022-02-15;481;883;9;0;14;241539;119874;2008;17;2568
FR;5;2022-02-16;2976;9122;41;1;58;244515;128996;2049;18;2626
FR;5;2022-02-17;435;803;6;0;7;244950;129799;2055;18;2633
FR;5;2022-02-18;648;1407;13;0;17;245598;131206;2068;18;2650
FR;5;2022-02-19;1370;4314;16;0;28;246968;135520;2084;18;2678
FR;5;2022-02-20;247;879;6;0;8;247215;136399;2090;18;2686
FR;5;2022-02-21;220;605;2;0;4;247435;137004;2092;18;2690
FR;5;2022-02-22;259;544;17;0;17;247694;137548;2109;18;2707
FR;5;2022-02-23;1907;6919;22;1;42;249601;144467;2131;19;2749
FR;5;2022-02-24;181;371;5;1;5;249782;144838;2136;20;2754
FR;5;2022-02-25;333;949;13;0;12;250115;145787;2149;20;2766
FR;5;2022-02-26;970;3065;10;0;14;251085;148852;2159;20;2780
FR;5;2022-02-27;146;506;0;0;3;251231;149358;2159;20;2783
FR;5;2022-02-28;160;366;1;0;1;251391;149724;2160;20;2784
FR;5;2022-03-01;123;278;6;0;7;251514;150002;2166;20;2791
FR;5;2022-03-02;1236;4144;28;3;40;252750;154146;2194;23;2831
FR;5;2022-03-03;117;249;6;0;9;252867;154395;2200;23;2840
FR;5;2022-03-04;192;482;13;0;13;253059;154877;2213;23;2853
FR;5;2022-03-05;675;1990;8;0;16;253734;156867;2221;23;2869
FR;5;2022-03-06;107;260;0;0;0;253841;157127;2221;23;2869
FR;5;2022-03-07;70;228;4;0;3;253911;157355;2225;23;2872
FR;5;2022-03-08;46;127;7;1;7;253957;157482;2232;24;2879
FR;5;2022-03-09;889;3075;23;0;35;254846;160557;2255;24;2914
FR;5;2022-03-10;81;200;7;0;10;254927;160757;2262;24;2924
FR;5;2022-03-11;144;368;14;1;15;255071;161125;2276;25;2939
FR;5;2022-03-12;758;1613;12;1;29;255829;162738;2288;26;2968
FR;5;2022-03-13;76;99;0;0;0;255905;162837;2288;26;2968
FR;5;2022-03-14;67;116;7;1;7;255972;162953;2295;27;2975
FR;5;2022-03-15;81;98;3;0;5;256053;163051;2298;27;2980
FR;5;2022-03-16;878;1821;15;3;34;256931;164872;2313;30;3014
FR;5;2022-03-17;64;119;8;4;10;256995;164991;2321;34;3024
FR;5;2022-03-18;166;317;13;3;18;257161;165308;2334;37;3042
FR;5;2022-03-19;748;1160;12;5;32;257909;166468;2346;42;3074
FR;5;2022-03-20;44;92;1;0;1;257953;166560;2347;42;3075
FR;5;2022-03-21;69;113;10;6;15;258022;166673;2357;48;3090
FR;5;2022-03-22;55;112;8;6;8;258077;166785;2365;54;3098
FR;5;2022-03-23;797;1455;13;8;35;258874;168240;2378;62;3133
FR;5;2022-03-24;67;87;5;7;5;258941;168327;2383;69;3138
FR;5;2022-03-25;220;276;12;8;15;259161;168603;2395;77;3153
FR;5;2022-03-26;699;846;12;6;26;259860;169449;2407;83;3179
FR;5;2022-03-27;70;76;0;0;3;259930;169525;2407;83;3182
FR;6;2020-12-27;0;0;0;0;0;0;0;0;0;0
FR;6;2020-12-28;0;0;0;0;0;0;0;0;0;0
FR;6;2020-12-29;0;0;0;0;0;0;0;0;0;0
FR;6;2020-12-30;0;0;0;0;0;0;0;0;0;0
FR;6;2020-12-31;0;0;0;0;0;0;0;0;0;0
FR;6;2021-01-01;0;0;0;0;0;0;0;0;0;0
FR;6;2021-01-02;0;0;0;0;0;0;0;0;0;0
FR;6;2021-01-03;0;0;0;0;0;0;0;0;0;0
FR;6;2021-01-04;0;0;0;0;0;0;0;0;0;0
FR;6;2021-01-05;0;0;0;0;0;0;0;0;0;0
FR;6;2021-01-06;0;0;0;0;0;0;0;0;0;0
FR;6;2021-01-07;0;0;0;0;0;0;0;0;0;0
FR;6;2021-01-08;0;0;0;0;0;0;0;0;0;0
FR;6;2021-01-09;0;0;0;0;0;0;0;0;0;0
FR;6;2021-01-10;0;0;0;0;0;0;0;0;0;0
FR;6;2021-01-11;0;0;0;0;0;0;0;0;0;0
FR;6;2021-01-12;0;0;0;0;0;0;0;0;0;0
FR;6;2021-01-13;0;0;0;0;0;0;0;0;0;0
FR;6;2021-01-14;0;0;0;0;0;0;0;0;0;0
FR;6;2021-01-15;0;0;0;0;0;0;0;0;0;0
FR;6;2021-01-16;0;0;0;0;0;0;0;0;0;0
FR;6;2021-01-17;0;0;0;0;0;0;0;0;0;0
FR;6;2021-01-18;0;0;0;0;0;0;0;0;0;0
FR;6;2021-01-19;0;0;0;0;0;0;0;0;0;0
FR;6;2021-01-20;0;0;0;0;0;0;0;0;0;0
FR;6;2021-01-21;0;0;0;0;0;0;0;0;0;0
FR;6;2021-01-22;0;0;0;0;0;0;0;0;0;0
FR;6;2021-01-23;0;0;0;0;0;0;0;0;0;0
FR;6;2021-01-24;0;0;0;0;0;0;0;0;0;0
FR;6;2021-01-25;0;0;0;0;0;0;0;0;0;0
FR;6;2021-01-26;0;0;0;0;0;0;0;0;0;0
FR;6;2021-01-27;0;0;0;0;0;0;0;0;0;0
FR;6;2021-01-28;0;0;0;0;0;0;0;0;0;0
FR;6;2021-01-29;0;0;0;0;0;0;0;0;0;0
FR;6;2021-01-30;0;0;0;0;0;0;0;0;0;0
FR;6;2021-01-31;0;0;0;0;0;0;0;0;0;0
FR;6;2021-02-01;0;0;0;0;0;0;0;0;0;0
FR;6;2021-02-02;0;0;0;0;0;0;0;0;0;0
FR;6;2021-02-03;0;0;0;0;0;0;0;0;0;0
FR;6;2021-02-04;0;0;0;0;0;0;0;0;0;0
FR;6;2021-02-05;0;0;0;0;0;0;0;0;0;0
FR;6;2021-02-06;0;0;0;0;0;0;0;0;0;0
FR;6;2021-02-07;0;0;0;0;0;0;0;0;0;0
FR;6;2021-02-08;0;0;0;0;0;0;0;0;0;0
FR;6;2021-02-09;0;0;0;0;0;0;0;0;0;0
FR;6;2021-02-10;0;0;0;0;0;0;0;0;0;0
FR;6;2021-02-11;0;0;0;0;0;0;0;0;0;0
FR;6;2021-02-12;0;0;0;0;0;0;0;0;0;0
FR;6;2021-02-13;0;0;0;0;0;0;0;0;0;0
FR;6;2021-02-14;0;0;0;0;0;0;0;0;0;0
FR;6;2021-02-15;0;0;0;0;0;0;0;0;0;0
FR;6;2021-02-16;0;0;0;0;0;0;0;0;0;0
FR;6;2021-02-17;0;0;0;0;0;0;0;0;0;0
FR;6;2021-02-18;0;0;0;0;0;0;0;0;0;0
FR;6;2021-02-19;0;0;0;0;0;0;0;0;0;0
FR;6;2021-02-20;0;0;0;0;0;0;0;0;0;0
FR;6;2021-02-21;0;0;0;0;0;0;0;0;0;0
FR;6;2021-02-22;0;0;0;0;0;0;0;0;0;0
FR;6;2021-02-23;0;0;0;0;0;0;0;0;0;0
FR;6;2021-02-24;0;0;0;0;0;0;0;0;0;0
FR;6;2021-02-25;0;0;0;0;0;0;0;0;0;0
FR;6;2021-02-26;0;0;0;0;0;0;0;0;0;0
FR;6;2021-02-27;0;0;0;0;0;0;0;0;0;0
FR;6;2021-02-28;0;0;0;0;0;0;0;0;0;0
FR;6;2021-03-01;0;0;0;0;0;0;0;0;0;0
FR;6;2021-03-02;0;0;0;0;0;0;0;0;0;0
FR;6;2021-03-03;0;0;0;0;0;0;0;0;0;0
FR;6;2021-03-04;0;0;0;0;0;0;0;0;0;0
FR;6;2021-03-05;0;0;0;0;0;0;0;0;0;0
FR;6;2021-03-06;0;0;0;0;0;0;0;0;0;0
FR;6;2021-03-07;0;0;0;0;0;0;0;0;0;0
FR;6;2021-03-08;0;0;0;0;0;0;0;0;0;0
FR;6;2021-03-09;0;0;0;0;0;0;0;0;0;0
FR;6;2021-03-10;0;0;0;0;0;0;0;0;0;0
FR;6;2021-03-11;0;0;0;0;0;0;0;0;0;0
FR;6;2021-03-12;0;0;0;0;0;0;0;0;0;0
FR;6;2021-03-13;0;0;0;0;0;0;0;0;0;0
FR;6;2021-03-14;0;0;0;0;0;0;0;0;0;0
FR;6;2021-03-15;0;0;0;0;0;0;0;0;0;0
FR;6;2021-03-16;0;0;0;0;0;0;0;0;0;0
FR;6;2021-03-17;0;0;0;0;0;0;0;0;0;0
FR;6;2021-03-18;0;0;0;0;0;0;0;0;0;0
FR;6;2021-03-19;0;0;0;0;0;0;0;0;0;0
FR;6;2021-03-20;0;0;0;0;0;0;0;0;0;0
FR;6;2021-03-21;0;0;0;0;0;0;0;0;0;0
FR;6;2021-03-22;0;0;0;0;0;0;0;0;0;0
FR;6;2021-03-23;0;0;0;0;0;0;0;0;0;0
FR;6;2021-03-24;0;0;0;0;0;0;0;0;0;0
FR;6;2021-03-25;0;0;0;0;0;0;0;0;0;0
FR;6;2021-03-26;0;0;0;0;0;0;0;0;0;0
FR;6;2021-03-27;0;0;0;0;0;0;0;0;0;0
FR;6;2021-03-28;0;0;0;0;0;0;0;0;0;0
FR;6;2021-03-29;0;0;0;0;0;0;0;0;0;0
FR;6;2021-03-30;0;0;0;0;0;0;0;0;0;0
FR;6;2021-03-31;0;0;0;0;0;0;0;0;0;0
FR;6;2021-04-01;0;0;0;0;0;0;0;0;0;0
FR;6;2021-04-02;0;0;0;0;0;0;0;0;0;0
FR;6;2021-04-03;0;0;0;0;0;0;0;0;0;0
FR;6;2021-04-04;0;0;0;0;0;0;0;0;0;0
FR;6;2021-04-05;0;0;0;0;0;0;0;0;0;0
FR;6;2021-04-06;0;0;0;0;0;0;0;0;0;0
FR;6;2021-04-07;0;0;0;0;0;0;0;0;0;0
FR;6;2021-04-08;0;0;0;0;0;0;0;0;0;0
FR;6;2021-04-09;0;0;0;0;0;0;0;0;0;0
FR;6;2021-04-10;0;0;0;0;0;0;0;0;0;0
FR;6;2021-04-11;0;0;0;0;0;0;0;0;0;0
FR;6;2021-04-12;0;0;0;0;0;0;0;0;0;0
FR;6;2021-04-13;0;0;0;0;0;0;0;0;0;0
FR;6;2021-04-14;0;0;0;0;0;0;0;0;0;0
FR;6;2021-04-15;0;0;0;0;0;0;0;0;0;0
FR;6;2021-04-16;0;0;0;0;0;0;0;0;0;0
FR;6;2021-04-17;0;0;0;0;0;0;0;0;0;0
FR;6;2021-04-18;0;0;0;0;0;0;0;0;0;0
FR;6;2021-04-19;0;0;0;0;0;0;0;0;0;0
FR;6;2021-04-20;0;0;0;0;0;0;0;0;0;0
FR;6;2021-04-21;0;0;0;0;0;0;0;0;0;0
FR;6;2021-04-22;0;0;0;0;0;0;0;0;0;0
FR;6;2021-04-23;0;0;0;0;0;0;0;0;0;0
FR;6;2021-04-24;0;0;0;0;0;0;0;0;0;0
FR;6;2021-04-25;0;0;0;0;0;0;0;0;0;0
FR;6;2021-04-26;0;0;0;0;0;0;0;0;0;0
FR;6;2021-04-27;0;0;0;0;0;0;0;0;0;0
FR;6;2021-04-28;0;0;0;0;0;0;0;0;0;0
FR;6;2021-04-29;0;0;0;0;0;0;0;0;0;0
FR;6;2021-04-30;0;0;0;0;0;0;0;0;0;0
FR;6;2021-05-01;0;0;0;0;0;0;0;0;0;0
FR;6;2021-05-02;0;0;0;0;0;0;0;0;0;0
FR;6;2021-05-03;0;0;0;0;0;0;0;0;0;0
FR;6;2021-05-04;0;0;0;0;0;0;0;0;0;0
FR;6;2021-05-05;0;0;0;0;0;0;0;0;0;0
FR;6;2021-05-06;0;0;0;0;0;0;0;0;0;0
FR;6;2021-05-07;0;0;0;0;0;0;0;0;0;0
FR;6;2021-05-08;0;0;0;0;0;0;0;0;0;0
FR;6;2021-05-09;0;0;0;0;0;0;0;0;0;0
FR;6;2021-05-10;0;0;0;0;0;0;0;0;0;0
FR;6;2021-05-11;0;0;0;0;0;0;0;0;0;0
FR;6;2021-05-12;0;0;0;0;0;0;0;0;0;0
FR;6;2021-05-13;0;0;0;0;0;0;0;0;0;0
FR;6;2021-05-14;0;0;0;0;0;0;0;0;0;0
FR;6;2021-05-15;0;0;0;0;0;0;0;0;0;0
FR;6;2021-05-16;0;0;0;0;0;0;0;0;0;0
FR;6;2021-05-17;0;0;0;0;0;0;0;0;0;0
FR;6;2021-05-18;0;0;0;0;0;0;0;0;0;0
FR;6;2021-05-19;0;0;0;0;0;0;0;0;0;0
FR;6;2021-05-20;0;0;0;0;0;0;0;0;0;0
FR;6;2021-05-21;0;0;0;0;0;0;0;0;0;0
FR;6;2021-05-22;0;0;0;0;0;0;0;0;0;0
FR;6;2021-05-23;0;0;0;0;0;0;0;0;0;0
FR;6;2021-05-24;0;0;0;0;0;0;0;0;0;0
FR;6;2021-05-25;0;0;0;0;0;0;0;0;0;0
FR;6;2021-05-26;0;0;0;0;0;0;0;0;0;0
FR;6;2021-05-27;0;0;0;0;0;0;0;0;0;0
FR;6;2021-05-28;0;0;0;0;0;0;0;0;0;0
FR;6;2021-05-29;0;0;0;0;0;0;0;0;0;0
FR;6;2021-05-30;0;0;0;0;0;0;0;0;0;0
FR;6;2021-05-31;0;0;0;0;0;0;0;0;0;0
FR;6;2021-06-01;0;0;0;0;0;0;0;0;0;0
FR;6;2021-06-02;0;0;0;0;0;0;0;0;0;0
FR;6;2021-06-03;0;0;0;0;0;0;0;0;0;0
FR;6;2021-06-04;0;0;0;0;0;0;0;0;0;0
FR;6;2021-06-05;0;0;0;0;0;0;0;0;0;0
FR;6;2021-06-06;0;0;0;0;0;0;0;0;0;0
FR;6;2021-06-07;0;0;0;0;0;0;0;0;0;0
FR;6;2021-06-08;0;0;0;0;0;0;0;0;0;0
FR;6;2021-06-09;0;0;0;0;0;0;0;0;0;0
FR;6;2021-06-10;0;0;0;0;0;0;0;0;0;0
FR;6;2021-06-11;0;0;0;0;0;0;0;0;0;0
FR;6;2021-06-12;0;0;0;0;0;0;0;0;0;0
FR;6;2021-06-13;0;0;0;0;0;0;0;0;0;0
FR;6;2021-06-14;0;0;0;0;0;0;0;0;0;0
FR;6;2021-06-15;0;0;0;0;0;0;0;0;0;0
FR;6;2021-06-16;0;0;0;0;0;0;0;0;0;0
FR;6;2021-06-17;0;0;0;0;0;0;0;0;0;0
FR;6;2021-06-18;0;0;0;0;0;0;0;0;0;0
FR;6;2021-06-19;0;0;0;0;0;0;0;0;0;0
FR;6;2021-06-20;0;0;0;0;0;0;0;0;0;0
FR;6;2021-06-21;0;0;0;0;0;0;0;0;0;0
FR;6;2021-06-22;0;0;0;0;0;0;0;0;0;0
FR;6;2021-06-23;0;0;0;0;0;0;0;0;0;0
FR;6;2021-06-24;0;0;0;0;0;0;0;0;0;0
FR;6;2021-06-25;0;0;0;0;0;0;0;0;0;0
FR;6;2021-06-26;0;0;0;0;0;0;0;0;0;0
FR;6;2021-06-27;0;0;0;0;0;0;0;0;0;0
FR;6;2021-06-28;0;0;0;0;0;0;0;0;0;0
FR;6;2021-06-29;0;0;0;0;0;0;0;0;0;0
FR;6;2021-06-30;0;0;0;0;0;0;0;0;0;0
FR;6;2021-07-01;0;0;0;0;0;0;0;0;0;0
FR;6;2021-07-02;0;0;0;0;0;0;0;0;0;0
FR;6;2021-07-03;0;0;0;0;0;0;0;0;0;0
FR;6;2021-07-04;0;0;0;0;0;0;0;0;0;0
FR;6;2021-07-05;0;0;0;0;0;0;0;0;0;0
FR;6;2021-07-06;0;0;0;0;0;0;0;0;0;0
FR;6;2021-07-07;0;0;0;0;0;0;0;0;0;0
FR;6;2021-07-08;0;0;0;0;0;0;0;0;0;0
FR;6;2021-07-09;0;0;0;0;0;0;0;0;0;0
FR;6;2021-07-10;0;0;0;0;0;0;0;0;0;0
FR;6;2021-07-11;0;0;0;0;0;0;0;0;0;0
FR;6;2021-07-12;0;0;0;0;0;0;0;0;0;0
FR;6;2021-07-13;0;0;0;0;0;0;0;0;0;0
FR;6;2021-07-14;0;0;0;0;0;0;0;0;0;0
FR;6;2021-07-15;0;0;0;0;0;0;0;0;0;0
FR;6;2021-07-16;0;0;0;0;0;0;0;0;0;0
FR;6;2021-07-17;0;0;0;0;0;0;0;0;0;0
FR;6;2021-07-18;0;0;0;0;0;0;0;0;0;0
FR;6;2021-07-19;0;0;0;0;0;0;0;0;0;0
FR;6;2021-07-20;0;0;0;0;0;0;0;0;0;0
FR;6;2021-07-21;0;0;0;0;0;0;0;0;0;0
FR;6;2021-07-22;0;0;0;0;0;0;0;0;0;0
FR;6;2021-07-23;0;0;0;0;0;0;0;0;0;0
FR;6;2021-07-24;0;0;0;0;0;0;0;0;0;0
FR;6;2021-07-25;0;0;0;0;0;0;0;0;0;0
FR;6;2021-07-26;0;0;0;0;0;0;0;0;0;0
FR;6;2021-07-27;0;0;0;0;0;0;0;0;0;0
FR;6;2021-07-28;0;0;0;0;0;0;0;0;0;0
FR;6;2021-07-29;0;0;0;0;0;0;0;0;0;0
FR;6;2021-07-30;0;0;0;0;0;0;0;0;0;0
FR;6;2021-07-31;0;0;0;0;0;0;0;0;0;0
FR;6;2021-08-01;0;0;0;0;0;0;0;0;0;0
FR;6;2021-08-02;0;0;0;0;0;0;0;0;0;0
FR;6;2021-08-03;0;0;0;0;0;0;0;0;0;0
FR;6;2021-08-04;0;0;0;0;0;0;0;0;0;0
FR;6;2021-08-05;0;0;0;0;0;0;0;0;0;0
FR;6;2021-08-06;0;0;0;0;0;0;0;0;0;0
FR;6;2021-08-07;0;0;0;0;0;0;0;0;0;0
FR;6;2021-08-08;0;0;0;0;0;0;0;0;0;0
FR;6;2021-08-09;0;0;0;0;0;0;0;0;0;0
FR;6;2021-08-10;0;0;0;0;0;0;0;0;0;0
FR;6;2021-08-11;0;0;0;0;0;0;0;0;0;0
FR;6;2021-08-12;0;0;0;0;0;0;0;0;0;0
FR;6;2021-08-13;0;0;0;0;0;0;0;0;0;0
FR;6;2021-08-14;0;0;0;0;0;0;0;0;0;0
FR;6;2021-08-15;0;0;0;0;0;0;0;0;0;0
FR;6;2021-08-16;0;0;0;0;0;0;0;0;0;0
FR;6;2021-08-17;0;0;0;0;0;0;0;0;0;0
FR;6;2021-08-18;0;0;0;0;0;0;0;0;0;0
FR;6;2021-08-19;0;0;0;0;0;0;0;0;0;0
FR;6;2021-08-20;0;0;0;0;0;0;0;0;0;0
FR;6;2021-08-21;0;0;0;0;0;0;0;0;0;0
FR;6;2021-08-22;0;0;0;0;0;0;0;0;0;0
FR;6;2021-08-23;0;0;0;0;0;0;0;0;0;0
FR;6;2021-08-24;0;0;0;0;0;0;0;0;0;0
FR;6;2021-08-25;0;0;0;0;0;0;0;0;0;0
FR;6;2021-08-26;0;0;0;0;0;0;0;0;0;0
FR;6;2021-08-27;0;0;0;0;0;0;0;0;0;0
FR;6;2021-08-28;0;0;0;0;0;0;0;0;0;0
FR;6;2021-08-29;0;0;0;0;0;0;0;0;0;0
FR;6;2021-08-30;0;0;0;0;0;0;0;0;0;0
FR;6;2021-08-31;0;0;0;0;0;0;0;0;0;0
FR;6;2021-09-01;0;0;0;0;0;0;0;0;0;0
FR;6;2021-09-02;0;0;0;0;0;0;0;0;0;0
FR;6;2021-09-03;0;0;0;0;0;0;0;0;0;0
FR;6;2021-09-04;0;0;0;0;0;0;0;0;0;0
FR;6;2021-09-05;0;0;0;0;0;0;0;0;0;0
FR;6;2021-09-06;0;0;0;0;0;0;0;0;0;0
FR;6;2021-09-07;0;0;0;0;0;0;0;0;0;0
FR;6;2021-09-08;0;0;0;0;0;0;0;0;0;0
FR;6;2021-09-09;0;0;0;0;0;0;0;0;0;0
FR;6;2021-09-10;0;0;0;0;0;0;0;0;0;0
FR;6;2021-09-11;0;0;0;0;0;0;0;0;0;0
FR;6;2021-09-12;0;0;0;0;0;0;0;0;0;0
FR;6;2021-09-13;0;0;0;0;0;0;0;0;0;0
FR;6;2021-09-14;0;0;0;0;0;0;0;0;0;0
FR;6;2021-09-15;0;0;0;0;0;0;0;0;0;0
FR;6;2021-09-16;0;0;0;0;0;0;0;0;0;0
FR;6;2021-09-17;0;0;0;0;0;0;0;0;0;0
FR;6;2021-09-18;0;0;0;0;0;0;0;0;0;0
FR;6;2021-09-19;0;0;0;0;0;0;0;0;0;0
FR;6;2021-09-20;0;0;0;0;0;0;0;0;0;0
FR;6;2021-09-21;0;0;0;0;0;0;0;0;0;0
FR;6;2021-09-22;0;0;0;0;0;0;0;0;0;0
FR;6;2021-09-23;0;0;0;0;0;0;0;0;0;0
FR;6;2021-09-24;0;0;0;0;0;0;0;0;0;0
FR;6;2021-09-25;0;0;0;0;0;0;0;0;0;0
FR;6;2021-09-26;0;0;0;0;0;0;0;0;0;0
FR;6;2021-09-27;0;0;0;0;0;0;0;0;0;0
FR;6;2021-09-28;0;0;0;0;0;0;0;0;0;0
FR;6;2021-09-29;0;0;0;0;0;0;0;0;0;0
FR;6;2021-09-30;0;0;0;0;0;0;0;0;0;0
FR;6;2021-10-01;0;0;0;0;0;0;0;0;0;0
FR;6;2021-10-02;0;0;0;0;0;0;0;0;0;0
FR;6;2021-10-03;0;0;0;0;0;0;0;0;0;0
FR;6;2021-10-04;0;0;0;0;0;0;0;0;0;0
FR;6;2021-10-05;0;0;0;0;0;0;0;0;0;0
FR;6;2021-10-06;0;0;0;0;0;0;0;0;0;0
FR;6;2021-10-07;0;0;0;0;0;0;0;0;0;0
FR;6;2021-10-08;0;0;0;0;0;0;0;0;0;0
FR;6;2021-10-09;0;0;0;0;0;0;0;0;0;0
FR;6;2021-10-10;0;0;0;0;0;0;0;0;0;0
FR;6;2021-10-11;0;0;0;0;0;0;0;0;0;0
FR;6;2021-10-12;0;0;0;0;0;0;0;0;0;0
FR;6;2021-10-13;0;0;0;0;0;0;0;0;0;0
FR;6;2021-10-14;0;0;0;0;0;0;0;0;0;0
FR;6;2021-10-15;0;0;0;0;0;0;0;0;0;0
FR;6;2021-10-16;0;0;0;0;0;0;0;0;0;0
FR;6;2021-10-17;0;0;0;0;0;0;0;0;0;0
FR;6;2021-10-18;0;0;0;0;0;0;0;0;0;0
FR;6;2021-10-19;0;0;0;0;0;0;0;0;0;0
FR;6;2021-10-20;0;0;0;0;0;0;0;0;0;0
FR;6;2021-10-21;0;0;0;0;0;0;0;0;0;0
FR;6;2021-10-22;0;0;0;0;0;0;0;0;0;0
FR;6;2021-10-23;0;0;0;0;0;0;0;0;0;0
FR;6;2021-10-24;0;0;0;0;0;0;0;0;0;0
FR;6;2021-10-25;0;0;0;0;0;0;0;0;0;0
FR;6;2021-10-26;0;0;0;0;0;0;0;0;0;0
FR;6;2021-10-27;0;0;0;0;0;0;0;0;0;0
FR;6;2021-10-28;0;0;0;0;0;0;0;0;0;0
FR;6;2021-10-29;0;0;0;0;0;0;0;0;0;0
FR;6;2021-10-30;0;0;0;0;0;0;0;0;0;0
FR;6;2021-10-31;0;0;0;0;0;0;0;0;0;0
FR;6;2021-11-01;0;0;0;0;0;0;0;0;0;0
FR;6;2021-11-02;0;0;0;0;0;0;0;0;0;0
FR;6;2021-11-03;0;0;0;0;0;0;0;0;0;0
FR;6;2021-11-04;0;0;0;0;0;0;0;0;0;0
FR;6;2021-11-05;0;0;0;0;0;0;0;0;0;0
FR;6;2021-11-06;0;0;0;0;0;0;0;0;0;0
FR;6;2021-11-07;0;0;0;0;0;0;0;0;0;0
FR;6;2021-11-08;0;0;0;0;0;0;0;0;0;0
FR;6;2021-11-09;0;0;0;0;0;0;0;0;0;0
FR;6;2021-11-10;0;0;0;0;0;0;0;0;0;0
FR;6;2021-11-11;0;0;0;0;0;0;0;0;0;0
FR;6;2021-11-12;0;0;0;0;0;0;0;0;0;0
FR;6;2021-11-13;0;0;0;0;0;0;0;0;0;0
FR;6;2021-11-14;0;0;0;0;0;0;0;0;0;0
FR;6;2021-11-15;0;0;0;0;0;0;0;0;0;0
FR;6;2021-11-16;0;0;0;0;0;0;0;0;0;0
FR;6;2021-11-17;0;0;0;0;0;0;0;0;0;0
FR;6;2021-11-18;0;0;0;0;0;0;0;0;0;0
FR;6;2021-11-19;0;0;0;0;0;0;0;0;0;0
FR;6;2021-11-20;0;0;0;0;0;0;0;0;0;0
FR;6;2021-11-21;0;0;0;0;0;0;0;0;0;0
FR;6;2021-11-22;0;0;0;0;0;0;0;0;0;0
FR;6;2021-11-23;0;0;0;0;0;0;0;0;0;0
FR;6;2021-11-24;0;0;0;0;0;0;0;0;0;0
FR;6;2021-11-25;0;0;0;0;0;0;0;0;0;0
FR;6;2021-11-26;0;0;0;0;0;0;0;0;0;0
FR;6;2021-11-27;0;0;0;0;0;0;0;0;0;0
FR;6;2021-11-28;0;0;0;0;0;0;0;0;0;0
FR;6;2021-11-29;0;0;0;0;0;0;0;0;0;0
FR;6;2021-11-30;0;0;0;0;0;0;0;0;0;0
FR;6;2021-12-01;0;0;0;0;0;0;0;0;0;0
FR;6;2021-12-02;0;0;0;0;0;0;0;0;0;0
FR;6;2021-12-03;0;0;0;0;0;0;0;0;0;0
FR;6;2021-12-04;0;0;0;0;0;0;0;0;0;0
FR;6;2021-12-05;0;0;0;0;0;0;0;0;0;0
FR;6;2021-12-06;0;0;0;0;0;0;0;0;0;0
FR;6;2021-12-07;0;0;0;0;0;0;0;0;0;0
FR;6;2021-12-08;0;0;0;0;0;0;0;0;0;0
FR;6;2021-12-09;0;0;0;0;0;0;0;0;0;0
FR;6;2021-12-10;0;0;0;0;0;0;0;0;0;0
FR;6;2021-12-11;0;0;0;0;0;0;0;0;0;0
FR;6;2021-12-12;0;0;0;0;0;0;0;0;0;0
FR;6;2021-12-13;0;0;0;0;0;0;0;0;0;0
FR;6;2021-12-14;0;0;0;0;0;0;0;0;0;0
FR;6;2021-12-15;0;0;0;0;0;0;0;0;0;0
FR;6;2021-12-16;0;0;0;0;0;0;0;0;0;0
FR;6;2021-12-17;0;0;0;0;0;0;0;0;0;0
FR;6;2021-12-18;0;0;0;0;0;0;0;0;0;0
FR;6;2021-12-19;0;0;0;0;0;0;0;0;0;0
FR;6;2021-12-20;0;0;0;0;0;0;0;0;0;0
FR;6;2021-12-21;0;0;0;0;0;0;0;0;0;0
FR;6;2021-12-22;0;0;0;0;0;0;0;0;0;0
FR;6;2021-12-23;0;0;0;0;0;0;0;0;0;0
FR;6;2021-12-24;0;0;0;0;0;0;0;0;0;0
FR;6;2021-12-25;0;0;0;0;0;0;0;0;0;0
FR;6;2021-12-26;0;0;0;0;0;0;0;0;0;0
FR;6;2021-12-27;0;0;0;0;0;0;0;0;0;0
FR;6;2021-12-28;0;0;0;0;0;0;0;0;0;0
FR;6;2021-12-29;0;0;0;0;0;0;0;0;0;0
FR;6;2021-12-30;0;0;0;0;0;0;0;0;0;0
FR;6;2021-12-31;0;0;0;0;0;0;0;0;0;0
FR;6;2022-01-01;0;0;0;0;0;0;0;0;0;0
FR;6;2022-01-02;0;0;0;0;0;0;0;0;0;0
FR;6;2022-01-03;0;0;0;0;0;0;0;0;0;0
FR;6;2022-01-04;0;0;0;0;0;0;0;0;0;0
FR;6;2022-01-05;0;0;0;0;0;0;0;0;0;0
FR;6;2022-01-06;0;0;0;0;0;0;0;0;0;0
FR;6;2022-01-07;0;0;0;0;0;0;0;0;0;0
FR;6;2022-01-08;0;0;0;0;0;0;0;0;0;0
FR;6;2022-01-09;0;0;0;0;0;0;0;0;0;0
FR;6;2022-01-10;0;0;0;0;0;0;0;0;0;0
FR;6;2022-01-11;0;0;0;0;0;0;0;0;0;0
FR;6;2022-01-12;0;0;0;0;0;0;0;0;0;0
FR;6;2022-01-13;0;0;0;0;0;0;0;0;0;0
FR;6;2022-01-14;0;0;0;0;0;0;0;0;0;0
FR;6;2022-01-15;0;0;0;0;0;0;0;0;0;0
FR;6;2022-01-16;0;0;0;0;0;0;0;0;0;0
FR;6;2022-01-17;0;0;0;0;0;0;0;0;0;0
FR;6;2022-01-18;0;0;0;0;0;0;0;0;0;0
FR;6;2022-01-19;0;0;0;0;0;0;0;0;0;0
FR;6;2022-01-20;0;0;0;0;0;0;0;0;0;0
FR;6;2022-01-21;0;0;0;0;0;0;0;0;0;0
FR;6;2022-01-22;0;0;0;0;0;0;0;0;0;0
FR;6;2022-01-23;0;0;0;0;0;0;0;0;0;0
FR;6;2022-01-24;0;0;0;0;0;0;0;0;0;0
FR;6;2022-01-25;0;0;0;0;0;0;0;0;0;0
FR;6;2022-01-26;0;0;0;0;0;0;0;0;0;0
FR;6;2022-01-27;0;0;0;0;0;0;0;0;0;0
FR;6;2022-01-28;0;0;0;0;0;0;0;0;0;0
FR;6;2022-01-29;0;0;0;0;0;0;0;0;0;0
FR;6;2022-01-30;0;0;0;0;0;0;0;0;0;0
FR;6;2022-01-31;0;0;0;0;0;0;0;0;0;0
FR;6;2022-02-01;0;0;0;0;0;0;0;0;0;0
FR;6;2022-02-02;0;0;0;0;0;0;0;0;0;0
FR;6;2022-02-03;0;0;0;0;0;0;0;0;0;0
FR;6;2022-02-04;0;0;0;0;0;0;0;0;0;0
FR;6;2022-02-05;0;0;0;0;0;0;0;0;0;0
FR;6;2022-02-06;0;0;0;0;0;0;0;0;0;0
FR;6;2022-02-07;0;0;0;0;0;0;0;0;0;0
FR;6;2022-02-08;0;0;0;0;0;0;0;0;0;0
FR;6;2022-02-09;0;0;0;0;0;0;0;0;0;0
FR;6;2022-02-10;0;0;0;0;0;0;0;0;0;0
FR;6;2022-02-11;0;0;0;0;0;0;0;0;0;0
FR;6;2022-02-12;0;0;0;0;0;0;0;0;0;0
FR;6;2022-02-13;0;0;0;0;0;0;0;0;0;0
FR;6;2022-02-14;0;0;0;0;0;0;0;0;0;0
FR;6;2022-02-15;0;0;0;0;0;0;0;0;0;0
FR;6;2022-02-16;0;0;0;0;0;0;0;0;0;0
FR;6;2022-02-17;0;0;0;0;0;0;0;0;0;0
FR;6;2022-02-18;0;0;0;0;0;0;0;0;0;0
FR;6;2022-02-19;0;0;0;0;0;0;0;0;0;0
FR;6;2022-02-20;0;0;0;0;0;0;0;0;0;0
FR;6;2022-02-21;0;0;0;0;0;0;0;0;0;0
FR;6;2022-02-22;0;0;0;0;0;0;0;0;0;0
FR;6;2022-02-23;0;0;0;0;0;0;0;0;0;0
FR;6;2022-02-24;0;0;0;0;0;0;0;0;0;0
FR;6;2022-02-25;0;0;0;0;0;0;0;0;0;0
FR;6;2022-02-26;0;0;0;0;0;0;0;0;0;0
FR;6;2022-02-27;0;0;0;0;0;0;0;0;0;0
FR;6;2022-02-28;0;0;0;0;0;0;0;0;0;0
FR;6;2022-03-01;0;0;0;0;0;0;0;0;0;0
FR;6;2022-03-02;96;9;2;0;7;96;9;2;0;7
FR;6;2022-03-03;0;0;0;0;0;96;9;2;0;7
FR;6;2022-03-04;90;4;0;0;4;186;13;2;0;11
FR;6;2022-03-05;390;23;2;0;14;576;36;4;0;25
FR;6;2022-03-06;7;1;0;0;0;583;37;4;0;25
FR;6;2022-03-07;336;19;0;0;13;919;56;4;0;38
FR;6;2022-03-08;230;14;0;0;5;1149;70;4;0;43
FR;6;2022-03-09;519;29;2;0;21;1668;99;6;0;64
FR;6;2022-03-10;207;18;0;1;12;1875;117;6;1;76
FR;6;2022-03-11;328;21;6;0;21;2203;138;12;1;97
FR;6;2022-03-12;516;25;1;0;20;2719;163;13;1;117
FR;6;2022-03-13;40;2;0;0;1;2759;165;13;1;118
FR;6;2022-03-14;201;4;2;0;3;2960;169;15;1;121
FR;6;2022-03-15;112;11;2;0;9;3072;180;17;1;130
FR;6;2022-03-16;310;16;1;1;14;3382;196;18;2;144
FR;6;2022-03-17;117;6;1;2;4;3499;202;19;4;148
FR;6;2022-03-18;213;11;0;0;6;3712;213;19;4;154
FR;6;2022-03-19;303;20;2;0;10;4015;233;21;4;164
FR;6;2022-03-20;15;5;0;0;1;4030;238;21;4;165
FR;6;2022-03-21;131;22;1;0;4;4161;260;22;4;169
FR;6;2022-03-22;97;8;0;0;2;4258;268;22;4;171
FR;6;2022-03-23;226;107;3;0;13;4484;375;25;4;184
FR;6;2022-03-24;99;14;1;5;4;4583;389;26;9;188
FR;6;2022-03-25;202;137;2;1;11;4785;526;28;10;199
FR;6;2022-03-26;330;296;7;1;19;5115;822;35;11;218
FR;6;2022-03-27;32;30;1;0;1;5147;852;36;11;219
FR;0;2020-12-27;593;0;0;0;0;593;0;0;0;0
FR;0;2020-12-28;649;0;0;0;0;1242;0;0;0;0
FR;0;2020-12-29;368;0;0;0;0;1610;0;0;0;0
FR;0;2020-12-30;433;0;0;0;0;2043;0;0;0;0
FR;0;2020-12-31;360;0;0;0;0;2403;0;0;0;0
FR;0;2021-01-01;1104;0;0;0;0;3507;0;0;0;0
FR;0;2021-01-02;348;1;0;0;0;3855;1;0;0;0
FR;0;2021-01-03;394;0;0;0;0;4249;1;0;0;0
FR;0;2021-01-04;2074;0;0;0;0;6323;1;0;0;0
FR;0;2021-01-05;6789;2;0;0;0;13112;3;0;0;0
FR;0;2021-01-06;12270;4;0;0;0;25382;7;0;0;0
FR;0;2021-01-07;29428;2;0;0;0;54810;9;0;0;0
FR;0;2021-01-08;37106;2;0;0;0;91916;11;0;0;0
FR;0;2021-01-09;11205;2;0;0;0;103121;13;0;0;0
FR;0;2021-01-10;5987;0;0;0;0;109108;13;0;0;0
FR;0;2021-01-11;39912;5;0;0;0;149020;18;0;0;0
FR;0;2021-01-12;62091;6;0;0;0;211111;24;0;0;0
FR;0;2021-01-13;65038;16;0;0;0;276149;40;0;0;0
FR;0;2021-01-14;83121;22;0;0;0;359270;62;0;0;0
FR;0;2021-01-15;68966;7;0;0;0;428236;69;0;0;0
FR;0;2021-01-16;20202;75;0;0;0;448438;144;0;0;0
FR;0;2021-01-17;10975;45;0;0;0;459413;189;0;0;0
FR;0;2021-01-18;85807;166;0;0;0;545220;355;0;0;0
FR;0;2021-01-19;130554;139;0;0;0;675774;494;0;0;0
FR;0;2021-01-20;137488;172;0;0;0;813262;666;0;0;0
FR;0;2021-01-21;158348;147;0;0;0;971610;813;0;0;0
FR;0;2021-01-22;121015;175;0;0;0;1092625;988;0;0;0
FR;0;2021-01-23;38452;56;0;0;0;1131077;1044;0;0;0
FR;0;2021-01-24;9737;49;0;0;0;1140814;1093;0;0;0
FR;0;2021-01-25;78202;1227;0;0;0;1219016;2320;0;0;0
FR;0;2021-01-26;100333;3134;1;0;0;1319349;5454;1;0;0
FR;0;2021-01-27;107206;5671;0;0;0;1426555;11125;1;0;0
FR;0;2021-01-28;124304;14398;0;0;0;1550859;25523;1;0;0
FR;0;2021-01-29;92144;17357;0;0;0;1643003;42880;1;0;0
FR;0;2021-01-30;29098;4224;0;0;0;1672101;47104;1;0;0
FR;0;2021-01-31;5219;1703;0;0;0;1677320;48807;1;0;0
FR;0;2021-02-01;53083;21114;0;0;0;1730403;69921;1;0;0
FR;0;2021-02-02;72257;34595;0;0;0;1802660;104516;1;0;0
FR;0;2021-02-03;72250;37064;0;0;0;1874910;141580;1;0;0
FR;0;2021-02-04;82013;50144;0;0;0;1956923;191724;1;0;0
FR;0;2021-02-05;68201;45399;0;0;0;2025124;237123;1;0;0
FR;0;2021-02-06;23132;10478;0;0;0;2048256;247601;1;0;0
FR;0;2021-02-07;5170;5053;0;0;0;2053426;252654;1;0;0
FR;0;2021-02-08;46802;46090;0;0;0;2100228;298744;1;0;0
FR;0;2021-02-09;65974;72501;0;0;0;2166202;371245;1;0;0
FR;0;2021-02-10;70956;76764;0;0;0;2237158;448009;1;0;0
FR;0;2021-02-11;87207;99116;0;0;0;2324365;547125;1;0;0
FR;0;2021-02-12;79262;74333;0;0;0;2403627;621458;1;0;0
FR;0;2021-02-13;22337;19520;0;0;0;2425964;640978;1;0;0
FR;0;2021-02-14;5060;7247;0;0;0;2431024;648225;1;0;0
FR;0;2021-02-15;38049;76603;0;0;0;2469073;724828;1;0;0
FR;0;2021-02-16;50344;100613;0;0;0;2519417;825441;1;0;0
FR;0;2021-02-17;50472;103112;1;0;0;2569889;928553;2;0;0
FR;0;2021-02-18;69723;118618;0;0;0;2639612;1047171;2;0;0
FR;0;2021-02-19;65028;90744;1;0;0;2704640;1137915;3;0;0
FR;0;2021-02-20;18567;28457;0;0;0;2723207;1166372;3;0;0
FR;0;2021-02-21;3304;6387;0;0;0;2726511;1172759;3;0;0
FR;0;2021-02-22;37462;73146;2;0;0;2763973;1245905;5;0;0
FR;0;2021-02-23;53747;84089;1;0;0;2817720;1329994;6;0;0
FR;0;2021-02-24;59952;81083;1;0;0;2877672;1411077;7;0;0
FR;0;2021-02-25;100526;91276;1;0;0;2978198;1502353;8;0;0
FR;0;2021-02-26;113403;70960;0;0;0;3091601;1573313;8;0;0
FR;0;2021-02-27;52085;22012;0;0;0;3143686;1595325;8;0;0
FR;0;2021-02-28;6187;4421;1;0;0;3149873;1599746;9;0;0
FR;0;2021-03-01;65791;52847;1;0;0;3215664;1652593;10;0;0
FR;0;2021-03-02;101315;66245;2;0;0;3316979;1718838;12;0;0
FR;0;2021-03-03;116418;65417;0;0;0;3433397;1784255;12;0;0
FR;0;2021-03-04;163550;69001;3;0;0;3596947;1853256;15;0;0
FR;0;2021-03-05;200854;63223;3;0;0;3797801;1916479;18;0;0
FR;0;2021-03-06;207911;17788;3;0;0;4005712;1934267;21;0;0
FR;0;2021-03-07;121239;5405;1;0;0;4126951;1939672;22;0;0
FR;0;2021-03-08;107094;50723;2;0;0;4234045;1990395;24;0;0
FR;0;2021-03-09;172382;56670;2;0;0;4406427;2047065;26;0;0
FR;0;2021-03-10;178882;57172;5;0;0;4585309;2104237;31;0;0
FR;0;2021-03-11;242748;63038;2;0;0;4828057;2167275;33;0;0
FR;0;2021-03-12;294743;53443;0;0;0;5122800;2220718;33;0;0
FR;0;2021-03-13;231347;15285;1;0;0;5354147;2236003;34;0;0
FR;0;2021-03-14;63325;3420;1;0;0;5417472;2239423;35;0;0
FR;0;2021-03-15;158562;32581;3;0;0;5576034;2272004;38;0;0
FR;0;2021-03-16;141515;39487;5;0;0;5717549;2311491;43;0;0
FR;0;2021-03-17;150393;38731;4;0;0;5867942;2350222;47;0;0
FR;0;2021-03-18;167743;44602;5;0;0;6035685;2394824;52;0;0
FR;0;2021-03-19;229929;37403;2;0;0;6265614;2432227;54;0;0
FR;0;2021-03-20;166628;11744;1;0;0;6432242;2443971;55;0;0
FR;0;2021-03-21;49892;2616;1;0;0;6482134;2446587;56;0;0
FR;0;2021-03-22;169918;34220;2;0;0;6652052;2480807;58;0;0
FR;0;2021-03-23;250280;42404;1;0;0;6902332;2523211;59;0;0
FR;0;2021-03-24;256811;43830;0;0;0;7159143;2567041;59;0;0
FR;0;2021-03-25;341715;44691;5;0;0;7500858;2611732;64;0;0
FR;0;2021-03-26;358722;41862;4;0;0;7859580;2653594;68;0;0
FR;0;2021-03-27;195219;16646;1;0;0;8054799;2670240;69;0;0
FR;0;2021-03-28;59302;3814;3;0;0;8114101;2674054;72;0;0
FR;0;2021-03-29;202904;54235;4;0;0;8317005;2728289;76;0;0
FR;0;2021-03-30;285358;69582;4;0;0;8602363;2797871;80;0;0
FR;0;2021-03-31;262921;72902;4;0;0;8865284;2870773;84;0;0
FR;0;2021-04-01;315306;87936;12;0;0;9180590;2958709;96;0;0
FR;0;2021-04-02;281241;92112;7;0;0;9461831;3050821;103;0;0
FR;0;2021-04-03;141023;61810;5;0;0;9602854;3112631;108;0;0
FR;0;2021-04-04;46295;18681;2;0;0;9649149;3131312;110;0;0
FR;0;2021-04-05;63270;10982;11;0;0;9712419;3142294;121;0;0
FR;0;2021-04-06;217073;107944;16;0;0;9929492;3250238;137;0;0
FR;0;2021-04-07;260140;115313;17;0;0;10189632;3365551;154;0;0
FR;0;2021-04-08;337655;121328;14;0;0;10527287;3486879;168;0;0
FR;0;2021-04-09;410045;116376;49;0;0;10937332;3603255;217;0;0
FR;0;2021-04-10;212553;82672;15;0;0;11149885;3685927;232;0;0
FR;0;2021-04-11;56045;34550;7;0;0;11205930;3720477;239;0;0
FR;0;2021-04-12;236898;115097;45;0;0;11442828;3835574;284;0;0
FR;0;2021-04-13;309359;144715;97;1;0;11752187;3980289;381;1;0
FR;0;2021-04-14;294370;139260;210;0;0;12046557;4119549;591;1;0
FR;0;2021-04-15;336954;147751;336;0;0;12383511;4267300;927;1;0
FR;0;2021-04-16;339180;145612;352;0;0;12722691;4412912;1279;1;0
FR;0;2021-04-17;188605;90161;108;0;0;12911296;4503073;1387;1;0
FR;0;2021-04-18;51563;35420;45;0;0;12962859;4538493;1432;1;0
FR;0;2021-04-19;205513;138223;453;0;0;13168372;4676716;1885;1;0
FR;0;2021-04-20;254290;170510;568;0;0;13422662;4847226;2453;1;0
FR;0;2021-04-21;253107;168717;830;0;0;13675769;5015943;3283;1;0
FR;0;2021-04-22;287357;188168;818;0;0;13963126;5204111;4101;1;0
FR;0;2021-04-23;297966;183117;742;0;0;14261092;5387228;4843;1;0
FR;0;2021-04-24;190400;111486;247;0;0;14451492;5498714;5090;1;0
FR;0;2021-04-25;69460;38833;51;0;0;14520952;5537547;5141;1;0
FR;0;2021-04-26;220848;155954;558;0;0;14741800;5693501;5699;1;0
FR;0;2021-04-27;284497;187258;938;0;0;15026297;5880759;6637;1;0
FR;0;2021-04-28;299379;183052;1420;1;1;15325676;6063811;8057;2;1
FR;0;2021-04-29;357008;196000;1274;0;0;15682684;6259811;9331;2;1
FR;0;2021-04-30;372101;184639;1118;1;0;16054785;6444450;10449;3;1
FR;0;2021-05-01;167532;52513;178;0;0;16222317;6496963;10627;3;1
FR;0;2021-05-02;91630;37786;82;0;0;16313947;6534749;10709;3;1
FR;0;2021-05-03;288748;169375;836;0;0;16602695;6704124;11545;3;1
FR;0;2021-05-04;315503;224215;1230;0;0;16918198;6928339;12775;3;1
FR;0;2021-05-05;326993;224398;1310;0;0;17245191;7152737;14085;3;1
FR;0;2021-05-06;379326;239016;1624;0;0;17624517;7391753;15709;3;1
FR;0;2021-05-07;372612;257086;1222;0;0;17997129;7648839;16931;3;1
FR;0;2021-05-08;222101;66848;296;0;0;18219230;7715687;17227;3;1
FR;0;2021-05-09;129641;46655;243;0;0;18348871;7762342;17470;3;1
FR;0;2021-05-10;313121;228712;1227;0;0;18661992;7991054;18697;3;1
FR;0;2021-05-11;403740;257845;1562;0;0;19065732;8248899;20259;3;1
FR;0;2021-05-12;433934;232988;1537;0;0;19499666;8481887;21796;3;1
FR;0;2021-05-13;338475;56963;429;0;0;19838141;8538850;22225;3;1
FR;0;2021-05-14;453989;167236;1116;0;0;20292130;8706086;23341;3;1
FR;0;2021-05-15;374660;93939;442;0;0;20666790;8800025;23783;3;1
FR;0;2021-05-16;202675;20775;168;0;0;20869465;8820800;23951;3;1
FR;0;2021-05-17;375959;148967;1546;0;0;21245424;8969767;25497;3;1
FR;0;2021-05-18;459781;152971;1984;0;0;21705205;9122738;27481;3;1
FR;0;2021-05-19;467239;145089;2447;0;0;22172444;9267827;29928;3;1
FR;0;2021-05-20;507322;160152;2325;0;0;22679766;9427979;32253;3;1
FR;0;2021-05-21;489494;174380;1984;0;0;23169260;9602359;34237;3;1
FR;0;2021-05-22;347091;79771;667;0;0;23516351;9682130;34904;3;1
FR;0;2021-05-23;161616;14417;246;0;0;23677967;9696547;35150;3;1
FR;0;2021-05-24;263093;33210;597;0;0;23941060;9729757;35747;3;1
FR;0;2021-05-25;400017;189064;2341;1;0;24341077;9918821;38088;4;1
FR;0;2021-05-26;413314;188045;2212;0;0;24754391;10106866;40300;4;1
FR;0;2021-05-27;449642;218441;2150;0;0;25204033;10325307;42450;4;1
FR;0;2021-05-28;429395;259338;1884;0;0;25633428;10584645;44334;4;1
FR;0;2021-05-29;298914;149288;582;0;0;25932342;10733933;44916;4;1
FR;0;2021-05-30;107053;32577;162;0;0;26039395;10766510;45078;4;1
FR;0;2021-05-31;357864;203503;1465;1;1;26397259;10970013;46543;5;2
FR;0;2021-06-01;430414;251391;1952;1;1;26827673;11221404;48495;6;3
FR;0;2021-06-02;418817;230693;1972;0;0;27246490;11452097;50467;6;3
FR;0;2021-06-03;463976;258464;1814;0;0;27710466;11710561;52281;6;3
FR;0;2021-06-04;455376;304693;1721;1;1;28165842;12015254;54002;7;4
FR;0;2021-06-05;304686;188939;651;0;0;28470528;12204193;54653;7;4
FR;0;2021-06-06;133193;49122;226;0;0;28603721;12253315;54879;7;4
FR;0;2021-06-07;338517;262125;1513;0;0;28942238;12515440;56392;7;4
FR;0;2021-06-08;393456;290935;1790;0;0;29335694;12806375;58182;7;4
FR;0;2021-06-09;384525;275637;1720;0;0;29720219;13082012;59902;7;4
FR;0;2021-06-10;403824;289149;1717;1;0;30124043;13371161;61619;8;4
FR;0;2021-06-11;386353;357257;1453;0;0;30510396;13728418;63072;8;4
FR;0;2021-06-12;283137;211270;488;0;0;30793533;13939688;63560;8;4
FR;0;2021-06-13;104803;74007;204;0;0;30898336;14013695;63764;8;4
FR;0;2021-06-14;240603;355835;1420;1;0;31138939;14369530;65184;9;4
FR;0;2021-06-15;307843;385761;1558;1;0;31446782;14755291;66742;10;4
FR;0;2021-06-16;313733;357726;1411;1;0;31760515;15113017;68153;11;4
FR;0;2021-06-17;317443;372101;1418;1;0;32077958;15485118;69571;12;4
FR;0;2021-06-18;321479;442338;1327;1;0;32399437;15927456;70898;13;4
FR;0;2021-06-19;224288;273733;445;0;0;32623725;16201189;71343;13;4
FR;0;2021-06-20;74340;102573;127;0;0;32698065;16303762;71470;13;4
FR;0;2021-06-21;195517;401944;1027;1;1;32893582;16705706;72497;14;5
FR;0;2021-06-22;222953;467294;1257;10;2;33116535;17173000;73754;24;7
FR;0;2021-06-23;233785;439775;1192;1;1;33350320;17612775;74946;25;8
FR;0;2021-06-24;241640;409415;1342;0;0;33591960;18022190;76288;25;8
FR;0;2021-06-25;227374;522090;1397;0;0;33819334;18544280;77685;25;8
FR;0;2021-06-26;153130;370657;583;1;0;33972464;18914937;78268;26;8
FR;0;2021-06-27;55845;156295;166;1;0;34028309;19071232;78434;27;8
FR;0;2021-06-28;154541;453063;1163;0;0;34182850;19524295;79597;27;8
FR;0;2021-06-29;182479;506526;2120;0;0;34365329;20030821;81717;27;8
FR;0;2021-06-30;203742;481504;2007;21;2;34569071;20512325;83724;48;10
FR;0;2021-07-01;230801;457719;2221;5;1;34799872;20970044;85945;53;11
FR;0;2021-07-02;227734;520210;2118;5;3;35027606;21490254;88063;58;14
FR;0;2021-07-03;141856;368722;909;3;1;35169462;21858976;88972;61;15
FR;0;2021-07-04;56667;141272;265;0;0;35226129;22000248;89237;61;15
FR;0;2021-07-05;168002;419349;1666;8;2;35394131;22419597;90903;69;17
FR;0;2021-07-06;196389;474819;1823;43;8;35590520;22894416;92726;112;25
FR;0;2021-07-07;212705;439319;1873;24;5;35803225;23333735;94599;136;30
FR;0;2021-07-08;231263;424145;2088;20;9;36034488;23757880;96687;156;39
FR;0;2021-07-09;228220;510278;2182;4;3;36262708;24268158;98869;160;42
FR;0;2021-07-10;148471;339828;982;1;1;36411179;24607986;99851;161;43
FR;0;2021-07-11;60107;110133;281;0;0;36471286;24718119;100132;161;43
FR;0;2021-07-12;168871;478188;1750;4;0;36640157;25196307;101882;165;43
FR;0;2021-07-13;286981;527476;2043;7;2;36927138;25723783;103925;172;45
FR;0;2021-07-14;180756;157810;432;0;0;37107894;25881593;104357;172;45
FR;0;2021-07-15;346701;502552;2096;1;0;37454595;26384145;106453;173;45
FR;0;2021-07-16;379740;496056;2020;3;1;37834335;26880201;108473;176;46
FR;0;2021-07-17;259590;319820;876;1;0;38093925;27200021;109349;177;46
FR;0;2021-07-18;109639;114830;310;0;0;38203564;27314851;109659;177;46
FR;0;2021-07-19;285221;425339;1626;3;0;38488785;27740190;111285;180;46
FR;0;2021-07-20;376624;452698;1720;0;0;38865409;28192888;113005;180;46
FR;0;2021-07-21;395512;408149;1547;4;2;39260921;28601037;114552;184;48
FR;0;2021-07-22;440649;388448;1711;4;2;39701570;28989485;116263;188;50
FR;0;2021-07-23;438389;423328;1876;4;2;40139959;29412813;118139;192;52
FR;0;2021-07-24;285133;269719;802;1;0;40425092;29682532;118941;193;52
FR;0;2021-07-25;121004;80078;225;0;0;40546096;29762610;119166;193;52
FR;0;2021-07-26;347171;323509;1613;3;2;40893267;30086119;120779;196;54
FR;0;2021-07-27;463789;320536;1696;4;2;41357056;30406655;122475;200;56
FR;0;2021-07-28;459205;290219;1635;4;2;41816261;30696874;124110;204;58
FR;0;2021-07-29;489555;277141;1793;2;1;42305816;30974015;125903;206;59
FR;0;2021-07-30;461476;303055;1935;5;2;42767292;31277070;127838;211;61
FR;0;2021-07-31;285281;185032;913;1;0;43052573;31462102;128751;212;61
FR;0;2021-08-01;111888;50011;250;0;0;43164461;31512113;129001;212;61
FR;0;2021-08-02;340972;234672;1596;2;0;43505433;31746785;130597;214;61
FR;0;2021-08-03;398199;245245;1715;2;1;43903632;31992030;132312;216;62
FR;0;2021-08-04;384396;210223;1589;5;3;44288028;32202253;133901;221;65
FR;0;2021-08-05;365789;228938;1705;0;0;44653817;32431191;135606;221;65
FR;0;2021-08-06;359342;271867;1833;4;1;45013159;32703058;137439;225;66
FR;0;2021-08-07;212948;178373;755;4;3;45226107;32881431;138194;229;69
FR;0;2021-08-08;74070;63266;269;0;0;45300177;32944697;138463;229;69
FR;0;2021-08-09;258455;259825;1537;4;3;45558632;33204522;140000;233;72
FR;0;2021-08-10;306446;278431;1652;2;1;45865078;33482953;141652;235;73
FR;0;2021-08-11;279376;260506;1435;5;1;46144454;33743459;143087;240;74
FR;0;2021-08-12;271172;278697;1657;3;1;46415626;34022156;144744;243;75
FR;0;2021-08-13;251914;277825;1585;3;2;46667540;34299981;146329;246;77
FR;0;2021-08-14;145220;197386;739;0;0;46812760;34497367;147068;246;77
FR;0;2021-08-15;39238;50111;212;1;0;46851998;34547478;147280;247;77
FR;0;2021-08-16;185667;318281;1538;0;0;47037665;34865759;148818;247;77
FR;0;2021-08-17;215377;336786;1631;5;1;47253042;35202545;150449;252;78
FR;0;2021-08-18;198712;324997;1582;7;4;47451754;35527542;152031;259;82
FR;0;2021-08-19;191760;325655;1628;1;0;47643514;35853197;153659;260;82
FR;0;2021-08-20;186154;365696;1803;3;2;47829668;36218893;155462;263;84
FR;0;2021-08-21;104686;238165;700;0;0;47934354;36457058;156162;263;84
FR;0;2021-08-22;31863;87197;252;1;1;47966217;36544255;156414;264;85
FR;0;2021-08-23;140781;357343;1555;3;2;48106998;36901598;157969;267;87
FR;0;2021-08-24;162294;376965;1835;5;1;48269292;37278563;159804;272;88
FR;0;2021-08-25;150911;350900;2024;8;3;48420203;37629463;161828;280;91
FR;0;2021-08-26;142648;342827;2550;10;1;48562851;37972290;164378;290;92
FR;0;2021-08-27;148196;387704;2786;11;4;48711047;38359994;167164;301;96
FR;0;2021-08-28;90523;249504;1405;0;0;48801570;38609498;168569;301;96
FR;0;2021-08-29;27282;83299;510;1;0;48828852;38692797;169079;302;96
FR;0;2021-08-30;117267;324909;4706;6;6087;48946119;39017706;173785;308;6183
FR;0;2021-08-31;128616;334720;10152;18;11897;49074735;39352426;183937;326;18080
FR;0;2021-09-01;134947;285597;22392;7;24196;49209682;39638023;206329;333;42276
FR;0;2021-09-02;112049;247322;26479;13;28783;49321731;39885345;232808;346;71059
FR;0;2021-09-03;117905;292751;29932;24;32884;49439636;40178096;262740;370;103943
FR;0;2021-09-04;89599;217694;12578;12;14009;49529235;40395790;275318;382;117952
FR;0;2021-09-05;21311;44887;4385;2;4722;49550546;40440677;279703;384;122674
FR;0;2021-09-06;75048;180890;31926;16;34127;49625594;40621567;311629;400;156801
FR;0;2021-09-07;79058;181277;33222;40;36012;49704652;40802844;344851;440;192813
FR;0;2021-09-08;88702;206118;29636;26;32279;49793354;41008962;374487;466;225092
FR;0;2021-09-09;75670;165293;33012;26;36356;49869024;41174255;407499;492;261448
FR;0;2021-09-10;94979;203568;35686;26;40340;49964003;41377823;443185;518;301788
FR;0;2021-09-11;66233;169155;12118;18;14191;50030236;41546978;455303;536;315979
FR;0;2021-09-12;12716;32095;2760;2;3143;50042952;41579073;458063;538;319122
FR;0;2021-09-13;64256;126402;41163;32;43766;50107208;41705475;499226;570;362888
FR;0;2021-09-14;73179;129192;56282;79;61637;50180387;41834667;555508;649;424525
FR;0;2021-09-15;76187;167777;55578;59;54674;50256574;42002444;611086;708;479199
FR;0;2021-09-16;63606;114484;59973;86;59897;50320180;42116928;671059;794;539096
FR;0;2021-09-17;74834;156816;53778;71;57141;50395014;42273744;724837;865;596237
FR;0;2021-09-18;48112;139527;15588;25;17269;50443126;42413271;740425;890;613506
FR;0;2021-09-19;7836;23721;2427;1;2619;50450962;42436992;742852;891;616125
FR;0;2021-09-20;44361;93912;49976;73;50146;50495323;42530904;792828;964;666271
FR;0;2021-09-21;45706;98461;62659;78;63223;50541029;42629365;855487;1042;729494
FR;0;2021-09-22;48466;142169;55271;84;55217;50589495;42771534;910758;1126;784711
FR;0;2021-09-23;43048;91805;62298;95;63273;50632543;42863339;973056;1221;847984
FR;0;2021-09-24;52080;132844;54478;110;59002;50684623;42996183;1027534;1331;906986
FR;0;2021-09-25;35111;115368;16255;37;18226;50719734;43111551;1043789;1368;925212
FR;0;2021-09-26;5510;17836;2261;4;2343;50725244;43129387;1046050;1372;927555
FR;0;2021-09-27;33882;76981;47138;96;48074;50759126;43206368;1093188;1468;975629
FR;0;2021-09-28;36396;75232;54868;88;56339;50795522;43281600;1148056;1556;1031968
FR;0;2021-09-29;44255;100746;53261;111;54703;50839777;43382346;1201317;1667;1086671
FR;0;2021-09-30;36140;72106;56929;96;59339;50875917;43454452;1258246;1763;1146010
FR;0;2021-10-01;60906;100442;57742;108;63616;50936823;43554894;1315988;1871;1209626
FR;0;2021-10-02;39118;78202;20937;38;23277;50975941;43633096;1336925;1909;1232903
FR;0;2021-10-03;5232;10587;2517;4;2555;50981173;43643683;1339442;1913;1235458
FR;0;2021-10-04;34621;58440;52578;83;54744;51015794;43702123;1392020;1996;1290202
FR;0;2021-10-05;33119;64269;60911;135;64810;51048913;43766392;1452931;2131;1355012
FR;0;2021-10-06;42092;79062;65632;113;68117;51091005;43845454;1518563;2244;1423129
FR;0;2021-10-07;30213;62003;65330;90;68594;51121218;43907457;1583893;2334;1491723
FR;0;2021-10-08;48387;91658;77666;110;84507;51169605;43999115;1661559;2444;1576230
FR;0;2021-10-09;33471;60735;31500;35;33829;51203076;44059850;1693059;2479;1610059
FR;0;2021-10-10;4537;7360;3180;9;3473;51207613;44067210;1696239;2488;1613532
FR;0;2021-10-11;30381;49904;60992;105;63982;51237994;44117114;1757231;2593;1677514
FR;0;2021-10-12;31136;54422;70526;139;75739;51269130;44171536;1827757;2732;1753253
FR;0;2021-10-13;39820;62667;74374;135;79186;51308950;44234203;1902131;2867;1832439
FR;0;2021-10-14;30135;52727;68693;115;73665;51339085;44286930;1970824;2982;1906104
FR;0;2021-10-15;44575;75027;93181;191;102848;51383660;44361957;2064005;3173;2008952
FR;0;2021-10-16;31144;44039;36667;45;39585;51414804;44405996;2100672;3218;2048537
FR;0;2021-10-17;3805;5254;3586;2;3690;51418609;44411250;2104258;3220;2052227
FR;0;2021-10-18;27229;41701;67442;133;71294;51445838;44452951;2171700;3353;2123521
FR;0;2021-10-19;26851;43081;76350;141;81572;51472689;44496032;2248050;3494;2205093
FR;0;2021-10-20;35085;52242;96866;179;101365;51507774;44548274;2344916;3673;2306458
FR;0;2021-10-21;25739;45139;83875;112;89050;51533513;44593413;2428791;3785;2395508
FR;0;2021-10-22;38128;62078;104814;199;112397;51571641;44655491;2533605;3984;2507905
FR;0;2021-10-23;26863;40981;45416;57;48577;51598504;44696472;2579021;4041;2556482
FR;0;2021-10-24;2901;4786;3676;6;3941;51601405;44701258;2582697;4047;2560423
FR;0;2021-10-25;25923;36244;82265;144;86552;51627328;44737502;2664962;4191;2646975
FR;0;2021-10-26;23613;34946;87166;166;92232;51650941;44772448;2752128;4357;2739207
FR;0;2021-10-27;29926;46361;108924;257;114560;51680867;44818809;2861052;4614;2853767
FR;0;2021-10-28;23263;34726;88624;153;94304;51704130;44853535;2949676;4767;2948071
FR;0;2021-10-29;31439;50957;117236;205;125156;51735569;44904492;3066912;4972;3073227
FR;0;2021-10-30;20368;33031;50302;78;53335;51755937;44937523;3117214;5050;3126562
FR;0;2021-10-31;2468;3797;3581;3;3873;51758405;44941320;3120795;5053;3130435
FR;0;2021-11-01;7578;4674;3187;3;3538;51765983;44945994;3123982;5056;3133973
FR;0;2021-11-02;24923;39955;93494;156;99394;51790906;44985949;3217476;5212;3233367
FR;0;2021-11-03;29454;47666;118801;218;125696;51820360;45033615;3336277;5430;3359063
FR;0;2021-11-04;23511;37387;107447;217;114250;51843871;45071002;3443724;5647;3473313
FR;0;2021-11-05;32112;52684;141541;233;151167;51875983;45123686;3585265;5880;3624480
FR;0;2021-11-06;21364;34478;64817;123;68178;51897347;45158164;3650082;6003;3692658
FR;0;2021-11-07;2359;4270;5162;6;5589;51899706;45162434;3655244;6009;3698247
FR;0;2021-11-08;20120;37791;127084;227;134095;51919826;45200225;3782328;6236;3832342
FR;0;2021-11-09;21965;44760;161567;342;172015;51941791;45244985;3943895;6578;4004357
FR;0;2021-11-10;31128;54695;186878;445;198538;51972919;45299680;4130773;7023;4202895
FR;0;2021-11-11;3914;6363;12896;28;13876;51976833;45306043;4143669;7051;4216771
FR;0;2021-11-12;28862;55088;183674;249;197187;52005695;45361131;4327343;7300;4413958
FR;0;2021-11-13;20196;32661;80650;118;86259;52025891;45393792;4407993;7418;4500217
FR;0;2021-11-14;2300;3992;7153;6;7878;52028191;45397784;4415146;7424;4508095
FR;0;2021-11-15;20147;38758;160708;312;171372;52048338;45436542;4575854;7736;4679467
FR;0;2021-11-16;23144;43926;200250;392;214746;52071482;45480468;4776104;8128;4894213
FR;0;2021-11-17;30188;50408;199739;407;212725;52101670;45530876;4975843;8535;5106938
FR;0;2021-11-18;23182;43839;191519;469;205296;52124852;45574715;5167362;9004;5312234
FR;0;2021-11-19;33486;61317;243065;548;261956;52158338;45636032;5410427;9552;5574190
FR;0;2021-11-20;25222;36639;102083;205;109609;52183560;45672671;5512510;9757;5683799
FR;0;2021-11-21;2610;4594;9631;18;10658;52186170;45677265;5522141;9775;5694457
FR;0;2021-11-22;22650;33238;180236;470;194672;52208820;45710503;5702377;10245;5889129
FR;0;2021-11-23;25411;45540;229231;547;247574;52234231;45756043;5931608;10792;6136703
FR;0;2021-11-24;31671;53652;224696;718;243047;52265902;45809695;6156304;11510;6379750
FR;0;2021-11-25;25291;48865;255755;740;277470;52291193;45858560;6412059;12250;6657220
FR;0;2021-11-26;33074;74626;379300;865;414443;52324267;45933186;6791359;13115;7071663
FR;0;2021-11-27;23168;49445;214811;389;236509;52347435;45982631;7006170;13504;7308172
FR;0;2021-11-28;3472;10598;56713;66;63342;52350907;45993229;7062883;13570;7371514
FR;0;2021-11-29;19301;54124;341324;864;371434;52370208;46047353;7404207;14434;7742948
FR;0;2021-11-30;24413;71915;457219;985;500555;52394621;46119268;7861426;15419;8243503
FR;0;2021-12-01;26018;75697;468892;1158;511043;52420639;46194965;8330318;16577;8754546
FR;0;2021-12-02;21733;71560;526921;1276;574581;52442372;46266525;8857239;17853;9329127
FR;0;2021-12-03;25331;92337;596171;1415;650819;52467703;46358862;9453410;19268;9979946
FR;0;2021-12-04;18249;60423;336115;690;369606;52485952;46419285;9789525;19958;10349552
FR;0;2021-12-05;4134;16302;95734;156;107068;52490086;46435587;9885259;20114;10456620
FR;0;2021-12-06;19156;73070;492960;1171;539744;52509242;46508657;10378219;21285;10996364
FR;0;2021-12-07;23207;91660;645151;1769;705977;52532449;46600317;11023370;23054;11702341
FR;0;2021-12-08;25201;92034;591374;1871;647261;52557650;46692351;11614744;24925;12349602
FR;0;2021-12-09;23884;94094;662844;2180;726022;52581534;46786445;12277588;27105;13075624
FR;0;2021-12-10;27077;110996;735817;2072;805854;52608611;46897441;13013405;29177;13881478
FR;0;2021-12-11;20191;75948;435081;984;480269;52628802;46973389;13448486;30161;14361747
FR;0;2021-12-12;5602;23211;142232;262;159213;52634404;46996600;13590718;30423;14520960
FR;0;2021-12-13;20967;91106;587430;1699;649098;52655371;47087706;14178148;32122;15170058
FR;0;2021-12-14;26953;118477;765273;2647;847257;52682324;47206183;14943421;34769;16017315
FR;0;2021-12-15;28038;114166;694075;2262;768774;52710362;47320349;15637496;37031;16786089
FR;0;2021-12-16;27821;115938;763765;2555;844185;52738183;47436287;16401261;39586;17630274
FR;0;2021-12-17;31416;128683;807631;2710;891847;52769599;47564970;17208892;42296;18522121
FR;0;2021-12-18;24891;81654;469869;1178;522125;52794490;47646624;17678761;43474;19044246
FR;0;2021-12-19;8740;28926;169328;378;191185;52803230;47675550;17848089;43852;19235431
FR;0;2021-12-20;31524;97394;591236;1787;658532;52834754;47772944;18439325;45639;19893963
FR;0;2021-12-21;39151;112198;682205;2391;759360;52873905;47885142;19121530;48030;20653323
FR;0;2021-12-22;39400;99439;575557;2165;641962;52913305;47984581;19697087;50195;21295285
FR;0;2021-12-23;33653;79622;440816;1648;494255;52946958;48064203;20137903;51843;21789540
FR;0;2021-12-24;10612;26059;110952;396;126650;52957570;48090262;20248855;52239;21916190
FR;0;2021-12-25;762;3489;7569;25;9045;52958332;48093751;20256424;52264;21925235
FR;0;2021-12-26;4694;11892;52061;139;60130;52963026;48105643;20308485;52403;21985365
FR;0;2021-12-27;30239;83754;453379;1365;508990;52993265;48189397;20761864;53768;22494355
FR;0;2021-12-28;38251;98851;564007;1766;632083;53031516;48288248;21325871;55534;23126438
FR;0;2021-12-29;39796;88324;501038;1685;560859;53071312;48376572;21826909;57219;23687297
FR;0;2021-12-30;35828;74809;420896;1519;471034;53107140;48451381;22247805;58738;24158331
FR;0;2021-12-31;11825;25075;116801;406;131577;53118965;48476456;22364606;59144;24289908
FR;0;2022-01-01;1184;3201;8491;36;9915;53120149;48479657;22373097;59180;24299823
FR;0;2022-01-02;6063;13010;58370;124;66925;53126212;48492667;22431467;59304;24366748
FR;0;2022-01-03;31490;87778;494582;1591;551206;53157702;48580445;22926049;60895;24917954
FR;0;2022-01-04;40504;110517;641203;2303;714094;53198206;48690962;23567252;63198;25632048
FR;0;2022-01-05;59550;102906;568943;1981;633914;53257756;48793868;24136195;65179;26265962
FR;0;2022-01-06;43746;109956;638781;2688;711209;53301502;48903824;24774976;67867;26977171
FR;0;2022-01-07;50401;122704;710788;2804;790168;53351903;49026528;25485764;70671;27767339
FR;0;2022-01-08;44891;80297;423734;1208;472798;53396794;49106825;25909498;71879;28240137
FR;0;2022-01-09;15591;26778;128527;299;145714;53412385;49133603;26038025;72178;28385851
FR;0;2022-01-10;34798;86187;469092;1808;521957;53447183;49219790;26507117;73986;28907808
FR;0;2022-01-11;41503;99698;548028;2305;608267;53488686;49319488;27055145;76291;29516075
FR;0;2022-01-12;59968;95130;452475;1964;504137;53548654;49414618;27507620;78255;30020212
FR;0;2022-01-13;37747;92016;487130;2080;540832;53586401;49506634;27994750;80335;30561044
FR;0;2022-01-14;42273;103185;568370;2283;628850;53628674;49609819;28563120;82618;31189894
FR;0;2022-01-15;39277;65776;340030;979;377498;53667951;49675595;28903150;83597;31567392
FR;0;2022-01-16;11381;19330;87354;215;99442;53679332;49694925;28990504;83812;31666834
FR;0;2022-01-17;24510;60002;320143;1380;354084;53703842;49754927;29310647;85192;32020918
FR;0;2022-01-18;28044;68298;360908;1796;397433;53731886;49823225;29671555;86988;32418351
FR;0;2022-01-19;42940;66904;281139;1448;310966;53774826;49890129;29952694;88436;32729317
FR;0;2022-01-20;23315;59265;298798;1737;328295;53798141;49949394;30251492;90173;33057612
FR;0;2022-01-21;27897;68719;366198;2077;401044;53826038;50018113;30617690;92250;33458656
FR;0;2022-01-22;27593;47748;218721;838;241705;53853631;50065861;30836411;93088;33700361
FR;0;2022-01-23;6694;13068;48625;171;55176;53860325;50078929;30885036;93259;33755537
FR;0;2022-01-24;16150;47073;217184;1133;239265;53876475;50126002;31102220;94392;33994802
FR;0;2022-01-25;18873;53992;242908;1547;266981;53895348;50179994;31345128;95939;34261783
FR;0;2022-01-26;28052;59382;209126;1292;229241;53923400;50239376;31554254;97231;34491024
FR;0;2022-01-27;16231;45517;207476;1265;225697;53939631;50284893;31761730;98496;34716721
FR;0;2022-01-28;21418;75746;289894;1573;321410;53961049;50360639;32051624;100069;35038131
FR;0;2022-01-29;18379;52855;184047;683;204546;53979428;50413494;32235671;100752;35242677
FR;0;2022-01-30;4461;14597;39110;121;45090;53983889;50428091;32274781;100873;35287767
FR;0;2022-01-31;11189;43819;148104;738;164764;53995078;50471910;32422885;101611;35452531
FR;0;2022-02-01;12570;47669;173982;1131;191234;54007648;50519579;32596867;102742;35643765
FR;0;2022-02-02;19642;65552;171364;1018;190001;54027290;50585131;32768231;103760;35833766
FR;0;2022-02-03;10856;43716;157405;972;173196;54038146;50628847;32925636;104732;36006962
FR;0;2022-02-04;14419;66205;239091;1260;264094;54052565;50695052;33164727;105992;36271056
FR;0;2022-02-05;12569;51466;153477;522;172309;54065134;50746518;33318204;106514;36443365
FR;0;2022-02-06;2701;12264;28856;99;33818;54067835;50758782;33347060;106613;36477183
FR;0;2022-02-07;9188;46521;156758;582;176262;54077023;50805303;33503818;107195;36653445
FR;0;2022-02-08;9499;42459;166504;863;184252;54086522;50847762;33670322;108058;36837697
FR;0;2022-02-09;14066;57452;172221;863;192863;54100588;50905214;33842543;108921;37030560
FR;0;2022-02-10;8190;37866;150050;872;166434;54108778;50943080;33992593;109793;37196994
FR;0;2022-02-11;10706;55256;218342;1092;242892;54119484;50998336;34210935;110885;37439886
FR;0;2022-02-12;8299;40821;134655;461;151660;54127783;51039157;34345590;111346;37591546
FR;0;2022-02-13;1880;8560;26525;81;30881;54129663;51047717;34372115;111427;37622427
FR;0;2022-02-14;6849;35009;148221;478;166211;54136512;51082726;34520336;111905;37788638
FR;0;2022-02-15;6805;35258;146743;748;162260;54143317;51117984;34667079;112653;37950898
FR;0;2022-02-16;9237;42303;132352;715;146518;54152554;51160287;34799431;113368;38097416
FR;0;2022-02-17;5316;23412;87169;582;94662;54157870;51183699;34886600;113950;38192078
FR;0;2022-02-18;6824;33045;119494;799;129117;54164694;51216744;35006094;114749;38321195
FR;0;2022-02-19;5307;24400;69964;369;77255;54170001;51241144;35076058;115118;38398450
FR;0;2022-02-20;1128;4595;12131;38;13901;54171129;51245739;35088189;115156;38412351
FR;0;2022-02-21;3964;17700;61848;351;67059;54175093;51263439;35150037;115507;38479410
FR;0;2022-02-22;4304;18393;60717;564;64333;54179397;51281832;35210754;116071;38543743
FR;0;2022-02-23;6476;26955;66366;591;71740;54185873;51308787;35277120;116662;38615483
FR;0;2022-02-24;3697;14901;50285;513;53068;54189570;51323688;35327405;117175;38668551
FR;0;2022-02-25;5134;23333;76189;799;79882;54194704;51347021;35403594;117974;38748433
FR;0;2022-02-26;3947;17447;47332;354;51395;54198651;51364468;35450926;118328;38799828
FR;0;2022-02-27;857;2974;8007;47;8913;54199508;51367442;35458933;118375;38808741
FR;0;2022-02-28;3029;11982;40375;350;42799;54202537;51379424;35499308;118725;38851540
FR;0;2022-03-01;2934;11959;43619;416;44238;54205471;51391383;35542927;119141;38895778
FR;0;2022-03-02;4976;17300;46702;430;48610;54210447;51408683;35589629;119571;38944388
FR;0;2022-03-03;2566;8628;29482;336;29562;54213013;51417311;35619111;119907;38973950
FR;0;2022-03-04;3113;12027;40017;638;39127;54216126;51429338;35659128;120545;39013077
FR;0;2022-03-05;2865;9150;24796;304;24939;54218991;51438488;35683924;120849;39038016
FR;0;2022-03-06;490;1359;3171;42;3405;54219481;51439847;35687095;120891;39041421
FR;0;2022-03-07;1859;5384;18172;309;17432;54221340;51445231;35705267;121200;39058853
FR;0;2022-03-08;1894;5740;19104;350;17550;54223234;51450971;35724371;121550;39076403
FR;0;2022-03-09;3360;10062;21672;398;20760;54226594;51461033;35746043;121948;39097163
FR;0;2022-03-10;1620;4808;16012;323;14807;54228214;51465841;35762055;122271;39111970
FR;0;2022-03-11;2284;7164;24094;536;21835;54230498;51473005;35786149;122807;39133805
FR;0;2022-03-12;2609;6653;17008;301;16349;54233107;51479658;35803157;123108;39150154
FR;0;2022-03-13;370;759;2199;143;2148;54233477;51480417;35805356;123251;39152302
FR;0;2022-03-14;1409;3968;13988;4400;12857;54234886;51484385;35819344;127651;39165159
FR;0;2022-03-15;1518;4147;15299;7519;13376;54236404;51488532;35834643;135170;39178535
FR;0;2022-03-16;2857;6777;17781;13075;16493;54239261;51495309;35852424;148245;39195028
FR;0;2022-03-17;1316;3454;12043;10745;10874;54240577;51498763;35864467;158990;39205902
FR;0;2022-03-18;2121;5309;19192;18147;17266;54242698;51504072;35883659;177137;39223168
FR;0;2022-03-19;2238;4578;12844;9376;12137;54244936;51508650;35896503;186513;39235305
FR;0;2022-03-20;275;657;1694;1043;1697;54245211;51509307;35898197;187556;39237002
FR;0;2022-03-21;1287;2898;10839;14767;10094;54246498;51512205;35909036;202323;39247096
FR;0;2022-03-22;1384;3357;12618;20369;11385;54247882;51515562;35921654;222692;39258481
FR;0;2022-03-23;2530;5545;14415;22846;13774;54250412;51521107;35936069;245538;39272255
FR;0;2022-03-24;1256;2665;10339;17145;9402;54251668;51523772;35946408;262683;39281657
FR;0;2022-03-25;1909;4419;17107;26879;15444;54253577;51528191;35963515;289562;39297101
FR;0;2022-03-26;2135;4049;11518;12390;10941;54255712;51532240;35975033;301952;39308042
FR;0;2022-03-27;322;607;1710;1326;1732;54256034;51532847;35976743;303278;39309774
