fra;vaccin;jour;n_dose1;n_dose2;n_dose3;n_dose4;n_rappel;n_cum_dose1;n_cum_dose2;n_cum_dose3;n_cum_dose4;n_cum_rappel
FR;1;2020-12-27;592;0;0;0;0;592;0;0;0;0
FR;1;2020-12-28;647;0;0;0;0;1239;0;0;0;0
FR;1;2020-12-29;368;0;0;0;0;1607;0;0;0;0
FR;1;2020-12-30;433;0;0;0;0;2040;0;0;0;0
FR;1;2020-12-31;354;0;0;0;0;2394;0;0;0;0
FR;1;2021-01-01;1176;0;0;0;0;3570;0;0;0;0
FR;1;2021-01-02;349;1;0;0;0;3919;1;0;0;0
FR;1;2021-01-03;415;0;0;0;0;4334;1;0;0;0
FR;1;2021-01-04;2088;0;0;0;0;6422;1;0;0;0
FR;1;2021-01-05;6676;2;0;0;0;13098;3;0;0;0
FR;1;2021-01-06;12249;2;0;0;0;25347;5;0;0;0
FR;1;2021-01-07;29428;2;0;0;0;54775;7;0;0;0
FR;1;2021-01-08;37189;2;0;0;0;91964;9;0;0;0
FR;1;2021-01-09;11214;2;0;0;0;103178;11;0;0;0
FR;1;2021-01-10;6033;0;0;0;0;109211;11;0;0;0
FR;1;2021-01-11;39923;5;0;0;0;149134;16;0;0;0
FR;1;2021-01-12;62110;6;0;0;0;211244;22;0;0;0
FR;1;2021-01-13;65050;13;0;0;0;276294;35;0;0;0
FR;1;2021-01-14;81424;17;0;0;0;357718;52;0;0;0
FR;1;2021-01-15;68587;4;0;0;0;426305;56;0;0;0
FR;1;2021-01-16;19893;75;0;0;0;446198;131;0;0;0
FR;1;2021-01-17;10930;45;0;0;0;457128;176;0;0;0
FR;1;2021-01-18;82762;164;0;0;0;539890;340;0;0;0
FR;1;2021-01-19;125911;139;0;0;0;665801;479;0;0;0
FR;1;2021-01-20;132406;166;0;0;0;798207;645;0;0;0
FR;1;2021-01-21;153038;142;0;0;0;951245;787;0;0;0
FR;1;2021-01-22;115903;175;0;0;0;1067148;962;0;0;0
FR;1;2021-01-23;36594;56;0;0;0;1103742;1018;0;0;0
FR;1;2021-01-24;9596;46;0;0;0;1113338;1064;0;0;0
FR;1;2021-01-25;74412;1220;0;0;0;1187750;2284;0;0;0
FR;1;2021-01-26;96436;3131;1;0;0;1284186;5415;1;0;0
FR;1;2021-01-27;103627;5600;0;0;0;1387813;11015;1;0;0
FR;1;2021-01-28;120579;14354;0;0;0;1508392;25369;1;0;0
FR;1;2021-01-29;88864;17300;0;0;0;1597256;42669;1;0;0
FR;1;2021-01-30;27969;4218;0;0;0;1625225;46887;1;0;0
FR;1;2021-01-31;5173;1690;0;0;0;1630398;48577;1;0;0
FR;1;2021-02-01;49809;21127;0;0;0;1680207;69704;1;0;0
FR;1;2021-02-02;67779;34576;0;0;0;1747986;104280;1;0;0
FR;1;2021-02-03;67044;36973;0;0;0;1815030;141253;1;0;0
FR;1;2021-02-04;77104;50096;0;0;0;1892134;191349;1;0;0
FR;1;2021-02-05;63396;45317;0;0;0;1955530;236666;1;0;0
FR;1;2021-02-06;19403;10423;0;0;0;1974933;247089;1;0;0
FR;1;2021-02-07;3667;5038;0;0;0;1978600;252127;1;0;0
FR;1;2021-02-08;36484;46001;0;0;0;2015084;298128;1;0;0
FR;1;2021-02-09;50788;72409;0;0;0;2065872;370537;1;0;0
FR;1;2021-02-10;52023;76635;0;0;0;2117895;447172;1;0;0
FR;1;2021-02-11;63331;98994;0;0;0;2181226;546166;1;0;0
FR;1;2021-02-12;55826;74007;0;0;0;2237052;620173;1;0;0
FR;1;2021-02-13;15444;19267;0;0;0;2252496;639440;1;0;0
FR;1;2021-02-14;3739;7225;0;0;0;2256235;646665;1;0;0
FR;1;2021-02-15;24122;73430;0;0;0;2280357;720095;1;0;0
FR;1;2021-02-16;32737;96706;0;0;0;2313094;816801;1;0;0
FR;1;2021-02-17;35084;98588;1;0;0;2348178;915389;2;0;0
FR;1;2021-02-18;49389;113428;0;0;0;2397567;1028817;2;0;0
FR;1;2021-02-19;45359;86316;1;0;0;2442926;1115133;3;0;0
FR;1;2021-02-20;13381;26897;0;0;0;2456307;1142030;3;0;0
FR;1;2021-02-21;2450;6294;0;0;0;2458757;1148324;3;0;0
FR;1;2021-02-22;24697;69351;2;0;0;2483454;1217675;5;0;0
FR;1;2021-02-23;37404;80307;1;0;0;2520858;1297982;6;0;0
FR;1;2021-02-24;40649;77579;1;0;0;2561507;1375561;7;0;0
FR;1;2021-02-25;50125;87837;1;0;0;2611632;1463398;8;0;0
FR;1;2021-02-26;47170;67799;0;0;0;2658802;1531197;8;0;0
FR;1;2021-02-27;15664;20922;0;0;0;2674466;1552119;8;0;0
FR;1;2021-02-28;3552;4387;1;0;0;2678018;1556506;9;0;0
FR;1;2021-03-01;40184;48972;1;0;0;2718202;1605478;10;0;0
FR;1;2021-03-02;55948;61443;2;0;0;2774150;1666921;12;0;0
FR;1;2021-03-03;61168;60552;0;0;0;2835318;1727473;12;0;0
FR;1;2021-03-04;72934;64920;3;0;0;2908252;1792393;15;0;0
FR;1;2021-03-05;74710;59140;3;0;0;2982962;1851533;18;0;0
FR;1;2021-03-06;82437;16058;2;0;0;3065399;1867591;20;0;0
FR;1;2021-03-07;63710;5373;1;0;0;3129109;1872964;21;0;0
FR;1;2021-03-08;60138;42397;2;0;0;3189247;1915361;23;0;0
FR;1;2021-03-09;85924;48231;1;0;0;3275171;1963592;24;0;0
FR;1;2021-03-10;90826;48035;5;0;0;3365997;2011627;29;0;0
FR;1;2021-03-11;104972;53797;1;0;0;3470969;2065424;30;0;0
FR;1;2021-03-12;104065;45205;0;0;0;3575034;2110629;30;0;0
FR;1;2021-03-13;89163;12713;1;0;0;3664197;2123342;31;0;0
FR;1;2021-03-14;44434;3011;1;0;0;3708631;2126353;32;0;0
FR;1;2021-03-15;95429;29090;3;0;0;3804060;2155443;35;0;0
FR;1;2021-03-16;123611;34859;4;0;0;3927671;2190302;39;0;0
FR;1;2021-03-17;129272;34797;5;0;0;4056943;2225099;44;0;0
FR;1;2021-03-18;142875;39698;5;0;0;4199818;2264797;49;0;0
FR;1;2021-03-19;136244;32847;2;0;0;4336062;2297644;51;0;0
FR;1;2021-03-20;75993;10186;1;0;0;4412055;2307830;52;0;0
FR;1;2021-03-21;26465;2475;1;0;0;4438520;2310305;53;0;0
FR;1;2021-03-22;114652;31137;2;0;0;4553172;2341442;55;0;0
FR;1;2021-03-23;142967;38148;1;0;0;4696139;2379590;56;0;0
FR;1;2021-03-24;141966;38783;0;0;0;4838105;2418373;56;0;0
FR;1;2021-03-25;164953;39556;4;0;0;5003058;2457929;60;0;0
FR;1;2021-03-26;166346;37423;4;0;0;5169404;2495352;64;0;0
FR;1;2021-03-27;110854;15234;1;0;0;5280258;2510586;65;0;0
FR;1;2021-03-28;42270;3653;3;0;0;5322528;2514239;68;0;0
FR;1;2021-03-29;129773;49908;4;0;0;5452301;2564147;72;0;0
FR;1;2021-03-30;167616;63484;4;0;0;5619917;2627631;76;0;0
FR;1;2021-03-31;170858;66847;4;0;0;5790775;2694478;80;0;0
FR;1;2021-04-01;194761;79207;11;0;0;5985536;2773685;91;0;0
FR;1;2021-04-02;164404;84264;7;0;0;6149940;2857949;98;0;0
FR;1;2021-04-03;88233;58088;5;0;0;6238173;2916037;103;0;0
FR;1;2021-04-04;33535;17740;0;0;0;6271708;2933777;103;0;0
FR;1;2021-04-05;46558;10153;11;0;0;6318266;2943930;114;0;0
FR;1;2021-04-06;160199;100798;16;0;0;6478465;3044728;130;0;0
FR;1;2021-04-07;196896;108101;16;0;0;6675361;3152829;146;0;0
FR;1;2021-04-08;221975;112286;13;0;0;6897336;3265115;159;0;0
FR;1;2021-04-09;214474;107394;21;0;0;7111810;3372509;180;0;0
FR;1;2021-04-10;117130;73367;14;0;0;7228940;3445876;194;0;0
FR;1;2021-04-11;40803;30250;6;0;0;7269743;3476126;200;0;0
FR;1;2021-04-12;168339;103668;45;0;0;7438082;3579794;245;0;0
FR;1;2021-04-13;203705;128029;96;1;0;7641787;3707823;341;1;0
FR;1;2021-04-14;208504;122665;203;0;0;7850291;3830488;544;1;0
FR;1;2021-04-15;221695;126607;310;0;0;8071986;3957095;854;1;0
FR;1;2021-04-16;205968;125009;307;0;0;8277954;4082104;1161;1;0
FR;1;2021-04-17;122045;67409;102;0;0;8399999;4149513;1263;1;0
FR;1;2021-04-18;35918;20998;39;0;0;8435917;4170511;1302;1;0
FR;1;2021-04-19;163589;121737;429;0;0;8599506;4292248;1731;1;0
FR;1;2021-04-20;189305;148594;530;0;0;8788811;4440842;2261;1;0
FR;1;2021-04-21;193867;146609;754;0;0;8982678;4587451;3015;1;0
FR;1;2021-04-22;208860;162512;777;0;0;9191538;4749963;3792;1;0
FR;1;2021-04-23;198894;156743;666;0;0;9390432;4906706;4458;1;0
FR;1;2021-04-24;126290;95439;145;0;0;9516722;5002145;4603;1;0
FR;1;2021-04-25;53542;30080;46;0;0;9570264;5032225;4649;1;0
FR;1;2021-04-26;181045;138083;535;0;0;9751309;5170308;5184;1;0
FR;1;2021-04-27;221273;161733;897;0;0;9972582;5332041;6081;1;0
FR;1;2021-04-28;238195;154933;1307;1;1;10210777;5486974;7388;2;1
FR;1;2021-04-29;270182;159912;1205;0;0;10480959;5646886;8593;2;1
FR;1;2021-04-30;271902;147965;1068;0;0;10752861;5794851;9661;2;1
FR;1;2021-05-01;141146;40681;172;0;0;10894007;5835532;9833;2;1
FR;1;2021-05-02;81584;28119;80;0;0;10975591;5863651;9913;2;1
FR;1;2021-05-03;250982;146263;796;0;0;11226573;6009914;10709;2;1
FR;1;2021-05-04;265776;186763;1197;0;0;11492349;6196677;11906;2;1
FR;1;2021-05-05;283972;184413;1262;0;0;11776321;6381090;13168;2;1
FR;1;2021-05-06;309845;182879;1490;0;0;12086166;6563969;14658;2;1
FR;1;2021-05-07;284113;195468;1125;0;0;12370279;6759437;15783;2;1
FR;1;2021-05-08;191619;48283;282;0;0;12561898;6807720;16065;2;1
FR;1;2021-05-09;114004;36132;236;0;0;12675902;6843852;16301;2;1
FR;1;2021-05-10;258196;193979;1177;0;0;12934098;7037831;17478;2;1
FR;1;2021-05-11;318813;211064;1460;0;0;13252911;7248895;18938;2;1
FR;1;2021-05-12;356576;185677;1391;0;0;13609487;7434572;20329;2;1
FR;1;2021-05-13;283393;47694;397;0;0;13892880;7482266;20726;2;1
FR;1;2021-05-14;370720;128626;981;0;0;14263600;7610892;21707;2;1
FR;1;2021-05-15;298079;66069;402;0;0;14561679;7676961;22109;2;1
FR;1;2021-05-16;157718;15540;158;0;0;14719397;7692501;22267;2;1
FR;1;2021-05-17;318890;116507;1431;0;0;15038287;7809008;23698;2;1
FR;1;2021-05-18;383109;111119;1793;0;0;15421396;7920127;25491;2;1
FR;1;2021-05-19;395167;102685;2165;0;0;15816563;8022812;27656;2;1
FR;1;2021-05-20;421722;96153;2036;0;0;16238285;8118965;29692;2;1
FR;1;2021-05-21;399742;97209;1751;0;0;16638027;8216174;31443;2;1
FR;1;2021-05-22;275605;41994;601;0;0;16913632;8258168;32044;2;1
FR;1;2021-05-23;122947;11182;224;0;0;17036579;8269350;32268;2;1
FR;1;2021-05-24;243955;26251;564;0;0;17280534;8295601;32832;2;1
FR;1;2021-05-25;366056;131706;2100;1;0;17646590;8427307;34932;3;1
FR;1;2021-05-26;380725;125584;1980;0;0;18027315;8552891;36912;3;1
FR;1;2021-05-27;406035;127992;1965;0;0;18433350;8680883;38877;3;1
FR;1;2021-05-28;365981;145304;1690;0;0;18799331;8826187;40567;3;1
FR;1;2021-05-29;253778;80863;524;0;0;19053109;8907050;41091;3;1
FR;1;2021-05-30;100892;22529;156;0;0;19154001;8929579;41247;3;1
FR;1;2021-05-31;314173;148836;1277;1;1;19468174;9078415;42524;4;2
FR;1;2021-06-01;361822;166584;1720;1;1;19829996;9244999;44244;5;3
FR;1;2021-06-02;364951;153061;1785;0;0;20194947;9398060;46029;5;3
FR;1;2021-06-03;390293;147602;1643;0;0;20585240;9545662;47672;5;3
FR;1;2021-06-04;363484;175573;1484;1;1;20948724;9721235;49156;6;4
FR;1;2021-06-05;258457;112668;596;0;0;21207181;9833903;49752;6;4
FR;1;2021-06-06;126813;37514;215;0;0;21333994;9871417;49967;6;4
FR;1;2021-06-07;300116;207911;1360;0;0;21634110;10079328;51327;6;4
FR;1;2021-06-08;330566;220766;1627;0;0;21964676;10300094;52954;6;4
FR;1;2021-06-09;336376;212355;1599;0;0;22301052;10512449;54553;6;4
FR;1;2021-06-10;344378;202101;1603;0;0;22645430;10714550;56156;6;4
FR;1;2021-06-11;311798;235277;1285;0;0;22957228;10949827;57441;6;4
FR;1;2021-06-12;244042;150647;428;0;0;23201270;11100474;57869;6;4
FR;1;2021-06-13;100306;61004;188;0;0;23301576;11161478;58057;6;4
FR;1;2021-06-14;207814;289045;1311;1;0;23509390;11450523;59368;7;4
FR;1;2021-06-15;256727;282267;1383;1;0;23766117;11732790;60751;8;4
FR;1;2021-06-16;273578;270480;1257;1;0;24039695;12003270;62008;9;4
FR;1;2021-06-17;268277;244429;1227;1;0;24307972;12247699;63235;10;4
FR;1;2021-06-18;260647;295700;1145;1;0;24568619;12543399;64380;11;4
FR;1;2021-06-19;193431;209456;384;0;0;24762050;12752855;64764;11;4
FR;1;2021-06-20;69652;89118;117;0;0;24831702;12841973;64881;11;4
FR;1;2021-06-21;172230;319833;923;1;1;25003932;13161806;65804;12;5
FR;1;2021-06-22;185702;347766;1093;10;2;25189634;13509572;66897;22;7
FR;1;2021-06-23;204097;339378;1046;0;0;25393731;13848950;67943;22;7
FR;1;2021-06-24;203404;281941;1159;0;0;25597135;14130891;69102;22;7
FR;1;2021-06-25;183294;371808;1195;0;0;25780429;14502699;70297;22;7
FR;1;2021-06-26;131313;278280;500;0;0;25911742;14780979;70797;22;7
FR;1;2021-06-27;52364;122961;143;0;0;25964106;14903940;70940;22;7
FR;1;2021-06-28;136474;368275;1055;0;0;26100580;15272215;71995;22;7
FR;1;2021-06-29;154730;390511;1845;0;0;26255310;15662726;73840;22;7
FR;1;2021-06-30;179918;378547;1661;4;2;26435228;16041273;75501;26;9
FR;1;2021-07-01;202099;332169;1886;5;1;26637327;16373442;77387;31;10
FR;1;2021-07-02;193491;367699;1764;5;3;26830818;16741141;79151;36;13
FR;1;2021-07-03;124426;280456;705;3;1;26955244;17021597;79856;39;14
FR;1;2021-07-04;53919;113679;244;0;0;27009163;17135276;80100;39;14
FR;1;2021-07-05;153975;356081;1497;8;2;27163138;17491357;81597;47;16
FR;1;2021-07-06;173542;382533;1597;43;8;27336680;17873890;83194;90;24
FR;1;2021-07-07;191162;362574;1655;24;5;27527842;18236464;84849;114;29
FR;1;2021-07-08;201492;323107;1825;20;9;27729334;18559571;86674;134;38
FR;1;2021-07-09;189773;387192;1852;3;2;27919107;18946763;88526;137;40
FR;1;2021-07-10;129874;281116;814;1;1;28048981;19227879;89340;138;41
FR;1;2021-07-11;57605;102480;260;0;0;28106586;19330359;89600;138;41
FR;1;2021-07-12;149542;417004;1573;4;0;28256128;19747363;91173;142;41
FR;1;2021-07-13;234202;439482;1803;7;2;28490330;20186845;92976;149;43
FR;1;2021-07-14;171726;151576;415;0;0;28662056;20338421;93391;149;43
FR;1;2021-07-15;279587;424822;1854;1;0;28941643;20763243;95245;150;43
FR;1;2021-07-16;290261;401315;1709;3;1;29231904;21164558;96954;153;44
FR;1;2021-07-17;217320;282126;754;1;0;29449224;21446684;97708;154;44
FR;1;2021-07-18;101996;107316;288;0;0;29551220;21554000;97996;154;44
FR;1;2021-07-19;238159;379428;1495;3;0;29789379;21933428;99491;157;44
FR;1;2021-07-20;305722;380972;1466;0;0;30095101;22314400;100957;157;44
FR;1;2021-07-21;333172;353612;1410;4;2;30428273;22668012;102367;161;46
FR;1;2021-07-22;364440;319526;1498;3;2;30792713;22987538;103865;164;48
FR;1;2021-07-23;347606;343703;1582;4;2;31140319;23331241;105447;168;50
FR;1;2021-07-24;238927;241111;695;1;0;31379246;23572352;106142;169;50
FR;1;2021-07-25;112756;76056;214;0;0;31492002;23648408;106356;169;50
FR;1;2021-07-26;299018;290331;1494;2;2;31791020;23938739;107850;171;52
FR;1;2021-07-27;385729;268962;1458;4;2;32176749;24207701;109308;175;54
FR;1;2021-07-28;390162;251669;1459;4;2;32566911;24459370;110767;179;56
FR;1;2021-07-29;406157;228522;1537;2;1;32973068;24687892;112304;181;57
FR;1;2021-07-30;370621;247130;1632;4;1;33343689;24935022;113936;185;58
FR;1;2021-07-31;243321;165103;790;1;0;33587010;25100125;114726;186;58
FR;1;2021-08-01;105560;47225;228;0;0;33692570;25147350;114954;186;58
FR;1;2021-08-02;297437;213264;1473;1;0;33990007;25360614;116427;187;58
FR;1;2021-08-03;331336;209341;1542;2;1;34321343;25569955;117969;189;59
FR;1;2021-08-04;327908;184436;1435;5;3;34649251;25754391;119404;194;62
FR;1;2021-08-05;301186;193609;1478;0;0;34950437;25948000;120882;194;62
FR;1;2021-08-06;290810;224680;1557;3;1;35241247;26172680;122439;197;63
FR;1;2021-08-07;182566;158826;654;4;3;35423813;26331506;123093;201;66
FR;1;2021-08-08;68804;59155;245;0;0;35492617;26390661;123338;201;66
FR;1;2021-08-09;222684;236153;1435;4;3;35715301;26626814;124773;205;69
FR;1;2021-08-10;252694;241031;1485;2;1;35967995;26867845;126258;207;70
FR;1;2021-08-11;236100;232603;1267;5;1;36204095;27100448;127525;212;71
FR;1;2021-08-12;220565;240315;1480;3;1;36424660;27340763;129005;215;72
FR;1;2021-08-13;201649;238517;1351;2;2;36626309;27579280;130356;217;74
FR;1;2021-08-14;122782;174169;645;0;0;36749091;27753449;131001;217;74
FR;1;2021-08-15;34626;46120;194;1;0;36783717;27799569;131195;218;74
FR;1;2021-08-16;156404;289957;1420;0;0;36940121;28089526;132615;218;74
FR;1;2021-08-17;171380;291777;1418;4;1;37111501;28381303;134033;222;75
FR;1;2021-08-18;161299;287212;1382;6;3;37272800;28668515;135415;228;78
FR;1;2021-08-19;148788;277568;1391;1;0;37421588;28946083;136806;229;78
FR;1;2021-08-20;140321;308454;1517;2;2;37561909;29254537;138323;231;80
FR;1;2021-08-21;84181;213266;584;0;0;37646090;29467803;138907;231;80
FR;1;2021-08-22;28525;82686;229;0;0;37674615;29550489;139136;231;80
FR;1;2021-08-23;118538;321229;1415;2;1;37793153;29871718;140551;233;81
FR;1;2021-08-24;126595;319955;1590;5;1;37919748;30191673;142141;238;82
FR;1;2021-08-25;121427;306626;1774;8;3;38041175;30498299;143915;246;85
FR;1;2021-08-26;106531;286212;2152;10;1;38147706;30784511;146067;256;86
FR;1;2021-08-27;107518;321148;2298;8;3;38255224;31105659;148365;264;89
FR;1;2021-08-28;70925;220676;1098;0;0;38326149;31326335;149463;264;89
FR;1;2021-08-29;24134;78116;461;1;0;38350283;31404451;149924;265;89
FR;1;2021-08-30;96786;286533;4306;6;5167;38447069;31690984;154230;271;5256
FR;1;2021-08-31;97968;276473;9265;13;10181;38545037;31967457;163495;284;15437
FR;1;2021-09-01;111659;245285;21082;7;21942;38656696;32212742;184577;291;37379
FR;1;2021-09-02;85096;198067;24495;11;25352;38741792;32410809;209072;302;62731
FR;1;2021-09-03;82434;227654;26921;21;27872;38824226;32638463;235993;323;90603
FR;1;2021-09-04;71337;189698;11131;11;11591;38895563;32828161;247124;334;102194
FR;1;2021-09-05;18604;41198;4117;2;4277;38914167;32869359;251241;336;106471
FR;1;2021-09-06;59502;151714;30150;15;30998;38973669;33021073;281391;351;137469
FR;1;2021-09-07;56236;139736;30187;27;31010;39029905;33160809;311578;378;168479
FR;1;2021-09-08;70291;173816;26898;20;27676;39100196;33334625;338476;398;196155
FR;1;2021-09-09;53440;124461;28571;23;29499;39153636;33459086;367047;421;225654
FR;1;2021-09-10;65477;152026;30401;22;31416;39219113;33611112;397448;443;257070
FR;1;2021-09-11;51751;146576;9712;13;10199;39270864;33757688;407160;456;267269
FR;1;2021-09-12;10688;29243;2478;2;2621;39281552;33786931;409638;458;269890
FR;1;2021-09-13;51317;104602;38686;28;39628;39332869;33891533;448324;486;309518
FR;1;2021-09-14;53135;96146;51183;67;52502;39386004;33987679;499507;553;362020
FR;1;2021-09-15;60465;139194;50405;55;46854;39446469;34126873;549912;608;408874
FR;1;2021-09-16;46596;81313;53232;72;49355;39493065;34208186;603144;680;458229
FR;1;2021-09-17;53162;109364;44996;61;42556;39546227;34317550;648140;741;500785
FR;1;2021-09-18;37799;118418;11784;19;11242;39584026;34435968;659924;760;512027
FR;1;2021-09-19;6480;21029;2030;2;1968;39590506;34456997;661954;762;513995
FR;1;2021-09-20;37290;74870;46119;68;43953;39627796;34531867;708073;830;557948
FR;1;2021-09-21;34057;68146;56154;73;52459;39661853;34600013;764227;903;610407
FR;1;2021-09-22;38693;118341;49764;77;46674;39700546;34718354;813991;980;657081
FR;1;2021-09-23;31886;62644;54409;86;50623;39732432;34780998;868400;1066;707704
FR;1;2021-09-24;36669;89618;43599;92;41804;39769101;34870616;911999;1158;749508
FR;1;2021-09-25;27560;96463;12292;27;12145;39796661;34967079;924291;1185;761653
FR;1;2021-09-26;4366;15210;1764;4;1701;39801027;34982289;926055;1189;763354
FR;1;2021-09-27;27315;60226;42844;89;41504;39828342;35042515;968899;1278;804858
FR;1;2021-09-28;26831;49450;47096;75;44281;39855173;35091965;1015995;1353;849139
FR;1;2021-09-29;35796;80309;47181;86;45418;39890969;35172274;1063176;1439;894557
FR;1;2021-09-30;25939;45900;47427;80;45237;39916908;35218174;1110603;1519;939794
FR;1;2021-10-01;47381;64574;44826;83;44344;39964289;35282748;1155429;1602;984138
FR;1;2021-10-02;31888;62211;16093;32;16270;39996177;35344959;1171522;1634;1000408
FR;1;2021-10-03;4295;8606;2024;3;2034;40000472;35353565;1173546;1637;1002442
FR;1;2021-10-04;28488;44284;47056;78;46864;40028960;35397849;1220602;1715;1049306
FR;1;2021-10-05;23961;41559;49776;116;49072;40052921;35439408;1270378;1831;1098378
FR;1;2021-10-06;34115;61131;57385;102;57026;40087036;35500539;1327763;1933;1155404
FR;1;2021-10-07;20811;39616;52951;75;51750;40107847;35540155;1380714;2008;1207154
FR;1;2021-10-08;34647;59464;60308;83;60964;40142494;35599619;1441022;2091;1268118
FR;1;2021-10-09;27268;47829;25451;29;25945;40169762;35647448;1466473;2120;1294063
FR;1;2021-10-10;3561;5713;2741;7;2836;40173323;35653161;1469214;2127;1296899
FR;1;2021-10-11;24622;38160;54522;88;55115;40197945;35691321;1523736;2215;1352014
FR;1;2021-10-12;22952;36529;57973;125;58975;40220897;35727850;1581709;2340;1410989
FR;1;2021-10-13;32745;47676;64120;124;65556;40253642;35775526;1645829;2464;1476545
FR;1;2021-10-14;21659;34602;53698;102;54199;40275301;35810128;1699527;2566;1530744
FR;1;2021-10-15;32445;48563;72272;165;74907;40307746;35858691;1771799;2731;1605651
FR;1;2021-10-16;25836;35200;34844;45;36361;40333582;35893891;1806643;2776;1642012
FR;1;2021-10-17;3087;4028;3403;2;3311;40336669;35897919;1810046;2778;1645323
FR;1;2021-10-18;22420;33900;66777;131;69593;40359089;35931819;1876823;2909;1714916
FR;1;2021-10-19;20455;33025;75597;136;79460;40379544;35964844;1952420;3045;1794376
FR;1;2021-10-20;29793;43955;96100;176;99660;40409337;36008799;2048520;3221;1894036
FR;1;2021-10-21;19473;35025;83078;108;86921;40428810;36043824;2131598;3329;1980957
FR;1;2021-10-22;29495;47401;103654;195;109491;40458305;36091225;2235252;3524;2090448
FR;1;2021-10-23;22879;34734;44835;57;47325;40481184;36125959;2280087;3581;2137773
FR;1;2021-10-24;2368;3864;3576;6;3740;40483552;36129823;2283663;3587;2141513
FR;1;2021-10-25;22346;30694;81956;143;85702;40505898;36160517;2365619;3730;2227215
FR;1;2021-10-26;19249;27583;86022;162;90209;40525147;36188100;2451641;3892;2317424
FR;1;2021-10-27;26064;39568;107713;253;112530;40551211;36227668;2559354;4145;2429954
FR;1;2021-10-28;18487;26900;86860;150;91506;40569698;36254568;2646214;4295;2521460
FR;1;2021-10-29;25811;39737;114734;201;121410;40595509;36294305;2760948;4496;2642870
FR;1;2021-10-30;17514;28507;49317;76;51891;40613023;36322812;2810265;4572;2694761
FR;1;2021-10-31;2063;3226;3440;2;3683;40615086;36326038;2813705;4574;2698444
FR;1;2021-11-01;7400;3985;3008;3;3244;40622486;36330023;2816713;4577;2701688
FR;1;2021-11-02;21514;33024;92305;156;97591;40644000;36363047;2909018;4733;2799279
FR;1;2021-11-03;26052;41235;117400;215;123697;40670052;36404282;3026418;4948;2922976
FR;1;2021-11-04;19387;30161;105685;213;111746;40689439;36434443;3132103;5161;3034722
FR;1;2021-11-05;26820;42025;138664;227;147196;40716259;36476468;3270767;5388;3181918
FR;1;2021-11-06;18689;29737;63417;123;66363;40734948;36506205;3334184;5511;3248281
FR;1;2021-11-07;1775;3385;4943;6;5298;40736723;36509590;3339127;5517;3253579
FR;1;2021-11-08;17480;32229;125879;224;132385;40754203;36541819;3465006;5741;3385964
FR;1;2021-11-09;19069;37623;159165;336;168814;40773272;36579442;3624171;6077;3554778
FR;1;2021-11-10;28426;48783;181770;439;192238;40801698;36628225;3805941;6516;3747016
FR;1;2021-11-11;3477;5573;12163;26;12952;40805175;36633798;3818104;6542;3759968
FR;1;2021-11-12;25883;46790;174706;241;186277;40831058;36680588;3992810;6783;3946245
FR;1;2021-11-13;18577;29178;76779;110;81714;40849635;36709766;4069589;6893;4027959
FR;1;2021-11-14;1993;3346;6804;5;7382;40851628;36713112;4076393;6898;4035341
FR;1;2021-11-15;18470;34805;156268;303;166008;40870098;36747917;4232661;7201;4201349
FR;1;2021-11-16;20880;37762;191948;378;204641;40890978;36785679;4424609;7579;4405990
FR;1;2021-11-17;28366;45576;193112;399;204854;40919344;36831255;4617721;7978;4610844
FR;1;2021-11-18;20921;37655;182335;458;194258;40940265;36868910;4800056;8436;4805102
FR;1;2021-11-19;30798;53255;230083;529;246431;40971063;36922165;5030139;8965;5051533
FR;1;2021-11-20;23587;33188;96912;200;103541;40994650;36955353;5127051;9165;5155074
FR;1;2021-11-21;2300;4049;9086;18;9983;40996950;36959402;5136137;9183;5165057
FR;1;2021-11-22;21299;30314;175744;465;189206;41018249;36989716;5311881;9648;5354263
FR;1;2021-11-23;23741;40908;221025;538;237638;41041990;37030624;5532906;10186;5591901
FR;1;2021-11-24;30194;49519;217222;703;234291;41072184;37080143;5750128;10889;5826192
FR;1;2021-11-25;23416;43641;244309;719;263791;41095600;37123784;5994437;11608;6089983
FR;1;2021-11-26;30492;66408;356619;834;388308;41126092;37190192;6351056;12442;6478291
FR;1;2021-11-27;21630;45053;202516;371;222471;41147722;37235245;6553572;12813;6700762
FR;1;2021-11-28;3134;9690;54740;63;61038;41150856;37244935;6608312;12876;6761800
FR;1;2021-11-29;17788;49352;326222;841;354136;41168644;37294287;6934534;13717;7115936
FR;1;2021-11-30;22448;64614;430941;949;470485;41191092;37358901;7365475;14666;7586421
FR;1;2021-12-01;24498;69065;442675;1129;481445;41215590;37427966;7808150;15795;8067866
FR;1;2021-12-02;19814;64204;489192;1223;532592;41235404;37492170;8297342;17018;8600458
FR;1;2021-12-03;22819;81622;542545;1304;591447;41258223;37573792;8839887;18322;9191905
FR;1;2021-12-04;16345;53837;298988;652;328795;41274568;37627629;9138875;18974;9520700
FR;1;2021-12-05;3624;13918;81490;143;91071;41278192;37641547;9220365;19117;9611771
FR;1;2021-12-06;16662;62519;415266;1062;454957;41294854;37704066;9635631;20179;10066728
FR;1;2021-12-07;19728;75685;522725;1530;572250;41314582;37779751;10158356;21709;10638978
FR;1;2021-12-08;21411;75398;458180;1541;501861;41335993;37855149;10616536;23250;11140839
FR;1;2021-12-09;19309;73876;492707;1626;540524;41355302;37929025;11109243;24876;11681363
FR;1;2021-12-10;22449;87485;547193;1583;599754;41377751;38016510;11656436;26459;12281117
FR;1;2021-12-11;16522;58886;302651;745;335394;41394273;38075396;11959087;27204;12616511
FR;1;2021-12-12;4327;15931;83162;179;94078;41398600;38091327;12042249;27383;12710589
FR;1;2021-12-13;15429;63580;366777;1095;406122;41414029;38154907;12409026;28478;13116711
FR;1;2021-12-14;19857;80093;464486;1736;514964;41433886;38235000;12873512;30214;13631675
FR;1;2021-12-15;21283;77080;408875;1308;452917;41455169;38312080;13282387;31522;14084592
FR;1;2021-12-16;19893;77188;451684;1574;500459;41475062;38389268;13734071;33096;14585051
FR;1;2021-12-17;22437;86582;479781;1735;530893;41497499;38475850;14213852;34831;15115944
FR;1;2021-12-18;17590;54603;257576;730;288491;41515089;38530453;14471428;35561;15404435
FR;1;2021-12-19;5535;17192;79178;194;90842;41520624;38547645;14550606;35755;15495277
FR;1;2021-12-20;20854;62989;316290;1081;355372;41541478;38610634;14866896;36836;15850649
FR;1;2021-12-21;26051;73009;372658;1420;418017;41567529;38683643;15239554;38256;16268666
FR;1;2021-12-22;24866;65718;310479;1213;349448;41592395;38749361;15550033;39469;16618114
FR;1;2021-12-23;21169;52196;241664;947;273260;41613564;38801557;15791697;40416;16891374
FR;1;2021-12-24;7062;18241;67173;256;77124;41620626;38819798;15858870;40672;16968498
FR;1;2021-12-25;495;2745;5594;15;6569;41621121;38822543;15864464;40687;16975067
FR;1;2021-12-26;2749;7583;26940;68;31470;41623870;38830126;15891404;40755;17006537
FR;1;2021-12-27;18077;53233;235185;707;265844;41641947;38883359;16126589;41462;17272381
FR;1;2021-12-28;23197;61766;292092;1023;330256;41665144;38945125;16418681;42485;17602637
FR;1;2021-12-29;22180;55398;255014;918;288247;41687324;39000523;16673695;43403;17890884
FR;1;2021-12-30;21186;46010;212203;857;239667;41708510;39046533;16885898;44260;18130551
FR;1;2021-12-31;7245;16421;61978;228;70472;41715755;39062954;16947876;44488;18201023
FR;1;2022-01-01;810;2481;5686;30;6616;41716565;39065435;16953562;44518;18207639
FR;1;2022-01-02;3034;8068;28954;50;33617;41719599;39073503;16982516;44568;18241256
FR;1;2022-01-03;18935;51560;229416;783;258645;41738534;39125063;17211932;45351;18499901
FR;1;2022-01-04;24643;64464;299731;1235;337714;41763177;39189527;17511663;46586;18837615
FR;1;2022-01-05;28959;63428;275730;1096;311008;41792136;39252955;17787393;47682;19148623
FR;1;2022-01-06;26341;65771;307514;1392;347144;41818477;39318726;18094907;49074;19495767
FR;1;2022-01-07;31173;74258;350844;1536;394886;41849650;39392984;18445751;50610;19890653
FR;1;2022-01-08;23294;51359;222624;694;251254;41872944;39444343;18668375;51304;20141907
FR;1;2022-01-09;7073;17271;66068;162;76226;41880017;39461614;18734443;51466;20218133
FR;1;2022-01-10;21260;53449;239147;953;269377;41901277;39515063;18973590;52419;20487510
FR;1;2022-01-11;26364;62565;283181;1276;318708;41927641;39577628;19256771;53695;20806218
FR;1;2022-01-12;28543;61703;247161;1103;278902;41956184;39639331;19503932;54798;21085120
FR;1;2022-01-13;24301;59607;263592;1249;296886;41980485;39698938;19767524;56047;21382006
FR;1;2022-01-14;27637;66406;315298;1364;352575;42008122;39765344;20082822;57411;21734581
FR;1;2022-01-15;19242;44419;199580;618;224160;42027364;39809763;20282402;58029;21958741
FR;1;2022-01-16;5132;14384;51545;135;59640;42032496;39824147;20333947;58164;22018381
FR;1;2022-01-17;16680;41715;186757;777;208821;42049176;39865862;20520704;58941;22227202
FR;1;2022-01-18;19201;47393;213503;1150;238120;42068377;39913255;20734207;60091;22465322
FR;1;2022-01-19;20068;45586;177141;894;198272;42088445;39958841;20911348;60985;22663594
FR;1;2022-01-20;16523;42147;184969;1136;206039;42104968;40000988;21096317;62121;22869633
FR;1;2022-01-21;19650;48518;230644;1397;255057;42124618;40049506;21326961;63518;23124690
FR;1;2022-01-22;13821;33122;144856;578;161740;42138439;40082628;21471817;64096;23286430
FR;1;2022-01-23;3339;9621;33440;130;38383;42141778;40092249;21505257;64226;23324813
FR;1;2022-01-24;11713;34889;143478;704;159595;42153491;40127138;21648735;64930;23484408
FR;1;2022-01-25;14076;39992;164273;1047;182470;42167567;40167130;21813008;65977;23666878
FR;1;2022-01-26;14791;38490;150872;926;166892;42182358;40205620;21963880;66903;23833770
FR;1;2022-01-27;12256;34679;144073;877;158547;42194614;40240299;22107953;67780;23992317
FR;1;2022-01-28;16194;55407;198933;1143;223155;42210808;40295706;22306886;68923;24215472
FR;1;2022-01-29;10245;37259;135454;520;151846;42221053;40332965;22442340;69443;24367318
FR;1;2022-01-30;2470;10429;29674;84;34488;42223523;40343394;22472014;69527;24401806
FR;1;2022-01-31;8700;32550;104528;530;117627;42232223;40375944;22576542;70057;24519433
FR;1;2022-02-01;9951;36905;127570;854;141731;42242174;40412849;22704112;70911;24661164
FR;1;2022-02-02;11084;41835;130625;765;146150;42253258;40454684;22834737;71676;24807314
FR;1;2022-02-03;8655;34678;117072;767;130468;42261913;40489362;22951809;72443;24937782
FR;1;2022-02-04;11334;49813;172541;961;192825;42273247;40539175;23124350;73404;25130607
FR;1;2022-02-05;7670;35430;117582;391;133085;42280917;40574605;23241932;73795;25263692
FR;1;2022-02-06;1685;9060;22738;82;26928;42282602;40583665;23264670;73877;25290620
FR;1;2022-02-07;6954;35905;119053;449;134986;42289556;40619570;23383723;74326;25425606
FR;1;2022-02-08;7451;31351;125589;689;140547;42297007;40650921;23509312;75015;25566153
FR;1;2022-02-09;8357;35765;135207;690;152389;42305364;40686686;23644519;75705;25718542
FR;1;2022-02-10;6504;28815;116220;668;129921;42311868;40715501;23760739;76373;25848463
FR;1;2022-02-11;8504;41137;164976;870;185167;42320372;40756638;23925715;77243;26033630
FR;1;2022-02-12;5223;27482;106642;377;120806;42325595;40784120;24032357;77620;26154436
FR;1;2022-02-13;1208;5683;21678;61;25293;42326803;40789803;24054035;77681;26179729
FR;1;2022-02-14;5314;26983;117963;389;132980;42332117;40816786;24171998;78070;26312709
FR;1;2022-02-15;5537;27910;118674;608;132240;42337654;40844696;24290672;78678;26444949
FR;1;2022-02-16;5597;27814;110291;591;122876;42343251;40872510;24400963;79269;26567825
FR;1;2022-02-17;4354;18825;73009;482;80033;42347605;40891335;24473972;79751;26647858
FR;1;2022-02-18;5431;26255;99028;666;107941;42353036;40917590;24573000;80417;26755799
FR;1;2022-02-19;3485;17037;59407;302;65969;42356521;40934627;24632407;80719;26821768
FR;1;2022-02-20;769;3202;10657;35;12276;42357290;40937829;24643064;80754;26834044
FR;1;2022-02-21;3296;14406;52726;286;57562;42360586;40952235;24695790;81040;26891606
FR;1;2022-02-22;3642;15280;51775;489;55491;42364228;40967515;24747565;81529;26947097
FR;1;2022-02-23;4112;17419;57319;507;62386;42368340;40984934;24804884;82036;27009483
FR;1;2022-02-24;3180;12492;43419;430;46171;42371520;40997426;24848303;82466;27055654
FR;1;2022-02-25;4324;19175;64705;691;68540;42375844;41016601;24913008;83157;27124194
FR;1;2022-02-26;2652;12489;41262;305;45008;42378496;41029090;24954270;83462;27169202
FR;1;2022-02-27;627;2156;7098;42;7959;42379123;41031246;24961368;83504;27177161
FR;1;2022-02-28;2515;9931;34834;300;37250;42381638;41041177;24996202;83804;27214411
FR;1;2022-03-01;2521;10109;37725;372;38654;42384159;41051286;25033927;84176;27253065
FR;1;2022-03-02;3327;11679;41030;381;43095;42387486;41062965;25074957;84557;27296160
FR;1;2022-03-03;2213;7247;25450;297;25752;42389699;41070212;25100407;84854;27321912
FR;1;2022-03-04;2584;10044;34933;563;34385;42392283;41080256;25135340;85417;27356297
FR;1;2022-03-05;1620;6217;21671;272;22039;42393903;41086473;25157011;85689;27378336
FR;1;2022-03-06;337;919;2885;37;3076;42394240;41087392;25159896;85726;27381412
FR;1;2022-03-07;1290;4418;15634;241;15095;42395530;41091810;25175530;85967;27396507
FR;1;2022-03-08;1457;4895;16506;293;15316;42396987;41096705;25192036;86260;27411823
FR;1;2022-03-09;1799;6218;18854;361;18210;42398786;41102923;25210890;86621;27430033
FR;1;2022-03-10;1206;3901;13279;285;12288;42399992;41106824;25224169;86906;27442321
FR;1;2022-03-11;1628;5965;20911;474;19051;42401620;41112789;25245080;87380;27461372
FR;1;2022-03-12;1174;4491;15093;273;14626;42402794;41117280;25260173;87653;27475998
FR;1;2022-03-13;226;575;1978;113;1925;42403020;41117855;25262151;87766;27477923
FR;1;2022-03-14;1010;3297;11785;3852;10926;42404030;41121152;25273936;91618;27488849
FR;1;2022-03-15;1149;3558;13153;6794;11631;42405179;41124710;25287089;98412;27500480
FR;1;2022-03-16;1508;4414;15374;11393;14477;42406687;41129124;25302463;109805;27514957
FR;1;2022-03-17;1024;2846;10320;9427;9421;42407711;41131970;25312783;119232;27524378
FR;1;2022-03-18;1554;4376;16832;16075;15253;42409265;41136346;25329615;135307;27539631
FR;1;2022-03-19;1052;2991;11391;8295;10851;42410317;41139337;25341006;143602;27550482
FR;1;2022-03-20;196;454;1464;947;1484;42410513;41139791;25342470;144549;27551966
FR;2;2020-12-27;0;0;0;0;0;0;0;0;0;0
FR;2;2020-12-28;0;0;0;0;0;0;0;0;0;0
FR;2;2020-12-29;0;0;0;0;0;0;0;0;0;0
FR;2;2020-12-30;0;0;0;0;0;0;0;0;0;0
FR;2;2020-12-31;0;0;0;0;0;0;0;0;0;0
FR;2;2021-01-01;0;0;0;0;0;0;0;0;0;0
FR;2;2021-01-02;0;0;0;0;0;0;0;0;0;0
FR;2;2021-01-03;0;0;0;0;0;0;0;0;0;0
FR;2;2021-01-04;0;0;0;0;0;0;0;0;0;0
FR;2;2021-01-05;0;0;0;0;0;0;0;0;0;0
FR;2;2021-01-06;0;0;0;0;0;0;0;0;0;0
FR;2;2021-01-07;0;0;0;0;0;0;0;0;0;0
FR;2;2021-01-08;0;0;0;0;0;0;0;0;0;0
FR;2;2021-01-09;0;0;0;0;0;0;0;0;0;0
FR;2;2021-01-10;0;0;0;0;0;0;0;0;0;0
FR;2;2021-01-11;0;0;0;0;0;0;0;0;0;0
FR;2;2021-01-12;0;0;0;0;0;0;0;0;0;0
FR;2;2021-01-13;0;0;0;0;0;0;0;0;0;0
FR;2;2021-01-14;1703;0;0;0;0;1703;0;0;0;0
FR;2;2021-01-15;389;0;0;0;0;2092;0;0;0;0
FR;2;2021-01-16;312;0;0;0;0;2404;0;0;0;0
FR;2;2021-01-17;80;0;0;0;0;2484;0;0;0;0
FR;2;2021-01-18;3072;0;0;0;0;5556;0;0;0;0
FR;2;2021-01-19;4674;0;0;0;0;10230;0;0;0;0
FR;2;2021-01-20;5134;2;0;0;0;15364;2;0;0;0
FR;2;2021-01-21;5332;3;0;0;0;20696;5;0;0;0
FR;2;2021-01-22;5115;0;0;0;0;25811;5;0;0;0
FR;2;2021-01-23;1863;0;0;0;0;27674;5;0;0;0
FR;2;2021-01-24;160;1;0;0;0;27834;6;0;0;0
FR;2;2021-01-25;3810;1;0;0;0;31644;7;0;0;0
FR;2;2021-01-26;3914;0;0;0;0;35558;7;0;0;0
FR;2;2021-01-27;3594;1;0;0;0;39152;8;0;0;0
FR;2;2021-01-28;3740;1;0;0;0;42892;9;0;0;0
FR;2;2021-01-29;3286;2;0;0;0;46178;11;0;0;0
FR;2;2021-01-30;1129;1;0;0;0;47307;12;0;0;0
FR;2;2021-01-31;45;1;0;0;0;47352;13;0;0;0
FR;2;2021-02-01;3399;2;0;0;0;50751;15;0;0;0
FR;2;2021-02-02;4485;7;0;0;0;55236;22;0;0;0
FR;2;2021-02-03;5214;4;0;0;0;60450;26;0;0;0
FR;2;2021-02-04;4924;5;0;0;0;65374;31;0;0;0
FR;2;2021-02-05;4808;13;0;0;0;70182;44;0;0;0
FR;2;2021-02-06;2037;9;0;0;0;72219;53;0;0;0
FR;2;2021-02-07;97;4;0;0;0;72316;57;0;0;0
FR;2;2021-02-08;7549;16;0;0;0;79865;73;0;0;0
FR;2;2021-02-09;8417;25;0;0;0;88282;98;0;0;0
FR;2;2021-02-10;9337;54;0;0;0;97619;152;0;0;0
FR;2;2021-02-11;10271;70;0;0;0;107890;222;0;0;0
FR;2;2021-02-12;10046;245;0;0;0;117936;467;0;0;0
FR;2;2021-02-13;3115;229;0;0;0;121051;696;0;0;0
FR;2;2021-02-14;349;2;0;0;0;121400;698;0;0;0
FR;2;2021-02-15;3453;3069;0;0;0;124853;3767;0;0;0
FR;2;2021-02-16;5063;3898;0;0;0;129916;7665;0;0;0
FR;2;2021-02-17;4246;4404;0;0;0;134162;12069;0;0;0
FR;2;2021-02-18;5398;5096;0;0;0;139560;17165;0;0;0
FR;2;2021-02-19;5319;4332;0;0;0;144879;21497;0;0;0
FR;2;2021-02-20;1864;1508;0;0;0;146743;23005;0;0;0
FR;2;2021-02-21;238;86;0;0;0;146981;23091;0;0;0
FR;2;2021-02-22;3609;3721;0;0;0;150590;26812;0;0;0
FR;2;2021-02-23;4950;3686;0;0;0;155540;30498;0;0;0
FR;2;2021-02-24;5005;3461;0;0;0;160545;33959;0;0;0
FR;2;2021-02-25;5479;3438;0;0;0;166024;37397;0;0;0
FR;2;2021-02-26;4355;3131;0;0;0;170379;40528;0;0;0
FR;2;2021-02-27;1622;1044;0;0;0;172001;41572;0;0;0
FR;2;2021-02-28;176;34;0;0;0;172177;41606;0;0;0
FR;2;2021-03-01;5170;3759;0;0;0;177347;45365;0;0;0
FR;2;2021-03-02;6526;4720;0;0;0;183873;50085;0;0;0
FR;2;2021-03-03;6531;4888;0;0;0;190404;54973;0;0;0
FR;2;2021-03-04;8393;3962;0;0;0;198797;58935;0;0;0
FR;2;2021-03-05;8023;4061;0;0;0;206820;62996;0;0;0
FR;2;2021-03-06;4782;1684;0;0;0;211602;64680;0;0;0
FR;2;2021-03-07;2371;31;0;0;0;213973;64711;0;0;0
FR;2;2021-03-08;4163;8310;0;0;0;218136;73021;0;0;0
FR;2;2021-03-09;7481;8438;1;0;0;225617;81459;1;0;0
FR;2;2021-03-10;7088;9101;0;0;0;232705;90560;1;0;0
FR;2;2021-03-11;9368;9186;1;0;0;242073;99746;2;0;0
FR;2;2021-03-12;7968;8177;0;0;0;250041;107923;2;0;0
FR;2;2021-03-13;10044;2514;0;0;0;260085;110437;2;0;0
FR;2;2021-03-14;4838;403;0;0;0;264923;110840;2;0;0
FR;2;2021-03-15;10904;3489;0;0;0;275827;114329;2;0;0
FR;2;2021-03-16;16753;4637;1;0;0;292580;118966;3;0;0
FR;2;2021-03-17;20216;3961;0;0;0;312796;122927;3;0;0
FR;2;2021-03-18;23360;4898;0;0;0;336156;127825;3;0;0
FR;2;2021-03-19;23295;4529;0;0;0;359451;132354;3;0;0
FR;2;2021-03-20;25437;1538;0;0;0;384888;133892;3;0;0
FR;2;2021-03-21;17669;147;0;0;0;402557;134039;3;0;0
FR;2;2021-03-22;17777;3071;0;0;0;420334;137110;3;0;0
FR;2;2021-03-23;22681;4191;0;0;0;443015;141301;3;0;0
FR;2;2021-03-24;23952;4983;0;0;0;466967;146284;3;0;0
FR;2;2021-03-25;26733;5038;1;0;0;493700;151322;4;0;0
FR;2;2021-03-26;26971;4264;0;0;0;520671;155586;4;0;0
FR;2;2021-03-27;15913;1308;0;0;0;536584;156894;4;0;0
FR;2;2021-03-28;10560;98;0;0;0;547144;156992;4;0;0
FR;2;2021-03-29;18978;4283;0;0;0;566122;161275;4;0;0
FR;2;2021-03-30;24569;6009;0;0;0;590691;167284;4;0;0
FR;2;2021-03-31;28547;5945;0;0;0;619238;173229;4;0;0
FR;2;2021-04-01;34539;8487;1;0;0;653777;181716;5;0;0
FR;2;2021-04-02;29974;7664;0;0;0;683751;189380;5;0;0
FR;2;2021-04-03;16951;3591;0;0;0;700702;192971;5;0;0
FR;2;2021-04-04;9304;925;2;0;0;710006;193896;7;0;0
FR;2;2021-04-05;12436;815;0;0;0;722442;194711;7;0;0
FR;2;2021-04-06;27133;6934;0;0;0;749575;201645;7;0;0
FR;2;2021-04-07;30922;7165;1;0;0;780497;208810;8;0;0
FR;2;2021-04-08;36874;8802;1;0;0;817371;217612;9;0;0
FR;2;2021-04-09;33822;8587;28;0;0;851193;226199;37;0;0
FR;2;2021-04-10;19676;8972;1;0;0;870869;235171;38;0;0
FR;2;2021-04-11;7938;4264;1;0;0;878807;239435;39;0;0
FR;2;2021-04-12;17119;11232;0;0;0;895926;250667;39;0;0
FR;2;2021-04-13;19444;16403;1;0;0;915370;267070;40;0;0
FR;2;2021-04-14;18054;16266;7;0;0;933424;283336;47;0;0
FR;2;2021-04-15;22183;20748;26;0;0;955607;304084;73;0;0
FR;2;2021-04-16;20704;20044;45;0;0;976311;324128;118;0;0
FR;2;2021-04-17;13248;22442;5;0;0;989559;346570;123;0;0
FR;2;2021-04-18;5907;14390;6;0;0;995466;360960;129;0;0
FR;2;2021-04-19;16824;16233;24;0;0;1012290;377193;153;0;0
FR;2;2021-04-20;19312;21544;38;0;0;1031602;398737;191;0;0
FR;2;2021-04-21;20278;21653;76;0;0;1051880;420390;267;0;0
FR;2;2021-04-22;23802;24838;41;0;0;1075682;445228;308;0;0
FR;2;2021-04-23;24505;25334;76;0;0;1100187;470562;384;0;0
FR;2;2021-04-24;25296;15082;102;0;0;1125483;485644;486;0;0
FR;2;2021-04-25;9592;8590;5;0;0;1135075;494234;491;0;0
FR;2;2021-04-26;17152;17192;21;0;0;1152227;511426;512;0;0
FR;2;2021-04-27;19239;24278;40;0;0;1171466;535704;552;0;0
FR;2;2021-04-28;22330;26174;112;0;0;1193796;561878;664;0;0
FR;2;2021-04-29;25461;30119;69;0;0;1219257;591997;733;0;0
FR;2;2021-04-30;25528;27755;49;1;0;1244785;619752;782;1;0
FR;2;2021-05-01;14978;9866;6;0;0;1259763;629618;788;1;0
FR;2;2021-05-02;6634;9174;2;0;0;1266397;638792;790;1;0
FR;2;2021-05-03;20012;19295;40;0;0;1286409;658087;830;1;0
FR;2;2021-05-04;18279;29027;33;0;0;1304688;687114;863;1;0
FR;2;2021-05-05;18357;29377;48;0;0;1323045;716491;911;1;0
FR;2;2021-05-06;23531;35234;131;0;0;1346576;751725;1042;1;0
FR;2;2021-05-07;25320;33203;97;0;0;1371896;784928;1139;1;0
FR;2;2021-05-08;21332;9699;14;0;0;1393228;794627;1153;1;0
FR;2;2021-05-09;13160;7881;7;0;0;1406388;802508;1160;1;0
FR;2;2021-05-10;32933;22187;48;0;0;1439321;824695;1208;1;0
FR;2;2021-05-11;43588;21056;101;0;0;1482909;845751;1309;1;0
FR;2;2021-05-12;50031;19877;141;0;0;1532940;865628;1450;1;0
FR;2;2021-05-13;51285;5768;31;0;0;1584225;871396;1481;1;0
FR;2;2021-05-14;61335;12922;132;0;0;1645560;884318;1613;1;0
FR;2;2021-05-15;65919;7139;39;0;0;1711479;891457;1652;1;0
FR;2;2021-05-16;43575;2567;10;0;0;1755054;894024;1662;1;0
FR;2;2021-05-17;44738;12561;113;0;0;1799792;906585;1775;1;0
FR;2;2021-05-18;54630;12235;191;0;0;1854422;918820;1966;1;0
FR;2;2021-05-19;57156;10599;280;0;0;1911578;929419;2246;1;0
FR;2;2021-05-20;63427;10843;286;0;0;1975005;940262;2532;1;0
FR;2;2021-05-21;64280;11648;230;0;0;2039285;951910;2762;1;0
FR;2;2021-05-22;61475;4502;65;0;0;2100760;956412;2827;1;0
FR;2;2021-05-23;37528;568;22;0;0;2138288;956980;2849;1;0
FR;2;2021-05-24;17232;2030;33;0;0;2155520;959010;2882;1;0
FR;2;2021-05-25;21097;12232;239;0;0;2176617;971242;3121;1;0
FR;2;2021-05-26;19925;11444;229;0;0;2196542;982686;3350;1;0
FR;2;2021-05-27;22984;12654;181;0;0;2219526;995340;3531;1;0
FR;2;2021-05-28;29383;14951;190;0;0;2248909;1010291;3721;1;0
FR;2;2021-05-29;30411;8176;57;0;0;2279320;1018467;3778;1;0
FR;2;2021-05-30;4646;1812;6;0;0;2283966;1020279;3784;1;0
FR;2;2021-05-31;28579;18713;183;0;0;2312545;1038992;3967;1;0
FR;2;2021-06-01;45706;20026;221;0;0;2358251;1059018;4188;1;0
FR;2;2021-06-02;37465;19293;180;0;0;2395716;1078311;4368;1;0
FR;2;2021-06-03;51261;23356;161;0;0;2446977;1101667;4529;1;0
FR;2;2021-06-04;65500;24048;215;0;0;2512477;1125715;4744;1;0
FR;2;2021-06-05;34593;24024;51;0;0;2547070;1149739;4795;1;0
FR;2;2021-06-06;4946;6197;10;0;0;2552016;1155936;4805;1;0
FR;2;2021-06-07;28161;23053;146;0;0;2580177;1178989;4951;1;0
FR;2;2021-06-08;46370;22921;143;0;0;2626547;1201910;5094;1;0
FR;2;2021-06-09;34280;20912;107;0;0;2660827;1222822;5201;1;0
FR;2;2021-06-10;42632;19137;95;1;0;2703459;1241959;5296;2;0
FR;2;2021-06-11;55276;25220;133;0;0;2758735;1267179;5429;2;0
FR;2;2021-06-12;30556;19783;53;0;0;2789291;1286962;5482;2;0
FR;2;2021-06-13;3327;9181;13;0;0;2792618;1296143;5495;2;0
FR;2;2021-06-14;25297;24163;92;0;0;2817915;1320306;5587;2;0
FR;2;2021-06-15;39025;22854;154;0;0;2856940;1343160;5741;2;0
FR;2;2021-06-16;30154;21455;134;0;0;2887094;1364615;5875;2;0
FR;2;2021-06-17;36899;25868;150;0;0;2923993;1390483;6025;2;0
FR;2;2021-06-18;46839;28787;121;0;0;2970832;1419270;6146;2;0
FR;2;2021-06-19;24524;24892;39;0;0;2995356;1444162;6185;2;0
FR;2;2021-06-20;3738;10059;10;0;0;2999094;1454221;6195;2;0
FR;2;2021-06-21;17520;42831;87;0;0;3016614;1497052;6282;2;0
FR;2;2021-06-22;28353;49536;110;0;0;3044967;1546588;6392;2;0
FR;2;2021-06-23;21781;49566;106;1;1;3066748;1596154;6498;3;1
FR;2;2021-06-24;28369;50286;133;0;0;3095117;1646440;6631;3;1
FR;2;2021-06-25;33392;60372;126;0;0;3128509;1706812;6757;3;1
FR;2;2021-06-26;16368;59235;54;1;0;3144877;1766047;6811;4;1
FR;2;2021-06-27;2564;29322;22;1;0;3147441;1795369;6833;5;1
FR;2;2021-06-28;12634;54337;80;0;0;3160075;1849706;6913;5;1
FR;2;2021-06-29;19837;59877;178;0;0;3179912;1909583;7091;5;1
FR;2;2021-06-30;16315;57844;251;17;0;3196227;1967427;7342;22;1
FR;2;2021-07-01;20481;59884;226;0;0;3216708;2027311;7568;22;1
FR;2;2021-07-02;24070;62117;183;0;0;3240778;2089428;7751;22;1
FR;2;2021-07-03;12108;57072;153;0;0;3252886;2146500;7904;22;1
FR;2;2021-07-04;1957;23309;18;0;0;3254843;2169809;7922;22;1
FR;2;2021-07-05;9164;29355;106;0;0;3264007;2199164;8028;22;1
FR;2;2021-07-06;14567;36195;134;0;0;3278574;2235359;8162;22;1
FR;2;2021-07-07;14400;33660;138;0;0;3292974;2269019;8300;22;1
FR;2;2021-07-08;19705;40284;162;0;0;3312679;2309303;8462;22;1
FR;2;2021-07-09;27085;54257;202;1;1;3339764;2363560;8664;23;2
FR;2;2021-07-10;13379;33660;107;0;0;3353143;2397220;8771;23;2
FR;2;2021-07-11;1801;4336;16;0;0;3354944;2401556;8787;23;2
FR;2;2021-07-12;12959;37265;118;0;0;3367903;2438821;8905;23;2
FR;2;2021-07-13;37105;53234;150;0;0;3405008;2492055;9055;23;2
FR;2;2021-07-14;6601;3575;15;0;0;3411609;2495630;9070;23;2
FR;2;2021-07-15;47217;47030;156;0;0;3458826;2542660;9226;23;2
FR;2;2021-07-16;64304;55820;187;0;0;3523130;2598480;9413;23;2
FR;2;2021-07-17;31587;23929;96;0;0;3554717;2622409;9509;23;2
FR;2;2021-07-18;6085;4897;19;0;0;3560802;2627306;9528;23;2
FR;2;2021-07-19;32982;28691;93;0;0;3593784;2655997;9621;23;2
FR;2;2021-07-20;51981;44559;155;0;0;3645765;2700556;9776;23;2
FR;2;2021-07-21;45243;34784;93;0;0;3691008;2735340;9869;23;2
FR;2;2021-07-22;56269;41106;128;1;0;3747277;2776446;9997;24;2
FR;2;2021-07-23;68273;49099;170;0;0;3815550;2825545;10167;24;2
FR;2;2021-07-24;36158;21577;82;0;0;3851708;2847122;10249;24;2
FR;2;2021-07-25;6735;2665;10;0;0;3858443;2849787;10259;24;2
FR;2;2021-07-26;36283;22471;91;1;0;3894726;2872258;10350;25;2
FR;2;2021-07-27;62344;34628;180;0;0;3957070;2906886;10530;25;2
FR;2;2021-07-28;55274;26460;133;0;0;4012344;2933346;10663;25;2
FR;2;2021-07-29;68432;32774;189;0;0;4080776;2966120;10852;25;2
FR;2;2021-07-30;74408;37779;222;1;1;4155184;3003899;11074;26;3
FR;2;2021-07-31;34742;16174;104;0;0;4189926;3020073;11178;26;3
FR;2;2021-08-01;5389;2294;19;0;0;4195315;3022367;11197;26;3
FR;2;2021-08-02;35847;16205;101;0;0;4231162;3038572;11298;26;3
FR;2;2021-08-03;55948;28280;142;0;0;4287110;3066852;11440;26;3
FR;2;2021-08-04;46660;20858;128;0;0;4333770;3087710;11568;26;3
FR;2;2021-08-05;54621;31580;215;0;0;4388391;3119290;11783;26;3
FR;2;2021-08-06;58065;42384;242;1;0;4446456;3161674;12025;27;3
FR;2;2021-08-07;25130;17600;89;0;0;4471586;3179274;12114;27;3
FR;2;2021-08-08;3829;3670;21;0;0;4475415;3182944;12135;27;3
FR;2;2021-08-09;29279;21142;91;0;0;4504694;3204086;12226;27;3
FR;2;2021-08-10;44979;33517;152;0;0;4549673;3237603;12378;27;3
FR;2;2021-08-11;35257;25162;150;0;0;4584930;3262765;12528;27;3
FR;2;2021-08-12;41873;35731;162;0;0;4626803;3298496;12690;27;3
FR;2;2021-08-13;42579;36998;218;0;0;4669382;3335494;12908;27;3
FR;2;2021-08-14;18498;22276;93;0;0;4687880;3357770;13001;27;3
FR;2;2021-08-15;3782;3814;17;0;0;4691662;3361584;13018;27;3
FR;2;2021-08-16;25068;27223;110;0;0;4716730;3388807;13128;27;3
FR;2;2021-08-17;38244;43477;204;1;0;4754974;3432284;13332;28;3
FR;2;2021-08-18;32237;36382;192;1;1;4787211;3468666;13524;29;4
FR;2;2021-08-19;37419;46602;223;0;0;4824630;3515268;13747;29;4
FR;2;2021-08-20;40550;55583;269;1;0;4865180;3570851;14016;30;4
FR;2;2021-08-21;18112;24292;113;0;0;4883292;3595143;14129;30;4
FR;2;2021-08-22;2901;4323;22;1;1;4886193;3599466;14151;31;5
FR;2;2021-08-23;19236;35146;131;1;1;4905429;3634612;14282;32;6
FR;2;2021-08-24;31930;56026;234;0;0;4937359;3690638;14516;32;6
FR;2;2021-08-25;25923;43416;250;0;0;4963282;3734054;14766;32;6
FR;2;2021-08-26;32339;55767;387;0;0;4995621;3789821;15153;32;6
FR;2;2021-08-27;36992;65556;477;3;1;5032613;3855377;15630;35;7
FR;2;2021-08-28;17808;28447;300;0;0;5050421;3883824;15930;35;7
FR;2;2021-08-29;2653;5035;47;0;0;5053074;3888859;15977;35;7
FR;2;2021-08-30;18406;37748;399;0;762;5071480;3926607;16376;35;769
FR;2;2021-08-31;28067;57505;881;4;1529;5099547;3984112;17257;39;2298
FR;2;2021-09-01;21582;39808;1305;0;2081;5121129;4023920;18562;39;4379
FR;2;2021-09-02;25475;48599;1958;1;3268;5146604;4072519;20520;40;7647
FR;2;2021-09-03;33406;64456;2984;3;4803;5180010;4136975;23504;43;12450
FR;2;2021-09-04;16820;27668;1441;1;2340;5196830;4164643;24945;44;14790
FR;2;2021-09-05;2258;3626;263;0;414;5199088;4168269;25208;44;15204
FR;2;2021-09-06;14027;28732;1768;1;2926;5213115;4197001;26976;45;18130
FR;2;2021-09-07;21091;41042;3019;13;4834;5234206;4238043;29995;58;22964
FR;2;2021-09-08;17235;31911;2729;6;4431;5251441;4269954;32724;64;27395
FR;2;2021-09-09;20970;40426;4424;3;6706;5272411;4310380;37148;67;34101
FR;2;2021-09-10;28185;51092;5276;4;8771;5300596;4361472;42424;71;42872
FR;2;2021-09-11;13649;22324;2401;5;3911;5314245;4383796;44825;76;46783
FR;2;2021-09-12;1821;2796;281;0;498;5316066;4386592;45106;76;47281
FR;2;2021-09-13;11652;21446;2461;4;3985;5327718;4408038;47567;80;51266
FR;2;2021-09-14;18562;32773;5079;13;8989;5346280;4440811;52646;93;60255
FR;2;2021-09-15;14909;28279;5163;3;7778;5361189;4469090;57809;96;68033
FR;2;2021-09-16;16063;32744;6731;14;10511;5377252;4501834;64540;110;78544
FR;2;2021-09-17;20907;47063;8773;10;14558;5398159;4548897;73313;120;93102
FR;2;2021-09-18;9852;20915;3801;6;6020;5408011;4569812;77114;126;99122
FR;2;2021-09-19;1165;2657;395;0;650;5409176;4572469;77509;126;99772
FR;2;2021-09-20;7485;18799;3849;7;6145;5416661;4591268;81358;133;105917
FR;2;2021-09-21;11200;30005;6491;5;10737;5427861;4621273;87849;138;116654
FR;2;2021-09-22;9406;23554;5489;7;8508;5437267;4644827;93338;145;125162
FR;2;2021-09-23;10717;28859;7875;9;12622;5447984;4673686;101213;154;137784
FR;2;2021-09-24;15059;42813;10865;18;17145;5463043;4716499;112078;172;154929
FR;2;2021-09-25;7258;18710;3959;10;6069;5470301;4735209;116037;182;160998
FR;2;2021-09-26;1078;2562;494;0;638;5471379;4737771;116531;182;161636
FR;2;2021-09-27;6308;16448;4284;6;6550;5477687;4754219;120815;188;168186
FR;2;2021-09-28;9241;25528;7759;13;12053;5486928;4779747;128574;201;180239
FR;2;2021-09-29;8075;20204;6065;25;9251;5495003;4799951;134639;226;189490
FR;2;2021-09-30;9862;25774;9494;16;14067;5504865;4825725;144133;242;203557
FR;2;2021-10-01;13965;35611;12905;25;19211;5518830;4861336;157038;267;222768
FR;2;2021-10-02;6870;15866;4845;6;6993;5525700;4877202;161883;273;229761
FR;2;2021-10-03;840;1964;491;1;518;5526540;4879166;162374;274;230279
FR;2;2021-10-04;5815;13923;5510;5;7855;5532355;4893089;167884;279;238134
FR;2;2021-10-05;9048;22531;11118;19;15702;5541403;4915620;179002;298;253836
FR;2;2021-10-06;7774;17752;8236;11;11059;5549177;4933372;187238;309;264895
FR;2;2021-10-07;9191;22184;12367;15;16808;5558368;4955556;199605;324;281703
FR;2;2021-10-08;13420;32011;17338;27;23501;5571788;4987567;216943;351;305204
FR;2;2021-10-09;5995;12808;6039;6;7869;5577783;5000375;222982;357;313073
FR;2;2021-10-10;883;1638;434;2;628;5578666;5002013;223416;359;313701
FR;2;2021-10-11;5599;11621;6454;17;8841;5584265;5013634;229870;376;322542
FR;2;2021-10-12;8030;17752;12532;13;16719;5592295;5031386;242402;389;339261
FR;2;2021-10-13;6933;14849;10243;11;13595;5599228;5046235;252645;400;352856
FR;2;2021-10-14;8310;17922;14984;13;19437;5607538;5064157;267629;413;372293
FR;2;2021-10-15;11842;26253;20893;26;27921;5619380;5090410;288522;439;400214
FR;2;2021-10-16;5136;8721;1815;0;3205;5624516;5099131;290337;439;403419
FR;2;2021-10-17;650;1195;183;0;378;5625166;5100326;290520;439;403797
FR;2;2021-10-18;4554;7446;659;2;1680;5629720;5107772;291179;441;405477
FR;2;2021-10-19;6234;9913;728;5;2065;5635954;5117685;291907;446;407542
FR;2;2021-10-20;5160;8114;756;3;1683;5641114;5125799;292663;449;409225
FR;2;2021-10-21;6085;9966;777;5;2090;5647199;5135765;293440;454;411315
FR;2;2021-10-22;8442;14538;1138;4;2857;5655641;5150303;294578;458;414172
FR;2;2021-10-23;3840;6002;579;0;1237;5659481;5156305;295157;458;415409
FR;2;2021-10-24;493;884;99;0;202;5659974;5157189;295256;458;415611
FR;2;2021-10-25;3356;5393;297;1;830;5663330;5162582;295553;459;416441
FR;2;2021-10-26;4171;7242;1118;4;1992;5667501;5169824;296671;463;418433
FR;2;2021-10-27;3670;6632;1191;5;1999;5671171;5176456;297862;468;420432
FR;2;2021-10-28;4594;7689;1723;3;2733;5675765;5184145;299585;471;423165
FR;2;2021-10-29;5404;11074;2426;4;3661;5681169;5195219;302011;475;426826
FR;2;2021-10-30;2746;4422;971;1;1424;5683915;5199641;302982;476;428250
FR;2;2021-10-31;365;555;138;1;189;5684280;5200196;303120;477;428439
FR;2;2021-11-01;412;553;170;0;258;5684692;5200749;303290;477;428697
FR;2;2021-11-02;3285;6765;1177;0;1758;5687977;5207514;304467;477;430455
FR;2;2021-11-03;3330;6253;1379;2;1962;5691307;5213767;305846;479;432417
FR;2;2021-11-04;3983;7109;1755;4;2485;5695290;5220876;307601;483;434902
FR;2;2021-11-05;5219;10493;2862;5;3937;5700509;5231369;310463;488;438839
FR;2;2021-11-06;2589;4647;1396;0;1802;5703098;5236016;311859;488;440641
FR;2;2021-11-07;507;877;215;0;288;5703605;5236893;312074;488;440929
FR;2;2021-11-08;2573;5378;1198;3;1682;5706178;5242271;313272;491;442611
FR;2;2021-11-09;2748;6958;2389;6;3171;5708926;5249229;315661;497;445782
FR;2;2021-11-10;2581;5713;5085;6;6254;5711507;5254942;320746;503;452036
FR;2;2021-11-11;431;735;731;2;909;5711938;5255677;321477;505;452945
FR;2;2021-11-12;2946;8094;8958;8;10886;5714884;5263771;330435;513;463831
FR;2;2021-11-13;1529;3360;3862;7;4519;5716413;5267131;334297;520;468350
FR;2;2021-11-14;253;619;346;1;489;5716666;5267750;334643;521;468839
FR;2;2021-11-15;1618;3720;4431;9;5323;5718284;5271470;339074;530;474162
FR;2;2021-11-16;2182;5956;8282;14;10057;5720466;5277426;347356;544;484219
FR;2;2021-11-17;1736;4575;6612;8;7830;5722202;5282001;353968;552;492049
FR;2;2021-11-18;2186;5938;9165;11;10981;5724388;5287939;363133;563;503030
FR;2;2021-11-19;2697;7795;12953;19;15459;5727085;5295734;376086;582;518489
FR;2;2021-11-20;1565;3308;5164;5;6060;5728650;5299042;381250;587;524549
FR;2;2021-11-21;246;525;538;0;665;5728896;5299567;381788;587;525214
FR;2;2021-11-22;1274;2635;4467;5;5398;5730170;5302202;386255;592;530612
FR;2;2021-11-23;1612;4324;8183;9;9886;5731782;5306526;394438;601;540498
FR;2;2021-11-24;1421;3819;7455;15;8710;5733203;5310345;401893;616;549208
FR;2;2021-11-25;1811;4893;11438;21;13630;5735014;5315238;413331;637;562838
FR;2;2021-11-26;2534;7777;22639;31;26055;5737548;5323015;435970;668;588893
FR;2;2021-11-27;1498;4135;12254;18;13990;5739046;5327150;448224;686;602883
FR;2;2021-11-28;292;847;1964;3;2289;5739338;5327997;450188;689;605172
FR;2;2021-11-29;1444;4380;15067;23;17225;5740782;5332377;465255;712;622397
FR;2;2021-11-30;1907;6770;26218;36;29971;5742689;5339147;491473;748;652368
FR;2;2021-12-01;1907;6088;26177;29;29487;5744596;5345235;517650;777;681855
FR;2;2021-12-02;1913;6826;37680;52;41914;5746509;5352061;555330;829;723769
FR;2;2021-12-03;2548;10085;53577;112;59282;5749057;5362146;608907;941;783051
FR;2;2021-12-04;1847;6270;37082;38;40740;5750904;5368416;645989;979;823791
FR;2;2021-12-05;458;2295;14246;13;15993;5751362;5370711;660235;992;839784
FR;2;2021-12-06;2453;9890;77672;109;84726;5753815;5380601;737907;1101;924510
FR;2;2021-12-07;3441;15329;122402;238;133671;5757256;5395930;860309;1339;1058181
FR;2;2021-12-08;3717;16049;133157;330;145349;5760973;5411979;993466;1669;1203530
FR;2;2021-12-09;4542;19585;170119;554;185449;5765515;5431564;1163585;2223;1388979
FR;2;2021-12-10;4666;22794;188593;489;206003;5770181;5454358;1352178;2712;1594982
FR;2;2021-12-11;3682;16609;132416;238;144834;5773863;5470967;1484594;2950;1739816
FR;2;2021-12-12;1257;7147;59070;83;65135;5775120;5478114;1543664;3033;1804951
FR;2;2021-12-13;5522;26860;220634;604;242920;5780642;5504974;1764298;3637;2047871
FR;2;2021-12-14;7019;37506;300697;908;332134;5787661;5542480;2064995;4545;2380005
FR;2;2021-12-15;6563;36223;285143;955;315726;5794224;5578703;2350138;5500;2695731
FR;2;2021-12-16;7766;37926;312077;981;343671;5801990;5616629;2662215;6481;3039402
FR;2;2021-12-17;8685;41202;327810;975;360855;5810675;5657831;2990025;7456;3400257
FR;2;2021-12-18;6517;26559;212310;448;233606;5817192;5684390;3202335;7904;3633863
FR;2;2021-12-19;2604;11521;90195;184;100396;5819796;5695911;3292530;8088;3734259
FR;2;2021-12-20;9552;33601;275120;706;303295;5829348;5729512;3567650;8794;4037554
FR;2;2021-12-21;11553;38291;309564;969;341318;5840901;5767803;3877214;9763;4378872
FR;2;2021-12-22;10451;32885;265060;952;292465;5851352;5800688;4142274;10715;4671337
FR;2;2021-12-23;9426;26702;199440;700;221236;5860778;5827390;4341714;11415;4892573
FR;2;2021-12-24;2782;7502;43838;140;49560;5863560;5834892;4385552;11555;4942133
FR;2;2021-12-25;202;708;2000;10;2503;5863762;5835600;4387552;11565;4944636
FR;2;2021-12-26;1322;4208;25142;71;28678;5865084;5839808;4412694;11636;4973314
FR;2;2021-12-27;8071;29927;218369;658;243282;5873155;5869735;4631063;12294;5216596
FR;2;2021-12-28;9841;36346;272051;741;301941;5882996;5906081;4903114;13035;5518537
FR;2;2021-12-29;9492;32290;246088;766;272661;5892488;5938371;5149202;13801;5791198
FR;2;2021-12-30;9450;28128;208797;662;231455;5901938;5966499;5357999;14463;6022653
FR;2;2021-12-31;3008;8399;54972;177;61243;5904946;5974898;5412971;14640;6083896
FR;2;2022-01-01;227;689;2849;7;3337;5905173;5975587;5415820;14647;6087233
FR;2;2022-01-02;1505;4853;29505;74;33394;5906678;5980440;5445325;14721;6120627
FR;2;2022-01-03;9577;35329;266497;807;293840;5916255;6015769;5711822;15528;6414467
FR;2;2022-01-04;12840;45346;342046;1067;376921;5929095;6061115;6053868;16595;6791388
FR;2;2022-01-05;11270;38669;294128;884;323797;5940365;6099784;6347996;17479;7115185
FR;2;2022-01-06;13652;43453;331910;1296;364666;5954017;6143237;6679906;18775;7479851
FR;2;2022-01-07;14225;47621;361056;1268;396379;5968242;6190858;7040962;20043;7876230
FR;2;2022-01-08;7946;28141;201238;514;221660;5976188;6218999;7242200;20557;8097890
FR;2;2022-01-09;2749;9032;62513;137;69535;5978937;6228031;7304713;20694;8167425
FR;2;2022-01-10;10089;31923;232454;857;255056;5989026;6259954;7537167;21551;8422481
FR;2;2022-01-11;11462;36252;265884;1029;290577;6000488;6296206;7803051;22580;8713058
FR;2;2022-01-12;8755;29841;206287;861;226162;6009243;6326047;8009338;23441;8939220
FR;2;2022-01-13;9380;31329;224457;830;244801;6018623;6357376;8233795;24271;9184021
FR;2;2022-01-14;9741;35691;254512;919;277685;6028364;6393067;8488307;25190;9461706
FR;2;2022-01-15;5354;19446;140761;358;153630;6033718;6412513;8629068;25548;9615336
FR;2;2022-01-16;1513;5549;35863;80;39852;6035231;6418062;8664931;25628;9655188
FR;2;2022-01-17;5546;19320;135411;601;147277;6040777;6437382;8800342;26229;9802465
FR;2;2022-01-18;6415;21554;148606;647;160488;6047192;6458936;8948948;26876;9962953
FR;2;2022-01-19;4384;16413;105091;552;113702;6051576;6475349;9054039;27428;10076655
FR;2;2022-01-20;4863;17597;115291;601;123690;6056439;6492946;9169330;28029;10200345
FR;2;2022-01-21;5191;20079;137350;677;147770;6061630;6513025;9306680;28706;10348115
FR;2;2022-01-22;3025;10973;74251;259;80328;6064655;6523998;9380931;28965;10428443
FR;2;2022-01-23;722;2755;15233;41;16840;6065377;6526753;9396164;29006;10445283
FR;2;2022-01-24;3291;12839;75081;428;81033;6068668;6539592;9471245;29434;10526316
FR;2;2022-01-25;3572;14472;79626;495;85469;6072240;6554064;9550871;29929;10611785
FR;2;2022-01-26;2514;10672;58980;363;63011;6074754;6564736;9609851;30292;10674796
FR;2;2022-01-27;2684;11230;64175;387;67904;6077438;6575966;9674026;30679;10742700
FR;2;2022-01-28;3540;18445;91778;430;99039;6080978;6594411;9765804;31109;10841739
FR;2;2022-01-29;1890;9270;48835;163;52922;6082868;6603681;9814639;31272;10894661
FR;2;2022-01-30;466;2258;9453;37;10612;6083334;6605939;9824092;31309;10905273
FR;2;2022-01-31;1883;9615;43812;208;47346;6085217;6615554;9867904;31517;10952619
FR;2;2022-02-01;1906;10060;47019;278;50108;6087123;6625614;9914923;31795;11002727
FR;2;2022-02-02;1603;9038;41092;249;44159;6088726;6634652;9956015;32044;11046886
FR;2;2022-02-03;1712;8944;40498;204;42898;6090438;6643596;9996513;32248;11089784
FR;2;2022-02-04;2150;15228;66606;297;71331;6092588;6658824;10063119;32545;11161115
FR;2;2022-02-05;1359;8551;35927;131;39229;6093947;6667375;10099046;32676;11200344
FR;2;2022-02-06;274;1794;6121;16;6896;6094221;6669169;10105167;32692;11207240
FR;2;2022-02-07;1344;9615;37738;133;41299;6095565;6678784;10142905;32825;11248539
FR;2;2022-02-08;1293;9798;40920;173;43697;6096858;6688582;10183825;32998;11292236
FR;2;2022-02-09;1158;8805;37015;172;40428;6098016;6697387;10220840;33170;11332664
FR;2;2022-02-10;1013;7966;33822;203;36489;6099029;6705353;10254662;33373;11369153
FR;2;2022-02-11;1389;12072;53330;222;57673;6100418;6717425;10307992;33595;11426826
FR;2;2022-02-12;749;6521;27979;83;30797;6101167;6723946;10335971;33678;11457623
FR;2;2022-02-13;198;1333;4831;20;5571;6101365;6725279;10340802;33698;11463194
FR;2;2022-02-14;833;6719;30248;89;33212;6102198;6731998;10371050;33787;11496406
FR;2;2022-02-15;771;6442;28038;140;29977;6102969;6738440;10399088;33927;11526383
FR;2;2022-02-16;649;5333;22023;123;23580;6103618;6743773;10421111;34050;11549963
FR;2;2022-02-17;511;3765;14137;98;14601;6104129;6747538;10435248;34148;11564564
FR;2;2022-02-18;721;5356;20422;133;21115;6104850;6752894;10455670;34281;11585679
FR;2;2022-02-19;427;3038;10522;66;11233;6105277;6755932;10466192;34347;11596912
FR;2;2022-02-20;101;509;1455;3;1602;6105378;6756441;10467647;34350;11598514
FR;2;2022-02-21;412;2678;9104;65;9479;6105790;6759119;10476751;34415;11607993
FR;2;2022-02-22;389;2559;8881;75;8781;6106179;6761678;10485632;34490;11616774
FR;2;2022-02-23;428;2591;8977;81;9255;6106607;6764269;10494609;34571;11626029
FR;2;2022-02-24;311;2024;6783;81;6809;6106918;6766293;10501392;34652;11632838
FR;2;2022-02-25;450;3188;11397;108;11263;6107368;6769481;10512789;34760;11644101
FR;2;2022-02-26;291;1883;6029;49;6333;6107659;6771364;10518818;34809;11650434
FR;2;2022-02-27;72;307;897;5;939;6107731;6771671;10519715;34814;11651373
FR;2;2022-02-28;325;1671;5503;49;5510;6108056;6773342;10525218;34863;11656883
FR;2;2022-03-01;266;1540;5435;44;5152;6108322;6774882;10530653;34907;11662035
FR;2;2022-03-02;294;1428;5211;43;5055;6108616;6776310;10535864;34950;11667090
FR;2;2022-03-03;220;1087;3673;40;3454;6108836;6777397;10539537;34990;11670544
FR;2;2022-03-04;229;1450;4833;73;4476;6109065;6778847;10544370;35063;11675020
FR;2;2022-03-05;165;887;2960;31;2702;6109230;6779734;10547330;35094;11677722
FR;2;2022-03-06;36;175;268;5;308;6109266;6779909;10547598;35099;11678030
FR;2;2022-03-07;149;644;1963;65;1753;6109415;6780553;10549561;35164;11679783
FR;2;2022-03-08;139;640;2242;49;1869;6109554;6781193;10551803;35213;11681652
FR;2;2022-03-09;145;684;2313;36;2008;6109699;6781877;10554116;35249;11683660
FR;2;2022-03-10;111;578;1627;34;1403;6109810;6782455;10555743;35283;11685063
FR;2;2022-03-11;165;738;2729;57;2326;6109975;6783193;10558472;35340;11687389
FR;2;2022-03-12;135;462;1759;26;1532;6110110;6783655;10560231;35366;11688921
FR;2;2022-03-13;22;72;199;29;199;6110132;6783727;10560430;35395;11689120
FR;2;2022-03-14;113;433;1493;527;1227;6110245;6784160;10561923;35922;11690347
FR;2;2022-03-15;137;400;1650;674;1262;6110382;6784560;10563573;36596;11691609
FR;2;2022-03-16;130;434;1899;1598;1482;6110512;6784994;10565472;38194;11693091
FR;2;2022-03-17;92;397;1363;1176;1106;6110604;6785391;10566835;39370;11694197
FR;2;2022-03-18;133;463;1939;1759;1580;6110737;6785854;10568774;41129;11695777
FR;2;2022-03-19;101;304;1165;927;974;6110838;6786158;10569939;42056;11696751
FR;2;2022-03-20;10;53;151;55;132;6110848;6786211;10570090;42111;11696883
FR;3;2020-12-27;0;0;0;0;0;0;0;0;0;0
FR;3;2020-12-28;0;0;0;0;0;0;0;0;0;0
FR;3;2020-12-29;0;0;0;0;0;0;0;0;0;0
FR;3;2020-12-30;0;0;0;0;0;0;0;0;0;0
FR;3;2020-12-31;0;0;0;0;0;0;0;0;0;0
FR;3;2021-01-01;0;0;0;0;0;0;0;0;0;0
FR;3;2021-01-02;0;0;0;0;0;0;0;0;0;0
FR;3;2021-01-03;0;0;0;0;0;0;0;0;0;0
FR;3;2021-01-04;0;0;0;0;0;0;0;0;0;0
FR;3;2021-01-05;0;0;0;0;0;0;0;0;0;0
FR;3;2021-01-06;0;0;0;0;0;0;0;0;0;0
FR;3;2021-01-07;0;0;0;0;0;0;0;0;0;0
FR;3;2021-01-08;0;0;0;0;0;0;0;0;0;0
FR;3;2021-01-09;0;0;0;0;0;0;0;0;0;0
FR;3;2021-01-10;0;0;0;0;0;0;0;0;0;0
FR;3;2021-01-11;0;0;0;0;0;0;0;0;0;0
FR;3;2021-01-12;0;0;0;0;0;0;0;0;0;0
FR;3;2021-01-13;0;0;0;0;0;0;0;0;0;0
FR;3;2021-01-14;0;0;0;0;0;0;0;0;0;0
FR;3;2021-01-15;0;0;0;0;0;0;0;0;0;0
FR;3;2021-01-16;0;0;0;0;0;0;0;0;0;0
FR;3;2021-01-17;0;0;0;0;0;0;0;0;0;0
FR;3;2021-01-18;0;0;0;0;0;0;0;0;0;0
FR;3;2021-01-19;0;0;0;0;0;0;0;0;0;0
FR;3;2021-01-20;0;0;0;0;0;0;0;0;0;0
FR;3;2021-01-21;0;0;0;0;0;0;0;0;0;0
FR;3;2021-01-22;0;0;0;0;0;0;0;0;0;0
FR;3;2021-01-23;0;0;0;0;0;0;0;0;0;0
FR;3;2021-01-24;0;0;0;0;0;0;0;0;0;0
FR;3;2021-01-25;0;0;0;0;0;0;0;0;0;0
FR;3;2021-01-26;0;0;0;0;0;0;0;0;0;0
FR;3;2021-01-27;0;0;0;0;0;0;0;0;0;0
FR;3;2021-01-28;0;0;0;0;0;0;0;0;0;0
FR;3;2021-01-29;0;0;0;0;0;0;0;0;0;0
FR;3;2021-01-30;0;0;0;0;0;0;0;0;0;0
FR;3;2021-01-31;0;0;0;0;0;0;0;0;0;0
FR;3;2021-02-01;0;0;0;0;0;0;0;0;0;0
FR;3;2021-02-02;0;0;0;0;0;0;0;0;0;0
FR;3;2021-02-03;0;0;0;0;0;0;0;0;0;0
FR;3;2021-02-04;0;0;0;0;0;0;0;0;0;0
FR;3;2021-02-05;0;0;0;0;0;0;0;0;0;0
FR;3;2021-02-06;1707;0;0;0;0;1707;0;0;0;0
FR;3;2021-02-07;1421;0;0;0;0;3128;0;0;0;0
FR;3;2021-02-08;2779;0;0;0;0;5907;0;0;0;0
FR;3;2021-02-09;6779;0;0;0;0;12686;0;0;0;0
FR;3;2021-02-10;9602;0;0;0;0;22288;0;0;0;0
FR;3;2021-02-11;13606;0;0;0;0;35894;0;0;0;0
FR;3;2021-02-12;13392;0;0;0;0;49286;0;0;0;0
FR;3;2021-02-13;3776;0;0;0;0;53062;0;0;0;0
FR;3;2021-02-14;972;0;0;0;0;54034;0;0;0;0
FR;3;2021-02-15;10475;0;0;0;0;64509;0;0;0;0
FR;3;2021-02-16;12541;0;0;0;0;77050;0;0;0;0
FR;3;2021-02-17;11146;0;0;0;0;88196;0;0;0;0
FR;3;2021-02-18;14932;0;0;0;0;103128;0;0;0;0
FR;3;2021-02-19;14357;1;0;0;0;117485;1;0;0;0
FR;3;2021-02-20;3329;0;0;0;0;120814;1;0;0;0
FR;3;2021-02-21;617;0;0;0;0;121431;1;0;0;0
FR;3;2021-02-22;9160;0;0;0;0;130591;1;0;0;0
FR;3;2021-02-23;11393;1;0;0;0;141984;2;0;0;0
FR;3;2021-02-24;14297;0;0;0;0;156281;2;0;0;0
FR;3;2021-02-25;44924;0;0;0;0;201205;2;0;0;0
FR;3;2021-02-26;61880;0;0;0;0;263085;2;0;0;0
FR;3;2021-02-27;34800;5;0;0;0;297885;7;0;0;0
FR;3;2021-02-28;2463;0;0;0;0;300348;7;0;0;0
FR;3;2021-03-01;20503;9;0;0;0;320851;16;0;0;0
FR;3;2021-03-02;38856;17;0;0;0;359707;33;0;0;0
FR;3;2021-03-03;48725;16;0;0;0;408432;49;0;0;0
FR;3;2021-03-04;82211;18;0;0;0;490643;67;0;0;0
FR;3;2021-03-05;118119;37;0;0;0;608762;104;0;0;0
FR;3;2021-03-06;120708;47;1;0;0;729470;151;1;0;0
FR;3;2021-03-07;55173;26;0;0;0;784643;177;1;0;0
FR;3;2021-03-08;42804;23;0;0;0;827447;200;1;0;0
FR;3;2021-03-09;78970;38;0;0;0;906417;238;1;0;0
FR;3;2021-03-10;80959;42;0;0;0;987376;280;1;0;0
FR;3;2021-03-11;128408;47;0;0;0;1115784;327;1;0;0
FR;3;2021-03-12;182712;74;0;0;0;1298496;401;1;0;0
FR;3;2021-03-13;132139;55;0;0;0;1430635;456;1;0;0
FR;3;2021-03-14;14054;4;0;0;0;1444689;460;1;0;0
FR;3;2021-03-15;52216;39;0;0;0;1496905;499;1;0;0
FR;3;2021-03-16;1207;16;0;0;0;1498112;515;1;0;0
FR;3;2021-03-17;939;14;0;0;0;1499051;529;1;0;0
FR;3;2021-03-18;1562;9;0;0;0;1500613;538;1;0;0
FR;3;2021-03-19;70439;42;0;0;0;1571052;580;1;0;0
FR;3;2021-03-20;65223;39;0;0;0;1636275;619;1;0;0
FR;3;2021-03-21;5754;4;0;0;0;1642029;623;1;0;0
FR;3;2021-03-22;37491;36;0;0;0;1679520;659;1;0;0
FR;3;2021-03-23;84646;58;0;0;0;1764166;717;1;0;0
FR;3;2021-03-24;90925;90;0;0;0;1855091;807;1;0;0
FR;3;2021-03-25;150034;119;0;0;0;2005125;926;1;0;0
FR;3;2021-03-26;165405;149;0;0;0;2170530;1075;1;0;0
FR;3;2021-03-27;68453;93;0;0;0;2238983;1168;1;0;0
FR;3;2021-03-28;6468;19;0;0;0;2245451;1187;1;0;0
FR;3;2021-03-29;54149;68;0;0;0;2299600;1255;1;0;0
FR;3;2021-03-30;93151;93;0;0;0;2392751;1348;1;0;0
FR;3;2021-03-31;63516;84;0;0;0;2456267;1432;1;0;0
FR;3;2021-04-01;86116;102;0;0;0;2542383;1534;1;0;0
FR;3;2021-04-02;86882;146;0;0;0;2629265;1680;1;0;0
FR;3;2021-04-03;35865;112;0;0;0;2665130;1792;1;0;0
FR;3;2021-04-04;3569;14;0;0;0;2668699;1806;1;0;0
FR;3;2021-04-05;4481;24;0;0;0;2673180;1830;1;0;0
FR;3;2021-04-06;29736;77;0;0;0;2702916;1907;1;0;0
FR;3;2021-04-07;32332;68;0;0;0;2735248;1975;1;0;0
FR;3;2021-04-08;78804;233;0;0;0;2814052;2208;1;0;0
FR;3;2021-04-09;161745;411;0;0;0;2975797;2619;1;0;0
FR;3;2021-04-10;75749;330;0;0;0;3051546;2949;1;0;0
FR;3;2021-04-11;7305;44;0;0;0;3058851;2993;1;0;0
FR;3;2021-04-12;51464;200;0;0;0;3110315;3193;1;0;0
FR;3;2021-04-13;86216;312;0;0;0;3196531;3505;1;0;0
FR;3;2021-04-14;67832;337;0;0;0;3264363;3842;1;0;0
FR;3;2021-04-15;93218;365;0;0;0;3357581;4207;1;0;0
FR;3;2021-04-16;112514;564;0;0;0;3470095;4771;1;0;0
FR;3;2021-04-17;53310;316;1;0;0;3523405;5087;2;0;0
FR;3;2021-04-18;9741;32;0;0;0;3533146;5119;2;0;0
FR;3;2021-04-19;25102;230;0;0;0;3558248;5349;2;0;0
FR;3;2021-04-20;45665;391;0;0;0;3603913;5740;2;0;0
FR;3;2021-04-21;38960;452;0;0;0;3642873;6192;2;0;0
FR;3;2021-04-22;54696;775;0;0;0;3697569;6967;2;0;0
FR;3;2021-04-23;70475;1009;0;0;0;3768044;7976;2;0;0
FR;3;2021-04-24;37240;971;0;0;0;3805284;8947;2;0;0
FR;3;2021-04-25;6200;156;0;0;0;3811484;9103;2;0;0
FR;3;2021-04-26;19781;645;0;0;0;3831265;9748;2;0;0
FR;3;2021-04-27;34467;1246;0;0;0;3865732;10994;2;0;0
FR;3;2021-04-28;28954;1924;0;0;0;3894686;12918;2;0;0
FR;3;2021-04-29;45369;5945;0;0;0;3940055;18863;2;0;0
FR;3;2021-04-30;55453;8908;1;0;0;3995508;27771;3;0;0
FR;3;2021-05-01;9507;1964;0;0;0;4005015;29735;3;0;0
FR;3;2021-05-02;3069;492;0;0;0;4008084;30227;3;0;0
FR;3;2021-05-03;13053;3882;0;0;0;4021137;34109;3;0;0
FR;3;2021-05-04;23106;8392;0;0;0;4044243;42501;3;0;0
FR;3;2021-05-05;18746;10565;0;0;0;4062989;53066;3;0;0
FR;3;2021-05-06;34613;20865;0;0;0;4097602;73931;3;0;0
FR;3;2021-05-07;44196;28362;0;0;0;4141798;102293;3;0;0
FR;3;2021-05-08;6774;8837;0;0;0;4148572;111130;3;0;0
FR;3;2021-05-09;1792;2649;0;0;0;4150364;113779;3;0;0
FR;3;2021-05-10;14983;12542;0;0;0;4165347;126321;3;0;0
FR;3;2021-05-11;27090;25698;0;0;0;4192437;152019;3;0;0
FR;3;2021-05-12;17262;27425;0;0;0;4209699;179444;3;0;0
FR;3;2021-05-13;2275;3482;0;0;0;4211974;182926;3;0;0
FR;3;2021-05-14;14509;25700;0;0;0;4226483;208626;3;0;0
FR;3;2021-05-15;7227;20717;0;0;0;4233710;229343;3;0;0
FR;3;2021-05-16;972;2673;0;0;0;4234682;232016;3;0;0
FR;3;2021-05-17;7954;19894;0;0;0;4242636;251910;3;0;0
FR;3;2021-05-18;13401;29615;0;0;0;4256037;281525;3;0;0
FR;3;2021-05-19;9257;31811;0;0;0;4265294;313336;3;0;0
FR;3;2021-05-20;12798;53156;3;0;0;4278092;366492;6;0;0
FR;3;2021-05-21;12758;65453;2;0;0;4290850;431945;8;0;0
FR;3;2021-05-22;4957;33255;1;0;0;4295807;465200;9;0;0
FR;3;2021-05-23;649;2664;0;0;0;4296456;467864;9;0;0
FR;3;2021-05-24;875;4921;0;0;0;4297331;472785;9;0;0
FR;3;2021-05-25;5292;45143;1;0;0;4302623;517928;10;0;0
FR;3;2021-05-26;4965;50996;1;0;0;4307588;568924;11;0;0
FR;3;2021-05-27;6316;77744;3;0;0;4313904;646668;14;0;0
FR;3;2021-05-28;7539;99001;2;0;0;4321443;745669;16;0;0
FR;3;2021-05-29;3344;60225;1;0;0;4324787;805894;17;0;0
FR;3;2021-05-30;543;8231;0;0;0;4325330;814125;17;0;0
FR;3;2021-05-31;2427;35940;3;0;0;4327757;850065;20;0;0
FR;3;2021-06-01;3394;64748;10;0;0;4331151;914813;30;0;0
FR;3;2021-06-02;2720;58276;6;0;0;4333871;973089;36;0;0
FR;3;2021-06-03;3489;87487;10;0;0;4337360;1060576;46;0;0
FR;3;2021-06-04;4101;105019;22;0;0;4341461;1165595;68;0;0
FR;3;2021-06-05;1966;52208;4;0;0;4343427;1217803;72;0;0
FR;3;2021-06-06;502;5396;1;0;0;4343929;1223199;73;0;0
FR;3;2021-06-07;1460;31142;11;0;0;4345389;1254341;84;0;0
FR;3;2021-06-08;2042;47220;18;0;0;4347431;1301561;102;0;0
FR;3;2021-06-09;1781;42359;13;0;0;4349212;1343920;115;0;0
FR;3;2021-06-10;2240;67908;17;0;0;4351452;1411828;132;0;0
FR;3;2021-06-11;2467;96707;34;0;0;4353919;1508535;166;0;0
FR;3;2021-06-12;1171;40815;6;0;0;4355090;1549350;172;0;0
FR;3;2021-06-13;275;3819;3;0;0;4355365;1553169;175;0;0
FR;3;2021-06-14;1035;42617;17;0;0;4356400;1595786;192;0;0
FR;3;2021-06-15;1360;80615;20;0;0;4357760;1676401;212;0;0
FR;3;2021-06-16;1252;65711;19;0;0;4359012;1742112;231;0;0
FR;3;2021-06-17;1652;101762;41;0;0;4360664;1843874;272;0;0
FR;3;2021-06-18;1866;117821;61;0;0;4362530;1961695;333;0;0
FR;3;2021-06-19;799;39361;22;0;0;4363329;2001056;355;0;0
FR;3;2021-06-20;157;3391;0;0;0;4363486;2004447;355;0;0
FR;3;2021-06-21;760;39257;16;0;0;4364246;2043704;371;0;0
FR;3;2021-06-22;1060;69959;52;0;0;4365306;2113663;423;0;0
FR;3;2021-06-23;939;50795;38;0;0;4366245;2164458;461;0;0
FR;3;2021-06-24;1301;77127;48;0;0;4367546;2241585;509;0;0
FR;3;2021-06-25;1399;89901;73;0;0;4368945;2331486;582;0;0
FR;3;2021-06-26;623;33121;29;0;0;4369568;2364607;611;0;0
FR;3;2021-06-27;163;4017;1;0;0;4369731;2368624;612;0;0
FR;3;2021-06-28;645;30434;27;0;0;4370376;2399058;639;0;0
FR;3;2021-06-29;848;56124;95;0;0;4371224;2455182;734;0;0
FR;3;2021-06-30;897;45063;93;0;0;4372121;2500245;827;0;0
FR;3;2021-07-01;1158;65628;108;0;0;4373279;2565873;935;0;0
FR;3;2021-07-02;1291;90349;170;0;0;4374570;2656222;1105;0;0
FR;3;2021-07-03;600;31168;52;0;0;4375170;2687390;1157;0;0
FR;3;2021-07-04;139;4280;3;0;0;4375309;2691670;1160;0;0
FR;3;2021-07-05;605;33907;60;0;0;4375914;2725577;1220;0;0
FR;3;2021-07-06;952;56065;88;0;0;4376866;2781642;1308;0;0
FR;3;2021-07-07;868;43044;79;0;0;4377734;2824686;1387;0;0
FR;3;2021-07-08;1121;60712;99;0;0;4378855;2885398;1486;0;0
FR;3;2021-07-09;1259;68792;128;0;0;4380114;2954190;1614;0;0
FR;3;2021-07-10;639;25042;59;0;0;4380753;2979232;1673;0;0
FR;3;2021-07-11;127;3309;4;0;0;4380880;2982541;1677;0;0
FR;3;2021-07-12;658;23896;59;0;0;4381538;3006437;1736;0;0
FR;3;2021-07-13;1644;34738;90;0;0;4383182;3041175;1826;0;0
FR;3;2021-07-14;260;2645;2;0;0;4383442;3043820;1828;0;0
FR;3;2021-07-15;1930;30672;85;0;0;4385372;3074492;1913;0;0
FR;3;2021-07-16;2517;38879;122;0;0;4387889;3113371;2035;0;0
FR;3;2021-07-17;1042;13754;26;0;0;4388931;3127125;2061;0;0
FR;3;2021-07-18;259;2622;3;0;0;4389190;3129747;2064;0;0
FR;3;2021-07-19;1270;17223;37;0;0;4390460;3146970;2101;0;0
FR;3;2021-07-20;1818;27161;98;0;0;4392278;3174131;2199;0;0
FR;3;2021-07-21;1642;19735;44;0;0;4393920;3193866;2243;0;0
FR;3;2021-07-22;1846;27778;82;0;0;4395766;3221644;2325;0;0
FR;3;2021-07-23;2209;30454;117;0;0;4397975;3252098;2442;0;0
FR;3;2021-07-24;819;7011;25;0;0;4398794;3259109;2467;0;0
FR;3;2021-07-25;208;1356;1;0;0;4399002;3260465;2468;0;0
FR;3;2021-07-26;916;10717;28;0;0;4399918;3271182;2496;0;0
FR;3;2021-07-27;1164;16955;56;0;0;4401082;3288137;2552;0;0
FR;3;2021-07-28;983;12121;40;0;0;4402065;3300258;2592;0;0
FR;3;2021-07-29;1126;15855;63;0;0;4403191;3316113;2655;0;0
FR;3;2021-07-30;1122;18118;79;0;0;4404313;3334231;2734;0;0
FR;3;2021-07-31;405;3741;15;0;0;4404718;3337972;2749;0;0
FR;3;2021-08-01;111;484;1;0;0;4404829;3338456;2750;0;0
FR;3;2021-08-02;413;5160;22;0;0;4405242;3343616;2772;0;0
FR;3;2021-08-03;484;7603;27;0;0;4405726;3351219;2799;0;0
FR;3;2021-08-04;434;4900;26;0;0;4406160;3356119;2825;0;0
FR;3;2021-08-05;426;3748;12;0;0;4406586;3359867;2837;0;0
FR;3;2021-08-06;448;4801;30;0;0;4407034;3364668;2867;0;0
FR;3;2021-08-07;213;1920;11;0;0;4407247;3366588;2878;0;0
FR;3;2021-08-08;241;429;2;0;0;4407488;3367017;2880;0;0
FR;3;2021-08-09;309;2522;11;0;0;4407797;3369539;2891;0;0
FR;3;2021-08-10;357;3889;15;0;0;4408154;3373428;2906;0;0
FR;3;2021-08-11;279;2727;15;0;0;4408433;3376155;2921;0;0
FR;3;2021-08-12;271;2636;12;0;0;4408704;3378791;2933;0;0
FR;3;2021-08-13;274;2268;16;0;0;4408978;3381059;2949;0;0
FR;3;2021-08-14;167;925;1;0;0;4409145;3381984;2950;0;0
FR;3;2021-08-15;55;168;0;0;0;4409200;3382152;2950;0;0
FR;3;2021-08-16;122;1096;8;0;0;4409322;3383248;2958;0;0
FR;3;2021-08-17;185;1512;8;0;0;4409507;3384760;2966;0;0
FR;3;2021-08-18;190;1373;8;0;0;4409697;3386133;2974;0;0
FR;3;2021-08-19;160;1436;10;0;0;4409857;3387569;2984;0;0
FR;3;2021-08-20;161;1636;16;0;0;4410018;3389205;3000;0;0
FR;3;2021-08-21;93;586;2;0;0;4410111;3389791;3002;0;0
FR;3;2021-08-22;38;187;1;0;0;4410149;3389978;3003;0;0
FR;3;2021-08-23;139;941;7;0;0;4410288;3390919;3010;0;0
FR;3;2021-08-24;122;968;10;0;0;4410410;3391887;3020;0;0
FR;3;2021-08-25;133;852;2;0;0;4410543;3392739;3022;0;0
FR;3;2021-08-26;168;876;9;0;0;4410711;3393615;3031;0;0
FR;3;2021-08-27;170;966;9;0;0;4410881;3394581;3040;0;0
FR;3;2021-08-28;95;370;4;0;0;4410976;3394951;3044;0;0
FR;3;2021-08-29;121;134;1;0;0;4411097;3395085;3045;0;0
FR;3;2021-08-30;93;601;0;0;138;4411190;3395686;3045;0;138
FR;3;2021-08-31;124;718;7;0;158;4411314;3396404;3052;0;296
FR;3;2021-09-01;112;483;5;0;126;4411426;3396887;3057;0;422
FR;3;2021-09-02;98;638;22;0;125;4411524;3397525;3079;0;547
FR;3;2021-09-03;111;593;17;0;132;4411635;3398118;3096;0;679
FR;3;2021-09-04;49;297;3;0;59;4411684;3398415;3099;0;738
FR;3;2021-09-05;51;68;5;0;30;4411735;3398483;3104;0;768
FR;3;2021-09-06;111;405;4;0;151;4411846;3398888;3108;0;919
FR;3;2021-09-07;117;479;14;0;133;4411963;3399367;3122;0;1052
FR;3;2021-09-08;114;369;2;0;106;4412077;3399736;3124;0;1158
FR;3;2021-09-09;87;400;8;0;117;4412164;3400136;3132;0;1275
FR;3;2021-09-10;96;426;3;0;105;4412260;3400562;3135;0;1380
FR;3;2021-09-11;70;235;4;0;66;4412330;3400797;3139;0;1446
FR;3;2021-09-12;36;49;1;0;17;4412366;3400846;3140;0;1463
FR;3;2021-09-13;65;332;7;0;113;4412431;3401178;3147;0;1576
FR;3;2021-09-14;65;295;6;0;108;4412496;3401473;3153;0;1684
FR;3;2021-09-15;55;262;3;0;6;4412551;3401735;3156;0;1690
FR;3;2021-09-16;57;344;5;0;5;4412608;3402079;3161;0;1695
FR;3;2021-09-17;49;350;3;0;7;4412657;3402429;3164;0;1702
FR;3;2021-09-18;34;176;1;0;1;4412691;3402605;3165;0;1703
FR;3;2021-09-19;26;32;2;0;1;4412717;3402637;3167;0;1704
FR;3;2021-09-20;76;211;0;0;1;4412793;3402848;3167;0;1705
FR;3;2021-09-21;54;288;6;0;7;4412847;3403136;3173;0;1712
FR;3;2021-09-22;61;229;6;0;7;4412908;3403365;3179;0;1719
FR;3;2021-09-23;34;274;10;0;6;4412942;3403639;3189;0;1725
FR;3;2021-09-24;22;314;12;0;19;4412964;3403953;3201;0;1744
FR;3;2021-09-25;28;156;3;0;3;4412992;3404109;3204;0;1747
FR;3;2021-09-26;15;53;1;0;1;4413007;3404162;3205;0;1748
FR;3;2021-09-27;37;290;3;0;5;4413044;3404452;3208;0;1753
FR;3;2021-09-28;47;258;6;0;10;4413091;3404710;3214;0;1763
FR;3;2021-09-29;32;224;10;0;13;4413123;3404934;3224;0;1776
FR;3;2021-09-30;37;197;7;0;9;4413160;3405131;3231;0;1785
FR;3;2021-10-01;17;172;5;0;6;4413177;3405303;3236;0;1791
FR;3;2021-10-02;14;92;0;0;0;4413191;3405395;3236;0;1791
FR;3;2021-10-03;17;18;1;0;2;4413208;3405413;3237;0;1793
FR;3;2021-10-04;28;163;4;0;4;4413236;3405576;3241;0;1797
FR;3;2021-10-05;15;158;10;0;13;4413251;3405734;3251;0;1810
FR;3;2021-10-06;29;162;7;0;8;4413280;3405896;3258;0;1818
FR;3;2021-10-07;16;146;6;0;6;4413296;3406042;3264;0;1824
FR;3;2021-10-08;20;144;10;0;9;4413316;3406186;3274;0;1833
FR;3;2021-10-09;11;73;1;0;1;4413327;3406259;3275;0;1834
FR;3;2021-10-10;7;16;2;0;2;4413334;3406275;3277;0;1836
FR;3;2021-10-11;13;128;4;0;5;4413347;3406403;3281;0;1841
FR;3;2021-10-12;16;116;4;0;4;4413363;3406519;3285;0;1845
FR;3;2021-10-13;22;118;7;0;5;4413385;3406637;3292;0;1850
FR;3;2021-10-14;16;162;3;0;4;4413401;3406799;3295;0;1854
FR;3;2021-10-15;21;154;8;0;11;4413422;3406953;3303;0;1865
FR;3;2021-10-16;10;80;6;0;8;4413432;3407033;3309;0;1873
FR;3;2021-10-17;9;24;0;0;0;4413441;3407057;3309;0;1873
FR;3;2021-10-18;17;129;2;0;1;4413458;3407186;3311;0;1874
FR;3;2021-10-19;13;131;17;0;19;4413471;3407317;3328;0;1893
FR;3;2021-10-20;18;136;5;0;6;4413489;3407453;3333;0;1899
FR;3;2021-10-21;22;136;17;0;13;4413511;3407589;3350;0;1912
FR;3;2021-10-22;17;126;16;0;20;4413528;3407715;3366;0;1932
FR;3;2021-10-23;11;59;2;0;1;4413539;3407774;3368;0;1933
FR;3;2021-10-24;6;25;0;0;0;4413545;3407799;3368;0;1933
FR;3;2021-10-25;20;153;6;0;6;4413565;3407952;3374;0;1939
FR;3;2021-10-26;15;118;22;0;19;4413580;3408070;3396;0;1958
FR;3;2021-10-27;15;117;9;0;9;4413595;3408187;3405;0;1967
FR;3;2021-10-28;16;130;33;0;36;4413611;3408317;3438;0;2003
FR;3;2021-10-29;9;124;64;0;54;4413620;3408441;3502;0;2057
FR;3;2021-10-30;7;73;11;1;10;4413627;3408514;3513;1;2067
FR;3;2021-10-31;5;23;1;0;1;4413632;3408537;3514;1;2068
FR;3;2021-11-01;5;20;2;0;1;4413637;3408557;3516;1;2069
FR;3;2021-11-02;9;109;8;0;10;4413646;3408666;3524;1;2079
FR;3;2021-11-03;19;126;9;0;9;4413665;3408792;3533;1;2088
FR;3;2021-11-04;15;97;3;0;2;4413680;3408889;3536;1;2090
FR;3;2021-11-05;14;147;8;1;5;4413694;3409036;3544;2;2095
FR;3;2021-11-06;6;67;3;0;3;4413700;3409103;3547;2;2098
FR;3;2021-11-07;6;20;1;0;1;4413706;3409123;3548;2;2099
FR;3;2021-11-08;9;141;7;0;5;4413715;3409264;3555;2;2104
FR;3;2021-11-09;9;157;5;0;5;4413724;3409421;3560;2;2109
FR;3;2021-11-10;11;189;13;0;13;4413735;3409610;3573;2;2122
FR;3;2021-11-11;5;52;3;0;3;4413740;3409662;3576;2;2125
FR;3;2021-11-12;9;164;6;0;4;4413749;3409826;3582;2;2129
FR;3;2021-11-13;5;84;8;0;10;4413754;3409910;3590;2;2139
FR;3;2021-11-14;2;18;0;0;0;4413756;3409928;3590;2;2139
FR;3;2021-11-15;3;195;9;0;8;4413759;3410123;3599;2;2147
FR;3;2021-11-16;2;167;11;0;10;4413761;3410290;3610;2;2157
FR;3;2021-11-17;5;185;10;0;7;4413766;3410475;3620;2;2164
FR;3;2021-11-18;10;185;10;0;11;4413776;3410660;3630;2;2175
FR;3;2021-11-19;5;237;22;0;27;4413781;3410897;3652;2;2202
FR;3;2021-11-20;5;119;5;0;5;4413786;3411016;3657;2;2207
FR;3;2021-11-21;2;30;2;0;2;4413788;3411046;3659;2;2209
FR;3;2021-11-22;10;242;10;0;10;4413798;3411288;3669;2;2219
FR;3;2021-11-23;6;232;15;0;14;4413804;3411520;3684;2;2233
FR;3;2021-11-24;4;255;8;0;16;4413808;3411775;3692;2;2249
FR;3;2021-11-25;9;287;11;0;10;4413817;3412062;3703;2;2259
FR;3;2021-11-26;5;383;33;0;30;4413822;3412445;3736;2;2289
FR;3;2021-11-27;5;177;19;0;20;4413827;3412622;3755;2;2309
FR;3;2021-11-28;2;59;7;0;7;4413829;3412681;3762;2;2316
FR;3;2021-11-29;4;335;19;0;20;4413833;3413016;3781;2;2336
FR;3;2021-11-30;3;430;26;0;29;4413836;3413446;3807;2;2365
FR;3;2021-12-01;18;467;33;0;34;4413854;3413913;3840;2;2399
FR;3;2021-12-02;9;500;33;0;36;4413863;3414413;3873;2;2435
FR;3;2021-12-03;3;578;37;0;38;4413866;3414991;3910;2;2473
FR;3;2021-12-04;3;284;26;0;28;4413869;3415275;3936;2;2501
FR;3;2021-12-05;1;83;5;0;5;4413870;3415358;3941;2;2506
FR;3;2021-12-06;5;520;14;0;16;4413875;3415878;3955;2;2522
FR;3;2021-12-07;4;619;20;0;24;4413879;3416497;3975;2;2546
FR;3;2021-12-08;3;547;29;0;29;4413882;3417044;4004;2;2575
FR;3;2021-12-09;3;606;17;0;22;4413885;3417650;4021;2;2597
FR;3;2021-12-10;8;645;29;0;25;4413893;3418295;4050;2;2622
FR;3;2021-12-11;4;396;10;0;9;4413897;3418691;4060;2;2631
FR;3;2021-12-12;1;122;3;0;3;4413898;3418813;4063;2;2634
FR;3;2021-12-13;2;610;19;0;20;4413900;3419423;4082;2;2654
FR;3;2021-12-14;7;771;18;0;21;4413907;3420194;4100;2;2675
FR;3;2021-12-15;7;735;17;0;21;4413914;3420929;4117;2;2696
FR;3;2021-12-16;9;740;19;0;18;4413923;3421669;4136;2;2714
FR;3;2021-12-17;4;811;18;0;19;4413927;3422480;4154;2;2733
FR;3;2021-12-18;4;416;4;0;5;4413931;3422896;4158;2;2738
FR;3;2021-12-19;3;208;2;0;2;4413934;3423104;4160;2;2740
FR;3;2021-12-20;8;731;23;0;28;4413942;3423835;4183;2;2768
FR;3;2021-12-21;3;817;10;0;14;4413945;3424652;4193;2;2782
FR;3;2021-12-22;6;765;9;0;11;4413951;3425417;4202;2;2793
FR;3;2021-12-23;1;658;9;0;8;4413952;3426075;4211;2;2801
FR;3;2021-12-24;2;276;3;0;6;4413954;3426351;4214;2;2807
FR;3;2021-12-25;0;25;0;0;0;4413954;3426376;4214;2;2807
FR;3;2021-12-26;0;95;1;0;1;4413954;3426471;4215;2;2808
FR;3;2021-12-27;7;546;17;0;19;4413961;3427017;4232;2;2827
FR;3;2021-12-28;1;695;6;0;5;4413962;3427712;4238;2;2832
FR;3;2021-12-29;4;576;14;0;16;4413966;3428288;4252;2;2848
FR;3;2021-12-30;1;605;7;0;10;4413967;3428893;4259;2;2858
FR;3;2021-12-31;0;209;5;0;6;4413967;3429102;4264;2;2864
FR;3;2022-01-01;0;27;0;0;2;4413967;3429129;4264;2;2866
FR;3;2022-01-02;0;83;0;0;0;4413967;3429212;4264;2;2866
FR;3;2022-01-03;3;566;17;0;21;4413970;3429778;4281;2;2887
FR;3;2022-01-04;6;627;9;0;8;4413976;3430405;4290;2;2895
FR;3;2022-01-05;3;559;10;0;15;4413979;3430964;4300;2;2910
FR;3;2022-01-06;4;554;9;0;12;4413983;3431518;4309;2;2922
FR;3;2022-01-07;2;578;11;0;14;4413985;3432096;4320;2;2936
FR;3;2022-01-08;2;286;4;0;5;4413987;3432382;4324;2;2941
FR;3;2022-01-09;0;118;0;0;0;4413987;3432500;4324;2;2941
FR;3;2022-01-10;2;481;12;0;12;4413989;3432981;4336;2;2953
FR;3;2022-01-11;2;535;1;0;1;4413991;3433516;4337;2;2954
FR;3;2022-01-12;3;449;9;0;10;4413994;3433965;4346;2;2964
FR;3;2022-01-13;3;427;11;0;12;4413997;3434392;4357;2;2976
FR;3;2022-01-14;3;483;10;0;12;4414000;3434875;4367;2;2988
FR;3;2022-01-15;0;299;2;0;3;4414000;3435174;4369;2;2991
FR;3;2022-01-16;0;116;1;0;1;4414000;3435290;4370;2;2992
FR;3;2022-01-17;2;354;8;0;10;4414002;3435644;4378;2;3002
FR;3;2022-01-18;2;419;1;0;2;4414004;3436063;4379;2;3004
FR;3;2022-01-19;1;351;5;0;10;4414005;3436414;4384;2;3014
FR;3;2022-01-20;1;380;5;0;3;4414006;3436794;4389;2;3017
FR;3;2022-01-21;2;376;5;0;8;4414008;3437170;4394;2;3025
FR;3;2022-01-22;2;234;1;0;3;4414010;3437404;4395;2;3028
FR;3;2022-01-23;0;82;0;0;1;4414010;3437486;4395;2;3029
FR;3;2022-01-24;2;352;1;0;6;4414012;3437838;4396;2;3035
FR;3;2022-01-25;0;194;0;0;0;4414012;3438032;4396;2;3035
FR;3;2022-01-26;0;89;0;0;0;4414012;3438121;4396;2;3035
FR;3;2022-01-27;0;60;0;0;0;4414012;3438181;4396;2;3035
FR;3;2022-01-28;0;134;0;0;0;4414012;3438315;4396;2;3035
FR;3;2022-01-29;0;110;0;0;0;4414012;3438425;4396;2;3035
FR;3;2022-01-30;0;51;0;0;0;4414012;3438476;4396;2;3035
FR;3;2022-01-31;0;98;0;0;0;4414012;3438574;4396;2;3035
FR;3;2022-02-01;0;111;0;0;1;4414012;3438685;4396;2;3036
FR;3;2022-02-02;0;98;0;0;0;4414012;3438783;4396;2;3036
FR;3;2022-02-03;0;101;0;0;0;4414012;3438884;4396;2;3036
FR;3;2022-02-04;0;124;0;0;0;4414012;3439008;4396;2;3036
FR;3;2022-02-05;0;73;0;0;0;4414012;3439081;4396;2;3036
FR;3;2022-02-06;0;11;0;0;0;4414012;3439092;4396;2;3036
FR;3;2022-02-07;0;92;0;0;1;4414012;3439184;4396;2;3037
FR;3;2022-02-08;0;0;0;0;0;4414012;3439184;4396;2;3037
FR;3;2022-02-09;0;0;0;0;0;4414012;3439184;4396;2;3037
FR;3;2022-02-10;0;0;0;0;0;4414012;3439184;4396;2;3037
FR;3;2022-02-11;0;0;0;0;0;4414012;3439184;4396;2;3037
FR;3;2022-02-12;0;0;0;0;0;4414012;3439184;4396;2;3037
FR;3;2022-02-13;0;0;0;0;0;4414012;3439184;4396;2;3037
FR;3;2022-02-14;0;0;0;0;0;4414012;3439184;4396;2;3037
FR;3;2022-02-15;0;0;0;0;0;4414012;3439184;4396;2;3037
FR;3;2022-02-16;0;0;0;0;0;4414012;3439184;4396;2;3037
FR;3;2022-02-17;0;0;0;0;0;4414012;3439184;4396;2;3037
FR;3;2022-02-18;0;0;0;0;0;4414012;3439184;4396;2;3037
FR;3;2022-02-19;0;0;0;0;0;4414012;3439184;4396;2;3037
FR;3;2022-02-20;0;0;0;0;0;4414012;3439184;4396;2;3037
FR;3;2022-02-21;2;0;0;0;0;4414014;3439184;4396;2;3037
FR;3;2022-02-22;0;0;0;0;0;4414014;3439184;4396;2;3037
FR;3;2022-02-23;0;0;0;0;0;4414014;3439184;4396;2;3037
FR;3;2022-02-24;0;0;0;0;0;4414014;3439184;4396;2;3037
FR;3;2022-02-25;0;0;0;0;0;4414014;3439184;4396;2;3037
FR;3;2022-02-26;0;0;0;0;0;4414014;3439184;4396;2;3037
FR;3;2022-02-27;0;0;0;0;0;4414014;3439184;4396;2;3037
FR;3;2022-02-28;1;0;0;0;0;4414015;3439184;4396;2;3037
FR;3;2022-03-01;1;0;0;0;0;4414016;3439184;4396;2;3037
FR;3;2022-03-02;0;0;0;0;0;4414016;3439184;4396;2;3037
FR;3;2022-03-03;0;0;0;0;0;4414016;3439184;4396;2;3037
FR;3;2022-03-04;0;0;0;0;0;4414016;3439184;4396;2;3037
FR;3;2022-03-05;0;0;0;0;0;4414016;3439184;4396;2;3037
FR;3;2022-03-06;1;0;0;0;0;4414017;3439184;4396;2;3037
FR;3;2022-03-07;0;0;0;0;0;4414017;3439184;4396;2;3037
FR;3;2022-03-08;1;0;0;0;0;4414018;3439184;4396;2;3037
FR;3;2022-03-09;0;0;0;0;0;4414018;3439184;4396;2;3037
FR;3;2022-03-10;0;0;0;0;0;4414018;3439184;4396;2;3037
FR;3;2022-03-11;0;0;0;0;0;4414018;3439184;4396;2;3037
FR;3;2022-03-12;0;0;0;0;0;4414018;3439184;4396;2;3037
FR;3;2022-03-13;0;0;0;0;0;4414018;3439184;4396;2;3037
FR;3;2022-03-14;0;0;0;0;0;4414018;3439184;4396;2;3037
FR;3;2022-03-15;0;0;0;0;0;4414018;3439184;4396;2;3037
FR;3;2022-03-16;0;0;0;0;0;4414018;3439184;4396;2;3037
FR;3;2022-03-17;0;0;0;0;0;4414018;3439184;4396;2;3037
FR;3;2022-03-18;0;0;0;0;0;4414018;3439184;4396;2;3037
FR;3;2022-03-19;0;0;0;0;0;4414018;3439184;4396;2;3037
FR;3;2022-03-20;1;0;0;0;0;4414019;3439184;4396;2;3037
FR;4;2020-12-27;0;0;0;0;0;0;0;0;0;0
FR;4;2020-12-28;0;0;0;0;0;0;0;0;0;0
FR;4;2020-12-29;0;0;0;0;0;0;0;0;0;0
FR;4;2020-12-30;0;0;0;0;0;0;0;0;0;0
FR;4;2020-12-31;0;0;0;0;0;0;0;0;0;0
FR;4;2021-01-01;0;0;0;0;0;0;0;0;0;0
FR;4;2021-01-02;0;0;0;0;0;0;0;0;0;0
FR;4;2021-01-03;0;0;0;0;0;0;0;0;0;0
FR;4;2021-01-04;0;0;0;0;0;0;0;0;0;0
FR;4;2021-01-05;0;0;0;0;0;0;0;0;0;0
FR;4;2021-01-06;0;0;0;0;0;0;0;0;0;0
FR;4;2021-01-07;0;0;0;0;0;0;0;0;0;0
FR;4;2021-01-08;0;0;0;0;0;0;0;0;0;0
FR;4;2021-01-09;0;0;0;0;0;0;0;0;0;0
FR;4;2021-01-10;0;0;0;0;0;0;0;0;0;0
FR;4;2021-01-11;0;0;0;0;0;0;0;0;0;0
FR;4;2021-01-12;0;0;0;0;0;0;0;0;0;0
FR;4;2021-01-13;0;0;0;0;0;0;0;0;0;0
FR;4;2021-01-14;0;0;0;0;0;0;0;0;0;0
FR;4;2021-01-15;0;0;0;0;0;0;0;0;0;0
FR;4;2021-01-16;0;0;0;0;0;0;0;0;0;0
FR;4;2021-01-17;0;0;0;0;0;0;0;0;0;0
FR;4;2021-01-18;0;0;0;0;0;0;0;0;0;0
FR;4;2021-01-19;0;0;0;0;0;0;0;0;0;0
FR;4;2021-01-20;0;0;0;0;0;0;0;0;0;0
FR;4;2021-01-21;0;0;0;0;0;0;0;0;0;0
FR;4;2021-01-22;0;0;0;0;0;0;0;0;0;0
FR;4;2021-01-23;0;0;0;0;0;0;0;0;0;0
FR;4;2021-01-24;0;0;0;0;0;0;0;0;0;0
FR;4;2021-01-25;0;0;0;0;0;0;0;0;0;0
FR;4;2021-01-26;0;0;0;0;0;0;0;0;0;0
FR;4;2021-01-27;0;0;0;0;0;0;0;0;0;0
FR;4;2021-01-28;0;0;0;0;0;0;0;0;0;0
FR;4;2021-01-29;0;0;0;0;0;0;0;0;0;0
FR;4;2021-01-30;0;0;0;0;0;0;0;0;0;0
FR;4;2021-01-31;0;0;0;0;0;0;0;0;0;0
FR;4;2021-02-01;0;0;0;0;0;0;0;0;0;0
FR;4;2021-02-02;0;0;0;0;0;0;0;0;0;0
FR;4;2021-02-03;0;0;0;0;0;0;0;0;0;0
FR;4;2021-02-04;0;0;0;0;0;0;0;0;0;0
FR;4;2021-02-05;0;0;0;0;0;0;0;0;0;0
FR;4;2021-02-06;0;0;0;0;0;0;0;0;0;0
FR;4;2021-02-07;0;0;0;0;0;0;0;0;0;0
FR;4;2021-02-08;0;0;0;0;0;0;0;0;0;0
FR;4;2021-02-09;0;0;0;0;0;0;0;0;0;0
FR;4;2021-02-10;0;0;0;0;0;0;0;0;0;0
FR;4;2021-02-11;0;0;0;0;0;0;0;0;0;0
FR;4;2021-02-12;0;0;0;0;0;0;0;0;0;0
FR;4;2021-02-13;0;0;0;0;0;0;0;0;0;0
FR;4;2021-02-14;0;0;0;0;0;0;0;0;0;0
FR;4;2021-02-15;0;0;0;0;0;0;0;0;0;0
FR;4;2021-02-16;0;0;0;0;0;0;0;0;0;0
FR;4;2021-02-17;0;0;0;0;0;0;0;0;0;0
FR;4;2021-02-18;0;0;0;0;0;0;0;0;0;0
FR;4;2021-02-19;0;0;0;0;0;0;0;0;0;0
FR;4;2021-02-20;0;0;0;0;0;0;0;0;0;0
FR;4;2021-02-21;0;0;0;0;0;0;0;0;0;0
FR;4;2021-02-22;0;0;0;0;0;0;0;0;0;0
FR;4;2021-02-23;0;0;0;0;0;0;0;0;0;0
FR;4;2021-02-24;0;0;0;0;0;0;0;0;0;0
FR;4;2021-02-25;0;0;0;0;0;0;0;0;0;0
FR;4;2021-02-26;0;0;0;0;0;0;0;0;0;0
FR;4;2021-02-27;0;0;0;0;0;0;0;0;0;0
FR;4;2021-02-28;0;0;0;0;0;0;0;0;0;0
FR;4;2021-03-01;0;0;0;0;0;0;0;0;0;0
FR;4;2021-03-02;0;0;0;0;0;0;0;0;0;0
FR;4;2021-03-03;0;0;0;0;0;0;0;0;0;0
FR;4;2021-03-04;0;0;0;0;0;0;0;0;0;0
FR;4;2021-03-05;0;0;0;0;0;0;0;0;0;0
FR;4;2021-03-06;0;0;0;0;0;0;0;0;0;0
FR;4;2021-03-07;0;0;0;0;0;0;0;0;0;0
FR;4;2021-03-08;0;0;0;0;0;0;0;0;0;0
FR;4;2021-03-09;0;0;0;0;0;0;0;0;0;0
FR;4;2021-03-10;0;0;0;0;0;0;0;0;0;0
FR;4;2021-03-11;0;0;0;0;0;0;0;0;0;0
FR;4;2021-03-12;0;0;0;0;0;0;0;0;0;0
FR;4;2021-03-13;0;0;0;0;0;0;0;0;0;0
FR;4;2021-03-14;0;0;0;0;0;0;0;0;0;0
FR;4;2021-03-15;0;0;0;0;0;0;0;0;0;0
FR;4;2021-03-16;0;0;0;0;0;0;0;0;0;0
FR;4;2021-03-17;0;0;0;0;0;0;0;0;0;0
FR;4;2021-03-18;0;0;0;0;0;0;0;0;0;0
FR;4;2021-03-19;0;0;0;0;0;0;0;0;0;0
FR;4;2021-03-20;0;0;0;0;0;0;0;0;0;0
FR;4;2021-03-21;0;0;0;0;0;0;0;0;0;0
FR;4;2021-03-22;0;0;0;0;0;0;0;0;0;0
FR;4;2021-03-23;0;0;0;0;0;0;0;0;0;0
FR;4;2021-03-24;0;0;0;0;0;0;0;0;0;0
FR;4;2021-03-25;0;0;0;0;0;0;0;0;0;0
FR;4;2021-03-26;0;0;0;0;0;0;0;0;0;0
FR;4;2021-03-27;0;0;0;0;0;0;0;0;0;0
FR;4;2021-03-28;0;0;0;0;0;0;0;0;0;0
FR;4;2021-03-29;0;0;0;0;0;0;0;0;0;0
FR;4;2021-03-30;0;0;0;0;0;0;0;0;0;0
FR;4;2021-03-31;0;0;0;0;0;0;0;0;0;0
FR;4;2021-04-01;0;0;0;0;0;0;0;0;0;0
FR;4;2021-04-02;0;0;0;0;0;0;0;0;0;0
FR;4;2021-04-03;0;0;0;0;0;0;0;0;0;0
FR;4;2021-04-04;0;0;0;0;0;0;0;0;0;0
FR;4;2021-04-05;0;0;0;0;0;0;0;0;0;0
FR;4;2021-04-06;0;0;0;0;0;0;0;0;0;0
FR;4;2021-04-07;0;0;0;0;0;0;0;0;0;0
FR;4;2021-04-08;0;0;0;0;0;0;0;0;0;0
FR;4;2021-04-09;0;0;0;0;0;0;0;0;0;0
FR;4;2021-04-10;0;0;0;0;0;0;0;0;0;0
FR;4;2021-04-11;0;0;0;0;0;0;0;0;0;0
FR;4;2021-04-12;0;0;0;0;0;0;0;0;0;0
FR;4;2021-04-13;0;0;0;0;0;0;0;0;0;0
FR;4;2021-04-14;0;0;0;0;0;0;0;0;0;0
FR;4;2021-04-15;0;0;0;0;0;0;0;0;0;0
FR;4;2021-04-16;0;0;0;0;0;0;0;0;0;0
FR;4;2021-04-17;0;0;0;0;0;0;0;0;0;0
FR;4;2021-04-18;0;0;0;0;0;0;0;0;0;0
FR;4;2021-04-19;0;0;0;0;0;0;0;0;0;0
FR;4;2021-04-20;0;0;0;0;0;0;0;0;0;0
FR;4;2021-04-21;0;0;0;0;0;0;0;0;0;0
FR;4;2021-04-22;0;0;0;0;0;0;0;0;0;0
FR;4;2021-04-23;4104;0;0;0;0;4104;0;0;0;0
FR;4;2021-04-24;1569;0;0;0;0;5673;0;0;0;0
FR;4;2021-04-25;124;0;0;0;0;5797;0;0;0;0
FR;4;2021-04-26;2868;1;0;0;0;8665;1;0;0;0
FR;4;2021-04-27;9519;3;0;0;0;18184;4;0;0;0
FR;4;2021-04-28;9901;6;0;0;0;28085;10;0;0;0
FR;4;2021-04-29;15988;8;0;0;0;44073;18;0;0;0
FR;4;2021-04-30;19223;10;0;0;0;63296;28;0;0;0
FR;4;2021-05-01;1989;6;0;0;0;65285;34;0;0;0
FR;4;2021-05-02;481;0;0;0;0;65766;34;0;0;0
FR;4;2021-05-03;5053;2;0;0;0;70819;36;0;0;0
FR;4;2021-05-04;8394;10;0;0;0;79213;46;0;0;0
FR;4;2021-05-05;6178;7;0;0;0;85391;53;0;0;0
FR;4;2021-05-06;11379;11;0;0;0;96770;64;0;0;0
FR;4;2021-05-07;19116;9;0;0;0;115886;73;0;0;0
FR;4;2021-05-08;2375;6;0;0;0;118261;79;0;0;0
FR;4;2021-05-09;685;3;0;0;0;118946;82;0;0;0
FR;4;2021-05-10;7234;5;1;0;0;126180;87;1;0;0
FR;4;2021-05-11;14311;11;0;0;0;140491;98;1;0;0
FR;4;2021-05-12;10157;16;0;0;0;150648;114;1;0;0
FR;4;2021-05-13;1577;3;0;0;0;152225;117;1;0;0
FR;4;2021-05-14;7752;6;0;0;0;159977;123;1;0;0
FR;4;2021-05-15;3711;8;1;0;0;163688;131;2;0;0
FR;4;2021-05-16;418;1;0;0;0;164106;132;2;0;0
FR;4;2021-05-17;4473;6;0;0;0;168579;138;2;0;0
FR;4;2021-05-18;8742;10;0;0;0;177321;148;2;0;0
FR;4;2021-05-19;5686;7;0;0;0;183007;155;2;0;0
FR;4;2021-05-20;9476;7;0;0;0;192483;162;2;0;0
FR;4;2021-05-21;12780;29;0;0;0;205263;191;2;0;0
FR;4;2021-05-22;5049;15;0;0;0;210312;206;2;0;0
FR;4;2021-05-23;494;4;0;0;0;210806;210;2;0;0
FR;4;2021-05-24;1049;7;0;0;0;211855;217;2;0;0
FR;4;2021-05-25;7616;15;0;0;0;219471;232;2;0;0
FR;4;2021-05-26;7720;16;0;0;0;227191;248;2;0;0
FR;4;2021-05-27;14326;35;0;0;0;241517;283;2;0;0
FR;4;2021-05-28;26576;82;1;0;0;268093;365;3;0;0
FR;4;2021-05-29;11381;18;0;0;0;279474;383;3;0;0
FR;4;2021-05-30;970;6;0;0;0;280444;389;3;0;0
FR;4;2021-05-31;12684;21;0;0;0;293128;410;3;0;0
FR;4;2021-06-01;20241;46;1;0;0;313369;456;4;0;0
FR;4;2021-06-02;14513;33;0;0;0;327882;489;4;0;0
FR;4;2021-06-03;19403;24;1;0;0;347285;513;5;0;0
FR;4;2021-06-04;22503;47;0;0;0;369788;560;5;0;0
FR;4;2021-06-05;9710;32;0;0;0;379498;592;5;0;0
FR;4;2021-06-06;1037;0;0;0;0;380535;592;5;0;0
FR;4;2021-06-07;9223;19;0;0;0;389758;611;5;0;0
FR;4;2021-06-08;14607;31;0;0;0;404365;642;5;0;0
FR;4;2021-06-09;12201;25;0;0;0;416566;667;5;0;0
FR;4;2021-06-10;15395;30;0;0;0;431961;697;5;0;0
FR;4;2021-06-11;16971;55;0;0;0;448932;752;5;0;0
FR;4;2021-06-12;7439;27;0;0;0;456371;779;5;0;0
FR;4;2021-06-13;907;2;0;0;0;457278;781;5;0;0
FR;4;2021-06-14;6646;25;0;0;0;463924;806;5;0;0
FR;4;2021-06-15;10874;37;0;0;0;474798;843;5;0;0
FR;4;2021-06-16;8901;14;0;0;0;483699;857;5;0;0
FR;4;2021-06-17;10893;36;0;0;0;494592;893;5;0;0
FR;4;2021-06-18;12416;45;0;0;0;507008;938;5;0;0
FR;4;2021-06-19;5562;25;0;0;0;512570;963;5;0;0
FR;4;2021-06-20;814;5;0;0;0;513384;968;5;0;0
FR;4;2021-06-21;5078;20;0;0;0;518462;988;5;0;0
FR;4;2021-06-22;7902;26;2;0;0;526364;1014;7;0;0
FR;4;2021-06-23;7089;39;2;0;0;533453;1053;9;0;0
FR;4;2021-06-24;8643;45;1;0;0;542096;1098;10;0;0
FR;4;2021-06-25;10165;39;2;0;0;552261;1137;12;0;0
FR;4;2021-06-26;4838;21;0;0;0;557099;1158;12;0;0
FR;4;2021-06-27;758;3;0;0;0;557857;1161;12;0;0
FR;4;2021-06-28;4811;16;1;0;0;562668;1177;13;0;0
FR;4;2021-06-29;7092;27;2;0;0;569760;1204;15;0;0
FR;4;2021-06-30;6703;40;2;0;0;576463;1244;17;0;0
FR;4;2021-07-01;8182;39;0;0;0;584645;1283;17;0;0
FR;4;2021-07-02;9409;52;1;0;0;594054;1335;18;0;0
FR;4;2021-07-03;4840;19;0;0;0;598894;1354;18;0;0
FR;4;2021-07-04;683;5;0;0;0;599577;1359;18;0;0
FR;4;2021-07-05;4764;19;2;0;0;604341;1378;20;0;0
FR;4;2021-07-06;7712;28;4;0;0;612053;1406;24;0;0
FR;4;2021-07-07;7060;34;2;0;0;619113;1440;26;0;0
FR;4;2021-07-08;9215;38;2;0;0;628328;1478;28;0;0
FR;4;2021-07-09;10265;33;1;0;0;638593;1511;29;0;0
FR;4;2021-07-10;4634;14;2;0;0;643227;1525;31;0;0
FR;4;2021-07-11;578;5;1;0;0;643805;1530;32;0;0
FR;4;2021-07-12;5865;28;0;0;0;649670;1558;32;0;0
FR;4;2021-07-13;14229;29;0;0;0;663899;1587;32;0;0
FR;4;2021-07-14;2280;14;0;0;0;666179;1601;32;0;0
FR;4;2021-07-15;18223;36;0;0;0;684402;1637;32;0;0
FR;4;2021-07-16;22813;70;2;0;0;707215;1707;34;0;0
FR;4;2021-07-17;9731;20;0;0;0;716946;1727;34;0;0
FR;4;2021-07-18;1350;4;0;0;0;718296;1731;34;0;0
FR;4;2021-07-19;12964;28;1;0;0;731260;1759;35;0;0
FR;4;2021-07-20;17322;26;1;0;0;748582;1785;36;0;0
FR;4;2021-07-21;15597;33;0;0;0;764179;1818;36;0;0
FR;4;2021-07-22;18228;43;2;0;0;782407;1861;38;0;0
FR;4;2021-07-23;20394;57;7;0;0;802801;1918;45;0;0
FR;4;2021-07-24;9271;32;0;0;0;812072;1950;45;0;0
FR;4;2021-07-25;1340;8;0;0;0;813412;1958;45;0;0
FR;4;2021-07-26;11017;20;0;0;0;824429;1978;45;0;0
FR;4;2021-07-27;14648;34;3;0;0;839077;2012;48;0;0
FR;4;2021-07-28;12906;25;2;0;0;851983;2037;50;0;0
FR;4;2021-07-29;14058;54;4;0;0;866041;2091;54;0;0
FR;4;2021-07-30;15466;45;2;0;0;881507;2136;56;0;0
FR;4;2021-07-31;6810;14;2;0;0;888317;2150;58;0;0
FR;4;2021-08-01;902;1;0;0;0;889219;2151;58;0;0
FR;4;2021-08-02;7885;28;0;0;0;897104;2179;58;0;0
FR;4;2021-08-03;10781;32;2;0;0;907885;2211;60;0;0
FR;4;2021-08-04;9712;29;0;0;0;917597;2240;60;0;0
FR;4;2021-08-05;9797;41;0;0;0;927394;2281;60;0;0
FR;4;2021-08-06;10168;31;3;0;0;937562;2312;63;0;0
FR;4;2021-08-07;5076;30;1;0;0;942638;2342;64;0;0
FR;4;2021-08-08;1211;13;0;0;0;943849;2355;64;0;0
FR;4;2021-08-09;6318;30;0;0;0;950167;2385;64;0;0
FR;4;2021-08-10;8738;20;0;0;0;958905;2405;64;0;0
FR;4;2021-08-11;7921;33;3;0;0;966826;2438;67;0;0
FR;4;2021-08-12;8574;28;1;0;0;975400;2466;68;0;0
FR;4;2021-08-13;7534;24;0;1;0;982934;2490;68;1;0
FR;4;2021-08-14;3779;20;0;0;0;986713;2510;68;1;0
FR;4;2021-08-15;768;5;0;0;0;987481;2515;68;1;0
FR;4;2021-08-16;3995;16;0;0;0;991476;2531;68;1;0
FR;4;2021-08-17;5610;14;1;0;0;997086;2545;69;1;0
FR;4;2021-08-18;5151;34;0;0;0;1002237;2579;69;1;0
FR;4;2021-08-19;5469;34;3;0;0;1007706;2613;72;1;0
FR;4;2021-08-20;5199;23;1;0;0;1012905;2636;73;1;0
FR;4;2021-08-21;2303;21;1;0;0;1015208;2657;74;1;0
FR;4;2021-08-22;400;2;0;0;0;1015608;2659;74;1;0
FR;4;2021-08-23;2911;18;1;0;0;1018519;2677;75;1;0
FR;4;2021-08-24;3732;14;0;0;0;1022251;2691;75;1;0
FR;4;2021-08-25;3523;25;0;0;0;1025774;2716;75;1;0
FR;4;2021-08-26;3698;20;1;0;0;1029472;2736;76;1;0
FR;4;2021-08-27;3596;31;2;0;0;1033068;2767;78;1;0
FR;4;2021-08-28;1716;10;1;0;0;1034784;2777;79;1;0
FR;4;2021-08-29;384;7;1;0;0;1035168;2784;80;1;0
FR;4;2021-08-30;1998;24;0;0;14;1037166;2808;80;1;14
FR;4;2021-08-31;2471;20;0;0;13;1039637;2828;80;1;27
FR;4;2021-09-01;2069;37;1;0;20;1041706;2865;81;1;47
FR;4;2021-09-02;2293;31;4;0;18;1043999;2896;85;1;65
FR;4;2021-09-03;2351;44;5;0;32;1046350;2940;90;1;97
FR;4;2021-09-04;1370;17;0;0;5;1047720;2957;90;1;102
FR;4;2021-09-05;428;2;0;0;2;1048148;2959;90;1;104
FR;4;2021-09-06;1699;61;0;0;23;1049847;3020;90;1;127
FR;4;2021-09-07;1670;19;0;0;9;1051517;3039;90;1;136
FR;4;2021-09-08;1278;27;3;0;19;1052795;3066;93;1;155
FR;4;2021-09-09;1383;23;2;0;9;1054178;3089;95;1;164
FR;4;2021-09-10;1512;30;2;0;22;1055690;3119;97;1;186
FR;4;2021-09-11;733;11;0;0;3;1056423;3130;97;1;189
FR;4;2021-09-12;168;4;0;0;2;1056591;3134;97;1;191
FR;4;2021-09-13;1305;21;1;0;15;1057896;3155;98;1;206
FR;4;2021-09-14;1488;9;2;0;6;1059384;3164;100;1;212
FR;4;2021-09-15;1089;26;1;0;24;1060473;3190;101;1;236
FR;4;2021-09-16;1092;22;2;0;15;1061565;3212;103;1;251
FR;4;2021-09-17;889;21;1;0;12;1062454;3233;104;1;263
FR;4;2021-09-18;458;5;1;0;4;1062912;3238;105;1;267
FR;4;2021-09-19;181;2;0;0;1;1063093;3240;105;1;268
FR;4;2021-09-20;441;18;0;0;12;1063534;3258;105;1;280
FR;4;2021-09-21;419;10;0;0;6;1063953;3268;105;1;286
FR;4;2021-09-22;372;20;2;0;14;1064325;3288;107;1;300
FR;4;2021-09-23;470;12;1;0;11;1064795;3300;108;1;311
FR;4;2021-09-24;408;13;2;0;9;1065203;3313;110;1;320
FR;4;2021-09-25;281;9;1;0;4;1065484;3322;111;1;324
FR;4;2021-09-26;71;2;0;0;1;1065555;3324;111;1;325
FR;4;2021-09-27;259;10;1;0;8;1065814;3334;112;1;333
FR;4;2021-09-28;311;8;0;0;8;1066125;3342;112;1;341
FR;4;2021-09-29;370;19;1;0;13;1066495;3361;113;1;354
FR;4;2021-09-30;357;39;0;0;20;1066852;3400;113;1;374
FR;4;2021-10-01;395;49;0;0;43;1067247;3449;113;1;417
FR;4;2021-10-02;192;22;1;0;13;1067439;3471;114;1;430
FR;4;2021-10-03;82;1;0;0;0;1067521;3472;114;1;430
FR;4;2021-10-04;352;19;1;0;15;1067873;3491;115;1;445
FR;4;2021-10-05;271;19;2;0;15;1068144;3510;117;1;460
FR;4;2021-10-06;242;22;1;0;18;1068386;3532;118;1;478
FR;4;2021-10-07;251;26;2;0;14;1068637;3558;120;1;492
FR;4;2021-10-08;350;22;2;0;18;1068987;3580;122;1;510
FR;4;2021-10-09;189;6;6;0;7;1069176;3586;128;1;517
FR;4;2021-10-10;91;3;2;0;3;1069267;3589;130;1;520
FR;4;2021-10-11;242;14;1;0;13;1069509;3603;131;1;533
FR;4;2021-10-12;202;14;0;0;13;1069711;3617;131;1;546
FR;4;2021-10-13;217;28;1;0;25;1069928;3645;132;1;571
FR;4;2021-10-14;304;20;4;0;14;1070232;3665;136;1;585
FR;4;2021-10-15;317;24;5;0;25;1070549;3689;141;1;610
FR;4;2021-10-16;163;6;2;0;6;1070712;3695;143;1;616
FR;4;2021-10-17;70;3;0;0;1;1070782;3698;143;1;617
FR;4;2021-10-18;273;16;1;0;12;1071055;3714;144;1;629
FR;4;2021-10-19;205;14;2;0;15;1071260;3728;146;1;644
FR;4;2021-10-20;223;27;3;0;14;1071483;3755;149;1;658
FR;4;2021-10-21;230;17;0;0;13;1071713;3772;149;1;671
FR;4;2021-10-22;204;26;2;0;21;1071917;3798;151;1;692
FR;4;2021-10-23;115;16;1;0;15;1072032;3814;152;1;707
FR;4;2021-10-24;37;4;0;0;1;1072069;3818;152;1;708
FR;4;2021-10-25;205;7;2;0;9;1072274;3825;154;1;717
FR;4;2021-10-26;193;13;0;0;11;1072467;3838;154;1;728
FR;4;2021-10-27;188;11;4;0;11;1072655;3849;158;1;739
FR;4;2021-10-28;178;18;4;0;21;1072833;3867;162;1;760
FR;4;2021-10-29;218;16;2;0;14;1073051;3883;164;1;774
FR;4;2021-10-30;98;2;0;0;1;1073149;3885;164;1;775
FR;4;2021-10-31;55;3;2;0;3;1073204;3888;166;1;778
FR;4;2021-11-01;72;27;4;0;24;1073276;3915;170;1;802
FR;4;2021-11-02;147;20;2;0;21;1073423;3935;172;1;823
FR;4;2021-11-03;125;20;8;1;18;1073548;3955;180;2;841
FR;4;2021-11-04;171;13;1;0;10;1073719;3968;181;2;851
FR;4;2021-11-05;123;17;1;0;16;1073842;3985;182;2;867
FR;4;2021-11-06;77;6;1;0;6;1073919;3991;183;2;873
FR;4;2021-11-07;73;2;2;0;4;1073992;3993;185;2;877
FR;4;2021-11-08;158;16;1;0;16;1074150;4009;186;2;893
FR;4;2021-11-09;150;14;3;0;16;1074300;4023;189;2;909
FR;4;2021-11-10;109;27;6;0;29;1074409;4050;195;2;938
FR;4;2021-11-11;79;8;0;0;8;1074488;4058;195;2;946
FR;4;2021-11-12;94;18;2;0;18;1074582;4076;197;2;964
FR;4;2021-11-13;72;15;2;0;14;1074654;4091;199;2;978
FR;4;2021-11-14;52;5;3;0;7;1074706;4096;202;2;985
FR;4;2021-11-15;91;26;2;0;24;1074797;4122;204;2;1009
FR;4;2021-11-16;97;12;2;0;14;1074894;4134;206;2;1023
FR;4;2021-11-17;110;29;4;0;29;1075004;4163;210;2;1052
FR;4;2021-11-18;95;34;11;0;39;1075099;4197;221;2;1091
FR;4;2021-11-19;78;20;3;0;21;1075177;4217;224;2;1112
FR;4;2021-11-20;60;6;1;0;6;1075237;4223;225;2;1118
FR;4;2021-11-21;61;7;2;0;9;1075298;4230;227;2;1127
FR;4;2021-11-22;98;27;6;0;29;1075396;4257;233;2;1156
FR;4;2021-11-23;69;30;5;0;27;1075465;4287;238;2;1183
FR;4;2021-11-24;83;23;9;0;22;1075548;4310;247;2;1205
FR;4;2021-11-25;82;30;14;0;32;1075630;4340;261;2;1237
FR;4;2021-11-26;79;42;12;0;44;1075709;4382;273;2;1281
FR;4;2021-11-27;31;23;17;0;26;1075740;4405;290;2;1307
FR;4;2021-11-28;45;9;0;0;8;1075785;4414;290;2;1315
FR;4;2021-11-29;80;31;14;0;38;1075865;4445;304;2;1353
FR;4;2021-11-30;57;36;13;0;40;1075922;4481;317;2;1393
FR;4;2021-12-01;68;60;19;0;67;1075990;4541;336;2;1460
FR;4;2021-12-02;93;47;17;0;50;1076083;4588;353;2;1510
FR;4;2021-12-03;96;35;15;0;43;1076179;4623;368;2;1553
FR;4;2021-12-04;67;30;19;0;44;1076246;4653;387;2;1597
FR;4;2021-12-05;55;5;1;0;6;1076301;4658;388;2;1603
FR;4;2021-12-06;90;45;21;0;60;1076391;4703;409;2;1663
FR;4;2021-12-07;75;33;10;0;33;1076466;4736;419;2;1696
FR;4;2021-12-08;62;28;17;0;32;1076528;4764;436;2;1728
FR;4;2021-12-09;57;31;11;0;37;1076585;4795;447;2;1765
FR;4;2021-12-10;58;62;21;0;67;1076643;4857;468;2;1832
FR;4;2021-12-11;24;33;7;0;33;1076667;4890;475;2;1865
FR;4;2021-12-12;21;11;3;0;14;1076688;4901;478;2;1879
FR;4;2021-12-13;62;39;13;0;48;1076750;4940;491;2;1927
FR;4;2021-12-14;53;43;14;0;51;1076803;4983;505;2;1978
FR;4;2021-12-15;52;60;29;0;80;1076855;5043;534;2;2058
FR;4;2021-12-16;29;42;19;0;54;1076884;5085;553;2;2112
FR;4;2021-12-17;36;53;12;0;58;1076920;5138;565;2;2170
FR;4;2021-12-18;47;29;2;0;30;1076967;5167;567;2;2200
FR;4;2021-12-19;14;4;1;0;4;1076981;5171;568;2;2204
FR;4;2021-12-20;32;37;12;0;42;1077013;5208;580;2;2246
FR;4;2021-12-21;25;30;14;0;35;1077038;5238;594;2;2281
FR;4;2021-12-22;34;36;11;0;37;1077072;5274;605;2;2318
FR;4;2021-12-23;36;43;9;0;48;1077108;5317;614;2;2366
FR;4;2021-12-24;22;25;10;0;29;1077130;5342;624;2;2395
FR;4;2021-12-25;5;3;3;0;4;1077135;5345;627;2;2399
FR;4;2021-12-26;4;3;1;0;2;1077139;5348;628;2;2401
FR;4;2021-12-27;26;42;9;0;43;1077165;5390;637;2;2444
FR;4;2021-12-28;22;28;10;0;31;1077187;5418;647;2;2475
FR;4;2021-12-29;43;23;10;0;27;1077230;5441;657;2;2502
FR;4;2021-12-30;36;15;12;0;18;1077266;5456;669;2;2520
FR;4;2021-12-31;18;4;8;0;10;1077284;5460;677;2;2530
FR;4;2022-01-01;4;3;4;0;5;1077288;5463;681;2;2535
FR;4;2022-01-02;37;4;14;0;16;1077325;5467;695;2;2551
FR;4;2022-01-03;36;49;21;1;55;1077361;5516;716;3;2606
FR;4;2022-01-04;25;24;11;1;25;1077386;5540;727;4;2631
FR;4;2022-01-05;40;18;16;0;19;1077426;5558;743;4;2650
FR;4;2022-01-06;41;18;20;0;30;1077467;5576;763;4;2680
FR;4;2022-01-07;18;16;15;0;16;1077485;5592;778;4;2696
FR;4;2022-01-08;7;5;9;0;11;1077492;5597;787;4;2707
FR;4;2022-01-09;15;1;1;0;2;1077507;5598;788;4;2709
FR;4;2022-01-10;32;20;15;0;30;1077539;5618;803;4;2739
FR;4;2022-01-11;21;29;12;0;31;1077560;5647;815;4;2770
FR;4;2022-01-12;28;17;12;0;18;1077588;5664;827;4;2788
FR;4;2022-01-13;45;17;25;0;32;1077633;5681;852;4;2820
FR;4;2022-01-14;19;26;12;0;28;1077652;5707;864;4;2848
FR;4;2022-01-15;9;6;7;0;11;1077661;5713;871;4;2859
FR;4;2022-01-16;8;8;10;0;17;1077669;5721;881;4;2876
FR;4;2022-01-17;22;18;10;0;22;1077691;5739;891;4;2898
FR;4;2022-01-18;15;15;7;0;19;1077706;5754;898;4;2917
FR;4;2022-01-19;27;20;9;0;27;1077733;5774;907;4;2944
FR;4;2022-01-20;29;35;13;0;37;1077762;5809;920;4;2981
FR;4;2022-01-21;7;12;18;1;15;1077769;5821;938;5;2996
FR;4;2022-01-22;25;9;2;0;9;1077794;5830;940;5;3005
FR;4;2022-01-23;5;2;4;0;6;1077799;5832;944;5;3011
FR;4;2022-01-24;15;20;8;0;27;1077814;5852;952;5;3038
FR;4;2022-01-25;19;31;8;1;35;1077833;5883;960;6;3073
FR;4;2022-01-26;15;15;6;1;16;1077848;5898;966;7;3089
FR;4;2022-01-27;15;18;5;0;21;1077863;5916;971;7;3110
FR;4;2022-01-28;12;21;7;0;23;1077875;5937;978;7;3133
FR;4;2022-01-29;14;5;3;0;7;1077889;5942;981;7;3140
FR;4;2022-01-30;16;2;0;0;2;1077905;5944;981;7;3142
FR;4;2022-01-31;17;25;6;0;28;1077922;5969;987;7;3170
FR;4;2022-02-01;8;17;11;0;17;1077930;5986;998;7;3187
FR;4;2022-02-02;16;11;9;2;15;1077946;5997;1007;9;3202
FR;4;2022-02-03;10;20;9;0;22;1077956;6017;1016;9;3224
FR;4;2022-02-04;6;4;8;0;9;1077962;6021;1024;9;3233
FR;4;2022-02-05;6;14;1;0;13;1077968;6035;1025;9;3246
FR;4;2022-02-06;5;2;1;0;2;1077973;6037;1026;9;3248
FR;4;2022-02-07;9;17;6;0;17;1077982;6054;1032;9;3265
FR;4;2022-02-08;13;18;11;1;18;1077995;6072;1043;10;3283
FR;4;2022-02-09;13;11;7;0;14;1078008;6083;1050;10;3297
FR;4;2022-02-10;18;22;8;0;22;1078026;6105;1058;10;3319
FR;4;2022-02-11;17;14;7;0;18;1078043;6119;1065;10;3337
FR;4;2022-02-12;23;5;0;0;3;1078066;6124;1065;10;3340
FR;4;2022-02-13;7;2;2;0;4;1078073;6126;1067;10;3344
FR;4;2022-02-14;15;10;7;0;13;1078088;6136;1074;10;3357
FR;4;2022-02-15;14;7;0;0;6;1078102;6143;1074;10;3363
FR;4;2022-02-16;9;8;9;0;13;1078111;6151;1083;10;3376
FR;4;2022-02-17;7;2;4;0;4;1078118;6153;1087;10;3380
FR;4;2022-02-18;16;13;6;0;17;1078134;6166;1093;10;3397
FR;4;2022-02-19;15;2;1;0;3;1078149;6168;1094;10;3400
FR;4;2022-02-20;6;2;0;0;1;1078155;6170;1094;10;3401
FR;4;2022-02-21;22;3;2;0;3;1078177;6173;1096;10;3404
FR;4;2022-02-22;8;3;8;0;7;1078185;6176;1104;10;3411
FR;4;2022-02-23;15;6;6;0;6;1078200;6182;1110;10;3417
FR;4;2022-02-24;7;3;2;0;3;1078207;6185;1112;10;3420
FR;4;2022-02-25;14;4;7;0;5;1078221;6189;1119;10;3425
FR;4;2022-02-26;24;3;0;0;3;1078245;6192;1119;10;3428
FR;4;2022-02-27;8;0;0;0;0;1078253;6192;1119;10;3428
FR;4;2022-02-28;12;2;2;0;3;1078265;6194;1121;10;3431
FR;4;2022-03-01;4;1;8;0;2;1078269;6195;1129;10;3433
FR;4;2022-03-02;8;2;4;0;4;1078277;6197;1133;10;3437
FR;4;2022-03-03;10;2;1;0;1;1078287;6199;1134;10;3438
FR;4;2022-03-04;6;4;2;1;3;1078293;6203;1136;11;3441
FR;4;2022-03-05;8;1;0;0;1;1078301;6204;1136;11;3442
FR;4;2022-03-06;2;0;1;0;1;1078303;6204;1137;11;3443
FR;4;2022-03-07;8;4;1;0;3;1078311;6208;1138;11;3446
FR;4;2022-03-08;12;0;0;0;0;1078323;6208;1138;11;3446
FR;4;2022-03-09;7;3;2;0;4;1078330;6211;1140;11;3450
FR;4;2022-03-10;4;0;2;0;0;1078334;6211;1142;11;3450
FR;4;2022-03-11;6;1;4;0;0;1078340;6212;1146;11;3450
FR;4;2022-03-12;9;2;0;0;0;1078349;6214;1146;11;3450
FR;4;2022-03-13;4;0;0;0;0;1078353;6214;1146;11;3450
FR;4;2022-03-14;3;0;0;0;0;1078356;6214;1146;11;3450
FR;4;2022-03-15;3;2;0;0;0;1078359;6216;1146;11;3450
FR;4;2022-03-16;4;1;1;0;2;1078363;6217;1147;11;3452
FR;4;2022-03-17;0;0;1;0;1;1078363;6217;1148;11;3453
FR;4;2022-03-18;6;0;0;0;0;1078369;6217;1148;11;3453
FR;4;2022-03-19;1;0;0;0;0;1078370;6217;1148;11;3453
FR;4;2022-03-20;1;0;0;0;0;1078371;6217;1148;11;3453
FR;5;2020-12-27;0;0;0;0;0;0;0;0;0;0
FR;5;2020-12-28;0;0;0;0;0;0;0;0;0;0
FR;5;2020-12-29;0;0;0;0;0;0;0;0;0;0
FR;5;2020-12-30;0;0;0;0;0;0;0;0;0;0
FR;5;2020-12-31;0;0;0;0;0;0;0;0;0;0
FR;5;2021-01-01;0;0;0;0;0;0;0;0;0;0
FR;5;2021-01-02;0;0;0;0;0;0;0;0;0;0
FR;5;2021-01-03;0;0;0;0;0;0;0;0;0;0
FR;5;2021-01-04;0;0;0;0;0;0;0;0;0;0
FR;5;2021-01-05;0;0;0;0;0;0;0;0;0;0
FR;5;2021-01-06;0;0;0;0;0;0;0;0;0;0
FR;5;2021-01-07;0;0;0;0;0;0;0;0;0;0
FR;5;2021-01-08;0;0;0;0;0;0;0;0;0;0
FR;5;2021-01-09;0;0;0;0;0;0;0;0;0;0
FR;5;2021-01-10;0;0;0;0;0;0;0;0;0;0
FR;5;2021-01-11;0;0;0;0;0;0;0;0;0;0
FR;5;2021-01-12;0;0;0;0;0;0;0;0;0;0
FR;5;2021-01-13;0;0;0;0;0;0;0;0;0;0
FR;5;2021-01-14;0;0;0;0;0;0;0;0;0;0
FR;5;2021-01-15;0;0;0;0;0;0;0;0;0;0
FR;5;2021-01-16;0;0;0;0;0;0;0;0;0;0
FR;5;2021-01-17;0;0;0;0;0;0;0;0;0;0
FR;5;2021-01-18;0;0;0;0;0;0;0;0;0;0
FR;5;2021-01-19;0;0;0;0;0;0;0;0;0;0
FR;5;2021-01-20;0;0;0;0;0;0;0;0;0;0
FR;5;2021-01-21;0;0;0;0;0;0;0;0;0;0
FR;5;2021-01-22;0;0;0;0;0;0;0;0;0;0
FR;5;2021-01-23;0;0;0;0;0;0;0;0;0;0
FR;5;2021-01-24;0;0;0;0;0;0;0;0;0;0
FR;5;2021-01-25;0;0;0;0;0;0;0;0;0;0
FR;5;2021-01-26;0;0;0;0;0;0;0;0;0;0
FR;5;2021-01-27;0;0;0;0;0;0;0;0;0;0
FR;5;2021-01-28;0;0;0;0;0;0;0;0;0;0
FR;5;2021-01-29;0;0;0;0;0;0;0;0;0;0
FR;5;2021-01-30;0;0;0;0;0;0;0;0;0;0
FR;5;2021-01-31;0;0;0;0;0;0;0;0;0;0
FR;5;2021-02-01;0;0;0;0;0;0;0;0;0;0
FR;5;2021-02-02;0;0;0;0;0;0;0;0;0;0
FR;5;2021-02-03;0;0;0;0;0;0;0;0;0;0
FR;5;2021-02-04;0;0;0;0;0;0;0;0;0;0
FR;5;2021-02-05;0;0;0;0;0;0;0;0;0;0
FR;5;2021-02-06;0;0;0;0;0;0;0;0;0;0
FR;5;2021-02-07;0;0;0;0;0;0;0;0;0;0
FR;5;2021-02-08;0;0;0;0;0;0;0;0;0;0
FR;5;2021-02-09;0;0;0;0;0;0;0;0;0;0
FR;5;2021-02-10;0;0;0;0;0;0;0;0;0;0
FR;5;2021-02-11;0;0;0;0;0;0;0;0;0;0
FR;5;2021-02-12;0;0;0;0;0;0;0;0;0;0
FR;5;2021-02-13;0;0;0;0;0;0;0;0;0;0
FR;5;2021-02-14;0;0;0;0;0;0;0;0;0;0
FR;5;2021-02-15;0;0;0;0;0;0;0;0;0;0
FR;5;2021-02-16;0;0;0;0;0;0;0;0;0;0
FR;5;2021-02-17;0;0;0;0;0;0;0;0;0;0
FR;5;2021-02-18;0;0;0;0;0;0;0;0;0;0
FR;5;2021-02-19;0;0;0;0;0;0;0;0;0;0
FR;5;2021-02-20;0;0;0;0;0;0;0;0;0;0
FR;5;2021-02-21;0;0;0;0;0;0;0;0;0;0
FR;5;2021-02-22;0;0;0;0;0;0;0;0;0;0
FR;5;2021-02-23;0;0;0;0;0;0;0;0;0;0
FR;5;2021-02-24;0;0;0;0;0;0;0;0;0;0
FR;5;2021-02-25;0;0;0;0;0;0;0;0;0;0
FR;5;2021-02-26;0;0;0;0;0;0;0;0;0;0
FR;5;2021-02-27;0;0;0;0;0;0;0;0;0;0
FR;5;2021-02-28;0;0;0;0;0;0;0;0;0;0
FR;5;2021-03-01;0;0;0;0;0;0;0;0;0;0
FR;5;2021-03-02;0;0;0;0;0;0;0;0;0;0
FR;5;2021-03-03;0;0;0;0;0;0;0;0;0;0
FR;5;2021-03-04;0;0;0;0;0;0;0;0;0;0
FR;5;2021-03-05;0;0;0;0;0;0;0;0;0;0
FR;5;2021-03-06;0;0;0;0;0;0;0;0;0;0
FR;5;2021-03-07;0;0;0;0;0;0;0;0;0;0
FR;5;2021-03-08;0;0;0;0;0;0;0;0;0;0
FR;5;2021-03-09;0;0;0;0;0;0;0;0;0;0
FR;5;2021-03-10;0;0;0;0;0;0;0;0;0;0
FR;5;2021-03-11;0;0;0;0;0;0;0;0;0;0
FR;5;2021-03-12;0;0;0;0;0;0;0;0;0;0
FR;5;2021-03-13;0;0;0;0;0;0;0;0;0;0
FR;5;2021-03-14;0;0;0;0;0;0;0;0;0;0
FR;5;2021-03-15;0;0;0;0;0;0;0;0;0;0
FR;5;2021-03-16;0;0;0;0;0;0;0;0;0;0
FR;5;2021-03-17;0;0;0;0;0;0;0;0;0;0
FR;5;2021-03-18;0;0;0;0;0;0;0;0;0;0
FR;5;2021-03-19;0;0;0;0;0;0;0;0;0;0
FR;5;2021-03-20;0;0;0;0;0;0;0;0;0;0
FR;5;2021-03-21;0;0;0;0;0;0;0;0;0;0
FR;5;2021-03-22;0;0;0;0;0;0;0;0;0;0
FR;5;2021-03-23;0;0;0;0;0;0;0;0;0;0
FR;5;2021-03-24;0;0;0;0;0;0;0;0;0;0
FR;5;2021-03-25;0;0;0;0;0;0;0;0;0;0
FR;5;2021-03-26;0;0;0;0;0;0;0;0;0;0
FR;5;2021-03-27;0;0;0;0;0;0;0;0;0;0
FR;5;2021-03-28;0;0;0;0;0;0;0;0;0;0
FR;5;2021-03-29;0;0;0;0;0;0;0;0;0;0
FR;5;2021-03-30;0;0;0;0;0;0;0;0;0;0
FR;5;2021-03-31;0;0;0;0;0;0;0;0;0;0
FR;5;2021-04-01;0;0;0;0;0;0;0;0;0;0
FR;5;2021-04-02;0;0;0;0;0;0;0;0;0;0
FR;5;2021-04-03;0;0;0;0;0;0;0;0;0;0
FR;5;2021-04-04;0;0;0;0;0;0;0;0;0;0
FR;5;2021-04-05;0;0;0;0;0;0;0;0;0;0
FR;5;2021-04-06;0;0;0;0;0;0;0;0;0;0
FR;5;2021-04-07;0;0;0;0;0;0;0;0;0;0
FR;5;2021-04-08;0;0;0;0;0;0;0;0;0;0
FR;5;2021-04-09;0;0;0;0;0;0;0;0;0;0
FR;5;2021-04-10;0;0;0;0;0;0;0;0;0;0
FR;5;2021-04-11;0;0;0;0;0;0;0;0;0;0
FR;5;2021-04-12;0;0;0;0;0;0;0;0;0;0
FR;5;2021-04-13;0;0;0;0;0;0;0;0;0;0
FR;5;2021-04-14;0;0;0;0;0;0;0;0;0;0
FR;5;2021-04-15;0;0;0;0;0;0;0;0;0;0
FR;5;2021-04-16;0;0;0;0;0;0;0;0;0;0
FR;5;2021-04-17;0;0;0;0;0;0;0;0;0;0
FR;5;2021-04-18;0;0;0;0;0;0;0;0;0;0
FR;5;2021-04-19;0;0;0;0;0;0;0;0;0;0
FR;5;2021-04-20;0;0;0;0;0;0;0;0;0;0
FR;5;2021-04-21;0;0;0;0;0;0;0;0;0;0
FR;5;2021-04-22;0;0;0;0;0;0;0;0;0;0
FR;5;2021-04-23;0;0;0;0;0;0;0;0;0;0
FR;5;2021-04-24;0;0;0;0;0;0;0;0;0;0
FR;5;2021-04-25;0;0;0;0;0;0;0;0;0;0
FR;5;2021-04-26;0;0;0;0;0;0;0;0;0;0
FR;5;2021-04-27;0;0;0;0;0;0;0;0;0;0
FR;5;2021-04-28;0;0;0;0;0;0;0;0;0;0
FR;5;2021-04-29;0;0;0;0;0;0;0;0;0;0
FR;5;2021-04-30;0;0;0;0;0;0;0;0;0;0
FR;5;2021-05-01;0;0;0;0;0;0;0;0;0;0
FR;5;2021-05-02;0;0;0;0;0;0;0;0;0;0
FR;5;2021-05-03;0;0;0;0;0;0;0;0;0;0
FR;5;2021-05-04;0;0;0;0;0;0;0;0;0;0
FR;5;2021-05-05;0;0;0;0;0;0;0;0;0;0
FR;5;2021-05-06;0;0;0;0;0;0;0;0;0;0
FR;5;2021-05-07;0;0;0;0;0;0;0;0;0;0
FR;5;2021-05-08;0;0;0;0;0;0;0;0;0;0
FR;5;2021-05-09;0;0;0;0;0;0;0;0;0;0
FR;5;2021-05-10;0;0;0;0;0;0;0;0;0;0
FR;5;2021-05-11;0;0;0;0;0;0;0;0;0;0
FR;5;2021-05-12;0;0;0;0;0;0;0;0;0;0
FR;5;2021-05-13;0;0;0;0;0;0;0;0;0;0
FR;5;2021-05-14;0;0;0;0;0;0;0;0;0;0
FR;5;2021-05-15;0;0;0;0;0;0;0;0;0;0
FR;5;2021-05-16;0;0;0;0;0;0;0;0;0;0
FR;5;2021-05-17;0;0;0;0;0;0;0;0;0;0
FR;5;2021-05-18;0;0;0;0;0;0;0;0;0;0
FR;5;2021-05-19;0;0;0;0;0;0;0;0;0;0
FR;5;2021-05-20;0;0;0;0;0;0;0;0;0;0
FR;5;2021-05-21;0;0;0;0;0;0;0;0;0;0
FR;5;2021-05-22;0;0;0;0;0;0;0;0;0;0
FR;5;2021-05-23;0;0;0;0;0;0;0;0;0;0
FR;5;2021-05-24;0;0;0;0;0;0;0;0;0;0
FR;5;2021-05-25;0;0;0;0;0;0;0;0;0;0
FR;5;2021-05-26;0;0;0;0;0;0;0;0;0;0
FR;5;2021-05-27;0;0;0;0;0;0;0;0;0;0
FR;5;2021-05-28;0;0;0;0;0;0;0;0;0;0
FR;5;2021-05-29;0;0;0;0;0;0;0;0;0;0
FR;5;2021-05-30;0;0;0;0;0;0;0;0;0;0
FR;5;2021-05-31;0;0;0;0;0;0;0;0;0;0
FR;5;2021-06-01;0;0;0;0;0;0;0;0;0;0
FR;5;2021-06-02;0;0;0;0;0;0;0;0;0;0
FR;5;2021-06-03;0;0;0;0;0;0;0;0;0;0
FR;5;2021-06-04;0;0;0;0;0;0;0;0;0;0
FR;5;2021-06-05;0;0;0;0;0;0;0;0;0;0
FR;5;2021-06-06;0;0;0;0;0;0;0;0;0;0
FR;5;2021-06-07;0;0;0;0;0;0;0;0;0;0
FR;5;2021-06-08;0;0;0;0;0;0;0;0;0;0
FR;5;2021-06-09;0;0;0;0;0;0;0;0;0;0
FR;5;2021-06-10;0;0;0;0;0;0;0;0;0;0
FR;5;2021-06-11;0;0;0;0;0;0;0;0;0;0
FR;5;2021-06-12;0;0;0;0;0;0;0;0;0;0
FR;5;2021-06-13;0;0;0;0;0;0;0;0;0;0
FR;5;2021-06-14;0;0;0;0;0;0;0;0;0;0
FR;5;2021-06-15;0;0;0;0;0;0;0;0;0;0
FR;5;2021-06-16;0;0;0;0;0;0;0;0;0;0
FR;5;2021-06-17;0;0;0;0;0;0;0;0;0;0
FR;5;2021-06-18;0;0;0;0;0;0;0;0;0;0
FR;5;2021-06-19;0;0;0;0;0;0;0;0;0;0
FR;5;2021-06-20;0;0;0;0;0;0;0;0;0;0
FR;5;2021-06-21;0;0;0;0;0;0;0;0;0;0
FR;5;2021-06-22;0;0;0;0;0;0;0;0;0;0
FR;5;2021-06-23;0;0;0;0;0;0;0;0;0;0
FR;5;2021-06-24;0;0;0;0;0;0;0;0;0;0
FR;5;2021-06-25;0;0;0;0;0;0;0;0;0;0
FR;5;2021-06-26;0;0;0;0;0;0;0;0;0;0
FR;5;2021-06-27;0;0;0;0;0;0;0;0;0;0
FR;5;2021-06-28;0;0;0;0;0;0;0;0;0;0
FR;5;2021-06-29;0;0;0;0;0;0;0;0;0;0
FR;5;2021-06-30;0;0;0;0;0;0;0;0;0;0
FR;5;2021-07-01;0;0;0;0;0;0;0;0;0;0
FR;5;2021-07-02;0;0;0;0;0;0;0;0;0;0
FR;5;2021-07-03;0;0;0;0;0;0;0;0;0;0
FR;5;2021-07-04;0;0;0;0;0;0;0;0;0;0
FR;5;2021-07-05;0;0;0;0;0;0;0;0;0;0
FR;5;2021-07-06;0;0;0;0;0;0;0;0;0;0
FR;5;2021-07-07;0;0;0;0;0;0;0;0;0;0
FR;5;2021-07-08;0;0;0;0;0;0;0;0;0;0
FR;5;2021-07-09;0;0;0;0;0;0;0;0;0;0
FR;5;2021-07-10;0;0;0;0;0;0;0;0;0;0
FR;5;2021-07-11;0;0;0;0;0;0;0;0;0;0
FR;5;2021-07-12;0;0;0;0;0;0;0;0;0;0
FR;5;2021-07-13;0;0;0;0;0;0;0;0;0;0
FR;5;2021-07-14;0;0;0;0;0;0;0;0;0;0
FR;5;2021-07-15;0;0;0;0;0;0;0;0;0;0
FR;5;2021-07-16;0;0;0;0;0;0;0;0;0;0
FR;5;2021-07-17;0;0;0;0;0;0;0;0;0;0
FR;5;2021-07-18;0;0;0;0;0;0;0;0;0;0
FR;5;2021-07-19;0;0;0;0;0;0;0;0;0;0
FR;5;2021-07-20;0;0;0;0;0;0;0;0;0;0
FR;5;2021-07-21;0;0;0;0;0;0;0;0;0;0
FR;5;2021-07-22;0;0;0;0;0;0;0;0;0;0
FR;5;2021-07-23;0;0;0;0;0;0;0;0;0;0
FR;5;2021-07-24;0;0;0;0;0;0;0;0;0;0
FR;5;2021-07-25;0;0;0;0;0;0;0;0;0;0
FR;5;2021-07-26;0;0;0;0;0;0;0;0;0;0
FR;5;2021-07-27;0;0;0;0;0;0;0;0;0;0
FR;5;2021-07-28;0;0;0;0;0;0;0;0;0;0
FR;5;2021-07-29;0;0;0;0;0;0;0;0;0;0
FR;5;2021-07-30;0;0;0;0;0;0;0;0;0;0
FR;5;2021-07-31;0;0;0;0;0;0;0;0;0;0
FR;5;2021-08-01;0;0;0;0;0;0;0;0;0;0
FR;5;2021-08-02;0;0;0;0;0;0;0;0;0;0
FR;5;2021-08-03;0;0;0;0;0;0;0;0;0;0
FR;5;2021-08-04;0;0;0;0;0;0;0;0;0;0
FR;5;2021-08-05;0;0;0;0;0;0;0;0;0;0
FR;5;2021-08-06;0;0;0;0;0;0;0;0;0;0
FR;5;2021-08-07;0;0;0;0;0;0;0;0;0;0
FR;5;2021-08-08;0;0;0;0;0;0;0;0;0;0
FR;5;2021-08-09;0;0;0;0;0;0;0;0;0;0
FR;5;2021-08-10;0;0;0;0;0;0;0;0;0;0
FR;5;2021-08-11;0;0;0;0;0;0;0;0;0;0
FR;5;2021-08-12;0;0;0;0;0;0;0;0;0;0
FR;5;2021-08-13;0;0;0;0;0;0;0;0;0;0
FR;5;2021-08-14;0;0;0;0;0;0;0;0;0;0
FR;5;2021-08-15;0;0;0;0;0;0;0;0;0;0
FR;5;2021-08-16;0;0;0;0;0;0;0;0;0;0
FR;5;2021-08-17;0;0;0;0;0;0;0;0;0;0
FR;5;2021-08-18;0;0;0;0;0;0;0;0;0;0
FR;5;2021-08-19;0;0;0;0;0;0;0;0;0;0
FR;5;2021-08-20;0;0;0;0;0;0;0;0;0;0
FR;5;2021-08-21;0;0;0;0;0;0;0;0;0;0
FR;5;2021-08-22;0;0;0;0;0;0;0;0;0;0
FR;5;2021-08-23;0;0;0;0;0;0;0;0;0;0
FR;5;2021-08-24;0;0;0;0;0;0;0;0;0;0
FR;5;2021-08-25;0;0;0;0;0;0;0;0;0;0
FR;5;2021-08-26;0;0;0;0;0;0;0;0;0;0
FR;5;2021-08-27;0;0;0;0;0;0;0;0;0;0
FR;5;2021-08-28;0;0;0;0;0;0;0;0;0;0
FR;5;2021-08-29;0;0;0;0;0;0;0;0;0;0
FR;5;2021-08-30;0;0;0;0;0;0;0;0;0;0
FR;5;2021-08-31;0;0;0;0;0;0;0;0;0;0
FR;5;2021-09-01;0;0;0;0;0;0;0;0;0;0
FR;5;2021-09-02;0;0;0;0;0;0;0;0;0;0
FR;5;2021-09-03;0;0;0;0;0;0;0;0;0;0
FR;5;2021-09-04;0;0;0;0;0;0;0;0;0;0
FR;5;2021-09-05;0;0;0;0;0;0;0;0;0;0
FR;5;2021-09-06;0;0;0;0;0;0;0;0;0;0
FR;5;2021-09-07;0;0;0;0;0;0;0;0;0;0
FR;5;2021-09-08;0;0;0;0;0;0;0;0;0;0
FR;5;2021-09-09;0;0;0;0;0;0;0;0;0;0
FR;5;2021-09-10;0;0;0;0;0;0;0;0;0;0
FR;5;2021-09-11;0;0;0;0;0;0;0;0;0;0
FR;5;2021-09-12;0;0;0;0;0;0;0;0;0;0
FR;5;2021-09-13;0;0;0;0;0;0;0;0;0;0
FR;5;2021-09-14;0;0;0;0;0;0;0;0;0;0
FR;5;2021-09-15;0;0;0;0;0;0;0;0;0;0
FR;5;2021-09-16;0;0;0;0;0;0;0;0;0;0
FR;5;2021-09-17;0;0;0;0;0;0;0;0;0;0
FR;5;2021-09-18;0;0;0;0;0;0;0;0;0;0
FR;5;2021-09-19;0;0;0;0;0;0;0;0;0;0
FR;5;2021-09-20;0;0;0;0;0;0;0;0;0;0
FR;5;2021-09-21;0;0;0;0;0;0;0;0;0;0
FR;5;2021-09-22;0;0;0;0;0;0;0;0;0;0
FR;5;2021-09-23;0;0;0;0;0;0;0;0;0;0
FR;5;2021-09-24;0;0;0;0;0;0;0;0;0;0
FR;5;2021-09-25;0;0;0;0;0;0;0;0;0;0
FR;5;2021-09-26;0;0;0;0;0;0;0;0;0;0
FR;5;2021-09-27;0;0;0;0;0;0;0;0;0;0
FR;5;2021-09-28;0;0;0;0;0;0;0;0;0;0
FR;5;2021-09-29;0;0;0;0;0;0;0;0;0;0
FR;5;2021-09-30;0;0;0;0;0;0;0;0;0;0
FR;5;2021-10-01;0;0;0;0;0;0;0;0;0;0
FR;5;2021-10-02;0;0;0;0;0;0;0;0;0;0
FR;5;2021-10-03;0;0;0;0;0;0;0;0;0;0
FR;5;2021-10-04;0;0;0;0;0;0;0;0;0;0
FR;5;2021-10-05;0;0;0;0;0;0;0;0;0;0
FR;5;2021-10-06;0;0;0;0;0;0;0;0;0;0
FR;5;2021-10-07;0;0;0;0;0;0;0;0;0;0
FR;5;2021-10-08;0;0;0;0;0;0;0;0;0;0
FR;5;2021-10-09;0;0;0;0;0;0;0;0;0;0
FR;5;2021-10-10;0;0;0;0;0;0;0;0;0;0
FR;5;2021-10-11;0;0;0;0;0;0;0;0;0;0
FR;5;2021-10-12;0;0;0;0;0;0;0;0;0;0
FR;5;2021-10-13;0;0;0;0;0;0;0;0;0;0
FR;5;2021-10-14;0;0;0;0;0;0;0;0;0;0
FR;5;2021-10-15;0;0;0;0;0;0;0;0;0;0
FR;5;2021-10-16;0;0;0;0;0;0;0;0;0;0
FR;5;2021-10-17;0;0;0;0;0;0;0;0;0;0
FR;5;2021-10-18;0;0;0;0;0;0;0;0;0;0
FR;5;2021-10-19;0;0;0;0;0;0;0;0;0;0
FR;5;2021-10-20;0;0;0;0;0;0;0;0;0;0
FR;5;2021-10-21;0;0;0;0;0;0;0;0;0;0
FR;5;2021-10-22;0;0;0;0;0;0;0;0;0;0
FR;5;2021-10-23;0;0;0;0;0;0;0;0;0;0
FR;5;2021-10-24;0;0;0;0;0;0;0;0;0;0
FR;5;2021-10-25;0;0;0;0;0;0;0;0;0;0
FR;5;2021-10-26;0;0;0;0;0;0;0;0;0;0
FR;5;2021-10-27;0;0;0;0;0;0;0;0;0;0
FR;5;2021-10-28;0;0;0;0;0;0;0;0;0;0
FR;5;2021-10-29;0;0;0;0;0;0;0;0;0;0
FR;5;2021-10-30;0;0;0;0;0;0;0;0;0;0
FR;5;2021-10-31;0;0;0;0;0;0;0;0;0;0
FR;5;2021-11-01;0;0;0;0;0;0;0;0;0;0
FR;5;2021-11-02;0;0;0;0;0;0;0;0;0;0
FR;5;2021-11-03;0;0;0;0;0;0;0;0;0;0
FR;5;2021-11-04;0;0;0;0;0;0;0;0;0;0
FR;5;2021-11-05;0;0;0;0;0;0;0;0;0;0
FR;5;2021-11-06;0;0;0;0;0;0;0;0;0;0
FR;5;2021-11-07;0;0;0;0;0;0;0;0;0;0
FR;5;2021-11-08;0;0;0;0;0;0;0;0;0;0
FR;5;2021-11-09;0;0;0;0;0;0;0;0;0;0
FR;5;2021-11-10;0;0;0;0;0;0;0;0;0;0
FR;5;2021-11-11;0;0;0;0;0;0;0;0;0;0
FR;5;2021-11-12;0;0;0;0;0;0;0;0;0;0
FR;5;2021-11-13;0;0;0;0;0;0;0;0;0;0
FR;5;2021-11-14;0;0;0;0;0;0;0;0;0;0
FR;5;2021-11-15;0;0;0;0;0;0;0;0;0;0
FR;5;2021-11-16;0;0;0;0;0;0;0;0;0;0
FR;5;2021-11-17;0;0;0;0;0;0;0;0;0;0
FR;5;2021-11-18;0;0;0;0;0;0;0;0;0;0
FR;5;2021-11-19;0;0;0;0;0;0;0;0;0;0
FR;5;2021-11-20;0;0;0;0;0;0;0;0;0;0
FR;5;2021-11-21;0;0;0;0;0;0;0;0;0;0
FR;5;2021-11-22;0;0;0;0;0;0;0;0;0;0
FR;5;2021-11-23;0;0;0;0;0;0;0;0;0;0
FR;5;2021-11-24;0;0;0;0;0;0;0;0;0;0
FR;5;2021-11-25;0;0;0;0;0;0;0;0;0;0
FR;5;2021-11-26;0;0;0;0;0;0;0;0;0;0
FR;5;2021-11-27;0;0;0;0;0;0;0;0;0;0
FR;5;2021-11-28;0;0;0;0;0;0;0;0;0;0
FR;5;2021-11-29;0;0;0;0;0;0;0;0;0;0
FR;5;2021-11-30;0;0;0;0;0;0;0;0;0;0
FR;5;2021-12-01;0;0;0;0;0;0;0;0;0;0
FR;5;2021-12-02;0;0;0;0;0;0;0;0;0;0
FR;5;2021-12-03;0;0;0;0;0;0;0;0;0;0
FR;5;2021-12-04;0;0;0;0;0;0;0;0;0;0
FR;5;2021-12-05;0;0;0;0;0;0;0;0;0;0
FR;5;2021-12-06;0;0;0;0;0;0;0;0;0;0
FR;5;2021-12-07;0;0;0;0;0;0;0;0;0;0
FR;5;2021-12-08;0;0;0;0;0;0;0;0;0;0
FR;5;2021-12-09;0;0;0;0;0;0;0;0;0;0
FR;5;2021-12-10;0;0;0;0;0;0;0;0;0;0
FR;5;2021-12-11;0;0;0;0;0;0;0;0;0;0
FR;5;2021-12-12;0;0;0;0;0;0;0;0;0;0
FR;5;2021-12-13;0;0;0;0;0;0;0;0;0;0
FR;5;2021-12-14;25;45;77;0;88;25;45;77;0;88
FR;5;2021-12-15;196;44;37;0;49;221;89;114;0;137
FR;5;2021-12-16;180;21;44;0;48;401;110;158;0;185
FR;5;2021-12-17;311;16;72;0;74;712;126;230;0;259
FR;5;2021-12-18;763;24;22;0;29;1475;150;252;0;288
FR;5;2021-12-19;586;15;15;0;17;2061;165;267;0;305
FR;5;2021-12-20;1219;31;35;0;38;3280;196;302;0;343
FR;5;2021-12-21;1534;22;54;1;60;4814;218;356;1;403
FR;5;2021-12-22;4068;40;37;0;46;8882;258;393;1;449
FR;5;2021-12-23;3041;16;21;0;25;11923;274;414;1;474
FR;5;2021-12-24;760;18;9;0;15;12683;292;423;1;489
FR;5;2021-12-25;61;5;1;0;2;12744;297;424;1;491
FR;5;2021-12-26;623;6;3;0;4;13367;303;427;1;495
FR;5;2021-12-27;4080;25;21;0;23;17447;328;448;1;518
FR;5;2021-12-28;5200;22;41;1;42;22647;350;489;2;560
FR;5;2021-12-29;8102;34;65;2;68;30749;384;554;4;628
FR;5;2021-12-30;5170;19;33;0;39;35919;403;587;4;667
FR;5;2021-12-31;1553;8;10;0;11;37472;411;597;4;678
FR;5;2022-01-01;185;1;2;0;2;37657;412;599;4;680
FR;5;2022-01-02;1489;1;1;0;1;39146;413;600;4;681
FR;5;2022-01-03;3053;34;33;0;32;42199;447;633;4;713
FR;5;2022-01-04;3034;39;33;0;42;45233;486;666;4;755
FR;5;2022-01-05;19308;202;97;1;107;64541;688;763;5;862
FR;5;2022-01-06;3740;133;122;0;142;68281;821;885;5;1004
FR;5;2022-01-07;5006;199;48;2;56;73287;1020;933;7;1060
FR;5;2022-01-08;13650;514;45;0;52;86937;1534;978;7;1112
FR;5;2022-01-09;5755;399;15;0;20;92692;1933;993;7;1132
FR;5;2022-01-10;3452;328;25;0;29;96144;2261;1018;7;1161
FR;5;2022-01-11;3667;284;38;0;41;99811;2545;1056;7;1202
FR;5;2022-01-12;22648;3004;90;0;113;122459;5549;1146;7;1315
FR;5;2022-01-13;4032;624;30;0;32;126491;6173;1176;7;1347
FR;5;2022-01-14;4842;581;43;0;50;131333;6754;1219;7;1397
FR;5;2022-01-15;14677;1747;39;3;50;146010;8501;1258;10;1447
FR;5;2022-01-16;4728;666;3;0;5;150738;9167;1261;10;1452
FR;5;2022-01-17;2296;716;26;0;29;153034;9883;1287;10;1481
FR;5;2022-01-18;2429;869;30;0;40;155463;10752;1317;10;1521
FR;5;2022-01-19;18477;6419;74;2;142;173940;17171;1391;12;1663
FR;5;2022-01-20;1919;1069;24;0;33;175859;18240;1415;12;1696
FR;5;2022-01-21;3078;1370;47;1;59;178937;19610;1462;13;1755
FR;5;2022-01-22;10720;3454;33;1;43;189657;23064;1495;14;1798
FR;5;2022-01-23;2627;1413;5;0;8;192284;24477;1500;14;1806
FR;5;2022-01-24;1158;1342;19;0;23;193442;25819;1519;14;1829
FR;5;2022-01-25;1220;1548;19;2;29;194662;27367;1538;16;1858
FR;5;2022-01-26;10744;12013;50;1;89;205406;39380;1588;17;1947
FR;5;2022-01-27;1291;1689;10;0;17;206697;41069;1598;17;1964
FR;5;2022-01-28;1696;3347;16;0;19;208393;44416;1614;17;1983
FR;5;2022-01-29;6237;8042;68;0;96;214630;52458;1682;17;2079
FR;5;2022-01-30;1509;2950;5;0;18;216139;55408;1687;17;2097
FR;5;2022-01-31;587;1772;23;0;24;216726;57180;1710;17;2121
FR;5;2022-02-01;707;1701;10;0;15;217433;58881;1720;17;2136
FR;5;2022-02-02;6949;15652;52;0;94;224382;74533;1772;17;2230
FR;5;2022-02-03;485;1688;13;0;11;224867;76221;1785;17;2241
FR;5;2022-02-04;937;3001;19;0;31;225804;79222;1804;17;2272
FR;5;2022-02-05;3531;8914;23;0;37;229335;88136;1827;17;2309
FR;5;2022-02-06;736;2397;10;0;19;230071;90533;1837;17;2328
FR;5;2022-02-07;878;1595;22;0;24;230949;92128;1859;17;2352
FR;5;2022-02-08;719;1283;18;0;19;231668;93411;1877;17;2371
FR;5;2022-02-09;4532;12874;44;0;76;236200;106285;1921;17;2447
FR;5;2022-02-10;644;1057;13;0;14;236844;107342;1934;17;2461
FR;5;2022-02-11;793;2027;16;0;21;237637;109369;1950;17;2482
FR;5;2022-02-12;2285;6809;32;0;52;239922;116178;1982;17;2534
FR;5;2022-02-13;465;1539;8;0;8;240387;117717;1990;17;2542
FR;5;2022-02-14;677;1288;10;0;13;241064;119005;2000;17;2555
FR;5;2022-02-15;481;883;9;0;14;241545;119888;2009;17;2569
FR;5;2022-02-16;2976;9119;41;1;58;244521;129007;2050;18;2627
FR;5;2022-02-17;435;803;6;0;7;244956;129810;2056;18;2634
FR;5;2022-02-18;648;1407;13;0;17;245604;131217;2069;18;2651
FR;5;2022-02-19;1370;4314;16;0;28;246974;135531;2085;18;2679
FR;5;2022-02-20;245;879;6;0;8;247219;136410;2091;18;2687
FR;5;2022-02-21;218;605;2;0;4;247437;137015;2093;18;2691
FR;5;2022-02-22;258;544;17;0;17;247695;137559;2110;18;2708
FR;5;2022-02-23;1906;6918;22;1;42;249601;144477;2132;19;2750
FR;5;2022-02-24;181;371;5;1;5;249782;144848;2137;20;2755
FR;5;2022-02-25;333;949;13;0;12;250115;145797;2150;20;2767
FR;5;2022-02-26;968;3065;10;0;14;251083;148862;2160;20;2781
FR;5;2022-02-27;146;506;0;0;3;251229;149368;2160;20;2784
FR;5;2022-02-28;159;366;1;0;1;251388;149734;2161;20;2785
FR;5;2022-03-01;122;278;6;0;7;251510;150012;2167;20;2792
FR;5;2022-03-02;1227;4143;28;4;40;252737;154155;2195;24;2832
FR;5;2022-03-03;117;249;6;0;9;252854;154404;2201;24;2841
FR;5;2022-03-04;192;482;13;0;13;253046;154886;2214;24;2854
FR;5;2022-03-05;673;1990;8;0;16;253719;156876;2222;24;2870
FR;5;2022-03-06;107;261;0;0;1;253826;157137;2222;24;2871
FR;5;2022-03-07;70;228;4;0;3;253896;157365;2226;24;2874
FR;5;2022-03-08;45;126;7;1;7;253941;157491;2233;25;2881
FR;5;2022-03-09;888;3074;23;0;35;254829;160565;2256;25;2916
FR;5;2022-03-10;81;200;7;0;10;254910;160765;2263;25;2926
FR;5;2022-03-11;143;368;14;1;15;255053;161133;2277;26;2941
FR;5;2022-03-12;758;1612;12;1;28;255811;162745;2289;27;2969
FR;5;2022-03-13;76;99;0;0;0;255887;162844;2289;27;2969
FR;5;2022-03-14;67;115;7;1;7;255954;162959;2296;28;2976
FR;5;2022-03-15;81;97;3;1;5;256035;163056;2299;29;2981
FR;5;2022-03-16;880;1820;14;3;34;256915;164876;2313;32;3015
FR;5;2022-03-17;61;119;8;4;10;256976;164995;2321;36;3025
FR;5;2022-03-18;164;311;13;3;18;257140;165306;2334;39;3043
FR;5;2022-03-19;747;1141;12;5;32;257887;166447;2346;44;3075
FR;5;2022-03-20;42;90;1;0;1;257929;166537;2347;44;3076
FR;6;2020-12-27;0;0;0;0;0;0;0;0;0;0
FR;6;2020-12-28;0;0;0;0;0;0;0;0;0;0
FR;6;2020-12-29;0;0;0;0;0;0;0;0;0;0
FR;6;2020-12-30;0;0;0;0;0;0;0;0;0;0
FR;6;2020-12-31;0;0;0;0;0;0;0;0;0;0
FR;6;2021-01-01;0;0;0;0;0;0;0;0;0;0
FR;6;2021-01-02;0;0;0;0;0;0;0;0;0;0
FR;6;2021-01-03;0;0;0;0;0;0;0;0;0;0
FR;6;2021-01-04;0;0;0;0;0;0;0;0;0;0
FR;6;2021-01-05;0;0;0;0;0;0;0;0;0;0
FR;6;2021-01-06;0;0;0;0;0;0;0;0;0;0
FR;6;2021-01-07;0;0;0;0;0;0;0;0;0;0
FR;6;2021-01-08;0;0;0;0;0;0;0;0;0;0
FR;6;2021-01-09;0;0;0;0;0;0;0;0;0;0
FR;6;2021-01-10;0;0;0;0;0;0;0;0;0;0
FR;6;2021-01-11;0;0;0;0;0;0;0;0;0;0
FR;6;2021-01-12;0;0;0;0;0;0;0;0;0;0
FR;6;2021-01-13;0;0;0;0;0;0;0;0;0;0
FR;6;2021-01-14;0;0;0;0;0;0;0;0;0;0
FR;6;2021-01-15;0;0;0;0;0;0;0;0;0;0
FR;6;2021-01-16;0;0;0;0;0;0;0;0;0;0
FR;6;2021-01-17;0;0;0;0;0;0;0;0;0;0
FR;6;2021-01-18;0;0;0;0;0;0;0;0;0;0
FR;6;2021-01-19;0;0;0;0;0;0;0;0;0;0
FR;6;2021-01-20;0;0;0;0;0;0;0;0;0;0
FR;6;2021-01-21;0;0;0;0;0;0;0;0;0;0
FR;6;2021-01-22;0;0;0;0;0;0;0;0;0;0
FR;6;2021-01-23;0;0;0;0;0;0;0;0;0;0
FR;6;2021-01-24;0;0;0;0;0;0;0;0;0;0
FR;6;2021-01-25;0;0;0;0;0;0;0;0;0;0
FR;6;2021-01-26;0;0;0;0;0;0;0;0;0;0
FR;6;2021-01-27;0;0;0;0;0;0;0;0;0;0
FR;6;2021-01-28;0;0;0;0;0;0;0;0;0;0
FR;6;2021-01-29;0;0;0;0;0;0;0;0;0;0
FR;6;2021-01-30;0;0;0;0;0;0;0;0;0;0
FR;6;2021-01-31;0;0;0;0;0;0;0;0;0;0
FR;6;2021-02-01;0;0;0;0;0;0;0;0;0;0
FR;6;2021-02-02;0;0;0;0;0;0;0;0;0;0
FR;6;2021-02-03;0;0;0;0;0;0;0;0;0;0
FR;6;2021-02-04;0;0;0;0;0;0;0;0;0;0
FR;6;2021-02-05;0;0;0;0;0;0;0;0;0;0
FR;6;2021-02-06;0;0;0;0;0;0;0;0;0;0
FR;6;2021-02-07;0;0;0;0;0;0;0;0;0;0
FR;6;2021-02-08;0;0;0;0;0;0;0;0;0;0
FR;6;2021-02-09;0;0;0;0;0;0;0;0;0;0
FR;6;2021-02-10;0;0;0;0;0;0;0;0;0;0
FR;6;2021-02-11;0;0;0;0;0;0;0;0;0;0
FR;6;2021-02-12;0;0;0;0;0;0;0;0;0;0
FR;6;2021-02-13;0;0;0;0;0;0;0;0;0;0
FR;6;2021-02-14;0;0;0;0;0;0;0;0;0;0
FR;6;2021-02-15;0;0;0;0;0;0;0;0;0;0
FR;6;2021-02-16;0;0;0;0;0;0;0;0;0;0
FR;6;2021-02-17;0;0;0;0;0;0;0;0;0;0
FR;6;2021-02-18;0;0;0;0;0;0;0;0;0;0
FR;6;2021-02-19;0;0;0;0;0;0;0;0;0;0
FR;6;2021-02-20;0;0;0;0;0;0;0;0;0;0
FR;6;2021-02-21;0;0;0;0;0;0;0;0;0;0
FR;6;2021-02-22;0;0;0;0;0;0;0;0;0;0
FR;6;2021-02-23;0;0;0;0;0;0;0;0;0;0
FR;6;2021-02-24;0;0;0;0;0;0;0;0;0;0
FR;6;2021-02-25;0;0;0;0;0;0;0;0;0;0
FR;6;2021-02-26;0;0;0;0;0;0;0;0;0;0
FR;6;2021-02-27;0;0;0;0;0;0;0;0;0;0
FR;6;2021-02-28;0;0;0;0;0;0;0;0;0;0
FR;6;2021-03-01;0;0;0;0;0;0;0;0;0;0
FR;6;2021-03-02;0;0;0;0;0;0;0;0;0;0
FR;6;2021-03-03;0;0;0;0;0;0;0;0;0;0
FR;6;2021-03-04;0;0;0;0;0;0;0;0;0;0
FR;6;2021-03-05;0;0;0;0;0;0;0;0;0;0
FR;6;2021-03-06;0;0;0;0;0;0;0;0;0;0
FR;6;2021-03-07;0;0;0;0;0;0;0;0;0;0
FR;6;2021-03-08;0;0;0;0;0;0;0;0;0;0
FR;6;2021-03-09;0;0;0;0;0;0;0;0;0;0
FR;6;2021-03-10;0;0;0;0;0;0;0;0;0;0
FR;6;2021-03-11;0;0;0;0;0;0;0;0;0;0
FR;6;2021-03-12;0;0;0;0;0;0;0;0;0;0
FR;6;2021-03-13;0;0;0;0;0;0;0;0;0;0
FR;6;2021-03-14;0;0;0;0;0;0;0;0;0;0
FR;6;2021-03-15;0;0;0;0;0;0;0;0;0;0
FR;6;2021-03-16;0;0;0;0;0;0;0;0;0;0
FR;6;2021-03-17;0;0;0;0;0;0;0;0;0;0
FR;6;2021-03-18;0;0;0;0;0;0;0;0;0;0
FR;6;2021-03-19;0;0;0;0;0;0;0;0;0;0
FR;6;2021-03-20;0;0;0;0;0;0;0;0;0;0
FR;6;2021-03-21;0;0;0;0;0;0;0;0;0;0
FR;6;2021-03-22;0;0;0;0;0;0;0;0;0;0
FR;6;2021-03-23;0;0;0;0;0;0;0;0;0;0
FR;6;2021-03-24;0;0;0;0;0;0;0;0;0;0
FR;6;2021-03-25;0;0;0;0;0;0;0;0;0;0
FR;6;2021-03-26;0;0;0;0;0;0;0;0;0;0
FR;6;2021-03-27;0;0;0;0;0;0;0;0;0;0
FR;6;2021-03-28;0;0;0;0;0;0;0;0;0;0
FR;6;2021-03-29;0;0;0;0;0;0;0;0;0;0
FR;6;2021-03-30;0;0;0;0;0;0;0;0;0;0
FR;6;2021-03-31;0;0;0;0;0;0;0;0;0;0
FR;6;2021-04-01;0;0;0;0;0;0;0;0;0;0
FR;6;2021-04-02;0;0;0;0;0;0;0;0;0;0
FR;6;2021-04-03;0;0;0;0;0;0;0;0;0;0
FR;6;2021-04-04;0;0;0;0;0;0;0;0;0;0
FR;6;2021-04-05;0;0;0;0;0;0;0;0;0;0
FR;6;2021-04-06;0;0;0;0;0;0;0;0;0;0
FR;6;2021-04-07;0;0;0;0;0;0;0;0;0;0
FR;6;2021-04-08;0;0;0;0;0;0;0;0;0;0
FR;6;2021-04-09;0;0;0;0;0;0;0;0;0;0
FR;6;2021-04-10;0;0;0;0;0;0;0;0;0;0
FR;6;2021-04-11;0;0;0;0;0;0;0;0;0;0
FR;6;2021-04-12;0;0;0;0;0;0;0;0;0;0
FR;6;2021-04-13;0;0;0;0;0;0;0;0;0;0
FR;6;2021-04-14;0;0;0;0;0;0;0;0;0;0
FR;6;2021-04-15;0;0;0;0;0;0;0;0;0;0
FR;6;2021-04-16;0;0;0;0;0;0;0;0;0;0
FR;6;2021-04-17;0;0;0;0;0;0;0;0;0;0
FR;6;2021-04-18;0;0;0;0;0;0;0;0;0;0
FR;6;2021-04-19;0;0;0;0;0;0;0;0;0;0
FR;6;2021-04-20;0;0;0;0;0;0;0;0;0;0
FR;6;2021-04-21;0;0;0;0;0;0;0;0;0;0
FR;6;2021-04-22;0;0;0;0;0;0;0;0;0;0
FR;6;2021-04-23;0;0;0;0;0;0;0;0;0;0
FR;6;2021-04-24;0;0;0;0;0;0;0;0;0;0
FR;6;2021-04-25;0;0;0;0;0;0;0;0;0;0
FR;6;2021-04-26;0;0;0;0;0;0;0;0;0;0
FR;6;2021-04-27;0;0;0;0;0;0;0;0;0;0
FR;6;2021-04-28;0;0;0;0;0;0;0;0;0;0
FR;6;2021-04-29;0;0;0;0;0;0;0;0;0;0
FR;6;2021-04-30;0;0;0;0;0;0;0;0;0;0
FR;6;2021-05-01;0;0;0;0;0;0;0;0;0;0
FR;6;2021-05-02;0;0;0;0;0;0;0;0;0;0
FR;6;2021-05-03;0;0;0;0;0;0;0;0;0;0
FR;6;2021-05-04;0;0;0;0;0;0;0;0;0;0
FR;6;2021-05-05;0;0;0;0;0;0;0;0;0;0
FR;6;2021-05-06;0;0;0;0;0;0;0;0;0;0
FR;6;2021-05-07;0;0;0;0;0;0;0;0;0;0
FR;6;2021-05-08;0;0;0;0;0;0;0;0;0;0
FR;6;2021-05-09;0;0;0;0;0;0;0;0;0;0
FR;6;2021-05-10;0;0;0;0;0;0;0;0;0;0
FR;6;2021-05-11;0;0;0;0;0;0;0;0;0;0
FR;6;2021-05-12;0;0;0;0;0;0;0;0;0;0
FR;6;2021-05-13;0;0;0;0;0;0;0;0;0;0
FR;6;2021-05-14;0;0;0;0;0;0;0;0;0;0
FR;6;2021-05-15;0;0;0;0;0;0;0;0;0;0
FR;6;2021-05-16;0;0;0;0;0;0;0;0;0;0
FR;6;2021-05-17;0;0;0;0;0;0;0;0;0;0
FR;6;2021-05-18;0;0;0;0;0;0;0;0;0;0
FR;6;2021-05-19;0;0;0;0;0;0;0;0;0;0
FR;6;2021-05-20;0;0;0;0;0;0;0;0;0;0
FR;6;2021-05-21;0;0;0;0;0;0;0;0;0;0
FR;6;2021-05-22;0;0;0;0;0;0;0;0;0;0
FR;6;2021-05-23;0;0;0;0;0;0;0;0;0;0
FR;6;2021-05-24;0;0;0;0;0;0;0;0;0;0
FR;6;2021-05-25;0;0;0;0;0;0;0;0;0;0
FR;6;2021-05-26;0;0;0;0;0;0;0;0;0;0
FR;6;2021-05-27;0;0;0;0;0;0;0;0;0;0
FR;6;2021-05-28;0;0;0;0;0;0;0;0;0;0
FR;6;2021-05-29;0;0;0;0;0;0;0;0;0;0
FR;6;2021-05-30;0;0;0;0;0;0;0;0;0;0
FR;6;2021-05-31;0;0;0;0;0;0;0;0;0;0
FR;6;2021-06-01;0;0;0;0;0;0;0;0;0;0
FR;6;2021-06-02;0;0;0;0;0;0;0;0;0;0
FR;6;2021-06-03;0;0;0;0;0;0;0;0;0;0
FR;6;2021-06-04;0;0;0;0;0;0;0;0;0;0
FR;6;2021-06-05;0;0;0;0;0;0;0;0;0;0
FR;6;2021-06-06;0;0;0;0;0;0;0;0;0;0
FR;6;2021-06-07;0;0;0;0;0;0;0;0;0;0
FR;6;2021-06-08;0;0;0;0;0;0;0;0;0;0
FR;6;2021-06-09;0;0;0;0;0;0;0;0;0;0
FR;6;2021-06-10;0;0;0;0;0;0;0;0;0;0
FR;6;2021-06-11;0;0;0;0;0;0;0;0;0;0
FR;6;2021-06-12;0;0;0;0;0;0;0;0;0;0
FR;6;2021-06-13;0;0;0;0;0;0;0;0;0;0
FR;6;2021-06-14;0;0;0;0;0;0;0;0;0;0
FR;6;2021-06-15;0;0;0;0;0;0;0;0;0;0
FR;6;2021-06-16;0;0;0;0;0;0;0;0;0;0
FR;6;2021-06-17;0;0;0;0;0;0;0;0;0;0
FR;6;2021-06-18;0;0;0;0;0;0;0;0;0;0
FR;6;2021-06-19;0;0;0;0;0;0;0;0;0;0
FR;6;2021-06-20;0;0;0;0;0;0;0;0;0;0
FR;6;2021-06-21;0;0;0;0;0;0;0;0;0;0
FR;6;2021-06-22;0;0;0;0;0;0;0;0;0;0
FR;6;2021-06-23;0;0;0;0;0;0;0;0;0;0
FR;6;2021-06-24;0;0;0;0;0;0;0;0;0;0
FR;6;2021-06-25;0;0;0;0;0;0;0;0;0;0
FR;6;2021-06-26;0;0;0;0;0;0;0;0;0;0
FR;6;2021-06-27;0;0;0;0;0;0;0;0;0;0
FR;6;2021-06-28;0;0;0;0;0;0;0;0;0;0
FR;6;2021-06-29;0;0;0;0;0;0;0;0;0;0
FR;6;2021-06-30;0;0;0;0;0;0;0;0;0;0
FR;6;2021-07-01;0;0;0;0;0;0;0;0;0;0
FR;6;2021-07-02;0;0;0;0;0;0;0;0;0;0
FR;6;2021-07-03;0;0;0;0;0;0;0;0;0;0
FR;6;2021-07-04;0;0;0;0;0;0;0;0;0;0
FR;6;2021-07-05;0;0;0;0;0;0;0;0;0;0
FR;6;2021-07-06;0;0;0;0;0;0;0;0;0;0
FR;6;2021-07-07;0;0;0;0;0;0;0;0;0;0
FR;6;2021-07-08;0;0;0;0;0;0;0;0;0;0
FR;6;2021-07-09;0;0;0;0;0;0;0;0;0;0
FR;6;2021-07-10;0;0;0;0;0;0;0;0;0;0
FR;6;2021-07-11;0;0;0;0;0;0;0;0;0;0
FR;6;2021-07-12;0;0;0;0;0;0;0;0;0;0
FR;6;2021-07-13;0;0;0;0;0;0;0;0;0;0
FR;6;2021-07-14;0;0;0;0;0;0;0;0;0;0
FR;6;2021-07-15;0;0;0;0;0;0;0;0;0;0
FR;6;2021-07-16;0;0;0;0;0;0;0;0;0;0
FR;6;2021-07-17;0;0;0;0;0;0;0;0;0;0
FR;6;2021-07-18;0;0;0;0;0;0;0;0;0;0
FR;6;2021-07-19;0;0;0;0;0;0;0;0;0;0
FR;6;2021-07-20;0;0;0;0;0;0;0;0;0;0
FR;6;2021-07-21;0;0;0;0;0;0;0;0;0;0
FR;6;2021-07-22;0;0;0;0;0;0;0;0;0;0
FR;6;2021-07-23;0;0;0;0;0;0;0;0;0;0
FR;6;2021-07-24;0;0;0;0;0;0;0;0;0;0
FR;6;2021-07-25;0;0;0;0;0;0;0;0;0;0
FR;6;2021-07-26;0;0;0;0;0;0;0;0;0;0
FR;6;2021-07-27;0;0;0;0;0;0;0;0;0;0
FR;6;2021-07-28;0;0;0;0;0;0;0;0;0;0
FR;6;2021-07-29;0;0;0;0;0;0;0;0;0;0
FR;6;2021-07-30;0;0;0;0;0;0;0;0;0;0
FR;6;2021-07-31;0;0;0;0;0;0;0;0;0;0
FR;6;2021-08-01;0;0;0;0;0;0;0;0;0;0
FR;6;2021-08-02;0;0;0;0;0;0;0;0;0;0
FR;6;2021-08-03;0;0;0;0;0;0;0;0;0;0
FR;6;2021-08-04;0;0;0;0;0;0;0;0;0;0
FR;6;2021-08-05;0;0;0;0;0;0;0;0;0;0
FR;6;2021-08-06;0;0;0;0;0;0;0;0;0;0
FR;6;2021-08-07;0;0;0;0;0;0;0;0;0;0
FR;6;2021-08-08;0;0;0;0;0;0;0;0;0;0
FR;6;2021-08-09;0;0;0;0;0;0;0;0;0;0
FR;6;2021-08-10;0;0;0;0;0;0;0;0;0;0
FR;6;2021-08-11;0;0;0;0;0;0;0;0;0;0
FR;6;2021-08-12;0;0;0;0;0;0;0;0;0;0
FR;6;2021-08-13;0;0;0;0;0;0;0;0;0;0
FR;6;2021-08-14;0;0;0;0;0;0;0;0;0;0
FR;6;2021-08-15;0;0;0;0;0;0;0;0;0;0
FR;6;2021-08-16;0;0;0;0;0;0;0;0;0;0
FR;6;2021-08-17;0;0;0;0;0;0;0;0;0;0
FR;6;2021-08-18;0;0;0;0;0;0;0;0;0;0
FR;6;2021-08-19;0;0;0;0;0;0;0;0;0;0
FR;6;2021-08-20;0;0;0;0;0;0;0;0;0;0
FR;6;2021-08-21;0;0;0;0;0;0;0;0;0;0
FR;6;2021-08-22;0;0;0;0;0;0;0;0;0;0
FR;6;2021-08-23;0;0;0;0;0;0;0;0;0;0
FR;6;2021-08-24;0;0;0;0;0;0;0;0;0;0
FR;6;2021-08-25;0;0;0;0;0;0;0;0;0;0
FR;6;2021-08-26;0;0;0;0;0;0;0;0;0;0
FR;6;2021-08-27;0;0;0;0;0;0;0;0;0;0
FR;6;2021-08-28;0;0;0;0;0;0;0;0;0;0
FR;6;2021-08-29;0;0;0;0;0;0;0;0;0;0
FR;6;2021-08-30;0;0;0;0;0;0;0;0;0;0
FR;6;2021-08-31;0;0;0;0;0;0;0;0;0;0
FR;6;2021-09-01;0;0;0;0;0;0;0;0;0;0
FR;6;2021-09-02;0;0;0;0;0;0;0;0;0;0
FR;6;2021-09-03;0;0;0;0;0;0;0;0;0;0
FR;6;2021-09-04;0;0;0;0;0;0;0;0;0;0
FR;6;2021-09-05;0;0;0;0;0;0;0;0;0;0
FR;6;2021-09-06;0;0;0;0;0;0;0;0;0;0
FR;6;2021-09-07;0;0;0;0;0;0;0;0;0;0
FR;6;2021-09-08;0;0;0;0;0;0;0;0;0;0
FR;6;2021-09-09;0;0;0;0;0;0;0;0;0;0
FR;6;2021-09-10;0;0;0;0;0;0;0;0;0;0
FR;6;2021-09-11;0;0;0;0;0;0;0;0;0;0
FR;6;2021-09-12;0;0;0;0;0;0;0;0;0;0
FR;6;2021-09-13;0;0;0;0;0;0;0;0;0;0
FR;6;2021-09-14;0;0;0;0;0;0;0;0;0;0
FR;6;2021-09-15;0;0;0;0;0;0;0;0;0;0
FR;6;2021-09-16;0;0;0;0;0;0;0;0;0;0
FR;6;2021-09-17;0;0;0;0;0;0;0;0;0;0
FR;6;2021-09-18;0;0;0;0;0;0;0;0;0;0
FR;6;2021-09-19;0;0;0;0;0;0;0;0;0;0
FR;6;2021-09-20;0;0;0;0;0;0;0;0;0;0
FR;6;2021-09-21;0;0;0;0;0;0;0;0;0;0
FR;6;2021-09-22;0;0;0;0;0;0;0;0;0;0
FR;6;2021-09-23;0;0;0;0;0;0;0;0;0;0
FR;6;2021-09-24;0;0;0;0;0;0;0;0;0;0
FR;6;2021-09-25;0;0;0;0;0;0;0;0;0;0
FR;6;2021-09-26;0;0;0;0;0;0;0;0;0;0
FR;6;2021-09-27;0;0;0;0;0;0;0;0;0;0
FR;6;2021-09-28;0;0;0;0;0;0;0;0;0;0
FR;6;2021-09-29;0;0;0;0;0;0;0;0;0;0
FR;6;2021-09-30;0;0;0;0;0;0;0;0;0;0
FR;6;2021-10-01;0;0;0;0;0;0;0;0;0;0
FR;6;2021-10-02;0;0;0;0;0;0;0;0;0;0
FR;6;2021-10-03;0;0;0;0;0;0;0;0;0;0
FR;6;2021-10-04;0;0;0;0;0;0;0;0;0;0
FR;6;2021-10-05;0;0;0;0;0;0;0;0;0;0
FR;6;2021-10-06;0;0;0;0;0;0;0;0;0;0
FR;6;2021-10-07;0;0;0;0;0;0;0;0;0;0
FR;6;2021-10-08;0;0;0;0;0;0;0;0;0;0
FR;6;2021-10-09;0;0;0;0;0;0;0;0;0;0
FR;6;2021-10-10;0;0;0;0;0;0;0;0;0;0
FR;6;2021-10-11;0;0;0;0;0;0;0;0;0;0
FR;6;2021-10-12;0;0;0;0;0;0;0;0;0;0
FR;6;2021-10-13;0;0;0;0;0;0;0;0;0;0
FR;6;2021-10-14;0;0;0;0;0;0;0;0;0;0
FR;6;2021-10-15;0;0;0;0;0;0;0;0;0;0
FR;6;2021-10-16;0;0;0;0;0;0;0;0;0;0
FR;6;2021-10-17;0;0;0;0;0;0;0;0;0;0
FR;6;2021-10-18;0;0;0;0;0;0;0;0;0;0
FR;6;2021-10-19;0;0;0;0;0;0;0;0;0;0
FR;6;2021-10-20;0;0;0;0;0;0;0;0;0;0
FR;6;2021-10-21;0;0;0;0;0;0;0;0;0;0
FR;6;2021-10-22;0;0;0;0;0;0;0;0;0;0
FR;6;2021-10-23;0;0;0;0;0;0;0;0;0;0
FR;6;2021-10-24;0;0;0;0;0;0;0;0;0;0
FR;6;2021-10-25;0;0;0;0;0;0;0;0;0;0
FR;6;2021-10-26;0;0;0;0;0;0;0;0;0;0
FR;6;2021-10-27;0;0;0;0;0;0;0;0;0;0
FR;6;2021-10-28;0;0;0;0;0;0;0;0;0;0
FR;6;2021-10-29;0;0;0;0;0;0;0;0;0;0
FR;6;2021-10-30;0;0;0;0;0;0;0;0;0;0
FR;6;2021-10-31;0;0;0;0;0;0;0;0;0;0
FR;6;2021-11-01;0;0;0;0;0;0;0;0;0;0
FR;6;2021-11-02;0;0;0;0;0;0;0;0;0;0
FR;6;2021-11-03;0;0;0;0;0;0;0;0;0;0
FR;6;2021-11-04;0;0;0;0;0;0;0;0;0;0
FR;6;2021-11-05;0;0;0;0;0;0;0;0;0;0
FR;6;2021-11-06;0;0;0;0;0;0;0;0;0;0
FR;6;2021-11-07;0;0;0;0;0;0;0;0;0;0
FR;6;2021-11-08;0;0;0;0;0;0;0;0;0;0
FR;6;2021-11-09;0;0;0;0;0;0;0;0;0;0
FR;6;2021-11-10;0;0;0;0;0;0;0;0;0;0
FR;6;2021-11-11;0;0;0;0;0;0;0;0;0;0
FR;6;2021-11-12;0;0;0;0;0;0;0;0;0;0
FR;6;2021-11-13;0;0;0;0;0;0;0;0;0;0
FR;6;2021-11-14;0;0;0;0;0;0;0;0;0;0
FR;6;2021-11-15;0;0;0;0;0;0;0;0;0;0
FR;6;2021-11-16;0;0;0;0;0;0;0;0;0;0
FR;6;2021-11-17;0;0;0;0;0;0;0;0;0;0
FR;6;2021-11-18;0;0;0;0;0;0;0;0;0;0
FR;6;2021-11-19;0;0;0;0;0;0;0;0;0;0
FR;6;2021-11-20;0;0;0;0;0;0;0;0;0;0
FR;6;2021-11-21;0;0;0;0;0;0;0;0;0;0
FR;6;2021-11-22;0;0;0;0;0;0;0;0;0;0
FR;6;2021-11-23;0;0;0;0;0;0;0;0;0;0
FR;6;2021-11-24;0;0;0;0;0;0;0;0;0;0
FR;6;2021-11-25;0;0;0;0;0;0;0;0;0;0
FR;6;2021-11-26;0;0;0;0;0;0;0;0;0;0
FR;6;2021-11-27;0;0;0;0;0;0;0;0;0;0
FR;6;2021-11-28;0;0;0;0;0;0;0;0;0;0
FR;6;2021-11-29;0;0;0;0;0;0;0;0;0;0
FR;6;2021-11-30;0;0;0;0;0;0;0;0;0;0
FR;6;2021-12-01;0;0;0;0;0;0;0;0;0;0
FR;6;2021-12-02;0;0;0;0;0;0;0;0;0;0
FR;6;2021-12-03;0;0;0;0;0;0;0;0;0;0
FR;6;2021-12-04;0;0;0;0;0;0;0;0;0;0
FR;6;2021-12-05;0;0;0;0;0;0;0;0;0;0
FR;6;2021-12-06;0;0;0;0;0;0;0;0;0;0
FR;6;2021-12-07;0;0;0;0;0;0;0;0;0;0
FR;6;2021-12-08;0;0;0;0;0;0;0;0;0;0
FR;6;2021-12-09;0;0;0;0;0;0;0;0;0;0
FR;6;2021-12-10;0;0;0;0;0;0;0;0;0;0
FR;6;2021-12-11;0;0;0;0;0;0;0;0;0;0
FR;6;2021-12-12;0;0;0;0;0;0;0;0;0;0
FR;6;2021-12-13;0;0;0;0;0;0;0;0;0;0
FR;6;2021-12-14;0;0;0;0;0;0;0;0;0;0
FR;6;2021-12-15;0;0;0;0;0;0;0;0;0;0
FR;6;2021-12-16;0;0;0;0;0;0;0;0;0;0
FR;6;2021-12-17;0;0;0;0;0;0;0;0;0;0
FR;6;2021-12-18;0;0;0;0;0;0;0;0;0;0
FR;6;2021-12-19;0;0;0;0;0;0;0;0;0;0
FR;6;2021-12-20;0;0;0;0;0;0;0;0;0;0
FR;6;2021-12-21;0;0;0;0;0;0;0;0;0;0
FR;6;2021-12-22;0;0;0;0;0;0;0;0;0;0
FR;6;2021-12-23;0;0;0;0;0;0;0;0;0;0
FR;6;2021-12-24;0;0;0;0;0;0;0;0;0;0
FR;6;2021-12-25;0;0;0;0;0;0;0;0;0;0
FR;6;2021-12-26;0;0;0;0;0;0;0;0;0;0
FR;6;2021-12-27;0;0;0;0;0;0;0;0;0;0
FR;6;2021-12-28;0;0;0;0;0;0;0;0;0;0
FR;6;2021-12-29;0;0;0;0;0;0;0;0;0;0
FR;6;2021-12-30;0;0;0;0;0;0;0;0;0;0
FR;6;2021-12-31;0;0;0;0;0;0;0;0;0;0
FR;6;2022-01-01;0;0;0;0;0;0;0;0;0;0
FR;6;2022-01-02;0;0;0;0;0;0;0;0;0;0
FR;6;2022-01-03;0;0;0;0;0;0;0;0;0;0
FR;6;2022-01-04;0;0;0;0;0;0;0;0;0;0
FR;6;2022-01-05;0;0;0;0;0;0;0;0;0;0
FR;6;2022-01-06;0;0;0;0;0;0;0;0;0;0
FR;6;2022-01-07;0;0;0;0;0;0;0;0;0;0
FR;6;2022-01-08;0;0;0;0;0;0;0;0;0;0
FR;6;2022-01-09;0;0;0;0;0;0;0;0;0;0
FR;6;2022-01-10;0;0;0;0;0;0;0;0;0;0
FR;6;2022-01-11;0;0;0;0;0;0;0;0;0;0
FR;6;2022-01-12;0;0;0;0;0;0;0;0;0;0
FR;6;2022-01-13;0;0;0;0;0;0;0;0;0;0
FR;6;2022-01-14;0;0;0;0;0;0;0;0;0;0
FR;6;2022-01-15;0;0;0;0;0;0;0;0;0;0
FR;6;2022-01-16;0;0;0;0;0;0;0;0;0;0
FR;6;2022-01-17;0;0;0;0;0;0;0;0;0;0
FR;6;2022-01-18;0;0;0;0;0;0;0;0;0;0
FR;6;2022-01-19;0;0;0;0;0;0;0;0;0;0
FR;6;2022-01-20;0;0;0;0;0;0;0;0;0;0
FR;6;2022-01-21;0;0;0;0;0;0;0;0;0;0
FR;6;2022-01-22;0;0;0;0;0;0;0;0;0;0
FR;6;2022-01-23;0;0;0;0;0;0;0;0;0;0
FR;6;2022-01-24;0;0;0;0;0;0;0;0;0;0
FR;6;2022-01-25;0;0;0;0;0;0;0;0;0;0
FR;6;2022-01-26;0;0;0;0;0;0;0;0;0;0
FR;6;2022-01-27;0;0;0;0;0;0;0;0;0;0
FR;6;2022-01-28;0;0;0;0;0;0;0;0;0;0
FR;6;2022-01-29;0;0;0;0;0;0;0;0;0;0
FR;6;2022-01-30;0;0;0;0;0;0;0;0;0;0
FR;6;2022-01-31;0;0;0;0;0;0;0;0;0;0
FR;6;2022-02-01;0;0;0;0;0;0;0;0;0;0
FR;6;2022-02-02;0;0;0;0;0;0;0;0;0;0
FR;6;2022-02-03;0;0;0;0;0;0;0;0;0;0
FR;6;2022-02-04;0;0;0;0;0;0;0;0;0;0
FR;6;2022-02-05;0;0;0;0;0;0;0;0;0;0
FR;6;2022-02-06;0;0;0;0;0;0;0;0;0;0
FR;6;2022-02-07;0;0;0;0;0;0;0;0;0;0
FR;6;2022-02-08;0;0;0;0;0;0;0;0;0;0
FR;6;2022-02-09;0;0;0;0;0;0;0;0;0;0
FR;6;2022-02-10;0;0;0;0;0;0;0;0;0;0
FR;6;2022-02-11;0;0;0;0;0;0;0;0;0;0
FR;6;2022-02-12;0;0;0;0;0;0;0;0;0;0
FR;6;2022-02-13;0;0;0;0;0;0;0;0;0;0
FR;6;2022-02-14;0;0;0;0;0;0;0;0;0;0
FR;6;2022-02-15;0;0;0;0;0;0;0;0;0;0
FR;6;2022-02-16;0;0;0;0;0;0;0;0;0;0
FR;6;2022-02-17;0;0;0;0;0;0;0;0;0;0
FR;6;2022-02-18;0;0;0;0;0;0;0;0;0;0
FR;6;2022-02-19;0;0;0;0;0;0;0;0;0;0
FR;6;2022-02-20;0;0;0;0;0;0;0;0;0;0
FR;6;2022-02-21;0;0;0;0;0;0;0;0;0;0
FR;6;2022-02-22;0;0;0;0;0;0;0;0;0;0
FR;6;2022-02-23;0;0;0;0;0;0;0;0;0;0
FR;6;2022-02-24;0;0;0;0;0;0;0;0;0;0
FR;6;2022-02-25;0;0;0;0;0;0;0;0;0;0
FR;6;2022-02-26;0;0;0;0;0;0;0;0;0;0
FR;6;2022-02-27;0;0;0;0;0;0;0;0;0;0
FR;6;2022-02-28;0;0;0;0;0;0;0;0;0;0
FR;6;2022-03-01;0;0;0;0;0;0;0;0;0;0
FR;6;2022-03-02;96;9;2;0;7;96;9;2;0;7
FR;6;2022-03-03;0;0;0;0;0;96;9;2;0;7
FR;6;2022-03-04;89;4;0;0;4;185;13;2;0;11
FR;6;2022-03-05;389;23;2;0;14;574;36;4;0;25
FR;6;2022-03-06;7;1;0;0;0;581;37;4;0;25
FR;6;2022-03-07;336;19;0;0;13;917;56;4;0;38
FR;6;2022-03-08;230;14;0;0;5;1147;70;4;0;43
FR;6;2022-03-09;518;30;2;0;22;1665;100;6;0;65
FR;6;2022-03-10;207;18;0;1;12;1872;118;6;1;77
FR;6;2022-03-11;328;20;6;0;21;2200;138;12;1;98
FR;6;2022-03-12;515;25;1;0;20;2715;163;13;1;118
FR;6;2022-03-13;40;2;0;0;1;2755;165;13;1;119
FR;6;2022-03-14;201;4;2;0;3;2956;169;15;1;122
FR;6;2022-03-15;112;11;2;0;9;3068;180;17;1;131
FR;6;2022-03-16;309;16;1;1;14;3377;196;18;2;145
FR;6;2022-03-17;117;6;1;2;4;3494;202;19;4;149
FR;6;2022-03-18;213;11;0;0;6;3707;213;19;4;155
FR;6;2022-03-19;304;19;2;1;10;4011;232;21;5;165
FR;6;2022-03-20;15;5;0;0;1;4026;237;21;5;166
FR;0;2020-12-27;592;0;0;0;0;592;0;0;0;0
FR;0;2020-12-28;647;0;0;0;0;1239;0;0;0;0
FR;0;2020-12-29;368;0;0;0;0;1607;0;0;0;0
FR;0;2020-12-30;433;0;0;0;0;2040;0;0;0;0
FR;0;2020-12-31;354;0;0;0;0;2394;0;0;0;0
FR;0;2021-01-01;1176;0;0;0;0;3570;0;0;0;0
FR;0;2021-01-02;349;1;0;0;0;3919;1;0;0;0
FR;0;2021-01-03;415;0;0;0;0;4334;1;0;0;0
FR;0;2021-01-04;2088;0;0;0;0;6422;1;0;0;0
FR;0;2021-01-05;6676;2;0;0;0;13098;3;0;0;0
FR;0;2021-01-06;12249;2;0;0;0;25347;5;0;0;0
FR;0;2021-01-07;29428;2;0;0;0;54775;7;0;0;0
FR;0;2021-01-08;37189;2;0;0;0;91964;9;0;0;0
FR;0;2021-01-09;11214;2;0;0;0;103178;11;0;0;0
FR;0;2021-01-10;6033;0;0;0;0;109211;11;0;0;0
FR;0;2021-01-11;39923;5;0;0;0;149134;16;0;0;0
FR;0;2021-01-12;62110;6;0;0;0;211244;22;0;0;0
FR;0;2021-01-13;65050;13;0;0;0;276294;35;0;0;0
FR;0;2021-01-14;83127;17;0;0;0;359421;52;0;0;0
FR;0;2021-01-15;68976;4;0;0;0;428397;56;0;0;0
FR;0;2021-01-16;20205;75;0;0;0;448602;131;0;0;0
FR;0;2021-01-17;11010;45;0;0;0;459612;176;0;0;0
FR;0;2021-01-18;85834;164;0;0;0;545446;340;0;0;0
FR;0;2021-01-19;130585;139;0;0;0;676031;479;0;0;0
FR;0;2021-01-20;137540;168;0;0;0;813571;647;0;0;0
FR;0;2021-01-21;158370;145;0;0;0;971941;792;0;0;0
FR;0;2021-01-22;121018;175;0;0;0;1092959;967;0;0;0
FR;0;2021-01-23;38457;56;0;0;0;1131416;1023;0;0;0
FR;0;2021-01-24;9756;47;0;0;0;1141172;1070;0;0;0
FR;0;2021-01-25;78222;1221;0;0;0;1219394;2291;0;0;0
FR;0;2021-01-26;100350;3131;1;0;0;1319744;5422;1;0;0
FR;0;2021-01-27;107221;5601;0;0;0;1426965;11023;1;0;0
FR;0;2021-01-28;124319;14355;0;0;0;1551284;25378;1;0;0
FR;0;2021-01-29;92150;17302;0;0;0;1643434;42680;1;0;0
FR;0;2021-01-30;29098;4219;0;0;0;1672532;46899;1;0;0
FR;0;2021-01-31;5218;1691;0;0;0;1677750;48590;1;0;0
FR;0;2021-02-01;53208;21129;0;0;0;1730958;69719;1;0;0
FR;0;2021-02-02;72264;34583;0;0;0;1803222;104302;1;0;0
FR;0;2021-02-03;72258;36977;0;0;0;1875480;141279;1;0;0
FR;0;2021-02-04;82028;50101;0;0;0;1957508;191380;1;0;0
FR;0;2021-02-05;68204;45330;0;0;0;2025712;236710;1;0;0
FR;0;2021-02-06;23147;10432;0;0;0;2048859;247142;1;0;0
FR;0;2021-02-07;5185;5042;0;0;0;2054044;252184;1;0;0
FR;0;2021-02-08;46812;46017;0;0;0;2100856;298201;1;0;0
FR;0;2021-02-09;65984;72434;0;0;0;2166840;370635;1;0;0
FR;0;2021-02-10;70962;76689;0;0;0;2237802;447324;1;0;0
FR;0;2021-02-11;87208;99064;0;0;0;2325010;546388;1;0;0
FR;0;2021-02-12;79264;74252;0;0;0;2404274;620640;1;0;0
FR;0;2021-02-13;22335;19496;0;0;0;2426609;640136;1;0;0
FR;0;2021-02-14;5060;7227;0;0;0;2431669;647363;1;0;0
FR;0;2021-02-15;38050;76499;0;0;0;2469719;723862;1;0;0
FR;0;2021-02-16;50341;100604;0;0;0;2520060;824466;1;0;0
FR;0;2021-02-17;50476;102992;1;0;0;2570536;927458;2;0;0
FR;0;2021-02-18;69719;118524;0;0;0;2640255;1045982;2;0;0
FR;0;2021-02-19;65035;90649;1;0;0;2705290;1136631;3;0;0
FR;0;2021-02-20;18574;28405;0;0;0;2723864;1165036;3;0;0
FR;0;2021-02-21;3305;6380;0;0;0;2727169;1171416;3;0;0
FR;0;2021-02-22;37466;73072;2;0;0;2764635;1244488;5;0;0
FR;0;2021-02-23;53747;83994;1;0;0;2818382;1328482;6;0;0
FR;0;2021-02-24;59951;81040;1;0;0;2878333;1409522;7;0;0
FR;0;2021-02-25;100528;91275;1;0;0;2978861;1500797;8;0;0
FR;0;2021-02-26;113405;70930;0;0;0;3092266;1571727;8;0;0
FR;0;2021-02-27;52086;21971;0;0;0;3144352;1593698;8;0;0
FR;0;2021-02-28;6191;4421;1;0;0;3150543;1598119;9;0;0
FR;0;2021-03-01;65857;52740;1;0;0;3216400;1650859;10;0;0
FR;0;2021-03-02;101330;66180;2;0;0;3317730;1717039;12;0;0
FR;0;2021-03-03;116424;65456;0;0;0;3434154;1782495;12;0;0
FR;0;2021-03-04;163538;68900;3;0;0;3597692;1851395;15;0;0
FR;0;2021-03-05;200852;63238;3;0;0;3798544;1914633;18;0;0
FR;0;2021-03-06;207927;17789;3;0;0;4006471;1932422;21;0;0
FR;0;2021-03-07;121254;5430;1;0;0;4127725;1937852;22;0;0
FR;0;2021-03-08;107105;50730;2;0;0;4234830;1988582;24;0;0
FR;0;2021-03-09;172375;56707;2;0;0;4407205;2045289;26;0;0
FR;0;2021-03-10;178873;57178;5;0;0;4586078;2102467;31;0;0
FR;0;2021-03-11;242748;63030;2;0;0;4828826;2165497;33;0;0
FR;0;2021-03-12;294745;53456;0;0;0;5123571;2218953;33;0;0
FR;0;2021-03-13;231347;15282;1;0;0;5354918;2234235;34;0;0
FR;0;2021-03-14;63326;3418;1;0;0;5418244;2237653;35;0;0
FR;0;2021-03-15;158549;32618;3;0;0;5576793;2270271;38;0;0
FR;0;2021-03-16;141571;39512;5;0;0;5718364;2309783;43;0;0
FR;0;2021-03-17;150427;38772;5;0;0;5868791;2348555;48;0;0
FR;0;2021-03-18;167797;44605;5;0;0;6036588;2393160;53;0;0
FR;0;2021-03-19;229978;37418;2;0;0;6266566;2430578;55;0;0
FR;0;2021-03-20;166653;11763;1;0;0;6433219;2442341;56;0;0
FR;0;2021-03-21;49888;2626;1;0;0;6483107;2444967;57;0;0
FR;0;2021-03-22;169920;34244;2;0;0;6653027;2479211;59;0;0
FR;0;2021-03-23;250294;42397;1;0;0;6903321;2521608;60;0;0
FR;0;2021-03-24;256843;43856;0;0;0;7160164;2565464;60;0;0
FR;0;2021-03-25;341720;44713;5;0;0;7501884;2610177;65;0;0
FR;0;2021-03-26;358722;41836;4;0;0;7860606;2652013;69;0;0
FR;0;2021-03-27;195220;16635;1;0;0;8055826;2668648;70;0;0
FR;0;2021-03-28;59298;3770;3;0;0;8115124;2672418;73;0;0
FR;0;2021-03-29;202900;54259;4;0;0;8318024;2726677;77;0;0
FR;0;2021-03-30;285336;69586;4;0;0;8603360;2796263;81;0;0
FR;0;2021-03-31;262921;72876;4;0;0;8866281;2869139;85;0;0
FR;0;2021-04-01;315416;87796;12;0;0;9181697;2956935;97;0;0
FR;0;2021-04-02;281260;92074;7;0;0;9462957;3049009;104;0;0
FR;0;2021-04-03;141049;61791;5;0;0;9604006;3110800;109;0;0
FR;0;2021-04-04;46408;18679;2;0;0;9650414;3129479;111;0;0
FR;0;2021-04-05;63475;10992;11;0;0;9713889;3140471;122;0;0
FR;0;2021-04-06;217068;107809;16;0;0;9930957;3248280;138;0;0
FR;0;2021-04-07;260150;115334;17;0;0;10191107;3363614;155;0;0
FR;0;2021-04-08;337653;121321;14;0;0;10528760;3484935;169;0;0
FR;0;2021-04-09;410041;116393;49;0;0;10938801;3601328;218;0;0
FR;0;2021-04-10;212555;82669;15;0;0;11151356;3683997;233;0;0
FR;0;2021-04-11;56046;34558;7;0;0;11207402;3718555;240;0;0
FR;0;2021-04-12;236922;115100;45;0;0;11444324;3833655;285;0;0
FR;0;2021-04-13;309365;144744;97;1;0;11753689;3978399;382;1;0
FR;0;2021-04-14;294390;139268;210;0;0;12048079;4117667;592;1;0
FR;0;2021-04-15;337096;147720;336;0;0;12385175;4265387;928;1;0
FR;0;2021-04-16;339186;145617;352;0;0;12724361;4411004;1280;1;0
FR;0;2021-04-17;188603;90167;108;0;0;12912964;4501171;1388;1;0
FR;0;2021-04-18;51566;35420;45;0;0;12964530;4536591;1433;1;0
FR;0;2021-04-19;205515;138200;453;0;0;13170045;4674791;1886;1;0
FR;0;2021-04-20;254282;170529;568;0;0;13424327;4845320;2454;1;0
FR;0;2021-04-21;253105;168714;830;0;0;13677432;5014034;3284;1;0
FR;0;2021-04-22;287358;188125;818;0;0;13964790;5202159;4102;1;0
FR;0;2021-04-23;297978;183086;742;0;0;14262768;5385245;4844;1;0
FR;0;2021-04-24;190395;111492;247;0;0;14453163;5496737;5091;1;0
FR;0;2021-04-25;69458;38826;51;0;0;14522621;5535563;5142;1;0
FR;0;2021-04-26;220846;155921;556;0;0;14743467;5691484;5698;1;0
FR;0;2021-04-27;284498;187260;937;0;0;15027965;5878744;6635;1;0
FR;0;2021-04-28;299380;183037;1419;1;1;15327345;6061781;8054;2;1
FR;0;2021-04-29;357000;195984;1274;0;0;15684345;6257765;9328;2;1
FR;0;2021-04-30;372106;184638;1118;1;0;16056451;6442403;10446;3;1
FR;0;2021-05-01;167620;52517;178;0;0;16224071;6494920;10624;3;1
FR;0;2021-05-02;91768;37785;82;0;0;16315839;6532705;10706;3;1
FR;0;2021-05-03;289100;169442;836;0;0;16604939;6702147;11542;3;1
FR;0;2021-05-04;315555;224192;1230;0;0;16920494;6926339;12772;3;1
FR;0;2021-05-05;327253;224362;1310;0;0;17247747;7150701;14082;3;1
FR;0;2021-05-06;379368;238989;1621;0;0;17627115;7389690;15703;3;1
FR;0;2021-05-07;372745;257043;1222;0;0;17999860;7646733;16925;3;1
FR;0;2021-05-08;222100;66825;296;0;0;18221960;7713558;17221;3;1
FR;0;2021-05-09;129641;46665;243;0;0;18351601;7760223;17464;3;1
FR;0;2021-05-10;313346;228713;1226;0;0;18664947;7988936;18690;3;1
FR;0;2021-05-11;403802;257829;1561;0;0;19068749;8246765;20251;3;1
FR;0;2021-05-12;434026;232995;1532;0;0;19502775;8479760;21783;3;1
FR;0;2021-05-13;338530;56947;428;0;0;19841305;8536707;22211;3;1
FR;0;2021-05-14;454316;167254;1113;0;0;20295621;8703961;23324;3;1
FR;0;2021-05-15;374936;93933;442;0;0;20670557;8797894;23766;3;1
FR;0;2021-05-16;202683;20781;168;0;0;20873240;8818675;23934;3;1
FR;0;2021-05-17;376055;148968;1544;0;0;21249295;8967643;25478;3;1
FR;0;2021-05-18;459882;152979;1984;0;0;21709177;9120622;27462;3;1
FR;0;2021-05-19;467266;145102;2445;0;0;22176443;9265724;29907;3;1
FR;0;2021-05-20;507423;160159;2325;0;0;22683866;9425883;32232;3;1
FR;0;2021-05-21;489560;174339;1983;0;0;23173426;9600222;34215;3;1
FR;0;2021-05-22;347086;79766;667;0;0;23520512;9679988;34882;3;1
FR;0;2021-05-23;161618;14418;246;0;0;23682130;9694406;35128;3;1
FR;0;2021-05-24;263111;33209;597;0;0;23945241;9727615;35725;3;1
FR;0;2021-05-25;400061;189096;2340;1;0;24345302;9916711;38065;4;1
FR;0;2021-05-26;413335;188040;2210;0;0;24758637;10104751;40275;4;1
FR;0;2021-05-27;449661;218426;2149;0;0;25208298;10323177;42424;4;1
FR;0;2021-05-28;429479;259338;1883;0;0;25637777;10582515;44307;4;1
FR;0;2021-05-29;298914;149282;582;0;0;25936691;10731797;44889;4;1
FR;0;2021-05-30;107051;32578;162;0;0;26043742;10764375;45051;4;1
FR;0;2021-05-31;357863;203510;1463;1;1;26401605;10967885;46514;5;2
FR;0;2021-06-01;431163;251404;1952;1;1;26832768;11219289;48466;6;3
FR;0;2021-06-02;419649;230663;1971;0;0;27252417;11449952;50437;6;3
FR;0;2021-06-03;464446;258469;1815;0;0;27716863;11708421;52252;6;3
FR;0;2021-06-04;455588;304687;1721;1;1;28172451;12013108;53973;7;4
FR;0;2021-06-05;304726;188932;651;0;0;28477177;12202040;54624;7;4
FR;0;2021-06-06;133298;49107;226;0;0;28610475;12251147;54850;7;4
FR;0;2021-06-07;338960;262125;1517;0;0;28949435;12513272;56367;7;4
FR;0;2021-06-08;393585;290938;1788;0;0;29343020;12804210;58155;7;4
FR;0;2021-06-09;384638;275651;1719;0;0;29727658;13079861;59874;7;4
FR;0;2021-06-10;404645;289176;1715;1;0;30132303;13369037;61589;8;4
FR;0;2021-06-11;386512;357259;1452;0;0;30518815;13726296;63041;8;4
FR;0;2021-06-12;283208;211272;487;0;0;30802023;13937568;63528;8;4
FR;0;2021-06-13;104815;74006;204;0;0;30906838;14011574;63732;8;4
FR;0;2021-06-14;240792;355850;1420;1;0;31147630;14367424;65152;9;4
FR;0;2021-06-15;307986;385773;1557;1;0;31455616;14753197;66709;10;4
FR;0;2021-06-16;313885;357660;1410;1;0;31769501;15110857;68119;11;4
FR;0;2021-06-17;317721;372095;1418;1;0;32087222;15482952;69537;12;4
FR;0;2021-06-18;321768;442353;1327;1;0;32408990;15925305;70864;13;4
FR;0;2021-06-19;224316;273734;445;0;0;32633306;16199039;71309;13;4
FR;0;2021-06-20;74361;102573;127;0;0;32707667;16301612;71436;13;4
FR;0;2021-06-21;195588;401941;1026;1;1;32903255;16703553;72462;14;5
FR;0;2021-06-22;223017;467287;1257;10;2;33126272;17170840;73719;24;7
FR;0;2021-06-23;233906;439778;1192;1;1;33360178;17610618;74911;25;8
FR;0;2021-06-24;241717;409399;1341;0;0;33601895;18020017;76252;25;8
FR;0;2021-06-25;228250;522120;1396;0;0;33830145;18542137;77648;25;8
FR;0;2021-06-26;153142;370657;583;1;0;33983287;18912794;78231;26;8
FR;0;2021-06-27;55849;156303;166;1;0;34039136;19069097;78397;27;8
FR;0;2021-06-28;154564;453062;1163;0;0;34193700;19522159;79560;27;8
FR;0;2021-06-29;182507;506539;2120;0;0;34376207;20028698;81680;27;8
FR;0;2021-06-30;203833;481494;2007;21;2;34580040;20510192;83687;48;10
FR;0;2021-07-01;231920;457720;2220;5;1;34811960;20967912;85907;53;11
FR;0;2021-07-02;228261;520217;2118;5;3;35040221;21488129;88025;58;14
FR;0;2021-07-03;141974;368715;910;3;1;35182195;21856844;88935;61;15
FR;0;2021-07-04;56698;141273;265;0;0;35238893;21998117;89200;61;15
FR;0;2021-07-05;168508;419362;1665;8;2;35407401;22417479;90865;69;17
FR;0;2021-07-06;196773;474821;1823;43;8;35604174;22892300;92688;112;25
FR;0;2021-07-07;213490;439312;1874;24;5;35817664;23331612;94562;136;30
FR;0;2021-07-08;231533;424141;2088;20;9;36049197;23755753;96650;156;39
FR;0;2021-07-09;228382;510274;2183;4;3;36277579;24266027;98833;160;42
FR;0;2021-07-10;148526;339832;982;1;1;36426105;24605859;99815;161;43
FR;0;2021-07-11;60111;110130;281;0;0;36486216;24715989;100096;161;43
FR;0;2021-07-12;169024;478193;1750;4;0;36655240;25194182;101846;165;43
FR;0;2021-07-13;287180;527483;2043;7;2;36942420;25721665;103889;172;45
FR;0;2021-07-14;180867;157810;432;0;0;37123287;25879475;104321;172;45
FR;0;2021-07-15;346957;502560;2095;1;0;37470244;26382035;106416;173;45
FR;0;2021-07-16;379895;496084;2020;3;1;37850139;26878119;108436;176;46
FR;0;2021-07-17;259680;319829;876;1;0;38109819;27197948;109312;177;46
FR;0;2021-07-18;109690;114839;310;0;0;38219509;27312787;109622;177;46
FR;0;2021-07-19;285375;425370;1626;3;0;38504884;27738157;111248;180;46
FR;0;2021-07-20;376843;452718;1720;0;0;38881727;28190875;112968;180;46
FR;0;2021-07-21;395654;408164;1547;4;2;39277381;28599039;114515;184;48
FR;0;2021-07-22;440783;388453;1710;4;2;39718164;28987492;116225;188;50
FR;0;2021-07-23;438482;423313;1876;4;2;40156646;29410805;118101;192;52
FR;0;2021-07-24;285175;269731;802;1;0;40441821;29680536;118903;193;52
FR;0;2021-07-25;121039;80085;225;0;0;40562860;29760621;119128;193;52
FR;0;2021-07-26;347234;323539;1613;3;2;40910094;30084160;120741;196;54
FR;0;2021-07-27;463885;320579;1697;4;2;41373979;30404739;122438;200;56
FR;0;2021-07-28;459325;290275;1634;4;2;41833304;30695014;124072;204;58
FR;0;2021-07-29;489773;277205;1793;2;1;42323077;30972219;125865;206;59
FR;0;2021-07-30;461617;303072;1935;5;2;42784694;31275291;127800;211;61
FR;0;2021-07-31;285278;185032;911;1;0;43069972;31460323;128711;212;61
FR;0;2021-08-01;111962;50004;248;0;0;43181934;31510327;128959;212;61
FR;0;2021-08-02;341582;234657;1596;1;0;43523516;31744984;130555;213;61
FR;0;2021-08-03;398549;245256;1713;2;1;43922065;31990240;132268;215;62
FR;0;2021-08-04;384714;210223;1589;5;3;44306779;32200463;133857;220;65
FR;0;2021-08-05;366030;228978;1705;0;0;44672809;32429441;135562;220;65
FR;0;2021-08-06;359491;271896;1832;4;1;45032300;32701337;137394;224;66
FR;0;2021-08-07;212985;178376;755;4;3;45245285;32879713;138149;228;69
FR;0;2021-08-08;74085;63267;268;0;0;45319370;32942980;138417;228;69
FR;0;2021-08-09;258590;259847;1537;4;3;45577960;33202827;139954;232;72
FR;0;2021-08-10;306768;278457;1652;2;1;45884728;33481284;141606;234;73
FR;0;2021-08-11;279557;260525;1435;5;1;46164285;33741809;143041;239;74
FR;0;2021-08-12;271283;278710;1655;3;1;46435568;34020519;144696;242;75
FR;0;2021-08-13;252036;277807;1585;3;2;46687604;34298326;146281;245;77
FR;0;2021-08-14;145226;197390;739;0;0;46832830;34495716;147020;245;77
FR;0;2021-08-15;39231;50107;211;1;0;46872061;34545823;147231;246;77
FR;0;2021-08-16;185589;318292;1538;0;0;47057650;34864115;148769;246;77
FR;0;2021-08-17;215419;336780;1631;5;1;47273069;35200895;150400;251;78
FR;0;2021-08-18;198877;325001;1582;7;4;47471946;35525896;151982;258;82
FR;0;2021-08-19;191836;325640;1627;1;0;47663782;35851536;153609;259;82
FR;0;2021-08-20;186231;365696;1803;3;2;47850013;36217232;155412;262;84
FR;0;2021-08-21;104689;238165;700;0;0;47954702;36455397;156112;262;84
FR;0;2021-08-22;31864;87198;252;1;1;47986566;36542595;156364;263;85
FR;0;2021-08-23;140824;357334;1554;3;2;48127390;36899929;157918;266;87
FR;0;2021-08-24;162379;376963;1834;5;1;48289769;37276892;159752;271;88
FR;0;2021-08-25;151006;350919;2026;8;3;48440775;37627811;161778;279;91
FR;0;2021-08-26;142736;342875;2549;10;1;48583511;37970686;164327;289;92
FR;0;2021-08-27;148276;387701;2786;11;4;48731787;38358387;167113;300;96
FR;0;2021-08-28;90544;249503;1403;0;0;48822331;38607890;168516;300;96
FR;0;2021-08-29;27292;83292;510;1;0;48849623;38691182;169026;301;96
FR;0;2021-08-30;117283;324906;4705;6;6081;48966906;39016088;173731;307;6177
FR;0;2021-08-31;128630;334716;10153;17;11881;49095536;39350804;183884;324;18058
FR;0;2021-09-01;135422;285613;22393;7;24169;49230958;39636417;206277;331;42227
FR;0;2021-09-02;112962;247335;26479;12;28763;49343920;39883752;232756;343;70990
FR;0;2021-09-03;118302;292747;29927;24;32839;49462222;40176499;262683;367;103829
FR;0;2021-09-04;89576;217680;12575;12;13995;49551798;40394179;275258;379;117824
FR;0;2021-09-05;21341;44894;4385;2;4723;49573139;40439073;279643;381;122547
FR;0;2021-09-06;75339;180912;31922;16;34098;49648478;40619985;311565;397;156645
FR;0;2021-09-07;79114;181276;33220;40;35986;49727592;40801261;344785;437;192631
FR;0;2021-09-08;88918;206123;29632;26;32232;49816510;41007384;374417;463;224863
FR;0;2021-09-09;75880;165310;33005;26;36331;49892390;41172694;407422;489;261194
FR;0;2021-09-10;95270;203574;35682;26;40314;49987660;41376268;443104;515;301508
FR;0;2021-09-11;66203;169146;12117;18;14179;50053863;41545414;455221;533;315687
FR;0;2021-09-12;12713;32092;2760;2;3138;50066576;41577506;457981;535;318825
FR;0;2021-09-13;64339;126401;41155;32;43741;50130915;41703907;499136;567;362566
FR;0;2021-09-14;73250;129223;56270;80;61605;50204165;41833130;555406;647;424171
FR;0;2021-09-15;76518;167761;55572;58;54662;50280683;42000891;610978;705;478833
FR;0;2021-09-16;63808;114423;59970;86;59886;50344491;42115314;670948;791;538719
FR;0;2021-09-17;75007;156798;53773;71;57133;50419498;42272112;724721;862;595852
FR;0;2021-09-18;48143;139514;15587;25;17267;50467641;42411626;740308;887;613119
FR;0;2021-09-19;7852;23720;2427;2;2620;50475493;42435346;742735;889;615739
FR;0;2021-09-20;45292;93898;49968;75;50111;50520785;42529244;792703;964;665850
FR;0;2021-09-21;45730;98449;62651;78;63209;50566515;42627693;855354;1042;729059
FR;0;2021-09-22;48532;142144;55261;84;55203;50615047;42769837;910615;1126;784262
FR;0;2021-09-23;43107;91789;62295;95;63262;50658154;42861626;972910;1221;847524
FR;0;2021-09-24;52158;132758;54478;110;58977;50710312;42994384;1027388;1331;906501
FR;0;2021-09-25;35127;115338;16255;37;18221;50745439;43109722;1043643;1368;924722
FR;0;2021-09-26;5530;17827;2259;4;2341;50750969;43127549;1045902;1372;927063
FR;0;2021-09-27;33919;76974;47132;95;48067;50784888;43204523;1093034;1467;975130
FR;0;2021-09-28;36430;75244;54861;88;56352;50821318;43279767;1147895;1555;1031482
FR;0;2021-09-29;44273;100756;53257;111;54695;50865591;43380523;1201152;1666;1086177
FR;0;2021-09-30;36195;71910;56928;96;59333;50901786;43452433;1258080;1762;1145510
FR;0;2021-10-01;61758;100406;57736;108;63604;50963544;43552839;1315816;1870;1209114
FR;0;2021-10-02;38964;78191;20939;38;23276;51002508;43631030;1336755;1908;1232390
FR;0;2021-10-03;5234;10589;2516;4;2554;51007742;43641619;1339271;1912;1234944
FR;0;2021-10-04;34683;58389;52571;83;54738;51042425;43700008;1391842;1995;1289682
FR;0;2021-10-05;33295;64267;60906;135;64802;51075720;43764275;1452748;2130;1354484
FR;0;2021-10-06;42160;79067;65629;113;68111;51117880;43843342;1518377;2243;1422595
FR;0;2021-10-07;30269;61972;65326;90;68578;51148149;43905314;1583703;2333;1491173
FR;0;2021-10-08;48437;91641;77658;110;84492;51196586;43996955;1661361;2443;1575665
FR;0;2021-10-09;33463;60716;31497;35;33822;51230049;44057671;1692858;2478;1609487
FR;0;2021-10-10;4542;7370;3179;9;3469;51234591;44065041;1696037;2487;1612956
FR;0;2021-10-11;30476;49923;60981;105;63974;51265067;44114964;1757018;2592;1676930
FR;0;2021-10-12;31200;54411;70509;138;75711;51296267;44169375;1827527;2730;1752641
FR;0;2021-10-13;39917;62671;74371;135;79181;51336184;44232046;1901898;2865;1831822
FR;0;2021-10-14;30289;52706;68689;115;73654;51366473;44284752;1970587;2980;1905476
FR;0;2021-10-15;44625;74994;93178;191;102864;51411098;44359746;2063765;3171;2008340
FR;0;2021-10-16;31145;44007;36667;45;39580;51442243;44403753;2100432;3216;2047920
FR;0;2021-10-17;3816;5250;3586;2;3690;51446059;44409003;2104018;3218;2051610
FR;0;2021-10-18;27264;41491;67439;133;71286;51473323;44450494;2171457;3351;2122896
FR;0;2021-10-19;26907;43083;76344;141;81559;51500230;44493577;2247801;3492;2204455
FR;0;2021-10-20;35194;52232;96864;179;101363;51535424;44545809;2344665;3671;2305818
FR;0;2021-10-21;25810;45144;83872;113;89037;51561234;44590953;2428537;3784;2394855
FR;0;2021-10-22;38158;62091;104810;199;112389;51599392;44653044;2533347;3983;2507244
FR;0;2021-10-23;26845;40811;45417;57;48578;51626237;44693855;2578764;4040;2555822
FR;0;2021-10-24;2904;4777;3675;6;3943;51629141;44698632;2582439;4046;2559765
FR;0;2021-10-25;25927;36247;82261;144;86547;51655068;44734879;2664700;4190;2646312
FR;0;2021-10-26;23628;34956;87162;166;92231;51678696;44769835;2751862;4356;2738543
FR;0;2021-10-27;29937;46328;108917;258;114549;51708633;44816163;2860779;4614;2853092
FR;0;2021-10-28;23275;34737;88620;153;94296;51731908;44850900;2949399;4767;2947388
FR;0;2021-10-29;31442;50951;117226;205;125139;51763350;44901851;3066625;4972;3072527
FR;0;2021-10-30;20365;33004;50299;78;53326;51783715;44934855;3116924;5050;3125853
FR;0;2021-10-31;2488;3807;3581;3;3876;51786203;44938662;3120505;5053;3129729
FR;0;2021-11-01;7889;4585;3184;3;3527;51794092;44943247;3123689;5056;3133256
FR;0;2021-11-02;24955;39918;93492;156;99380;51819047;44983165;3217181;5212;3232636
FR;0;2021-11-03;29526;47634;118796;218;125686;51848573;45030799;3335977;5430;3358322
FR;0;2021-11-04;23556;37380;107444;217;114243;51872129;45068179;3443421;5647;3472565
FR;0;2021-11-05;32176;52682;141535;233;151154;51904305;45120861;3584956;5880;3623719
FR;0;2021-11-06;21361;34457;64817;123;68174;51925666;45155318;3649773;6003;3691893
FR;0;2021-11-07;2361;4284;5161;6;5591;51928027;45159602;3654934;6009;3697484
FR;0;2021-11-08;20220;37764;127085;227;134088;51948247;45197366;3782019;6236;3831572
FR;0;2021-11-09;21976;44752;161562;342;172006;51970223;45242118;3943581;6578;4003578
FR;0;2021-11-10;31127;54712;186874;445;198534;52001350;45296830;4130455;7023;4202112
FR;0;2021-11-11;3992;6368;12897;28;13872;52005342;45303198;4143352;7051;4215984
FR;0;2021-11-12;28932;55066;183672;249;197185;52034274;45358264;4327024;7300;4413169
FR;0;2021-11-13;20183;32637;80651;117;86257;52054457;45390901;4407675;7417;4499426
FR;0;2021-11-14;2300;3988;7153;6;7878;52056757;45394889;4414828;7423;4507304
FR;0;2021-11-15;20182;38746;160710;312;171363;52076939;45433635;4575538;7735;4678667
FR;0;2021-11-16;23161;43897;200243;392;214722;52100100;45477532;4775781;8127;4893389
FR;0;2021-11-17;30217;50365;199738;407;212720;52130317;45527897;4975519;8534;5106109
FR;0;2021-11-18;23212;43812;191521;469;205289;52153529;45571709;5167040;9003;5311398
FR;0;2021-11-19;33578;61307;243061;548;261938;52187107;45633016;5410101;9551;5573336
FR;0;2021-11-20;25217;36621;102082;205;109612;52212324;45669637;5512183;9756;5682948
FR;0;2021-11-21;2609;4611;9628;18;10659;52214933;45674248;5521811;9774;5693607
FR;0;2021-11-22;22681;33218;180227;470;194643;52237614;45707466;5702038;10244;5888250
FR;0;2021-11-23;25428;45494;229228;547;247565;52263042;45752960;5931266;10791;6135815
FR;0;2021-11-24;31702;53616;224694;718;243039;52294744;45806576;6155960;11509;6378854
FR;0;2021-11-25;25318;48851;255772;740;277463;52320062;45855427;6411732;12249;6656317
FR;0;2021-11-26;33110;74610;379303;865;414437;52353172;45930037;6791035;13114;7070754
FR;0;2021-11-27;23164;49388;214806;389;236507;52376336;45979425;7005841;13503;7307261
FR;0;2021-11-28;3473;10605;56711;66;63342;52379809;45990030;7062552;13569;7370603
FR;0;2021-11-29;19316;54098;341322;864;371419;52399125;46044128;7403874;14433;7742022
FR;0;2021-11-30;24415;71850;457198;985;500525;52423540;46115978;7861072;15418;8242547
FR;0;2021-12-01;26491;75680;468904;1158;511033;52450031;46191658;8329976;16576;8753580
FR;0;2021-12-02;21829;71577;526922;1275;574592;52471860;46263235;8856898;17851;9328172
FR;0;2021-12-03;25466;92320;596174;1416;650810;52497326;46355555;9453072;19267;9978982
FR;0;2021-12-04;18262;60421;336115;690;369607;52515588;46415976;9789187;19957;10348589
FR;0;2021-12-05;4138;16301;95742;156;107075;52519726;46432277;9884929;20113;10455664
FR;0;2021-12-06;19210;72974;492973;1171;539759;52538936;46505251;10377902;21284;10995423
FR;0;2021-12-07;23248;91666;645157;1768;705978;52562184;46596917;11023059;23052;11701401
FR;0;2021-12-08;25193;92022;591383;1871;647271;52587377;46688939;11614442;24923;12348672
FR;0;2021-12-09;23911;94098;662854;2180;726032;52611288;46783037;12277296;27103;13074704
FR;0;2021-12-10;27181;110986;735836;2072;805849;52638469;46894023;13013132;29175;13880553
FR;0;2021-12-11;20232;75924;435084;983;480270;52658701;46969947;13448216;30158;14360823
FR;0;2021-12-12;5606;23211;142238;262;159230;52664307;46993158;13590454;30420;14520053
FR;0;2021-12-13;21015;91089;587443;1699;649110;52685322;47084247;14177897;32119;15169163
FR;0;2021-12-14;26961;118458;765292;2644;847258;52712283;47202705;14943189;34763;16016421
FR;0;2021-12-15;28101;114142;694101;2263;768793;52740384;47316847;15637290;37026;16785214
FR;0;2021-12-16;27877;115917;763843;2555;844250;52768261;47432764;16401133;39581;17629464
FR;0;2021-12-17;31473;128664;807693;2710;891899;52799734;47561428;17208826;42291;18521363
FR;0;2021-12-18;24921;81631;469914;1178;522161;52824655;47643059;17678740;43469;19043524
FR;0;2021-12-19;8742;28940;169391;378;191261;52833397;47671999;17848131;43847;19234785
FR;0;2021-12-20;31665;97389;591480;1787;658775;52865062;47769388;18439611;45634;19893560
FR;0;2021-12-21;39166;112169;682300;2390;759444;52904228;47881557;19121911;48024;20653004
FR;0;2021-12-22;39425;99444;575596;2165;642007;52943653;47981001;19697507;50189;21295011
FR;0;2021-12-23;33673;79615;441143;1647;494577;52977326;48060616;20138650;51836;21789588
FR;0;2021-12-24;10628;26062;111033;396;126734;52987954;48086678;20249683;52232;21916322
FR;0;2021-12-25;763;3486;7598;25;9078;52988717;48090164;20257281;52257;21925400
FR;0;2021-12-26;4698;11895;52087;139;60155;52993415;48102059;20309368;52396;21985555
FR;0;2021-12-27;30261;83773;453601;1365;509211;53023676;48185832;20762969;53761;22494766
FR;0;2021-12-28;38261;98857;564200;1765;632275;53061937;48284689;21327169;55526;23127041
FR;0;2021-12-29;39821;88321;501191;1686;561019;53101758;48373010;21828360;57212;23688060
FR;0;2021-12-30;35843;74777;421052;1519;471189;53137601;48447787;22249412;58731;24159249
FR;0;2021-12-31;11824;25041;116973;405;131742;53149425;48472828;22366385;59136;24290991
FR;0;2022-01-01;1226;3201;8541;37;9962;53150651;48476029;22374926;59173;24300953
FR;0;2022-01-02;6065;13009;58474;124;67028;53156716;48489038;22433400;59297;24367981
FR;0;2022-01-03;31604;87538;495984;1591;552593;53188320;48576576;22929384;60888;24920574
FR;0;2022-01-04;40548;110500;641830;2303;714710;53228868;48687076;23571214;63191;25635284
FR;0;2022-01-05;59580;102876;569981;1981;634946;53288448;48789952;24141195;65172;26270230
FR;0;2022-01-06;43778;109929;639575;2688;711994;53332226;48899881;24780770;67860;26982224
FR;0;2022-01-07;50424;122672;711974;2806;791351;53382650;49022553;25492744;70666;27773575
FR;0;2022-01-08;44899;80305;423920;1208;472982;53427549;49102858;25916664;71874;28246557
FR;0;2022-01-09;15592;26821;128597;299;145783;53443141;49129679;26045261;72173;28392340
FR;0;2022-01-10;34835;86201;471653;1810;524504;53477976;49215880;26516914;73983;28916844
FR;0;2022-01-11;41516;99665;549116;2305;609358;53519492;49315545;27066030;76288;29526202
FR;0;2022-01-12;59977;95014;453559;1964;505205;53579469;49410559;27519589;78252;30031407
FR;0;2022-01-13;37761;92004;488115;2079;541763;53617230;49502563;28007704;80331;30573170
FR;0;2022-01-14;42242;103187;569875;2283;630350;53659472;49605750;28577579;82614;31203520
FR;0;2022-01-15;39282;65917;340389;979;377854;53698754;49671667;28917968;83593;31581374
FR;0;2022-01-16;11381;20723;87422;215;99515;53710135;49692390;29005390;83808;31680889
FR;0;2022-01-17;24546;62123;322212;1378;356159;53734681;49754513;29327602;85186;32037048
FR;0;2022-01-18;28062;70250;362147;1797;398669;53762743;49824763;29689749;86983;32435717
FR;0;2022-01-19;42957;68789;282320;1448;312153;53805700;49893552;29972069;88431;32747870
FR;0;2022-01-20;23335;61228;300302;1737;329802;53829035;49954780;30272371;90168;33077672
FR;0;2022-01-21;27928;70355;368064;2076;402909;53856963;50025135;30640435;92244;33480581
FR;0;2022-01-22;27593;47792;219143;838;242123;53884556;50072927;30859578;93082;33722704
FR;0;2022-01-23;6693;13873;48682;171;55238;53891249;50086800;30908260;93253;33777942
FR;0;2022-01-24;16179;49442;218587;1132;240684;53907428;50136242;31126847;94385;34018626
FR;0;2022-01-25;18887;56237;243926;1545;268003;53926315;50192479;31370773;95930;34286629
FR;0;2022-01-26;28064;61279;209908;1291;230008;53954379;50253758;31580681;97221;34516637
FR;0;2022-01-27;16246;47676;208263;1264;226489;53970625;50301434;31788944;98485;34743126
FR;0;2022-01-28;21442;77354;290734;1573;322236;53992067;50378788;32079678;100058;35065362
FR;0;2022-01-29;18386;54686;184360;683;204871;54010453;50433474;32264038;100741;35270233
FR;0;2022-01-30;4461;15690;39132;121;45120;54014914;50449164;32303170;100862;35315353
FR;0;2022-01-31;11187;44060;148369;738;165025;54026101;50493224;32451539;101600;35480378
FR;0;2022-02-01;12572;48794;174610;1132;191872;54038673;50542018;32626149;102732;35672250
FR;0;2022-02-02;19652;66634;171778;1016;190418;54058325;50608652;32797927;103748;35862668
FR;0;2022-02-03;10862;45431;157592;971;173399;54069187;50654083;32955519;104719;36036067
FR;0;2022-02-04;14427;68170;239174;1258;264196;54083614;50722253;33194693;105977;36300263
FR;0;2022-02-05;12566;52982;153533;522;172364;54096180;50775235;33348226;106499;36472627
FR;0;2022-02-06;2700;13264;28870;98;33845;54098880;50788499;33377096;106597;36506472
FR;0;2022-02-07;9185;47224;156819;582;176327;54108065;50835723;33533915;107179;36682799
FR;0;2022-02-08;9476;42450;166538;863;184281;54117541;50878173;33700453;108042;36867080
FR;0;2022-02-09;14060;57455;172273;862;192907;54131601;50935628;33872726;108904;37059987
FR;0;2022-02-10;8179;37860;150063;871;166446;54139780;50973488;34022789;109775;37226433
FR;0;2022-02-11;10703;55250;218329;1092;242879;54150483;51028738;34241118;110867;37469312
FR;0;2022-02-12;8280;40817;134653;460;151658;54158763;51069555;34375771;111327;37620970
FR;0;2022-02-13;1878;8557;26519;81;30876;54160641;51078112;34402290;111408;37651846
FR;0;2022-02-14;6839;35000;148228;478;166218;54167480;51113112;34550518;111886;37818064
FR;0;2022-02-15;6803;35242;146721;748;162237;54174283;51148354;34697239;112634;37980301
FR;0;2022-02-16;9231;42274;132364;715;146527;54183514;51190628;34829603;113349;38126828
FR;0;2022-02-17;5307;23395;87156;580;94645;54188821;51214023;34916759;113929;38221473
FR;0;2022-02-18;6816;33031;119469;799;129090;54195637;51247054;35036228;114728;38350563
FR;0;2022-02-19;5297;24391;69946;368;77233;54200934;51271445;35106174;115096;38427796
FR;0;2022-02-20;1121;4592;12118;38;13887;54202055;51276037;35118292;115134;38441683
FR;0;2022-02-21;3950;17692;61834;351;67048;54206005;51293729;35180126;115485;38508731
FR;0;2022-02-22;4297;18386;60681;564;64296;54210302;51312115;35240807;116049;38573027
FR;0;2022-02-23;6461;26934;66324;589;71689;54216763;51339049;35307131;116638;38644716
FR;0;2022-02-24;3679;14890;50209;512;52988;54220442;51353939;35357340;117150;38697704
FR;0;2022-02-25;5121;23316;76122;799;79820;54225563;51377255;35433462;117949;38777524
FR;0;2022-02-26;3935;17440;47301;354;51358;54229498;51394695;35480763;118303;38828882
FR;0;2022-02-27;853;2969;7995;47;8901;54230351;51397664;35488758;118350;38837783
FR;0;2022-02-28;3012;11970;40340;349;42764;54233363;51409634;35529098;118699;38880547
FR;0;2022-03-01;2914;11928;43174;416;43815;54236277;51421562;35572272;119115;38924362
FR;0;2022-03-02;4952;17261;46275;428;48201;54241229;51438823;35618547;119543;38972563
FR;0;2022-03-03;2560;8585;29130;337;29216;54243789;51447408;35647677;119880;39001779
FR;0;2022-03-04;3100;11984;39781;637;38881;54246889;51459392;35687458;120517;39040660
FR;0;2022-03-05;2855;9118;24641;303;24772;54249744;51468510;35712099;120820;39065432
FR;0;2022-03-06;490;1356;3154;42;3386;54250234;51469866;35715253;120862;39068818
FR;0;2022-03-07;1853;5313;17602;306;16867;54252087;51475179;35732855;121168;39085685
FR;0;2022-03-08;1884;5675;18755;343;17197;54253971;51480854;35751610;121511;39102882
FR;0;2022-03-09;3357;10009;21194;397;20279;54257328;51490863;35772804;121908;39123161
FR;0;2022-03-10;1609;4697;14915;320;13713;54258937;51495560;35787719;122228;39136874
FR;0;2022-03-11;2270;7092;23664;532;21413;54261207;51502652;35811383;122760;39158287
FR;0;2022-03-12;2591;6592;16865;300;16206;54263798;51509244;35828248;123060;39174493
FR;0;2022-03-13;368;748;2177;142;2125;54264166;51509992;35830425;123202;39176618
FR;0;2022-03-14;1394;3849;13287;4380;12163;54265560;51513841;35843712;127582;39188781
FR;0;2022-03-15;1482;4068;14808;7469;12907;54267042;51517909;35858520;135051;39201688
FR;0;2022-03-16;2831;6685;17289;12995;16009;54269873;51524594;35875809;148046;39217697
FR;0;2022-03-17;1294;3368;11693;10609;10542;54271167;51527962;35887502;158655;39228239
FR;0;2022-03-18;2070;5161;18784;17837;16857;54273237;51533123;35906286;176492;39245096
FR;0;2022-03-19;2205;4455;12570;9228;11867;54275442;51537578;35918856;185720;39256963
FR;0;2022-03-20;265;602;1616;1002;1618;54275707;51538180;35920472;186722;39258581
