fra;vaccin;jour;n_dose1;n_dose2;n_dose3;n_dose4;n_rappel;n_cum_dose1;n_cum_dose2;n_cum_dose3;n_cum_dose4;n_cum_rappel
FR;1;2020-12-27;609;0;0;0;0;609;0;0;0;0
FR;1;2020-12-28;675;1;0;0;0;1284;1;0;0;0
FR;1;2020-12-29;377;0;0;0;0;1661;1;0;0;0
FR;1;2020-12-30;441;0;0;0;0;2102;1;0;0;0
FR;1;2020-12-31;439;1;0;0;0;2541;2;0;0;0
FR;1;2021-01-01;1146;2;0;0;0;3687;4;0;0;0
FR;1;2021-01-02;362;3;0;0;0;4049;7;0;0;0
FR;1;2021-01-03;402;0;0;0;0;4451;7;0;0;0
FR;1;2021-01-04;2099;3;0;0;0;6550;10;0;0;0
FR;1;2021-01-05;7743;3;0;0;0;14293;13;0;0;0
FR;1;2021-01-06;12454;15;0;0;0;26747;28;0;0;0
FR;1;2021-01-07;29455;13;0;0;0;56202;41;0;0;0
FR;1;2021-01-08;37138;14;0;0;0;93340;55;0;0;0
FR;1;2021-01-09;11211;7;0;0;0;104551;62;0;0;0
FR;1;2021-01-10;6003;5;0;0;0;110554;67;0;0;0
FR;1;2021-01-11;39925;19;0;0;0;150479;86;0;0;0
FR;1;2021-01-12;62130;17;0;0;0;212609;103;0;0;0
FR;1;2021-01-13;65114;36;0;0;0;277723;139;0;0;0
FR;1;2021-01-14;81441;118;0;0;0;359164;257;0;0;0
FR;1;2021-01-15;68605;43;0;0;0;427769;300;0;0;0
FR;1;2021-01-16;19895;72;0;0;0;447664;372;0;0;0
FR;1;2021-01-17;10900;49;0;0;0;458564;421;0;0;0
FR;1;2021-01-18;82816;168;0;0;0;541380;589;0;0;0
FR;1;2021-01-19;125911;179;0;0;0;667291;768;0;0;0
FR;1;2021-01-20;132402;178;0;0;0;799693;946;0;0;0
FR;1;2021-01-21;153050;162;0;0;0;952743;1108;0;0;0
FR;1;2021-01-22;115938;207;0;0;0;1068681;1315;0;0;0
FR;1;2021-01-23;36606;66;0;0;0;1105287;1381;0;0;0
FR;1;2021-01-24;9581;89;0;0;0;1114868;1470;0;0;0
FR;1;2021-01-25;74417;1302;0;0;0;1189285;2772;0;0;0
FR;1;2021-01-26;96452;3369;1;0;0;1285737;6141;1;0;0
FR;1;2021-01-27;103632;6030;0;0;0;1389369;12171;1;0;0
FR;1;2021-01-28;120590;15259;0;0;0;1509959;27430;1;0;0
FR;1;2021-01-29;88883;17910;0;0;0;1598842;45340;1;0;0
FR;1;2021-01-30;27987;4359;0;0;0;1626829;49699;1;0;0
FR;1;2021-01-31;5186;1778;0;0;0;1632015;51477;1;0;0
FR;1;2021-02-01;49713;21766;0;0;0;1681728;73243;1;0;0
FR;1;2021-02-02;67803;36286;0;0;0;1749531;109529;1;0;0
FR;1;2021-02-03;67078;38548;0;0;0;1816609;148077;1;0;0
FR;1;2021-02-04;77128;52354;0;0;0;1893737;200431;1;0;0
FR;1;2021-02-05;63414;46470;0;0;0;1957151;246901;1;0;0
FR;1;2021-02-06;19413;10901;0;0;0;1976564;257802;1;0;0
FR;1;2021-02-07;3660;5464;0;0;0;1980224;263266;1;0;0
FR;1;2021-02-08;36491;47316;0;0;0;2016715;310582;1;0;0
FR;1;2021-02-09;50795;75402;0;0;0;2067510;385984;1;0;0
FR;1;2021-02-10;52052;80128;0;0;0;2119562;466112;1;0;0
FR;1;2021-02-11;63366;102046;0;0;0;2182928;568158;1;0;0
FR;1;2021-02-12;55848;75012;0;0;0;2238776;643170;1;0;0
FR;1;2021-02-13;15458;19318;0;0;0;2254234;662488;1;0;0
FR;1;2021-02-14;3746;7317;0;0;0;2257980;669805;1;0;0
FR;1;2021-02-15;24133;73564;0;0;0;2282113;743369;1;0;0
FR;1;2021-02-16;32765;96519;0;0;0;2314878;839888;1;0;0
FR;1;2021-02-17;35108;100755;11;0;0;2349986;940643;12;0;0
FR;1;2021-02-18;49439;116088;0;0;0;2399425;1056731;12;0;0
FR;1;2021-02-19;45373;87016;1;0;0;2444798;1143747;13;0;0
FR;1;2021-02-20;13382;27142;0;0;0;2458180;1170889;13;0;0
FR;1;2021-02-21;2456;6185;0;0;0;2460636;1177074;13;0;0
FR;1;2021-02-22;24715;69535;2;0;0;2485351;1246609;15;0;0
FR;1;2021-02-23;37423;80946;1;0;0;2522774;1327555;16;0;0
FR;1;2021-02-24;40684;78559;1;0;0;2563458;1406114;17;0;0
FR;1;2021-02-25;50142;87898;1;0;0;2613600;1494012;18;0;0
FR;1;2021-02-26;47200;67601;1;0;0;2660800;1561613;19;0;0
FR;1;2021-02-27;15669;21162;1;0;0;2676469;1582775;20;0;0
FR;1;2021-02-28;3553;4219;2;0;0;2680022;1586994;22;0;0
FR;1;2021-03-01;40164;49776;1;0;0;2720186;1636770;23;0;0
FR;1;2021-03-02;55967;62072;2;0;0;2776153;1698842;25;0;0
FR;1;2021-03-03;61227;60552;0;0;0;2837380;1759394;25;0;0
FR;1;2021-03-04;72985;66835;3;0;0;2910365;1826229;28;0;0
FR;1;2021-03-05;74746;58861;3;0;0;2985111;1885090;31;0;0
FR;1;2021-03-06;82446;15925;2;0;0;3067557;1901015;33;0;0
FR;1;2021-03-07;63717;4696;1;0;0;3131274;1905711;34;0;0
FR;1;2021-03-08;60156;41749;2;0;0;3191430;1947460;36;0;0
FR;1;2021-03-09;85980;47821;1;0;0;3277410;1995281;37;0;0
FR;1;2021-03-10;90894;47885;5;0;0;3368304;2043166;42;0;0
FR;1;2021-03-11;105054;54291;1;0;0;3473358;2097457;43;0;0
FR;1;2021-03-12;104099;45069;1;0;0;3577457;2142526;44;0;0
FR;1;2021-03-13;89188;12678;1;0;0;3666645;2155204;45;0;0
FR;1;2021-03-14;44450;2824;1;0;0;3711095;2158028;46;0;0
FR;1;2021-03-15;95492;28503;3;0;0;3806587;2186531;49;0;0
FR;1;2021-03-16;123582;34369;5;0;0;3930169;2220900;54;0;0
FR;1;2021-03-17;129289;34097;4;0;0;4059458;2254997;58;0;0
FR;1;2021-03-18;142873;39436;5;0;0;4202331;2294433;63;0;0
FR;1;2021-03-19;136227;32414;2;0;0;4338558;2326847;65;0;0
FR;1;2021-03-20;75986;9905;1;0;0;4414544;2336752;66;0;0
FR;1;2021-03-21;26501;2215;1;0;0;4441045;2338967;67;0;0
FR;1;2021-03-22;114736;30697;2;0;0;4555781;2369664;69;0;0
FR;1;2021-03-23;143010;38085;1;0;0;4698791;2407749;70;0;0
FR;1;2021-03-24;141979;38468;0;0;0;4840770;2446217;70;0;0
FR;1;2021-03-25;164987;39643;4;0;0;5005757;2485860;74;0;0
FR;1;2021-03-26;166375;37521;4;1;0;5172132;2523381;78;1;0
FR;1;2021-03-27;110871;15364;1;0;0;5283003;2538745;79;1;0
FR;1;2021-03-28;42297;4046;3;0;0;5325300;2542791;82;1;0
FR;1;2021-03-29;129799;49415;4;0;0;5455099;2592206;86;1;0
FR;1;2021-03-30;167705;63643;5;0;0;5622804;2655849;91;1;0
FR;1;2021-03-31;170911;67438;4;0;0;5793715;2723287;95;1;0
FR;1;2021-04-01;194762;81621;10;0;0;5988477;2804908;105;1;0
FR;1;2021-04-02;164431;85489;7;0;0;6152908;2890397;112;1;0
FR;1;2021-04-03;88233;58068;5;0;0;6241141;2948465;117;1;0
FR;1;2021-04-04;33647;17693;0;0;0;6274788;2966158;117;1;0
FR;1;2021-04-05;46390;9865;11;0;0;6321178;2976023;128;1;0
FR;1;2021-04-06;160289;103060;17;0;0;6481467;3079083;145;1;0
FR;1;2021-04-07;196963;108087;16;0;0;6678430;3187170;161;1;0
FR;1;2021-04-08;222086;113179;13;0;0;6900516;3300349;174;1;0
FR;1;2021-04-09;214538;107614;21;0;0;7115054;3407963;195;1;0
FR;1;2021-04-10;117165;73280;14;0;0;7232219;3481243;209;1;0
FR;1;2021-04-11;40881;30056;6;0;0;7273100;3511299;215;1;0
FR;1;2021-04-12;168443;104118;45;0;0;7441543;3615417;260;1;0
FR;1;2021-04-13;203775;127936;97;1;0;7645318;3743353;357;2;0
FR;1;2021-04-14;208595;122691;207;0;0;7853913;3866044;564;2;0
FR;1;2021-04-15;221639;127377;311;0;0;8075552;3993421;875;2;0
FR;1;2021-04-16;206029;125258;308;0;0;8281581;4118679;1183;2;0
FR;1;2021-04-17;122073;67179;103;0;0;8403654;4185858;1286;2;0
FR;1;2021-04-18;35958;20942;41;0;0;8439612;4206800;1327;2;0
FR;1;2021-04-19;163721;121657;432;0;0;8603333;4328457;1759;2;0
FR;1;2021-04-20;189386;149116;531;0;0;8792719;4477573;2290;2;0
FR;1;2021-04-21;193965;147118;758;0;0;8986684;4624691;3048;2;0
FR;1;2021-04-22;208998;163436;777;0;0;9195682;4788127;3825;2;0
FR;1;2021-04-23;198931;157264;671;0;0;9394613;4945391;4496;2;0
FR;1;2021-04-24;126321;95551;148;0;0;9520934;5040942;4644;2;0
FR;1;2021-04-25;53623;30010;46;0;0;9574557;5070952;4690;2;0
FR;1;2021-04-26;181116;138816;540;0;0;9755673;5209768;5230;2;0
FR;1;2021-04-27;221339;162056;900;0;0;9977012;5371824;6130;2;0
FR;1;2021-04-28;238269;155331;1311;1;1;10215281;5527155;7441;3;1
FR;1;2021-04-29;270252;160682;1208;0;0;10485533;5687837;8649;3;1
FR;1;2021-04-30;271954;148313;1071;0;0;10757487;5836150;9720;3;1
FR;1;2021-05-01;141131;40611;172;0;0;10898618;5876761;9892;3;1
FR;1;2021-05-02;81532;28115;81;0;0;10980150;5904876;9973;3;1
FR;1;2021-05-03;250761;144519;801;0;0;11230911;6049395;10774;3;1
FR;1;2021-05-04;265845;187138;1199;0;0;11496756;6236533;11973;3;1
FR;1;2021-05-05;283848;185092;1265;0;0;11780604;6421625;13238;3;1
FR;1;2021-05-06;309932;183542;1501;0;0;12090536;6605167;14739;3;1
FR;1;2021-05-07;284062;195869;1125;0;0;12374598;6801036;15864;3;1
FR;1;2021-05-08;191645;49340;285;0;0;12566243;6850376;16149;3;1
FR;1;2021-05-09;114048;35513;236;0;0;12680291;6885889;16385;3;1
FR;1;2021-05-10;258180;194237;1184;0;0;12938471;7080126;17569;3;1
FR;1;2021-05-11;318854;210975;1463;0;0;13257325;7291101;19032;3;1
FR;1;2021-05-12;356591;185783;1399;0;0;13613916;7476884;20431;3;1
FR;1;2021-05-13;283422;47626;399;0;0;13897338;7524510;20830;3;1
FR;1;2021-05-14;370459;128579;993;0;0;14267797;7653089;21823;3;1
FR;1;2021-05-15;298067;66125;403;0;0;14565864;7719214;22226;3;1
FR;1;2021-05-16;157760;15503;158;0;0;14723624;7734717;22384;3;1
FR;1;2021-05-17;318907;116247;1438;0;0;15042531;7850964;23822;3;1
FR;1;2021-05-18;383296;111305;1797;0;0;15425827;7962269;25619;3;1
FR;1;2021-05-19;395233;102309;2178;0;0;15821060;8064578;27797;3;1
FR;1;2021-05-20;421768;95995;2043;0;0;16242828;8160573;29840;3;1
FR;1;2021-05-21;399780;97205;1759;0;0;16642608;8257778;31599;3;1
FR;1;2021-05-22;275665;41983;602;0;0;16918273;8299761;32201;3;1
FR;1;2021-05-23;123006;11090;224;0;0;17041279;8310851;32425;3;1
FR;1;2021-05-24;243989;26257;568;0;0;17285268;8337108;32993;3;1
FR;1;2021-05-25;366207;131610;2110;1;0;17651475;8468718;35103;4;1
FR;1;2021-05-26;380785;126231;1991;0;0;18032260;8594949;37094;4;1
FR;1;2021-05-27;406116;128053;1974;0;0;18438376;8723002;39068;4;1
FR;1;2021-05-28;366002;145342;1698;0;0;18804378;8868344;40766;4;1
FR;1;2021-05-29;253812;80886;526;0;0;19058190;8949230;41292;4;1
FR;1;2021-05-30;100969;22569;157;0;0;19159159;8971799;41449;4;1
FR;1;2021-05-31;314289;148856;1281;1;1;19473448;9120655;42730;5;2
FR;1;2021-06-01;361574;166471;1725;1;1;19835022;9287126;44455;6;3
FR;1;2021-06-02;365339;153439;1793;0;0;20200361;9440565;46248;6;3
FR;1;2021-06-03;391341;147558;1651;0;0;20591702;9588123;47899;6;3
FR;1;2021-06-04;363781;175566;1492;1;1;20955483;9763689;49391;7;4
FR;1;2021-06-05;258484;112678;596;0;0;21213967;9876367;49987;7;4
FR;1;2021-06-06;126788;37546;215;0;0;21340755;9913913;50202;7;4
FR;1;2021-06-07;300562;207802;1363;0;0;21641317;10121715;51565;7;4
FR;1;2021-06-08;330656;220698;1642;0;0;21971973;10342413;53207;7;4
FR;1;2021-06-09;336482;211942;1609;0;0;22308455;10554355;54816;7;4
FR;1;2021-06-10;343823;201508;1610;0;0;22652278;10755863;56426;7;4
FR;1;2021-06-11;311843;235086;1297;0;0;22964121;10990949;57723;7;4
FR;1;2021-06-12;244051;150631;433;0;0;23208172;11141580;58156;7;4
FR;1;2021-06-13;100357;60997;188;0;0;23308529;11202577;58344;7;4
FR;1;2021-06-14;207793;288424;1317;1;0;23516322;11491001;59661;8;4
FR;1;2021-06-15;256794;281891;1392;1;0;23773116;11772892;61053;9;4
FR;1;2021-06-16;273615;270586;1263;1;0;24046731;12043478;62316;10;4
FR;1;2021-06-17;268164;244799;1234;1;0;24314895;12288277;63550;11;4
FR;1;2021-06-18;260556;295538;1152;1;0;24575451;12583815;64702;12;4
FR;1;2021-06-19;193433;209493;387;0;0;24768884;12793308;65089;12;4
FR;1;2021-06-20;69693;89121;117;0;0;24838577;12882429;65206;12;4
FR;1;2021-06-21;172329;319788;930;1;1;25010906;13202217;66136;13;5
FR;1;2021-06-22;185817;347844;1099;10;2;25196723;13550061;67235;23;7
FR;1;2021-06-23;204162;339483;1049;0;0;25400885;13889544;68284;23;7
FR;1;2021-06-24;203492;282093;1170;0;0;25604377;14171637;69454;23;7
FR;1;2021-06-25;182633;371772;1196;0;0;25787010;14543409;70650;23;7
FR;1;2021-06-26;131371;278366;503;0;0;25918381;14821775;71153;23;7
FR;1;2021-06-27;52387;122904;145;0;0;25970768;14944679;71298;23;7
FR;1;2021-06-28;136622;368158;1062;0;0;26107390;15312837;72360;23;7
FR;1;2021-06-29;154853;390845;1849;0;0;26262243;15703682;74209;23;7
FR;1;2021-06-30;180016;381018;1664;4;2;26442259;16084700;75873;27;9
FR;1;2021-07-01;201417;332200;1886;5;1;26643676;16416900;77759;32;10
FR;1;2021-07-02;193731;367569;1765;5;2;26837407;16784469;79524;37;12
FR;1;2021-07-03;124462;280444;704;3;1;26961869;17064913;80228;40;13
FR;1;2021-07-04;53926;113691;244;0;0;27015795;17178604;80472;40;13
FR;1;2021-07-05;153893;355980;1500;8;2;27169688;17534584;81972;48;15
FR;1;2021-07-06;173447;382469;1601;45;8;27343135;17917053;83573;93;23
FR;1;2021-07-07;190724;362502;1657;25;5;27533859;18279555;85230;118;28
FR;1;2021-07-08;201517;323097;1826;20;6;27735376;18602652;87056;138;34
FR;1;2021-07-09;189812;387822;1852;3;2;27925188;18990474;88908;141;36
FR;1;2021-07-10;129919;281160;814;1;1;28055107;19271634;89722;142;37
FR;1;2021-07-11;57639;102506;261;0;0;28112746;19374140;89983;142;37
FR;1;2021-07-12;149530;416988;1580;4;0;28262276;19791128;91563;146;37
FR;1;2021-07-13;234129;439362;1805;8;1;28496405;20230490;93368;154;38
FR;1;2021-07-14;171782;151477;417;0;0;28668187;20381967;93785;154;38
FR;1;2021-07-15;279557;424626;1858;1;0;28947744;20806593;95643;155;38
FR;1;2021-07-16;290319;401041;1711;3;1;29238063;21207634;97354;158;39
FR;1;2021-07-17;217292;282065;754;1;0;29455355;21489699;98108;159;39
FR;1;2021-07-18;101971;107273;288;0;0;29557326;21596972;98396;159;39
FR;1;2021-07-19;238095;378932;1496;3;0;29795421;21975904;99892;162;39
FR;1;2021-07-20;305631;380532;1469;0;0;30101052;22356436;101361;162;39
FR;1;2021-07-21;333162;353243;1412;4;2;30434214;22709679;102773;166;41
FR;1;2021-07-22;364576;319107;1502;3;2;30798790;23028786;104275;169;43
FR;1;2021-07-23;349283;343415;1587;4;1;31148073;23372201;105862;173;44
FR;1;2021-07-24;238921;240929;697;1;0;31386994;23613130;106559;174;44
FR;1;2021-07-25;112761;76028;221;0;0;31499755;23689158;106780;174;44
FR;1;2021-07-26;299045;289844;1496;2;2;31798800;23979002;108276;176;46
FR;1;2021-07-27;385748;268517;1457;4;2;32184548;24247519;109733;180;48
FR;1;2021-07-28;390128;251273;1460;4;2;32574676;24498792;111193;184;50
FR;1;2021-07-29;406050;228097;1538;2;1;32980726;24726889;112731;186;51
FR;1;2021-07-30;370632;246889;1636;4;1;33351358;24973778;114367;190;52
FR;1;2021-07-31;243361;165140;793;1;0;33594719;25138918;115160;191;52
FR;1;2021-08-01;105542;47228;233;0;0;33700261;25186146;115393;191;52
FR;1;2021-08-02;297088;213131;1477;2;0;33997349;25399277;116870;193;52
FR;1;2021-08-03;331237;209013;1547;2;1;34328586;25608290;118417;195;53
FR;1;2021-08-04;327917;184232;1438;5;3;34656503;25792522;119855;200;56
FR;1;2021-08-05;301179;193438;1482;0;0;34957682;25985960;121337;200;56
FR;1;2021-08-06;290883;224430;1560;3;1;35248565;26210390;122897;203;57
FR;1;2021-08-07;182622;158817;654;4;3;35431187;26369207;123551;207;60
FR;1;2021-08-08;68848;59121;250;0;0;35500035;26428328;123801;207;60
FR;1;2021-08-09;222689;235686;1442;4;3;35722724;26664014;125243;211;63
FR;1;2021-08-10;252635;240416;1489;2;1;35975359;26904430;126732;213;64
FR;1;2021-08-11;236131;232117;1271;5;1;36211490;27136547;128003;218;65
FR;1;2021-08-12;220698;240149;1486;3;1;36432188;27376696;129489;221;66
FR;1;2021-08-13;201659;238597;1357;2;2;36633847;27615293;130846;223;68
FR;1;2021-08-14;122833;174109;645;0;0;36756680;27789402;131491;223;68
FR;1;2021-08-15;34672;46127;199;1;0;36791352;27835529;131690;224;68
FR;1;2021-08-16;156891;289754;1421;0;0;36948243;28125283;133111;224;68
FR;1;2021-08-17;171538;291420;1421;5;1;37119781;28416703;134532;229;69
FR;1;2021-08-18;161364;286948;1392;6;3;37281145;28703651;135924;235;72
FR;1;2021-08-19;148869;277710;1400;1;0;37430014;28981361;137324;236;72
FR;1;2021-08-20;140453;309173;1529;2;2;37570467;29290534;138853;238;74
FR;1;2021-08-21;84251;213216;586;0;0;37654718;29503750;139439;238;74
FR;1;2021-08-22;28549;82694;232;0;0;37683267;29586444;139671;238;74
FR;1;2021-08-23;118610;321101;1422;2;1;37801877;29907545;141093;240;75
FR;1;2021-08-24;126612;319849;1602;5;1;37928489;30227394;142695;245;76
FR;1;2021-08-25;121484;306555;1779;8;3;38049973;30533949;144474;253;79
FR;1;2021-08-26;106563;286192;2159;10;1;38156536;30820141;146633;263;80
FR;1;2021-08-27;107614;321688;2301;9;3;38264150;31141829;148934;272;83
FR;1;2021-08-28;70992;220713;1099;0;0;38335142;31362542;150033;272;83
FR;1;2021-08-29;24139;78178;469;1;0;38359281;31440720;150502;273;83
FR;1;2021-08-30;96825;286496;4309;6;5097;38456106;31727216;154811;279;5180
FR;1;2021-08-31;98043;276361;9289;15;10138;38554149;32003577;164100;294;15318
FR;1;2021-09-01;112124;245355;21110;7;22120;38666273;32248932;185210;301;37438
FR;1;2021-09-02;85532;197996;24529;13;25476;38751805;32446928;209739;314;62914
FR;1;2021-09-03;82359;227598;26950;21;28001;38834164;32674526;236689;335;90915
FR;1;2021-09-04;71606;189729;11139;11;11671;38905770;32864255;247828;346;102586
FR;1;2021-09-05;18605;41158;4122;2;4276;38924375;32905413;251950;348;106862
FR;1;2021-09-06;59516;151567;30175;15;31166;38983891;33056980;282125;363;138028
FR;1;2021-09-07;57304;139709;30203;28;31166;39041195;33196689;312328;391;169194
FR;1;2021-09-08;71889;173860;26920;22;27904;39113084;33370549;339248;413;197098
FR;1;2021-09-09;54367;124552;28607;24;29674;39167451;33495101;367855;437;226772
FR;1;2021-09-10;66035;152140;30439;23;31621;39233486;33647241;398294;460;258393
FR;1;2021-09-11;52559;146615;9728;15;10327;39286045;33793856;408022;475;268720
FR;1;2021-09-12;10788;29255;2484;1;2642;39296833;33823111;410506;476;271362
FR;1;2021-09-13;51432;104541;38737;29;39979;39348265;33927652;449243;505;311341
FR;1;2021-09-14;53260;96085;51260;66;53017;39401525;34023737;500503;571;364358
FR;1;2021-09-15;60470;139308;50473;55;47002;39461995;34163045;550976;626;411360
FR;1;2021-09-16;46559;81446;53307;71;49509;39508554;34244491;604283;697;460869
FR;1;2021-09-17;53158;109399;45051;61;42655;39561712;34353890;649334;758;503524
FR;1;2021-09-18;37851;118500;11795;19;11264;39599563;34472390;661129;777;514788
FR;1;2021-09-19;6500;21038;2037;1;1973;39606063;34493428;663166;778;516761
FR;1;2021-09-20;36470;74916;46212;66;44145;39642533;34568344;709378;844;560906
FR;1;2021-09-21;34150;68159;56244;71;52660;39676683;34636503;765622;915;613566
FR;1;2021-09-22;38797;118583;49852;76;46847;39715480;34755086;815474;991;660413
FR;1;2021-09-23;31978;62875;54478;85;50851;39747458;34817961;869952;1076;711264
FR;1;2021-09-24;36755;90120;43649;89;41904;39784213;34908081;913601;1165;753168
FR;1;2021-09-25;27635;96668;12301;27;12172;39811848;35004749;925902;1192;765340
FR;1;2021-09-26;4365;15191;1772;5;1695;39816213;35019940;927674;1197;767035
FR;1;2021-09-27;27323;60215;42896;89;41593;39843536;35080155;970570;1286;808628
FR;1;2021-09-28;26877;49474;47172;75;44416;39870413;35129629;1017742;1361;853044
FR;1;2021-09-29;35870;80372;47254;87;45549;39906283;35210001;1064996;1448;898593
FR;1;2021-09-30;26026;46857;47514;80;45407;39932309;35256858;1112510;1528;944000
FR;1;2021-10-01;47234;65713;44870;83;44475;39979543;35322571;1157380;1611;988475
FR;1;2021-10-02;32356;62398;16108;32;16306;40011899;35384969;1173488;1643;1004781
FR;1;2021-10-03;4337;8566;2035;3;2030;40016236;35393535;1175523;1646;1006811
FR;1;2021-10-04;28900;44457;47089;79;46906;40045136;35437992;1222612;1725;1053717
FR;1;2021-10-05;24458;41634;49860;116;49219;40069594;35479626;1272472;1841;1102936
FR;1;2021-10-06;34595;61407;57467;102;57184;40104189;35541033;1329939;1943;1160120
FR;1;2021-10-07;21022;39848;53014;75;51848;40125211;35580881;1382953;2018;1211968
FR;1;2021-10-08;35423;59613;60378;83;61091;40160634;35640494;1443331;2101;1273059
FR;1;2021-10-09;27438;48010;25485;29;25992;40188072;35688504;1468816;2130;1299051
FR;1;2021-10-10;3699;5803;2747;7;2851;40191771;35694307;1471563;2137;1301902
FR;1;2021-10-11;24806;38186;54572;88;55192;40216577;35732493;1526135;2225;1357094
FR;1;2021-10-12;23301;36551;58037;127;59113;40239878;35769044;1584172;2352;1416207
FR;1;2021-10-13;32890;47851;64156;124;65647;40272768;35816895;1648328;2476;1481854
FR;1;2021-10-14;21639;34786;53738;103;54312;40294407;35851681;1702066;2579;1536166
FR;1;2021-10-15;32612;48824;72307;165;74947;40327019;35900505;1774373;2744;1611113
FR;1;2021-10-16;25977;35293;34859;44;36396;40352996;35935798;1809232;2788;1647509
FR;1;2021-10-17;3102;4058;3408;2;3315;40356098;35939856;1812640;2790;1650824
FR;1;2021-10-18;23742;34926;66816;131;69683;40379840;35974782;1879456;2921;1720507
FR;1;2021-10-19;20665;35216;75640;135;79544;40400505;36009998;1955096;3056;1800051
FR;1;2021-10-20;29855;44256;96158;178;99799;40430360;36054254;2051254;3234;1899850
FR;1;2021-10-21;19659;35082;83143;107;86999;40450019;36089336;2134397;3341;1986849
FR;1;2021-10-22;29627;47714;103713;196;109615;40479646;36137050;2238110;3537;2096464
FR;1;2021-10-23;23023;35153;44859;57;47361;40502669;36172203;2282969;3594;2143825
FR;1;2021-10-24;2375;3871;3579;6;3730;40505044;36176074;2286548;3600;2147555
FR;1;2021-10-25;22404;30792;82004;143;85787;40527448;36206866;2368552;3743;2233342
FR;1;2021-10-26;19312;27693;86074;162;90294;40546760;36234559;2454626;3905;2323636
FR;1;2021-10-27;26172;39676;107778;252;112643;40572932;36274235;2562404;4157;2436279
FR;1;2021-10-28;18768;27139;86913;150;91630;40591700;36301374;2649317;4307;2527909
FR;1;2021-10-29;25915;40282;114800;200;121572;40617615;36341656;2764117;4507;2649481
FR;1;2021-10-30;17685;28713;49350;74;51923;40635300;36370369;2813467;4581;2701404
FR;1;2021-10-31;2058;3184;3445;2;3680;40637358;36373553;2816912;4583;2705084
FR;1;2021-11-01;7849;4245;3027;3;3278;40645207;36377798;2819939;4586;2708362
FR;1;2021-11-02;22125;33243;92364;156;97729;40667332;36411041;2912303;4742;2806091
FR;1;2021-11-03;26505;41615;117465;215;123830;40693837;36452656;3029768;4957;2929921
FR;1;2021-11-04;19573;30331;105762;213;111864;40713410;36482987;3135530;5170;3041785
FR;1;2021-11-05;26954;42311;138744;228;147347;40740364;36525298;3274274;5398;3189132
FR;1;2021-11-06;18829;29843;63454;123;66440;40759193;36555141;3337728;5521;3255572
FR;1;2021-11-07;1795;3312;4964;6;5297;40760988;36558453;3342692;5527;3260869
FR;1;2021-11-08;17793;32314;125967;224;132564;40778781;36590767;3468659;5751;3393433
FR;1;2021-11-09;19429;37717;159254;334;169003;40798210;36628484;3627913;6085;3562436
FR;1;2021-11-10;28811;49223;181849;440;192416;40827021;36677707;3809762;6525;3754852
FR;1;2021-11-11;3930;5939;12207;26;13009;40830951;36683646;3821969;6551;3767861
FR;1;2021-11-12;25982;46853;174768;244;186388;40856933;36730499;3996737;6795;3954249
FR;1;2021-11-13;18717;29227;76808;111;81749;40875650;36759726;4073545;6906;4035998
FR;1;2021-11-14;2034;3290;6815;5;7369;40877684;36763016;4080360;6911;4043367
FR;1;2021-11-15;18700;34854;156368;304;166156;40896384;36797870;4236728;7215;4209523
FR;1;2021-11-16;21260;37932;192053;377;204857;40917644;36835802;4428781;7592;4414380
FR;1;2021-11-17;28557;45699;193183;399;204968;40946201;36881501;4621964;7991;4619348
FR;1;2021-11-18;21097;39077;182433;458;194437;40967298;36920578;4804397;8449;4813785
FR;1;2021-11-19;30804;53375;230185;529;246610;40998102;36973953;5034582;8978;5060395
FR;1;2021-11-20;23747;33307;96958;201;103598;41021849;37007260;5131540;9179;5163993
FR;1;2021-11-21;2320;3985;9101;19;9960;41024169;37011245;5140641;9198;5173953
FR;1;2021-11-22;21375;30478;175839;465;189350;41045544;37041723;5316480;9663;5363303
FR;1;2021-11-23;23904;41130;221129;539;237838;41069448;37082853;5537609;10202;5601141
FR;1;2021-11-24;30278;49808;217275;703;234410;41099726;37132661;5754884;10905;5835551
FR;1;2021-11-25;23566;44037;244401;718;263997;41123292;37176698;5999285;11623;6099548
FR;1;2021-11-26;30595;66791;356727;833;388423;41153887;37243489;6356012;12456;6487971
FR;1;2021-11-27;21850;45393;202580;371;222567;41175737;37288882;6558592;12827;6710538
FR;1;2021-11-28;3158;9649;54764;63;61021;41178895;37298531;6613356;12890;6771559
FR;1;2021-11-29;17862;49533;326309;840;354333;41196757;37348064;6939665;13730;7125892
FR;1;2021-11-30;22752;65021;431074;952;470679;41219509;37413085;7370739;14682;7596571
FR;1;2021-12-01;25162;69384;442794;1129;481650;41244671;37482469;7813533;15811;8078221
FR;1;2021-12-02;20043;64586;489302;1228;532759;41264714;37547055;8302835;17039;8610980
FR;1;2021-12-03;22870;82083;542652;1308;591682;41287584;37629138;8845487;18347;9202662
FR;1;2021-12-04;16384;53971;299048;653;328886;41303968;37683109;9144535;19000;9531548
FR;1;2021-12-05;3630;13896;81504;143;91056;41307598;37697005;9226039;19143;9622604
FR;1;2021-12-06;23839;62699;415356;1065;455058;41331437;37759704;9641395;20208;10077662
FR;1;2021-12-07;19923;75808;522869;1533;572494;41351360;37835512;10164264;21741;10650156
FR;1;2021-12-08;21640;75857;458285;1544;501993;41373000;37911369;10622549;23285;11152149
FR;1;2021-12-09;19417;74094;492837;1626;540709;41392417;37985463;11115386;24911;11692858
FR;1;2021-12-10;23252;87810;547320;1585;599922;41415669;38073273;11662706;26496;12292780
FR;1;2021-12-11;16527;59106;302698;748;335450;41432196;38132379;11965404;27244;12628230
FR;1;2021-12-12;4346;16023;83187;179;94063;41436542;38148402;12048591;27423;12722293
FR;1;2021-12-13;15727;63805;366876;1093;406204;41452269;38212207;12415467;28516;13128497
FR;1;2021-12-14;20732;80445;464606;1744;515090;41473001;38292652;12880073;30260;13643587
FR;1;2021-12-15;21546;77573;408974;1309;453053;41494547;38370225;13289047;31569;14096640
FR;1;2021-12-16;20014;77427;451759;1576;500530;41514561;38447652;13740806;33145;14597170
FR;1;2021-12-17;22561;86787;479844;1733;530932;41537122;38534439;14220650;34878;15128102
FR;1;2021-12-18;17593;54761;257576;730;288488;41554715;38589200;14478226;35608;15416590
FR;1;2021-12-19;5547;17117;79142;194;90727;41560262;38606317;14557368;35802;15507317
FR;1;2021-12-20;20887;63241;316152;1080;355231;41581149;38669558;14873520;36882;15862548
FR;1;2021-12-21;26182;73238;372661;1420;418015;41607331;38742796;15246181;38302;16280563
FR;1;2021-12-22;24926;66054;310548;1215;349551;41632257;38808850;15556729;39517;16630114
FR;1;2021-12-23;21253;52421;241427;953;273020;41653510;38861271;15798156;40470;16903134
FR;1;2021-12-24;7112;18368;67127;258;77049;41660622;38879639;15865283;40728;16980183
FR;1;2021-12-25;503;2814;5574;15;6532;41661125;38882453;15870857;40743;16986715
FR;1;2021-12-26;2749;7585;26930;70;31448;41663874;38890038;15897787;40813;17018163
FR;1;2021-12-27;18236;53614;235057;706;265726;41682110;38943652;16132844;41519;17283889
FR;1;2021-12-28;23264;62088;291987;1026;330175;41705374;39005740;16424831;42545;17614064
FR;1;2021-12-29;22204;55608;254944;918;288166;41727578;39061348;16679775;43463;17902230
FR;1;2021-12-30;21230;46566;212118;857;239589;41748808;39107914;16891893;44320;18141819
FR;1;2021-12-31;7461;16616;61844;229;70387;41756269;39124530;16953737;44549;18212206
FR;1;2022-01-01;1042;2495;5649;30;6582;41757311;39127025;16959386;44579;18218788
FR;1;2022-01-02;3058;8056;28880;50;33521;41760369;39135081;16988266;44629;18252309
FR;1;2022-01-03;22302;54154;228179;786;257612;41782671;39189235;17216445;45415;18509921
FR;1;2022-01-04;25504;64980;299185;1235;337229;41808175;39254215;17515630;46650;18847150
FR;1;2022-01-05;30021;64122;274805;1097;310157;41838196;39318337;17790435;47747;19157307
FR;1;2022-01-06;26742;66132;306834;1397;346480;41864938;39384469;18097269;49144;19503787
FR;1;2022-01-07;31511;74934;349781;1535;393914;41896449;39459403;18447050;50679;19897701
FR;1;2022-01-08;23371;51405;222477;696;251101;41919820;39510808;18669527;51375;20148802
FR;1;2022-01-09;7076;17159;66013;163;76137;41926896;39527967;18735540;51538;20224939
FR;1;2022-01-10;21699;59845;236726;953;267522;41948595;39587812;18972266;52491;20492461
FR;1;2022-01-11;26602;63445;282229;1277;317792;41975197;39651257;19254495;53768;20810253
FR;1;2022-01-12;28846;62408;246181;1104;277956;42004043;39713665;19500676;54872;21088209
FR;1;2022-01-13;24682;60057;262753;1252;296082;42028725;39773722;19763429;56124;21384291
FR;1;2022-01-14;27927;66653;313926;1366;351208;42056652;39840375;20077355;57490;21735499
FR;1;2022-01-15;19318;44386;199287;619;223866;42075970;39884761;20276642;58109;21959365
FR;1;2022-01-16;5138;12971;51510;135;59569;42081108;39897732;20328152;58244;22018934
FR;1;2022-01-17;16829;39765;184798;780;206850;42097937;39937497;20512950;59024;22225784
FR;1;2022-01-18;19350;45874;212372;1151;236993;42117287;39983371;20725322;60175;22462777
FR;1;2022-01-19;20270;43984;176063;897;197179;42137557;40027355;20901385;61072;22659956
FR;1;2022-01-20;16757;40531;183623;1137;204712;42154314;40067886;21085008;62209;22864668
FR;1;2022-01-21;19888;47012;228912;1406;253321;42174202;40114898;21313920;63615;23117989
FR;1;2022-01-22;13833;33340;144479;578;161374;42188035;40148238;21458399;64193;23279363
FR;1;2022-01-23;3349;8793;33413;131;38329;42191384;40157031;21491812;64324;23317692
FR;1;2022-01-24;11787;32947;142173;708;158239;42203171;40189978;21633985;65032;23475931
FR;1;2022-01-25;14169;38217;163356;1048;181536;42217340;40228195;21797341;66080;23657467
FR;1;2022-01-26;14852;37558;150224;932;166301;42232192;40265753;21947565;67012;23823768
FR;1;2022-01-27;12320;33107;143414;885;157915;42244512;40298860;22090979;67897;23981683
FR;1;2022-01-28;16297;55385;198270;1144;222445;42260809;40354245;22289249;69041;24204128
FR;1;2022-01-29;10264;35441;135184;522;151539;42271073;40389686;22424433;69563;24355667
FR;1;2022-01-30;2478;9278;29671;86;34460;42273551;40398964;22454104;69649;24390127
FR;1;2022-01-31;8745;32373;104318;531;117393;42282296;40431337;22558422;70180;24507520
FR;1;2022-02-01;10681;36415;127043;862;141247;42292977;40467752;22685465;71042;24648767
FR;1;2022-02-02;11740;41424;130334;780;145875;42304717;40509176;22815799;71822;24794642
FR;1;2022-02-03;9071;33658;116983;782;130362;42313788;40542834;22932782;72604;24925004
FR;1;2022-02-04;11489;48189;172549;965;192791;42325277;40591023;23105331;73569;25117795
FR;1;2022-02-05;7985;33968;117561;391;133062;42333262;40624991;23222892;73960;25250857
FR;1;2022-02-06;1695;8027;22741;85;26907;42334957;40633018;23245633;74045;25277764
FR;1;2022-02-07;7252;35465;119062;452;134977;42342209;40668483;23364695;74497;25412741
FR;1;2022-02-08;7638;31789;125615;693;140598;42349847;40700272;23490310;75190;25553339
FR;1;2022-02-09;8542;36396;135230;695;152466;42358389;40736668;23625540;75885;25705805
FR;1;2022-02-10;6697;29617;116330;673;130108;42365086;40766285;23741870;76558;25835913
FR;1;2022-02-11;8618;41431;165089;877;185305;42373704;40807716;23906959;77435;26021218
FR;1;2022-02-12;5305;27564;106681;378;120859;42379009;40835280;24013640;77813;26142077
FR;1;2022-02-13;1226;5709;21711;65;25325;42380235;40840989;24035351;77878;26167402
FR;1;2022-02-14;5402;27163;118054;392;133080;42385637;40868152;24153405;78270;26300482
FR;1;2022-02-15;5639;28451;118881;610;132496;42391276;40896603;24272286;78880;26432978
FR;1;2022-02-16;5684;28356;110396;595;123022;42396960;40924959;24382682;79475;26556000
FR;1;2022-02-17;4486;19607;73111;487;80204;42401446;40944566;24455793;79962;26636204
FR;1;2022-02-18;5558;26717;99164;670;108121;42407004;40971283;24554957;80632;26744325
FR;1;2022-02-19;3542;17155;59470;304;66047;42410546;40988438;24614427;80936;26810372
FR;1;2022-02-20;787;3244;10694;35;12316;42411333;40991682;24625121;80971;26822688
FR;1;2022-02-21;3377;14568;52809;286;57657;42414710;41006250;24677930;81257;26880345
FR;1;2022-02-22;3729;15450;51884;499;55615;42418439;41021700;24729814;81756;26935960
FR;1;2022-02-23;4175;17760;57458;508;62560;42422614;41039460;24787272;82264;26998520
FR;1;2022-02-24;3263;13011;43590;435;46378;42425877;41052471;24830862;82699;27044898
FR;1;2022-02-25;4428;19733;64871;695;68734;42430305;41072204;24895733;83394;27113632
FR;1;2022-02-26;2684;12793;41352;309;45105;42432989;41084997;24937085;83703;27158737
FR;1;2022-02-27;641;2181;7119;42;7984;42433630;41087178;24944204;83745;27166721
FR;1;2022-02-28;2579;10429;34936;303;37361;42436209;41097607;24979140;84048;27204082
FR;1;2022-03-01;3191;10571;38668;390;39602;42439400;41108178;25017808;84438;27243684
FR;1;2022-03-02;3554;12060;41829;390;43892;42442954;41120238;25059637;84828;27287576
FR;1;2022-03-03;2370;7855;26147;324;26474;42445324;41128093;25085784;85152;27314050
FR;1;2022-03-04;2665;10361;35408;589;34900;42447989;41138454;25121192;85741;27348950
FR;1;2022-03-05;1812;6328;21953;278;22343;42449801;41144782;25143145;86019;27371293
FR;1;2022-03-06;352;948;2914;38;3115;42450153;41145730;25146059;86057;27374408
FR;1;2022-03-07;1609;4641;16420;245;15884;42451762;41150371;25162479;86302;27390292
FR;1;2022-03-08;1599;5178;17142;307;15965;42453361;41155549;25179621;86609;27406257
FR;1;2022-03-09;1909;6581;19794;368;19146;42455270;41162130;25199415;86977;27425403
FR;1;2022-03-10;1317;4648;15257;306;14288;42456587;41166778;25214672;87283;27439691
FR;1;2022-03-11;1700;6323;21691;481;19838;42458287;41173101;25236363;87764;27459529
FR;1;2022-03-12;1227;4637;15354;278;14904;42459514;41177738;25251717;88042;27474433
FR;1;2022-03-13;242;606;2113;117;2061;42459756;41178344;25253830;88159;27476494
FR;1;2022-03-14;1088;3606;13379;3876;12502;42460844;41181950;25267209;92035;27488996
FR;1;2022-03-15;1281;3989;14601;6862;13084;42462125;41185939;25281810;98897;27502080
FR;1;2022-03-16;1631;4869;17367;11513;16422;42463756;41190808;25299177;110410;27518502
FR;1;2022-03-17;1115;3281;11700;9641;10797;42464871;41194089;25310877;120051;27529299
FR;1;2022-03-18;1679;4802;17934;16487;16367;42466550;41198891;25328811;136538;27545666
FR;1;2022-03-19;1120;3265;11885;8452;11353;42467670;41202156;25340696;144990;27557019
FR;1;2022-03-20;219;542;1721;1012;1755;42467889;41202698;25342417;146002;27558774
FR;1;2022-03-21;1047;2709;11480;13444;10826;42468936;41205407;25353897;159446;27569600
FR;1;2022-03-22;1195;3105;12230;18686;11219;42470131;41208512;25366127;178132;27580819
FR;1;2022-03-23;1474;4223;15997;20099;15678;42471605;41212735;25382124;198231;27596497
FR;1;2022-03-24;1077;2564;10373;16022;9622;42472682;41215299;25392497;214253;27606119
FR;1;2022-03-25;1505;4087;16701;25291;15348;42474187;41219386;25409198;239544;27621467
FR;1;2022-03-26;1100;2980;10844;11435;10504;42475287;41222366;25420042;250979;27631971
FR;1;2022-03-27;228;537;1738;1379;1790;42475515;41222903;25421780;252358;27633761
FR;1;2022-03-28;1039;2447;9957;15874;9579;42476554;41225350;25431737;268232;27643340
FR;1;2022-03-29;1118;2719;11539;25076;10902;42477672;41228069;25443276;293308;27654242
FR;1;2022-03-30;1609;3492;14141;24165;13674;42479281;41231561;25457417;317473;27667916
FR;1;2022-03-31;1274;2736;11669;22608;11177;42480555;41234297;25469086;340081;27679093
FR;1;2022-04-01;1898;3959;18429;28481;17288;42482453;41238256;25487515;368562;27696381
FR;1;2022-04-02;899;1864;8185;9212;7933;42483352;41240120;25495700;377774;27704314
FR;1;2022-04-03;197;369;1430;1054;1430;42483549;41240489;25497130;378828;27705744
FR;1;2022-04-04;1316;2277;11317;17636;10689;42484865;41242766;25508447;396464;27716433
FR;1;2022-04-05;1334;2574;12965;31133;11987;42486199;41245340;25521412;427597;27728420
FR;1;2022-04-06;1343;2810;12168;23820;11589;42487542;41248150;25533580;451417;27740009
FR;1;2022-04-07;1153;2590;12305;31002;11768;42488695;41250740;25545885;482419;27751777
FR;1;2022-04-08;1565;3515;17509;40467;16424;42490260;41254255;25563394;522886;27768201
FR;1;2022-04-09;811;1980;8391;12484;8088;42491071;41256235;25571785;535370;27776289
FR;1;2022-04-10;192;481;1828;1833;1870;42491263;41256716;25573613;537203;27778159
FR;1;2022-04-11;963;2138;10943;22201;10651;42492226;41258854;25584556;559404;27788810
FR;1;2022-04-12;1225;2418;12763;37938;12259;42493451;41261272;25597319;597342;27801069
FR;1;2022-04-13;1183;2673;12231;30518;11955;42494634;41263945;25609550;627860;27813024
FR;1;2022-04-14;1180;2368;12031;33425;12039;42495814;41266313;25621581;661285;27825063
FR;1;2022-04-15;1444;2859;14349;33109;13724;42497258;41269172;25635930;694394;27838787
FR;1;2022-04-16;653;1389;5829;7976;5749;42497911;41270561;25641759;702370;27844536
FR;1;2022-04-17;150;272;929;1116;971;42498061;41270833;25642688;703486;27845507
FR;1;2022-04-18;130;408;2627;996;2651;42498191;41271241;25645315;704482;27848158
FR;1;2022-04-19;1207;2524;11752;27768;11440;42499398;41273765;25657067;732250;27859598
FR;1;2022-04-20;1291;2560;12142;26784;11967;42500689;41276325;25669209;759034;27871565
FR;1;2022-04-21;1214;2380;11487;33031;11640;42501903;41278705;25680696;792065;27883205
FR;1;2022-04-22;1486;3012;15171;35391;14758;42503389;41281717;25695867;827456;27897963
FR;1;2022-04-23;752;1562;6720;9882;6626;42504141;41283279;25702587;837338;27904589
FR;1;2022-04-24;193;359;1372;1518;1324;42504334;41283638;25703959;838856;27905913
FR;1;2022-04-25;998;2063;9841;19603;9738;42505332;41285701;25713800;858459;27915651
FR;1;2022-04-26;1302;2585;12576;36495;12178;42506634;41288286;25726376;894954;27927829
FR;1;2022-04-27;1295;2369;10615;29080;10753;42507929;41290655;25736991;924034;27938582
FR;1;2022-04-28;1255;2307;11528;34035;11354;42509184;41292962;25748519;958069;27949936
FR;1;2022-04-29;1580;3099;14367;35348;13796;42510764;41296061;25762886;993417;27963732
FR;1;2022-04-30;816;1442;6429;9148;6273;42511580;41297503;25769315;1002565;27970005
FR;1;2022-05-01;168;277;817;946;813;42511748;41297780;25770132;1003511;27970818
FR;1;2022-05-02;974;2195;10312;16809;10197;42512722;41299975;25780444;1020320;27981015
FR;1;2022-05-03;1423;2734;12625;32702;12520;42514145;41302709;25793069;1053022;27993535
FR;1;2022-05-04;1295;2570;11168;23665;11325;42515440;41305279;25804237;1076687;28004860
FR;1;2022-05-05;1349;2425;11986;31539;11875;42516789;41307704;25816223;1108226;28016735
FR;1;2022-05-06;1685;3137;14169;34724;13731;42518474;41310841;25830392;1142950;28030466
FR;1;2022-05-07;839;1455;5956;9075;5987;42519313;41312296;25836348;1152025;28036453
FR;1;2022-05-08;185;323;1055;1456;1116;42519498;41312619;25837403;1153481;28037569
FR;1;2022-05-09;1032;1890;9212;19127;9123;42520530;41314509;25846615;1172608;28046692
FR;1;2022-05-10;1384;2549;12491;36857;12076;42521914;41317058;25859106;1209465;28058768
FR;1;2022-05-11;1384;2232;9843;25857;9749;42523298;41319290;25868949;1235322;28068517
FR;1;2022-05-12;1264;2253;10407;33307;10109;42524562;41321543;25879356;1268629;28078626
FR;1;2022-05-13;1584;2714;12724;35563;12364;42526146;41324257;25892080;1304192;28090990
FR;1;2022-05-14;768;1286;5465;10161;5341;42526914;41325543;25897545;1314353;28096331
FR;1;2022-05-15;214;381;1169;1345;1230;42527128;41325924;25898714;1315698;28097561
FR;1;2022-05-16;943;1683;8023;19955;8062;42528071;41327607;25906737;1335653;28105623
FR;1;2022-05-17;1247;2196;11072;35939;10672;42529318;41329803;25917809;1371592;28116295
FR;1;2022-05-18;1259;2026;8978;25562;8937;42530577;41331829;25926787;1397154;28125232
FR;1;2022-05-19;1162;2291;9783;33718;9843;42531739;41334120;25936570;1430872;28135075
FR;1;2022-05-20;1534;2665;12373;37494;11957;42533273;41336785;25948943;1468366;28147032
FR;1;2022-05-21;762;1352;5230;9367;5147;42534035;41338137;25954173;1477733;28152179
FR;1;2022-05-22;188;281;941;1383;942;42534223;41338418;25955114;1479116;28153121
FR;1;2022-05-23;938;1773;8341;19267;8267;42535161;41340191;25963455;1498383;28161388
FR;1;2022-05-24;1255;2386;10661;36939;10508;42536416;41342577;25974116;1535322;28171896
FR;1;2022-05-25;1249;2215;8741;23513;8878;42537665;41344792;25982857;1558835;28180774
FR;1;2022-05-26;154;292;1555;1098;1544;42537819;41345084;25984412;1559933;28182318
FR;1;2022-05-27;1079;2100;8731;20388;8485;42538898;41347184;25993143;1580321;28190803
FR;1;2022-05-28;479;1027;3675;6522;3714;42539377;41348211;25996818;1586843;28194517
FR;1;2022-05-29;111;249;701;887;708;42539488;41348460;25997519;1587730;28195225
FR;1;2022-05-30;799;1685;6531;18482;6556;42540287;41350145;26004050;1606212;28201781
FR;1;2022-05-31;1245;2117;9194;34201;9071;42541532;41352262;26013244;1640413;28210852
FR;1;2022-06-01;1181;2261;10315;23251;10161;42542713;41354523;26023559;1663664;28221013
FR;1;2022-06-02;1170;2202;10507;33946;10074;42543883;41356725;26034066;1697610;28231087
FR;1;2022-06-03;1338;2654;12563;37000;11993;42545221;41359379;26046629;1734610;28243080
FR;1;2022-06-04;658;1246;4672;8626;4746;42545879;41360625;26051301;1743236;28247826
FR;1;2022-06-05;121;276;804;1043;825;42546000;41360901;26052105;1744279;28248651
FR;1;2022-06-06;142;336;1946;1159;1920;42546142;41361237;26054051;1745438;28250571
FR;1;2022-06-07;1104;2205;9088;33952;8754;42547246;41363442;26063139;1779390;28259325
FR;1;2022-06-08;1066;2138;8530;27427;8409;42548312;41365580;26071669;1806817;28267734
FR;1;2022-06-09;1030;2075;9795;37335;9457;42549342;41367655;26081464;1844152;28277191
FR;1;2022-06-10;1286;2493;11818;42912;11415;42550628;41370148;26093282;1887064;28288606
FR;1;2022-06-11;636;1424;5080;11056;5127;42551264;41371572;26098362;1898120;28293733
FR;1;2022-06-12;139;353;982;1673;1039;42551403;41371925;26099344;1899793;28294772
FR;1;2022-06-13;864;1704;6848;22141;6705;42552267;41373629;26106192;1921934;28301477
FR;1;2022-06-14;1047;2093;9702;42633;9111;42553314;41375722;26115894;1964567;28310588
FR;1;2022-06-15;1008;1838;8223;29137;7928;42554322;41377560;26124117;1993704;28318516
FR;1;2022-06-16;909;1749;9079;38183;8557;42555231;41379309;26133196;2031887;28327073
FR;1;2022-06-17;1178;2478;11371;44638;10856;42556409;41381787;26144567;2076525;28337929
FR;1;2022-06-18;539;1239;4290;10512;4225;42556948;41383026;26148857;2087037;28342154
FR;1;2022-06-19;126;303;990;1535;1066;42557074;41383329;26149847;2088572;28343220
FR;1;2022-06-20;812;1612;7833;24845;7512;42557886;41384941;26157680;2113417;28350732
FR;1;2022-06-21;1059;2060;9575;47581;8663;42558945;41387001;26167255;2160998;28359395
FR;1;2022-06-22;989;1955;8231;36905;7705;42559934;41388956;26175486;2197903;28367100
FR;1;2022-06-23;1014;2063;9848;52533;9110;42560948;41391019;26185334;2250436;28376210
FR;1;2022-06-24;1211;2616;12507;65674;11298;42562159;41393635;26197841;2316110;28387508
FR;1;2022-06-25;658;1467;5701;18870;5511;42562817;41395102;26203542;2334980;28393019
FR;1;2022-06-26;160;375;1564;3477;1472;42562977;41395477;26205106;2338457;28394491
FR;1;2022-06-27;896;1692;8936;45701;8214;42563873;41397169;26214042;2384158;28402705
FR;1;2022-06-28;1175;2480;13472;86100;12054;42565048;41399649;26227514;2470258;28414759
FR;1;2022-06-29;1194;2245;11213;66935;10286;42566242;41401894;26238727;2537193;28425045
FR;1;2022-06-30;1233;2283;13001;89554;11366;42567475;41404177;26251728;2626747;28436411
FR;1;2022-07-01;1493;2848;15863;108497;13737;42568968;41407025;26267591;2735244;28450148
FR;1;2022-07-02;719;1463;7314;33529;6568;42569687;41408488;26274905;2768773;28456716
FR;1;2022-07-03;223;449;1889;6007;1698;42569910;41408937;26276794;2774780;28458414
FR;1;2022-07-04;1151;2153;12035;74852;10501;42571061;41411090;26288829;2849632;28468915
FR;1;2022-07-05;1338;2595;16341;124746;13833;42572399;41413685;26305170;2974378;28482748
FR;1;2022-07-06;1281;2194;13622;92174;11638;42573680;41415879;26318792;3066552;28494386
FR;1;2022-07-07;1352;2360;15755;117206;12909;42575032;41418239;26334547;3183758;28507295
FR;1;2022-07-08;1406;2630;18067;126831;14558;42576438;41420869;26352614;3310589;28521853
FR;1;2022-07-09;615;1163;6833;34567;5898;42577053;41422032;26359447;3345156;28527751
FR;1;2022-07-10;193;400;2006;6098;1835;42577246;41422432;26361453;3351254;28529586
FR;2;2020-12-27;0;0;0;0;0;0;0;0;0;0
FR;2;2020-12-28;0;0;0;0;0;0;0;0;0;0
FR;2;2020-12-29;0;0;0;0;0;0;0;0;0;0
FR;2;2020-12-30;0;0;0;0;0;0;0;0;0;0
FR;2;2020-12-31;0;0;0;0;0;0;0;0;0;0
FR;2;2021-01-01;0;0;0;0;0;0;0;0;0;0
FR;2;2021-01-02;0;0;0;0;0;0;0;0;0;0
FR;2;2021-01-03;0;0;0;0;0;0;0;0;0;0
FR;2;2021-01-04;0;0;0;0;0;0;0;0;0;0
FR;2;2021-01-05;0;0;0;0;0;0;0;0;0;0
FR;2;2021-01-06;0;0;0;0;0;0;0;0;0;0
FR;2;2021-01-07;0;0;0;0;0;0;0;0;0;0
FR;2;2021-01-08;0;0;0;0;0;0;0;0;0;0
FR;2;2021-01-09;0;0;0;0;0;0;0;0;0;0
FR;2;2021-01-10;0;0;0;0;0;0;0;0;0;0
FR;2;2021-01-11;0;0;0;0;0;0;0;0;0;0
FR;2;2021-01-12;0;0;0;0;0;0;0;0;0;0
FR;2;2021-01-13;0;0;0;0;0;0;0;0;0;0
FR;2;2021-01-14;1672;0;0;0;0;1672;0;0;0;0
FR;2;2021-01-15;397;0;0;0;0;2069;0;0;0;0
FR;2;2021-01-16;315;0;0;0;0;2384;0;0;0;0
FR;2;2021-01-17;81;0;0;0;0;2465;0;0;0;0
FR;2;2021-01-18;3074;2;0;0;0;5539;2;0;0;0
FR;2;2021-01-19;4678;0;0;0;0;10217;2;0;0;0
FR;2;2021-01-20;5135;6;0;0;0;15352;8;0;0;0
FR;2;2021-01-21;5341;9;0;0;0;20693;17;0;0;0
FR;2;2021-01-22;5118;11;0;0;0;25811;28;0;0;0
FR;2;2021-01-23;1869;0;0;0;0;27680;28;0;0;0
FR;2;2021-01-24;160;2;0;0;0;27840;30;0;0;0
FR;2;2021-01-25;3812;3;0;0;0;31652;33;0;0;0
FR;2;2021-01-26;3920;5;0;0;0;35572;38;0;0;0
FR;2;2021-01-27;3599;2;0;0;0;39171;40;0;0;0
FR;2;2021-01-28;3750;8;0;0;0;42921;48;0;0;0
FR;2;2021-01-29;3294;2;0;0;0;46215;50;0;0;0
FR;2;2021-01-30;1130;2;0;0;0;47345;52;0;0;0
FR;2;2021-01-31;45;2;0;0;0;47390;54;0;0;0
FR;2;2021-02-01;3401;7;0;0;0;50791;61;0;0;0
FR;2;2021-02-02;4490;13;0;0;0;55281;74;0;0;0
FR;2;2021-02-03;5219;7;0;0;0;60500;81;0;0;0
FR;2;2021-02-04;4933;10;0;0;0;65433;91;0;0;0
FR;2;2021-02-05;4811;13;0;0;0;70244;104;0;0;0
FR;2;2021-02-06;2040;14;0;0;0;72284;118;0;0;0
FR;2;2021-02-07;101;4;0;0;0;72385;122;0;0;0
FR;2;2021-02-08;7554;22;0;0;0;79939;144;0;0;0
FR;2;2021-02-09;8424;27;0;0;0;88363;171;0;0;0
FR;2;2021-02-10;9339;58;0;0;0;97702;229;0;0;0
FR;2;2021-02-11;10284;106;0;0;0;107986;335;0;0;0
FR;2;2021-02-12;10055;264;0;0;0;118041;599;0;0;0
FR;2;2021-02-13;3120;225;0;0;0;121161;824;0;0;0
FR;2;2021-02-14;355;9;0;0;0;121516;833;0;0;0
FR;2;2021-02-15;3456;3107;0;0;0;124972;3940;0;0;0
FR;2;2021-02-16;5071;4072;0;0;0;130043;8012;0;0;0
FR;2;2021-02-17;4255;4496;0;0;0;134298;12508;0;0;0
FR;2;2021-02-18;5400;5137;0;0;0;139698;17645;0;0;0
FR;2;2021-02-19;5324;4420;0;0;0;145022;22065;0;0;0
FR;2;2021-02-20;1869;1513;0;0;0;146891;23578;0;0;0
FR;2;2021-02-21;242;90;0;0;0;147133;23668;0;0;0
FR;2;2021-02-22;3612;3762;0;0;0;150745;27430;0;0;0
FR;2;2021-02-23;4953;3717;0;0;0;155698;31147;0;0;0
FR;2;2021-02-24;5010;3507;0;0;0;160708;34654;0;0;0
FR;2;2021-02-25;5486;3466;0;0;0;166194;38120;0;0;0
FR;2;2021-02-26;4362;3160;0;0;0;170556;41280;0;0;0
FR;2;2021-02-27;1624;1057;0;0;0;172180;42337;0;0;0
FR;2;2021-02-28;177;28;0;0;0;172357;42365;0;0;0
FR;2;2021-03-01;5181;3720;0;0;0;177538;46085;0;0;0
FR;2;2021-03-02;6531;4733;0;0;0;184069;50818;0;0;0
FR;2;2021-03-03;6536;4935;0;0;0;190605;55753;0;0;0
FR;2;2021-03-04;8403;4094;0;0;0;199008;59847;0;0;0
FR;2;2021-03-05;8029;4066;0;0;0;207037;63913;0;0;0
FR;2;2021-03-06;4785;1681;0;0;0;211822;65594;0;0;0
FR;2;2021-03-07;2372;30;0;0;0;214194;65624;0;0;0
FR;2;2021-03-08;4165;8353;0;0;0;218359;73977;0;0;0
FR;2;2021-03-09;7490;8533;1;0;0;225849;82510;1;0;0
FR;2;2021-03-10;7102;9154;0;0;0;232951;91664;1;0;0
FR;2;2021-03-11;9375;9268;1;0;0;242326;100932;2;0;0
FR;2;2021-03-12;7973;8252;0;0;0;250299;109184;2;0;0
FR;2;2021-03-13;10046;2571;0;0;0;260345;111755;2;0;0
FR;2;2021-03-14;4839;396;0;0;0;265184;112151;2;0;0
FR;2;2021-03-15;10909;3494;0;0;0;276093;115645;2;0;0
FR;2;2021-03-16;16763;4665;1;0;0;292856;120310;3;0;0
FR;2;2021-03-17;20232;3981;0;0;0;313088;124291;3;0;0
FR;2;2021-03-18;23368;5022;0;0;0;336456;129313;3;0;0
FR;2;2021-03-19;23303;4608;0;0;0;359759;133921;3;0;0
FR;2;2021-03-20;25447;1564;0;0;0;385206;135485;3;0;0
FR;2;2021-03-21;17670;151;0;0;0;402876;135636;3;0;0
FR;2;2021-03-22;17783;3176;0;0;0;420659;138812;3;0;0
FR;2;2021-03-23;22690;4211;0;0;0;443349;143023;3;0;0
FR;2;2021-03-24;23955;5031;0;0;0;467304;148054;3;0;0
FR;2;2021-03-25;26748;5153;1;0;0;494052;153207;4;0;0
FR;2;2021-03-26;26981;4223;0;0;0;521033;157430;4;0;0
FR;2;2021-03-27;15918;1340;0;0;0;536951;158770;4;0;0
FR;2;2021-03-28;10561;131;0;0;0;547512;158901;4;0;0
FR;2;2021-03-29;18990;4297;0;0;0;566502;163198;4;0;0
FR;2;2021-03-30;24580;6049;0;0;0;591082;169247;4;0;0
FR;2;2021-03-31;28557;5932;0;0;0;619639;175179;4;0;0
FR;2;2021-04-01;34546;8526;1;0;0;654185;183705;5;0;0
FR;2;2021-04-02;29978;7688;0;0;0;684163;191393;5;0;0
FR;2;2021-04-03;16953;3910;0;0;0;701116;195303;5;0;0
FR;2;2021-04-04;9305;1089;2;0;0;710421;196392;7;0;0
FR;2;2021-04-05;12444;803;0;0;0;722865;197195;7;0;0
FR;2;2021-04-06;27147;7083;0;0;0;750012;204278;7;0;0
FR;2;2021-04-07;30926;7123;1;0;0;780938;211401;8;0;0
FR;2;2021-04-08;36887;8687;1;0;0;817825;220088;9;0;0
FR;2;2021-04-09;33837;8499;28;0;0;851662;228587;37;0;0
FR;2;2021-04-10;19679;9098;1;0;0;871341;237685;38;0;0
FR;2;2021-04-11;7942;4251;1;0;0;879283;241936;39;0;0
FR;2;2021-04-12;17122;11097;0;0;0;896405;253033;39;0;0
FR;2;2021-04-13;19452;16118;1;0;0;915857;269151;40;0;0
FR;2;2021-04-14;18062;16335;7;0;0;933919;285486;47;0;0
FR;2;2021-04-15;22192;21266;27;0;0;956111;306752;74;0;0
FR;2;2021-04-16;20706;20306;45;0;0;976817;327058;119;0;0
FR;2;2021-04-17;13255;22465;5;0;0;990072;349523;124;0;0
FR;2;2021-04-18;5907;14391;6;0;0;995979;363914;130;0;0
FR;2;2021-04-19;16837;16283;24;0;0;1012816;380197;154;0;0
FR;2;2021-04-20;19322;21634;38;0;0;1032138;401831;192;0;0
FR;2;2021-04-21;20285;21742;76;0;0;1052423;423573;268;0;0
FR;2;2021-04-22;23816;24879;41;0;0;1076239;448452;309;0;0
FR;2;2021-04-23;24523;25370;76;0;0;1100762;473822;385;0;0
FR;2;2021-04-24;25304;15076;104;0;0;1126066;488898;489;0;0
FR;2;2021-04-25;9595;8606;5;0;0;1135661;497504;494;0;0
FR;2;2021-04-26;17159;17366;21;0;0;1152820;514870;515;0;0
FR;2;2021-04-27;19241;24161;40;0;0;1172061;539031;555;0;0
FR;2;2021-04-28;22333;26272;112;0;0;1194394;565303;667;0;0
FR;2;2021-04-29;25468;30241;69;0;0;1219862;595544;736;0;0
FR;2;2021-04-30;25530;27817;49;1;0;1245392;623361;785;1;0
FR;2;2021-05-01;14985;9861;6;0;0;1260377;633222;791;1;0
FR;2;2021-05-02;6637;9172;2;0;0;1267014;642394;793;1;0
FR;2;2021-05-03;20015;19209;40;0;0;1287029;661603;833;1;0
FR;2;2021-05-04;18281;29060;33;0;0;1305310;690663;866;1;0
FR;2;2021-05-05;18367;29420;48;0;0;1323677;720083;914;1;0
FR;2;2021-05-06;23541;35272;131;0;0;1347218;755355;1045;1;0
FR;2;2021-05-07;25328;33211;97;0;0;1372546;788566;1142;1;0
FR;2;2021-05-08;21337;10052;14;0;0;1393883;798618;1156;1;0
FR;2;2021-05-09;13163;7793;7;0;0;1407046;806411;1163;1;0
FR;2;2021-05-10;32938;22002;49;0;0;1439984;828413;1212;1;0
FR;2;2021-05-11;43597;20987;101;0;0;1483581;849400;1313;1;0
FR;2;2021-05-12;50046;19763;143;0;0;1533627;869163;1456;1;0
FR;2;2021-05-13;51292;5709;31;0;0;1584919;874872;1487;1;0
FR;2;2021-05-14;61347;12910;132;0;0;1646266;887782;1619;1;0
FR;2;2021-05-15;65929;7132;39;0;0;1712195;894914;1658;1;0
FR;2;2021-05-16;43584;2569;10;0;0;1755779;897483;1668;1;0
FR;2;2021-05-17;44744;12540;114;0;0;1800523;910023;1782;1;0
FR;2;2021-05-18;54639;12252;191;0;0;1855162;922275;1973;1;0
FR;2;2021-05-19;57168;10576;281;0;0;1912330;932851;2254;1;0
FR;2;2021-05-20;63433;10825;288;0;0;1975763;943676;2542;1;0
FR;2;2021-05-21;64294;11633;230;0;0;2040057;955309;2772;1;0
FR;2;2021-05-22;61480;4511;65;0;0;2101537;959820;2837;1;0
FR;2;2021-05-23;37532;572;22;0;0;2139069;960392;2859;1;0
FR;2;2021-05-24;17237;2042;35;0;0;2156306;962434;2894;1;0
FR;2;2021-05-25;21107;12213;240;0;0;2177413;974647;3134;1;0
FR;2;2021-05-26;19934;11466;229;0;0;2197347;986113;3363;1;0
FR;2;2021-05-27;22994;12652;182;0;0;2220341;998765;3545;1;0
FR;2;2021-05-28;29390;14966;190;0;0;2249731;1013731;3735;1;0
FR;2;2021-05-29;30419;8188;57;0;0;2280150;1021919;3792;1;0
FR;2;2021-05-30;4646;1817;6;0;0;2284796;1023736;3798;1;0
FR;2;2021-05-31;28587;18723;184;0;0;2313383;1042459;3982;1;0
FR;2;2021-06-01;45717;19970;224;0;0;2359100;1062429;4206;1;0
FR;2;2021-06-02;37468;19250;182;0;0;2396568;1081679;4388;1;0
FR;2;2021-06-03;51276;23275;161;0;0;2447844;1104954;4549;1;0
FR;2;2021-06-04;65511;24050;215;0;0;2513355;1129004;4764;1;0
FR;2;2021-06-05;34597;24043;52;0;0;2547952;1153047;4816;1;0
FR;2;2021-06-06;4954;6193;10;0;0;2552906;1159240;4826;1;0
FR;2;2021-06-07;28171;23034;149;0;0;2581077;1182274;4975;1;0
FR;2;2021-06-08;46372;22908;143;0;0;2627449;1205182;5118;1;0
FR;2;2021-06-09;34287;20925;107;0;0;2661736;1226107;5225;1;0
FR;2;2021-06-10;42638;19121;95;1;0;2704374;1245228;5320;2;0
FR;2;2021-06-11;55292;25193;134;0;0;2759666;1270421;5454;2;0
FR;2;2021-06-12;30557;19775;53;0;0;2790223;1290196;5507;2;0
FR;2;2021-06-13;3330;9188;13;0;0;2793553;1299384;5520;2;0
FR;2;2021-06-14;25298;24151;92;0;0;2818851;1323535;5612;2;0
FR;2;2021-06-15;39039;22831;154;0;0;2857890;1346366;5766;2;0
FR;2;2021-06-16;30160;21408;134;0;0;2888050;1367774;5900;2;0
FR;2;2021-06-17;36907;25845;150;0;0;2924957;1393619;6050;2;0
FR;2;2021-06-18;46852;28839;122;0;0;2971809;1422458;6172;2;0
FR;2;2021-06-19;24525;24895;39;0;0;2996334;1447353;6211;2;0
FR;2;2021-06-20;3741;10059;9;0;0;3000075;1457412;6220;2;0
FR;2;2021-06-21;17526;42840;87;0;0;3017601;1500252;6307;2;0
FR;2;2021-06-22;28359;49557;110;0;0;3045960;1549809;6417;2;0
FR;2;2021-06-23;21788;49578;107;1;1;3067748;1599387;6524;3;1
FR;2;2021-06-24;28376;50281;133;0;0;3096124;1649668;6657;3;1
FR;2;2021-06-25;33399;60404;127;0;0;3129523;1710072;6784;3;1
FR;2;2021-06-26;16382;59266;54;1;0;3145905;1769338;6838;4;1
FR;2;2021-06-27;2566;29313;22;1;0;3148471;1798651;6860;5;1
FR;2;2021-06-28;12638;54331;83;0;0;3161109;1852982;6943;5;1
FR;2;2021-06-29;19846;59908;178;0;0;3180955;1912890;7121;5;1
FR;2;2021-06-30;16323;57916;252;17;0;3197278;1970806;7373;22;1
FR;2;2021-07-01;20488;59885;227;0;0;3217766;2030691;7600;22;1
FR;2;2021-07-02;24071;62147;184;0;0;3241837;2092838;7784;22;1
FR;2;2021-07-03;12113;57092;153;0;0;3253950;2149930;7937;22;1
FR;2;2021-07-04;1958;23302;18;0;0;3255908;2173232;7955;22;1
FR;2;2021-07-05;9170;29372;106;0;0;3265078;2202604;8061;22;1
FR;2;2021-07-06;14577;36216;135;0;0;3279655;2238820;8196;22;1
FR;2;2021-07-07;14408;33655;139;0;0;3294063;2272475;8335;22;1
FR;2;2021-07-08;19715;40306;162;0;0;3313778;2312781;8497;22;1
FR;2;2021-07-09;27097;54286;202;1;0;3340875;2367067;8699;23;1
FR;2;2021-07-10;13386;33679;107;0;0;3354261;2400746;8806;23;1
FR;2;2021-07-11;1808;4357;16;0;0;3356069;2405103;8822;23;1
FR;2;2021-07-12;12965;37266;119;0;0;3369034;2442369;8941;23;1
FR;2;2021-07-13;37112;53198;150;0;0;3406146;2495567;9091;23;1
FR;2;2021-07-14;6614;3566;15;0;0;3412760;2499133;9106;23;1
FR;2;2021-07-15;47237;47029;156;0;0;3459997;2546162;9262;23;1
FR;2;2021-07-16;64308;55799;187;0;0;3524305;2601961;9449;23;1
FR;2;2021-07-17;31594;23927;96;0;0;3555899;2625888;9545;23;1
FR;2;2021-07-18;6086;4858;19;0;0;3561985;2630746;9564;23;1
FR;2;2021-07-19;32994;28659;94;0;0;3594979;2659405;9658;23;1
FR;2;2021-07-20;51991;44545;155;0;0;3646970;2703950;9813;23;1
FR;2;2021-07-21;45246;34726;93;0;0;3692216;2738676;9906;23;1
FR;2;2021-07-22;56275;41099;128;1;0;3748491;2779775;10034;24;1
FR;2;2021-07-23;68284;49058;170;0;0;3816775;2828833;10204;24;1
FR;2;2021-07-24;36171;21596;82;0;0;3852946;2850429;10286;24;1
FR;2;2021-07-25;6744;2641;10;0;0;3859690;2853070;10296;24;1
FR;2;2021-07-26;36309;22436;91;1;0;3895999;2875506;10387;25;1
FR;2;2021-07-27;62372;34605;180;0;0;3958371;2910111;10567;25;1
FR;2;2021-07-28;55310;26434;132;0;0;4013681;2936545;10699;25;1
FR;2;2021-07-29;68464;32782;189;0;0;4082145;2969327;10888;25;1
FR;2;2021-07-30;74446;37782;222;1;0;4156591;3007109;11110;26;1
FR;2;2021-07-31;34760;16193;104;0;0;4191351;3023302;11214;26;1
FR;2;2021-08-01;5409;2271;19;0;0;4196760;3025573;11233;26;1
FR;2;2021-08-02;35870;16203;101;0;0;4232630;3041776;11334;26;1
FR;2;2021-08-03;55973;28286;142;0;0;4288603;3070062;11476;26;1
FR;2;2021-08-04;46625;20858;128;1;0;4335228;3090920;11604;27;1
FR;2;2021-08-05;54626;31579;215;0;0;4389854;3122499;11819;27;1
FR;2;2021-08-06;58089;42391;242;1;0;4447943;3164890;12061;28;1
FR;2;2021-08-07;25143;17607;89;0;0;4473086;3182497;12150;28;1
FR;2;2021-08-08;3833;3666;21;0;0;4476919;3186163;12171;28;1
FR;2;2021-08-09;29304;21111;92;0;0;4506223;3207274;12263;28;1
FR;2;2021-08-10;44996;33503;154;0;0;4551219;3240777;12417;28;1
FR;2;2021-08-11;35267;25177;151;0;0;4586486;3265954;12568;28;1
FR;2;2021-08-12;41899;35727;162;0;0;4628385;3301681;12730;28;1
FR;2;2021-08-13;42591;37133;218;0;0;4670976;3338814;12948;28;1
FR;2;2021-08-14;18511;22223;93;0;0;4689487;3361037;13041;28;1
FR;2;2021-08-15;3837;3806;17;0;0;4693324;3364843;13058;28;1
FR;2;2021-08-16;25081;27181;110;0;0;4718405;3392024;13168;28;1
FR;2;2021-08-17;38253;43463;205;2;0;4756658;3435487;13373;30;1
FR;2;2021-08-18;32250;36370;195;1;1;4788908;3471857;13568;31;2
FR;2;2021-08-19;37432;46565;224;0;0;4826340;3518422;13792;31;2
FR;2;2021-08-20;40560;55619;269;1;0;4866900;3574041;14061;32;2
FR;2;2021-08-21;18121;24302;115;0;0;4885021;3598343;14176;32;2
FR;2;2021-08-22;2905;4321;22;1;1;4887926;3602664;14198;33;3
FR;2;2021-08-23;19245;35163;131;1;0;4907171;3637827;14329;34;3
FR;2;2021-08-24;31942;56039;236;0;0;4939113;3693866;14565;34;3
FR;2;2021-08-25;25927;43442;250;0;0;4965040;3737308;14815;34;3
FR;2;2021-08-26;32357;55814;387;0;0;4997397;3793122;15202;34;3
FR;2;2021-08-27;36998;65618;479;2;0;5034395;3858740;15681;36;3
FR;2;2021-08-28;17817;28498;300;0;0;5052212;3887238;15981;36;3
FR;2;2021-08-29;2654;5039;47;0;0;5054866;3892277;16028;36;3
FR;2;2021-08-30;18413;37742;400;0;757;5073279;3930019;16428;36;760
FR;2;2021-08-31;28074;57494;887;4;1544;5101353;3987513;17315;40;2304
FR;2;2021-09-01;21592;39852;1309;0;2107;5122945;4027365;18624;40;4411
FR;2;2021-09-02;25482;48635;1962;2;3312;5148427;4076000;20586;42;7723
FR;2;2021-09-03;33407;64483;2988;3;4838;5181834;4140483;23574;45;12561
FR;2;2021-09-04;16829;27714;1442;1;2364;5198663;4168197;25016;46;14925
FR;2;2021-09-05;2262;3612;266;0;413;5200925;4171809;25282;46;15338
FR;2;2021-09-06;14039;28718;1769;1;2936;5214964;4200527;27051;47;18274
FR;2;2021-09-07;21106;41069;3020;13;4877;5236070;4241596;30071;60;23151
FR;2;2021-09-08;17243;31932;2732;6;4478;5253313;4273528;32803;66;27629
FR;2;2021-09-09;20975;40445;4432;3;6774;5274288;4313973;37235;69;34403
FR;2;2021-09-10;28200;51183;5283;4;8850;5302488;4365156;42518;73;43253
FR;2;2021-09-11;13654;22397;2404;5;3954;5316142;4387553;44922;78;47207
FR;2;2021-09-12;1822;2780;287;0;508;5317964;4390333;45209;78;47715
FR;2;2021-09-13;11657;21438;2471;4;4014;5329621;4411771;47680;82;51729
FR;2;2021-09-14;18571;32775;5085;13;9063;5348192;4444546;52765;95;60792
FR;2;2021-09-15;14911;28276;5165;3;7778;5363103;4472822;57930;98;68570
FR;2;2021-09-16;16074;32764;6736;13;10525;5379177;4505586;64666;111;79095
FR;2;2021-09-17;20911;47110;8780;10;14591;5400088;4552696;73446;121;93686
FR;2;2021-09-18;9856;20929;3803;6;6023;5409944;4573625;77249;127;99709
FR;2;2021-09-19;1164;2632;396;0;640;5411108;4576257;77645;127;100349
FR;2;2021-09-20;7492;18771;3853;7;6153;5418600;4595028;81498;134;106502
FR;2;2021-09-21;11212;30006;6495;5;10742;5429812;4625034;87993;139;117244
FR;2;2021-09-22;9407;23532;5491;6;8510;5439219;4648566;93484;145;125754
FR;2;2021-09-23;10725;28889;7880;9;12637;5449944;4677455;101364;154;138391
FR;2;2021-09-24;15069;42886;10875;18;17206;5465013;4720341;112239;172;155597
FR;2;2021-09-25;7258;18765;3963;9;6097;5472271;4739106;116202;181;161694
FR;2;2021-09-26;1079;2560;495;0;634;5473350;4741666;116697;181;162328
FR;2;2021-09-27;6313;16434;4284;8;6540;5479663;4758100;120981;189;168868
FR;2;2021-09-28;9238;25556;7768;13;12074;5488901;4783656;128749;202;180942
FR;2;2021-09-29;8081;20208;6066;25;9259;5496982;4803864;134815;227;190201
FR;2;2021-09-30;9864;25806;9504;16;14084;5506846;4829670;144319;243;204285
FR;2;2021-10-01;13970;35667;12916;25;19265;5520816;4865337;157235;268;223550
FR;2;2021-10-02;6874;15894;4845;7;7013;5527690;4881231;162080;275;230563
FR;2;2021-10-03;841;1927;492;1;510;5528531;4883158;162572;276;231073
FR;2;2021-10-04;5820;13915;5518;5;7861;5534351;4897073;168090;281;238934
FR;2;2021-10-05;9052;22541;11120;19;15719;5543403;4919614;179210;300;254653
FR;2;2021-10-06;7782;17745;8241;11;11075;5551185;4937359;187451;311;265728
FR;2;2021-10-07;9196;22192;12381;15;16847;5560381;4959551;199832;326;282575
FR;2;2021-10-08;13427;32061;17348;27;23548;5573808;4991612;217180;353;306123
FR;2;2021-10-09;5999;12838;6042;6;7887;5579807;5004450;223222;359;314010
FR;2;2021-10-10;884;1623;436;2;627;5580691;5006073;223658;361;314637
FR;2;2021-10-11;5604;11581;6454;17;8828;5586295;5017654;230112;378;323465
FR;2;2021-10-12;8030;17771;12542;13;16746;5594325;5035425;242654;391;340211
FR;2;2021-10-13;6943;14841;10245;12;13614;5601268;5050266;252899;403;353825
FR;2;2021-10-14;8310;17927;14992;13;19451;5609578;5068193;267891;416;373276
FR;2;2021-10-15;11849;26291;20902;26;27955;5621427;5094484;288793;442;401231
FR;2;2021-10-16;5140;8730;1818;0;3205;5626567;5103214;290611;442;404436
FR;2;2021-10-17;651;1179;184;0;373;5627218;5104393;290795;442;404809
FR;2;2021-10-18;4560;7401;661;2;1664;5631778;5111794;291456;444;406473
FR;2;2021-10-19;6236;9886;730;5;2046;5638014;5121680;292186;449;408519
FR;2;2021-10-20;5163;8082;757;3;1683;5643177;5129762;292943;452;410202
FR;2;2021-10-21;6090;9970;779;5;2105;5649267;5139732;293722;457;412307
FR;2;2021-10-22;8448;14584;1148;4;2884;5657715;5154316;294870;461;415191
FR;2;2021-10-23;3841;5995;586;0;1230;5661556;5160311;295456;461;416421
FR;2;2021-10-24;493;891;100;0;205;5662049;5161202;295556;461;416626
FR;2;2021-10-25;3357;5365;305;1;828;5665406;5166567;295861;462;417454
FR;2;2021-10-26;4176;7260;1128;4;2009;5669582;5173827;296989;466;419463
FR;2;2021-10-27;3674;6618;1193;5;1995;5673256;5180445;298182;471;421458
FR;2;2021-10-28;4597;7700;1728;3;2744;5677853;5188145;299910;474;424202
FR;2;2021-10-29;5408;11078;2435;4;3673;5683261;5199223;302345;478;427875
FR;2;2021-10-30;2747;4436;973;1;1430;5686008;5203659;303318;479;429305
FR;2;2021-10-31;364;534;139;1;190;5686372;5204193;303457;480;429495
FR;2;2021-11-01;427;550;177;0;265;5686799;5204743;303634;480;429760
FR;2;2021-11-02;3290;6760;1182;0;1762;5690089;5211503;304816;480;431522
FR;2;2021-11-03;3339;6239;1384;2;1967;5693428;5217742;306200;482;433489
FR;2;2021-11-04;3986;7089;1764;4;2491;5697414;5224831;307964;486;435980
FR;2;2021-11-05;5227;10510;2866;5;3947;5702641;5235341;310830;491;439927
FR;2;2021-11-06;2594;4677;1401;0;1816;5705235;5240018;312231;491;441743
FR;2;2021-11-07;506;866;219;0;288;5705741;5240884;312450;491;442031
FR;2;2021-11-08;2578;5361;1201;3;1674;5708319;5246245;313651;494;443705
FR;2;2021-11-09;2750;6939;2397;6;3181;5711069;5253184;316048;500;446886
FR;2;2021-11-10;2587;5700;5097;6;6277;5713656;5258884;321145;506;453163
FR;2;2021-11-11;441;748;736;2;916;5714097;5259632;321881;508;454079
FR;2;2021-11-12;2951;8113;8967;8;10909;5717048;5267745;330848;516;464988
FR;2;2021-11-13;1536;3382;3865;7;4528;5718584;5271127;334713;523;469516
FR;2;2021-11-14;254;595;349;1;486;5718838;5271722;335062;524;470002
FR;2;2021-11-15;1622;3683;4441;9;5329;5720460;5275405;339503;533;475331
FR;2;2021-11-16;2184;5928;8301;14;10078;5722644;5281333;347804;547;485409
FR;2;2021-11-17;1739;4544;6623;8;7839;5724383;5285877;354427;555;493248
FR;2;2021-11-18;2190;5945;9176;11;11011;5726573;5291822;363603;566;504259
FR;2;2021-11-19;2698;7789;12964;19;15464;5729271;5299611;376567;585;519723
FR;2;2021-11-20;1564;3336;5173;5;6079;5730835;5302947;381740;590;525802
FR;2;2021-11-21;246;517;540;0;662;5731081;5303464;382280;590;526464
FR;2;2021-11-22;1276;2617;4474;5;5404;5732357;5306081;386754;595;531868
FR;2;2021-11-23;1615;4300;8193;9;9897;5733972;5310381;394947;604;541765
FR;2;2021-11-24;1416;3778;7470;14;8728;5735388;5314159;402417;618;550493
FR;2;2021-11-25;1812;4893;11454;21;13655;5737200;5319052;413871;639;564148
FR;2;2021-11-26;2540;7772;22660;31;26072;5739740;5326824;436531;670;590220
FR;2;2021-11-27;1496;4150;12262;18;14012;5741236;5330974;448793;688;604232
FR;2;2021-11-28;292;845;1970;3;2297;5741528;5331819;450763;691;606529
FR;2;2021-11-29;1443;4373;15079;23;17247;5742971;5336192;465842;714;623776
FR;2;2021-11-30;1911;6731;26226;36;29980;5744882;5342923;492068;750;653756
FR;2;2021-12-01;1909;6072;26194;29;29518;5746791;5348995;518262;779;683274
FR;2;2021-12-02;1909;6829;37694;52;41945;5748700;5355824;555956;831;725219
FR;2;2021-12-03;2552;10098;53598;111;59329;5751252;5365922;609554;942;784548
FR;2;2021-12-04;1848;6301;37100;38;40780;5753100;5372223;646654;980;825328
FR;2;2021-12-05;458;2258;14254;14;15988;5753558;5374481;660908;994;841316
FR;2;2021-12-06;2482;9890;77694;109;84744;5756040;5384371;738602;1103;926060
FR;2;2021-12-07;3454;15341;122417;238;133722;5759494;5399712;861019;1341;1059782
FR;2;2021-12-08;3720;16043;133183;330;145377;5763214;5415755;994202;1671;1205159
FR;2;2021-12-09;4547;19633;170170;554;185540;5767761;5435388;1164372;2225;1390699
FR;2;2021-12-10;4672;22832;188627;490;206079;5772433;5458220;1352999;2715;1596778
FR;2;2021-12-11;3682;16622;132430;239;144864;5776115;5474842;1485429;2954;1741642
FR;2;2021-12-12;1256;7129;59084;83;65133;5777371;5481971;1544513;3037;1806775
FR;2;2021-12-13;5526;26862;220662;605;242954;5782897;5508833;1765175;3642;2049729
FR;2;2021-12-14;7017;37511;300731;909;332192;5789914;5546344;2065906;4551;2381921
FR;2;2021-12-15;6559;36241;285194;956;315796;5796473;5582585;2351100;5507;2697717
FR;2;2021-12-16;7761;37919;312113;981;343700;5804234;5620504;2663213;6488;3041417
FR;2;2021-12-17;8678;41243;327848;976;360928;5812912;5661747;2991061;7464;3402345
FR;2;2021-12-18;6512;26568;212329;448;233638;5819424;5688315;3203390;7912;3635983
FR;2;2021-12-19;2602;11470;90208;182;100368;5822026;5699785;3293598;8094;3736351
FR;2;2021-12-20;9551;33600;275177;706;303347;5831577;5733385;3568775;8800;4039698
FR;2;2021-12-21;11559;38341;309606;969;341404;5843136;5771726;3878381;9769;4381102
FR;2;2021-12-22;10457;32847;265092;952;292475;5853593;5804573;4143473;10721;4673577
FR;2;2021-12-23;9430;26699;199478;700;221267;5863023;5831272;4342951;11421;4894844
FR;2;2021-12-24;2782;7503;43849;140;49563;5865805;5838775;4386800;11561;4944407
FR;2;2021-12-25;201;692;2002;10;2494;5866006;5839467;4388802;11571;4946901
FR;2;2021-12-26;1322;4203;25149;71;28673;5867328;5843670;4413951;11642;4975574
FR;2;2021-12-27;8074;29936;218399;659;243325;5875402;5873606;4632350;12301;5218899
FR;2;2021-12-28;9838;36330;272073;741;301956;5885240;5909936;4904423;13042;5520855
FR;2;2021-12-29;9497;32280;246116;766;272686;5894737;5942216;5150539;13808;5793541
FR;2;2021-12-30;9461;28126;208818;662;231463;5904198;5970342;5359357;14470;6025004
FR;2;2021-12-31;3009;8375;54982;177;61237;5907207;5978717;5414339;14647;6086241
FR;2;2022-01-01;227;689;2851;7;3345;5907434;5979406;5417190;14654;6089586
FR;2;2022-01-02;1504;4859;29510;75;33400;5908938;5984265;5446700;14729;6122986
FR;2;2022-01-03;9589;35393;266510;806;293870;5918527;6019658;5713210;15535;6416856
FR;2;2022-01-04;12846;45393;342073;1068;376968;5931373;6065051;6055283;16603;6793824
FR;2;2022-01-05;11269;38659;294158;886;323799;5942642;6103710;6349441;17489;7117623
FR;2;2022-01-06;13653;43527;331933;1298;364733;5956295;6147237;6681374;18787;7482356
FR;2;2022-01-07;14223;47628;361086;1270;396412;5970518;6194865;7042460;20057;7878768
FR;2;2022-01-08;7948;28145;201259;515;221693;5978466;6223010;7243719;20572;8100461
FR;2;2022-01-09;2749;8989;62521;137;69520;5981215;6231999;7306240;20709;8169981
FR;2;2022-01-10;10093;31939;232458;857;255048;5991308;6263938;7538698;21566;8425029
FR;2;2022-01-11;11470;36242;265891;1030;290576;6002778;6300180;7804589;22596;8715605
FR;2;2022-01-12;8760;29827;206312;862;226174;6011538;6330007;8010901;23458;8941779
FR;2;2022-01-13;9387;31351;224477;832;244821;6020925;6361358;8235378;24290;9186600
FR;2;2022-01-14;9743;35647;254523;920;277670;6030668;6397005;8489901;25210;9464270
FR;2;2022-01-15;5358;19458;140776;363;153637;6036026;6416463;8630677;25573;9617907
FR;2;2022-01-16;1511;5509;35876;81;39842;6037537;6421972;8666553;25654;9657749
FR;2;2022-01-17;5546;19300;135395;602;147252;6043083;6441272;8801948;26256;9805001
FR;2;2022-01-18;6418;21526;148611;648;160468;6049501;6462798;8950559;26904;9965469
FR;2;2022-01-19;4389;16349;105087;552;113703;6053890;6479147;9055646;27456;10079172
FR;2;2022-01-20;4867;17598;115283;603;123681;6058757;6496745;9170929;28059;10202853
FR;2;2022-01-21;5195;20065;137328;679;147749;6063952;6516810;9308257;28738;10350602
FR;2;2022-01-22;3030;10960;74259;259;80326;6066982;6527770;9382516;28997;10430928
FR;2;2022-01-23;724;2732;15238;41;16834;6067706;6530502;9397754;29038;10447762
FR;2;2022-01-24;3292;12820;75063;430;81021;6070998;6543322;9472817;29468;10528783
FR;2;2022-01-25;3572;14442;79617;496;85454;6074570;6557764;9552434;29964;10614237
FR;2;2022-01-26;2514;10676;58961;363;62994;6077084;6568440;9611395;30327;10677231
FR;2;2022-01-27;2680;11302;64173;388;67909;6079764;6579742;9675568;30715;10745140
FR;2;2022-01-28;3547;18361;91714;429;98953;6083311;6598103;9767282;31144;10844093
FR;2;2022-01-29;1894;9241;48844;164;52926;6085205;6607344;9816126;31308;10897019
FR;2;2022-01-30;464;2237;9452;38;10604;6085669;6609581;9825578;31346;10907623
FR;2;2022-01-31;1887;9576;43824;208;47335;6087556;6619157;9869402;31554;10954958
FR;2;2022-02-01;1913;10055;47023;279;50107;6089469;6629212;9916425;31833;11005065
FR;2;2022-02-02;1608;9018;41107;251;44171;6091077;6638230;9957532;32084;11049236
FR;2;2022-02-03;1723;8951;40514;204;42916;6092800;6647181;9998046;32288;11092152
FR;2;2022-02-04;2152;15219;66634;299;71349;6094952;6662400;10064680;32587;11163501
FR;2;2022-02-05;1361;8531;35942;132;39234;6096313;6670931;10100622;32719;11202735
FR;2;2022-02-06;274;1771;6124;16;6898;6096587;6672702;10106746;32735;11209633
FR;2;2022-02-07;1350;9586;37748;134;41301;6097937;6682288;10144494;32869;11250934
FR;2;2022-02-08;1300;9821;40929;173;43718;6099237;6692109;10185423;33042;11294652
FR;2;2022-02-09;1160;8826;37038;174;40458;6100397;6700935;10222461;33216;11335110
FR;2;2022-02-10;1025;7989;33834;204;36504;6101422;6708924;10256295;33420;11371614
FR;2;2022-02-11;1390;12081;53340;223;57689;6102812;6721005;10309635;33643;11429303
FR;2;2022-02-12;750;6533;27986;83;30805;6103562;6727538;10337621;33726;11460108
FR;2;2022-02-13;200;1339;4833;20;5574;6103762;6728877;10342454;33746;11465682
FR;2;2022-02-14;834;6726;30266;90;33227;6104596;6735603;10372720;33836;11498909
FR;2;2022-02-15;773;6457;28045;141;29987;6105369;6742060;10400765;33977;11528896
FR;2;2022-02-16;655;5357;22058;123;23623;6106024;6747417;10422823;34100;11552519
FR;2;2022-02-17;517;3777;14146;98;14612;6106541;6751194;10436969;34198;11567131
FR;2;2022-02-18;722;5363;20430;134;21126;6107263;6756557;10457399;34332;11588257
FR;2;2022-02-19;430;3053;10529;66;11243;6107693;6759610;10467928;34398;11599500
FR;2;2022-02-20;104;513;1456;3;1604;6107797;6760123;10469384;34401;11601104
FR;2;2022-02-21;422;2684;9117;65;9494;6108219;6762807;10478501;34466;11610598
FR;2;2022-02-22;390;2564;8890;76;8793;6108609;6765371;10487391;34542;11619391
FR;2;2022-02-23;431;2602;8988;82;9266;6109040;6767973;10496379;34624;11628657
FR;2;2022-02-24;314;2031;6798;81;6827;6109354;6770004;10503177;34705;11635484
FR;2;2022-02-25;456;3199;11415;108;11279;6109810;6773203;10514592;34813;11646763
FR;2;2022-02-26;296;1892;6035;49;6340;6110106;6775095;10520627;34862;11653103
FR;2;2022-02-27;76;313;905;5;948;6110182;6775408;10521532;34867;11654051
FR;2;2022-02-28;330;1684;5523;53;5531;6110512;6777092;10527055;34920;11659582
FR;2;2022-03-01;277;1559;5475;45;5192;6110789;6778651;10532530;34965;11664774
FR;2;2022-03-02;297;1434;5244;45;5087;6111086;6780085;10537774;35010;11669861
FR;2;2022-03-03;225;1108;3706;42;3482;6111311;6781193;10541480;35052;11673343
FR;2;2022-03-04;242;1465;4856;73;4501;6111553;6782658;10546336;35125;11677844
FR;2;2022-03-05;173;904;2979;32;2723;6111726;6783562;10549315;35157;11680567
FR;2;2022-03-06;42;182;279;5;319;6111768;6783744;10549594;35162;11680886
FR;2;2022-03-07;155;655;1985;70;1774;6111923;6784399;10551579;35232;11682660
FR;2;2022-03-08;144;657;2270;51;1902;6112067;6785056;10553849;35283;11684562
FR;2;2022-03-09;154;705;2345;37;2045;6112221;6785761;10556194;35320;11686607
FR;2;2022-03-10;121;601;1691;35;1466;6112342;6786362;10557885;35355;11688073
FR;2;2022-03-11;171;754;2767;57;2366;6112513;6787116;10560652;35412;11690439
FR;2;2022-03-12;145;484;1784;27;1553;6112658;6787600;10562436;35439;11691992
FR;2;2022-03-13;25;75;201;29;202;6112683;6787675;10562637;35468;11692194
FR;2;2022-03-14;127;467;1565;529;1294;6112810;6788142;10564202;35997;11693488
FR;2;2022-03-15;138;427;1707;689;1325;6112948;6788569;10565909;36686;11694813
FR;2;2022-03-16;141;472;2012;1611;1590;6113089;6789041;10567921;38297;11696403
FR;2;2022-03-17;93;412;1408;1193;1144;6113182;6789453;10569329;39490;11697547
FR;2;2022-03-18;145;492;2018;1792;1660;6113327;6789945;10571347;41282;11699207
FR;2;2022-03-19;108;319;1210;940;1015;6113435;6790264;10572557;42222;11700222
FR;2;2022-03-20;13;77;191;59;168;6113448;6790341;10572748;42281;11700390
FR;2;2022-03-21;96;305;1211;1483;1075;6113544;6790646;10573959;43764;11701465
FR;2;2022-03-22;117;385;1528;1829;1290;6113661;6791031;10575487;45593;11702755
FR;2;2022-03-23;139;358;1669;3032;1465;6113800;6791389;10577156;48625;11704220
FR;2;2022-03-24;116;291;1182;1546;998;6113916;6791680;10578338;50171;11705218
FR;2;2022-03-25;119;361;1803;2449;1473;6114035;6792041;10580141;52620;11706691
FR;2;2022-03-26;77;247;1203;1222;952;6114112;6792288;10581344;53842;11707643
FR;2;2022-03-27;19;36;153;100;132;6114131;6792324;10581497;53942;11707775
FR;2;2022-03-28;94;286;1135;1588;994;6114225;6792610;10582632;55530;11708769
FR;2;2022-03-29;108;257;1324;2464;1104;6114333;6792867;10583956;57994;11709873
FR;2;2022-03-30;91;312;1487;3183;1320;6114424;6793179;10585443;61177;11711193
FR;2;2022-03-31;104;281;1273;2330;1087;6114528;6793460;10586716;63507;11712280
FR;2;2022-04-01;121;320;1565;2343;1318;6114649;6793780;10588281;65850;11713598
FR;2;2022-04-02;72;161;845;890;737;6114721;6793941;10589126;66740;11714335
FR;2;2022-04-03;16;53;128;112;142;6114737;6793994;10589254;66852;11714477
FR;2;2022-04-04;109;232;985;1436;793;6114846;6794226;10590239;68288;11715270
FR;2;2022-04-05;143;288;1312;2876;1140;6114989;6794514;10591551;71164;11716410
FR;2;2022-04-06;88;249;1305;2517;1128;6115077;6794763;10592856;73681;11717538
FR;2;2022-04-07;120;215;1298;2681;1037;6115197;6794978;10594154;76362;11718575
FR;2;2022-04-08;124;331;1624;3230;1322;6115321;6795309;10595778;79592;11719897
FR;2;2022-04-09;90;219;899;1045;731;6115411;6795528;10596677;80637;11720628
FR;2;2022-04-10;37;47;143;162;119;6115448;6795575;10596820;80799;11720747
FR;2;2022-04-11;86;187;884;1531;773;6115534;6795762;10597704;82330;11721520
FR;2;2022-04-12;176;266;1178;2733;1057;6115710;6796028;10598882;85063;11722577
FR;2;2022-04-13;144;227;1121;2451;980;6115854;6796255;10600003;87514;11723557
FR;2;2022-04-14;114;220;1084;2672;916;6115968;6796475;10601087;90186;11724473
FR;2;2022-04-15;112;245;1195;2275;1064;6116080;6796720;10602282;92461;11725537
FR;2;2022-04-16;65;108;541;545;452;6116145;6796828;10602823;93006;11725989
FR;2;2022-04-17;15;26;57;53;53;6116160;6796854;10602880;93059;11726042
FR;2;2022-04-18;12;35;119;70;114;6116172;6796889;10602999;93129;11726156
FR;2;2022-04-19;112;237;1115;1707;947;6116284;6797126;10604114;94836;11727103
FR;2;2022-04-20;95;238;1099;2145;929;6116379;6797364;10605213;96981;11728032
FR;2;2022-04-21;111;230;975;1847;832;6116490;6797594;10606188;98828;11728864
FR;2;2022-04-22;97;270;1241;2085;1023;6116587;6797864;10607429;100913;11729887
FR;2;2022-04-23;66;154;644;762;573;6116653;6798018;10608073;101675;11730460
FR;2;2022-04-24;12;29;101;68;79;6116665;6798047;10608174;101743;11730539
FR;2;2022-04-25;103;203;820;1313;709;6116768;6798250;10608994;103056;11731248
FR;2;2022-04-26;109;183;1035;1965;873;6116877;6798433;10610029;105021;11732121
FR;2;2022-04-27;96;177;857;1757;760;6116973;6798610;10610886;106778;11732881
FR;2;2022-04-28;91;214;948;1900;842;6117064;6798824;10611834;108678;11733723
FR;2;2022-04-29;81;279;1129;1691;1037;6117145;6799103;10612963;110369;11734760
FR;2;2022-04-30;65;126;470;538;429;6117210;6799229;10613433;110907;11735189
FR;2;2022-05-01;20;24;83;48;84;6117230;6799253;10613516;110955;11735273
FR;2;2022-05-02;114;220;760;1206;655;6117344;6799473;10614276;112161;11735928
FR;2;2022-05-03;149;226;995;1766;933;6117493;6799699;10615271;113927;11736861
FR;2;2022-05-04;87;221;921;1808;865;6117580;6799920;10616192;115735;11737726
FR;2;2022-05-05;126;193;850;1697;765;6117706;6800113;10617042;117432;11738491
FR;2;2022-05-06;133;239;1097;1848;1010;6117839;6800352;10618139;119280;11739501
FR;2;2022-05-07;40;97;470;504;406;6117879;6800449;10618609;119784;11739907
FR;2;2022-05-08;45;53;106;70;100;6117924;6800502;10618715;119854;11740007
FR;2;2022-05-09;101;173;650;984;602;6118025;6800675;10619365;120838;11740609
FR;2;2022-05-10;119;239;936;1829;891;6118144;6800914;10620301;122667;11741500
FR;2;2022-05-11;100;167;809;1871;787;6118244;6801081;10621110;124538;11742287
FR;2;2022-05-12;110;166;838;2093;799;6118354;6801247;10621948;126631;11743086
FR;2;2022-05-13;99;229;964;2086;891;6118453;6801476;10622912;128717;11743977
FR;2;2022-05-14;76;116;450;554;408;6118529;6801592;10623362;129271;11744385
FR;2;2022-05-15;24;36;93;87;106;6118553;6801628;10623455;129358;11744491
FR;2;2022-05-16;103;169;599;921;536;6118656;6801797;10624054;130279;11745027
FR;2;2022-05-17;95;183;687;1685;655;6118751;6801980;10624741;131964;11745682
FR;2;2022-05-18;80;179;637;1420;642;6118831;6802159;10625378;133384;11746324
FR;2;2022-05-19;69;158;706;1814;747;6118900;6802317;10626084;135198;11747071
FR;2;2022-05-20;105;176;868;1700;775;6119005;6802493;10626952;136898;11747846
FR;2;2022-05-21;47;96;396;517;338;6119052;6802589;10627348;137415;11748184
FR;2;2022-05-22;8;23;69;37;57;6119060;6802612;10627417;137452;11748241
FR;2;2022-05-23;85;130;498;929;469;6119145;6802742;10627915;138381;11748710
FR;2;2022-05-24;86;161;620;1587;609;6119231;6802903;10628535;139968;11749319
FR;2;2022-05-25;70;141;537;1141;490;6119301;6803044;10629072;141109;11749809
FR;2;2022-05-26;8;28;74;41;80;6119309;6803072;10629146;141150;11749889
FR;2;2022-05-27;44;121;453;814;435;6119353;6803193;10629599;141964;11750324
FR;2;2022-05-28;28;60;220;243;220;6119381;6803253;10629819;142207;11750544
FR;2;2022-05-29;13;34;43;25;51;6119394;6803287;10629862;142232;11750595
FR;2;2022-05-30;65;106;418;719;402;6119459;6803393;10630280;142951;11750997
FR;2;2022-05-31;76;132;553;1274;503;6119535;6803525;10630833;144225;11751500
FR;2;2022-06-01;55;151;551;1038;532;6119590;6803676;10631384;145263;11752032
FR;2;2022-06-02;90;168;619;1372;582;6119680;6803844;10632003;146635;11752614
FR;2;2022-06-03;68;155;660;1603;588;6119748;6803999;10632663;148238;11753202
FR;2;2022-06-04;53;92;278;432;264;6119801;6804091;10632941;148670;11753466
FR;2;2022-06-05;11;17;62;57;47;6119812;6804108;10633003;148727;11753513
FR;2;2022-06-06;11;23;91;74;89;6119823;6804131;10633094;148801;11753602
FR;2;2022-06-07;98;217;655;1528;567;6119921;6804348;10633749;150329;11754169
FR;2;2022-06-08;70;116;471;1160;405;6119991;6804464;10634220;151489;11754574
FR;2;2022-06-09;91;163;596;1906;556;6120082;6804627;10634816;153395;11755130
FR;2;2022-06-10;82;164;627;1672;599;6120164;6804791;10635443;155067;11755729
FR;2;2022-06-11;42;81;283;526;256;6120206;6804872;10635726;155593;11755985
FR;2;2022-06-12;18;38;58;78;60;6120224;6804910;10635784;155671;11756045
FR;2;2022-06-13;35;117;383;947;368;6120259;6805027;10636167;156618;11756413
FR;2;2022-06-14;65;153;588;2084;527;6120324;6805180;10636755;158702;11756940
FR;2;2022-06-15;73;99;488;1495;420;6120397;6805279;10637243;160197;11757360
FR;2;2022-06-16;127;123;479;1410;405;6120524;6805402;10637722;161607;11757765
FR;2;2022-06-17;67;127;564;1813;492;6120591;6805529;10638286;163420;11758257
FR;2;2022-06-18;74;90;221;577;193;6120665;6805619;10638507;163997;11758450
FR;2;2022-06-19;11;13;52;71;40;6120676;6805632;10638559;164068;11758490
FR;2;2022-06-20;58;122;384;1026;376;6120734;6805754;10638943;165094;11758866
FR;2;2022-06-21;104;113;518;2111;448;6120838;6805867;10639461;167205;11759314
FR;2;2022-06-22;37;104;445;1884;399;6120875;6805971;10639906;169089;11759713
FR;2;2022-06-23;56;106;529;2278;445;6120931;6806077;10640435;171367;11760158
FR;2;2022-06-24;64;119;690;3173;556;6120995;6806196;10641125;174540;11760714
FR;2;2022-06-25;29;88;292;986;249;6121024;6806284;10641417;175526;11760963
FR;2;2022-06-26;30;27;131;194;96;6121054;6806311;10641548;175720;11761059
FR;2;2022-06-27;77;133;548;2467;455;6121131;6806444;10642096;178187;11761514
FR;2;2022-06-28;110;138;799;4798;643;6121241;6806582;10642895;182985;11762157
FR;2;2022-06-29;71;148;759;4333;622;6121312;6806730;10643654;187318;11762779
FR;2;2022-06-30;69;133;809;5120;600;6121381;6806863;10644463;192438;11763379
FR;2;2022-07-01;100;146;988;6640;723;6121481;6807009;10645451;199078;11764102
FR;2;2022-07-02;63;126;441;1967;363;6121544;6807135;10645892;201045;11764465
FR;2;2022-07-03;23;25;143;333;127;6121567;6807160;10646035;201378;11764592
FR;2;2022-07-04;116;165;713;3752;550;6121683;6807325;10646748;205130;11765142
FR;2;2022-07-05;109;182;1068;6766;779;6121792;6807507;10647816;211896;11765921
FR;2;2022-07-06;93;145;912;5733;661;6121885;6807652;10648728;217629;11766582
FR;2;2022-07-07;78;182;977;6391;709;6121963;6807834;10649705;224020;11767291
FR;2;2022-07-08;58;114;1026;6880;708;6122021;6807948;10650731;230900;11767999
FR;2;2022-07-09;30;56;395;1817;284;6122051;6808004;10651126;232717;11768283
FR;2;2022-07-10;4;14;82;294;70;6122055;6808018;10651208;233011;11768353
FR;3;2020-12-27;0;0;0;0;0;0;0;0;0;0
FR;3;2020-12-28;0;0;0;0;0;0;0;0;0;0
FR;3;2020-12-29;0;0;0;0;0;0;0;0;0;0
FR;3;2020-12-30;0;0;0;0;0;0;0;0;0;0
FR;3;2020-12-31;0;0;0;0;0;0;0;0;0;0
FR;3;2021-01-01;0;0;0;0;0;0;0;0;0;0
FR;3;2021-01-02;0;0;0;0;0;0;0;0;0;0
FR;3;2021-01-03;0;0;0;0;0;0;0;0;0;0
FR;3;2021-01-04;0;0;0;0;0;0;0;0;0;0
FR;3;2021-01-05;0;0;0;0;0;0;0;0;0;0
FR;3;2021-01-06;0;0;0;0;0;0;0;0;0;0
FR;3;2021-01-07;0;0;0;0;0;0;0;0;0;0
FR;3;2021-01-08;0;0;0;0;0;0;0;0;0;0
FR;3;2021-01-09;0;0;0;0;0;0;0;0;0;0
FR;3;2021-01-10;0;0;0;0;0;0;0;0;0;0
FR;3;2021-01-11;0;0;0;0;0;0;0;0;0;0
FR;3;2021-01-12;0;0;0;0;0;0;0;0;0;0
FR;3;2021-01-13;0;0;0;0;0;0;0;0;0;0
FR;3;2021-01-14;0;0;0;0;0;0;0;0;0;0
FR;3;2021-01-15;0;0;0;0;0;0;0;0;0;0
FR;3;2021-01-16;0;0;0;0;0;0;0;0;0;0
FR;3;2021-01-17;0;0;0;0;0;0;0;0;0;0
FR;3;2021-01-18;0;0;0;0;0;0;0;0;0;0
FR;3;2021-01-19;0;0;0;0;0;0;0;0;0;0
FR;3;2021-01-20;0;0;0;0;0;0;0;0;0;0
FR;3;2021-01-21;0;0;0;0;0;0;0;0;0;0
FR;3;2021-01-22;0;0;0;0;0;0;0;0;0;0
FR;3;2021-01-23;0;0;0;0;0;0;0;0;0;0
FR;3;2021-01-24;0;0;0;0;0;0;0;0;0;0
FR;3;2021-01-25;0;0;0;0;0;0;0;0;0;0
FR;3;2021-01-26;0;0;0;0;0;0;0;0;0;0
FR;3;2021-01-27;0;0;0;0;0;0;0;0;0;0
FR;3;2021-01-28;0;0;0;0;0;0;0;0;0;0
FR;3;2021-01-29;0;0;0;0;0;0;0;0;0;0
FR;3;2021-01-30;0;0;0;0;0;0;0;0;0;0
FR;3;2021-01-31;0;0;0;0;0;0;0;0;0;0
FR;3;2021-02-01;0;0;0;0;0;0;0;0;0;0
FR;3;2021-02-02;0;0;0;0;0;0;0;0;0;0
FR;3;2021-02-03;0;0;0;0;0;0;0;0;0;0
FR;3;2021-02-04;0;0;0;0;0;0;0;0;0;0
FR;3;2021-02-05;0;0;0;0;0;0;0;0;0;0
FR;3;2021-02-06;1615;0;0;0;0;1615;0;0;0;0
FR;3;2021-02-07;1423;1;0;0;0;3038;1;0;0;0
FR;3;2021-02-08;2785;1;0;0;0;5823;2;0;0;0
FR;3;2021-02-09;6782;0;0;0;0;12605;2;0;0;0
FR;3;2021-02-10;9607;0;0;0;0;22212;2;0;0;0
FR;3;2021-02-11;13618;1;0;0;0;35830;3;0;0;0
FR;3;2021-02-12;13403;0;0;0;0;49233;3;0;0;0
FR;3;2021-02-13;3792;1;0;0;0;53025;4;0;0;0
FR;3;2021-02-14;972;0;0;0;0;53997;4;0;0;0
FR;3;2021-02-15;10489;1;0;0;0;64486;5;0;0;0
FR;3;2021-02-16;12547;4;0;0;0;77033;9;0;0;0
FR;3;2021-02-17;11154;0;0;0;0;88187;9;0;0;0
FR;3;2021-02-18;14941;2;0;0;0;103128;11;0;0;0
FR;3;2021-02-19;14359;1;0;0;0;117487;12;0;0;0
FR;3;2021-02-20;3330;0;0;0;0;120817;12;0;0;0
FR;3;2021-02-21;618;0;0;0;0;121435;12;0;0;0
FR;3;2021-02-22;9165;0;0;0;0;130600;12;0;0;0
FR;3;2021-02-23;11395;2;0;0;0;141995;14;0;0;0
FR;3;2021-02-24;14301;1;0;0;0;156296;15;0;0;0
FR;3;2021-02-25;44931;1;0;0;0;201227;16;0;0;0
FR;3;2021-02-26;61886;4;0;0;0;263113;20;0;0;0
FR;3;2021-02-27;34800;10;0;0;0;297913;30;0;0;0
FR;3;2021-02-28;2463;0;0;0;0;300376;30;0;0;0
FR;3;2021-03-01;20515;14;0;0;0;320891;44;0;0;0
FR;3;2021-03-02;38867;20;0;0;0;359758;64;0;0;0
FR;3;2021-03-03;48734;15;0;0;0;408492;79;0;0;0
FR;3;2021-03-04;82220;21;0;0;0;490712;100;0;0;0
FR;3;2021-03-05;118128;39;0;0;0;608840;139;0;0;0
FR;3;2021-03-06;120713;59;1;0;0;729553;198;1;0;0
FR;3;2021-03-07;55177;27;0;0;0;784730;225;1;0;0
FR;3;2021-03-08;42811;28;0;0;0;827541;253;1;0;0
FR;3;2021-03-09;78968;48;0;0;0;906509;301;1;0;0
FR;3;2021-03-10;80971;47;0;0;0;987480;348;1;0;0
FR;3;2021-03-11;128429;58;0;0;0;1115909;406;1;0;0
FR;3;2021-03-12;182722;100;0;0;0;1298631;506;1;0;0
FR;3;2021-03-13;132151;72;0;0;0;1430782;578;1;0;0
FR;3;2021-03-14;14055;5;0;0;0;1444837;583;1;0;0
FR;3;2021-03-15;52229;53;0;0;0;1497066;636;1;0;0
FR;3;2021-03-16;1212;31;0;0;0;1498278;667;1;0;0
FR;3;2021-03-17;944;38;0;0;0;1499222;705;1;0;0
FR;3;2021-03-18;1567;23;0;0;0;1500789;728;1;0;0
FR;3;2021-03-19;70453;49;0;0;0;1571242;777;1;0;0
FR;3;2021-03-20;65230;44;0;0;0;1636472;821;1;0;0
FR;3;2021-03-21;5758;7;0;0;0;1642230;828;1;0;0
FR;3;2021-03-22;37498;42;0;0;0;1679728;870;1;0;0
FR;3;2021-03-23;84656;66;0;0;0;1764384;936;1;0;0
FR;3;2021-03-24;90939;92;0;0;0;1855323;1028;1;0;0
FR;3;2021-03-25;150051;131;0;0;0;2005374;1159;1;0;0
FR;3;2021-03-26;165416;153;0;0;0;2170790;1312;1;0;0
FR;3;2021-03-27;68458;101;0;0;0;2239248;1413;1;0;0
FR;3;2021-03-28;6472;21;0;0;0;2245720;1434;1;0;0
FR;3;2021-03-29;54163;71;0;0;0;2299883;1505;1;0;0
FR;3;2021-03-30;93169;101;0;0;0;2393052;1606;1;0;0
FR;3;2021-03-31;63531;98;0;0;0;2456583;1704;1;0;0
FR;3;2021-04-01;86124;105;0;0;0;2542707;1809;1;0;0
FR;3;2021-04-02;86900;162;0;0;0;2629607;1971;1;0;0
FR;3;2021-04-03;35872;122;0;0;0;2665479;2093;1;0;0
FR;3;2021-04-04;3572;18;0;0;0;2669051;2111;1;0;0
FR;3;2021-04-05;4487;27;0;0;0;2673538;2138;1;0;0
FR;3;2021-04-06;29750;92;0;0;0;2703288;2230;1;0;0
FR;3;2021-04-07;32340;86;0;0;0;2735628;2316;1;0;0
FR;3;2021-04-08;78815;246;0;0;0;2814443;2562;1;0;0
FR;3;2021-04-09;161747;423;0;0;0;2976190;2985;1;0;0
FR;3;2021-04-10;75759;338;0;0;0;3051949;3323;1;0;0
FR;3;2021-04-11;7310;46;0;0;0;3059259;3369;1;0;0
FR;3;2021-04-12;51470;211;0;0;0;3110729;3580;1;0;0
FR;3;2021-04-13;86224;326;0;0;0;3196953;3906;1;0;0
FR;3;2021-04-14;67835;356;0;0;0;3264788;4262;1;0;0
FR;3;2021-04-15;93224;378;0;0;0;3358012;4640;1;0;0
FR;3;2021-04-16;112518;590;0;0;0;3470530;5230;1;0;0
FR;3;2021-04-17;53315;331;1;0;0;3523845;5561;2;0;0
FR;3;2021-04-18;9745;37;0;0;0;3533590;5598;2;0;0
FR;3;2021-04-19;25104;251;0;0;0;3558694;5849;2;0;0
FR;3;2021-04-20;45673;404;0;0;0;3604367;6253;2;0;0
FR;3;2021-04-21;38971;482;0;0;0;3643338;6735;2;0;0
FR;3;2021-04-22;54706;797;0;0;0;3698044;7532;2;0;0
FR;3;2021-04-23;70486;1032;0;0;0;3768530;8564;2;0;0
FR;3;2021-04-24;37242;1032;0;0;0;3805772;9596;2;0;0
FR;3;2021-04-25;6207;149;0;0;0;3811979;9745;2;0;0
FR;3;2021-04-26;19784;669;0;0;0;3831763;10414;2;0;0
FR;3;2021-04-27;34473;1272;0;0;0;3866236;11686;2;0;0
FR;3;2021-04-28;28967;1962;0;0;0;3895203;13648;2;0;0
FR;3;2021-04-29;45379;5999;0;0;0;3940582;19647;2;0;0
FR;3;2021-04-30;55459;8980;1;0;0;3996041;28627;3;0;0
FR;3;2021-05-01;9511;2009;0;0;0;4005552;30636;3;0;0
FR;3;2021-05-02;3074;484;0;0;0;4008626;31120;3;0;0
FR;3;2021-05-03;13060;3879;0;0;0;4021686;34999;3;0;0
FR;3;2021-05-04;23110;8446;0;0;0;4044796;43445;3;0;0
FR;3;2021-05-05;18755;10665;0;0;0;4063551;54110;3;0;0
FR;3;2021-05-06;34626;20997;0;0;0;4098177;75107;3;0;0
FR;3;2021-05-07;44201;28578;0;0;0;4142378;103685;3;0;0
FR;3;2021-05-08;6786;9074;0;0;0;4149164;112759;3;0;0
FR;3;2021-05-09;1794;2660;0;0;0;4150958;115419;3;0;0
FR;3;2021-05-10;14989;12715;0;0;0;4165947;128134;3;0;0
FR;3;2021-05-11;27093;25948;0;0;0;4193040;154082;3;0;0
FR;3;2021-05-12;17266;27693;0;0;0;4210306;181775;3;0;0
FR;3;2021-05-13;2280;3492;0;0;0;4212586;185267;3;0;0
FR;3;2021-05-14;14514;25888;0;0;0;4227100;211155;3;0;0
FR;3;2021-05-15;7233;20872;0;0;0;4234333;232027;3;0;0
FR;3;2021-05-16;976;2654;0;0;0;4235309;234681;3;0;0
FR;3;2021-05-17;7962;20025;0;0;0;4243271;254706;3;0;0
FR;3;2021-05-18;13411;29807;0;0;0;4256682;284513;3;0;0
FR;3;2021-05-19;9268;31197;0;0;0;4265950;315710;3;0;0
FR;3;2021-05-20;12802;53436;3;0;0;4278752;369146;6;0;0
FR;3;2021-05-21;12759;65757;2;0;0;4291511;434903;8;0;0
FR;3;2021-05-22;4963;33449;1;0;0;4296474;468352;9;0;0
FR;3;2021-05-23;650;2659;0;0;0;4297124;471011;9;0;0
FR;3;2021-05-24;882;4900;0;0;0;4298006;475911;9;0;0
FR;3;2021-05-25;5304;45836;1;0;0;4303310;521747;10;0;0
FR;3;2021-05-26;4975;51454;1;0;0;4308285;573201;11;0;0
FR;3;2021-05-27;6326;78369;3;0;0;4314611;651570;14;0;0
FR;3;2021-05-28;7541;99477;2;0;0;4322152;751047;16;0;0
FR;3;2021-05-29;3348;60579;1;0;0;4325500;811626;17;0;0
FR;3;2021-05-30;548;8196;0;0;0;4326048;819822;17;0;0
FR;3;2021-05-31;2439;35722;3;0;0;4328487;855544;20;0;0
FR;3;2021-06-01;3401;64769;10;0;0;4331888;920313;30;0;0
FR;3;2021-06-02;2729;58477;6;0;0;4334617;978790;36;0;0
FR;3;2021-06-03;3492;87437;10;0;0;4338109;1066227;46;0;0
FR;3;2021-06-04;4114;105347;22;0;0;4342223;1171574;68;0;0
FR;3;2021-06-05;1980;52365;4;0;0;4344203;1223939;72;0;0
FR;3;2021-06-06;506;5350;1;0;0;4344709;1229289;73;0;0
FR;3;2021-06-07;1475;30994;11;0;0;4346184;1260283;84;0;0
FR;3;2021-06-08;2052;47248;18;0;0;4348236;1307531;102;0;0
FR;3;2021-06-09;1792;42088;13;0;0;4350028;1349619;115;0;0
FR;3;2021-06-10;2246;67704;17;0;0;4352274;1417323;132;0;0
FR;3;2021-06-11;2479;96645;34;0;0;4354753;1513968;166;0;0
FR;3;2021-06-12;1176;40747;6;0;0;4355929;1554715;172;0;0
FR;3;2021-06-13;279;3739;3;0;0;4356208;1558454;175;0;0
FR;3;2021-06-14;1043;42500;17;0;0;4357251;1600954;192;0;0
FR;3;2021-06-15;1365;80514;20;0;0;4358616;1681468;212;0;0
FR;3;2021-06-16;1256;65561;20;0;0;4359872;1747029;232;0;0
FR;3;2021-06-17;1661;101950;41;0;0;4361533;1848979;273;0;0
FR;3;2021-06-18;1870;118089;62;0;0;4363403;1967068;335;0;0
FR;3;2021-06-19;801;39387;22;0;0;4364204;2006455;357;0;0
FR;3;2021-06-20;159;3321;0;0;0;4364363;2009776;357;0;0
FR;3;2021-06-21;769;39190;16;0;0;4365132;2048966;373;0;0
FR;3;2021-06-22;1062;69974;52;0;0;4366194;2118940;425;0;0
FR;3;2021-06-23;941;50799;39;0;0;4367135;2169739;464;0;0
FR;3;2021-06-24;1310;77150;48;0;0;4368445;2246889;512;0;0
FR;3;2021-06-25;1402;90211;73;0;0;4369847;2337100;585;0;0
FR;3;2021-06-26;629;33116;29;0;0;4370476;2370216;614;0;0
FR;3;2021-06-27;166;3932;1;0;0;4370642;2374148;615;0;0
FR;3;2021-06-28;649;30285;27;0;0;4371291;2404433;642;0;0
FR;3;2021-06-29;854;56263;95;0;0;4372145;2460696;737;0;0
FR;3;2021-06-30;902;45100;93;0;0;4373047;2505796;830;0;0
FR;3;2021-07-01;1162;65795;108;0;0;4374209;2571591;938;0;0
FR;3;2021-07-02;1302;90395;170;0;0;4375511;2661986;1108;0;0
FR;3;2021-07-03;602;31174;52;0;0;4376113;2693160;1160;0;0
FR;3;2021-07-04;143;4190;3;0;0;4376256;2697350;1163;0;0
FR;3;2021-07-05;610;33801;60;0;0;4376866;2731151;1223;0;0
FR;3;2021-07-06;958;56009;88;0;0;4377824;2787160;1311;0;0
FR;3;2021-07-07;870;42999;80;0;0;4378694;2830159;1391;0;0
FR;3;2021-07-08;1123;60717;99;0;0;4379817;2890876;1490;0;0
FR;3;2021-07-09;1260;68820;128;0;0;4381077;2959696;1618;0;0
FR;3;2021-07-10;642;25039;59;0;0;4381719;2984735;1677;0;0
FR;3;2021-07-11;129;3256;4;0;0;4381848;2987991;1681;0;0
FR;3;2021-07-12;660;23807;59;0;0;4382508;3011798;1740;0;0
FR;3;2021-07-13;1645;34654;90;0;0;4384153;3046452;1830;0;0
FR;3;2021-07-14;265;2566;2;0;0;4384418;3049018;1832;0;0
FR;3;2021-07-15;1935;30579;85;0;0;4386353;3079597;1917;0;0
FR;3;2021-07-16;2520;38791;122;0;0;4388873;3118388;2039;0;0
FR;3;2021-07-17;1046;13726;26;0;0;4389919;3132114;2065;0;0
FR;3;2021-07-18;263;2585;3;0;0;4390182;3134699;2068;0;0
FR;3;2021-07-19;1275;17110;37;0;0;4391457;3151809;2105;0;0
FR;3;2021-07-20;1823;27066;98;0;0;4393280;3178875;2203;0;0
FR;3;2021-07-21;1649;19651;44;0;0;4394929;3198526;2247;0;0
FR;3;2021-07-22;1851;27693;83;0;0;4396780;3226219;2330;0;0
FR;3;2021-07-23;2215;30392;117;0;0;4398995;3256611;2447;0;0
FR;3;2021-07-24;822;6981;25;0;0;4399817;3263592;2472;0;0
FR;3;2021-07-25;210;1327;1;0;0;4400027;3264919;2473;0;0
FR;3;2021-07-26;927;10636;28;0;0;4400954;3275555;2501;0;0
FR;3;2021-07-27;1167;16911;56;0;0;4402121;3292466;2557;0;0
FR;3;2021-07-28;988;12059;40;0;0;4403109;3304525;2597;0;0
FR;3;2021-07-29;1126;15783;63;0;0;4404235;3320308;2660;0;0
FR;3;2021-07-30;1127;18044;79;0;0;4405362;3338352;2739;0;0
FR;3;2021-07-31;406;3746;15;0;0;4405768;3342098;2754;0;0
FR;3;2021-08-01;113;478;1;0;0;4405881;3342576;2755;0;0
FR;3;2021-08-02;420;5124;22;0;0;4406301;3347700;2777;0;0
FR;3;2021-08-03;491;7544;27;0;0;4406792;3355244;2804;0;0
FR;3;2021-08-04;435;4870;26;0;0;4407227;3360114;2830;0;0
FR;3;2021-08-05;429;3710;12;0;0;4407656;3363824;2842;0;0
FR;3;2021-08-06;454;4756;30;0;0;4408110;3368580;2872;0;0
FR;3;2021-08-07;214;1918;11;0;0;4408324;3370498;2883;0;0
FR;3;2021-08-08;249;429;2;0;0;4408573;3370927;2885;0;0
FR;3;2021-08-09;314;2465;11;0;0;4408887;3373392;2896;0;0
FR;3;2021-08-10;365;3844;15;0;0;4409252;3377236;2911;0;0
FR;3;2021-08-11;287;2703;15;0;0;4409539;3379939;2926;0;0
FR;3;2021-08-12;277;2616;12;0;0;4409816;3382555;2938;0;0
FR;3;2021-08-13;277;2261;16;0;0;4410093;3384816;2954;0;0
FR;3;2021-08-14;171;909;1;0;0;4410264;3385725;2955;0;0
FR;3;2021-08-15;55;174;0;0;0;4410319;3385899;2955;0;0
FR;3;2021-08-16;123;1061;8;0;0;4410442;3386960;2963;0;0
FR;3;2021-08-17;186;1485;8;0;0;4410628;3388445;2971;0;0
FR;3;2021-08-18;200;1347;10;0;0;4410828;3389792;2981;0;0
FR;3;2021-08-19;165;1403;10;0;0;4410993;3391195;2991;0;0
FR;3;2021-08-20;167;1624;16;0;0;4411160;3392819;3007;0;0
FR;3;2021-08-21;93;588;2;0;0;4411253;3393407;3009;0;0
FR;3;2021-08-22;41;186;1;0;0;4411294;3393593;3010;0;0
FR;3;2021-08-23;140;922;7;0;0;4411434;3394515;3017;0;0
FR;3;2021-08-24;124;960;10;0;0;4411558;3395475;3027;0;0
FR;3;2021-08-25;137;834;3;0;0;4411695;3396309;3030;0;0
FR;3;2021-08-26;171;861;9;0;0;4411866;3397170;3039;0;0
FR;3;2021-08-27;175;956;9;0;0;4412041;3398126;3048;0;0
FR;3;2021-08-28;99;371;4;0;0;4412140;3398497;3052;0;0
FR;3;2021-08-29;128;133;1;0;0;4412268;3398630;3053;0;0
FR;3;2021-08-30;99;589;0;0;129;4412367;3399219;3053;0;129
FR;3;2021-08-31;130;701;7;0;147;4412497;3399920;3060;0;276
FR;3;2021-09-01;116;473;5;0;118;4412613;3400393;3065;0;394
FR;3;2021-09-02;100;632;22;0;119;4412713;3401025;3087;0;513
FR;3;2021-09-03;116;581;17;0;126;4412829;3401606;3104;0;639
FR;3;2021-09-04;54;301;3;0;56;4412883;3401907;3107;0;695
FR;3;2021-09-05;51;68;5;0;28;4412934;3401975;3112;0;723
FR;3;2021-09-06;116;388;4;0;144;4413050;3402363;3116;0;867
FR;3;2021-09-07;123;464;14;0;127;4413173;3402827;3130;0;994
FR;3;2021-09-08;119;362;2;0;98;4413292;3403189;3132;0;1092
FR;3;2021-09-09;93;387;8;0;110;4413385;3403576;3140;0;1202
FR;3;2021-09-10;100;412;3;0;100;4413485;3403988;3143;0;1302
FR;3;2021-09-11;76;236;4;0;66;4413561;3404224;3147;0;1368
FR;3;2021-09-12;36;48;1;0;18;4413597;3404272;3148;0;1386
FR;3;2021-09-13;72;314;7;0;105;4413669;3404586;3155;0;1491
FR;3;2021-09-14;72;286;6;0;103;4413741;3404872;3161;0;1594
FR;3;2021-09-15;60;260;3;0;6;4413801;3405132;3164;0;1600
FR;3;2021-09-16;60;334;5;0;5;4413861;3405466;3169;0;1605
FR;3;2021-09-17;51;341;3;0;7;4413912;3405807;3172;0;1612
FR;3;2021-09-18;36;174;1;0;1;4413948;3405981;3173;0;1613
FR;3;2021-09-19;27;31;2;0;1;4413975;3406012;3175;0;1614
FR;3;2021-09-20;79;201;0;0;1;4414054;3406213;3175;0;1615
FR;3;2021-09-21;59;285;6;0;7;4414113;3406498;3181;0;1622
FR;3;2021-09-22;64;228;6;0;7;4414177;3406726;3187;0;1629
FR;3;2021-09-23;36;270;11;0;7;4414213;3406996;3198;0;1636
FR;3;2021-09-24;27;323;12;0;19;4414240;3407319;3210;0;1655
FR;3;2021-09-25;30;147;3;0;3;4414270;3407466;3213;0;1658
FR;3;2021-09-26;15;57;1;0;1;4414285;3407523;3214;0;1659
FR;3;2021-09-27;40;291;3;0;5;4414325;3407814;3217;0;1664
FR;3;2021-09-28;49;251;6;0;10;4414374;3408065;3223;0;1674
FR;3;2021-09-29;35;224;10;0;14;4414409;3408289;3233;0;1688
FR;3;2021-09-30;38;200;8;0;10;4414447;3408489;3241;0;1698
FR;3;2021-10-01;18;166;6;0;6;4414465;3408655;3247;0;1704
FR;3;2021-10-02;16;89;0;0;0;4414481;3408744;3247;0;1704
FR;3;2021-10-03;19;18;1;0;2;4414500;3408762;3248;0;1706
FR;3;2021-10-04;30;160;4;0;4;4414530;3408922;3252;0;1710
FR;3;2021-10-05;16;151;10;0;13;4414546;3409073;3262;0;1723
FR;3;2021-10-06;31;152;8;0;9;4414577;3409225;3270;0;1732
FR;3;2021-10-07;19;138;6;0;6;4414596;3409363;3276;0;1738
FR;3;2021-10-08;22;143;10;0;9;4414618;3409506;3286;0;1747
FR;3;2021-10-09;13;70;1;0;1;4414631;3409576;3287;0;1748
FR;3;2021-10-10;13;17;2;0;2;4414644;3409593;3289;0;1750
FR;3;2021-10-11;15;121;4;0;5;4414659;3409714;3293;0;1755
FR;3;2021-10-12;18;108;5;0;5;4414677;3409822;3298;0;1760
FR;3;2021-10-13;23;116;8;0;6;4414700;3409938;3306;0;1766
FR;3;2021-10-14;16;157;3;0;4;4414716;3410095;3309;0;1770
FR;3;2021-10-15;23;155;8;0;11;4414739;3410250;3317;0;1781
FR;3;2021-10-16;11;77;6;0;8;4414750;3410327;3323;0;1789
FR;3;2021-10-17;11;24;0;0;0;4414761;3410351;3323;0;1789
FR;3;2021-10-18;18;121;2;0;1;4414779;3410472;3325;0;1790
FR;3;2021-10-19;16;119;19;0;21;4414795;3410591;3344;0;1811
FR;3;2021-10-20;22;129;6;0;7;4414817;3410720;3350;0;1818
FR;3;2021-10-21;26;132;17;0;13;4414843;3410852;3367;0;1831
FR;3;2021-10-22;21;126;16;0;20;4414864;3410978;3383;0;1851
FR;3;2021-10-23;12;59;2;0;1;4414876;3411037;3385;0;1852
FR;3;2021-10-24;7;32;0;0;0;4414883;3411069;3385;0;1852
FR;3;2021-10-25;22;150;7;0;7;4414905;3411219;3392;0;1859
FR;3;2021-10-26;19;111;22;0;19;4414924;3411330;3414;0;1878
FR;3;2021-10-27;17;109;9;0;9;4414941;3411439;3423;0;1887
FR;3;2021-10-28;20;119;33;0;36;4414961;3411558;3456;0;1923
FR;3;2021-10-29;11;114;64;0;54;4414972;3411672;3520;0;1977
FR;3;2021-10-30;9;65;11;1;10;4414981;3411737;3531;1;1987
FR;3;2021-10-31;7;22;1;0;1;4414988;3411759;3532;1;1988
FR;3;2021-11-01;8;22;2;0;1;4414996;3411781;3534;1;1989
FR;3;2021-11-02;9;104;8;0;10;4415005;3411885;3542;1;1999
FR;3;2021-11-03;19;114;10;0;10;4415024;3411999;3552;1;2009
FR;3;2021-11-04;18;93;4;0;3;4415042;3412092;3556;1;2012
FR;3;2021-11-05;17;135;8;1;5;4415059;3412227;3564;2;2017
FR;3;2021-11-06;7;63;3;0;3;4415066;3412290;3567;2;2020
FR;3;2021-11-07;6;21;1;0;1;4415072;3412311;3568;2;2021
FR;3;2021-11-08;11;138;7;0;5;4415083;3412449;3575;2;2026
FR;3;2021-11-09;12;143;5;0;5;4415095;3412592;3580;2;2031
FR;3;2021-11-10;13;169;14;0;15;4415108;3412761;3594;2;2046
FR;3;2021-11-11;10;50;3;0;3;4415118;3412811;3597;2;2049
FR;3;2021-11-12;12;148;6;0;4;4415130;3412959;3603;2;2053
FR;3;2021-11-13;7;76;9;0;10;4415137;3413035;3612;2;2063
FR;3;2021-11-14;3;23;0;0;0;4415140;3413058;3612;2;2063
FR;3;2021-11-15;4;188;10;0;11;4415144;3413246;3622;2;2074
FR;3;2021-11-16;3;154;11;0;10;4415147;3413400;3633;2;2084
FR;3;2021-11-17;6;166;10;0;7;4415153;3413566;3643;2;2091
FR;3;2021-11-18;13;168;10;0;11;4415166;3413734;3653;2;2102
FR;3;2021-11-19;9;213;22;0;27;4415175;3413947;3675;2;2129
FR;3;2021-11-20;6;107;5;0;5;4415181;3414054;3680;2;2134
FR;3;2021-11-21;3;26;3;0;3;4415184;3414080;3683;2;2137
FR;3;2021-11-22;11;221;10;0;10;4415195;3414301;3693;2;2147
FR;3;2021-11-23;8;214;15;0;14;4415203;3414515;3708;2;2161
FR;3;2021-11-24;5;222;9;0;17;4415208;3414737;3717;2;2178
FR;3;2021-11-25;9;259;11;0;10;4415217;3414996;3728;2;2188
FR;3;2021-11-26;7;329;35;0;32;4415224;3415325;3763;2;2220
FR;3;2021-11-27;8;160;20;0;21;4415232;3415485;3783;2;2241
FR;3;2021-11-28;3;62;7;0;7;4415235;3415547;3790;2;2248
FR;3;2021-11-29;5;288;19;0;20;4415240;3415835;3809;2;2268
FR;3;2021-11-30;5;373;26;0;29;4415245;3416208;3835;2;2297
FR;3;2021-12-01;22;414;33;0;34;4415267;3416622;3868;2;2331
FR;3;2021-12-02;9;441;33;0;36;4415276;3417063;3901;2;2367
FR;3;2021-12-03;3;504;37;0;38;4415279;3417567;3938;2;2405
FR;3;2021-12-04;3;255;26;0;28;4415282;3417822;3964;2;2433
FR;3;2021-12-05;1;73;5;0;5;4415283;3417895;3969;2;2438
FR;3;2021-12-06;5;464;14;0;16;4415288;3418359;3983;2;2454
FR;3;2021-12-07;4;543;20;0;24;4415292;3418902;4003;2;2478
FR;3;2021-12-08;6;495;29;0;30;4415298;3419397;4032;2;2508
FR;3;2021-12-09;3;556;17;0;22;4415301;3419953;4049;2;2530
FR;3;2021-12-10;9;568;29;0;25;4415310;3420521;4078;2;2555
FR;3;2021-12-11;4;359;10;0;9;4415314;3420880;4088;2;2564
FR;3;2021-12-12;1;115;3;0;3;4415315;3420995;4091;2;2567
FR;3;2021-12-13;2;547;19;0;21;4415317;3421542;4110;2;2588
FR;3;2021-12-14;7;697;18;0;21;4415324;3422239;4128;2;2609
FR;3;2021-12-15;9;661;17;0;21;4415333;3422900;4145;2;2630
FR;3;2021-12-16;10;674;19;0;18;4415343;3423574;4164;2;2648
FR;3;2021-12-17;5;749;18;0;19;4415348;3424323;4182;2;2667
FR;3;2021-12-18;4;394;4;0;5;4415352;3424717;4186;2;2672
FR;3;2021-12-19;3;203;2;0;2;4415355;3424920;4188;2;2674
FR;3;2021-12-20;8;686;23;0;28;4415363;3425606;4211;2;2702
FR;3;2021-12-21;3;769;10;0;13;4415366;3426375;4221;2;2715
FR;3;2021-12-22;8;724;9;0;10;4415374;3427099;4230;2;2725
FR;3;2021-12-23;1;624;9;0;8;4415375;3427723;4239;2;2733
FR;3;2021-12-24;2;258;3;0;6;4415377;3427981;4242;2;2739
FR;3;2021-12-25;0;25;0;0;0;4415377;3428006;4242;2;2739
FR;3;2021-12-26;0;92;1;0;1;4415377;3428098;4243;2;2740
FR;3;2021-12-27;7;523;17;0;20;4415384;3428621;4260;2;2760
FR;3;2021-12-28;1;670;6;0;5;4415385;3429291;4266;2;2765
FR;3;2021-12-29;4;560;14;0;16;4415389;3429851;4280;2;2781
FR;3;2021-12-30;1;581;7;0;10;4415390;3430432;4287;2;2791
FR;3;2021-12-31;0;201;5;0;7;4415390;3430633;4292;2;2798
FR;3;2022-01-01;0;27;0;0;2;4415390;3430660;4292;2;2800
FR;3;2022-01-02;0;81;0;0;0;4415390;3430741;4292;2;2800
FR;3;2022-01-03;4;558;17;0;21;4415394;3431299;4309;2;2821
FR;3;2022-01-04;6;611;9;0;8;4415400;3431910;4318;2;2829
FR;3;2022-01-05;4;543;10;0;14;4415404;3432453;4328;2;2843
FR;3;2022-01-06;5;533;9;0;11;4415409;3432986;4337;2;2854
FR;3;2022-01-07;2;564;11;0;13;4415411;3433550;4348;2;2867
FR;3;2022-01-08;2;277;4;0;5;4415413;3433827;4352;2;2872
FR;3;2022-01-09;0;118;0;0;0;4415413;3433945;4352;2;2872
FR;3;2022-01-10;2;470;12;0;12;4415415;3434415;4364;2;2884
FR;3;2022-01-11;2;518;1;0;1;4415417;3434933;4365;2;2885
FR;3;2022-01-12;2;439;9;0;10;4415419;3435372;4374;2;2895
FR;3;2022-01-13;3;419;11;0;12;4415422;3435791;4385;2;2907
FR;3;2022-01-14;3;468;10;0;13;4415425;3436259;4395;2;2920
FR;3;2022-01-15;0;295;2;0;3;4415425;3436554;4397;2;2923
FR;3;2022-01-16;1;115;1;0;1;4415426;3436669;4398;2;2924
FR;3;2022-01-17;2;345;8;0;9;4415428;3437014;4406;2;2933
FR;3;2022-01-18;2;402;1;0;2;4415430;3437416;4407;2;2935
FR;3;2022-01-19;2;346;5;0;10;4415432;3437762;4412;2;2945
FR;3;2022-01-20;1;375;5;0;3;4415433;3438137;4417;2;2948
FR;3;2022-01-21;4;367;5;0;7;4415437;3438504;4422;2;2955
FR;3;2022-01-22;2;230;1;0;2;4415439;3438734;4423;2;2957
FR;3;2022-01-23;0;82;0;0;1;4415439;3438816;4423;2;2958
FR;3;2022-01-24;2;343;1;0;6;4415441;3439159;4424;2;2964
FR;3;2022-01-25;0;189;0;0;0;4415441;3439348;4424;2;2964
FR;3;2022-01-26;0;84;0;0;0;4415441;3439432;4424;2;2964
FR;3;2022-01-27;0;55;0;0;0;4415441;3439487;4424;2;2964
FR;3;2022-01-28;0;132;0;0;0;4415441;3439619;4424;2;2964
FR;3;2022-01-29;0;110;0;0;0;4415441;3439729;4424;2;2964
FR;3;2022-01-30;0;51;0;0;0;4415441;3439780;4424;2;2964
FR;3;2022-01-31;0;96;0;0;0;4415441;3439876;4424;2;2964
FR;3;2022-02-01;0;107;0;0;1;4415441;3439983;4424;2;2965
FR;3;2022-02-02;0;95;0;0;0;4415441;3440078;4424;2;2965
FR;3;2022-02-03;0;101;0;0;0;4415441;3440179;4424;2;2965
FR;3;2022-02-04;0;123;0;0;0;4415441;3440302;4424;2;2965
FR;3;2022-02-05;0;73;0;0;0;4415441;3440375;4424;2;2965
FR;3;2022-02-06;0;11;0;0;0;4415441;3440386;4424;2;2965
FR;3;2022-02-07;0;89;0;0;1;4415441;3440475;4424;2;2966
FR;3;2022-02-08;0;0;0;0;0;4415441;3440475;4424;2;2966
FR;3;2022-02-09;0;0;0;0;0;4415441;3440475;4424;2;2966
FR;3;2022-02-10;0;0;0;0;0;4415441;3440475;4424;2;2966
FR;3;2022-02-11;0;0;0;0;0;4415441;3440475;4424;2;2966
FR;3;2022-02-12;0;0;0;0;0;4415441;3440475;4424;2;2966
FR;3;2022-02-13;0;0;0;0;0;4415441;3440475;4424;2;2966
FR;3;2022-02-14;0;0;0;0;0;4415441;3440475;4424;2;2966
FR;3;2022-02-15;0;0;0;0;0;4415441;3440475;4424;2;2966
FR;3;2022-02-16;0;0;0;0;0;4415441;3440475;4424;2;2966
FR;3;2022-02-17;0;0;0;0;0;4415441;3440475;4424;2;2966
FR;3;2022-02-18;0;0;0;0;0;4415441;3440475;4424;2;2966
FR;3;2022-02-19;0;0;0;0;0;4415441;3440475;4424;2;2966
FR;3;2022-02-20;0;0;0;0;0;4415441;3440475;4424;2;2966
FR;3;2022-02-21;2;0;0;0;0;4415443;3440475;4424;2;2966
FR;3;2022-02-22;0;0;0;0;0;4415443;3440475;4424;2;2966
FR;3;2022-02-23;0;0;0;0;0;4415443;3440475;4424;2;2966
FR;3;2022-02-24;0;0;0;0;0;4415443;3440475;4424;2;2966
FR;3;2022-02-25;0;0;0;0;0;4415443;3440475;4424;2;2966
FR;3;2022-02-26;0;0;0;0;0;4415443;3440475;4424;2;2966
FR;3;2022-02-27;0;0;0;0;0;4415443;3440475;4424;2;2966
FR;3;2022-02-28;1;0;0;0;0;4415444;3440475;4424;2;2966
FR;3;2022-03-01;1;0;0;0;0;4415445;3440475;4424;2;2966
FR;3;2022-03-02;0;0;0;0;0;4415445;3440475;4424;2;2966
FR;3;2022-03-03;0;0;0;0;0;4415445;3440475;4424;2;2966
FR;3;2022-03-04;0;0;0;0;0;4415445;3440475;4424;2;2966
FR;3;2022-03-05;0;0;0;0;0;4415445;3440475;4424;2;2966
FR;3;2022-03-06;1;0;0;0;0;4415446;3440475;4424;2;2966
FR;3;2022-03-07;0;0;0;0;0;4415446;3440475;4424;2;2966
FR;3;2022-03-08;1;0;0;0;0;4415447;3440475;4424;2;2966
FR;3;2022-03-09;0;0;0;0;0;4415447;3440475;4424;2;2966
FR;3;2022-03-10;0;0;0;0;0;4415447;3440475;4424;2;2966
FR;3;2022-03-11;0;0;0;0;0;4415447;3440475;4424;2;2966
FR;3;2022-03-12;0;0;0;0;0;4415447;3440475;4424;2;2966
FR;3;2022-03-13;0;0;0;0;0;4415447;3440475;4424;2;2966
FR;3;2022-03-14;0;0;0;0;0;4415447;3440475;4424;2;2966
FR;3;2022-03-15;0;0;0;0;0;4415447;3440475;4424;2;2966
FR;3;2022-03-16;0;0;0;0;0;4415447;3440475;4424;2;2966
FR;3;2022-03-17;0;0;0;0;0;4415447;3440475;4424;2;2966
FR;3;2022-03-18;0;0;0;0;0;4415447;3440475;4424;2;2966
FR;3;2022-03-19;0;0;0;0;0;4415447;3440475;4424;2;2966
FR;3;2022-03-20;1;0;0;0;0;4415448;3440475;4424;2;2966
FR;3;2022-03-21;0;0;0;0;0;4415448;3440475;4424;2;2966
FR;3;2022-03-22;0;0;0;0;0;4415448;3440475;4424;2;2966
FR;3;2022-03-23;1;0;0;0;0;4415449;3440475;4424;2;2966
FR;3;2022-03-24;0;0;0;0;0;4415449;3440475;4424;2;2966
FR;3;2022-03-25;1;0;0;0;0;4415450;3440475;4424;2;2966
FR;3;2022-03-26;0;0;0;0;0;4415450;3440475;4424;2;2966
FR;3;2022-03-27;0;0;0;0;0;4415450;3440475;4424;2;2966
FR;3;2022-03-28;0;0;0;0;0;4415450;3440475;4424;2;2966
FR;3;2022-03-29;0;0;0;0;0;4415450;3440475;4424;2;2966
FR;3;2022-03-30;0;0;0;0;0;4415450;3440475;4424;2;2966
FR;3;2022-03-31;0;0;0;0;0;4415450;3440475;4424;2;2966
FR;3;2022-04-01;0;0;0;0;0;4415450;3440475;4424;2;2966
FR;3;2022-04-02;0;0;0;0;0;4415450;3440475;4424;2;2966
FR;3;2022-04-03;0;0;0;0;0;4415450;3440475;4424;2;2966
FR;3;2022-04-04;0;0;0;0;0;4415450;3440475;4424;2;2966
FR;3;2022-04-05;0;0;0;0;0;4415450;3440475;4424;2;2966
FR;3;2022-04-06;0;0;0;0;0;4415450;3440475;4424;2;2966
FR;3;2022-04-07;0;0;0;0;0;4415450;3440475;4424;2;2966
FR;3;2022-04-08;0;0;0;0;0;4415450;3440475;4424;2;2966
FR;3;2022-04-09;0;0;0;0;0;4415450;3440475;4424;2;2966
FR;3;2022-04-10;0;0;0;0;0;4415450;3440475;4424;2;2966
FR;3;2022-04-11;0;0;0;0;0;4415450;3440475;4424;2;2966
FR;3;2022-04-12;0;0;0;0;0;4415450;3440475;4424;2;2966
FR;3;2022-04-13;0;0;0;0;0;4415450;3440475;4424;2;2966
FR;3;2022-04-14;0;0;0;0;0;4415450;3440475;4424;2;2966
FR;3;2022-04-15;1;0;0;0;0;4415451;3440475;4424;2;2966
FR;3;2022-04-16;0;0;0;0;0;4415451;3440475;4424;2;2966
FR;3;2022-04-17;0;0;0;0;0;4415451;3440475;4424;2;2966
FR;3;2022-04-18;0;0;0;0;0;4415451;3440475;4424;2;2966
FR;3;2022-04-19;0;0;0;0;0;4415451;3440475;4424;2;2966
FR;3;2022-04-20;0;0;0;0;0;4415451;3440475;4424;2;2966
FR;3;2022-04-21;0;0;0;0;0;4415451;3440475;4424;2;2966
FR;3;2022-04-22;0;0;0;0;0;4415451;3440475;4424;2;2966
FR;3;2022-04-23;0;0;0;0;0;4415451;3440475;4424;2;2966
FR;3;2022-04-24;0;0;0;0;0;4415451;3440475;4424;2;2966
FR;3;2022-04-25;0;0;0;0;0;4415451;3440475;4424;2;2966
FR;3;2022-04-26;0;0;0;0;0;4415451;3440475;4424;2;2966
FR;3;2022-04-27;0;0;0;0;0;4415451;3440475;4424;2;2966
FR;3;2022-04-28;0;0;0;0;0;4415451;3440475;4424;2;2966
FR;3;2022-04-29;0;0;0;0;0;4415451;3440475;4424;2;2966
FR;3;2022-04-30;0;0;0;0;0;4415451;3440475;4424;2;2966
FR;3;2022-05-01;0;0;0;0;0;4415451;3440475;4424;2;2966
FR;3;2022-05-02;0;0;0;0;0;4415451;3440475;4424;2;2966
FR;3;2022-05-03;0;0;0;0;0;4415451;3440475;4424;2;2966
FR;3;2022-05-04;0;0;0;0;0;4415451;3440475;4424;2;2966
FR;3;2022-05-05;0;0;0;0;0;4415451;3440475;4424;2;2966
FR;3;2022-05-06;0;0;0;0;0;4415451;3440475;4424;2;2966
FR;3;2022-05-07;0;0;0;0;0;4415451;3440475;4424;2;2966
FR;3;2022-05-08;0;0;0;0;0;4415451;3440475;4424;2;2966
FR;3;2022-05-09;0;0;0;0;0;4415451;3440475;4424;2;2966
FR;3;2022-05-10;0;0;0;0;0;4415451;3440475;4424;2;2966
FR;3;2022-05-11;0;0;0;0;0;4415451;3440475;4424;2;2966
FR;3;2022-05-12;0;0;0;0;0;4415451;3440475;4424;2;2966
FR;3;2022-05-13;0;0;0;0;0;4415451;3440475;4424;2;2966
FR;3;2022-05-14;1;0;0;0;0;4415452;3440475;4424;2;2966
FR;3;2022-05-15;0;0;0;0;0;4415452;3440475;4424;2;2966
FR;3;2022-05-16;0;0;0;0;0;4415452;3440475;4424;2;2966
FR;3;2022-05-17;0;0;0;0;0;4415452;3440475;4424;2;2966
FR;3;2022-05-18;0;0;0;0;0;4415452;3440475;4424;2;2966
FR;3;2022-05-19;0;0;0;0;0;4415452;3440475;4424;2;2966
FR;3;2022-05-20;0;0;0;0;0;4415452;3440475;4424;2;2966
FR;3;2022-05-21;0;0;0;0;0;4415452;3440475;4424;2;2966
FR;3;2022-05-22;0;0;0;0;0;4415452;3440475;4424;2;2966
FR;3;2022-05-23;0;0;0;0;0;4415452;3440475;4424;2;2966
FR;3;2022-05-24;0;0;0;0;0;4415452;3440475;4424;2;2966
FR;3;2022-05-25;0;0;0;0;0;4415452;3440475;4424;2;2966
FR;3;2022-05-26;0;0;0;0;0;4415452;3440475;4424;2;2966
FR;3;2022-05-27;0;0;0;0;0;4415452;3440475;4424;2;2966
FR;3;2022-05-28;0;0;0;0;0;4415452;3440475;4424;2;2966
FR;3;2022-05-29;0;0;0;0;0;4415452;3440475;4424;2;2966
FR;3;2022-05-30;0;0;0;0;0;4415452;3440475;4424;2;2966
FR;3;2022-05-31;0;0;0;0;0;4415452;3440475;4424;2;2966
FR;3;2022-06-01;0;0;0;0;0;4415452;3440475;4424;2;2966
FR;3;2022-06-02;0;0;0;0;0;4415452;3440475;4424;2;2966
FR;3;2022-06-03;0;0;0;0;0;4415452;3440475;4424;2;2966
FR;3;2022-06-04;0;0;0;0;0;4415452;3440475;4424;2;2966
FR;3;2022-06-05;0;0;0;0;0;4415452;3440475;4424;2;2966
FR;3;2022-06-06;0;0;0;0;0;4415452;3440475;4424;2;2966
FR;3;2022-06-07;0;0;0;0;0;4415452;3440475;4424;2;2966
FR;3;2022-06-08;0;0;0;0;0;4415452;3440475;4424;2;2966
FR;3;2022-06-09;0;0;0;0;0;4415452;3440475;4424;2;2966
FR;3;2022-06-10;0;0;0;0;0;4415452;3440475;4424;2;2966
FR;3;2022-06-11;0;0;0;0;0;4415452;3440475;4424;2;2966
FR;3;2022-06-12;0;0;0;0;0;4415452;3440475;4424;2;2966
FR;3;2022-06-13;1;0;0;0;0;4415453;3440475;4424;2;2966
FR;3;2022-06-14;0;0;0;0;0;4415453;3440475;4424;2;2966
FR;3;2022-06-15;0;0;0;0;0;4415453;3440475;4424;2;2966
FR;3;2022-06-16;0;0;0;0;0;4415453;3440475;4424;2;2966
FR;3;2022-06-17;0;0;0;0;0;4415453;3440475;4424;2;2966
FR;3;2022-06-18;0;0;0;0;0;4415453;3440475;4424;2;2966
FR;3;2022-06-19;0;0;0;0;0;4415453;3440475;4424;2;2966
FR;3;2022-06-20;0;0;0;0;0;4415453;3440475;4424;2;2966
FR;3;2022-06-21;0;0;0;0;0;4415453;3440475;4424;2;2966
FR;3;2022-06-22;0;0;0;0;0;4415453;3440475;4424;2;2966
FR;3;2022-06-23;0;0;0;0;0;4415453;3440475;4424;2;2966
FR;3;2022-06-24;0;0;0;0;0;4415453;3440475;4424;2;2966
FR;3;2022-06-25;0;0;0;0;0;4415453;3440475;4424;2;2966
FR;3;2022-06-26;0;0;0;0;0;4415453;3440475;4424;2;2966
FR;3;2022-06-27;0;0;0;0;0;4415453;3440475;4424;2;2966
FR;3;2022-06-28;0;0;0;0;0;4415453;3440475;4424;2;2966
FR;3;2022-06-29;1;0;0;0;0;4415454;3440475;4424;2;2966
FR;3;2022-06-30;0;0;0;0;0;4415454;3440475;4424;2;2966
FR;3;2022-07-01;0;0;0;0;0;4415454;3440475;4424;2;2966
FR;3;2022-07-02;0;0;0;0;0;4415454;3440475;4424;2;2966
FR;3;2022-07-03;0;0;0;0;0;4415454;3440475;4424;2;2966
FR;3;2022-07-04;0;0;0;0;0;4415454;3440475;4424;2;2966
FR;3;2022-07-05;0;0;0;0;0;4415454;3440475;4424;2;2966
FR;3;2022-07-06;0;0;0;0;0;4415454;3440475;4424;2;2966
FR;3;2022-07-07;0;0;0;0;0;4415454;3440475;4424;2;2966
FR;3;2022-07-08;0;0;0;0;0;4415454;3440475;4424;2;2966
FR;3;2022-07-09;0;0;0;0;0;4415454;3440475;4424;2;2966
FR;3;2022-07-10;0;0;0;0;0;4415454;3440475;4424;2;2966
FR;4;2020-12-27;0;0;0;0;0;0;0;0;0;0
FR;4;2020-12-28;0;0;0;0;0;0;0;0;0;0
FR;4;2020-12-29;0;0;0;0;0;0;0;0;0;0
FR;4;2020-12-30;0;0;0;0;0;0;0;0;0;0
FR;4;2020-12-31;0;0;0;0;0;0;0;0;0;0
FR;4;2021-01-01;0;0;0;0;0;0;0;0;0;0
FR;4;2021-01-02;0;0;0;0;0;0;0;0;0;0
FR;4;2021-01-03;0;0;0;0;0;0;0;0;0;0
FR;4;2021-01-04;0;0;0;0;0;0;0;0;0;0
FR;4;2021-01-05;0;0;0;0;0;0;0;0;0;0
FR;4;2021-01-06;0;0;0;0;0;0;0;0;0;0
FR;4;2021-01-07;0;0;0;0;0;0;0;0;0;0
FR;4;2021-01-08;0;0;0;0;0;0;0;0;0;0
FR;4;2021-01-09;0;0;0;0;0;0;0;0;0;0
FR;4;2021-01-10;0;0;0;0;0;0;0;0;0;0
FR;4;2021-01-11;0;0;0;0;0;0;0;0;0;0
FR;4;2021-01-12;0;0;0;0;0;0;0;0;0;0
FR;4;2021-01-13;0;0;0;0;0;0;0;0;0;0
FR;4;2021-01-14;0;0;0;0;0;0;0;0;0;0
FR;4;2021-01-15;0;0;0;0;0;0;0;0;0;0
FR;4;2021-01-16;0;0;0;0;0;0;0;0;0;0
FR;4;2021-01-17;0;0;0;0;0;0;0;0;0;0
FR;4;2021-01-18;0;0;0;0;0;0;0;0;0;0
FR;4;2021-01-19;0;0;0;0;0;0;0;0;0;0
FR;4;2021-01-20;0;0;0;0;0;0;0;0;0;0
FR;4;2021-01-21;0;0;0;0;0;0;0;0;0;0
FR;4;2021-01-22;0;0;0;0;0;0;0;0;0;0
FR;4;2021-01-23;0;0;0;0;0;0;0;0;0;0
FR;4;2021-01-24;0;0;0;0;0;0;0;0;0;0
FR;4;2021-01-25;0;0;0;0;0;0;0;0;0;0
FR;4;2021-01-26;0;0;0;0;0;0;0;0;0;0
FR;4;2021-01-27;0;0;0;0;0;0;0;0;0;0
FR;4;2021-01-28;0;0;0;0;0;0;0;0;0;0
FR;4;2021-01-29;0;0;0;0;0;0;0;0;0;0
FR;4;2021-01-30;0;0;0;0;0;0;0;0;0;0
FR;4;2021-01-31;0;0;0;0;0;0;0;0;0;0
FR;4;2021-02-01;0;0;0;0;0;0;0;0;0;0
FR;4;2021-02-02;0;0;0;0;0;0;0;0;0;0
FR;4;2021-02-03;0;0;0;0;0;0;0;0;0;0
FR;4;2021-02-04;0;0;0;0;0;0;0;0;0;0
FR;4;2021-02-05;0;0;0;0;0;0;0;0;0;0
FR;4;2021-02-06;0;0;0;0;0;0;0;0;0;0
FR;4;2021-02-07;0;0;0;0;0;0;0;0;0;0
FR;4;2021-02-08;0;0;0;0;0;0;0;0;0;0
FR;4;2021-02-09;0;0;0;0;0;0;0;0;0;0
FR;4;2021-02-10;0;0;0;0;0;0;0;0;0;0
FR;4;2021-02-11;0;0;0;0;0;0;0;0;0;0
FR;4;2021-02-12;0;0;0;0;0;0;0;0;0;0
FR;4;2021-02-13;0;0;0;0;0;0;0;0;0;0
FR;4;2021-02-14;0;0;0;0;0;0;0;0;0;0
FR;4;2021-02-15;0;0;0;0;0;0;0;0;0;0
FR;4;2021-02-16;0;0;0;0;0;0;0;0;0;0
FR;4;2021-02-17;0;0;0;0;0;0;0;0;0;0
FR;4;2021-02-18;0;0;0;0;0;0;0;0;0;0
FR;4;2021-02-19;0;0;0;0;0;0;0;0;0;0
FR;4;2021-02-20;0;0;0;0;0;0;0;0;0;0
FR;4;2021-02-21;0;0;0;0;0;0;0;0;0;0
FR;4;2021-02-22;0;0;0;0;0;0;0;0;0;0
FR;4;2021-02-23;0;0;0;0;0;0;0;0;0;0
FR;4;2021-02-24;0;0;0;0;0;0;0;0;0;0
FR;4;2021-02-25;0;0;0;0;0;0;0;0;0;0
FR;4;2021-02-26;0;0;0;0;0;0;0;0;0;0
FR;4;2021-02-27;0;0;0;0;0;0;0;0;0;0
FR;4;2021-02-28;0;0;0;0;0;0;0;0;0;0
FR;4;2021-03-01;0;0;0;0;0;0;0;0;0;0
FR;4;2021-03-02;0;0;0;0;0;0;0;0;0;0
FR;4;2021-03-03;0;0;0;0;0;0;0;0;0;0
FR;4;2021-03-04;0;0;0;0;0;0;0;0;0;0
FR;4;2021-03-05;0;0;0;0;0;0;0;0;0;0
FR;4;2021-03-06;0;0;0;0;0;0;0;0;0;0
FR;4;2021-03-07;0;0;0;0;0;0;0;0;0;0
FR;4;2021-03-08;0;0;0;0;0;0;0;0;0;0
FR;4;2021-03-09;0;0;0;0;0;0;0;0;0;0
FR;4;2021-03-10;0;0;0;0;0;0;0;0;0;0
FR;4;2021-03-11;0;0;0;0;0;0;0;0;0;0
FR;4;2021-03-12;0;0;0;0;0;0;0;0;0;0
FR;4;2021-03-13;0;0;0;0;0;0;0;0;0;0
FR;4;2021-03-14;0;0;0;0;0;0;0;0;0;0
FR;4;2021-03-15;0;0;0;0;0;0;0;0;0;0
FR;4;2021-03-16;0;0;0;0;0;0;0;0;0;0
FR;4;2021-03-17;0;0;0;0;0;0;0;0;0;0
FR;4;2021-03-18;0;0;0;0;0;0;0;0;0;0
FR;4;2021-03-19;0;0;0;0;0;0;0;0;0;0
FR;4;2021-03-20;0;0;0;0;0;0;0;0;0;0
FR;4;2021-03-21;0;0;0;0;0;0;0;0;0;0
FR;4;2021-03-22;0;0;0;0;0;0;0;0;0;0
FR;4;2021-03-23;0;0;0;0;0;0;0;0;0;0
FR;4;2021-03-24;0;0;0;0;0;0;0;0;0;0
FR;4;2021-03-25;0;0;0;0;0;0;0;0;0;0
FR;4;2021-03-26;0;0;0;0;0;0;0;0;0;0
FR;4;2021-03-27;0;0;0;0;0;0;0;0;0;0
FR;4;2021-03-28;0;0;0;0;0;0;0;0;0;0
FR;4;2021-03-29;0;0;0;0;0;0;0;0;0;0
FR;4;2021-03-30;0;0;0;0;0;0;0;0;0;0
FR;4;2021-03-31;0;0;0;0;0;0;0;0;0;0
FR;4;2021-04-01;0;0;0;0;0;0;0;0;0;0
FR;4;2021-04-02;0;0;0;0;0;0;0;0;0;0
FR;4;2021-04-03;0;0;0;0;0;0;0;0;0;0
FR;4;2021-04-04;0;0;0;0;0;0;0;0;0;0
FR;4;2021-04-05;0;0;0;0;0;0;0;0;0;0
FR;4;2021-04-06;0;0;0;0;0;0;0;0;0;0
FR;4;2021-04-07;0;0;0;0;0;0;0;0;0;0
FR;4;2021-04-08;0;0;0;0;0;0;0;0;0;0
FR;4;2021-04-09;0;0;0;0;0;0;0;0;0;0
FR;4;2021-04-10;0;0;0;0;0;0;0;0;0;0
FR;4;2021-04-11;0;0;0;0;0;0;0;0;0;0
FR;4;2021-04-12;0;0;0;0;0;0;0;0;0;0
FR;4;2021-04-13;0;0;0;0;0;0;0;0;0;0
FR;4;2021-04-14;0;0;0;0;0;0;0;0;0;0
FR;4;2021-04-15;0;0;0;0;0;0;0;0;0;0
FR;4;2021-04-16;0;0;0;0;0;0;0;0;0;0
FR;4;2021-04-17;0;0;0;0;0;0;0;0;0;0
FR;4;2021-04-18;0;0;0;0;0;0;0;0;0;0
FR;4;2021-04-19;0;0;0;0;0;0;0;0;0;0
FR;4;2021-04-20;0;0;0;0;0;0;0;0;0;0
FR;4;2021-04-21;0;0;0;0;0;0;0;0;0;0
FR;4;2021-04-22;0;0;0;0;0;0;0;0;0;0
FR;4;2021-04-23;3931;0;0;0;0;3931;0;0;0;0
FR;4;2021-04-24;1569;0;0;0;0;5500;0;0;0;0
FR;4;2021-04-25;125;0;0;0;0;5625;0;0;0;0
FR;4;2021-04-26;2869;1;0;0;0;8494;1;0;0;0
FR;4;2021-04-27;9520;3;0;0;0;18014;4;0;0;0
FR;4;2021-04-28;9904;6;0;0;0;27918;10;0;0;0
FR;4;2021-04-29;15992;8;0;0;0;43910;18;0;0;0
FR;4;2021-04-30;19232;10;0;0;0;63142;28;0;0;0
FR;4;2021-05-01;1994;6;0;0;0;65136;34;0;0;0
FR;4;2021-05-02;482;0;0;0;0;65618;34;0;0;0
FR;4;2021-05-03;5061;2;0;0;0;70679;36;0;0;0
FR;4;2021-05-04;8399;11;0;0;0;79078;47;0;0;0
FR;4;2021-05-05;6184;7;0;0;0;85262;54;0;0;0
FR;4;2021-05-06;11380;11;0;0;0;96642;65;0;0;0
FR;4;2021-05-07;19124;9;0;0;0;115766;74;0;0;0
FR;4;2021-05-08;2377;6;0;0;0;118143;80;0;0;0
FR;4;2021-05-09;686;3;0;0;0;118829;83;0;0;0
FR;4;2021-05-10;7240;5;1;0;0;126069;88;1;0;0
FR;4;2021-05-11;14317;12;0;0;0;140386;100;1;0;0
FR;4;2021-05-12;10167;15;0;0;0;150553;115;1;0;0
FR;4;2021-05-13;1579;3;0;0;0;152132;118;1;0;0
FR;4;2021-05-14;7764;7;0;0;0;159896;125;1;0;0
FR;4;2021-05-15;3718;8;1;0;0;163614;133;2;0;0
FR;4;2021-05-16;417;1;0;0;0;164031;134;2;0;0
FR;4;2021-05-17;4477;6;0;0;0;168508;140;2;0;0
FR;4;2021-05-18;8757;10;0;0;0;177265;150;2;0;0
FR;4;2021-05-19;5690;7;0;0;0;182955;157;2;0;0
FR;4;2021-05-20;9483;7;0;0;0;192438;164;2;0;0
FR;4;2021-05-21;12794;30;0;0;0;205232;194;2;0;0
FR;4;2021-05-22;5056;15;0;0;0;210288;209;2;0;0
FR;4;2021-05-23;494;4;0;0;0;210782;213;2;0;0
FR;4;2021-05-24;1057;7;0;0;0;211839;220;2;0;0
FR;4;2021-05-25;7623;16;0;0;0;219462;236;2;0;0
FR;4;2021-05-26;7726;16;0;0;0;227188;252;2;0;0
FR;4;2021-05-27;14330;35;0;0;0;241518;287;2;0;0
FR;4;2021-05-28;26586;82;1;0;0;268104;369;3;0;0
FR;4;2021-05-29;11382;18;0;0;0;279486;387;3;0;0
FR;4;2021-05-30;971;6;0;0;0;280457;393;3;0;0
FR;4;2021-05-31;12690;21;0;0;0;293147;414;3;0;0
FR;4;2021-06-01;20256;47;1;0;0;313403;461;4;0;0
FR;4;2021-06-02;14520;33;0;0;0;327923;494;4;0;0
FR;4;2021-06-03;19419;24;1;0;0;347342;518;5;0;0
FR;4;2021-06-04;22516;47;0;0;0;369858;565;5;0;0
FR;4;2021-06-05;9713;32;0;0;0;379571;597;5;0;0
FR;4;2021-06-06;1039;1;0;0;0;380610;598;5;0;0
FR;4;2021-06-07;9226;19;0;0;0;389836;617;5;0;0
FR;4;2021-06-08;14611;31;0;0;0;404447;648;5;0;0
FR;4;2021-06-09;12204;25;0;0;0;416651;673;5;0;0
FR;4;2021-06-10;15400;30;0;0;0;432051;703;5;0;0
FR;4;2021-06-11;16982;56;0;0;0;449033;759;5;0;0
FR;4;2021-06-12;7447;27;0;0;0;456480;786;5;0;0
FR;4;2021-06-13;907;3;0;0;0;457387;789;5;0;0
FR;4;2021-06-14;6646;26;0;0;0;464033;815;5;0;0
FR;4;2021-06-15;10884;37;0;0;0;474917;852;5;0;0
FR;4;2021-06-16;8907;15;0;0;0;483824;867;5;0;0
FR;4;2021-06-17;10896;37;0;0;0;494720;904;5;0;0
FR;4;2021-06-18;12421;45;0;0;0;507141;949;5;0;0
FR;4;2021-06-19;5567;25;0;0;0;512708;974;5;0;0
FR;4;2021-06-20;822;5;0;0;0;513530;979;5;0;0
FR;4;2021-06-21;5092;20;0;0;0;518622;999;5;0;0
FR;4;2021-06-22;7906;28;2;0;0;526528;1027;7;0;0
FR;4;2021-06-23;7096;40;2;0;0;533624;1067;9;0;0
FR;4;2021-06-24;8647;46;1;0;0;542271;1113;10;0;0
FR;4;2021-06-25;10171;39;2;0;0;552442;1152;12;0;0
FR;4;2021-06-26;4842;21;0;0;0;557284;1173;12;0;0
FR;4;2021-06-27;763;4;0;0;0;558047;1177;12;0;0
FR;4;2021-06-28;4823;16;1;0;0;562870;1193;13;0;0
FR;4;2021-06-29;7102;27;2;0;0;569972;1220;15;0;0
FR;4;2021-06-30;6714;39;2;0;0;576686;1259;17;0;0
FR;4;2021-07-01;8193;40;0;0;0;584879;1299;17;0;0
FR;4;2021-07-02;9416;52;1;0;0;594295;1351;18;0;0
FR;4;2021-07-03;4846;19;0;0;0;599141;1370;18;0;0
FR;4;2021-07-04;687;5;0;0;0;599828;1375;18;0;0
FR;4;2021-07-05;4770;19;2;0;0;604598;1394;20;0;0
FR;4;2021-07-06;7722;28;4;0;0;612320;1422;24;0;0
FR;4;2021-07-07;7073;34;2;0;0;619393;1456;26;0;0
FR;4;2021-07-08;9226;40;2;0;0;628619;1496;28;0;0
FR;4;2021-07-09;10276;34;1;0;0;638895;1530;29;0;0
FR;4;2021-07-10;4635;14;2;0;0;643530;1544;31;0;0
FR;4;2021-07-11;582;4;1;0;0;644112;1548;32;0;0
FR;4;2021-07-12;5868;29;0;0;0;649980;1577;32;0;0
FR;4;2021-07-13;14232;29;0;0;0;664212;1606;32;0;0
FR;4;2021-07-14;2285;15;0;0;0;666497;1621;32;0;0
FR;4;2021-07-15;18234;36;0;0;0;684731;1657;32;0;0
FR;4;2021-07-16;22823;70;2;0;0;707554;1727;34;0;0
FR;4;2021-07-17;9736;20;0;0;0;717290;1747;34;0;0
FR;4;2021-07-18;1355;4;0;0;0;718645;1751;34;0;0
FR;4;2021-07-19;12987;30;1;0;0;731632;1781;35;0;0
FR;4;2021-07-20;17336;26;1;0;0;748968;1807;36;0;0
FR;4;2021-07-21;15610;33;0;0;0;764578;1840;36;0;0
FR;4;2021-07-22;18239;44;2;0;0;782817;1884;38;0;0
FR;4;2021-07-23;20409;57;7;0;0;803226;1941;45;0;0
FR;4;2021-07-24;9284;32;0;0;0;812510;1973;45;0;0
FR;4;2021-07-25;1351;8;0;0;0;813861;1981;45;0;0
FR;4;2021-07-26;11033;20;0;0;0;824894;2001;45;0;0
FR;4;2021-07-27;14669;35;3;0;0;839563;2036;48;0;0
FR;4;2021-07-28;12930;26;2;0;0;852493;2062;50;0;0
FR;4;2021-07-29;14084;54;4;0;0;866577;2116;54;0;0
FR;4;2021-07-30;15488;45;2;0;0;882065;2161;56;0;0
FR;4;2021-07-31;6833;14;2;0;0;888898;2175;58;0;0
FR;4;2021-08-01;905;1;0;0;0;889803;2176;58;0;0
FR;4;2021-08-02;7910;30;0;0;0;897713;2206;58;0;0
FR;4;2021-08-03;10793;32;2;0;0;908506;2238;60;0;0
FR;4;2021-08-04;9737;29;0;0;0;918243;2267;60;0;0
FR;4;2021-08-05;9817;41;0;0;0;928060;2308;60;0;0
FR;4;2021-08-06;10190;30;3;0;0;938250;2338;63;0;0
FR;4;2021-08-07;5093;30;1;0;0;943343;2368;64;0;0
FR;4;2021-08-08;1219;13;0;0;0;944562;2381;64;0;0
FR;4;2021-08-09;6336;31;0;0;0;950898;2412;64;0;0
FR;4;2021-08-10;8745;18;0;0;0;959643;2430;64;0;0
FR;4;2021-08-11;7937;33;4;0;0;967580;2463;68;0;0
FR;4;2021-08-12;8583;30;1;0;0;976163;2493;69;0;0
FR;4;2021-08-13;7551;24;0;1;0;983714;2517;69;1;0
FR;4;2021-08-14;3789;20;0;0;0;987503;2537;69;1;0
FR;4;2021-08-15;769;5;0;0;0;988272;2542;69;1;0
FR;4;2021-08-16;4005;17;0;0;0;992277;2559;69;1;0
FR;4;2021-08-17;5622;17;1;0;0;997899;2576;70;1;0
FR;4;2021-08-18;5165;37;0;0;0;1003064;2613;70;1;0
FR;4;2021-08-19;5482;33;3;0;0;1008546;2646;73;1;0
FR;4;2021-08-20;5213;24;1;0;0;1013759;2670;74;1;0
FR;4;2021-08-21;2310;21;1;0;0;1016069;2691;75;1;0
FR;4;2021-08-22;403;2;0;0;0;1016472;2693;75;1;0
FR;4;2021-08-23;2927;19;1;0;0;1019399;2712;76;1;0
FR;4;2021-08-24;3751;15;0;0;0;1023150;2727;76;1;0
FR;4;2021-08-25;3540;25;0;0;0;1026690;2752;76;1;0
FR;4;2021-08-26;3707;20;2;0;0;1030397;2772;78;1;0
FR;4;2021-08-27;3607;31;2;0;0;1034004;2803;80;1;0
FR;4;2021-08-28;1725;9;1;0;0;1035729;2812;81;1;0
FR;4;2021-08-29;387;7;1;0;0;1036116;2819;82;1;0
FR;4;2021-08-30;2009;25;0;0;15;1038125;2844;82;1;15
FR;4;2021-08-31;2483;20;0;0;13;1040608;2864;82;1;28
FR;4;2021-09-01;2080;38;1;0;21;1042688;2902;83;1;49
FR;4;2021-09-02;2302;31;4;0;18;1044990;2933;87;1;67
FR;4;2021-09-03;2359;44;5;0;34;1047349;2977;92;1;101
FR;4;2021-09-04;1374;17;0;0;8;1048723;2994;92;1;109
FR;4;2021-09-05;432;2;0;0;2;1049155;2996;92;1;111
FR;4;2021-09-06;1709;60;0;0;22;1050864;3056;92;1;133
FR;4;2021-09-07;1676;18;1;0;9;1052540;3074;93;1;142
FR;4;2021-09-08;1281;26;3;0;19;1053821;3100;96;1;161
FR;4;2021-09-09;1386;23;2;0;9;1055207;3123;98;1;170
FR;4;2021-09-10;1519;31;2;0;23;1056726;3154;100;1;193
FR;4;2021-09-11;742;11;0;0;3;1057468;3165;100;1;196
FR;4;2021-09-12;168;4;0;0;3;1057636;3169;100;1;199
FR;4;2021-09-13;1317;22;1;0;16;1058953;3191;101;1;215
FR;4;2021-09-14;1497;9;2;0;6;1060450;3200;103;1;221
FR;4;2021-09-15;1094;27;1;0;24;1061544;3227;104;1;245
FR;4;2021-09-16;1099;22;2;0;15;1062643;3249;106;1;260
FR;4;2021-09-17;894;21;1;0;12;1063537;3270;107;1;272
FR;4;2021-09-18;462;6;1;0;5;1063999;3276;108;1;277
FR;4;2021-09-19;181;3;0;0;2;1064180;3279;108;1;279
FR;4;2021-09-20;451;19;0;0;13;1064631;3298;108;1;292
FR;4;2021-09-21;424;11;0;0;7;1065055;3309;108;1;299
FR;4;2021-09-22;372;19;2;0;13;1065427;3328;110;1;312
FR;4;2021-09-23;479;16;1;0;15;1065906;3344;111;1;327
FR;4;2021-09-24;411;13;2;0;9;1066317;3357;113;1;336
FR;4;2021-09-25;280;9;1;0;4;1066597;3366;114;1;340
FR;4;2021-09-26;73;2;0;0;1;1066670;3368;114;1;341
FR;4;2021-09-27;262;10;1;0;8;1066932;3378;115;1;349
FR;4;2021-09-28;316;8;0;0;8;1067248;3386;115;1;357
FR;4;2021-09-29;373;18;1;0;12;1067621;3404;116;1;369
FR;4;2021-09-30;363;40;0;0;21;1067984;3444;116;1;390
FR;4;2021-10-01;409;50;0;0;44;1068393;3494;116;1;434
FR;4;2021-10-02;196;22;1;0;13;1068589;3516;117;1;447
FR;4;2021-10-03;85;1;0;0;0;1068674;3517;117;1;447
FR;4;2021-10-04;360;20;1;0;16;1069034;3537;118;1;463
FR;4;2021-10-05;278;19;2;0;15;1069312;3556;120;1;478
FR;4;2021-10-06;246;22;1;0;18;1069558;3578;121;1;496
FR;4;2021-10-07;258;25;2;0;13;1069816;3603;123;1;509
FR;4;2021-10-08;353;23;2;0;19;1070169;3626;125;1;528
FR;4;2021-10-09;193;6;6;0;7;1070362;3632;131;1;535
FR;4;2021-10-10;95;3;2;0;3;1070457;3635;133;1;538
FR;4;2021-10-11;247;15;1;0;14;1070704;3650;134;1;552
FR;4;2021-10-12;206;14;0;0;13;1070910;3664;134;1;565
FR;4;2021-10-13;219;28;1;0;25;1071129;3692;135;1;590
FR;4;2021-10-14;308;21;4;0;15;1071437;3713;139;1;605
FR;4;2021-10-15;321;24;5;0;25;1071758;3737;144;1;630
FR;4;2021-10-16;166;6;2;0;6;1071924;3743;146;1;636
FR;4;2021-10-17;70;2;0;0;1;1071994;3745;146;1;637
FR;4;2021-10-18;278;15;1;0;12;1072272;3760;147;1;649
FR;4;2021-10-19;213;14;2;0;15;1072485;3774;149;1;664
FR;4;2021-10-20;227;27;4;0;15;1072712;3801;153;1;679
FR;4;2021-10-21;236;17;0;0;13;1072948;3818;153;1;692
FR;4;2021-10-22;211;25;2;0;20;1073159;3843;155;1;712
FR;4;2021-10-23;115;16;1;0;15;1073274;3859;156;1;727
FR;4;2021-10-24;38;4;0;0;1;1073312;3863;156;1;728
FR;4;2021-10-25;212;7;2;0;9;1073524;3870;158;1;737
FR;4;2021-10-26;196;14;0;0;12;1073720;3884;158;1;749
FR;4;2021-10-27;194;11;4;0;11;1073914;3895;162;1;760
FR;4;2021-10-28;184;18;4;0;21;1074098;3913;166;1;781
FR;4;2021-10-29;220;15;2;0;13;1074318;3928;168;1;794
FR;4;2021-10-30;102;2;1;0;2;1074420;3930;169;1;796
FR;4;2021-10-31;56;3;2;0;3;1074476;3933;171;1;799
FR;4;2021-11-01;75;27;4;0;24;1074551;3960;175;1;823
FR;4;2021-11-02;156;20;2;0;21;1074707;3980;177;1;844
FR;4;2021-11-03;128;20;8;1;18;1074835;4000;185;2;862
FR;4;2021-11-04;179;15;1;0;12;1075014;4015;186;2;874
FR;4;2021-11-05;128;17;1;0;16;1075142;4032;187;2;890
FR;4;2021-11-06;77;6;1;0;6;1075219;4038;188;2;896
FR;4;2021-11-07;78;2;2;0;4;1075297;4040;190;2;900
FR;4;2021-11-08;158;20;1;0;20;1075455;4060;191;2;920
FR;4;2021-11-09;155;14;3;0;16;1075610;4074;194;2;936
FR;4;2021-11-10;115;29;6;0;31;1075725;4103;200;2;967
FR;4;2021-11-11;90;10;0;0;10;1075815;4113;200;2;977
FR;4;2021-11-12;102;19;2;0;18;1075917;4132;202;2;995
FR;4;2021-11-13;74;15;2;0;14;1075991;4147;204;2;1009
FR;4;2021-11-14;54;5;3;0;7;1076045;4152;207;2;1016
FR;4;2021-11-15;98;26;2;0;24;1076143;4178;209;2;1040
FR;4;2021-11-16;103;12;2;0;14;1076246;4190;211;2;1054
FR;4;2021-11-17;118;29;4;0;29;1076364;4219;215;2;1083
FR;4;2021-11-18;100;34;12;0;41;1076464;4253;227;2;1124
FR;4;2021-11-19;81;19;3;0;20;1076545;4272;230;2;1144
FR;4;2021-11-20;75;8;1;0;8;1076620;4280;231;2;1152
FR;4;2021-11-21;62;7;2;0;9;1076682;4287;233;2;1161
FR;4;2021-11-22;104;27;7;0;30;1076786;4314;240;2;1191
FR;4;2021-11-23;75;29;5;0;26;1076861;4343;245;2;1217
FR;4;2021-11-24;85;23;10;0;23;1076946;4366;255;2;1240
FR;4;2021-11-25;87;28;14;0;30;1077033;4394;269;2;1270
FR;4;2021-11-26;82;43;12;0;45;1077115;4437;281;2;1315
FR;4;2021-11-27;37;22;15;0;25;1077152;4459;296;2;1340
FR;4;2021-11-28;48;8;0;0;7;1077200;4467;296;2;1347
FR;4;2021-11-29;87;31;15;0;39;1077287;4498;311;2;1386
FR;4;2021-11-30;72;36;12;0;40;1077359;4534;323;2;1426
FR;4;2021-12-01;87;59;19;0;66;1077446;4593;342;2;1492
FR;4;2021-12-02;100;48;19;0;53;1077546;4641;361;2;1545
FR;4;2021-12-03;98;36;15;0;44;1077644;4677;376;2;1589
FR;4;2021-12-04;70;31;18;0;44;1077714;4708;394;2;1633
FR;4;2021-12-05;61;6;1;0;7;1077775;4714;395;2;1640
FR;4;2021-12-06;103;46;20;0;60;1077878;4760;415;2;1700
FR;4;2021-12-07;80;35;9;0;34;1077958;4795;424;2;1734
FR;4;2021-12-08;67;29;16;0;35;1078025;4824;440;2;1769
FR;4;2021-12-09;61;32;10;0;38;1078086;4856;450;2;1807
FR;4;2021-12-10;63;64;20;0;68;1078149;4920;470;2;1875
FR;4;2021-12-11;27;34;7;0;34;1078176;4954;477;2;1909
FR;4;2021-12-12;24;10;3;0;13;1078200;4964;480;2;1922
FR;4;2021-12-13;70;40;13;0;48;1078270;5004;493;2;1970
FR;4;2021-12-14;58;43;17;0;54;1078328;5047;510;2;2024
FR;4;2021-12-15;61;63;28;0;83;1078389;5110;538;2;2107
FR;4;2021-12-16;32;44;19;0;57;1078421;5154;557;2;2164
FR;4;2021-12-17;39;55;12;0;60;1078460;5209;569;2;2224
FR;4;2021-12-18;48;29;2;0;30;1078508;5238;571;2;2254
FR;4;2021-12-19;15;4;1;0;4;1078523;5242;572;2;2258
FR;4;2021-12-20;38;38;10;0;41;1078561;5280;582;2;2299
FR;4;2021-12-21;26;30;15;0;36;1078587;5310;597;2;2335
FR;4;2021-12-22;36;37;10;0;38;1078623;5347;607;2;2373
FR;4;2021-12-23;39;45;8;0;49;1078662;5392;615;2;2422
FR;4;2021-12-24;23;26;10;0;30;1078685;5418;625;2;2452
FR;4;2021-12-25;6;3;3;0;4;1078691;5421;628;2;2456
FR;4;2021-12-26;4;3;1;0;2;1078695;5424;629;2;2458
FR;4;2021-12-27;28;41;9;0;43;1078723;5465;638;2;2501
FR;4;2021-12-28;24;28;7;0;29;1078747;5493;645;2;2530
FR;4;2021-12-29;48;25;10;0;29;1078795;5518;655;2;2559
FR;4;2021-12-30;42;18;12;0;21;1078837;5536;667;2;2580
FR;4;2021-12-31;18;5;8;0;10;1078855;5541;675;2;2590
FR;4;2022-01-01;5;4;4;0;6;1078860;5545;679;2;2596
FR;4;2022-01-02;40;5;15;0;19;1078900;5550;694;2;2615
FR;4;2022-01-03;39;54;21;1;60;1078939;5604;715;3;2675
FR;4;2022-01-04;32;27;13;0;30;1078971;5631;728;3;2705
FR;4;2022-01-05;47;21;17;0;22;1079018;5652;745;3;2727
FR;4;2022-01-06;46;20;22;0;34;1079064;5672;767;3;2761
FR;4;2022-01-07;28;20;15;0;20;1079092;5692;782;3;2781
FR;4;2022-01-08;8;6;10;0;12;1079100;5698;792;3;2793
FR;4;2022-01-09;18;2;2;0;3;1079118;5700;794;3;2796
FR;4;2022-01-10;40;22;17;0;34;1079158;5722;811;3;2830
FR;4;2022-01-11;25;30;12;0;34;1079183;5752;823;3;2864
FR;4;2022-01-12;31;21;13;0;23;1079214;5773;836;3;2887
FR;4;2022-01-13;48;19;27;0;37;1079262;5792;863;3;2924
FR;4;2022-01-14;23;28;13;0;31;1079285;5820;876;3;2955
FR;4;2022-01-15;11;6;8;0;12;1079296;5826;884;3;2967
FR;4;2022-01-16;9;9;11;0;19;1079305;5835;895;3;2986
FR;4;2022-01-17;24;18;12;0;24;1079329;5853;907;3;3010
FR;4;2022-01-18;16;13;8;0;18;1079345;5866;915;3;3028
FR;4;2022-01-19;29;23;10;0;31;1079374;5889;925;3;3059
FR;4;2022-01-20;31;34;11;0;37;1079405;5923;936;3;3096
FR;4;2022-01-21;9;12;19;1;16;1079414;5935;955;4;3112
FR;4;2022-01-22;30;9;2;0;9;1079444;5944;957;4;3121
FR;4;2022-01-23;6;2;4;0;6;1079450;5946;961;4;3127
FR;4;2022-01-24;14;21;8;0;27;1079464;5967;969;4;3154
FR;4;2022-01-25;20;31;8;1;35;1079484;5998;977;5;3189
FR;4;2022-01-26;19;14;6;1;15;1079503;6012;983;6;3204
FR;4;2022-01-27;19;18;6;0;22;1079522;6030;989;6;3226
FR;4;2022-01-28;13;23;8;0;26;1079535;6053;997;6;3252
FR;4;2022-01-29;16;6;4;0;9;1079551;6059;1001;6;3261
FR;4;2022-01-30;16;3;1;0;4;1079567;6062;1002;6;3265
FR;4;2022-01-31;19;27;7;0;30;1079586;6089;1009;6;3295
FR;4;2022-02-01;9;19;11;0;19;1079595;6108;1020;6;3314
FR;4;2022-02-02;17;11;10;2;16;1079612;6119;1030;8;3330
FR;4;2022-02-03;13;23;9;0;26;1079625;6142;1039;8;3356
FR;4;2022-02-04;7;5;7;0;9;1079632;6147;1046;8;3365
FR;4;2022-02-05;7;14;1;0;13;1079639;6161;1047;8;3378
FR;4;2022-02-06;6;3;2;0;4;1079645;6164;1049;8;3382
FR;4;2022-02-07;14;19;7;0;19;1079659;6183;1056;8;3401
FR;4;2022-02-08;16;20;13;1;21;1079675;6203;1069;9;3422
FR;4;2022-02-09;16;11;7;0;14;1079691;6214;1076;9;3436
FR;4;2022-02-10;17;23;9;0;24;1079708;6237;1085;9;3460
FR;4;2022-02-11;18;14;8;0;19;1079726;6251;1093;9;3479
FR;4;2022-02-12;23;6;2;0;6;1079749;6257;1095;9;3485
FR;4;2022-02-13;7;3;3;0;6;1079756;6260;1098;9;3491
FR;4;2022-02-14;18;10;7;0;13;1079774;6270;1105;9;3504
FR;4;2022-02-15;16;7;1;0;7;1079790;6277;1106;9;3511
FR;4;2022-02-16;14;9;10;0;15;1079804;6286;1116;9;3526
FR;4;2022-02-17;10;4;4;0;6;1079814;6290;1120;9;3532
FR;4;2022-02-18;17;15;6;0;19;1079831;6305;1126;9;3551
FR;4;2022-02-19;16;3;2;0;4;1079847;6308;1128;9;3555
FR;4;2022-02-20;7;3;0;0;2;1079854;6311;1128;9;3557
FR;4;2022-02-21;22;3;3;0;4;1079876;6314;1131;9;3561
FR;4;2022-02-22;8;4;8;0;8;1079884;6318;1139;9;3569
FR;4;2022-02-23;16;6;9;0;9;1079900;6324;1148;9;3578
FR;4;2022-02-24;9;5;3;0;6;1079909;6329;1151;9;3584
FR;4;2022-02-25;15;5;7;0;6;1079924;6334;1158;9;3590
FR;4;2022-02-26;26;3;0;0;3;1079950;6337;1158;9;3593
FR;4;2022-02-27;9;0;1;0;1;1079959;6337;1159;9;3594
FR;4;2022-02-28;14;3;2;0;3;1079973;6340;1161;9;3597
FR;4;2022-03-01;6;2;7;0;3;1079979;6342;1168;9;3600
FR;4;2022-03-02;12;2;3;0;4;1079991;6344;1171;9;3604
FR;4;2022-03-03;16;5;1;0;4;1080007;6349;1172;9;3608
FR;4;2022-03-04;6;7;2;1;5;1080013;6356;1174;10;3613
FR;4;2022-03-05;9;2;0;0;2;1080022;6358;1174;10;3615
FR;4;2022-03-06;4;0;1;0;1;1080026;6358;1175;10;3616
FR;4;2022-03-07;10;4;1;0;3;1080036;6362;1176;10;3619
FR;4;2022-03-08;13;3;0;0;3;1080049;6365;1176;10;3622
FR;4;2022-03-09;8;5;2;0;6;1080057;6370;1178;10;3628
FR;4;2022-03-10;5;1;5;0;2;1080062;6371;1183;10;3630
FR;4;2022-03-11;8;3;5;0;2;1080070;6374;1188;10;3632
FR;4;2022-03-12;9;2;0;0;0;1080079;6376;1188;10;3632
FR;4;2022-03-13;5;1;1;0;2;1080084;6377;1189;10;3634
FR;4;2022-03-14;4;1;1;0;2;1080088;6378;1190;10;3636
FR;4;2022-03-15;6;3;2;0;2;1080094;6381;1192;10;3638
FR;4;2022-03-16;7;3;3;0;3;1080101;6384;1195;10;3641
FR;4;2022-03-17;3;4;1;0;5;1080104;6388;1196;10;3646
FR;4;2022-03-18;9;3;0;0;3;1080113;6391;1196;10;3649
FR;4;2022-03-19;1;1;0;0;1;1080114;6392;1196;10;3650
FR;4;2022-03-20;2;0;2;0;1;1080116;6392;1198;10;3651
FR;4;2022-03-21;5;3;0;0;3;1080121;6395;1198;10;3654
FR;4;2022-03-22;3;2;2;0;3;1080124;6397;1200;10;3657
FR;4;2022-03-23;6;4;4;0;7;1080130;6401;1204;10;3664
FR;4;2022-03-24;2;4;3;1;5;1080132;6405;1207;11;3669
FR;4;2022-03-25;3;1;2;0;1;1080135;6406;1209;11;3670
FR;4;2022-03-26;5;5;0;0;5;1080140;6411;1209;11;3675
FR;4;2022-03-27;1;0;1;0;0;1080141;6411;1210;11;3675
FR;4;2022-03-28;4;1;3;0;3;1080145;6412;1213;11;3678
FR;4;2022-03-29;8;0;4;1;0;1080153;6412;1217;12;3678
FR;4;2022-03-30;1;4;0;0;4;1080154;6416;1217;12;3682
FR;4;2022-03-31;2;3;1;1;3;1080156;6419;1218;13;3685
FR;4;2022-04-01;13;2;5;0;5;1080169;6421;1223;13;3690
FR;4;2022-04-02;4;4;0;0;3;1080173;6425;1223;13;3693
FR;4;2022-04-03;0;0;0;0;0;1080173;6425;1223;13;3693
FR;4;2022-04-04;4;4;3;0;4;1080177;6429;1226;13;3697
FR;4;2022-04-05;3;3;1;1;2;1080180;6432;1227;14;3699
FR;4;2022-04-06;4;0;0;0;0;1080184;6432;1227;14;3699
FR;4;2022-04-07;3;2;3;2;5;1080187;6434;1230;16;3704
FR;4;2022-04-08;4;1;1;0;1;1080191;6435;1231;16;3705
FR;4;2022-04-09;0;0;1;1;1;1080191;6435;1232;17;3706
FR;4;2022-04-10;1;2;0;0;2;1080192;6437;1232;17;3708
FR;4;2022-04-11;3;2;4;0;4;1080195;6439;1236;17;3712
FR;4;2022-04-12;3;1;4;0;2;1080198;6440;1240;17;3714
FR;4;2022-04-13;4;7;2;0;9;1080202;6447;1242;17;3723
FR;4;2022-04-14;6;4;1;1;4;1080208;6451;1243;18;3727
FR;4;2022-04-15;5;8;1;0;9;1080213;6459;1244;18;3736
FR;4;2022-04-16;1;0;0;0;0;1080214;6459;1244;18;3736
FR;4;2022-04-17;1;1;0;0;1;1080215;6460;1244;18;3737
FR;4;2022-04-18;1;2;5;0;3;1080216;6462;1249;18;3740
FR;4;2022-04-19;2;0;1;0;0;1080218;6462;1250;18;3740
FR;4;2022-04-20;13;4;1;0;3;1080231;6466;1251;18;3743
FR;4;2022-04-21;5;1;0;0;1;1080236;6467;1251;18;3744
FR;4;2022-04-22;1;0;1;0;0;1080237;6467;1252;18;3744
FR;4;2022-04-23;2;3;2;0;5;1080239;6470;1254;18;3749
FR;4;2022-04-24;0;2;0;0;2;1080239;6472;1254;18;3751
FR;4;2022-04-25;3;4;3;0;7;1080242;6476;1257;18;3758
FR;4;2022-04-26;4;4;1;0;4;1080246;6480;1258;18;3762
FR;4;2022-04-27;4;0;0;1;0;1080250;6480;1258;19;3762
FR;4;2022-04-28;2;5;5;0;6;1080252;6485;1263;19;3768
FR;4;2022-04-29;3;2;0;0;1;1080255;6487;1263;19;3769
FR;4;2022-04-30;0;1;1;0;2;1080255;6488;1264;19;3771
FR;4;2022-05-01;0;0;0;0;0;1080255;6488;1264;19;3771
FR;4;2022-05-02;4;14;6;0;17;1080259;6502;1270;19;3788
FR;4;2022-05-03;2;4;2;0;5;1080261;6506;1272;19;3793
FR;4;2022-05-04;7;4;1;0;4;1080268;6510;1273;19;3797
FR;4;2022-05-05;2;2;1;1;1;1080270;6512;1274;20;3798
FR;4;2022-05-06;2;1;1;0;1;1080272;6513;1275;20;3799
FR;4;2022-05-07;0;0;0;0;0;1080272;6513;1275;20;3799
FR;4;2022-05-08;1;1;0;0;1;1080273;6514;1275;20;3800
FR;4;2022-05-09;5;0;0;0;0;1080278;6514;1275;20;3800
FR;4;2022-05-10;1;1;0;2;3;1080279;6515;1275;22;3803
FR;4;2022-05-11;2;2;1;0;3;1080281;6517;1276;22;3806
FR;4;2022-05-12;5;3;1;1;4;1080286;6520;1277;23;3810
FR;4;2022-05-13;0;0;2;0;2;1080286;6520;1279;23;3812
FR;4;2022-05-14;0;2;0;0;2;1080286;6522;1279;23;3814
FR;4;2022-05-15;1;2;0;0;0;1080287;6524;1279;23;3814
FR;4;2022-05-16;5;2;1;0;2;1080292;6526;1280;23;3816
FR;4;2022-05-17;3;1;2;0;3;1080295;6527;1282;23;3819
FR;4;2022-05-18;0;4;0;0;4;1080295;6531;1282;23;3823
FR;4;2022-05-19;2;2;3;0;4;1080297;6533;1285;23;3827
FR;4;2022-05-20;2;1;3;0;1;1080299;6534;1288;23;3828
FR;4;2022-05-21;2;0;1;0;1;1080301;6534;1289;23;3829
FR;4;2022-05-22;0;0;1;0;1;1080301;6534;1290;23;3830
FR;4;2022-05-23;0;0;2;0;0;1080301;6534;1292;23;3830
FR;4;2022-05-24;1;4;0;0;4;1080302;6538;1292;23;3834
FR;4;2022-05-25;1;3;0;0;1;1080303;6541;1292;23;3835
FR;4;2022-05-26;2;0;0;0;0;1080305;6541;1292;23;3835
FR;4;2022-05-27;0;1;0;0;1;1080305;6542;1292;23;3836
FR;4;2022-05-28;1;0;0;0;0;1080306;6542;1292;23;3836
FR;4;2022-05-29;0;0;0;0;0;1080306;6542;1292;23;3836
FR;4;2022-05-30;2;3;2;0;4;1080308;6545;1294;23;3840
FR;4;2022-05-31;2;1;0;0;1;1080310;6546;1294;23;3841
FR;4;2022-06-01;1;11;7;0;15;1080311;6557;1301;23;3856
FR;4;2022-06-02;1;5;1;0;5;1080312;6562;1302;23;3861
FR;4;2022-06-03;0;5;4;1;6;1080312;6567;1306;24;3867
FR;4;2022-06-04;0;1;0;0;1;1080312;6568;1306;24;3868
FR;4;2022-06-05;0;0;0;0;0;1080312;6568;1306;24;3868
FR;4;2022-06-06;4;0;2;0;1;1080316;6568;1308;24;3869
FR;4;2022-06-07;3;0;0;1;0;1080319;6568;1308;25;3869
FR;4;2022-06-08;0;3;2;0;5;1080319;6571;1310;25;3874
FR;4;2022-06-09;1;0;0;0;0;1080320;6571;1310;25;3874
FR;4;2022-06-10;1;0;3;0;1;1080321;6571;1313;25;3875
FR;4;2022-06-11;0;0;0;0;0;1080321;6571;1313;25;3875
FR;4;2022-06-12;4;0;0;0;0;1080325;6571;1313;25;3875
FR;4;2022-06-13;3;1;2;0;1;1080328;6572;1315;25;3876
FR;4;2022-06-14;3;2;0;0;2;1080331;6574;1315;25;3878
FR;4;2022-06-15;5;1;3;0;1;1080336;6575;1318;25;3879
FR;4;2022-06-16;0;2;1;1;1;1080336;6577;1319;26;3880
FR;4;2022-06-17;2;0;0;0;0;1080338;6577;1319;26;3880
FR;4;2022-06-18;0;0;0;0;0;1080338;6577;1319;26;3880
FR;4;2022-06-19;0;0;0;0;0;1080338;6577;1319;26;3880
FR;4;2022-06-20;3;2;1;0;3;1080341;6579;1320;26;3883
FR;4;2022-06-21;2;2;3;1;3;1080343;6581;1323;27;3886
FR;4;2022-06-22;2;2;0;0;2;1080345;6583;1323;27;3888
FR;4;2022-06-23;3;3;3;0;5;1080348;6586;1326;27;3893
FR;4;2022-06-24;0;0;1;0;0;1080348;6586;1327;27;3893
FR;4;2022-06-25;1;0;0;0;0;1080349;6586;1327;27;3893
FR;4;2022-06-26;0;0;0;0;0;1080349;6586;1327;27;3893
FR;4;2022-06-27;1;2;0;3;2;1080350;6588;1327;30;3895
FR;4;2022-06-28;0;2;2;1;3;1080350;6590;1329;31;3898
FR;4;2022-06-29;0;0;0;0;0;1080350;6590;1329;31;3898
FR;4;2022-06-30;3;0;0;0;0;1080353;6590;1329;31;3898
FR;4;2022-07-01;1;0;1;0;0;1080354;6590;1330;31;3898
FR;4;2022-07-02;0;1;0;0;0;1080354;6591;1330;31;3898
FR;4;2022-07-03;0;0;0;0;0;1080354;6591;1330;31;3898
FR;4;2022-07-04;2;0;0;0;0;1080356;6591;1330;31;3898
FR;4;2022-07-05;1;0;0;0;0;1080357;6591;1330;31;3898
FR;4;2022-07-06;5;0;0;0;0;1080362;6591;1330;31;3898
FR;4;2022-07-07;1;0;2;1;0;1080363;6591;1332;32;3898
FR;4;2022-07-08;2;0;0;0;0;1080365;6591;1332;32;3898
FR;4;2022-07-09;2;0;1;0;1;1080367;6591;1333;32;3899
FR;4;2022-07-10;1;0;0;0;0;1080368;6591;1333;32;3899
FR;5;2020-12-27;0;0;0;0;0;0;0;0;0;0
FR;5;2020-12-28;0;0;0;0;0;0;0;0;0;0
FR;5;2020-12-29;0;0;0;0;0;0;0;0;0;0
FR;5;2020-12-30;0;0;0;0;0;0;0;0;0;0
FR;5;2020-12-31;0;0;0;0;0;0;0;0;0;0
FR;5;2021-01-01;0;0;0;0;0;0;0;0;0;0
FR;5;2021-01-02;0;0;0;0;0;0;0;0;0;0
FR;5;2021-01-03;0;0;0;0;0;0;0;0;0;0
FR;5;2021-01-04;0;0;0;0;0;0;0;0;0;0
FR;5;2021-01-05;0;0;0;0;0;0;0;0;0;0
FR;5;2021-01-06;0;0;0;0;0;0;0;0;0;0
FR;5;2021-01-07;0;0;0;0;0;0;0;0;0;0
FR;5;2021-01-08;0;0;0;0;0;0;0;0;0;0
FR;5;2021-01-09;0;0;0;0;0;0;0;0;0;0
FR;5;2021-01-10;0;0;0;0;0;0;0;0;0;0
FR;5;2021-01-11;0;0;0;0;0;0;0;0;0;0
FR;5;2021-01-12;0;0;0;0;0;0;0;0;0;0
FR;5;2021-01-13;0;0;0;0;0;0;0;0;0;0
FR;5;2021-01-14;0;0;0;0;0;0;0;0;0;0
FR;5;2021-01-15;0;0;0;0;0;0;0;0;0;0
FR;5;2021-01-16;0;0;0;0;0;0;0;0;0;0
FR;5;2021-01-17;0;0;0;0;0;0;0;0;0;0
FR;5;2021-01-18;0;0;0;0;0;0;0;0;0;0
FR;5;2021-01-19;0;0;0;0;0;0;0;0;0;0
FR;5;2021-01-20;0;0;0;0;0;0;0;0;0;0
FR;5;2021-01-21;0;0;0;0;0;0;0;0;0;0
FR;5;2021-01-22;0;0;0;0;0;0;0;0;0;0
FR;5;2021-01-23;0;0;0;0;0;0;0;0;0;0
FR;5;2021-01-24;0;0;0;0;0;0;0;0;0;0
FR;5;2021-01-25;0;0;0;0;0;0;0;0;0;0
FR;5;2021-01-26;0;0;0;0;0;0;0;0;0;0
FR;5;2021-01-27;0;0;0;0;0;0;0;0;0;0
FR;5;2021-01-28;0;0;0;0;0;0;0;0;0;0
FR;5;2021-01-29;0;0;0;0;0;0;0;0;0;0
FR;5;2021-01-30;0;0;0;0;0;0;0;0;0;0
FR;5;2021-01-31;0;0;0;0;0;0;0;0;0;0
FR;5;2021-02-01;0;0;0;0;0;0;0;0;0;0
FR;5;2021-02-02;0;0;0;0;0;0;0;0;0;0
FR;5;2021-02-03;0;0;0;0;0;0;0;0;0;0
FR;5;2021-02-04;0;0;0;0;0;0;0;0;0;0
FR;5;2021-02-05;0;0;0;0;0;0;0;0;0;0
FR;5;2021-02-06;0;0;0;0;0;0;0;0;0;0
FR;5;2021-02-07;0;0;0;0;0;0;0;0;0;0
FR;5;2021-02-08;0;0;0;0;0;0;0;0;0;0
FR;5;2021-02-09;0;0;0;0;0;0;0;0;0;0
FR;5;2021-02-10;0;0;0;0;0;0;0;0;0;0
FR;5;2021-02-11;0;0;0;0;0;0;0;0;0;0
FR;5;2021-02-12;0;0;0;0;0;0;0;0;0;0
FR;5;2021-02-13;0;0;0;0;0;0;0;0;0;0
FR;5;2021-02-14;0;0;0;0;0;0;0;0;0;0
FR;5;2021-02-15;0;0;0;0;0;0;0;0;0;0
FR;5;2021-02-16;0;0;0;0;0;0;0;0;0;0
FR;5;2021-02-17;0;0;0;0;0;0;0;0;0;0
FR;5;2021-02-18;0;0;0;0;0;0;0;0;0;0
FR;5;2021-02-19;0;0;0;0;0;0;0;0;0;0
FR;5;2021-02-20;0;0;0;0;0;0;0;0;0;0
FR;5;2021-02-21;0;0;0;0;0;0;0;0;0;0
FR;5;2021-02-22;0;0;0;0;0;0;0;0;0;0
FR;5;2021-02-23;0;0;0;0;0;0;0;0;0;0
FR;5;2021-02-24;0;0;0;0;0;0;0;0;0;0
FR;5;2021-02-25;0;0;0;0;0;0;0;0;0;0
FR;5;2021-02-26;0;0;0;0;0;0;0;0;0;0
FR;5;2021-02-27;0;0;0;0;0;0;0;0;0;0
FR;5;2021-02-28;0;0;0;0;0;0;0;0;0;0
FR;5;2021-03-01;0;0;0;0;0;0;0;0;0;0
FR;5;2021-03-02;0;0;0;0;0;0;0;0;0;0
FR;5;2021-03-03;0;0;0;0;0;0;0;0;0;0
FR;5;2021-03-04;0;0;0;0;0;0;0;0;0;0
FR;5;2021-03-05;0;0;0;0;0;0;0;0;0;0
FR;5;2021-03-06;0;0;0;0;0;0;0;0;0;0
FR;5;2021-03-07;0;0;0;0;0;0;0;0;0;0
FR;5;2021-03-08;0;0;0;0;0;0;0;0;0;0
FR;5;2021-03-09;0;0;0;0;0;0;0;0;0;0
FR;5;2021-03-10;0;0;0;0;0;0;0;0;0;0
FR;5;2021-03-11;0;0;0;0;0;0;0;0;0;0
FR;5;2021-03-12;0;0;0;0;0;0;0;0;0;0
FR;5;2021-03-13;0;0;0;0;0;0;0;0;0;0
FR;5;2021-03-14;0;0;0;0;0;0;0;0;0;0
FR;5;2021-03-15;0;0;0;0;0;0;0;0;0;0
FR;5;2021-03-16;0;0;0;0;0;0;0;0;0;0
FR;5;2021-03-17;0;0;0;0;0;0;0;0;0;0
FR;5;2021-03-18;0;0;0;0;0;0;0;0;0;0
FR;5;2021-03-19;0;0;0;0;0;0;0;0;0;0
FR;5;2021-03-20;0;0;0;0;0;0;0;0;0;0
FR;5;2021-03-21;0;0;0;0;0;0;0;0;0;0
FR;5;2021-03-22;0;0;0;0;0;0;0;0;0;0
FR;5;2021-03-23;0;0;0;0;0;0;0;0;0;0
FR;5;2021-03-24;0;0;0;0;0;0;0;0;0;0
FR;5;2021-03-25;0;0;0;0;0;0;0;0;0;0
FR;5;2021-03-26;0;0;0;0;0;0;0;0;0;0
FR;5;2021-03-27;0;0;0;0;0;0;0;0;0;0
FR;5;2021-03-28;0;0;0;0;0;0;0;0;0;0
FR;5;2021-03-29;0;0;0;0;0;0;0;0;0;0
FR;5;2021-03-30;0;0;0;0;0;0;0;0;0;0
FR;5;2021-03-31;0;0;0;0;0;0;0;0;0;0
FR;5;2021-04-01;0;0;0;0;0;0;0;0;0;0
FR;5;2021-04-02;0;0;0;0;0;0;0;0;0;0
FR;5;2021-04-03;0;0;0;0;0;0;0;0;0;0
FR;5;2021-04-04;0;0;0;0;0;0;0;0;0;0
FR;5;2021-04-05;0;0;0;0;0;0;0;0;0;0
FR;5;2021-04-06;0;0;0;0;0;0;0;0;0;0
FR;5;2021-04-07;0;0;0;0;0;0;0;0;0;0
FR;5;2021-04-08;0;0;0;0;0;0;0;0;0;0
FR;5;2021-04-09;0;0;0;0;0;0;0;0;0;0
FR;5;2021-04-10;0;0;0;0;0;0;0;0;0;0
FR;5;2021-04-11;0;0;0;0;0;0;0;0;0;0
FR;5;2021-04-12;0;0;0;0;0;0;0;0;0;0
FR;5;2021-04-13;0;0;0;0;0;0;0;0;0;0
FR;5;2021-04-14;0;0;0;0;0;0;0;0;0;0
FR;5;2021-04-15;0;0;0;0;0;0;0;0;0;0
FR;5;2021-04-16;0;0;0;0;0;0;0;0;0;0
FR;5;2021-04-17;0;0;0;0;0;0;0;0;0;0
FR;5;2021-04-18;0;0;0;0;0;0;0;0;0;0
FR;5;2021-04-19;0;0;0;0;0;0;0;0;0;0
FR;5;2021-04-20;0;0;0;0;0;0;0;0;0;0
FR;5;2021-04-21;0;0;0;0;0;0;0;0;0;0
FR;5;2021-04-22;0;0;0;0;0;0;0;0;0;0
FR;5;2021-04-23;0;0;0;0;0;0;0;0;0;0
FR;5;2021-04-24;0;0;0;0;0;0;0;0;0;0
FR;5;2021-04-25;0;0;0;0;0;0;0;0;0;0
FR;5;2021-04-26;0;0;0;0;0;0;0;0;0;0
FR;5;2021-04-27;0;0;0;0;0;0;0;0;0;0
FR;5;2021-04-28;0;0;0;0;0;0;0;0;0;0
FR;5;2021-04-29;0;0;0;0;0;0;0;0;0;0
FR;5;2021-04-30;0;0;0;0;0;0;0;0;0;0
FR;5;2021-05-01;0;0;0;0;0;0;0;0;0;0
FR;5;2021-05-02;0;0;0;0;0;0;0;0;0;0
FR;5;2021-05-03;0;0;0;0;0;0;0;0;0;0
FR;5;2021-05-04;0;0;0;0;0;0;0;0;0;0
FR;5;2021-05-05;0;0;0;0;0;0;0;0;0;0
FR;5;2021-05-06;0;0;0;0;0;0;0;0;0;0
FR;5;2021-05-07;0;0;0;0;0;0;0;0;0;0
FR;5;2021-05-08;0;0;0;0;0;0;0;0;0;0
FR;5;2021-05-09;0;0;0;0;0;0;0;0;0;0
FR;5;2021-05-10;0;0;0;0;0;0;0;0;0;0
FR;5;2021-05-11;0;0;0;0;0;0;0;0;0;0
FR;5;2021-05-12;0;0;0;0;0;0;0;0;0;0
FR;5;2021-05-13;0;0;0;0;0;0;0;0;0;0
FR;5;2021-05-14;0;0;0;0;0;0;0;0;0;0
FR;5;2021-05-15;0;0;0;0;0;0;0;0;0;0
FR;5;2021-05-16;0;0;0;0;0;0;0;0;0;0
FR;5;2021-05-17;0;0;0;0;0;0;0;0;0;0
FR;5;2021-05-18;0;0;0;0;0;0;0;0;0;0
FR;5;2021-05-19;0;0;0;0;0;0;0;0;0;0
FR;5;2021-05-20;0;0;0;0;0;0;0;0;0;0
FR;5;2021-05-21;0;0;0;0;0;0;0;0;0;0
FR;5;2021-05-22;0;0;0;0;0;0;0;0;0;0
FR;5;2021-05-23;0;0;0;0;0;0;0;0;0;0
FR;5;2021-05-24;0;0;0;0;0;0;0;0;0;0
FR;5;2021-05-25;0;0;0;0;0;0;0;0;0;0
FR;5;2021-05-26;0;0;0;0;0;0;0;0;0;0
FR;5;2021-05-27;0;0;0;0;0;0;0;0;0;0
FR;5;2021-05-28;0;0;0;0;0;0;0;0;0;0
FR;5;2021-05-29;0;0;0;0;0;0;0;0;0;0
FR;5;2021-05-30;0;0;0;0;0;0;0;0;0;0
FR;5;2021-05-31;0;0;0;0;0;0;0;0;0;0
FR;5;2021-06-01;0;0;0;0;0;0;0;0;0;0
FR;5;2021-06-02;0;0;0;0;0;0;0;0;0;0
FR;5;2021-06-03;0;0;0;0;0;0;0;0;0;0
FR;5;2021-06-04;0;0;0;0;0;0;0;0;0;0
FR;5;2021-06-05;0;0;0;0;0;0;0;0;0;0
FR;5;2021-06-06;0;0;0;0;0;0;0;0;0;0
FR;5;2021-06-07;0;0;0;0;0;0;0;0;0;0
FR;5;2021-06-08;0;0;0;0;0;0;0;0;0;0
FR;5;2021-06-09;0;0;0;0;0;0;0;0;0;0
FR;5;2021-06-10;0;0;0;0;0;0;0;0;0;0
FR;5;2021-06-11;0;0;0;0;0;0;0;0;0;0
FR;5;2021-06-12;0;0;0;0;0;0;0;0;0;0
FR;5;2021-06-13;0;0;0;0;0;0;0;0;0;0
FR;5;2021-06-14;0;0;0;0;0;0;0;0;0;0
FR;5;2021-06-15;0;0;0;0;0;0;0;0;0;0
FR;5;2021-06-16;0;0;0;0;0;0;0;0;0;0
FR;5;2021-06-17;0;0;0;0;0;0;0;0;0;0
FR;5;2021-06-18;0;0;0;0;0;0;0;0;0;0
FR;5;2021-06-19;0;0;0;0;0;0;0;0;0;0
FR;5;2021-06-20;0;0;0;0;0;0;0;0;0;0
FR;5;2021-06-21;0;0;0;0;0;0;0;0;0;0
FR;5;2021-06-22;0;0;0;0;0;0;0;0;0;0
FR;5;2021-06-23;0;0;0;0;0;0;0;0;0;0
FR;5;2021-06-24;0;0;0;0;0;0;0;0;0;0
FR;5;2021-06-25;0;0;0;0;0;0;0;0;0;0
FR;5;2021-06-26;0;0;0;0;0;0;0;0;0;0
FR;5;2021-06-27;0;0;0;0;0;0;0;0;0;0
FR;5;2021-06-28;0;0;0;0;0;0;0;0;0;0
FR;5;2021-06-29;0;0;0;0;0;0;0;0;0;0
FR;5;2021-06-30;0;0;0;0;0;0;0;0;0;0
FR;5;2021-07-01;0;0;0;0;0;0;0;0;0;0
FR;5;2021-07-02;0;0;0;0;0;0;0;0;0;0
FR;5;2021-07-03;0;0;0;0;0;0;0;0;0;0
FR;5;2021-07-04;0;0;0;0;0;0;0;0;0;0
FR;5;2021-07-05;0;0;0;0;0;0;0;0;0;0
FR;5;2021-07-06;0;0;0;0;0;0;0;0;0;0
FR;5;2021-07-07;0;0;0;0;0;0;0;0;0;0
FR;5;2021-07-08;0;0;0;0;0;0;0;0;0;0
FR;5;2021-07-09;0;0;0;0;0;0;0;0;0;0
FR;5;2021-07-10;0;0;0;0;0;0;0;0;0;0
FR;5;2021-07-11;0;0;0;0;0;0;0;0;0;0
FR;5;2021-07-12;0;0;0;0;0;0;0;0;0;0
FR;5;2021-07-13;0;0;0;0;0;0;0;0;0;0
FR;5;2021-07-14;0;0;0;0;0;0;0;0;0;0
FR;5;2021-07-15;0;0;0;0;0;0;0;0;0;0
FR;5;2021-07-16;0;0;0;0;0;0;0;0;0;0
FR;5;2021-07-17;0;0;0;0;0;0;0;0;0;0
FR;5;2021-07-18;0;0;0;0;0;0;0;0;0;0
FR;5;2021-07-19;0;0;0;0;0;0;0;0;0;0
FR;5;2021-07-20;0;0;0;0;0;0;0;0;0;0
FR;5;2021-07-21;0;0;0;0;0;0;0;0;0;0
FR;5;2021-07-22;0;0;0;0;0;0;0;0;0;0
FR;5;2021-07-23;0;0;0;0;0;0;0;0;0;0
FR;5;2021-07-24;0;0;0;0;0;0;0;0;0;0
FR;5;2021-07-25;0;0;0;0;0;0;0;0;0;0
FR;5;2021-07-26;0;0;0;0;0;0;0;0;0;0
FR;5;2021-07-27;0;0;0;0;0;0;0;0;0;0
FR;5;2021-07-28;0;0;0;0;0;0;0;0;0;0
FR;5;2021-07-29;0;0;0;0;0;0;0;0;0;0
FR;5;2021-07-30;0;0;0;0;0;0;0;0;0;0
FR;5;2021-07-31;0;0;0;0;0;0;0;0;0;0
FR;5;2021-08-01;0;0;0;0;0;0;0;0;0;0
FR;5;2021-08-02;0;0;0;0;0;0;0;0;0;0
FR;5;2021-08-03;0;0;0;0;0;0;0;0;0;0
FR;5;2021-08-04;0;0;0;0;0;0;0;0;0;0
FR;5;2021-08-05;0;0;0;0;0;0;0;0;0;0
FR;5;2021-08-06;0;0;0;0;0;0;0;0;0;0
FR;5;2021-08-07;0;0;0;0;0;0;0;0;0;0
FR;5;2021-08-08;0;0;0;0;0;0;0;0;0;0
FR;5;2021-08-09;0;0;0;0;0;0;0;0;0;0
FR;5;2021-08-10;0;0;0;0;0;0;0;0;0;0
FR;5;2021-08-11;0;0;0;0;0;0;0;0;0;0
FR;5;2021-08-12;0;0;0;0;0;0;0;0;0;0
FR;5;2021-08-13;0;0;0;0;0;0;0;0;0;0
FR;5;2021-08-14;0;0;0;0;0;0;0;0;0;0
FR;5;2021-08-15;0;0;0;0;0;0;0;0;0;0
FR;5;2021-08-16;0;0;0;0;0;0;0;0;0;0
FR;5;2021-08-17;0;0;0;0;0;0;0;0;0;0
FR;5;2021-08-18;0;0;0;0;0;0;0;0;0;0
FR;5;2021-08-19;0;0;0;0;0;0;0;0;0;0
FR;5;2021-08-20;0;0;0;0;0;0;0;0;0;0
FR;5;2021-08-21;0;0;0;0;0;0;0;0;0;0
FR;5;2021-08-22;0;0;0;0;0;0;0;0;0;0
FR;5;2021-08-23;0;0;0;0;0;0;0;0;0;0
FR;5;2021-08-24;0;0;0;0;0;0;0;0;0;0
FR;5;2021-08-25;0;0;0;0;0;0;0;0;0;0
FR;5;2021-08-26;0;0;0;0;0;0;0;0;0;0
FR;5;2021-08-27;0;0;0;0;0;0;0;0;0;0
FR;5;2021-08-28;0;0;0;0;0;0;0;0;0;0
FR;5;2021-08-29;0;0;0;0;0;0;0;0;0;0
FR;5;2021-08-30;0;0;0;0;0;0;0;0;0;0
FR;5;2021-08-31;0;0;0;0;0;0;0;0;0;0
FR;5;2021-09-01;0;0;0;0;0;0;0;0;0;0
FR;5;2021-09-02;0;0;0;0;0;0;0;0;0;0
FR;5;2021-09-03;0;0;0;0;0;0;0;0;0;0
FR;5;2021-09-04;0;0;0;0;0;0;0;0;0;0
FR;5;2021-09-05;0;0;0;0;0;0;0;0;0;0
FR;5;2021-09-06;0;0;0;0;0;0;0;0;0;0
FR;5;2021-09-07;0;0;0;0;0;0;0;0;0;0
FR;5;2021-09-08;0;0;0;0;0;0;0;0;0;0
FR;5;2021-09-09;0;0;0;0;0;0;0;0;0;0
FR;5;2021-09-10;0;0;0;0;0;0;0;0;0;0
FR;5;2021-09-11;0;0;0;0;0;0;0;0;0;0
FR;5;2021-09-12;0;0;0;0;0;0;0;0;0;0
FR;5;2021-09-13;0;0;0;0;0;0;0;0;0;0
FR;5;2021-09-14;0;0;0;0;0;0;0;0;0;0
FR;5;2021-09-15;0;0;0;0;0;0;0;0;0;0
FR;5;2021-09-16;0;0;0;0;0;0;0;0;0;0
FR;5;2021-09-17;0;0;0;0;0;0;0;0;0;0
FR;5;2021-09-18;0;0;0;0;0;0;0;0;0;0
FR;5;2021-09-19;0;0;0;0;0;0;0;0;0;0
FR;5;2021-09-20;0;0;0;0;0;0;0;0;0;0
FR;5;2021-09-21;0;0;0;0;0;0;0;0;0;0
FR;5;2021-09-22;0;0;0;0;0;0;0;0;0;0
FR;5;2021-09-23;0;0;0;0;0;0;0;0;0;0
FR;5;2021-09-24;0;0;0;0;0;0;0;0;0;0
FR;5;2021-09-25;0;0;0;0;0;0;0;0;0;0
FR;5;2021-09-26;0;0;0;0;0;0;0;0;0;0
FR;5;2021-09-27;0;0;0;0;0;0;0;0;0;0
FR;5;2021-09-28;0;0;0;0;0;0;0;0;0;0
FR;5;2021-09-29;0;0;0;0;0;0;0;0;0;0
FR;5;2021-09-30;0;0;0;0;0;0;0;0;0;0
FR;5;2021-10-01;0;0;0;0;0;0;0;0;0;0
FR;5;2021-10-02;0;0;0;0;0;0;0;0;0;0
FR;5;2021-10-03;0;0;0;0;0;0;0;0;0;0
FR;5;2021-10-04;0;0;0;0;0;0;0;0;0;0
FR;5;2021-10-05;0;0;0;0;0;0;0;0;0;0
FR;5;2021-10-06;0;0;0;0;0;0;0;0;0;0
FR;5;2021-10-07;0;0;0;0;0;0;0;0;0;0
FR;5;2021-10-08;0;0;0;0;0;0;0;0;0;0
FR;5;2021-10-09;0;0;0;0;0;0;0;0;0;0
FR;5;2021-10-10;0;0;0;0;0;0;0;0;0;0
FR;5;2021-10-11;0;0;0;0;0;0;0;0;0;0
FR;5;2021-10-12;0;0;0;0;0;0;0;0;0;0
FR;5;2021-10-13;0;0;0;0;0;0;0;0;0;0
FR;5;2021-10-14;0;0;0;0;0;0;0;0;0;0
FR;5;2021-10-15;0;0;0;0;0;0;0;0;0;0
FR;5;2021-10-16;0;0;0;0;0;0;0;0;0;0
FR;5;2021-10-17;0;0;0;0;0;0;0;0;0;0
FR;5;2021-10-18;0;0;0;0;0;0;0;0;0;0
FR;5;2021-10-19;0;0;0;0;0;0;0;0;0;0
FR;5;2021-10-20;0;0;0;0;0;0;0;0;0;0
FR;5;2021-10-21;0;0;0;0;0;0;0;0;0;0
FR;5;2021-10-22;0;0;0;0;0;0;0;0;0;0
FR;5;2021-10-23;0;0;0;0;0;0;0;0;0;0
FR;5;2021-10-24;0;0;0;0;0;0;0;0;0;0
FR;5;2021-10-25;0;0;0;0;0;0;0;0;0;0
FR;5;2021-10-26;0;0;0;0;0;0;0;0;0;0
FR;5;2021-10-27;0;0;0;0;0;0;0;0;0;0
FR;5;2021-10-28;0;0;0;0;0;0;0;0;0;0
FR;5;2021-10-29;0;0;0;0;0;0;0;0;0;0
FR;5;2021-10-30;0;0;0;0;0;0;0;0;0;0
FR;5;2021-10-31;0;0;0;0;0;0;0;0;0;0
FR;5;2021-11-01;0;0;0;0;0;0;0;0;0;0
FR;5;2021-11-02;0;0;0;0;0;0;0;0;0;0
FR;5;2021-11-03;0;0;0;0;0;0;0;0;0;0
FR;5;2021-11-04;0;0;0;0;0;0;0;0;0;0
FR;5;2021-11-05;0;0;0;0;0;0;0;0;0;0
FR;5;2021-11-06;0;0;0;0;0;0;0;0;0;0
FR;5;2021-11-07;0;0;0;0;0;0;0;0;0;0
FR;5;2021-11-08;0;0;0;0;0;0;0;0;0;0
FR;5;2021-11-09;0;0;0;0;0;0;0;0;0;0
FR;5;2021-11-10;0;0;0;0;0;0;0;0;0;0
FR;5;2021-11-11;0;0;0;0;0;0;0;0;0;0
FR;5;2021-11-12;0;0;0;0;0;0;0;0;0;0
FR;5;2021-11-13;0;0;0;0;0;0;0;0;0;0
FR;5;2021-11-14;0;0;0;0;0;0;0;0;0;0
FR;5;2021-11-15;0;0;0;0;0;0;0;0;0;0
FR;5;2021-11-16;0;0;0;0;0;0;0;0;0;0
FR;5;2021-11-17;0;0;0;0;0;0;0;0;0;0
FR;5;2021-11-18;0;0;0;0;0;0;0;0;0;0
FR;5;2021-11-19;0;0;0;0;0;0;0;0;0;0
FR;5;2021-11-20;0;0;0;0;0;0;0;0;0;0
FR;5;2021-11-21;0;0;0;0;0;0;0;0;0;0
FR;5;2021-11-22;0;0;0;0;0;0;0;0;0;0
FR;5;2021-11-23;0;0;0;0;0;0;0;0;0;0
FR;5;2021-11-24;0;0;0;0;0;0;0;0;0;0
FR;5;2021-11-25;0;0;0;0;0;0;0;0;0;0
FR;5;2021-11-26;0;0;0;0;0;0;0;0;0;0
FR;5;2021-11-27;0;0;0;0;0;0;0;0;0;0
FR;5;2021-11-28;0;0;0;0;0;0;0;0;0;0
FR;5;2021-11-29;0;0;0;0;0;0;0;0;0;0
FR;5;2021-11-30;0;0;0;0;0;0;0;0;0;0
FR;5;2021-12-01;0;0;0;0;0;0;0;0;0;0
FR;5;2021-12-02;0;0;0;0;0;0;0;0;0;0
FR;5;2021-12-03;0;0;0;0;0;0;0;0;0;0
FR;5;2021-12-04;0;0;0;0;0;0;0;0;0;0
FR;5;2021-12-05;0;0;0;0;0;0;0;0;0;0
FR;5;2021-12-06;0;0;0;0;0;0;0;0;0;0
FR;5;2021-12-07;0;0;0;0;0;0;0;0;0;0
FR;5;2021-12-08;0;0;0;0;0;0;0;0;0;0
FR;5;2021-12-09;0;0;0;0;0;0;0;0;0;0
FR;5;2021-12-10;0;0;0;0;0;0;0;0;0;0
FR;5;2021-12-11;0;0;0;0;0;0;0;0;0;0
FR;5;2021-12-12;0;0;0;0;0;0;0;0;0;0
FR;5;2021-12-13;0;0;0;0;0;0;0;0;0;0
FR;5;2021-12-14;29;45;77;0;88;29;45;77;0;88
FR;5;2021-12-15;196;44;37;0;49;225;89;114;0;137
FR;5;2021-12-16;181;21;44;0;48;406;110;158;0;185
FR;5;2021-12-17;311;16;72;0;74;717;126;230;0;259
FR;5;2021-12-18;765;24;22;0;29;1482;150;252;0;288
FR;5;2021-12-19;586;15;15;0;17;2068;165;267;0;305
FR;5;2021-12-20;1223;31;35;0;38;3291;196;302;0;343
FR;5;2021-12-21;1536;22;54;1;60;4827;218;356;1;403
FR;5;2021-12-22;4069;40;37;0;46;8896;258;393;1;449
FR;5;2021-12-23;3042;16;21;0;25;11938;274;414;1;474
FR;5;2021-12-24;760;19;9;0;15;12698;293;423;1;489
FR;5;2021-12-25;61;5;1;0;2;12759;298;424;1;491
FR;5;2021-12-26;623;6;3;0;4;13382;304;427;1;495
FR;5;2021-12-27;4080;25;21;0;23;17462;329;448;1;518
FR;5;2021-12-28;5204;23;41;1;43;22666;352;489;2;561
FR;5;2021-12-29;8106;34;66;2;69;30772;386;555;4;630
FR;5;2021-12-30;5173;18;33;0;39;35945;404;588;4;669
FR;5;2021-12-31;1553;8;10;0;11;37498;412;598;4;680
FR;5;2022-01-01;185;2;2;0;3;37683;414;600;4;683
FR;5;2022-01-02;1489;1;1;0;1;39172;415;601;4;684
FR;5;2022-01-03;3061;36;33;0;32;42233;451;634;4;716
FR;5;2022-01-04;3034;39;33;0;42;45267;490;667;4;758
FR;5;2022-01-05;19323;203;97;1;108;64590;693;764;5;866
FR;5;2022-01-06;3746;133;122;0;142;68336;826;886;5;1008
FR;5;2022-01-07;5007;200;48;2;56;73343;1026;934;7;1064
FR;5;2022-01-08;13658;514;45;0;52;87001;1540;979;7;1116
FR;5;2022-01-09;5754;399;15;0;20;92755;1939;994;7;1136
FR;5;2022-01-10;3455;326;25;0;29;96210;2265;1019;7;1165
FR;5;2022-01-11;3672;284;38;0;41;99882;2549;1057;7;1206
FR;5;2022-01-12;22652;3005;90;0;113;122534;5554;1147;7;1319
FR;5;2022-01-13;4036;622;30;0;32;126570;6176;1177;7;1351
FR;5;2022-01-14;4843;581;44;0;51;131413;6757;1221;7;1402
FR;5;2022-01-15;14683;1746;38;3;49;146096;8503;1259;10;1451
FR;5;2022-01-16;4727;666;3;0;5;150823;9169;1262;10;1456
FR;5;2022-01-17;2298;715;26;0;29;153121;9884;1288;10;1485
FR;5;2022-01-18;2430;870;30;0;40;155551;10754;1318;10;1525
FR;5;2022-01-19;18482;6422;74;2;142;174033;17176;1392;12;1667
FR;5;2022-01-20;1920;1067;25;0;34;175953;18243;1417;12;1701
FR;5;2022-01-21;3076;1371;47;1;59;179029;19614;1464;13;1760
FR;5;2022-01-22;10721;3454;33;1;43;189750;23068;1497;14;1803
FR;5;2022-01-23;2629;1415;5;0;9;192379;24483;1502;14;1812
FR;5;2022-01-24;1159;1340;19;0;23;193538;25823;1521;14;1835
FR;5;2022-01-25;1220;1548;19;2;29;194758;27371;1540;16;1864
FR;5;2022-01-26;10752;12027;50;1;89;205510;39398;1590;17;1953
FR;5;2022-01-27;1292;1693;10;0;17;206802;41091;1600;17;1970
FR;5;2022-01-28;1699;3347;16;0;19;208501;44438;1616;17;1989
FR;5;2022-01-29;6236;8040;68;0;96;214737;52478;1684;17;2085
FR;5;2022-01-30;1509;2950;5;0;18;216246;55428;1689;17;2103
FR;5;2022-01-31;589;1773;23;0;24;216835;57201;1712;17;2127
FR;5;2022-02-01;712;1706;10;0;15;217547;58907;1722;17;2142
FR;5;2022-02-02;6957;15655;52;0;94;224504;74562;1774;17;2236
FR;5;2022-02-03;491;1690;14;0;13;224995;76252;1788;17;2249
FR;5;2022-02-04;943;3001;19;0;31;225938;79253;1807;17;2280
FR;5;2022-02-05;3534;8916;23;0;37;229472;88169;1830;17;2317
FR;5;2022-02-06;737;2397;10;0;19;230209;90566;1840;17;2336
FR;5;2022-02-07;883;1596;22;0;24;231092;92162;1862;17;2360
FR;5;2022-02-08;722;1287;18;0;20;231814;93449;1880;17;2380
FR;5;2022-02-09;4541;12877;44;0;76;236355;106326;1924;17;2456
FR;5;2022-02-10;646;1059;14;0;15;237001;107385;1938;17;2471
FR;5;2022-02-11;793;2031;16;0;21;237794;109416;1954;17;2492
FR;5;2022-02-12;2286;6811;33;0;53;240080;116227;1987;17;2545
FR;5;2022-02-13;465;1540;8;0;8;240545;117767;1995;17;2553
FR;5;2022-02-14;678;1288;10;0;13;241223;119055;2005;17;2566
FR;5;2022-02-15;482;886;9;0;14;241705;119941;2014;17;2580
FR;5;2022-02-16;2980;9123;41;1;58;244685;129064;2055;18;2638
FR;5;2022-02-17;436;809;6;0;7;245121;129873;2061;18;2645
FR;5;2022-02-18;649;1407;13;0;17;245770;131280;2074;18;2662
FR;5;2022-02-19;1372;4315;16;0;28;247142;135595;2090;18;2690
FR;5;2022-02-20;247;879;6;0;8;247389;136474;2096;18;2698
FR;5;2022-02-21;221;607;2;0;4;247610;137081;2098;18;2702
FR;5;2022-02-22;262;545;17;0;17;247872;137626;2115;18;2719
FR;5;2022-02-23;1909;6926;22;1;42;249781;144552;2137;19;2761
FR;5;2022-02-24;182;374;6;1;7;249963;144926;2143;20;2768
FR;5;2022-02-25;336;949;13;0;12;250299;145875;2156;20;2780
FR;5;2022-02-26;972;3069;10;0;14;251271;148944;2166;20;2794
FR;5;2022-02-27;149;506;0;0;3;251420;149450;2166;20;2797
FR;5;2022-02-28;162;369;1;0;1;251582;149819;2167;20;2798
FR;5;2022-03-01;130;280;6;0;7;251712;150099;2173;20;2805
FR;5;2022-03-02;1240;4156;28;3;40;252952;154255;2201;23;2845
FR;5;2022-03-03;121;251;5;0;10;253073;154506;2206;23;2855
FR;5;2022-03-04;194;488;13;0;14;253267;154994;2219;23;2869
FR;5;2022-03-05;677;1990;8;0;16;253944;156984;2227;23;2885
FR;5;2022-03-06;108;260;0;0;0;254052;157244;2227;23;2885
FR;5;2022-03-07;71;228;5;0;3;254123;157472;2232;23;2888
FR;5;2022-03-08;46;130;7;1;7;254169;157602;2239;24;2895
FR;5;2022-03-09;909;3078;24;0;36;255078;160680;2263;24;2931
FR;5;2022-03-10;82;201;8;0;12;255160;160881;2271;24;2943
FR;5;2022-03-11;148;369;13;1;15;255308;161250;2284;25;2958
FR;5;2022-03-12;758;1613;13;1;30;256066;162863;2297;26;2988
FR;5;2022-03-13;78;100;0;0;0;256144;162963;2297;26;2988
FR;5;2022-03-14;67;119;7;1;7;256211;163082;2304;27;2995
FR;5;2022-03-15;83;99;4;0;7;256294;163181;2308;27;3002
FR;5;2022-03-16;883;1827;15;3;36;257177;165008;2323;30;3038
FR;5;2022-03-17;66;123;8;4;10;257243;165131;2331;34;3048
FR;5;2022-03-18;172;318;13;4;18;257415;165449;2344;38;3066
FR;5;2022-03-19;751;1162;12;5;33;258166;166611;2356;43;3099
FR;5;2022-03-20;45;93;1;0;1;258211;166704;2357;43;3100
FR;5;2022-03-21;71;120;10;6;15;258282;166824;2367;49;3115
FR;5;2022-03-22;56;119;8;8;9;258338;166943;2375;57;3124
FR;5;2022-03-23;804;1461;14;8;36;259142;168404;2389;65;3160
FR;5;2022-03-24;70;93;8;7;7;259212;168497;2397;72;3167
FR;5;2022-03-25;222;291;14;8;18;259434;168788;2411;80;3185
FR;5;2022-03-26;707;853;12;5;26;260141;169641;2423;85;3211
FR;5;2022-03-27;74;80;0;0;3;260215;169721;2423;85;3214
FR;5;2022-03-28;81;91;1;2;3;260296;169812;2424;87;3217
FR;5;2022-03-29;71;82;10;4;12;260367;169894;2434;91;3229
FR;5;2022-03-30;823;1116;16;13;29;261190;171010;2450;104;3258
FR;5;2022-03-31;102;125;1;4;6;261292;171135;2451;108;3264
FR;5;2022-04-01;110;86;7;12;11;261402;171221;2458;120;3275
FR;5;2022-04-02;330;349;3;3;15;261732;171570;2461;123;3290
FR;5;2022-04-03;54;59;1;0;1;261786;171629;2462;123;3291
FR;5;2022-04-04;40;57;4;1;8;261826;171686;2466;124;3299
FR;5;2022-04-05;51;60;6;7;9;261877;171746;2472;131;3308
FR;5;2022-04-06;421;439;7;15;16;262298;172185;2479;146;3324
FR;5;2022-04-07;45;68;5;7;7;262343;172253;2484;153;3331
FR;5;2022-04-08;133;112;12;14;15;262476;172365;2496;167;3346
FR;5;2022-04-09;311;323;2;5;17;262787;172688;2498;172;3363
FR;5;2022-04-10;43;31;2;0;2;262830;172719;2500;172;3365
FR;5;2022-04-11;50;60;3;2;4;262880;172779;2503;174;3369
FR;5;2022-04-12;59;54;3;3;5;262939;172833;2506;177;3374
FR;5;2022-04-13;382;413;3;8;16;263321;173246;2509;185;3390
FR;5;2022-04-14;48;48;5;5;9;263369;173294;2514;190;3399
FR;5;2022-04-15;91;109;4;5;5;263460;173403;2518;195;3404
FR;5;2022-04-16;188;184;2;1;13;263648;173587;2520;196;3417
FR;5;2022-04-17;12;10;1;0;1;263660;173597;2521;196;3418
FR;5;2022-04-18;8;9;2;0;2;263668;173606;2523;196;3420
FR;5;2022-04-19;73;71;6;1;6;263741;173677;2529;197;3426
FR;5;2022-04-20;361;349;9;6;12;264102;174026;2538;203;3438
FR;5;2022-04-21;42;64;9;10;12;264144;174090;2547;213;3450
FR;5;2022-04-22;113;96;5;4;5;264257;174186;2552;217;3455
FR;5;2022-04-23;209;193;3;2;10;264466;174379;2555;219;3465
FR;5;2022-04-24;37;35;0;0;3;264503;174414;2555;219;3468
FR;5;2022-04-25;69;65;1;1;4;264572;174479;2556;220;3472
FR;5;2022-04-26;60;62;2;1;5;264632;174541;2558;221;3477
FR;5;2022-04-27;335;316;2;7;14;264967;174857;2560;228;3491
FR;5;2022-04-28;80;54;4;5;8;265047;174911;2564;233;3499
FR;5;2022-04-29;117;84;5;18;12;265164;174995;2569;251;3511
FR;5;2022-04-30;183;114;2;3;10;265347;175109;2571;254;3521
FR;5;2022-05-01;11;7;0;0;0;265358;175116;2571;254;3521
FR;5;2022-05-02;51;29;4;5;2;265409;175145;2575;259;3523
FR;5;2022-05-03;84;57;2;5;11;265493;175202;2577;264;3534
FR;5;2022-05-04;278;204;1;2;7;265771;175406;2578;266;3541
FR;5;2022-05-05;62;32;3;4;5;265833;175438;2581;270;3546
FR;5;2022-05-06;105;64;2;3;5;265938;175502;2583;273;3551
FR;5;2022-05-07;171;117;3;10;13;266109;175619;2586;283;3564
FR;5;2022-05-08;8;8;0;0;2;266117;175627;2586;283;3566
FR;5;2022-05-09;44;34;15;3;16;266161;175661;2601;286;3582
FR;5;2022-05-10;54;49;3;4;5;266215;175710;2604;290;3587
FR;5;2022-05-11;327;237;12;7;21;266542;175947;2616;297;3608
FR;5;2022-05-12;46;34;1;3;2;266588;175981;2617;300;3610
FR;5;2022-05-13;109;83;3;8;9;266697;176064;2620;308;3619
FR;5;2022-05-14;209;131;0;1;8;266906;176195;2620;309;3627
FR;5;2022-05-15;22;9;2;0;1;266928;176204;2622;309;3628
FR;5;2022-05-16;52;34;4;5;4;266980;176238;2626;314;3632
FR;5;2022-05-17;72;40;5;0;2;267052;176278;2631;314;3634
FR;5;2022-05-18;289;214;4;4;8;267341;176492;2635;318;3642
FR;5;2022-05-19;44;35;5;3;3;267385;176527;2640;321;3645
FR;5;2022-05-20;76;63;3;10;1;267461;176590;2643;331;3646
FR;5;2022-05-21;242;166;2;3;17;267703;176756;2645;334;3663
FR;5;2022-05-22;20;14;2;5;2;267723;176770;2647;339;3665
FR;5;2022-05-23;42;28;4;3;6;267765;176798;2651;342;3671
FR;5;2022-05-24;47;45;3;2;5;267812;176843;2654;344;3676
FR;5;2022-05-25;329;256;4;1;16;268141;177099;2658;345;3692
FR;5;2022-05-26;17;5;0;1;2;268158;177104;2658;346;3694
FR;5;2022-05-27;98;54;4;4;9;268256;177158;2662;350;3703
FR;5;2022-05-28;99;77;5;3;10;268355;177235;2667;353;3713
FR;5;2022-05-29;14;14;1;0;2;268369;177249;2668;353;3715
FR;5;2022-05-30;56;41;2;1;2;268425;177290;2670;354;3717
FR;5;2022-05-31;57;43;1;8;1;268482;177333;2671;362;3718
FR;5;2022-06-01;254;241;9;2;25;268736;177574;2680;364;3743
FR;5;2022-06-02;62;61;5;0;9;268798;177635;2685;364;3752
FR;5;2022-06-03;81;71;4;5;10;268879;177706;2689;369;3762
FR;5;2022-06-04;156;109;2;1;9;269035;177815;2691;370;3771
FR;5;2022-06-05;17;11;0;0;1;269052;177826;2691;370;3772
FR;5;2022-06-06;15;9;0;0;0;269067;177835;2691;370;3772
FR;5;2022-06-07;49;56;1;1;2;269116;177891;2692;371;3774
FR;5;2022-06-08;282;224;3;4;17;269398;178115;2695;375;3791
FR;5;2022-06-09;52;41;6;3;7;269450;178156;2701;378;3798
FR;5;2022-06-10;80;72;1;1;6;269530;178228;2702;379;3804
FR;5;2022-06-11;169;141;3;3;10;269699;178369;2705;382;3814
FR;5;2022-06-12;17;16;0;0;2;269716;178385;2705;382;3816
FR;5;2022-06-13;56;46;9;3;9;269772;178431;2714;385;3825
FR;5;2022-06-14;57;56;1;3;6;269829;178487;2715;388;3831
FR;5;2022-06-15;265;260;5;2;27;270094;178747;2720;390;3858
FR;5;2022-06-16;46;28;4;2;3;270140;178775;2724;392;3861
FR;5;2022-06-17;97;66;4;5;9;270237;178841;2728;397;3870
FR;5;2022-06-18;138;95;10;2;26;270375;178936;2738;399;3896
FR;5;2022-06-19;26;15;0;1;4;270401;178951;2738;400;3900
FR;5;2022-06-20;53;49;7;0;10;270454;179000;2745;400;3910
FR;5;2022-06-21;48;73;5;3;7;270502;179073;2750;403;3917
FR;5;2022-06-22;221;246;7;8;33;270723;179319;2757;411;3950
FR;5;2022-06-23;46;35;2;5;6;270769;179354;2759;416;3956
FR;5;2022-06-24;88;70;14;4;16;270857;179424;2773;420;3972
FR;5;2022-06-25;152;124;3;7;14;271009;179548;2776;427;3986
FR;5;2022-06-26;26;19;2;0;5;271035;179567;2778;427;3991
FR;5;2022-06-27;53;58;5;7;11;271088;179625;2783;434;4002
FR;5;2022-06-28;70;49;8;2;14;271158;179674;2791;436;4016
FR;5;2022-06-29;294;266;9;20;34;271452;179940;2800;456;4050
FR;5;2022-06-30;86;56;9;12;16;271538;179996;2809;468;4066
FR;5;2022-07-01;120;62;7;11;10;271658;180058;2816;479;4076
FR;5;2022-07-02;189;126;4;0;22;271847;180184;2820;479;4098
FR;5;2022-07-03;31;22;1;0;4;271878;180206;2821;479;4102
FR;5;2022-07-04;99;63;2;5;6;271977;180269;2823;484;4108
FR;5;2022-07-05;103;70;3;8;13;272080;180339;2826;492;4121
FR;5;2022-07-06;274;168;9;36;27;272354;180507;2835;528;4148
FR;5;2022-07-07;85;68;5;9;13;272439;180575;2840;537;4161
FR;5;2022-07-08;147;114;7;13;25;272586;180689;2847;550;4186
FR;5;2022-07-09;112;66;2;10;11;272698;180755;2849;560;4197
FR;5;2022-07-10;15;6;0;0;1;272713;180761;2849;560;4198
FR;6;2020-12-27;0;0;0;0;0;0;0;0;0;0
FR;6;2020-12-28;0;0;0;0;0;0;0;0;0;0
FR;6;2020-12-29;0;0;0;0;0;0;0;0;0;0
FR;6;2020-12-30;0;0;0;0;0;0;0;0;0;0
FR;6;2020-12-31;0;0;0;0;0;0;0;0;0;0
FR;6;2021-01-01;0;0;0;0;0;0;0;0;0;0
FR;6;2021-01-02;0;0;0;0;0;0;0;0;0;0
FR;6;2021-01-03;0;0;0;0;0;0;0;0;0;0
FR;6;2021-01-04;0;0;0;0;0;0;0;0;0;0
FR;6;2021-01-05;0;0;0;0;0;0;0;0;0;0
FR;6;2021-01-06;0;0;0;0;0;0;0;0;0;0
FR;6;2021-01-07;0;0;0;0;0;0;0;0;0;0
FR;6;2021-01-08;0;0;0;0;0;0;0;0;0;0
FR;6;2021-01-09;0;0;0;0;0;0;0;0;0;0
FR;6;2021-01-10;0;0;0;0;0;0;0;0;0;0
FR;6;2021-01-11;0;0;0;0;0;0;0;0;0;0
FR;6;2021-01-12;0;0;0;0;0;0;0;0;0;0
FR;6;2021-01-13;0;0;0;0;0;0;0;0;0;0
FR;6;2021-01-14;0;0;0;0;0;0;0;0;0;0
FR;6;2021-01-15;0;0;0;0;0;0;0;0;0;0
FR;6;2021-01-16;0;0;0;0;0;0;0;0;0;0
FR;6;2021-01-17;0;0;0;0;0;0;0;0;0;0
FR;6;2021-01-18;0;0;0;0;0;0;0;0;0;0
FR;6;2021-01-19;0;0;0;0;0;0;0;0;0;0
FR;6;2021-01-20;0;0;0;0;0;0;0;0;0;0
FR;6;2021-01-21;0;0;0;0;0;0;0;0;0;0
FR;6;2021-01-22;0;0;0;0;0;0;0;0;0;0
FR;6;2021-01-23;0;0;0;0;0;0;0;0;0;0
FR;6;2021-01-24;0;0;0;0;0;0;0;0;0;0
FR;6;2021-01-25;0;0;0;0;0;0;0;0;0;0
FR;6;2021-01-26;0;0;0;0;0;0;0;0;0;0
FR;6;2021-01-27;0;0;0;0;0;0;0;0;0;0
FR;6;2021-01-28;0;0;0;0;0;0;0;0;0;0
FR;6;2021-01-29;0;0;0;0;0;0;0;0;0;0
FR;6;2021-01-30;0;0;0;0;0;0;0;0;0;0
FR;6;2021-01-31;0;0;0;0;0;0;0;0;0;0
FR;6;2021-02-01;0;0;0;0;0;0;0;0;0;0
FR;6;2021-02-02;0;0;0;0;0;0;0;0;0;0
FR;6;2021-02-03;0;0;0;0;0;0;0;0;0;0
FR;6;2021-02-04;0;0;0;0;0;0;0;0;0;0
FR;6;2021-02-05;0;0;0;0;0;0;0;0;0;0
FR;6;2021-02-06;0;0;0;0;0;0;0;0;0;0
FR;6;2021-02-07;0;0;0;0;0;0;0;0;0;0
FR;6;2021-02-08;0;0;0;0;0;0;0;0;0;0
FR;6;2021-02-09;0;0;0;0;0;0;0;0;0;0
FR;6;2021-02-10;0;0;0;0;0;0;0;0;0;0
FR;6;2021-02-11;0;0;0;0;0;0;0;0;0;0
FR;6;2021-02-12;0;0;0;0;0;0;0;0;0;0
FR;6;2021-02-13;0;0;0;0;0;0;0;0;0;0
FR;6;2021-02-14;0;0;0;0;0;0;0;0;0;0
FR;6;2021-02-15;0;0;0;0;0;0;0;0;0;0
FR;6;2021-02-16;0;0;0;0;0;0;0;0;0;0
FR;6;2021-02-17;0;0;0;0;0;0;0;0;0;0
FR;6;2021-02-18;0;0;0;0;0;0;0;0;0;0
FR;6;2021-02-19;0;0;0;0;0;0;0;0;0;0
FR;6;2021-02-20;0;0;0;0;0;0;0;0;0;0
FR;6;2021-02-21;0;0;0;0;0;0;0;0;0;0
FR;6;2021-02-22;0;0;0;0;0;0;0;0;0;0
FR;6;2021-02-23;0;0;0;0;0;0;0;0;0;0
FR;6;2021-02-24;0;0;0;0;0;0;0;0;0;0
FR;6;2021-02-25;0;0;0;0;0;0;0;0;0;0
FR;6;2021-02-26;0;0;0;0;0;0;0;0;0;0
FR;6;2021-02-27;0;0;0;0;0;0;0;0;0;0
FR;6;2021-02-28;0;0;0;0;0;0;0;0;0;0
FR;6;2021-03-01;0;0;0;0;0;0;0;0;0;0
FR;6;2021-03-02;0;0;0;0;0;0;0;0;0;0
FR;6;2021-03-03;0;0;0;0;0;0;0;0;0;0
FR;6;2021-03-04;0;0;0;0;0;0;0;0;0;0
FR;6;2021-03-05;0;0;0;0;0;0;0;0;0;0
FR;6;2021-03-06;0;0;0;0;0;0;0;0;0;0
FR;6;2021-03-07;0;0;0;0;0;0;0;0;0;0
FR;6;2021-03-08;0;0;0;0;0;0;0;0;0;0
FR;6;2021-03-09;0;0;0;0;0;0;0;0;0;0
FR;6;2021-03-10;0;0;0;0;0;0;0;0;0;0
FR;6;2021-03-11;0;0;0;0;0;0;0;0;0;0
FR;6;2021-03-12;0;0;0;0;0;0;0;0;0;0
FR;6;2021-03-13;0;0;0;0;0;0;0;0;0;0
FR;6;2021-03-14;0;0;0;0;0;0;0;0;0;0
FR;6;2021-03-15;0;0;0;0;0;0;0;0;0;0
FR;6;2021-03-16;0;0;0;0;0;0;0;0;0;0
FR;6;2021-03-17;0;0;0;0;0;0;0;0;0;0
FR;6;2021-03-18;0;0;0;0;0;0;0;0;0;0
FR;6;2021-03-19;0;0;0;0;0;0;0;0;0;0
FR;6;2021-03-20;0;0;0;0;0;0;0;0;0;0
FR;6;2021-03-21;0;0;0;0;0;0;0;0;0;0
FR;6;2021-03-22;0;0;0;0;0;0;0;0;0;0
FR;6;2021-03-23;0;0;0;0;0;0;0;0;0;0
FR;6;2021-03-24;0;0;0;0;0;0;0;0;0;0
FR;6;2021-03-25;0;0;0;0;0;0;0;0;0;0
FR;6;2021-03-26;0;0;0;0;0;0;0;0;0;0
FR;6;2021-03-27;0;0;0;0;0;0;0;0;0;0
FR;6;2021-03-28;0;0;0;0;0;0;0;0;0;0
FR;6;2021-03-29;0;0;0;0;0;0;0;0;0;0
FR;6;2021-03-30;0;0;0;0;0;0;0;0;0;0
FR;6;2021-03-31;0;0;0;0;0;0;0;0;0;0
FR;6;2021-04-01;0;0;0;0;0;0;0;0;0;0
FR;6;2021-04-02;0;0;0;0;0;0;0;0;0;0
FR;6;2021-04-03;0;0;0;0;0;0;0;0;0;0
FR;6;2021-04-04;0;0;0;0;0;0;0;0;0;0
FR;6;2021-04-05;0;0;0;0;0;0;0;0;0;0
FR;6;2021-04-06;0;0;0;0;0;0;0;0;0;0
FR;6;2021-04-07;0;0;0;0;0;0;0;0;0;0
FR;6;2021-04-08;0;0;0;0;0;0;0;0;0;0
FR;6;2021-04-09;0;0;0;0;0;0;0;0;0;0
FR;6;2021-04-10;0;0;0;0;0;0;0;0;0;0
FR;6;2021-04-11;0;0;0;0;0;0;0;0;0;0
FR;6;2021-04-12;0;0;0;0;0;0;0;0;0;0
FR;6;2021-04-13;0;0;0;0;0;0;0;0;0;0
FR;6;2021-04-14;0;0;0;0;0;0;0;0;0;0
FR;6;2021-04-15;0;0;0;0;0;0;0;0;0;0
FR;6;2021-04-16;0;0;0;0;0;0;0;0;0;0
FR;6;2021-04-17;0;0;0;0;0;0;0;0;0;0
FR;6;2021-04-18;0;0;0;0;0;0;0;0;0;0
FR;6;2021-04-19;0;0;0;0;0;0;0;0;0;0
FR;6;2021-04-20;0;0;0;0;0;0;0;0;0;0
FR;6;2021-04-21;0;0;0;0;0;0;0;0;0;0
FR;6;2021-04-22;0;0;0;0;0;0;0;0;0;0
FR;6;2021-04-23;0;0;0;0;0;0;0;0;0;0
FR;6;2021-04-24;0;0;0;0;0;0;0;0;0;0
FR;6;2021-04-25;0;0;0;0;0;0;0;0;0;0
FR;6;2021-04-26;0;0;0;0;0;0;0;0;0;0
FR;6;2021-04-27;0;0;0;0;0;0;0;0;0;0
FR;6;2021-04-28;0;0;0;0;0;0;0;0;0;0
FR;6;2021-04-29;0;0;0;0;0;0;0;0;0;0
FR;6;2021-04-30;0;0;0;0;0;0;0;0;0;0
FR;6;2021-05-01;0;0;0;0;0;0;0;0;0;0
FR;6;2021-05-02;0;0;0;0;0;0;0;0;0;0
FR;6;2021-05-03;0;0;0;0;0;0;0;0;0;0
FR;6;2021-05-04;0;0;0;0;0;0;0;0;0;0
FR;6;2021-05-05;0;0;0;0;0;0;0;0;0;0
FR;6;2021-05-06;0;0;0;0;0;0;0;0;0;0
FR;6;2021-05-07;0;0;0;0;0;0;0;0;0;0
FR;6;2021-05-08;0;0;0;0;0;0;0;0;0;0
FR;6;2021-05-09;0;0;0;0;0;0;0;0;0;0
FR;6;2021-05-10;0;0;0;0;0;0;0;0;0;0
FR;6;2021-05-11;0;0;0;0;0;0;0;0;0;0
FR;6;2021-05-12;0;0;0;0;0;0;0;0;0;0
FR;6;2021-05-13;0;0;0;0;0;0;0;0;0;0
FR;6;2021-05-14;0;0;0;0;0;0;0;0;0;0
FR;6;2021-05-15;0;0;0;0;0;0;0;0;0;0
FR;6;2021-05-16;0;0;0;0;0;0;0;0;0;0
FR;6;2021-05-17;0;0;0;0;0;0;0;0;0;0
FR;6;2021-05-18;0;0;0;0;0;0;0;0;0;0
FR;6;2021-05-19;0;0;0;0;0;0;0;0;0;0
FR;6;2021-05-20;0;0;0;0;0;0;0;0;0;0
FR;6;2021-05-21;0;0;0;0;0;0;0;0;0;0
FR;6;2021-05-22;0;0;0;0;0;0;0;0;0;0
FR;6;2021-05-23;0;0;0;0;0;0;0;0;0;0
FR;6;2021-05-24;0;0;0;0;0;0;0;0;0;0
FR;6;2021-05-25;0;0;0;0;0;0;0;0;0;0
FR;6;2021-05-26;0;0;0;0;0;0;0;0;0;0
FR;6;2021-05-27;0;0;0;0;0;0;0;0;0;0
FR;6;2021-05-28;0;0;0;0;0;0;0;0;0;0
FR;6;2021-05-29;0;0;0;0;0;0;0;0;0;0
FR;6;2021-05-30;0;0;0;0;0;0;0;0;0;0
FR;6;2021-05-31;0;0;0;0;0;0;0;0;0;0
FR;6;2021-06-01;0;0;0;0;0;0;0;0;0;0
FR;6;2021-06-02;0;0;0;0;0;0;0;0;0;0
FR;6;2021-06-03;0;0;0;0;0;0;0;0;0;0
FR;6;2021-06-04;0;0;0;0;0;0;0;0;0;0
FR;6;2021-06-05;0;0;0;0;0;0;0;0;0;0
FR;6;2021-06-06;0;0;0;0;0;0;0;0;0;0
FR;6;2021-06-07;0;0;0;0;0;0;0;0;0;0
FR;6;2021-06-08;0;0;0;0;0;0;0;0;0;0
FR;6;2021-06-09;0;0;0;0;0;0;0;0;0;0
FR;6;2021-06-10;0;0;0;0;0;0;0;0;0;0
FR;6;2021-06-11;0;0;0;0;0;0;0;0;0;0
FR;6;2021-06-12;0;0;0;0;0;0;0;0;0;0
FR;6;2021-06-13;0;0;0;0;0;0;0;0;0;0
FR;6;2021-06-14;0;0;0;0;0;0;0;0;0;0
FR;6;2021-06-15;0;0;0;0;0;0;0;0;0;0
FR;6;2021-06-16;0;0;0;0;0;0;0;0;0;0
FR;6;2021-06-17;0;0;0;0;0;0;0;0;0;0
FR;6;2021-06-18;0;0;0;0;0;0;0;0;0;0
FR;6;2021-06-19;0;0;0;0;0;0;0;0;0;0
FR;6;2021-06-20;0;0;0;0;0;0;0;0;0;0
FR;6;2021-06-21;0;0;0;0;0;0;0;0;0;0
FR;6;2021-06-22;0;0;0;0;0;0;0;0;0;0
FR;6;2021-06-23;0;0;0;0;0;0;0;0;0;0
FR;6;2021-06-24;0;0;0;0;0;0;0;0;0;0
FR;6;2021-06-25;0;0;0;0;0;0;0;0;0;0
FR;6;2021-06-26;0;0;0;0;0;0;0;0;0;0
FR;6;2021-06-27;0;0;0;0;0;0;0;0;0;0
FR;6;2021-06-28;0;0;0;0;0;0;0;0;0;0
FR;6;2021-06-29;0;0;0;0;0;0;0;0;0;0
FR;6;2021-06-30;0;0;0;0;0;0;0;0;0;0
FR;6;2021-07-01;0;0;0;0;0;0;0;0;0;0
FR;6;2021-07-02;0;0;0;0;0;0;0;0;0;0
FR;6;2021-07-03;0;0;0;0;0;0;0;0;0;0
FR;6;2021-07-04;0;0;0;0;0;0;0;0;0;0
FR;6;2021-07-05;0;0;0;0;0;0;0;0;0;0
FR;6;2021-07-06;0;0;0;0;0;0;0;0;0;0
FR;6;2021-07-07;0;0;0;0;0;0;0;0;0;0
FR;6;2021-07-08;0;0;0;0;0;0;0;0;0;0
FR;6;2021-07-09;0;0;0;0;0;0;0;0;0;0
FR;6;2021-07-10;0;0;0;0;0;0;0;0;0;0
FR;6;2021-07-11;0;0;0;0;0;0;0;0;0;0
FR;6;2021-07-12;0;0;0;0;0;0;0;0;0;0
FR;6;2021-07-13;0;0;0;0;0;0;0;0;0;0
FR;6;2021-07-14;0;0;0;0;0;0;0;0;0;0
FR;6;2021-07-15;0;0;0;0;0;0;0;0;0;0
FR;6;2021-07-16;0;0;0;0;0;0;0;0;0;0
FR;6;2021-07-17;0;0;0;0;0;0;0;0;0;0
FR;6;2021-07-18;0;0;0;0;0;0;0;0;0;0
FR;6;2021-07-19;0;0;0;0;0;0;0;0;0;0
FR;6;2021-07-20;0;0;0;0;0;0;0;0;0;0
FR;6;2021-07-21;0;0;0;0;0;0;0;0;0;0
FR;6;2021-07-22;0;0;0;0;0;0;0;0;0;0
FR;6;2021-07-23;0;0;0;0;0;0;0;0;0;0
FR;6;2021-07-24;0;0;0;0;0;0;0;0;0;0
FR;6;2021-07-25;0;0;0;0;0;0;0;0;0;0
FR;6;2021-07-26;0;0;0;0;0;0;0;0;0;0
FR;6;2021-07-27;0;0;0;0;0;0;0;0;0;0
FR;6;2021-07-28;0;0;0;0;0;0;0;0;0;0
FR;6;2021-07-29;0;0;0;0;0;0;0;0;0;0
FR;6;2021-07-30;0;0;0;0;0;0;0;0;0;0
FR;6;2021-07-31;0;0;0;0;0;0;0;0;0;0
FR;6;2021-08-01;0;0;0;0;0;0;0;0;0;0
FR;6;2021-08-02;0;0;0;0;0;0;0;0;0;0
FR;6;2021-08-03;0;0;0;0;0;0;0;0;0;0
FR;6;2021-08-04;0;0;0;0;0;0;0;0;0;0
FR;6;2021-08-05;0;0;0;0;0;0;0;0;0;0
FR;6;2021-08-06;0;0;0;0;0;0;0;0;0;0
FR;6;2021-08-07;0;0;0;0;0;0;0;0;0;0
FR;6;2021-08-08;0;0;0;0;0;0;0;0;0;0
FR;6;2021-08-09;0;0;0;0;0;0;0;0;0;0
FR;6;2021-08-10;0;0;0;0;0;0;0;0;0;0
FR;6;2021-08-11;0;0;0;0;0;0;0;0;0;0
FR;6;2021-08-12;0;0;0;0;0;0;0;0;0;0
FR;6;2021-08-13;0;0;0;0;0;0;0;0;0;0
FR;6;2021-08-14;0;0;0;0;0;0;0;0;0;0
FR;6;2021-08-15;0;0;0;0;0;0;0;0;0;0
FR;6;2021-08-16;0;0;0;0;0;0;0;0;0;0
FR;6;2021-08-17;0;0;0;0;0;0;0;0;0;0
FR;6;2021-08-18;0;0;0;0;0;0;0;0;0;0
FR;6;2021-08-19;0;0;0;0;0;0;0;0;0;0
FR;6;2021-08-20;0;0;0;0;0;0;0;0;0;0
FR;6;2021-08-21;0;0;0;0;0;0;0;0;0;0
FR;6;2021-08-22;0;0;0;0;0;0;0;0;0;0
FR;6;2021-08-23;0;0;0;0;0;0;0;0;0;0
FR;6;2021-08-24;0;0;0;0;0;0;0;0;0;0
FR;6;2021-08-25;0;0;0;0;0;0;0;0;0;0
FR;6;2021-08-26;0;0;0;0;0;0;0;0;0;0
FR;6;2021-08-27;0;0;0;0;0;0;0;0;0;0
FR;6;2021-08-28;0;0;0;0;0;0;0;0;0;0
FR;6;2021-08-29;0;0;0;0;0;0;0;0;0;0
FR;6;2021-08-30;0;0;0;0;0;0;0;0;0;0
FR;6;2021-08-31;0;0;0;0;0;0;0;0;0;0
FR;6;2021-09-01;0;0;0;0;0;0;0;0;0;0
FR;6;2021-09-02;0;0;0;0;0;0;0;0;0;0
FR;6;2021-09-03;0;0;0;0;0;0;0;0;0;0
FR;6;2021-09-04;0;0;0;0;0;0;0;0;0;0
FR;6;2021-09-05;0;0;0;0;0;0;0;0;0;0
FR;6;2021-09-06;0;0;0;0;0;0;0;0;0;0
FR;6;2021-09-07;0;0;0;0;0;0;0;0;0;0
FR;6;2021-09-08;0;0;0;0;0;0;0;0;0;0
FR;6;2021-09-09;0;0;0;0;0;0;0;0;0;0
FR;6;2021-09-10;0;0;0;0;0;0;0;0;0;0
FR;6;2021-09-11;0;0;0;0;0;0;0;0;0;0
FR;6;2021-09-12;0;0;0;0;0;0;0;0;0;0
FR;6;2021-09-13;0;0;0;0;0;0;0;0;0;0
FR;6;2021-09-14;0;0;0;0;0;0;0;0;0;0
FR;6;2021-09-15;0;0;0;0;0;0;0;0;0;0
FR;6;2021-09-16;0;0;0;0;0;0;0;0;0;0
FR;6;2021-09-17;0;0;0;0;0;0;0;0;0;0
FR;6;2021-09-18;0;0;0;0;0;0;0;0;0;0
FR;6;2021-09-19;0;0;0;0;0;0;0;0;0;0
FR;6;2021-09-20;0;0;0;0;0;0;0;0;0;0
FR;6;2021-09-21;0;0;0;0;0;0;0;0;0;0
FR;6;2021-09-22;0;0;0;0;0;0;0;0;0;0
FR;6;2021-09-23;0;0;0;0;0;0;0;0;0;0
FR;6;2021-09-24;0;0;0;0;0;0;0;0;0;0
FR;6;2021-09-25;0;0;0;0;0;0;0;0;0;0
FR;6;2021-09-26;0;0;0;0;0;0;0;0;0;0
FR;6;2021-09-27;0;0;0;0;0;0;0;0;0;0
FR;6;2021-09-28;0;0;0;0;0;0;0;0;0;0
FR;6;2021-09-29;0;0;0;0;0;0;0;0;0;0
FR;6;2021-09-30;0;0;0;0;0;0;0;0;0;0
FR;6;2021-10-01;0;0;0;0;0;0;0;0;0;0
FR;6;2021-10-02;0;0;0;0;0;0;0;0;0;0
FR;6;2021-10-03;0;0;0;0;0;0;0;0;0;0
FR;6;2021-10-04;0;0;0;0;0;0;0;0;0;0
FR;6;2021-10-05;0;0;0;0;0;0;0;0;0;0
FR;6;2021-10-06;0;0;0;0;0;0;0;0;0;0
FR;6;2021-10-07;0;0;0;0;0;0;0;0;0;0
FR;6;2021-10-08;0;0;0;0;0;0;0;0;0;0
FR;6;2021-10-09;0;0;0;0;0;0;0;0;0;0
FR;6;2021-10-10;0;0;0;0;0;0;0;0;0;0
FR;6;2021-10-11;0;0;0;0;0;0;0;0;0;0
FR;6;2021-10-12;0;0;0;0;0;0;0;0;0;0
FR;6;2021-10-13;0;0;0;0;0;0;0;0;0;0
FR;6;2021-10-14;0;0;0;0;0;0;0;0;0;0
FR;6;2021-10-15;0;0;0;0;0;0;0;0;0;0
FR;6;2021-10-16;0;0;0;0;0;0;0;0;0;0
FR;6;2021-10-17;0;0;0;0;0;0;0;0;0;0
FR;6;2021-10-18;0;0;0;0;0;0;0;0;0;0
FR;6;2021-10-19;0;0;0;0;0;0;0;0;0;0
FR;6;2021-10-20;0;0;0;0;0;0;0;0;0;0
FR;6;2021-10-21;0;0;0;0;0;0;0;0;0;0
FR;6;2021-10-22;0;0;0;0;0;0;0;0;0;0
FR;6;2021-10-23;0;0;0;0;0;0;0;0;0;0
FR;6;2021-10-24;0;0;0;0;0;0;0;0;0;0
FR;6;2021-10-25;0;0;0;0;0;0;0;0;0;0
FR;6;2021-10-26;0;0;0;0;0;0;0;0;0;0
FR;6;2021-10-27;0;0;0;0;0;0;0;0;0;0
FR;6;2021-10-28;0;0;0;0;0;0;0;0;0;0
FR;6;2021-10-29;0;0;0;0;0;0;0;0;0;0
FR;6;2021-10-30;0;0;0;0;0;0;0;0;0;0
FR;6;2021-10-31;0;0;0;0;0;0;0;0;0;0
FR;6;2021-11-01;0;0;0;0;0;0;0;0;0;0
FR;6;2021-11-02;0;0;0;0;0;0;0;0;0;0
FR;6;2021-11-03;0;0;0;0;0;0;0;0;0;0
FR;6;2021-11-04;0;0;0;0;0;0;0;0;0;0
FR;6;2021-11-05;0;0;0;0;0;0;0;0;0;0
FR;6;2021-11-06;0;0;0;0;0;0;0;0;0;0
FR;6;2021-11-07;0;0;0;0;0;0;0;0;0;0
FR;6;2021-11-08;0;0;0;0;0;0;0;0;0;0
FR;6;2021-11-09;0;0;0;0;0;0;0;0;0;0
FR;6;2021-11-10;0;0;0;0;0;0;0;0;0;0
FR;6;2021-11-11;0;0;0;0;0;0;0;0;0;0
FR;6;2021-11-12;0;0;0;0;0;0;0;0;0;0
FR;6;2021-11-13;0;0;0;0;0;0;0;0;0;0
FR;6;2021-11-14;0;0;0;0;0;0;0;0;0;0
FR;6;2021-11-15;0;0;0;0;0;0;0;0;0;0
FR;6;2021-11-16;0;0;0;0;0;0;0;0;0;0
FR;6;2021-11-17;0;0;0;0;0;0;0;0;0;0
FR;6;2021-11-18;0;0;0;0;0;0;0;0;0;0
FR;6;2021-11-19;0;0;0;0;0;0;0;0;0;0
FR;6;2021-11-20;0;0;0;0;0;0;0;0;0;0
FR;6;2021-11-21;0;0;0;0;0;0;0;0;0;0
FR;6;2021-11-22;0;0;0;0;0;0;0;0;0;0
FR;6;2021-11-23;0;0;0;0;0;0;0;0;0;0
FR;6;2021-11-24;0;0;0;0;0;0;0;0;0;0
FR;6;2021-11-25;0;0;0;0;0;0;0;0;0;0
FR;6;2021-11-26;0;0;0;0;0;0;0;0;0;0
FR;6;2021-11-27;0;0;0;0;0;0;0;0;0;0
FR;6;2021-11-28;0;0;0;0;0;0;0;0;0;0
FR;6;2021-11-29;0;0;0;0;0;0;0;0;0;0
FR;6;2021-11-30;0;0;0;0;0;0;0;0;0;0
FR;6;2021-12-01;0;0;0;0;0;0;0;0;0;0
FR;6;2021-12-02;0;0;0;0;0;0;0;0;0;0
FR;6;2021-12-03;0;0;0;0;0;0;0;0;0;0
FR;6;2021-12-04;0;0;0;0;0;0;0;0;0;0
FR;6;2021-12-05;0;0;0;0;0;0;0;0;0;0
FR;6;2021-12-06;0;0;0;0;0;0;0;0;0;0
FR;6;2021-12-07;0;0;0;0;0;0;0;0;0;0
FR;6;2021-12-08;0;0;0;0;0;0;0;0;0;0
FR;6;2021-12-09;0;0;0;0;0;0;0;0;0;0
FR;6;2021-12-10;0;0;0;0;0;0;0;0;0;0
FR;6;2021-12-11;0;0;0;0;0;0;0;0;0;0
FR;6;2021-12-12;0;0;0;0;0;0;0;0;0;0
FR;6;2021-12-13;0;0;0;0;0;0;0;0;0;0
FR;6;2021-12-14;0;0;0;0;0;0;0;0;0;0
FR;6;2021-12-15;0;0;0;0;0;0;0;0;0;0
FR;6;2021-12-16;0;0;0;0;0;0;0;0;0;0
FR;6;2021-12-17;0;0;0;0;0;0;0;0;0;0
FR;6;2021-12-18;0;0;0;0;0;0;0;0;0;0
FR;6;2021-12-19;0;0;0;0;0;0;0;0;0;0
FR;6;2021-12-20;0;0;0;0;0;0;0;0;0;0
FR;6;2021-12-21;0;0;0;0;0;0;0;0;0;0
FR;6;2021-12-22;0;0;0;0;0;0;0;0;0;0
FR;6;2021-12-23;0;0;0;0;0;0;0;0;0;0
FR;6;2021-12-24;0;0;0;0;0;0;0;0;0;0
FR;6;2021-12-25;0;0;0;0;0;0;0;0;0;0
FR;6;2021-12-26;0;0;0;0;0;0;0;0;0;0
FR;6;2021-12-27;0;0;0;0;0;0;0;0;0;0
FR;6;2021-12-28;0;0;0;0;0;0;0;0;0;0
FR;6;2021-12-29;0;0;0;0;0;0;0;0;0;0
FR;6;2021-12-30;0;0;0;0;0;0;0;0;0;0
FR;6;2021-12-31;0;0;0;0;0;0;0;0;0;0
FR;6;2022-01-01;0;0;0;0;0;0;0;0;0;0
FR;6;2022-01-02;0;0;0;0;0;0;0;0;0;0
FR;6;2022-01-03;0;0;0;0;0;0;0;0;0;0
FR;6;2022-01-04;0;0;0;0;0;0;0;0;0;0
FR;6;2022-01-05;0;0;0;0;0;0;0;0;0;0
FR;6;2022-01-06;0;0;0;0;0;0;0;0;0;0
FR;6;2022-01-07;0;0;0;0;0;0;0;0;0;0
FR;6;2022-01-08;0;0;0;0;0;0;0;0;0;0
FR;6;2022-01-09;0;0;0;0;0;0;0;0;0;0
FR;6;2022-01-10;0;0;0;0;0;0;0;0;0;0
FR;6;2022-01-11;0;0;0;0;0;0;0;0;0;0
FR;6;2022-01-12;0;0;0;0;0;0;0;0;0;0
FR;6;2022-01-13;0;0;0;0;0;0;0;0;0;0
FR;6;2022-01-14;0;0;0;0;0;0;0;0;0;0
FR;6;2022-01-15;0;0;0;0;0;0;0;0;0;0
FR;6;2022-01-16;0;0;0;0;0;0;0;0;0;0
FR;6;2022-01-17;0;0;0;0;0;0;0;0;0;0
FR;6;2022-01-18;0;0;0;0;0;0;0;0;0;0
FR;6;2022-01-19;0;0;0;0;0;0;0;0;0;0
FR;6;2022-01-20;0;0;0;0;0;0;0;0;0;0
FR;6;2022-01-21;0;0;0;0;0;0;0;0;0;0
FR;6;2022-01-22;0;0;0;0;0;0;0;0;0;0
FR;6;2022-01-23;0;0;0;0;0;0;0;0;0;0
FR;6;2022-01-24;0;0;0;0;0;0;0;0;0;0
FR;6;2022-01-25;0;0;0;0;0;0;0;0;0;0
FR;6;2022-01-26;0;0;0;0;0;0;0;0;0;0
FR;6;2022-01-27;0;0;0;0;0;0;0;0;0;0
FR;6;2022-01-28;0;0;0;0;0;0;0;0;0;0
FR;6;2022-01-29;0;0;0;0;0;0;0;0;0;0
FR;6;2022-01-30;0;0;0;0;0;0;0;0;0;0
FR;6;2022-01-31;0;0;0;0;0;0;0;0;0;0
FR;6;2022-02-01;0;0;0;0;0;0;0;0;0;0
FR;6;2022-02-02;0;0;0;0;0;0;0;0;0;0
FR;6;2022-02-03;0;0;0;0;0;0;0;0;0;0
FR;6;2022-02-04;0;0;0;0;0;0;0;0;0;0
FR;6;2022-02-05;0;0;0;0;0;0;0;0;0;0
FR;6;2022-02-06;0;0;0;0;0;0;0;0;0;0
FR;6;2022-02-07;0;0;0;0;0;0;0;0;0;0
FR;6;2022-02-08;0;0;0;0;0;0;0;0;0;0
FR;6;2022-02-09;0;0;0;0;0;0;0;0;0;0
FR;6;2022-02-10;0;0;0;0;0;0;0;0;0;0
FR;6;2022-02-11;0;0;0;0;0;0;0;0;0;0
FR;6;2022-02-12;0;0;0;0;0;0;0;0;0;0
FR;6;2022-02-13;0;0;0;0;0;0;0;0;0;0
FR;6;2022-02-14;0;0;0;0;0;0;0;0;0;0
FR;6;2022-02-15;0;0;0;0;0;0;0;0;0;0
FR;6;2022-02-16;0;0;0;0;0;0;0;0;0;0
FR;6;2022-02-17;0;0;0;0;0;0;0;0;0;0
FR;6;2022-02-18;0;0;0;0;0;0;0;0;0;0
FR;6;2022-02-19;0;0;0;0;0;0;0;0;0;0
FR;6;2022-02-20;0;0;0;0;0;0;0;0;0;0
FR;6;2022-02-21;0;0;0;0;0;0;0;0;0;0
FR;6;2022-02-22;0;0;0;0;0;0;0;0;0;0
FR;6;2022-02-23;0;0;0;0;0;0;0;0;0;0
FR;6;2022-02-24;0;0;0;0;0;0;0;0;0;0
FR;6;2022-02-25;0;0;0;0;0;0;0;0;0;0
FR;6;2022-02-26;1;0;0;0;0;1;0;0;0;0
FR;6;2022-02-27;0;0;0;0;0;1;0;0;0;0
FR;6;2022-02-28;0;0;0;0;0;1;0;0;0;0
FR;6;2022-03-01;3;0;0;0;0;4;0;0;0;0
FR;6;2022-03-02;97;9;2;0;7;101;9;2;0;7
FR;6;2022-03-03;0;0;0;0;0;101;9;2;0;7
FR;6;2022-03-04;91;4;0;0;4;192;13;2;0;11
FR;6;2022-03-05;391;23;2;0;14;583;36;4;0;25
FR;6;2022-03-06;7;1;0;0;0;590;37;4;0;25
FR;6;2022-03-07;337;19;0;0;13;927;56;4;0;38
FR;6;2022-03-08;230;14;0;0;5;1157;70;4;0;43
FR;6;2022-03-09;519;29;2;0;21;1676;99;6;0;64
FR;6;2022-03-10;206;19;0;1;12;1882;118;6;1;76
FR;6;2022-03-11;328;21;6;0;21;2210;139;12;1;97
FR;6;2022-03-12;518;25;1;0;20;2728;164;13;1;117
FR;6;2022-03-13;40;2;0;0;1;2768;166;13;1;118
FR;6;2022-03-14;201;4;2;0;3;2969;170;15;1;121
FR;6;2022-03-15;112;11;2;0;9;3081;181;17;1;130
FR;6;2022-03-16;310;17;1;1;14;3391;198;18;2;144
FR;6;2022-03-17;117;6;1;2;4;3508;204;19;4;148
FR;6;2022-03-18;215;10;0;0;6;3723;214;19;4;154
FR;6;2022-03-19;307;19;2;0;9;4030;233;21;4;163
FR;6;2022-03-20;15;5;0;0;1;4045;238;21;4;164
FR;6;2022-03-21;132;23;1;0;4;4177;261;22;4;168
FR;6;2022-03-22;97;15;0;0;4;4274;276;22;4;172
FR;6;2022-03-23;226;108;3;0;14;4500;384;25;4;186
FR;6;2022-03-24;100;15;1;3;4;4600;399;26;7;190
FR;6;2022-03-25;203;141;2;1;15;4803;540;28;8;205
FR;6;2022-03-26;331;295;7;1;19;5134;835;35;9;224
FR;6;2022-03-27;32;30;1;0;1;5166;865;36;9;225
FR;6;2022-03-28;200;208;8;1;17;5366;1073;44;10;242
FR;6;2022-03-29;124;189;12;2;12;5490;1262;56;12;254
FR;6;2022-03-30;305;476;10;2;22;5795;1738;66;14;276
FR;6;2022-03-31;124;140;10;0;14;5919;1878;76;14;290
FR;6;2022-04-01;195;150;11;2;23;6114;2028;87;16;313
FR;6;2022-04-02;205;241;9;1;13;6319;2269;96;17;326
FR;6;2022-04-03;17;21;0;0;1;6336;2290;96;17;327
FR;6;2022-04-04;132;114;6;1;9;6468;2404;102;18;336
FR;6;2022-04-05;145;88;15;1;11;6613;2492;117;19;347
FR;6;2022-04-06;204;245;22;26;27;6817;2737;139;45;374
FR;6;2022-04-07;127;96;15;9;17;6944;2833;154;54;391
FR;6;2022-04-08;199;170;16;3;17;7143;3003;170;57;408
FR;6;2022-04-09;145;139;6;12;13;7288;3142;176;69;421
FR;6;2022-04-10;10;20;3;0;1;7298;3162;179;69;422
FR;6;2022-04-11;101;106;4;0;5;7399;3268;183;69;427
FR;6;2022-04-12;136;75;5;8;10;7535;3343;188;77;437
FR;6;2022-04-13;161;175;7;5;13;7696;3518;195;82;450
FR;6;2022-04-14;100;103;5;10;8;7796;3621;200;92;458
FR;6;2022-04-15;160;148;11;7;19;7956;3769;211;99;477
FR;6;2022-04-16;127;132;5;0;14;8083;3901;216;99;491
FR;6;2022-04-17;8;9;4;0;4;8091;3910;220;99;495
FR;6;2022-04-18;8;15;3;0;4;8099;3925;223;99;499
FR;6;2022-04-19;97;112;4;3;3;8196;4037;227;102;502
FR;6;2022-04-20;177;227;8;7;15;8373;4264;235;109;517
FR;6;2022-04-21;111;93;8;4;11;8484;4357;243;113;528
FR;6;2022-04-22;138;160;13;12;13;8622;4517;256;125;541
FR;6;2022-04-23;106;129;1;1;7;8728;4646;257;126;548
FR;6;2022-04-24;5;21;1;0;0;8733;4667;258;126;548
FR;6;2022-04-25;90;128;3;8;11;8823;4795;261;134;559
FR;6;2022-04-26;101;128;18;2;16;8924;4923;279;136;575
FR;6;2022-04-27;197;159;21;1;27;9121;5082;300;137;602
FR;6;2022-04-28;109;87;7;1;8;9230;5169;307;138;610
FR;6;2022-04-29;191;168;16;2;20;9421;5337;323;140;630
FR;6;2022-04-30;133;125;7;1;24;9554;5462;330;141;654
FR;6;2022-05-01;7;6;0;0;0;9561;5468;330;141;654
FR;6;2022-05-02;94;65;3;4;3;9655;5533;333;145;657
FR;6;2022-05-03;136;92;11;2;7;9791;5625;344;147;664
FR;6;2022-05-04;167;118;25;12;29;9958;5743;369;159;693
FR;6;2022-05-05;101;70;8;3;12;10059;5813;377;162;705
FR;6;2022-05-06;152;110;10;9;16;10211;5923;387;171;721
FR;6;2022-05-07;138;93;13;3;23;10349;6016;400;174;744
FR;6;2022-05-08;20;8;6;5;7;10369;6024;406;179;751
FR;6;2022-05-09;86;73;9;7;13;10455;6097;415;186;764
FR;6;2022-05-10;111;80;15;7;12;10566;6177;430;193;776
FR;6;2022-05-11;130;124;11;14;20;10696;6301;441;207;796
FR;6;2022-05-12;105;76;7;5;15;10801;6377;448;212;811
FR;6;2022-05-13;154;95;17;21;20;10955;6472;465;233;831
FR;6;2022-05-14;81;60;6;7;15;11036;6532;471;240;846
FR;6;2022-05-15;12;7;0;0;0;11048;6539;471;240;846
FR;6;2022-05-16;64;54;6;2;12;11112;6593;477;242;858
FR;6;2022-05-17;123;77;5;7;11;11235;6670;482;249;869
FR;6;2022-05-18;131;116;5;1;13;11366;6786;487;250;882
FR;6;2022-05-19;124;57;6;8;9;11490;6843;493;258;891
FR;6;2022-05-20;127;115;13;3;18;11617;6958;506;261;909
FR;6;2022-05-21;92;69;14;3;12;11709;7027;520;264;921
FR;6;2022-05-22;19;12;5;0;4;11728;7039;525;264;925
FR;6;2022-05-23;77;72;4;2;7;11805;7111;529;266;932
FR;6;2022-05-24;116;98;8;2;16;11921;7209;537;268;948
FR;6;2022-05-25;139;129;6;3;11;12060;7338;543;271;959
FR;6;2022-05-26;7;9;3;0;9;12067;7347;546;271;968
FR;6;2022-05-27;127;105;15;11;18;12194;7452;561;282;986
FR;6;2022-05-28;52;75;1;5;8;12246;7527;562;287;994
FR;6;2022-05-29;8;10;0;0;1;12254;7537;562;287;995
FR;6;2022-05-30;70;70;7;4;4;12324;7607;569;291;999
FR;6;2022-05-31;87;102;10;2;14;12411;7709;579;293;1013
FR;6;2022-06-01;97;89;10;1;11;12508;7798;589;294;1024
FR;6;2022-06-02;88;60;6;3;9;12596;7858;595;297;1033
FR;6;2022-06-03;126;102;13;7;21;12722;7960;608;304;1054
FR;6;2022-06-04;62;51;10;0;12;12784;8011;618;304;1066
FR;6;2022-06-05;16;15;2;1;4;12800;8026;620;305;1070
FR;6;2022-06-06;9;6;0;0;0;12809;8032;620;305;1070
FR;6;2022-06-07;79;90;3;4;8;12888;8122;623;309;1078
FR;6;2022-06-08;92;110;13;5;20;12980;8232;636;314;1098
FR;6;2022-06-09;75;81;15;3;15;13055;8313;651;317;1113
FR;6;2022-06-10;116;93;26;9;22;13171;8406;677;326;1135
FR;6;2022-06-11;82;62;6;10;12;13253;8468;683;336;1147
FR;6;2022-06-12;6;14;1;0;2;13259;8482;684;336;1149
FR;6;2022-06-13;74;59;18;1;7;13333;8541;702;337;1156
FR;6;2022-06-14;98;100;8;5;16;13431;8641;710;342;1172
FR;6;2022-06-15;80;85;7;8;15;13511;8726;717;350;1187
FR;6;2022-06-16;53;40;11;7;14;13564;8766;728;357;1201
FR;6;2022-06-17;85;81;3;13;11;13649;8847;731;370;1212
FR;6;2022-06-18;72;60;12;0;20;13721;8907;743;370;1232
FR;6;2022-06-19;6;6;3;0;4;13727;8913;746;370;1236
FR;6;2022-06-20;42;41;4;1;6;13769;8954;750;371;1242
FR;6;2022-06-21;59;73;7;7;15;13828;9027;757;378;1257
FR;6;2022-06-22;84;85;8;2;17;13912;9112;765;380;1274
FR;6;2022-06-23;64;39;13;7;15;13976;9151;778;387;1289
FR;6;2022-06-24;73;82;7;14;17;14049;9233;785;401;1306
FR;6;2022-06-25;67;61;4;2;8;14116;9294;789;403;1314
FR;6;2022-06-26;5;7;1;0;1;14121;9301;790;403;1315
FR;6;2022-06-27;51;50;4;9;12;14172;9351;794;412;1327
FR;6;2022-06-28;67;47;5;3;15;14239;9398;799;415;1342
FR;6;2022-06-29;97;117;26;37;19;14336;9515;825;452;1361
FR;6;2022-06-30;82;59;33;9;12;14418;9574;858;461;1373
FR;6;2022-07-01;113;94;24;32;17;14531;9668;882;493;1390
FR;6;2022-07-02;56;66;23;2;34;14587;9734;905;495;1424
FR;6;2022-07-03;11;4;4;3;4;14598;9738;909;498;1428
FR;6;2022-07-04;61;43;3;23;13;14659;9781;912;521;1441
FR;6;2022-07-05;65;52;18;67;25;14724;9833;930;588;1466
FR;6;2022-07-06;93;64;7;11;12;14817;9897;937;599;1478
FR;6;2022-07-07;87;79;42;37;14;14904;9976;979;636;1492
FR;6;2022-07-08;136;86;42;26;10;15040;10062;1021;662;1502
FR;6;2022-07-09;51;45;16;28;26;15091;10107;1037;690;1528
FR;6;2022-07-10;3;6;8;0;9;15094;10113;1045;690;1537
FR;0;2020-12-27;609;0;0;0;0;609;0;0;0;0
FR;0;2020-12-28;675;1;0;0;0;1284;1;0;0;0
FR;0;2020-12-29;377;0;0;0;0;1661;1;0;0;0
FR;0;2020-12-30;441;0;0;0;0;2102;1;0;0;0
FR;0;2020-12-31;439;1;0;0;0;2541;2;0;0;0
FR;0;2021-01-01;1146;2;0;0;0;3687;4;0;0;0
FR;0;2021-01-02;362;3;0;0;0;4049;7;0;0;0
FR;0;2021-01-03;402;0;0;0;0;4451;7;0;0;0
FR;0;2021-01-04;2099;3;0;0;0;6550;10;0;0;0
FR;0;2021-01-05;7743;3;0;0;0;14293;13;0;0;0
FR;0;2021-01-06;12454;15;0;0;0;26747;28;0;0;0
FR;0;2021-01-07;29455;13;0;0;0;56202;41;0;0;0
FR;0;2021-01-08;37138;14;0;0;0;93340;55;0;0;0
FR;0;2021-01-09;11211;7;0;0;0;104551;62;0;0;0
FR;0;2021-01-10;6003;5;0;0;0;110554;67;0;0;0
FR;0;2021-01-11;39925;19;0;0;0;150479;86;0;0;0
FR;0;2021-01-12;62130;17;0;0;0;212609;103;0;0;0
FR;0;2021-01-13;65114;36;0;0;0;277723;139;0;0;0
FR;0;2021-01-14;83113;118;0;0;0;360836;257;0;0;0
FR;0;2021-01-15;69002;43;0;0;0;429838;300;0;0;0
FR;0;2021-01-16;20210;72;0;0;0;450048;372;0;0;0
FR;0;2021-01-17;10981;49;0;0;0;461029;421;0;0;0
FR;0;2021-01-18;85890;170;0;0;0;546919;591;0;0;0
FR;0;2021-01-19;130589;179;0;0;0;677508;770;0;0;0
FR;0;2021-01-20;137537;184;0;0;0;815045;954;0;0;0
FR;0;2021-01-21;158391;171;0;0;0;973436;1125;0;0;0
FR;0;2021-01-22;121056;218;0;0;0;1094492;1343;0;0;0
FR;0;2021-01-23;38475;66;0;0;0;1132967;1409;0;0;0
FR;0;2021-01-24;9741;91;0;0;0;1142708;1500;0;0;0
FR;0;2021-01-25;78229;1305;0;0;0;1220937;2805;0;0;0
FR;0;2021-01-26;100372;3374;1;0;0;1321309;6179;1;0;0
FR;0;2021-01-27;107231;6032;0;0;0;1428540;12211;1;0;0
FR;0;2021-01-28;124340;15267;0;0;0;1552880;27478;1;0;0
FR;0;2021-01-29;92177;17912;0;0;0;1645057;45390;1;0;0
FR;0;2021-01-30;29117;4361;0;0;0;1674174;49751;1;0;0
FR;0;2021-01-31;5231;1780;0;0;0;1679405;51531;1;0;0
FR;0;2021-02-01;53114;21773;0;0;0;1732519;73304;1;0;0
FR;0;2021-02-02;72293;36299;0;0;0;1804812;109603;1;0;0
FR;0;2021-02-03;72297;38555;0;0;0;1877109;148158;1;0;0
FR;0;2021-02-04;82061;52364;0;0;0;1959170;200522;1;0;0
FR;0;2021-02-05;68225;46483;0;0;0;2027395;247005;1;0;0
FR;0;2021-02-06;23068;10915;0;0;0;2050463;257920;1;0;0
FR;0;2021-02-07;5184;5469;0;0;0;2055647;263389;1;0;0
FR;0;2021-02-08;46830;47339;0;0;0;2102477;310728;1;0;0
FR;0;2021-02-09;66001;75429;0;0;0;2168478;386157;1;0;0
FR;0;2021-02-10;70998;80186;0;0;0;2239476;466343;1;0;0
FR;0;2021-02-11;87268;102153;0;0;0;2326744;568496;1;0;0
FR;0;2021-02-12;79306;75276;0;0;0;2406050;643772;1;0;0
FR;0;2021-02-13;22370;19544;0;0;0;2428420;663316;1;0;0
FR;0;2021-02-14;5073;7326;0;0;0;2433493;670642;1;0;0
FR;0;2021-02-15;38078;76672;0;0;0;2471571;747314;1;0;0
FR;0;2021-02-16;50383;100595;0;0;0;2521954;847909;1;0;0
FR;0;2021-02-17;50517;105251;11;0;0;2572471;953160;12;0;0
FR;0;2021-02-18;69780;121227;0;0;0;2642251;1074387;12;0;0
FR;0;2021-02-19;65056;91437;1;0;0;2707307;1165824;13;0;0
FR;0;2021-02-20;18581;28655;0;0;0;2725888;1194479;13;0;0
FR;0;2021-02-21;3316;6275;0;0;0;2729204;1200754;13;0;0
FR;0;2021-02-22;37492;73297;2;0;0;2766696;1274051;15;0;0
FR;0;2021-02-23;53771;84665;1;0;0;2820467;1358716;16;0;0
FR;0;2021-02-24;59995;82067;1;0;0;2880462;1440783;17;0;0
FR;0;2021-02-25;100559;91365;1;0;0;2981021;1532148;18;0;0
FR;0;2021-02-26;113448;70765;1;0;0;3094469;1602913;19;0;0
FR;0;2021-02-27;52093;22229;1;0;0;3146562;1625142;20;0;0
FR;0;2021-02-28;6193;4247;2;0;0;3152755;1629389;22;0;0
FR;0;2021-03-01;65860;53510;1;0;0;3218615;1682899;23;0;0
FR;0;2021-03-02;101365;66825;2;0;0;3319980;1749724;25;0;0
FR;0;2021-03-03;116497;65502;0;0;0;3436477;1815226;25;0;0
FR;0;2021-03-04;163608;70950;3;0;0;3600085;1886176;28;0;0
FR;0;2021-03-05;200903;62966;3;0;0;3800988;1949142;31;0;0
FR;0;2021-03-06;207944;17665;3;0;0;4008932;1966807;34;0;0
FR;0;2021-03-07;121266;4753;1;0;0;4130198;1971560;35;0;0
FR;0;2021-03-08;107132;50130;2;0;0;4237330;2021690;37;0;0
FR;0;2021-03-09;172438;56402;2;0;0;4409768;2078092;39;0;0
FR;0;2021-03-10;178967;57086;5;0;0;4588735;2135178;44;0;0
FR;0;2021-03-11;242858;63617;2;0;0;4831593;2198795;46;0;0
FR;0;2021-03-12;294794;53421;1;0;0;5126387;2252216;47;0;0
FR;0;2021-03-13;231386;15321;1;0;0;5357773;2267537;48;0;0
FR;0;2021-03-14;63344;3225;1;0;0;5421117;2270762;49;0;0
FR;0;2021-03-15;158630;32050;3;0;0;5579747;2302812;52;0;0
FR;0;2021-03-16;141557;39065;6;0;0;5721304;2341877;58;0;0
FR;0;2021-03-17;150465;38116;4;0;0;5871769;2379993;62;0;0
FR;0;2021-03-18;167808;44481;5;0;0;6039577;2424474;67;0;0
FR;0;2021-03-19;229983;37071;2;0;0;6269560;2461545;69;0;0
FR;0;2021-03-20;166663;11513;1;0;0;6436223;2473058;70;0;0
FR;0;2021-03-21;49929;2373;1;0;0;6486152;2475431;71;0;0
FR;0;2021-03-22;170017;33915;2;0;0;6656169;2509346;73;0;0
FR;0;2021-03-23;250356;42362;1;0;0;6906525;2551708;74;0;0
FR;0;2021-03-24;256873;43591;0;0;0;7163398;2595299;74;0;0
FR;0;2021-03-25;341786;44927;5;0;0;7505184;2640226;79;0;0
FR;0;2021-03-26;358772;41897;4;1;0;7863956;2682123;83;1;0
FR;0;2021-03-27;195247;16805;1;0;0;8059203;2698928;84;1;0
FR;0;2021-03-28;59330;4198;3;0;0;8118533;2703126;87;1;0
FR;0;2021-03-29;202952;53783;4;0;0;8321485;2756909;91;1;0
FR;0;2021-03-30;285454;69793;5;0;0;8606939;2826702;96;1;0
FR;0;2021-03-31;262999;73468;4;0;0;8869938;2900170;100;1;0
FR;0;2021-04-01;315433;90252;11;0;0;9185371;2990422;111;1;0
FR;0;2021-04-02;281309;93339;7;0;0;9466680;3083761;118;1;0
FR;0;2021-04-03;141058;62100;5;0;0;9607738;3145861;123;1;0
FR;0;2021-04-04;46524;18800;2;0;0;9654262;3164661;125;1;0
FR;0;2021-04-05;63321;10695;11;0;0;9717583;3175356;136;1;0
FR;0;2021-04-06;217186;110235;17;0;0;9934769;3285591;153;1;0
FR;0;2021-04-07;260229;115296;17;0;0;10194998;3400887;170;1;0
FR;0;2021-04-08;337788;122112;14;0;0;10532786;3522999;184;1;0
FR;0;2021-04-09;410122;116537;49;0;0;10942908;3639536;233;1;0
FR;0;2021-04-10;212603;82716;15;0;0;11155511;3722252;248;1;0
FR;0;2021-04-11;56133;34353;7;0;0;11211644;3756605;255;1;0
FR;0;2021-04-12;237035;115426;45;0;0;11448679;3872031;300;1;0
FR;0;2021-04-13;309451;144380;98;1;0;11758130;4016411;398;2;0
FR;0;2021-04-14;294492;139382;214;0;0;12052622;4155793;612;2;0
FR;0;2021-04-15;337055;149021;338;0;0;12389677;4304814;950;2;0
FR;0;2021-04-16;339253;146154;353;0;0;12728930;4450968;1303;2;0
FR;0;2021-04-17;188643;89975;109;0;0;12917573;4540943;1412;2;0
FR;0;2021-04-18;51610;35370;47;0;0;12969183;4576313;1459;2;0
FR;0;2021-04-19;205662;138191;456;0;0;13174845;4714504;1915;2;0
FR;0;2021-04-20;254381;171154;569;0;0;13429226;4885658;2484;2;0
FR;0;2021-04-21;253221;169342;834;0;0;13682447;5055000;3318;2;0
FR;0;2021-04-22;287520;189112;818;0;0;13969967;5244112;4136;2;0
FR;0;2021-04-23;297871;183666;747;0;0;14267838;5427778;4883;2;0
FR;0;2021-04-24;190436;111659;252;0;0;14458274;5539437;5135;2;0
FR;0;2021-04-25;69550;38765;51;0;0;14527824;5578202;5186;2;0
FR;0;2021-04-26;220928;156852;561;0;0;14748752;5735054;5747;2;0
FR;0;2021-04-27;284573;187492;940;0;0;15033325;5922546;6687;2;0
FR;0;2021-04-28;299473;183571;1423;1;1;15332798;6106117;8110;3;1
FR;0;2021-04-29;357091;196930;1277;0;0;15689889;6303047;9387;3;1
FR;0;2021-04-30;372175;185120;1121;1;0;16062064;6488167;10508;4;1
FR;0;2021-05-01;167621;52487;178;0;0;16229685;6540654;10686;4;1
FR;0;2021-05-02;91725;37771;83;0;0;16321410;6578425;10769;4;1
FR;0;2021-05-03;288897;167609;841;0;0;16610307;6746034;11610;4;1
FR;0;2021-05-04;315635;224655;1232;0;0;16925942;6970689;12842;4;1
FR;0;2021-05-05;327154;225184;1313;0;0;17253096;7195873;14155;4;1
FR;0;2021-05-06;379479;239822;1632;0;0;17632575;7435695;15787;4;1
FR;0;2021-05-07;372715;257668;1222;0;0;18005290;7693363;17009;4;1
FR;0;2021-05-08;222145;68472;299;0;0;18227435;7761835;17308;4;1
FR;0;2021-05-09;129691;45969;243;0;0;18357126;7807804;17551;4;1
FR;0;2021-05-10;313347;228959;1234;0;0;18670473;8036763;18785;4;1
FR;0;2021-05-11;403861;257922;1564;0;0;19074334;8294685;20349;4;1
FR;0;2021-05-12;434070;233254;1542;0;0;19508404;8527939;21891;4;1
FR;0;2021-05-13;338573;56830;430;0;0;19846977;8584769;22321;4;1
FR;0;2021-05-14;454084;167384;1125;0;0;20301061;8752153;23446;4;1
FR;0;2021-05-15;374947;94137;443;0;0;20676008;8846290;23889;4;1
FR;0;2021-05-16;202737;20727;168;0;0;20878745;8867017;24057;4;1
FR;0;2021-05-17;376090;148818;1552;0;0;21254835;9015835;25609;4;1
FR;0;2021-05-18;460103;153374;1988;0;0;21714938;9169209;27597;4;1
FR;0;2021-05-19;467359;144089;2459;0;0;22182297;9313298;30056;4;1
FR;0;2021-05-20;507486;160263;2334;0;0;22689783;9473561;32390;4;1
FR;0;2021-05-21;489627;174625;1991;0;0;23179410;9648186;34381;4;1
FR;0;2021-05-22;347164;79958;668;0;0;23526574;9728144;35049;4;1
FR;0;2021-05-23;161682;14325;246;0;0;23688256;9742469;35295;4;1
FR;0;2021-05-24;263165;33206;603;0;0;23951421;9775675;35898;4;1
FR;0;2021-05-25;400241;189675;2351;1;0;24351662;9965350;38249;5;1
FR;0;2021-05-26;413420;189167;2221;0;0;24765082;10154517;40470;5;1
FR;0;2021-05-27;449766;219110;2159;0;0;25214848;10373627;42629;5;1
FR;0;2021-05-28;429519;259867;1891;0;0;25644367;10633494;44520;5;1
FR;0;2021-05-29;298961;149671;584;0;0;25943328;10783165;45104;5;1
FR;0;2021-05-30;107134;32588;163;0;0;26050462;10815753;45267;5;1
FR;0;2021-05-31;358005;203322;1468;1;1;26408467;11019075;46735;6;2
FR;0;2021-06-01;430948;251257;1960;1;1;26839415;11270332;48695;7;3
FR;0;2021-06-02;420056;231199;1981;0;0;27259471;11501531;50676;7;3
FR;0;2021-06-03;465528;258294;1823;0;0;27724999;11759825;52499;7;3
FR;0;2021-06-04;455922;305010;1729;1;1;28180921;12064835;54228;8;4
FR;0;2021-06-05;304774;189118;652;0;0;28485695;12253953;54880;8;4
FR;0;2021-06-06;133287;49090;226;0;0;28618982;12303043;55106;8;4
FR;0;2021-06-07;339434;261849;1523;0;0;28958416;12564892;56629;8;4
FR;0;2021-06-08;393691;290885;1803;0;0;29352107;12855777;58432;8;4
FR;0;2021-06-09;384765;274980;1729;0;0;29736872;13130757;60161;8;4
FR;0;2021-06-10;404107;288363;1722;1;0;30140979;13419120;61883;9;4
FR;0;2021-06-11;386596;356980;1465;0;0;30527575;13776100;63348;9;4
FR;0;2021-06-12;283231;211180;492;0;0;30810806;13987280;63840;9;4
FR;0;2021-06-13;104873;73927;204;0;0;30915679;14061207;64044;9;4
FR;0;2021-06-14;240780;355101;1426;1;0;31156459;14416308;65470;10;4
FR;0;2021-06-15;308082;385273;1566;1;0;31464541;14801581;67036;11;4
FR;0;2021-06-16;313938;357570;1417;1;0;31778479;15159151;68453;12;4
FR;0;2021-06-17;317628;372631;1425;1;0;32096107;15531782;69878;13;4
FR;0;2021-06-18;321699;442511;1336;1;0;32417806;15974293;71214;14;4
FR;0;2021-06-19;224326;273800;448;0;0;32642132;16248093;71662;14;4
FR;0;2021-06-20;74415;102506;126;0;0;32716547;16350599;71788;14;4
FR;0;2021-06-21;195716;401838;1033;1;1;32912263;16752437;72821;15;5
FR;0;2021-06-22;223144;467403;1263;10;2;33135407;17219840;74084;25;7
FR;0;2021-06-23;233987;439900;1197;1;1;33369394;17659740;75281;26;8
FR;0;2021-06-24;241825;409570;1352;0;0;33611219;18069310;76633;26;8
FR;0;2021-06-25;227605;522426;1398;0;0;33838824;18591736;78031;26;8
FR;0;2021-06-26;153224;370769;586;1;0;33992048;18962505;78617;27;8
FR;0;2021-06-27;55882;156153;168;1;0;34047930;19118658;78785;28;8
FR;0;2021-06-28;154732;452790;1173;0;0;34202662;19571448;79958;28;8
FR;0;2021-06-29;182655;507043;2124;0;0;34385317;20078491;82082;28;8
FR;0;2021-06-30;203955;484073;2011;21;2;34589272;20562564;84093;49;10
FR;0;2021-07-01;231260;457920;2221;5;1;34820532;21020484;86314;54;11
FR;0;2021-07-02;228520;520163;2120;5;2;35049052;21540647;88434;59;13
FR;0;2021-07-03;142023;368729;909;3;1;35191075;21909376;89343;62;14
FR;0;2021-07-04;56714;141188;265;0;0;35247789;22050564;89608;62;14
FR;0;2021-07-05;168443;419172;1668;8;2;35416232;22469736;91276;70;16
FR;0;2021-07-06;196704;474722;1828;45;8;35612936;22944458;93104;115;24
FR;0;2021-07-07;213075;439190;1878;25;5;35826011;23383648;94982;140;29
FR;0;2021-07-08;231581;424160;2089;20;6;36057592;23807808;97071;160;35
FR;0;2021-07-09;228445;510962;2183;4;2;36286037;24318770;99254;164;37
FR;0;2021-07-10;148582;339892;982;1;1;36434619;24658662;100236;165;38
FR;0;2021-07-11;60158;110123;282;0;0;36494777;24768785;100518;165;38
FR;0;2021-07-12;169023;478090;1758;4;0;36663800;25246875;102276;169;38
FR;0;2021-07-13;287118;527243;2045;8;1;36950918;25774118;104321;177;39
FR;0;2021-07-14;180946;157624;434;0;0;37131864;25931742;104755;177;39
FR;0;2021-07-15;346963;502270;2099;1;0;37478827;26434012;106854;178;39
FR;0;2021-07-16;379970;495701;2022;3;1;37858797;26929713;108876;181;40
FR;0;2021-07-17;259668;319738;876;1;0;38118465;27249451;109752;182;40
FR;0;2021-07-18;109675;114720;310;0;0;38228140;27364171;110062;182;40
FR;0;2021-07-19;285351;424731;1628;3;0;38513491;27788902;111690;185;40
FR;0;2021-07-20;376781;452169;1723;0;0;38890272;28241071;113413;185;40
FR;0;2021-07-21;395667;407653;1549;4;2;39285939;28648724;114962;189;42
FR;0;2021-07-22;440941;387943;1715;4;2;39726880;29036667;116677;193;44
FR;0;2021-07-23;440191;422922;1881;4;1;40167071;29459589;118558;197;45
FR;0;2021-07-24;285198;269538;804;1;0;40452269;29729127;119362;198;45
FR;0;2021-07-25;121066;80004;232;0;0;40573335;29809131;119594;198;45
FR;0;2021-07-26;347314;322936;1615;3;2;40920649;30132067;121209;201;47
FR;0;2021-07-27;463956;320068;1696;4;2;41384605;30452135;122905;205;49
FR;0;2021-07-28;459356;289792;1634;4;2;41843961;30741927;124539;209;51
FR;0;2021-07-29;489724;276716;1794;2;1;42333685;31018643;126333;211;52
FR;0;2021-07-30;461693;302760;1939;5;1;42795378;31321403;128272;216;53
FR;0;2021-07-31;285360;185093;914;1;0;43080738;31506496;129186;217;53
FR;0;2021-08-01;111969;49978;253;0;0;43192707;31556474;129439;217;53
FR;0;2021-08-02;341288;234488;1600;2;0;43533995;31790962;131039;219;53
FR;0;2021-08-03;398494;244875;1718;2;1;43932489;32035837;132757;221;54
FR;0;2021-08-04;384714;209989;1592;6;3;44317203;32245826;134349;227;57
FR;0;2021-08-05;366051;228768;1709;0;0;44683254;32474594;136058;227;57
FR;0;2021-08-06;359616;271607;1835;4;1;45042870;32746201;137893;231;58
FR;0;2021-08-07;213072;178372;755;4;3;45255942;32924573;138648;235;61
FR;0;2021-08-08;74149;63229;273;0;0;45330091;32987802;138921;235;61
FR;0;2021-08-09;258643;259293;1545;4;3;45588734;33247095;140466;239;64
FR;0;2021-08-10;306741;277781;1658;2;1;45895475;33524876;142124;241;65
FR;0;2021-08-11;279622;260030;1441;5;1;46175097;33784906;143565;246;66
FR;0;2021-08-12;271457;278522;1661;3;1;46446554;34063428;145226;249;67
FR;0;2021-08-13;252078;278015;1591;3;2;46698632;34341443;146817;252;69
FR;0;2021-08-14;145304;197261;739;0;0;46843936;34538704;147556;252;69
FR;0;2021-08-15;39333;50112;216;1;0;46883269;34588816;147772;253;69
FR;0;2021-08-16;186100;318013;1539;0;0;47069369;34906829;149311;253;69
FR;0;2021-08-17;215599;336385;1635;7;1;47284968;35243214;150946;260;70
FR;0;2021-08-18;198979;324702;1597;7;4;47483947;35567916;152543;267;74
FR;0;2021-08-19;191948;325711;1637;1;0;47675895;35893627;154180;268;74
FR;0;2021-08-20;186393;366440;1815;3;2;47862288;36260067;155995;271;76
FR;0;2021-08-21;104775;238127;704;0;0;47967063;36498194;156699;271;76
FR;0;2021-08-22;31898;87203;255;1;1;47998961;36585397;156954;272;77
FR;0;2021-08-23;140922;357205;1561;3;1;48139883;36942602;158515;275;78
FR;0;2021-08-24;162429;376863;1848;5;1;48302312;37319465;160363;280;79
FR;0;2021-08-25;151088;350856;2032;8;3;48453400;37670321;162395;288;82
FR;0;2021-08-26;142798;342887;2557;10;1;48596198;38013208;164952;298;83
FR;0;2021-08-27;148394;388293;2791;11;3;48744592;38401501;167743;309;86
FR;0;2021-08-28;90633;249591;1404;0;0;48835225;38651092;169147;309;86
FR;0;2021-08-29;27308;83357;518;1;0;48862533;38734449;169665;310;86
FR;0;2021-08-30;117346;324852;4709;6;5998;48979879;39059301;174374;316;6084
FR;0;2021-08-31;128730;334576;10183;19;11842;49108609;39393877;184557;335;17926
FR;0;2021-09-01;135912;285718;22425;7;24366;49244521;39679595;206982;342;42292
FR;0;2021-09-02;113416;247294;26517;15;28925;49357937;39926889;233499;357;71217
FR;0;2021-09-03;118241;292706;29960;24;32999;49476178;40219595;263459;381;104216
FR;0;2021-09-04;89863;217761;12584;12;14099;49566041;40437356;276043;393;118315
FR;0;2021-09-05;21350;44840;4393;2;4719;49587391;40482196;280436;395;123034
FR;0;2021-09-06;75380;180733;31948;16;34268;49662771;40662929;312384;411;157302
FR;0;2021-09-07;80209;181260;33238;41;36179;49742980;40844189;345622;452;193481
FR;0;2021-09-08;90532;206180;29657;28;32499;49833512;41050369;375279;480;225980
FR;0;2021-09-09;76821;165407;33049;27;36567;49910333;41215776;408328;507;262547
FR;0;2021-09-10;95854;203766;35727;27;40594;50006187;41419542;444055;534;303141
FR;0;2021-09-11;67031;169259;12136;20;14350;50073218;41588801;456191;554;317491
FR;0;2021-09-12;12814;32087;2772;1;3171;50086032;41620888;458963;555;320662
FR;0;2021-09-13;64478;126315;41216;33;44114;50150510;41747203;500179;588;364776
FR;0;2021-09-14;73400;129155;56353;79;62189;50223910;41876358;556532;667;426965
FR;0;2021-09-15;76535;167871;55642;58;54810;50300445;42044229;612174;725;481775
FR;0;2021-09-16;63792;114566;60050;84;60054;50364237;42158795;672224;809;541829
FR;0;2021-09-17;75014;156871;53835;71;57265;50439251;42315666;726059;880;599094
FR;0;2021-09-18;48205;139609;15600;25;17293;50487456;42455275;741659;905;616387
FR;0;2021-09-19;7872;23704;2435;1;2616;50495328;42478979;744094;906;619003
FR;0;2021-09-20;44492;93907;50065;73;50312;50539820;42572886;794159;979;669315
FR;0;2021-09-21;45845;98461;62745;76;63416;50585665;42671347;856904;1055;732731
FR;0;2021-09-22;48640;142362;55351;82;55377;50634305;42813709;912255;1137;788108
FR;0;2021-09-23;43218;92050;62370;94;63510;50677523;42905759;974625;1231;851618
FR;0;2021-09-24;52262;133342;54538;107;59138;50729785;43039101;1029163;1338;910756
FR;0;2021-09-25;35203;115589;16268;36;18276;50764988;43154690;1045431;1374;929032
FR;0;2021-09-26;5532;17810;2268;5;2331;50770520;43172500;1047699;1379;931363
FR;0;2021-09-27;33938;76950;47184;97;48146;50804458;43249450;1094883;1476;979509
FR;0;2021-09-28;36480;75289;54946;88;56508;50840938;43324739;1149829;1564;1036017
FR;0;2021-09-29;44359;100822;53331;112;54834;50885297;43425561;1203160;1676;1090851
FR;0;2021-09-30;36291;72903;57026;96;59522;50921588;43498464;1260186;1772;1150373
FR;0;2021-10-01;61631;101596;57792;108;63790;50983219;43600060;1317978;1880;1214163
FR;0;2021-10-02;39442;78403;20954;39;23332;51022661;43678463;1338932;1919;1237495
FR;0;2021-10-03;5282;10512;2528;4;2542;51027943;43688975;1341460;1923;1240037
FR;0;2021-10-04;35110;58552;52612;84;54787;51063053;43747527;1394072;2007;1294824
FR;0;2021-10-05;33804;64345;60992;135;64966;51096857;43811872;1455064;2142;1359790
FR;0;2021-10-06;42654;79326;65717;113;68286;51139511;43891198;1520781;2255;1428076
FR;0;2021-10-07;30495;62203;65403;90;68714;51170006;43953401;1586184;2345;1496790
FR;0;2021-10-08;49225;91840;77738;110;84667;51219231;44045241;1663922;2455;1581457
FR;0;2021-10-09;33643;60924;31534;35;33887;51252874;44106165;1695456;2490;1615344
FR;0;2021-10-10;4691;7446;3187;9;3483;51257565;44113611;1698643;2499;1618827
FR;0;2021-10-11;30672;49903;61031;105;64039;51288237;44163514;1759674;2604;1682866
FR;0;2021-10-12;31555;54444;70584;140;75877;51319792;44217958;1830258;2744;1758743
FR;0;2021-10-13;40075;62836;74410;136;79292;51359867;44280794;1904668;2880;1838035
FR;0;2021-10-14;30273;52891;68737;116;73782;51390140;44333685;1973405;2996;1911817
FR;0;2021-10-15;44805;75294;93222;191;102938;51434945;44408979;2066627;3187;2014755
FR;0;2021-10-16;31294;44106;36685;44;39615;51466239;44453085;2103312;3231;2054370
FR;0;2021-10-17;3834;5263;3592;2;3689;51470073;44458348;2106904;3233;2058059
FR;0;2021-10-18;28598;42463;67480;133;71360;51498671;44500811;2174384;3366;2129419
FR;0;2021-10-19;27130;45235;76391;140;81626;51525801;44546046;2250775;3506;2211045
FR;0;2021-10-20;35267;52494;96925;181;101504;51561068;44598540;2347700;3687;2312549
FR;0;2021-10-21;26011;45201;83939;112;89130;51587079;44643741;2431639;3799;2401679
FR;0;2021-10-22;38307;62449;104879;200;112539;51625386;44706190;2536518;3999;2514218
FR;0;2021-10-23;26991;41223;45448;57;48607;51652377;44747413;2581966;4056;2562825
FR;0;2021-10-24;2913;4798;3679;6;3936;51655290;44752211;2585645;4062;2566761
FR;0;2021-10-25;25995;36314;82318;144;86631;51681285;44788525;2667963;4206;2653392
FR;0;2021-10-26;23703;35078;87224;166;92334;51704988;44823603;2755187;4372;2745726
FR;0;2021-10-27;30057;46414;108984;257;114658;51735045;44870017;2864171;4629;2860384
FR;0;2021-10-28;23569;34976;88678;153;94431;51758614;44904993;2952849;4782;2954815
FR;0;2021-10-29;31554;51489;117301;204;125312;51790168;44956482;3070150;4986;3080127
FR;0;2021-10-30;20543;33216;50335;76;53365;51810711;44989698;3120485;5062;3133492
FR;0;2021-10-31;2485;3743;3587;3;3874;51813196;44993441;3124072;5065;3137366
FR;0;2021-11-01;8359;4844;3210;3;3568;51821555;44998285;3127282;5068;3140934
FR;0;2021-11-02;25580;40127;93556;156;99522;51847135;45038412;3220838;5224;3240456
FR;0;2021-11-03;29991;47988;118867;218;125825;51877126;45086400;3339705;5442;3366281
FR;0;2021-11-04;23756;37528;107531;217;114370;51900882;45123928;3447236;5659;3480651
FR;0;2021-11-05;32326;52973;141619;234;151315;51933208;45176901;3588855;5893;3631966
FR;0;2021-11-06;21507;34589;64859;123;68265;51954715;45211490;3653714;6016;3700231
FR;0;2021-11-07;2385;4201;5186;6;5590;51957100;45215691;3658900;6022;3705821
FR;0;2021-11-08;20540;37833;127176;227;134263;51977640;45253524;3786076;6249;3840084
FR;0;2021-11-09;22346;44813;161659;340;172205;51999986;45298337;3947735;6589;4012289
FR;0;2021-11-10;31526;55121;186966;446;198739;52031512;45353458;4134701;7035;4211028
FR;0;2021-11-11;4471;6747;12946;28;13938;52035983;45360205;4147647;7063;4224966
FR;0;2021-11-12;29047;55133;183743;252;197319;52065030;45415338;4331390;7315;4422285
FR;0;2021-11-13;20334;32700;80684;118;86301;52085364;45448038;4412074;7433;4508586
FR;0;2021-11-14;2345;3913;7167;6;7862;52087709;45451951;4419241;7439;4516448
FR;0;2021-11-15;20424;38751;160821;313;171520;52108133;45490702;4580062;7752;4687968
FR;0;2021-11-16;23550;44026;200367;391;214959;52131683;45534728;4780429;8143;4902927
FR;0;2021-11-17;30420;50438;199820;407;212843;52162103;45585166;4980249;8550;5115770
FR;0;2021-11-18;23400;45224;191631;469;205500;52185503;45630390;5171880;9019;5321270
FR;0;2021-11-19;33592;61396;243174;548;262121;52219095;45691786;5415054;9567;5583391
FR;0;2021-11-20;25392;36758;102137;206;109690;52244487;45728544;5517191;9773;5693081
FR;0;2021-11-21;2631;4535;9646;19;10634;52247118;45733079;5526837;9792;5703715
FR;0;2021-11-22;22766;33343;180330;470;194794;52269884;45766422;5707167;10262;5898509
FR;0;2021-11-23;25602;45673;229342;548;247775;52295486;45812095;5936509;10810;6146284
FR;0;2021-11-24;31784;53831;224764;717;243178;52327270;45865926;6161273;11527;6389462
FR;0;2021-11-25;25474;49217;255880;739;277692;52352744;45915143;6417153;12266;6667154
FR;0;2021-11-26;33224;74935;379434;864;414572;52385968;45990078;6796587;13130;7081726
FR;0;2021-11-27;23391;49725;214877;389;236625;52409359;46039803;7011464;13519;7318351
FR;0;2021-11-28;3501;10564;56741;66;63332;52412860;46050367;7068205;13585;7381683
FR;0;2021-11-29;19397;54225;341422;863;371639;52432257;46104592;7409627;14448;7753322
FR;0;2021-11-30;24740;72161;457338;988;500728;52456997;46176753;7866965;15436;8254050
FR;0;2021-12-01;27180;75929;469040;1158;511268;52484177;46252682;8336005;16594;8765318
FR;0;2021-12-02;22061;71904;527048;1280;574793;52506238;46324586;8863053;17874;9340111
FR;0;2021-12-03;25523;92721;596302;1419;651093;52531761;46417307;9459355;19293;9991204
FR;0;2021-12-04;18305;60558;336192;691;369738;52550066;46477865;9795547;19984;10360942
FR;0;2021-12-05;4150;16233;95764;157;107056;52554216;46494098;9891311;20141;10467998
FR;0;2021-12-06;26429;73099;493084;1174;539878;52580645;46567197;10384395;21315;11007876
FR;0;2021-12-07;23461;91727;645315;1771;706274;52604106;46658924;11029710;23086;11714150
FR;0;2021-12-08;25433;92424;591513;1874;647435;52629539;46751348;11621223;24960;12361585
FR;0;2021-12-09;24028;94315;663034;2180;726309;52653567;46845663;12284257;27140;13087894
FR;0;2021-12-10;27996;111274;735996;2075;806094;52681563;46956937;13020253;29215;13893988
FR;0;2021-12-11;20240;76121;435145;987;480357;52701803;47033058;13455398;30202;14374345
FR;0;2021-12-12;5627;23277;142277;262;159212;52707430;47056335;13597675;30464;14533557
FR;0;2021-12-13;21325;91254;587570;1698;649227;52728755;47147589;14185245;32162;15182784
FR;0;2021-12-14;27843;118741;765449;2653;847445;52756598;47266330;14950694;34815;16030229
FR;0;2021-12-15;28371;114582;694250;2265;769002;52784969;47380912;15644944;37080;16799231
FR;0;2021-12-16;27998;116085;763954;2557;844353;52812967;47496997;16408898;39637;17643584
FR;0;2021-12-17;31594;128850;807794;2709;892013;52844561;47625847;17216692;42346;18535597
FR;0;2021-12-18;24922;81776;469933;1178;522190;52869483;47707623;17686625;43524;19057787
FR;0;2021-12-19;8753;28809;169368;376;191118;52878236;47736432;17855993;43900;19248905
FR;0;2021-12-20;31707;97596;591397;1786;658685;52909943;47834028;18447390;45686;19907590
FR;0;2021-12-21;39306;112400;682346;2390;759528;52949249;47946428;19129736;48076;20667118
FR;0;2021-12-22;39496;99702;575696;2167;642120;52988745;48046130;19705432;50243;21309238
FR;0;2021-12-23;33765;79805;440943;1653;494369;53022510;48125935;20146375;51896;21803607
FR;0;2021-12-24;10679;26174;110998;398;126663;53033189;48152109;20257373;52294;21930270
FR;0;2021-12-25;771;3539;7580;25;9032;53033960;48155648;20264953;52319;21939302
FR;0;2021-12-26;4698;11889;52084;141;60128;53038658;48167537;20317037;52460;21999430
FR;0;2021-12-27;30425;84139;453503;1365;509137;53069083;48251676;20770540;53825;22508567
FR;0;2021-12-28;38331;99139;564114;1768;632208;53107414;48350815;21334654;55593;23140775
FR;0;2021-12-29;39859;88507;501150;1686;560966;53147273;48439322;21835804;57279;23701741
FR;0;2021-12-30;35907;75309;420988;1519;471122;53183180;48514631;22256792;58798;24172863
FR;0;2021-12-31;12041;25205;116849;406;131652;53195221;48539836;22373641;59204;24304515
FR;0;2022-01-01;1459;3217;8506;37;9938;53196680;48543053;22382147;59241;24314453
FR;0;2022-01-02;6091;13002;58406;125;66941;53202771;48556055;22440553;59366;24381394
FR;0;2022-01-03;34995;90195;494760;1593;551595;53237766;48646250;22935313;60959;24932989
FR;0;2022-01-04;41422;111050;641313;2303;714277;53279188;48757300;23576626;63262;25647266
FR;0;2022-01-05;60664;103548;569087;1984;634100;53339852;48860848;24145713;65246;26281366
FR;0;2022-01-06;44192;110345;638920;2695;711400;53384044;48971193;24784633;67941;26992766
FR;0;2022-01-07;50771;123346;710941;2807;790415;53434815;49094539;25495574;70748;27783181
FR;0;2022-01-08;44987;80347;423795;1211;472863;53479802;49174886;25919369;71959;28256044
FR;0;2022-01-09;15597;26667;128551;300;145680;53495399;49201553;26047920;72259;28401724
FR;0;2022-01-10;35289;92602;469238;1810;522645;53530688;49294155;26517158;74069;28924369
FR;0;2022-01-11;41771;100519;548171;2307;608444;53572459;49394674;27065329;76376;29532813
FR;0;2022-01-12;60291;95700;452605;1966;504276;53632750;49490374;27517934;78342;30037089
FR;0;2022-01-13;38156;92468;487298;2084;540984;53670906;49582842;28005232;80426;30578073
FR;0;2022-01-14;42539;103377;568516;2286;628973;53713445;49686219;28573748;82712;31207046
FR;0;2022-01-15;39370;65891;340111;985;377567;53752815;49752110;28913859;83697;31584613
FR;0;2022-01-16;11386;19270;87401;216;99436;53764201;49771380;29001260;83913;31684049
FR;0;2022-01-17;24699;60143;320239;1382;354164;53788900;49831523;29321499;85295;32038213
FR;0;2022-01-18;28216;68685;361022;1799;397521;53817116;49900208;29682521;87094;32435734
FR;0;2022-01-19;43172;67124;281239;1451;311065;53860288;49967332;29963760;88545;32746799
FR;0;2022-01-20;23576;59605;298947;1740;328467;53883864;50026937;30262707;90285;33075266
FR;0;2022-01-21;28172;68827;366311;2087;401152;53912036;50095764;30629018;92372;33476418
FR;0;2022-01-22;27616;47993;218774;838;241754;53939652;50143757;30847792;93210;33718172
FR;0;2022-01-23;6708;13024;48660;172;55179;53946360;50156781;30896452;93382;33773351
FR;0;2022-01-24;16254;47471;217264;1138;239316;53962614;50204252;31113716;94520;34012667
FR;0;2022-01-25;18981;54427;243000;1547;267054;53981595;50258679;31356716;96067;34279721
FR;0;2022-01-26;28137;60359;209241;1297;229399;54009732;50319038;31565957;97364;34509120
FR;0;2022-01-27;16311;46175;207603;1273;225863;54026043;50365213;31773560;98637;34734983
FR;0;2022-01-28;21556;77248;290008;1573;321443;54047599;50442461;32063568;100210;35056426
FR;0;2022-01-29;18410;52838;184100;686;204570;54066009;50495299;32247668;100896;35260996
FR;0;2022-01-30;4467;14519;39129;124;45086;54070476;50509818;32286797;101020;35306082
FR;0;2022-01-31;11240;43845;148172;739;164782;54081716;50553663;32434969;101759;35470864
FR;0;2022-02-01;13315;48302;174087;1141;191389;54095031;50601965;32609056;102900;35662253
FR;0;2022-02-02;20322;66203;171503;1033;190156;54115353;50668168;32780559;103933;35852409
FR;0;2022-02-03;11298;44423;157520;986;173317;54126651;50712591;32938079;104919;36025726
FR;0;2022-02-04;14591;66537;239209;1264;264180;54141242;50779128;33177288;106183;36289906
FR;0;2022-02-05;12887;51502;153527;523;172346;54154129;50830630;33330815;106706;36462252
FR;0;2022-02-06;2712;12209;28877;101;33828;54156841;50842839;33359692;106807;36496080
FR;0;2022-02-07;9499;46755;156839;586;176322;54166340;50889594;33516531;107393;36672402
FR;0;2022-02-08;9676;42917;166575;867;184357;54176016;50932511;33683106;108260;36856759
FR;0;2022-02-09;14259;58110;172319;869;193014;54190275;50990621;33855425;109129;37049773
FR;0;2022-02-10;8385;38688;150187;877;166651;54198660;51029309;34005612;110006;37216424
FR;0;2022-02-11;10819;55557;218453;1100;243034;54209479;51084866;34224065;111106;37459458
FR;0;2022-02-12;8364;40914;134702;461;151723;54217843;51125780;34358767;111567;37611181
FR;0;2022-02-13;1898;8591;26555;85;30913;54219741;51134371;34385322;111652;37642094
FR;0;2022-02-14;6932;35187;148337;482;166333;54226673;51169558;34533659;112134;37808427
FR;0;2022-02-15;6910;35801;146936;751;162504;54233583;51205359;34680595;112885;37970931
FR;0;2022-02-16;9333;42845;132505;719;146718;54242916;51248204;34813100;113604;38117649
FR;0;2022-02-17;5449;24197;87267;585;94829;54248365;51272401;34900367;114189;38212478
FR;0;2022-02-18;6946;33502;119613;804;129283;54255311;51305903;35019980;114993;38341761
FR;0;2022-02-19;5360;24526;70017;370;77322;54260671;51330429;35089997;115363;38419083
FR;0;2022-02-20;1145;4639;12156;38;13930;54261816;51335068;35102153;115401;38433013
FR;0;2022-02-21;4044;17862;61931;351;67159;54265860;51352930;35164084;115752;38500172
FR;0;2022-02-22;4389;18563;60799;575;64433;54270249;51371493;35224883;116327;38564605
FR;0;2022-02-23;6531;27294;66477;591;71877;54276780;51398787;35291360;116918;38636482
FR;0;2022-02-24;3768;15421;50397;517;53218;54280548;51414208;35341757;117435;38689700
FR;0;2022-02-25;5235;23886;76306;803;80031;54285783;51438094;35418063;118238;38769731
FR;0;2022-02-26;3979;17757;47397;358;51462;54289762;51455851;35465460;118596;38821193
FR;0;2022-02-27;875;3000;8025;47;8936;54290637;51458851;35473485;118643;38830129
FR;0;2022-02-28;3086;12485;40462;356;42896;54293723;51471336;35513947;118999;38873025
FR;0;2022-03-01;3608;12412;44156;435;44804;54297331;51483748;35558103;119434;38917829
FR;0;2022-03-02;5200;17661;47106;438;49030;54302531;51501409;35605209;119872;38966859
FR;0;2022-03-03;2732;9219;29859;366;29970;54305263;51510628;35635068;120238;38996829
FR;0;2022-03-04;3198;12325;40279;663;39424;54308461;51522953;35675347;120901;39036253
FR;0;2022-03-05;3062;9247;24942;310;25098;54311523;51532200;35700289;121211;39061351
FR;0;2022-03-06;514;1391;3194;43;3435;54312037;51533591;35703483;121254;39064786
FR;0;2022-03-07;2182;5547;18411;315;17677;54314219;51539138;35721894;121569;39082463
FR;0;2022-03-08;2033;5982;19419;359;17882;54316252;51545120;35741313;121928;39100345
FR;0;2022-03-09;3499;10398;22167;405;21254;54319751;51555518;35763480;122333;39121599
FR;0;2022-03-10;1731;5470;16961;342;15780;54321482;51560988;35780441;122675;39137379
FR;0;2022-03-11;2355;7470;24482;539;22242;54323837;51568458;35804923;123214;39159621
FR;0;2022-03-12;2657;6761;17152;306;16507;54326494;51575219;35822075;123520;39176128
FR;0;2022-03-13;390;784;2315;146;2266;54326884;51576003;35824390;123666;39178394
FR;0;2022-03-14;1487;4197;14954;4406;13808;54328371;51580200;35839344;128072;39192202
FR;0;2022-03-15;1620;4529;16316;7551;14427;54329991;51584729;35855660;135623;39206629
FR;0;2022-03-16;2972;7188;19398;13128;18065;54332963;51591917;35875058;148751;39224694
FR;0;2022-03-17;1394;3826;13118;10840;11960;54334357;51595743;35888176;159591;39236654
FR;0;2022-03-18;2220;5625;19965;18283;18054;54336577;51601368;35908141;177874;39254708
FR;0;2022-03-19;2287;4766;13109;9397;12411;54338864;51606134;35921250;187271;39267119
FR;0;2022-03-20;295;717;1915;1071;1926;54339159;51606851;35923165;188342;39269045
FR;0;2022-03-21;1351;3160;12702;14933;11923;54340510;51610011;35935867;203275;39280968
FR;0;2022-03-22;1468;3626;13768;20523;12525;54341978;51613637;35949635;223798;39293493
FR;0;2022-03-23;2650;6154;17687;23139;17200;54344628;51619791;35967322;246937;39310693
FR;0;2022-03-24;1365;2967;11567;17579;10636;54345993;51622758;35978889;264516;39321329
FR;0;2022-03-25;2053;4881;18522;27749;16855;54348046;51627639;35997411;292265;39338184
FR;0;2022-03-26;2220;4380;12066;12663;11506;54350266;51632019;36009477;304928;39349690
FR;0;2022-03-27;354;683;1893;1479;1926;54350620;51632702;36011370;306407;39351616
FR;0;2022-03-28;1418;3033;11104;17465;10596;54352038;51635735;36022474;323872;39362212
FR;0;2022-03-29;1429;3247;12889;27547;12030;54353467;51638982;36035363;351419;39374242
FR;0;2022-03-30;2829;5400;15654;27363;15049;54356296;51644382;36051017;378782;39389291
FR;0;2022-03-31;1606;3285;12954;24943;12287;54357902;51647667;36063971;403725;39401578
FR;0;2022-04-01;2337;4517;20017;30838;18645;54360239;51652184;36083988;434563;39420223
FR;0;2022-04-02;1510;2619;9042;10106;8701;54361749;51654803;36093030;444669;39428924
FR;0;2022-04-03;284;502;1559;1166;1574;54362033;51655305;36094589;445835;39430498
FR;0;2022-04-04;1601;2684;12315;19074;11503;54363634;51657989;36106904;464909;39442001
FR;0;2022-04-05;1676;3013;14299;34018;13149;54365310;51661002;36121203;498927;39455150
FR;0;2022-04-06;2060;3743;13502;26378;12760;54367370;51664745;36134705;525305;39467910
FR;0;2022-04-07;1448;2971;13626;33701;12834;54368818;51667716;36148331;559006;39480744
FR;0;2022-04-08;2025;4129;19162;43714;17779;54370843;51671845;36167493;602720;39498523
FR;0;2022-04-09;1357;2661;9299;13547;8850;54372200;51674506;36176792;616267;39507373
FR;0;2022-04-10;283;581;1976;1995;1994;54372483;51675087;36178768;618262;39509367
FR;0;2022-04-11;1203;2493;11838;23734;11437;54373686;51677580;36190606;641996;39520804
FR;0;2022-04-12;1599;2814;13953;40682;13333;54375285;51680394;36204559;682678;39534137
FR;0;2022-04-13;1874;3495;13364;32982;12973;54377159;51683889;36217923;715660;39547110
FR;0;2022-04-14;1448;2743;13126;36113;12976;54378607;51686632;36231049;751773;39560086
FR;0;2022-04-15;1813;3369;15560;35396;14821;54380420;51690001;36246609;787169;39574907
FR;0;2022-04-16;1034;1813;6377;8522;6228;54381454;51691814;36252986;795691;39581135
FR;0;2022-04-17;186;318;991;1169;1030;54381640;51692132;36253977;796860;39582165
FR;0;2022-04-18;159;469;2756;1066;2774;54381799;51692601;36256733;797926;39584939
FR;0;2022-04-19;1491;2944;12878;29479;12396;54383290;51695545;36269611;827405;39597335
FR;0;2022-04-20;1937;3378;13259;28942;12926;54385227;51698923;36282870;856347;39610261
FR;0;2022-04-21;1483;2768;12479;34892;12496;54386710;51701691;36295349;891239;39622757
FR;0;2022-04-22;1835;3538;16431;37492;15799;54388545;51705229;36311780;928731;39638556
FR;0;2022-04-23;1135;2041;7370;10647;7221;54389680;51707270;36319150;939378;39645777
FR;0;2022-04-24;247;446;1474;1586;1408;54389927;51707716;36320624;940964;39647185
FR;0;2022-04-25;1263;2463;10668;20925;10469;54391190;51710179;36331292;961889;39657654
FR;0;2022-04-26;1576;2962;13632;38463;13076;54392766;51713141;36344924;1000352;39670730
FR;0;2022-04-27;1927;3021;11495;30846;11554;54394693;51716162;36356419;1031198;39682284
FR;0;2022-04-28;1537;2667;12492;35941;12218;54396230;51718829;36368911;1067139;39694502
FR;0;2022-04-29;1972;3632;15517;37059;14866;54398202;51722461;36384428;1104198;39709368
FR;0;2022-04-30;1197;1808;6909;9690;6738;54399399;51724269;36391337;1113888;39716106
FR;0;2022-05-01;206;314;900;994;897;54399605;51724583;36392237;1114882;39717003
FR;0;2022-05-02;1237;2523;11085;18024;10874;54400842;51727106;36403322;1132906;39727877
FR;0;2022-05-03;1794;3113;13635;34475;13476;54402636;51730219;36416957;1167381;39741353
FR;0;2022-05-04;1834;3117;12116;25487;12230;54404470;51733336;36429073;1192868;39753583
FR;0;2022-05-05;1640;2722;12848;33244;12658;54406110;51736058;36441921;1226112;39766241
FR;0;2022-05-06;2077;3551;15279;36584;14763;54408187;51739609;36457200;1262696;39781004
FR;0;2022-05-07;1188;1762;6442;9592;6429;54409375;51741371;36463642;1272288;39787433
FR;0;2022-05-08;259;393;1167;1531;1226;54409634;51741764;36464809;1273819;39788659
FR;0;2022-05-09;1268;2170;9886;20121;9754;54410902;51743934;36474695;1293940;39798413
FR;0;2022-05-10;1669;2918;13445;38699;12987;54412571;51746852;36488140;1332639;39811400
FR;0;2022-05-11;1943;2762;10676;27749;10580;54414514;51749614;36498816;1360388;39821980
FR;0;2022-05-12;1530;2532;11254;35409;10929;54416044;51752146;36510070;1395797;39832909
FR;0;2022-05-13;1946;3121;13710;37678;13286;54417990;51755267;36523780;1433475;39846195
FR;0;2022-05-14;1135;1595;5921;10723;5774;54419125;51756862;36529701;1444198;39851969
FR;0;2022-05-15;273;435;1264;1432;1337;54419398;51757297;36530965;1445630;39853306
FR;0;2022-05-16;1167;1942;8633;20883;8616;54420565;51759239;36539598;1466513;39861922
FR;0;2022-05-17;1540;2497;11771;37631;11343;54422105;51761736;36551369;1504144;39873265
FR;0;2022-05-18;1759;2539;9624;26987;9604;54423864;51764275;36560993;1531131;39882869
FR;0;2022-05-19;1401;2543;10503;35543;10606;54425265;51766818;36571496;1566674;39893475
FR;0;2022-05-20;1844;3020;13260;39207;12752;54427109;51769838;36584756;1605881;39906227
FR;0;2022-05-21;1145;1683;5643;9890;5515;54428254;51771521;36590399;1615771;39911742
FR;0;2022-05-22;235;330;1018;1425;1006;54428489;51771851;36591417;1617196;39912748
FR;0;2022-05-23;1142;2003;8849;20201;8749;54429631;51773854;36600266;1637397;39921497
FR;0;2022-05-24;1505;2694;11292;38530;11142;54431136;51776548;36611558;1675927;39932639
FR;0;2022-05-25;1788;2744;9288;24658;9396;54432924;51779292;36620846;1700585;39942035
FR;0;2022-05-26;188;334;1632;1140;1635;54433112;51779626;36622478;1701725;39943670
FR;0;2022-05-27;1348;2381;9203;21217;8948;54434460;51782007;36631681;1722942;39952618
FR;0;2022-05-28;659;1239;3901;6773;3952;54435119;51783246;36635582;1729715;39956570
FR;0;2022-05-29;146;307;745;912;762;54435265;51783553;36636327;1730627;39957332
FR;0;2022-05-30;992;1905;6960;19206;6968;54436257;51785458;36643287;1749833;39964300
FR;0;2022-05-31;1467;2395;9758;35485;9590;54437724;51787853;36653045;1785318;39973890
FR;0;2022-06-01;1588;2753;10892;24292;10744;54439312;51790606;36663937;1809610;39984634
FR;0;2022-06-02;1411;2496;11138;35321;10679;54440723;51793102;36675075;1844931;39995313
FR;0;2022-06-03;1613;2987;13244;38616;12618;54442336;51796089;36688319;1883547;40007931
FR;0;2022-06-04;929;1499;4962;9059;5032;54443265;51797588;36693281;1892606;40012963
FR;0;2022-06-05;165;319;868;1101;877;54443430;51797907;36694149;1893707;40013840
FR;0;2022-06-06;181;374;2039;1233;2010;54443611;51798281;36696188;1894940;40015850
FR;0;2022-06-07;1333;2568;9747;35486;9331;54444944;51800849;36705935;1930426;40025181
FR;0;2022-06-08;1510;2591;9019;28596;8856;54446454;51803440;36714954;1959022;40034037
FR;0;2022-06-09;1249;2360;10412;39247;10035;54447703;51805800;36725366;1998269;40044072
FR;0;2022-06-10;1565;2822;12475;44594;12043;54449268;51808622;36737841;2042863;40056115
FR;0;2022-06-11;929;1708;5372;11595;5405;54450197;51810330;36743213;2054458;40061520
FR;0;2022-06-12;184;421;1041;1751;1103;54450381;51810751;36744254;2056209;40062623
FR;0;2022-06-13;1033;1927;7260;23092;7090;54451414;51812678;36751514;2079301;40069713
FR;0;2022-06-14;1270;2404;10299;44725;9662;54452684;51815082;36761813;2124026;40079375
FR;0;2022-06-15;1431;2283;8726;30642;8391;54454115;51817365;36770539;2154668;40087766
FR;0;2022-06-16;1135;1942;9574;39603;8980;54455250;51819307;36780113;2194271;40096746
FR;0;2022-06-17;1429;2752;11942;46469;11368;54456679;51822059;36792055;2240740;40108114
FR;0;2022-06-18;823;1484;4533;11091;4464;54457502;51823543;36796588;2251831;40112578
FR;0;2022-06-19;169;337;1045;1607;1114;54457671;51823880;36797633;2253438;40113692
FR;0;2022-06-20;968;1826;8229;25872;7907;54458639;51825706;36805862;2279310;40121599
FR;0;2022-06-21;1272;2321;10108;49703;9136;54459911;51828027;36815970;2329013;40130735
FR;0;2022-06-22;1333;2392;8691;38799;8156;54461244;51830419;36824661;2367812;40138891
FR;0;2022-06-23;1183;2246;10395;54823;9581;54462427;51832665;36835056;2422635;40148472
FR;0;2022-06-24;1436;2887;13219;68865;11887;54463863;51835552;36848275;2491500;40160359
FR;0;2022-06-25;907;1740;6000;19865;5782;54464770;51837292;36854275;2511365;40166141
FR;0;2022-06-26;221;428;1698;3671;1574;54464991;51837720;36855973;2515036;40167715
FR;0;2022-06-27;1078;1935;9493;48187;8694;54466069;51839655;36865466;2563223;40176409
FR;0;2022-06-28;1422;2716;14286;90904;12729;54467491;51842371;36879752;2654127;40189138
FR;0;2022-06-29;1657;2776;12007;71325;10961;54469148;51845147;36891759;2725452;40200099
FR;0;2022-06-30;1473;2531;13852;94695;11994;54470621;51847678;36905611;2820147;40212093
FR;0;2022-07-01;1827;3150;16883;115180;14487;54472448;51850828;36922494;2935327;40226580
FR;0;2022-07-02;1027;1782;7782;35498;6987;54473475;51852610;36930276;2970825;40233567
FR;0;2022-07-03;288;500;2037;6343;1833;54473763;51853110;36932313;2977168;40235400
FR;0;2022-07-04;1429;2424;12753;78632;11070;54475192;51855534;36945066;3055800;40246470
FR;0;2022-07-05;1616;2899;17430;131587;14650;54476808;51858433;36962496;3187387;40261120
FR;0;2022-07-06;1746;2571;14550;97954;12338;54478554;51861004;36977046;3285341;40273458
FR;0;2022-07-07;1603;2689;16781;123644;13645;54480157;51863693;36993827;3408985;40287103
FR;0;2022-07-08;1749;2944;19142;133750;15301;54481906;51866637;37012969;3542735;40302404
FR;0;2022-07-09;810;1330;7247;36422;6220;54482716;51867967;37020216;3579157;40308624
FR;0;2022-07-10;216;426;2096;6392;1915;54482932;51868393;37022312;3585549;40310539
