fra;vaccin;jour;n_dose1;n_dose2;n_dose3;n_dose4;n_rappel;n_cum_dose1;n_cum_dose2;n_cum_dose3;n_cum_dose4;n_cum_rappel
FR;1;2020-12-27;609;0;0;0;0;609;0;0;0;0
FR;1;2020-12-28;683;1;0;0;0;1292;1;0;0;0
FR;1;2020-12-29;384;0;0;0;0;1676;1;0;0;0
FR;1;2020-12-30;443;0;0;0;0;2119;1;0;0;0
FR;1;2020-12-31;440;1;0;0;0;2559;2;0;0;0
FR;1;2021-01-01;1156;2;0;0;0;3715;4;0;0;0
FR;1;2021-01-02;362;3;0;0;0;4077;7;0;0;0
FR;1;2021-01-03;404;0;0;0;0;4481;7;0;0;0
FR;1;2021-01-04;2106;4;0;0;0;6587;11;0;0;0
FR;1;2021-01-05;7750;3;0;0;0;14337;14;0;0;0
FR;1;2021-01-06;12454;16;0;0;0;26791;30;0;0;0
FR;1;2021-01-07;29461;16;0;0;0;56252;46;0;0;0
FR;1;2021-01-08;37143;17;0;0;0;93395;63;0;0;0
FR;1;2021-01-09;11212;7;0;0;0;104607;70;0;0;0
FR;1;2021-01-10;6006;7;0;0;0;110613;77;0;0;0
FR;1;2021-01-11;39934;21;0;0;0;150547;98;0;0;0
FR;1;2021-01-12;62141;19;0;0;0;212688;117;0;0;0
FR;1;2021-01-13;65119;42;0;0;0;277807;159;0;0;0
FR;1;2021-01-14;81450;146;0;0;0;359257;305;0;0;0
FR;1;2021-01-15;68609;57;0;0;0;427866;362;0;0;0
FR;1;2021-01-16;19901;72;0;0;0;447767;434;0;0;0
FR;1;2021-01-17;10903;51;0;0;0;458670;485;0;0;0
FR;1;2021-01-18;82827;168;0;0;0;541497;653;0;0;0
FR;1;2021-01-19;125918;187;0;0;0;667415;840;0;0;0
FR;1;2021-01-20;132411;182;0;0;0;799826;1022;0;0;0
FR;1;2021-01-21;153057;174;0;0;0;952883;1196;0;0;0
FR;1;2021-01-22;115943;220;0;0;0;1068826;1416;0;0;0
FR;1;2021-01-23;36608;69;0;0;0;1105434;1485;0;0;0
FR;1;2021-01-24;9583;97;0;0;0;1115017;1582;0;0;0
FR;1;2021-01-25;74423;1333;0;0;0;1189440;2915;0;0;0
FR;1;2021-01-26;96454;3477;1;0;0;1285894;6392;1;0;0
FR;1;2021-01-27;103641;6101;0;0;0;1389535;12493;1;0;0
FR;1;2021-01-28;120602;15551;0;0;0;1510137;28044;1;0;0
FR;1;2021-01-29;88889;18155;0;0;0;1599026;46199;1;0;0
FR;1;2021-01-30;27991;4401;0;0;0;1627017;50600;1;0;0
FR;1;2021-01-31;5188;1810;0;0;0;1632205;52410;1;0;0
FR;1;2021-02-01;49723;22009;0;0;0;1681928;74419;1;0;0
FR;1;2021-02-02;67815;36744;0;0;0;1749743;111163;1;0;0
FR;1;2021-02-03;67085;38937;0;0;0;1816828;150100;1;0;0
FR;1;2021-02-04;77140;53096;0;0;0;1893968;203196;1;0;0
FR;1;2021-02-05;63419;46719;0;0;0;1957387;249915;1;0;0
FR;1;2021-02-06;19424;11059;0;0;0;1976811;260974;1;0;0
FR;1;2021-02-07;3664;5594;0;0;0;1980475;266568;1;0;0
FR;1;2021-02-08;36496;47638;0;0;0;2016971;314206;1;0;0
FR;1;2021-02-09;50798;76084;0;0;0;2067769;390290;1;0;0
FR;1;2021-02-10;52066;80758;0;0;0;2119835;471048;1;0;0
FR;1;2021-02-11;63375;103077;0;0;0;2183210;574125;1;0;0
FR;1;2021-02-12;55860;75171;0;0;0;2239070;649296;1;0;0
FR;1;2021-02-13;15463;19341;0;0;0;2254533;668637;1;0;0
FR;1;2021-02-14;3747;7352;0;0;0;2258280;675989;1;0;0
FR;1;2021-02-15;24146;73691;0;0;0;2282426;749680;1;0;0
FR;1;2021-02-16;32775;96463;0;0;0;2315201;846143;1;0;0
FR;1;2021-02-17;35120;101180;20;0;0;2350321;947323;21;0;0
FR;1;2021-02-18;49443;116809;0;0;0;2399764;1064132;21;0;0
FR;1;2021-02-19;45379;87219;1;0;0;2445143;1151351;22;0;0
FR;1;2021-02-20;13389;27173;0;0;0;2458532;1178524;22;0;0
FR;1;2021-02-21;2457;6102;0;0;0;2460989;1184626;22;0;0
FR;1;2021-02-22;24717;69580;2;0;0;2485706;1254206;24;0;0
FR;1;2021-02-23;37428;81330;1;0;0;2523134;1335536;25;0;0
FR;1;2021-02-24;40697;78852;1;0;0;2563831;1414388;26;0;0
FR;1;2021-02-25;50158;87952;1;0;0;2613989;1502340;27;0;0
FR;1;2021-02-26;47217;67630;1;0;0;2661206;1569970;28;0;0
FR;1;2021-02-27;15674;21251;1;0;0;2676880;1591221;29;0;0
FR;1;2021-02-28;3558;4187;2;0;0;2680438;1595408;31;0;0
FR;1;2021-03-01;40185;49995;1;0;0;2720623;1645403;32;0;0
FR;1;2021-03-02;55976;62252;3;0;0;2776599;1707655;35;0;0
FR;1;2021-03-03;61241;60508;0;0;0;2837840;1768163;35;0;0
FR;1;2021-03-04;72997;67300;3;0;0;2910837;1835463;38;0;0
FR;1;2021-03-05;74767;58769;3;0;0;2985604;1894232;41;0;0
FR;1;2021-03-06;82456;15884;2;0;0;3068060;1910116;43;0;0
FR;1;2021-03-07;63724;4515;1;0;0;3131784;1914631;44;0;0
FR;1;2021-03-08;60169;41603;2;0;0;3191953;1956234;46;0;0
FR;1;2021-03-09;85989;47734;1;0;0;3277942;2003968;47;0;0
FR;1;2021-03-10;90911;47969;5;0;0;3368853;2051937;52;0;0
FR;1;2021-03-11;105080;54527;1;0;0;3473933;2106464;53;0;0
FR;1;2021-03-12;104119;45037;1;0;0;3578052;2151501;54;0;0
FR;1;2021-03-13;89200;12625;1;0;0;3667252;2164126;55;0;0
FR;1;2021-03-14;44456;2800;1;0;0;3711708;2166926;56;0;0
FR;1;2021-03-15;95512;28390;3;0;0;3807220;2195316;59;0;0
FR;1;2021-03-16;123587;34323;5;0;0;3930807;2229639;64;0;0
FR;1;2021-03-17;129304;33846;4;0;0;4060111;2263485;68;0;0
FR;1;2021-03-18;142894;39370;5;0;0;4203005;2302855;73;0;0
FR;1;2021-03-19;136243;32321;2;0;0;4339248;2335176;75;0;0
FR;1;2021-03-20;75999;9859;1;0;0;4415247;2345035;76;0;0
FR;1;2021-03-21;26512;2138;1;0;0;4441759;2347173;77;0;0
FR;1;2021-03-22;114757;30629;2;0;0;4556516;2377802;79;0;0
FR;1;2021-03-23;143032;38057;1;0;0;4699548;2415859;80;0;0
FR;1;2021-03-24;141999;38490;0;0;0;4841547;2454349;80;0;0
FR;1;2021-03-25;164997;39692;4;0;0;5006544;2494041;84;0;0
FR;1;2021-03-26;166392;37510;5;1;0;5172936;2531551;89;1;0
FR;1;2021-03-27;110879;15410;1;0;0;5283815;2546961;90;1;0
FR;1;2021-03-28;42304;4198;3;0;0;5326119;2551159;93;1;0
FR;1;2021-03-29;129816;49300;4;0;0;5455935;2600459;97;1;0
FR;1;2021-03-30;167715;63729;5;0;0;5623650;2664188;102;1;0
FR;1;2021-03-31;170936;67628;4;0;0;5794586;2731816;106;1;0
FR;1;2021-04-01;194800;82537;10;0;0;5989386;2814353;116;1;0
FR;1;2021-04-02;164446;86019;7;0;0;6153832;2900372;123;1;0
FR;1;2021-04-03;88244;58097;6;0;0;6242076;2958469;129;1;0
FR;1;2021-04-04;33650;17730;0;0;0;6275726;2976199;129;1;0
FR;1;2021-04-05;46402;9796;11;0;0;6322128;2985995;140;1;0
FR;1;2021-04-06;160307;103947;17;0;0;6482435;3089942;157;1;0
FR;1;2021-04-07;196979;108075;16;0;0;6679414;3198017;173;1;0
FR;1;2021-04-08;222123;113486;13;0;0;6901537;3311503;186;1;0
FR;1;2021-04-09;214553;107824;21;0;0;7116090;3419327;207;1;0
FR;1;2021-04-10;117178;73211;14;0;0;7233268;3492538;221;1;0
FR;1;2021-04-11;40890;30006;6;0;0;7274158;3522544;227;1;0
FR;1;2021-04-12;168465;104345;46;0;0;7442623;3626889;273;1;0
FR;1;2021-04-13;203800;127935;97;1;0;7646423;3754824;370;2;0
FR;1;2021-04-14;208617;122746;207;0;0;7855040;3877570;577;2;0
FR;1;2021-04-15;221671;127700;311;0;0;8076711;4005270;888;2;0
FR;1;2021-04-16;206053;125356;308;0;0;8282764;4130626;1196;2;0
FR;1;2021-04-17;122084;67152;103;0;0;8404848;4197778;1299;2;0
FR;1;2021-04-18;35963;20956;41;0;0;8440811;4218734;1340;2;0
FR;1;2021-04-19;163743;121601;432;0;0;8604554;4340335;1772;2;0
FR;1;2021-04-20;189417;149288;531;0;0;8793971;4489623;2303;2;0
FR;1;2021-04-21;193995;147219;759;0;0;8987966;4636842;3062;2;0
FR;1;2021-04-22;209031;163753;777;0;0;9196997;4800595;3839;2;0
FR;1;2021-04-23;198951;157445;671;0;0;9395948;4958040;4510;2;0
FR;1;2021-04-24;126327;95638;148;0;0;9522275;5053678;4658;2;0
FR;1;2021-04-25;53626;30036;46;0;0;9575901;5083714;4704;2;0
FR;1;2021-04-26;181135;139250;542;0;0;9757036;5222964;5246;2;0
FR;1;2021-04-27;221360;162201;900;0;0;9978396;5385165;6146;2;0
FR;1;2021-04-28;238288;155577;1314;1;1;10216684;5540742;7460;3;1
FR;1;2021-04-29;270281;160962;1208;0;0;10486965;5701704;8668;3;1
FR;1;2021-04-30;271981;148487;1071;0;0;10758946;5850191;9739;3;1
FR;1;2021-05-01;141143;40610;173;0;0;10900089;5890801;9912;3;1
FR;1;2021-05-02;81543;28134;81;0;0;10981632;5918935;9993;3;1
FR;1;2021-05-03;250768;144057;802;0;0;11232400;6062992;10795;3;1
FR;1;2021-05-04;265866;187358;1199;0;0;11498266;6250350;11994;3;1
FR;1;2021-05-05;283870;185450;1266;0;0;11782136;6435800;13260;3;1
FR;1;2021-05-06;309953;183823;1501;0;0;12092089;6619623;14761;3;1
FR;1;2021-05-07;284087;196057;1125;0;0;12376176;6815680;15886;3;1
FR;1;2021-05-08;191655;50061;285;0;0;12567831;6865741;16171;3;1
FR;1;2021-05-09;114053;35143;236;0;0;12681884;6900884;16407;3;1
FR;1;2021-05-10;258201;194449;1186;0;0;12940085;7095333;17593;3;1
FR;1;2021-05-11;318877;210975;1465;0;0;13258962;7306308;19058;3;1
FR;1;2021-05-12;356619;185854;1399;0;0;13615581;7492162;20457;3;1
FR;1;2021-05-13;283440;47518;401;0;0;13899021;7539680;20858;3;1
FR;1;2021-05-14;370488;128518;994;0;0;14269509;7668198;21852;3;1
FR;1;2021-05-15;298084;66119;403;0;0;14567593;7734317;22255;3;1
FR;1;2021-05-16;157772;15486;158;0;0;14725365;7749803;22413;3;1
FR;1;2021-05-17;318924;116188;1439;0;0;15044289;7865991;23852;3;1
FR;1;2021-05-18;383318;111378;1798;0;0;15427607;7977369;25650;3;1
FR;1;2021-05-19;395252;102115;2181;0;0;15822859;8079484;27831;3;1
FR;1;2021-05-20;421794;95894;2047;0;0;16244653;8175378;29878;3;1
FR;1;2021-05-21;399800;97240;1763;0;0;16644453;8272618;31641;3;1
FR;1;2021-05-22;275684;41919;602;0;0;16920137;8314537;32243;3;1
FR;1;2021-05-23;123012;11040;224;0;0;17043149;8325577;32467;3;1
FR;1;2021-05-24;244006;26259;569;0;0;17287155;8351836;33036;3;1
FR;1;2021-05-25;366218;131577;2110;1;0;17653373;8483413;35146;4;1
FR;1;2021-05-26;380810;126500;1993;0;0;18034183;8609913;37139;4;1
FR;1;2021-05-27;406137;128088;1976;0;0;18440320;8738001;39115;4;1
FR;1;2021-05-28;366020;145391;1700;0;0;18806340;8883392;40815;4;1
FR;1;2021-05-29;253822;80935;527;0;0;19060162;8964327;41342;4;1
FR;1;2021-05-30;100974;22572;157;0;0;19161136;8986899;41499;4;1
FR;1;2021-05-31;314307;148912;1282;1;1;19475443;9135811;42781;5;2
FR;1;2021-06-01;361614;166534;1727;1;1;19837057;9302345;44508;6;3
FR;1;2021-06-02;365373;153697;1796;0;0;20202430;9456042;46304;6;3
FR;1;2021-06-03;391404;147526;1651;0;0;20593834;9603568;47955;6;3
FR;1;2021-06-04;364102;175627;1495;1;1;20957936;9779195;49450;7;4
FR;1;2021-06-05;258505;112680;596;0;0;21216441;9891875;50046;7;4
FR;1;2021-06-06;126799;37534;215;0;0;21343240;9929409;50261;7;4
FR;1;2021-06-07;301107;207803;1365;0;0;21644347;10137212;51626;7;4
FR;1;2021-06-08;330825;220780;1642;0;0;21975172;10357992;53268;7;4
FR;1;2021-06-09;336567;211746;1609;0;0;22311739;10569738;54877;7;4
FR;1;2021-06-10;343876;201338;1612;0;0;22655615;10771076;56489;7;4
FR;1;2021-06-11;311883;234938;1299;0;0;22967498;11006014;57788;7;4
FR;1;2021-06-12;244073;150619;435;0;0;23211571;11156633;58223;7;4
FR;1;2021-06-13;100364;60998;188;0;0;23311935;11217631;58411;7;4
FR;1;2021-06-14;207831;288120;1317;1;0;23519766;11505751;59728;8;4
FR;1;2021-06-15;256840;281695;1394;1;0;23776606;11787446;61122;9;4
FR;1;2021-06-16;273641;270548;1263;1;0;24050247;12057994;62385;10;4
FR;1;2021-06-17;268203;244828;1235;1;0;24318450;12302822;63620;11;4
FR;1;2021-06-18;260591;295465;1152;1;0;24579041;12598287;64772;12;4
FR;1;2021-06-19;193448;209500;388;0;0;24772489;12807787;65160;12;4
FR;1;2021-06-20;69703;89115;120;0;0;24842192;12896902;65280;12;4
FR;1;2021-06-21;172356;319759;933;1;1;25014548;13216661;66213;13;5
FR;1;2021-06-22;185856;347846;1100;10;1;25200404;13564507;67313;23;6
FR;1;2021-06-23;204189;339547;1049;0;0;25404593;13904054;68362;23;6
FR;1;2021-06-24;203519;282037;1173;0;0;25608112;14186091;69535;23;6
FR;1;2021-06-25;182652;371776;1197;0;0;25790764;14557867;70732;23;6
FR;1;2021-06-26;131383;278383;504;0;0;25922147;14836250;71236;23;6
FR;1;2021-06-27;52400;122904;145;0;0;25974547;14959154;71381;23;6
FR;1;2021-06-28;136645;368192;1064;0;0;26111192;15327346;72445;23;6
FR;1;2021-06-29;154879;390902;1849;0;0;26266071;15718248;74294;23;6
FR;1;2021-06-30;180045;381948;1666;4;2;26446116;16100196;75960;27;8
FR;1;2021-07-01;201467;332298;1887;5;1;26647583;16432494;77847;32;9
FR;1;2021-07-02;193875;367492;1765;5;2;26841458;16799986;79612;37;11
FR;1;2021-07-03;124471;280429;704;3;1;26965929;17080415;80316;40;12
FR;1;2021-07-04;53950;113688;244;0;0;27019879;17194103;80560;40;12
FR;1;2021-07-05;153944;355937;1500;8;2;27173823;17550040;82060;48;14
FR;1;2021-07-06;173493;382395;1602;45;8;27347316;17932435;83662;93;22
FR;1;2021-07-07;190801;362473;1657;25;4;27538117;18294908;85319;118;26
FR;1;2021-07-08;201556;323097;1826;20;6;27739673;18618005;87145;138;32
FR;1;2021-07-09;189958;387802;1853;3;2;27929631;19005807;88998;141;34
FR;1;2021-07-10;129944;281168;815;1;1;28059575;19286975;89813;142;35
FR;1;2021-07-11;57672;102533;262;0;0;28117247;19389508;90075;142;35
FR;1;2021-07-12;149854;416957;1583;4;0;28267101;19806465;91658;146;35
FR;1;2021-07-13;234260;439286;1805;8;1;28501361;20245751;93463;154;36
FR;1;2021-07-14;171897;151436;418;0;0;28673258;20397187;93881;154;36
FR;1;2021-07-15;279669;424521;1858;1;0;28952927;20821708;95739;155;36
FR;1;2021-07-16;290417;400913;1711;3;1;29243344;21222621;97450;158;37
FR;1;2021-07-17;217336;282050;754;1;0;29460680;21504671;98204;159;37
FR;1;2021-07-18;101999;107236;288;0;0;29562679;21611907;98492;159;37
FR;1;2021-07-19;238197;378781;1497;3;0;29800876;21990688;99989;162;37
FR;1;2021-07-20;305740;380318;1469;0;0;30106616;22371006;101458;162;37
FR;1;2021-07-21;333254;353071;1412;4;2;30439870;22724077;102870;166;39
FR;1;2021-07-22;364656;318935;1502;3;2;30804526;23043012;104372;169;41
FR;1;2021-07-23;349391;343238;1588;4;1;31153917;23386250;105960;173;42
FR;1;2021-07-24;238953;240837;697;1;0;31392870;23627087;106657;174;42
FR;1;2021-07-25;112799;76027;223;0;0;31505669;23703114;106880;174;42
FR;1;2021-07-26;299136;289674;1495;2;2;31804805;23992788;108375;176;44
FR;1;2021-07-27;385825;268247;1458;4;2;32190630;24261035;109833;180;46
FR;1;2021-07-28;390194;251152;1461;4;2;32580824;24512187;111294;184;48
FR;1;2021-07-29;406126;227940;1540;2;0;32986950;24740127;112834;186;48
FR;1;2021-07-30;370731;246767;1638;4;1;33357681;24986894;114472;190;49
FR;1;2021-07-31;243378;165123;793;1;0;33601059;25152017;115265;191;49
FR;1;2021-08-01;105575;47216;233;0;0;33706634;25199233;115498;191;49
FR;1;2021-08-02;297308;213026;1479;2;0;34003942;25412259;116977;193;49
FR;1;2021-08-03;331320;208900;1556;2;1;34335262;25621159;118533;195;50
FR;1;2021-08-04;328018;184102;1439;5;3;34663280;25805261;119972;200;53
FR;1;2021-08-05;301270;193328;1482;0;0;34964550;25998589;121454;200;53
FR;1;2021-08-06;290971;224324;1560;3;1;35255521;26222913;123014;203;54
FR;1;2021-08-07;182653;158809;654;4;3;35438174;26381722;123668;207;57
FR;1;2021-08-08;68886;59117;252;0;0;35507060;26440839;123920;207;57
FR;1;2021-08-09;222772;235540;1444;4;3;35729832;26676379;125364;211;60
FR;1;2021-08-10;252708;240208;1489;2;1;35982540;26916587;126853;213;61
FR;1;2021-08-11;236218;232010;1271;5;1;36218758;27148597;128124;218;62
FR;1;2021-08-12;220773;239988;1487;3;1;36439531;27388585;129611;221;63
FR;1;2021-08-13;201710;238603;1358;2;2;36641241;27627188;130969;223;65
FR;1;2021-08-14;122852;174071;646;0;0;36764093;27801259;131615;223;65
FR;1;2021-08-15;34693;46133;200;1;0;36798786;27847392;131815;224;65
FR;1;2021-08-16;156951;289602;1422;0;0;36955737;28136994;133237;224;65
FR;1;2021-08-17;171599;291249;1422;5;1;37127336;28428243;134659;229;66
FR;1;2021-08-18;161421;286854;1392;6;3;37288757;28715097;136051;235;69
FR;1;2021-08-19;148937;277578;1402;1;0;37437694;28992675;137453;236;69
FR;1;2021-08-20;140500;309084;1532;2;2;37578194;29301759;138985;238;71
FR;1;2021-08-21;84267;213211;586;0;0;37662461;29514970;139571;238;71
FR;1;2021-08-22;28570;82698;232;0;0;37691031;29597668;139803;238;71
FR;1;2021-08-23;118660;321061;1422;2;1;37809691;29918729;141225;240;72
FR;1;2021-08-24;126648;319811;1602;5;1;37936339;30238540;142827;245;73
FR;1;2021-08-25;121498;306530;1779;8;2;38057837;30545070;144606;253;75
FR;1;2021-08-26;106584;286129;2161;10;0;38164421;30831199;146767;263;75
FR;1;2021-08-27;107622;321670;2301;9;3;38272043;31152869;149068;272;78
FR;1;2021-08-28;71002;220696;1100;0;0;38343045;31373565;150168;272;78
FR;1;2021-08-29;24143;78185;469;1;0;38367188;31451750;150637;273;78
FR;1;2021-08-30;96859;286433;4312;6;5071;38464047;31738183;154949;279;5149
FR;1;2021-08-31;98061;276326;9292;15;10122;38562108;32014509;164241;294;15271
FR;1;2021-09-01;112221;245345;21113;7;22130;38674329;32259854;185354;301;37401
FR;1;2021-09-02;86593;197968;24525;18;25483;38760922;32457822;209879;319;62884
FR;1;2021-09-03;82390;227565;26953;21;28022;38843312;32685387;236832;340;90906
FR;1;2021-09-04;71616;189734;11140;11;11682;38914928;32875121;247972;351;102588
FR;1;2021-09-05;18607;41157;4124;2;4280;38933535;32916278;252096;353;106868
FR;1;2021-09-06;59528;151512;30178;15;31195;38993063;33067790;282274;368;138063
FR;1;2021-09-07;57373;139695;30207;30;31208;39050436;33207485;312481;398;169271
FR;1;2021-09-08;72315;173816;26922;22;27913;39122751;33381301;339403;420;197184
FR;1;2021-09-09;54443;124505;28619;24;29694;39177194;33505806;368022;444;226878
FR;1;2021-09-10;66165;152115;30446;24;31638;39243359;33657921;398468;468;258516
FR;1;2021-09-11;52681;146628;9730;14;10338;39296040;33804549;408198;482;268854
FR;1;2021-09-12;10793;29273;2484;1;2644;39306833;33833822;410682;483;271498
FR;1;2021-09-13;51473;104489;38744;31;40016;39358306;33938311;449426;514;311514
FR;1;2021-09-14;53298;96040;51268;66;53085;39411604;34034351;500694;580;364599
FR;1;2021-09-15;60510;139294;50484;55;47027;39472114;34173645;551178;635;411626
FR;1;2021-09-16;46594;81424;53331;70;49537;39518708;34255069;604509;705;461163
FR;1;2021-09-17;53188;109358;45067;61;42669;39571896;34364427;649576;766;503832
FR;1;2021-09-18;37858;118498;11796;19;11270;39609754;34482925;661372;785;515102
FR;1;2021-09-19;6505;21044;2038;1;1980;39616259;34503969;663410;786;517082
FR;1;2021-09-20;36487;74888;46221;65;44164;39652746;34578857;709631;851;561246
FR;1;2021-09-21;34165;68146;56257;70;52680;39686911;34647003;765888;921;613926
FR;1;2021-09-22;38809;118606;49869;76;46877;39725720;34765609;815757;997;660803
FR;1;2021-09-23;31997;62906;54493;85;50884;39757717;34828515;870250;1082;711687
FR;1;2021-09-24;36766;90079;43656;89;41917;39794483;34918594;913906;1171;753604
FR;1;2021-09-25;27643;96693;12303;27;12175;39822126;35015287;926209;1198;765779
FR;1;2021-09-26;4375;15191;1772;5;1695;39826501;35030478;927981;1203;767474
FR;1;2021-09-27;27336;60232;42905;89;41614;39853837;35090710;970886;1292;809088
FR;1;2021-09-28;26881;49471;47189;75;44441;39880718;35140181;1018075;1367;853529
FR;1;2021-09-29;35890;80372;47267;87;45573;39916608;35220553;1065342;1454;899102
FR;1;2021-09-30;26045;46883;47519;80;45431;39942653;35267436;1112861;1534;944533
FR;1;2021-10-01;47281;66765;44882;83;44581;39989934;35334201;1157743;1617;989114
FR;1;2021-10-02;32367;62415;16112;32;16315;40022301;35396616;1173855;1649;1005429
FR;1;2021-10-03;4338;8561;2038;3;2032;40026639;35405177;1175893;1652;1007461
FR;1;2021-10-04;28917;44450;47097;79;46945;40055556;35449627;1222990;1731;1054406
FR;1;2021-10-05;24506;41640;49868;116;49266;40080062;35491267;1272858;1847;1103672
FR;1;2021-10-06;34625;61399;57490;102;57205;40114687;35552666;1330348;1949;1160877
FR;1;2021-10-07;21035;39900;53033;75;51947;40135722;35592566;1383381;2024;1212824
FR;1;2021-10-08;35635;59658;60386;83;61119;40171357;35652224;1443767;2107;1273943
FR;1;2021-10-09;27443;48013;25493;29;26010;40198800;35700237;1469260;2136;1299953
FR;1;2021-10-10;3710;5810;2753;7;2860;40202510;35706047;1472013;2143;1302813
FR;1;2021-10-11;24820;38237;54578;88;55240;40227330;35744284;1526591;2231;1358053
FR;1;2021-10-12;23331;36582;58059;127;59171;40250661;35780866;1584650;2358;1417224
FR;1;2021-10-13;32911;47842;64165;124;65669;40283572;35828708;1648815;2482;1482893
FR;1;2021-10-14;21667;34785;53755;103;54336;40305239;35863493;1702570;2585;1537229
FR;1;2021-10-15;32694;48808;72319;165;74975;40337933;35912301;1774889;2750;1612204
FR;1;2021-10-16;25982;35305;34864;44;36406;40363915;35947606;1809753;2794;1648610
FR;1;2021-10-17;3107;4051;3410;2;3311;40367022;35951657;1813163;2796;1651921
FR;1;2021-10-18;24092;34900;66827;131;69696;40391114;35986557;1879990;2927;1721617
FR;1;2021-10-19;20683;35604;75649;135;79541;40411797;36022161;1955639;3062;1801158
FR;1;2021-10-20;29870;44239;96168;178;99822;40441667;36066400;2051807;3240;1900980
FR;1;2021-10-21;19765;35087;83165;107;87017;40461432;36101487;2134972;3347;1987997
FR;1;2021-10-22;29721;47777;103728;196;109663;40491153;36149264;2238700;3543;2097660
FR;1;2021-10-23;23026;35152;44867;57;47378;40514179;36184416;2283567;3600;2145038
FR;1;2021-10-24;2380;3850;3581;6;3723;40516559;36188266;2287148;3606;2148761
FR;1;2021-10-25;22411;30770;82014;143;85794;40538970;36219036;2369162;3749;2234555
FR;1;2021-10-26;19328;27680;86090;162;90307;40558298;36246716;2455252;3911;2324862
FR;1;2021-10-27;26187;39664;107794;252;112678;40584485;36286380;2563046;4163;2437540
FR;1;2021-10-28;18778;27135;86934;150;91667;40603263;36313515;2649980;4313;2529207
FR;1;2021-10-29;25921;40279;114816;200;121603;40629184;36353794;2764796;4513;2650810
FR;1;2021-10-30;17690;28720;49360;74;51942;40646874;36382514;2814156;4587;2702752
FR;1;2021-10-31;2059;3179;3447;2;3684;40648933;36385693;2817603;4589;2706436
FR;1;2021-11-01;7907;4269;3027;3;3284;40656840;36389962;2820630;4592;2709720
FR;1;2021-11-02;22707;33249;92385;156;97793;40679547;36423211;2913015;4748;2807513
FR;1;2021-11-03;26580;41612;117482;215;123849;40706127;36464823;3030497;4963;2931362
FR;1;2021-11-04;19590;30335;105793;213;111910;40725717;36495158;3136290;5176;3043272
FR;1;2021-11-05;26985;42345;138764;229;147402;40752702;36537503;3275054;5405;3190674
FR;1;2021-11-06;18837;29832;63477;123;66477;40771539;36567335;3338531;5528;3257151
FR;1;2021-11-07;1808;3297;4972;6;5301;40773347;36570632;3343503;5534;3262452
FR;1;2021-11-08;17838;32294;125985;224;132604;40791185;36602926;3469488;5758;3395056
FR;1;2021-11-09;19480;37680;159278;334;169049;40810665;36640606;3628766;6092;3564105
FR;1;2021-11-10;28847;49185;181880;440;192478;40839512;36689791;3810646;6532;3756583
FR;1;2021-11-11;4134;5950;12219;26;13018;40843646;36695741;3822865;6558;3769601
FR;1;2021-11-12;25999;46899;174794;244;186440;40869645;36742640;3997659;6802;3956041
FR;1;2021-11-13;18726;29203;76818;111;81762;40888371;36771843;4074477;6913;4037803
FR;1;2021-11-14;2038;3268;6817;5;7360;40890409;36775111;4081294;6918;4045163
FR;1;2021-11-15;18751;34829;156397;304;166211;40909160;36809940;4237691;7222;4211374
FR;1;2021-11-16;21337;37920;192098;378;204926;40930497;36847860;4429789;7600;4416300
FR;1;2021-11-17;28629;45658;193203;398;205001;40959126;36893518;4622992;7998;4621301
FR;1;2021-11-18;21122;39420;182469;458;194507;40980248;36932938;4805461;8456;4815808
FR;1;2021-11-19;30872;53446;230219;530;246688;41011120;36986384;5035680;8986;5062496
FR;1;2021-11-20;23750;33252;96974;201;103601;41034870;37019636;5132654;9187;5166097
FR;1;2021-11-21;2327;3964;9107;19;9957;41037197;37023600;5141761;9206;5176054
FR;1;2021-11-22;21402;30435;175880;465;189411;41058599;37054035;5317641;9671;5365465
FR;1;2021-11-23;24010;41108;221162;540;237893;41082609;37095143;5538803;10211;5603358
FR;1;2021-11-24;30282;49777;217313;701;234465;41112891;37144920;5756116;10912;5837823
FR;1;2021-11-25;23701;44054;244444;718;264075;41136592;37188974;6000560;11630;6101898
FR;1;2021-11-26;30615;66781;356772;834;388486;41167207;37255755;6357332;12464;6490384
FR;1;2021-11-27;21934;45387;202600;371;222604;41189141;37301142;6559932;12835;6712988
FR;1;2021-11-28;3164;9624;54778;63;61019;41192305;37310766;6614710;12898;6774007
FR;1;2021-11-29;17875;49533;326345;839;354396;41210180;37360299;6941055;13737;7128403
FR;1;2021-11-30;22782;64959;431113;952;470724;41232962;37425258;7372168;14689;7599127
FR;1;2021-12-01;25315;69346;442842;1129;481711;41258277;37494604;7815010;15818;8080838
FR;1;2021-12-02;20059;64595;489344;1228;532833;41278336;37559199;8304354;17046;8613671
FR;1;2021-12-03;22889;82508;542717;1309;591753;41301225;37641707;8847071;18355;9205424
FR;1;2021-12-04;16391;53967;299068;652;328911;41317616;37695674;9146139;19007;9534335
FR;1;2021-12-05;3632;13876;81518;143;91051;41321248;37709550;9227657;19150;9625386
FR;1;2021-12-06;25620;62666;415405;1064;455116;41346868;37772216;9643062;20214;10080502
FR;1;2021-12-07;19987;75687;522923;1535;572524;41366855;37847903;10165985;21749;10653026
FR;1;2021-12-08;21684;75803;458343;1544;502058;41388539;37923706;10624328;23293;11155084
FR;1;2021-12-09;19438;74067;492871;1626;540762;41407977;37997773;11117199;24919;11695846
FR;1;2021-12-10;23297;87779;547357;1585;599971;41431274;38085552;11664556;26504;12295817
FR;1;2021-12-11;16533;59230;302722;748;335472;41447807;38144782;11967278;27252;12631289
FR;1;2021-12-12;4361;15982;83206;179;94060;41452168;38160764;12050484;27431;12725349
FR;1;2021-12-13;15747;63756;366923;1094;406251;41467915;38224520;12417407;28525;13131600
FR;1;2021-12-14;20823;80401;464663;1745;515122;41488738;38304921;12882070;30270;13646722
FR;1;2021-12-15;21589;77551;409035;1309;453114;41510327;38382472;13291105;31579;14099836
FR;1;2021-12-16;20030;77378;451803;1578;500565;41530357;38459850;13742908;33157;14600401
FR;1;2021-12-17;22604;86731;479890;1733;530963;41552961;38546581;14222798;34890;15131364
FR;1;2021-12-18;17598;54715;257596;730;288496;41570559;38601296;14480394;35620;15419860
FR;1;2021-12-19;5549;17056;79164;194;90720;41576108;38618352;14559558;35814;15510580
FR;1;2021-12-20;20927;63196;316196;1080;355267;41597035;38681548;14875754;36894;15865847
FR;1;2021-12-21;26322;73161;372703;1422;418042;41623357;38754709;15248457;38316;16283889
FR;1;2021-12-22;24974;65983;310594;1216;349583;41648331;38820692;15559051;39532;16633472
FR;1;2021-12-23;21261;52355;241459;955;273025;41669592;38873047;15800510;40487;16906497
FR;1;2021-12-24;7121;18363;67143;258;77064;41676713;38891410;15867653;40745;16983561
FR;1;2021-12-25;506;2852;5580;15;6533;41677219;38894262;15873233;40760;16990094
FR;1;2021-12-26;2748;7591;26934;71;31458;41679967;38901853;15900167;40831;17021552
FR;1;2021-12-27;18255;53602;235093;705;265745;41698222;38955455;16135260;41536;17287297
FR;1;2021-12-28;23291;62064;292013;1026;330207;41721513;39017519;16427273;42562;17617504
FR;1;2021-12-29;22206;55583;254968;919;288185;41743719;39073102;16682241;43481;17905689
FR;1;2021-12-30;21235;46585;212144;858;239623;41764954;39119687;16894385;44339;18145312
FR;1;2021-12-31;7463;16607;61859;229;70402;41772417;39136294;16956244;44568;18215714
FR;1;2022-01-01;1057;2487;5655;30;6583;41773474;39138781;16961899;44598;18222297
FR;1;2022-01-02;3060;8054;28887;50;33523;41776534;39146835;16990786;44648;18255820
FR;1;2022-01-03;23426;54290;228214;786;257680;41799960;39201125;17219000;45434;18513500
FR;1;2022-01-04;25874;65068;299226;1239;337270;41825834;39266193;17518226;46673;18850770
FR;1;2022-01-05;30233;64310;274842;1096;310205;41856067;39330503;17793068;47769;19160975
FR;1;2022-01-06;26773;66284;306863;1398;346518;41882840;39396787;18099931;49167;19507493
FR;1;2022-01-07;31543;75039;349819;1537;393959;41914383;39471826;18449750;50704;19901452
FR;1;2022-01-08;23381;51400;222481;698;251108;41937764;39523226;18672231;51402;20152560
FR;1;2022-01-09;7076;17145;66020;163;76142;41944840;39540371;18738251;51565;20228702
FR;1;2022-01-10;21726;60752;236765;954;267610;41966566;39601123;18975016;52519;20496312
FR;1;2022-01-11;26720;63536;282262;1277;317808;41993286;39664659;19257278;53796;20814120
FR;1;2022-01-12;28885;62517;246226;1104;278011;42022171;39727176;19503504;54900;21092131
FR;1;2022-01-13;24722;60207;262777;1252;296118;42046893;39787383;19766281;56152;21388249
FR;1;2022-01-14;27944;66735;313973;1366;351235;42074837;39854118;20080254;57518;21739484
FR;1;2022-01-15;19330;44380;199298;619;223857;42094167;39898498;20279552;58137;21963341
FR;1;2022-01-16;5145;12954;51519;135;59568;42099312;39911452;20331071;58272;22022909
FR;1;2022-01-17;16841;39761;184814;780;206855;42116153;39951213;20515885;59052;22229764
FR;1;2022-01-18;19425;45935;212394;1154;237010;42135578;39997148;20728279;60206;22466774
FR;1;2022-01-19;20287;43998;176085;897;197189;42155865;40041146;20904364;61103;22663963
FR;1;2022-01-20;16772;40588;183653;1136;204724;42172637;40081734;21088017;62239;22868687
FR;1;2022-01-21;19893;47096;228939;1405;253331;42192530;40128830;21316956;63644;23122018
FR;1;2022-01-22;13834;33354;144487;578;161383;42206364;40162184;21461443;64222;23283401
FR;1;2022-01-23;3349;8770;33421;132;38324;42209713;40170954;21494864;64354;23321725
FR;1;2022-01-24;11793;32997;142188;709;158242;42221506;40203951;21637052;65063;23479967
FR;1;2022-01-25;14199;38240;163372;1048;181540;42235705;40242191;21800424;66111;23661507
FR;1;2022-01-26;14858;37663;150237;932;166329;42250563;40279854;21950661;67043;23827836
FR;1;2022-01-27;12331;33227;143442;886;157966;42262894;40313081;22094103;67929;23985802
FR;1;2022-01-28;16308;56067;198300;1145;222432;42279202;40369148;22292403;69074;24208234
FR;1;2022-01-29;10264;35432;135196;524;151535;42289466;40404580;22427599;69598;24359769
FR;1;2022-01-30;2479;9269;29680;86;34469;42291945;40413849;22457279;69684;24394238
FR;1;2022-01-31;8754;32488;104334;532;117397;42300699;40446337;22561613;70216;24511635
FR;1;2022-02-01;10811;36489;127052;863;141255;42311510;40482826;22688665;71079;24652890
FR;1;2022-02-02;11834;41570;130338;782;145854;42323344;40524396;22819003;71861;24798744
FR;1;2022-02-03;9211;33969;116997;784;130358;42332555;40558365;22936000;72645;24929102
FR;1;2022-02-04;11506;48190;172570;966;192788;42344061;40606555;23108570;73611;25121890
FR;1;2022-02-05;7988;33949;117576;391;133057;42352049;40640504;23226146;74002;25254947
FR;1;2022-02-06;1700;8014;22749;85;26914;42353749;40648518;23248895;74087;25281861
FR;1;2022-02-07;7281;35444;119077;455;134976;42361030;40683962;23367972;74542;25416837
FR;1;2022-02-08;7713;31908;125635;693;140621;42368743;40715870;23493607;75235;25557458
FR;1;2022-02-09;8603;36488;135242;696;152484;42377346;40752358;23628849;75931;25709942
FR;1;2022-02-10;6976;29870;116357;674;130141;42384322;40782228;23745206;76605;25840083
FR;1;2022-02-11;8651;41505;165118;877;185339;42392973;40823733;23910324;77482;26025422
FR;1;2022-02-12;5316;27584;106695;378;120877;42398289;40851317;24017019;77860;26146299
FR;1;2022-02-13;1227;5712;21714;65;25329;42399516;40857029;24038733;77925;26171628
FR;1;2022-02-14;5444;27198;118068;392;133096;42404960;40884227;24156801;78317;26304724
FR;1;2022-02-15;5741;28816;118904;610;132533;42410701;40913043;24275705;78927;26437257
FR;1;2022-02-16;5731;28447;110411;596;123042;42416432;40941490;24386116;79523;26560299
FR;1;2022-02-17;4605;19688;73127;487;80225;42421037;40961178;24459243;80010;26640524
FR;1;2022-02-18;5600;26749;99183;670;108141;42426637;40987927;24558426;80680;26748665
FR;1;2022-02-19;3547;17168;59473;304;66054;42430184;41005095;24617899;80984;26814719
FR;1;2022-02-20;787;3251;10701;36;12328;42430971;41008346;24628600;81020;26827047
FR;1;2022-02-21;3419;14586;52813;286;57664;42434390;41022932;24681413;81306;26884711
FR;1;2022-02-22;3782;15516;51899;500;55632;42438172;41038448;24733312;81806;26940343
FR;1;2022-02-23;4218;17784;57467;508;62569;42442390;41056232;24790779;82314;27002912
FR;1;2022-02-24;3336;13039;43610;435;46400;42445726;41069271;24834389;82749;27049312
FR;1;2022-02-25;4468;19787;64903;695;68775;42450194;41089058;24899292;83444;27118087
FR;1;2022-02-26;2691;12796;41361;310;45114;42452885;41101854;24940653;83754;27163201
FR;1;2022-02-27;644;2183;7125;42;7990;42453529;41104037;24947778;83796;27171191
FR;1;2022-02-28;2611;10454;34943;305;37369;42456140;41114491;24982721;84101;27208560
FR;1;2022-03-01;3404;10691;38687;389;39635;42459544;41125182;25021408;84490;27248195
FR;1;2022-03-02;3625;12145;41841;397;43910;42463169;41137327;25063249;84887;27292105
FR;1;2022-03-03;2431;7927;26166;326;26500;42465600;41145254;25089415;85213;27318605
FR;1;2022-03-04;2681;10394;35418;590;34911;42468281;41155648;25124833;85803;27353516
FR;1;2022-03-05;1816;6342;21960;278;22355;42470097;41161990;25146793;86081;27375871
FR;1;2022-03-06;353;951;2915;38;3118;42470450;41162941;25149708;86119;27378989
FR;1;2022-03-07;1694;4692;16427;245;15893;42472144;41167633;25166135;86364;27394882
FR;1;2022-03-08;1645;5238;17161;307;15988;42473789;41172871;25183296;86671;27410870
FR;1;2022-03-09;1948;6658;19804;368;19162;42475737;41179529;25203100;87039;27430032
FR;1;2022-03-10;1360;4753;15270;306;14308;42477097;41184282;25218370;87345;27444340
FR;1;2022-03-11;1747;6380;21698;481;19849;42478844;41190662;25240068;87826;27464189
FR;1;2022-03-12;1227;4646;15359;280;14908;42480071;41195308;25255427;88106;27479097
FR;1;2022-03-13;242;607;2117;118;2064;42480313;41195915;25257544;88224;27481161
FR;1;2022-03-14;1137;3663;13395;3878;12517;42481450;41199578;25270939;92102;27493678
FR;1;2022-03-15;1350;5510;14641;6862;13236;42482800;41205088;25285580;98964;27506914
FR;1;2022-03-16;1654;4982;17383;11517;16441;42484454;41210070;25302963;110481;27523355
FR;1;2022-03-17;1147;3412;11711;9643;10812;42485601;41213482;25314674;120124;27534167
FR;1;2022-03-18;1718;4913;17952;16490;16389;42487319;41218395;25332626;136614;27550556
FR;1;2022-03-19;1120;3296;11887;8455;11355;42488439;41221691;25344513;145069;27561911
FR;1;2022-03-20;222;555;1723;1014;1757;42488661;41222246;25346236;146083;27563668
FR;1;2022-03-21;1079;2752;11485;13448;10834;42489740;41224998;25357721;159531;27574502
FR;1;2022-03-22;1217;3201;12247;18690;11238;42490957;41228199;25369968;178221;27585740
FR;1;2022-03-23;1484;4299;16010;20109;15692;42492441;41232498;25385978;198330;27601432
FR;1;2022-03-24;1100;2732;10385;16032;9638;42493541;41235230;25396363;214362;27611070
FR;1;2022-03-25;1524;4328;16722;25293;15371;42495065;41239558;25413085;239655;27626441
FR;1;2022-03-26;1102;3009;10851;11448;10512;42496167;41242567;25423936;251103;27636953
FR;1;2022-03-27;232;541;1748;1380;1800;42496399;41243108;25425684;252483;27638753
FR;1;2022-03-28;1075;2475;9966;15881;9591;42497474;41245583;25435650;268364;27648344
FR;1;2022-03-29;1138;2733;11546;25083;10909;42498612;41248316;25447196;293447;27659253
FR;1;2022-03-30;1615;3538;14158;24167;13692;42500227;41251854;25461354;317614;27672945
FR;1;2022-03-31;1276;2987;11683;22629;11191;42501503;41254841;25473037;340243;27684136
FR;1;2022-04-01;2193;4007;18451;28492;17315;42503696;41258848;25491488;368735;27701451
FR;1;2022-04-02;905;1869;8189;9214;7935;42504601;41260717;25499677;377949;27709386
FR;1;2022-04-03;200;371;1432;1054;1433;42504801;41261088;25501109;379003;27710819
FR;1;2022-04-04;1457;2421;11355;17641;10738;42506258;41263509;25512464;396644;27721557
FR;1;2022-04-05;1364;2635;12986;31147;12007;42507622;41266144;25525450;427791;27733564
FR;1;2022-04-06;1369;2907;12186;23898;11617;42508991;41269051;25537636;451689;27745181
FR;1;2022-04-07;1181;2672;12328;31027;11793;42510172;41271723;25549964;482716;27756974
FR;1;2022-04-08;1578;3578;17541;40569;16450;42511750;41275301;25567505;523285;27773424
FR;1;2022-04-09;814;1982;8401;12492;8099;42512564;41277283;25575906;535777;27781523
FR;1;2022-04-10;193;491;1833;1848;1876;42512757;41277774;25577739;537625;27783399
FR;1;2022-04-11;1007;2221;10956;22304;10665;42513764;41279995;25588695;559929;27794064
FR;1;2022-04-12;1267;2574;12804;38078;12290;42515031;41282569;25601499;598007;27806354
FR;1;2022-04-13;1222;2799;12254;30585;11984;42516253;41285368;25613753;628592;27818338
FR;1;2022-04-14;1204;2488;12075;33552;12079;42517457;41287856;25625828;662144;27830417
FR;1;2022-04-15;1466;2903;14385;33188;13758;42518923;41290759;25640213;695332;27844175
FR;1;2022-04-16;656;1390;5837;7980;5759;42519579;41292149;25646050;703312;27849934
FR;1;2022-04-17;153;274;929;1119;971;42519732;41292423;25646979;704431;27850905
FR;1;2022-04-18;145;459;2633;998;2656;42519877;41292882;25649612;705429;27853561
FR;1;2022-04-19;1226;2572;11772;27886;11503;42521103;41295454;25661384;733315;27865064
FR;1;2022-04-20;1322;2610;12160;26810;11998;42522425;41298064;25673544;760125;27877062
FR;1;2022-04-21;1219;2441;11520;33117;11687;42523644;41300505;25685064;793242;27888749
FR;1;2022-04-22;1499;3053;15191;35459;14774;42525143;41303558;25700255;828701;27903523
FR;1;2022-04-23;755;1565;6729;9887;6635;42525898;41305123;25706984;838588;27910158
FR;1;2022-04-24;195;361;1373;1520;1326;42526093;41305484;25708357;840108;27911484
FR;1;2022-04-25;1019;2111;9849;19660;9747;42527112;41307595;25718206;859768;27921231
FR;1;2022-04-26;1313;2596;12584;36532;12191;42528425;41310191;25730790;896300;27933422
FR;1;2022-04-27;1296;2392;10639;29148;10775;42529721;41312583;25741429;925448;27944197
FR;1;2022-04-28;1262;2363;11549;34149;11387;42530983;41314946;25752978;959597;27955584
FR;1;2022-04-29;1589;3381;14388;35484;13825;42532572;41318327;25767366;995081;27969409
FR;1;2022-04-30;820;1445;6440;9161;6282;42533392;41319772;25773806;1004242;27975691
FR;1;2022-05-01;175;281;823;947;817;42533567;41320053;25774629;1005189;27976508
FR;1;2022-05-02;1114;2427;10347;16853;10240;42534681;41322480;25784976;1022042;27986748
FR;1;2022-05-03;1450;2794;12685;32809;12578;42536131;41325274;25797661;1054851;27999326
FR;1;2022-05-04;1319;2677;11208;23765;11361;42537450;41327951;25808869;1078616;28010687
FR;1;2022-05-05;1396;2508;12155;31697;12081;42538846;41330459;25821024;1110313;28022768
FR;1;2022-05-06;1723;3198;14205;34842;13771;42540569;41333657;25835229;1145155;28036539
FR;1;2022-05-07;841;1456;5968;9085;6000;42541410;41335113;25841197;1154240;28042539
FR;1;2022-05-08;186;323;1058;1469;1120;42541596;41335436;25842255;1155709;28043659
FR;1;2022-05-09;1053;1979;9231;19242;9143;42542649;41337415;25851486;1174951;28052802
FR;1;2022-05-10;1411;2664;12573;36964;12164;42544060;41340079;25864059;1211915;28064966
FR;1;2022-05-11;1406;2386;9882;25950;9810;42545466;41342465;25873941;1237865;28074776
FR;1;2022-05-12;1282;2351;10479;33483;10167;42546748;41344816;25884420;1271348;28084943
FR;1;2022-05-13;1593;2758;12743;35676;12385;42548341;41347574;25897163;1307024;28097328
FR;1;2022-05-14;775;1298;5477;10206;5359;42549116;41348872;25902640;1317230;28102687
FR;1;2022-05-15;219;391;1180;1345;1243;42549335;41349263;25903820;1318575;28103930
FR;1;2022-05-16;951;1731;8054;20055;8105;42550286;41350994;25911874;1338630;28112035
FR;1;2022-05-17;1271;2233;11106;36100;10711;42551557;41353227;25922980;1374730;28122746
FR;1;2022-05-18;1281;2084;9020;25661;8969;42552838;41355311;25932000;1400391;28131715
FR;1;2022-05-19;1173;2355;9821;33875;9915;42554011;41357666;25941821;1434266;28141630
FR;1;2022-05-20;1550;2720;12502;37613;12083;42555561;41360386;25954323;1471879;28153713
FR;1;2022-05-21;773;1357;5241;9372;5160;42556334;41361743;25959564;1481251;28158873
FR;1;2022-05-22;190;284;946;1392;947;42556524;41362027;25960510;1482643;28159820
FR;1;2022-05-23;949;1803;8362;19393;8321;42557473;41363830;25968872;1502036;28168141
FR;1;2022-05-24;1275;2413;10706;37165;10549;42558748;41366243;25979578;1539201;28178690
FR;1;2022-05-25;1258;2254;8783;23653;8941;42560006;41368497;25988361;1562854;28187631
FR;1;2022-05-26;161;316;1572;1145;1566;42560167;41368813;25989933;1563999;28189197
FR;1;2022-05-27;1097;2127;8772;20427;8521;42561264;41370940;25998705;1584426;28197718
FR;1;2022-05-28;481;1030;3684;6529;3721;42561745;41371970;26002389;1590955;28201439
FR;1;2022-05-29;118;256;705;890;715;42561863;41372226;26003094;1591845;28202154
FR;1;2022-05-30;806;1704;6551;18529;6577;42562669;41373930;26009645;1610374;28208731
FR;1;2022-05-31;1256;2162;9235;34332;9103;42563925;41376092;26018880;1644706;28217834
FR;1;2022-06-01;1261;2524;10427;23364;10289;42565186;41378616;26029307;1668070;28228123
FR;1;2022-06-02;1202;2236;10665;34047;10222;42566388;41380852;26039972;1702117;28238345
FR;1;2022-06-03;1362;2678;12690;37070;12111;42567750;41383530;26052662;1739187;28250456
FR;1;2022-06-04;671;1255;4745;8670;4821;42568421;41384785;26057407;1747857;28255277
FR;1;2022-06-05;126;283;807;1046;829;42568547;41385068;26058214;1748903;28256106
FR;1;2022-06-06;185;585;2001;1173;1986;42568732;41385653;26060215;1750076;28258092
FR;1;2022-06-07;1124;2259;9165;34009;8823;42569856;41387912;26069380;1784085;28266915
FR;1;2022-06-08;1078;2182;8659;27519;8536;42570934;41390094;26078039;1811604;28275451
FR;1;2022-06-09;1043;2104;9962;37496;9641;42571977;41392198;26088001;1849100;28285092
FR;1;2022-06-10;1315;2527;12369;43037;11940;42573292;41394725;26100370;1892137;28297032
FR;1;2022-06-11;652;1435;5136;11073;5180;42573944;41396160;26105506;1903210;28302212
FR;1;2022-06-12;147;360;1012;1680;1067;42574091;41396520;26106518;1904890;28303279
FR;1;2022-06-13;887;1755;6995;22193;6851;42574978;41398275;26113513;1927083;28310130
FR;1;2022-06-14;1073;2119;9819;42729;9218;42576051;41400394;26123332;1969812;28319348
FR;1;2022-06-15;1046;1901;8748;29336;8431;42577097;41402295;26132080;1999148;28327779
FR;1;2022-06-16;924;1780;9361;38400;8838;42578021;41404075;26141441;2037548;28336617
FR;1;2022-06-17;1201;2517;11862;44746;11345;42579222;41406592;26153303;2082294;28347962
FR;1;2022-06-18;556;1253;4311;10538;4247;42579778;41407845;26157614;2092832;28352209
FR;1;2022-06-19;137;316;1001;1540;1080;42579915;41408161;26158615;2094372;28353289
FR;1;2022-06-20;850;1665;8472;25021;8135;42580765;41409826;26167087;2119393;28361424
FR;1;2022-06-21;1091;2102;9746;47704;8835;42581856;41411928;26176833;2167097;28370259
FR;1;2022-06-22;1015;1995;8414;37074;7915;42582871;41413923;26185247;2204171;28378174
FR;1;2022-06-23;1041;2115;10111;52750;9381;42583912;41416038;26195358;2256921;28387555
FR;1;2022-06-24;1237;2676;12861;65800;11655;42585149;41418714;26208219;2322721;28399210
FR;1;2022-06-25;677;1495;5917;18909;5699;42585826;41420209;26214136;2341630;28404909
FR;1;2022-06-26;166;399;1816;3491;1707;42585992;41420608;26215952;2345121;28406616
FR;1;2022-06-27;929;1753;9889;45930;9114;42586921;41422361;26225841;2391051;28415730
FR;1;2022-06-28;1192;2549;13818;86439;12378;42588113;41424910;26239659;2477490;28428108
FR;1;2022-06-29;1222;2272;11460;67298;10528;42589335;41427182;26251119;2544788;28438636
FR;1;2022-06-30;1267;2372;13487;89904;11797;42590602;41429554;26264606;2634692;28450433
FR;1;2022-07-01;1582;3225;20058;109116;17688;42592184;41432779;26284664;2743808;28468121
FR;1;2022-07-02;751;1516;8004;33751;7242;42592935;41434295;26292668;2777559;28475363
FR;1;2022-07-03;225;475;1935;6110;1750;42593160;41434770;26294603;2783669;28477113
FR;1;2022-07-04;1202;2322;13840;75363;12225;42594362;41437092;26308443;2859032;28489338
FR;1;2022-07-05;1396;2715;17627;126172;15090;42595758;41439807;26326070;2985204;28504428
FR;1;2022-07-06;1322;2291;14827;93546;12851;42597080;41442098;26340897;3078750;28517279
FR;1;2022-07-07;1412;2482;16882;119286;13943;42598492;41444580;26357779;3198036;28531222
FR;1;2022-07-08;1506;2785;19559;129790;15934;42599998;41447365;26377338;3327826;28547156
FR;1;2022-07-09;654;1261;7293;35986;6335;42600652;41448626;26384631;3363812;28553491
FR;1;2022-07-10;229;474;2238;6681;2033;42600881;41449100;26386869;3370493;28555524
FR;1;2022-07-11;1175;2166;14281;84353;11889;42602056;41451266;26401150;3454846;28567413
FR;1;2022-07-12;1522;2729;19406;137204;15840;42603578;41453995;26420556;3592050;28583253
FR;1;2022-07-13;1377;2308;14730;89666;12572;42604955;41456303;26435286;3681716;28595825
FR;1;2022-07-14;153;295;1848;5271;1753;42605108;41456598;26437134;3686987;28597578
FR;1;2022-07-15;1242;2262;14307;80496;11960;42606350;41458860;26451441;3767483;28609538
FR;1;2022-07-16;503;1027;5621;23906;4868;42606853;41459887;26457062;3791389;28614406
FR;1;2022-07-17;154;359;1649;4446;1495;42607007;41460246;26458711;3795835;28615901
FR;1;2022-07-18;955;1970;11260;59181;9526;42607962;41462216;26469971;3855016;28625427
FR;1;2022-07-19;1208;2094;14642;99269;11674;42609170;41464310;26484613;3954285;28637101
FR;1;2022-07-20;1145;1942;12268;74241;10177;42610315;41466252;26496881;4028526;28647278
FR;1;2022-07-21;1104;1897;12348;84292;9924;42611419;41468149;26509229;4112818;28657202
FR;1;2022-07-22;1219;2163;14029;85703;11362;42612638;41470312;26523258;4198521;28668564
FR;1;2022-07-23;522;1057;5215;21261;4592;42613160;41471369;26528473;4219782;28673156
FR;1;2022-07-24;139;300;1318;3670;1155;42613299;41471669;26529791;4223452;28674311
FR;1;2022-07-25;854;1586;9040;46019;7472;42614153;41473255;26538831;4269471;28681783
FR;1;2022-07-26;1115;1935;12639;81801;10283;42615268;41475190;26551470;4351272;28692066
FR;1;2022-07-27;1006;1686;9695;58249;8070;42616274;41476876;26561165;4409521;28700136
FR;1;2022-07-28;959;1637;9794;61599;7767;42617233;41478513;26570959;4471120;28707903
FR;1;2022-07-29;1098;1747;10356;62700;8295;42618331;41480260;26581315;4533820;28716198
FR;1;2022-07-30;383;696;3325;14429;2833;42618714;41480956;26584640;4548249;28719031
FR;1;2022-07-31;134;254;891;2310;762;42618848;41481210;26585531;4550559;28719793
FR;1;2022-08-01;654;1123;6709;28851;5601;42619502;41482333;26592240;4579410;28725394
FR;1;2022-08-02;858;1427;8064;53767;6460;42620360;41483760;26600304;4633177;28731854
FR;1;2022-08-03;676;1051;6006;36904;4801;42621036;41484811;26606310;4670081;28736655
FR;1;2022-08-04;621;1034;6061;41221;4875;42621657;41485845;26612371;4711302;28741530
FR;1;2022-08-05;715;1165;6504;42842;5166;42622372;41487010;26618875;4754144;28746696
FR;1;2022-08-06;265;454;1879;8943;1555;42622637;41487464;26620754;4763087;28748251
FR;1;2022-08-07;80;139;502;1535;417;42622717;41487603;26621256;4764622;28748668
FR;1;2022-08-08;452;789;3655;21075;2989;42623169;41488392;26624911;4785697;28751657
FR;1;2022-08-09;586;982;5535;38270;4400;42623755;41489374;26630446;4823967;28756057
FR;1;2022-08-10;502;932;4145;26739;3344;42624257;41490306;26634591;4850706;28759401
FR;1;2022-08-11;526;855;4123;27813;3386;42624783;41491161;26638714;4878519;28762787
FR;1;2022-08-12;578;967;4276;26942;3468;42625361;41492128;26642990;4905461;28766255
FR;1;2022-08-13;162;323;1197;5017;1007;42625523;41492451;26644187;4910478;28767262
FR;1;2022-08-14;58;103;257;824;219;42625581;41492554;26644444;4911302;28767481
FR;1;2022-08-15;48;98;254;494;220;42625629;41492652;26644698;4911796;28767701
FR;1;2022-08-16;499;879;3553;21325;2991;42626128;41493531;26648251;4933121;28770692
FR;1;2022-08-17;499;822;3481;21833;2914;42626627;41494353;26651732;4954954;28773606
FR;1;2022-08-18;509;812;3696;25110;2885;42627136;41495165;26655428;4980064;28776491
FR;1;2022-08-19;492;965;3974;26253;3233;42627628;41496130;26659402;5006317;28779724
FR;1;2022-08-20;217;369;1212;5286;1026;42627845;41496499;26660614;5011603;28780750
FR;1;2022-08-21;75;104;263;930;237;42627920;41496603;26660877;5012533;28780987
FR;1;2022-08-22;439;793;2656;14634;2253;42628359;41497396;26663533;5027167;28783240
FR;1;2022-08-23;603;999;3907;27637;3247;42628962;41498395;26667440;5054804;28786487
FR;1;2022-08-24;497;742;3076;18132;2444;42629459;41499137;26670516;5072936;28788931
FR;2;2020-12-27;0;0;0;0;0;0;0;0;0;0
FR;2;2020-12-28;0;0;0;0;0;0;0;0;0;0
FR;2;2020-12-29;0;0;0;0;0;0;0;0;0;0
FR;2;2020-12-30;0;0;0;0;0;0;0;0;0;0
FR;2;2020-12-31;0;0;0;0;0;0;0;0;0;0
FR;2;2021-01-01;0;0;0;0;0;0;0;0;0;0
FR;2;2021-01-02;0;0;0;0;0;0;0;0;0;0
FR;2;2021-01-03;0;0;0;0;0;0;0;0;0;0
FR;2;2021-01-04;0;0;0;0;0;0;0;0;0;0
FR;2;2021-01-05;0;0;0;0;0;0;0;0;0;0
FR;2;2021-01-06;0;0;0;0;0;0;0;0;0;0
FR;2;2021-01-07;0;0;0;0;0;0;0;0;0;0
FR;2;2021-01-08;0;0;0;0;0;0;0;0;0;0
FR;2;2021-01-09;0;0;0;0;0;0;0;0;0;0
FR;2;2021-01-10;0;0;0;0;0;0;0;0;0;0
FR;2;2021-01-11;0;0;0;0;0;0;0;0;0;0
FR;2;2021-01-12;0;0;0;0;0;0;0;0;0;0
FR;2;2021-01-13;0;0;0;0;0;0;0;0;0;0
FR;2;2021-01-14;1667;0;0;0;0;1667;0;0;0;0
FR;2;2021-01-15;398;0;0;0;0;2065;0;0;0;0
FR;2;2021-01-16;316;0;0;0;0;2381;0;0;0;0
FR;2;2021-01-17;83;0;0;0;0;2464;0;0;0;0
FR;2;2021-01-18;3074;2;0;0;0;5538;2;0;0;0
FR;2;2021-01-19;4680;0;0;0;0;10218;2;0;0;0
FR;2;2021-01-20;5135;6;0;0;0;15353;8;0;0;0
FR;2;2021-01-21;5344;9;0;0;0;20697;17;0;0;0
FR;2;2021-01-22;5119;14;0;0;0;25816;31;0;0;0
FR;2;2021-01-23;1872;1;0;0;0;27688;32;0;0;0
FR;2;2021-01-24;162;2;0;0;0;27850;34;0;0;0
FR;2;2021-01-25;3814;3;0;0;0;31664;37;0;0;0
FR;2;2021-01-26;3921;5;0;0;0;35585;42;0;0;0
FR;2;2021-01-27;3601;4;0;0;0;39186;46;0;0;0
FR;2;2021-01-28;3752;8;0;0;0;42938;54;0;0;0
FR;2;2021-01-29;3295;3;0;0;0;46233;57;0;0;0
FR;2;2021-01-30;1130;2;0;0;0;47363;59;0;0;0
FR;2;2021-01-31;45;2;0;0;0;47408;61;0;0;0
FR;2;2021-02-01;3404;9;0;0;0;50812;70;0;0;0
FR;2;2021-02-02;4492;14;0;0;0;55304;84;0;0;0
FR;2;2021-02-03;5220;7;0;0;0;60524;91;0;0;0
FR;2;2021-02-04;4936;11;0;0;0;65460;102;0;0;0
FR;2;2021-02-05;4812;14;0;0;0;70272;116;0;0;0
FR;2;2021-02-06;2040;14;0;0;0;72312;130;0;0;0
FR;2;2021-02-07;102;4;0;0;0;72414;134;0;0;0
FR;2;2021-02-08;7555;23;0;0;0;79969;157;0;0;0
FR;2;2021-02-09;8425;27;0;0;0;88394;184;0;0;0
FR;2;2021-02-10;9342;58;0;0;0;97736;242;0;0;0
FR;2;2021-02-11;10287;116;0;0;0;108023;358;0;0;0
FR;2;2021-02-12;10055;268;0;0;0;118078;626;0;0;0
FR;2;2021-02-13;3120;224;0;0;0;121198;850;0;0;0
FR;2;2021-02-14;355;9;0;0;0;121553;859;0;0;0
FR;2;2021-02-15;3458;3111;0;0;0;125011;3970;0;0;0
FR;2;2021-02-16;5073;4106;0;0;0;130084;8076;0;0;0
FR;2;2021-02-17;4256;4519;0;0;0;134340;12595;0;0;0
FR;2;2021-02-18;5402;5148;0;0;0;139742;17743;0;0;0
FR;2;2021-02-19;5327;4448;0;0;0;145069;22191;0;0;0
FR;2;2021-02-20;1869;1515;0;0;0;146938;23706;0;0;0
FR;2;2021-02-21;244;95;0;0;0;147182;23801;0;0;0
FR;2;2021-02-22;3613;3765;0;0;0;150795;27566;0;0;0
FR;2;2021-02-23;4954;3719;0;0;0;155749;31285;0;0;0
FR;2;2021-02-24;5015;3522;0;0;0;160764;34807;0;0;0
FR;2;2021-02-25;5490;3470;0;0;0;166254;38277;0;0;0
FR;2;2021-02-26;4364;3167;0;0;0;170618;41444;0;0;0
FR;2;2021-02-27;1624;1060;0;0;0;172242;42504;0;0;0
FR;2;2021-02-28;177;22;0;0;0;172419;42526;0;0;0
FR;2;2021-03-01;5184;3752;0;0;0;177603;46278;0;0;0
FR;2;2021-03-02;6532;4711;0;0;0;184135;50989;0;0;0
FR;2;2021-03-03;6538;4941;0;0;0;190673;55930;0;0;0
FR;2;2021-03-04;8405;4134;0;0;0;199078;60064;0;0;0
FR;2;2021-03-05;8034;4056;0;0;0;207112;64120;0;0;0
FR;2;2021-03-06;4786;1679;0;0;0;211898;65799;0;0;0
FR;2;2021-03-07;2372;30;0;0;0;214270;65829;0;0;0
FR;2;2021-03-08;4166;8377;0;0;0;218436;74206;0;0;0
FR;2;2021-03-09;7491;8555;1;0;0;225927;82761;1;0;0
FR;2;2021-03-10;7102;9183;0;0;0;233029;91944;1;0;0
FR;2;2021-03-11;9377;9303;1;0;0;242406;101247;2;0;0
FR;2;2021-03-12;7977;8316;0;0;0;250383;109563;2;0;0
FR;2;2021-03-13;10051;2576;0;0;0;260434;112139;2;0;0
FR;2;2021-03-14;4840;385;0;0;0;265274;112524;2;0;0
FR;2;2021-03-15;10910;3471;0;0;0;276184;115995;2;0;0
FR;2;2021-03-16;16764;4669;1;0;0;292948;120664;3;0;0
FR;2;2021-03-17;20236;3989;0;0;0;313184;124653;3;0;0
FR;2;2021-03-18;23372;5047;0;0;0;336556;129700;3;0;0
FR;2;2021-03-19;23305;4628;0;0;0;359861;134328;3;0;0
FR;2;2021-03-20;25449;1586;0;0;0;385310;135914;3;0;0
FR;2;2021-03-21;17671;153;0;0;0;402981;136067;3;0;0
FR;2;2021-03-22;17786;3196;0;0;0;420767;139263;3;0;0
FR;2;2021-03-23;22694;4230;0;0;0;443461;143493;3;0;0
FR;2;2021-03-24;23958;5045;0;0;0;467419;148538;3;0;0
FR;2;2021-03-25;26750;5183;1;0;0;494169;153721;4;0;0
FR;2;2021-03-26;26982;4222;0;0;0;521151;157943;4;0;0
FR;2;2021-03-27;15920;1350;0;0;0;537071;159293;4;0;0
FR;2;2021-03-28;10561;138;0;0;0;547632;159431;4;0;0
FR;2;2021-03-29;18993;4316;0;0;0;566625;163747;4;0;0
FR;2;2021-03-30;24585;6074;0;0;0;591210;169821;4;0;0
FR;2;2021-03-31;28561;5913;0;0;0;619771;175734;4;0;0
FR;2;2021-04-01;34548;8544;1;0;0;654319;184278;5;0;0
FR;2;2021-04-02;29981;7696;0;0;0;684300;191974;5;0;0
FR;2;2021-04-03;16955;4035;0;0;0;701255;196009;5;0;0
FR;2;2021-04-04;9306;1155;2;0;0;710561;197164;7;0;0
FR;2;2021-04-05;12445;800;0;0;0;723006;197964;7;0;0
FR;2;2021-04-06;27150;7173;0;0;0;750156;205137;7;0;0
FR;2;2021-04-07;30929;7142;1;0;0;781085;212279;8;0;0
FR;2;2021-04-08;36891;8647;1;0;0;817976;220926;9;0;0
FR;2;2021-04-09;33845;8438;28;0;0;851821;229364;37;0;0
FR;2;2021-04-10;19681;9181;1;0;0;871502;238545;38;0;0
FR;2;2021-04-11;7942;4251;1;0;0;879444;242796;39;0;0
FR;2;2021-04-12;17126;11049;0;0;0;896570;253845;39;0;0
FR;2;2021-04-13;19453;16066;1;0;0;916023;269911;40;0;0
FR;2;2021-04-14;18065;16384;7;0;0;934088;286295;47;0;0
FR;2;2021-04-15;22196;21450;27;0;0;956284;307745;74;0;0
FR;2;2021-04-16;20708;20400;45;0;0;976992;328145;119;0;0
FR;2;2021-04-17;13255;22473;5;0;0;990247;350618;124;0;0
FR;2;2021-04-18;5909;14396;6;0;0;996156;365014;130;0;0
FR;2;2021-04-19;16837;16327;24;0;0;1012993;381341;154;0;0
FR;2;2021-04-20;19325;21653;38;0;0;1032318;402994;192;0;0
FR;2;2021-04-21;20290;21764;76;0;0;1052608;424758;268;0;0
FR;2;2021-04-22;23819;24906;41;0;0;1076427;449664;309;0;0
FR;2;2021-04-23;24524;25395;76;0;0;1100951;475059;385;0;0
FR;2;2021-04-24;25304;15061;104;0;0;1126255;490120;489;0;0
FR;2;2021-04-25;9595;8605;5;0;0;1135850;498725;494;0;0
FR;2;2021-04-26;17159;17427;21;0;0;1153009;516152;515;0;0
FR;2;2021-04-27;19243;24123;40;0;0;1172252;540275;555;0;0
FR;2;2021-04-28;22337;26309;112;0;0;1194589;566584;667;0;0
FR;2;2021-04-29;25471;30292;69;0;0;1220060;596876;736;0;0
FR;2;2021-04-30;25531;27865;49;1;0;1245591;624741;785;1;0
FR;2;2021-05-01;14986;9866;6;0;0;1260577;634607;791;1;0
FR;2;2021-05-02;6639;9172;2;0;0;1267216;643779;793;1;0
FR;2;2021-05-03;20016;19194;40;0;0;1287232;662973;833;1;0
FR;2;2021-05-04;18282;29098;33;0;0;1305514;692071;866;1;0
FR;2;2021-05-05;18374;29421;48;0;0;1323888;721492;914;1;0
FR;2;2021-05-06;23544;35314;131;0;0;1347432;756806;1045;1;0
FR;2;2021-05-07;25330;33215;97;0;0;1372762;790021;1142;1;0
FR;2;2021-05-08;21341;10235;14;0;0;1394103;800256;1156;1;0
FR;2;2021-05-09;13165;7747;7;0;0;1407268;808003;1163;1;0
FR;2;2021-05-10;32939;21934;49;0;0;1440207;829937;1212;1;0
FR;2;2021-05-11;43603;20981;101;0;0;1483810;850918;1313;1;0
FR;2;2021-05-12;50048;19726;143;0;0;1533858;870644;1456;1;0
FR;2;2021-05-13;51293;5675;31;0;0;1585151;876319;1487;1;0
FR;2;2021-05-14;61350;12891;132;0;0;1646501;889210;1619;1;0
FR;2;2021-05-15;65932;7125;39;0;0;1712433;896335;1658;1;0
FR;2;2021-05-16;43586;2571;10;0;0;1756019;898906;1668;1;0
FR;2;2021-05-17;44747;12510;114;0;0;1800766;911416;1782;1;0
FR;2;2021-05-18;54641;12258;191;0;0;1855407;923674;1973;1;0
FR;2;2021-05-19;57176;10552;281;0;0;1912583;934226;2254;1;0
FR;2;2021-05-20;63436;10823;288;0;0;1976019;945049;2542;1;0
FR;2;2021-05-21;64296;11635;230;0;0;2040315;956684;2772;1;0
FR;2;2021-05-22;61482;4510;65;0;0;2101797;961194;2837;1;0
FR;2;2021-05-23;37534;573;22;0;0;2139331;961767;2859;1;0
FR;2;2021-05-24;17241;2042;35;0;0;2156572;963809;2894;1;0
FR;2;2021-05-25;21110;12212;240;0;0;2177682;976021;3134;1;0
FR;2;2021-05-26;19938;11476;229;0;0;2197620;987497;3363;1;0
FR;2;2021-05-27;22997;12658;182;0;0;2220617;1000155;3545;1;0
FR;2;2021-05-28;29391;14993;190;0;0;2250008;1015148;3735;1;0
FR;2;2021-05-29;30420;8187;57;0;0;2280428;1023335;3792;1;0
FR;2;2021-05-30;4647;1815;6;0;0;2285075;1025150;3798;1;0
FR;2;2021-05-31;28590;18730;184;0;0;2313665;1043880;3982;1;0
FR;2;2021-06-01;45723;19947;224;0;0;2359388;1063827;4206;1;0
FR;2;2021-06-02;37474;19241;182;0;0;2396862;1083068;4388;1;0
FR;2;2021-06-03;51278;23219;161;0;0;2448140;1106287;4549;1;0
FR;2;2021-06-04;65512;24056;216;0;0;2513652;1130343;4765;1;0
FR;2;2021-06-05;34598;24063;52;0;0;2548250;1154406;4817;1;0
FR;2;2021-06-06;4956;6194;10;0;0;2553206;1160600;4827;1;0
FR;2;2021-06-07;28174;23024;149;0;0;2581380;1183624;4976;1;0
FR;2;2021-06-08;46375;22911;143;0;0;2627755;1206535;5119;1;0
FR;2;2021-06-09;34289;20949;107;0;0;2662044;1227484;5226;1;0
FR;2;2021-06-10;42639;19118;95;1;0;2704683;1246602;5321;2;0
FR;2;2021-06-11;55297;25177;134;0;0;2759980;1271779;5455;2;0
FR;2;2021-06-12;30561;19777;53;0;0;2790541;1291556;5508;2;0
FR;2;2021-06-13;3330;9189;13;0;0;2793871;1300745;5521;2;0
FR;2;2021-06-14;25300;24134;92;0;0;2819171;1324879;5613;2;0
FR;2;2021-06-15;39043;22837;154;0;0;2858214;1347716;5767;2;0
FR;2;2021-06-16;30162;21397;135;0;0;2888376;1369113;5902;2;0
FR;2;2021-06-17;36910;25826;150;0;0;2925286;1394939;6052;2;0
FR;2;2021-06-18;46855;28846;123;0;0;2972141;1423785;6175;2;0
FR;2;2021-06-19;24525;24900;39;0;0;2996666;1448685;6214;2;0
FR;2;2021-06-20;3741;10063;9;0;0;3000407;1458748;6223;2;0
FR;2;2021-06-21;17528;42841;88;0;0;3017935;1501589;6311;2;0
FR;2;2021-06-22;28360;49567;110;0;0;3046295;1551156;6421;2;0
FR;2;2021-06-23;21788;49583;107;1;1;3068083;1600739;6528;3;1
FR;2;2021-06-24;28376;50278;134;0;0;3096459;1651017;6662;3;1
FR;2;2021-06-25;33400;60424;128;0;0;3129859;1711441;6790;3;1
FR;2;2021-06-26;16386;59292;54;1;0;3146245;1770733;6844;4;1
FR;2;2021-06-27;2566;29312;22;1;0;3148811;1800045;6866;5;1
FR;2;2021-06-28;12640;54326;83;0;0;3161451;1854371;6949;5;1
FR;2;2021-06-29;19849;59934;178;0;0;3181300;1914305;7127;5;1
FR;2;2021-06-30;16329;57975;253;17;0;3197629;1972280;7380;22;1
FR;2;2021-07-01;20491;59874;228;0;0;3218120;2032154;7608;22;1
FR;2;2021-07-02;24073;62143;184;0;0;3242193;2094297;7792;22;1
FR;2;2021-07-03;12116;57107;153;0;0;3254309;2151404;7945;22;1
FR;2;2021-07-04;1959;23302;18;0;0;3256268;2174706;7963;22;1
FR;2;2021-07-05;9176;29351;106;0;0;3265444;2204057;8069;22;1
FR;2;2021-07-06;14580;36228;135;0;0;3280024;2240285;8204;22;1
FR;2;2021-07-07;14413;33662;139;0;0;3294437;2273947;8343;22;1
FR;2;2021-07-08;19719;40310;162;0;0;3314156;2314257;8505;22;1
FR;2;2021-07-09;27099;54301;202;1;0;3341255;2368558;8707;23;1
FR;2;2021-07-10;13386;33690;107;0;0;3354641;2402248;8814;23;1
FR;2;2021-07-11;1808;4359;16;0;0;3356449;2406607;8830;23;1
FR;2;2021-07-12;12967;37297;119;0;0;3369416;2443904;8949;23;1
FR;2;2021-07-13;37114;53181;150;0;0;3406530;2497085;9099;23;1
FR;2;2021-07-14;6623;3549;15;0;0;3413153;2500634;9114;23;1
FR;2;2021-07-15;47240;47023;156;0;0;3460393;2547657;9270;23;1
FR;2;2021-07-16;64311;55798;188;0;0;3524704;2603455;9458;23;1
FR;2;2021-07-17;31598;23923;96;0;0;3556302;2627378;9554;23;1
FR;2;2021-07-18;6087;4845;19;0;0;3562389;2632223;9573;23;1
FR;2;2021-07-19;33000;28646;94;0;0;3595389;2660869;9667;23;1
FR;2;2021-07-20;51997;44532;155;0;0;3647386;2705401;9822;23;1
FR;2;2021-07-21;45250;34705;93;0;0;3692636;2740106;9915;23;1
FR;2;2021-07-22;56279;41090;128;1;0;3748915;2781196;10043;24;1
FR;2;2021-07-23;68289;49007;170;0;0;3817204;2830203;10213;24;1
FR;2;2021-07-24;36174;21594;82;0;0;3853378;2851797;10295;24;1
FR;2;2021-07-25;6749;2627;10;0;0;3860127;2854424;10305;24;1
FR;2;2021-07-26;36312;22408;91;1;0;3896439;2876832;10396;25;1
FR;2;2021-07-27;62382;34594;180;0;0;3958821;2911426;10576;25;1
FR;2;2021-07-28;55315;26431;132;0;0;4014136;2937857;10708;25;1
FR;2;2021-07-29;68472;32802;189;0;0;4082608;2970659;10897;25;1
FR;2;2021-07-30;74457;37791;222;1;0;4157065;3008450;11119;26;1
FR;2;2021-07-31;34769;16205;104;0;0;4191834;3024655;11223;26;1
FR;2;2021-08-01;5412;2269;19;0;0;4197246;3026924;11242;26;1
FR;2;2021-08-02;35878;16189;101;0;0;4233124;3043113;11343;26;1
FR;2;2021-08-03;55979;28287;142;0;0;4289103;3071400;11485;26;1
FR;2;2021-08-04;46630;20847;128;1;0;4335733;3092247;11613;27;1
FR;2;2021-08-05;54631;31580;215;0;0;4390364;3123827;11828;27;1
FR;2;2021-08-06;58094;42397;242;1;0;4448458;3166224;12070;28;1
FR;2;2021-08-07;25145;17616;89;0;0;4473603;3183840;12159;28;1
FR;2;2021-08-08;3837;3656;21;0;0;4477440;3187496;12180;28;1
FR;2;2021-08-09;29308;21080;92;0;0;4506748;3208576;12272;28;1
FR;2;2021-08-10;45001;33486;155;0;0;4551749;3242062;12427;28;1
FR;2;2021-08-11;35272;25168;151;0;0;4587021;3267230;12578;28;1
FR;2;2021-08-12;41902;35713;162;0;0;4628923;3302943;12740;28;1
FR;2;2021-08-13;42597;37202;218;0;0;4671520;3340145;12958;28;1
FR;2;2021-08-14;18515;22195;93;0;0;4690035;3362340;13051;28;1
FR;2;2021-08-15;3849;3805;17;0;0;4693884;3366145;13068;28;1
FR;2;2021-08-16;25090;27162;110;0;0;4718974;3393307;13178;28;1
FR;2;2021-08-17;38257;43438;205;2;0;4757231;3436745;13383;30;1
FR;2;2021-08-18;32250;36369;195;1;1;4789481;3473114;13578;31;2
FR;2;2021-08-19;37434;46566;224;0;0;4826915;3519680;13802;31;2
FR;2;2021-08-20;40564;55618;269;1;0;4867479;3575298;14071;32;2
FR;2;2021-08-21;18120;24317;116;0;0;4885599;3599615;14187;32;2
FR;2;2021-08-22;2906;4324;22;1;1;4888505;3603939;14209;33;3
FR;2;2021-08-23;19248;35160;131;1;0;4907753;3639099;14340;34;3
FR;2;2021-08-24;31946;56045;236;0;0;4939699;3695144;14576;34;3
FR;2;2021-08-25;25933;43459;250;0;0;4965632;3738603;14826;34;3
FR;2;2021-08-26;32359;55815;387;0;0;4997991;3794418;15213;34;3
FR;2;2021-08-27;37001;65646;478;2;0;5034992;3860064;15691;36;3
FR;2;2021-08-28;17821;28513;300;0;0;5052813;3888577;15991;36;3
FR;2;2021-08-29;2654;5026;47;0;0;5055467;3893603;16038;36;3
FR;2;2021-08-30;18414;37738;400;0;758;5073881;3931341;16438;36;761
FR;2;2021-08-31;28076;57503;887;4;1544;5101957;3988844;17325;40;2305
FR;2;2021-09-01;21592;39858;1309;0;2113;5123549;4028702;18634;40;4418
FR;2;2021-09-02;25483;48653;1962;2;3332;5149032;4077355;20596;42;7750
FR;2;2021-09-03;33409;64525;2988;3;4861;5182441;4141880;23584;45;12611
FR;2;2021-09-04;16832;27725;1442;1;2367;5199273;4169605;25026;46;14978
FR;2;2021-09-05;2262;3608;266;0;413;5201535;4173213;25292;46;15391
FR;2;2021-09-06;14041;28716;1769;1;2943;5215576;4201929;27061;47;18334
FR;2;2021-09-07;21106;41092;3020;13;4893;5236682;4243021;30081;60;23227
FR;2;2021-09-08;17245;31930;2734;6;4492;5253927;4274951;32815;66;27719
FR;2;2021-09-09;20977;40477;4433;3;6802;5274904;4315428;37248;69;34521
FR;2;2021-09-10;28203;51229;5285;4;8892;5303107;4366657;42533;73;43413
FR;2;2021-09-11;13655;22422;2404;5;3968;5316762;4389079;44937;78;47381
FR;2;2021-09-12;1823;2779;290;0;511;5318585;4391858;45227;78;47892
FR;2;2021-09-13;11659;21434;2472;4;4022;5330244;4413292;47699;82;51914
FR;2;2021-09-14;18573;32758;5086;13;9057;5348817;4446050;52785;95;60971
FR;2;2021-09-15;14913;28263;5169;3;7768;5363730;4474313;57954;98;68739
FR;2;2021-09-16;16078;32775;6736;12;10523;5379808;4507088;64690;110;79262
FR;2;2021-09-17;20911;47117;8779;10;14593;5400719;4554205;73469;120;93855
FR;2;2021-09-18;9857;20950;3803;6;6036;5410576;4575155;77272;126;99891
FR;2;2021-09-19;1166;2613;396;0;632;5411742;4577768;77668;126;100523
FR;2;2021-09-20;7498;18745;3855;7;6147;5419240;4596513;81523;133;106670
FR;2;2021-09-21;11214;30005;6495;5;10743;5430454;4626518;88018;138;117413
FR;2;2021-09-22;9407;23532;5491;6;8518;5439861;4650050;93509;144;125931
FR;2;2021-09-23;10726;28903;7881;9;12644;5450587;4678953;101390;153;138575
FR;2;2021-09-24;15072;42916;10876;18;17226;5465659;4721869;112266;171;155801
FR;2;2021-09-25;7259;18772;3965;9;6110;5472918;4740641;116231;180;161911
FR;2;2021-09-26;1079;2551;495;0;630;5473997;4743192;116726;180;162541
FR;2;2021-09-27;6313;16419;4285;8;6531;5480310;4759611;121011;188;169072
FR;2;2021-09-28;9238;25547;7768;14;12071;5489548;4785158;128779;202;181143
FR;2;2021-09-29;8081;20206;6067;25;9257;5497629;4805364;134846;227;190400
FR;2;2021-09-30;9864;25822;9506;16;14098;5507493;4831186;144352;243;204498
FR;2;2021-10-01;13974;35713;12916;25;19295;5521467;4866899;157268;268;223793
FR;2;2021-10-02;6874;15906;4847;7;7019;5528341;4882805;162115;275;230812
FR;2;2021-10-03;841;1918;492;1;505;5529182;4884723;162607;276;231317
FR;2;2021-10-04;5823;13899;5515;5;7856;5535005;4898622;168122;281;239173
FR;2;2021-10-05;9053;22545;11121;19;15728;5544058;4921167;179243;300;254901
FR;2;2021-10-06;7783;17751;8241;11;11078;5551841;4938918;187484;311;265979
FR;2;2021-10-07;9198;22195;12381;15;16853;5561039;4961113;199865;326;282832
FR;2;2021-10-08;13429;32081;17348;27;23558;5574468;4993194;217213;353;306390
FR;2;2021-10-09;5999;12856;6042;6;7901;5580467;5006050;223255;359;314291
FR;2;2021-10-10;884;1611;436;2;616;5581351;5007661;223691;361;314907
FR;2;2021-10-11;5605;11571;6455;17;8831;5586956;5019232;230146;378;323738
FR;2;2021-10-12;8033;17784;12543;13;16763;5594989;5037016;242689;391;340501
FR;2;2021-10-13;6942;14851;10253;12;13630;5601931;5051867;252942;403;354131
FR;2;2021-10-14;8311;17934;14994;13;19459;5610242;5069801;267936;416;373590
FR;2;2021-10-15;11852;26314;20903;26;27972;5622094;5096115;288839;442;401562
FR;2;2021-10-16;5139;8737;1819;0;3213;5627233;5104852;290658;442;404775
FR;2;2021-10-17;651;1165;184;0;368;5627884;5106017;290842;442;405143
FR;2;2021-10-18;4562;7375;663;2;1647;5632446;5113392;291505;444;406790
FR;2;2021-10-19;6237;9873;730;5;2045;5638683;5123265;292235;449;408835
FR;2;2021-10-20;5169;8072;758;3;1681;5643852;5131337;292993;452;410516
FR;2;2021-10-21;6090;9967;778;5;2100;5649942;5141304;293771;457;412616
FR;2;2021-10-22;8450;14596;1148;4;2883;5658392;5155900;294919;461;415499
FR;2;2021-10-23;3845;6001;586;0;1232;5662237;5161901;295505;461;416731
FR;2;2021-10-24;494;886;100;0;204;5662731;5162787;295605;461;416935
FR;2;2021-10-25;3357;5355;306;1;828;5666088;5168142;295911;462;417763
FR;2;2021-10-26;4176;7258;1130;4;2018;5670264;5175400;297041;466;419781
FR;2;2021-10-27;3676;6610;1193;5;1995;5673940;5182010;298234;471;421776
FR;2;2021-10-28;4597;7699;1731;3;2749;5678537;5189709;299965;474;424525
FR;2;2021-10-29;5408;11082;2435;4;3672;5683945;5200791;302400;478;428197
FR;2;2021-10-30;2749;4442;975;1;1437;5686694;5205233;303375;479;429634
FR;2;2021-10-31;364;533;139;1;190;5687058;5205766;303514;480;429824
FR;2;2021-11-01;427;550;177;0;264;5687485;5206316;303691;480;430088
FR;2;2021-11-02;3293;6759;1183;0;1761;5690778;5213075;304874;480;431849
FR;2;2021-11-03;3340;6234;1386;2;1965;5694118;5219309;306260;482;433814
FR;2;2021-11-04;3986;7083;1765;4;2491;5698104;5226392;308025;486;436305
FR;2;2021-11-05;5232;10505;2867;5;3953;5703336;5236897;310892;491;440258
FR;2;2021-11-06;2594;4679;1402;0;1813;5705930;5241576;312294;491;442071
FR;2;2021-11-07;505;865;220;0;286;5706435;5242441;312514;491;442357
FR;2;2021-11-08;2578;5359;1202;3;1677;5709013;5247800;313716;494;444034
FR;2;2021-11-09;2750;6928;2399;5;3181;5711763;5254728;316115;499;447215
FR;2;2021-11-10;2588;5693;5108;6;6286;5714351;5260421;321223;505;453501
FR;2;2021-11-11;444;750;743;2;923;5714795;5261171;321966;507;454424
FR;2;2021-11-12;2953;8101;8972;8;10914;5717748;5269272;330938;515;465338
FR;2;2021-11-13;1538;3380;3868;7;4537;5719286;5272652;334806;522;469875
FR;2;2021-11-14;257;593;351;1;485;5719543;5273245;335157;523;470360
FR;2;2021-11-15;1622;3668;4445;9;5330;5721165;5276913;339602;532;475690
FR;2;2021-11-16;2184;5905;8304;14;10072;5723349;5282818;347906;546;485762
FR;2;2021-11-17;1741;4538;6627;8;7843;5725090;5287356;354533;554;493605
FR;2;2021-11-18;2192;5936;9178;11;11011;5727282;5293292;363711;565;504616
FR;2;2021-11-19;2698;7793;12971;19;15476;5729980;5301085;376682;584;520092
FR;2;2021-11-20;1565;3340;5173;5;6082;5731545;5304425;381855;589;526174
FR;2;2021-11-21;247;516;541;0;663;5731792;5304941;382396;589;526837
FR;2;2021-11-22;1278;2598;4479;5;5403;5733070;5307539;386875;594;532240
FR;2;2021-11-23;1617;4298;8197;9;9912;5734687;5311837;395072;603;542152
FR;2;2021-11-24;1418;3771;7473;14;8731;5736105;5315608;402545;617;550883
FR;2;2021-11-25;1812;4887;11464;21;13664;5737917;5320495;414009;638;564547
FR;2;2021-11-26;2540;7759;22666;31;26074;5740457;5328254;436675;669;590621
FR;2;2021-11-27;1497;4161;12270;18;14031;5741954;5332415;448945;687;604652
FR;2;2021-11-28;292;844;1970;3;2296;5742246;5333259;450915;690;606948
FR;2;2021-11-29;1445;4360;15089;23;17257;5743691;5337619;466004;713;624205
FR;2;2021-11-30;1912;6710;26235;36;29985;5745603;5344329;492239;749;654190
FR;2;2021-12-01;1912;6064;26199;30;29525;5747515;5350393;518438;779;683715
FR;2;2021-12-02;1912;6819;37709;52;41955;5749427;5357212;556147;831;725670
FR;2;2021-12-03;2552;10093;53613;111;59354;5751979;5367305;609760;942;785024
FR;2;2021-12-04;1848;6302;37114;38;40805;5753827;5373607;646874;980;825829
FR;2;2021-12-05;458;2253;14258;14;15988;5754285;5375860;661132;994;841817
FR;2;2021-12-06;2484;9891;77707;109;84766;5756769;5385751;738839;1103;926583
FR;2;2021-12-07;3455;15318;122434;238;133740;5760224;5401069;861273;1341;1060323
FR;2;2021-12-08;3724;16020;133191;330;145372;5763948;5417089;994464;1671;1205695
FR;2;2021-12-09;4549;19634;170194;554;185575;5768497;5436723;1164658;2225;1391270
FR;2;2021-12-10;4672;22845;188647;490;206123;5773169;5459568;1353305;2715;1597393
FR;2;2021-12-11;3685;16643;132440;239;144887;5776854;5476211;1485745;2954;1742280
FR;2;2021-12-12;1257;7128;59092;83;65145;5778111;5483339;1544837;3037;1807425
FR;2;2021-12-13;5526;26850;220686;605;242978;5783637;5510189;1765523;3642;2050403
FR;2;2021-12-14;7014;37497;300763;909;332221;5790651;5547686;2066286;4551;2382624
FR;2;2021-12-15;6557;36241;285215;956;315826;5797208;5583927;2351501;5507;2698450
FR;2;2021-12-16;7761;37930;312133;979;343740;5804969;5621857;2663634;6486;3042190
FR;2;2021-12-17;8680;41235;327872;976;360954;5813649;5663092;2991506;7462;3403144
FR;2;2021-12-18;6514;26560;212337;448;233647;5820163;5689652;3203843;7910;3636791
FR;2;2021-12-19;2603;11463;90209;182;100362;5822766;5701115;3294052;8092;3737153
FR;2;2021-12-20;9544;33577;275214;706;303369;5832310;5734692;3569266;8798;4040522
FR;2;2021-12-21;11564;38318;309623;968;341415;5843874;5773010;3878889;9766;4381937
FR;2;2021-12-22;10458;32825;265105;952;292474;5854332;5805835;4143994;10718;4674411
FR;2;2021-12-23;9426;26694;199495;700;221290;5863758;5832529;4343489;11418;4895701
FR;2;2021-12-24;2783;7489;43855;140;49559;5866541;5840018;4387344;11558;4945260
FR;2;2021-12-25;201;688;2002;10;2491;5866742;5840706;4389346;11568;4947751
FR;2;2021-12-26;1319;4209;25156;71;28682;5868061;5844915;4414502;11639;4976433
FR;2;2021-12-27;8077;29927;218407;659;243333;5876138;5874842;4632909;12298;5219766
FR;2;2021-12-28;9838;36322;272086;742;301980;5885976;5911164;4904995;13040;5521746
FR;2;2021-12-29;9497;32275;246127;766;272697;5895473;5943439;5151122;13806;5794443
FR;2;2021-12-30;9462;28103;208823;662;231454;5904935;5971542;5359945;14468;6025897
FR;2;2021-12-31;3010;8354;54989;176;61236;5907945;5979896;5414934;14644;6087133
FR;2;2022-01-01;227;691;2851;7;3347;5908172;5980587;5417785;14651;6090480
FR;2;2022-01-02;1504;4855;29511;75;33399;5909676;5985442;5447296;14726;6123879
FR;2;2022-01-03;9588;35408;266524;806;293896;5919264;6020850;5713820;15532;6417775
FR;2;2022-01-04;12849;45425;342082;1068;377017;5932113;6066275;6055902;16600;6794792
FR;2;2022-01-05;11272;38651;294179;884;323820;5943385;6104926;6350081;17484;7118612
FR;2;2022-01-06;13653;43503;331942;1298;364728;5957038;6148429;6682023;18782;7483340
FR;2;2022-01-07;14223;47631;361091;1270;396433;5971261;6196060;7043114;20052;7879773
FR;2;2022-01-08;7948;28153;201260;515;221705;5979209;6224213;7244374;20567;8101478
FR;2;2022-01-09;2749;8983;62524;137;69515;5981958;6233196;7306898;20704;8170993
FR;2;2022-01-10;10096;31923;232465;857;255041;5992054;6265119;7539363;21561;8426034
FR;2;2022-01-11;11469;36251;265906;1029;290595;6003523;6301370;7805269;22590;8716629
FR;2;2022-01-12;8763;29812;206319;863;226170;6012286;6331182;8011588;23453;8942799
FR;2;2022-01-13;9387;31345;224484;832;244828;6021673;6362527;8236072;24285;9187627
FR;2;2022-01-14;9743;35620;254536;920;277658;6031416;6398147;8490608;25205;9465285
FR;2;2022-01-15;5357;19452;140779;363;153638;6036773;6417599;8631387;25568;9618923
FR;2;2022-01-16;1512;5490;35882;81;39830;6038285;6423089;8667269;25649;9658753
FR;2;2022-01-17;5546;19281;135409;601;147253;6043831;6442370;8802678;26250;9806006
FR;2;2022-01-18;6420;21513;148626;648;160469;6050251;6463883;8951304;26898;9966475
FR;2;2022-01-19;4393;16331;105094;551;113700;6054644;6480214;9056398;27449;10080175
FR;2;2022-01-20;4870;17595;115291;603;123689;6059514;6497809;9171689;28052;10203864
FR;2;2022-01-21;5197;20065;137340;679;147762;6064711;6517874;9309029;28731;10351626
FR;2;2022-01-22;3030;10956;74261;260;80327;6067741;6528830;9383290;28991;10431953
FR;2;2022-01-23;724;2720;15241;41;16832;6068465;6531550;9398531;29032;10448785
FR;2;2022-01-24;3291;12825;75073;430;81034;6071756;6544375;9473604;29462;10529819
FR;2;2022-01-25;3574;14426;79622;496;85453;6075330;6558801;9553226;29958;10615272
FR;2;2022-01-26;2515;10689;58973;363;63014;6077845;6569490;9612199;30321;10678286
FR;2;2022-01-27;2680;11334;64177;388;67924;6080525;6580824;9676376;30709;10746210
FR;2;2022-01-28;3550;18322;91715;429;98932;6084075;6599146;9768091;31138;10845142
FR;2;2022-01-29;1895;9242;48850;164;52930;6085970;6608388;9816941;31302;10898072
FR;2;2022-01-30;464;2230;9454;38;10603;6086434;6610618;9826395;31340;10908675
FR;2;2022-01-31;1888;9576;43830;208;47339;6088322;6620194;9870225;31548;10956014
FR;2;2022-02-01;1916;10047;47028;279;50106;6090238;6630241;9917253;31827;11006120
FR;2;2022-02-02;1613;9009;41110;250;44163;6091851;6639250;9958363;32077;11050283
FR;2;2022-02-03;1724;8949;40521;205;42924;6093575;6648199;9998884;32282;11093207
FR;2;2022-02-04;2152;15203;66641;299;71343;6095727;6663402;10065525;32581;11164550
FR;2;2022-02-05;1360;8524;35943;132;39228;6097087;6671926;10101468;32713;11203778
FR;2;2022-02-06;275;1770;6125;16;6899;6097362;6673696;10107593;32729;11210677
FR;2;2022-02-07;1351;9575;37752;134;41299;6098713;6683271;10145345;32863;11251976
FR;2;2022-02-08;1300;9830;40951;173;43744;6100013;6693101;10186296;33036;11295720
FR;2;2022-02-09;1160;8834;37039;174;40461;6101173;6701935;10223335;33210;11336181
FR;2;2022-02-10;1027;7995;33835;204;36507;6102200;6709930;10257170;33414;11372688
FR;2;2022-02-11;1390;12083;53342;223;57693;6103590;6722013;10310512;33637;11430381
FR;2;2022-02-12;752;6533;27985;83;30804;6104342;6728546;10338497;33720;11461185
FR;2;2022-02-13;200;1340;4833;20;5574;6104542;6729886;10343330;33740;11466759
FR;2;2022-02-14;834;6728;30270;90;33229;6105376;6736614;10373600;33830;11499988
FR;2;2022-02-15;773;6469;28047;141;29991;6106149;6743083;10401647;33971;11529979
FR;2;2022-02-16;656;5361;22062;123;23627;6106805;6748444;10423709;34094;11553606
FR;2;2022-02-17;518;3778;14148;98;14614;6107323;6752222;10437857;34192;11568220
FR;2;2022-02-18;723;5367;20439;134;21128;6108046;6757589;10458296;34326;11589348
FR;2;2022-02-19;430;3054;10529;66;11244;6108476;6760643;10468825;34392;11600592
FR;2;2022-02-20;102;515;1459;3;1606;6108578;6761158;10470284;34395;11602198
FR;2;2022-02-21;422;2684;9122;65;9499;6109000;6763842;10479406;34460;11611697
FR;2;2022-02-22;390;2567;8892;76;8794;6109390;6766409;10488298;34536;11620491
FR;2;2022-02-23;431;2603;8990;82;9267;6109821;6769012;10497288;34618;11629758
FR;2;2022-02-24;314;2035;6800;81;6828;6110135;6771047;10504088;34699;11636586
FR;2;2022-02-25;457;3205;11417;108;11282;6110592;6774252;10515505;34807;11647868
FR;2;2022-02-26;296;1892;6034;49;6341;6110888;6776144;10521539;34856;11654209
FR;2;2022-02-27;76;313;906;5;949;6110964;6776457;10522445;34861;11655158
FR;2;2022-02-28;330;1688;5523;53;5531;6111294;6778145;10527968;34914;11660689
FR;2;2022-03-01;277;1562;5477;45;5194;6111571;6779707;10533445;34959;11665883
FR;2;2022-03-02;298;1442;5245;45;5089;6111869;6781149;10538690;35004;11670972
FR;2;2022-03-03;225;1111;3708;42;3485;6112094;6782260;10542398;35046;11674457
FR;2;2022-03-04;243;1468;4857;74;4505;6112337;6783728;10547255;35120;11678962
FR;2;2022-03-05;174;904;2979;32;2723;6112511;6784632;10550234;35152;11681685
FR;2;2022-03-06;42;182;279;5;319;6112553;6784814;10550513;35157;11682004
FR;2;2022-03-07;156;658;1986;70;1776;6112709;6785472;10552499;35227;11683780
FR;2;2022-03-08;144;664;2272;51;1905;6112853;6786136;10554771;35278;11685685
FR;2;2022-03-09;154;707;2346;37;2047;6113007;6786843;10557117;35315;11687732
FR;2;2022-03-10;123;603;1692;35;1467;6113130;6787446;10558809;35350;11689199
FR;2;2022-03-11;171;756;2767;57;2366;6113301;6788202;10561576;35407;11691565
FR;2;2022-03-12;149;484;1785;27;1554;6113450;6788686;10563361;35434;11693119
FR;2;2022-03-13;25;75;202;29;203;6113475;6788761;10563563;35463;11693322
FR;2;2022-03-14;128;470;1566;529;1296;6113603;6789231;10565129;35992;11694618
FR;2;2022-03-15;138;438;1711;689;1330;6113741;6789669;10566840;36681;11695948
FR;2;2022-03-16;141;475;2013;1614;1593;6113882;6790144;10568853;38295;11697541
FR;2;2022-03-17;93;413;1408;1193;1144;6113975;6790557;10570261;39488;11698685
FR;2;2022-03-18;145;494;2019;1792;1662;6114120;6791051;10572280;41280;11700347
FR;2;2022-03-19;108;321;1210;940;1015;6114228;6791372;10573490;42220;11701362
FR;2;2022-03-20;13;77;191;59;168;6114241;6791449;10573681;42279;11701530
FR;2;2022-03-21;96;306;1213;1483;1076;6114337;6791755;10574894;43762;11702606
FR;2;2022-03-22;117;388;1530;1829;1291;6114454;6792143;10576424;45591;11703897
FR;2;2022-03-23;139;361;1670;3032;1466;6114593;6792504;10578094;48623;11705363
FR;2;2022-03-24;116;293;1183;1547;1000;6114709;6792797;10579277;50170;11706363
FR;2;2022-03-25;119;361;1804;2449;1474;6114828;6793158;10581081;52619;11707837
FR;2;2022-03-26;77;247;1203;1222;952;6114905;6793405;10582284;53841;11708789
FR;2;2022-03-27;19;36;153;100;132;6114924;6793441;10582437;53941;11708921
FR;2;2022-03-28;94;287;1136;1601;995;6115018;6793728;10583573;55542;11709916
FR;2;2022-03-29;108;258;1324;2465;1104;6115126;6793986;10584897;58007;11711020
FR;2;2022-03-30;91;312;1487;3183;1319;6115217;6794298;10586384;61190;11712339
FR;2;2022-03-31;104;284;1275;2329;1089;6115321;6794582;10587659;63519;11713428
FR;2;2022-04-01;122;323;1567;2346;1322;6115443;6794905;10589226;65865;11714750
FR;2;2022-04-02;72;161;845;891;737;6115515;6795066;10590071;66756;11715487
FR;2;2022-04-03;16;53;128;113;142;6115531;6795119;10590199;66869;11715629
FR;2;2022-04-04;110;236;986;1438;795;6115641;6795355;10591185;68307;11716424
FR;2;2022-04-05;143;290;1314;2886;1141;6115784;6795645;10592499;71193;11717565
FR;2;2022-04-06;88;253;1304;2520;1127;6115872;6795898;10593803;73713;11718692
FR;2;2022-04-07;120;218;1299;2681;1039;6115992;6796116;10595102;76394;11719731
FR;2;2022-04-08;125;335;1629;3267;1323;6116117;6796451;10596731;79661;11721054
FR;2;2022-04-09;90;219;899;1045;731;6116207;6796670;10597630;80706;11721785
FR;2;2022-04-10;37;48;143;162;119;6116244;6796718;10597773;80868;11721904
FR;2;2022-04-11;88;192;886;1531;776;6116332;6796910;10598659;82399;11722680
FR;2;2022-04-12;176;268;1179;2737;1058;6116508;6797178;10599838;85136;11723738
FR;2;2022-04-13;146;230;1125;2452;986;6116654;6797408;10600963;87588;11724724
FR;2;2022-04-14;114;221;1085;2673;917;6116768;6797629;10602048;90261;11725641
FR;2;2022-04-15;113;245;1206;2282;1067;6116881;6797874;10603254;92543;11726708
FR;2;2022-04-16;67;108;548;549;459;6116948;6797982;10603802;93092;11727167
FR;2;2022-04-17;15;26;57;53;53;6116963;6798008;10603859;93145;11727220
FR;2;2022-04-18;12;35;120;70;115;6116975;6798043;10603979;93215;11727335
FR;2;2022-04-19;112;237;1116;1707;948;6117087;6798280;10605095;94922;11728283
FR;2;2022-04-20;95;240;1105;2156;931;6117182;6798520;10606200;97078;11729214
FR;2;2022-04-21;111;231;981;1909;837;6117293;6798751;10607181;98987;11730051
FR;2;2022-04-22;98;272;1241;2086;1023;6117391;6799023;10608422;101073;11731074
FR;2;2022-04-23;67;156;644;762;573;6117458;6799179;10609066;101835;11731647
FR;2;2022-04-24;12;29;101;68;79;6117470;6799208;10609167;101903;11731726
FR;2;2022-04-25;103;203;820;1314;709;6117573;6799411;10609987;103217;11732435
FR;2;2022-04-26;108;183;1039;1999;877;6117681;6799594;10611026;105216;11733312
FR;2;2022-04-27;97;177;860;1783;763;6117778;6799771;10611886;106999;11734075
FR;2;2022-04-28;91;214;948;1913;842;6117869;6799985;10612834;108912;11734917
FR;2;2022-04-29;81;280;1129;1691;1039;6117950;6800265;10613963;110603;11735956
FR;2;2022-04-30;65;126;470;538;429;6118015;6800391;10614433;111141;11736385
FR;2;2022-05-01;20;24;84;48;85;6118035;6800415;10614517;111189;11736470
FR;2;2022-05-02;115;226;762;1206;660;6118150;6800641;10615279;112395;11737130
FR;2;2022-05-03;148;228;997;1767;936;6118298;6800869;10616276;114162;11738066
FR;2;2022-05-04;90;222;923;1809;866;6118388;6801091;10617199;115971;11738932
FR;2;2022-05-05;126;195;851;1697;768;6118514;6801286;10618050;117668;11739700
FR;2;2022-05-06;133;244;1098;1848;1012;6118647;6801530;10619148;119516;11740712
FR;2;2022-05-07;40;98;470;504;406;6118687;6801628;10619618;120020;11741118
FR;2;2022-05-08;45;53;106;70;100;6118732;6801681;10619724;120090;11741218
FR;2;2022-05-09;101;174;654;984;604;6118833;6801855;10620378;121074;11741822
FR;2;2022-05-10;120;247;938;1830;893;6118953;6802102;10621316;122904;11742715
FR;2;2022-05-11;100;172;810;1871;790;6119053;6802274;10622126;124775;11743505
FR;2;2022-05-12;111;171;842;2093;801;6119164;6802445;10622968;126868;11744306
FR;2;2022-05-13;100;232;967;2090;896;6119264;6802677;10623935;128958;11745202
FR;2;2022-05-14;76;117;451;554;409;6119340;6802794;10624386;129512;11745611
FR;2;2022-05-15;24;37;93;87;107;6119364;6802831;10624479;129599;11745718
FR;2;2022-05-16;103;170;599;923;537;6119467;6803001;10625078;130522;11746255
FR;2;2022-05-17;95;184;689;1685;657;6119562;6803185;10625767;132207;11746912
FR;2;2022-05-18;80;180;640;1422;645;6119642;6803365;10626407;133629;11747557
FR;2;2022-05-19;69;159;708;1822;750;6119711;6803524;10627115;135451;11748307
FR;2;2022-05-20;107;178;872;1699;777;6119818;6803702;10627987;137150;11749084
FR;2;2022-05-21;48;96;397;517;338;6119866;6803798;10628384;137667;11749422
FR;2;2022-05-22;8;23;69;37;57;6119874;6803821;10628453;137704;11749479
FR;2;2022-05-23;85;132;498;930;469;6119959;6803953;10628951;138634;11749948
FR;2;2022-05-24;87;161;625;1611;613;6120046;6804114;10629576;140245;11750561
FR;2;2022-05-25;71;143;538;1145;491;6120117;6804257;10630114;141390;11751052
FR;2;2022-05-26;9;30;77;42;85;6120126;6804287;10630191;141432;11751137
FR;2;2022-05-27;45;121;456;817;438;6120171;6804408;10630647;142249;11751575
FR;2;2022-05-28;28;60;221;243;221;6120199;6804468;10630868;142492;11751796
FR;2;2022-05-29;13;34;43;25;51;6120212;6804502;10630911;142517;11751847
FR;2;2022-05-30;65;108;418;720;404;6120277;6804610;10631329;143237;11752251
FR;2;2022-05-31;76;133;563;1276;510;6120353;6804743;10631892;144513;11752761
FR;2;2022-06-01;59;153;559;1074;538;6120412;6804896;10632451;145587;11753299
FR;2;2022-06-02;92;171;624;1400;589;6120504;6805067;10633075;146987;11753888
FR;2;2022-06-03;70;155;666;1604;593;6120574;6805222;10633741;148591;11754481
FR;2;2022-06-04;68;92;281;433;267;6120642;6805314;10634022;149024;11754748
FR;2;2022-06-05;12;17;62;57;47;6120654;6805331;10634084;149081;11754795
FR;2;2022-06-06;11;28;92;75;92;6120665;6805359;10634176;149156;11754887
FR;2;2022-06-07;98;218;662;1531;575;6120763;6805577;10634838;150687;11755462
FR;2;2022-06-08;70;118;475;1165;411;6120833;6805695;10635313;151852;11755873
FR;2;2022-06-09;91;164;611;1921;568;6120924;6805859;10635924;153773;11756441
FR;2;2022-06-10;86;166;647;1682;619;6121010;6806025;10636571;155455;11757060
FR;2;2022-06-11;42;83;286;528;258;6121052;6806108;10636857;155983;11757318
FR;2;2022-06-12;18;38;58;78;60;6121070;6806146;10636915;156061;11757378
FR;2;2022-06-13;39;118;390;948;375;6121109;6806264;10637305;157009;11757753
FR;2;2022-06-14;65;154;598;2086;535;6121174;6806418;10637903;159095;11758288
FR;2;2022-06-15;76;104;519;1500;443;6121250;6806522;10638422;160595;11758731
FR;2;2022-06-16;127;127;494;1411;421;6121377;6806649;10638916;162006;11759152
FR;2;2022-06-17;72;132;586;1815;513;6121449;6806781;10639502;163821;11759665
FR;2;2022-06-18;75;92;224;578;196;6121524;6806873;10639726;164399;11759861
FR;2;2022-06-19;11;14;53;71;41;6121535;6806887;10639779;164470;11759902
FR;2;2022-06-20;62;124;401;1027;392;6121597;6807011;10640180;165497;11760294
FR;2;2022-06-21;107;115;524;2122;453;6121704;6807126;10640704;167619;11760747
FR;2;2022-06-22;39;106;461;1889;414;6121743;6807232;10641165;169508;11761161
FR;2;2022-06-23;56;108;536;2281;451;6121799;6807340;10641701;171789;11761612
FR;2;2022-06-24;66;122;708;3198;570;6121865;6807462;10642409;174987;11762182
FR;2;2022-06-25;30;90;295;986;251;6121895;6807552;10642704;175973;11762433
FR;2;2022-06-26;30;27;131;194;97;6121925;6807579;10642835;176167;11762530
FR;2;2022-06-27;79;136;580;2472;481;6122004;6807715;10643415;178639;11763011
FR;2;2022-06-28;110;138;812;4814;650;6122114;6807853;10644227;183453;11763661
FR;2;2022-06-29;71;149;775;4387;636;6122185;6808002;10645002;187840;11764297
FR;2;2022-06-30;72;133;832;5176;618;6122257;6808135;10645834;193016;11764915
FR;2;2022-07-01;110;154;1146;6691;843;6122367;6808289;10646980;199707;11765758
FR;2;2022-07-02;65;131;472;1973;391;6122432;6808420;10647452;201680;11766149
FR;2;2022-07-03;23;30;144;334;128;6122455;6808450;10647596;202014;11766277
FR;2;2022-07-04;119;176;776;3773;610;6122574;6808626;10648372;205787;11766887
FR;2;2022-07-05;116;184;1119;6810;825;6122690;6808810;10649491;212597;11767712
FR;2;2022-07-06;92;147;947;5800;693;6122782;6808957;10650438;218397;11768405
FR;2;2022-07-07;80;184;1020;6495;748;6122862;6809141;10651458;224892;11769153
FR;2;2022-07-08;64;122;1092;7028;754;6122926;6809263;10652550;231920;11769907
FR;2;2022-07-09;34;61;417;1869;298;6122960;6809324;10652967;233789;11770205
FR;2;2022-07-10;6;17;96;313;82;6122966;6809341;10653063;234102;11770287
FR;2;2022-07-11;68;119;681;3813;539;6123034;6809460;10653744;237915;11770826
FR;2;2022-07-12;99;178;1051;6505;807;6123133;6809638;10654795;244420;11771633
FR;2;2022-07-13;62;125;879;4649;585;6123195;6809763;10655674;249069;11772218
FR;2;2022-07-14;6;12;86;247;56;6123201;6809775;10655760;249316;11772274
FR;2;2022-07-15;60;126;739;3785;559;6123261;6809901;10656499;253101;11772833
FR;2;2022-07-16;27;53;287;1029;240;6123288;6809954;10656786;254130;11773073
FR;2;2022-07-17;5;12;77;201;66;6123293;6809966;10656863;254331;11773139
FR;2;2022-07-18;56;103;514;2507;384;6123349;6810069;10657377;256838;11773523
FR;2;2022-07-19;66;132;769;4246;555;6123415;6810201;10658146;261084;11774078
FR;2;2022-07-20;57;118;578;3177;429;6123472;6810319;10658724;264261;11774507
FR;2;2022-07-21;60;107;669;3677;483;6123532;6810426;10659393;267938;11774990
FR;2;2022-07-22;50;97;695;3518;502;6123582;6810523;10660088;271456;11775492
FR;2;2022-07-23;39;94;290;1168;227;6123621;6810617;10660378;272624;11775719
FR;2;2022-07-24;14;23;68;201;67;6123635;6810640;10660446;272825;11775786
FR;2;2022-07-25;49;69;398;1923;294;6123684;6810709;10660844;274748;11776080
FR;2;2022-07-26;59;132;602;3418;473;6123743;6810841;10661446;278166;11776553
FR;2;2022-07-27;42;81;452;2777;357;6123785;6810922;10661898;280943;11776910
FR;2;2022-07-28;29;75;444;2424;352;6123814;6810997;10662342;283367;11777262
FR;2;2022-07-29;66;87;530;2854;344;6123880;6811084;10662872;286221;11777606
FR;2;2022-07-30;21;35;162;774;110;6123901;6811119;10663034;286995;11777716
FR;2;2022-07-31;6;12;27;104;21;6123907;6811131;10663061;287099;11777737
FR;2;2022-08-01;35;98;301;1260;239;6123942;6811229;10663362;288359;11777976
FR;2;2022-08-02;49;73;323;2051;245;6123991;6811302;10663685;290410;11778221
FR;2;2022-08-03;28;52;247;1610;180;6124019;6811354;10663932;292020;11778401
FR;2;2022-08-04;39;63;298;1684;234;6124058;6811417;10664230;293704;11778635
FR;2;2022-08-05;31;89;314;1877;226;6124089;6811506;10664544;295581;11778861
FR;2;2022-08-06;21;40;105;365;81;6124110;6811546;10664649;295946;11778942
FR;2;2022-08-07;5;7;14;69;16;6124115;6811553;10664663;296015;11778958
FR;2;2022-08-08;15;33;211;874;138;6124130;6811586;10664874;296889;11779096
FR;2;2022-08-09;26;51;275;1470;237;6124156;6811637;10665149;298359;11779333
FR;2;2022-08-10;15;21;205;1122;142;6124171;6811658;10665354;299481;11779475
FR;2;2022-08-11;20;41;169;1021;114;6124191;6811699;10665523;300502;11779589
FR;2;2022-08-12;36;42;176;1025;134;6124227;6811741;10665699;301527;11779723
FR;2;2022-08-13;8;16;40;146;44;6124235;6811757;10665739;301673;11779767
FR;2;2022-08-14;1;2;11;51;10;6124236;6811759;10665750;301724;11779777
FR;2;2022-08-15;0;3;14;22;9;6124236;6811762;10665764;301746;11779786
FR;2;2022-08-16;23;30;137;672;113;6124259;6811792;10665901;302418;11779899
FR;2;2022-08-17;16;26;106;736;86;6124275;6811818;10666007;303154;11779985
FR;2;2022-08-18;13;28;150;827;100;6124288;6811846;10666157;303981;11780085
FR;2;2022-08-19;8;37;102;663;73;6124296;6811883;10666259;304644;11780158
FR;2;2022-08-20;6;23;47;185;36;6124302;6811906;10666306;304829;11780194
FR;2;2022-08-21;4;12;15;19;13;6124306;6811918;10666321;304848;11780207
FR;2;2022-08-22;10;22;106;385;59;6124316;6811940;10666427;305233;11780266
FR;2;2022-08-23;11;35;119;657;101;6124327;6811975;10666546;305890;11780367
FR;2;2022-08-24;8;20;72;439;65;6124335;6811995;10666618;306329;11780432
FR;3;2020-12-27;0;0;0;0;0;0;0;0;0;0
FR;3;2020-12-28;0;0;0;0;0;0;0;0;0;0
FR;3;2020-12-29;0;0;0;0;0;0;0;0;0;0
FR;3;2020-12-30;0;0;0;0;0;0;0;0;0;0
FR;3;2020-12-31;0;0;0;0;0;0;0;0;0;0
FR;3;2021-01-01;0;0;0;0;0;0;0;0;0;0
FR;3;2021-01-02;0;0;0;0;0;0;0;0;0;0
FR;3;2021-01-03;0;0;0;0;0;0;0;0;0;0
FR;3;2021-01-04;0;0;0;0;0;0;0;0;0;0
FR;3;2021-01-05;0;0;0;0;0;0;0;0;0;0
FR;3;2021-01-06;0;0;0;0;0;0;0;0;0;0
FR;3;2021-01-07;0;0;0;0;0;0;0;0;0;0
FR;3;2021-01-08;0;0;0;0;0;0;0;0;0;0
FR;3;2021-01-09;0;0;0;0;0;0;0;0;0;0
FR;3;2021-01-10;0;0;0;0;0;0;0;0;0;0
FR;3;2021-01-11;0;0;0;0;0;0;0;0;0;0
FR;3;2021-01-12;0;0;0;0;0;0;0;0;0;0
FR;3;2021-01-13;0;0;0;0;0;0;0;0;0;0
FR;3;2021-01-14;0;0;0;0;0;0;0;0;0;0
FR;3;2021-01-15;0;0;0;0;0;0;0;0;0;0
FR;3;2021-01-16;0;0;0;0;0;0;0;0;0;0
FR;3;2021-01-17;0;0;0;0;0;0;0;0;0;0
FR;3;2021-01-18;0;0;0;0;0;0;0;0;0;0
FR;3;2021-01-19;0;0;0;0;0;0;0;0;0;0
FR;3;2021-01-20;0;0;0;0;0;0;0;0;0;0
FR;3;2021-01-21;0;0;0;0;0;0;0;0;0;0
FR;3;2021-01-22;0;0;0;0;0;0;0;0;0;0
FR;3;2021-01-23;0;0;0;0;0;0;0;0;0;0
FR;3;2021-01-24;0;0;0;0;0;0;0;0;0;0
FR;3;2021-01-25;0;0;0;0;0;0;0;0;0;0
FR;3;2021-01-26;0;0;0;0;0;0;0;0;0;0
FR;3;2021-01-27;0;0;0;0;0;0;0;0;0;0
FR;3;2021-01-28;0;0;0;0;0;0;0;0;0;0
FR;3;2021-01-29;0;0;0;0;0;0;0;0;0;0
FR;3;2021-01-30;0;0;0;0;0;0;0;0;0;0
FR;3;2021-01-31;0;0;0;0;0;0;0;0;0;0
FR;3;2021-02-01;0;0;0;0;0;0;0;0;0;0
FR;3;2021-02-02;0;0;0;0;0;0;0;0;0;0
FR;3;2021-02-03;0;0;0;0;0;0;0;0;0;0
FR;3;2021-02-04;0;0;0;0;0;0;0;0;0;0
FR;3;2021-02-05;0;0;0;0;0;0;0;0;0;0
FR;3;2021-02-06;1576;0;0;0;0;1576;0;0;0;0
FR;3;2021-02-07;1423;1;0;0;0;2999;1;0;0;0
FR;3;2021-02-08;2786;1;0;0;0;5785;2;0;0;0
FR;3;2021-02-09;6782;0;0;0;0;12567;2;0;0;0
FR;3;2021-02-10;9608;0;0;0;0;22175;2;0;0;0
FR;3;2021-02-11;13618;1;0;0;0;35793;3;0;0;0
FR;3;2021-02-12;13404;0;0;0;0;49197;3;0;0;0
FR;3;2021-02-13;3796;1;0;0;0;52993;4;0;0;0
FR;3;2021-02-14;974;0;0;0;0;53967;4;0;0;0
FR;3;2021-02-15;10491;1;0;0;0;64458;5;0;0;0
FR;3;2021-02-16;12550;4;0;0;0;77008;9;0;0;0
FR;3;2021-02-17;11155;1;0;0;0;88163;10;0;0;0
FR;3;2021-02-18;14942;2;0;0;0;103105;12;0;0;0
FR;3;2021-02-19;14362;1;0;0;0;117467;13;0;0;0
FR;3;2021-02-20;3330;0;0;0;0;120797;13;0;0;0
FR;3;2021-02-21;618;0;0;0;0;121415;13;0;0;0
FR;3;2021-02-22;9166;0;0;0;0;130581;13;0;0;0
FR;3;2021-02-23;11398;3;0;0;0;141979;16;0;0;0
FR;3;2021-02-24;14305;1;0;0;0;156284;17;0;0;0
FR;3;2021-02-25;44931;3;0;0;0;201215;20;0;0;0
FR;3;2021-02-26;61888;7;0;0;0;263103;27;0;0;0
FR;3;2021-02-27;34803;10;0;0;0;297906;37;0;0;0
FR;3;2021-02-28;2463;0;0;0;0;300369;37;0;0;0
FR;3;2021-03-01;20516;14;0;0;0;320885;51;0;0;0
FR;3;2021-03-02;38869;21;0;0;0;359754;72;0;0;0
FR;3;2021-03-03;48742;16;0;0;0;408496;88;0;0;0
FR;3;2021-03-04;82222;21;0;0;0;490718;109;0;0;0
FR;3;2021-03-05;118127;43;0;0;0;608845;152;0;0;0
FR;3;2021-03-06;120716;63;1;0;0;729561;215;1;0;0
FR;3;2021-03-07;55180;25;0;0;0;784741;240;1;0;0
FR;3;2021-03-08;42812;25;0;0;0;827553;265;1;0;0
FR;3;2021-03-09;78972;50;0;0;0;906525;315;1;0;0
FR;3;2021-03-10;80979;53;0;0;0;987504;368;1;0;0
FR;3;2021-03-11;128439;60;0;0;0;1115943;428;1;0;0
FR;3;2021-03-12;182722;105;0;0;0;1298665;533;1;0;0
FR;3;2021-03-13;132152;77;0;0;0;1430817;610;1;0;0
FR;3;2021-03-14;14056;5;0;0;0;1444873;615;1;0;0
FR;3;2021-03-15;52235;65;0;0;0;1497108;680;1;0;0
FR;3;2021-03-16;1215;44;0;0;0;1498323;724;1;0;0
FR;3;2021-03-17;946;45;0;0;0;1499269;769;1;0;0
FR;3;2021-03-18;1571;29;0;0;0;1500840;798;1;0;0
FR;3;2021-03-19;70455;50;0;0;0;1571295;848;1;0;0
FR;3;2021-03-20;65235;45;0;0;0;1636530;893;1;0;0
FR;3;2021-03-21;5759;8;0;0;0;1642289;901;1;0;0
FR;3;2021-03-22;37504;44;0;0;0;1679793;945;1;0;0
FR;3;2021-03-23;84658;76;0;0;0;1764451;1021;1;0;0
FR;3;2021-03-24;90945;96;0;0;0;1855396;1117;1;0;0
FR;3;2021-03-25;150060;135;0;0;0;2005456;1252;1;0;0
FR;3;2021-03-26;165427;155;0;0;0;2170883;1407;1;0;0
FR;3;2021-03-27;68458;100;0;0;0;2239341;1507;1;0;0
FR;3;2021-03-28;6475;21;0;0;0;2245816;1528;1;0;0
FR;3;2021-03-29;54164;74;0;0;0;2299980;1602;1;0;0
FR;3;2021-03-30;93174;101;0;0;0;2393154;1703;1;0;0
FR;3;2021-03-31;63538;104;0;0;0;2456692;1807;1;0;0
FR;3;2021-04-01;86131;108;0;0;0;2542823;1915;1;0;0
FR;3;2021-04-02;86904;174;0;0;0;2629727;2089;1;0;0
FR;3;2021-04-03;35875;128;0;0;0;2665602;2217;1;0;0
FR;3;2021-04-04;3573;19;0;0;0;2669175;2236;1;0;0
FR;3;2021-04-05;4491;35;0;0;0;2673666;2271;1;0;0
FR;3;2021-04-06;29754;96;0;0;0;2703420;2367;1;0;0
FR;3;2021-04-07;32342;93;0;0;0;2735762;2460;1;0;0
FR;3;2021-04-08;78819;251;0;0;0;2814581;2711;1;0;0
FR;3;2021-04-09;161753;430;0;0;0;2976334;3141;1;0;0
FR;3;2021-04-10;75760;351;0;0;0;3052094;3492;1;0;0
FR;3;2021-04-11;7311;46;0;0;0;3059405;3538;1;0;0
FR;3;2021-04-12;51478;216;0;0;0;3110883;3754;1;0;0
FR;3;2021-04-13;86231;341;0;0;0;3197114;4095;1;0;0
FR;3;2021-04-14;67841;358;0;0;0;3264955;4453;1;0;0
FR;3;2021-04-15;93233;386;0;0;0;3358188;4839;1;0;0
FR;3;2021-04-16;112520;598;0;0;0;3470708;5437;1;0;0
FR;3;2021-04-17;53317;338;1;0;0;3524025;5775;2;0;0
FR;3;2021-04-18;9747;43;0;0;0;3533772;5818;2;0;0
FR;3;2021-04-19;25107;262;0;0;0;3558879;6080;2;0;0
FR;3;2021-04-20;45673;413;0;0;0;3604552;6493;2;0;0
FR;3;2021-04-21;38978;494;0;0;0;3643530;6987;2;0;0
FR;3;2021-04-22;54709;821;0;0;0;3698239;7808;2;0;0
FR;3;2021-04-23;70489;1045;0;0;0;3768728;8853;2;0;0
FR;3;2021-04-24;37245;1053;0;0;0;3805973;9906;2;0;0
FR;3;2021-04-25;6211;153;0;0;0;3812184;10059;2;0;0
FR;3;2021-04-26;19786;677;0;0;0;3831970;10736;2;0;0
FR;3;2021-04-27;34481;1287;0;0;0;3866451;12023;2;0;0
FR;3;2021-04-28;28968;1985;0;0;0;3895419;14008;2;0;0
FR;3;2021-04-29;45382;6033;0;0;0;3940801;20041;2;0;0
FR;3;2021-04-30;55462;9004;1;0;0;3996263;29045;3;0;0
FR;3;2021-05-01;9514;2025;0;0;0;4005777;31070;3;0;0
FR;3;2021-05-02;3075;478;0;0;0;4008852;31548;3;0;0
FR;3;2021-05-03;13062;3898;0;0;0;4021914;35446;3;0;0
FR;3;2021-05-04;23113;8455;0;0;0;4045027;43901;3;0;0
FR;3;2021-05-05;18759;10711;0;0;0;4063786;54612;3;0;0
FR;3;2021-05-06;34628;21067;0;0;0;4098414;75679;3;0;0
FR;3;2021-05-07;44202;28657;0;0;0;4142616;104336;3;0;0
FR;3;2021-05-08;6785;9167;0;0;0;4149401;113503;3;0;0
FR;3;2021-05-09;1795;2654;0;0;0;4151196;116157;3;0;0
FR;3;2021-05-10;14996;12791;0;0;0;4166192;128948;3;0;0
FR;3;2021-05-11;27096;26041;0;0;0;4193288;154989;3;0;0
FR;3;2021-05-12;17269;27840;0;0;0;4210557;182829;3;0;0
FR;3;2021-05-13;2281;3494;0;0;0;4212838;186323;3;0;0
FR;3;2021-05-14;14518;25967;0;0;0;4227356;212290;3;0;0
FR;3;2021-05-15;7234;20939;0;0;0;4234590;233229;3;0;0
FR;3;2021-05-16;976;2647;0;0;0;4235566;235876;3;0;0
FR;3;2021-05-17;7964;20053;0;0;0;4243530;255929;3;0;0
FR;3;2021-05-18;13412;29936;0;0;0;4256942;285865;3;0;0
FR;3;2021-05-19;9272;31030;0;0;0;4266214;316895;3;0;0
FR;3;2021-05-20;12804;53581;3;0;0;4279018;370476;6;0;0
FR;3;2021-05-21;12763;65898;2;0;0;4291781;436374;8;0;0
FR;3;2021-05-22;4963;33571;1;0;0;4296744;469945;9;0;0
FR;3;2021-05-23;651;2655;0;0;0;4297395;472600;9;0;0
FR;3;2021-05-24;883;4853;0;0;0;4298278;477453;9;0;0
FR;3;2021-05-25;5309;46130;1;0;0;4303587;523583;10;0;0
FR;3;2021-05-26;4976;51709;1;0;0;4308563;575292;11;0;0
FR;3;2021-05-27;6332;78553;3;0;0;4314895;653845;14;0;0
FR;3;2021-05-28;7543;99771;2;0;0;4322438;753616;16;0;0
FR;3;2021-05-29;3349;60775;1;0;0;4325787;814391;17;0;0
FR;3;2021-05-30;548;8167;0;0;0;4326335;822558;17;0;0
FR;3;2021-05-31;2441;35657;3;0;0;4328776;858215;20;0;0
FR;3;2021-06-01;3407;64847;10;0;0;4332183;923062;30;0;0
FR;3;2021-06-02;2732;58578;6;0;0;4334915;981640;36;0;0
FR;3;2021-06-03;3495;87339;10;0;0;4338410;1068979;46;0;0
FR;3;2021-06-04;4114;105540;22;0;0;4342524;1174519;68;0;0
FR;3;2021-06-05;1982;52454;4;0;0;4344506;1226973;72;0;0
FR;3;2021-06-06;508;5315;1;0;0;4345014;1232288;73;0;0
FR;3;2021-06-07;1478;30859;11;0;0;4346492;1263147;84;0;0
FR;3;2021-06-08;2059;47337;18;0;0;4348551;1310484;102;0;0
FR;3;2021-06-09;1794;42002;13;0;0;4350345;1352486;115;0;0
FR;3;2021-06-10;2252;67745;17;0;0;4352597;1420231;132;0;0
FR;3;2021-06-11;2480;96643;34;0;0;4355077;1516874;166;0;0
FR;3;2021-06-12;1176;40656;6;0;0;4356253;1557530;172;0;0
FR;3;2021-06-13;282;3695;3;0;0;4356535;1561225;175;0;0
FR;3;2021-06-14;1045;42451;17;0;0;4357580;1603676;192;0;0
FR;3;2021-06-15;1371;80490;20;0;0;4358951;1684166;212;0;0
FR;3;2021-06-16;1260;65529;20;0;0;4360211;1749695;232;0;0
FR;3;2021-06-17;1665;102082;41;0;0;4361876;1851777;273;0;0
FR;3;2021-06-18;1870;118225;62;0;0;4363746;1970002;335;0;0
FR;3;2021-06-19;802;39452;22;0;0;4364548;2009454;357;0;0
FR;3;2021-06-20;160;3253;0;0;0;4364708;2012707;357;0;0
FR;3;2021-06-21;771;39116;16;0;0;4365479;2051823;373;0;0
FR;3;2021-06-22;1065;70008;52;0;0;4366544;2121831;425;0;0
FR;3;2021-06-23;942;50826;39;0;0;4367486;2172657;464;0;0
FR;3;2021-06-24;1310;77199;48;0;0;4368796;2249856;512;0;0
FR;3;2021-06-25;1405;90427;73;0;0;4370201;2340283;585;0;0
FR;3;2021-06-26;630;33115;29;0;0;4370831;2373398;614;0;0
FR;3;2021-06-27;166;3876;1;0;0;4370997;2377274;615;0;0
FR;3;2021-06-28;654;30194;27;0;0;4371651;2407468;642;0;0
FR;3;2021-06-29;857;56379;95;0;0;4372508;2463847;737;0;0
FR;3;2021-06-30;905;45122;93;0;0;4373413;2508969;830;0;0
FR;3;2021-07-01;1163;65914;108;0;0;4374576;2574883;938;0;0
FR;3;2021-07-02;1306;90457;170;0;0;4375882;2665340;1108;0;0
FR;3;2021-07-03;602;31174;51;0;0;4376484;2696514;1159;0;0
FR;3;2021-07-04;144;4104;3;0;0;4376628;2700618;1162;0;0
FR;3;2021-07-05;610;33698;60;0;0;4377238;2734316;1222;0;0
FR;3;2021-07-06;962;55998;88;0;0;4378200;2790314;1310;0;0
FR;3;2021-07-07;871;42977;80;0;0;4379071;2833291;1390;0;0
FR;3;2021-07-08;1124;60754;99;0;0;4380195;2894045;1489;0;0
FR;3;2021-07-09;1260;68864;128;0;0;4381455;2962909;1617;0;0
FR;3;2021-07-10;643;25045;59;0;0;4382098;2987954;1676;0;0
FR;3;2021-07-11;129;3224;4;0;0;4382227;2991178;1680;0;0
FR;3;2021-07-12;662;23743;59;0;0;4382889;3014921;1739;0;0
FR;3;2021-07-13;1647;34585;90;0;0;4384536;3049506;1829;0;0
FR;3;2021-07-14;267;2526;2;0;0;4384803;3052032;1831;0;0
FR;3;2021-07-15;1939;30532;85;0;0;4386742;3082564;1916;0;0
FR;3;2021-07-16;2520;38738;122;0;0;4389262;3121302;2038;0;0
FR;3;2021-07-17;1048;13731;26;0;0;4390310;3135033;2064;0;0
FR;3;2021-07-18;265;2565;3;0;0;4390575;3137598;2067;0;0
FR;3;2021-07-19;1276;17031;37;0;0;4391851;3154629;2104;0;0
FR;3;2021-07-20;1823;27015;98;0;0;4393674;3181644;2202;0;0
FR;3;2021-07-21;1651;19597;44;0;0;4395325;3201241;2246;0;0
FR;3;2021-07-22;1854;27675;83;0;0;4397179;3228916;2329;0;0
FR;3;2021-07-23;2215;30339;117;0;0;4399394;3259255;2446;0;0
FR;3;2021-07-24;826;6960;25;0;0;4400220;3266215;2471;0;0
FR;3;2021-07-25;210;1304;1;0;0;4400430;3267519;2472;0;0
FR;3;2021-07-26;929;10585;28;0;0;4401359;3278104;2500;0;0
FR;3;2021-07-27;1168;16876;56;0;0;4402527;3294980;2556;0;0
FR;3;2021-07-28;989;12032;40;0;0;4403516;3307012;2596;0;0
FR;3;2021-07-29;1127;15744;63;0;0;4404643;3322756;2659;0;0
FR;3;2021-07-30;1128;18018;79;0;0;4405771;3340774;2738;0;0
FR;3;2021-07-31;406;3735;15;0;0;4406177;3344509;2753;0;0
FR;3;2021-08-01;114;462;1;0;0;4406291;3344971;2754;0;0
FR;3;2021-08-02;421;5074;22;0;0;4406712;3350045;2776;0;0
FR;3;2021-08-03;495;7517;27;0;0;4407207;3357562;2803;0;0
FR;3;2021-08-04;437;4853;26;0;0;4407644;3362415;2829;0;0
FR;3;2021-08-05;430;3678;13;0;0;4408074;3366093;2842;0;0
FR;3;2021-08-06;456;4735;30;0;0;4408530;3370828;2872;0;0
FR;3;2021-08-07;214;1905;11;0;0;4408744;3372733;2883;0;0
FR;3;2021-08-08;249;427;2;0;0;4408993;3373160;2885;0;0
FR;3;2021-08-09;317;2429;11;0;0;4409310;3375589;2896;0;0
FR;3;2021-08-10;368;3805;15;0;0;4409678;3379394;2911;0;0
FR;3;2021-08-11;290;2691;15;0;0;4409968;3382085;2926;0;0
FR;3;2021-08-12;277;2606;12;0;0;4410245;3384691;2938;0;0
FR;3;2021-08-13;277;2260;16;0;0;4410522;3386951;2954;0;0
FR;3;2021-08-14;172;907;1;0;0;4410694;3387858;2955;0;0
FR;3;2021-08-15;56;174;0;0;0;4410750;3388032;2955;0;0
FR;3;2021-08-16;124;1041;8;0;0;4410874;3389073;2963;0;0
FR;3;2021-08-17;188;1458;8;0;0;4411062;3390531;2971;0;0
FR;3;2021-08-18;203;1327;10;0;0;4411265;3391858;2981;0;0
FR;3;2021-08-19;165;1393;10;0;0;4411430;3393251;2991;0;0
FR;3;2021-08-20;167;1614;16;0;0;4411597;3394865;3007;0;0
FR;3;2021-08-21;93;583;2;0;0;4411690;3395448;3009;0;0
FR;3;2021-08-22;42;188;1;0;0;4411732;3395636;3010;0;0
FR;3;2021-08-23;141;915;7;0;0;4411873;3396551;3017;0;0
FR;3;2021-08-24;124;944;10;0;0;4411997;3397495;3027;0;0
FR;3;2021-08-25;137;829;3;0;0;4412134;3398324;3030;0;0
FR;3;2021-08-26;172;848;9;0;0;4412306;3399172;3039;0;0
FR;3;2021-08-27;178;945;9;0;0;4412484;3400117;3048;0;0
FR;3;2021-08-28;99;370;4;0;0;4412583;3400487;3052;0;0
FR;3;2021-08-29;128;133;1;0;0;4412711;3400620;3053;0;0
FR;3;2021-08-30;100;582;0;0;123;4412811;3401202;3053;0;123
FR;3;2021-08-31;131;697;7;0;143;4412942;3401899;3060;0;266
FR;3;2021-09-01;120;466;5;0;115;4413062;3402365;3065;0;381
FR;3;2021-09-02;100;621;22;0;114;4413162;3402986;3087;0;495
FR;3;2021-09-03;115;572;17;0;120;4413277;3403558;3104;0;615
FR;3;2021-09-04;54;300;3;0;55;4413331;3403858;3107;0;670
FR;3;2021-09-05;51;67;5;0;27;4413382;3403925;3112;0;697
FR;3;2021-09-06;116;381;4;0;138;4413498;3404306;3116;0;835
FR;3;2021-09-07;123;454;14;0;123;4413621;3404760;3130;0;958
FR;3;2021-09-08;120;352;2;0;94;4413741;3405112;3132;0;1052
FR;3;2021-09-09;93;387;8;0;108;4413834;3405499;3140;0;1160
FR;3;2021-09-10;100;408;3;0;96;4413934;3405907;3143;0;1256
FR;3;2021-09-11;76;233;4;0;66;4414010;3406140;3147;0;1322
FR;3;2021-09-12;37;47;1;0;17;4414047;3406187;3148;0;1339
FR;3;2021-09-13;73;307;7;0;102;4414120;3406494;3155;0;1441
FR;3;2021-09-14;72;281;6;0;99;4414192;3406775;3161;0;1540
FR;3;2021-09-15;61;257;3;0;6;4414253;3407032;3164;0;1546
FR;3;2021-09-16;62;325;6;0;6;4414315;3407357;3170;0;1552
FR;3;2021-09-17;52;334;3;0;7;4414367;3407691;3173;0;1559
FR;3;2021-09-18;36;178;1;0;1;4414403;3407869;3174;0;1560
FR;3;2021-09-19;28;31;2;0;1;4414431;3407900;3176;0;1561
FR;3;2021-09-20;81;198;0;0;1;4414512;3408098;3176;0;1562
FR;3;2021-09-21;59;286;6;0;7;4414571;3408384;3182;0;1569
FR;3;2021-09-22;64;231;6;0;7;4414635;3408615;3188;0;1576
FR;3;2021-09-23;37;265;11;0;7;4414672;3408880;3199;0;1583
FR;3;2021-09-24;28;322;12;0;19;4414700;3409202;3211;0;1602
FR;3;2021-09-25;31;142;3;0;3;4414731;3409344;3214;0;1605
FR;3;2021-09-26;16;58;1;0;1;4414747;3409402;3215;0;1606
FR;3;2021-09-27;46;293;3;0;5;4414793;3409695;3218;0;1611
FR;3;2021-09-28;49;249;6;0;8;4414842;3409944;3224;0;1619
FR;3;2021-09-29;37;224;10;0;14;4414879;3410168;3234;0;1633
FR;3;2021-09-30;39;202;8;0;10;4414918;3410370;3242;0;1643
FR;3;2021-10-01;22;162;6;0;7;4414940;3410532;3248;0;1650
FR;3;2021-10-02;16;86;0;0;0;4414956;3410618;3248;0;1650
FR;3;2021-10-03;19;18;1;0;2;4414975;3410636;3249;0;1652
FR;3;2021-10-04;31;157;4;0;4;4415006;3410793;3253;0;1656
FR;3;2021-10-05;17;151;10;0;13;4415023;3410944;3263;0;1669
FR;3;2021-10-06;32;147;8;0;9;4415055;3411091;3271;0;1678
FR;3;2021-10-07;19;134;6;0;6;4415074;3411225;3277;0;1684
FR;3;2021-10-08;24;140;10;0;9;4415098;3411365;3287;0;1693
FR;3;2021-10-09;14;72;1;0;1;4415112;3411437;3288;0;1694
FR;3;2021-10-10;13;18;2;0;3;4415125;3411455;3290;0;1697
FR;3;2021-10-11;15;120;4;0;5;4415140;3411575;3294;0;1702
FR;3;2021-10-12;19;105;5;0;5;4415159;3411680;3299;0;1707
FR;3;2021-10-13;25;116;9;0;7;4415184;3411796;3308;0;1714
FR;3;2021-10-14;18;154;3;0;4;4415202;3411950;3311;0;1718
FR;3;2021-10-15;23;151;8;0;12;4415225;3412101;3319;0;1730
FR;3;2021-10-16;11;77;6;0;8;4415236;3412178;3325;0;1738
FR;3;2021-10-17;12;25;0;0;0;4415248;3412203;3325;0;1738
FR;3;2021-10-18;18;118;2;0;2;4415266;3412321;3327;0;1740
FR;3;2021-10-19;16;116;19;0;21;4415282;3412437;3346;0;1761
FR;3;2021-10-20;25;128;6;0;7;4415307;3412565;3352;0;1768
FR;3;2021-10-21;27;128;17;0;13;4415334;3412693;3369;0;1781
FR;3;2021-10-22;23;113;16;0;19;4415357;3412806;3385;0;1800
FR;3;2021-10-23;15;58;2;0;1;4415372;3412864;3387;0;1801
FR;3;2021-10-24;7;35;0;0;0;4415379;3412899;3387;0;1801
FR;3;2021-10-25;23;148;7;0;7;4415402;3413047;3394;0;1808
FR;3;2021-10-26;25;103;22;0;19;4415427;3413150;3416;0;1827
FR;3;2021-10-27;18;105;9;0;9;4415445;3413255;3425;0;1836
FR;3;2021-10-28;22;119;33;0;36;4415467;3413374;3458;0;1872
FR;3;2021-10-29;12;109;64;0;54;4415479;3413483;3522;0;1926
FR;3;2021-10-30;11;65;11;1;10;4415490;3413548;3533;1;1936
FR;3;2021-10-31;8;23;1;0;1;4415498;3413571;3534;1;1937
FR;3;2021-11-01;10;23;2;0;1;4415508;3413594;3536;1;1938
FR;3;2021-11-02;9;103;10;0;12;4415517;3413697;3546;1;1950
FR;3;2021-11-03;19;111;10;0;10;4415536;3413808;3556;1;1960
FR;3;2021-11-04;18;91;4;0;3;4415554;3413899;3560;1;1963
FR;3;2021-11-05;19;126;8;1;5;4415573;3414025;3568;2;1968
FR;3;2021-11-06;10;61;3;0;3;4415583;3414086;3571;2;1971
FR;3;2021-11-07;6;21;1;0;1;4415589;3414107;3572;2;1972
FR;3;2021-11-08;11;134;7;0;5;4415600;3414241;3579;2;1977
FR;3;2021-11-09;13;137;5;0;5;4415613;3414378;3584;2;1982
FR;3;2021-11-10;14;164;14;0;15;4415627;3414542;3598;2;1997
FR;3;2021-11-11;11;49;3;0;3;4415638;3414591;3601;2;2000
FR;3;2021-11-12;14;144;6;0;4;4415652;3414735;3607;2;2004
FR;3;2021-11-13;7;68;9;0;10;4415659;3414803;3616;2;2014
FR;3;2021-11-14;3;24;1;0;1;4415662;3414827;3617;2;2015
FR;3;2021-11-15;5;175;10;0;11;4415667;3415002;3627;2;2026
FR;3;2021-11-16;6;146;11;0;10;4415673;3415148;3638;2;2036
FR;3;2021-11-17;7;158;11;0;8;4415680;3415306;3649;2;2044
FR;3;2021-11-18;14;153;10;0;11;4415694;3415459;3659;2;2055
FR;3;2021-11-19;10;203;22;0;27;4415704;3415662;3681;2;2082
FR;3;2021-11-20;6;107;6;0;6;4415710;3415769;3687;2;2088
FR;3;2021-11-21;3;26;3;0;3;4415713;3415795;3690;2;2091
FR;3;2021-11-22;11;205;11;0;11;4415724;3416000;3701;2;2102
FR;3;2021-11-23;8;205;15;0;14;4415732;3416205;3716;2;2116
FR;3;2021-11-24;9;209;9;0;17;4415741;3416414;3725;2;2133
FR;3;2021-11-25;12;240;11;0;11;4415753;3416654;3736;2;2144
FR;3;2021-11-26;8;309;35;0;33;4415761;3416963;3771;2;2177
FR;3;2021-11-27;8;143;20;0;21;4415769;3417106;3791;2;2198
FR;3;2021-11-28;3;63;7;0;7;4415772;3417169;3798;2;2205
FR;3;2021-11-29;5;265;20;0;21;4415777;3417434;3818;2;2226
FR;3;2021-11-30;7;354;28;0;31;4415784;3417788;3846;2;2257
FR;3;2021-12-01;30;384;36;0;38;4415814;3418172;3882;2;2295
FR;3;2021-12-02;9;404;33;0;36;4415823;3418576;3915;2;2331
FR;3;2021-12-03;4;459;37;0;38;4415827;3419035;3952;2;2369
FR;3;2021-12-04;3;243;26;0;28;4415830;3419278;3978;2;2397
FR;3;2021-12-05;1;66;5;0;5;4415831;3419344;3983;2;2402
FR;3;2021-12-06;5;425;14;0;15;4415836;3419769;3997;2;2417
FR;3;2021-12-07;4;502;20;0;24;4415840;3420271;4017;2;2441
FR;3;2021-12-08;7;455;29;0;30;4415847;3420726;4046;2;2471
FR;3;2021-12-09;3;521;17;0;22;4415850;3421247;4063;2;2493
FR;3;2021-12-10;10;534;29;0;25;4415860;3421781;4092;2;2518
FR;3;2021-12-11;4;338;10;0;9;4415864;3422119;4102;2;2527
FR;3;2021-12-12;1;112;3;0;3;4415865;3422231;4105;2;2530
FR;3;2021-12-13;2;508;19;0;21;4415867;3422739;4124;2;2551
FR;3;2021-12-14;8;648;18;0;21;4415875;3423387;4142;2;2572
FR;3;2021-12-15;9;620;17;0;21;4415884;3424007;4159;2;2593
FR;3;2021-12-16;10;632;19;0;18;4415894;3424639;4178;2;2611
FR;3;2021-12-17;5;715;18;0;19;4415899;3425354;4196;2;2630
FR;3;2021-12-18;4;380;4;0;5;4415903;3425734;4200;2;2635
FR;3;2021-12-19;3;194;2;0;2;4415906;3425928;4202;2;2637
FR;3;2021-12-20;8;649;23;0;28;4415914;3426577;4225;2;2665
FR;3;2021-12-21;3;740;10;0;13;4415917;3427317;4235;2;2678
FR;3;2021-12-22;10;687;9;0;10;4415927;3428004;4244;2;2688
FR;3;2021-12-23;2;593;8;0;8;4415929;3428597;4252;2;2696
FR;3;2021-12-24;2;252;3;0;6;4415931;3428849;4255;2;2702
FR;3;2021-12-25;0;25;0;0;0;4415931;3428874;4255;2;2702
FR;3;2021-12-26;0;92;1;0;1;4415931;3428966;4256;2;2703
FR;3;2021-12-27;7;499;17;0;20;4415938;3429465;4273;2;2723
FR;3;2021-12-28;3;648;6;0;5;4415941;3430113;4279;2;2728
FR;3;2021-12-29;4;537;14;0;16;4415945;3430650;4293;2;2744
FR;3;2021-12-30;3;560;7;0;10;4415948;3431210;4300;2;2754
FR;3;2021-12-31;0;196;5;0;7;4415948;3431406;4305;2;2761
FR;3;2022-01-01;0;26;0;0;2;4415948;3431432;4305;2;2763
FR;3;2022-01-02;0;80;0;0;0;4415948;3431512;4305;2;2763
FR;3;2022-01-03;4;538;17;0;21;4415952;3432050;4322;2;2784
FR;3;2022-01-04;6;585;9;0;8;4415958;3432635;4331;2;2792
FR;3;2022-01-05;4;532;10;0;14;4415962;3433167;4341;2;2806
FR;3;2022-01-06;6;510;9;0;10;4415968;3433677;4350;2;2816
FR;3;2022-01-07;2;534;11;0;13;4415970;3434211;4361;2;2829
FR;3;2022-01-08;4;265;4;0;5;4415974;3434476;4365;2;2834
FR;3;2022-01-09;0;117;0;0;0;4415974;3434593;4365;2;2834
FR;3;2022-01-10;2;458;12;0;12;4415976;3435051;4377;2;2846
FR;3;2022-01-11;2;498;1;0;1;4415978;3435549;4378;2;2847
FR;3;2022-01-12;2;426;9;0;10;4415980;3435975;4387;2;2857
FR;3;2022-01-13;3;406;11;0;12;4415983;3436381;4398;2;2869
FR;3;2022-01-14;3;452;10;0;13;4415986;3436833;4408;2;2882
FR;3;2022-01-15;0;289;2;0;3;4415986;3437122;4410;2;2885
FR;3;2022-01-16;1;111;1;0;1;4415987;3437233;4411;2;2886
FR;3;2022-01-17;2;335;8;0;9;4415989;3437568;4419;2;2895
FR;3;2022-01-18;2;388;1;0;2;4415991;3437956;4420;2;2897
FR;3;2022-01-19;2;338;5;0;10;4415993;3438294;4425;2;2907
FR;3;2022-01-20;1;369;5;0;3;4415994;3438663;4430;2;2910
FR;3;2022-01-21;4;357;5;0;7;4415998;3439020;4435;2;2917
FR;3;2022-01-22;2;230;1;0;2;4416000;3439250;4436;2;2919
FR;3;2022-01-23;0;81;0;0;1;4416000;3439331;4436;2;2920
FR;3;2022-01-24;2;336;1;0;6;4416002;3439667;4437;2;2926
FR;3;2022-01-25;0;184;0;0;0;4416002;3439851;4437;2;2926
FR;3;2022-01-26;0;82;0;0;0;4416002;3439933;4437;2;2926
FR;3;2022-01-27;0;54;0;0;0;4416002;3439987;4437;2;2926
FR;3;2022-01-28;0;123;0;0;0;4416002;3440110;4437;2;2926
FR;3;2022-01-29;0;105;0;0;0;4416002;3440215;4437;2;2926
FR;3;2022-01-30;0;51;0;0;0;4416002;3440266;4437;2;2926
FR;3;2022-01-31;0;96;0;0;0;4416002;3440362;4437;2;2926
FR;3;2022-02-01;0;101;0;0;1;4416002;3440463;4437;2;2927
FR;3;2022-02-02;0;90;0;0;0;4416002;3440553;4437;2;2927
FR;3;2022-02-03;0;97;0;0;0;4416002;3440650;4437;2;2927
FR;3;2022-02-04;0;121;0;0;0;4416002;3440771;4437;2;2927
FR;3;2022-02-05;0;72;0;0;0;4416002;3440843;4437;2;2927
FR;3;2022-02-06;0;11;0;0;0;4416002;3440854;4437;2;2927
FR;3;2022-02-07;0;87;0;0;0;4416002;3440941;4437;2;2927
FR;3;2022-02-08;0;0;0;0;0;4416002;3440941;4437;2;2927
FR;3;2022-02-09;0;0;0;0;0;4416002;3440941;4437;2;2927
FR;3;2022-02-10;0;0;0;0;0;4416002;3440941;4437;2;2927
FR;3;2022-02-11;0;0;0;0;0;4416002;3440941;4437;2;2927
FR;3;2022-02-12;0;0;0;0;0;4416002;3440941;4437;2;2927
FR;3;2022-02-13;0;0;0;0;0;4416002;3440941;4437;2;2927
FR;3;2022-02-14;0;0;0;0;0;4416002;3440941;4437;2;2927
FR;3;2022-02-15;0;0;0;0;0;4416002;3440941;4437;2;2927
FR;3;2022-02-16;0;0;0;0;0;4416002;3440941;4437;2;2927
FR;3;2022-02-17;0;0;0;0;0;4416002;3440941;4437;2;2927
FR;3;2022-02-18;0;0;0;0;0;4416002;3440941;4437;2;2927
FR;3;2022-02-19;0;0;0;0;0;4416002;3440941;4437;2;2927
FR;3;2022-02-20;0;0;0;0;0;4416002;3440941;4437;2;2927
FR;3;2022-02-21;2;0;0;0;0;4416004;3440941;4437;2;2927
FR;3;2022-02-22;0;0;0;0;0;4416004;3440941;4437;2;2927
FR;3;2022-02-23;0;0;0;0;0;4416004;3440941;4437;2;2927
FR;3;2022-02-24;0;0;0;0;0;4416004;3440941;4437;2;2927
FR;3;2022-02-25;0;0;0;0;0;4416004;3440941;4437;2;2927
FR;3;2022-02-26;0;0;0;0;0;4416004;3440941;4437;2;2927
FR;3;2022-02-27;0;0;0;0;0;4416004;3440941;4437;2;2927
FR;3;2022-02-28;1;0;0;0;0;4416005;3440941;4437;2;2927
FR;3;2022-03-01;1;0;0;0;0;4416006;3440941;4437;2;2927
FR;3;2022-03-02;0;0;0;0;0;4416006;3440941;4437;2;2927
FR;3;2022-03-03;0;0;0;0;0;4416006;3440941;4437;2;2927
FR;3;2022-03-04;0;0;0;0;0;4416006;3440941;4437;2;2927
FR;3;2022-03-05;0;0;0;0;0;4416006;3440941;4437;2;2927
FR;3;2022-03-06;1;0;0;0;0;4416007;3440941;4437;2;2927
FR;3;2022-03-07;0;0;0;0;0;4416007;3440941;4437;2;2927
FR;3;2022-03-08;1;0;0;0;0;4416008;3440941;4437;2;2927
FR;3;2022-03-09;0;0;0;0;0;4416008;3440941;4437;2;2927
FR;3;2022-03-10;0;0;0;0;0;4416008;3440941;4437;2;2927
FR;3;2022-03-11;0;0;0;0;0;4416008;3440941;4437;2;2927
FR;3;2022-03-12;0;0;0;0;0;4416008;3440941;4437;2;2927
FR;3;2022-03-13;0;0;0;0;0;4416008;3440941;4437;2;2927
FR;3;2022-03-14;0;0;0;0;0;4416008;3440941;4437;2;2927
FR;3;2022-03-15;0;0;0;0;0;4416008;3440941;4437;2;2927
FR;3;2022-03-16;0;0;0;0;0;4416008;3440941;4437;2;2927
FR;3;2022-03-17;0;0;0;0;0;4416008;3440941;4437;2;2927
FR;3;2022-03-18;0;0;0;0;0;4416008;3440941;4437;2;2927
FR;3;2022-03-19;0;0;0;0;0;4416008;3440941;4437;2;2927
FR;3;2022-03-20;1;0;0;0;0;4416009;3440941;4437;2;2927
FR;3;2022-03-21;0;0;0;0;0;4416009;3440941;4437;2;2927
FR;3;2022-03-22;0;0;0;0;0;4416009;3440941;4437;2;2927
FR;3;2022-03-23;1;0;0;0;0;4416010;3440941;4437;2;2927
FR;3;2022-03-24;0;0;0;0;0;4416010;3440941;4437;2;2927
FR;3;2022-03-25;1;0;0;0;0;4416011;3440941;4437;2;2927
FR;3;2022-03-26;0;0;0;0;0;4416011;3440941;4437;2;2927
FR;3;2022-03-27;0;0;0;0;0;4416011;3440941;4437;2;2927
FR;3;2022-03-28;0;0;0;0;0;4416011;3440941;4437;2;2927
FR;3;2022-03-29;0;0;0;0;0;4416011;3440941;4437;2;2927
FR;3;2022-03-30;0;0;0;0;0;4416011;3440941;4437;2;2927
FR;3;2022-03-31;0;0;0;0;0;4416011;3440941;4437;2;2927
FR;3;2022-04-01;0;0;0;0;0;4416011;3440941;4437;2;2927
FR;3;2022-04-02;0;0;0;0;0;4416011;3440941;4437;2;2927
FR;3;2022-04-03;0;0;0;0;0;4416011;3440941;4437;2;2927
FR;3;2022-04-04;0;0;0;0;0;4416011;3440941;4437;2;2927
FR;3;2022-04-05;0;0;0;0;0;4416011;3440941;4437;2;2927
FR;3;2022-04-06;0;0;0;0;0;4416011;3440941;4437;2;2927
FR;3;2022-04-07;0;0;0;0;0;4416011;3440941;4437;2;2927
FR;3;2022-04-08;0;0;0;0;0;4416011;3440941;4437;2;2927
FR;3;2022-04-09;0;0;0;0;0;4416011;3440941;4437;2;2927
FR;3;2022-04-10;0;0;0;0;0;4416011;3440941;4437;2;2927
FR;3;2022-04-11;0;0;0;0;0;4416011;3440941;4437;2;2927
FR;3;2022-04-12;0;0;0;0;0;4416011;3440941;4437;2;2927
FR;3;2022-04-13;0;0;0;0;0;4416011;3440941;4437;2;2927
FR;3;2022-04-14;0;0;0;0;0;4416011;3440941;4437;2;2927
FR;3;2022-04-15;1;0;0;0;0;4416012;3440941;4437;2;2927
FR;3;2022-04-16;0;0;0;0;0;4416012;3440941;4437;2;2927
FR;3;2022-04-17;0;0;0;0;0;4416012;3440941;4437;2;2927
FR;3;2022-04-18;0;0;0;0;0;4416012;3440941;4437;2;2927
FR;3;2022-04-19;0;0;0;0;0;4416012;3440941;4437;2;2927
FR;3;2022-04-20;0;0;0;0;0;4416012;3440941;4437;2;2927
FR;3;2022-04-21;0;0;0;0;0;4416012;3440941;4437;2;2927
FR;3;2022-04-22;0;0;0;0;0;4416012;3440941;4437;2;2927
FR;3;2022-04-23;0;0;0;0;0;4416012;3440941;4437;2;2927
FR;3;2022-04-24;0;0;0;0;0;4416012;3440941;4437;2;2927
FR;3;2022-04-25;0;0;0;0;0;4416012;3440941;4437;2;2927
FR;3;2022-04-26;0;0;0;0;0;4416012;3440941;4437;2;2927
FR;3;2022-04-27;0;0;0;0;0;4416012;3440941;4437;2;2927
FR;3;2022-04-28;0;0;0;0;0;4416012;3440941;4437;2;2927
FR;3;2022-04-29;0;0;0;0;0;4416012;3440941;4437;2;2927
FR;3;2022-04-30;0;0;0;0;0;4416012;3440941;4437;2;2927
FR;3;2022-05-01;0;0;0;0;0;4416012;3440941;4437;2;2927
FR;3;2022-05-02;0;0;0;0;0;4416012;3440941;4437;2;2927
FR;3;2022-05-03;0;0;0;0;0;4416012;3440941;4437;2;2927
FR;3;2022-05-04;0;0;0;0;0;4416012;3440941;4437;2;2927
FR;3;2022-05-05;0;0;0;0;0;4416012;3440941;4437;2;2927
FR;3;2022-05-06;0;0;0;0;0;4416012;3440941;4437;2;2927
FR;3;2022-05-07;0;0;0;0;0;4416012;3440941;4437;2;2927
FR;3;2022-05-08;0;0;0;0;0;4416012;3440941;4437;2;2927
FR;3;2022-05-09;0;0;0;0;0;4416012;3440941;4437;2;2927
FR;3;2022-05-10;0;0;0;0;0;4416012;3440941;4437;2;2927
FR;3;2022-05-11;0;0;0;0;0;4416012;3440941;4437;2;2927
FR;3;2022-05-12;0;0;0;0;0;4416012;3440941;4437;2;2927
FR;3;2022-05-13;0;0;0;0;0;4416012;3440941;4437;2;2927
FR;3;2022-05-14;1;0;0;0;0;4416013;3440941;4437;2;2927
FR;3;2022-05-15;0;0;0;0;0;4416013;3440941;4437;2;2927
FR;3;2022-05-16;0;0;0;0;0;4416013;3440941;4437;2;2927
FR;3;2022-05-17;0;0;0;0;0;4416013;3440941;4437;2;2927
FR;3;2022-05-18;0;0;0;0;0;4416013;3440941;4437;2;2927
FR;3;2022-05-19;0;0;0;0;0;4416013;3440941;4437;2;2927
FR;3;2022-05-20;0;0;0;0;0;4416013;3440941;4437;2;2927
FR;3;2022-05-21;0;0;0;0;0;4416013;3440941;4437;2;2927
FR;3;2022-05-22;0;0;0;0;0;4416013;3440941;4437;2;2927
FR;3;2022-05-23;0;0;0;0;0;4416013;3440941;4437;2;2927
FR;3;2022-05-24;0;0;0;0;0;4416013;3440941;4437;2;2927
FR;3;2022-05-25;0;0;0;0;0;4416013;3440941;4437;2;2927
FR;3;2022-05-26;0;0;0;0;0;4416013;3440941;4437;2;2927
FR;3;2022-05-27;0;0;0;0;0;4416013;3440941;4437;2;2927
FR;3;2022-05-28;0;0;0;0;0;4416013;3440941;4437;2;2927
FR;3;2022-05-29;0;0;0;0;0;4416013;3440941;4437;2;2927
FR;3;2022-05-30;0;0;0;0;0;4416013;3440941;4437;2;2927
FR;3;2022-05-31;0;0;0;0;0;4416013;3440941;4437;2;2927
FR;3;2022-06-01;0;0;0;0;0;4416013;3440941;4437;2;2927
FR;3;2022-06-02;0;0;0;0;0;4416013;3440941;4437;2;2927
FR;3;2022-06-03;0;0;0;0;0;4416013;3440941;4437;2;2927
FR;3;2022-06-04;0;0;0;0;0;4416013;3440941;4437;2;2927
FR;3;2022-06-05;0;0;0;0;0;4416013;3440941;4437;2;2927
FR;3;2022-06-06;0;0;0;0;0;4416013;3440941;4437;2;2927
FR;3;2022-06-07;0;0;0;0;0;4416013;3440941;4437;2;2927
FR;3;2022-06-08;0;0;0;0;0;4416013;3440941;4437;2;2927
FR;3;2022-06-09;0;0;0;0;0;4416013;3440941;4437;2;2927
FR;3;2022-06-10;0;0;0;0;0;4416013;3440941;4437;2;2927
FR;3;2022-06-11;0;0;0;0;0;4416013;3440941;4437;2;2927
FR;3;2022-06-12;0;0;0;0;0;4416013;3440941;4437;2;2927
FR;3;2022-06-13;1;0;0;0;0;4416014;3440941;4437;2;2927
FR;3;2022-06-14;0;0;0;0;0;4416014;3440941;4437;2;2927
FR;3;2022-06-15;0;0;0;0;0;4416014;3440941;4437;2;2927
FR;3;2022-06-16;0;0;0;0;0;4416014;3440941;4437;2;2927
FR;3;2022-06-17;0;0;0;0;0;4416014;3440941;4437;2;2927
FR;3;2022-06-18;0;0;0;0;0;4416014;3440941;4437;2;2927
FR;3;2022-06-19;0;0;0;0;0;4416014;3440941;4437;2;2927
FR;3;2022-06-20;0;0;0;0;0;4416014;3440941;4437;2;2927
FR;3;2022-06-21;0;0;0;0;0;4416014;3440941;4437;2;2927
FR;3;2022-06-22;0;0;0;0;0;4416014;3440941;4437;2;2927
FR;3;2022-06-23;0;0;0;0;0;4416014;3440941;4437;2;2927
FR;3;2022-06-24;0;0;0;0;0;4416014;3440941;4437;2;2927
FR;3;2022-06-25;0;0;0;0;0;4416014;3440941;4437;2;2927
FR;3;2022-06-26;0;0;0;0;0;4416014;3440941;4437;2;2927
FR;3;2022-06-27;0;0;0;0;0;4416014;3440941;4437;2;2927
FR;3;2022-06-28;0;0;0;0;0;4416014;3440941;4437;2;2927
FR;3;2022-06-29;1;0;0;0;0;4416015;3440941;4437;2;2927
FR;3;2022-06-30;0;0;0;0;0;4416015;3440941;4437;2;2927
FR;3;2022-07-01;0;0;0;0;0;4416015;3440941;4437;2;2927
FR;3;2022-07-02;0;0;0;0;0;4416015;3440941;4437;2;2927
FR;3;2022-07-03;0;0;0;0;0;4416015;3440941;4437;2;2927
FR;3;2022-07-04;0;0;0;0;0;4416015;3440941;4437;2;2927
FR;3;2022-07-05;0;0;0;0;0;4416015;3440941;4437;2;2927
FR;3;2022-07-06;0;0;0;0;0;4416015;3440941;4437;2;2927
FR;3;2022-07-07;0;0;0;0;0;4416015;3440941;4437;2;2927
FR;3;2022-07-08;0;0;0;0;0;4416015;3440941;4437;2;2927
FR;3;2022-07-09;0;0;0;0;0;4416015;3440941;4437;2;2927
FR;3;2022-07-10;0;0;0;0;0;4416015;3440941;4437;2;2927
FR;3;2022-07-11;0;0;0;0;0;4416015;3440941;4437;2;2927
FR;3;2022-07-12;0;0;0;0;0;4416015;3440941;4437;2;2927
FR;3;2022-07-13;0;0;0;0;0;4416015;3440941;4437;2;2927
FR;3;2022-07-14;0;0;0;0;0;4416015;3440941;4437;2;2927
FR;3;2022-07-15;0;0;0;0;0;4416015;3440941;4437;2;2927
FR;3;2022-07-16;0;0;0;0;0;4416015;3440941;4437;2;2927
FR;3;2022-07-17;0;0;0;0;0;4416015;3440941;4437;2;2927
FR;3;2022-07-18;0;0;0;0;0;4416015;3440941;4437;2;2927
FR;3;2022-07-19;0;0;0;0;0;4416015;3440941;4437;2;2927
FR;3;2022-07-20;0;0;0;0;0;4416015;3440941;4437;2;2927
FR;3;2022-07-21;0;0;0;0;0;4416015;3440941;4437;2;2927
FR;3;2022-07-22;0;0;0;0;0;4416015;3440941;4437;2;2927
FR;3;2022-07-23;0;0;0;0;0;4416015;3440941;4437;2;2927
FR;3;2022-07-24;0;0;0;0;0;4416015;3440941;4437;2;2927
FR;3;2022-07-25;0;0;0;0;0;4416015;3440941;4437;2;2927
FR;3;2022-07-26;0;0;0;0;0;4416015;3440941;4437;2;2927
FR;3;2022-07-27;0;0;0;0;0;4416015;3440941;4437;2;2927
FR;3;2022-07-28;0;0;0;0;0;4416015;3440941;4437;2;2927
FR;3;2022-07-29;0;0;0;0;0;4416015;3440941;4437;2;2927
FR;3;2022-07-30;0;0;0;0;0;4416015;3440941;4437;2;2927
FR;3;2022-07-31;0;0;0;0;0;4416015;3440941;4437;2;2927
FR;3;2022-08-01;0;0;0;0;0;4416015;3440941;4437;2;2927
FR;3;2022-08-02;0;0;0;0;0;4416015;3440941;4437;2;2927
FR;3;2022-08-03;0;0;0;0;0;4416015;3440941;4437;2;2927
FR;3;2022-08-04;0;0;0;0;0;4416015;3440941;4437;2;2927
FR;3;2022-08-05;0;0;0;0;0;4416015;3440941;4437;2;2927
FR;3;2022-08-06;0;0;0;0;0;4416015;3440941;4437;2;2927
FR;3;2022-08-07;0;0;0;0;0;4416015;3440941;4437;2;2927
FR;3;2022-08-08;0;0;0;0;0;4416015;3440941;4437;2;2927
FR;3;2022-08-09;0;0;0;0;0;4416015;3440941;4437;2;2927
FR;3;2022-08-10;0;0;0;0;0;4416015;3440941;4437;2;2927
FR;3;2022-08-11;0;0;0;0;0;4416015;3440941;4437;2;2927
FR;3;2022-08-12;0;0;0;0;0;4416015;3440941;4437;2;2927
FR;3;2022-08-13;0;0;0;0;0;4416015;3440941;4437;2;2927
FR;3;2022-08-14;0;0;0;0;0;4416015;3440941;4437;2;2927
FR;3;2022-08-15;0;0;0;0;0;4416015;3440941;4437;2;2927
FR;3;2022-08-16;0;0;0;0;0;4416015;3440941;4437;2;2927
FR;3;2022-08-17;0;0;0;0;0;4416015;3440941;4437;2;2927
FR;3;2022-08-18;0;0;0;0;0;4416015;3440941;4437;2;2927
FR;3;2022-08-19;0;0;0;0;0;4416015;3440941;4437;2;2927
FR;3;2022-08-20;0;0;0;0;0;4416015;3440941;4437;2;2927
FR;3;2022-08-21;0;0;0;0;0;4416015;3440941;4437;2;2927
FR;3;2022-08-22;0;0;0;0;0;4416015;3440941;4437;2;2927
FR;3;2022-08-23;0;0;0;0;0;4416015;3440941;4437;2;2927
FR;3;2022-08-24;0;0;0;0;0;4416015;3440941;4437;2;2927
FR;4;2020-12-27;0;0;0;0;0;0;0;0;0;0
FR;4;2020-12-28;0;0;0;0;0;0;0;0;0;0
FR;4;2020-12-29;0;0;0;0;0;0;0;0;0;0
FR;4;2020-12-30;0;0;0;0;0;0;0;0;0;0
FR;4;2020-12-31;0;0;0;0;0;0;0;0;0;0
FR;4;2021-01-01;0;0;0;0;0;0;0;0;0;0
FR;4;2021-01-02;0;0;0;0;0;0;0;0;0;0
FR;4;2021-01-03;0;0;0;0;0;0;0;0;0;0
FR;4;2021-01-04;0;0;0;0;0;0;0;0;0;0
FR;4;2021-01-05;0;0;0;0;0;0;0;0;0;0
FR;4;2021-01-06;0;0;0;0;0;0;0;0;0;0
FR;4;2021-01-07;0;0;0;0;0;0;0;0;0;0
FR;4;2021-01-08;0;0;0;0;0;0;0;0;0;0
FR;4;2021-01-09;0;0;0;0;0;0;0;0;0;0
FR;4;2021-01-10;0;0;0;0;0;0;0;0;0;0
FR;4;2021-01-11;0;0;0;0;0;0;0;0;0;0
FR;4;2021-01-12;0;0;0;0;0;0;0;0;0;0
FR;4;2021-01-13;0;0;0;0;0;0;0;0;0;0
FR;4;2021-01-14;0;0;0;0;0;0;0;0;0;0
FR;4;2021-01-15;0;0;0;0;0;0;0;0;0;0
FR;4;2021-01-16;0;0;0;0;0;0;0;0;0;0
FR;4;2021-01-17;0;0;0;0;0;0;0;0;0;0
FR;4;2021-01-18;0;0;0;0;0;0;0;0;0;0
FR;4;2021-01-19;0;0;0;0;0;0;0;0;0;0
FR;4;2021-01-20;0;0;0;0;0;0;0;0;0;0
FR;4;2021-01-21;0;0;0;0;0;0;0;0;0;0
FR;4;2021-01-22;0;0;0;0;0;0;0;0;0;0
FR;4;2021-01-23;0;0;0;0;0;0;0;0;0;0
FR;4;2021-01-24;0;0;0;0;0;0;0;0;0;0
FR;4;2021-01-25;0;0;0;0;0;0;0;0;0;0
FR;4;2021-01-26;0;0;0;0;0;0;0;0;0;0
FR;4;2021-01-27;0;0;0;0;0;0;0;0;0;0
FR;4;2021-01-28;0;0;0;0;0;0;0;0;0;0
FR;4;2021-01-29;0;0;0;0;0;0;0;0;0;0
FR;4;2021-01-30;0;0;0;0;0;0;0;0;0;0
FR;4;2021-01-31;0;0;0;0;0;0;0;0;0;0
FR;4;2021-02-01;0;0;0;0;0;0;0;0;0;0
FR;4;2021-02-02;0;0;0;0;0;0;0;0;0;0
FR;4;2021-02-03;0;0;0;0;0;0;0;0;0;0
FR;4;2021-02-04;0;0;0;0;0;0;0;0;0;0
FR;4;2021-02-05;0;0;0;0;0;0;0;0;0;0
FR;4;2021-02-06;0;0;0;0;0;0;0;0;0;0
FR;4;2021-02-07;0;0;0;0;0;0;0;0;0;0
FR;4;2021-02-08;0;0;0;0;0;0;0;0;0;0
FR;4;2021-02-09;0;0;0;0;0;0;0;0;0;0
FR;4;2021-02-10;0;0;0;0;0;0;0;0;0;0
FR;4;2021-02-11;0;0;0;0;0;0;0;0;0;0
FR;4;2021-02-12;0;0;0;0;0;0;0;0;0;0
FR;4;2021-02-13;0;0;0;0;0;0;0;0;0;0
FR;4;2021-02-14;0;0;0;0;0;0;0;0;0;0
FR;4;2021-02-15;0;0;0;0;0;0;0;0;0;0
FR;4;2021-02-16;0;0;0;0;0;0;0;0;0;0
FR;4;2021-02-17;0;0;0;0;0;0;0;0;0;0
FR;4;2021-02-18;0;0;0;0;0;0;0;0;0;0
FR;4;2021-02-19;0;0;0;0;0;0;0;0;0;0
FR;4;2021-02-20;0;0;0;0;0;0;0;0;0;0
FR;4;2021-02-21;0;0;0;0;0;0;0;0;0;0
FR;4;2021-02-22;0;0;0;0;0;0;0;0;0;0
FR;4;2021-02-23;0;0;0;0;0;0;0;0;0;0
FR;4;2021-02-24;0;0;0;0;0;0;0;0;0;0
FR;4;2021-02-25;0;0;0;0;0;0;0;0;0;0
FR;4;2021-02-26;0;0;0;0;0;0;0;0;0;0
FR;4;2021-02-27;0;0;0;0;0;0;0;0;0;0
FR;4;2021-02-28;0;0;0;0;0;0;0;0;0;0
FR;4;2021-03-01;0;0;0;0;0;0;0;0;0;0
FR;4;2021-03-02;0;0;0;0;0;0;0;0;0;0
FR;4;2021-03-03;0;0;0;0;0;0;0;0;0;0
FR;4;2021-03-04;0;0;0;0;0;0;0;0;0;0
FR;4;2021-03-05;0;0;0;0;0;0;0;0;0;0
FR;4;2021-03-06;0;0;0;0;0;0;0;0;0;0
FR;4;2021-03-07;0;0;0;0;0;0;0;0;0;0
FR;4;2021-03-08;0;0;0;0;0;0;0;0;0;0
FR;4;2021-03-09;0;0;0;0;0;0;0;0;0;0
FR;4;2021-03-10;0;0;0;0;0;0;0;0;0;0
FR;4;2021-03-11;0;0;0;0;0;0;0;0;0;0
FR;4;2021-03-12;0;0;0;0;0;0;0;0;0;0
FR;4;2021-03-13;0;0;0;0;0;0;0;0;0;0
FR;4;2021-03-14;0;0;0;0;0;0;0;0;0;0
FR;4;2021-03-15;0;0;0;0;0;0;0;0;0;0
FR;4;2021-03-16;0;0;0;0;0;0;0;0;0;0
FR;4;2021-03-17;0;0;0;0;0;0;0;0;0;0
FR;4;2021-03-18;0;0;0;0;0;0;0;0;0;0
FR;4;2021-03-19;0;0;0;0;0;0;0;0;0;0
FR;4;2021-03-20;0;0;0;0;0;0;0;0;0;0
FR;4;2021-03-21;0;0;0;0;0;0;0;0;0;0
FR;4;2021-03-22;0;0;0;0;0;0;0;0;0;0
FR;4;2021-03-23;0;0;0;0;0;0;0;0;0;0
FR;4;2021-03-24;0;0;0;0;0;0;0;0;0;0
FR;4;2021-03-25;0;0;0;0;0;0;0;0;0;0
FR;4;2021-03-26;0;0;0;0;0;0;0;0;0;0
FR;4;2021-03-27;0;0;0;0;0;0;0;0;0;0
FR;4;2021-03-28;0;0;0;0;0;0;0;0;0;0
FR;4;2021-03-29;0;0;0;0;0;0;0;0;0;0
FR;4;2021-03-30;0;0;0;0;0;0;0;0;0;0
FR;4;2021-03-31;0;0;0;0;0;0;0;0;0;0
FR;4;2021-04-01;0;0;0;0;0;0;0;0;0;0
FR;4;2021-04-02;0;0;0;0;0;0;0;0;0;0
FR;4;2021-04-03;0;0;0;0;0;0;0;0;0;0
FR;4;2021-04-04;0;0;0;0;0;0;0;0;0;0
FR;4;2021-04-05;0;0;0;0;0;0;0;0;0;0
FR;4;2021-04-06;0;0;0;0;0;0;0;0;0;0
FR;4;2021-04-07;0;0;0;0;0;0;0;0;0;0
FR;4;2021-04-08;0;0;0;0;0;0;0;0;0;0
FR;4;2021-04-09;0;0;0;0;0;0;0;0;0;0
FR;4;2021-04-10;0;0;0;0;0;0;0;0;0;0
FR;4;2021-04-11;0;0;0;0;0;0;0;0;0;0
FR;4;2021-04-12;0;0;0;0;0;0;0;0;0;0
FR;4;2021-04-13;0;0;0;0;0;0;0;0;0;0
FR;4;2021-04-14;0;0;0;0;0;0;0;0;0;0
FR;4;2021-04-15;0;0;0;0;0;0;0;0;0;0
FR;4;2021-04-16;0;0;0;0;0;0;0;0;0;0
FR;4;2021-04-17;0;0;0;0;0;0;0;0;0;0
FR;4;2021-04-18;0;0;0;0;0;0;0;0;0;0
FR;4;2021-04-19;0;0;0;0;0;0;0;0;0;0
FR;4;2021-04-20;0;0;0;0;0;0;0;0;0;0
FR;4;2021-04-21;0;0;0;0;0;0;0;0;0;0
FR;4;2021-04-22;0;0;0;0;0;0;0;0;0;0
FR;4;2021-04-23;3854;0;0;0;0;3854;0;0;0;0
FR;4;2021-04-24;1569;0;0;0;0;5423;0;0;0;0
FR;4;2021-04-25;125;0;0;0;0;5548;0;0;0;0
FR;4;2021-04-26;2869;1;0;0;0;8417;1;0;0;0
FR;4;2021-04-27;9520;3;0;0;0;17937;4;0;0;0
FR;4;2021-04-28;9906;6;0;0;0;27843;10;0;0;0
FR;4;2021-04-29;15992;8;0;0;0;43835;18;0;0;0
FR;4;2021-04-30;19233;10;0;0;0;63068;28;0;0;0
FR;4;2021-05-01;1994;6;0;0;0;65062;34;0;0;0
FR;4;2021-05-02;483;0;0;0;0;65545;34;0;0;0
FR;4;2021-05-03;5064;2;0;0;0;70609;36;0;0;0
FR;4;2021-05-04;8401;11;0;0;0;79010;47;0;0;0
FR;4;2021-05-05;6188;7;0;0;0;85198;54;0;0;0
FR;4;2021-05-06;11382;11;0;0;0;96580;65;0;0;0
FR;4;2021-05-07;19125;9;0;0;0;115705;74;0;0;0
FR;4;2021-05-08;2378;6;0;0;0;118083;80;0;0;0
FR;4;2021-05-09;686;3;0;0;0;118769;83;0;0;0
FR;4;2021-05-10;7242;5;1;0;0;126011;88;1;0;0
FR;4;2021-05-11;14319;12;0;0;0;140330;100;1;0;0
FR;4;2021-05-12;10171;15;0;0;0;150501;115;1;0;0
FR;4;2021-05-13;1583;4;0;0;0;152084;119;1;0;0
FR;4;2021-05-14;7767;7;0;0;0;159851;126;1;0;0
FR;4;2021-05-15;3718;8;1;0;0;163569;134;2;0;0
FR;4;2021-05-16;417;1;0;0;0;163986;135;2;0;0
FR;4;2021-05-17;4477;6;0;0;0;168463;141;2;0;0
FR;4;2021-05-18;8760;10;0;0;0;177223;151;2;0;0
FR;4;2021-05-19;5693;7;0;0;0;182916;158;2;0;0
FR;4;2021-05-20;9483;7;0;0;0;192399;165;2;0;0
FR;4;2021-05-21;12802;30;0;0;0;205201;195;2;0;0
FR;4;2021-05-22;5057;15;0;0;0;210258;210;2;0;0
FR;4;2021-05-23;494;4;0;0;0;210752;214;2;0;0
FR;4;2021-05-24;1058;7;0;0;0;211810;221;2;0;0
FR;4;2021-05-25;7629;16;0;0;0;219439;237;2;0;0
FR;4;2021-05-26;7728;16;0;0;0;227167;253;2;0;0
FR;4;2021-05-27;14333;35;0;0;0;241500;288;2;0;0
FR;4;2021-05-28;26588;82;1;0;0;268088;370;3;0;0
FR;4;2021-05-29;11385;18;0;0;0;279473;388;3;0;0
FR;4;2021-05-30;973;6;0;0;0;280446;394;3;0;0
FR;4;2021-05-31;12692;21;0;0;0;293138;415;3;0;0
FR;4;2021-06-01;20263;47;1;0;0;313401;462;4;0;0
FR;4;2021-06-02;14521;33;0;0;0;327922;495;4;0;0
FR;4;2021-06-03;19427;24;1;0;0;347349;519;5;0;0
FR;4;2021-06-04;22515;47;0;0;0;369864;566;5;0;0
FR;4;2021-06-05;9715;32;0;0;0;379579;598;5;0;0
FR;4;2021-06-06;1039;1;0;0;0;380618;599;5;0;0
FR;4;2021-06-07;9226;19;0;0;0;389844;618;5;0;0
FR;4;2021-06-08;14611;31;0;0;0;404455;649;5;0;0
FR;4;2021-06-09;12205;25;0;0;0;416660;674;5;0;0
FR;4;2021-06-10;15403;30;0;0;0;432063;704;5;0;0
FR;4;2021-06-11;16983;56;0;0;0;449046;760;5;0;0
FR;4;2021-06-12;7448;27;0;0;0;456494;787;5;0;0
FR;4;2021-06-13;907;3;0;0;0;457401;790;5;0;0
FR;4;2021-06-14;6649;26;0;0;0;464050;816;5;0;0
FR;4;2021-06-15;10887;37;0;0;0;474937;853;5;0;0
FR;4;2021-06-16;8908;16;0;0;0;483845;869;5;0;0
FR;4;2021-06-17;10897;37;0;0;0;494742;906;5;0;0
FR;4;2021-06-18;12420;45;0;0;0;507162;951;5;0;0
FR;4;2021-06-19;5567;25;0;0;0;512729;976;5;0;0
FR;4;2021-06-20;822;5;0;0;0;513551;981;5;0;0
FR;4;2021-06-21;5097;20;0;0;0;518648;1001;5;0;0
FR;4;2021-06-22;7911;28;2;0;0;526559;1029;7;0;0
FR;4;2021-06-23;7098;41;2;0;0;533657;1070;9;0;0
FR;4;2021-06-24;8651;46;1;0;0;542308;1116;10;0;0
FR;4;2021-06-25;10172;40;2;0;0;552480;1156;12;0;0
FR;4;2021-06-26;4846;21;0;0;0;557326;1177;12;0;0
FR;4;2021-06-27;764;4;0;0;0;558090;1181;12;0;0
FR;4;2021-06-28;4827;16;1;0;0;562917;1197;13;0;0
FR;4;2021-06-29;7104;28;2;0;0;570021;1225;15;0;0
FR;4;2021-06-30;6721;39;2;0;0;576742;1264;17;0;0
FR;4;2021-07-01;8204;42;0;0;0;584946;1306;17;0;0
FR;4;2021-07-02;9425;52;1;0;0;594371;1358;18;0;0
FR;4;2021-07-03;4846;20;0;0;0;599217;1378;18;0;0
FR;4;2021-07-04;687;5;0;0;0;599904;1383;18;0;0
FR;4;2021-07-05;4771;19;2;0;0;604675;1402;20;0;0
FR;4;2021-07-06;7725;28;4;0;0;612400;1430;24;0;0
FR;4;2021-07-07;7078;34;2;0;0;619478;1464;26;0;0
FR;4;2021-07-08;9230;40;2;0;0;628708;1504;28;0;0
FR;4;2021-07-09;10278;34;1;0;0;638986;1538;29;0;0
FR;4;2021-07-10;4638;14;2;0;0;643624;1552;31;0;0
FR;4;2021-07-11;583;4;1;0;0;644207;1556;32;0;0
FR;4;2021-07-12;5872;29;0;0;0;650079;1585;32;0;0
FR;4;2021-07-13;14232;29;0;0;0;664311;1614;32;0;0
FR;4;2021-07-14;2288;15;0;0;0;666599;1629;32;0;0
FR;4;2021-07-15;18235;36;0;0;0;684834;1665;32;0;0
FR;4;2021-07-16;22835;71;2;0;0;707669;1736;34;0;0
FR;4;2021-07-17;9736;20;0;0;0;717405;1756;34;0;0
FR;4;2021-07-18;1357;4;0;0;0;718762;1760;34;0;0
FR;4;2021-07-19;12989;30;1;0;0;731751;1790;35;0;0
FR;4;2021-07-20;17341;26;1;0;0;749092;1816;36;0;0
FR;4;2021-07-21;15615;33;0;0;0;764707;1849;36;0;0
FR;4;2021-07-22;18243;44;2;0;0;782950;1893;38;0;0
FR;4;2021-07-23;20413;57;7;0;0;803363;1950;45;0;0
FR;4;2021-07-24;9290;32;0;0;0;812653;1982;45;0;0
FR;4;2021-07-25;1353;8;0;0;0;814006;1990;45;0;0
FR;4;2021-07-26;11041;22;0;0;0;825047;2012;45;0;0
FR;4;2021-07-27;14677;35;3;0;0;839724;2047;48;0;0
FR;4;2021-07-28;12928;26;2;0;0;852652;2073;50;0;0
FR;4;2021-07-29;14087;54;4;0;0;866739;2127;54;0;0
FR;4;2021-07-30;15496;46;2;0;0;882235;2173;56;0;0
FR;4;2021-07-31;6840;14;2;0;0;889075;2187;58;0;0
FR;4;2021-08-01;905;1;0;0;0;889980;2188;58;0;0
FR;4;2021-08-02;7915;30;0;0;0;897895;2218;58;0;0
FR;4;2021-08-03;10796;31;2;0;0;908691;2249;60;0;0
FR;4;2021-08-04;9743;29;0;0;0;918434;2278;60;0;0
FR;4;2021-08-05;9820;41;0;0;0;928254;2319;60;0;0
FR;4;2021-08-06;10196;31;3;0;0;938450;2350;63;0;0
FR;4;2021-08-07;5098;30;1;0;0;943548;2380;64;0;0
FR;4;2021-08-08;1219;13;0;0;0;944767;2393;64;0;0
FR;4;2021-08-09;6343;31;0;0;0;951110;2424;64;0;0
FR;4;2021-08-10;8748;18;0;0;0;959858;2442;64;0;0
FR;4;2021-08-11;7940;34;4;0;0;967798;2476;68;0;0
FR;4;2021-08-12;8584;30;1;0;0;976382;2506;69;0;0
FR;4;2021-08-13;7557;25;0;1;0;983939;2531;69;1;0
FR;4;2021-08-14;3791;20;0;0;0;987730;2551;69;1;0
FR;4;2021-08-15;771;5;0;0;0;988501;2556;69;1;0
FR;4;2021-08-16;4007;17;0;0;0;992508;2573;69;1;0
FR;4;2021-08-17;5628;17;1;0;0;998136;2590;70;1;0
FR;4;2021-08-18;5167;37;0;0;0;1003303;2627;70;1;0
FR;4;2021-08-19;5483;33;3;0;0;1008786;2660;73;1;0
FR;4;2021-08-20;5220;25;1;0;0;1014006;2685;74;1;0
FR;4;2021-08-21;2310;21;1;0;0;1016316;2706;75;1;0
FR;4;2021-08-22;405;2;0;0;0;1016721;2708;75;1;0
FR;4;2021-08-23;2931;19;1;0;0;1019652;2727;76;1;0
FR;4;2021-08-24;3756;15;0;0;0;1023408;2742;76;1;0
FR;4;2021-08-25;3542;25;1;0;0;1026950;2767;77;1;0
FR;4;2021-08-26;3713;20;2;0;0;1030663;2787;79;1;0
FR;4;2021-08-27;3617;31;2;0;0;1034280;2818;81;1;0
FR;4;2021-08-28;1725;10;1;0;0;1036005;2828;82;1;0
FR;4;2021-08-29;387;7;1;0;0;1036392;2835;83;1;0
FR;4;2021-08-30;2009;25;0;0;15;1038401;2860;83;1;15
FR;4;2021-08-31;2485;21;0;0;14;1040886;2881;83;1;29
FR;4;2021-09-01;2083;38;1;0;21;1042969;2919;84;1;50
FR;4;2021-09-02;2304;31;4;0;18;1045273;2950;88;1;68
FR;4;2021-09-03;2362;44;5;0;36;1047635;2994;93;1;104
FR;4;2021-09-04;1374;17;0;0;8;1049009;3011;93;1;112
FR;4;2021-09-05;433;2;0;0;2;1049442;3013;93;1;114
FR;4;2021-09-06;1711;61;0;0;22;1051153;3074;93;1;136
FR;4;2021-09-07;1677;18;1;0;9;1052830;3092;94;1;145
FR;4;2021-09-08;1285;26;3;0;19;1054115;3118;97;1;164
FR;4;2021-09-09;1387;23;2;0;9;1055502;3141;99;1;173
FR;4;2021-09-10;1521;31;2;0;23;1057023;3172;101;1;196
FR;4;2021-09-11;743;11;0;0;3;1057766;3183;101;1;199
FR;4;2021-09-12;169;4;0;0;3;1057935;3187;101;1;202
FR;4;2021-09-13;1321;22;1;0;16;1059256;3209;102;1;218
FR;4;2021-09-14;1502;9;2;0;6;1060758;3218;104;1;224
FR;4;2021-09-15;1095;27;1;0;24;1061853;3245;105;1;248
FR;4;2021-09-16;1102;22;2;0;15;1062955;3267;107;1;263
FR;4;2021-09-17;894;21;1;0;12;1063849;3288;108;1;275
FR;4;2021-09-18;464;6;1;0;5;1064313;3294;109;1;280
FR;4;2021-09-19;182;3;0;0;2;1064495;3297;109;1;282
FR;4;2021-09-20;453;19;0;0;13;1064948;3316;109;1;295
FR;4;2021-09-21;430;11;0;0;7;1065378;3327;109;1;302
FR;4;2021-09-22;374;19;2;0;13;1065752;3346;111;1;315
FR;4;2021-09-23;482;16;1;0;15;1066234;3362;112;1;330
FR;4;2021-09-24;412;13;2;0;9;1066646;3375;114;1;339
FR;4;2021-09-25;280;10;1;0;5;1066926;3385;115;1;344
FR;4;2021-09-26;74;2;0;0;1;1067000;3387;115;1;345
FR;4;2021-09-27;262;10;1;0;8;1067262;3397;116;1;353
FR;4;2021-09-28;317;8;0;0;8;1067579;3405;116;1;361
FR;4;2021-09-29;375;19;1;0;13;1067954;3424;117;1;374
FR;4;2021-09-30;364;40;0;0;21;1068318;3464;117;1;395
FR;4;2021-10-01;411;54;0;0;48;1068729;3518;117;1;443
FR;4;2021-10-02;196;22;1;0;13;1068925;3540;118;1;456
FR;4;2021-10-03;86;1;0;0;0;1069011;3541;118;1;456
FR;4;2021-10-04;359;20;1;0;16;1069370;3561;119;1;472
FR;4;2021-10-05;283;19;2;0;15;1069653;3580;121;1;487
FR;4;2021-10-06;246;22;1;0;18;1069899;3602;122;1;505
FR;4;2021-10-07;264;25;2;0;13;1070163;3627;124;1;518
FR;4;2021-10-08;354;24;2;0;20;1070517;3651;126;1;538
FR;4;2021-10-09;193;6;6;0;7;1070710;3657;132;1;545
FR;4;2021-10-10;96;3;2;0;3;1070806;3660;134;1;548
FR;4;2021-10-11;248;15;1;0;14;1071054;3675;135;1;562
FR;4;2021-10-12;208;14;0;0;13;1071262;3689;135;1;575
FR;4;2021-10-13;219;28;1;0;25;1071481;3717;136;1;600
FR;4;2021-10-14;311;21;4;0;15;1071792;3738;140;1;615
FR;4;2021-10-15;322;24;5;0;25;1072114;3762;145;1;640
FR;4;2021-10-16;166;6;2;0;6;1072280;3768;147;1;646
FR;4;2021-10-17;70;2;0;0;1;1072350;3770;147;1;647
FR;4;2021-10-18;280;15;1;0;12;1072630;3785;148;1;659
FR;4;2021-10-19;214;14;2;0;15;1072844;3799;150;1;674
FR;4;2021-10-20;228;27;4;0;15;1073072;3826;154;1;689
FR;4;2021-10-21;242;17;0;0;13;1073314;3843;154;1;702
FR;4;2021-10-22;216;25;2;0;20;1073530;3868;156;1;722
FR;4;2021-10-23;116;16;1;0;15;1073646;3884;157;1;737
FR;4;2021-10-24;38;4;0;0;1;1073684;3888;157;1;738
FR;4;2021-10-25;214;7;2;0;9;1073898;3895;159;1;747
FR;4;2021-10-26;199;14;0;0;12;1074097;3909;159;1;759
FR;4;2021-10-27;195;11;4;0;11;1074292;3920;163;1;770
FR;4;2021-10-28;183;18;4;0;21;1074475;3938;167;1;791
FR;4;2021-10-29;223;15;2;0;13;1074698;3953;169;1;804
FR;4;2021-10-30;102;2;1;0;2;1074800;3955;170;1;806
FR;4;2021-10-31;57;3;2;0;3;1074857;3958;172;1;809
FR;4;2021-11-01;75;27;4;0;24;1074932;3985;176;1;833
FR;4;2021-11-02;159;20;2;0;21;1075091;4005;178;1;854
FR;4;2021-11-03;129;20;8;1;18;1075220;4025;186;2;872
FR;4;2021-11-04;183;15;1;0;12;1075403;4040;187;2;884
FR;4;2021-11-05;130;17;1;0;16;1075533;4057;188;2;900
FR;4;2021-11-06;79;6;1;0;6;1075612;4063;189;2;906
FR;4;2021-11-07;80;2;2;0;4;1075692;4065;191;2;910
FR;4;2021-11-08;159;20;1;0;20;1075851;4085;192;2;930
FR;4;2021-11-09;156;14;3;0;16;1076007;4099;195;2;946
FR;4;2021-11-10;117;29;6;0;31;1076124;4128;201;2;977
FR;4;2021-11-11;97;10;0;0;10;1076221;4138;201;2;987
FR;4;2021-11-12;103;19;2;0;18;1076324;4157;203;2;1005
FR;4;2021-11-13;74;15;2;0;14;1076398;4172;205;2;1019
FR;4;2021-11-14;54;5;4;0;8;1076452;4177;209;2;1027
FR;4;2021-11-15;98;26;2;0;24;1076550;4203;211;2;1051
FR;4;2021-11-16;105;13;2;0;15;1076655;4216;213;2;1066
FR;4;2021-11-17;119;30;4;0;30;1076774;4246;217;2;1096
FR;4;2021-11-18;100;34;13;0;42;1076874;4280;230;2;1138
FR;4;2021-11-19;87;19;3;0;20;1076961;4299;233;2;1158
FR;4;2021-11-20;76;8;1;0;8;1077037;4307;234;2;1166
FR;4;2021-11-21;63;7;2;0;9;1077100;4314;236;2;1175
FR;4;2021-11-22;106;28;9;0;33;1077206;4342;245;2;1208
FR;4;2021-11-23;76;31;5;0;28;1077282;4373;250;2;1236
FR;4;2021-11-24;87;23;11;0;24;1077369;4396;261;2;1260
FR;4;2021-11-25;93;28;14;0;30;1077462;4424;275;2;1290
FR;4;2021-11-26;83;43;12;0;45;1077545;4467;287;2;1335
FR;4;2021-11-27;40;22;15;0;25;1077585;4489;302;2;1360
FR;4;2021-11-28;50;8;0;0;7;1077635;4497;302;2;1367
FR;4;2021-11-29;87;31;16;0;40;1077722;4528;318;2;1407
FR;4;2021-11-30;73;37;12;0;41;1077795;4565;330;2;1448
FR;4;2021-12-01;87;60;19;0;67;1077882;4625;349;2;1515
FR;4;2021-12-02;103;48;19;0;53;1077985;4673;368;2;1568
FR;4;2021-12-03;100;36;15;0;44;1078085;4709;383;2;1612
FR;4;2021-12-04;71;31;18;0;44;1078156;4740;401;2;1656
FR;4;2021-12-05;62;6;1;0;7;1078218;4746;402;2;1663
FR;4;2021-12-06;106;46;19;0;59;1078324;4792;421;2;1722
FR;4;2021-12-07;81;37;9;0;36;1078405;4829;430;2;1758
FR;4;2021-12-08;70;31;16;0;37;1078475;4860;446;2;1795
FR;4;2021-12-09;61;32;10;0;38;1078536;4892;456;2;1833
FR;4;2021-12-10;63;64;20;0;68;1078599;4956;476;2;1901
FR;4;2021-12-11;28;34;7;0;34;1078627;4990;483;2;1935
FR;4;2021-12-12;24;10;3;0;13;1078651;5000;486;2;1948
FR;4;2021-12-13;72;40;14;0;49;1078723;5040;500;2;1997
FR;4;2021-12-14;59;43;17;0;54;1078782;5083;517;2;2051
FR;4;2021-12-15;65;64;28;0;84;1078847;5147;545;2;2135
FR;4;2021-12-16;32;44;19;0;57;1078879;5191;564;2;2192
FR;4;2021-12-17;40;55;12;0;60;1078919;5246;576;2;2252
FR;4;2021-12-18;48;29;2;0;30;1078967;5275;578;2;2282
FR;4;2021-12-19;15;4;1;0;4;1078982;5279;579;2;2286
FR;4;2021-12-20;42;38;10;0;41;1079024;5317;589;2;2327
FR;4;2021-12-21;29;30;15;0;36;1079053;5347;604;2;2363
FR;4;2021-12-22;36;37;10;0;38;1079089;5384;614;2;2401
FR;4;2021-12-23;39;45;8;0;49;1079128;5429;622;2;2450
FR;4;2021-12-24;23;26;10;0;30;1079151;5455;632;2;2480
FR;4;2021-12-25;6;3;3;0;4;1079157;5458;635;2;2484
FR;4;2021-12-26;5;3;1;0;2;1079162;5461;636;2;2486
FR;4;2021-12-27;28;41;9;0;43;1079190;5502;645;2;2529
FR;4;2021-12-28;24;28;7;0;29;1079214;5530;652;2;2558
FR;4;2021-12-29;50;25;11;0;30;1079264;5555;663;2;2588
FR;4;2021-12-30;42;18;12;0;21;1079306;5573;675;2;2609
FR;4;2021-12-31;18;6;8;0;11;1079324;5579;683;2;2620
FR;4;2022-01-01;5;4;4;0;6;1079329;5583;687;2;2626
FR;4;2022-01-02;40;5;16;0;20;1079369;5588;703;2;2646
FR;4;2022-01-03;41;55;21;1;61;1079410;5643;724;3;2707
FR;4;2022-01-04;34;27;13;0;30;1079444;5670;737;3;2737
FR;4;2022-01-05;48;22;19;0;25;1079492;5692;756;3;2762
FR;4;2022-01-06;48;22;23;0;37;1079540;5714;779;3;2799
FR;4;2022-01-07;29;20;15;0;20;1079569;5734;794;3;2819
FR;4;2022-01-08;9;6;10;0;12;1079578;5740;804;3;2831
FR;4;2022-01-09;18;2;3;0;4;1079596;5742;807;3;2835
FR;4;2022-01-10;42;22;19;0;36;1079638;5764;826;3;2871
FR;4;2022-01-11;26;31;12;0;35;1079664;5795;838;3;2906
FR;4;2022-01-12;33;21;13;0;23;1079697;5816;851;3;2929
FR;4;2022-01-13;52;20;27;0;38;1079749;5836;878;3;2967
FR;4;2022-01-14;23;29;13;0;32;1079772;5865;891;3;2999
FR;4;2022-01-15;13;6;8;0;12;1079785;5871;899;3;3011
FR;4;2022-01-16;11;9;12;0;20;1079796;5880;911;3;3031
FR;4;2022-01-17;24;18;12;0;24;1079820;5898;923;3;3055
FR;4;2022-01-18;16;13;8;0;18;1079836;5911;931;3;3073
FR;4;2022-01-19;30;23;11;0;32;1079866;5934;942;3;3105
FR;4;2022-01-20;31;34;12;0;38;1079897;5968;954;3;3143
FR;4;2022-01-21;10;12;19;1;16;1079907;5980;973;4;3159
FR;4;2022-01-22;30;10;2;0;10;1079937;5990;975;4;3169
FR;4;2022-01-23;7;2;4;0;6;1079944;5992;979;4;3175
FR;4;2022-01-24;14;21;8;0;27;1079958;6013;987;4;3202
FR;4;2022-01-25;20;32;9;1;37;1079978;6045;996;5;3239
FR;4;2022-01-26;19;16;8;1;19;1079997;6061;1004;6;3258
FR;4;2022-01-27;20;18;8;0;24;1080017;6079;1012;6;3282
FR;4;2022-01-28;13;23;8;0;26;1080030;6102;1020;6;3308
FR;4;2022-01-29;17;6;5;0;10;1080047;6108;1025;6;3318
FR;4;2022-01-30;18;3;1;0;4;1080065;6111;1026;6;3322
FR;4;2022-01-31;22;27;8;0;31;1080087;6138;1034;6;3353
FR;4;2022-02-01;11;21;11;0;21;1080098;6159;1045;6;3374
FR;4;2022-02-02;17;11;12;2;18;1080115;6170;1057;8;3392
FR;4;2022-02-03;13;23;10;0;27;1080128;6193;1067;8;3419
FR;4;2022-02-04;7;5;7;0;9;1080135;6198;1074;8;3428
FR;4;2022-02-05;7;14;1;0;13;1080142;6212;1075;8;3441
FR;4;2022-02-06;6;3;2;0;4;1080148;6215;1077;8;3445
FR;4;2022-02-07;15;19;7;0;19;1080163;6234;1084;8;3464
FR;4;2022-02-08;16;20;13;1;21;1080179;6254;1097;9;3485
FR;4;2022-02-09;16;11;8;0;15;1080195;6265;1105;9;3500
FR;4;2022-02-10;19;23;9;0;24;1080214;6288;1114;9;3524
FR;4;2022-02-11;18;14;8;0;19;1080232;6302;1122;9;3543
FR;4;2022-02-12;23;6;2;0;6;1080255;6308;1124;9;3549
FR;4;2022-02-13;7;3;3;0;6;1080262;6311;1127;9;3555
FR;4;2022-02-14;19;10;9;0;15;1080281;6321;1136;9;3570
FR;4;2022-02-15;17;7;1;0;7;1080298;6328;1137;9;3577
FR;4;2022-02-16;16;9;10;0;15;1080314;6337;1147;9;3592
FR;4;2022-02-17;11;4;4;0;6;1080325;6341;1151;9;3598
FR;4;2022-02-18;16;15;7;0;20;1080341;6356;1158;9;3618
FR;4;2022-02-19;16;4;2;0;5;1080357;6360;1160;9;3623
FR;4;2022-02-20;7;3;0;0;2;1080364;6363;1160;9;3625
FR;4;2022-02-21;23;3;4;0;5;1080387;6366;1164;9;3630
FR;4;2022-02-22;8;5;10;0;10;1080395;6371;1174;9;3640
FR;4;2022-02-23;16;6;9;0;9;1080411;6377;1183;9;3649
FR;4;2022-02-24;11;5;3;0;6;1080422;6382;1186;9;3655
FR;4;2022-02-25;15;5;7;0;6;1080437;6387;1193;9;3661
FR;4;2022-02-26;26;3;0;0;3;1080463;6390;1193;9;3664
FR;4;2022-02-27;9;0;1;0;1;1080472;6390;1194;9;3665
FR;4;2022-02-28;17;3;2;0;3;1080489;6393;1196;9;3668
FR;4;2022-03-01;7;3;7;0;4;1080496;6396;1203;9;3672
FR;4;2022-03-02;13;2;4;0;5;1080509;6398;1207;9;3677
FR;4;2022-03-03;17;5;1;0;4;1080526;6403;1208;9;3681
FR;4;2022-03-04;7;7;2;1;5;1080533;6410;1210;10;3686
FR;4;2022-03-05;9;2;0;0;2;1080542;6412;1210;10;3688
FR;4;2022-03-06;4;0;1;0;1;1080546;6412;1211;10;3689
FR;4;2022-03-07;10;4;1;0;3;1080556;6416;1212;10;3692
FR;4;2022-03-08;13;3;0;0;3;1080569;6419;1212;10;3695
FR;4;2022-03-09;8;7;2;0;7;1080577;6426;1214;10;3702
FR;4;2022-03-10;5;1;5;0;2;1080582;6427;1219;10;3704
FR;4;2022-03-11;8;4;5;0;2;1080590;6431;1224;10;3706
FR;4;2022-03-12;9;2;0;0;0;1080599;6433;1224;10;3706
FR;4;2022-03-13;5;1;1;0;2;1080604;6434;1225;10;3708
FR;4;2022-03-14;4;1;1;0;2;1080608;6435;1226;10;3710
FR;4;2022-03-15;6;5;2;0;4;1080614;6440;1228;10;3714
FR;4;2022-03-16;7;3;3;0;3;1080621;6443;1231;10;3717
FR;4;2022-03-17;3;4;1;0;5;1080624;6447;1232;10;3722
FR;4;2022-03-18;9;3;0;0;3;1080633;6450;1232;10;3725
FR;4;2022-03-19;1;1;0;0;1;1080634;6451;1232;10;3726
FR;4;2022-03-20;2;0;2;0;1;1080636;6451;1234;10;3727
FR;4;2022-03-21;5;3;1;0;4;1080641;6454;1235;10;3731
FR;4;2022-03-22;3;2;2;0;3;1080644;6456;1237;10;3734
FR;4;2022-03-23;6;4;4;0;7;1080650;6460;1241;10;3741
FR;4;2022-03-24;2;6;3;1;7;1080652;6466;1244;11;3748
FR;4;2022-03-25;3;1;2;0;1;1080655;6467;1246;11;3749
FR;4;2022-03-26;5;5;0;0;5;1080660;6472;1246;11;3754
FR;4;2022-03-27;1;0;2;0;1;1080661;6472;1248;11;3755
FR;4;2022-03-28;5;1;3;0;3;1080666;6473;1251;11;3758
FR;4;2022-03-29;8;0;4;1;0;1080674;6473;1255;12;3758
FR;4;2022-03-30;3;4;0;0;4;1080677;6477;1255;12;3762
FR;4;2022-03-31;2;3;1;1;3;1080679;6480;1256;13;3765
FR;4;2022-04-01;14;2;5;0;5;1080693;6482;1261;13;3770
FR;4;2022-04-02;4;4;0;0;3;1080697;6486;1261;13;3773
FR;4;2022-04-03;0;0;0;0;0;1080697;6486;1261;13;3773
FR;4;2022-04-04;4;4;4;0;5;1080701;6490;1265;13;3778
FR;4;2022-04-05;3;3;1;1;2;1080704;6493;1266;14;3780
FR;4;2022-04-06;6;0;0;0;0;1080710;6493;1266;14;3780
FR;4;2022-04-07;3;2;3;2;5;1080713;6495;1269;16;3785
FR;4;2022-04-08;4;1;1;0;1;1080717;6496;1270;16;3786
FR;4;2022-04-09;0;0;1;1;1;1080717;6496;1271;17;3787
FR;4;2022-04-10;1;2;0;0;2;1080718;6498;1271;17;3789
FR;4;2022-04-11;3;3;4;0;5;1080721;6501;1275;17;3794
FR;4;2022-04-12;3;1;4;0;2;1080724;6502;1279;17;3796
FR;4;2022-04-13;5;7;2;0;9;1080729;6509;1281;17;3805
FR;4;2022-04-14;6;4;2;1;5;1080735;6513;1283;18;3810
FR;4;2022-04-15;5;8;1;0;9;1080740;6521;1284;18;3819
FR;4;2022-04-16;1;0;0;0;0;1080741;6521;1284;18;3819
FR;4;2022-04-17;2;1;0;0;1;1080743;6522;1284;18;3820
FR;4;2022-04-18;2;2;5;0;3;1080745;6524;1289;18;3823
FR;4;2022-04-19;2;0;1;0;0;1080747;6524;1290;18;3823
FR;4;2022-04-20;14;4;1;0;3;1080761;6528;1291;18;3826
FR;4;2022-04-21;6;1;0;0;1;1080767;6529;1291;18;3827
FR;4;2022-04-22;1;1;2;0;2;1080768;6530;1293;18;3829
FR;4;2022-04-23;2;3;3;0;6;1080770;6533;1296;18;3835
FR;4;2022-04-24;0;2;0;0;2;1080770;6535;1296;18;3837
FR;4;2022-04-25;3;4;3;0;7;1080773;6539;1299;18;3844
FR;4;2022-04-26;5;6;1;0;6;1080778;6545;1300;18;3850
FR;4;2022-04-27;4;1;1;1;1;1080782;6546;1301;19;3851
FR;4;2022-04-28;3;5;5;0;6;1080785;6551;1306;19;3857
FR;4;2022-04-29;6;3;0;0;2;1080791;6554;1306;19;3859
FR;4;2022-04-30;0;1;1;0;2;1080791;6555;1307;19;3861
FR;4;2022-05-01;0;0;0;0;0;1080791;6555;1307;19;3861
FR;4;2022-05-02;5;16;6;0;19;1080796;6571;1313;19;3880
FR;4;2022-05-03;2;6;2;0;7;1080798;6577;1315;19;3887
FR;4;2022-05-04;7;4;1;0;4;1080805;6581;1316;19;3891
FR;4;2022-05-05;2;2;1;1;1;1080807;6583;1317;20;3892
FR;4;2022-05-06;3;3;1;0;2;1080810;6586;1318;20;3894
FR;4;2022-05-07;0;0;0;0;0;1080810;6586;1318;20;3894
FR;4;2022-05-08;1;1;0;0;1;1080811;6587;1318;20;3895
FR;4;2022-05-09;5;1;0;0;1;1080816;6588;1318;20;3896
FR;4;2022-05-10;1;1;0;2;3;1080817;6589;1318;22;3899
FR;4;2022-05-11;3;2;3;0;5;1080820;6591;1321;22;3904
FR;4;2022-05-12;6;3;1;1;4;1080826;6594;1322;23;3908
FR;4;2022-05-13;0;0;2;0;2;1080826;6594;1324;23;3910
FR;4;2022-05-14;0;2;0;0;2;1080826;6596;1324;23;3912
FR;4;2022-05-15;2;2;0;0;0;1080828;6598;1324;23;3912
FR;4;2022-05-16;5;2;2;0;2;1080833;6600;1326;23;3914
FR;4;2022-05-17;5;1;2;0;3;1080838;6601;1328;23;3917
FR;4;2022-05-18;2;5;0;0;5;1080840;6606;1328;23;3922
FR;4;2022-05-19;2;2;3;0;4;1080842;6608;1331;23;3926
FR;4;2022-05-20;3;2;3;0;2;1080845;6610;1334;23;3928
FR;4;2022-05-21;2;0;1;0;1;1080847;6610;1335;23;3929
FR;4;2022-05-22;0;0;1;0;1;1080847;6610;1336;23;3930
FR;4;2022-05-23;0;0;2;0;0;1080847;6610;1338;23;3930
FR;4;2022-05-24;1;4;0;0;4;1080848;6614;1338;23;3934
FR;4;2022-05-25;1;3;0;0;1;1080849;6617;1338;23;3935
FR;4;2022-05-26;4;0;1;0;1;1080853;6617;1339;23;3936
FR;4;2022-05-27;0;1;0;1;1;1080853;6618;1339;24;3937
FR;4;2022-05-28;1;0;0;0;0;1080854;6618;1339;24;3937
FR;4;2022-05-29;1;0;1;0;1;1080855;6618;1340;24;3938
FR;4;2022-05-30;2;4;2;0;5;1080857;6622;1342;24;3943
FR;4;2022-05-31;2;1;0;0;1;1080859;6623;1342;24;3944
FR;4;2022-06-01;1;11;7;0;15;1080860;6634;1349;24;3959
FR;4;2022-06-02;3;5;2;0;5;1080863;6639;1351;24;3964
FR;4;2022-06-03;2;5;4;1;6;1080865;6644;1355;25;3970
FR;4;2022-06-04;0;1;1;0;1;1080865;6645;1356;25;3971
FR;4;2022-06-05;0;0;0;0;0;1080865;6645;1356;25;3971
FR;4;2022-06-06;5;0;2;0;1;1080870;6645;1358;25;3972
FR;4;2022-06-07;5;1;0;1;1;1080875;6646;1358;26;3973
FR;4;2022-06-08;0;3;3;0;6;1080875;6649;1361;26;3979
FR;4;2022-06-09;1;2;0;0;1;1080876;6651;1361;26;3980
FR;4;2022-06-10;3;0;3;0;1;1080879;6651;1364;26;3981
FR;4;2022-06-11;1;0;0;0;0;1080880;6651;1364;26;3981
FR;4;2022-06-12;4;0;0;0;0;1080884;6651;1364;26;3981
FR;4;2022-06-13;4;2;2;0;1;1080888;6653;1366;26;3982
FR;4;2022-06-14;3;2;0;0;2;1080891;6655;1366;26;3984
FR;4;2022-06-15;6;0;4;0;0;1080897;6655;1370;26;3984
FR;4;2022-06-16;1;2;1;1;1;1080898;6657;1371;27;3985
FR;4;2022-06-17;5;1;0;0;1;1080903;6658;1371;27;3986
FR;4;2022-06-18;0;0;0;0;0;1080903;6658;1371;27;3986
FR;4;2022-06-19;0;0;0;0;0;1080903;6658;1371;27;3986
FR;4;2022-06-20;4;2;2;1;3;1080907;6660;1373;28;3989
FR;4;2022-06-21;4;2;3;1;3;1080911;6662;1376;29;3992
FR;4;2022-06-22;3;1;0;0;1;1080914;6663;1376;29;3993
FR;4;2022-06-23;3;3;3;0;5;1080917;6666;1379;29;3998
FR;4;2022-06-24;3;0;2;0;0;1080920;6666;1381;29;3998
FR;4;2022-06-25;1;0;1;1;1;1080921;6666;1382;30;3999
FR;4;2022-06-26;0;0;1;0;1;1080921;6666;1383;30;4000
FR;4;2022-06-27;1;2;0;3;2;1080922;6668;1383;33;4002
FR;4;2022-06-28;0;4;2;1;5;1080922;6672;1385;34;4007
FR;4;2022-06-29;1;2;0;0;2;1080923;6674;1385;34;4009
FR;4;2022-06-30;1;0;0;0;0;1080924;6674;1385;34;4009
FR;4;2022-07-01;2;4;8;0;4;1080926;6678;1393;34;4013
FR;4;2022-07-02;0;1;0;0;0;1080926;6679;1393;34;4013
FR;4;2022-07-03;0;0;0;0;0;1080926;6679;1393;34;4013
FR;4;2022-07-04;2;0;0;0;0;1080928;6679;1393;34;4013
FR;4;2022-07-05;1;0;0;0;0;1080929;6679;1393;34;4013
FR;4;2022-07-06;5;0;1;0;0;1080934;6679;1394;34;4013
FR;4;2022-07-07;1;0;2;1;0;1080935;6679;1396;35;4013
FR;4;2022-07-08;2;1;0;0;1;1080937;6680;1396;35;4014
FR;4;2022-07-09;2;2;1;0;3;1080939;6682;1397;35;4017
FR;4;2022-07-10;2;0;0;0;0;1080941;6682;1397;35;4017
FR;4;2022-07-11;2;0;2;0;0;1080943;6682;1399;35;4017
FR;4;2022-07-12;0;0;1;0;1;1080943;6682;1400;35;4018
FR;4;2022-07-13;2;2;3;0;2;1080945;6684;1403;35;4020
FR;4;2022-07-14;2;0;1;0;0;1080947;6684;1404;35;4020
FR;4;2022-07-15;8;2;0;0;2;1080955;6686;1404;35;4022
FR;4;2022-07-16;3;0;0;2;0;1080958;6686;1404;37;4022
FR;4;2022-07-17;0;0;0;0;0;1080958;6686;1404;37;4022
FR;4;2022-07-18;2;2;1;0;2;1080960;6688;1405;37;4024
FR;4;2022-07-19;3;0;1;0;1;1080963;6688;1406;37;4025
FR;4;2022-07-20;10;0;0;0;0;1080973;6688;1406;37;4025
FR;4;2022-07-21;2;1;1;0;1;1080975;6689;1407;37;4026
FR;4;2022-07-22;3;0;3;0;1;1080978;6689;1410;37;4027
FR;4;2022-07-23;1;2;0;0;1;1080979;6691;1410;37;4028
FR;4;2022-07-24;0;0;0;0;0;1080979;6691;1410;37;4028
FR;4;2022-07-25;4;0;0;0;0;1080983;6691;1410;37;4028
FR;4;2022-07-26;2;0;0;0;0;1080985;6691;1410;37;4028
FR;4;2022-07-27;2;1;0;0;0;1080987;6692;1410;37;4028
FR;4;2022-07-28;3;0;0;0;0;1080990;6692;1410;37;4028
FR;4;2022-07-29;2;0;1;0;0;1080992;6692;1411;37;4028
FR;4;2022-07-30;1;0;2;0;0;1080993;6692;1413;37;4028
FR;4;2022-07-31;0;0;0;0;0;1080993;6692;1413;37;4028
FR;4;2022-08-01;0;0;2;0;1;1080993;6692;1415;37;4029
FR;4;2022-08-02;4;0;0;0;0;1080997;6692;1415;37;4029
FR;4;2022-08-03;0;2;0;0;2;1080997;6694;1415;37;4031
FR;4;2022-08-04;3;1;0;0;1;1081000;6695;1415;37;4032
FR;4;2022-08-05;2;0;1;0;0;1081002;6695;1416;37;4032
FR;4;2022-08-06;2;0;0;0;0;1081004;6695;1416;37;4032
FR;4;2022-08-07;3;0;0;0;0;1081007;6695;1416;37;4032
FR;4;2022-08-08;1;0;1;0;1;1081008;6695;1417;37;4033
FR;4;2022-08-09;1;0;1;2;1;1081009;6695;1418;39;4034
FR;4;2022-08-10;4;1;1;0;1;1081013;6696;1419;39;4035
FR;4;2022-08-11;1;0;0;0;0;1081014;6696;1419;39;4035
FR;4;2022-08-12;4;0;1;0;0;1081018;6696;1420;39;4035
FR;4;2022-08-13;0;0;0;0;0;1081018;6696;1420;39;4035
FR;4;2022-08-14;0;0;0;0;0;1081018;6696;1420;39;4035
FR;4;2022-08-15;0;0;0;0;0;1081018;6696;1420;39;4035
FR;4;2022-08-16;0;0;1;0;1;1081018;6696;1421;39;4036
FR;4;2022-08-17;0;0;0;0;0;1081018;6696;1421;39;4036
FR;4;2022-08-18;0;0;0;0;0;1081018;6696;1421;39;4036
FR;4;2022-08-19;1;0;0;0;0;1081019;6696;1421;39;4036
FR;4;2022-08-20;1;0;0;0;0;1081020;6696;1421;39;4036
FR;4;2022-08-21;0;0;0;0;0;1081020;6696;1421;39;4036
FR;4;2022-08-22;3;0;0;0;0;1081023;6696;1421;39;4036
FR;4;2022-08-23;1;0;0;0;0;1081024;6696;1421;39;4036
FR;4;2022-08-24;1;0;0;0;0;1081025;6696;1421;39;4036
FR;5;2020-12-27;0;0;0;0;0;0;0;0;0;0
FR;5;2020-12-28;0;0;0;0;0;0;0;0;0;0
FR;5;2020-12-29;0;0;0;0;0;0;0;0;0;0
FR;5;2020-12-30;0;0;0;0;0;0;0;0;0;0
FR;5;2020-12-31;0;0;0;0;0;0;0;0;0;0
FR;5;2021-01-01;0;0;0;0;0;0;0;0;0;0
FR;5;2021-01-02;0;0;0;0;0;0;0;0;0;0
FR;5;2021-01-03;0;0;0;0;0;0;0;0;0;0
FR;5;2021-01-04;0;0;0;0;0;0;0;0;0;0
FR;5;2021-01-05;0;0;0;0;0;0;0;0;0;0
FR;5;2021-01-06;0;0;0;0;0;0;0;0;0;0
FR;5;2021-01-07;0;0;0;0;0;0;0;0;0;0
FR;5;2021-01-08;0;0;0;0;0;0;0;0;0;0
FR;5;2021-01-09;0;0;0;0;0;0;0;0;0;0
FR;5;2021-01-10;0;0;0;0;0;0;0;0;0;0
FR;5;2021-01-11;0;0;0;0;0;0;0;0;0;0
FR;5;2021-01-12;0;0;0;0;0;0;0;0;0;0
FR;5;2021-01-13;0;0;0;0;0;0;0;0;0;0
FR;5;2021-01-14;0;0;0;0;0;0;0;0;0;0
FR;5;2021-01-15;0;0;0;0;0;0;0;0;0;0
FR;5;2021-01-16;0;0;0;0;0;0;0;0;0;0
FR;5;2021-01-17;0;0;0;0;0;0;0;0;0;0
FR;5;2021-01-18;0;0;0;0;0;0;0;0;0;0
FR;5;2021-01-19;0;0;0;0;0;0;0;0;0;0
FR;5;2021-01-20;0;0;0;0;0;0;0;0;0;0
FR;5;2021-01-21;0;0;0;0;0;0;0;0;0;0
FR;5;2021-01-22;0;0;0;0;0;0;0;0;0;0
FR;5;2021-01-23;0;0;0;0;0;0;0;0;0;0
FR;5;2021-01-24;0;0;0;0;0;0;0;0;0;0
FR;5;2021-01-25;0;0;0;0;0;0;0;0;0;0
FR;5;2021-01-26;0;0;0;0;0;0;0;0;0;0
FR;5;2021-01-27;0;0;0;0;0;0;0;0;0;0
FR;5;2021-01-28;0;0;0;0;0;0;0;0;0;0
FR;5;2021-01-29;0;0;0;0;0;0;0;0;0;0
FR;5;2021-01-30;0;0;0;0;0;0;0;0;0;0
FR;5;2021-01-31;0;0;0;0;0;0;0;0;0;0
FR;5;2021-02-01;0;0;0;0;0;0;0;0;0;0
FR;5;2021-02-02;0;0;0;0;0;0;0;0;0;0
FR;5;2021-02-03;0;0;0;0;0;0;0;0;0;0
FR;5;2021-02-04;0;0;0;0;0;0;0;0;0;0
FR;5;2021-02-05;0;0;0;0;0;0;0;0;0;0
FR;5;2021-02-06;0;0;0;0;0;0;0;0;0;0
FR;5;2021-02-07;0;0;0;0;0;0;0;0;0;0
FR;5;2021-02-08;0;0;0;0;0;0;0;0;0;0
FR;5;2021-02-09;0;0;0;0;0;0;0;0;0;0
FR;5;2021-02-10;0;0;0;0;0;0;0;0;0;0
FR;5;2021-02-11;0;0;0;0;0;0;0;0;0;0
FR;5;2021-02-12;0;0;0;0;0;0;0;0;0;0
FR;5;2021-02-13;0;0;0;0;0;0;0;0;0;0
FR;5;2021-02-14;0;0;0;0;0;0;0;0;0;0
FR;5;2021-02-15;0;0;0;0;0;0;0;0;0;0
FR;5;2021-02-16;0;0;0;0;0;0;0;0;0;0
FR;5;2021-02-17;0;0;0;0;0;0;0;0;0;0
FR;5;2021-02-18;0;0;0;0;0;0;0;0;0;0
FR;5;2021-02-19;0;0;0;0;0;0;0;0;0;0
FR;5;2021-02-20;0;0;0;0;0;0;0;0;0;0
FR;5;2021-02-21;0;0;0;0;0;0;0;0;0;0
FR;5;2021-02-22;0;0;0;0;0;0;0;0;0;0
FR;5;2021-02-23;0;0;0;0;0;0;0;0;0;0
FR;5;2021-02-24;0;0;0;0;0;0;0;0;0;0
FR;5;2021-02-25;0;0;0;0;0;0;0;0;0;0
FR;5;2021-02-26;0;0;0;0;0;0;0;0;0;0
FR;5;2021-02-27;0;0;0;0;0;0;0;0;0;0
FR;5;2021-02-28;0;0;0;0;0;0;0;0;0;0
FR;5;2021-03-01;0;0;0;0;0;0;0;0;0;0
FR;5;2021-03-02;0;0;0;0;0;0;0;0;0;0
FR;5;2021-03-03;0;0;0;0;0;0;0;0;0;0
FR;5;2021-03-04;0;0;0;0;0;0;0;0;0;0
FR;5;2021-03-05;0;0;0;0;0;0;0;0;0;0
FR;5;2021-03-06;0;0;0;0;0;0;0;0;0;0
FR;5;2021-03-07;0;0;0;0;0;0;0;0;0;0
FR;5;2021-03-08;0;0;0;0;0;0;0;0;0;0
FR;5;2021-03-09;0;0;0;0;0;0;0;0;0;0
FR;5;2021-03-10;0;0;0;0;0;0;0;0;0;0
FR;5;2021-03-11;0;0;0;0;0;0;0;0;0;0
FR;5;2021-03-12;0;0;0;0;0;0;0;0;0;0
FR;5;2021-03-13;0;0;0;0;0;0;0;0;0;0
FR;5;2021-03-14;0;0;0;0;0;0;0;0;0;0
FR;5;2021-03-15;0;0;0;0;0;0;0;0;0;0
FR;5;2021-03-16;0;0;0;0;0;0;0;0;0;0
FR;5;2021-03-17;0;0;0;0;0;0;0;0;0;0
FR;5;2021-03-18;0;0;0;0;0;0;0;0;0;0
FR;5;2021-03-19;0;0;0;0;0;0;0;0;0;0
FR;5;2021-03-20;0;0;0;0;0;0;0;0;0;0
FR;5;2021-03-21;0;0;0;0;0;0;0;0;0;0
FR;5;2021-03-22;0;0;0;0;0;0;0;0;0;0
FR;5;2021-03-23;0;0;0;0;0;0;0;0;0;0
FR;5;2021-03-24;0;0;0;0;0;0;0;0;0;0
FR;5;2021-03-25;0;0;0;0;0;0;0;0;0;0
FR;5;2021-03-26;0;0;0;0;0;0;0;0;0;0
FR;5;2021-03-27;0;0;0;0;0;0;0;0;0;0
FR;5;2021-03-28;0;0;0;0;0;0;0;0;0;0
FR;5;2021-03-29;0;0;0;0;0;0;0;0;0;0
FR;5;2021-03-30;0;0;0;0;0;0;0;0;0;0
FR;5;2021-03-31;0;0;0;0;0;0;0;0;0;0
FR;5;2021-04-01;0;0;0;0;0;0;0;0;0;0
FR;5;2021-04-02;0;0;0;0;0;0;0;0;0;0
FR;5;2021-04-03;0;0;0;0;0;0;0;0;0;0
FR;5;2021-04-04;0;0;0;0;0;0;0;0;0;0
FR;5;2021-04-05;0;0;0;0;0;0;0;0;0;0
FR;5;2021-04-06;0;0;0;0;0;0;0;0;0;0
FR;5;2021-04-07;0;0;0;0;0;0;0;0;0;0
FR;5;2021-04-08;0;0;0;0;0;0;0;0;0;0
FR;5;2021-04-09;0;0;0;0;0;0;0;0;0;0
FR;5;2021-04-10;0;0;0;0;0;0;0;0;0;0
FR;5;2021-04-11;0;0;0;0;0;0;0;0;0;0
FR;5;2021-04-12;0;0;0;0;0;0;0;0;0;0
FR;5;2021-04-13;0;0;0;0;0;0;0;0;0;0
FR;5;2021-04-14;0;0;0;0;0;0;0;0;0;0
FR;5;2021-04-15;0;0;0;0;0;0;0;0;0;0
FR;5;2021-04-16;0;0;0;0;0;0;0;0;0;0
FR;5;2021-04-17;0;0;0;0;0;0;0;0;0;0
FR;5;2021-04-18;0;0;0;0;0;0;0;0;0;0
FR;5;2021-04-19;0;0;0;0;0;0;0;0;0;0
FR;5;2021-04-20;0;0;0;0;0;0;0;0;0;0
FR;5;2021-04-21;0;0;0;0;0;0;0;0;0;0
FR;5;2021-04-22;0;0;0;0;0;0;0;0;0;0
FR;5;2021-04-23;0;0;0;0;0;0;0;0;0;0
FR;5;2021-04-24;0;0;0;0;0;0;0;0;0;0
FR;5;2021-04-25;0;0;0;0;0;0;0;0;0;0
FR;5;2021-04-26;0;0;0;0;0;0;0;0;0;0
FR;5;2021-04-27;0;0;0;0;0;0;0;0;0;0
FR;5;2021-04-28;0;0;0;0;0;0;0;0;0;0
FR;5;2021-04-29;0;0;0;0;0;0;0;0;0;0
FR;5;2021-04-30;0;0;0;0;0;0;0;0;0;0
FR;5;2021-05-01;0;0;0;0;0;0;0;0;0;0
FR;5;2021-05-02;0;0;0;0;0;0;0;0;0;0
FR;5;2021-05-03;0;0;0;0;0;0;0;0;0;0
FR;5;2021-05-04;0;0;0;0;0;0;0;0;0;0
FR;5;2021-05-05;0;0;0;0;0;0;0;0;0;0
FR;5;2021-05-06;0;0;0;0;0;0;0;0;0;0
FR;5;2021-05-07;0;0;0;0;0;0;0;0;0;0
FR;5;2021-05-08;0;0;0;0;0;0;0;0;0;0
FR;5;2021-05-09;0;0;0;0;0;0;0;0;0;0
FR;5;2021-05-10;0;0;0;0;0;0;0;0;0;0
FR;5;2021-05-11;0;0;0;0;0;0;0;0;0;0
FR;5;2021-05-12;0;0;0;0;0;0;0;0;0;0
FR;5;2021-05-13;0;0;0;0;0;0;0;0;0;0
FR;5;2021-05-14;0;0;0;0;0;0;0;0;0;0
FR;5;2021-05-15;0;0;0;0;0;0;0;0;0;0
FR;5;2021-05-16;0;0;0;0;0;0;0;0;0;0
FR;5;2021-05-17;0;0;0;0;0;0;0;0;0;0
FR;5;2021-05-18;0;0;0;0;0;0;0;0;0;0
FR;5;2021-05-19;0;0;0;0;0;0;0;0;0;0
FR;5;2021-05-20;0;0;0;0;0;0;0;0;0;0
FR;5;2021-05-21;0;0;0;0;0;0;0;0;0;0
FR;5;2021-05-22;0;0;0;0;0;0;0;0;0;0
FR;5;2021-05-23;0;0;0;0;0;0;0;0;0;0
FR;5;2021-05-24;0;0;0;0;0;0;0;0;0;0
FR;5;2021-05-25;0;0;0;0;0;0;0;0;0;0
FR;5;2021-05-26;0;0;0;0;0;0;0;0;0;0
FR;5;2021-05-27;0;0;0;0;0;0;0;0;0;0
FR;5;2021-05-28;0;0;0;0;0;0;0;0;0;0
FR;5;2021-05-29;0;0;0;0;0;0;0;0;0;0
FR;5;2021-05-30;0;0;0;0;0;0;0;0;0;0
FR;5;2021-05-31;0;0;0;0;0;0;0;0;0;0
FR;5;2021-06-01;0;0;0;0;0;0;0;0;0;0
FR;5;2021-06-02;0;0;0;0;0;0;0;0;0;0
FR;5;2021-06-03;0;0;0;0;0;0;0;0;0;0
FR;5;2021-06-04;0;0;0;0;0;0;0;0;0;0
FR;5;2021-06-05;0;0;0;0;0;0;0;0;0;0
FR;5;2021-06-06;0;0;0;0;0;0;0;0;0;0
FR;5;2021-06-07;0;0;0;0;0;0;0;0;0;0
FR;5;2021-06-08;0;0;0;0;0;0;0;0;0;0
FR;5;2021-06-09;0;0;0;0;0;0;0;0;0;0
FR;5;2021-06-10;0;0;0;0;0;0;0;0;0;0
FR;5;2021-06-11;0;0;0;0;0;0;0;0;0;0
FR;5;2021-06-12;0;0;0;0;0;0;0;0;0;0
FR;5;2021-06-13;0;0;0;0;0;0;0;0;0;0
FR;5;2021-06-14;0;0;0;0;0;0;0;0;0;0
FR;5;2021-06-15;0;0;0;0;0;0;0;0;0;0
FR;5;2021-06-16;0;0;0;0;0;0;0;0;0;0
FR;5;2021-06-17;0;0;0;0;0;0;0;0;0;0
FR;5;2021-06-18;0;0;0;0;0;0;0;0;0;0
FR;5;2021-06-19;0;0;0;0;0;0;0;0;0;0
FR;5;2021-06-20;0;0;0;0;0;0;0;0;0;0
FR;5;2021-06-21;0;0;0;0;0;0;0;0;0;0
FR;5;2021-06-22;0;0;0;0;0;0;0;0;0;0
FR;5;2021-06-23;0;0;0;0;0;0;0;0;0;0
FR;5;2021-06-24;0;0;0;0;0;0;0;0;0;0
FR;5;2021-06-25;0;0;0;0;0;0;0;0;0;0
FR;5;2021-06-26;0;0;0;0;0;0;0;0;0;0
FR;5;2021-06-27;0;0;0;0;0;0;0;0;0;0
FR;5;2021-06-28;0;0;0;0;0;0;0;0;0;0
FR;5;2021-06-29;0;0;0;0;0;0;0;0;0;0
FR;5;2021-06-30;0;0;0;0;0;0;0;0;0;0
FR;5;2021-07-01;0;0;0;0;0;0;0;0;0;0
FR;5;2021-07-02;0;0;0;0;0;0;0;0;0;0
FR;5;2021-07-03;0;0;0;0;0;0;0;0;0;0
FR;5;2021-07-04;0;0;0;0;0;0;0;0;0;0
FR;5;2021-07-05;0;0;0;0;0;0;0;0;0;0
FR;5;2021-07-06;0;0;0;0;0;0;0;0;0;0
FR;5;2021-07-07;0;0;0;0;0;0;0;0;0;0
FR;5;2021-07-08;0;0;0;0;0;0;0;0;0;0
FR;5;2021-07-09;0;0;0;0;0;0;0;0;0;0
FR;5;2021-07-10;0;0;0;0;0;0;0;0;0;0
FR;5;2021-07-11;0;0;0;0;0;0;0;0;0;0
FR;5;2021-07-12;0;0;0;0;0;0;0;0;0;0
FR;5;2021-07-13;0;0;0;0;0;0;0;0;0;0
FR;5;2021-07-14;0;0;0;0;0;0;0;0;0;0
FR;5;2021-07-15;0;0;0;0;0;0;0;0;0;0
FR;5;2021-07-16;0;0;0;0;0;0;0;0;0;0
FR;5;2021-07-17;0;0;0;0;0;0;0;0;0;0
FR;5;2021-07-18;0;0;0;0;0;0;0;0;0;0
FR;5;2021-07-19;0;0;0;0;0;0;0;0;0;0
FR;5;2021-07-20;0;0;0;0;0;0;0;0;0;0
FR;5;2021-07-21;0;0;0;0;0;0;0;0;0;0
FR;5;2021-07-22;0;0;0;0;0;0;0;0;0;0
FR;5;2021-07-23;0;0;0;0;0;0;0;0;0;0
FR;5;2021-07-24;0;0;0;0;0;0;0;0;0;0
FR;5;2021-07-25;0;0;0;0;0;0;0;0;0;0
FR;5;2021-07-26;0;0;0;0;0;0;0;0;0;0
FR;5;2021-07-27;0;0;0;0;0;0;0;0;0;0
FR;5;2021-07-28;0;0;0;0;0;0;0;0;0;0
FR;5;2021-07-29;0;0;0;0;0;0;0;0;0;0
FR;5;2021-07-30;0;0;0;0;0;0;0;0;0;0
FR;5;2021-07-31;0;0;0;0;0;0;0;0;0;0
FR;5;2021-08-01;0;0;0;0;0;0;0;0;0;0
FR;5;2021-08-02;0;0;0;0;0;0;0;0;0;0
FR;5;2021-08-03;0;0;0;0;0;0;0;0;0;0
FR;5;2021-08-04;0;0;0;0;0;0;0;0;0;0
FR;5;2021-08-05;0;0;0;0;0;0;0;0;0;0
FR;5;2021-08-06;0;0;0;0;0;0;0;0;0;0
FR;5;2021-08-07;0;0;0;0;0;0;0;0;0;0
FR;5;2021-08-08;0;0;0;0;0;0;0;0;0;0
FR;5;2021-08-09;0;0;0;0;0;0;0;0;0;0
FR;5;2021-08-10;0;0;0;0;0;0;0;0;0;0
FR;5;2021-08-11;0;0;0;0;0;0;0;0;0;0
FR;5;2021-08-12;0;0;0;0;0;0;0;0;0;0
FR;5;2021-08-13;0;0;0;0;0;0;0;0;0;0
FR;5;2021-08-14;0;0;0;0;0;0;0;0;0;0
FR;5;2021-08-15;0;0;0;0;0;0;0;0;0;0
FR;5;2021-08-16;0;0;0;0;0;0;0;0;0;0
FR;5;2021-08-17;0;0;0;0;0;0;0;0;0;0
FR;5;2021-08-18;0;0;0;0;0;0;0;0;0;0
FR;5;2021-08-19;0;0;0;0;0;0;0;0;0;0
FR;5;2021-08-20;0;0;0;0;0;0;0;0;0;0
FR;5;2021-08-21;0;0;0;0;0;0;0;0;0;0
FR;5;2021-08-22;0;0;0;0;0;0;0;0;0;0
FR;5;2021-08-23;0;0;0;0;0;0;0;0;0;0
FR;5;2021-08-24;0;0;0;0;0;0;0;0;0;0
FR;5;2021-08-25;0;0;0;0;0;0;0;0;0;0
FR;5;2021-08-26;0;0;0;0;0;0;0;0;0;0
FR;5;2021-08-27;0;0;0;0;0;0;0;0;0;0
FR;5;2021-08-28;0;0;0;0;0;0;0;0;0;0
FR;5;2021-08-29;0;0;0;0;0;0;0;0;0;0
FR;5;2021-08-30;0;0;0;0;0;0;0;0;0;0
FR;5;2021-08-31;0;0;0;0;0;0;0;0;0;0
FR;5;2021-09-01;0;0;0;0;0;0;0;0;0;0
FR;5;2021-09-02;0;0;0;0;0;0;0;0;0;0
FR;5;2021-09-03;0;0;0;0;0;0;0;0;0;0
FR;5;2021-09-04;0;0;0;0;0;0;0;0;0;0
FR;5;2021-09-05;0;0;0;0;0;0;0;0;0;0
FR;5;2021-09-06;0;0;0;0;0;0;0;0;0;0
FR;5;2021-09-07;0;0;0;0;0;0;0;0;0;0
FR;5;2021-09-08;0;0;0;0;0;0;0;0;0;0
FR;5;2021-09-09;0;0;0;0;0;0;0;0;0;0
FR;5;2021-09-10;0;0;0;0;0;0;0;0;0;0
FR;5;2021-09-11;0;0;0;0;0;0;0;0;0;0
FR;5;2021-09-12;0;0;0;0;0;0;0;0;0;0
FR;5;2021-09-13;0;0;0;0;0;0;0;0;0;0
FR;5;2021-09-14;0;0;0;0;0;0;0;0;0;0
FR;5;2021-09-15;0;0;0;0;0;0;0;0;0;0
FR;5;2021-09-16;0;0;0;0;0;0;0;0;0;0
FR;5;2021-09-17;0;0;0;0;0;0;0;0;0;0
FR;5;2021-09-18;0;0;0;0;0;0;0;0;0;0
FR;5;2021-09-19;0;0;0;0;0;0;0;0;0;0
FR;5;2021-09-20;0;0;0;0;0;0;0;0;0;0
FR;5;2021-09-21;0;0;0;0;0;0;0;0;0;0
FR;5;2021-09-22;0;0;0;0;0;0;0;0;0;0
FR;5;2021-09-23;0;0;0;0;0;0;0;0;0;0
FR;5;2021-09-24;0;0;0;0;0;0;0;0;0;0
FR;5;2021-09-25;0;0;0;0;0;0;0;0;0;0
FR;5;2021-09-26;0;0;0;0;0;0;0;0;0;0
FR;5;2021-09-27;0;0;0;0;0;0;0;0;0;0
FR;5;2021-09-28;0;0;0;0;0;0;0;0;0;0
FR;5;2021-09-29;0;0;0;0;0;0;0;0;0;0
FR;5;2021-09-30;0;0;0;0;0;0;0;0;0;0
FR;5;2021-10-01;0;0;0;0;0;0;0;0;0;0
FR;5;2021-10-02;0;0;0;0;0;0;0;0;0;0
FR;5;2021-10-03;0;0;0;0;0;0;0;0;0;0
FR;5;2021-10-04;0;0;0;0;0;0;0;0;0;0
FR;5;2021-10-05;0;0;0;0;0;0;0;0;0;0
FR;5;2021-10-06;0;0;0;0;0;0;0;0;0;0
FR;5;2021-10-07;0;0;0;0;0;0;0;0;0;0
FR;5;2021-10-08;0;0;0;0;0;0;0;0;0;0
FR;5;2021-10-09;0;0;0;0;0;0;0;0;0;0
FR;5;2021-10-10;0;0;0;0;0;0;0;0;0;0
FR;5;2021-10-11;0;0;0;0;0;0;0;0;0;0
FR;5;2021-10-12;0;0;0;0;0;0;0;0;0;0
FR;5;2021-10-13;0;0;0;0;0;0;0;0;0;0
FR;5;2021-10-14;0;0;0;0;0;0;0;0;0;0
FR;5;2021-10-15;0;0;0;0;0;0;0;0;0;0
FR;5;2021-10-16;0;0;0;0;0;0;0;0;0;0
FR;5;2021-10-17;0;0;0;0;0;0;0;0;0;0
FR;5;2021-10-18;0;0;0;0;0;0;0;0;0;0
FR;5;2021-10-19;0;0;0;0;0;0;0;0;0;0
FR;5;2021-10-20;0;0;0;0;0;0;0;0;0;0
FR;5;2021-10-21;0;0;0;0;0;0;0;0;0;0
FR;5;2021-10-22;0;0;0;0;0;0;0;0;0;0
FR;5;2021-10-23;0;0;0;0;0;0;0;0;0;0
FR;5;2021-10-24;0;0;0;0;0;0;0;0;0;0
FR;5;2021-10-25;0;0;0;0;0;0;0;0;0;0
FR;5;2021-10-26;0;0;0;0;0;0;0;0;0;0
FR;5;2021-10-27;0;0;0;0;0;0;0;0;0;0
FR;5;2021-10-28;0;0;0;0;0;0;0;0;0;0
FR;5;2021-10-29;0;0;0;0;0;0;0;0;0;0
FR;5;2021-10-30;0;0;0;0;0;0;0;0;0;0
FR;5;2021-10-31;0;0;0;0;0;0;0;0;0;0
FR;5;2021-11-01;0;0;0;0;0;0;0;0;0;0
FR;5;2021-11-02;0;0;0;0;0;0;0;0;0;0
FR;5;2021-11-03;0;0;0;0;0;0;0;0;0;0
FR;5;2021-11-04;0;0;0;0;0;0;0;0;0;0
FR;5;2021-11-05;0;0;0;0;0;0;0;0;0;0
FR;5;2021-11-06;0;0;0;0;0;0;0;0;0;0
FR;5;2021-11-07;0;0;0;0;0;0;0;0;0;0
FR;5;2021-11-08;0;0;0;0;0;0;0;0;0;0
FR;5;2021-11-09;0;0;0;0;0;0;0;0;0;0
FR;5;2021-11-10;0;0;0;0;0;0;0;0;0;0
FR;5;2021-11-11;0;0;0;0;0;0;0;0;0;0
FR;5;2021-11-12;0;0;0;0;0;0;0;0;0;0
FR;5;2021-11-13;0;0;0;0;0;0;0;0;0;0
FR;5;2021-11-14;0;0;0;0;0;0;0;0;0;0
FR;5;2021-11-15;0;0;0;0;0;0;0;0;0;0
FR;5;2021-11-16;0;0;0;0;0;0;0;0;0;0
FR;5;2021-11-17;0;0;0;0;0;0;0;0;0;0
FR;5;2021-11-18;0;0;0;0;0;0;0;0;0;0
FR;5;2021-11-19;0;0;0;0;0;0;0;0;0;0
FR;5;2021-11-20;0;0;0;0;0;0;0;0;0;0
FR;5;2021-11-21;0;0;0;0;0;0;0;0;0;0
FR;5;2021-11-22;0;0;0;0;0;0;0;0;0;0
FR;5;2021-11-23;0;0;0;0;0;0;0;0;0;0
FR;5;2021-11-24;0;0;0;0;0;0;0;0;0;0
FR;5;2021-11-25;0;0;0;0;0;0;0;0;0;0
FR;5;2021-11-26;0;0;0;0;0;0;0;0;0;0
FR;5;2021-11-27;0;0;0;0;0;0;0;0;0;0
FR;5;2021-11-28;0;0;0;0;0;0;0;0;0;0
FR;5;2021-11-29;0;0;0;0;0;0;0;0;0;0
FR;5;2021-11-30;0;0;0;0;0;0;0;0;0;0
FR;5;2021-12-01;0;0;0;0;0;0;0;0;0;0
FR;5;2021-12-02;0;0;0;0;0;0;0;0;0;0
FR;5;2021-12-03;0;0;0;0;0;0;0;0;0;0
FR;5;2021-12-04;0;0;0;0;0;0;0;0;0;0
FR;5;2021-12-05;0;0;0;0;0;0;0;0;0;0
FR;5;2021-12-06;0;0;0;0;0;0;0;0;0;0
FR;5;2021-12-07;0;0;0;0;0;0;0;0;0;0
FR;5;2021-12-08;0;0;0;0;0;0;0;0;0;0
FR;5;2021-12-09;0;0;0;0;0;0;0;0;0;0
FR;5;2021-12-10;0;0;0;0;0;0;0;0;0;0
FR;5;2021-12-11;0;0;0;0;0;0;0;0;0;0
FR;5;2021-12-12;0;0;0;0;0;0;0;0;0;0
FR;5;2021-12-13;0;0;0;0;0;0;0;0;0;0
FR;5;2021-12-14;33;45;77;0;88;33;45;77;0;88
FR;5;2021-12-15;196;44;37;0;49;229;89;114;0;137
FR;5;2021-12-16;181;21;44;0;48;410;110;158;0;185
FR;5;2021-12-17;311;16;72;0;74;721;126;230;0;259
FR;5;2021-12-18;765;24;22;0;29;1486;150;252;0;288
FR;5;2021-12-19;586;15;15;0;17;2072;165;267;0;305
FR;5;2021-12-20;1223;31;35;0;38;3295;196;302;0;343
FR;5;2021-12-21;1535;22;54;1;60;4830;218;356;1;403
FR;5;2021-12-22;4069;40;37;0;46;8899;258;393;1;449
FR;5;2021-12-23;3042;16;21;0;25;11941;274;414;1;474
FR;5;2021-12-24;761;18;9;0;14;12702;292;423;1;488
FR;5;2021-12-25;61;5;2;0;3;12763;297;425;1;491
FR;5;2021-12-26;623;6;3;0;4;13386;303;428;1;495
FR;5;2021-12-27;4082;25;21;0;23;17468;328;449;1;518
FR;5;2021-12-28;5204;23;41;1;43;22672;351;490;2;561
FR;5;2021-12-29;8107;34;66;2;69;30779;385;556;4;630
FR;5;2021-12-30;5173;18;33;0;39;35952;403;589;4;669
FR;5;2021-12-31;1553;8;10;0;11;37505;411;599;4;680
FR;5;2022-01-01;185;2;2;0;3;37690;413;601;4;683
FR;5;2022-01-02;1489;1;1;0;1;39179;414;602;4;684
FR;5;2022-01-03;3066;36;33;0;32;42245;450;635;4;716
FR;5;2022-01-04;3034;39;33;0;42;45279;489;668;4;758
FR;5;2022-01-05;19323;203;97;1;108;64602;692;765;5;866
FR;5;2022-01-06;3746;133;122;0;142;68348;825;887;5;1008
FR;5;2022-01-07;5007;202;48;2;56;73355;1027;935;7;1064
FR;5;2022-01-08;13659;514;45;0;52;87014;1541;980;7;1116
FR;5;2022-01-09;5754;399;15;0;20;92768;1940;995;7;1136
FR;5;2022-01-10;3455;326;25;0;29;96223;2266;1020;7;1165
FR;5;2022-01-11;3671;284;38;0;41;99894;2550;1058;7;1206
FR;5;2022-01-12;22652;3005;90;0;113;122546;5555;1148;7;1319
FR;5;2022-01-13;4037;622;30;0;32;126583;6177;1178;7;1351
FR;5;2022-01-14;4843;582;44;0;51;131426;6759;1222;7;1402
FR;5;2022-01-15;14685;1746;38;3;49;146111;8505;1260;10;1451
FR;5;2022-01-16;4727;666;3;0;5;150838;9171;1263;10;1456
FR;5;2022-01-17;2297;716;26;0;29;153135;9887;1289;10;1485
FR;5;2022-01-18;2430;870;30;0;40;155565;10757;1319;10;1525
FR;5;2022-01-19;18482;6423;74;2;142;174047;17180;1393;12;1667
FR;5;2022-01-20;1920;1068;25;0;34;175967;18248;1418;12;1701
FR;5;2022-01-21;3077;1372;47;1;59;179044;19620;1465;13;1760
FR;5;2022-01-22;10721;3454;33;1;43;189765;23074;1498;14;1803
FR;5;2022-01-23;2629;1415;6;0;10;192394;24489;1504;14;1813
FR;5;2022-01-24;1160;1340;19;0;23;193554;25829;1523;14;1836
FR;5;2022-01-25;1220;1549;19;2;30;194774;27378;1542;16;1866
FR;5;2022-01-26;10752;12027;50;1;89;205526;39405;1592;17;1955
FR;5;2022-01-27;1291;1693;10;0;17;206817;41098;1602;17;1972
FR;5;2022-01-28;1699;3347;16;0;19;208516;44445;1618;17;1991
FR;5;2022-01-29;6238;8041;68;0;96;214754;52486;1686;17;2087
FR;5;2022-01-30;1509;2950;5;0;18;216263;55436;1691;17;2105
FR;5;2022-01-31;589;1773;23;0;24;216852;57209;1714;17;2129
FR;5;2022-02-01;712;1706;10;0;15;217564;58915;1724;17;2144
FR;5;2022-02-02;6957;15656;52;0;94;224521;74571;1776;17;2238
FR;5;2022-02-03;491;1690;14;0;13;225012;76261;1790;17;2251
FR;5;2022-02-04;945;3002;19;0;31;225957;79263;1809;17;2282
FR;5;2022-02-05;3535;8917;23;0;37;229492;88180;1832;17;2319
FR;5;2022-02-06;737;2397;10;0;19;230229;90577;1842;17;2338
FR;5;2022-02-07;884;1596;23;0;25;231113;92173;1865;17;2363
FR;5;2022-02-08;722;1287;18;0;20;231835;93460;1883;17;2383
FR;5;2022-02-09;4544;12877;44;0;76;236379;106337;1927;17;2459
FR;5;2022-02-10;646;1059;14;0;15;237025;107396;1941;17;2474
FR;5;2022-02-11;793;2032;16;0;21;237818;109428;1957;17;2495
FR;5;2022-02-12;2286;6813;33;0;53;240104;116241;1990;17;2548
FR;5;2022-02-13;464;1540;8;0;8;240568;117781;1998;17;2556
FR;5;2022-02-14;678;1288;10;0;13;241246;119069;2008;17;2569
FR;5;2022-02-15;482;886;9;0;14;241728;119955;2017;17;2583
FR;5;2022-02-16;2980;9123;41;1;58;244708;129078;2058;18;2641
FR;5;2022-02-17;436;809;6;0;7;245144;129887;2064;18;2648
FR;5;2022-02-18;649;1408;13;0;17;245793;131295;2077;18;2665
FR;5;2022-02-19;1373;4315;16;0;28;247166;135610;2093;18;2693
FR;5;2022-02-20;247;879;6;0;8;247413;136489;2099;18;2701
FR;5;2022-02-21;221;607;2;0;4;247634;137096;2101;18;2705
FR;5;2022-02-22;262;545;17;0;17;247896;137641;2118;18;2722
FR;5;2022-02-23;1909;6926;23;1;43;249805;144567;2141;19;2765
FR;5;2022-02-24;182;374;6;1;7;249987;144941;2147;20;2772
FR;5;2022-02-25;336;950;13;0;12;250323;145891;2160;20;2784
FR;5;2022-02-26;972;3070;11;0;15;251295;148961;2171;20;2799
FR;5;2022-02-27;150;506;0;0;3;251445;149467;2171;20;2802
FR;5;2022-02-28;162;369;1;0;1;251607;149836;2172;20;2803
FR;5;2022-03-01;130;280;6;0;7;251737;150116;2178;20;2810
FR;5;2022-03-02;1241;4156;28;3;40;252978;154272;2206;23;2850
FR;5;2022-03-03;121;251;5;0;10;253099;154523;2211;23;2860
FR;5;2022-03-04;196;488;13;0;14;253295;155011;2224;23;2874
FR;5;2022-03-05;677;1990;8;0;16;253972;157001;2232;23;2890
FR;5;2022-03-06;108;260;0;0;0;254080;157261;2232;23;2890
FR;5;2022-03-07;71;228;5;0;3;254151;157489;2237;23;2893
FR;5;2022-03-08;46;134;7;1;8;254197;157623;2244;24;2901
FR;5;2022-03-09;910;3078;24;0;36;255107;160701;2268;24;2937
FR;5;2022-03-10;82;202;8;0;12;255189;160903;2276;24;2949
FR;5;2022-03-11;148;369;13;1;15;255337;161272;2289;25;2964
FR;5;2022-03-12;758;1613;13;1;30;256095;162885;2302;26;2994
FR;5;2022-03-13;78;100;0;0;0;256173;162985;2302;26;2994
FR;5;2022-03-14;67;119;7;1;7;256240;163104;2309;27;3001
FR;5;2022-03-15;83;99;4;0;7;256323;163203;2313;27;3008
FR;5;2022-03-16;883;1827;15;3;36;257206;165030;2328;30;3044
FR;5;2022-03-17;68;123;8;4;10;257274;165153;2336;34;3054
FR;5;2022-03-18;172;318;13;4;18;257446;165471;2349;38;3072
FR;5;2022-03-19;751;1163;12;5;33;258197;166634;2361;43;3105
FR;5;2022-03-20;45;93;1;0;1;258242;166727;2362;43;3106
FR;5;2022-03-21;71;120;10;6;15;258313;166847;2372;49;3121
FR;5;2022-03-22;56;119;8;8;9;258369;166966;2380;57;3130
FR;5;2022-03-23;805;1461;14;8;36;259174;168427;2394;65;3166
FR;5;2022-03-24;70;93;8;7;7;259244;168520;2402;72;3173
FR;5;2022-03-25;222;293;14;8;18;259466;168813;2416;80;3191
FR;5;2022-03-26;707;853;12;5;26;260173;169666;2428;85;3217
FR;5;2022-03-27;75;80;0;0;3;260248;169746;2428;85;3220
FR;5;2022-03-28;81;93;1;2;3;260329;169839;2429;87;3223
FR;5;2022-03-29;71;82;10;4;12;260400;169921;2439;91;3235
FR;5;2022-03-30;823;1116;16;13;29;261223;171037;2455;104;3264
FR;5;2022-03-31;102;125;1;4;6;261325;171162;2456;108;3270
FR;5;2022-04-01;114;86;7;12;11;261439;171248;2463;120;3281
FR;5;2022-04-02;330;349;3;3;15;261769;171597;2466;123;3296
FR;5;2022-04-03;54;59;1;0;1;261823;171656;2467;123;3297
FR;5;2022-04-04;40;57;4;1;8;261863;171713;2471;124;3305
FR;5;2022-04-05;52;60;6;7;9;261915;171773;2477;131;3314
FR;5;2022-04-06;421;439;7;15;16;262336;172212;2484;146;3330
FR;5;2022-04-07;45;69;5;7;7;262381;172281;2489;153;3337
FR;5;2022-04-08;134;112;12;13;14;262515;172393;2501;166;3351
FR;5;2022-04-09;311;324;2;5;17;262826;172717;2503;171;3368
FR;5;2022-04-10;43;31;2;0;2;262869;172748;2505;171;3370
FR;5;2022-04-11;50;60;3;2;4;262919;172808;2508;173;3374
FR;5;2022-04-12;59;54;3;3;5;262978;172862;2511;176;3379
FR;5;2022-04-13;382;413;3;8;16;263360;173275;2514;184;3395
FR;5;2022-04-14;48;48;5;5;9;263408;173323;2519;189;3404
FR;5;2022-04-15;91;109;4;4;5;263499;173432;2523;193;3409
FR;5;2022-04-16;188;184;2;1;13;263687;173616;2525;194;3422
FR;5;2022-04-17;12;11;1;0;1;263699;173627;2526;194;3423
FR;5;2022-04-18;9;10;2;0;3;263708;173637;2528;194;3426
FR;5;2022-04-19;75;71;6;1;6;263783;173708;2534;195;3432
FR;5;2022-04-20;361;349;9;6;12;264144;174057;2543;201;3444
FR;5;2022-04-21;42;64;9;10;12;264186;174121;2552;211;3456
FR;5;2022-04-22;113;96;5;4;5;264299;174217;2557;215;3461
FR;5;2022-04-23;209;193;3;2;10;264508;174410;2560;217;3471
FR;5;2022-04-24;37;35;0;0;3;264545;174445;2560;217;3474
FR;5;2022-04-25;69;65;1;1;4;264614;174510;2561;218;3478
FR;5;2022-04-26;60;63;2;1;5;264674;174573;2563;219;3483
FR;5;2022-04-27;335;316;2;7;14;265009;174889;2565;226;3497
FR;5;2022-04-28;81;54;4;5;8;265090;174943;2569;231;3505
FR;5;2022-04-29;117;84;5;19;12;265207;175027;2574;250;3517
FR;5;2022-04-30;183;114;2;3;10;265390;175141;2576;253;3527
FR;5;2022-05-01;11;7;0;0;0;265401;175148;2576;253;3527
FR;5;2022-05-02;52;28;4;5;2;265453;175176;2580;258;3529
FR;5;2022-05-03;84;57;2;5;11;265537;175233;2582;263;3540
FR;5;2022-05-04;278;205;1;2;7;265815;175438;2583;265;3547
FR;5;2022-05-05;62;32;3;4;5;265877;175470;2586;269;3552
FR;5;2022-05-06;105;65;2;3;5;265982;175535;2588;272;3557
FR;5;2022-05-07;171;117;3;10;13;266153;175652;2591;282;3570
FR;5;2022-05-08;8;8;0;0;2;266161;175660;2591;282;3572
FR;5;2022-05-09;44;34;15;3;16;266205;175694;2606;285;3588
FR;5;2022-05-10;54;49;3;4;5;266259;175743;2609;289;3593
FR;5;2022-05-11;326;237;12;7;21;266585;175980;2621;296;3614
FR;5;2022-05-12;46;34;2;2;2;266631;176014;2623;298;3616
FR;5;2022-05-13;109;83;3;8;8;266740;176097;2626;306;3624
FR;5;2022-05-14;209;131;0;1;8;266949;176228;2626;307;3632
FR;5;2022-05-15;22;9;2;0;1;266971;176237;2628;307;3633
FR;5;2022-05-16;52;34;4;5;4;267023;176271;2632;312;3637
FR;5;2022-05-17;72;40;5;0;2;267095;176311;2637;312;3639
FR;5;2022-05-18;289;215;4;4;8;267384;176526;2641;316;3647
FR;5;2022-05-19;45;35;5;3;3;267429;176561;2646;319;3650
FR;5;2022-05-20;76;63;3;10;1;267505;176624;2649;329;3651
FR;5;2022-05-21;242;166;2;3;17;267747;176790;2651;332;3668
FR;5;2022-05-22;20;14;2;5;2;267767;176804;2653;337;3670
FR;5;2022-05-23;42;31;4;3;6;267809;176835;2657;340;3676
FR;5;2022-05-24;47;45;3;2;5;267856;176880;2660;342;3681
FR;5;2022-05-25;329;257;4;1;16;268185;177137;2664;343;3697
FR;5;2022-05-26;17;5;0;1;2;268202;177142;2664;344;3699
FR;5;2022-05-27;99;54;4;4;9;268301;177196;2668;348;3708
FR;5;2022-05-28;100;78;5;3;10;268401;177274;2673;351;3718
FR;5;2022-05-29;14;14;1;0;2;268415;177288;2674;351;3720
FR;5;2022-05-30;56;41;2;1;2;268471;177329;2676;352;3722
FR;5;2022-05-31;57;43;1;8;1;268528;177372;2677;360;3723
FR;5;2022-06-01;257;241;9;2;25;268785;177613;2686;362;3748
FR;5;2022-06-02;63;61;5;0;9;268848;177674;2691;362;3757
FR;5;2022-06-03;81;71;4;5;10;268929;177745;2695;367;3767
FR;5;2022-06-04;156;109;2;1;9;269085;177854;2697;368;3776
FR;5;2022-06-05;18;11;0;0;1;269103;177865;2697;368;3777
FR;5;2022-06-06;16;9;0;1;0;269119;177874;2697;369;3777
FR;5;2022-06-07;50;56;1;1;2;269169;177930;2698;370;3779
FR;5;2022-06-08;283;225;3;4;17;269452;178155;2701;374;3796
FR;5;2022-06-09;52;41;6;3;7;269504;178196;2707;377;3803
FR;5;2022-06-10;80;72;1;1;6;269584;178268;2708;378;3809
FR;5;2022-06-11;172;141;3;3;10;269756;178409;2711;381;3819
FR;5;2022-06-12;17;16;0;0;2;269773;178425;2711;381;3821
FR;5;2022-06-13;56;47;9;3;10;269829;178472;2720;384;3831
FR;5;2022-06-14;59;56;1;3;6;269888;178528;2721;387;3837
FR;5;2022-06-15;266;260;5;2;27;270154;178788;2726;389;3864
FR;5;2022-06-16;47;29;5;2;5;270201;178817;2731;391;3869
FR;5;2022-06-17;98;67;5;5;10;270299;178884;2736;396;3879
FR;5;2022-06-18;146;95;10;2;26;270445;178979;2746;398;3905
FR;5;2022-06-19;26;15;0;1;4;270471;178994;2746;399;3909
FR;5;2022-06-20;56;49;8;0;11;270527;179043;2754;399;3920
FR;5;2022-06-21;52;73;5;3;7;270579;179116;2759;402;3927
FR;5;2022-06-22;224;247;7;9;33;270803;179363;2766;411;3960
FR;5;2022-06-23;50;38;2;5;6;270853;179401;2768;416;3966
FR;5;2022-06-24;91;69;12;5;16;270944;179470;2780;421;3982
FR;5;2022-06-25;154;124;3;7;14;271098;179594;2783;428;3996
FR;5;2022-06-26;26;19;2;0;5;271124;179613;2785;428;4001
FR;5;2022-06-27;57;60;5;7;11;271181;179673;2790;435;4012
FR;5;2022-06-28;70;49;8;2;14;271251;179722;2798;437;4026
FR;5;2022-06-29;297;268;9;21;34;271548;179990;2807;458;4060
FR;5;2022-06-30;88;57;10;12;17;271636;180047;2817;470;4077
FR;5;2022-07-01;124;65;7;11;12;271760;180112;2824;481;4089
FR;5;2022-07-02;191;131;4;0;22;271951;180243;2828;481;4111
FR;5;2022-07-03;30;25;1;0;4;271981;180268;2829;481;4115
FR;5;2022-07-04;103;64;2;5;6;272084;180332;2831;486;4121
FR;5;2022-07-05;104;72;3;8;13;272188;180404;2834;494;4134
FR;5;2022-07-06;277;168;9;36;27;272465;180572;2843;530;4161
FR;5;2022-07-07;87;68;6;9;13;272552;180640;2849;539;4174
FR;5;2022-07-08;152;120;7;14;25;272704;180760;2856;553;4199
FR;5;2022-07-09;116;68;1;8;10;272820;180828;2857;561;4209
FR;5;2022-07-10;15;6;0;0;1;272835;180834;2857;561;4210
FR;5;2022-07-11;92;72;10;2;19;272927;180906;2867;563;4229
FR;5;2022-07-12;67;63;5;10;7;272994;180969;2872;573;4236
FR;5;2022-07-13;167;117;10;19;16;273161;181086;2882;592;4252
FR;5;2022-07-14;8;4;0;0;0;273169;181090;2882;592;4252
FR;5;2022-07-15;74;66;5;14;15;273243;181156;2887;606;4267
FR;5;2022-07-16;54;44;3;0;3;273297;181200;2890;606;4270
FR;5;2022-07-17;10;7;0;0;1;273307;181207;2890;606;4271
FR;5;2022-07-18;60;46;0;5;3;273367;181253;2890;611;4274
FR;5;2022-07-19;63;42;5;3;7;273430;181295;2895;614;4281
FR;5;2022-07-20;119;106;4;11;14;273549;181401;2899;625;4295
FR;5;2022-07-21;38;43;2;10;5;273587;181444;2901;635;4300
FR;5;2022-07-22;45;69;11;14;23;273632;181513;2912;649;4323
FR;5;2022-07-23;59;78;2;1;11;273691;181591;2914;650;4334
FR;5;2022-07-24;11;9;3;1;3;273702;181600;2917;651;4337
FR;5;2022-07-25;53;48;2;7;8;273755;181648;2919;658;4345
FR;5;2022-07-26;57;53;5;41;6;273812;181701;2924;699;4351
FR;5;2022-07-27;106;118;4;4;13;273918;181819;2928;703;4364
FR;5;2022-07-28;39;35;2;2;6;273957;181854;2930;705;4370
FR;5;2022-07-29;56;72;3;13;8;274013;181926;2933;718;4378
FR;5;2022-07-30;53;53;5;1;7;274066;181979;2938;719;4385
FR;5;2022-07-31;7;11;1;0;1;274073;181990;2939;719;4386
FR;5;2022-08-01;38;52;1;2;6;274111;182042;2940;721;4392
FR;5;2022-08-02;31;43;8;7;8;274142;182085;2948;728;4400
FR;5;2022-08-03;54;51;4;10;9;274196;182136;2952;738;4409
FR;5;2022-08-04;20;18;1;6;1;274216;182154;2953;744;4410
FR;5;2022-08-05;34;24;3;3;3;274250;182178;2956;747;4413
FR;5;2022-08-06;23;26;1;0;1;274273;182204;2957;747;4414
FR;5;2022-08-07;2;2;1;0;1;274275;182206;2958;747;4415
FR;5;2022-08-08;25;19;1;2;2;274300;182225;2959;749;4417
FR;5;2022-08-09;26;28;3;3;3;274326;182253;2962;752;4420
FR;5;2022-08-10;46;46;2;0;5;274372;182299;2964;752;4425
FR;5;2022-08-11;18;33;2;2;5;274390;182332;2966;754;4430
FR;5;2022-08-12;27;28;2;0;2;274417;182360;2968;754;4432
FR;5;2022-08-13;15;18;0;0;0;274432;182378;2968;754;4432
FR;5;2022-08-14;2;3;0;0;0;274434;182381;2968;754;4432
FR;5;2022-08-15;2;4;0;0;0;274436;182385;2968;754;4432
FR;5;2022-08-16;33;26;2;0;5;274469;182411;2970;754;4437
FR;5;2022-08-17;49;55;2;1;1;274518;182466;2972;755;4438
FR;5;2022-08-18;26;17;4;17;6;274544;182483;2976;772;4444
FR;5;2022-08-19;25;32;1;2;2;274569;182515;2977;774;4446
FR;5;2022-08-20;23;27;2;1;4;274592;182542;2979;775;4450
FR;5;2022-08-21;7;2;1;0;1;274599;182544;2980;775;4451
FR;5;2022-08-22;38;22;1;6;2;274637;182566;2981;781;4453
FR;5;2022-08-23;26;25;0;1;1;274663;182591;2981;782;4454
FR;5;2022-08-24;47;42;0;0;0;274710;182633;2981;782;4454
FR;6;2020-12-27;0;0;0;0;0;0;0;0;0;0
FR;6;2020-12-28;0;0;0;0;0;0;0;0;0;0
FR;6;2020-12-29;0;0;0;0;0;0;0;0;0;0
FR;6;2020-12-30;0;0;0;0;0;0;0;0;0;0
FR;6;2020-12-31;0;0;0;0;0;0;0;0;0;0
FR;6;2021-01-01;0;0;0;0;0;0;0;0;0;0
FR;6;2021-01-02;0;0;0;0;0;0;0;0;0;0
FR;6;2021-01-03;0;0;0;0;0;0;0;0;0;0
FR;6;2021-01-04;0;0;0;0;0;0;0;0;0;0
FR;6;2021-01-05;0;0;0;0;0;0;0;0;0;0
FR;6;2021-01-06;0;0;0;0;0;0;0;0;0;0
FR;6;2021-01-07;0;0;0;0;0;0;0;0;0;0
FR;6;2021-01-08;0;0;0;0;0;0;0;0;0;0
FR;6;2021-01-09;0;0;0;0;0;0;0;0;0;0
FR;6;2021-01-10;0;0;0;0;0;0;0;0;0;0
FR;6;2021-01-11;0;0;0;0;0;0;0;0;0;0
FR;6;2021-01-12;0;0;0;0;0;0;0;0;0;0
FR;6;2021-01-13;0;0;0;0;0;0;0;0;0;0
FR;6;2021-01-14;0;0;0;0;0;0;0;0;0;0
FR;6;2021-01-15;0;0;0;0;0;0;0;0;0;0
FR;6;2021-01-16;0;0;0;0;0;0;0;0;0;0
FR;6;2021-01-17;0;0;0;0;0;0;0;0;0;0
FR;6;2021-01-18;0;0;0;0;0;0;0;0;0;0
FR;6;2021-01-19;0;0;0;0;0;0;0;0;0;0
FR;6;2021-01-20;0;0;0;0;0;0;0;0;0;0
FR;6;2021-01-21;0;0;0;0;0;0;0;0;0;0
FR;6;2021-01-22;0;0;0;0;0;0;0;0;0;0
FR;6;2021-01-23;0;0;0;0;0;0;0;0;0;0
FR;6;2021-01-24;0;0;0;0;0;0;0;0;0;0
FR;6;2021-01-25;0;0;0;0;0;0;0;0;0;0
FR;6;2021-01-26;0;0;0;0;0;0;0;0;0;0
FR;6;2021-01-27;0;0;0;0;0;0;0;0;0;0
FR;6;2021-01-28;0;0;0;0;0;0;0;0;0;0
FR;6;2021-01-29;0;0;0;0;0;0;0;0;0;0
FR;6;2021-01-30;0;0;0;0;0;0;0;0;0;0
FR;6;2021-01-31;0;0;0;0;0;0;0;0;0;0
FR;6;2021-02-01;0;0;0;0;0;0;0;0;0;0
FR;6;2021-02-02;0;0;0;0;0;0;0;0;0;0
FR;6;2021-02-03;0;0;0;0;0;0;0;0;0;0
FR;6;2021-02-04;0;0;0;0;0;0;0;0;0;0
FR;6;2021-02-05;0;0;0;0;0;0;0;0;0;0
FR;6;2021-02-06;0;0;0;0;0;0;0;0;0;0
FR;6;2021-02-07;0;0;0;0;0;0;0;0;0;0
FR;6;2021-02-08;0;0;0;0;0;0;0;0;0;0
FR;6;2021-02-09;0;0;0;0;0;0;0;0;0;0
FR;6;2021-02-10;0;0;0;0;0;0;0;0;0;0
FR;6;2021-02-11;0;0;0;0;0;0;0;0;0;0
FR;6;2021-02-12;0;0;0;0;0;0;0;0;0;0
FR;6;2021-02-13;0;0;0;0;0;0;0;0;0;0
FR;6;2021-02-14;0;0;0;0;0;0;0;0;0;0
FR;6;2021-02-15;0;0;0;0;0;0;0;0;0;0
FR;6;2021-02-16;0;0;0;0;0;0;0;0;0;0
FR;6;2021-02-17;0;0;0;0;0;0;0;0;0;0
FR;6;2021-02-18;0;0;0;0;0;0;0;0;0;0
FR;6;2021-02-19;0;0;0;0;0;0;0;0;0;0
FR;6;2021-02-20;0;0;0;0;0;0;0;0;0;0
FR;6;2021-02-21;0;0;0;0;0;0;0;0;0;0
FR;6;2021-02-22;0;0;0;0;0;0;0;0;0;0
FR;6;2021-02-23;0;0;0;0;0;0;0;0;0;0
FR;6;2021-02-24;0;0;0;0;0;0;0;0;0;0
FR;6;2021-02-25;0;0;0;0;0;0;0;0;0;0
FR;6;2021-02-26;0;0;0;0;0;0;0;0;0;0
FR;6;2021-02-27;0;0;0;0;0;0;0;0;0;0
FR;6;2021-02-28;0;0;0;0;0;0;0;0;0;0
FR;6;2021-03-01;0;0;0;0;0;0;0;0;0;0
FR;6;2021-03-02;0;0;0;0;0;0;0;0;0;0
FR;6;2021-03-03;0;0;0;0;0;0;0;0;0;0
FR;6;2021-03-04;0;0;0;0;0;0;0;0;0;0
FR;6;2021-03-05;0;0;0;0;0;0;0;0;0;0
FR;6;2021-03-06;0;0;0;0;0;0;0;0;0;0
FR;6;2021-03-07;0;0;0;0;0;0;0;0;0;0
FR;6;2021-03-08;0;0;0;0;0;0;0;0;0;0
FR;6;2021-03-09;0;0;0;0;0;0;0;0;0;0
FR;6;2021-03-10;0;0;0;0;0;0;0;0;0;0
FR;6;2021-03-11;0;0;0;0;0;0;0;0;0;0
FR;6;2021-03-12;0;0;0;0;0;0;0;0;0;0
FR;6;2021-03-13;0;0;0;0;0;0;0;0;0;0
FR;6;2021-03-14;0;0;0;0;0;0;0;0;0;0
FR;6;2021-03-15;0;0;0;0;0;0;0;0;0;0
FR;6;2021-03-16;0;0;0;0;0;0;0;0;0;0
FR;6;2021-03-17;0;0;0;0;0;0;0;0;0;0
FR;6;2021-03-18;0;0;0;0;0;0;0;0;0;0
FR;6;2021-03-19;0;0;0;0;0;0;0;0;0;0
FR;6;2021-03-20;0;0;0;0;0;0;0;0;0;0
FR;6;2021-03-21;0;0;0;0;0;0;0;0;0;0
FR;6;2021-03-22;0;0;0;0;0;0;0;0;0;0
FR;6;2021-03-23;0;0;0;0;0;0;0;0;0;0
FR;6;2021-03-24;0;0;0;0;0;0;0;0;0;0
FR;6;2021-03-25;0;0;0;0;0;0;0;0;0;0
FR;6;2021-03-26;0;0;0;0;0;0;0;0;0;0
FR;6;2021-03-27;0;0;0;0;0;0;0;0;0;0
FR;6;2021-03-28;0;0;0;0;0;0;0;0;0;0
FR;6;2021-03-29;0;0;0;0;0;0;0;0;0;0
FR;6;2021-03-30;0;0;0;0;0;0;0;0;0;0
FR;6;2021-03-31;0;0;0;0;0;0;0;0;0;0
FR;6;2021-04-01;0;0;0;0;0;0;0;0;0;0
FR;6;2021-04-02;0;0;0;0;0;0;0;0;0;0
FR;6;2021-04-03;0;0;0;0;0;0;0;0;0;0
FR;6;2021-04-04;0;0;0;0;0;0;0;0;0;0
FR;6;2021-04-05;0;0;0;0;0;0;0;0;0;0
FR;6;2021-04-06;0;0;0;0;0;0;0;0;0;0
FR;6;2021-04-07;0;0;0;0;0;0;0;0;0;0
FR;6;2021-04-08;0;0;0;0;0;0;0;0;0;0
FR;6;2021-04-09;0;0;0;0;0;0;0;0;0;0
FR;6;2021-04-10;0;0;0;0;0;0;0;0;0;0
FR;6;2021-04-11;0;0;0;0;0;0;0;0;0;0
FR;6;2021-04-12;0;0;0;0;0;0;0;0;0;0
FR;6;2021-04-13;0;0;0;0;0;0;0;0;0;0
FR;6;2021-04-14;0;0;0;0;0;0;0;0;0;0
FR;6;2021-04-15;0;0;0;0;0;0;0;0;0;0
FR;6;2021-04-16;0;0;0;0;0;0;0;0;0;0
FR;6;2021-04-17;0;0;0;0;0;0;0;0;0;0
FR;6;2021-04-18;0;0;0;0;0;0;0;0;0;0
FR;6;2021-04-19;0;0;0;0;0;0;0;0;0;0
FR;6;2021-04-20;0;0;0;0;0;0;0;0;0;0
FR;6;2021-04-21;0;0;0;0;0;0;0;0;0;0
FR;6;2021-04-22;0;0;0;0;0;0;0;0;0;0
FR;6;2021-04-23;0;0;0;0;0;0;0;0;0;0
FR;6;2021-04-24;0;0;0;0;0;0;0;0;0;0
FR;6;2021-04-25;0;0;0;0;0;0;0;0;0;0
FR;6;2021-04-26;0;0;0;0;0;0;0;0;0;0
FR;6;2021-04-27;0;0;0;0;0;0;0;0;0;0
FR;6;2021-04-28;0;0;0;0;0;0;0;0;0;0
FR;6;2021-04-29;0;0;0;0;0;0;0;0;0;0
FR;6;2021-04-30;0;0;0;0;0;0;0;0;0;0
FR;6;2021-05-01;0;0;0;0;0;0;0;0;0;0
FR;6;2021-05-02;0;0;0;0;0;0;0;0;0;0
FR;6;2021-05-03;0;0;0;0;0;0;0;0;0;0
FR;6;2021-05-04;0;0;0;0;0;0;0;0;0;0
FR;6;2021-05-05;0;0;0;0;0;0;0;0;0;0
FR;6;2021-05-06;0;0;0;0;0;0;0;0;0;0
FR;6;2021-05-07;0;0;0;0;0;0;0;0;0;0
FR;6;2021-05-08;0;0;0;0;0;0;0;0;0;0
FR;6;2021-05-09;0;0;0;0;0;0;0;0;0;0
FR;6;2021-05-10;0;0;0;0;0;0;0;0;0;0
FR;6;2021-05-11;0;0;0;0;0;0;0;0;0;0
FR;6;2021-05-12;0;0;0;0;0;0;0;0;0;0
FR;6;2021-05-13;0;0;0;0;0;0;0;0;0;0
FR;6;2021-05-14;0;0;0;0;0;0;0;0;0;0
FR;6;2021-05-15;0;0;0;0;0;0;0;0;0;0
FR;6;2021-05-16;0;0;0;0;0;0;0;0;0;0
FR;6;2021-05-17;0;0;0;0;0;0;0;0;0;0
FR;6;2021-05-18;0;0;0;0;0;0;0;0;0;0
FR;6;2021-05-19;0;0;0;0;0;0;0;0;0;0
FR;6;2021-05-20;0;0;0;0;0;0;0;0;0;0
FR;6;2021-05-21;0;0;0;0;0;0;0;0;0;0
FR;6;2021-05-22;0;0;0;0;0;0;0;0;0;0
FR;6;2021-05-23;0;0;0;0;0;0;0;0;0;0
FR;6;2021-05-24;0;0;0;0;0;0;0;0;0;0
FR;6;2021-05-25;0;0;0;0;0;0;0;0;0;0
FR;6;2021-05-26;0;0;0;0;0;0;0;0;0;0
FR;6;2021-05-27;0;0;0;0;0;0;0;0;0;0
FR;6;2021-05-28;0;0;0;0;0;0;0;0;0;0
FR;6;2021-05-29;0;0;0;0;0;0;0;0;0;0
FR;6;2021-05-30;0;0;0;0;0;0;0;0;0;0
FR;6;2021-05-31;0;0;0;0;0;0;0;0;0;0
FR;6;2021-06-01;0;0;0;0;0;0;0;0;0;0
FR;6;2021-06-02;0;0;0;0;0;0;0;0;0;0
FR;6;2021-06-03;0;0;0;0;0;0;0;0;0;0
FR;6;2021-06-04;0;0;0;0;0;0;0;0;0;0
FR;6;2021-06-05;0;0;0;0;0;0;0;0;0;0
FR;6;2021-06-06;0;0;0;0;0;0;0;0;0;0
FR;6;2021-06-07;0;0;0;0;0;0;0;0;0;0
FR;6;2021-06-08;0;0;0;0;0;0;0;0;0;0
FR;6;2021-06-09;0;0;0;0;0;0;0;0;0;0
FR;6;2021-06-10;0;0;0;0;0;0;0;0;0;0
FR;6;2021-06-11;0;0;0;0;0;0;0;0;0;0
FR;6;2021-06-12;0;0;0;0;0;0;0;0;0;0
FR;6;2021-06-13;0;0;0;0;0;0;0;0;0;0
FR;6;2021-06-14;0;0;0;0;0;0;0;0;0;0
FR;6;2021-06-15;0;0;0;0;0;0;0;0;0;0
FR;6;2021-06-16;0;0;0;0;0;0;0;0;0;0
FR;6;2021-06-17;0;0;0;0;0;0;0;0;0;0
FR;6;2021-06-18;0;0;0;0;0;0;0;0;0;0
FR;6;2021-06-19;0;0;0;0;0;0;0;0;0;0
FR;6;2021-06-20;0;0;0;0;0;0;0;0;0;0
FR;6;2021-06-21;0;0;0;0;0;0;0;0;0;0
FR;6;2021-06-22;0;0;0;0;0;0;0;0;0;0
FR;6;2021-06-23;0;0;0;0;0;0;0;0;0;0
FR;6;2021-06-24;0;0;0;0;0;0;0;0;0;0
FR;6;2021-06-25;0;0;0;0;0;0;0;0;0;0
FR;6;2021-06-26;0;0;0;0;0;0;0;0;0;0
FR;6;2021-06-27;0;0;0;0;0;0;0;0;0;0
FR;6;2021-06-28;0;0;0;0;0;0;0;0;0;0
FR;6;2021-06-29;0;0;0;0;0;0;0;0;0;0
FR;6;2021-06-30;0;0;0;0;0;0;0;0;0;0
FR;6;2021-07-01;0;0;0;0;0;0;0;0;0;0
FR;6;2021-07-02;0;0;0;0;0;0;0;0;0;0
FR;6;2021-07-03;0;0;0;0;0;0;0;0;0;0
FR;6;2021-07-04;0;0;0;0;0;0;0;0;0;0
FR;6;2021-07-05;0;0;0;0;0;0;0;0;0;0
FR;6;2021-07-06;0;0;0;0;0;0;0;0;0;0
FR;6;2021-07-07;0;0;0;0;0;0;0;0;0;0
FR;6;2021-07-08;0;0;0;0;0;0;0;0;0;0
FR;6;2021-07-09;0;0;0;0;0;0;0;0;0;0
FR;6;2021-07-10;0;0;0;0;0;0;0;0;0;0
FR;6;2021-07-11;0;0;0;0;0;0;0;0;0;0
FR;6;2021-07-12;0;0;0;0;0;0;0;0;0;0
FR;6;2021-07-13;0;0;0;0;0;0;0;0;0;0
FR;6;2021-07-14;0;0;0;0;0;0;0;0;0;0
FR;6;2021-07-15;0;0;0;0;0;0;0;0;0;0
FR;6;2021-07-16;0;0;0;0;0;0;0;0;0;0
FR;6;2021-07-17;0;0;0;0;0;0;0;0;0;0
FR;6;2021-07-18;0;0;0;0;0;0;0;0;0;0
FR;6;2021-07-19;0;0;0;0;0;0;0;0;0;0
FR;6;2021-07-20;0;0;0;0;0;0;0;0;0;0
FR;6;2021-07-21;0;0;0;0;0;0;0;0;0;0
FR;6;2021-07-22;0;0;0;0;0;0;0;0;0;0
FR;6;2021-07-23;0;0;0;0;0;0;0;0;0;0
FR;6;2021-07-24;0;0;0;0;0;0;0;0;0;0
FR;6;2021-07-25;0;0;0;0;0;0;0;0;0;0
FR;6;2021-07-26;0;0;0;0;0;0;0;0;0;0
FR;6;2021-07-27;0;0;0;0;0;0;0;0;0;0
FR;6;2021-07-28;0;0;0;0;0;0;0;0;0;0
FR;6;2021-07-29;0;0;0;0;0;0;0;0;0;0
FR;6;2021-07-30;0;0;0;0;0;0;0;0;0;0
FR;6;2021-07-31;0;0;0;0;0;0;0;0;0;0
FR;6;2021-08-01;0;0;0;0;0;0;0;0;0;0
FR;6;2021-08-02;0;0;0;0;0;0;0;0;0;0
FR;6;2021-08-03;0;0;0;0;0;0;0;0;0;0
FR;6;2021-08-04;0;0;0;0;0;0;0;0;0;0
FR;6;2021-08-05;0;0;0;0;0;0;0;0;0;0
FR;6;2021-08-06;0;0;0;0;0;0;0;0;0;0
FR;6;2021-08-07;0;0;0;0;0;0;0;0;0;0
FR;6;2021-08-08;0;0;0;0;0;0;0;0;0;0
FR;6;2021-08-09;0;0;0;0;0;0;0;0;0;0
FR;6;2021-08-10;0;0;0;0;0;0;0;0;0;0
FR;6;2021-08-11;0;0;0;0;0;0;0;0;0;0
FR;6;2021-08-12;0;0;0;0;0;0;0;0;0;0
FR;6;2021-08-13;0;0;0;0;0;0;0;0;0;0
FR;6;2021-08-14;0;0;0;0;0;0;0;0;0;0
FR;6;2021-08-15;0;0;0;0;0;0;0;0;0;0
FR;6;2021-08-16;0;0;0;0;0;0;0;0;0;0
FR;6;2021-08-17;0;0;0;0;0;0;0;0;0;0
FR;6;2021-08-18;0;0;0;0;0;0;0;0;0;0
FR;6;2021-08-19;0;0;0;0;0;0;0;0;0;0
FR;6;2021-08-20;0;0;0;0;0;0;0;0;0;0
FR;6;2021-08-21;0;0;0;0;0;0;0;0;0;0
FR;6;2021-08-22;0;0;0;0;0;0;0;0;0;0
FR;6;2021-08-23;0;0;0;0;0;0;0;0;0;0
FR;6;2021-08-24;0;0;0;0;0;0;0;0;0;0
FR;6;2021-08-25;0;0;0;0;0;0;0;0;0;0
FR;6;2021-08-26;0;0;0;0;0;0;0;0;0;0
FR;6;2021-08-27;0;0;0;0;0;0;0;0;0;0
FR;6;2021-08-28;0;0;0;0;0;0;0;0;0;0
FR;6;2021-08-29;0;0;0;0;0;0;0;0;0;0
FR;6;2021-08-30;0;0;0;0;0;0;0;0;0;0
FR;6;2021-08-31;0;0;0;0;0;0;0;0;0;0
FR;6;2021-09-01;0;0;0;0;0;0;0;0;0;0
FR;6;2021-09-02;0;0;0;0;0;0;0;0;0;0
FR;6;2021-09-03;0;0;0;0;0;0;0;0;0;0
FR;6;2021-09-04;0;0;0;0;0;0;0;0;0;0
FR;6;2021-09-05;0;0;0;0;0;0;0;0;0;0
FR;6;2021-09-06;0;0;0;0;0;0;0;0;0;0
FR;6;2021-09-07;0;0;0;0;0;0;0;0;0;0
FR;6;2021-09-08;0;0;0;0;0;0;0;0;0;0
FR;6;2021-09-09;0;0;0;0;0;0;0;0;0;0
FR;6;2021-09-10;0;0;0;0;0;0;0;0;0;0
FR;6;2021-09-11;0;0;0;0;0;0;0;0;0;0
FR;6;2021-09-12;0;0;0;0;0;0;0;0;0;0
FR;6;2021-09-13;0;0;0;0;0;0;0;0;0;0
FR;6;2021-09-14;0;0;0;0;0;0;0;0;0;0
FR;6;2021-09-15;0;0;0;0;0;0;0;0;0;0
FR;6;2021-09-16;0;0;0;0;0;0;0;0;0;0
FR;6;2021-09-17;0;0;0;0;0;0;0;0;0;0
FR;6;2021-09-18;0;0;0;0;0;0;0;0;0;0
FR;6;2021-09-19;0;0;0;0;0;0;0;0;0;0
FR;6;2021-09-20;0;0;0;0;0;0;0;0;0;0
FR;6;2021-09-21;0;0;0;0;0;0;0;0;0;0
FR;6;2021-09-22;0;0;0;0;0;0;0;0;0;0
FR;6;2021-09-23;0;0;0;0;0;0;0;0;0;0
FR;6;2021-09-24;0;0;0;0;0;0;0;0;0;0
FR;6;2021-09-25;0;0;0;0;0;0;0;0;0;0
FR;6;2021-09-26;0;0;0;0;0;0;0;0;0;0
FR;6;2021-09-27;0;0;0;0;0;0;0;0;0;0
FR;6;2021-09-28;0;0;0;0;0;0;0;0;0;0
FR;6;2021-09-29;0;0;0;0;0;0;0;0;0;0
FR;6;2021-09-30;0;0;0;0;0;0;0;0;0;0
FR;6;2021-10-01;0;0;0;0;0;0;0;0;0;0
FR;6;2021-10-02;0;0;0;0;0;0;0;0;0;0
FR;6;2021-10-03;0;0;0;0;0;0;0;0;0;0
FR;6;2021-10-04;0;0;0;0;0;0;0;0;0;0
FR;6;2021-10-05;0;0;0;0;0;0;0;0;0;0
FR;6;2021-10-06;0;0;0;0;0;0;0;0;0;0
FR;6;2021-10-07;0;0;0;0;0;0;0;0;0;0
FR;6;2021-10-08;0;0;0;0;0;0;0;0;0;0
FR;6;2021-10-09;0;0;0;0;0;0;0;0;0;0
FR;6;2021-10-10;0;0;0;0;0;0;0;0;0;0
FR;6;2021-10-11;0;0;0;0;0;0;0;0;0;0
FR;6;2021-10-12;0;0;0;0;0;0;0;0;0;0
FR;6;2021-10-13;0;0;0;0;0;0;0;0;0;0
FR;6;2021-10-14;0;0;0;0;0;0;0;0;0;0
FR;6;2021-10-15;0;0;0;0;0;0;0;0;0;0
FR;6;2021-10-16;0;0;0;0;0;0;0;0;0;0
FR;6;2021-10-17;0;0;0;0;0;0;0;0;0;0
FR;6;2021-10-18;0;0;0;0;0;0;0;0;0;0
FR;6;2021-10-19;0;0;0;0;0;0;0;0;0;0
FR;6;2021-10-20;0;0;0;0;0;0;0;0;0;0
FR;6;2021-10-21;0;0;0;0;0;0;0;0;0;0
FR;6;2021-10-22;0;0;0;0;0;0;0;0;0;0
FR;6;2021-10-23;0;0;0;0;0;0;0;0;0;0
FR;6;2021-10-24;0;0;0;0;0;0;0;0;0;0
FR;6;2021-10-25;0;0;0;0;0;0;0;0;0;0
FR;6;2021-10-26;0;0;0;0;0;0;0;0;0;0
FR;6;2021-10-27;0;0;0;0;0;0;0;0;0;0
FR;6;2021-10-28;0;0;0;0;0;0;0;0;0;0
FR;6;2021-10-29;0;0;0;0;0;0;0;0;0;0
FR;6;2021-10-30;0;0;0;0;0;0;0;0;0;0
FR;6;2021-10-31;0;0;0;0;0;0;0;0;0;0
FR;6;2021-11-01;0;0;0;0;0;0;0;0;0;0
FR;6;2021-11-02;0;0;0;0;0;0;0;0;0;0
FR;6;2021-11-03;0;0;0;0;0;0;0;0;0;0
FR;6;2021-11-04;0;0;0;0;0;0;0;0;0;0
FR;6;2021-11-05;0;0;0;0;0;0;0;0;0;0
FR;6;2021-11-06;0;0;0;0;0;0;0;0;0;0
FR;6;2021-11-07;0;0;0;0;0;0;0;0;0;0
FR;6;2021-11-08;0;0;0;0;0;0;0;0;0;0
FR;6;2021-11-09;0;0;0;0;0;0;0;0;0;0
FR;6;2021-11-10;0;0;0;0;0;0;0;0;0;0
FR;6;2021-11-11;0;0;0;0;0;0;0;0;0;0
FR;6;2021-11-12;0;0;0;0;0;0;0;0;0;0
FR;6;2021-11-13;0;0;0;0;0;0;0;0;0;0
FR;6;2021-11-14;0;0;0;0;0;0;0;0;0;0
FR;6;2021-11-15;0;0;0;0;0;0;0;0;0;0
FR;6;2021-11-16;0;0;0;0;0;0;0;0;0;0
FR;6;2021-11-17;0;0;0;0;0;0;0;0;0;0
FR;6;2021-11-18;0;0;0;0;0;0;0;0;0;0
FR;6;2021-11-19;0;0;0;0;0;0;0;0;0;0
FR;6;2021-11-20;0;0;0;0;0;0;0;0;0;0
FR;6;2021-11-21;0;0;0;0;0;0;0;0;0;0
FR;6;2021-11-22;0;0;0;0;0;0;0;0;0;0
FR;6;2021-11-23;0;0;0;0;0;0;0;0;0;0
FR;6;2021-11-24;0;0;0;0;0;0;0;0;0;0
FR;6;2021-11-25;0;0;0;0;0;0;0;0;0;0
FR;6;2021-11-26;0;0;0;0;0;0;0;0;0;0
FR;6;2021-11-27;0;0;0;0;0;0;0;0;0;0
FR;6;2021-11-28;0;0;0;0;0;0;0;0;0;0
FR;6;2021-11-29;0;0;0;0;0;0;0;0;0;0
FR;6;2021-11-30;0;0;0;0;0;0;0;0;0;0
FR;6;2021-12-01;0;0;0;0;0;0;0;0;0;0
FR;6;2021-12-02;0;0;0;0;0;0;0;0;0;0
FR;6;2021-12-03;0;0;0;0;0;0;0;0;0;0
FR;6;2021-12-04;0;0;0;0;0;0;0;0;0;0
FR;6;2021-12-05;0;0;0;0;0;0;0;0;0;0
FR;6;2021-12-06;0;0;0;0;0;0;0;0;0;0
FR;6;2021-12-07;0;0;0;0;0;0;0;0;0;0
FR;6;2021-12-08;0;0;0;0;0;0;0;0;0;0
FR;6;2021-12-09;0;0;0;0;0;0;0;0;0;0
FR;6;2021-12-10;0;0;0;0;0;0;0;0;0;0
FR;6;2021-12-11;0;0;0;0;0;0;0;0;0;0
FR;6;2021-12-12;0;0;0;0;0;0;0;0;0;0
FR;6;2021-12-13;0;0;0;0;0;0;0;0;0;0
FR;6;2021-12-14;0;0;0;0;0;0;0;0;0;0
FR;6;2021-12-15;0;0;0;0;0;0;0;0;0;0
FR;6;2021-12-16;0;0;0;0;0;0;0;0;0;0
FR;6;2021-12-17;0;0;0;0;0;0;0;0;0;0
FR;6;2021-12-18;0;0;0;0;0;0;0;0;0;0
FR;6;2021-12-19;0;0;0;0;0;0;0;0;0;0
FR;6;2021-12-20;0;0;0;0;0;0;0;0;0;0
FR;6;2021-12-21;0;0;0;0;0;0;0;0;0;0
FR;6;2021-12-22;0;0;0;0;0;0;0;0;0;0
FR;6;2021-12-23;0;0;0;0;0;0;0;0;0;0
FR;6;2021-12-24;0;0;0;0;0;0;0;0;0;0
FR;6;2021-12-25;0;0;0;0;0;0;0;0;0;0
FR;6;2021-12-26;0;0;0;0;0;0;0;0;0;0
FR;6;2021-12-27;0;0;0;0;0;0;0;0;0;0
FR;6;2021-12-28;0;0;0;0;0;0;0;0;0;0
FR;6;2021-12-29;0;0;0;0;0;0;0;0;0;0
FR;6;2021-12-30;0;0;0;0;0;0;0;0;0;0
FR;6;2021-12-31;0;0;0;0;0;0;0;0;0;0
FR;6;2022-01-01;0;0;0;0;0;0;0;0;0;0
FR;6;2022-01-02;0;0;0;0;0;0;0;0;0;0
FR;6;2022-01-03;0;0;0;0;0;0;0;0;0;0
FR;6;2022-01-04;0;0;0;0;0;0;0;0;0;0
FR;6;2022-01-05;0;0;0;0;0;0;0;0;0;0
FR;6;2022-01-06;0;0;0;0;0;0;0;0;0;0
FR;6;2022-01-07;0;0;0;0;0;0;0;0;0;0
FR;6;2022-01-08;0;0;0;0;0;0;0;0;0;0
FR;6;2022-01-09;0;0;0;0;0;0;0;0;0;0
FR;6;2022-01-10;0;0;0;0;0;0;0;0;0;0
FR;6;2022-01-11;0;0;0;0;0;0;0;0;0;0
FR;6;2022-01-12;0;0;0;0;0;0;0;0;0;0
FR;6;2022-01-13;0;0;0;0;0;0;0;0;0;0
FR;6;2022-01-14;0;0;0;0;0;0;0;0;0;0
FR;6;2022-01-15;0;0;0;0;0;0;0;0;0;0
FR;6;2022-01-16;0;0;0;0;0;0;0;0;0;0
FR;6;2022-01-17;0;0;0;0;0;0;0;0;0;0
FR;6;2022-01-18;0;0;0;0;0;0;0;0;0;0
FR;6;2022-01-19;0;0;0;0;0;0;0;0;0;0
FR;6;2022-01-20;0;0;0;0;0;0;0;0;0;0
FR;6;2022-01-21;0;0;0;0;0;0;0;0;0;0
FR;6;2022-01-22;0;0;0;0;0;0;0;0;0;0
FR;6;2022-01-23;0;0;0;0;0;0;0;0;0;0
FR;6;2022-01-24;0;0;0;0;0;0;0;0;0;0
FR;6;2022-01-25;0;0;0;0;0;0;0;0;0;0
FR;6;2022-01-26;0;0;0;0;0;0;0;0;0;0
FR;6;2022-01-27;0;0;0;0;0;0;0;0;0;0
FR;6;2022-01-28;0;0;0;0;0;0;0;0;0;0
FR;6;2022-01-29;0;0;0;0;0;0;0;0;0;0
FR;6;2022-01-30;0;0;0;0;0;0;0;0;0;0
FR;6;2022-01-31;0;0;0;0;0;0;0;0;0;0
FR;6;2022-02-01;0;0;0;0;0;0;0;0;0;0
FR;6;2022-02-02;0;0;0;0;0;0;0;0;0;0
FR;6;2022-02-03;0;0;0;0;0;0;0;0;0;0
FR;6;2022-02-04;0;0;0;0;0;0;0;0;0;0
FR;6;2022-02-05;0;0;0;0;0;0;0;0;0;0
FR;6;2022-02-06;0;0;0;0;0;0;0;0;0;0
FR;6;2022-02-07;0;0;0;0;0;0;0;0;0;0
FR;6;2022-02-08;0;0;0;0;0;0;0;0;0;0
FR;6;2022-02-09;0;0;0;0;0;0;0;0;0;0
FR;6;2022-02-10;0;0;0;0;0;0;0;0;0;0
FR;6;2022-02-11;0;0;0;0;0;0;0;0;0;0
FR;6;2022-02-12;0;0;0;0;0;0;0;0;0;0
FR;6;2022-02-13;0;0;0;0;0;0;0;0;0;0
FR;6;2022-02-14;0;0;0;0;0;0;0;0;0;0
FR;6;2022-02-15;0;0;0;0;0;0;0;0;0;0
FR;6;2022-02-16;0;0;0;0;0;0;0;0;0;0
FR;6;2022-02-17;0;0;0;0;0;0;0;0;0;0
FR;6;2022-02-18;0;0;0;0;0;0;0;0;0;0
FR;6;2022-02-19;0;0;0;0;0;0;0;0;0;0
FR;6;2022-02-20;0;0;0;0;0;0;0;0;0;0
FR;6;2022-02-21;0;0;0;0;0;0;0;0;0;0
FR;6;2022-02-22;0;0;0;0;0;0;0;0;0;0
FR;6;2022-02-23;0;0;0;0;0;0;0;0;0;0
FR;6;2022-02-24;0;0;0;0;0;0;0;0;0;0
FR;6;2022-02-25;0;0;0;0;0;0;0;0;0;0
FR;6;2022-02-26;1;0;0;0;0;1;0;0;0;0
FR;6;2022-02-27;0;0;0;0;0;1;0;0;0;0
FR;6;2022-02-28;0;0;0;0;0;1;0;0;0;0
FR;6;2022-03-01;3;0;0;0;0;4;0;0;0;0
FR;6;2022-03-02;97;9;2;0;7;101;9;2;0;7
FR;6;2022-03-03;0;0;0;0;0;101;9;2;0;7
FR;6;2022-03-04;91;4;0;0;4;192;13;2;0;11
FR;6;2022-03-05;391;23;2;0;14;583;36;4;0;25
FR;6;2022-03-06;7;1;0;0;0;590;37;4;0;25
FR;6;2022-03-07;337;19;0;0;13;927;56;4;0;38
FR;6;2022-03-08;230;14;0;0;5;1157;70;4;0;43
FR;6;2022-03-09;519;29;2;0;21;1676;99;6;0;64
FR;6;2022-03-10;206;19;0;1;12;1882;118;6;1;76
FR;6;2022-03-11;328;21;6;0;21;2210;139;12;1;97
FR;6;2022-03-12;518;25;1;0;20;2728;164;13;1;117
FR;6;2022-03-13;40;2;0;0;1;2768;166;13;1;118
FR;6;2022-03-14;201;4;2;0;3;2969;170;15;1;121
FR;6;2022-03-15;112;11;2;0;9;3081;181;17;1;130
FR;6;2022-03-16;310;17;1;1;14;3391;198;18;2;144
FR;6;2022-03-17;117;6;1;2;4;3508;204;19;4;148
FR;6;2022-03-18;215;10;0;0;6;3723;214;19;4;154
FR;6;2022-03-19;307;19;2;0;9;4030;233;21;4;163
FR;6;2022-03-20;15;5;0;0;1;4045;238;21;4;164
FR;6;2022-03-21;132;23;1;0;4;4177;261;22;4;168
FR;6;2022-03-22;97;15;0;0;4;4274;276;22;4;172
FR;6;2022-03-23;226;108;3;0;14;4500;384;25;4;186
FR;6;2022-03-24;100;15;1;3;4;4600;399;26;7;190
FR;6;2022-03-25;203;141;2;1;15;4803;540;28;8;205
FR;6;2022-03-26;331;295;7;1;19;5134;835;35;9;224
FR;6;2022-03-27;32;30;1;0;1;5166;865;36;9;225
FR;6;2022-03-28;200;208;8;1;17;5366;1073;44;10;242
FR;6;2022-03-29;124;189;12;2;12;5490;1262;56;12;254
FR;6;2022-03-30;305;476;10;2;22;5795;1738;66;14;276
FR;6;2022-03-31;123;140;10;0;14;5918;1878;76;14;290
FR;6;2022-04-01;195;150;11;2;23;6113;2028;87;16;313
FR;6;2022-04-02;206;241;9;1;13;6319;2269;96;17;326
FR;6;2022-04-03;17;21;0;0;1;6336;2290;96;17;327
FR;6;2022-04-04;137;114;6;1;9;6473;2404;102;18;336
FR;6;2022-04-05;146;88;15;1;11;6619;2492;117;19;347
FR;6;2022-04-06;204;245;22;26;27;6823;2737;139;45;374
FR;6;2022-04-07;127;96;15;9;17;6950;2833;154;54;391
FR;6;2022-04-08;199;170;16;3;17;7149;3003;170;57;408
FR;6;2022-04-09;145;139;6;12;13;7294;3142;176;69;421
FR;6;2022-04-10;10;20;3;0;1;7304;3162;179;69;422
FR;6;2022-04-11;101;106;4;0;5;7405;3268;183;69;427
FR;6;2022-04-12;136;75;5;8;10;7541;3343;188;77;437
FR;6;2022-04-13;162;175;7;5;13;7703;3518;195;82;450
FR;6;2022-04-14;100;103;5;10;8;7803;3621;200;92;458
FR;6;2022-04-15;158;148;11;7;19;7961;3769;211;99;477
FR;6;2022-04-16;127;132;5;0;14;8088;3901;216;99;491
FR;6;2022-04-17;8;9;4;0;4;8096;3910;220;99;495
FR;6;2022-04-18;8;15;3;0;4;8104;3925;223;99;499
FR;6;2022-04-19;97;112;4;3;3;8201;4037;227;102;502
FR;6;2022-04-20;177;227;8;7;15;8378;4264;235;109;517
FR;6;2022-04-21;111;93;8;4;11;8489;4357;243;113;528
FR;6;2022-04-22;138;160;13;12;13;8627;4517;256;125;541
FR;6;2022-04-23;106;129;1;1;7;8733;4646;257;126;548
FR;6;2022-04-24;5;21;1;0;0;8738;4667;258;126;548
FR;6;2022-04-25;91;128;3;8;11;8829;4795;261;134;559
FR;6;2022-04-26;101;128;18;2;16;8930;4923;279;136;575
FR;6;2022-04-27;197;159;21;1;27;9127;5082;300;137;602
FR;6;2022-04-28;109;87;7;1;8;9236;5169;307;138;610
FR;6;2022-04-29;191;169;16;2;20;9427;5338;323;140;630
FR;6;2022-04-30;133;125;7;1;24;9560;5463;330;141;654
FR;6;2022-05-01;7;6;0;0;0;9567;5469;330;141;654
FR;6;2022-05-02;94;66;3;4;3;9661;5535;333;145;657
FR;6;2022-05-03;136;93;11;2;7;9797;5628;344;147;664
FR;6;2022-05-04;167;118;25;12;29;9964;5746;369;159;693
FR;6;2022-05-05;101;70;8;3;12;10065;5816;377;162;705
FR;6;2022-05-06;152;110;10;9;16;10217;5926;387;171;721
FR;6;2022-05-07;139;93;13;3;23;10356;6019;400;174;744
FR;6;2022-05-08;20;8;6;5;7;10376;6027;406;179;751
FR;6;2022-05-09;86;78;9;7;13;10462;6105;415;186;764
FR;6;2022-05-10;111;80;15;7;12;10573;6185;430;193;776
FR;6;2022-05-11;130;124;11;14;20;10703;6309;441;207;796
FR;6;2022-05-12;105;76;7;5;15;10808;6385;448;212;811
FR;6;2022-05-13;154;97;17;21;22;10962;6482;465;233;833
FR;6;2022-05-14;81;60;6;7;15;11043;6542;471;240;848
FR;6;2022-05-15;12;7;0;0;0;11055;6549;471;240;848
FR;6;2022-05-16;64;54;6;2;12;11119;6603;477;242;860
FR;6;2022-05-17;123;77;5;7;11;11242;6680;482;249;871
FR;6;2022-05-18;131;116;5;1;13;11373;6796;487;250;884
FR;6;2022-05-19;124;57;6;8;9;11497;6853;493;258;893
FR;6;2022-05-20;126;115;13;3;18;11623;6968;506;261;911
FR;6;2022-05-21;92;69;14;3;12;11715;7037;520;264;923
FR;6;2022-05-22;19;12;5;0;4;11734;7049;525;264;927
FR;6;2022-05-23;77;72;4;2;7;11811;7121;529;266;934
FR;6;2022-05-24;116;98;8;2;16;11927;7219;537;268;950
FR;6;2022-05-25;139;129;6;3;11;12066;7348;543;271;961
FR;6;2022-05-26;7;9;3;0;9;12073;7357;546;271;970
FR;6;2022-05-27;127;105;15;11;18;12200;7462;561;282;988
FR;6;2022-05-28;53;75;1;5;8;12253;7537;562;287;996
FR;6;2022-05-29;8;10;0;0;1;12261;7547;562;287;997
FR;6;2022-05-30;70;70;7;4;4;12331;7617;569;291;1001
FR;6;2022-05-31;87;102;10;2;14;12418;7719;579;293;1015
FR;6;2022-06-01;97;89;10;1;11;12515;7808;589;294;1026
FR;6;2022-06-02;91;60;6;3;9;12606;7868;595;297;1035
FR;6;2022-06-03;126;102;13;7;21;12732;7970;608;304;1056
FR;6;2022-06-04;63;51;10;0;12;12795;8021;618;304;1068
FR;6;2022-06-05;16;15;2;1;4;12811;8036;620;305;1072
FR;6;2022-06-06;9;6;0;0;0;12820;8042;620;305;1072
FR;6;2022-06-07;79;90;3;4;8;12899;8132;623;309;1080
FR;6;2022-06-08;92;110;13;5;20;12991;8242;636;314;1100
FR;6;2022-06-09;75;81;15;3;15;13066;8323;651;317;1115
FR;6;2022-06-10;116;93;26;10;22;13182;8416;677;327;1137
FR;6;2022-06-11;83;62;6;10;12;13265;8478;683;337;1149
FR;6;2022-06-12;6;14;1;0;2;13271;8492;684;337;1151
FR;6;2022-06-13;74;59;18;1;7;13345;8551;702;338;1158
FR;6;2022-06-14;98;100;8;5;16;13443;8651;710;343;1174
FR;6;2022-06-15;80;85;7;8;15;13523;8736;717;351;1189
FR;6;2022-06-16;53;40;11;7;14;13576;8776;728;358;1203
FR;6;2022-06-17;85;85;3;13;11;13661;8861;731;371;1214
FR;6;2022-06-18;71;61;13;0;21;13732;8922;744;371;1235
FR;6;2022-06-19;6;6;3;0;4;13738;8928;747;371;1239
FR;6;2022-06-20;42;41;4;1;6;13780;8969;751;372;1245
FR;6;2022-06-21;59;73;10;7;17;13839;9042;761;379;1262
FR;6;2022-06-22;86;85;8;2;17;13925;9127;769;381;1279
FR;6;2022-06-23;64;39;13;7;15;13989;9166;782;388;1294
FR;6;2022-06-24;77;85;7;14;20;14066;9251;789;402;1314
FR;6;2022-06-25;67;61;4;3;8;14133;9312;793;405;1322
FR;6;2022-06-26;6;7;1;0;1;14139;9319;794;405;1323
FR;6;2022-06-27;53;50;4;9;12;14192;9369;798;414;1335
FR;6;2022-06-28;68;47;6;3;15;14260;9416;804;417;1350
FR;6;2022-06-29;98;117;26;37;19;14358;9533;830;454;1369
FR;6;2022-06-30;84;59;33;10;12;14442;9592;863;464;1381
FR;6;2022-07-01;115;94;25;33;18;14557;9686;888;497;1399
FR;6;2022-07-02;57;67;26;2;37;14614;9753;914;499;1436
FR;6;2022-07-03;11;4;4;3;4;14625;9757;918;502;1440
FR;6;2022-07-04;61;43;3;23;13;14686;9800;921;525;1453
FR;6;2022-07-05;65;53;19;67;27;14751;9853;940;592;1480
FR;6;2022-07-06;94;64;7;11;12;14845;9917;947;603;1492
FR;6;2022-07-07;97;79;42;37;14;14942;9996;989;640;1506
FR;6;2022-07-08;138;87;42;27;10;15080;10083;1031;667;1516
FR;6;2022-07-09;53;50;16;29;26;15133;10133;1047;696;1542
FR;6;2022-07-10;3;7;8;0;9;15136;10140;1055;696;1551
FR;6;2022-07-11;54;44;5;4;12;15190;10184;1060;700;1563
FR;6;2022-07-12;70;72;12;22;12;15260;10256;1072;722;1575
FR;6;2022-07-13;84;65;14;21;25;15344;10321;1086;743;1600
FR;6;2022-07-14;4;3;1;0;1;15348;10324;1087;743;1601
FR;6;2022-07-15;74;59;9;57;16;15422;10383;1096;800;1617
FR;6;2022-07-16;27;31;17;0;17;15449;10414;1113;800;1634
FR;6;2022-07-17;3;7;0;0;0;15452;10421;1113;800;1634
FR;6;2022-07-18;37;62;11;14;15;15489;10483;1124;814;1649
FR;6;2022-07-19;54;48;4;19;6;15543;10531;1128;833;1655
FR;6;2022-07-20;53;70;7;22;11;15596;10601;1135;855;1666
FR;6;2022-07-21;49;60;4;7;11;15645;10661;1139;862;1677
FR;6;2022-07-22;55;73;7;26;8;15700;10734;1146;888;1685
FR;6;2022-07-23;38;40;6;10;6;15738;10774;1152;898;1691
FR;6;2022-07-24;11;14;1;3;3;15749;10788;1153;901;1694
FR;6;2022-07-25;60;44;8;12;9;15809;10832;1161;913;1703
FR;6;2022-07-26;47;64;14;6;10;15856;10896;1175;919;1713
FR;6;2022-07-27;54;78;15;11;17;15910;10974;1190;930;1730
FR;6;2022-07-28;30;48;4;6;8;15940;11022;1194;936;1738
FR;6;2022-07-29;43;71;10;38;24;15983;11093;1204;974;1762
FR;6;2022-07-30;26;47;4;15;7;16009;11140;1208;989;1769
FR;6;2022-07-31;0;1;1;0;0;16009;11141;1209;989;1769
FR;6;2022-08-01;38;36;14;8;10;16047;11177;1223;997;1779
FR;6;2022-08-02;37;46;10;14;6;16084;11223;1233;1011;1785
FR;6;2022-08-03;29;52;7;16;11;16113;11275;1240;1027;1796
FR;6;2022-08-04;25;21;4;9;6;16138;11296;1244;1036;1802
FR;6;2022-08-05;43;45;1;7;5;16181;11341;1245;1043;1807
FR;6;2022-08-06;17;27;1;3;2;16198;11368;1246;1046;1809
FR;6;2022-08-07;1;2;0;0;0;16199;11370;1246;1046;1809
FR;6;2022-08-08;24;33;1;0;1;16223;11403;1247;1046;1810
FR;6;2022-08-09;22;30;6;3;3;16245;11433;1253;1049;1813
FR;6;2022-08-10;28;37;5;9;6;16273;11470;1258;1058;1819
FR;6;2022-08-11;33;33;1;1;1;16306;11503;1259;1059;1820
FR;6;2022-08-12;50;44;6;2;15;16356;11547;1265;1061;1835
FR;6;2022-08-13;9;20;0;0;1;16365;11567;1265;1061;1836
FR;6;2022-08-14;3;1;0;0;0;16368;11568;1265;1061;1836
FR;6;2022-08-15;2;3;1;0;0;16370;11571;1266;1061;1836
FR;6;2022-08-16;35;66;21;7;7;16405;11637;1287;1068;1843
FR;6;2022-08-17;32;44;10;9;10;16437;11681;1297;1077;1853
FR;6;2022-08-18;28;54;14;4;4;16465;11735;1311;1081;1857
FR;6;2022-08-19;30;43;5;4;3;16495;11778;1316;1085;1860
FR;6;2022-08-20;26;28;3;0;8;16521;11806;1319;1085;1868
FR;6;2022-08-21;1;4;2;0;0;16522;11810;1321;1085;1868
FR;6;2022-08-22;19;42;15;1;0;16541;11852;1336;1086;1868
FR;6;2022-08-23;34;45;6;7;6;16575;11897;1342;1093;1874
FR;6;2022-08-24;34;29;6;3;6;16609;11926;1348;1096;1880
FR;0;2020-12-27;609;0;0;0;0;609;0;0;0;0
FR;0;2020-12-28;683;1;0;0;0;1292;1;0;0;0
FR;0;2020-12-29;384;0;0;0;0;1676;1;0;0;0
FR;0;2020-12-30;443;0;0;0;0;2119;1;0;0;0
FR;0;2020-12-31;440;1;0;0;0;2559;2;0;0;0
FR;0;2021-01-01;1156;2;0;0;0;3715;4;0;0;0
FR;0;2021-01-02;362;3;0;0;0;4077;7;0;0;0
FR;0;2021-01-03;404;0;0;0;0;4481;7;0;0;0
FR;0;2021-01-04;2106;4;0;0;0;6587;11;0;0;0
FR;0;2021-01-05;7750;3;0;0;0;14337;14;0;0;0
FR;0;2021-01-06;12454;16;0;0;0;26791;30;0;0;0
FR;0;2021-01-07;29461;16;0;0;0;56252;46;0;0;0
FR;0;2021-01-08;37143;17;0;0;0;93395;63;0;0;0
FR;0;2021-01-09;11212;7;0;0;0;104607;70;0;0;0
FR;0;2021-01-10;6006;7;0;0;0;110613;77;0;0;0
FR;0;2021-01-11;39934;21;0;0;0;150547;98;0;0;0
FR;0;2021-01-12;62141;19;0;0;0;212688;117;0;0;0
FR;0;2021-01-13;65119;42;0;0;0;277807;159;0;0;0
FR;0;2021-01-14;83117;146;0;0;0;360924;305;0;0;0
FR;0;2021-01-15;69007;57;0;0;0;429931;362;0;0;0
FR;0;2021-01-16;20217;72;0;0;0;450148;434;0;0;0
FR;0;2021-01-17;10986;51;0;0;0;461134;485;0;0;0
FR;0;2021-01-18;85901;170;0;0;0;547035;655;0;0;0
FR;0;2021-01-19;130598;187;0;0;0;677633;842;0;0;0
FR;0;2021-01-20;137546;188;0;0;0;815179;1030;0;0;0
FR;0;2021-01-21;158401;183;0;0;0;973580;1213;0;0;0
FR;0;2021-01-22;121062;234;0;0;0;1094642;1447;0;0;0
FR;0;2021-01-23;38480;70;0;0;0;1133122;1517;0;0;0
FR;0;2021-01-24;9745;99;0;0;0;1142867;1616;0;0;0
FR;0;2021-01-25;78237;1336;0;0;0;1221104;2952;0;0;0
FR;0;2021-01-26;100375;3482;1;0;0;1321479;6434;1;0;0
FR;0;2021-01-27;107242;6105;0;0;0;1428721;12539;1;0;0
FR;0;2021-01-28;124354;15559;0;0;0;1553075;28098;1;0;0
FR;0;2021-01-29;92184;18158;0;0;0;1645259;46256;1;0;0
FR;0;2021-01-30;29121;4403;0;0;0;1674380;50659;1;0;0
FR;0;2021-01-31;5233;1812;0;0;0;1679613;52471;1;0;0
FR;0;2021-02-01;53127;22018;0;0;0;1732740;74489;1;0;0
FR;0;2021-02-02;72307;36758;0;0;0;1805047;111247;1;0;0
FR;0;2021-02-03;72305;38944;0;0;0;1877352;150191;1;0;0
FR;0;2021-02-04;82076;53107;0;0;0;1959428;203298;1;0;0
FR;0;2021-02-05;68231;46733;0;0;0;2027659;250031;1;0;0
FR;0;2021-02-06;23040;11073;0;0;0;2050699;261104;1;0;0
FR;0;2021-02-07;5189;5599;0;0;0;2055888;266703;1;0;0
FR;0;2021-02-08;46837;47662;0;0;0;2102725;314365;1;0;0
FR;0;2021-02-09;66005;76111;0;0;0;2168730;390476;1;0;0
FR;0;2021-02-10;71016;80816;0;0;0;2239746;471292;1;0;0
FR;0;2021-02-11;87280;103194;0;0;0;2327026;574486;1;0;0
FR;0;2021-02-12;79319;75439;0;0;0;2406345;649925;1;0;0
FR;0;2021-02-13;22379;19566;0;0;0;2428724;669491;1;0;0
FR;0;2021-02-14;5076;7361;0;0;0;2433800;676852;1;0;0
FR;0;2021-02-15;38095;76803;0;0;0;2471895;753655;1;0;0
FR;0;2021-02-16;50398;100573;0;0;0;2522293;854228;1;0;0
FR;0;2021-02-17;50531;105700;20;0;0;2572824;959928;21;0;0
FR;0;2021-02-18;69787;121959;0;0;0;2642611;1081887;21;0;0
FR;0;2021-02-19;65068;91668;1;0;0;2707679;1173555;22;0;0
FR;0;2021-02-20;18588;28688;0;0;0;2726267;1202243;22;0;0
FR;0;2021-02-21;3319;6197;0;0;0;2729586;1208440;22;0;0
FR;0;2021-02-22;37496;73345;2;0;0;2767082;1281785;24;0;0
FR;0;2021-02-23;53780;85052;1;0;0;2820862;1366837;25;0;0
FR;0;2021-02-24;60017;82375;1;0;0;2880879;1449212;26;0;0
FR;0;2021-02-25;100579;91425;1;0;0;2981458;1540637;27;0;0
FR;0;2021-02-26;113469;70804;1;0;0;3094927;1611441;28;0;0
FR;0;2021-02-27;52101;22321;1;0;0;3147028;1633762;29;0;0
FR;0;2021-02-28;6198;4209;2;0;0;3153226;1637971;31;0;0
FR;0;2021-03-01;65885;53761;1;0;0;3219111;1691732;32;0;0
FR;0;2021-03-02;101377;66984;3;0;0;3320488;1758716;35;0;0
FR;0;2021-03-03;116521;65465;0;0;0;3437009;1824181;35;0;0
FR;0;2021-03-04;163624;71455;3;0;0;3600633;1895636;38;0;0
FR;0;2021-03-05;200928;62868;3;0;0;3801561;1958504;41;0;0
FR;0;2021-03-06;207958;17626;3;0;0;4009519;1976130;44;0;0
FR;0;2021-03-07;121276;4570;1;0;0;4130795;1980700;45;0;0
FR;0;2021-03-08;107147;50005;2;0;0;4237942;2030705;47;0;0
FR;0;2021-03-09;172452;56339;2;0;0;4410394;2087044;49;0;0
FR;0;2021-03-10;178992;57205;5;0;0;4589386;2144249;54;0;0
FR;0;2021-03-11;242896;63890;2;0;0;4832282;2208139;56;0;0
FR;0;2021-03-12;294818;53458;1;0;0;5127100;2261597;57;0;0
FR;0;2021-03-13;231404;15278;1;0;0;5358504;2276875;58;0;0
FR;0;2021-03-14;63352;3190;1;0;0;5421856;2280065;59;0;0
FR;0;2021-03-15;158657;31926;3;0;0;5580513;2311991;62;0;0
FR;0;2021-03-16;141566;39036;6;0;0;5722079;2351027;68;0;0
FR;0;2021-03-17;150486;37880;4;0;0;5872565;2388907;72;0;0
FR;0;2021-03-18;167837;44446;5;0;0;6040402;2433353;77;0;0
FR;0;2021-03-19;230003;36999;2;0;0;6270405;2470352;79;0;0
FR;0;2021-03-20;166683;11490;1;0;0;6437088;2481842;80;0;0
FR;0;2021-03-21;49942;2299;1;0;0;6487030;2484141;81;0;0
FR;0;2021-03-22;170047;33869;2;0;0;6657077;2518010;83;0;0
FR;0;2021-03-23;250384;42363;1;0;0;6907461;2560373;84;0;0
FR;0;2021-03-24;256902;43631;0;0;0;7164363;2604004;84;0;0
FR;0;2021-03-25;341807;45010;5;0;0;7506170;2649014;89;0;0
FR;0;2021-03-26;358801;41887;5;1;0;7864971;2690901;94;1;0
FR;0;2021-03-27;195257;16860;1;0;0;8060228;2707761;95;1;0
FR;0;2021-03-28;59340;4357;3;0;0;8119568;2712118;98;1;0
FR;0;2021-03-29;202973;53690;4;0;0;8322541;2765808;102;1;0
FR;0;2021-03-30;285474;69904;5;0;0;8608015;2835712;107;1;0
FR;0;2021-03-31;263035;73645;4;0;0;8871050;2909357;111;1;0
FR;0;2021-04-01;315480;91189;11;0;0;9186530;3000546;122;1;0
FR;0;2021-04-02;281331;93889;7;0;0;9467861;3094435;129;1;0
FR;0;2021-04-03;141074;62260;6;0;0;9608935;3156695;135;1;0
FR;0;2021-04-04;46529;18904;2;0;0;9655464;3175599;137;1;0
FR;0;2021-04-05;63338;10631;11;0;0;9718802;3186230;148;1;0
FR;0;2021-04-06;217211;111216;17;0;0;9936013;3297446;165;1;0
FR;0;2021-04-07;260250;115310;17;0;0;10196263;3412756;182;1;0
FR;0;2021-04-08;337833;122384;14;0;0;10534096;3535140;196;1;0
FR;0;2021-04-09;410151;116693;49;0;0;10944247;3651833;245;1;0
FR;0;2021-04-10;212619;82743;15;0;0;11156866;3734576;260;1;0
FR;0;2021-04-11;56143;34303;7;0;0;11213009;3768879;267;1;0
FR;0;2021-04-12;237069;115610;46;0;0;11450078;3884489;313;1;0
FR;0;2021-04-13;309484;144342;98;1;0;11759562;4028831;411;2;0
FR;0;2021-04-14;294523;139488;214;0;0;12054085;4168319;625;2;0
FR;0;2021-04-15;337101;149536;338;0;0;12391186;4317855;963;2;0
FR;0;2021-04-16;339281;146354;353;0;0;12730467;4464209;1316;2;0
FR;0;2021-04-17;188656;89963;109;0;0;12919123;4554172;1425;2;0
FR;0;2021-04-18;51619;35395;47;0;0;12970742;4589567;1472;2;0
FR;0;2021-04-19;205687;138190;456;0;0;13176429;4727757;1928;2;0
FR;0;2021-04-20;254415;171354;569;0;0;13430844;4899111;2497;2;0
FR;0;2021-04-21;253263;169477;835;0;0;13684107;5068588;3332;2;0
FR;0;2021-04-22;287559;189480;818;0;0;13971666;5258068;4150;2;0
FR;0;2021-04-23;297818;183885;747;0;0;14269484;5441953;4897;2;0
FR;0;2021-04-24;190445;111752;252;0;0;14459929;5553705;5149;2;0
FR;0;2021-04-25;69557;38794;51;0;0;14529486;5592499;5200;2;0
FR;0;2021-04-26;220949;157355;563;0;0;14750435;5749854;5763;2;0
FR;0;2021-04-27;284604;187614;940;0;0;15035039;5937468;6703;2;0
FR;0;2021-04-28;299499;183877;1426;1;1;15334538;6121345;8129;3;1
FR;0;2021-04-29;357126;197295;1277;0;0;15691664;6318640;9406;3;1
FR;0;2021-04-30;372207;185366;1121;1;0;16063871;6504006;10527;4;1
FR;0;2021-05-01;167637;52507;179;0;0;16231508;6556513;10706;4;1
FR;0;2021-05-02;91740;37784;83;0;0;16323248;6594297;10789;4;1
FR;0;2021-05-03;288910;167151;842;0;0;16612158;6761448;11631;4;1
FR;0;2021-05-04;315662;224922;1232;0;0;16927820;6986370;12863;4;1
FR;0;2021-05-05;327191;225589;1314;0;0;17255011;7211959;14177;4;1
FR;0;2021-05-06;379507;240215;1632;0;0;17634518;7452174;15809;4;1
FR;0;2021-05-07;372744;257939;1222;0;0;18007262;7710113;17031;4;1
FR;0;2021-05-08;222159;69469;299;0;0;18229421;7779582;17330;4;1
FR;0;2021-05-09;129699;45547;243;0;0;18359120;7825129;17573;4;1
FR;0;2021-05-10;313378;229179;1236;0;0;18672498;8054308;18809;4;1
FR;0;2021-05-11;403895;258009;1566;0;0;19076393;8312317;20375;4;1
FR;0;2021-05-12;434107;233435;1542;0;0;19510500;8545752;21917;4;1
FR;0;2021-05-13;338597;56691;432;0;0;19849097;8602443;22349;4;1
FR;0;2021-05-14;454123;167383;1126;0;0;20303220;8769826;23475;4;1
FR;0;2021-05-15;374968;94191;443;0;0;20678188;8864017;23918;4;1
FR;0;2021-05-16;202751;20705;168;0;0;20880939;8884722;24086;4;1
FR;0;2021-05-17;376112;148757;1553;0;0;21257051;9033479;25639;4;1
FR;0;2021-05-18;460131;153582;1989;0;0;21717182;9187061;27628;4;1
FR;0;2021-05-19;467393;143704;2462;0;0;22184575;9330765;30090;4;1
FR;0;2021-05-20;507517;160305;2338;0;0;22692092;9491070;32428;4;1
FR;0;2021-05-21;489661;174803;1995;0;0;23181753;9665873;34423;4;1
FR;0;2021-05-22;347186;80015;668;0;0;23528939;9745888;35091;4;1
FR;0;2021-05-23;161691;14272;246;0;0;23690630;9760160;35337;4;1
FR;0;2021-05-24;263188;33161;604;0;0;23953818;9793321;35941;4;1
FR;0;2021-05-25;400266;189935;2351;1;0;24354084;9983256;38292;5;1
FR;0;2021-05-26;413452;189701;2223;0;0;24767536;10172957;40515;5;1
FR;0;2021-05-27;449799;219335;2161;0;0;25217335;10392292;42676;5;1
FR;0;2021-05-28;429542;260237;1893;0;0;25646877;10652529;44569;5;1
FR;0;2021-05-29;298976;149915;585;0;0;25945853;10802444;45154;5;1
FR;0;2021-05-30;107142;32560;163;0;0;26052995;10835004;45317;5;1
FR;0;2021-05-31;358030;203320;1469;1;1;26411025;11038324;46786;6;2
FR;0;2021-06-01;431007;251375;1962;1;1;26842032;11289699;48748;7;3
FR;0;2021-06-02;420100;231549;1984;0;0;27262132;11521248;50732;7;3
FR;0;2021-06-03;465604;258108;1823;0;0;27727736;11779356;52555;7;3
FR;0;2021-06-04;456243;305270;1733;1;1;28183979;12084626;54288;8;4
FR;0;2021-06-05;304800;189229;652;0;0;28488779;12273855;54940;8;4
FR;0;2021-06-06;133302;49044;226;0;0;28622081;12322899;55166;8;4
FR;0;2021-06-07;339985;261705;1525;0;0;28962066;12584604;56691;8;4
FR;0;2021-06-08;393870;291059;1803;0;0;29355936;12875663;58494;8;4
FR;0;2021-06-09;384855;274722;1729;0;0;29740791;13150385;60223;8;4
FR;0;2021-06-10;404170;288231;1724;1;0;30144961;13438616;61947;9;4
FR;0;2021-06-11;386643;356814;1467;0;0;30531604;13795430;63414;9;4
FR;0;2021-06-12;283258;211079;494;0;0;30814862;14006509;63908;9;4
FR;0;2021-06-13;104883;73885;204;0;0;30919745;14080394;64112;9;4
FR;0;2021-06-14;240825;354731;1426;1;0;31160570;14435125;65538;10;4
FR;0;2021-06-15;308141;385059;1568;1;0;31468711;14820184;67106;11;4
FR;0;2021-06-16;313971;357490;1418;1;0;31782682;15177674;68524;12;4
FR;0;2021-06-17;317675;372773;1426;1;0;32100357;15550447;69950;13;4
FR;0;2021-06-18;321736;442581;1337;1;0;32422093;15993028;71287;14;4
FR;0;2021-06-19;224342;273877;449;0;0;32646435;16266905;71736;14;4
FR;0;2021-06-20;74426;102436;129;0;0;32720861;16369341;71865;14;4
FR;0;2021-06-21;195752;401736;1037;1;1;32916613;16771077;72902;15;5
FR;0;2021-06-22;223192;467449;1264;10;1;33139805;17238526;74166;25;6
FR;0;2021-06-23;234017;439997;1197;1;1;33373822;17678523;75363;26;7
FR;0;2021-06-24;241856;409560;1356;0;0;33615678;18088083;76719;26;7
FR;0;2021-06-25;227629;522667;1400;0;0;33843307;18610750;78119;26;7
FR;0;2021-06-26;153245;370811;587;1;0;33996552;18981561;78706;27;7
FR;0;2021-06-27;55896;156096;168;1;0;34052448;19137657;78874;28;7
FR;0;2021-06-28;154766;452728;1175;0;0;34207214;19590385;80049;28;7
FR;0;2021-06-29;182689;507243;2124;0;0;34389903;20097628;82173;28;7
FR;0;2021-06-30;204000;485084;2014;21;2;34593903;20582712;84187;49;9
FR;0;2021-07-01;231325;458128;2223;5;1;34825228;21040840;86410;54;10
FR;0;2021-07-02;228679;520144;2120;5;2;35053907;21560984;88530;59;12
FR;0;2021-07-03;142035;368730;908;3;1;35195942;21929714;89438;62;13
FR;0;2021-07-04;56740;141099;265;0;0;35252682;22070813;89703;62;13
FR;0;2021-07-05;168501;419005;1668;8;2;35421183;22489818;91371;70;15
FR;0;2021-07-06;196760;474649;1829;45;8;35617943;22964467;93200;115;23
FR;0;2021-07-07;213163;439146;1878;25;4;35831106;23403613;95078;140;27
FR;0;2021-07-08;231629;424201;2089;20;6;36062735;23827814;97167;160;33
FR;0;2021-07-09;228595;511001;2184;4;2;36291330;24338815;99351;164;35
FR;0;2021-07-10;148611;339917;983;1;1;36439941;24678732;100334;165;36
FR;0;2021-07-11;60192;110120;283;0;0;36500133;24788852;100617;165;36
FR;0;2021-07-12;169355;478026;1761;4;0;36669488;25266878;102378;169;36
FR;0;2021-07-13;287253;527081;2045;8;1;36956741;25793959;104423;177;37
FR;0;2021-07-14;181075;157526;435;0;0;37137816;25951485;104858;177;37
FR;0;2021-07-15;347083;502112;2099;1;0;37484899;26453597;106957;178;37
FR;0;2021-07-16;380083;495520;2023;3;1;37864982;26949117;108980;181;38
FR;0;2021-07-17;259718;319724;876;1;0;38124700;27268841;109856;182;38
FR;0;2021-07-18;109708;114650;310;0;0;38234408;27383491;110166;182;38
FR;0;2021-07-19;285462;424488;1629;3;0;38519870;27807979;111795;185;38
FR;0;2021-07-20;376901;451891;1723;0;0;38896771;28259870;113518;185;38
FR;0;2021-07-21;395770;407406;1549;4;2;39292541;28667276;115067;189;40
FR;0;2021-07-22;441032;387744;1715;4;2;39733573;29055020;116782;193;42
FR;0;2021-07-23;440308;422641;1882;4;1;40173881;29477661;118664;197;43
FR;0;2021-07-24;285243;269423;804;1;0;40459124;29747084;119468;198;43
FR;0;2021-07-25;121111;79966;234;0;0;40580235;29827050;119702;198;43
FR;0;2021-07-26;347418;322689;1614;3;2;40927653;30149739;121316;201;45
FR;0;2021-07-27;464052;319752;1697;4;2;41391705;30469491;123013;205;47
FR;0;2021-07-28;459426;289641;1635;4;2;41851131;30759132;124648;209;49
FR;0;2021-07-29;489812;276540;1796;2;0;42340943;31035672;126444;211;49
FR;0;2021-07-30;461812;302622;1941;5;1;42802755;31338294;128385;216;50
FR;0;2021-07-31;285393;185077;914;1;0;43088148;31523371;129299;217;50
FR;0;2021-08-01;112006;49948;253;0;0;43200154;31573319;129552;217;50
FR;0;2021-08-02;341522;234319;1602;2;0;43541676;31807638;131154;219;50
FR;0;2021-08-03;398590;244735;1727;2;1;43940266;32052373;132881;221;51
FR;0;2021-08-04;384828;209831;1593;6;3;44325094;32262204;134474;227;54
FR;0;2021-08-05;366151;228627;1710;0;0;44691245;32490831;136184;227;54
FR;0;2021-08-06;359717;271487;1835;4;1;45050962;32762318;138019;231;55
FR;0;2021-08-07;213110;178360;755;4;3;45264072;32940678;138774;235;58
FR;0;2021-08-08;74191;63213;275;0;0;45338263;33003891;139049;235;58
FR;0;2021-08-09;258740;259080;1547;4;3;45597003;33262971;140596;239;61
FR;0;2021-08-10;306825;277517;1659;2;1;45903828;33540488;142255;241;62
FR;0;2021-08-11;279720;259903;1441;5;1;46183548;33800391;143696;246;63
FR;0;2021-08-12;271536;278337;1662;3;1;46455084;34078728;145358;249;64
FR;0;2021-08-13;252141;278090;1592;3;2;46707225;34356818;146950;252;66
FR;0;2021-08-14;145330;197193;740;0;0;46852555;34554011;147690;252;66
FR;0;2021-08-15;39369;50117;217;1;0;46891924;34604128;147907;253;66
FR;0;2021-08-16;186172;317822;1540;0;0;47078096;34921950;149447;253;66
FR;0;2021-08-17;215672;336162;1636;7;1;47293768;35258112;151083;260;67
FR;0;2021-08-18;199041;324587;1597;7;4;47492809;35582699;152680;267;71
FR;0;2021-08-19;192019;325570;1639;1;0;47684828;35908269;154319;268;71
FR;0;2021-08-20;186451;366341;1818;3;2;47871279;36274610;156137;271;73
FR;0;2021-08-21;104790;238132;705;0;0;47976069;36512742;156842;271;73
FR;0;2021-08-22;31923;87212;255;1;1;48007992;36599954;157097;272;74
FR;0;2021-08-23;140980;357155;1561;3;1;48148972;36957109;158658;275;75
FR;0;2021-08-24;162474;376815;1848;5;1;48311446;37333924;160506;280;76
FR;0;2021-08-25;151110;350843;2033;8;2;48462556;37684767;162539;288;78
FR;0;2021-08-26;142828;342812;2559;10;0;48605384;38027579;165098;298;78
FR;0;2021-08-27;148418;388292;2790;11;3;48753802;38415871;167888;309;81
FR;0;2021-08-28;90647;249589;1405;0;0;48844449;38665460;169293;309;81
FR;0;2021-08-29;27312;83351;518;1;0;48871761;38748811;169811;310;81
FR;0;2021-08-30;117382;324778;4712;6;5967;48989143;39073589;174523;316;6048
FR;0;2021-08-31;128753;334547;10186;19;11823;49117896;39408136;184709;335;17871
FR;0;2021-09-01;136016;285707;22428;7;24379;49253912;39693843;207137;342;42250
FR;0;2021-09-02;114480;247273;26513;20;28947;49368392;39941116;233650;362;71197
FR;0;2021-09-03;118276;292706;29963;24;33039;49486668;40233822;263613;386;104236
FR;0;2021-09-04;89876;217776;12585;12;14112;49576544;40451598;276198;398;118348
FR;0;2021-09-05;21353;44834;4395;2;4722;49597897;40496432;280593;400;123070
FR;0;2021-09-06;75396;180670;31951;16;34298;49673293;40677102;312544;416;157368
FR;0;2021-09-07;80279;181259;33242;43;36233;49753572;40858361;345786;459;193601
FR;0;2021-09-08;90965;206124;29661;28;32518;49844537;41064485;375447;487;226119
FR;0;2021-09-09;76900;165392;33062;27;36613;49921437;41229877;408509;514;262732
FR;0;2021-09-10;95989;203783;35736;28;40649;50017426;41433660;444245;542;303381
FR;0;2021-09-11;67155;169294;12138;19;14375;50084581;41602954;456383;561;317756
FR;0;2021-09-12;12822;32103;2775;1;3175;50097403;41635057;459158;562;320931
FR;0;2021-09-13;64526;126252;41224;35;44156;50161929;41761309;500382;597;365087
FR;0;2021-09-14;73445;129088;56362;79;62247;50235374;41890397;556744;676;427334
FR;0;2021-09-15;76579;167841;55657;58;54825;50311953;42058238;612401;734;482159
FR;0;2021-09-16;63836;114546;60075;82;60081;50375789;42172784;672476;816;542240
FR;0;2021-09-17;75045;156830;53850;71;57281;50450834;42329614;726326;887;599521
FR;0;2021-09-18;48215;139632;15601;25;17312;50499049;42469246;741927;912;616833
FR;0;2021-09-19;7881;23691;2436;1;2615;50506930;42492937;744363;913;619448
FR;0;2021-09-20;44519;93850;50076;72;50325;50551449;42586787;794439;985;669773
FR;0;2021-09-21;45868;98448;62758;75;63437;50597317;42685235;857197;1060;733210
FR;0;2021-09-22;48654;142388;55368;82;55415;50645971;42827623;912565;1142;788625
FR;0;2021-09-23;43242;92090;62386;94;63550;50689213;42919713;974951;1236;852175
FR;0;2021-09-24;52278;133330;54546;107;59171;50741491;43053043;1029497;1343;911346
FR;0;2021-09-25;35213;115617;16272;36;18293;50776704;43168660;1045769;1379;929639
FR;0;2021-09-26;5544;17802;2268;5;2327;50782248;43186462;1048037;1384;931966
FR;0;2021-09-27;33957;76954;47194;97;48158;50816205;43263416;1095231;1481;980124
FR;0;2021-09-28;36485;75275;54963;89;56528;50852690;43338691;1150194;1570;1036652
FR;0;2021-09-29;44383;100821;53345;112;54857;50897073;43439512;1203539;1682;1091509
FR;0;2021-09-30;36312;72947;57033;96;59560;50933385;43512459;1260572;1778;1151069
FR;0;2021-10-01;61688;102694;57804;108;63931;50995073;43615153;1318376;1886;1215000
FR;0;2021-10-02;39453;78429;20960;39;23347;51034526;43693582;1339336;1925;1238347
FR;0;2021-10-03;5284;10498;2531;4;2539;51039810;43704080;1341867;1929;1240886
FR;0;2021-10-04;35130;58526;52617;84;54821;51074940;43762606;1394484;2013;1295707
FR;0;2021-10-05;33859;64355;61001;135;65022;51108799;43826961;1455485;2148;1360729
FR;0;2021-10-06;42686;79319;65740;113;68310;51151485;43906280;1521225;2261;1429039
FR;0;2021-10-07;30516;62254;65422;90;68819;51182001;43968534;1586647;2351;1497858
FR;0;2021-10-08;49442;91903;77746;110;84706;51231443;44060437;1664393;2461;1582564
FR;0;2021-10-09;33649;60947;31542;35;33919;51265092;44121384;1695935;2496;1616483
FR;0;2021-10-10;4703;7442;3193;9;3482;51269795;44128826;1699128;2505;1619965
FR;0;2021-10-11;30688;49943;61038;105;64090;51300483;44178769;1760166;2610;1684055
FR;0;2021-10-12;31591;54485;70607;140;75952;51332074;44233254;1830773;2750;1760007
FR;0;2021-10-13;40097;62837;74428;136;79331;51372171;44296091;1905201;2886;1839338
FR;0;2021-10-14;30307;52894;68756;116;73814;51402478;44348985;1973957;3002;1913152
FR;0;2021-10-15;44891;75297;93235;191;102984;51447369;44424282;2067192;3193;2016136
FR;0;2021-10-16;31298;44125;36691;44;39633;51478667;44468407;2103883;3237;2055769
FR;0;2021-10-17;3840;5243;3594;2;3680;51482507;44473650;2107477;3239;2059449
FR;0;2021-10-18;28952;42408;67493;133;71357;51511459;44516058;2174970;3372;2130806
FR;0;2021-10-19;27150;45607;76400;140;81622;51538609;44561665;2251370;3512;2212428
FR;0;2021-10-20;35292;52466;96936;181;101525;51573901;44614131;2348306;3693;2313953
FR;0;2021-10-21;26124;45199;83960;112;89143;51600025;44659330;2432266;3805;2403096
FR;0;2021-10-22;38410;62511;104894;200;112585;51638435;44721841;2537160;4005;2515681
FR;0;2021-10-23;27002;41227;45456;57;48626;51665437;44763068;2582616;4062;2564307
FR;0;2021-10-24;2919;4775;3681;6;3928;51668356;44767843;2586297;4068;2568235
FR;0;2021-10-25;26005;36280;82329;144;86638;51694361;44804123;2668626;4212;2654873
FR;0;2021-10-26;23728;35055;87242;166;92356;51718089;44839178;2755868;4378;2747229
FR;0;2021-10-27;30076;46390;109000;257;114693;51748165;44885568;2864868;4635;2861922
FR;0;2021-10-28;23580;34971;88702;153;94473;51771745;44920539;2953570;4788;2956395
FR;0;2021-10-29;31564;51485;117317;204;125342;51803309;44972024;3070887;4992;3081737
FR;0;2021-10-30;20552;33229;50347;76;53391;51823861;45005253;3121234;5068;3135128
FR;0;2021-10-31;2488;3738;3589;3;3878;51826349;45008991;3124823;5071;3139006
FR;0;2021-11-01;8419;4869;3210;3;3573;51834768;45013860;3128033;5074;3142579
FR;0;2021-11-02;26168;40131;93580;156;99587;51860936;45053991;3221613;5230;3242166
FR;0;2021-11-03;30068;47977;118886;218;125842;51891004;45101968;3340499;5448;3368008
FR;0;2021-11-04;23777;37524;107563;217;114416;51914781;45139492;3448062;5665;3482424
FR;0;2021-11-05;32366;52993;141640;235;151376;51947147;45192485;3589702;5900;3633800
FR;0;2021-11-06;21520;34578;64883;123;68299;51968667;45227063;3654585;6023;3702099
FR;0;2021-11-07;2399;4185;5195;6;5592;51971066;45231248;3659780;6029;3707691
FR;0;2021-11-08;20586;37807;127195;227;134306;51991652;45269055;3786975;6256;3841997
FR;0;2021-11-09;22399;44759;161685;339;172251;52014051;45313814;3948660;6595;4014248
FR;0;2021-11-10;31566;55071;187008;446;198810;52045617;45368885;4135668;7041;4213058
FR;0;2021-11-11;4686;6759;12965;28;13954;52050303;45375644;4148633;7069;4227012
FR;0;2021-11-12;29069;55163;183774;252;197376;52079372;45430807;4332407;7321;4424388
FR;0;2021-11-13;20345;32666;80697;118;86323;52099717;45463473;4413104;7439;4510711
FR;0;2021-11-14;2352;3890;7173;6;7854;52102069;45467363;4420277;7445;4518565
FR;0;2021-11-15;20476;38698;160854;313;171576;52122545;45506061;4581131;7758;4690141
FR;0;2021-11-16;23632;43984;200415;392;215023;52146177;45550045;4781546;8150;4905164
FR;0;2021-11-17;30496;50384;199845;406;212882;52176673;45600429;4981391;8556;5118046
FR;0;2021-11-18;23428;45543;191670;469;205571;52200101;45645972;5173061;9025;5323617
FR;0;2021-11-19;33667;61461;243215;549;262211;52233768;45707433;5416276;9574;5585828
FR;0;2021-11-20;25397;36707;102154;206;109697;52259165;45744140;5518430;9780;5695525
FR;0;2021-11-21;2640;4513;9653;19;10632;52261805;45748653;5528083;9799;5706157
FR;0;2021-11-22;22797;33266;180379;470;194858;52284602;45781919;5708462;10269;5901015
FR;0;2021-11-23;25711;45642;229379;549;247847;52310313;45827561;5937841;10818;6148862
FR;0;2021-11-24;31796;53780;224806;715;243237;52342109;45881341;6162647;11533;6392099
FR;0;2021-11-25;25618;49209;255933;739;277780;52367727;45930550;6418580;12272;6669879
FR;0;2021-11-26;33246;74892;379485;865;414638;52400973;46005442;6798065;13137;7084517
FR;0;2021-11-27;23479;49713;214905;389;236681;52424452;46055155;7012970;13526;7321198
FR;0;2021-11-28;3509;10539;56755;66;63329;52427961;46065694;7069725;13592;7384527
FR;0;2021-11-29;19412;54189;341470;862;371714;52447373;46119883;7411195;14454;7756241
FR;0;2021-11-30;24774;72060;457388;988;500781;52472147;46191943;7868583;15442;8257022
FR;0;2021-12-01;27344;75854;469096;1159;511341;52499491;46267797;8337679;16601;8768363
FR;0;2021-12-02;22083;71866;527105;1280;574877;52521574;46339663;8864784;17881;9343240
FR;0;2021-12-03;25545;93096;596382;1420;651189;52547119;46432759;9461166;19301;9994429
FR;0;2021-12-04;18313;60543;336226;690;369788;52565432;46493302;9797392;19991;10364217
FR;0;2021-12-05;4153;16201;95782;157;107051;52569585;46509503;9893174;20148;10471268
FR;0;2021-12-06;28215;73028;493145;1173;539956;52597800;46582531;10386319;21321;11011224
FR;0;2021-12-07;23527;91544;645386;1773;706324;52621327;46674075;11031705;23094;11717548
FR;0;2021-12-08;25485;92309;591579;1874;647497;52646812;46766384;11623284;24968;12365045
FR;0;2021-12-09;24051;94254;663092;2180;726397;52670863;46860638;12286376;27148;13091442
FR;0;2021-12-10;28042;111222;736053;2075;806187;52698905;46971860;13022429;29223;13897629
FR;0;2021-12-11;20250;76245;435179;987;480402;52719155;47048105;13457608;30210;14378031
FR;0;2021-12-12;5643;23232;142304;262;159221;52724798;47071337;13599912;30472;14537252
FR;0;2021-12-13;21347;91154;587642;1699;649299;52746145;47162491;14187554;32171;15186551
FR;0;2021-12-14;27937;118634;765538;2654;847506;52774082;47281125;14953092;34825;16034057
FR;0;2021-12-15;28416;114520;694332;2265;769094;52802498;47395645;15647424;37090;16803151
FR;0;2021-12-16;28014;116005;764018;2557;844428;52830512;47511650;16411442;39647;17647579
FR;0;2021-12-17;31640;128752;807864;2709;892070;52862152;47640402;17219306;42356;18539649
FR;0;2021-12-18;24929;81708;469961;1178;522207;52887081;47722110;17689267;43534;19061856
FR;0;2021-12-19;8756;28732;169391;376;191105;52895837;47750842;17858658;43910;19252961
FR;0;2021-12-20;31744;97491;591478;1786;658743;52927581;47848333;18450136;45696;19911704
FR;0;2021-12-21;39453;112271;682405;2391;759566;52967034;47960604;19132541;48087;20671270
FR;0;2021-12-22;39547;99572;575755;2168;642151;53006581;48060176;19708296;50255;21313421
FR;0;2021-12-23;33770;79703;440991;1655;494397;53040351;48139879;20149287;51910;21807818
FR;0;2021-12-24;10690;26148;111020;398;126673;53051041;48166027;20260307;52308;21934491
FR;0;2021-12-25;774;3573;7587;25;9031;53051815;48169600;20267894;52333;21943522
FR;0;2021-12-26;4695;11901;52095;142;60147;53056510;48181501;20319989;52475;22003669
FR;0;2021-12-27;30449;84094;453547;1364;509164;53086959;48265595;20773536;53839;22512833
FR;0;2021-12-28;38360;99085;564153;1769;632264;53125319;48364680;21337689;55608;23145097
FR;0;2021-12-29;39864;88454;501186;1687;560997;53165183;48453134;21838875;57295;23706094
FR;0;2021-12-30;35915;75284;421019;1520;471147;53201098;48528418;22259894;58815;24177241
FR;0;2021-12-31;12044;25171;116871;405;131667;53213142;48553589;22376765;59220;24308908
FR;0;2022-01-01;1474;3210;8512;37;9941;53214616;48556799;22385277;59257;24318849
FR;0;2022-01-02;6093;12995;58415;125;66943;53220709;48569794;22443692;59382;24385792
FR;0;2022-01-03;36125;90327;494809;1593;551690;53256834;48660121;22938501;60975;24937482
FR;0;2022-01-04;41797;111144;641363;2307;714367;53298631;48771265;23579864;63282;25651849
FR;0;2022-01-05;60880;103718;569147;1981;634172;53359511;48874983;24149011;65263;26286021
FR;0;2022-01-06;44226;110452;638959;2696;711435;53403737;48985435;24787970;67959;26997456
FR;0;2022-01-07;50804;123426;710984;2809;790481;53454541;49108861;25498954;70768;27787937
FR;0;2022-01-08;45001;80338;423800;1213;472882;53499542;49189199;25922754;71981;28260819
FR;0;2022-01-09;15597;26646;128562;300;145681;53515139;49215845;26051316;72281;28406500
FR;0;2022-01-10;35321;93481;469286;1811;522728;53550460;49309326;26520602;74092;28929228
FR;0;2022-01-11;41888;100600;548219;2306;608480;53592348;49409926;27068821;76398;29537708
FR;0;2022-01-12;60335;95781;452657;1967;504327;53652683;49505707;27521478;78365;30042035
FR;0;2022-01-13;38201;92600;487329;2084;541028;53690884;49598307;28008807;80449;30583063
FR;0;2022-01-14;42556;103418;568576;2286;628989;53733440;49701725;28577383;82735;31212052
FR;0;2022-01-15;39385;65873;340125;985;377559;53772825;49767598;28917508;83720;31589611
FR;0;2022-01-16;11396;19230;87417;216;99424;53784221;49786828;29004925;83936;31689035
FR;0;2022-01-17;24710;60111;320269;1381;354170;53808931;49846939;29325194;85317;32043205
FR;0;2022-01-18;28293;68719;361059;1802;397539;53837224;49915658;29686253;87119;32440744
FR;0;2022-01-19;43194;67113;281269;1450;311073;53880418;49982771;29967522;88569;32751817
FR;0;2022-01-20;23594;59654;298986;1739;328488;53904012;50042425;30266508;90308;33080305
FR;0;2022-01-21;28181;68902;366350;2086;401175;53932193;50111327;30632858;92394;33481480
FR;0;2022-01-22;27617;48004;218784;839;241765;53959810;50159331;30851642;93233;33723245
FR;0;2022-01-23;6709;12988;48672;173;55173;53966519;50172319;30900314;93406;33778418
FR;0;2022-01-24;16260;47519;217289;1139;239332;53982779;50219838;31117603;94545;34017750
FR;0;2022-01-25;19013;54431;243022;1547;267060;54001792;50274269;31360625;96092;34284810
FR;0;2022-01-26;28144;60477;209268;1297;229451;54029936;50334746;31569893;97389;34514261
FR;0;2022-01-27;16322;46326;207637;1274;225931;54046258;50381072;31777530;98663;34740192
FR;0;2022-01-28;21570;77882;290039;1574;321409;54067828;50458954;32067569;100237;35061601
FR;0;2022-01-29;18414;52826;184119;688;204571;54086242;50511780;32251688;100925;35266172
FR;0;2022-01-30;4470;14503;39140;124;45094;54090712;50526283;32290828;101049;35311266
FR;0;2022-01-31;11253;43960;148195;740;164791;54101965;50570243;32439023;101789;35476057
FR;0;2022-02-01;13450;48364;174101;1142;191398;54115415;50618607;32613124;102931;35667455
FR;0;2022-02-02;20421;66336;171512;1034;190129;54135836;50684943;32784636;103965;35857584
FR;0;2022-02-03;11439;44728;157542;989;173322;54147275;50729671;32942178;104954;36030906
FR;0;2022-02-04;14610;66521;239237;1265;264171;54161885;50796192;33181415;106219;36295077
FR;0;2022-02-05;12890;51476;153543;523;172335;54174775;50847668;33334958;106742;36467412
FR;0;2022-02-06;2718;12195;28886;101;33836;54177493;50859863;33363844;106843;36501248
FR;0;2022-02-07;9531;46721;156859;589;176319;54187024;50906584;33520703;107432;36677567
FR;0;2022-02-08;9751;43045;166617;867;184406;54196775;50949629;33687320;108299;36861973
FR;0;2022-02-09;14323;58210;172333;870;193036;54211098;51007839;33859653;109169;37055009
FR;0;2022-02-10;8668;38947;150215;878;166687;54219766;51046786;34009868;110047;37221696
FR;0;2022-02-11;10852;55634;218484;1100;243072;54230618;51102420;34228352;111147;37464768
FR;0;2022-02-12;8377;40936;134715;461;151740;54238995;51143356;34363067;111608;37616508
FR;0;2022-02-13;1898;8595;26558;85;30917;54240893;51151951;34389625;111693;37647425
FR;0;2022-02-14;6975;35224;148357;482;166353;54247868;51187175;34537982;112175;37813778
FR;0;2022-02-15;7013;36178;146961;751;162545;54254881;51223353;34684943;112926;37976323
FR;0;2022-02-16;9383;42940;132524;720;146742;54264264;51266293;34817467;113646;38123065
FR;0;2022-02-17;5570;24279;87285;585;94852;54269834;51290572;34904752;114231;38217917
FR;0;2022-02-18;6988;33539;119642;804;129306;54276822;51324111;35024394;115035;38347223
FR;0;2022-02-19;5366;24541;70020;370;77331;54282188;51348652;35094414;115405;38424554
FR;0;2022-02-20;1143;4648;12166;39;13944;54283331;51353300;35106580;115444;38438498
FR;0;2022-02-21;4087;17880;61941;351;67172;54287418;51371180;35168521;115795;38505670
FR;0;2022-02-22;4442;18633;60818;576;64453;54291860;51389813;35229339;116371;38570123
FR;0;2022-02-23;6574;27319;66489;591;71888;54298434;51417132;35295828;116962;38642011
FR;0;2022-02-24;3843;15453;50419;517;53241;54302277;51432585;35346247;117479;38695252
FR;0;2022-02-25;5276;23947;76340;803;80075;54307553;51456532;35422587;118282;38775327
FR;0;2022-02-26;3986;17761;47406;359;51473;54311539;51474293;35469993;118641;38826800
FR;0;2022-02-27;879;3002;8032;47;8943;54312418;51477295;35478025;118688;38835743
FR;0;2022-02-28;3121;12514;40469;358;42904;54315539;51489809;35518494;119046;38878647
FR;0;2022-03-01;3822;12536;44177;434;44840;54319361;51502345;35562671;119480;38923487
FR;0;2022-03-02;5274;17754;47120;445;49051;54324635;51520099;35609791;119925;38972538
FR;0;2022-03-03;2794;9294;29880;368;29999;54327429;51529393;35639671;120293;39002537
FR;0;2022-03-04;3218;12361;40290;665;39439;54330647;51541754;35679961;120958;39041976
FR;0;2022-03-05;3067;9261;24949;310;25110;54333714;51551015;35704910;121268;39067086
FR;0;2022-03-06;515;1394;3195;43;3438;54334229;51552409;35708105;121311;39070524
FR;0;2022-03-07;2268;5601;18419;315;17688;54336497;51558010;35726524;121626;39088212
FR;0;2022-03-08;2079;6053;19440;359;17909;54338576;51564063;35745964;121985;39106121
FR;0;2022-03-09;3539;10479;22178;405;21273;54342115;51574542;35768142;122390;39127394
FR;0;2022-03-10;1776;5578;16975;342;15801;54343891;51580120;35785117;122732;39143195
FR;0;2022-03-11;2402;7530;24489;539;22253;54346293;51587650;35809606;123271;39165448
FR;0;2022-03-12;2661;6770;17158;308;16512;54348954;51594420;35826764;123579;39181960
FR;0;2022-03-13;390;785;2320;147;2270;54349344;51595205;35829084;123726;39184230
FR;0;2022-03-14;1537;4257;14971;4408;13825;54350881;51599462;35844055;128134;39198055
FR;0;2022-03-15;1689;6063;16360;7551;14586;54352570;51605525;35860415;135685;39212641
FR;0;2022-03-16;2995;7304;19415;13135;18087;54355565;51612829;35879830;148820;39230728
FR;0;2022-03-17;1428;3958;13129;10842;11975;54356993;51616787;35892959;159662;39242703
FR;0;2022-03-18;2259;5738;19984;18286;18078;54359252;51622525;35912943;177948;39260781
FR;0;2022-03-19;2287;4800;13111;9400;12413;54361539;51627325;35926054;187348;39273194
FR;0;2022-03-20;298;730;1917;1073;1928;54361837;51628055;35927971;188421;39275122
FR;0;2022-03-21;1383;3204;12710;14937;11933;54363220;51631259;35940681;203358;39287055
FR;0;2022-03-22;1490;3725;13787;20527;12545;54364710;51634984;35954468;223885;39299600
FR;0;2022-03-23;2661;6233;17701;23149;17215;54367371;51641217;35972169;247034;39316815
FR;0;2022-03-24;1388;3139;11580;17590;10656;54368759;51644356;35983749;264624;39327471
FR;0;2022-03-25;2072;5124;18544;27751;16879;54370831;51649480;36002293;292375;39344350
FR;0;2022-03-26;2222;4409;12073;12676;11514;54373053;51653889;36014366;305051;39355864
FR;0;2022-03-27;359;687;1904;1480;1937;54373412;51654576;36016270;306531;39357801
FR;0;2022-03-28;1455;3064;11114;17485;10609;54374867;51657640;36027384;324016;39368410
FR;0;2022-03-29;1449;3262;12896;27555;12037;54376316;51660902;36040280;351571;39380447
FR;0;2022-03-30;2837;5446;15671;27365;15066;54379153;51666348;36055951;378936;39395513
FR;0;2022-03-31;1607;3539;12970;24963;12303;54380760;51669887;36068921;403899;39407816
FR;0;2022-04-01;2638;4568;20041;30852;18676;54383398;51674455;36088962;434751;39426492
FR;0;2022-04-02;1517;2624;9046;10109;8703;54384915;51677079;36098008;444860;39435195
FR;0;2022-04-03;287;504;1561;1167;1577;54385202;51677583;36099569;446027;39436772
FR;0;2022-04-04;1748;2832;12355;19081;11555;54386950;51680415;36111924;465108;39448327
FR;0;2022-04-05;1708;3076;14322;34042;13170;54388658;51683491;36126246;499150;39461497
FR;0;2022-04-06;2088;3844;13519;26459;12787;54390746;51687335;36139765;525609;39474284
FR;0;2022-04-07;1476;3057;13650;33726;12861;54392222;51690392;36153415;559335;39487145
FR;0;2022-04-08;2040;4196;19199;43852;17805;54394262;51694588;36172614;603187;39504950
FR;0;2022-04-09;1360;2664;9309;13555;8861;54395622;51697252;36181923;616742;39513811
FR;0;2022-04-10;284;592;1981;2010;2000;54395906;51697844;36183904;618752;39515811
FR;0;2022-04-11;1249;2582;11853;23837;11455;54397155;51700426;36195757;642589;39527266
FR;0;2022-04-12;1641;2972;13995;40826;13365;54398796;51703398;36209752;683415;39540631
FR;0;2022-04-13;1917;3624;13391;33050;13008;54400713;51707022;36223143;716465;39553639
FR;0;2022-04-14;1472;2864;13172;36241;13018;54402185;51709886;36236315;752706;39566657
FR;0;2022-04-15;1834;3413;15607;35481;14858;54404019;51713299;36251922;788187;39581515
FR;0;2022-04-16;1039;1814;6392;8530;6245;54405058;51715113;36258314;796717;39587760
FR;0;2022-04-17;190;321;991;1172;1030;54405248;51715434;36259305;797889;39588790
FR;0;2022-04-18;176;521;2763;1068;2781;54405424;51715955;36262068;798957;39591571
FR;0;2022-04-19;1512;2992;12899;29597;12460;54406936;51718947;36274967;828554;39604031
FR;0;2022-04-20;1969;3430;13283;28979;12959;54408905;51722377;36288250;857533;39616990
FR;0;2022-04-21;1489;2830;12518;35040;12548;54410394;51725207;36300768;892573;39629538
FR;0;2022-04-22;1849;3582;16452;37561;15817;54412243;51728789;36317220;930134;39645355
FR;0;2022-04-23;1139;2046;7380;10652;7231;54413382;51730835;36324600;940786;39652586
FR;0;2022-04-24;249;448;1475;1588;1410;54413631;51731283;36326075;942374;39653996
FR;0;2022-04-25;1285;2511;10676;20983;10478;54414916;51733794;36336751;963357;39664474
FR;0;2022-04-26;1587;2976;13644;38534;13095;54416503;51736770;36350395;1001891;39677569
FR;0;2022-04-27;1929;3045;11523;30940;11580;54418432;51739815;36361918;1032831;39689149
FR;0;2022-04-28;1546;2723;12513;36068;12251;54419978;51742538;36374431;1068899;39701400
FR;0;2022-04-29;1984;3917;15538;37196;14898;54421962;51746455;36389969;1106095;39716298
FR;0;2022-04-30;1201;1811;6920;9703;6747;54423163;51748266;36396889;1115798;39723045
FR;0;2022-05-01;213;318;907;995;902;54423376;51748584;36397796;1116793;39723947
FR;0;2022-05-02;1380;2763;11122;18068;10924;54424756;51751347;36408918;1134861;39734871
FR;0;2022-05-03;1820;3178;13697;34583;13539;54426576;51754525;36422615;1169444;39748410
FR;0;2022-05-04;1861;3226;12158;25588;12267;54428437;51757751;36434773;1195032;39760677
FR;0;2022-05-05;1687;2807;13018;33402;12867;54430124;51760558;36447791;1228434;39773544
FR;0;2022-05-06;2116;3620;15316;36702;14806;54432240;51764178;36463107;1265136;39788350
FR;0;2022-05-07;1191;1764;6454;9602;6442;54433431;51765942;36469561;1274738;39794792
FR;0;2022-05-08;260;393;1170;1544;1230;54433691;51766335;36470731;1276282;39796022
FR;0;2022-05-09;1289;2266;9909;20236;9777;54434980;51768601;36480640;1296518;39805799
FR;0;2022-05-10;1697;3041;13529;38807;13077;54436677;51771642;36494169;1335325;39818876
FR;0;2022-05-11;1965;2921;10718;27842;10646;54438642;51774563;36504887;1363167;39829522
FR;0;2022-05-12;1550;2635;11331;35584;10989;54440192;51777198;36516218;1398751;39840511
FR;0;2022-05-13;1956;3170;13732;37795;13313;54442148;51780368;36529950;1436546;39853824
FR;0;2022-05-14;1142;1608;5934;10768;5793;54443290;51781976;36535884;1447314;39859617
FR;0;2022-05-15;279;446;1275;1432;1351;54443569;51782422;36537159;1448746;39860968
FR;0;2022-05-16;1175;1991;8665;20985;8660;54444744;51784413;36545824;1469731;39869628
FR;0;2022-05-17;1566;2535;11807;37792;11384;54446310;51786948;36557631;1507523;39881012
FR;0;2022-05-18;1783;2600;9669;27088;9640;54448093;51789548;36567300;1534611;39890652
FR;0;2022-05-19;1413;2608;10543;35708;10681;54449506;51792156;36577843;1570319;39901333
FR;0;2022-05-20;1862;3078;13393;39325;12881;54451368;51795234;36591236;1609644;39914214
FR;0;2022-05-21;1157;1688;5655;9895;5528;54452525;51796922;36596891;1619539;39919742
FR;0;2022-05-22;237;333;1023;1434;1011;54452762;51797255;36597914;1620973;39920753
FR;0;2022-05-23;1153;2038;8870;20328;8803;54453915;51799293;36606784;1641301;39929556
FR;0;2022-05-24;1526;2721;11342;38780;11187;54455441;51802014;36618126;1680081;39940743
FR;0;2022-05-25;1798;2786;9331;24802;9460;54457239;51804800;36627457;1704883;39950203
FR;0;2022-05-26;198;360;1653;1188;1663;54457437;51805160;36629110;1706071;39951866
FR;0;2022-05-27;1368;2408;9247;21260;8987;54458805;51807568;36638357;1727331;39960853
FR;0;2022-05-28;663;1243;3911;6780;3960;54459468;51808811;36642268;1734111;39964813
FR;0;2022-05-29;154;314;750;915;770;54459622;51809125;36643018;1735026;39965583
FR;0;2022-05-30;999;1927;6980;19254;6992;54460621;51811052;36649998;1754280;39972575
FR;0;2022-05-31;1478;2441;9809;35618;9629;54462099;51813493;36659807;1789898;39982204
FR;0;2022-06-01;1675;3018;11012;24441;10878;54463774;51816511;36670819;1814339;39993082
FR;0;2022-06-02;1451;2533;11302;35450;10834;54465225;51819044;36682121;1849789;40003916
FR;0;2022-06-03;1641;3011;13377;38687;12741;54466866;51822055;36695498;1888476;40016657
FR;0;2022-06-04;958;1508;5039;9104;5110;54467824;51823563;36700537;1897580;40021767
FR;0;2022-06-05;172;326;871;1104;881;54467996;51823889;36701408;1898684;40022648
FR;0;2022-06-06;226;628;2095;1249;2079;54468222;51824517;36703503;1899933;40024727
FR;0;2022-06-07;1356;2624;9831;35546;9409;54469578;51827141;36713334;1935479;40034136
FR;0;2022-06-08;1523;2638;9153;28693;8990;54471101;51829779;36722487;1964172;40043126
FR;0;2022-06-09;1262;2392;10594;39423;10232;54472363;51832171;36733081;2003595;40053358
FR;0;2022-06-10;1600;2858;13046;44730;12588;54473963;51835029;36746127;2048325;40065946
FR;0;2022-06-11;950;1721;5431;11614;5460;54474913;51836750;36751558;2059939;40071406
FR;0;2022-06-12;192;428;1071;1758;1131;54475105;51837178;36752629;2061697;40072537
FR;0;2022-06-13;1061;1981;7414;23145;7244;54476166;51839159;36760043;2084842;40079781
FR;0;2022-06-14;1298;2431;10426;44823;9777;54477464;51841590;36770469;2129665;40089558
FR;0;2022-06-15;1474;2350;9283;30846;8916;54478938;51843940;36779752;2160511;40098474
FR;0;2022-06-16;1152;1978;9872;39821;9279;54480090;51845918;36789624;2200332;40107753
FR;0;2022-06-17;1461;2802;12456;46579;11880;54481551;51848720;36802080;2246911;40119633
FR;0;2022-06-18;848;1501;4558;11118;4490;54482399;51850221;36806638;2258029;40124123
FR;0;2022-06-19;180;351;1057;1612;1129;54482579;51850572;36807695;2259641;40125252
FR;0;2022-06-20;1014;1881;8887;26050;8547;54483593;51852453;36816582;2285691;40133799
FR;0;2022-06-21;1313;2365;10288;49837;9315;54484906;51854818;36826870;2335528;40143114
FR;0;2022-06-22;1367;2434;8890;38974;8380;54486273;51857252;36835760;2374502;40151494
FR;0;2022-06-23;1214;2303;10665;55043;9858;54487487;51859555;36846425;2429545;40161352
FR;0;2022-06-24;1474;2952;13590;69017;12261;54488961;51862507;36860015;2498562;40173613
FR;0;2022-06-25;929;1770;6220;19906;5973;54489890;51864277;36866235;2518468;40179586
FR;0;2022-06-26;228;452;1951;3685;1811;54490118;51864729;36868186;2522153;40181397
FR;0;2022-06-27;1119;2001;10478;48421;9620;54491237;51866730;36878664;2570574;40191017
FR;0;2022-06-28;1440;2787;14646;91259;13062;54492677;51869517;36893310;2661833;40204079
FR;0;2022-06-29;1690;2808;12270;71743;11219;54494367;51872325;36905580;2733576;40215298
FR;0;2022-06-30;1512;2621;14362;95102;12444;54495879;51874946;36919942;2828678;40227742
FR;0;2022-07-01;1933;3542;21244;115851;18565;54497812;51878488;36941186;2944529;40246307
FR;0;2022-07-02;1064;1846;8506;35726;7692;54498876;51880334;36949692;2980255;40253999
FR;0;2022-07-03;289;534;2084;6447;1886;54499165;51880868;36951776;2986702;40255885
FR;0;2022-07-04;1487;2605;14621;79164;12854;54500652;51883473;36966397;3065866;40268739
FR;0;2022-07-05;1682;3024;18768;133057;15955;54502334;51886497;36985165;3198923;40284694
FR;0;2022-07-06;1790;2670;15791;99393;13583;54504124;51889167;37000956;3298316;40298277
FR;0;2022-07-07;1677;2813;17952;125828;14718;54505801;51891980;37018908;3424144;40312995
FR;0;2022-07-08;1862;3115;20700;136859;16724;54507663;51895095;37039608;3561003;40329719
FR;0;2022-07-09;859;1442;7728;37892;6672;54508522;51896537;37047336;3598895;40336391
FR;0;2022-07-10;255;504;2342;6994;2125;54508777;51897041;37049678;3605889;40338516
FR;0;2022-07-11;1391;2401;14979;88172;12459;54510168;51899442;37064657;3694061;40350975
FR;0;2022-07-12;1758;3042;20475;143741;16667;54511926;51902484;37085132;3837802;40367642
FR;0;2022-07-13;1692;2617;15636;94355;13200;54513618;51905101;37100768;3932157;40380842
FR;0;2022-07-14;173;314;1936;5518;1810;54513791;51905415;37102704;3937675;40382652
FR;0;2022-07-15;1458;2515;15060;84352;12552;54515249;51907930;37117764;4022027;40395204
FR;0;2022-07-16;614;1155;5928;24937;5128;54515863;51909085;37123692;4046964;40400332
FR;0;2022-07-17;172;385;1726;4647;1562;54516035;51909470;37125418;4051611;40401894
FR;0;2022-07-18;1110;2183;11786;61707;9930;54517145;51911653;37137204;4113318;40411824
FR;0;2022-07-19;1394;2316;15421;103537;12243;54518539;51913969;37152625;4216855;40424067
FR;0;2022-07-20;1384;2236;12857;77451;10631;54519923;51916205;37165482;4294306;40434698
FR;0;2022-07-21;1253;2108;13024;87986;10424;54521176;51918313;37178506;4382292;40445122
FR;0;2022-07-22;1372;2402;14745;89261;11896;54522548;51920715;37193251;4471553;40457018
FR;0;2022-07-23;659;1271;5513;22440;4837;54523207;51921986;37198764;4493993;40461855
FR;0;2022-07-24;175;346;1390;3875;1228;54523382;51922332;37200154;4497868;40463083
FR;0;2022-07-25;1020;1747;9448;47961;7783;54524402;51924079;37209602;4545829;40470866
FR;0;2022-07-26;1280;2184;13260;85266;10772;54525682;51926263;37222862;4631095;40481638
FR;0;2022-07-27;1210;1964;10166;61041;8457;54526892;51928227;37233028;4692136;40490095
FR;0;2022-07-28;1060;1795;10244;64031;8133;54527952;51930022;37243272;4756167;40498228
FR;0;2022-07-29;1265;1977;10900;65605;8671;54529217;51931999;37254172;4821772;40506899
FR;0;2022-07-30;484;831;3498;15219;2957;54529701;51932830;37257670;4836991;40509856
FR;0;2022-07-31;147;278;920;2414;784;54529848;51933108;37258590;4839405;40510640
FR;0;2022-08-01;765;1309;7027;30121;5857;54530613;51934417;37265617;4869526;40516497
FR;0;2022-08-02;979;1589;8405;55839;6719;54531592;51936006;37274022;4925365;40523216
FR;0;2022-08-03;787;1208;6264;38540;5003;54532379;51937214;37280286;4963905;40528219
FR;0;2022-08-04;708;1137;6364;42920;5117;54533087;51938351;37286650;5006825;40533336
FR;0;2022-08-05;825;1323;6823;44729;5400;54533912;51939674;37293473;5051554;40538736
FR;0;2022-08-06;328;547;1986;9311;1639;54534240;51940221;37295459;5060865;40540375
FR;0;2022-08-07;91;150;517;1604;434;54534331;51940371;37295976;5062469;40540809
FR;0;2022-08-08;517;874;3869;21951;3131;54534848;51941245;37299845;5084420;40543940
FR;0;2022-08-09;661;1091;5820;39748;4644;54535509;51942336;37305665;5124168;40548584
FR;0;2022-08-10;595;1037;4358;27870;3498;54536104;51943373;37310023;5152038;40552082
FR;0;2022-08-11;598;962;4295;28837;3506;54536702;51944335;37314318;5180875;40555588
FR;0;2022-08-12;695;1081;4461;27969;3619;54537397;51945416;37318779;5208844;40559207
FR;0;2022-08-13;194;377;1237;5163;1052;54537591;51945793;37320016;5214007;40560259
FR;0;2022-08-14;64;109;268;875;229;54537655;51945902;37320284;5214882;40560488
FR;0;2022-08-15;52;108;269;516;229;54537707;51946010;37320553;5215398;40560717
FR;0;2022-08-16;590;1001;3714;22004;3117;54538297;51947011;37324267;5237402;40563834
FR;0;2022-08-17;596;947;3599;22579;3011;54538893;51947958;37327866;5259981;40566845
FR;0;2022-08-18;576;911;3864;25958;2995;54539469;51948869;37331730;5285939;40569840
FR;0;2022-08-19;556;1077;4082;26922;3311;54540025;51949946;37335812;5312861;40573151
FR;0;2022-08-20;273;447;1264;5472;1074;54540298;51950393;37337076;5318333;40574225
FR;0;2022-08-21;87;122;281;949;251;54540385;51950515;37337357;5319282;40574476
FR;0;2022-08-22;509;879;2778;15026;2314;54540894;51951394;37340135;5334308;40576790
FR;0;2022-08-23;675;1104;4032;28302;3355;54541569;51952498;37344167;5362610;40580145
FR;0;2022-08-24;587;833;3154;18574;2515;54542156;51953331;37347321;5381184;40582660
