fra;vaccin;jour;n_dose1;n_dose2;n_dose3;n_dose4;n_complet;n_rappel;n_2_rappel;n_rappel_biv;n_3_rappel;n_cum_dose1;n_cum_dose2;n_cum_dose3;n_cum_dose4;n_cum_complet;n_cum_rappel;n_cum_2_rappel;n_cum_rappel_biv;n_cum_3_rappel
FR;1;2020-12-27;616;0;0;0;55;0;0;0;0;616;0;0;0;55;0;0;0;0
FR;1;2020-12-28;704;1;0;0;43;0;0;0;0;1320;1;0;0;98;0;0;0;0
FR;1;2020-12-29;387;0;0;0;19;0;0;0;0;1707;1;0;0;117;0;0;0;0
FR;1;2020-12-30;455;0;0;0;19;0;0;0;0;2162;1;0;0;136;0;0;0;0
FR;1;2020-12-31;449;1;0;0;21;0;0;0;0;2611;2;0;0;157;0;0;0;0
FR;1;2021-01-01;1192;2;0;0;66;0;0;0;0;3803;4;0;0;223;0;0;0;0
FR;1;2021-01-02;368;4;0;0;29;0;0;0;0;4171;8;0;0;252;0;0;0;0
FR;1;2021-01-03;417;0;0;0;23;0;0;0;0;4588;8;0;0;275;0;0;0;0
FR;1;2021-01-04;2139;5;0;0;51;0;0;0;0;6727;13;0;0;326;0;0;0;0
FR;1;2021-01-05;7771;6;0;0;128;0;0;0;0;14498;19;0;0;454;0;0;0;0
FR;1;2021-01-06;12477;23;0;0;127;0;0;0;0;26975;42;0;0;581;0;0;0;0
FR;1;2021-01-07;29477;24;0;0;159;0;0;0;0;56452;66;0;0;740;0;0;0;0
FR;1;2021-01-08;37169;35;0;0;203;0;0;0;0;93621;101;0;0;943;0;0;0;0
FR;1;2021-01-09;11220;9;0;0;77;0;0;0;0;104841;110;0;0;1020;0;0;0;0
FR;1;2021-01-10;6015;8;0;0;28;0;0;0;0;110856;118;0;0;1048;0;0;0;0
FR;1;2021-01-11;39954;39;0;0;231;0;0;0;0;150810;157;0;0;1279;0;0;0;0
FR;1;2021-01-12;62159;30;0;0;298;0;0;0;0;212969;187;0;0;1577;0;0;0;0
FR;1;2021-01-13;65146;62;0;0;432;0;0;0;0;278115;249;0;0;2009;0;0;0;0
FR;1;2021-01-14;81469;259;0;0;959;0;0;0;0;359584;508;0;0;2968;0;0;0;0
FR;1;2021-01-15;68635;101;0;0;529;0;0;0;0;428219;609;0;0;3497;0;0;0;0
FR;1;2021-01-16;19903;73;0;0;172;0;0;0;0;448122;682;0;0;3669;0;0;0;0
FR;1;2021-01-17;10909;54;0;0;130;0;0;0;0;459031;736;0;0;3799;0;0;0;0
FR;1;2021-01-18;82848;176;0;0;589;0;0;0;0;541879;912;0;0;4388;0;0;0;0
FR;1;2021-01-19;125935;208;0;0;837;0;0;0;0;667814;1120;0;0;5225;0;0;0;0
FR;1;2021-01-20;132429;190;0;0;779;0;0;0;0;800243;1310;0;0;6004;0;0;0;0
FR;1;2021-01-21;153083;196;0;0;897;0;0;0;0;953326;1506;0;0;6901;0;0;0;0
FR;1;2021-01-22;115968;239;0;0;775;0;0;0;0;1069294;1745;0;0;7676;0;0;0;0
FR;1;2021-01-23;36616;83;0;0;206;0;0;0;0;1105910;1828;0;0;7882;0;0;0;0
FR;1;2021-01-24;9589;127;0;0;186;0;0;0;0;1115499;1955;0;0;8068;0;0;0;0
FR;1;2021-01-25;74441;1451;0;0;1769;0;0;0;0;1189940;3406;0;0;9837;0;0;0;0
FR;1;2021-01-26;96468;3700;1;0;4142;0;0;0;0;1286408;7106;1;0;13979;0;0;0;0
FR;1;2021-01-27;103659;6437;0;0;7121;0;0;0;0;1390067;13543;1;0;21100;0;0;0;0
FR;1;2021-01-28;120623;16390;0;0;17177;0;0;0;0;1510690;29933;1;0;38277;0;0;0;0
FR;1;2021-01-29;88902;18762;0;0;19303;0;0;0;0;1599592;48695;1;0;57580;0;0;0;0
FR;1;2021-01-30;27995;4526;0;0;4650;0;0;0;0;1627587;53221;1;0;62230;0;0;0;0
FR;1;2021-01-31;5194;1904;0;0;1942;0;0;0;0;1632781;55125;1;0;64172;0;0;0;0
FR;1;2021-02-01;49750;23007;0;0;23247;0;0;0;0;1682531;78132;1;0;87419;0;0;0;0
FR;1;2021-02-02;67838;38123;0;0;38581;0;0;0;0;1750369;116255;1;0;126000;0;0;0;0
FR;1;2021-02-03;67104;40166;0;0;40599;0;0;0;0;1817473;156421;1;0;166599;0;0;0;0
FR;1;2021-02-04;77149;55014;0;0;55584;0;0;0;0;1894622;211435;1;0;222183;0;0;0;0
FR;1;2021-02-05;63435;48170;0;0;48574;0;0;0;0;1958057;259605;1;0;270757;0;0;0;0
FR;1;2021-02-06;19428;11420;0;0;11527;0;0;0;0;1977485;271025;1;0;282284;0;0;0;0
FR;1;2021-02-07;3669;6061;0;0;6088;0;0;0;0;1981154;277086;1;0;288372;0;0;0;0
FR;1;2021-02-08;36508;48732;0;0;48982;0;0;0;0;2017662;325818;1;0;337354;0;0;0;0
FR;1;2021-02-09;50825;78356;0;0;78882;0;0;0;0;2068487;404174;1;0;416236;0;0;0;0
FR;1;2021-02-10;52080;83323;0;0;83804;0;0;0;0;2120567;487497;1;0;500040;0;0;0;0
FR;1;2021-02-11;63394;105380;0;0;106274;0;0;0;0;2183961;592877;1;0;606314;0;0;0;0
FR;1;2021-02-12;55886;75777;0;0;76460;0;0;0;0;2239847;668654;1;0;682774;0;0;0;0
FR;1;2021-02-13;15470;19294;0;0;19406;0;0;0;0;2255317;687948;1;0;702180;0;0;0;0
FR;1;2021-02-14;3747;7335;0;0;7401;0;0;0;0;2259064;695283;1;0;709581;0;0;0;0
FR;1;2021-02-15;24172;73659;0;0;73912;0;0;0;0;2283236;768942;1;0;783493;0;0;0;0
FR;1;2021-02-16;32787;95526;0;0;95925;0;0;0;0;2316023;864468;1;0;879418;0;0;0;0
FR;1;2021-02-17;35136;102287;20;0;102939;0;0;0;0;2351159;966755;21;0;982357;0;0;0;0
FR;1;2021-02-18;49463;118437;0;0;119426;0;0;0;0;2400622;1085192;21;0;1101783;0;0;0;0
FR;1;2021-02-19;45399;87764;1;0;88706;0;0;0;0;2446021;1172956;22;0;1190489;0;0;0;0
FR;1;2021-02-20;13398;27022;0;0;27198;0;0;0;0;2459419;1199978;22;0;1217687;0;0;0;0
FR;1;2021-02-21;2470;5945;0;0;6013;0;0;0;0;2461889;1205923;22;0;1223700;0;0;0;0
FR;1;2021-02-22;24725;69412;2;0;69706;0;0;0;0;2486614;1275335;24;0;1293406;0;0;0;0
FR;1;2021-02-23;37441;81517;1;0;82214;0;0;0;0;2524055;1356852;25;0;1375620;0;0;0;0
FR;1;2021-02-24;40714;79364;1;0;80062;0;0;0;0;2564769;1436216;26;0;1455682;0;0;0;0
FR;1;2021-02-25;50173;87764;1;0;88856;0;0;0;0;2614942;1523980;27;0;1544538;0;0;0;0
FR;1;2021-02-26;47233;67547;1;0;68424;0;0;0;0;2662175;1591527;28;0;1612962;0;0;0;0
FR;1;2021-02-27;15689;21352;1;0;21563;0;0;0;0;2677864;1612879;29;0;1634525;0;0;0;0
FR;1;2021-02-28;3566;4111;2;0;4184;0;0;0;0;2681430;1616990;31;0;1638709;0;0;0;0
FR;1;2021-03-01;40227;50328;1;0;51059;0;0;0;0;2721657;1667318;32;0;1689768;0;0;0;0
FR;1;2021-03-02;55993;62451;3;0;63630;0;0;0;0;2777650;1729769;35;0;1753398;0;0;0;0
FR;1;2021-03-03;61267;60498;0;0;61935;0;0;0;0;2838917;1790267;35;0;1815333;0;0;0;0
FR;1;2021-03-04;73021;68370;3;0;70582;0;0;0;0;2911938;1858637;38;0;1885915;0;0;0;0
FR;1;2021-03-05;74787;58594;3;0;60494;0;0;0;0;2986725;1917231;41;0;1946409;0;0;0;0
FR;1;2021-03-06;82472;15749;2;0;17455;0;0;0;0;3069197;1932980;43;0;1963864;0;0;0;0
FR;1;2021-03-07;63733;3941;1;0;5485;0;0;0;0;3132930;1936921;44;0;1969349;0;0;0;0
FR;1;2021-03-08;60196;41148;2;0;42434;0;0;0;0;3193126;1978069;46;0;2011783;0;0;0;0
FR;1;2021-03-09;86015;47389;1;0;49384;0;0;0;0;3279141;2025458;47;0;2061167;0;0;0;0
FR;1;2021-03-10;90947;47746;5;0;50015;0;0;0;0;3370088;2073204;52;0;2111182;0;0;0;0
FR;1;2021-03-11;105103;54593;1;0;57663;0;0;0;0;3475191;2127797;53;0;2168845;0;0;0;0
FR;1;2021-03-12;104166;44880;1;0;47878;0;0;0;0;3579357;2172677;54;0;2216723;0;0;0;0
FR;1;2021-03-13;89223;12587;1;0;14804;0;0;0;0;3668580;2185264;55;0;2231527;0;0;0;0
FR;1;2021-03-14;44462;2673;1;0;4006;0;0;0;0;3713042;2187937;56;0;2235533;0;0;0;0
FR;1;2021-03-15;95538;27960;3;0;30309;0;0;0;0;3808580;2215897;59;0;2265842;0;0;0;0
FR;1;2021-03-16;123607;34038;5;0;37584;0;0;0;0;3932187;2249935;64;0;2303426;0;0;0;0
FR;1;2021-03-17;129325;33532;4;0;37584;0;0;0;0;4061512;2283467;68;0;2341010;0;0;0;0
FR;1;2021-03-18;142918;39172;5;0;43846;0;0;0;0;4204430;2322639;73;0;2384856;0;0;0;0
FR;1;2021-03-19;136282;31996;2;0;36587;0;0;0;0;4340712;2354635;75;0;2421443;0;0;0;0
FR;1;2021-03-20;76025;9748;1;0;11965;0;0;0;0;4416737;2364383;76;0;2433408;0;0;0;0
FR;1;2021-03-21;26520;1975;1;0;2964;0;0;0;0;4443257;2366358;77;0;2436372;0;0;0;0
FR;1;2021-03-22;114783;30216;2;0;34045;0;0;0;0;4558040;2396574;79;0;2470417;0;0;0;0
FR;1;2021-03-23;143061;38015;1;0;42805;0;0;0;0;4701101;2434589;80;0;2513222;0;0;0;0
FR;1;2021-03-24;142028;38386;0;0;43252;0;0;0;0;4843129;2472975;80;0;2556474;0;0;0;0
FR;1;2021-03-25;165043;39859;4;0;46022;0;0;0;0;5008172;2512834;84;0;2602496;0;0;0;0
FR;1;2021-03-26;166423;37383;5;1;44001;0;0;0;0;5174595;2550217;89;1;2646497;0;0;0;0
FR;1;2021-03-27;110907;15476;1;0;19487;0;0;0;0;5285502;2565693;90;1;2665984;0;0;0;0
FR;1;2021-03-28;42312;4426;3;0;5981;0;0;0;0;5327814;2570119;93;1;2671965;0;0;0;0
FR;1;2021-03-29;129848;48982;4;0;53643;0;0;0;0;5457662;2619101;97;1;2725608;0;0;0;0
FR;1;2021-03-30;167759;63811;5;0;70819;0;0;0;0;5625421;2682912;102;1;2796427;0;0;0;0
FR;1;2021-03-31;170969;67987;4;0;75518;0;0;0;0;5796390;2750899;106;1;2871945;0;0;0;0
FR;1;2021-04-01;194879;84095;10;0;93594;0;0;0;0;5991269;2834994;116;1;2965539;0;0;0;0
FR;1;2021-04-02;164476;86870;7;0;94692;0;0;0;0;6155745;2921864;123;1;3060231;0;0;0;0
FR;1;2021-04-03;88261;58208;6;0;61754;0;0;0;0;6244006;2980072;129;1;3121985;0;0;0;0
FR;1;2021-04-04;33665;17727;0;0;19226;0;0;0;0;6277671;2997799;129;1;3141211;0;0;0;0
FR;1;2021-04-05;46430;9568;11;0;11445;0;0;0;0;6324101;3007367;140;1;3152656;0;0;0;0
FR;1;2021-04-06;160350;105613;17;0;112090;0;0;0;0;6484451;3112980;157;1;3264746;0;0;0;0
FR;1;2021-04-07;197038;108100;16;0;116933;0;0;0;0;6681489;3221080;173;1;3381679;0;0;0;0
FR;1;2021-04-08;222190;114338;14;0;125692;0;0;0;0;6903679;3335418;187;1;3507371;0;0;0;0
FR;1;2021-04-09;214616;108037;21;0;118931;0;0;0;0;7118295;3443455;208;1;3626302;0;0;0;0
FR;1;2021-04-10;117207;73235;14;0;78382;0;0;0;0;7235502;3516690;222;1;3704684;0;0;0;0
FR;1;2021-04-11;40903;29890;6;0;31793;0;0;0;0;7276405;3546580;228;1;3736477;0;0;0;0
FR;1;2021-04-12;168504;104587;46;0;111829;0;0;0;0;7444909;3651167;274;1;3848306;0;0;0;0
FR;1;2021-04-13;203845;127760;97;1;137104;0;0;0;0;7648754;3778927;371;2;3985410;0;0;0;0
FR;1;2021-04-14;208680;123000;208;0;133229;0;0;0;0;7857434;3901927;579;2;4118639;0;0;0;0
FR;1;2021-04-15;221739;128211;313;0;139254;0;0;0;0;8079173;4030138;892;2;4257893;0;0;0;0
FR;1;2021-04-16;206108;125765;309;0;135434;0;0;0;0;8285281;4155903;1201;2;4393327;0;0;0;0
FR;1;2021-04-17;122111;67116;103;0;72177;0;0;0;0;8407392;4223019;1304;2;4465504;0;0;0;0
FR;1;2021-04-18;35979;21007;42;0;22714;0;0;0;0;8443371;4244026;1346;2;4488218;0;0;0;0
FR;1;2021-04-19;163779;121606;432;0;129150;0;0;0;0;8607150;4365632;1778;2;4617368;0;0;0;0
FR;1;2021-04-20;189485;149779;531;0;158906;0;0;0;0;8796635;4515411;2309;2;4776274;0;0;0;0
FR;1;2021-04-21;194052;147733;760;0;157258;0;0;0;0;8990687;4663144;3069;2;4933532;0;0;0;0
FR;1;2021-04-22;209078;164570;778;0;175801;0;0;0;0;9199765;4827714;3847;2;5109333;0;0;0;0
FR;1;2021-04-23;198995;158099;671;0;169113;0;0;0;0;9398760;4985813;4518;2;5278446;0;0;0;0
FR;1;2021-04-24;126354;95881;148;0;101951;0;0;0;0;9525114;5081694;4666;2;5380397;0;0;0;0
FR;1;2021-04-25;53640;30081;46;0;32837;0;0;0;0;9578754;5111775;4712;2;5413234;0;0;0;0
FR;1;2021-04-26;181174;140312;542;0;149027;0;0;0;0;9759928;5252087;5254;2;5562261;0;0;0;0
FR;1;2021-04-27;221401;162595;901;0;173968;0;0;0;0;9981329;5414682;6155;2;5736229;0;0;0;0
FR;1;2021-04-28;238350;156195;1314;1;168881;1;0;0;0;10219679;5570877;7469;3;5905110;1;0;0;0
FR;1;2021-04-29;270343;161640;1211;0;177246;0;0;0;0;10490022;5732517;8680;3;6082356;1;0;0;0
FR;1;2021-04-30;272025;149027;1074;0;165129;0;0;0;0;10762047;5881544;9754;3;6247485;1;0;0;0
FR;1;2021-05-01;141178;40612;173;0;48640;0;0;0;0;10903225;5922156;9927;3;6296125;1;0;0;0
FR;1;2021-05-02;81561;28235;81;0;32990;0;0;0;0;10984786;5950391;10008;3;6329115;1;0;0;0
FR;1;2021-05-03;250818;142186;803;0;155884;0;0;0;0;11235604;6092577;10811;3;6484999;1;0;0;0
FR;1;2021-05-04;265933;187968;1204;0;203548;0;0;0;0;11501537;6280545;12015;3;6688547;1;0;0;0
FR;1;2021-05-05;283950;186252;1268;0;202913;0;0;0;0;11785487;6466797;13283;3;6891460;1;0;0;0
FR;1;2021-05-06;310031;184508;1502;0;204265;0;0;0;0;12095518;6651305;14785;3;7095725;1;0;0;0
FR;1;2021-05-07;284146;196743;1127;0;214567;0;0;0;0;12379664;6848048;15912;3;7310292;1;0;0;0
FR;1;2021-05-08;191683;51560;285;0;62943;0;0;0;0;12571347;6899608;16197;3;7373235;1;0;0;0
FR;1;2021-05-09;114074;34241;236;0;41413;0;0;0;0;12685421;6933849;16433;3;7414648;1;0;0;0
FR;1;2021-05-10;258236;195061;1188;0;211054;0;0;0;0;12943657;7128910;17621;3;7625702;1;0;0;0
FR;1;2021-05-11;318940;211220;1465;0;231460;0;0;0;0;13262597;7340130;19086;3;7857162;1;0;0;0
FR;1;2021-05-12;356687;186110;1401;0;208418;0;0;0;0;13619284;7526240;20487;3;8065580;1;0;0;0
FR;1;2021-05-13;283470;47326;401;0;64252;0;0;0;0;13902754;7573566;20888;3;8129832;1;0;0;0
FR;1;2021-05-14;370536;128533;995;0;151954;0;0;0;0;14273290;7702099;21883;3;8281786;1;0;0;0
FR;1;2021-05-15;298123;66204;404;0;84913;0;0;0;0;14571413;7768303;22287;3;8366699;1;0;0;0
FR;1;2021-05-16;157795;15469;158;0;26037;0;0;0;0;14729208;7783772;22445;3;8392736;1;0;0;0
FR;1;2021-05-17;318954;116196;1441;0;138163;0;0;0;0;15048162;7899968;23886;3;8530899;1;0;0;0
FR;1;2021-05-18;383374;111684;1801;0;137633;0;0;0;0;15431536;8011652;25687;3;8668532;1;0;0;0
FR;1;2021-05-19;395314;101552;2184;0;128495;0;0;0;0;15826850;8113204;27871;3;8797027;1;0;0;0
FR;1;2021-05-20;421851;95627;2049;0;125100;0;0;0;0;16248701;8208831;29920;3;8922127;1;0;0;0
FR;1;2021-05-21;399841;97411;1764;0;125816;0;0;0;0;16648542;8306242;31684;3;9047943;1;0;0;0
FR;1;2021-05-22;275711;41920;604;0;60944;0;0;0;0;16924253;8348162;32288;3;9108887;1;0;0;0
FR;1;2021-05-23;123029;10970;224;0;20574;0;0;0;0;17047282;8359132;32512;3;9129461;1;0;0;0
FR;1;2021-05-24;244026;26262;569;0;43791;0;0;0;0;17291308;8385394;33081;3;9173252;1;0;0;0
FR;1;2021-05-25;366244;131496;2115;1;158433;0;0;0;0;17657552;8516890;35196;4;9331685;1;0;0;0
FR;1;2021-05-26;380845;127457;1996;0;155793;0;0;0;0;18038397;8644347;37192;4;9487478;1;0;0;0
FR;1;2021-05-27;406188;128306;1978;0;158792;0;0;0;0;18444585;8772653;39170;4;9646270;1;0;0;0
FR;1;2021-05-28;366067;145684;1702;0;174247;0;0;0;0;18810652;8918337;40872;4;9820517;1;0;0;0
FR;1;2021-05-29;253849;81130;527;0;100330;0;0;0;0;19064501;8999467;41399;4;9920847;1;0;0;0
FR;1;2021-05-30;100983;22602;158;0;30835;0;0;0;0;19165484;9022069;41557;4;9951682;1;0;0;0
FR;1;2021-05-31;314348;149232;1286;1;172495;1;0;0;0;19479832;9171301;42843;5;10124177;2;0;0;0
FR;1;2021-06-01;361689;166432;1733;1;194139;1;0;0;0;19841521;9337733;44576;6;10318316;3;0;0;0
FR;1;2021-06-02;365424;154427;1798;0;183969;0;0;0;0;20206945;9492160;46374;6;10502285;3;0;0;0
FR;1;2021-06-03;391476;147415;1654;0;178393;0;0;0;0;20598421;9639575;48028;6;10680678;3;0;0;0
FR;1;2021-06-04;364136;175868;1496;1;205161;1;0;0;0;20962557;9815443;49524;7;10885839;4;0;0;0
FR;1;2021-06-05;258532;112819;597;0;133183;0;0;0;0;21221089;9928262;50121;7;11019022;4;0;0;0
FR;1;2021-06-06;126828;37557;216;0;48196;0;0;0;0;21347917;9965819;50337;7;11067218;4;0;0;0
FR;1;2021-06-07;301124;207780;1368;0;233060;0;0;0;0;21649041;10173599;51705;7;11300278;4;0;0;0
FR;1;2021-06-08;330892;220988;1645;0;248952;0;0;0;0;21979933;10394587;53350;7;11549230;4;0;0;0
FR;1;2021-06-09;336636;210970;1614;0;239741;0;0;0;0;22316569;10605557;54964;7;11788971;4;0;0;0
FR;1;2021-06-10;343933;199597;1614;0;229341;0;0;0;0;22660502;10805154;56578;7;12018312;4;0;0;0
FR;1;2021-06-11;311934;234693;1299;1;262602;0;0;0;0;22972436;11039847;57877;8;12280914;4;0;0;0
FR;1;2021-06-12;244097;150601;438;0;172213;0;0;0;0;23216533;11190448;58315;8;12453127;4;0;0;0
FR;1;2021-06-13;100379;61039;188;0;70700;0;0;0;0;23316912;11251487;58503;8;12523827;4;0;0;0
FR;1;2021-06-14;207868;287616;1320;1;307424;0;0;0;0;23524780;11539103;59823;9;12831251;4;0;0;0
FR;1;2021-06-15;256897;281142;1400;1;304991;0;0;0;0;23781677;11820245;61223;10;13136242;4;0;0;0
FR;1;2021-06-16;273679;270694;1263;1;296130;0;0;0;0;24055356;12090939;62486;11;13432372;4;0;0;0
FR;1;2021-06-17;268245;245041;1241;1;271109;0;0;0;0;24323601;12335980;63727;12;13703481;4;0;0;0
FR;1;2021-06-18;260622;295209;1156;1;321032;0;0;0;0;24584223;12631189;64883;13;14024513;4;0;0;0
FR;1;2021-06-19;193463;209598;388;0;228259;0;0;0;0;24777686;12840787;65271;13;14252772;4;0;0;0
FR;1;2021-06-20;69724;89037;121;0;96878;0;0;0;0;24847410;12929824;65392;13;14349650;4;0;0;0
FR;1;2021-06-21;172393;319763;934;1;338476;1;0;0;0;25019803;13249587;66326;14;14688126;5;0;0;0
FR;1;2021-06-22;185892;348044;1102;10;369109;1;0;0;0;25205695;13597631;67428;24;15057235;6;0;0;0
FR;1;2021-06-23;204232;339606;1050;0;363506;0;0;0;0;25409927;13937237;68478;24;15420741;6;0;0;0
FR;1;2021-06-24;203550;282044;1176;0;306786;0;0;0;0;25613477;14219281;69654;24;15727527;6;0;0;0
FR;1;2021-06-25;182676;371684;1200;0;395694;0;0;0;0;25796153;14590965;70854;24;16123221;6;0;0;0
FR;1;2021-06-26;131410;278588;506;0;295964;0;0;0;0;25927563;14869553;71360;24;16419185;6;0;0;0
FR;1;2021-06-27;52419;122848;146;0;130388;0;0;0;0;25979982;14992401;71506;24;16549573;6;0;0;0
FR;1;2021-06-28;136676;368217;1066;0;386819;0;0;0;0;26116658;15360618;72572;24;16936392;6;0;0;0
FR;1;2021-06-29;154911;391119;1848;0;412218;0;0;0;0;26271569;15751737;74420;24;17348610;6;0;0;0
FR;1;2021-06-30;180072;381920;1667;4;406530;2;0;0;0;26451641;16133657;76087;28;17755140;8;0;0;0
FR;1;2021-07-01;201573;332498;1890;5;360573;0;0;0;0;26653214;16466155;77977;33;18115713;8;0;0;0
FR;1;2021-07-02;193889;367269;1765;5;395475;2;0;0;0;26847103;16833424;79742;38;18511188;10;0;0;0
FR;1;2021-07-03;124484;280416;704;3;299523;1;0;0;0;26971587;17113840;80446;41;18810711;11;0;0;0
FR;1;2021-07-04;53966;113725;244;0;122134;0;0;0;0;27025553;17227565;80690;41;18932845;11;0;0;0
FR;1;2021-07-05;153974;355764;1500;8;379105;0;0;0;0;27179527;17583329;82190;49;19311950;11;0;0;0
FR;1;2021-07-06;173530;382288;1603;45;408184;8;0;0;0;27353057;17965617;83793;94;19720134;19;0;0;0
FR;1;2021-07-07;190863;362307;1659;25;390654;2;0;0;0;27543920;18327924;85452;119;20110788;21;0;0;0
FR;1;2021-07-08;201588;322947;1826;20;353601;2;0;0;0;27745508;18650871;87278;139;20464389;23;0;0;0
FR;1;2021-07-09;189992;387783;1854;3;418199;2;0;0;0;27935500;19038654;89132;142;20882588;25;0;0;0
FR;1;2021-07-10;129963;281177;818;1;302604;1;0;0;0;28065463;19319831;89950;143;21185192;26;0;0;0
FR;1;2021-07-11;57686;102524;263;0;112410;0;0;0;0;28123149;19422355;90213;143;21297602;26;0;0;0
FR;1;2021-07-12;149929;416799;1587;4;442798;0;0;0;0;28273078;19839154;91800;147;21740400;26;0;0;0
FR;1;2021-07-13;234304;438982;1808;8;476179;0;0;0;0;28507382;20278136;93608;155;22216579;26;0;0;0
FR;1;2021-07-14;171929;151311;418;0;176948;0;0;0;0;28679311;20429447;94026;155;22393527;26;0;0;0
FR;1;2021-07-15;279702;424124;1859;1;467109;0;0;0;0;28959013;20853571;95885;156;22860636;26;0;0;0
FR;1;2021-07-16;290445;400550;1711;3;445204;1;0;0;0;29249458;21254121;97596;159;23305840;27;0;0;0
FR;1;2021-07-17;217356;281975;755;1;315449;0;0;0;0;29466814;21536096;98351;160;23621289;27;0;0;0
FR;1;2021-07-18;102027;107206;288;0;123097;0;0;0;0;29568841;21643302;98639;160;23744386;27;0;0;0
FR;1;2021-07-19;238244;378367;1498;3;414422;0;0;0;0;29807085;22021669;100137;163;24158808;27;0;0;0
FR;1;2021-07-20;305774;379726;1471;0;425557;0;0;0;0;30112859;22401395;101608;163;24584365;27;0;0;0
FR;1;2021-07-21;333307;352715;1413;4;404103;1;0;0;0;30446166;22754110;103021;167;24988468;28;0;0;0
FR;1;2021-07-22;364695;318511;1502;3;374937;2;0;0;0;30810861;23072621;104523;170;25363405;30;0;0;0
FR;1;2021-07-23;349408;342748;1589;4;398299;1;0;0;0;31160269;23415369;106112;174;25761704;31;0;0;0
FR;1;2021-07-24;238967;240731;697;1;278067;0;0;0;0;31399236;23656100;106809;175;26039771;31;0;0;0
FR;1;2021-07-25;112810;76010;223;0;93709;0;0;0;0;31512046;23732110;107032;175;26133480;31;0;0;0
FR;1;2021-07-26;299148;289277;1495;2;334997;1;0;0;0;31811194;24021387;108527;177;26468477;32;0;0;0
FR;1;2021-07-27;385853;267865;1459;4;324839;1;0;0;0;32197047;24289252;109986;181;26793316;33;0;0;0
FR;1;2021-07-28;390217;250898;1463;4;307194;1;0;0;0;32587264;24540150;111449;185;27100510;34;0;0;0
FR;1;2021-07-29;406151;227585;1541;2;284297;0;0;0;0;32993415;24767735;112990;187;27384807;34;0;0;0
FR;1;2021-07-30;370758;246499;1639;4;298346;1;0;0;0;33364173;25014234;114629;191;27683153;35;0;0;0
FR;1;2021-07-31;243386;165082;794;1;199413;0;0;0;0;33607559;25179316;115423;192;27882566;35;0;0;0
FR;1;2021-08-01;105602;47205;237;0;61199;0;0;0;0;33713161;25226521;115660;192;27943765;35;0;0;0
FR;1;2021-08-02;297431;212821;1480;2;250611;0;0;0;0;34010592;25439342;117140;194;28194376;35;0;0;0
FR;1;2021-08-03;331351;208687;1557;2;250665;1;0;0;0;34341943;25648029;118697;196;28445041;36;0;0;0
FR;1;2021-08-04;328057;183818;1440;5;223979;3;0;0;0;34670000;25831847;120137;201;28669020;39;0;0;0
FR;1;2021-08-05;301292;193085;1483;0;229384;0;0;0;0;34971292;26024932;121620;201;28898404;39;0;0;0
FR;1;2021-08-06;290995;224086;1560;3;261383;0;0;0;0;35262287;26249018;123180;204;29159787;39;0;0;0
FR;1;2021-08-07;182678;158758;655;5;181675;1;0;0;0;35444965;26407776;123835;209;29341462;40;0;0;0
FR;1;2021-08-08;68894;59100;253;0;67629;0;0;0;0;35513859;26466876;124088;209;29409091;40;0;0;0
FR;1;2021-08-09;222795;235151;1445;4;263866;2;0;0;0;35736654;26702027;125533;213;29672957;42;0;0;0
FR;1;2021-08-10;252757;239844;1493;2;271689;0;0;0;0;35989411;26941871;127026;215;29944646;42;0;0;0
FR;1;2021-08-11;236251;231727;1271;5;261243;0;0;0;0;36225662;27173598;128297;220;30205889;42;0;0;0
FR;1;2021-08-12;220794;239731;1491;3;267833;0;0;0;0;36446456;27413329;129788;223;30473722;42;0;0;0
FR;1;2021-08-13;201727;238490;1360;2;264042;2;0;0;0;36648183;27651819;131148;225;30737764;44;0;0;0
FR;1;2021-08-14;122872;174036;645;0;189550;0;0;0;0;36771055;27825855;131793;225;30927314;44;0;0;0
FR;1;2021-08-15;34709;46117;201;1;50336;0;0;0;0;36805764;27871972;131994;226;30977650;44;0;0;0
FR;1;2021-08-16;156968;289329;1424;0;309911;0;0;0;0;36962732;28161301;133418;226;31287561;44;0;0;0
FR;1;2021-08-17;171620;290953;1422;5;313358;0;0;0;0;37134352;28452254;134840;231;31600919;44;0;0;0
FR;1;2021-08-18;161442;286663;1394;6;307302;3;0;0;0;37295794;28738917;136234;237;31908221;47;0;0;0
FR;1;2021-08-19;148959;277410;1405;1;297264;0;0;0;0;37444753;29016327;137639;238;32205485;47;0;0;0
FR;1;2021-08-20;140526;308921;1533;2;328163;2;0;0;0;37585279;29325248;139172;240;32533648;49;0;0;0
FR;1;2021-08-21;84281;213203;589;0;224527;0;0;0;0;37669560;29538451;139761;240;32758175;49;0;0;0
FR;1;2021-08-22;28582;82693;233;0;86699;0;0;0;0;37698142;29621144;139994;240;32844874;49;0;0;0
FR;1;2021-08-23;118670;320944;1422;2;337689;0;0;0;0;37816812;29942088;141416;242;33182563;49;0;0;0
FR;1;2021-08-24;126682;319615;1604;5;337440;0;0;0;0;37943494;30261703;143020;247;33520003;49;0;0;0
FR;1;2021-08-25;121545;306408;1783;8;323595;2;0;0;0;38065039;30568111;144803;255;33843598;51;0;0;0
FR;1;2021-08-26;106642;286059;2164;10;302362;0;0;0;0;38171681;30854170;146967;265;34145960;51;0;0;0
FR;1;2021-08-27;107660;321594;2303;9;338872;1;0;0;0;38279341;31175764;149270;274;34484832;52;0;0;0
FR;1;2021-08-28;71027;220695;1102;0;231226;0;0;0;0;38350368;31396459;150372;274;34716058;52;0;0;0
FR;1;2021-08-29;24155;78198;469;1;82089;0;0;0;0;38374523;31474657;150841;275;34798147;52;0;0;0
FR;1;2021-08-30;96901;286267;4315;6;299758;4969;0;0;0;38471424;31760924;155156;281;35097905;5021;0;0;0
FR;1;2021-08-31;98131;276223;9295;15;289891;10068;2;0;0;38569555;32037147;164451;296;35387796;15089;2;0;0
FR;1;2021-09-01;112368;245288;21121;8;257680;22153;1;0;0;38681923;32282435;185572;304;35645476;37242;3;0;0
FR;1;2021-09-02;86765;197903;24535;18;208305;25517;0;0;0;38768688;32480338;210107;322;35853781;62759;3;0;0
FR;1;2021-09-03;82430;227488;26956;21;238930;28036;0;0;0;38851118;32707826;237063;343;36092711;90795;3;0;0
FR;1;2021-09-04;71630;189712;11141;11;199302;11709;7;0;0;38922748;32897538;248204;354;36292013;102504;10;0;0
FR;1;2021-09-05;18614;41146;4126;2;43851;4278;0;0;0;38941362;32938684;252330;356;36335864;106782;10;0;0
FR;1;2021-09-06;59825;151379;30182;15;158918;31204;2;0;0;39001187;33090063;282512;371;36494782;137986;12;0;0
FR;1;2021-09-07;57401;139613;30213;30;146741;31250;2;0;0;39058588;33229676;312725;401;36641523;169236;14;0;0
FR;1;2021-09-08;72353;173794;26926;22;182274;27968;4;0;0;39130941;33403470;339651;423;36823797;197204;18;0;0
FR;1;2021-09-09;54495;124409;28637;24;131175;29742;5;0;0;39185436;33527879;368288;447;36954972;226946;23;0;0
FR;1;2021-09-10;66220;152071;30452;24;161162;31697;5;0;0;39251656;33679950;398740;471;37116134;258643;28;0;0
FR;1;2021-09-11;52690;146632;9732;14;154131;10355;0;0;0;39304346;33826582;408472;485;37270265;268998;28;0;0
FR;1;2021-09-12;10798;29273;2490;1;30972;2659;2;0;0;39315144;33855855;410962;486;37301237;271657;30;0;0
FR;1;2021-09-13;51517;104407;38765;31;110952;40088;16;0;0;39366661;33960262;449727;517;37412189;311745;46;0;0
FR;1;2021-09-14;53341;95996;51287;67;102376;53275;41;0;0;39420002;34056258;501014;584;37514565;365020;87;0;0
FR;1;2021-09-15;60581;139230;50497;55;146404;47069;68;0;0;39480583;34195488;551511;639;37660969;412089;155;0;0
FR;1;2021-09-16;46644;81363;53354;70;86259;49609;61;0;0;39527227;34276851;604865;709;37747228;461698;216;0;0
FR;1;2021-09-17;53225;109333;45078;61;115672;42709;62;0;0;39580452;34386184;649943;770;37862900;504407;278;0;0
FR;1;2021-09-18;37885;118493;11796;19;124081;11278;19;0;0;39618337;34504677;661739;789;37986981;515685;297;0;0
FR;1;2021-09-19;6531;21025;2044;1;22129;1984;1;0;0;39624868;34525702;663783;790;38009110;517669;298;0;0
FR;1;2021-09-20;36545;74841;46231;65;78564;44196;30;0;0;39661413;34600543;710014;855;38087674;561865;328;0;0
FR;1;2021-09-21;34204;68103;56270;72;71136;52748;76;0;0;39695617;34668646;766284;927;38158810;614613;404;0;0
FR;1;2021-09-22;38843;118597;49883;76;123018;46934;39;0;0;39734460;34787243;816167;1003;38281828;661547;443;0;0
FR;1;2021-09-23;32039;62888;54514;85;65794;50922;76;0;0;39766499;34850131;870681;1088;38347622;712469;519;0;0
FR;1;2021-09-24;36799;90022;43676;89;94385;41956;57;0;0;39803298;34940153;914357;1177;38442007;754425;576;0;0
FR;1;2021-09-25;27652;96706;12307;27;101063;12186;19;0;0;39830950;35036859;926664;1204;38543070;766611;595;0;0
FR;1;2021-09-26;4388;15201;1777;5;16064;1700;4;0;0;39835338;35052060;928441;1209;38559134;768311;599;0;0
FR;1;2021-09-27;27355;60209;42913;89;63440;41641;80;0;1;39862693;35112269;971354;1298;38622574;809952;679;0;1
FR;1;2021-09-28;26915;49423;47204;76;52044;44492;40;0;0;39889608;35161692;1018558;1374;38674618;854444;719;0;1
FR;1;2021-09-29;35927;80260;47294;87;84649;45618;34;0;0;39925535;35241952;1065852;1461;38759267;900062;753;0;1
FR;1;2021-09-30;26077;46902;47528;80;49261;45477;52;0;0;39951612;35288854;1113380;1541;38808528;945539;805;0;1
FR;1;2021-10-01;47306;66906;44906;83;70796;44623;15;0;0;39998918;35355760;1158286;1624;38879324;990162;820;0;1
FR;1;2021-10-02;32384;62409;16113;32;67221;16324;6;0;0;40031302;35418169;1174399;1656;38946545;1006486;826;0;1
FR;1;2021-10-03;4343;8566;2043;3;9315;2040;4;0;0;40035645;35426735;1176442;1659;38955860;1008526;830;0;1
FR;1;2021-10-04;28979;44423;47114;79;46835;46983;31;0;0;40064624;35471158;1223556;1738;39002695;1055509;861;0;1
FR;1;2021-10-05;24569;41632;49894;116;43134;49345;49;0;0;40089193;35512790;1273450;1854;39045829;1104854;910;0;1
FR;1;2021-10-06;34660;61384;57508;101;64498;57259;25;0;0;40123853;35574174;1330958;1955;39110327;1162113;935;0;1
FR;1;2021-10-07;21082;39914;53053;74;41090;52001;32;0;0;40144935;35614088;1384011;2029;39151417;1214114;967;0;1
FR;1;2021-10-08;35672;59642;60411;83;62874;61169;28;0;0;40180607;35673730;1444422;2112;39214291;1275283;995;0;1
FR;1;2021-10-09;27466;48018;25497;29;52489;26025;10;0;0;40208073;35721748;1469919;2141;39266780;1301308;1005;0;1
FR;1;2021-10-10;3728;5809;2758;7;6288;2864;1;0;0;40211801;35727557;1472677;2148;39273068;1304172;1006;0;1
FR;1;2021-10-11;24856;38207;54589;88;40295;55263;48;0;0;40236657;35765764;1527266;2236;39313363;1359435;1054;0;1
FR;1;2021-10-12;23384;36575;58076;128;37083;59235;18;0;0;40260041;35802339;1585342;2364;39350446;1418670;1072;0;1
FR;1;2021-10-13;32974;47838;64177;125;50643;65704;23;0;1;40293015;35850177;1649519;2489;39401089;1484374;1095;0;2
FR;1;2021-10-14;21714;34765;53772;103;35678;54364;24;0;0;40314729;35884942;1703291;2592;39436767;1538738;1119;0;2
FR;1;2021-10-15;32751;48759;72335;165;50455;75031;22;0;0;40347480;35933701;1775626;2757;39487222;1613769;1141;0;2
FR;1;2021-10-16;26013;35281;34872;44;38299;36426;13;0;0;40373493;35968982;1810498;2801;39525521;1650195;1154;0;2
FR;1;2021-10-17;3161;4050;3418;2;4495;3317;3;0;0;40376654;35973032;1813916;2803;39530016;1653512;1157;0;2
FR;1;2021-10-18;24352;34879;66849;132;34920;69731;27;0;0;40401006;36007911;1880765;2935;39564936;1723243;1184;0;2
FR;1;2021-10-19;20723;35571;75677;135;33225;79609;40;0;0;40421729;36043482;1956442;3070;39598161;1802852;1224;0;2
FR;1;2021-10-20;29917;44198;96187;178;43273;99878;45;0;0;40451646;36087680;2052629;3248;39641434;1902730;1269;0;2
FR;1;2021-10-21;19803;35054;83198;107;31762;87064;29;0;0;40471449;36122734;2135827;3355;39673196;1989794;1298;0;2
FR;1;2021-10-22;29756;47762;103756;196;44562;109719;58;0;0;40501205;36170496;2239583;3551;39717758;2099513;1356;0;2
FR;1;2021-10-23;23057;35135;44875;57;36132;47383;11;0;0;40524262;36205631;2284458;3608;39753890;2146896;1367;0;2
FR;1;2021-10-24;2407;3842;3584;6;4042;3717;1;0;0;40526669;36209473;2288042;3614;39757932;2150613;1368;0;2
FR;1;2021-10-25;22501;30714;82030;143;29601;85836;36;0;0;40549170;36240187;2370072;3757;39787533;2236449;1404;0;2
FR;1;2021-10-26;19367;27641;86123;162;24741;90352;29;0;0;40568537;36267828;2456195;3919;39812274;2326801;1433;0;2
FR;1;2021-10-27;26223;39616;107825;252;37308;112743;45;0;0;40594760;36307444;2564020;4171;39849582;2439544;1478;0;2
FR;1;2021-10-28;18803;27109;86967;150;23485;91735;34;0;0;40613563;36334553;2650987;4321;39873067;2531279;1512;0;2
FR;1;2021-10-29;25934;40253;114842;202;35489;121677;52;0;0;40639497;36374806;2765829;4523;39908556;2652956;1564;0;2
FR;1;2021-10-30;17713;28711;49372;74;28302;51965;18;0;0;40657210;36403517;2815201;4597;39936858;2704921;1582;0;2
FR;1;2021-10-31;2087;3170;3452;2;3216;3686;2;0;0;40659297;36406687;2818653;4599;39940074;2708607;1584;0;2
FR;1;2021-11-01;8021;4272;3036;3;4359;3293;6;0;0;40667318;36410959;2821689;4602;39944433;2711900;1590;0;2
FR;1;2021-11-02;22911;33223;92416;156;29177;97871;39;0;1;40690229;36444182;2914105;4758;39973610;2809771;1629;0;3
FR;1;2021-11-03;26635;41546;117522;219;36999;123906;56;0;0;40716864;36485728;3031627;4977;40010609;2933677;1685;0;3
FR;1;2021-11-04;19626;30296;105825;213;24190;111969;42;0;0;40736490;36516024;3137452;5190;40034799;3045646;1727;0;3
FR;1;2021-11-05;27024;42293;138797;230;34177;147483;46;0;0;40763514;36558317;3276249;5420;40068976;3193129;1773;0;3
FR;1;2021-11-06;18864;29809;63497;123;27611;66516;24;0;0;40782378;36588126;3339746;5543;40096587;3259645;1797;0;3
FR;1;2021-11-07;1834;3270;4984;6;3027;5301;5;0;0;40784212;36591396;3344730;5549;40099614;3264946;1802;0;3
FR;1;2021-11-08;17880;32245;126017;224;25388;132654;47;0;0;40802092;36623641;3470747;5773;40125002;3397600;1849;0;3
FR;1;2021-11-09;19519;37596;159325;334;26128;169141;63;0;0;40821611;36661237;3630072;6107;40151130;3566741;1912;0;3
FR;1;2021-11-10;28890;49058;181927;441;39016;192549;84;0;0;40850501;36710295;3811999;6548;40190146;3759290;1996;0;3
FR;1;2021-11-11;4192;5931;12237;26;5106;13027;14;0;0;40854693;36716226;3824236;6574;40195252;3772317;2010;0;3
FR;1;2021-11-12;26025;46822;174848;244;35296;186541;78;0;0;40880718;36763048;3999084;6818;40230548;3958858;2088;0;3
FR;1;2021-11-13;18735;29145;76848;111;25372;81795;40;0;0;40899453;36792193;4075932;6929;40255920;4040653;2128;0;3
FR;1;2021-11-14;2050;3242;6827;5;2797;7358;6;0;0;40901503;36795435;4082759;6934;40258717;4048011;2134;0;3
FR;1;2021-11-15;18793;34708;156446;306;24619;166281;59;0;0;40920296;36830143;4239205;7240;40283336;4214292;2193;0;3
FR;1;2021-11-16;21369;37817;192161;380;23328;205075;99;0;1;40941665;36867960;4431366;7620;40306664;4419367;2292;0;4
FR;1;2021-11-17;28672;45550;193255;398;33023;205078;93;0;0;40970337;36913510;4624621;8018;40339687;4624445;2385;0;4
FR;1;2021-11-18;21143;39597;182536;459;25139;194660;86;0;0;40991480;36953107;4807157;8477;40364826;4819105;2471;0;4
FR;1;2021-11-19;30892;53324;230282;532;34820;246778;135;0;0;41022372;37006431;5037439;9009;40399646;5065883;2606;0;4
FR;1;2021-11-20;23773;33212;97000;202;26733;103649;42;0;0;41046145;37039643;5134439;9211;40426379;5169532;2648;0;4
FR;1;2021-11-21;2342;3908;9130;19;2956;9937;16;0;0;41048487;37043551;5143569;9230;40429335;5179469;2664;0;4
FR;1;2021-11-22;21424;30320;175932;467;16942;189475;79;0;0;41069911;37073871;5319501;9697;40446277;5368944;2743;0;4
FR;1;2021-11-23;24031;40978;221262;540;21324;238017;77;0;0;41093942;37114849;5540763;10237;40467601;5606961;2820;0;4
FR;1;2021-11-24;30297;49646;217397;701;31967;234578;67;0;0;41124239;37164495;5758160;10938;40499568;5841539;2887;0;4
FR;1;2021-11-25;23734;44049;244517;718;22079;264216;101;0;0;41147973;37208544;6002677;11656;40521647;6105755;2988;0;4
FR;1;2021-11-26;30618;66645;356840;836;33248;388626;154;0;0;41178591;37275189;6359517;12492;40554895;6494381;3142;0;4
FR;1;2021-11-27;21961;45264;202663;372;26158;222691;112;0;0;41200552;37320453;6562180;12864;40581053;6717072;3254;0;4
FR;1;2021-11-28;3179;9548;54802;63;3471;61015;37;0;0;41203731;37330001;6616982;12927;40584524;6778087;3291;0;4
FR;1;2021-11-29;17902;49471;326427;841;20780;354571;150;0;0;41221633;37379472;6943409;13768;40605304;7132658;3441;0;4
FR;1;2021-11-30;22790;64830;431194;952;23808;470847;263;0;0;41244423;37444302;7374603;14720;40629112;7603505;3704;0;4
FR;1;2021-12-01;25359;69047;442948;1131;28444;481808;271;0;0;41269782;37513349;7817551;15851;40657556;8085313;3975;0;4
FR;1;2021-12-02;20089;64320;489452;1230;18456;532953;274;0;0;41289871;37577669;8307003;17081;40676012;8618266;4249;0;4
FR;1;2021-12-03;22910;82305;542829;1310;30299;591821;308;0;0;41312781;37659974;8849832;18391;40706311;9210087;4557;0;4
FR;1;2021-12-04;16416;53800;299134;654;23215;329001;181;0;0;41329197;37713774;9148966;19045;40729526;9539088;4738;0;4
FR;1;2021-12-05;3635;13780;81547;143;4200;91046;85;0;0;41332832;37727554;9230513;19188;40733726;9630134;4823;0;4
FR;1;2021-12-06;25846;62431;415510;1066;22072;455239;356;0;0;41358678;37789985;9646023;20254;40755798;10085373;5179;0;4
FR;1;2021-12-07;20018;75456;523058;1536;24287;572704;372;0;0;41378696;37865441;10169081;21790;40780085;10658077;5551;0;4
FR;1;2021-12-08;21718;75508;458536;1545;30658;502196;378;0;0;41400414;37940949;10627617;23335;40810743;11160273;5929;0;4
FR;1;2021-12-09;19472;73979;493050;1625;24349;541082;397;0;0;41419886;38014928;11120667;24960;40835092;11701355;6326;0;4
FR;1;2021-12-10;23330;87534;547452;1585;32444;600086;392;0;1;41443216;38102462;11668119;26545;40867536;12301441;6718;0;5
FR;1;2021-12-11;16533;59091;302763;751;25957;335493;279;0;0;41459749;38161553;11970882;27296;40893493;12636934;6997;0;5
FR;1;2021-12-12;4396;15884;83237;179;5248;94047;96;0;0;41464145;38177437;12054119;27475;40898741;12730981;7093;0;5
FR;1;2021-12-13;15760;63448;367069;1094;23947;406356;236;0;0;41479905;38240885;12421188;28569;40922688;13137337;7329;0;5
FR;1;2021-12-14;20867;80127;464865;1748;28663;515316;506;0;1;41500772;38321012;12886053;30317;40951351;13652653;7835;0;6
FR;1;2021-12-15;21625;77316;409168;1309;33034;453241;311;0;1;41522397;38398328;13295221;31626;40984385;14105894;8146;0;7
FR;1;2021-12-16;20065;77065;451977;1577;27943;500708;324;0;0;41542462;38475393;13747198;33203;41012328;14606602;8470;0;7
FR;1;2021-12-17;22628;86402;480012;1737;34667;531041;371;0;0;41565090;38561795;14227210;34940;41046995;15137643;8841;0;7
FR;1;2021-12-18;17610;54558;257654;731;24690;288527;232;0;0;41582700;38616353;14484864;35671;41071685;15426170;9073;0;7
FR;1;2021-12-19;5563;16926;79203;194;5923;90689;116;0;0;41588263;38633279;14564067;35865;41077608;15516859;9189;0;7
FR;1;2021-12-20;20952;62901;316294;1082;26509;355333;284;0;0;41609215;38696180;14880361;36947;41104117;15872192;9473;0;7
FR;1;2021-12-21;26339;72873;372808;1422;30569;418136;338;0;0;41635554;38769053;15253169;38369;41134686;16290328;9811;0;7
FR;1;2021-12-22;24988;65675;310690;1217;29606;349612;361;0;1;41660542;38834728;15563859;39586;41164292;16639940;10172;0;8
FR;1;2021-12-23;21273;52136;241527;958;23363;273071;361;0;0;41681815;38886864;15805386;40544;41187655;16913011;10533;0;8
FR;1;2021-12-24;7129;18263;67167;258;9246;77053;154;0;1;41688944;38905127;15872553;40802;41196901;16990064;10687;0;9
FR;1;2021-12-25;508;2869;5593;15;1798;6540;55;0;0;41689452;38907996;15878146;40817;41198699;16996604;10742;0;9
FR;1;2021-12-26;2750;7575;26953;71;3495;31466;100;0;0;41692202;38915571;15905099;40888;41202194;17028070;10842;0;9
FR;1;2021-12-27;18312;53484;235141;705;25474;265801;365;0;0;41710514;38969055;16140240;41593;41227668;17293871;11207;0;9
FR;1;2021-12-28;23303;61888;292063;1026;26999;330233;595;0;1;41733817;39030943;16432303;42619;41254667;17624104;11802;0;10
FR;1;2021-12-29;22217;55394;255038;921;25271;288240;645;0;1;41756034;39086337;16687341;43540;41279938;17912344;12447;0;11
FR;1;2021-12-30;21239;46420;212182;857;22447;239634;718;0;0;41777273;39132757;16899523;44397;41302385;18151978;13165;0;11
FR;1;2021-12-31;7467;16537;61880;229;8716;70416;346;0;0;41784740;39149294;16961403;44626;41311101;18222394;13511;0;11
FR;1;2022-01-01;1164;2493;5667;30;1542;6581;73;0;0;41785904;39151787;16967070;44656;41312643;18228975;13584;0;11
FR;1;2022-01-02;3088;8076;28895;50;3670;33538;190;0;0;41788992;39159863;16995965;44706;41316313;18262513;13774;0;11
FR;1;2022-01-03;26360;54180;228277;790;27543;257743;960;0;1;41815352;39214043;17224242;45496;41343856;18520256;14734;0;12
FR;1;2022-01-04;26258;65004;299307;1240;29803;337351;1366;0;2;41841610;39279047;17523549;46736;41373659;18857607;16100;0;14
FR;1;2022-01-05;30560;64250;274918;1099;32520;310296;1264;0;0;41872170;39343297;17798467;47835;41406179;19167903;17364;0;14
FR;1;2022-01-06;26850;66189;306935;1404;29278;346593;1568;0;1;41899020;39409486;18105402;49239;41435457;19514496;18932;0;15
FR;1;2022-01-07;31579;74996;349869;1538;34404;394013;1823;0;1;41930599;39484482;18455271;50777;41469861;19908509;20755;0;16
FR;1;2022-01-08;23390;51358;222507;698;25579;251131;913;0;1;41953989;39535840;18677778;51475;41495440;20159640;21668;0;17
FR;1;2022-01-09;7092;17136;66031;163;8173;76136;335;0;0;41961081;39552976;18743809;51638;41503613;20235776;22003;0;17
FR;1;2022-01-10;21803;60598;236824;957;32927;267623;1257;0;1;41982884;39613574;18980633;52595;41536540;20503399;23260;0;18
FR;1;2022-01-11;26776;63446;282326;1280;31209;317846;1837;0;1;42009660;39677020;19262959;53875;41567749;20821245;25097;0;19
FR;1;2022-01-12;28964;62490;246295;1106;35054;278083;1686;0;3;42038624;39739510;19509254;54981;41602803;21099328;26783;0;22
FR;1;2022-01-13;24788;60161;262823;1253;30039;296140;1993;0;4;42063412;39799671;19772077;56234;41632842;21395468;28776;0;26
FR;1;2022-01-14;27968;66702;314040;1366;32124;351291;2475;0;1;42091380;39866373;20086117;57600;41664966;21746759;31251;0;27
FR;1;2022-01-15;19371;44414;199326;618;22471;223860;1362;0;1;42110751;39910787;20285443;58218;41687437;21970619;32613;0;28
FR;1;2022-01-16;5162;12962;51533;135;6022;59559;337;0;0;42115913;39923749;20336976;58353;41693459;22030178;32950;0;28
FR;1;2022-01-17;16880;39679;184848;783;20123;206834;1691;0;2;42132793;39963428;20521824;59136;41713582;22237012;34641;0;30
FR;1;2022-01-18;19456;45965;212444;1154;22988;237047;2458;0;1;42152249;40009393;20734268;60290;41736570;22474059;37099;0;31
FR;1;2022-01-19;20312;43959;176130;898;25483;197190;1977;0;4;42172561;40053352;20910398;61188;41762053;22671249;39076;0;35
FR;1;2022-01-20;16847;40568;183716;1147;20807;204762;2516;0;2;42189408;40093920;21094114;62335;41782860;22876011;41592;0;37
FR;1;2022-01-21;19919;47028;228978;1405;23902;253359;3106;0;1;42209327;40140948;21323092;63740;41806762;23129370;44698;0;38
FR;1;2022-01-22;13844;33334;144502;579;18437;161388;1404;0;2;42223171;40174282;21467594;64319;41825199;23290758;46102;0;40
FR;1;2022-01-23;3380;8767;33434;132;4578;38322;352;0;1;42226551;40183049;21501028;64451;41829777;23329080;46454;0;41
FR;1;2022-01-24;11815;32981;142237;718;17797;158278;2104;0;1;42238366;40216030;21643265;65169;41847574;23487358;48558;0;42
FR;1;2022-01-25;14214;38168;163424;1049;20287;181564;3181;0;1;42252580;40254198;21806689;66218;41867861;23668922;51739;0;43
FR;1;2022-01-26;14864;37721;150263;933;22638;166386;2516;0;1;42267444;40291919;21956952;67151;41890499;23835308;54255;0;44
FR;1;2022-01-27;12340;33325;143468;896;18499;158035;3230;0;3;42279784;40325244;22100420;68047;41908998;23993343;57485;0;47
FR;1;2022-01-28;16328;56912;198327;1144;32664;222393;4006;0;3;42296112;40382156;22298747;69191;41941662;24215736;61491;0;50
FR;1;2022-01-29;10269;35471;135211;525;19611;151539;1880;0;1;42306381;40417627;22433958;69716;41961273;24367275;63371;0;51
FR;1;2022-01-30;2485;9259;29686;86;4831;34450;434;0;1;42308866;40426886;22463644;69802;41966104;24401725;63805;0;52
FR;1;2022-01-31;8758;32469;104353;533;19472;117351;2340;0;3;42317624;40459355;22567997;70335;41985576;24519076;66145;0;55
FR;1;2022-02-01;11000;36460;127086;865;20638;141224;4326;0;1;42328624;40495815;22695083;71200;42006214;24660300;70471;0;56
FR;1;2022-02-02;12057;41573;130366;782;25265;145819;3774;0;9;42340681;40537388;22825449;71982;42031479;24806119;74245;0;65
FR;1;2022-02-03;9422;34046;117028;785;19110;130335;4285;0;4;42350103;40571434;22942477;72767;42050589;24936454;78530;0;69
FR;1;2022-02-04;11539;49300;172586;967;26591;192729;5481;0;5;42361642;40620734;23115063;73734;42077180;25129183;84011;0;74
FR;1;2022-02-05;7999;33925;117591;391;18173;133029;2413;0;3;42369641;40654659;23232654;74125;42095353;25262212;86424;0;77
FR;1;2022-02-06;1706;7994;22754;86;3872;26905;444;0;0;42371347;40662653;23255408;74211;42099225;25289117;86868;0;77
FR;1;2022-02-07;7356;35392;119113;459;18171;134977;3397;0;4;42378703;40698045;23374521;74670;42117396;25424094;90265;0;81
FR;1;2022-02-08;7770;31958;125667;695;14891;140657;4300;0;5;42386473;40730003;23500188;75365;42132287;25564751;94565;0;86
FR;1;2022-02-09;8653;36520;135263;702;17918;152508;3884;0;7;42395126;40766523;23635451;76067;42150205;25717259;98449;0;93
FR;1;2022-02-10;7023;30135;116381;676;13898;130170;4444;0;1;42402149;40796658;23751832;76743;42164103;25847429;102893;0;94
FR;1;2022-02-11;8659;41558;165145;878;18370;185369;5430;0;3;42410808;40838216;23916977;77621;42182473;26032798;108323;0;97
FR;1;2022-02-12;5345;27616;106714;379;12538;120899;2396;0;2;42416153;40865832;24023691;78000;42195011;26153697;110719;0;99
FR;1;2022-02-13;1269;5720;21719;66;2187;25337;402;0;3;42417422;40871552;24045410;78066;42197198;26179034;111121;0;102
FR;1;2022-02-14;5459;27228;118093;394;10644;133121;3384;0;4;42422881;40898780;24163503;78460;42207842;26312155;114505;0;106
FR;1;2022-02-15;5793;28868;118940;611;12215;132573;4882;0;1;42428674;40927648;24282443;79071;42220057;26444728;119387;0;107
FR;1;2022-02-16;5761;28492;110424;596;13758;123054;4152;0;3;42434435;40956140;24392867;79667;42233815;26567782;123539;0;110
FR;1;2022-02-17;4613;19744;73148;489;10127;80254;3998;0;3;42439048;40975884;24466015;80156;42243942;26648036;127537;0;113
FR;1;2022-02-18;5611;26793;99207;673;14166;108167;5519;0;2;42444659;41002677;24565222;80829;42258108;26756203;133056;0;115
FR;1;2022-02-19;3551;17178;59477;304;9570;66058;2266;0;0;42448210;41019855;24624699;81133;42267678;26822261;135322;0;115
FR;1;2022-02-20;791;3257;10706;36;1650;12333;360;0;1;42449001;41023112;24635405;81169;42269328;26834594;135682;0;116
FR;1;2022-02-21;3430;14598;52829;286;7919;57677;3126;0;2;42452431;41037710;24688234;81455;42277247;26892271;138808;0;118
FR;1;2022-02-22;3799;15545;51918;500;9042;55656;4070;0;1;42456230;41053255;24740152;81955;42286289;26947927;142878;0;119
FR;1;2022-02-23;4233;17825;57483;510;10744;62584;3569;0;3;42460463;41071080;24797635;82465;42297033;27010511;146447;0;122
FR;1;2022-02-24;3344;13143;43619;436;7837;46410;3657;0;2;42463807;41084223;24841254;82901;42304870;27056921;150104;0;124
FR;1;2022-02-25;4475;20042;64924;697;12160;68796;5767;0;4;42468282;41104265;24906178;83598;42317030;27125717;155871;0;128
FR;1;2022-02-26;2698;12804;41371;310;7651;45124;2494;0;2;42470980;41117069;24947549;83908;42324681;27170841;158365;0;130
FR;1;2022-02-27;644;2191;7132;42;1206;7995;433;0;0;42471624;41119260;24954681;83950;42325887;27178836;158798;0;130
FR;1;2022-02-28;2612;10496;34966;306;6077;37392;3124;0;0;42474236;41129756;24989647;84256;42331964;27216228;161922;0;130
FR;1;2022-03-01;3585;10757;38705;391;6361;39660;4549;0;4;42477821;41140513;25028352;84647;42338325;27255888;166471;0;134
FR;1;2022-03-02;3681;12187;41868;398;7453;43938;4110;0;1;42481502;41152700;25070220;85045;42345778;27299826;170581;0;135
FR;1;2022-03-03;2462;7988;26185;329;5244;26523;3380;0;1;42483964;41160688;25096405;85374;42351022;27326349;173961;0;136
FR;1;2022-03-04;2689;10525;35457;594;6956;34953;5278;0;3;42486653;41171213;25131862;85968;42357978;27361302;179239;0;139
FR;1;2022-03-05;1823;6364;21971;280;4202;22370;2571;0;1;42488476;41177577;25153833;86248;42362180;27383672;181810;0;140
FR;1;2022-03-06;359;957;2917;38;603;3120;327;0;0;42488835;41178534;25156750;86286;42362783;27386792;182137;0;140
FR;1;2022-03-07;1819;4723;16440;245;3045;15908;2831;0;4;42490654;41183257;25173190;86531;42365828;27402700;184968;0;144
FR;1;2022-03-08;1716;5260;17170;309;3671;15998;3472;0;3;42492370;41188517;25190360;86840;42369499;27418698;188440;0;147
FR;1;2022-03-09;1988;6678;19818;370;4753;19177;3422;0;4;42494358;41195195;25210178;87210;42374252;27437875;191862;0;151
FR;1;2022-03-10;1415;5014;15297;308;3666;14335;2943;0;2;42495773;41200209;25225475;87518;42377918;27452210;194805;0;153
FR;1;2022-03-11;1761;6407;21717;487;4442;19870;4739;0;1;42497534;41206616;25247192;88005;42382360;27472080;199544;0;154
FR;1;2022-03-12;1262;4653;15366;281;3095;14915;2686;0;2;42498796;41211269;25262558;88286;42385455;27486995;202230;0;156
FR;1;2022-03-13;257;612;2120;119;412;2066;468;0;0;42499053;41211881;25264678;88405;42385867;27489061;202698;0;156
FR;1;2022-03-14;1156;3678;13406;3882;2293;12528;6342;0;8;42500209;41215559;25278084;92287;42388160;27501589;209040;0;164
FR;1;2022-03-15;1409;5734;14663;6865;4318;13260;9846;0;8;42501618;41221293;25292747;99152;42392478;27514849;218886;0;172
FR;1;2022-03-16;1695;5086;17395;11520;3596;16461;14125;0;6;42503313;41226379;25310142;110672;42396074;27531310;233011;0;178
FR;1;2022-03-17;1177;3439;11733;9648;2365;10827;11732;0;8;42504490;41229818;25321875;120320;42398439;27542137;244743;0;186
FR;1;2022-03-18;1726;4930;17977;16507;3324;16416;19721;0;14;42506216;41234748;25339852;136827;42401763;27558553;264464;0;200
FR;1;2022-03-19;1126;3300;11891;8460;2276;11360;10142;0;6;42507342;41238048;25351743;145287;42404039;27569913;274606;0;206
FR;1;2022-03-20;224;560;1725;1014;362;1759;1224;0;2;42507566;41238608;25353468;146301;42404401;27571672;275830;0;208
FR;1;2022-03-21;1087;2766;11503;13462;1787;10852;15142;0;10;42508653;41241374;25364971;159763;42406188;27582524;290972;0;218
FR;1;2022-03-22;1282;3212;12260;18716;2153;11248;20619;0;5;42509935;41244586;25377231;178479;42408341;27593772;311591;0;223
FR;1;2022-03-23;1513;4357;16033;20111;2953;15714;21882;0;34;42511448;41248943;25393264;198590;42411294;27609486;333473;0;257
FR;1;2022-03-24;1118;2754;10401;16056;1910;9663;17560;0;15;42512566;41251697;25403665;214646;42413204;27619149;351033;0;272
FR;1;2022-03-25;1537;4361;16753;25315;2879;15405;27959;0;23;42514103;41256058;25420418;239961;42416083;27634554;378992;0;295
FR;1;2022-03-26;1110;3015;10856;11450;2064;10517;12862;0;20;42515213;41259073;25431274;251411;42418147;27645071;391854;0;315
FR;1;2022-03-27;236;546;1751;1383;335;1804;1594;0;1;42515449;41259619;25433025;252794;42418482;27646875;393448;0;316
FR;1;2022-03-28;1082;2489;9980;15885;1556;9602;17229;0;10;42516531;41262108;25443005;268679;42420038;27656477;410677;0;326
FR;1;2022-03-29;1142;2748;11560;25111;1599;10924;26508;0;30;42517673;41264856;25454565;293790;42421637;27667401;437185;0;356
FR;1;2022-03-30;1632;3614;14171;24229;2388;13711;25893;0;19;42519305;41268470;25468736;318019;42424025;27681112;463078;0;375
FR;1;2022-03-31;1280;3016;11700;22688;2042;11215;24008;0;40;42520585;41271486;25480436;340707;42426067;27692327;487086;0;415
FR;1;2022-04-01;2236;4022;18488;28533;2477;17358;30805;0;53;42522821;41275508;25498924;369240;42428544;27709685;517891;0;468
FR;1;2022-04-02;910;1892;8197;9238;1106;7958;10232;0;28;42523731;41277400;25507121;378478;42429650;27717643;528123;0;496
FR;1;2022-04-03;206;382;1433;1058;219;1435;1249;0;1;42523937;41277782;25508554;379536;42429869;27719078;529372;0;497
FR;1;2022-04-04;3413;2532;11376;17680;1618;10769;18898;0;30;42527350;41280314;25519930;397216;42431487;27729847;548270;0;527
FR;1;2022-04-05;2236;2712;13002;31220;1697;12028;32600;0;68;42529586;41283026;25532932;428436;42433184;27741875;580870;0;595
FR;1;2022-04-06;1882;3011;12205;23946;1918;11641;25244;0;62;42531468;41286037;25545137;452382;42435102;27753516;606114;0;657
FR;1;2022-04-07;1692;2747;12356;31094;1647;11822;32169;0;68;42533160;41288784;25557493;483476;42436749;27765338;638283;0;725
FR;1;2022-04-08;1845;3700;17568;40645;2089;16494;42699;0;76;42535005;41292484;25575061;524121;42438838;27781832;680982;0;801
FR;1;2022-04-09;827;1998;8405;12503;1075;8105;13502;0;26;42535832;41294482;25583466;536624;42439913;27789937;694484;0;827
FR;1;2022-04-10;201;653;1836;1855;418;1882;2075;0;6;42536033;41295135;25585302;538479;42440331;27791819;696559;0;833
FR;1;2022-04-11;1096;2255;10970;22351;1304;10687;23458;0;68;42537129;41297390;25596272;560830;42441635;27802506;720017;0;901
FR;1;2022-04-12;1350;2673;12826;38145;1587;12315;38896;0;119;42538479;41300063;25609098;598975;42443222;27814821;758913;0;1020
FR;1;2022-04-13;1282;2894;12278;30627;1789;12009;31399;0;85;42539761;41302957;25621376;629602;42445011;27826830;790312;0;1105
FR;1;2022-04-14;1232;2594;12118;33633;1597;12132;34070;0;87;42540993;41305551;25633494;663235;42446608;27838962;824382;0;1192
FR;1;2022-04-15;1500;3272;14407;33266;2088;13811;34669;0;107;42542493;41308823;25647901;696501;42448696;27852773;859051;0;1299
FR;1;2022-04-16;660;1410;5845;8003;767;5777;8757;0;31;42543153;41310233;25653746;704504;42449463;27858550;867808;0;1330
FR;1;2022-04-17;157;290;930;1121;177;975;1171;0;7;42543310;41310523;25654676;705625;42449640;27859525;868979;0;1337
FR;1;2022-04-18;168;481;2636;1002;297;2660;1187;0;5;42543478;41311004;25657312;706627;42449937;27862185;870166;0;1342
FR;1;2022-04-19;1258;2609;11788;27935;1498;11518;28791;0;69;42544736;41313613;25669100;734562;42451435;27873703;898957;0;1411
FR;1;2022-04-20;1355;2671;12177;26881;1673;12028;27707;0;82;42546091;41316284;25681277;761443;42453108;27885731;926664;0;1493
FR;1;2022-04-21;1244;2461;11550;33261;1510;11766;33613;0;107;42547335;41318745;25692827;794704;42454618;27897497;960277;0;1600
FR;1;2022-04-22;1527;3089;15218;35505;1924;14795;36703;0;120;42548862;41321834;25708045;830209;42456542;27912292;996980;0;1720
FR;1;2022-04-23;766;1583;6736;9894;919;6642;10578;0;30;42549628;41323417;25714781;840103;42457461;27918934;1007558;0;1750
FR;1;2022-04-24;196;377;1374;1523;241;1328;1747;0;7;42549824;41323794;25716155;841626;42457702;27920262;1009305;0;1757
FR;1;2022-04-25;1042;2131;9857;19733;1254;9757;20555;0;64;42550866;41325925;25726012;861359;42458956;27930019;1029860;0;1821
FR;1;2022-04-26;1351;2623;12604;36630;1604;12204;37217;0;163;42552217;41328548;25738616;897989;42460560;27942223;1067077;0;1984
FR;1;2022-04-27;1330;2407;10654;29273;1465;10790;29659;0;122;42553547;41330955;25749270;927262;42462025;27953013;1096736;0;2106
FR;1;2022-04-28;1284;2411;11561;34309;1518;11403;34458;0;127;42554831;41333366;25760831;961571;42463543;27964416;1131194;0;2233
FR;1;2022-04-29;1612;4285;14404;35563;3158;13856;36853;0;153;42556443;41337651;25775235;997134;42466701;27978272;1168047;0;2386
FR;1;2022-04-30;838;3578;6446;9173;3006;6290;9974;0;35;42557281;41341229;25781681;1006307;42469707;27984562;1178021;0;2421
FR;1;2022-05-01;177;288;832;951;190;826;1080;0;5;42557458;41341517;25782513;1007258;42469897;27985388;1179101;0;2426
FR;1;2022-05-02;2020;2610;10379;16949;1765;10302;17632;0;64;42559478;41344127;25792892;1024207;42471662;27995690;1196733;0;2490
FR;1;2022-05-03;1680;2876;12711;32896;1760;12603;33695;0;149;42561158;41347003;25805603;1057103;42473422;28008293;1230428;0;2639
FR;1;2022-05-04;1378;2745;11232;23822;1690;11393;24361;0;96;42562536;41349748;25816835;1080925;42475112;28019686;1254789;0;2735
FR;1;2022-05-05;1493;2728;12201;31857;1713;12123;32405;0;170;42564029;41352476;25829036;1112782;42476825;28031809;1287194;0;2905
FR;1;2022-05-06;1821;3235;14239;34939;1912;13823;36201;0;166;42565850;41355711;25843275;1147721;42478737;28045632;1323395;0;3071
FR;1;2022-05-07;859;1473;5979;9097;878;6013;9731;0;44;42566709;41357184;25849254;1156818;42479615;28051645;1333126;0;3115
FR;1;2022-05-08;190;329;1062;1472;221;1124;1548;0;8;42566899;41357513;25850316;1158290;42479836;28052769;1334674;0;3123
FR;1;2022-05-09;1160;2017;9248;19262;1157;9162;20035;0;93;42568059;41359530;25859564;1177552;42480993;28061931;1354709;0;3216
FR;1;2022-05-10;1505;3045;12620;37145;1955;12219;38043;0;177;42569564;41362575;25872184;1214697;42482948;28074150;1392752;0;3393
FR;1;2022-05-11;1440;2474;9911;26037;1692;9859;26558;0;138;42571004;41365049;25882095;1240734;42484640;28084009;1419310;0;3531
FR;1;2022-05-12;1325;2450;10524;33632;1541;10227;34275;0;188;42572329;41367499;25892619;1274366;42486181;28094236;1453585;0;3719
FR;1;2022-05-13;1616;2805;12770;35854;1683;12418;36949;0;149;42573945;41370304;25905389;1310220;42487864;28106654;1490534;0;3868
FR;1;2022-05-14;782;1324;5481;10216;809;5365;10731;0;51;42574727;41371628;25910870;1320436;42488673;28112019;1501265;0;3919
FR;1;2022-05-15;223;420;1182;1352;244;1252;1497;0;5;42574950;41372048;25912052;1321788;42488917;28113271;1502762;0;3924
FR;1;2022-05-16;971;1785;8079;20137;1004;8143;20550;0;117;42575921;41373833;25920131;1341925;42489921;28121414;1523312;0;4041
FR;1;2022-05-17;1294;2301;11122;36187;1384;10727;36972;0;172;42577215;41376134;25931253;1378112;42491305;28132141;1560284;0;4213
FR;1;2022-05-18;1313;2134;9040;25727;1367;8990;26286;0;99;42578528;41378268;25940293;1403839;42492672;28141131;1586570;0;4312
FR;1;2022-05-19;1204;2403;9853;33999;1411;9949;34200;0;150;42579732;41380671;25950146;1437838;42494083;28151080;1620770;0;4462
FR;1;2022-05-20;1561;2755;12530;37656;1718;12112;38515;0;151;42581293;41383426;25962676;1475494;42495801;28163192;1659285;0;4613
FR;1;2022-05-21;775;1383;5247;9374;875;5165;9943;0;37;42582068;41384809;25967923;1484868;42496676;28168357;1669228;0;4650
FR;1;2022-05-22;193;292;951;1397;204;951;1519;0;10;42582261;41385101;25968874;1486265;42496880;28169308;1670747;0;4660
FR;1;2022-05-23;971;1887;8370;19414;1174;8345;20031;0;79;42583232;41386988;25977244;1505679;42498054;28177653;1690778;0;4739
FR;1;2022-05-24;1288;2449;10727;37250;1441;10597;37823;0;173;42584520;41389437;25987971;1542929;42499495;28188250;1728601;0;4912
FR;1;2022-05-25;1273;2299;8792;23693;1426;8956;24055;0;111;42585793;41391736;25996763;1566622;42500921;28197206;1752656;0;5023
FR;1;2022-05-26;175;385;1585;1155;261;1579;1289;0;24;42585968;41392121;25998348;1567777;42501182;28198785;1753945;0;5047
FR;1;2022-05-27;1117;2189;8789;20458;1374;8537;21411;0;84;42587085;41394310;26007137;1588235;42502556;28207322;1775356;0;5131
FR;1;2022-05-28;486;1058;3691;6541;626;3728;6928;0;37;42587571;41395368;26010828;1594776;42503182;28211050;1782284;0;5168
FR;1;2022-05-29;121;257;707;896;149;718;1005;0;4;42587692;41395625;26011535;1595672;42503331;28211768;1783289;0;5172
FR;1;2022-05-30;831;1741;6558;18536;1043;6590;18990;0;85;42588523;41397366;26018093;1614208;42504374;28218358;1802279;0;5257
FR;1;2022-05-31;1266;2237;9247;34373;1371;9116;34975;0;159;42589789;41399603;26027340;1648581;42505745;28227474;1837254;0;5416
FR;1;2022-06-01;1330;2602;10438;23459;1748;10301;24306;0;116;42591119;41402205;26037778;1672040;42507493;28237775;1861560;0;5532
FR;1;2022-06-02;1226;2307;10664;34153;1446;10242;34986;0;162;42592345;41404512;26048442;1706193;42508939;28248017;1896546;0;5694
FR;1;2022-06-03;1445;2741;12731;37108;1731;12151;38285;0;157;42593790;41407253;26061173;1743301;42510670;28260168;1934831;0;5851
FR;1;2022-06-04;684;1262;4750;8677;759;4826;9167;0;62;42594474;41408515;26065923;1751978;42511429;28264994;1943998;0;5913
FR;1;2022-06-05;134;292;810;1048;150;834;1153;0;3;42594608;41408807;26066733;1753026;42511579;28265828;1945151;0;5916
FR;1;2022-06-06;724;1174;2025;1252;998;2042;1427;0;9;42595332;41409981;26068758;1754278;42512577;28267870;1946578;0;5925
FR;1;2022-06-07;1253;2341;9181;34046;1436;8842;35144;0;143;42596585;41412322;26077939;1788324;42514013;28276712;1981722;0;6068
FR;1;2022-06-08;1134;2236;8673;27610;1401;8556;28480;0;107;42597719;41414558;26086612;1815934;42515414;28285268;2010202;0;6175
FR;1;2022-06-09;1073;2149;9987;37569;1281;9671;38336;0;148;42598792;41416707;26096599;1853503;42516695;28294939;2048538;0;6323
FR;1;2022-06-10;1337;2851;12414;43132;1816;12005;44361;0;200;42600129;41419558;26109013;1896635;42518511;28306944;2092899;0;6523
FR;1;2022-06-11;661;1451;5139;11084;798;5188;11613;0;50;42600790;41421009;26114152;1907719;42519309;28312132;2104512;0;6573
FR;1;2022-06-12;154;377;1018;1687;189;1076;1788;0;11;42600944;41421386;26115170;1909406;42519498;28313208;2106300;0;6584
FR;1;2022-06-13;940;1839;7015;22225;1134;6872;23066;0;84;42601884;41423225;26122185;1931631;42520632;28320080;2129366;0;6668
FR;1;2022-06-14;1112;2230;9840;42847;1309;9243;43939;0;186;42602996;41425455;26132025;1974478;42521941;28329323;2173305;0;6854
FR;1;2022-06-15;1088;2002;8787;29381;1354;8466;29938;0;168;42604084;41427457;26140812;2003859;42523295;28337789;2203243;0;7022
FR;1;2022-06-16;956;1839;9399;38508;1061;8878;39415;0;188;42605040;41429296;26150211;2042367;42524356;28346667;2242658;0;7210
FR;1;2022-06-17;1225;2567;11909;44858;1479;11370;46003;0;224;42606265;41431863;26162120;2087225;42525835;28358037;2288661;0;7434
FR;1;2022-06-18;563;1277;4318;10544;717;4257;11086;0;62;42606828;41433140;26166438;2097769;42526552;28362294;2299747;0;7496
FR;1;2022-06-19;137;325;1003;1543;173;1082;1609;0;12;42606965;41433465;26167441;2099312;42526725;28363376;2301356;0;7508
FR;1;2022-06-20;860;1704;8494;25049;1002;8158;25910;0;144;42607825;41435169;26175935;2124361;42527727;28371534;2327266;0;7652
FR;1;2022-06-21;1101;2137;9765;47759;1253;8855;49104;0;241;42608926;41437306;26185700;2172120;42528980;28380389;2376370;0;7893
FR;1;2022-06-22;1044;2068;8434;37154;1296;7953;38016;0;231;42609970;41439374;26194134;2209274;42530276;28388342;2414386;0;8124
FR;1;2022-06-23;1054;2179;10124;52811;1210;9407;53820;0;290;42611024;41441553;26204258;2262085;42531486;28397749;2468206;0;8414
FR;1;2022-06-24;1255;2718;12913;65969;1487;11698;67640;0;367;42612279;41444271;26217171;2328054;42532973;28409447;2535846;0;8781
FR;1;2022-06-25;684;1506;5929;18923;792;5711;19722;0;163;42612963;41445777;26223100;2346977;42533765;28415158;2555568;0;8944
FR;1;2022-06-26;167;406;1817;3494;191;1713;3730;0;34;42613130;41446183;26224917;2350471;42533956;28416871;2559298;0;8978
FR;1;2022-06-27;943;1774;9901;45978;939;9127;47113;0;300;42614073;41447957;26234818;2396449;42534895;28425998;2606411;0;9278
FR;1;2022-06-28;1215;2575;13839;86565;1380;12404;88251;0;569;42615288;41450532;26248657;2483014;42536275;28438402;2694662;0;9847
FR;1;2022-06-29;1242;2293;11480;67398;1256;10547;68444;0;487;42616530;41452825;26260137;2550412;42537531;28448949;2763106;0;10334
FR;1;2022-06-30;1287;2478;13518;89969;1426;11827;91767;0;645;42617817;41455303;26273655;2640381;42538957;28460776;2854873;0;10979
FR;1;2022-07-01;1656;3476;20305;109192;1988;17964;111584;0;859;42619473;41458779;26293960;2749573;42540945;28478740;2966457;0;11838
FR;1;2022-07-02;769;1527;8021;33775;751;7251;34801;0;315;42620242;41460306;26301981;2783348;42541696;28485991;3001258;0;12153
FR;1;2022-07-03;228;480;1942;6118;256;1758;6444;0;71;42620470;41460786;26303923;2789466;42541952;28487749;3007702;0;12224
FR;1;2022-07-04;1522;3139;13932;75411;2018;12358;77301;0;589;42621992;41463925;26317855;2864877;42543970;28500107;3085003;0;12813
FR;1;2022-07-05;1472;2852;17688;126361;1506;15146;128474;0;1059;42623464;41466777;26335543;2991238;42545476;28515253;3213477;0;13872
FR;1;2022-07-06;1362;2398;14882;93729;1377;12905;95164;0;815;42624826;41469175;26350425;3084967;42546853;28528158;3308641;0;14687
FR;1;2022-07-07;1439;2539;16933;119491;1408;14005;121585;0;1074;42626265;41471714;26367358;3204458;42548261;28542163;3430226;0;15761
FR;1;2022-07-08;1533;2822;19608;129998;1539;15970;132804;0;1220;42627798;41474536;26386966;3334456;42549800;28558133;3563030;0;16981
FR;1;2022-07-09;662;1280;7306;36020;700;6347;36810;0;392;42628460;41475816;26394272;3370476;42550500;28564480;3599840;0;17373
FR;1;2022-07-10;241;649;2240;6689;404;2032;7068;0;89;42628701;41476465;26396512;3377165;42550904;28566512;3606908;0;17462
FR;1;2022-07-11;1229;2234;14318;84449;1171;11939;86560;0;734;42629930;41478699;26410830;3461614;42552075;28578451;3693468;0;18196
FR;1;2022-07-12;1593;2800;19462;137420;1436;15901;139909;0;1485;42631523;41481499;26430292;3599034;42553511;28594352;3833377;0;19681
FR;1;2022-07-13;1449;2438;14789;89836;1315;12643;91521;0;1002;42632972;41483937;26445081;3688870;42554826;28606995;3924898;0;20683
FR;1;2022-07-14;161;350;1864;5288;195;1773;5435;0;74;42633133;41484287;26446945;3694158;42555021;28608768;3930333;0;20757
FR;1;2022-07-15;1265;2313;14361;80596;1196;12004;82600;0;960;42634398;41486600;26461306;3774754;42556217;28620772;4012933;0;21717
FR;1;2022-07-16;510;1063;5639;23949;555;4893;24589;0;302;42634908;41487663;26466945;3798703;42556772;28625665;4037522;0;22019
FR;1;2022-07-17;163;368;1656;4463;193;1500;4726;0;60;42635071;41488031;26468601;3803166;42556965;28627165;4042248;0;22079
FR;1;2022-07-18;973;2034;11300;59280;1144;9569;61005;0;715;42636044;41490065;26479901;3862446;42558109;28636734;4103253;0;22794
FR;1;2022-07-19;1231;2127;14691;99422;1191;11724;101417;0;1386;42637275;41492192;26494592;3961868;42559300;28648458;4204670;0;24180
FR;1;2022-07-20;1184;2003;12372;74369;1172;10282;75856;0;964;42638459;41494195;26506964;4036237;42560472;28658740;4280526;0;25144
FR;1;2022-07-21;1135;1952;12416;84539;1186;9992;85904;0;1211;42639594;41496147;26519380;4120776;42561658;28668732;4366430;0;26355
FR;1;2022-07-22;1266;2235;14101;85940;1249;11431;87679;0;1263;42640860;41498382;26533481;4206716;42562907;28680163;4454109;0;27618
FR;1;2022-07-23;547;1092;5236;21295;633;4610;21840;0;373;42641407;41499474;26538717;4228011;42563540;28684773;4475949;0;27991
FR;1;2022-07-24;148;305;1325;3699;152;1167;3923;0;65;42641555;41499779;26540042;4231710;42563692;28685940;4479872;0;28056
FR;1;2022-07-25;890;1630;9075;46115;980;7523;47491;0;680;42642445;41501409;26549117;4277825;42564672;28693463;4527363;0;28736
FR;1;2022-07-26;1132;1961;12680;81962;1118;10336;83575;0;1198;42643577;41503370;26561797;4359787;42565790;28703799;4610938;0;29934
FR;1;2022-07-27;1017;1729;9759;58520;1043;8139;59701;0;874;42644594;41505099;26571556;4418307;42566833;28711938;4670639;0;30808
FR;1;2022-07-28;980;1704;9853;61902;1112;7847;63130;0;967;42645574;41506803;26581409;4480209;42567945;28719785;4733769;0;31775
FR;1;2022-07-29;1112;1841;10457;62985;1167;8382;64299;0;1066;42646686;41508644;26591866;4543194;42569112;28728167;4798068;0;32841
FR;1;2022-07-30;392;723;3349;14491;439;2849;14851;0;279;42647078;41509367;26595215;4557685;42569551;28731016;4812919;0;33120
FR;1;2022-07-31;141;263;900;2335;158;766;2477;0;47;42647219;41509630;26596115;4560020;42569709;28731782;4815396;0;33167
FR;1;2022-08-01;771;1422;7254;28963;1038;6117;29954;0;519;42647990;41511052;26603369;4588983;42570747;28737899;4845350;0;33686
FR;1;2022-08-02;907;1481;8234;54033;996;6628;54683;0;1091;42648897;41512533;26611603;4643016;42571743;28744527;4900033;0;34777
FR;1;2022-08-03;727;1106;6152;37042;751;4935;37772;0;644;42649624;41513639;26617755;4680058;42572494;28749462;4937805;0;35421
FR;1;2022-08-04;647;1079;6256;41447;695;5051;42001;0;850;42650271;41514718;26624011;4721505;42573189;28754513;4979806;0;36271
FR;1;2022-08-05;742;1196;6765;43072;806;5433;43703;0;933;42651013;41515914;26630776;4764577;42573995;28759946;5023509;0;37204
FR;1;2022-08-06;275;461;1991;8999;301;1672;9191;0;218;42651288;41516375;26632767;4773576;42574296;28761618;5032700;0;37422
FR;1;2022-08-07;89;145;520;1556;101;436;1630;0;35;42651377;41516520;26633287;4775132;42574397;28762054;5034330;0;37457
FR;1;2022-08-08;513;1020;3803;21217;774;3137;21624;0;457;42651890;41517540;26637090;4796349;42575171;28765191;5055954;0;37914
FR;1;2022-08-09;620;1050;5682;38471;740;4557;38965;0;794;42652510;41518590;26642772;4834820;42575911;28769748;5094919;0;38708
FR;1;2022-08-10;546;1130;4435;26913;831;3636;27226;0;601;42653056;41519720;26647207;4861733;42576742;28773384;5122145;0;39309
FR;1;2022-08-11;547;917;4310;28206;629;3584;28534;0;634;42653603;41520637;26651517;4889939;42577371;28776968;5150679;0;39943
FR;1;2022-08-12;621;1037;4552;27165;711;3760;27576;0;668;42654224;41521674;26656069;4917104;42578082;28780728;5178255;0;40611
FR;1;2022-08-13;201;367;1248;5108;260;1065;5279;0;116;42654425;41522041;26657317;4922212;42578342;28781793;5183534;0;40727
FR;1;2022-08-14;66;115;276;871;96;235;941;0;24;42654491;41522156;26657593;4923083;42578438;28782028;5184475;0;40751
FR;1;2022-08-15;88;185;572;542;154;533;593;0;16;42654579;41522341;26658165;4923625;42578592;28782561;5185068;0;40767
FR;1;2022-08-16;530;948;3787;21487;706;3217;21687;0;582;42655109;41523289;26661952;4945112;42579298;28785778;5206755;0;41349
FR;1;2022-08-17;535;906;3768;22149;674;3194;22391;0;579;42655644;41524195;26665720;4967261;42579972;28788972;5229146;0;41928
FR;1;2022-08-18;545;887;3936;25439;687;3134;25661;0;630;42656189;41525082;26669656;4992700;42580659;28792106;5254807;0;42558
FR;1;2022-08-19;536;1047;4369;26544;747;3601;26852;0;732;42656725;41526129;26674025;5019244;42581406;28795707;5281659;0;43290
FR;1;2022-08-20;235;417;1289;5371;317;1106;5524;0;138;42656960;41526546;26675314;5024615;42581723;28796813;5287183;0;43428
FR;1;2022-08-21;84;111;287;989;76;253;1012;0;27;42657044;41526657;26675601;5025604;42581799;28797066;5288195;0;43455
FR;1;2022-08-22;492;892;3141;14953;663;2713;15229;0;411;42657536;41527549;26678742;5040557;42582462;28799779;5303424;0;43866
FR;1;2022-08-23;645;1062;4153;28321;746;3487;28400;0;830;42658181;41528611;26682895;5068878;42583208;28803266;5331824;0;44696
FR;1;2022-08-24;557;833;3401;19060;654;2770;19245;0;587;42658738;41529444;26686296;5087938;42583862;28806036;5351069;0;45283
FR;1;2022-08-25;563;927;3827;22919;647;3210;23148;0;655;42659301;41530371;26690123;5110857;42584509;28809246;5374217;0;45938
FR;1;2022-08-26;748;1133;4348;25156;808;3565;25531;0;745;42660049;41531504;26694471;5136013;42585317;28812811;5399748;0;46683
FR;1;2022-08-27;219;431;1324;5302;275;1192;5356;0;192;42660268;41531935;26695795;5141315;42585592;28814003;5405104;0;46875
FR;1;2022-08-28;111;146;298;898;105;280;947;0;33;42660379;41532081;26696093;5142213;42585697;28814283;5406051;0;46908
FR;1;2022-08-29;502;856;2976;14248;632;2515;14558;0;409;42660881;41532937;26699069;5156461;42586329;28816798;5420609;0;47317
FR;1;2022-08-30;740;1102;4626;27711;779;3776;28032;0;793;42661621;41534039;26703695;5184172;42587108;28820574;5448641;0;48110
FR;1;2022-08-31;586;831;3112;17234;609;2622;17496;0;483;42662207;41534870;26706807;5201406;42587717;28823196;5466137;0;48593
FR;1;2022-09-01;681;921;4330;21874;648;3689;22135;0;587;42662888;41535791;26711137;5223280;42588365;28826885;5488272;0;49180
FR;1;2022-09-02;777;1052;4880;27864;748;4077;28151;0;882;42663665;41536843;26716017;5251144;42589113;28830962;5516423;0;50062
FR;1;2022-09-03;318;506;1832;5875;345;1593;6104;0;174;42663983;41537349;26717849;5257019;42589458;28832555;5522527;0;50236
FR;1;2022-09-04;108;137;341;842;73;334;912;0;21;42664091;41537486;26718190;5257861;42589531;28832889;5523439;0;50257
FR;1;2022-09-05;597;735;3040;15690;558;2546;15973;0;499;42664688;41538221;26721230;5273551;42590089;28835435;5539412;0;50756
FR;1;2022-09-06;729;945;4569;31063;594;3708;31284;0;1002;42665417;41539166;26725799;5304614;42590683;28839143;5570696;0;51758
FR;1;2022-09-07;547;691;2919;16443;451;2422;16580;0;550;42665964;41539857;26728718;5321057;42591134;28841565;5587276;0;52308
FR;1;2022-09-08;573;790;3699;24207;536;3039;24288;0;796;42666537;41540647;26732417;5345264;42591670;28844604;5611564;0;53104
FR;1;2022-09-09;772;971;4304;26884;612;3592;27067;0;902;42667309;41541618;26736721;5372148;42592282;28848196;5638631;0;54006
FR;1;2022-09-10;335;488;1675;5588;318;1477;5778;0;204;42667644;41542106;26738396;5377736;42592600;28849673;5644409;0;54210
FR;1;2022-09-11;105;120;312;645;82;292;702;0;17;42667749;41542226;26738708;5378381;42592682;28849965;5645111;0;54227
FR;1;2022-09-12;450;594;2613;12948;415;2230;13228;0;462;42668199;41542820;26741321;5391329;42593097;28852195;5658339;0;54689
FR;1;2022-09-13;586;815;3868;25835;525;3381;25710;0;835;42668785;41543635;26745189;5417164;42593622;28855576;5684049;0;55524
FR;1;2022-09-14;572;704;2875;15694;489;2405;15930;0;537;42669357;41544339;26748064;5432858;42594111;28857981;5699979;0;56061
FR;1;2022-09-15;513;725;3337;23087;496;2844;23150;0;677;42669870;41545064;26751401;5455945;42594607;28860825;5723129;0;56738
FR;1;2022-09-16;720;936;4015;25333;621;3386;25534;0;891;42670590;41546000;26755416;5481278;42595228;28864211;5748663;0;57629
FR;1;2022-09-17;294;418;1395;5978;289;1220;6086;0;227;42670884;41546418;26756811;5487256;42595517;28865431;5754749;0;57856
FR;1;2022-09-18;99;124;310;923;101;278;979;0;33;42670983;41546542;26757121;5488179;42595618;28865709;5755728;0;57889
FR;1;2022-09-19;367;573;2134;12846;374;1830;12999;0;414;42671350;41547115;26759255;5501025;42595992;28867539;5768727;0;58303
FR;1;2022-09-20;559;808;3661;25829;555;3059;25869;0;853;42671909;41547923;26762916;5526854;42596547;28870598;5794596;0;59156
FR;1;2022-09-21;472;682;2625;15861;482;2253;15826;0;561;42672381;41548605;26765541;5542715;42597029;28872851;5810422;0;59717
FR;1;2022-09-22;538;763;3291;22951;503;2689;23141;0;742;42672919;41549368;26768832;5565666;42597532;28875540;5833563;0;60459
FR;1;2022-09-23;763;942;4351;28141;673;3632;28309;0;980;42673682;41550310;26773183;5593807;42598205;28879172;5861872;0;61439
FR;1;2022-09-24;352;536;1587;6694;376;1370;6867;0;300;42674034;41550846;26774770;5600501;42598581;28880542;5868739;0;61739
FR;1;2022-09-25;81;152;321;1071;105;293;1109;0;32;42674115;41550998;26775091;5601572;42598686;28880835;5869848;0;61771
FR;1;2022-09-26;382;645;2181;13073;422;1934;13167;0;412;42674497;41551643;26777272;5614645;42599108;28882769;5883015;0;62183
FR;1;2022-09-27;540;766;3458;25023;540;2794;25221;0;906;42675037;41552409;26780730;5639668;42599648;28885563;5908236;0;63089
FR;1;2022-09-28;520;716;2446;14964;503;2215;15053;0;597;42675557;41553125;26783176;5654632;42600151;28887778;5923289;0;63686
FR;1;2022-09-29;504;691;2982;20356;482;2507;20369;0;767;42676061;41553816;26786158;5674988;42600633;28890285;5943658;0;64453
FR;1;2022-09-30;684;975;3774;24427;678;3158;24675;0;970;42676745;41554791;26789932;5699415;42601311;28893443;5968333;0;65423
FR;1;2022-10-01;348;547;1903;5504;382;1658;5731;0;273;42677093;41555338;26791835;5704919;42601693;28895101;5974064;0;65696
FR;1;2022-10-02;53;120;204;567;82;204;588;0;29;42677146;41555458;26792039;5705486;42601775;28895305;5974652;0;65725
FR;1;2022-10-03;424;704;2211;10040;547;1970;10208;0;489;42677570;41556162;26794250;5715526;42602322;28897275;5984860;0;66214
FR;1;2022-10-04;551;704;2923;18922;472;2473;19010;0;1084;42678121;41556866;26797173;5734448;42602794;28899748;6003870;0;67298
FR;1;2022-10-05;431;688;2090;11113;460;1863;11242;0;723;42678552;41557554;26799263;5745561;42603254;28901611;6015112;0;68021
FR;1;2022-10-06;442;615;2493;15775;438;2058;15958;0;1060;42678994;41558169;26801756;5761336;42603692;28903669;6031070;0;69081
FR;1;2022-10-07;551;743;2693;16065;542;2310;16089;0;1161;42679545;41558912;26804449;5777401;42604234;28905979;6047159;0;70242
FR;1;2022-10-08;235;310;887;3170;241;775;3275;0;291;42679780;41559222;26805336;5780571;42604475;28906754;6050434;0;70533
FR;1;2022-10-09;76;87;150;461;77;134;487;0;50;42679856;41559309;26805486;5781032;42604552;28906888;6050921;0;70583
FR;1;2022-10-10;299;465;1317;4996;372;1235;5091;0;463;42680155;41559774;26806803;5786028;42604924;28908123;6056012;0;71046
FR;1;2022-10-11;318;441;1311;8085;328;1192;8186;0;757;42680473;41560215;26808114;5794113;42605252;28909315;6064198;0;71803
FR;1;2022-10-12;326;450;1065;5186;340;1061;5201;0;520;42680799;41560665;26809179;5799299;42605592;28910376;6069399;0;72323
FR;1;2022-10-13;325;410;1068;6085;319;929;6130;0;628;42681124;41561075;26810247;5805384;42605911;28911305;6075529;0;72951
FR;1;2022-10-14;408;532;1173;6710;448;1047;6778;0;675;42681532;41561607;26811420;5812094;42606359;28912352;6082307;0;73626
FR;1;2022-10-15;204;272;526;1860;225;508;1868;0;226;42681736;41561879;26811946;5813954;42606584;28912860;6084175;0;73852
FR;1;2022-10-16;47;62;111;296;43;118;315;0;48;42681783;41561941;26812057;5814250;42606627;28912978;6084490;0;73900
FR;1;2022-10-17;235;326;734;2652;259;690;2696;0;366;42682018;41562267;26812791;5816902;42606886;28913668;6087186;0;74266
FR;1;2022-10-18;262;315;952;4591;251;831;4692;0;865;42682280;41562582;26813743;5821493;42607137;28914499;6091878;0;75131
FR;1;2022-10-19;279;364;693;3183;297;662;3164;0;502;42682559;41562946;26814436;5824676;42607434;28915161;6095042;0;75633
FR;1;2022-10-20;278;329;893;4365;276;781;4403;0;771;42682837;41563275;26815329;5829041;42607710;28915942;6099445;0;76404
FR;1;2022-10-21;302;409;846;3803;361;741;3875;0;675;42683139;41563684;26816175;5832844;42608071;28916683;6103320;0;77079
FR;1;2022-10-22;135;176;306;1251;154;300;1216;0;210;42683274;41563860;26816481;5834095;42608225;28916983;6104536;0;77289
FR;1;2022-10-23;31;43;64;197;41;58;213;0;25;42683305;41563903;26816545;5834292;42608266;28917041;6104749;0;77314
FR;1;2022-10-24;273;232;477;1603;201;474;1659;0;306;42683578;41564135;26817022;5835895;42608467;28917515;6106408;0;77620
FR;1;2022-10-25;219;256;524;2650;224;446;2705;0;487;42683797;41564391;26817546;5838545;42608691;28917961;6109113;0;78107
FR;1;2022-10-26;234;244;390;1956;230;366;1963;0;435;42684031;41564635;26817936;5840501;42608921;28918327;6111076;0;78542
FR;1;2022-10-27;258;227;489;2167;198;508;2151;0;518;42684289;41564862;26818425;5842668;42609119;28918835;6113227;0;79060
FR;1;2022-10-28;310;317;532;2333;297;470;2399;0;478;42684599;41565179;26818957;5845001;42609416;28919305;6115626;0;79538
FR;1;2022-10-29;99;149;176;712;118;210;703;0;202;42684698;41565328;26819133;5845713;42609534;28919515;6116329;0;79740
FR;1;2022-10-30;38;43;62;183;35;56;189;0;38;42684736;41565371;26819195;5845896;42609569;28919571;6116518;0;79778
FR;1;2022-10-31;136;181;294;796;160;271;863;0;143;42684872;41565552;26819489;5846692;42609729;28919842;6117381;0;79921
FR;1;2022-11-01;44;122;764;115;106;762;135;0;18;42684916;41565674;26820253;5846807;42609835;28920604;6117516;0;79939
FR;1;2022-11-02;259;228;524;981;223;492;1044;0;356;42685175;41565902;26820777;5847788;42610058;28921096;6118560;0;80295
FR;1;2022-11-03;267;228;440;1378;213;400;1417;0;374;42685442;41566130;26821217;5849166;42610271;28921496;6119977;0;80669
FR;1;2022-11-04;231;258;424;1597;237;401;1637;0;438;42685673;41566388;26821641;5850763;42610508;28921897;6121614;0;81107
FR;1;2022-11-05;98;118;272;501;107;254;523;0;111;42685771;41566506;26821913;5851264;42610615;28922151;6122137;0;81218
FR;1;2022-11-06;36;42;32;131;41;35;129;0;33;42685807;41566548;26821945;5851395;42610656;28922186;6122266;0;81251
FR;1;2022-11-07;183;206;295;892;193;286;938;0;211;42685990;41566754;26822240;5852287;42610849;28922472;6123204;0;81462
FR;1;2022-11-08;198;236;459;1679;224;405;1707;0;523;42686188;41566990;26822699;5853966;42611073;28922877;6124911;0;81985
FR;1;2022-11-09;183;209;334;1102;196;300;1140;0;476;42686371;41567199;26823033;5855068;42611269;28923177;6126051;0;82461
FR;1;2022-11-10;208;277;429;1678;266;438;1665;0;580;42686579;41567476;26823462;5856746;42611535;28923615;6127716;0;83041
FR;1;2022-11-11;27;37;104;100;36;90;114;0;44;42686606;41567513;26823566;5856846;42611571;28923705;6127830;0;83085
FR;1;2022-11-12;88;121;256;375;108;255;390;0;101;42686694;41567634;26823822;5857221;42611679;28923960;6128220;0;83186
FR;1;2022-11-13;19;34;28;64;31;31;66;0;26;42686713;41567668;26823850;5857285;42611710;28923991;6128286;0;83212
FR;1;2022-11-14;170;176;257;767;164;261;837;0;234;42686883;41567844;26824107;5858052;42611874;28924252;6129123;0;83446
FR;1;2022-11-15;212;235;384;1296;234;360;1336;0;436;42687095;41568079;26824491;5859348;42612108;28924612;6130459;0;83882
FR;1;2022-11-16;185;223;328;981;218;341;1016;0;359;42687280;41568302;26824819;5860329;42612326;28924953;6131475;0;84241
FR;1;2022-11-17;164;181;291;1205;175;267;1209;0;387;42687444;41568483;26825110;5861534;42612501;28925220;6132684;0;84628
FR;1;2022-11-18;226;251;392;1314;244;381;1347;0;411;42687670;41568734;26825502;5862848;42612745;28925601;6134031;0;85039
FR;1;2022-11-19;120;105;245;441;103;210;474;0;102;42687790;41568839;26825747;5863289;42612848;28925811;6134505;0;85141
FR;1;2022-11-20;28;41;29;66;36;31;74;0;28;42687818;41568880;26825776;5863355;42612884;28925842;6134579;0;85169
FR;1;2022-11-21;174;168;268;638;142;283;675;0;211;42687992;41569048;26826044;5863993;42613026;28926125;6135254;0;85380
FR;1;2022-11-22;154;148;409;1153;131;392;1176;0;405;42688146;41569196;26826453;5865146;42613157;28926517;6136430;0;85785
FR;1;2022-11-23;177;172;241;759;156;242;782;0;241;42688323;41569368;26826694;5865905;42613313;28926759;6137212;0;86026
FR;1;2022-11-24;134;162;285;1202;143;297;1205;0;440;42688457;41569530;26826979;5867107;42613456;28927056;6138417;0;86466
FR;1;2022-11-25;201;233;423;1153;218;412;1185;0;392;42688658;41569763;26827402;5868260;42613674;28927468;6139602;0;86858
FR;1;2022-11-26;90;107;112;322;98;124;310;0;117;42688748;41569870;26827514;5868582;42613772;28927592;6139912;0;86975
FR;1;2022-11-27;16;33;19;72;20;31;78;0;49;42688764;41569903;26827533;5868654;42613792;28927623;6139990;0;87024
FR;1;2022-11-28;209;137;206;665;144;203;707;0;332;42688973;41570040;26827739;5869319;42613936;28927826;6140697;0;87356
FR;1;2022-11-29;170;140;269;1104;124;251;1117;0;457;42689143;41570180;26828008;5870423;42614060;28928077;6141814;0;87813
FR;1;2022-11-30;159;192;229;929;179;230;955;0;319;42689302;41570372;26828237;5871352;42614239;28928307;6142769;0;88132
FR;1;2022-12-01;157;148;698;1083;136;665;1125;0;362;42689459;41570520;26828935;5872435;42614375;28928972;6143894;0;88494
FR;1;2022-12-02;199;191;511;1183;187;507;1231;0;470;42689658;41570711;26829446;5873618;42614562;28929479;6145125;0;88964
FR;1;2022-12-03;101;107;261;531;95;239;528;0;180;42689759;41570818;26829707;5874149;42614657;28929718;6145653;0;89144
FR;1;2022-12-04;26;26;19;138;23;20;129;0;58;42689785;41570844;26829726;5874287;42614680;28929738;6145782;0;89202
FR;1;2022-12-05;136;121;283;865;117;278;896;0;314;42689921;41570965;26830009;5875152;42614797;28930016;6146678;0;89516
FR;1;2022-12-06;145;136;263;1444;124;266;1450;0;739;42690066;41571101;26830272;5876596;42614921;28930282;6148128;0;90255
FR;1;2022-12-07;147;146;242;1185;157;220;1202;0;574;42690213;41571247;26830514;5877781;42615078;28930502;6149330;0;90829
FR;1;2022-12-08;127;134;295;1751;126;251;1793;0;765;42690340;41571381;26830809;5879532;42615204;28930753;6151123;0;91594
FR;1;2022-12-09;200;193;346;1812;163;355;1832;0;720;42690540;41571574;26831155;5881344;42615367;28931108;6152955;0;92314
FR;1;2022-12-10;111;102;337;852;88;320;873;0;292;42690651;41571676;26831492;5882196;42615455;28931428;6153828;0;92606
FR;1;2022-12-11;31;30;31;218;27;29;200;0;62;42690682;41571706;26831523;5882414;42615482;28931457;6154028;0;92668
FR;1;2022-12-12;124;92;276;1099;89;264;1110;0;457;42690806;41571798;26831799;5883513;42615571;28931721;6155138;0;93125
FR;1;2022-12-13;118;117;283;1295;91;260;1307;0;616;42690924;41571915;26832082;5884808;42615662;28931981;6156445;0;93741
FR;1;2022-12-14;104;135;245;862;130;225;884;0;369;42691028;41572050;26832327;5885670;42615792;28932206;6157329;0;94110
FR;1;2022-12-15;132;142;436;1490;129;406;1515;0;692;42691160;41572192;26832763;5887160;42615921;28932612;6158844;0;94802
FR;1;2022-12-16;204;206;555;1333;209;539;1357;0;619;42691364;41572398;26833318;5888493;42616130;28933151;6160201;0;95421
FR;1;2022-12-17;88;83;222;467;73;216;475;0;203;42691452;41572481;26833540;5888960;42616203;28933367;6160676;0;95624
FR;1;2022-12-18;17;20;25;111;17;27;107;0;37;42691469;41572501;26833565;5889071;42616220;28933394;6160783;0;95661
FR;1;2022-12-19;148;125;241;789;133;213;831;0;375;42691617;41572626;26833806;5889860;42616353;28933607;6161614;0;96036
FR;1;2022-12-20;139;152;328;888;140;321;895;0;418;42691756;41572778;26834134;5890748;42616493;28933928;6162509;0;96454
FR;1;2022-12-21;133;102;197;632;111;163;640;0;388;42691889;41572880;26834331;5891380;42616604;28934091;6163149;0;96842
FR;1;2022-12-22;144;99;161;537;108;145;530;0;304;42692033;41572979;26834492;5891917;42616712;28934236;6163679;0;97146
FR;1;2022-12-23;125;144;444;414;128;435;419;0;179;42692158;41573123;26834936;5892331;42616840;28934671;6164098;0;97325
FR;1;2022-12-24;30;25;31;53;28;30;60;0;21;42692188;41573148;26834967;5892384;42616868;28934701;6164158;0;97346
FR;1;2022-12-25;3;7;19;12;7;13;15;0;11;42692191;41573155;26834986;5892396;42616875;28934714;6164173;0;97357
FR;1;2022-12-26;91;88;247;250;88;251;256;0;93;42692282;41573243;26835233;5892646;42616963;28934965;6164429;0;97450
FR;1;2022-12-27;108;156;301;385;148;306;400;0;179;42692390;41573399;26835534;5893031;42617111;28935271;6164829;0;97629
FR;1;2022-12-28;99;138;196;268;125;198;278;0;124;42692489;41573537;26835730;5893299;42617236;28935469;6165107;0;97753
FR;1;2022-12-29;104;99;148;278;96;147;299;0;114;42692593;41573636;26835878;5893577;42617332;28935616;6165406;0;97867
FR;1;2022-12-30;121;120;81;255;109;88;262;0;141;42692714;41573756;26835959;5893832;42617441;28935704;6165668;0;98008
FR;1;2022-12-31;37;33;28;74;38;25;74;0;24;42692751;41573789;26835987;5893906;42617479;28935729;6165742;0;98032
FR;1;2023-01-01;4;11;54;20;11;50;25;0;10;42692755;41573800;26836041;5893926;42617490;28935779;6165767;0;98042
FR;1;2023-01-02;75;80;416;144;88;402;159;0;60;42692830;41573880;26836457;5894070;42617578;28936181;6165926;0;98102
FR;1;2023-01-03;146;83;285;188;82;282;198;0;129;42692976;41573963;26836742;5894258;42617660;28936463;6166124;0;98231
FR;1;2023-01-04;80;76;218;192;79;217;200;0;192;42693056;41574039;26836960;5894450;42617739;28936680;6166324;0;98423
FR;1;2023-01-05;142;95;144;325;108;143;324;0;204;42693198;41574134;26837104;5894775;42617847;28936823;6166648;0;98627
FR;1;2023-01-06;191;134;173;314;139;161;337;0;229;42693389;41574268;26837277;5895089;42617986;28936984;6166985;0;98856
FR;1;2023-01-07;102;82;90;141;86;74;156;0;92;42693491;41574350;26837367;5895230;42618072;28937058;6167141;0;98948
FR;1;2023-01-08;25;18;23;58;16;19;62;0;24;42693516;41574368;26837390;5895288;42618088;28937077;6167203;0;98972
FR;1;2023-01-09;135;116;123;132;112;130;146;0;114;42693651;41574484;26837513;5895420;42618200;28937207;6167349;0;99086
FR;1;2023-01-10;106;101;149;237;99;156;235;0;190;42693757;41574585;26837662;5895657;42618299;28937363;6167584;0;99276
FR;1;2023-01-11;97;89;78;180;98;81;193;0;93;42693854;41574674;26837740;5895837;42618397;28937444;6167777;0;99369
FR;1;2023-01-12;120;94;184;234;91;188;256;0;160;42693974;41574768;26837924;5896071;42618488;28937632;6168033;0;99529
FR;1;2023-01-13;190;140;100;271;137;100;291;0;185;42694164;41574908;26838024;5896342;42618625;28937732;6168324;0;99714
FR;1;2023-01-14;86;55;47;97;55;58;95;0;61;42694250;41574963;26838071;5896439;42618680;28937790;6168419;0;99775
FR;1;2023-01-15;18;16;19;38;16;17;41;0;28;42694268;41574979;26838090;5896477;42618696;28937807;6168460;0;99803
FR;1;2023-01-16;110;83;86;147;78;91;122;0;100;42694378;41575062;26838176;5896624;42618774;28937898;6168582;0;99903
FR;1;2023-01-17;106;86;75;201;85;70;230;0;122;42694484;41575148;26838251;5896825;42618859;28937968;6168812;0;100025
FR;1;2023-01-18;94;79;45;133;78;45;151;0;112;42694578;41575227;26838296;5896958;42618937;28938013;6168963;0;100137
FR;1;2023-01-19;112;64;41;110;64;49;116;0;131;42694690;41575291;26838337;5897068;42619001;28938062;6169079;0;100268
FR;1;2023-01-20;158;129;98;251;130;129;239;0;169;42694848;41575420;26838435;5897319;42619131;28938191;6169318;0;100437
FR;1;2023-01-21;56;63;42;77;61;53;67;0;32;42694904;41575483;26838477;5897396;42619192;28938244;6169385;0;100469
FR;1;2023-01-22;8;8;11;19;6;8;22;0;14;42694912;41575491;26838488;5897415;42619198;28938252;6169407;0;100483
FR;1;2023-01-23;83;70;52;78;72;42;98;0;69;42694995;41575561;26838540;5897493;42619270;28938294;6169505;0;100552
FR;1;2023-01-24;111;67;38;115;78;36;124;0;163;42695106;41575628;26838578;5897608;42619348;28938330;6169629;0;100715
FR;1;2023-01-25;91;114;61;92;113;62;106;0;102;42695197;41575742;26838639;5897700;42619461;28938392;6169735;0;100817
FR;1;2023-01-26;101;99;43;134;90;53;148;0;95;42695298;41575841;26838682;5897834;42619551;28938445;6169883;0;100912
FR;1;2023-01-27;161;121;56;115;131;71;115;0;170;42695459;41575962;26838738;5897949;42619682;28938516;6169998;0;101082
FR;1;2023-01-28;70;61;36;31;63;36;36;0;23;42695529;41576023;26838774;5897980;42619745;28938552;6170034;0;101105
FR;1;2023-01-29;9;16;8;8;13;8;12;0;11;42695538;41576039;26838782;5897988;42619758;28938560;6170046;0;101116
FR;1;2023-01-30;138;89;41;58;93;48;65;0;41;42695676;41576128;26838823;5898046;42619851;28938608;6170111;0;101157
FR;2;2020-12-27;0;0;0;0;0;0;0;0;0;0;0;0;0;0;0;0;0;0
FR;2;2020-12-28;0;0;0;0;0;0;0;0;0;0;0;0;0;0;0;0;0;0
FR;2;2020-12-29;0;0;0;0;0;0;0;0;0;0;0;0;0;0;0;0;0;0
FR;2;2020-12-30;0;0;0;0;0;0;0;0;0;0;0;0;0;0;0;0;0;0
FR;2;2020-12-31;0;0;0;0;0;0;0;0;0;0;0;0;0;0;0;0;0;0
FR;2;2021-01-01;0;0;0;0;0;0;0;0;0;0;0;0;0;0;0;0;0;0
FR;2;2021-01-02;0;0;0;0;0;0;0;0;0;0;0;0;0;0;0;0;0;0
FR;2;2021-01-03;0;0;0;0;0;0;0;0;0;0;0;0;0;0;0;0;0;0
FR;2;2021-01-04;0;0;0;0;0;0;0;0;0;0;0;0;0;0;0;0;0;0
FR;2;2021-01-05;0;0;0;0;0;0;0;0;0;0;0;0;0;0;0;0;0;0
FR;2;2021-01-06;0;0;0;0;0;0;0;0;0;0;0;0;0;0;0;0;0;0
FR;2;2021-01-07;0;0;0;0;0;0;0;0;0;0;0;0;0;0;0;0;0;0
FR;2;2021-01-08;0;0;0;0;0;0;0;0;0;0;0;0;0;0;0;0;0;0
FR;2;2021-01-09;0;0;0;0;0;0;0;0;0;0;0;0;0;0;0;0;0;0
FR;2;2021-01-10;0;0;0;0;0;0;0;0;0;0;0;0;0;0;0;0;0;0
FR;2;2021-01-11;0;0;0;0;0;0;0;0;0;0;0;0;0;0;0;0;0;0
FR;2;2021-01-12;0;0;0;0;0;0;0;0;0;0;0;0;0;0;0;0;0;0
FR;2;2021-01-13;0;0;0;0;0;0;0;0;0;0;0;0;0;0;0;0;0;0
FR;2;2021-01-14;1639;0;0;0;213;0;0;0;0;1639;0;0;0;213;0;0;0;0
FR;2;2021-01-15;398;0;0;0;28;0;0;0;0;2037;0;0;0;241;0;0;0;0
FR;2;2021-01-16;316;0;0;0;12;0;0;0;0;2353;0;0;0;253;0;0;0;0
FR;2;2021-01-17;84;0;0;0;7;0;0;0;0;2437;0;0;0;260;0;0;0;0
FR;2;2021-01-18;3075;3;0;0;27;0;0;0;0;5512;3;0;0;287;0;0;0;0
FR;2;2021-01-19;4681;2;0;0;31;0;0;0;0;10193;5;0;0;318;0;0;0;0
FR;2;2021-01-20;5137;6;0;0;58;0;0;0;0;15330;11;0;0;376;0;0;0;0
FR;2;2021-01-21;5345;9;0;0;56;0;0;0;0;20675;20;0;0;432;0;0;0;0
FR;2;2021-01-22;5118;19;0;0;70;0;0;0;0;25793;39;0;0;502;0;0;0;0
FR;2;2021-01-23;1875;2;0;0;16;0;0;0;0;27668;41;0;0;518;0;0;0;0
FR;2;2021-01-24;163;2;0;0;8;0;0;0;0;27831;43;0;0;526;0;0;0;0
FR;2;2021-01-25;3814;4;0;0;37;0;0;0;0;31645;47;0;0;563;0;0;0;0
FR;2;2021-01-26;3929;6;0;0;42;0;0;0;0;35574;53;0;0;605;0;0;0;0
FR;2;2021-01-27;3605;4;0;0;36;0;0;0;0;39179;57;0;0;641;0;0;0;0
FR;2;2021-01-28;3757;9;0;0;44;0;0;0;0;42936;66;0;0;685;0;0;0;0
FR;2;2021-01-29;3300;5;0;0;41;0;0;0;0;46236;71;0;0;726;0;0;0;0
FR;2;2021-01-30;1133;3;0;0;16;0;0;0;0;47369;74;0;0;742;0;0;0;0
FR;2;2021-01-31;46;2;0;0;9;0;0;0;0;47415;76;0;0;751;0;0;0;0
FR;2;2021-02-01;3407;13;0;0;44;0;0;0;0;50822;89;0;0;795;0;0;0;0
FR;2;2021-02-02;4496;19;0;0;53;0;0;0;0;55318;108;0;0;848;0;0;0;0
FR;2;2021-02-03;5222;11;0;0;82;0;0;0;0;60540;119;0;0;930;0;0;0;0
FR;2;2021-02-04;4941;11;0;0;36;0;0;0;0;65481;130;0;0;966;0;0;0;0
FR;2;2021-02-05;4817;17;0;0;50;0;0;0;0;70298;147;0;0;1016;0;0;0;0
FR;2;2021-02-06;2045;15;0;0;41;0;0;0;0;72343;162;0;0;1057;0;0;0;0
FR;2;2021-02-07;103;6;0;0;20;0;0;0;0;72446;168;0;0;1077;0;0;0;0
FR;2;2021-02-08;7559;26;0;0;85;0;0;0;0;80005;194;0;0;1162;0;0;0;0
FR;2;2021-02-09;8434;31;0;0;99;0;0;0;0;88439;225;0;0;1261;0;0;0;0
FR;2;2021-02-10;9349;63;0;0;183;0;0;0;0;97788;288;0;0;1444;0;0;0;0
FR;2;2021-02-11;10292;131;0;0;255;0;0;0;0;108080;419;0;0;1699;0;0;0;0
FR;2;2021-02-12;10059;275;0;0;429;0;0;0;0;118139;694;0;0;2128;0;0;0;0
FR;2;2021-02-13;3121;224;0;0;262;0;0;0;0;121260;918;0;0;2390;0;0;0;0
FR;2;2021-02-14;358;11;0;0;21;0;0;0;0;121618;929;0;0;2411;0;0;0;0
FR;2;2021-02-15;3460;3129;0;0;3175;0;0;0;0;125078;4058;0;0;5586;0;0;0;0
FR;2;2021-02-16;5076;4162;0;0;4235;0;0;0;0;130154;8220;0;0;9821;0;0;0;0
FR;2;2021-02-17;4259;4555;0;0;4631;0;0;0;0;134413;12775;0;0;14452;0;0;0;0
FR;2;2021-02-18;5406;5176;0;0;5245;0;0;0;0;139819;17951;0;0;19697;0;0;0;0
FR;2;2021-02-19;5328;4490;0;0;4591;0;0;0;0;145147;22441;0;0;24288;0;0;0;0
FR;2;2021-02-20;1872;1520;0;0;1537;0;0;0;0;147019;23961;0;0;25825;0;0;0;0
FR;2;2021-02-21;244;96;0;0;98;0;0;0;0;147263;24057;0;0;25923;0;0;0;0
FR;2;2021-02-22;3614;3782;0;0;3844;0;0;0;0;150877;27839;0;0;29767;0;0;0;0
FR;2;2021-02-23;4956;3738;0;0;3801;0;0;0;0;155833;31577;0;0;33568;0;0;0;0
FR;2;2021-02-24;5017;3554;0;0;3606;0;0;0;0;160850;35131;0;0;37174;0;0;0;0
FR;2;2021-02-25;5500;3493;0;0;3582;0;0;0;0;166350;38624;0;0;40756;0;0;0;0
FR;2;2021-02-26;4368;3180;0;0;3253;0;0;0;0;170718;41804;0;0;44009;0;0;0;0
FR;2;2021-02-27;1629;1067;0;0;1086;0;0;0;0;172347;42871;0;0;45095;0;0;0;0
FR;2;2021-02-28;179;17;0;0;28;0;0;0;0;172526;42888;0;0;45123;0;0;0;0
FR;2;2021-03-01;5193;3759;0;0;3848;0;0;0;0;177719;46647;0;0;48971;0;0;0;0
FR;2;2021-03-02;6541;4725;0;0;4826;0;0;0;0;184260;51372;0;0;53797;0;0;0;0
FR;2;2021-03-03;6544;4955;0;0;5096;0;0;0;0;190804;56327;0;0;58893;0;0;0;0
FR;2;2021-03-04;8412;4208;0;0;4393;0;0;0;0;199216;60535;0;0;63286;0;0;0;0
FR;2;2021-03-05;8036;4054;0;0;4236;0;0;0;0;207252;64589;0;0;67522;0;0;0;0
FR;2;2021-03-06;4790;1683;0;0;1783;0;0;0;0;212042;66272;0;0;69305;0;0;0;0
FR;2;2021-03-07;2373;32;0;0;76;0;0;0;0;214415;66304;0;0;69381;0;0;0;0
FR;2;2021-03-08;4166;8392;0;0;8549;0;0;0;0;218581;74696;0;0;77930;0;0;0;0
FR;2;2021-03-09;7494;8608;1;0;8866;0;0;0;0;226075;83304;1;0;86796;0;0;0;0
FR;2;2021-03-10;7108;9244;0;0;9471;0;0;0;0;233183;92548;1;0;96267;0;0;0;0
FR;2;2021-03-11;9379;9364;1;0;9683;0;0;0;0;242562;101912;2;0;105950;0;0;0;0
FR;2;2021-03-12;7987;8360;0;0;8662;0;0;0;0;250549;110272;2;0;114612;0;0;0;0
FR;2;2021-03-13;10057;2592;0;0;2913;0;0;0;0;260606;112864;2;0;117525;0;0;0;0
FR;2;2021-03-14;4841;382;0;0;541;0;0;0;0;265447;113246;2;0;118066;0;0;0;0
FR;2;2021-03-15;10919;3475;0;0;3764;0;0;0;0;276366;116721;2;0;121830;0;0;0;0
FR;2;2021-03-16;16769;4732;1;0;5282;0;0;0;0;293135;121453;3;0;127112;0;0;0;0
FR;2;2021-03-17;20242;3995;0;0;4669;0;0;0;0;313377;125448;3;0;131781;0;0;0;0
FR;2;2021-03-18;23372;5126;0;0;5954;0;0;0;0;336749;130574;3;0;137735;0;0;0;0
FR;2;2021-03-19;23316;4677;0;0;5439;0;0;0;0;360065;135251;3;0;143174;0;0;0;0
FR;2;2021-03-20;25452;1586;0;0;2343;0;0;0;0;385517;136837;3;0;145517;0;0;0;0
FR;2;2021-03-21;17673;153;0;0;731;0;0;0;0;403190;136990;3;0;146248;0;0;0;0
FR;2;2021-03-22;17790;3261;0;0;3930;0;0;0;0;420980;140251;3;0;150178;0;0;0;0
FR;2;2021-03-23;22705;4286;0;0;5140;0;0;0;0;443685;144537;3;0;155318;0;0;0;0
FR;2;2021-03-24;23964;5080;0;0;5917;0;0;0;0;467649;149617;3;0;161235;0;0;0;0
FR;2;2021-03-25;26760;5251;1;0;6448;0;0;0;0;494409;154868;4;0;167683;0;0;0;0
FR;2;2021-03-26;26992;4237;0;0;5383;0;0;0;0;521401;159105;4;0;173066;0;0;0;0
FR;2;2021-03-27;15923;1368;0;0;1898;0;0;0;0;537324;160473;4;0;174964;0;0;0;0
FR;2;2021-03-28;10562;137;0;0;429;0;0;0;0;547886;160610;4;0;175393;0;0;0;0
FR;2;2021-03-29;19002;4348;0;0;5048;0;0;0;0;566888;164958;4;0;180441;0;0;0;0
FR;2;2021-03-30;24597;6101;0;0;7041;0;0;0;0;591485;171059;4;0;187482;0;0;0;0
FR;2;2021-03-31;28562;5932;0;0;7223;0;0;0;0;620047;176991;4;0;194705;0;0;0;0
FR;2;2021-04-01;34559;8577;1;0;10270;0;0;0;0;654606;185568;5;0;204975;0;0;0;0
FR;2;2021-04-02;29992;7735;0;0;9162;0;0;0;0;684598;193303;5;0;214137;0;0;0;0
FR;2;2021-04-03;16958;4249;0;0;4931;0;0;0;0;701556;197552;5;0;219068;0;0;0;0
FR;2;2021-04-04;9309;1267;2;0;1675;0;0;0;0;710865;198819;7;0;220743;0;0;0;0
FR;2;2021-04-05;12447;797;0;0;1381;0;0;0;0;723312;199616;7;0;222124;0;0;0;0
FR;2;2021-04-06;27158;7353;0;0;8744;0;0;0;0;750470;206969;7;0;230868;0;0;0;0
FR;2;2021-04-07;30930;7072;1;0;8648;0;0;0;0;781400;214041;8;0;239516;0;0;0;0
FR;2;2021-04-08;36896;8594;1;0;10519;0;0;0;0;818296;222635;9;0;250035;0;0;0;0
FR;2;2021-04-09;33855;8393;28;0;10179;0;0;0;0;852151;231028;37;0;260214;0;0;0;0
FR;2;2021-04-10;19689;9266;1;0;10179;0;0;0;0;871840;240294;38;0;270393;0;0;0;0
FR;2;2021-04-11;7943;4240;1;0;4603;0;0;0;0;879783;244534;39;0;274996;0;0;0;0
FR;2;2021-04-12;17134;11030;0;0;11870;0;0;0;0;896917;255564;39;0;286866;0;0;0;0
FR;2;2021-04-13;19464;16036;1;0;17103;0;0;0;0;916381;271600;40;0;303969;0;0;0;0
FR;2;2021-04-14;18071;16442;7;0;17538;0;0;0;0;934452;288042;47;0;321507;0;0;0;0
FR;2;2021-04-15;22206;21881;27;0;23333;0;0;0;0;956658;309923;74;0;344840;0;0;0;0
FR;2;2021-04-16;20720;20630;45;0;21902;0;0;0;0;977378;330553;119;0;366742;0;0;0;0
FR;2;2021-04-17;13258;22496;5;0;23226;0;0;0;0;990636;353049;124;0;389968;0;0;0;0
FR;2;2021-04-18;5911;14398;6;0;14738;0;0;0;0;996547;367447;130;0;404706;0;0;0;0
FR;2;2021-04-19;16850;16393;24;0;17196;0;0;0;0;1013397;383840;154;0;421902;0;0;0;0
FR;2;2021-04-20;19327;21806;38;0;22868;0;0;0;0;1032724;405646;192;0;444770;0;0;0;0
FR;2;2021-04-21;20292;21892;76;0;23043;0;0;0;0;1053016;427538;268;0;467813;0;0;0;0
FR;2;2021-04-22;23824;24955;41;0;26366;0;0;0;0;1076840;452493;309;0;494179;0;0;0;0
FR;2;2021-04-23;24534;25495;76;0;27003;0;0;0;0;1101374;477988;385;0;521182;0;0;0;0
FR;2;2021-04-24;25305;15068;104;0;16506;0;0;0;0;1126679;493056;489;0;537688;0;0;0;0
FR;2;2021-04-25;9597;8621;5;0;9182;0;0;0;0;1136276;501677;494;0;546870;0;0;0;0
FR;2;2021-04-26;17167;17664;21;0;18549;0;0;0;0;1153443;519341;515;0;565419;0;0;0;0
FR;2;2021-04-27;19246;24102;40;0;25286;0;0;0;0;1172689;543443;555;0;590705;0;0;0;0
FR;2;2021-04-28;22341;26461;113;0;27862;0;0;0;0;1195030;569904;668;0;618567;0;0;0;0
FR;2;2021-04-29;25475;30484;70;0;32173;0;0;0;0;1220505;600388;738;0;650740;0;0;0;0
FR;2;2021-04-30;25540;27972;49;1;29620;0;0;0;0;1246045;628360;787;1;680360;0;0;0;0
FR;2;2021-05-01;14988;9851;6;0;10653;0;0;0;0;1261033;638211;793;1;691013;0;0;0;0
FR;2;2021-05-02;6640;9160;2;0;9506;0;0;0;0;1267673;647371;795;1;700519;0;0;0;0
FR;2;2021-05-03;20024;19128;40;0;20335;0;0;0;0;1287697;666499;835;1;720854;0;0;0;0
FR;2;2021-05-04;18288;29201;33;0;30345;0;0;0;0;1305985;695700;868;1;751199;0;0;0;0
FR;2;2021-05-05;18385;29516;48;0;30813;0;0;0;0;1324370;725216;916;1;782012;0;0;0;0
FR;2;2021-05-06;23552;35415;132;0;36988;0;0;0;0;1347922;760631;1048;1;819000;0;0;0;0
FR;2;2021-05-07;25344;33238;97;0;35096;0;0;0;0;1373266;793869;1145;1;854096;0;0;0;0
FR;2;2021-05-08;21343;10657;15;0;11744;0;0;0;0;1394609;804526;1160;1;865840;0;0;0;0
FR;2;2021-05-09;13170;7641;7;0;8316;0;0;0;0;1407779;812167;1167;1;874156;0;0;0;0
FR;2;2021-05-10;32946;21722;50;0;23580;0;0;0;0;1440725;833889;1217;1;897736;0;0;0;0
FR;2;2021-05-11;43615;20900;101;0;23525;0;0;0;0;1484340;854789;1318;1;921261;0;0;0;0
FR;2;2021-05-12;50068;19635;143;0;22515;0;0;0;0;1534408;874424;1461;1;943776;0;0;0;0
FR;2;2021-05-13;51301;5600;31;0;8468;0;0;0;0;1585709;880024;1492;1;952244;0;0;0;0
FR;2;2021-05-14;61360;12886;132;0;16539;0;0;0;0;1647069;892910;1624;1;968783;0;0;0;0
FR;2;2021-05-15;65938;7100;39;0;10650;0;0;0;0;1713007;900010;1663;1;979433;0;0;0;0
FR;2;2021-05-16;43588;2573;10;0;4944;0;0;0;0;1756595;902583;1673;1;984377;0;0;0;0
FR;2;2021-05-17;44756;12454;114;0;15361;0;0;0;0;1801351;915037;1787;1;999738;0;0;0;0
FR;2;2021-05-18;54649;12279;190;0;15961;0;0;0;0;1856000;927316;1977;1;1015699;0;0;0;0
FR;2;2021-05-19;57179;10462;281;0;14503;0;0;0;0;1913179;937778;2258;1;1030202;0;0;0;0
FR;2;2021-05-20;63450;10799;288;0;14896;0;0;0;0;1976629;948577;2546;1;1045098;0;0;0;0
FR;2;2021-05-21;64306;11606;230;0;16031;0;0;0;0;2040935;960183;2776;1;1061129;0;0;0;0
FR;2;2021-05-22;61488;4531;65;0;8501;0;0;0;0;2102423;964714;2841;1;1069630;0;0;0;0
FR;2;2021-05-23;37536;575;22;0;2912;0;0;0;0;2139959;965289;2863;1;1072542;0;0;0;0
FR;2;2021-05-24;17248;2052;35;0;3259;0;0;0;0;2157207;967341;2898;1;1075801;0;0;0;0
FR;2;2021-05-25;21119;12253;241;0;13855;0;0;0;0;2178326;979594;3139;1;1089656;0;0;0;0
FR;2;2021-05-26;19944;11538;230;0;13065;0;0;0;0;2198270;991132;3369;1;1102721;0;0;0;0
FR;2;2021-05-27;23001;12661;182;0;14398;0;0;0;0;2221271;1003793;3551;1;1117119;0;0;0;0
FR;2;2021-05-28;29396;15047;190;0;17228;0;0;0;0;2250667;1018840;3741;1;1134347;0;0;0;0
FR;2;2021-05-29;30423;8193;58;0;10102;0;0;0;0;2281090;1027033;3799;1;1144449;0;0;0;0
FR;2;2021-05-30;4648;1820;6;0;2155;0;0;0;0;2285738;1028853;3805;1;1146604;0;0;0;0
FR;2;2021-05-31;28590;18746;184;0;20825;0;0;0;0;2314328;1047599;3989;1;1167429;0;0;0;0
FR;2;2021-06-01;45744;19907;225;0;23144;0;0;0;0;2360072;1067506;4214;1;1190573;0;0;0;0
FR;2;2021-06-02;37482;19312;182;0;22318;0;0;0;0;2397554;1086818;4396;1;1212891;0;0;0;0
FR;2;2021-06-03;51282;23120;161;0;26973;0;0;0;0;2448836;1109938;4557;1;1239864;0;0;0;0
FR;2;2021-06-04;65517;24087;217;0;29055;0;0;0;0;2514353;1134025;4774;1;1268919;0;0;0;0
FR;2;2021-06-05;34607;24107;52;0;26962;0;0;0;0;2548960;1158132;4826;1;1295881;0;0;0;0
FR;2;2021-06-06;4957;6193;10;0;6612;0;0;0;0;2553917;1164325;4836;1;1302493;0;0;0;0
FR;2;2021-06-07;28177;23009;150;0;25423;0;0;0;0;2582094;1187334;4986;1;1327916;0;0;0;0
FR;2;2021-06-08;46378;22939;143;0;26905;0;0;0;0;2628472;1210273;5129;1;1354821;0;0;0;0
FR;2;2021-06-09;34297;20988;107;0;24122;0;0;0;0;2662769;1231261;5236;1;1378943;0;0;0;0
FR;2;2021-06-10;42644;19080;96;1;23002;0;0;0;0;2705413;1250341;5332;2;1401945;0;0;0;0
FR;2;2021-06-11;55304;25133;134;0;30232;0;0;0;0;2760717;1275474;5466;2;1432177;0;0;0;0
FR;2;2021-06-12;30564;19799;53;0;22654;0;0;0;0;2791281;1295273;5519;2;1454831;0;0;0;0
FR;2;2021-06-13;3334;9197;13;0;9585;0;0;0;0;2794615;1304470;5532;2;1464416;0;0;0;0
FR;2;2021-06-14;25304;24113;92;0;26693;0;0;0;0;2819919;1328583;5624;2;1491109;0;0;0;0
FR;2;2021-06-15;39049;22822;154;0;26572;0;0;0;0;2858968;1351405;5778;2;1517681;0;0;0;0
FR;2;2021-06-16;30168;21368;135;0;24522;0;0;0;0;2889136;1372773;5913;2;1542203;0;0;0;0
FR;2;2021-06-17;36912;25740;150;0;29603;0;0;0;0;2926048;1398513;6063;2;1571806;0;0;0;0
FR;2;2021-06-18;46860;28886;123;0;33587;0;0;0;0;2972908;1427399;6186;2;1605393;0;0;0;0
FR;2;2021-06-19;24527;24938;39;0;27711;0;0;0;0;2997435;1452337;6225;2;1633104;0;0;0;0
FR;2;2021-06-20;3745;10059;9;0;10558;0;0;0;0;3001180;1462396;6234;2;1643662;0;0;0;0
FR;2;2021-06-21;17537;42857;88;0;44869;0;0;0;0;3018717;1505253;6322;2;1688531;0;0;0;0
FR;2;2021-06-22;28366;49618;110;0;53045;0;0;0;0;3047083;1554871;6432;2;1741576;0;0;0;0
FR;2;2021-06-23;21790;49612;107;1;52457;1;0;0;0;3068873;1604483;6539;3;1794033;1;0;0;0
FR;2;2021-06-24;28380;50311;134;0;54044;0;0;0;0;3097253;1654794;6673;3;1848077;1;0;0;0
FR;2;2021-06-25;33402;60479;128;0;64865;0;0;0;0;3130655;1715273;6801;3;1912942;1;0;0;0
FR;2;2021-06-26;16395;59354;54;1;61745;0;0;0;0;3147050;1774627;6855;4;1974687;1;0;0;0
FR;2;2021-06-27;2566;29315;22;1;29897;0;0;0;0;3149616;1803942;6877;5;2004584;1;0;0;0
FR;2;2021-06-28;12641;54335;84;0;56311;0;0;0;0;3162257;1858277;6961;5;2060895;1;0;0;0
FR;2;2021-06-29;19856;59989;178;0;62934;0;0;0;0;3182113;1918266;7139;5;2123829;1;0;0;0
FR;2;2021-06-30;16335;58035;253;17;60719;0;0;0;0;3198448;1976301;7392;22;2184548;1;0;0;0
FR;2;2021-07-01;20495;59875;228;0;63203;0;0;0;0;3218943;2036176;7620;22;2247751;1;0;0;0
FR;2;2021-07-02;24082;62157;184;0;66372;0;0;0;0;3243025;2098333;7804;22;2314123;1;0;0;0
FR;2;2021-07-03;12123;57142;153;0;59481;0;0;0;0;3255148;2155475;7957;22;2373604;1;0;0;0
FR;2;2021-07-04;1960;23306;18;0;23873;0;0;0;0;3257108;2178781;7975;22;2397477;1;0;0;0
FR;2;2021-07-05;9179;29263;106;0;30899;0;0;0;0;3266287;2208044;8081;22;2428376;1;0;0;0
FR;2;2021-07-06;14583;36277;135;0;38957;0;0;0;0;3280870;2244321;8216;22;2467333;1;0;0;0
FR;2;2021-07-07;14419;33659;140;0;36413;0;0;0;0;3295289;2277980;8356;22;2503746;1;0;0;0
FR;2;2021-07-08;19723;40321;162;0;43980;0;0;0;0;3315012;2318301;8518;22;2547726;1;0;0;0
FR;2;2021-07-09;27105;54327;202;1;59478;0;0;0;0;3342117;2372628;8720;23;2607204;1;0;0;0
FR;2;2021-07-10;13388;33711;107;0;36396;0;0;0;0;3355505;2406339;8827;23;2643600;1;0;0;0
FR;2;2021-07-11;1812;4345;16;0;4774;0;0;0;0;3357317;2410684;8843;23;2648374;1;0;0;0
FR;2;2021-07-12;12971;37273;119;0;39929;0;0;0;0;3370288;2447957;8962;23;2688303;1;0;0;0
FR;2;2021-07-13;37120;53145;152;0;60283;0;0;0;0;3407408;2501102;9114;23;2748586;1;0;0;0
FR;2;2021-07-14;6628;3540;15;0;4888;0;0;0;0;3414036;2504642;9129;23;2753474;1;0;0;0
FR;2;2021-07-15;47244;47009;156;0;55208;0;0;0;0;3461280;2551651;9285;23;2808682;1;0;0;0
FR;2;2021-07-16;64319;55752;188;0;66734;0;0;0;0;3525599;2607403;9473;23;2875416;1;0;0;0
FR;2;2021-07-17;31601;23915;96;0;29371;0;0;0;0;3557200;2631318;9569;23;2904787;1;0;0;0
FR;2;2021-07-18;6091;4806;19;0;5953;0;0;0;0;3563291;2636124;9588;23;2910740;1;0;0;0
FR;2;2021-07-19;33007;28610;94;0;34225;0;0;0;0;3596298;2664734;9682;23;2944965;1;0;0;0
FR;2;2021-07-20;51999;44525;155;0;53161;0;0;0;0;3648297;2709259;9837;23;2998126;1;0;0;0
FR;2;2021-07-21;45257;34631;93;0;42138;0;0;0;0;3693554;2743890;9930;23;3040264;1;0;0;0
FR;2;2021-07-22;56280;41085;128;1;50362;0;0;0;0;3749834;2784975;10058;24;3090626;1;0;0;0
FR;2;2021-07-23;68304;48963;170;0;60255;0;0;0;0;3818138;2833938;10228;24;3150881;1;0;0;0
FR;2;2021-07-24;36180;21611;82;0;27471;0;0;0;0;3854318;2855549;10310;24;3178352;1;0;0;0
FR;2;2021-07-25;6751;2608;10;0;3867;0;0;0;0;3861069;2858157;10320;24;3182219;1;0;0;0
FR;2;2021-07-26;36320;22343;91;1;27847;0;0;0;0;3897389;2880500;10411;25;3210066;1;0;0;0
FR;2;2021-07-27;62391;34565;180;0;43712;0;0;0;0;3959780;2915065;10591;25;3253778;1;0;0;0
FR;2;2021-07-28;55326;26425;132;0;34517;0;0;0;0;4015106;2941490;10723;25;3288295;1;0;0;0
FR;2;2021-07-29;68481;32793;189;0;42475;0;0;0;0;4083587;2974283;10912;25;3330770;1;0;0;0
FR;2;2021-07-30;74469;37810;222;1;48605;0;0;0;0;4158056;3012093;11134;26;3379375;1;0;0;0
FR;2;2021-07-31;34776;16206;105;0;21404;0;0;0;0;4192832;3028299;11239;26;3400779;1;0;0;0
FR;2;2021-08-01;5415;2258;19;0;3121;0;0;0;0;4198247;3030557;11258;26;3403900;1;0;0;0
FR;2;2021-08-02;35894;16156;101;0;21058;0;0;0;0;4234141;3046713;11359;26;3424958;1;0;0;0
FR;2;2021-08-03;55986;28262;143;0;35466;0;0;0;0;4290127;3074975;11502;26;3460424;1;0;0;0
FR;2;2021-08-04;46637;20830;128;1;26940;0;0;0;0;4336764;3095805;11630;27;3487364;1;0;0;0
FR;2;2021-08-05;54640;31559;215;0;38739;0;0;0;0;4391404;3127364;11845;27;3526103;1;0;0;0
FR;2;2021-08-06;58099;42393;242;1;50224;0;0;0;0;4449503;3169757;12087;28;3576327;1;0;0;0
FR;2;2021-08-07;25151;17624;89;0;21315;0;0;0;0;4474654;3187381;12176;28;3597642;1;0;0;0
FR;2;2021-08-08;3840;3649;21;0;4307;0;0;0;0;4478494;3191030;12197;28;3601949;1;0;0;0
FR;2;2021-08-09;29308;21030;92;0;24858;0;0;0;0;4507802;3212060;12289;28;3626807;1;0;0;0
FR;2;2021-08-10;45012;33464;155;0;39228;0;0;0;0;4552814;3245524;12444;28;3666035;1;0;0;0
FR;2;2021-08-11;35275;25147;151;0;29750;0;0;0;0;4588089;3270671;12595;28;3695785;1;0;0;0
FR;2;2021-08-12;41905;35695;163;0;41234;0;0;0;0;4629994;3306366;12758;28;3737019;1;0;0;0
FR;2;2021-08-13;42607;37338;218;0;43026;0;0;0;0;4672601;3343704;12976;28;3780045;1;0;0;0
FR;2;2021-08-14;18524;22136;94;0;24769;0;0;0;0;4691125;3365840;13070;28;3804814;1;0;0;0
FR;2;2021-08-15;3865;3795;17;0;4382;0;0;0;0;4694990;3369635;13087;28;3809196;1;0;0;0
FR;2;2021-08-16;25093;27124;111;0;30447;0;0;0;0;4720083;3396759;13198;28;3839643;1;0;0;0
FR;2;2021-08-17;38268;43403;207;2;48390;0;0;0;0;4758351;3440162;13405;30;3888033;1;0;0;0
FR;2;2021-08-18;32253;36348;195;1;40693;1;0;0;0;4790604;3476510;13600;31;3928726;2;0;0;0
FR;2;2021-08-19;37435;46581;224;0;51785;0;0;0;0;4828039;3523091;13824;31;3980511;2;0;0;0
FR;2;2021-08-20;40569;55651;271;1;61583;0;0;0;0;4868608;3578742;14095;32;4042094;2;0;0;0
FR;2;2021-08-21;18121;24318;117;0;27110;0;0;0;0;4886729;3603060;14212;32;4069204;2;0;0;0
FR;2;2021-08-22;2908;4321;22;1;4853;1;0;0;0;4889637;3607381;14234;33;4074057;3;0;0;0
FR;2;2021-08-23;19249;35146;131;1;38036;0;0;0;0;4908886;3642527;14365;34;4112093;3;0;0;0
FR;2;2021-08-24;31952;56039;236;0;60697;0;0;0;0;4940838;3698566;14601;34;4172790;3;0;0;0
FR;2;2021-08-25;25934;43453;251;0;47403;0;0;0;0;4966772;3742019;14852;34;4220193;3;0;0;0
FR;2;2021-08-26;32362;55838;388;0;60594;0;0;0;0;4999134;3797857;15240;34;4280787;3;0;0;0
FR;2;2021-08-27;37005;65682;477;2;71412;0;0;0;0;5036139;3863539;15717;36;4352199;3;0;0;0
FR;2;2021-08-28;17819;28556;300;0;31616;0;0;0;0;5053958;3892095;16017;36;4383815;3;0;0;0
FR;2;2021-08-29;2656;5009;47;0;5620;0;0;0;0;5056614;3897104;16064;36;4389435;3;0;0;0
FR;2;2021-08-30;18418;37725;400;0;40146;757;0;0;0;5075032;3934829;16464;36;4429581;760;0;0;0
FR;2;2021-08-31;28077;57516;887;4;60948;1558;0;0;0;5103109;3992345;17351;40;4490529;2318;0;0;0
FR;2;2021-09-01;21594;39870;1309;0;42259;2125;0;0;0;5124703;4032215;18660;40;4532788;4443;0;0;0
FR;2;2021-09-02;25486;48671;1963;2;50949;3367;0;0;0;5150189;4080886;20623;42;4583737;7810;0;0;0
FR;2;2021-09-03;33414;64571;2988;3;67540;4884;1;0;0;5183603;4145457;23611;45;4651277;12694;1;0;0
FR;2;2021-09-04;16832;27765;1443;1;29558;2386;0;0;0;5200435;4173222;25054;46;4680835;15080;1;0;0
FR;2;2021-09-05;2264;3584;266;0;3942;412;0;0;0;5202699;4176806;25320;46;4684777;15492;1;0;0
FR;2;2021-09-06;14044;28697;1771;1;29763;2946;0;0;0;5216743;4205503;27091;47;4714540;18438;1;0;0
FR;2;2021-09-07;21111;41114;3022;13;42272;4942;0;0;0;5237854;4246617;30113;60;4756812;23380;1;0;0
FR;2;2021-09-08;17248;31919;2736;6;32737;4499;0;0;0;5255102;4278536;32849;66;4789549;27879;1;0;0
FR;2;2021-09-09;20981;40485;4437;3;41232;6842;0;0;0;5276083;4319021;37286;69;4830781;34721;1;0;0
FR;2;2021-09-10;28203;51309;5286;4;51887;8977;1;0;0;5304286;4370330;42572;73;4882668;43698;2;0;0
FR;2;2021-09-11;13654;22457;2405;5;23135;3986;0;0;0;5317940;4392787;44977;78;4905803;47684;2;0;0
FR;2;2021-09-12;1824;2770;292;0;2965;510;0;0;0;5319764;4395557;45269;78;4908768;48194;2;0;0
FR;2;2021-09-13;11659;21440;2474;4;21702;4050;0;0;0;5331423;4416997;47743;82;4930470;52244;2;0;0
FR;2;2021-09-14;18576;32725;5092;13;31688;9054;2;0;0;5349999;4449722;52835;95;4962158;61298;4;0;0
FR;2;2021-09-15;14916;28226;5169;3;26928;7749;9;0;0;5364915;4477948;58004;98;4989086;69047;13;0;0
FR;2;2021-09-16;16078;32796;6737;12;30183;10539;4;0;0;5380993;4510744;64741;110;5019269;79586;17;0;0
FR;2;2021-09-17;20916;47169;8782;10;42819;14628;6;0;0;5401909;4557913;73523;120;5062088;94214;23;0;0
FR;2;2021-09-18;9857;20961;3804;6;19596;6034;1;0;0;5411766;4578874;77327;126;5081684;100248;24;0;0
FR;2;2021-09-19;1166;2591;396;0;2534;631;0;0;0;5412932;4581465;77723;126;5084218;100879;24;0;0
FR;2;2021-09-20;7503;18707;3856;7;17028;6137;4;0;0;5420435;4600172;81579;133;5101246;107016;28;0;0
FR;2;2021-09-21;11215;29982;6495;5;26535;10746;3;0;0;5431650;4630154;88074;138;5127781;117762;31;0;0
FR;2;2021-09-22;9414;23546;5490;6;21194;8526;8;0;0;5441064;4653700;93564;144;5148975;126288;39;0;0
FR;2;2021-09-23;10731;28905;7881;10;24733;12647;10;0;0;5451795;4682605;101445;154;5173708;138935;49;0;0
FR;2;2021-09-24;15075;42939;10876;18;37277;17242;21;0;0;5466870;4725544;112321;172;5210985;156177;70;0;0
FR;2;2021-09-25;7258;18803;3965;9;17156;6119;3;0;0;5474128;4744347;116286;181;5228141;162296;73;0;0
FR;2;2021-09-26;1080;2543;495;0;2489;630;1;0;0;5475208;4746890;116781;181;5230630;162926;74;0;0
FR;2;2021-09-27;6311;16398;4287;8;14790;6533;2;0;0;5481519;4763288;121068;189;5245420;169459;76;0;0
FR;2;2021-09-28;9242;25572;7769;14;21722;12084;7;0;0;5490761;4788860;128837;203;5267142;181543;83;0;0
FR;2;2021-09-29;8081;20200;6067;25;17606;9261;8;0;0;5498842;4809060;134904;228;5284748;190804;91;0;0
FR;2;2021-09-30;9865;25835;9509;16;21638;14097;6;0;0;5508707;4834895;144413;244;5306386;204901;97;0;0
FR;2;2021-10-01;13978;35732;12921;25;30046;19327;9;0;0;5522685;4870627;157334;269;5336432;224228;106;0;0
FR;2;2021-10-02;6874;15929;4850;7;14225;7046;6;0;0;5529559;4886556;162184;276;5350657;231274;112;0;0
FR;2;2021-10-03;841;1910;492;1;1841;502;0;0;0;5530400;4888466;162676;277;5352498;231776;112;0;0
FR;2;2021-10-04;5826;13904;5516;5;12140;7854;6;0;0;5536226;4902370;168192;282;5364638;239630;118;0;0
FR;2;2021-10-05;9058;22566;11125;19;18527;15741;1;0;0;5545284;4924936;179317;301;5383165;255371;119;0;0
FR;2;2021-10-06;7784;17749;8243;11;15274;11092;4;0;0;5553068;4942685;187560;312;5398439;266463;123;0;0
FR;2;2021-10-07;9204;22211;12386;14;18007;16877;6;0;0;5562272;4964896;199946;326;5416446;283340;129;0;0
FR;2;2021-10-08;13431;32146;17349;28;26515;23615;11;0;0;5575703;4997042;217295;354;5442961;306955;140;0;0
FR;2;2021-10-09;6000;12847;6044;6;11380;7898;7;0;0;5581703;5009889;223339;360;5454341;314853;147;0;0
FR;2;2021-10-10;885;1595;436;2;1539;604;1;0;0;5582588;5011484;223775;362;5455880;315457;148;0;0
FR;2;2021-10-11;5607;11549;6455;17;9937;8828;3;0;0;5588195;5023033;230230;379;5465817;324285;151;0;0
FR;2;2021-10-12;8030;17788;12551;13;13920;16789;9;0;0;5596225;5040821;242781;392;5479737;341074;160;0;0
FR;2;2021-10-13;6945;14864;10256;12;11808;13659;7;0;0;5603170;5055685;253037;404;5491545;354733;167;0;0
FR;2;2021-10-14;8314;17940;14996;13;13560;19476;10;0;0;5611484;5073625;268033;417;5505105;374209;177;0;0
FR;2;2021-10-15;11856;26310;20902;26;19414;27981;4;0;0;5623340;5099935;288935;443;5524519;402190;181;0;0
FR;2;2021-10-16;5141;8732;1819;0;8173;3210;2;0;0;5628481;5108667;290754;443;5532692;405400;183;0;0
FR;2;2021-10-17;652;1149;185;0;1082;354;1;0;0;5629133;5109816;290939;443;5533774;405754;184;0;0
FR;2;2021-10-18;4563;7334;665;2;7242;1628;0;0;0;5633696;5117150;291604;445;5541016;407382;184;0;0
FR;2;2021-10-19;6239;9849;732;5;9656;2030;5;0;0;5639935;5126999;292336;450;5550672;409412;189;0;0
FR;2;2021-10-20;5170;8050;759;3;8173;1675;0;0;0;5645105;5135049;293095;453;5558845;411087;189;0;0
FR;2;2021-10-21;6090;9974;780;5;9834;2102;1;0;0;5651195;5145023;293875;458;5568679;413189;190;0;0
FR;2;2021-10-22;8452;14601;1149;4;14476;2890;2;0;0;5659647;5159624;295024;462;5583155;416079;192;0;0
FR;2;2021-10-23;3845;5996;587;0;6128;1237;3;0;0;5663492;5165620;295611;462;5589283;417316;195;0;0
FR;2;2021-10-24;494;884;101;0;901;205;0;0;0;5663986;5166504;295712;462;5590184;417521;195;0;0
FR;2;2021-10-25;3359;5345;307;1;5520;825;2;0;0;5667345;5171849;296019;463;5595704;418346;197;0;0
FR;2;2021-10-26;4177;7237;1133;4;7126;2022;5;0;0;5671522;5179086;297152;467;5602830;420368;202;0;0
FR;2;2021-10-27;3677;6590;1193;5;6451;1989;1;0;0;5675199;5185676;298345;472;5609281;422357;203;0;0
FR;2;2021-10-28;4597;7689;1736;3;7416;2746;1;0;0;5679796;5193365;300081;475;5616697;425103;204;0;0
FR;2;2021-10-29;5415;11082;2438;4;10694;3683;3;0;0;5685211;5204447;302519;479;5627391;428786;207;0;0
FR;2;2021-10-30;2749;4457;976;1;4454;1447;2;0;0;5687960;5208904;303495;480;5631845;430233;209;0;0
FR;2;2021-10-31;364;535;140;1;544;191;1;0;0;5688324;5209439;303635;481;5632389;430424;210;0;0
FR;2;2021-11-01;429;548;181;0;564;268;1;0;0;5688753;5209987;303816;481;5632953;430692;211;0;0
FR;2;2021-11-02;3293;6756;1183;0;6802;1766;5;0;0;5692046;5216743;304999;481;5639755;432458;216;0;0
FR;2;2021-11-03;3340;6225;1388;2;6314;1966;2;0;0;5695386;5222968;306387;483;5646069;434424;218;0;0
FR;2;2021-11-04;3987;7070;1769;4;7109;2496;3;0;0;5699373;5230038;308156;487;5653178;436920;221;0;0
FR;2;2021-11-05;5235;10501;2867;5;10211;3958;5;0;0;5704608;5240539;311023;492;5663389;440878;226;0;0
FR;2;2021-11-06;2597;4678;1406;0;4636;1823;2;0;0;5707205;5245217;312429;492;5668025;442701;228;0;0
FR;2;2021-11-07;506;864;221;0;871;291;2;0;0;5707711;5246081;312650;492;5668896;442992;230;0;0
FR;2;2021-11-08;2578;5348;1205;3;5268;1676;3;0;0;5710289;5251429;313855;495;5674164;444668;233;0;0
FR;2;2021-11-09;2749;6908;2402;5;6442;3182;2;0;0;5713038;5258337;316257;500;5680606;447850;235;0;0
FR;2;2021-11-10;2590;5669;5117;6;4764;6293;7;0;0;5715628;5264006;321374;506;5685370;454143;242;0;0
FR;2;2021-11-11;446;755;755;2;648;938;3;0;0;5716074;5264761;322129;508;5686018;455081;245;0;0
FR;2;2021-11-12;2953;8085;8982;8;6196;10931;9;0;0;5719027;5272846;331111;516;5692214;466012;254;0;0
FR;2;2021-11-13;1539;3372;3872;7;2721;4538;4;0;0;5720566;5276218;334983;523;5694935;470550;258;0;0
FR;2;2021-11-14;257;586;351;1;486;480;3;0;0;5720823;5276804;335334;524;5695421;471030;261;0;0
FR;2;2021-11-15;1621;3651;4449;8;2907;5328;16;0;0;5722444;5280455;339783;532;5698328;476358;277;0;0
FR;2;2021-11-16;2184;5880;8312;14;4156;10082;16;0;0;5724628;5286335;348095;546;5702484;486440;293;0;0
FR;2;2021-11-17;1741;4523;6633;8;3169;7851;5;0;0;5726369;5290858;354728;554;5705653;494291;298;0;0
FR;2;2021-11-18;2192;5922;9188;10;4019;11019;8;0;0;5728561;5296780;363916;564;5709672;505310;306;0;0
FR;2;2021-11-19;2701;7756;12980;19;4835;15480;12;0;0;5731262;5304536;376896;583;5714507;520790;318;0;0
FR;2;2021-11-20;1566;3334;5182;5;2351;6095;3;0;0;5732828;5307870;382078;588;5716858;526885;321;0;0
FR;2;2021-11-21;250;502;542;0;392;654;3;0;0;5733078;5308372;382620;588;5717250;527539;324;0;0
FR;2;2021-11-22;1278;2574;4484;5;1675;5398;9;0;0;5734356;5310946;387104;593;5718925;532937;333;0;0
FR;2;2021-11-23;1617;4273;8206;9;2534;9920;6;0;0;5735973;5315219;395310;602;5721459;542857;339;0;0
FR;2;2021-11-24;1421;3750;7485;14;2248;8736;9;0;0;5737394;5318969;402795;616;5723707;551593;348;0;0
FR;2;2021-11-25;1813;4862;11473;21;2682;13666;6;0;0;5739207;5323831;414268;637;5726389;565259;354;0;0
FR;2;2021-11-26;2541;7735;22676;31;3812;26091;14;0;0;5741748;5331566;436944;668;5730201;591350;368;0;0
FR;2;2021-11-27;1498;4143;12276;19;2128;14039;13;0;0;5743246;5335709;449220;687;5732329;605389;381;0;0
FR;2;2021-11-28;292;836;1976;3;478;2303;5;0;0;5743538;5336545;451196;690;5732807;607692;386;0;0
FR;2;2021-11-29;1448;4349;15099;23;2010;17269;25;0;0;5744986;5340894;466295;713;5734817;624961;411;0;0
FR;2;2021-11-30;1912;6654;26251;36;2638;30010;22;0;0;5746898;5347548;492546;749;5737455;654971;433;0;0
FR;2;2021-12-01;1916;6010;26210;31;2479;29520;20;0;0;5748814;5353558;518756;780;5739934;684491;453;0;0
FR;2;2021-12-02;1915;6783;37733;52;2116;41991;32;0;0;5750729;5360341;556489;832;5742050;726482;485;0;0
FR;2;2021-12-03;2558;10069;53640;111;3594;59386;30;0;0;5753287;5370410;610129;943;5745644;785868;515;0;0
FR;2;2021-12-04;1850;6276;37128;38;2186;40816;16;0;0;5755137;5376686;647257;981;5747830;826684;531;0;0
FR;2;2021-12-05;458;2246;14263;14;536;15989;7;0;0;5755595;5378932;661520;995;5748366;842673;538;0;0
FR;2;2021-12-06;2487;9856;77732;109;2704;84787;25;0;0;5758082;5388788;739252;1104;5751070;927460;563;0;0
FR;2;2021-12-07;3458;15284;122470;238;3741;133789;40;0;0;5761540;5404072;861722;1342;5754811;1061249;603;0;0
FR;2;2021-12-08;3725;15972;133223;330;3849;145412;54;0;0;5765265;5420044;994945;1672;5758660;1206661;657;0;0
FR;2;2021-12-09;4545;19630;170238;554;4170;185636;60;0;0;5769810;5439674;1165183;2226;5762830;1392297;717;0;0
FR;2;2021-12-10;4676;22808;188698;490;5014;206188;69;0;0;5774486;5462482;1353881;2716;5767844;1598485;786;0;0
FR;2;2021-12-11;3688;16618;132466;239;3663;144931;60;0;0;5778174;5479100;1486347;2955;5771507;1743416;846;0;0
FR;2;2021-12-12;1256;7121;59115;83;1016;65170;12;0;0;5779430;5486221;1545462;3038;5772523;1808586;858;0;0
FR;2;2021-12-13;5530;26818;220729;605;5229;243029;159;0;0;5784960;5513039;1766191;3643;5777752;2051615;1017;0;0
FR;2;2021-12-14;7019;37454;300805;909;6138;332271;190;0;0;5791979;5550493;2066996;4552;5783890;2383886;1207;0;0
FR;2;2021-12-15;6555;36220;285261;957;5869;315900;185;0;0;5798534;5586713;2352257;5509;5789759;2699786;1392;0;0
FR;2;2021-12-16;7765;37909;312177;982;6564;343806;184;0;0;5806299;5624622;2664434;6491;5796323;3043592;1576;0;0
FR;2;2021-12-17;8681;41188;327909;976;8021;360986;231;0;0;5814980;5665810;2992343;7467;5804344;3404578;1807;0;0
FR;2;2021-12-18;6514;26531;212372;448;4905;233675;120;0;0;5821494;5692341;3204715;7915;5809249;3638253;1927;0;0
FR;2;2021-12-19;2603;11406;90226;182;1656;100358;26;0;0;5824097;5703747;3294941;8097;5810905;3738611;1953;0;0
FR;2;2021-12-20;9548;33518;275255;707;6592;303399;209;0;0;5833645;5737265;3570196;8804;5817497;4042010;2162;0;0
FR;2;2021-12-21;11565;38281;309658;968;7374;341440;260;0;0;5845210;5775546;3879854;9772;5824871;4383450;2422;0;0
FR;2;2021-12-22;10459;32777;265141;952;6442;292498;316;0;1;5855669;5808323;4144995;10724;5831313;4675948;2738;0;1
FR;2;2021-12-23;9426;26618;199534;701;5874;221290;226;0;0;5865095;5834941;4344529;11425;5837187;4897238;2964;0;1
FR;2;2021-12-24;2783;7476;43865;140;2038;49568;78;0;0;5867878;5842417;4388394;11565;5839225;4946806;3042;0;1
FR;2;2021-12-25;201;671;2003;10;209;2478;15;0;0;5868079;5843088;4390397;11575;5839434;4949284;3057;0;1
FR;2;2021-12-26;1320;4216;25161;71;1052;28694;70;0;0;5869399;5847304;4415558;11646;5840486;4977978;3127;0;1
FR;2;2021-12-27;8076;29927;218434;659;6624;243383;294;0;0;5877475;5877231;4633992;12305;5847110;5221361;3421;0;1
FR;2;2021-12-28;9832;36289;272115;742;6984;302013;957;0;1;5887307;5913520;4906107;13047;5854094;5523374;4378;0;2
FR;2;2021-12-29;9498;32223;246147;765;6404;272695;1088;0;0;5896805;5945743;5152254;13812;5860498;5796069;5466;0;2
FR;2;2021-12-30;9462;28079;208838;663;5976;231459;1155;0;0;5906267;5973822;5361092;14475;5866474;6027528;6621;0;2
FR;2;2021-12-31;3011;8342;54990;176;2170;61233;392;0;0;5909278;5982164;5416082;14651;5868644;6088761;7013;0;2
FR;2;2022-01-01;231;692;2858;7;207;3352;29;0;0;5909509;5982856;5418940;14658;5868851;6092113;7042;0;2
FR;2;2022-01-02;1503;4854;29524;76;1165;33414;217;0;0;5911012;5987710;5448464;14734;5870016;6125527;7259;0;2
FR;2;2022-01-03;9605;35398;266542;806;8498;293920;1673;0;0;5920617;6023108;5715006;15540;5878514;6419447;8932;0;2
FR;2;2022-01-04;12855;45414;342100;1068;9967;377057;2458;0;1;5933472;6068522;6057106;16608;5888481;6796504;11390;0;3
FR;2;2022-01-05;11273;38627;294217;884;8636;323852;2154;0;2;5944745;6107149;6351323;17492;5897117;7120356;13544;0;5
FR;2;2022-01-06;13655;43490;331956;1298;9937;364767;2978;0;1;5958400;6150639;6683279;18790;5907054;7485123;16522;0;6
FR;2;2022-01-07;14225;47607;361120;1271;11231;396462;3159;0;0;5972625;6198246;7044399;20061;5918285;7881585;19681;0;6
FR;2;2022-01-08;7946;28137;201272;515;7209;221703;1528;0;2;5980571;6226383;7245671;20576;5925494;8103288;21209;0;8
FR;2;2022-01-09;2749;8949;62529;137;2071;69495;493;0;0;5983320;6235332;7308200;20713;5927565;8172783;21702;0;8
FR;2;2022-01-10;10099;31907;232507;859;8905;255080;2460;0;0;5993419;6267239;7540707;21572;5936470;8427863;24162;0;8
FR;2;2022-01-11;11467;36235;265943;1030;10056;290648;3380;0;1;6004886;6303474;7806650;22602;5946526;8718511;27542;0;9
FR;2;2022-01-12;8766;29784;206334;863;8716;226172;2799;0;5;6013652;6333258;8012984;23465;5955242;8944683;30341;0;14
FR;2;2022-01-13;9387;31338;224508;831;9037;244859;3462;0;4;6023039;6364596;8237492;24296;5964279;9189542;33803;0;18
FR;2;2022-01-14;9744;35581;254550;920;9845;277652;3983;0;1;6032783;6400177;8492042;25216;5974124;9467194;37786;0;19
FR;2;2022-01-15;5361;19447;140785;363;5324;153645;1928;0;0;6038144;6419624;8632827;25579;5979448;9620839;39714;0;19
FR;2;2022-01-16;1512;5457;35892;81;1618;39819;424;0;0;6039656;6425081;8668719;25660;5981066;9660658;40138;0;19
FR;2;2022-01-17;5546;19266;135420;601;6603;147262;2264;0;2;6045202;6444347;8804139;26261;5987669;9807920;42402;0;21
FR;2;2022-01-18;6422;21480;148646;647;7519;160469;3311;0;0;6051624;6465827;8952785;26908;5995188;9968389;45713;0;21
FR;2;2022-01-19;4398;16305;105111;552;6207;113701;2411;0;1;6056022;6482132;9057896;27460;6001395;10082090;48124;0;22
FR;2;2022-01-20;4873;17575;115304;603;7069;123696;3111;0;2;6060895;6499707;9173200;28063;6008464;10205786;51235;0;24
FR;2;2022-01-21;5198;20043;137356;679;7169;147778;3454;0;1;6066093;6519750;9310556;28742;6015633;10353564;54689;0;25
FR;2;2022-01-22;3034;10955;74264;260;3956;80337;1428;0;0;6069127;6530705;9384820;29002;6019589;10433901;56117;0;25
FR;2;2022-01-23;724;2708;15243;41;1055;16827;238;0;0;6069851;6533413;9400063;29043;6020644;10450728;56355;0;25
FR;2;2022-01-24;3291;12794;75084;431;5844;81020;1994;0;2;6073142;6546207;9475147;29474;6026488;10531748;58349;0;27
FR;2;2022-01-25;3575;14404;79634;496;6650;85459;2879;0;4;6076717;6560611;9554781;29970;6033138;10617207;61228;0;31
FR;2;2022-01-26;2515;10705;58987;363;5332;63039;1958;0;1;6079232;6571316;9613768;30333;6038470;10680246;63186;0;32
FR;2;2022-01-27;2684;11386;64183;389;5739;67968;2460;0;1;6081916;6582702;9677951;30722;6044209;10748214;65646;0;33
FR;2;2022-01-28;3551;18261;91729;430;8613;98908;3400;0;1;6085467;6600963;9769680;31152;6052822;10847122;69046;0;34
FR;2;2022-01-29;1896;9235;48854;164;4169;52929;1374;0;1;6087363;6610198;9818534;31316;6056991;10900051;70420;0;35
FR;2;2022-01-30;464;2209;9457;38;1052;10586;203;0;0;6087827;6612407;9827991;31354;6058043;10910637;70623;0;35
FR;2;2022-01-31;1890;9556;43834;209;4714;47323;1885;0;2;6089717;6621963;9871825;31563;6062757;10957960;72508;0;37
FR;2;2022-02-01;1916;10020;47031;279;4797;50081;2708;0;0;6091633;6631983;9918856;31842;6067554;11008041;75216;0;37
FR;2;2022-02-02;1614;8976;41124;250;4192;44151;2188;0;1;6093247;6640959;9959980;32092;6071746;11052192;77404;0;38
FR;2;2022-02-03;1730;8933;40526;205;4373;42912;2640;0;2;6094977;6649892;10000506;32297;6076119;11095104;80044;0;40
FR;2;2022-02-04;2151;15167;66649;299;7382;71316;3671;0;1;6097128;6665059;10067155;32596;6083501;11166420;83715;0;41
FR;2;2022-02-05;1360;8519;35948;132;4213;39223;1369;0;0;6098488;6673578;10103103;32728;6087714;11205643;85084;0;41
FR;2;2022-02-06;275;1762;6129;16;841;6899;217;0;0;6098763;6675340;10109232;32744;6088555;11212542;85301;0;41
FR;2;2022-02-07;1352;9546;37759;134;4535;41291;1888;0;2;6100115;6684886;10146991;32878;6093090;11253833;87189;0;43
FR;2;2022-02-08;1299;9832;40956;173;4644;43750;2741;0;1;6101414;6694718;10187947;33051;6097734;11297583;89930;0;44
FR;2;2022-02-09;1160;8841;37040;174;3804;40465;1901;0;2;6102574;6703559;10224987;33225;6101538;11338048;91831;0;46
FR;2;2022-02-10;1029;8001;33837;204;3605;36511;2051;0;1;6103603;6711560;10258824;33429;6105143;11374559;93882;0;47
FR;2;2022-02-11;1391;12086;53347;223;5282;57700;2888;0;0;6104994;6723646;10312171;33652;6110425;11432259;96770;0;47
FR;2;2022-02-12;753;6535;27988;86;2792;30807;1113;0;2;6105747;6730181;10340159;33738;6113217;11463066;97883;0;49
FR;2;2022-02-13;200;1340;4836;20;562;5577;141;0;0;6105947;6731521;10344995;33758;6113779;11468643;98024;0;49
FR;2;2022-02-14;835;6732;30274;91;2599;33233;1398;0;1;6106782;6738253;10375269;33849;6116378;11501876;99422;0;50
FR;2;2022-02-15;774;6473;28051;140;2801;29993;1966;0;2;6107556;6744726;10403320;33989;6119179;11531869;101388;0;52
FR;2;2022-02-16;657;5363;22067;124;2529;23633;1569;0;3;6108213;6750089;10425387;34113;6121708;11555502;102957;0;55
FR;2;2022-02-17;518;3786;14152;98;2131;14617;1406;0;2;6108731;6753875;10439539;34211;6123839;11570119;104363;0;57
FR;2;2022-02-18;723;5368;20443;134;3040;21130;1895;0;0;6109454;6759243;10459982;34345;6126879;11591249;106258;0;57
FR;2;2022-02-19;430;3061;10532;66;1699;11246;753;0;2;6109884;6762304;10470514;34411;6128578;11602495;107011;0;59
FR;2;2022-02-20;102;518;1463;3;314;1611;100;0;0;6109986;6762822;10471977;34414;6128892;11604106;107111;0;59
FR;2;2022-02-21;423;2685;9122;65;1569;9499;930;0;0;6110409;6765507;10481099;34479;6130461;11613605;108041;0;59
FR;2;2022-02-22;393;2568;8894;77;1622;8797;1180;0;0;6110802;6768075;10489993;34556;6132083;11622402;109221;0;59
FR;2;2022-02-23;432;2605;8992;82;1522;9269;1022;0;0;6111234;6770680;10498985;34638;6133605;11631671;110243;0;59
FR;2;2022-02-24;314;2039;6804;82;1251;6834;870;0;0;6111548;6772719;10505789;34720;6134856;11638505;111113;0;59
FR;2;2022-02-25;456;3209;11423;107;1979;11286;1560;0;3;6112004;6775928;10517212;34827;6136835;11649791;112673;0;62
FR;2;2022-02-26;297;1892;6038;49;1161;6345;587;0;1;6112301;6777820;10523250;34876;6137996;11656136;113260;0;63
FR;2;2022-02-27;76;313;907;5;214;950;98;0;0;6112377;6778133;10524157;34881;6138210;11657086;113358;0;63
FR;2;2022-02-28;332;1688;5525;53;1087;5531;733;0;0;6112709;6779821;10529682;34934;6139297;11662617;114091;0;63
FR;2;2022-03-01;279;1569;5484;46;952;5201;964;0;2;6112988;6781390;10535166;34980;6140249;11667818;115055;0;65
FR;2;2022-03-02;298;1446;5248;45;878;5092;815;0;1;6113286;6782836;10540414;35025;6141127;11672910;115870;0;66
FR;2;2022-03-03;226;1112;3709;42;721;3486;668;0;1;6113512;6783948;10544123;35067;6141848;11676396;116538;0;67
FR;2;2022-03-04;243;1469;4860;74;983;4506;950;0;1;6113755;6785417;10548983;35141;6142831;11680902;117488;0;68
FR;2;2022-03-05;174;906;2981;34;612;2725;561;0;0;6113929;6786323;10551964;35175;6143443;11683627;118049;0;68
FR;2;2022-03-06;42;188;280;5;110;320;52;0;0;6113971;6786511;10552244;35180;6143553;11683947;118101;0;68
FR;2;2022-03-07;157;659;1988;70;491;1778;472;0;0;6114128;6787170;10554232;35250;6144044;11685725;118573;0;68
FR;2;2022-03-08;144;670;2272;53;461;1907;619;0;0;6114272;6787840;10556504;35303;6144505;11687632;119192;0;68
FR;2;2022-03-09;156;709;2350;37;473;2051;617;0;0;6114428;6788549;10558854;35340;6144978;11689683;119809;0;68
FR;2;2022-03-10;123;603;1695;35;446;1470;456;0;1;6114551;6789152;10560549;35375;6145424;11691153;120265;0;69
FR;2;2022-03-11;172;757;2770;57;505;2369;737;0;1;6114723;6789909;10563319;35432;6145929;11693522;121002;0;70
FR;2;2022-03-12;149;485;1787;27;331;1557;450;0;0;6114872;6790394;10565106;35459;6146260;11695079;121452;0;70
FR;2;2022-03-13;25;75;203;30;45;204;69;0;0;6114897;6790469;10565309;35489;6146305;11695283;121521;0;70
FR;2;2022-03-14;129;470;1572;529;333;1301;951;0;0;6115026;6790939;10566881;36018;6146638;11696584;122472;0;70
FR;2;2022-03-15;138;441;1713;691;333;1333;1186;0;1;6115164;6791380;10568594;36709;6146971;11697917;123658;0;71
FR;2;2022-03-16;142;476;2013;1616;331;1593;2160;0;2;6115306;6791856;10570607;38325;6147302;11699510;125818;0;73
FR;2;2022-03-17;95;413;1412;1192;273;1148;1576;0;1;6115401;6792269;10572019;39517;6147575;11700658;127394;0;74
FR;2;2022-03-18;147;496;2025;1795;335;1668;2313;0;1;6115548;6792765;10574044;41312;6147910;11702326;129707;0;75
FR;2;2022-03-19;108;321;1210;941;219;1015;1259;0;0;6115656;6793086;10575254;42253;6148129;11703341;130966;0;75
FR;2;2022-03-20;13;77;191;59;39;168;115;0;0;6115669;6793163;10575445;42312;6148168;11703509;131081;0;75
FR;2;2022-03-21;98;307;1218;1483;180;1081;1760;0;1;6115767;6793470;10576663;43795;6148348;11704590;132841;0;76
FR;2;2022-03-22;118;391;1532;1830;244;1293;2219;0;0;6115885;6793861;10578195;45625;6148592;11705883;135060;0;76
FR;2;2022-03-23;137;361;1678;3032;232;1473;3374;0;6;6116022;6794222;10579873;48657;6148824;11707356;138434;0;82
FR;2;2022-03-24;117;293;1183;1548;186;1001;1814;0;8;6116139;6794515;10581056;50205;6149010;11708357;140248;0;90
FR;2;2022-03-25;119;361;1806;2451;238;1476;2837;0;8;6116258;6794876;10582862;52656;6149248;11709833;143085;0;98
FR;2;2022-03-26;79;247;1205;1222;138;953;1531;0;5;6116337;6795123;10584067;53878;6149386;11710786;144616;0;103
FR;2;2022-03-27;19;36;154;100;19;133;144;0;0;6116356;6795159;10584221;53978;6149405;11710919;144760;0;103
FR;2;2022-03-28;94;290;1139;1602;189;995;1835;0;6;6116450;6795449;10585360;55580;6149594;11711914;146595;0;109
FR;2;2022-03-29;108;258;1325;2467;167;1105;2760;0;4;6116558;6795707;10586685;58047;6149761;11713019;149355;0;113
FR;2;2022-03-30;91;312;1489;3185;163;1320;3422;0;2;6116649;6796019;10588174;61232;6149924;11714339;152777;0;115
FR;2;2022-03-31;104;284;1277;2332;172;1092;2616;0;3;6116753;6796303;10589451;63564;6150096;11715431;155393;0;118
FR;2;2022-04-01;123;324;1568;2349;164;1323;2667;0;7;6116876;6796627;10591019;65913;6150260;11716754;158060;0;125
FR;2;2022-04-02;81;161;845;891;83;737;1052;0;1;6116957;6796788;10591864;66804;6150343;11717491;159112;0;126
FR;2;2022-04-03;16;53;128;113;27;142;133;0;1;6116973;6796841;10591992;66917;6150370;11717633;159245;0;127
FR;2;2022-04-04;113;243;990;1447;145;799;1693;0;5;6117086;6797084;10592982;68364;6150515;11718432;160938;0;132
FR;2;2022-04-05;143;301;1317;2914;161;1145;3143;0;17;6117229;6797385;10594299;71278;6150676;11719577;164081;0;149
FR;2;2022-04-06;89;260;1308;2523;128;1131;2688;0;10;6117318;6797645;10595607;73801;6150804;11720708;166769;0;159
FR;2;2022-04-07;120;230;1303;2682;141;1042;2958;0;8;6117438;6797875;10596910;76483;6150945;11721750;169727;0;167
FR;2;2022-04-08;126;346;1635;3352;182;1328;3642;0;12;6117564;6798221;10598545;79835;6151127;11723078;173369;0;179
FR;2;2022-04-09;90;219;900;1046;144;732;1288;0;4;6117654;6798440;10599445;80881;6151271;11723810;174657;0;183
FR;2;2022-04-10;37;48;143;162;45;119;200;0;1;6117691;6798488;10599588;81043;6151316;11723929;174857;0;184
FR;2;2022-04-11;88;195;892;1560;121;782;1718;0;6;6117779;6798683;10600480;82603;6151437;11724711;176575;0;190
FR;2;2022-04-12;176;273;1183;2770;175;1062;2903;0;8;6117955;6798956;10601663;85373;6151612;11725773;179478;0;198
FR;2;2022-04-13;147;231;1125;2477;110;989;2671;0;11;6118102;6799187;10602788;87850;6151722;11726762;182149;0;209
FR;2;2022-04-14;115;227;1085;2677;114;919;2911;0;18;6118217;6799414;10603873;90527;6151836;11727681;185060;0;227
FR;2;2022-04-15;114;261;1221;2304;131;1078;2544;0;7;6118331;6799675;10605094;92831;6151967;11728759;187604;0;234
FR;2;2022-04-16;67;108;548;549;68;459;675;0;9;6118398;6799783;10605642;93380;6152035;11729218;188279;0;243
FR;2;2022-04-17;15;27;57;53;16;53;71;0;0;6118413;6799810;10605699;93433;6152051;11729271;188350;0;243
FR;2;2022-04-18;12;35;121;70;18;116;95;0;0;6118425;6799845;10605820;93503;6152069;11729387;188445;0;243
FR;2;2022-04-19;112;237;1120;1750;149;951;1934;0;9;6118537;6800082;10606940;95253;6152218;11730338;190379;0;252
FR;2;2022-04-20;95;241;1110;2172;125;934;2366;0;14;6118632;6800323;10608050;97425;6152343;11731272;192745;0;266
FR;2;2022-04-21;111;233;983;1912;125;838;2141;0;10;6118743;6800556;10609033;99337;6152468;11732110;194886;0;276
FR;2;2022-04-22;100;276;1242;2102;141;1023;2440;0;11;6118843;6800832;10610275;101439;6152609;11733133;197326;0;287
FR;2;2022-04-23;67;156;645;762;107;574;862;0;8;6118910;6800988;10610920;102201;6152716;11733707;198188;0;295
FR;2;2022-04-24;12;30;101;68;12;79;100;0;0;6118922;6801018;10611021;102269;6152728;11733786;198288;0;295
FR;2;2022-04-25;104;204;821;1329;103;711;1527;0;15;6119026;6801222;10611842;103598;6152831;11734497;199815;0;310
FR;2;2022-04-26;110;184;1041;2022;118;879;2219;0;18;6119136;6801406;10612883;105620;6152949;11735376;202034;0;328
FR;2;2022-04-27;98;181;860;1784;122;764;1806;0;7;6119234;6801587;10613743;107404;6153071;11736140;203840;0;335
FR;2;2022-04-28;93;214;950;1931;128;843;2087;0;12;6119327;6801801;10614693;109335;6153199;11736983;205927;0;347
FR;2;2022-04-29;81;282;1132;1697;131;1043;1876;0;11;6119408;6802083;10615825;111032;6153330;11738026;207803;0;358
FR;2;2022-04-30;66;127;471;540;80;430;628;0;9;6119474;6802210;10616296;111572;6153410;11738456;208431;0;367
FR;2;2022-05-01;23;24;84;49;20;85;61;0;1;6119497;6802234;10616380;111621;6153430;11738541;208492;0;368
FR;2;2022-05-02;115;232;762;1217;141;660;1375;0;5;6119612;6802466;10617142;112838;6153571;11739201;209867;0;373
FR;2;2022-05-03;152;233;999;1781;156;938;1895;0;14;6119764;6802699;10618141;114619;6153727;11740139;211762;0;387
FR;2;2022-05-04;90;226;925;1810;116;868;1821;0;13;6119854;6802925;10619066;116429;6153843;11741007;213583;0;400
FR;2;2022-05-05;127;197;856;1732;146;773;1848;0;10;6119981;6803122;10619922;118161;6153989;11741780;215431;0;410
FR;2;2022-05-06;133;246;1100;1855;139;1016;2052;0;16;6120114;6803368;10621022;120016;6154128;11742796;217483;0;426
FR;2;2022-05-07;40;99;470;504;61;406;593;0;4;6120154;6803467;10621492;120520;6154189;11743202;218076;0;430
FR;2;2022-05-08;48;54;107;71;41;102;101;0;0;6120202;6803521;10621599;120591;6154230;11743304;218177;0;430
FR;2;2022-05-09;101;174;654;986;103;604;1130;0;9;6120303;6803695;10622253;121577;6154333;11743908;219307;0;439
FR;2;2022-05-10;121;252;938;1841;155;893;1965;0;23;6120424;6803947;10623191;123418;6154488;11744801;221272;0;462
FR;2;2022-05-11;103;179;813;1879;117;792;1868;0;8;6120527;6804126;10624004;125297;6154605;11745593;223140;0;470
FR;2;2022-05-12;111;174;845;2096;116;803;2213;0;21;6120638;6804300;10624849;127393;6154721;11746396;225353;0;491
FR;2;2022-05-13;100;236;969;2097;122;900;2273;0;13;6120738;6804536;10625818;129490;6154843;11747296;227626;0;504
FR;2;2022-05-14;76;124;451;553;93;411;632;0;6;6120814;6804660;10626269;130043;6154936;11747707;228258;0;510
FR;2;2022-05-15;24;39;94;88;20;108;95;0;1;6120838;6804699;10626363;130131;6154956;11747815;228353;0;511
FR;2;2022-05-16;102;170;601;925;115;537;1037;0;11;6120940;6804869;10626964;131056;6155071;11748352;229390;0;522
FR;2;2022-05-17;95;184;690;1685;119;658;1737;0;8;6121035;6805053;10627654;132741;6155190;11749010;231127;0;530
FR;2;2022-05-18;80;181;643;1431;97;648;1486;0;10;6121115;6805234;10628297;134172;6155287;11749658;232613;0;540
FR;2;2022-05-19;73;161;709;1830;81;751;1816;0;12;6121188;6805395;10629006;136002;6155368;11750409;234429;0;552
FR;2;2022-05-20;107;181;874;1701;111;779;1849;0;17;6121295;6805576;10629880;137703;6155479;11751188;236278;0;569
FR;2;2022-05-21;48;96;398;517;71;339;581;0;8;6121343;6805672;10630278;138220;6155550;11751527;236859;0;577
FR;2;2022-05-22;8;23;69;37;18;57;56;0;0;6121351;6805695;10630347;138257;6155568;11751584;236915;0;577
FR;2;2022-05-23;86;133;498;931;100;469;967;0;7;6121437;6805828;10630845;139188;6155668;11752053;237882;0;584
FR;2;2022-05-24;87;164;627;1626;103;615;1680;0;17;6121524;6805992;10631472;140814;6155771;11752668;239562;0;601
FR;2;2022-05-25;72;146;539;1149;90;494;1260;0;5;6121596;6806138;10632011;141963;6155861;11753162;240822;0;606
FR;2;2022-05-26;12;31;77;45;13;85;56;0;1;6121608;6806169;10632088;142008;6155874;11753247;240878;0;607
FR;2;2022-05-27;44;124;456;818;68;438;893;0;9;6121652;6806293;10632544;142826;6155942;11753685;241771;0;616
FR;2;2022-05-28;28;60;221;244;29;221;266;0;1;6121680;6806353;10632765;143070;6155971;11753906;242037;0;617
FR;2;2022-05-29;13;34;43;25;22;51;28;0;0;6121693;6806387;10632808;143095;6155993;11753957;242065;0;617
FR;2;2022-05-30;65;109;425;755;60;410;806;0;6;6121758;6806496;10633233;143850;6156053;11754367;242871;0;623
FR;2;2022-05-31;76;135;564;1278;92;511;1304;0;12;6121834;6806631;10633797;145128;6156145;11754878;244175;0;635
FR;2;2022-06-01;59;158;564;1075;84;543;1170;0;6;6121893;6806789;10634361;146203;6156229;11755421;245345;0;641
FR;2;2022-06-02;92;178;625;1414;109;592;1520;0;12;6121985;6806967;10634986;147617;6156338;11756013;246865;0;653
FR;2;2022-06-03;71;156;668;1605;95;595;1694;0;19;6122056;6807123;10635654;149222;6156433;11756608;248559;0;672
FR;2;2022-06-04;69;93;283;433;66;269;475;0;11;6122125;6807216;10635937;149655;6156499;11756877;249034;0;683
FR;2;2022-06-05;12;17;63;57;16;47;74;0;1;6122137;6807233;10636000;149712;6156515;11756924;249108;0;684
FR;2;2022-06-06;12;40;92;76;29;92;80;0;4;6122149;6807273;10636092;149788;6156544;11757016;249188;0;688
FR;2;2022-06-07;99;222;667;1535;154;577;1661;0;10;6122248;6807495;10636759;151323;6156698;11757593;250849;0;698
FR;2;2022-06-08;70;119;476;1166;76;411;1262;0;5;6122318;6807614;10637235;152489;6156774;11758004;252111;0;703
FR;2;2022-06-09;93;166;613;1923;107;571;1927;0;18;6122411;6807780;10637848;154412;6156881;11758575;254038;0;721
FR;2;2022-06-10;93;168;650;1683;107;622;1774;0;23;6122504;6807948;10638498;156095;6156988;11759197;255812;0;744
FR;2;2022-06-11;44;85;287;529;42;258;583;0;5;6122548;6808033;10638785;156624;6157030;11759455;256395;0;749
FR;2;2022-06-12;18;38;58;78;27;60;78;0;0;6122566;6808071;10638843;156702;6157057;11759515;256473;0;749
FR;2;2022-06-13;39;121;395;953;63;379;1021;0;6;6122605;6808192;10639238;157655;6157120;11759894;257494;0;755
FR;2;2022-06-14;68;157;599;2088;101;537;2189;0;14;6122673;6808349;10639837;159743;6157221;11760431;259683;0;769
FR;2;2022-06-15;78;104;520;1504;84;444;1639;0;10;6122751;6808453;10640357;161247;6157305;11760875;261322;0;779
FR;2;2022-06-16;127;128;497;1411;123;424;1526;0;12;6122878;6808581;10640854;162658;6157428;11761299;262848;0;791
FR;2;2022-06-17;73;138;589;1817;88;516;1921;0;16;6122951;6808719;10641443;164475;6157516;11761815;264769;0;807
FR;2;2022-06-18;76;93;224;579;81;196;630;0;4;6123027;6808812;10641667;165054;6157597;11762011;265399;0;811
FR;2;2022-06-19;11;17;53;71;7;41;90;0;2;6123038;6808829;10641720;165125;6157604;11762052;265489;0;813
FR;2;2022-06-20;62;125;401;1028;72;392;1105;0;10;6123100;6808954;10642121;166153;6157676;11762444;266594;0;823
FR;2;2022-06-21;108;115;526;2126;104;455;2163;0;22;6123208;6809069;10642647;168279;6157780;11762899;268757;0;845
FR;2;2022-06-22;39;110;462;1889;57;415;1971;0;25;6123247;6809179;10643109;170168;6157837;11763314;270728;0;870
FR;2;2022-06-23;58;109;537;2282;68;452;2400;0;30;6123305;6809288;10643646;172450;6157905;11763766;273128;0;900
FR;2;2022-06-24;66;122;709;3199;65;571;3339;0;38;6123371;6809410;10644355;175649;6157970;11764337;276467;0;938
FR;2;2022-06-25;30;90;298;987;55;254;1040;0;13;6123401;6809500;10644653;176636;6158025;11764591;277507;0;951
FR;2;2022-06-26;30;27;131;194;29;97;236;0;5;6123431;6809527;10644784;176830;6158054;11764688;277743;0;956
FR;2;2022-06-27;79;137;582;2489;94;483;2622;0;39;6123510;6809664;10645366;179319;6158148;11765171;280365;0;995
FR;2;2022-06-28;110;140;812;4817;81;650;4894;0;54;6123620;6809804;10646178;184136;6158229;11765821;285259;0;1049
FR;2;2022-06-29;73;150;776;4436;80;637;4532;0;56;6123693;6809954;10646954;188572;6158309;11766458;289791;0;1105
FR;2;2022-06-30;72;133;834;5177;71;619;5398;0;79;6123765;6810087;10647788;193749;6158380;11767077;295189;0;1184
FR;2;2022-07-01;113;161;1152;6692;94;853;6944;0;92;6123878;6810248;10648940;200441;6158474;11767930;302133;0;1276
FR;2;2022-07-02;69;132;474;1976;82;392;2067;0;27;6123947;6810380;10649414;202417;6158556;11768322;304200;0;1303
FR;2;2022-07-03;23;30;147;334;21;131;357;0;8;6123970;6810410;10649561;202751;6158577;11768453;304557;0;1311
FR;2;2022-07-04;120;184;774;3785;112;612;3971;0;49;6124090;6810594;10650335;206536;6158689;11769065;308528;0;1360
FR;2;2022-07-05;119;187;1121;6818;120;828;6999;0;85;6124209;6810781;10651456;213354;6158809;11769893;315527;0;1445
FR;2;2022-07-06;92;151;951;5807;94;697;5933;0;84;6124301;6810932;10652407;219161;6158903;11770590;321460;0;1529
FR;2;2022-07-07;81;185;1021;6501;115;752;6732;0;101;6124382;6811117;10653428;225662;6159018;11771342;328192;0;1630
FR;2;2022-07-08;65;122;1095;7044;51;758;7235;0;123;6124447;6811239;10654523;232706;6159069;11772100;335427;0;1753
FR;2;2022-07-09;34;62;418;1869;31;299;1920;0;33;6124481;6811301;10654941;234575;6159100;11772399;337347;0;1786
FR;2;2022-07-10;6;17;97;315;8;83;327;0;5;6124487;6811318;10655038;234890;6159108;11772482;337674;0;1791
FR;2;2022-07-11;68;121;683;3826;76;541;3901;0;67;6124555;6811439;10655721;238716;6159184;11773023;341575;0;1858
FR;2;2022-07-12;102;180;1054;6517;107;809;6725;0;119;6124657;6811619;10656775;245233;6159291;11773832;348300;0;1977
FR;2;2022-07-13;65;127;879;4664;75;591;4830;0;78;6124722;6811746;10657654;249897;6159366;11774423;353130;0;2055
FR;2;2022-07-14;6;13;89;250;8;60;269;0;8;6124728;6811759;10657743;250147;6159374;11774483;353399;0;2063
FR;2;2022-07-15;61;129;739;3794;53;560;3960;0;75;6124789;6811888;10658482;253941;6159427;11775043;357359;0;2138
FR;2;2022-07-16;27;54;289;1030;30;242;1076;0;25;6124816;6811942;10658771;254971;6159457;11775285;358435;0;2163
FR;2;2022-07-17;5;12;78;201;6;67;207;0;6;6124821;6811954;10658849;255172;6159463;11775352;358642;0;2169
FR;2;2022-07-18;57;103;514;2509;61;384;2648;0;59;6124878;6812057;10659363;257681;6159524;11775736;361290;0;2228
FR;2;2022-07-19;66;133;770;4258;72;555;4447;0;72;6124944;6812190;10660133;261939;6159596;11776291;365737;0;2300
FR;2;2022-07-20;59;117;582;3179;68;430;3278;0;87;6125003;6812307;10660715;265118;6159664;11776721;369015;0;2387
FR;2;2022-07-21;60;110;671;3680;73;485;3797;0;105;6125063;6812417;10661386;268798;6159737;11777206;372812;0;2492
FR;2;2022-07-22;51;99;699;3550;48;506;3700;0;80;6125114;6812516;10662085;272348;6159785;11777712;376512;0;2572
FR;2;2022-07-23;39;97;290;1174;52;229;1227;0;37;6125153;6812613;10662375;273522;6159837;11777941;377739;0;2609
FR;2;2022-07-24;14;24;69;201;19;68;203;0;7;6125167;6812637;10662444;273723;6159856;11778009;377942;0;2616
FR;2;2022-07-25;50;71;405;1938;60;300;2000;0;56;6125217;6812708;10662849;275661;6159916;11778309;379942;0;2672
FR;2;2022-07-26;57;133;606;3423;66;477;3496;0;113;6125274;6812841;10663455;279084;6159982;11778786;383438;0;2785
FR;2;2022-07-27;42;81;457;2782;50;361;2801;0;89;6125316;6812922;10663912;281866;6160032;11779147;386239;0;2874
FR;2;2022-07-28;29;75;450;2486;36;357;2490;0;78;6125345;6812997;10664362;284352;6160068;11779504;388729;0;2952
FR;2;2022-07-29;68;88;535;2857;63;347;2978;0;73;6125413;6813085;10664897;287209;6160131;11779851;391707;0;3025
FR;2;2022-07-30;22;39;163;775;32;110;795;0;24;6125435;6813124;10665060;287984;6160163;11779961;392502;0;3049
FR;2;2022-07-31;6;13;27;104;12;21;110;0;2;6125441;6813137;10665087;288088;6160175;11779982;392612;0;3051
FR;2;2022-08-01;38;106;323;1261;74;260;1343;0;29;6125479;6813243;10665410;289349;6160249;11780242;393955;0;3080
FR;2;2022-08-02;49;75;325;2061;50;247;2097;0;78;6125528;6813318;10665735;291410;6160299;11780489;396052;0;3158
FR;2;2022-08-03;29;53;259;1611;25;187;1617;0;57;6125557;6813371;10665994;293021;6160324;11780676;397669;0;3215
FR;2;2022-08-04;40;65;306;1692;39;240;1701;0;66;6125597;6813436;10666300;294713;6160363;11780916;399370;0;3281
FR;2;2022-08-05;33;94;328;1881;67;236;1912;0;60;6125630;6813530;10666628;296594;6160430;11781152;401282;0;3341
FR;2;2022-08-06;22;41;106;365;29;82;372;0;10;6125652;6813571;10666734;296959;6160459;11781234;401654;0;3351
FR;2;2022-08-07;7;8;15;69;5;16;71;0;3;6125659;6813579;10666749;297028;6160464;11781250;401725;0;3354
FR;2;2022-08-08;19;35;220;877;22;148;915;0;33;6125678;6813614;10666969;297905;6160486;11781398;402640;0;3387
FR;2;2022-08-09;29;52;279;1475;41;238;1471;0;50;6125707;6813666;10667248;299380;6160527;11781636;404111;0;3437
FR;2;2022-08-10;16;22;213;1134;19;150;1155;0;46;6125723;6813688;10667461;300514;6160546;11781786;405266;0;3483
FR;2;2022-08-11;21;41;174;1038;26;117;1047;0;40;6125744;6813729;10667635;301552;6160572;11781903;406313;0;3523
FR;2;2022-08-12;36;50;184;1046;38;140;1069;0;35;6125780;6813779;10667819;302598;6160610;11782043;407382;0;3558
FR;2;2022-08-13;9;19;47;149;15;53;137;0;5;6125789;6813798;10667866;302747;6160625;11782096;407519;0;3563
FR;2;2022-08-14;1;2;12;52;1;11;54;0;1;6125790;6813800;10667878;302799;6160626;11782107;407573;0;3564
FR;2;2022-08-15;0;5;32;22;2;21;21;0;3;6125790;6813805;10667910;302821;6160628;11782128;407594;0;3567
FR;2;2022-08-16;27;33;144;681;34;120;678;0;33;6125817;6813838;10668054;303502;6160662;11782248;408272;0;3600
FR;2;2022-08-17;18;26;109;738;18;88;744;0;34;6125835;6813864;10668163;304240;6160680;11782336;409016;0;3634
FR;2;2022-08-18;14;29;160;836;13;107;852;0;42;6125849;6813893;10668323;305076;6160693;11782443;409868;0;3676
FR;2;2022-08-19;8;38;118;706;31;88;706;0;33;6125857;6813931;10668441;305782;6160724;11782531;410574;0;3709
FR;2;2022-08-20;6;26;61;197;16;52;201;0;8;6125863;6813957;10668502;305979;6160740;11782583;410775;0;3717
FR;2;2022-08-21;4;14;15;19;6;13;31;0;0;6125867;6813971;10668517;305998;6160746;11782596;410806;0;3717
FR;2;2022-08-22;11;25;116;395;17;73;451;0;13;6125878;6813996;10668633;306393;6160763;11782669;411257;0;3730
FR;2;2022-08-23;11;42;134;671;23;112;679;0;38;6125889;6814038;10668767;307064;6160786;11782781;411936;0;3768
FR;2;2022-08-24;11;28;87;466;21;80;472;0;18;6125900;6814066;10668854;307530;6160807;11782861;412408;0;3786
FR;2;2022-08-25;8;32;109;481;16;69;516;0;17;6125908;6814098;10668963;308011;6160823;11782930;412924;0;3803
FR;2;2022-08-26;16;46;117;720;36;91;713;0;32;6125924;6814144;10669080;308731;6160859;11783021;413637;0;3835
FR;2;2022-08-27;10;19;47;156;16;42;164;0;2;6125934;6814163;10669127;308887;6160875;11783063;413801;0;3837
FR;2;2022-08-28;1;5;5;15;1;7;16;0;1;6125935;6814168;10669132;308902;6160876;11783070;413817;0;3838
FR;2;2022-08-29;24;43;94;400;29;88;396;0;24;6125959;6814211;10669226;309302;6160905;11783158;414213;0;3862
FR;2;2022-08-30;31;54;154;791;34;119;798;0;29;6125990;6814265;10669380;310093;6160939;11783277;415011;0;3891
FR;2;2022-08-31;19;36;85;392;23;79;393;0;25;6126009;6814301;10669465;310485;6160962;11783356;415404;0;3916
FR;2;2022-09-01;19;43;139;600;25;122;609;0;36;6126028;6814344;10669604;311085;6160987;11783478;416013;0;3952
FR;2;2022-09-02;34;57;146;744;34;159;748;0;32;6126062;6814401;10669750;311829;6161021;11783637;416761;0;3984
FR;2;2022-09-03;17;20;83;205;11;67;213;0;7;6126079;6814421;10669833;312034;6161032;11783704;416974;0;3991
FR;2;2022-09-04;8;5;9;31;2;10;30;0;3;6126087;6814426;10669842;312065;6161034;11783714;417004;0;3994
FR;2;2022-09-05;29;32;126;367;24;98;397;0;24;6126116;6814458;10669968;312432;6161058;11783812;417401;0;4018
FR;2;2022-09-06;43;62;158;761;42;153;767;0;36;6126159;6814520;10670126;313193;6161100;11783965;418168;0;4054
FR;2;2022-09-07;21;22;74;375;18;49;387;0;22;6126180;6814542;10670200;313568;6161118;11784014;418555;0;4076
FR;2;2022-09-08;31;57;109;636;40;100;646;0;22;6126211;6814599;10670309;314204;6161158;11784114;419201;0;4098
FR;2;2022-09-09;18;24;126;753;21;74;746;0;46;6126229;6814623;10670435;314957;6161179;11784188;419947;0;4144
FR;2;2022-09-10;14;24;57;117;16;48;131;0;4;6126243;6814647;10670492;315074;6161195;11784236;420078;0;4148
FR;2;2022-09-11;12;5;11;11;3;13;13;0;0;6126255;6814652;10670503;315085;6161198;11784249;420091;0;4148
FR;2;2022-09-12;20;31;70;340;26;56;352;0;16;6126275;6814683;10670573;315425;6161224;11784305;420443;0;4164
FR;2;2022-09-13;15;34;125;670;13;99;674;0;40;6126290;6814717;10670698;316095;6161237;11784404;421117;0;4204
FR;2;2022-09-14;19;22;81;480;20;59;478;0;36;6126309;6814739;10670779;316575;6161257;11784463;421595;0;4240
FR;2;2022-09-15;22;44;126;486;26;102;493;0;47;6126331;6814783;10670905;317061;6161283;11784565;422088;0;4287
FR;2;2022-09-16;21;31;124;563;17;89;585;0;39;6126352;6814814;10671029;317624;6161300;11784654;422673;0;4326
FR;2;2022-09-17;6;20;56;160;15;52;147;0;13;6126358;6814834;10671085;317784;6161315;11784706;422820;0;4339
FR;2;2022-09-18;4;7;13;37;6;10;37;0;3;6126362;6814841;10671098;317821;6161321;11784716;422857;0;4342
FR;2;2022-09-19;26;24;114;353;16;87;381;0;22;6126388;6814865;10671212;318174;6161337;11784803;423238;0;4364
FR;2;2022-09-20;29;27;117;624;21;84;639;0;38;6126417;6814892;10671329;318798;6161358;11784887;423877;0;4402
FR;2;2022-09-21;15;30;100;393;15;78;418;0;22;6126432;6814922;10671429;319191;6161373;11784965;424295;0;4424
FR;2;2022-09-22;16;39;124;581;18;95;619;0;28;6126448;6814961;10671553;319772;6161391;11785060;424914;0;4452
FR;2;2022-09-23;21;38;135;555;22;111;570;0;39;6126469;6814999;10671688;320327;6161413;11785171;425484;0;4491
FR;2;2022-09-24;10;8;52;190;6;37;201;0;6;6126479;6815007;10671740;320517;6161419;11785208;425685;0;4497
FR;2;2022-09-25;9;11;14;29;11;11;33;0;5;6126488;6815018;10671754;320546;6161430;11785219;425718;0;4502
FR;2;2022-09-26;22;41;116;447;27;79;458;0;20;6126510;6815059;10671870;320993;6161457;11785298;426176;0;4522
FR;2;2022-09-27;30;46;162;906;35;108;861;0;52;6126540;6815105;10672032;321899;6161492;11785406;427037;0;4574
FR;2;2022-09-28;15;31;93;421;18;74;439;0;23;6126555;6815136;10672125;322320;6161510;11785480;427476;0;4597
FR;2;2022-09-29;26;48;115;618;23;110;630;0;33;6126581;6815184;10672240;322938;6161533;11785590;428106;0;4630
FR;2;2022-09-30;25;44;111;520;44;84;533;0;31;6126606;6815228;10672351;323458;6161577;11785674;428639;0;4661
FR;2;2022-10-01;11;20;51;128;20;36;129;0;8;6126617;6815248;10672402;323586;6161597;11785710;428768;0;4669
FR;2;2022-10-02;0;5;8;21;4;5;25;0;2;6126617;6815253;10672410;323607;6161601;11785715;428793;0;4671
FR;2;2022-10-03;22;34;84;291;29;68;306;0;22;6126639;6815287;10672494;323898;6161630;11785783;429099;0;4693
FR;2;2022-10-04;17;21;106;601;19;71;620;0;46;6126656;6815308;10672600;324499;6161649;11785854;429719;0;4739
FR;2;2022-10-05;20;29;75;491;24;67;488;0;54;6126676;6815337;10672675;324990;6161673;11785921;430207;0;4793
FR;2;2022-10-06;30;23;74;442;17;71;428;0;65;6126706;6815360;10672749;325432;6161690;11785992;430635;0;4858
FR;2;2022-10-07;21;30;86;499;27;66;503;0;42;6126727;6815390;10672835;325931;6161717;11786058;431138;0;4900
FR;2;2022-10-08;12;8;23;114;3;24;108;0;12;6126739;6815398;10672858;326045;6161720;11786082;431246;0;4912
FR;2;2022-10-09;1;8;15;17;6;11;22;0;5;6126740;6815406;10672873;326062;6161726;11786093;431268;0;4917
FR;2;2022-10-10;18;25;47;223;22;50;218;0;21;6126758;6815431;10672920;326285;6161748;11786143;431486;0;4938
FR;2;2022-10-11;16;15;47;253;11;39;240;0;52;6126774;6815446;10672967;326538;6161759;11786182;431726;0;4990
FR;2;2022-10-12;8;18;52;290;14;36;305;0;56;6126782;6815464;10673019;326828;6161773;11786218;432031;0;5046
FR;2;2022-10-13;11;14;48;271;9;48;261;0;26;6126793;6815478;10673067;327099;6161782;11786266;432292;0;5072
FR;2;2022-10-14;12;29;36;230;17;40;231;0;29;6126805;6815507;10673103;327329;6161799;11786306;432523;0;5101
FR;2;2022-10-15;4;10;22;111;4;17;113;0;15;6126809;6815517;10673125;327440;6161803;11786323;432636;0;5116
FR;2;2022-10-16;0;6;4;11;5;7;8;0;1;6126809;6815523;10673129;327451;6161808;11786330;432644;0;5117
FR;2;2022-10-17;15;18;31;121;17;26;131;0;29;6126824;6815541;10673160;327572;6161825;11786356;432775;0;5146
FR;2;2022-10-18;13;11;68;184;5;34;231;0;43;6126837;6815552;10673228;327756;6161830;11786390;433006;0;5189
FR;2;2022-10-19;8;17;36;182;12;30;185;0;42;6126845;6815569;10673264;327938;6161842;11786420;433191;0;5231
FR;2;2022-10-20;11;29;41;200;15;40;196;0;52;6126856;6815598;10673305;328138;6161857;11786460;433387;0;5283
FR;2;2022-10-21;6;15;60;233;6;53;222;0;31;6126862;6815613;10673365;328371;6161863;11786513;433609;0;5314
FR;2;2022-10-22;8;7;25;101;2;23;102;0;20;6126870;6815620;10673390;328472;6161865;11786536;433711;0;5334
FR;2;2022-10-23;0;3;1;5;3;0;6;0;2;6126870;6815623;10673391;328477;6161868;11786536;433717;0;5336
FR;2;2022-10-24;12;12;16;110;12;16;113;0;20;6126882;6815635;10673407;328587;6161880;11786552;433830;0;5356
FR;2;2022-10-25;12;7;23;138;6;15;145;0;51;6126894;6815642;10673430;328725;6161886;11786567;433975;0;5407
FR;2;2022-10-26;4;3;17;90;2;11;96;0;27;6126898;6815645;10673447;328815;6161888;11786578;434071;0;5434
FR;2;2022-10-27;7;9;18;88;9;20;71;0;27;6126905;6815654;10673465;328903;6161897;11786598;434142;0;5461
FR;2;2022-10-28;5;3;15;91;3;7;92;0;27;6126910;6815657;10673480;328994;6161900;11786605;434234;0;5488
FR;2;2022-10-29;7;8;18;33;6;14;37;0;8;6126917;6815665;10673498;329027;6161906;11786619;434271;0;5496
FR;2;2022-10-30;3;7;5;8;5;2;5;0;1;6126920;6815672;10673503;329035;6161911;11786621;434276;0;5497
FR;2;2022-10-31;2;8;6;49;6;10;48;0;11;6126922;6815680;10673509;329084;6161917;11786631;434324;0;5508
FR;2;2022-11-01;0;4;8;1;4;5;4;0;0;6126922;6815684;10673517;329085;6161921;11786636;434328;0;5508
FR;2;2022-11-02;6;5;12;44;5;12;45;0;11;6126928;6815689;10673529;329129;6161926;11786648;434373;0;5519
FR;2;2022-11-03;6;7;16;77;6;10;75;0;18;6126934;6815696;10673545;329206;6161932;11786658;434448;0;5537
FR;2;2022-11-04;7;12;15;85;10;14;93;0;10;6126941;6815708;10673560;329291;6161942;11786672;434541;0;5547
FR;2;2022-11-05;0;11;13;38;6;17;35;0;6;6126941;6815719;10673573;329329;6161948;11786689;434576;0;5553
FR;2;2022-11-06;0;2;2;1;0;4;0;0;2;6126941;6815721;10673575;329330;6161948;11786693;434576;0;5555
FR;2;2022-11-07;11;7;15;66;5;14;65;0;20;6126952;6815728;10673590;329396;6161953;11786707;434641;0;5575
FR;2;2022-11-08;11;6;18;58;4;14;65;0;27;6126963;6815734;10673608;329454;6161957;11786721;434706;0;5602
FR;2;2022-11-09;4;5;17;56;2;17;50;0;28;6126967;6815739;10673625;329510;6161959;11786738;434756;0;5630
FR;2;2022-11-10;7;10;17;74;7;14;76;0;14;6126974;6815749;10673642;329584;6161966;11786752;434832;0;5644
FR;2;2022-11-11;0;3;7;3;0;8;4;0;0;6126974;6815752;10673649;329587;6161966;11786760;434836;0;5644
FR;2;2022-11-12;2;5;7;19;4;7;19;0;4;6126976;6815757;10673656;329606;6161970;11786767;434855;0;5648
FR;2;2022-11-13;3;2;3;2;1;4;1;0;0;6126979;6815759;10673659;329608;6161971;11786771;434856;0;5648
FR;2;2022-11-14;7;6;13;29;3;10;33;0;7;6126986;6815765;10673672;329637;6161974;11786781;434889;0;5655
FR;2;2022-11-15;8;12;15;35;13;18;32;0;7;6126994;6815777;10673687;329672;6161987;11786799;434921;0;5662
FR;2;2022-11-16;4;3;4;45;3;4;46;0;18;6126998;6815780;10673691;329717;6161990;11786803;434967;0;5680
FR;2;2022-11-17;2;6;12;56;5;9;55;0;22;6127000;6815786;10673703;329773;6161995;11786812;435022;0;5702
FR;2;2022-11-18;3;4;7;41;4;6;44;0;10;6127003;6815790;10673710;329814;6161999;11786818;435066;0;5712
FR;2;2022-11-19;3;2;2;25;2;3;18;0;5;6127006;6815792;10673712;329839;6162001;11786821;435084;0;5717
FR;2;2022-11-20;0;2;6;9;2;6;10;0;26;6127006;6815794;10673718;329848;6162003;11786827;435094;0;5743
FR;2;2022-11-21;6;10;9;31;7;8;34;0;22;6127012;6815804;10673727;329879;6162010;11786835;435128;0;5765
FR;2;2022-11-22;8;8;20;65;6;21;70;0;71;6127020;6815812;10673747;329944;6162016;11786856;435198;0;5836
FR;2;2022-11-23;7;6;8;68;3;5;73;0;8;6127027;6815818;10673755;330012;6162019;11786861;435271;0;5844
FR;2;2022-11-24;2;2;11;50;2;7;57;0;10;6127029;6815820;10673766;330062;6162021;11786868;435328;0;5854
FR;2;2022-11-25;11;8;12;25;11;14;26;0;8;6127040;6815828;10673778;330087;6162032;11786882;435354;0;5862
FR;2;2022-11-26;1;5;4;8;4;7;6;0;0;6127041;6815833;10673782;330095;6162036;11786889;435360;0;5862
FR;2;2022-11-27;2;2;12;2;0;11;4;0;1;6127043;6815835;10673794;330097;6162036;11786900;435364;0;5863
FR;2;2022-11-28;0;2;7;35;1;5;37;0;5;6127043;6815837;10673801;330132;6162037;11786905;435401;0;5868
FR;2;2022-11-29;1;1;9;24;0;3;30;0;8;6127044;6815838;10673810;330156;6162037;11786908;435431;0;5876
FR;2;2022-11-30;2;1;9;47;0;10;44;0;21;6127046;6815839;10673819;330203;6162037;11786918;435475;0;5897
FR;2;2022-12-01;2;10;6;63;7;13;55;0;24;6127048;6815849;10673825;330266;6162044;11786931;435530;0;5921
FR;2;2022-12-02;1;2;12;51;2;10;51;0;27;6127049;6815851;10673837;330317;6162046;11786941;435581;0;5948
FR;2;2022-12-03;1;3;8;19;1;8;18;0;10;6127050;6815854;10673845;330336;6162047;11786949;435599;0;5958
FR;2;2022-12-04;0;0;0;4;0;0;4;0;2;6127050;6815854;10673845;330340;6162047;11786949;435603;0;5960
FR;2;2022-12-05;3;3;8;51;6;4;45;0;16;6127053;6815857;10673853;330391;6162053;11786953;435648;0;5976
FR;2;2022-12-06;3;4;13;45;3;6;47;0;17;6127056;6815861;10673866;330436;6162056;11786959;435695;0;5993
FR;2;2022-12-07;1;4;9;42;2;8;44;0;11;6127057;6815865;10673875;330478;6162058;11786967;435739;0;6004
FR;2;2022-12-08;0;2;11;44;0;6;49;0;16;6127057;6815867;10673886;330522;6162058;11786973;435788;0;6020
FR;2;2022-12-09;0;1;13;52;0;9;57;0;16;6127057;6815868;10673899;330574;6162058;11786982;435845;0;6036
FR;2;2022-12-10;0;2;15;49;0;6;51;0;9;6127057;6815870;10673914;330623;6162058;11786988;435896;0;6045
FR;2;2022-12-11;0;0;2;2;0;2;1;0;3;6127057;6815870;10673916;330625;6162058;11786990;435897;0;6048
FR;2;2022-12-12;1;0;6;36;0;6;35;0;11;6127058;6815870;10673922;330661;6162058;11786996;435932;0;6059
FR;2;2022-12-13;0;2;1;37;1;1;36;0;14;6127058;6815872;10673923;330698;6162059;11786997;435968;0;6073
FR;2;2022-12-14;0;5;8;26;5;3;31;0;14;6127058;6815877;10673931;330724;6162064;11787000;435999;0;6087
FR;2;2022-12-15;0;4;12;43;4;9;44;0;17;6127058;6815881;10673943;330767;6162068;11787009;436043;0;6104
FR;2;2022-12-16;2;4;27;56;3;20;62;0;16;6127060;6815885;10673970;330823;6162071;11787029;436105;0;6120
FR;2;2022-12-17;1;4;10;44;3;6;39;0;5;6127061;6815889;10673980;330867;6162074;11787035;436144;0;6125
FR;2;2022-12-18;1;0;0;0;0;0;0;0;1;6127062;6815889;10673980;330867;6162074;11787035;436144;0;6126
FR;2;2022-12-19;6;1;4;31;2;5;24;0;24;6127068;6815890;10673984;330898;6162076;11787040;436168;0;6150
FR;2;2022-12-20;0;2;6;37;0;7;38;0;24;6127068;6815892;10673990;330935;6162076;11787047;436206;0;6174
FR;2;2022-12-21;0;1;3;13;1;3;13;0;8;6127068;6815893;10673993;330948;6162077;11787050;436219;0;6182
FR;2;2022-12-22;0;5;17;32;2;6;45;0;10;6127068;6815898;10674010;330980;6162079;11787056;436264;0;6192
FR;2;2022-12-23;1;5;15;18;3;12;22;0;4;6127069;6815903;10674025;330998;6162082;11787068;436286;0;6196
FR;2;2022-12-24;0;0;1;1;0;1;1;0;0;6127069;6815903;10674026;330999;6162082;11787069;436287;0;6196
FR;2;2022-12-25;0;1;1;3;0;1;4;0;0;6127069;6815904;10674027;331002;6162082;11787070;436291;0;6196
FR;2;2022-12-26;0;0;7;11;0;5;11;0;3;6127069;6815904;10674034;331013;6162082;11787075;436302;0;6199
FR;2;2022-12-27;0;1;7;5;1;5;7;0;4;6127069;6815905;10674041;331018;6162083;11787080;436309;0;6203
FR;2;2022-12-28;0;2;4;13;2;3;14;0;5;6127069;6815907;10674045;331031;6162085;11787083;436323;0;6208
FR;2;2022-12-29;1;1;4;18;1;4;18;0;7;6127070;6815908;10674049;331049;6162086;11787087;436341;0;6215
FR;2;2022-12-30;1;0;2;8;0;2;7;0;1;6127071;6815908;10674051;331057;6162086;11787089;436348;0;6216
FR;2;2022-12-31;0;0;1;2;0;1;2;0;1;6127071;6815908;10674052;331059;6162086;11787090;436350;0;6217
FR;2;2023-01-01;0;0;0;0;0;0;0;0;0;6127071;6815908;10674052;331059;6162086;11787090;436350;0;6217
FR;2;2023-01-02;5;2;8;21;1;6;23;0;2;6127076;6815910;10674060;331080;6162087;11787096;436373;0;6219
FR;2;2023-01-03;0;0;6;13;0;7;11;0;6;6127076;6815910;10674066;331093;6162087;11787103;436384;0;6225
FR;2;2023-01-04;1;1;9;13;2;7;13;0;6;6127077;6815911;10674075;331106;6162089;11787110;436397;0;6231
FR;2;2023-01-05;0;2;6;6;2;3;7;0;3;6127077;6815913;10674081;331112;6162091;11787113;436404;0;6234
FR;2;2023-01-06;1;0;6;9;0;3;11;0;9;6127078;6815913;10674087;331121;6162091;11787116;436415;0;6243
FR;2;2023-01-07;0;0;1;10;0;2;7;0;5;6127078;6815913;10674088;331131;6162091;11787118;436422;0;6248
FR;2;2023-01-08;0;0;1;3;0;1;3;0;2;6127078;6815913;10674089;331134;6162091;11787119;436425;0;6250
FR;2;2023-01-09;0;0;8;9;0;3;13;0;5;6127078;6815913;10674097;331143;6162091;11787122;436438;0;6255
FR;2;2023-01-10;0;3;2;7;3;1;8;0;6;6127078;6815916;10674099;331150;6162094;11787123;436446;0;6261
FR;2;2023-01-11;3;0;4;7;0;3;9;0;3;6127081;6815916;10674103;331157;6162094;11787126;436455;0;6264
FR;2;2023-01-12;1;0;6;12;0;4;9;0;11;6127082;6815916;10674109;331169;6162094;11787130;436464;0;6275
FR;2;2023-01-13;0;1;4;7;1;2;10;0;3;6127082;6815917;10674113;331176;6162095;11787132;436474;0;6278
FR;2;2023-01-14;0;1;0;6;0;1;6;0;1;6127082;6815918;10674113;331182;6162095;11787133;436480;0;6279
FR;2;2023-01-15;0;0;0;0;0;0;0;0;0;6127082;6815918;10674113;331182;6162095;11787133;436480;0;6279
FR;2;2023-01-16;1;0;3;6;1;0;7;0;1;6127083;6815918;10674116;331188;6162096;11787133;436487;0;6280
FR;2;2023-01-17;1;0;0;4;0;0;3;0;0;6127084;6815918;10674116;331192;6162096;11787133;436490;0;6280
FR;2;2023-01-18;0;0;1;2;0;1;2;0;0;6127084;6815918;10674117;331194;6162096;11787134;436492;0;6280
FR;2;2023-01-19;0;0;0;6;0;0;6;0;6;6127084;6815918;10674117;331200;6162096;11787134;436498;0;6286
FR;2;2023-01-20;0;0;0;7;0;0;7;0;4;6127084;6815918;10674117;331207;6162096;11787134;436505;0;6290
FR;2;2023-01-21;0;0;0;3;0;0;0;0;0;6127084;6815918;10674117;331210;6162096;11787134;436505;0;6290
FR;2;2023-01-22;0;0;0;0;0;0;0;0;0;6127084;6815918;10674117;331210;6162096;11787134;436505;0;6290
FR;2;2023-01-23;0;0;3;3;0;2;3;0;1;6127084;6815918;10674120;331213;6162096;11787136;436508;0;6291
FR;2;2023-01-24;1;3;1;6;3;0;7;0;4;6127085;6815921;10674121;331219;6162099;11787136;436515;0;6295
FR;2;2023-01-25;1;0;0;6;1;0;6;0;0;6127086;6815921;10674121;331225;6162100;11787136;436521;0;6295
FR;2;2023-01-26;1;0;3;7;0;1;9;0;3;6127087;6815921;10674124;331232;6162100;11787137;436530;0;6298
FR;2;2023-01-27;0;2;2;3;1;2;2;0;2;6127087;6815923;10674126;331235;6162101;11787139;436532;0;6300
FR;2;2023-01-28;0;0;0;1;0;0;1;0;0;6127087;6815923;10674126;331236;6162101;11787139;436533;0;6300
FR;2;2023-01-29;0;0;1;0;0;0;1;0;0;6127087;6815923;10674127;331236;6162101;11787139;436534;0;6300
FR;2;2023-01-30;0;1;2;3;1;1;4;0;1;6127087;6815924;10674129;331239;6162102;11787140;436538;0;6301
FR;3;2020-12-27;0;0;0;0;0;0;0;0;0;0;0;0;0;0;0;0;0;0
FR;3;2020-12-28;0;0;0;0;0;0;0;0;0;0;0;0;0;0;0;0;0;0
FR;3;2020-12-29;0;0;0;0;0;0;0;0;0;0;0;0;0;0;0;0;0;0
FR;3;2020-12-30;0;0;0;0;0;0;0;0;0;0;0;0;0;0;0;0;0;0
FR;3;2020-12-31;0;0;0;0;0;0;0;0;0;0;0;0;0;0;0;0;0;0
FR;3;2021-01-01;0;0;0;0;0;0;0;0;0;0;0;0;0;0;0;0;0;0
FR;3;2021-01-02;0;0;0;0;0;0;0;0;0;0;0;0;0;0;0;0;0;0
FR;3;2021-01-03;0;0;0;0;0;0;0;0;0;0;0;0;0;0;0;0;0;0
FR;3;2021-01-04;0;0;0;0;0;0;0;0;0;0;0;0;0;0;0;0;0;0
FR;3;2021-01-05;0;0;0;0;0;0;0;0;0;0;0;0;0;0;0;0;0;0
FR;3;2021-01-06;0;0;0;0;0;0;0;0;0;0;0;0;0;0;0;0;0;0
FR;3;2021-01-07;0;0;0;0;0;0;0;0;0;0;0;0;0;0;0;0;0;0
FR;3;2021-01-08;0;0;0;0;0;0;0;0;0;0;0;0;0;0;0;0;0;0
FR;3;2021-01-09;0;0;0;0;0;0;0;0;0;0;0;0;0;0;0;0;0;0
FR;3;2021-01-10;0;0;0;0;0;0;0;0;0;0;0;0;0;0;0;0;0;0
FR;3;2021-01-11;0;0;0;0;0;0;0;0;0;0;0;0;0;0;0;0;0;0
FR;3;2021-01-12;0;0;0;0;0;0;0;0;0;0;0;0;0;0;0;0;0;0
FR;3;2021-01-13;0;0;0;0;0;0;0;0;0;0;0;0;0;0;0;0;0;0
FR;3;2021-01-14;0;0;0;0;0;0;0;0;0;0;0;0;0;0;0;0;0;0
FR;3;2021-01-15;0;0;0;0;0;0;0;0;0;0;0;0;0;0;0;0;0;0
FR;3;2021-01-16;0;0;0;0;0;0;0;0;0;0;0;0;0;0;0;0;0;0
FR;3;2021-01-17;0;0;0;0;0;0;0;0;0;0;0;0;0;0;0;0;0;0
FR;3;2021-01-18;0;0;0;0;0;0;0;0;0;0;0;0;0;0;0;0;0;0
FR;3;2021-01-19;0;0;0;0;0;0;0;0;0;0;0;0;0;0;0;0;0;0
FR;3;2021-01-20;0;0;0;0;0;0;0;0;0;0;0;0;0;0;0;0;0;0
FR;3;2021-01-21;0;0;0;0;0;0;0;0;0;0;0;0;0;0;0;0;0;0
FR;3;2021-01-22;0;0;0;0;0;0;0;0;0;0;0;0;0;0;0;0;0;0
FR;3;2021-01-23;0;0;0;0;0;0;0;0;0;0;0;0;0;0;0;0;0;0
FR;3;2021-01-24;0;0;0;0;0;0;0;0;0;0;0;0;0;0;0;0;0;0
FR;3;2021-01-25;0;0;0;0;0;0;0;0;0;0;0;0;0;0;0;0;0;0
FR;3;2021-01-26;0;0;0;0;0;0;0;0;0;0;0;0;0;0;0;0;0;0
FR;3;2021-01-27;0;0;0;0;0;0;0;0;0;0;0;0;0;0;0;0;0;0
FR;3;2021-01-28;0;0;0;0;0;0;0;0;0;0;0;0;0;0;0;0;0;0
FR;3;2021-01-29;0;0;0;0;0;0;0;0;0;0;0;0;0;0;0;0;0;0
FR;3;2021-01-30;0;0;0;0;0;0;0;0;0;0;0;0;0;0;0;0;0;0
FR;3;2021-01-31;0;0;0;0;0;0;0;0;0;0;0;0;0;0;0;0;0;0
FR;3;2021-02-01;0;0;0;0;0;0;0;0;0;0;0;0;0;0;0;0;0;0
FR;3;2021-02-02;0;0;0;0;0;0;0;0;0;0;0;0;0;0;0;0;0;0
FR;3;2021-02-03;0;0;0;0;0;0;0;0;0;0;0;0;0;0;0;0;0;0
FR;3;2021-02-04;0;0;0;0;0;0;0;0;0;0;0;0;0;0;0;0;0;0
FR;3;2021-02-05;0;0;0;0;0;0;0;0;0;0;0;0;0;0;0;0;0;0
FR;3;2021-02-06;1480;0;0;0;106;0;0;0;0;1480;0;0;0;106;0;0;0;0
FR;3;2021-02-07;1423;2;0;0;87;0;0;0;0;2903;2;0;0;193;0;0;0;0
FR;3;2021-02-08;2789;1;0;0;177;0;0;0;0;5692;3;0;0;370;0;0;0;0
FR;3;2021-02-09;6786;0;0;0;502;0;0;0;0;12478;3;0;0;872;0;0;0;0
FR;3;2021-02-10;9611;0;0;0;695;0;0;0;0;22089;3;0;0;1567;0;0;0;0
FR;3;2021-02-11;13620;4;0;0;920;0;0;0;0;35709;7;0;0;2487;0;0;0;0
FR;3;2021-02-12;13410;0;0;0;907;0;0;0;0;49119;7;0;0;3394;0;0;0;0
FR;3;2021-02-13;3799;1;0;0;218;0;0;0;0;52918;8;0;0;3612;0;0;0;0
FR;3;2021-02-14;975;1;0;0;53;0;0;0;0;53893;9;0;0;3665;0;0;0;0
FR;3;2021-02-15;10497;2;0;0;719;0;0;0;0;64390;11;0;0;4384;0;0;0;0
FR;3;2021-02-16;12556;5;0;0;871;0;0;0;0;76946;16;0;0;5255;0;0;0;0
FR;3;2021-02-17;11159;1;0;0;716;0;0;0;0;88105;17;0;0;5971;0;0;0;0
FR;3;2021-02-18;14943;2;0;0;985;0;0;0;0;103048;19;0;0;6956;0;0;0;0
FR;3;2021-02-19;14364;1;0;0;846;0;0;0;0;117412;20;0;0;7802;0;0;0;0
FR;3;2021-02-20;3331;0;0;0;178;0;0;0;0;120743;20;0;0;7980;0;0;0;0
FR;3;2021-02-21;620;0;0;0;35;0;0;0;0;121363;20;0;0;8015;0;0;0;0
FR;3;2021-02-22;9171;1;0;0;654;0;0;0;0;130534;21;0;0;8669;0;0;0;0
FR;3;2021-02-23;11406;6;0;0;760;0;0;0;0;141940;27;0;0;9429;0;0;0;0
FR;3;2021-02-24;14305;1;0;0;829;0;0;0;0;156245;28;0;0;10258;0;0;0;0
FR;3;2021-02-25;44935;3;0;0;1814;0;0;0;0;201180;31;0;0;12072;0;0;0;0
FR;3;2021-02-26;61889;12;0;0;2201;0;0;0;0;263069;43;0;0;14273;0;0;0;0
FR;3;2021-02-27;34811;14;0;0;1028;0;0;0;0;297880;57;0;0;15301;0;0;0;0
FR;3;2021-02-28;2464;0;0;0;114;0;0;0;0;300344;57;0;0;15415;0;0;0;0
FR;3;2021-03-01;20520;21;0;0;1067;0;0;0;0;320864;78;0;0;16482;0;0;0;0
FR;3;2021-03-02;38878;25;0;0;1789;0;0;0;0;359742;103;0;0;18271;0;0;0;0
FR;3;2021-03-03;48749;19;0;0;2132;0;0;0;0;408491;122;0;0;20403;0;0;0;0
FR;3;2021-03-04;82228;25;0;0;3194;0;0;0;0;490719;147;0;0;23597;0;0;0;0
FR;3;2021-03-05;118137;42;0;0;4692;0;0;0;0;608856;189;0;0;28289;0;0;0;0
FR;3;2021-03-06;120727;65;1;0;3558;0;0;0;0;729583;254;1;0;31847;0;0;0;0
FR;3;2021-03-07;55186;23;0;0;1729;0;0;0;0;784769;277;1;0;33576;0;0;0;0
FR;3;2021-03-08;42814;29;0;0;2074;0;0;0;0;827583;306;1;0;35650;0;0;0;0
FR;3;2021-03-09;78978;51;0;0;3288;0;0;0;0;906561;357;1;0;38938;0;0;0;0
FR;3;2021-03-10;80984;65;0;0;3241;0;0;0;0;987545;422;1;0;42179;0;0;0;0
FR;3;2021-03-11;128448;65;0;0;4766;0;0;0;0;1115993;487;1;0;46945;0;0;0;0
FR;3;2021-03-12;182719;120;0;0;6277;0;0;0;0;1298712;607;1;0;53222;0;0;0;0
FR;3;2021-03-13;132162;91;0;0;3530;0;0;0;0;1430874;698;1;0;56752;0;0;0;0
FR;3;2021-03-14;14060;6;0;0;550;0;0;0;0;1444934;704;1;0;57302;0;0;0;0
FR;3;2021-03-15;52240;82;0;0;2097;0;0;0;0;1497174;786;1;0;59399;0;0;0;0
FR;3;2021-03-16;1221;50;0;0;104;0;0;0;0;1498395;836;1;0;59503;0;0;0;0
FR;3;2021-03-17;950;56;0;0;95;0;0;0;0;1499345;892;1;0;59598;0;0;0;0
FR;3;2021-03-18;1576;41;0;0;101;0;0;0;0;1500921;933;1;0;59699;0;0;0;0
FR;3;2021-03-19;70458;56;0;0;2060;0;0;0;0;1571379;989;1;0;61759;0;0;0;0
FR;3;2021-03-20;65241;51;0;0;1702;0;0;0;0;1636620;1040;1;0;63461;0;0;0;0
FR;3;2021-03-21;5761;8;0;0;199;0;0;0;0;1642381;1048;1;0;63660;0;0;0;0
FR;3;2021-03-22;37509;49;0;0;1052;0;0;0;0;1679890;1097;1;0;64712;0;0;0;0
FR;3;2021-03-23;84670;87;0;0;2288;0;0;0;0;1764560;1184;1;0;67000;0;0;0;0
FR;3;2021-03-24;90955;99;0;0;2491;0;0;0;0;1855515;1283;1;0;69491;0;0;0;0
FR;3;2021-03-25;150067;148;0;0;3791;0;0;0;0;2005582;1431;1;0;73282;0;0;0;0
FR;3;2021-03-26;165430;157;0;0;4148;0;0;0;0;2171012;1588;1;0;77430;0;0;0;0
FR;3;2021-03-27;68465;101;0;0;2004;0;0;0;0;2239477;1689;1;0;79434;0;0;0;0
FR;3;2021-03-28;6479;20;0;0;237;0;0;0;0;2245956;1709;1;0;79671;0;0;0;0
FR;3;2021-03-29;54169;82;0;0;1480;0;0;0;0;2300125;1791;1;0;81151;0;0;0;0
FR;3;2021-03-30;93184;103;0;0;2564;0;0;0;0;2393309;1894;1;0;83715;0;0;0;0
FR;3;2021-03-31;63545;110;0;0;1964;0;0;0;0;2456854;2004;1;0;85679;0;0;0;0
FR;3;2021-04-01;86135;115;0;0;2495;0;0;0;0;2542989;2119;1;0;88174;0;0;0;0
FR;3;2021-04-02;86915;187;0;0;2766;0;0;0;0;2629904;2306;1;0;90940;0;0;0;0
FR;3;2021-04-03;35875;132;0;0;1163;0;0;0;0;2665779;2438;1;0;92103;0;0;0;0
FR;3;2021-04-04;3577;19;0;0;164;0;0;0;0;2669356;2457;1;0;92267;0;0;0;0
FR;3;2021-04-05;4492;40;0;0;236;0;0;0;0;2673848;2497;1;0;92503;0;0;0;0
FR;3;2021-04-06;29761;104;0;0;1090;0;0;0;0;2703609;2601;1;0;93593;0;0;0;0
FR;3;2021-04-07;32349;113;0;0;1052;0;0;0;0;2735958;2714;1;0;94645;0;0;0;0
FR;3;2021-04-08;78827;272;0;0;2618;0;0;0;0;2814785;2986;1;0;97263;0;0;0;0
FR;3;2021-04-09;161761;452;0;0;5179;0;0;0;0;2976546;3438;1;0;102442;0;0;0;0
FR;3;2021-04-10;75765;363;0;0;2695;0;0;0;0;3052311;3801;1;0;105137;0;0;0;0
FR;3;2021-04-11;7315;47;0;0;306;0;0;0;0;3059626;3848;1;0;105443;0;0;0;0
FR;3;2021-04-12;51485;217;0;0;1737;0;0;0;0;3111111;4065;1;0;107180;0;0;0;0
FR;3;2021-04-13;86236;363;0;0;2910;0;0;0;0;3197347;4428;1;0;110090;0;0;0;0
FR;3;2021-04-14;67846;377;0;0;2429;0;0;0;0;3265193;4805;1;0;112519;0;0;0;0
FR;3;2021-04-15;93246;404;0;0;3442;0;0;0;0;3358439;5209;1;0;115961;0;0;0;0
FR;3;2021-04-16;112532;626;0;0;4341;0;0;0;0;3470971;5835;1;0;120302;0;0;0;0
FR;3;2021-04-17;53319;369;1;0;2276;0;0;0;0;3524290;6204;2;0;122578;0;0;0;0
FR;3;2021-04-18;9751;49;0;0;423;0;0;0;0;3534041;6253;2;0;123001;0;0;0;0
FR;3;2021-04-19;25117;286;0;0;1092;0;0;0;0;3559158;6539;2;0;124093;0;0;0;0
FR;3;2021-04-20;45676;435;0;0;1906;0;0;0;0;3604834;6974;2;0;125999;0;0;0;0
FR;3;2021-04-21;38987;550;0;0;1894;0;0;0;0;3643821;7524;2;0;127893;0;0;0;0
FR;3;2021-04-22;54722;874;0;0;2826;0;0;0;0;3698543;8398;2;0;130719;0;0;0;0
FR;3;2021-04-23;70494;1094;0;0;3696;0;0;0;0;3769037;9492;2;0;134415;0;0;0;0
FR;3;2021-04-24;37253;1098;0;0;2487;0;0;0;0;3806290;10590;2;0;136902;0;0;0;0
FR;3;2021-04-25;6213;158;0;0;446;0;0;0;0;3812503;10748;2;0;137348;0;0;0;0
FR;3;2021-04-26;19792;698;0;0;1433;0;0;0;0;3832295;11446;2;0;138781;0;0;0;0
FR;3;2021-04-27;34485;1333;0;0;2591;0;0;0;0;3866780;12779;2;0;141372;0;0;0;0
FR;3;2021-04-28;28971;2042;0;0;3159;0;0;0;0;3895751;14821;2;0;144531;0;0;0;0
FR;3;2021-04-29;45393;6123;0;0;7942;0;0;0;0;3941144;20944;2;0;152473;0;0;0;0
FR;3;2021-04-30;55465;9112;1;0;11507;0;0;0;0;3996609;30056;3;0;163980;0;0;0;0
FR;3;2021-05-01;9518;2061;0;0;2492;0;0;0;0;4006127;32117;3;0;166472;0;0;0;0
FR;3;2021-05-02;3081;467;0;0;612;0;0;0;0;4009208;32584;3;0;167084;0;0;0;0
FR;3;2021-05-03;13067;3940;0;0;4507;0;0;0;0;4022275;36524;3;0;171591;0;0;0;0
FR;3;2021-05-04;23122;8372;0;0;9439;0;0;0;0;4045397;44896;3;0;181030;0;0;0;0
FR;3;2021-05-05;18767;10827;0;0;11765;0;0;0;0;4064164;55723;3;0;192795;0;0;0;0
FR;3;2021-05-06;34632;21251;0;0;22801;0;0;0;0;4098796;76974;3;0;215596;0;0;0;0
FR;3;2021-05-07;44210;28894;0;0;31198;0;0;0;0;4143006;105868;3;0;246794;0;0;0;0
FR;3;2021-05-08;6786;9195;0;0;9561;0;0;0;0;4149792;115063;3;0;256355;0;0;0;0
FR;3;2021-05-09;1797;2665;0;0;2765;0;0;0;0;4151589;117728;3;0;259120;0;0;0;0
FR;3;2021-05-10;15001;12912;0;0;13605;0;0;0;0;4166590;130640;3;0;272725;0;0;0;0
FR;3;2021-05-11;27099;26270;0;0;27542;0;0;0;0;4193689;156910;3;0;300267;0;0;0;0
FR;3;2021-05-12;17273;28130;0;0;29068;0;0;0;0;4210962;185040;3;0;329335;0;0;0;0
FR;3;2021-05-13;2285;3514;0;0;3634;0;0;0;0;4213247;188554;3;0;332969;0;0;0;0
FR;3;2021-05-14;14521;26080;0;0;26861;0;0;0;0;4227768;214634;3;0;359830;0;0;0;0
FR;3;2021-05-15;7233;21078;0;0;21506;0;0;0;0;4235001;235712;3;0;381336;0;0;0;0
FR;3;2021-05-16;977;2647;0;0;2693;0;0;0;0;4235978;238359;3;0;384029;0;0;0;0
FR;3;2021-05-17;7966;20213;0;0;20657;0;0;0;0;4243944;258572;3;0;404686;0;0;0;0
FR;3;2021-05-18;13417;30155;0;0;30917;0;0;0;0;4257361;288727;3;0;435603;0;0;0;0
FR;3;2021-05-19;9277;30541;0;0;31133;0;0;0;0;4266638;319268;3;0;466736;0;0;0;0
FR;3;2021-05-20;12806;53822;3;0;54749;0;0;0;0;4279444;373090;6;0;521485;0;0;0;0
FR;3;2021-05-21;12770;66179;2;0;67110;0;0;0;0;4292214;439269;8;0;588595;0;0;0;0
FR;3;2021-05-22;4967;33769;1;0;34152;0;0;0;0;4297181;473038;9;0;622747;0;0;0;0
FR;3;2021-05-23;651;2665;0;0;2697;0;0;0;0;4297832;475703;9;0;625444;0;0;0;0
FR;3;2021-05-24;885;4784;0;0;4828;0;0;0;0;4298717;480487;9;0;630272;0;0;0;0
FR;3;2021-05-25;5314;46709;1;0;47112;0;0;0;0;4304031;527196;10;0;677384;0;0;0;0
FR;3;2021-05-26;4982;52178;1;0;52652;0;0;0;0;4309013;579374;11;0;730036;0;0;0;0
FR;3;2021-05-27;6336;79052;3;0;79661;0;0;0;0;4315349;658426;14;0;809697;0;0;0;0
FR;3;2021-05-28;7545;100321;2;0;101126;0;0;0;0;4322894;758747;16;0;910823;0;0;0;0
FR;3;2021-05-29;3349;61172;1;0;61553;0;0;0;0;4326243;819919;17;0;972376;0;0;0;0
FR;3;2021-05-30;551;8079;0;0;8128;0;0;0;0;4326794;827998;17;0;980504;0;0;0;0
FR;3;2021-05-31;2442;35481;3;0;35746;0;0;0;0;4329236;863479;20;0;1016250;0;0;0;0
FR;3;2021-06-01;3414;64896;10;0;65347;0;0;0;0;4332650;928375;30;0;1081597;0;0;0;0
FR;3;2021-06-02;2735;58932;6;0;59267;0;0;0;0;4335385;987307;36;0;1140864;0;0;0;0
FR;3;2021-06-03;3496;87196;10;0;87733;0;0;0;0;4338881;1074503;46;0;1228597;0;0;0;0
FR;3;2021-06-04;4125;105855;22;0;106517;0;0;0;0;4343006;1180358;68;0;1335114;0;0;0;0
FR;3;2021-06-05;1983;52596;4;0;52913;0;0;0;0;4344989;1232954;72;0;1388027;0;0;0;0
FR;3;2021-06-06;511;5272;1;0;5319;0;0;0;0;4345500;1238226;73;0;1393346;0;0;0;0
FR;3;2021-06-07;1487;30716;11;0;30897;0;0;0;0;4346987;1268942;84;0;1424243;0;0;0;0
FR;3;2021-06-08;2065;47424;18;0;47770;0;0;0;0;4349052;1316366;102;0;1472013;0;0;0;0
FR;3;2021-06-09;1795;41813;13;0;42118;0;0;0;0;4350847;1358179;115;0;1514131;0;0;0;0
FR;3;2021-06-10;2258;67661;17;0;68057;0;0;0;0;4353105;1425840;132;0;1582188;0;0;0;0
FR;3;2021-06-11;2491;96637;34;0;97110;0;0;0;0;4355596;1522477;166;0;1679298;0;0;0;0
FR;3;2021-06-12;1178;40556;6;0;40788;0;0;0;0;4356774;1563033;172;0;1720086;0;0;0;0
FR;3;2021-06-13;283;3609;3;0;3644;0;0;0;0;4357057;1566642;175;0;1723730;0;0;0;0
FR;3;2021-06-14;1051;42328;17;0;42497;0;0;0;0;4358108;1608970;192;0;1766227;0;0;0;0
FR;3;2021-06-15;1379;80352;20;0;80657;0;0;0;0;4359487;1689322;212;0;1846884;0;0;0;0
FR;3;2021-06-16;1263;65496;20;0;65769;0;0;0;0;4360750;1754818;232;0;1912653;0;0;0;0
FR;3;2021-06-17;1667;102294;41;0;102679;0;0;0;0;4362417;1857112;273;0;2015332;0;0;0;0
FR;3;2021-06-18;1872;118459;63;0;118929;0;0;0;0;4364289;1975571;336;0;2134261;0;0;0;0
FR;3;2021-06-19;804;39460;22;0;39655;0;0;0;0;4365093;2015031;358;0;2173916;0;0;0;0
FR;3;2021-06-20;162;3197;0;0;3226;0;0;0;0;4365255;2018228;358;0;2177142;0;0;0;0
FR;3;2021-06-21;774;39091;16;0;39249;0;0;0;0;4366029;2057319;374;0;2216391;0;0;0;0
FR;3;2021-06-22;1065;70083;52;0;70353;0;0;0;0;4367094;2127402;426;0;2286744;0;0;0;0
FR;3;2021-06-23;946;50831;39;0;51103;0;0;0;0;4368040;2178233;465;0;2337847;0;0;0;0
FR;3;2021-06-24;1314;77288;48;0;77661;0;0;0;0;4369354;2255521;513;0;2415508;0;0;0;0
FR;3;2021-06-25;1410;90835;73;0;91269;0;0;0;0;4370764;2346356;586;0;2506777;0;0;0;0
FR;3;2021-06-26;631;33113;29;0;33305;0;0;0;0;4371395;2379469;615;0;2540082;0;0;0;0
FR;3;2021-06-27;167;3779;1;0;3803;0;0;0;0;4371562;2383248;616;0;2543885;0;0;0;0
FR;3;2021-06-28;655;29945;27;0;30139;0;0;0;0;4372217;2413193;643;0;2574024;0;0;0;0
FR;3;2021-06-29;856;56652;95;0;56897;0;0;0;0;4373073;2469845;738;0;2630921;0;0;0;0
FR;3;2021-06-30;905;45204;93;0;45472;0;0;0;0;4373978;2515049;831;0;2676393;0;0;0;0
FR;3;2021-07-01;1164;66127;108;0;66476;0;0;0;0;4375142;2581176;939;0;2742869;0;0;0;0
FR;3;2021-07-02;1305;90527;170;0;91007;0;0;0;0;4376447;2671703;1109;0;2833876;0;0;0;0
FR;3;2021-07-03;602;31184;51;0;31385;0;0;0;0;4377049;2702887;1160;0;2865261;0;0;0;0
FR;3;2021-07-04;144;3971;3;0;4001;0;0;0;0;4377193;2706858;1163;0;2869262;0;0;0;0
FR;3;2021-07-05;613;33606;60;0;33805;0;0;0;0;4377806;2740464;1223;0;2903067;0;0;0;0
FR;3;2021-07-06;965;55927;88;0;56239;0;0;0;0;4378771;2796391;1311;0;2959306;0;0;0;0
FR;3;2021-07-07;873;42966;80;0;43263;0;0;0;0;4379644;2839357;1391;0;3002569;0;0;0;0
FR;3;2021-07-08;1127;60818;99;0;61228;0;0;0;0;4380771;2900175;1490;0;3063797;0;0;0;0
FR;3;2021-07-09;1261;68935;128;0;69400;0;0;0;0;4382032;2969110;1618;0;3133197;0;0;0;0
FR;3;2021-07-10;644;25022;59;0;25219;0;0;0;0;4382676;2994132;1677;0;3158416;0;0;0;0
FR;3;2021-07-11;132;3173;4;0;3198;0;0;0;0;4382808;2997305;1681;0;3161614;0;0;0;0
FR;3;2021-07-12;662;23611;59;0;23824;0;0;0;0;4383470;3020916;1740;0;3185438;0;0;0;0
FR;3;2021-07-13;1648;34434;90;0;34924;0;0;0;0;4385118;3055350;1830;0;3220362;0;0;0;0
FR;3;2021-07-14;272;2473;2;0;2530;0;0;0;0;4385390;3057823;1832;0;3222892;0;0;0;0
FR;3;2021-07-15;1941;30422;85;0;30996;0;0;0;0;4387331;3088245;1917;0;3253888;0;0;0;0
FR;3;2021-07-16;2520;38621;122;0;39354;0;0;0;0;4389851;3126866;2039;0;3293242;0;0;0;0
FR;3;2021-07-17;1051;13730;26;0;14038;0;0;0;0;4390902;3140596;2065;0;3307280;0;0;0;0
FR;3;2021-07-18;266;2553;3;0;2601;0;0;0;0;4391168;3143149;2068;0;3309881;0;0;0;0
FR;3;2021-07-19;1280;16890;38;0;17258;0;0;0;0;4392448;3160039;2106;0;3327139;0;0;0;0
FR;3;2021-07-20;1823;26928;98;0;27470;0;0;0;0;4394271;3186967;2204;0;3354609;0;0;0;0
FR;3;2021-07-21;1652;19482;44;0;19987;0;0;0;0;4395923;3206449;2248;0;3374596;0;0;0;0
FR;3;2021-07-22;1856;27643;83;0;28208;0;0;0;0;4397779;3234092;2331;0;3402804;0;0;0;0
FR;3;2021-07-23;2217;30215;117;0;30952;0;0;0;0;4399996;3264307;2448;0;3433756;0;0;0;0
FR;3;2021-07-24;828;6932;25;0;7156;0;0;0;0;4400824;3271239;2473;0;3440912;0;0;0;0
FR;3;2021-07-25;210;1288;1;0;1343;0;0;0;0;4401034;3272527;2474;0;3442255;0;0;0;0
FR;3;2021-07-26;933;10508;28;0;10815;0;0;0;0;4401967;3283035;2502;0;3453070;0;0;0;0
FR;3;2021-07-27;1171;16799;56;0;17162;0;0;0;0;4403138;3299834;2558;0;3470232;0;0;0;0
FR;3;2021-07-28;989;12002;40;0;12314;0;0;0;0;4404127;3311836;2598;0;3482546;0;0;0;0
FR;3;2021-07-29;1127;15686;63;0;16099;0;0;0;0;4405254;3327522;2661;0;3498645;0;0;0;0
FR;3;2021-07-30;1129;17992;79;0;18366;0;0;0;0;4406383;3345514;2740;0;3517011;0;0;0;0
FR;3;2021-07-31;407;3708;15;0;3834;0;0;0;0;4406790;3349222;2755;0;3520845;0;0;0;0
FR;3;2021-08-01;117;446;1;0;468;0;0;0;0;4406907;3349668;2756;0;3521313;0;0;0;0
FR;3;2021-08-02;424;5021;22;0;5142;0;0;0;0;4407331;3354689;2778;0;3526455;0;0;0;0
FR;3;2021-08-03;498;7468;27;0;7602;0;0;0;0;4407829;3362157;2805;0;3534057;0;0;0;0
FR;3;2021-08-04;440;4833;26;0;4978;0;0;0;0;4408269;3366990;2831;0;3539035;0;0;0;0
FR;3;2021-08-05;433;3653;13;0;3763;0;0;0;0;4408702;3370643;2844;0;3542798;0;0;0;0
FR;3;2021-08-06;456;4698;30;0;4799;0;0;0;0;4409158;3375341;2874;0;3547597;0;0;0;0
FR;3;2021-08-07;214;1900;11;0;1946;0;0;0;0;4409372;3377241;2885;0;3549543;0;0;0;0
FR;3;2021-08-08;250;423;2;0;456;0;0;0;0;4409622;3377664;2887;0;3549999;0;0;0;0
FR;3;2021-08-09;320;2374;11;0;2444;0;0;0;0;4409942;3380038;2898;0;3552443;0;0;0;0
FR;3;2021-08-10;369;3741;15;0;3830;0;0;0;0;4410311;3383779;2913;0;3556273;0;0;0;0
FR;3;2021-08-11;291;2639;15;0;2699;0;0;0;0;4410602;3386418;2928;0;3558972;0;0;0;0
FR;3;2021-08-12;279;2565;13;0;2653;0;0;0;0;4410881;3388983;2941;0;3561625;0;0;0;0
FR;3;2021-08-13;278;2253;16;0;2338;0;0;0;0;4411159;3391236;2957;0;3563963;0;0;0;0
FR;3;2021-08-14;172;875;1;0;906;0;0;0;0;4411331;3392111;2958;0;3564869;0;0;0;0
FR;3;2021-08-15;56;174;0;0;183;0;0;0;0;4411387;3392285;2958;0;3565052;0;0;0;0
FR;3;2021-08-16;126;1007;8;0;1046;0;0;0;0;4411513;3393292;2966;0;3566098;0;0;0;0
FR;3;2021-08-17;191;1430;8;0;1471;0;0;0;0;4411704;3394722;2974;0;3567569;0;0;0;0
FR;3;2021-08-18;204;1311;10;0;1353;0;0;0;0;4411908;3396033;2984;0;3568922;0;0;0;0
FR;3;2021-08-19;165;1373;10;0;1420;0;0;0;0;4412073;3397406;2994;0;3570342;0;0;0;0
FR;3;2021-08-20;167;1594;16;0;1656;0;0;0;0;4412240;3399000;3010;0;3571998;0;0;0;0
FR;3;2021-08-21;94;579;2;0;594;0;0;0;0;4412334;3399579;3012;0;3572592;0;0;0;0
FR;3;2021-08-22;42;192;1;0;195;0;0;0;0;4412376;3399771;3013;0;3572787;0;0;0;0
FR;3;2021-08-23;141;882;7;0;927;0;0;0;0;4412517;3400653;3020;0;3573714;0;0;0;0
FR;3;2021-08-24;125;924;10;0;956;0;0;0;0;4412642;3401577;3030;0;3574670;0;0;0;0
FR;3;2021-08-25;137;820;3;0;849;0;0;0;0;4412779;3402397;3033;0;3575519;0;0;0;0
FR;3;2021-08-26;172;826;9;0;874;0;0;0;0;4412951;3403223;3042;0;3576393;0;0;0;0
FR;3;2021-08-27;178;937;9;0;989;0;0;0;0;4413129;3404160;3051;0;3577382;0;0;0;0
FR;3;2021-08-28;101;373;4;0;390;0;0;0;0;4413230;3404533;3055;0;3577772;0;0;0;0
FR;3;2021-08-29;128;129;1;0;162;0;0;0;0;4413358;3404662;3056;0;3577934;0;0;0;0
FR;3;2021-08-30;100;563;0;0;471;109;0;0;0;4413458;3405225;3056;0;3578405;109;0;0;0
FR;3;2021-08-31;134;684;7;0;588;135;0;0;0;4413592;3405909;3063;0;3578993;244;0;0;0
FR;3;2021-09-01;122;456;5;0;378;106;0;0;0;4413714;3406365;3068;0;3579371;350;0;0;0
FR;3;2021-09-02;100;596;22;0;532;105;0;0;0;4413814;3406961;3090;0;3579903;455;0;0;0
FR;3;2021-09-03;116;552;17;0;476;117;0;0;0;4413930;3407513;3107;0;3580379;572;0;0;0
FR;3;2021-09-04;55;293;3;0;254;50;0;0;0;4413985;3407806;3110;0;3580633;622;0;0;0
FR;3;2021-09-05;52;67;5;0;55;27;0;0;0;4414037;3407873;3115;0;3580688;649;0;0;0
FR;3;2021-09-06;118;366;4;0;260;130;0;0;0;4414155;3408239;3119;0;3580948;779;0;0;0
FR;3;2021-09-07;124;431;14;0;347;116;0;0;0;4414279;3408670;3133;0;3581295;895;0;0;0
FR;3;2021-09-08;122;342;2;0;272;87;0;0;0;4414401;3409012;3135;0;3581567;982;0;0;0
FR;3;2021-09-09;94;378;8;0;297;104;0;0;0;4414495;3409390;3143;0;3581864;1086;0;0;0
FR;3;2021-09-10;101;401;3;0;331;93;0;0;0;4414596;3409791;3146;0;3582195;1179;0;0;0
FR;3;2021-09-11;78;232;4;0;177;65;0;0;0;4414674;3410023;3150;0;3582372;1244;0;0;0
FR;3;2021-09-12;37;48;1;0;37;16;0;0;0;4414711;3410071;3151;0;3582409;1260;0;0;0
FR;3;2021-09-13;78;298;7;0;215;102;1;0;0;4414789;3410369;3158;0;3582624;1362;1;0;0
FR;3;2021-09-14;75;274;6;0;194;94;0;0;0;4414864;3410643;3164;0;3582818;1456;1;0;0
FR;3;2021-09-15;63;252;3;0;257;6;0;0;0;4414927;3410895;3167;0;3583075;1462;1;0;0
FR;3;2021-09-16;65;319;6;0;330;6;0;0;0;4414992;3411214;3173;0;3583405;1468;1;0;0
FR;3;2021-09-17;52;327;3;0;339;6;0;0;0;4415044;3411541;3176;0;3583744;1474;1;0;0
FR;3;2021-09-18;37;172;1;0;176;1;0;0;0;4415081;3411713;3177;0;3583920;1475;1;0;0
FR;3;2021-09-19;29;31;2;0;34;1;0;0;0;4415110;3411744;3179;0;3583954;1476;1;0;0
FR;3;2021-09-20;82;189;0;0;197;1;0;0;0;4415192;3411933;3179;0;3584151;1477;1;0;0
FR;3;2021-09-21;60;272;7;0;276;8;0;0;0;4415252;3412205;3186;0;3584427;1485;1;0;0
FR;3;2021-09-22;67;229;6;0;242;7;0;0;0;4415319;3412434;3192;0;3584669;1492;1;0;0
FR;3;2021-09-23;37;257;11;0;261;7;0;0;0;4415356;3412691;3203;0;3584930;1499;1;0;0
FR;3;2021-09-24;29;317;12;0;315;18;0;0;0;4415385;3413008;3215;0;3585245;1517;1;0;0
FR;3;2021-09-25;31;144;3;0;150;3;0;0;0;4415416;3413152;3218;0;3585395;1520;1;0;0
FR;3;2021-09-26;16;57;1;0;59;1;0;0;0;4415432;3413209;3219;0;3585454;1521;1;0;0
FR;3;2021-09-27;48;281;3;0;284;5;0;0;0;4415480;3413490;3222;0;3585738;1526;1;0;0
FR;3;2021-09-28;49;244;6;0;252;8;0;0;0;4415529;3413734;3228;0;3585990;1534;1;0;0
FR;3;2021-09-29;40;218;10;0;222;15;0;0;0;4415569;3413952;3238;0;3586212;1549;1;0;0
FR;3;2021-09-30;40;200;8;0;204;11;0;0;0;4415609;3414152;3246;0;3586416;1560;1;0;0
FR;3;2021-10-01;23;159;6;0;161;8;0;0;0;4415632;3414311;3252;0;3586577;1568;1;0;0
FR;3;2021-10-02;17;88;0;0;89;0;0;0;0;4415649;3414399;3252;0;3586666;1568;1;0;0
FR;3;2021-10-03;19;19;1;0;19;2;0;0;0;4415668;3414418;3253;0;3586685;1570;1;0;0
FR;3;2021-10-04;33;157;4;0;162;4;0;0;0;4415701;3414575;3257;0;3586847;1574;1;0;0
FR;3;2021-10-05;17;148;10;0;153;12;0;0;0;4415718;3414723;3267;0;3587000;1586;1;0;0
FR;3;2021-10-06;33;144;9;0;152;10;0;0;0;4415751;3414867;3276;0;3587152;1596;1;0;0
FR;3;2021-10-07;20;133;6;0;131;6;0;0;0;4415771;3415000;3282;0;3587283;1602;1;0;0
FR;3;2021-10-08;25;136;10;0;141;9;0;0;0;4415796;3415136;3292;0;3587424;1611;1;0;0
FR;3;2021-10-09;17;72;1;0;73;1;0;0;0;4415813;3415208;3293;0;3587497;1612;1;0;0
FR;3;2021-10-10;13;17;2;0;16;3;0;0;0;4415826;3415225;3295;0;3587513;1615;1;0;0
FR;3;2021-10-11;17;116;4;0;121;5;0;0;0;4415843;3415341;3299;0;3587634;1620;1;0;0
FR;3;2021-10-12;22;99;6;0;99;6;0;0;0;4415865;3415440;3305;0;3587733;1626;1;0;0
FR;3;2021-10-13;25;114;9;0;121;7;0;0;0;4415890;3415554;3314;0;3587854;1633;1;0;0
FR;3;2021-10-14;19;138;3;0;139;4;0;0;0;4415909;3415692;3317;0;3587993;1637;1;0;0
FR;3;2021-10-15;23;141;8;0;140;13;0;0;0;4415932;3415833;3325;0;3588133;1650;1;0;0
FR;3;2021-10-16;13;66;6;0;65;8;0;0;0;4415945;3415899;3331;0;3588198;1658;1;0;0
FR;3;2021-10-17;12;24;0;0;26;0;0;0;0;4415957;3415923;3331;0;3588224;1658;1;0;0
FR;3;2021-10-18;18;112;2;0;117;2;0;0;0;4415975;3416035;3333;0;3588341;1660;1;0;0
FR;3;2021-10-19;18;111;19;0;112;21;0;0;0;4415993;3416146;3352;0;3588453;1681;1;0;0
FR;3;2021-10-20;26;126;6;0;128;7;0;0;0;4416019;3416272;3358;0;3588581;1688;1;0;0
FR;3;2021-10-21;28;120;17;0;120;13;0;0;0;4416047;3416392;3375;0;3588701;1701;1;0;0
FR;3;2021-10-22;24;103;18;0;102;21;0;0;0;4416071;3416495;3393;0;3588803;1722;1;0;0
FR;3;2021-10-23;17;53;3;0;53;2;0;0;0;4416088;3416548;3396;0;3588856;1724;1;0;0
FR;3;2021-10-24;7;36;0;0;34;0;0;0;0;4416095;3416584;3396;0;3588890;1724;1;0;0
FR;3;2021-10-25;26;141;7;0;145;7;0;0;0;4416121;3416725;3403;0;3589035;1731;1;0;0
FR;3;2021-10-26;25;96;22;0;93;19;0;0;0;4416146;3416821;3425;0;3589128;1750;1;0;0
FR;3;2021-10-27;19;91;9;0;93;9;0;0;0;4416165;3416912;3434;0;3589221;1759;1;0;0
FR;3;2021-10-28;23;114;33;0;111;36;0;0;0;4416188;3417026;3467;0;3589332;1795;1;0;0
FR;3;2021-10-29;12;98;64;0;92;54;0;0;0;4416200;3417124;3531;0;3589424;1849;1;0;0
FR;3;2021-10-30;11;62;11;1;62;10;0;0;0;4416211;3417186;3542;1;3589486;1859;1;0;0
FR;3;2021-10-31;8;25;1;0;25;1;0;0;0;4416219;3417211;3543;1;3589511;1860;1;0;0
FR;3;2021-11-01;11;22;2;0;23;1;0;0;0;4416230;3417233;3545;1;3589534;1861;1;0;0
FR;3;2021-11-02;11;100;10;0;100;12;0;0;0;4416241;3417333;3555;1;3589634;1873;1;0;0
FR;3;2021-11-03;21;105;10;0;113;10;0;0;0;4416262;3417438;3565;1;3589747;1883;1;0;0
FR;3;2021-11-04;20;88;6;0;93;5;0;0;0;4416282;3417526;3571;1;3589840;1888;1;0;0
FR;3;2021-11-05;19;119;9;1;125;6;1;0;0;4416301;3417645;3580;2;3589965;1894;2;0;0
FR;3;2021-11-06;11;54;3;0;56;3;0;0;0;4416312;3417699;3583;2;3590021;1897;2;0;0
FR;3;2021-11-07;6;23;1;0;24;1;0;0;0;4416318;3417722;3584;2;3590045;1898;2;0;0
FR;3;2021-11-08;11;125;7;0;130;5;0;0;0;4416329;3417847;3591;2;3590175;1903;2;0;0
FR;3;2021-11-09;15;123;6;0;125;6;0;0;0;4416344;3417970;3597;2;3590300;1909;2;0;0
FR;3;2021-11-10;14;131;15;0;129;16;0;0;0;4416358;3418101;3612;2;3590429;1925;2;0;0
FR;3;2021-11-11;12;49;3;0;51;3;0;0;0;4416370;3418150;3615;2;3590480;1928;2;0;0
FR;3;2021-11-12;15;125;6;0;128;4;0;0;0;4416385;3418275;3621;2;3590608;1932;2;0;0
FR;3;2021-11-13;7;66;9;0;61;10;0;0;0;4416392;3418341;3630;2;3590669;1942;2;0;0
FR;3;2021-11-14;3;24;1;0;24;1;0;0;0;4416395;3418365;3631;2;3590693;1943;2;0;0
FR;3;2021-11-15;6;162;11;0;159;12;0;0;0;4416401;3418527;3642;2;3590852;1955;2;0;0
FR;3;2021-11-16;9;124;11;0;119;10;0;0;0;4416410;3418651;3653;2;3590971;1965;2;0;0
FR;3;2021-11-17;8;133;11;0;134;8;0;0;0;4416418;3418784;3664;2;3591105;1973;2;0;0
FR;3;2021-11-18;16;132;10;0;133;11;0;0;0;4416434;3418916;3674;2;3591238;1984;2;0;0
FR;3;2021-11-19;12;178;23;0;173;28;0;0;0;4416446;3419094;3697;2;3591411;2012;2;0;0
FR;3;2021-11-20;6;100;6;0;101;6;0;0;0;4416452;3419194;3703;2;3591512;2018;2;0;0
FR;3;2021-11-21;3;25;4;0;24;4;0;0;0;4416455;3419219;3707;2;3591536;2022;2;0;0
FR;3;2021-11-22;11;184;11;0;184;11;0;0;0;4416466;3419403;3718;2;3591720;2033;2;0;0
FR;3;2021-11-23;9;181;16;0;179;15;0;0;0;4416475;3419584;3734;2;3591899;2048;2;0;0
FR;3;2021-11-24;11;181;9;0;173;17;0;0;0;4416486;3419765;3743;2;3592072;2065;2;0;0
FR;3;2021-11-25;12;198;11;0;196;11;0;0;0;4416498;3419963;3754;2;3592268;2076;2;0;0
FR;3;2021-11-26;10;251;35;0;250;33;1;0;0;4416508;3420214;3789;2;3592518;2109;3;0;0
FR;3;2021-11-27;8;125;20;0;124;21;0;0;0;4416516;3420339;3809;2;3592642;2130;3;0;0
FR;3;2021-11-28;3;56;7;0;57;7;0;0;0;4416519;3420395;3816;2;3592699;2137;3;0;0
FR;3;2021-11-29;5;216;22;0;211;23;1;0;0;4416524;3420611;3838;2;3592910;2160;4;0;0
FR;3;2021-11-30;9;284;30;0;283;33;0;0;0;4416533;3420895;3868;2;3593193;2193;4;0;0
FR;3;2021-12-01;30;316;38;0;314;40;2;0;0;4416563;3421211;3906;2;3593507;2233;6;0;0
FR;3;2021-12-02;9;340;33;0;336;36;0;0;0;4416572;3421551;3939;2;3593843;2269;6;0;0
FR;3;2021-12-03;6;367;37;0;363;38;0;0;0;4416578;3421918;3976;2;3594206;2307;6;0;0
FR;3;2021-12-04;3;204;26;0;200;28;0;0;0;4416581;3422122;4002;2;3594406;2335;6;0;0
FR;3;2021-12-05;1;61;5;0;61;5;0;0;0;4416582;3422183;4007;2;3594467;2340;6;0;0
FR;3;2021-12-06;7;356;14;0;355;15;0;0;0;4416589;3422539;4021;2;3594822;2355;6;0;0
FR;3;2021-12-07;6;414;20;0;408;24;1;0;0;4416595;3422953;4041;2;3595230;2379;7;0;0
FR;3;2021-12-08;8;381;29;0;373;30;1;0;0;4416603;3423334;4070;2;3595603;2409;8;0;0
FR;3;2021-12-09;3;427;17;0;414;22;1;0;0;4416606;3423761;4087;2;3596017;2431;9;0;0
FR;3;2021-12-10;10;443;29;0;440;25;0;0;0;4416616;3424204;4116;2;3596457;2456;9;0;0
FR;3;2021-12-11;4;300;10;0;297;9;2;0;0;4416620;3424504;4126;2;3596754;2465;11;0;0
FR;3;2021-12-12;1;96;3;0;96;3;0;0;0;4416621;3424600;4129;2;3596850;2468;11;0;0
FR;3;2021-12-13;2;436;19;0;430;21;0;0;0;4416623;3425036;4148;2;3597280;2489;11;0;0
FR;3;2021-12-14;8;552;18;0;540;21;1;0;0;4416631;3425588;4166;2;3597820;2510;12;0;0
FR;3;2021-12-15;10;524;17;0;511;21;0;0;0;4416641;3426112;4183;2;3598331;2531;12;0;0
FR;3;2021-12-16;10;531;19;0;525;18;3;0;0;4416651;3426643;4202;2;3598856;2549;15;0;0
FR;3;2021-12-17;5;596;18;0;592;19;0;0;0;4416656;3427239;4220;2;3599448;2568;15;0;0
FR;3;2021-12-18;5;347;4;0;341;5;1;0;0;4416661;3427586;4224;2;3599789;2573;16;0;0
FR;3;2021-12-19;3;176;2;0;174;2;0;0;0;4416664;3427762;4226;2;3599963;2575;16;0;0
FR;3;2021-12-20;10;567;23;0;561;28;0;0;0;4416674;3428329;4249;2;3600524;2603;16;0;0
FR;3;2021-12-21;5;665;10;0;657;13;2;0;0;4416679;3428994;4259;2;3601181;2616;18;0;0
FR;3;2021-12-22;10;617;9;0;611;10;1;0;0;4416689;3429611;4268;2;3601792;2626;19;0;0
FR;3;2021-12-23;4;542;8;0;540;8;0;0;0;4416693;3430153;4276;2;3602332;2634;19;0;0
FR;3;2021-12-24;2;233;3;0;228;6;0;0;0;4416695;3430386;4279;2;3602560;2640;19;0;0
FR;3;2021-12-25;0;24;0;0;24;0;0;0;0;4416695;3430410;4279;2;3602584;2640;19;0;0
FR;3;2021-12-26;0;87;1;0;87;1;0;0;0;4416695;3430497;4280;2;3602671;2641;19;0;0
FR;3;2021-12-27;7;459;17;0;456;20;1;0;0;4416702;3430956;4297;2;3603127;2661;20;0;0
FR;3;2021-12-28;3;577;6;0;576;5;0;0;0;4416705;3431533;4303;2;3603703;2666;20;0;0
FR;3;2021-12-29;5;491;14;0;486;16;0;0;0;4416710;3432024;4317;2;3604189;2682;20;0;0
FR;3;2021-12-30;3;520;7;0;513;10;2;0;0;4416713;3432544;4324;2;3604702;2692;22;0;0
FR;3;2021-12-31;0;182;5;0;178;7;0;0;0;4416713;3432726;4329;2;3604880;2699;22;0;0
FR;3;2022-01-01;0;26;0;0;24;2;0;0;0;4416713;3432752;4329;2;3604904;2701;22;0;0
FR;3;2022-01-02;0;77;0;0;77;0;0;0;0;4416713;3432829;4329;2;3604981;2701;22;0;0
FR;3;2022-01-03;5;490;17;0;480;21;3;0;0;4416718;3433319;4346;2;3605461;2722;25;0;0
FR;3;2022-01-04;7;541;9;0;540;8;0;0;0;4416725;3433860;4355;2;3606001;2730;25;0;0
FR;3;2022-01-05;5;492;10;0;484;14;1;0;0;4416730;3434352;4365;2;3606485;2744;26;0;0
FR;3;2022-01-06;6;465;9;0;460;10;1;0;0;4416736;3434817;4374;2;3606945;2754;27;0;0
FR;3;2022-01-07;2;490;11;0;484;13;1;0;1;4416738;3435307;4385;2;3607429;2767;28;0;1
FR;3;2022-01-08;6;252;4;0;249;5;0;0;0;4416744;3435559;4389;2;3607678;2772;28;0;1
FR;3;2022-01-09;0;116;0;0;116;0;0;0;0;4416744;3435675;4389;2;3607794;2772;28;0;1
FR;3;2022-01-10;2;422;12;0;420;12;0;0;0;4416746;3436097;4401;2;3608214;2784;28;0;1
FR;3;2022-01-11;3;457;1;0;456;1;0;0;0;4416749;3436554;4402;2;3608670;2785;28;0;1
FR;3;2022-01-12;4;395;9;0;392;10;2;0;0;4416753;3436949;4411;2;3609062;2795;30;0;1
FR;3;2022-01-13;3;386;11;0;384;12;1;0;0;4416756;3437335;4422;2;3609446;2807;31;0;1
FR;3;2022-01-14;4;422;10;0;416;13;1;0;0;4416760;3437757;4432;2;3609862;2820;32;0;1
FR;3;2022-01-15;0;278;2;0;274;3;0;0;0;4416760;3438035;4434;2;3610136;2823;32;0;1
FR;3;2022-01-16;1;108;1;0;106;1;1;0;0;4416761;3438143;4435;2;3610242;2824;33;0;1
FR;3;2022-01-17;2;320;8;0;317;9;1;0;0;4416763;3438463;4443;2;3610559;2833;34;0;1
FR;3;2022-01-18;2;361;1;0;357;2;1;0;0;4416765;3438824;4444;2;3610916;2835;35;0;1
FR;3;2022-01-19;2;322;5;0;316;10;0;0;0;4416767;3439146;4449;2;3611232;2845;35;0;1
FR;3;2022-01-20;1;351;5;0;350;3;2;0;0;4416768;3439497;4454;2;3611582;2848;37;0;1
FR;3;2022-01-21;4;340;5;0;334;7;2;0;0;4416772;3439837;4459;2;3611916;2855;39;0;1
FR;3;2022-01-22;2;219;1;0;215;2;3;0;0;4416774;3440056;4460;2;3612131;2857;42;0;1
FR;3;2022-01-23;0;78;0;0;76;1;1;0;0;4416774;3440134;4460;2;3612207;2858;43;0;1
FR;3;2022-01-24;2;317;1;0;309;6;2;0;0;4416776;3440451;4461;2;3612516;2864;45;0;1
FR;3;2022-01-25;0;172;0;0;169;0;1;0;0;4416776;3440623;4461;2;3612685;2864;46;0;1
FR;3;2022-01-26;0;77;0;0;77;0;0;0;0;4416776;3440700;4461;2;3612762;2864;46;0;1
FR;3;2022-01-27;0;52;0;0;52;0;0;0;0;4416776;3440752;4461;2;3612814;2864;46;0;1
FR;3;2022-01-28;0;116;0;0;115;0;0;0;0;4416776;3440868;4461;2;3612929;2864;46;0;1
FR;3;2022-01-29;0;97;0;0;97;0;0;0;0;4416776;3440965;4461;2;3613026;2864;46;0;1
FR;3;2022-01-30;0;50;0;0;50;0;0;0;0;4416776;3441015;4461;2;3613076;2864;46;0;1
FR;3;2022-01-31;0;91;0;0;91;0;0;0;0;4416776;3441106;4461;2;3613167;2864;46;0;1
FR;3;2022-02-01;0;98;0;0;96;1;0;0;0;4416776;3441204;4461;2;3613263;2865;46;0;1
FR;3;2022-02-02;0;85;0;0;83;0;0;0;0;4416776;3441289;4461;2;3613346;2865;46;0;1
FR;3;2022-02-03;0;91;0;0;89;0;0;0;0;4416776;3441380;4461;2;3613435;2865;46;0;1
FR;3;2022-02-04;0;113;0;0;110;0;1;0;0;4416776;3441493;4461;2;3613545;2865;47;0;1
FR;3;2022-02-05;0;70;0;0;70;0;0;0;0;4416776;3441563;4461;2;3613615;2865;47;0;1
FR;3;2022-02-06;0;10;0;0;10;0;0;0;0;4416776;3441573;4461;2;3613625;2865;47;0;1
FR;3;2022-02-07;0;76;0;0;76;0;0;0;0;4416776;3441649;4461;2;3613701;2865;47;0;1
FR;3;2022-02-08;0;0;0;0;0;0;0;0;0;4416776;3441649;4461;2;3613701;2865;47;0;1
FR;3;2022-02-09;0;0;0;0;0;0;0;0;0;4416776;3441649;4461;2;3613701;2865;47;0;1
FR;3;2022-02-10;0;0;0;0;0;0;0;0;0;4416776;3441649;4461;2;3613701;2865;47;0;1
FR;3;2022-02-11;0;0;0;0;0;0;0;0;0;4416776;3441649;4461;2;3613701;2865;47;0;1
FR;3;2022-02-12;0;0;0;0;0;0;0;0;0;4416776;3441649;4461;2;3613701;2865;47;0;1
FR;3;2022-02-13;0;0;0;0;0;0;0;0;0;4416776;3441649;4461;2;3613701;2865;47;0;1
FR;3;2022-02-14;0;0;0;0;0;0;0;0;0;4416776;3441649;4461;2;3613701;2865;47;0;1
FR;3;2022-02-15;0;0;0;0;0;0;0;0;0;4416776;3441649;4461;2;3613701;2865;47;0;1
FR;3;2022-02-16;0;0;0;0;0;0;0;0;0;4416776;3441649;4461;2;3613701;2865;47;0;1
FR;3;2022-02-17;0;0;0;0;0;0;0;0;0;4416776;3441649;4461;2;3613701;2865;47;0;1
FR;3;2022-02-18;0;0;0;0;0;0;0;0;0;4416776;3441649;4461;2;3613701;2865;47;0;1
FR;3;2022-02-19;0;0;0;0;0;0;0;0;0;4416776;3441649;4461;2;3613701;2865;47;0;1
FR;3;2022-02-20;0;0;0;0;0;0;0;0;0;4416776;3441649;4461;2;3613701;2865;47;0;1
FR;3;2022-02-21;2;0;0;0;0;0;0;0;0;4416778;3441649;4461;2;3613701;2865;47;0;1
FR;3;2022-02-22;0;0;0;0;0;0;0;0;0;4416778;3441649;4461;2;3613701;2865;47;0;1
FR;3;2022-02-23;0;0;0;0;0;0;0;0;0;4416778;3441649;4461;2;3613701;2865;47;0;1
FR;3;2022-02-24;0;0;0;0;0;0;0;0;0;4416778;3441649;4461;2;3613701;2865;47;0;1
FR;3;2022-02-25;0;0;0;0;0;0;0;0;0;4416778;3441649;4461;2;3613701;2865;47;0;1
FR;3;2022-02-26;0;0;0;0;0;0;0;0;0;4416778;3441649;4461;2;3613701;2865;47;0;1
FR;3;2022-02-27;0;0;0;0;0;0;0;0;0;4416778;3441649;4461;2;3613701;2865;47;0;1
FR;3;2022-02-28;1;0;0;0;0;0;0;0;0;4416779;3441649;4461;2;3613701;2865;47;0;1
FR;3;2022-03-01;1;0;0;0;0;0;0;0;0;4416780;3441649;4461;2;3613701;2865;47;0;1
FR;3;2022-03-02;0;0;0;0;0;0;0;0;0;4416780;3441649;4461;2;3613701;2865;47;0;1
FR;3;2022-03-03;0;0;0;0;0;0;0;0;0;4416780;3441649;4461;2;3613701;2865;47;0;1
FR;3;2022-03-04;0;0;0;0;0;0;0;0;0;4416780;3441649;4461;2;3613701;2865;47;0;1
FR;3;2022-03-05;0;0;0;0;0;0;0;0;0;4416780;3441649;4461;2;3613701;2865;47;0;1
FR;3;2022-03-06;1;0;0;0;0;0;0;0;0;4416781;3441649;4461;2;3613701;2865;47;0;1
FR;3;2022-03-07;0;0;0;0;0;0;0;0;0;4416781;3441649;4461;2;3613701;2865;47;0;1
FR;3;2022-03-08;1;0;0;0;0;0;0;0;0;4416782;3441649;4461;2;3613701;2865;47;0;1
FR;3;2022-03-09;0;0;0;0;0;0;0;0;0;4416782;3441649;4461;2;3613701;2865;47;0;1
FR;3;2022-03-10;0;0;0;0;0;0;0;0;0;4416782;3441649;4461;2;3613701;2865;47;0;1
FR;3;2022-03-11;0;0;0;0;0;0;0;0;0;4416782;3441649;4461;2;3613701;2865;47;0;1
FR;3;2022-03-12;0;0;0;0;0;0;0;0;0;4416782;3441649;4461;2;3613701;2865;47;0;1
FR;3;2022-03-13;0;0;0;0;0;0;0;0;0;4416782;3441649;4461;2;3613701;2865;47;0;1
FR;3;2022-03-14;0;0;0;0;0;0;0;0;0;4416782;3441649;4461;2;3613701;2865;47;0;1
FR;3;2022-03-15;0;0;0;0;0;0;0;0;0;4416782;3441649;4461;2;3613701;2865;47;0;1
FR;3;2022-03-16;0;0;0;0;0;0;0;0;0;4416782;3441649;4461;2;3613701;2865;47;0;1
FR;3;2022-03-17;0;0;0;0;0;0;0;0;0;4416782;3441649;4461;2;3613701;2865;47;0;1
FR;3;2022-03-18;0;0;0;0;0;0;0;0;0;4416782;3441649;4461;2;3613701;2865;47;0;1
FR;3;2022-03-19;0;0;0;0;0;0;0;0;0;4416782;3441649;4461;2;3613701;2865;47;0;1
FR;3;2022-03-20;1;0;0;0;0;0;0;0;0;4416783;3441649;4461;2;3613701;2865;47;0;1
FR;3;2022-03-21;0;0;0;0;0;0;0;0;0;4416783;3441649;4461;2;3613701;2865;47;0;1
FR;3;2022-03-22;0;0;0;0;0;0;0;0;0;4416783;3441649;4461;2;3613701;2865;47;0;1
FR;3;2022-03-23;1;0;0;0;0;0;0;0;0;4416784;3441649;4461;2;3613701;2865;47;0;1
FR;3;2022-03-24;0;0;0;0;0;0;0;0;0;4416784;3441649;4461;2;3613701;2865;47;0;1
FR;3;2022-03-25;1;0;0;0;0;0;0;0;0;4416785;3441649;4461;2;3613701;2865;47;0;1
FR;3;2022-03-26;0;0;0;0;0;0;0;0;0;4416785;3441649;4461;2;3613701;2865;47;0;1
FR;3;2022-03-27;0;0;0;0;0;0;0;0;0;4416785;3441649;4461;2;3613701;2865;47;0;1
FR;3;2022-03-28;0;0;0;0;0;0;0;0;0;4416785;3441649;4461;2;3613701;2865;47;0;1
FR;3;2022-03-29;0;0;0;0;0;0;0;0;0;4416785;3441649;4461;2;3613701;2865;47;0;1
FR;3;2022-03-30;0;0;0;0;0;0;0;0;0;4416785;3441649;4461;2;3613701;2865;47;0;1
FR;3;2022-03-31;0;0;0;0;0;0;0;0;0;4416785;3441649;4461;2;3613701;2865;47;0;1
FR;3;2022-04-01;0;0;0;0;0;0;0;0;0;4416785;3441649;4461;2;3613701;2865;47;0;1
FR;3;2022-04-02;0;0;0;0;0;0;0;0;0;4416785;3441649;4461;2;3613701;2865;47;0;1
FR;3;2022-04-03;0;0;0;0;0;0;0;0;0;4416785;3441649;4461;2;3613701;2865;47;0;1
FR;3;2022-04-04;0;0;0;0;0;0;0;0;0;4416785;3441649;4461;2;3613701;2865;47;0;1
FR;3;2022-04-05;0;0;0;0;0;0;0;0;0;4416785;3441649;4461;2;3613701;2865;47;0;1
FR;3;2022-04-06;0;0;0;0;0;0;0;0;0;4416785;3441649;4461;2;3613701;2865;47;0;1
FR;3;2022-04-07;0;0;0;0;0;0;0;0;0;4416785;3441649;4461;2;3613701;2865;47;0;1
FR;3;2022-04-08;0;0;0;0;0;0;0;0;0;4416785;3441649;4461;2;3613701;2865;47;0;1
FR;3;2022-04-09;0;0;0;0;0;0;0;0;0;4416785;3441649;4461;2;3613701;2865;47;0;1
FR;3;2022-04-10;0;0;0;0;0;0;0;0;0;4416785;3441649;4461;2;3613701;2865;47;0;1
FR;3;2022-04-11;0;0;0;0;0;0;0;0;0;4416785;3441649;4461;2;3613701;2865;47;0;1
FR;3;2022-04-12;0;0;0;0;0;0;0;0;0;4416785;3441649;4461;2;3613701;2865;47;0;1
FR;3;2022-04-13;0;0;0;0;0;0;0;0;0;4416785;3441649;4461;2;3613701;2865;47;0;1
FR;3;2022-04-14;0;0;0;0;0;0;0;0;0;4416785;3441649;4461;2;3613701;2865;47;0;1
FR;3;2022-04-15;1;0;0;0;0;0;0;0;0;4416786;3441649;4461;2;3613701;2865;47;0;1
FR;3;2022-04-16;0;0;0;0;0;0;0;0;0;4416786;3441649;4461;2;3613701;2865;47;0;1
FR;3;2022-04-17;0;0;0;0;0;0;0;0;0;4416786;3441649;4461;2;3613701;2865;47;0;1
FR;3;2022-04-18;0;0;0;0;0;0;0;0;0;4416786;3441649;4461;2;3613701;2865;47;0;1
FR;3;2022-04-19;0;0;0;0;0;0;0;0;0;4416786;3441649;4461;2;3613701;2865;47;0;1
FR;3;2022-04-20;0;0;0;0;0;0;0;0;0;4416786;3441649;4461;2;3613701;2865;47;0;1
FR;3;2022-04-21;0;0;0;0;0;0;0;0;0;4416786;3441649;4461;2;3613701;2865;47;0;1
FR;3;2022-04-22;0;0;0;0;0;0;0;0;0;4416786;3441649;4461;2;3613701;2865;47;0;1
FR;3;2022-04-23;0;0;0;0;0;0;0;0;0;4416786;3441649;4461;2;3613701;2865;47;0;1
FR;3;2022-04-24;0;0;0;0;0;0;0;0;0;4416786;3441649;4461;2;3613701;2865;47;0;1
FR;3;2022-04-25;0;0;0;0;0;0;0;0;0;4416786;3441649;4461;2;3613701;2865;47;0;1
FR;3;2022-04-26;0;0;0;0;0;0;0;0;0;4416786;3441649;4461;2;3613701;2865;47;0;1
FR;3;2022-04-27;0;0;0;0;0;0;0;0;0;4416786;3441649;4461;2;3613701;2865;47;0;1
FR;3;2022-04-28;0;0;0;0;0;0;0;0;0;4416786;3441649;4461;2;3613701;2865;47;0;1
FR;3;2022-04-29;0;0;0;0;0;0;0;0;0;4416786;3441649;4461;2;3613701;2865;47;0;1
FR;3;2022-04-30;0;0;0;0;0;0;0;0;0;4416786;3441649;4461;2;3613701;2865;47;0;1
FR;3;2022-05-01;0;0;0;0;0;0;0;0;0;4416786;3441649;4461;2;3613701;2865;47;0;1
FR;3;2022-05-02;0;0;0;0;0;0;0;0;0;4416786;3441649;4461;2;3613701;2865;47;0;1
FR;3;2022-05-03;0;0;0;0;0;0;0;0;0;4416786;3441649;4461;2;3613701;2865;47;0;1
FR;3;2022-05-04;0;0;0;0;0;0;0;0;0;4416786;3441649;4461;2;3613701;2865;47;0;1
FR;3;2022-05-05;0;0;0;0;0;0;0;0;0;4416786;3441649;4461;2;3613701;2865;47;0;1
FR;3;2022-05-06;0;0;0;0;0;0;0;0;0;4416786;3441649;4461;2;3613701;2865;47;0;1
FR;3;2022-05-07;0;0;0;0;0;0;0;0;0;4416786;3441649;4461;2;3613701;2865;47;0;1
FR;3;2022-05-08;0;0;0;0;0;0;0;0;0;4416786;3441649;4461;2;3613701;2865;47;0;1
FR;3;2022-05-09;0;0;0;0;0;0;0;0;0;4416786;3441649;4461;2;3613701;2865;47;0;1
FR;3;2022-05-10;0;0;0;0;0;0;0;0;0;4416786;3441649;4461;2;3613701;2865;47;0;1
FR;3;2022-05-11;0;0;0;0;0;0;0;0;0;4416786;3441649;4461;2;3613701;2865;47;0;1
FR;3;2022-05-12;0;0;0;0;0;0;0;0;0;4416786;3441649;4461;2;3613701;2865;47;0;1
FR;3;2022-05-13;0;0;0;0;0;0;0;0;0;4416786;3441649;4461;2;3613701;2865;47;0;1
FR;3;2022-05-14;1;0;0;0;0;0;0;0;0;4416787;3441649;4461;2;3613701;2865;47;0;1
FR;3;2022-05-15;0;0;0;0;0;0;0;0;0;4416787;3441649;4461;2;3613701;2865;47;0;1
FR;3;2022-05-16;0;0;0;0;0;0;0;0;0;4416787;3441649;4461;2;3613701;2865;47;0;1
FR;3;2022-05-17;0;0;0;0;0;0;0;0;0;4416787;3441649;4461;2;3613701;2865;47;0;1
FR;3;2022-05-18;0;0;0;0;0;0;0;0;0;4416787;3441649;4461;2;3613701;2865;47;0;1
FR;3;2022-05-19;0;0;0;0;0;0;0;0;0;4416787;3441649;4461;2;3613701;2865;47;0;1
FR;3;2022-05-20;0;0;0;0;0;0;0;0;0;4416787;3441649;4461;2;3613701;2865;47;0;1
FR;3;2022-05-21;0;0;0;0;0;0;0;0;0;4416787;3441649;4461;2;3613701;2865;47;0;1
FR;3;2022-05-22;0;0;0;0;0;0;0;0;0;4416787;3441649;4461;2;3613701;2865;47;0;1
FR;3;2022-05-23;0;0;0;0;0;0;0;0;0;4416787;3441649;4461;2;3613701;2865;47;0;1
FR;3;2022-05-24;0;0;0;0;0;0;0;0;0;4416787;3441649;4461;2;3613701;2865;47;0;1
FR;3;2022-05-25;0;0;0;0;0;0;0;0;0;4416787;3441649;4461;2;3613701;2865;47;0;1
FR;3;2022-05-26;0;0;0;0;0;0;0;0;0;4416787;3441649;4461;2;3613701;2865;47;0;1
FR;3;2022-05-27;0;0;0;0;0;0;0;0;0;4416787;3441649;4461;2;3613701;2865;47;0;1
FR;3;2022-05-28;0;0;0;0;0;0;0;0;0;4416787;3441649;4461;2;3613701;2865;47;0;1
FR;3;2022-05-29;0;0;0;0;0;0;0;0;0;4416787;3441649;4461;2;3613701;2865;47;0;1
FR;3;2022-05-30;0;0;0;0;0;0;0;0;0;4416787;3441649;4461;2;3613701;2865;47;0;1
FR;3;2022-05-31;0;0;0;0;0;0;0;0;0;4416787;3441649;4461;2;3613701;2865;47;0;1
FR;3;2022-06-01;0;0;0;0;0;0;0;0;0;4416787;3441649;4461;2;3613701;2865;47;0;1
FR;3;2022-06-02;0;0;0;0;0;0;0;0;0;4416787;3441649;4461;2;3613701;2865;47;0;1
FR;3;2022-06-03;0;0;0;0;0;0;0;0;0;4416787;3441649;4461;2;3613701;2865;47;0;1
FR;3;2022-06-04;0;0;0;0;0;0;0;0;0;4416787;3441649;4461;2;3613701;2865;47;0;1
FR;3;2022-06-05;0;0;0;0;0;0;0;0;0;4416787;3441649;4461;2;3613701;2865;47;0;1
FR;3;2022-06-06;0;0;0;0;0;0;0;0;0;4416787;3441649;4461;2;3613701;2865;47;0;1
FR;3;2022-06-07;0;0;0;0;0;0;0;0;0;4416787;3441649;4461;2;3613701;2865;47;0;1
FR;3;2022-06-08;0;0;0;0;0;0;0;0;0;4416787;3441649;4461;2;3613701;2865;47;0;1
FR;3;2022-06-09;0;0;0;0;0;0;0;0;0;4416787;3441649;4461;2;3613701;2865;47;0;1
FR;3;2022-06-10;0;0;0;0;0;0;0;0;0;4416787;3441649;4461;2;3613701;2865;47;0;1
FR;3;2022-06-11;0;0;0;0;0;0;0;0;0;4416787;3441649;4461;2;3613701;2865;47;0;1
FR;3;2022-06-12;0;0;0;0;0;0;0;0;0;4416787;3441649;4461;2;3613701;2865;47;0;1
FR;3;2022-06-13;1;0;0;0;0;0;0;0;0;4416788;3441649;4461;2;3613701;2865;47;0;1
FR;3;2022-06-14;0;0;0;0;0;0;0;0;0;4416788;3441649;4461;2;3613701;2865;47;0;1
FR;3;2022-06-15;0;0;0;0;0;0;0;0;0;4416788;3441649;4461;2;3613701;2865;47;0;1
FR;3;2022-06-16;0;0;0;0;0;0;0;0;0;4416788;3441649;4461;2;3613701;2865;47;0;1
FR;3;2022-06-17;0;0;0;0;0;0;0;0;0;4416788;3441649;4461;2;3613701;2865;47;0;1
FR;3;2022-06-18;0;0;0;0;0;0;0;0;0;4416788;3441649;4461;2;3613701;2865;47;0;1
FR;3;2022-06-19;0;0;0;0;0;0;0;0;0;4416788;3441649;4461;2;3613701;2865;47;0;1
FR;3;2022-06-20;0;0;0;0;0;0;0;0;0;4416788;3441649;4461;2;3613701;2865;47;0;1
FR;3;2022-06-21;0;0;0;0;0;0;0;0;0;4416788;3441649;4461;2;3613701;2865;47;0;1
FR;3;2022-06-22;0;0;0;0;0;0;0;0;0;4416788;3441649;4461;2;3613701;2865;47;0;1
FR;3;2022-06-23;0;0;0;0;0;0;0;0;0;4416788;3441649;4461;2;3613701;2865;47;0;1
FR;3;2022-06-24;0;0;0;0;0;0;0;0;0;4416788;3441649;4461;2;3613701;2865;47;0;1
FR;3;2022-06-25;0;0;0;0;0;0;0;0;0;4416788;3441649;4461;2;3613701;2865;47;0;1
FR;3;2022-06-26;0;0;0;0;0;0;0;0;0;4416788;3441649;4461;2;3613701;2865;47;0;1
FR;3;2022-06-27;0;0;0;0;0;0;0;0;0;4416788;3441649;4461;2;3613701;2865;47;0;1
FR;3;2022-06-28;0;0;0;0;0;0;0;0;0;4416788;3441649;4461;2;3613701;2865;47;0;1
FR;3;2022-06-29;1;0;0;0;0;0;0;0;0;4416789;3441649;4461;2;3613701;2865;47;0;1
FR;3;2022-06-30;0;0;0;0;0;0;0;0;0;4416789;3441649;4461;2;3613701;2865;47;0;1
FR;3;2022-07-01;0;0;0;0;0;0;0;0;0;4416789;3441649;4461;2;3613701;2865;47;0;1
FR;3;2022-07-02;0;0;0;0;0;0;0;0;0;4416789;3441649;4461;2;3613701;2865;47;0;1
FR;3;2022-07-03;0;0;0;0;0;0;0;0;0;4416789;3441649;4461;2;3613701;2865;47;0;1
FR;3;2022-07-04;0;0;0;0;0;0;0;0;0;4416789;3441649;4461;2;3613701;2865;47;0;1
FR;3;2022-07-05;0;0;0;0;0;0;0;0;0;4416789;3441649;4461;2;3613701;2865;47;0;1
FR;3;2022-07-06;0;0;0;0;0;0;0;0;0;4416789;3441649;4461;2;3613701;2865;47;0;1
FR;3;2022-07-07;0;0;0;0;0;0;0;0;0;4416789;3441649;4461;2;3613701;2865;47;0;1
FR;3;2022-07-08;0;0;0;0;0;0;0;0;0;4416789;3441649;4461;2;3613701;2865;47;0;1
FR;3;2022-07-09;0;0;0;0;0;0;0;0;0;4416789;3441649;4461;2;3613701;2865;47;0;1
FR;3;2022-07-10;0;0;0;0;0;0;0;0;0;4416789;3441649;4461;2;3613701;2865;47;0;1
FR;3;2022-07-11;0;0;0;0;0;0;0;0;0;4416789;3441649;4461;2;3613701;2865;47;0;1
FR;3;2022-07-12;0;0;0;0;0;0;0;0;0;4416789;3441649;4461;2;3613701;2865;47;0;1
FR;3;2022-07-13;0;0;0;0;0;0;0;0;0;4416789;3441649;4461;2;3613701;2865;47;0;1
FR;3;2022-07-14;0;0;0;0;0;0;0;0;0;4416789;3441649;4461;2;3613701;2865;47;0;1
FR;3;2022-07-15;0;0;0;0;0;0;0;0;0;4416789;3441649;4461;2;3613701;2865;47;0;1
FR;3;2022-07-16;0;0;0;0;0;0;0;0;0;4416789;3441649;4461;2;3613701;2865;47;0;1
FR;3;2022-07-17;0;0;0;0;0;0;0;0;0;4416789;3441649;4461;2;3613701;2865;47;0;1
FR;3;2022-07-18;0;0;0;0;0;0;0;0;0;4416789;3441649;4461;2;3613701;2865;47;0;1
FR;3;2022-07-19;0;0;0;0;0;0;0;0;0;4416789;3441649;4461;2;3613701;2865;47;0;1
FR;3;2022-07-20;0;0;0;0;0;0;0;0;0;4416789;3441649;4461;2;3613701;2865;47;0;1
FR;3;2022-07-21;0;0;0;0;0;0;0;0;0;4416789;3441649;4461;2;3613701;2865;47;0;1
FR;3;2022-07-22;0;0;0;0;0;0;0;0;0;4416789;3441649;4461;2;3613701;2865;47;0;1
FR;3;2022-07-23;0;0;0;0;0;0;0;0;0;4416789;3441649;4461;2;3613701;2865;47;0;1
FR;3;2022-07-24;0;0;0;0;0;0;0;0;0;4416789;3441649;4461;2;3613701;2865;47;0;1
FR;3;2022-07-25;0;0;0;0;0;0;0;0;0;4416789;3441649;4461;2;3613701;2865;47;0;1
FR;3;2022-07-26;0;0;0;0;0;0;0;0;0;4416789;3441649;4461;2;3613701;2865;47;0;1
FR;3;2022-07-27;0;0;0;0;0;0;0;0;0;4416789;3441649;4461;2;3613701;2865;47;0;1
FR;3;2022-07-28;0;0;0;0;0;0;0;0;0;4416789;3441649;4461;2;3613701;2865;47;0;1
FR;3;2022-07-29;0;0;0;0;0;0;0;0;0;4416789;3441649;4461;2;3613701;2865;47;0;1
FR;3;2022-07-30;0;0;0;0;0;0;0;0;0;4416789;3441649;4461;2;3613701;2865;47;0;1
FR;3;2022-07-31;0;0;0;0;0;0;0;0;0;4416789;3441649;4461;2;3613701;2865;47;0;1
FR;3;2022-08-01;0;0;0;0;0;0;0;0;0;4416789;3441649;4461;2;3613701;2865;47;0;1
FR;3;2022-08-02;0;0;0;0;0;0;0;0;0;4416789;3441649;4461;2;3613701;2865;47;0;1
FR;3;2022-08-03;0;0;0;0;0;0;0;0;0;4416789;3441649;4461;2;3613701;2865;47;0;1
FR;3;2022-08-04;0;0;0;0;0;0;0;0;0;4416789;3441649;4461;2;3613701;2865;47;0;1
FR;3;2022-08-05;0;0;0;0;0;0;0;0;0;4416789;3441649;4461;2;3613701;2865;47;0;1
FR;3;2022-08-06;0;0;0;0;0;0;0;0;0;4416789;3441649;4461;2;3613701;2865;47;0;1
FR;3;2022-08-07;0;0;0;0;0;0;0;0;0;4416789;3441649;4461;2;3613701;2865;47;0;1
FR;3;2022-08-08;0;0;0;0;0;0;0;0;0;4416789;3441649;4461;2;3613701;2865;47;0;1
FR;3;2022-08-09;0;0;0;0;0;0;0;0;0;4416789;3441649;4461;2;3613701;2865;47;0;1
FR;3;2022-08-10;0;0;0;0;0;0;0;0;0;4416789;3441649;4461;2;3613701;2865;47;0;1
FR;3;2022-08-11;0;0;0;0;0;0;0;0;0;4416789;3441649;4461;2;3613701;2865;47;0;1
FR;3;2022-08-12;0;0;0;0;0;0;0;0;0;4416789;3441649;4461;2;3613701;2865;47;0;1
FR;3;2022-08-13;0;0;0;0;0;0;0;0;0;4416789;3441649;4461;2;3613701;2865;47;0;1
FR;3;2022-08-14;0;0;0;0;0;0;0;0;0;4416789;3441649;4461;2;3613701;2865;47;0;1
FR;3;2022-08-15;0;0;0;0;0;0;0;0;0;4416789;3441649;4461;2;3613701;2865;47;0;1
FR;3;2022-08-16;0;0;0;0;0;0;0;0;0;4416789;3441649;4461;2;3613701;2865;47;0;1
FR;3;2022-08-17;0;0;0;0;0;0;0;0;0;4416789;3441649;4461;2;3613701;2865;47;0;1
FR;3;2022-08-18;0;0;0;0;0;0;0;0;0;4416789;3441649;4461;2;3613701;2865;47;0;1
FR;3;2022-08-19;0;0;0;0;0;0;0;0;0;4416789;3441649;4461;2;3613701;2865;47;0;1
FR;3;2022-08-20;0;0;0;0;0;0;0;0;0;4416789;3441649;4461;2;3613701;2865;47;0;1
FR;3;2022-08-21;0;0;0;0;0;0;0;0;0;4416789;3441649;4461;2;3613701;2865;47;0;1
FR;3;2022-08-22;0;0;0;0;0;0;0;0;0;4416789;3441649;4461;2;3613701;2865;47;0;1
FR;3;2022-08-23;0;0;0;0;0;0;0;0;0;4416789;3441649;4461;2;3613701;2865;47;0;1
FR;3;2022-08-24;0;0;0;0;0;0;0;0;0;4416789;3441649;4461;2;3613701;2865;47;0;1
FR;3;2022-08-25;0;0;0;0;0;0;0;0;0;4416789;3441649;4461;2;3613701;2865;47;0;1
FR;3;2022-08-26;0;0;0;0;0;0;0;0;0;4416789;3441649;4461;2;3613701;2865;47;0;1
FR;3;2022-08-27;0;0;0;0;0;0;0;0;0;4416789;3441649;4461;2;3613701;2865;47;0;1
FR;3;2022-08-28;0;0;0;0;0;0;0;0;0;4416789;3441649;4461;2;3613701;2865;47;0;1
FR;3;2022-08-29;0;0;0;0;0;0;0;0;0;4416789;3441649;4461;2;3613701;2865;47;0;1
FR;3;2022-08-30;0;0;0;0;0;0;0;0;0;4416789;3441649;4461;2;3613701;2865;47;0;1
FR;3;2022-08-31;0;0;0;0;0;0;0;0;0;4416789;3441649;4461;2;3613701;2865;47;0;1
FR;3;2022-09-01;0;0;0;0;0;0;0;0;0;4416789;3441649;4461;2;3613701;2865;47;0;1
FR;3;2022-09-02;0;0;0;0;0;0;0;0;0;4416789;3441649;4461;2;3613701;2865;47;0;1
FR;3;2022-09-03;0;0;0;0;0;0;0;0;0;4416789;3441649;4461;2;3613701;2865;47;0;1
FR;3;2022-09-04;0;0;0;0;0;0;0;0;0;4416789;3441649;4461;2;3613701;2865;47;0;1
FR;3;2022-09-05;0;0;0;0;0;0;0;0;0;4416789;3441649;4461;2;3613701;2865;47;0;1
FR;3;2022-09-06;0;0;0;0;0;0;0;0;0;4416789;3441649;4461;2;3613701;2865;47;0;1
FR;3;2022-09-07;0;0;0;0;0;0;0;0;0;4416789;3441649;4461;2;3613701;2865;47;0;1
FR;3;2022-09-08;0;0;0;0;0;0;0;0;0;4416789;3441649;4461;2;3613701;2865;47;0;1
FR;3;2022-09-09;0;0;0;0;0;0;0;0;0;4416789;3441649;4461;2;3613701;2865;47;0;1
FR;3;2022-09-10;0;0;0;0;0;0;0;0;0;4416789;3441649;4461;2;3613701;2865;47;0;1
FR;3;2022-09-11;0;0;0;0;0;0;0;0;0;4416789;3441649;4461;2;3613701;2865;47;0;1
FR;3;2022-09-12;0;0;0;0;0;0;0;0;0;4416789;3441649;4461;2;3613701;2865;47;0;1
FR;3;2022-09-13;0;0;0;0;0;0;0;0;0;4416789;3441649;4461;2;3613701;2865;47;0;1
FR;3;2022-09-14;0;0;0;0;0;0;0;0;0;4416789;3441649;4461;2;3613701;2865;47;0;1
FR;3;2022-09-15;0;0;0;0;0;0;0;0;0;4416789;3441649;4461;2;3613701;2865;47;0;1
FR;3;2022-09-16;0;0;0;0;0;0;0;0;0;4416789;3441649;4461;2;3613701;2865;47;0;1
FR;3;2022-09-17;0;0;0;0;0;0;0;0;0;4416789;3441649;4461;2;3613701;2865;47;0;1
FR;3;2022-09-18;0;0;0;0;0;0;0;0;0;4416789;3441649;4461;2;3613701;2865;47;0;1
FR;3;2022-09-19;0;0;0;0;0;0;0;0;0;4416789;3441649;4461;2;3613701;2865;47;0;1
FR;3;2022-09-20;0;0;0;0;0;0;0;0;0;4416789;3441649;4461;2;3613701;2865;47;0;1
FR;3;2022-09-21;0;0;0;0;0;0;0;0;0;4416789;3441649;4461;2;3613701;2865;47;0;1
FR;3;2022-09-22;0;0;0;0;0;0;0;0;0;4416789;3441649;4461;2;3613701;2865;47;0;1
FR;3;2022-09-23;0;0;0;0;0;0;0;0;0;4416789;3441649;4461;2;3613701;2865;47;0;1
FR;3;2022-09-24;0;0;0;0;0;0;0;0;0;4416789;3441649;4461;2;3613701;2865;47;0;1
FR;3;2022-09-25;0;0;0;0;0;0;0;0;0;4416789;3441649;4461;2;3613701;2865;47;0;1
FR;3;2022-09-26;0;0;0;0;0;0;0;0;0;4416789;3441649;4461;2;3613701;2865;47;0;1
FR;3;2022-09-27;0;0;0;0;0;0;0;0;0;4416789;3441649;4461;2;3613701;2865;47;0;1
FR;3;2022-09-28;0;0;0;0;0;0;0;0;0;4416789;3441649;4461;2;3613701;2865;47;0;1
FR;3;2022-09-29;0;0;0;0;0;0;0;0;0;4416789;3441649;4461;2;3613701;2865;47;0;1
FR;3;2022-09-30;0;0;0;0;0;0;0;0;0;4416789;3441649;4461;2;3613701;2865;47;0;1
FR;3;2022-10-01;0;0;0;0;0;0;0;0;0;4416789;3441649;4461;2;3613701;2865;47;0;1
FR;3;2022-10-02;0;0;0;0;0;0;0;0;0;4416789;3441649;4461;2;3613701;2865;47;0;1
FR;3;2022-10-03;0;0;0;0;0;0;0;0;0;4416789;3441649;4461;2;3613701;2865;47;0;1
FR;3;2022-10-04;0;0;0;0;0;0;0;0;0;4416789;3441649;4461;2;3613701;2865;47;0;1
FR;3;2022-10-05;0;0;0;0;0;0;0;0;0;4416789;3441649;4461;2;3613701;2865;47;0;1
FR;3;2022-10-06;0;0;0;0;0;0;0;0;0;4416789;3441649;4461;2;3613701;2865;47;0;1
FR;3;2022-10-07;0;0;0;0;0;0;0;0;0;4416789;3441649;4461;2;3613701;2865;47;0;1
FR;3;2022-10-08;0;0;0;0;0;0;0;0;0;4416789;3441649;4461;2;3613701;2865;47;0;1
FR;3;2022-10-09;0;0;0;0;0;0;0;0;0;4416789;3441649;4461;2;3613701;2865;47;0;1
FR;3;2022-10-10;0;0;0;0;0;0;0;0;0;4416789;3441649;4461;2;3613701;2865;47;0;1
FR;3;2022-10-11;0;0;0;0;0;0;0;0;0;4416789;3441649;4461;2;3613701;2865;47;0;1
FR;3;2022-10-12;0;0;0;0;0;0;0;0;0;4416789;3441649;4461;2;3613701;2865;47;0;1
FR;3;2022-10-13;0;0;0;0;0;0;0;0;0;4416789;3441649;4461;2;3613701;2865;47;0;1
FR;3;2022-10-14;0;0;0;0;0;0;0;0;0;4416789;3441649;4461;2;3613701;2865;47;0;1
FR;3;2022-10-15;0;0;0;0;0;0;0;0;0;4416789;3441649;4461;2;3613701;2865;47;0;1
FR;3;2022-10-16;0;0;0;0;0;0;0;0;0;4416789;3441649;4461;2;3613701;2865;47;0;1
FR;3;2022-10-17;0;0;0;0;0;0;0;0;0;4416789;3441649;4461;2;3613701;2865;47;0;1
FR;3;2022-10-18;0;0;0;0;0;0;0;0;0;4416789;3441649;4461;2;3613701;2865;47;0;1
FR;3;2022-10-19;0;0;0;0;0;0;0;0;0;4416789;3441649;4461;2;3613701;2865;47;0;1
FR;3;2022-10-20;0;0;0;0;0;0;0;0;0;4416789;3441649;4461;2;3613701;2865;47;0;1
FR;3;2022-10-21;0;0;0;0;0;0;0;0;0;4416789;3441649;4461;2;3613701;2865;47;0;1
FR;3;2022-10-22;0;0;0;0;0;0;0;0;0;4416789;3441649;4461;2;3613701;2865;47;0;1
FR;3;2022-10-23;0;0;0;0;0;0;0;0;0;4416789;3441649;4461;2;3613701;2865;47;0;1
FR;3;2022-10-24;0;0;0;0;0;0;0;0;0;4416789;3441649;4461;2;3613701;2865;47;0;1
FR;3;2022-10-25;0;0;0;0;0;0;0;0;0;4416789;3441649;4461;2;3613701;2865;47;0;1
FR;3;2022-10-26;0;0;0;0;0;0;0;0;0;4416789;3441649;4461;2;3613701;2865;47;0;1
FR;3;2022-10-27;0;0;0;0;0;0;0;0;0;4416789;3441649;4461;2;3613701;2865;47;0;1
FR;3;2022-10-28;0;0;0;0;0;0;0;0;0;4416789;3441649;4461;2;3613701;2865;47;0;1
FR;3;2022-10-29;0;0;0;0;0;0;0;0;0;4416789;3441649;4461;2;3613701;2865;47;0;1
FR;3;2022-10-30;0;0;0;0;0;0;0;0;0;4416789;3441649;4461;2;3613701;2865;47;0;1
FR;3;2022-10-31;0;0;0;0;0;0;0;0;0;4416789;3441649;4461;2;3613701;2865;47;0;1
FR;3;2022-11-01;0;0;0;0;0;0;0;0;0;4416789;3441649;4461;2;3613701;2865;47;0;1
FR;3;2022-11-02;0;0;0;0;0;0;0;0;0;4416789;3441649;4461;2;3613701;2865;47;0;1
FR;3;2022-11-03;0;0;0;0;0;0;0;0;0;4416789;3441649;4461;2;3613701;2865;47;0;1
FR;3;2022-11-04;0;0;0;0;0;0;0;0;0;4416789;3441649;4461;2;3613701;2865;47;0;1
FR;3;2022-11-05;0;0;0;0;0;0;0;0;0;4416789;3441649;4461;2;3613701;2865;47;0;1
FR;3;2022-11-06;0;0;0;0;0;0;0;0;0;4416789;3441649;4461;2;3613701;2865;47;0;1
FR;3;2022-11-07;0;0;0;0;0;0;0;0;0;4416789;3441649;4461;2;3613701;2865;47;0;1
FR;3;2022-11-08;1;0;0;0;0;0;0;0;0;4416790;3441649;4461;2;3613701;2865;47;0;1
FR;3;2022-11-09;0;0;0;0;0;0;0;0;0;4416790;3441649;4461;2;3613701;2865;47;0;1
FR;3;2022-11-10;0;0;0;0;0;0;0;0;0;4416790;3441649;4461;2;3613701;2865;47;0;1
FR;3;2022-11-11;0;0;0;0;0;0;0;0;0;4416790;3441649;4461;2;3613701;2865;47;0;1
FR;3;2022-11-12;0;0;0;0;0;0;0;0;0;4416790;3441649;4461;2;3613701;2865;47;0;1
FR;3;2022-11-13;0;0;0;0;0;0;0;0;0;4416790;3441649;4461;2;3613701;2865;47;0;1
FR;3;2022-11-14;0;0;0;0;0;0;0;0;0;4416790;3441649;4461;2;3613701;2865;47;0;1
FR;3;2022-11-15;0;0;0;0;0;0;0;0;0;4416790;3441649;4461;2;3613701;2865;47;0;1
FR;3;2022-11-16;0;0;0;0;0;0;0;0;0;4416790;3441649;4461;2;3613701;2865;47;0;1
FR;3;2022-11-17;0;0;0;0;0;0;0;0;0;4416790;3441649;4461;2;3613701;2865;47;0;1
FR;3;2022-11-18;0;0;0;0;0;0;0;0;0;4416790;3441649;4461;2;3613701;2865;47;0;1
FR;3;2022-11-19;0;0;0;0;0;0;0;0;0;4416790;3441649;4461;2;3613701;2865;47;0;1
FR;3;2022-11-20;0;0;0;0;0;0;0;0;0;4416790;3441649;4461;2;3613701;2865;47;0;1
FR;3;2022-11-21;0;0;0;0;0;0;0;0;0;4416790;3441649;4461;2;3613701;2865;47;0;1
FR;3;2022-11-22;0;0;0;0;0;0;0;0;0;4416790;3441649;4461;2;3613701;2865;47;0;1
FR;3;2022-11-23;0;0;0;0;0;0;0;0;0;4416790;3441649;4461;2;3613701;2865;47;0;1
FR;3;2022-11-24;0;0;0;0;0;0;0;0;0;4416790;3441649;4461;2;3613701;2865;47;0;1
FR;3;2022-11-25;0;0;0;0;0;0;0;0;0;4416790;3441649;4461;2;3613701;2865;47;0;1
FR;3;2022-11-26;0;0;0;0;0;0;0;0;0;4416790;3441649;4461;2;3613701;2865;47;0;1
FR;3;2022-11-27;0;0;0;0;0;0;0;0;0;4416790;3441649;4461;2;3613701;2865;47;0;1
FR;3;2022-11-28;0;0;0;0;0;0;0;0;0;4416790;3441649;4461;2;3613701;2865;47;0;1
FR;3;2022-11-29;0;0;0;0;0;0;0;0;0;4416790;3441649;4461;2;3613701;2865;47;0;1
FR;3;2022-11-30;0;0;0;0;0;0;0;0;0;4416790;3441649;4461;2;3613701;2865;47;0;1
FR;3;2022-12-01;0;0;0;0;0;0;0;0;0;4416790;3441649;4461;2;3613701;2865;47;0;1
FR;3;2022-12-02;0;0;0;0;0;0;0;0;0;4416790;3441649;4461;2;3613701;2865;47;0;1
FR;3;2022-12-03;0;0;0;0;0;0;0;0;0;4416790;3441649;4461;2;3613701;2865;47;0;1
FR;3;2022-12-04;0;0;0;0;0;0;0;0;0;4416790;3441649;4461;2;3613701;2865;47;0;1
FR;3;2022-12-05;0;0;0;0;0;0;0;0;0;4416790;3441649;4461;2;3613701;2865;47;0;1
FR;3;2022-12-06;0;0;0;0;0;0;0;0;0;4416790;3441649;4461;2;3613701;2865;47;0;1
FR;3;2022-12-07;0;0;0;0;0;0;0;0;0;4416790;3441649;4461;2;3613701;2865;47;0;1
FR;3;2022-12-08;0;0;0;0;0;0;0;0;0;4416790;3441649;4461;2;3613701;2865;47;0;1
FR;3;2022-12-09;0;0;0;0;0;0;0;0;0;4416790;3441649;4461;2;3613701;2865;47;0;1
FR;3;2022-12-10;0;0;0;0;0;0;0;0;0;4416790;3441649;4461;2;3613701;2865;47;0;1
FR;3;2022-12-11;0;0;0;0;0;0;0;0;0;4416790;3441649;4461;2;3613701;2865;47;0;1
FR;3;2022-12-12;0;0;0;0;0;0;0;0;0;4416790;3441649;4461;2;3613701;2865;47;0;1
FR;3;2022-12-13;0;0;0;0;0;0;0;0;0;4416790;3441649;4461;2;3613701;2865;47;0;1
FR;3;2022-12-14;0;0;0;0;0;0;0;0;0;4416790;3441649;4461;2;3613701;2865;47;0;1
FR;3;2022-12-15;0;0;0;0;0;0;0;0;0;4416790;3441649;4461;2;3613701;2865;47;0;1
FR;3;2022-12-16;0;0;0;0;0;0;0;0;0;4416790;3441649;4461;2;3613701;2865;47;0;1
FR;3;2022-12-17;0;0;0;0;0;0;0;0;0;4416790;3441649;4461;2;3613701;2865;47;0;1
FR;3;2022-12-18;0;0;0;0;0;0;0;0;0;4416790;3441649;4461;2;3613701;2865;47;0;1
FR;3;2022-12-19;0;0;0;0;0;0;0;0;0;4416790;3441649;4461;2;3613701;2865;47;0;1
FR;3;2022-12-20;0;0;0;0;0;0;0;0;0;4416790;3441649;4461;2;3613701;2865;47;0;1
FR;3;2022-12-21;0;0;0;0;0;0;0;0;0;4416790;3441649;4461;2;3613701;2865;47;0;1
FR;3;2022-12-22;0;0;0;0;0;0;0;0;0;4416790;3441649;4461;2;3613701;2865;47;0;1
FR;3;2022-12-23;0;0;0;0;0;0;0;0;0;4416790;3441649;4461;2;3613701;2865;47;0;1
FR;3;2022-12-24;0;0;0;0;0;0;0;0;0;4416790;3441649;4461;2;3613701;2865;47;0;1
FR;3;2022-12-25;0;0;0;0;0;0;0;0;0;4416790;3441649;4461;2;3613701;2865;47;0;1
FR;3;2022-12-26;0;0;0;0;0;0;0;0;0;4416790;3441649;4461;2;3613701;2865;47;0;1
FR;3;2022-12-27;0;0;0;0;0;0;0;0;0;4416790;3441649;4461;2;3613701;2865;47;0;1
FR;3;2022-12-28;0;0;0;0;0;0;0;0;0;4416790;3441649;4461;2;3613701;2865;47;0;1
FR;3;2022-12-29;0;0;0;0;0;0;0;0;0;4416790;3441649;4461;2;3613701;2865;47;0;1
FR;3;2022-12-30;0;0;0;0;0;0;0;0;0;4416790;3441649;4461;2;3613701;2865;47;0;1
FR;3;2022-12-31;0;0;0;0;0;0;0;0;0;4416790;3441649;4461;2;3613701;2865;47;0;1
FR;3;2023-01-01;0;0;0;0;0;0;0;0;0;4416790;3441649;4461;2;3613701;2865;47;0;1
FR;3;2023-01-02;0;0;0;0;0;0;0;0;0;4416790;3441649;4461;2;3613701;2865;47;0;1
FR;3;2023-01-03;0;0;0;0;0;0;0;0;0;4416790;3441649;4461;2;3613701;2865;47;0;1
FR;3;2023-01-04;0;0;0;0;0;0;0;0;0;4416790;3441649;4461;2;3613701;2865;47;0;1
FR;3;2023-01-05;0;0;0;0;0;0;0;0;0;4416790;3441649;4461;2;3613701;2865;47;0;1
FR;3;2023-01-06;0;0;0;0;0;0;0;0;0;4416790;3441649;4461;2;3613701;2865;47;0;1
FR;3;2023-01-07;0;0;0;0;0;0;0;0;0;4416790;3441649;4461;2;3613701;2865;47;0;1
FR;3;2023-01-08;0;0;0;0;0;0;0;0;0;4416790;3441649;4461;2;3613701;2865;47;0;1
FR;3;2023-01-09;0;0;0;0;0;0;0;0;0;4416790;3441649;4461;2;3613701;2865;47;0;1
FR;3;2023-01-10;0;0;0;0;0;0;0;0;0;4416790;3441649;4461;2;3613701;2865;47;0;1
FR;3;2023-01-11;0;0;0;0;0;0;0;0;0;4416790;3441649;4461;2;3613701;2865;47;0;1
FR;3;2023-01-12;0;0;0;0;0;0;0;0;0;4416790;3441649;4461;2;3613701;2865;47;0;1
FR;3;2023-01-13;0;0;0;0;0;0;0;0;0;4416790;3441649;4461;2;3613701;2865;47;0;1
FR;3;2023-01-14;0;0;0;0;0;0;0;0;0;4416790;3441649;4461;2;3613701;2865;47;0;1
FR;3;2023-01-15;0;0;0;0;0;0;0;0;0;4416790;3441649;4461;2;3613701;2865;47;0;1
FR;3;2023-01-16;0;0;0;0;0;0;0;0;0;4416790;3441649;4461;2;3613701;2865;47;0;1
FR;3;2023-01-17;0;0;0;0;0;0;0;0;0;4416790;3441649;4461;2;3613701;2865;47;0;1
FR;3;2023-01-18;0;0;0;0;0;0;0;0;0;4416790;3441649;4461;2;3613701;2865;47;0;1
FR;3;2023-01-19;0;0;0;0;0;0;0;0;0;4416790;3441649;4461;2;3613701;2865;47;0;1
FR;3;2023-01-20;0;0;0;0;0;0;0;0;0;4416790;3441649;4461;2;3613701;2865;47;0;1
FR;3;2023-01-21;0;0;0;0;0;0;0;0;0;4416790;3441649;4461;2;3613701;2865;47;0;1
FR;3;2023-01-22;0;0;0;0;0;0;0;0;0;4416790;3441649;4461;2;3613701;2865;47;0;1
FR;3;2023-01-23;0;0;0;0;0;0;0;0;0;4416790;3441649;4461;2;3613701;2865;47;0;1
FR;3;2023-01-24;0;0;0;0;0;0;0;0;0;4416790;3441649;4461;2;3613701;2865;47;0;1
FR;3;2023-01-25;1;0;0;0;0;0;0;0;0;4416791;3441649;4461;2;3613701;2865;47;0;1
FR;3;2023-01-26;0;0;0;0;0;0;0;0;0;4416791;3441649;4461;2;3613701;2865;47;0;1
FR;3;2023-01-27;0;0;0;0;0;0;0;0;0;4416791;3441649;4461;2;3613701;2865;47;0;1
FR;3;2023-01-28;0;0;0;0;0;0;0;0;0;4416791;3441649;4461;2;3613701;2865;47;0;1
FR;3;2023-01-29;0;0;0;0;0;0;0;0;0;4416791;3441649;4461;2;3613701;2865;47;0;1
FR;3;2023-01-30;0;0;0;0;0;0;0;0;0;4416791;3441649;4461;2;3613701;2865;47;0;1
FR;4;2020-12-27;0;0;0;0;0;0;0;0;0;0;0;0;0;0;0;0;0;0
FR;4;2020-12-28;0;0;0;0;0;0;0;0;0;0;0;0;0;0;0;0;0;0
FR;4;2020-12-29;0;0;0;0;0;0;0;0;0;0;0;0;0;0;0;0;0;0
FR;4;2020-12-30;0;0;0;0;0;0;0;0;0;0;0;0;0;0;0;0;0;0
FR;4;2020-12-31;0;0;0;0;0;0;0;0;0;0;0;0;0;0;0;0;0;0
FR;4;2021-01-01;0;0;0;0;0;0;0;0;0;0;0;0;0;0;0;0;0;0
FR;4;2021-01-02;0;0;0;0;0;0;0;0;0;0;0;0;0;0;0;0;0;0
FR;4;2021-01-03;0;0;0;0;0;0;0;0;0;0;0;0;0;0;0;0;0;0
FR;4;2021-01-04;0;0;0;0;0;0;0;0;0;0;0;0;0;0;0;0;0;0
FR;4;2021-01-05;0;0;0;0;0;0;0;0;0;0;0;0;0;0;0;0;0;0
FR;4;2021-01-06;0;0;0;0;0;0;0;0;0;0;0;0;0;0;0;0;0;0
FR;4;2021-01-07;0;0;0;0;0;0;0;0;0;0;0;0;0;0;0;0;0;0
FR;4;2021-01-08;0;0;0;0;0;0;0;0;0;0;0;0;0;0;0;0;0;0
FR;4;2021-01-09;0;0;0;0;0;0;0;0;0;0;0;0;0;0;0;0;0;0
FR;4;2021-01-10;0;0;0;0;0;0;0;0;0;0;0;0;0;0;0;0;0;0
FR;4;2021-01-11;0;0;0;0;0;0;0;0;0;0;0;0;0;0;0;0;0;0
FR;4;2021-01-12;0;0;0;0;0;0;0;0;0;0;0;0;0;0;0;0;0;0
FR;4;2021-01-13;0;0;0;0;0;0;0;0;0;0;0;0;0;0;0;0;0;0
FR;4;2021-01-14;0;0;0;0;0;0;0;0;0;0;0;0;0;0;0;0;0;0
FR;4;2021-01-15;0;0;0;0;0;0;0;0;0;0;0;0;0;0;0;0;0;0
FR;4;2021-01-16;0;0;0;0;0;0;0;0;0;0;0;0;0;0;0;0;0;0
FR;4;2021-01-17;0;0;0;0;0;0;0;0;0;0;0;0;0;0;0;0;0;0
FR;4;2021-01-18;0;0;0;0;0;0;0;0;0;0;0;0;0;0;0;0;0;0
FR;4;2021-01-19;0;0;0;0;0;0;0;0;0;0;0;0;0;0;0;0;0;0
FR;4;2021-01-20;0;0;0;0;0;0;0;0;0;0;0;0;0;0;0;0;0;0
FR;4;2021-01-21;0;0;0;0;0;0;0;0;0;0;0;0;0;0;0;0;0;0
FR;4;2021-01-22;0;0;0;0;0;0;0;0;0;0;0;0;0;0;0;0;0;0
FR;4;2021-01-23;0;0;0;0;0;0;0;0;0;0;0;0;0;0;0;0;0;0
FR;4;2021-01-24;0;0;0;0;0;0;0;0;0;0;0;0;0;0;0;0;0;0
FR;4;2021-01-25;0;0;0;0;0;0;0;0;0;0;0;0;0;0;0;0;0;0
FR;4;2021-01-26;0;0;0;0;0;0;0;0;0;0;0;0;0;0;0;0;0;0
FR;4;2021-01-27;0;0;0;0;0;0;0;0;0;0;0;0;0;0;0;0;0;0
FR;4;2021-01-28;0;0;0;0;0;0;0;0;0;0;0;0;0;0;0;0;0;0
FR;4;2021-01-29;0;0;0;0;0;0;0;0;0;0;0;0;0;0;0;0;0;0
FR;4;2021-01-30;0;0;0;0;0;0;0;0;0;0;0;0;0;0;0;0;0;0
FR;4;2021-01-31;0;0;0;0;0;0;0;0;0;0;0;0;0;0;0;0;0;0
FR;4;2021-02-01;0;0;0;0;0;0;0;0;0;0;0;0;0;0;0;0;0;0
FR;4;2021-02-02;0;0;0;0;0;0;0;0;0;0;0;0;0;0;0;0;0;0
FR;4;2021-02-03;0;0;0;0;0;0;0;0;0;0;0;0;0;0;0;0;0;0
FR;4;2021-02-04;0;0;0;0;0;0;0;0;0;0;0;0;0;0;0;0;0;0
FR;4;2021-02-05;0;0;0;0;0;0;0;0;0;0;0;0;0;0;0;0;0;0
FR;4;2021-02-06;0;0;0;0;0;0;0;0;0;0;0;0;0;0;0;0;0;0
FR;4;2021-02-07;0;0;0;0;0;0;0;0;0;0;0;0;0;0;0;0;0;0
FR;4;2021-02-08;0;0;0;0;0;0;0;0;0;0;0;0;0;0;0;0;0;0
FR;4;2021-02-09;0;0;0;0;0;0;0;0;0;0;0;0;0;0;0;0;0;0
FR;4;2021-02-10;0;0;0;0;0;0;0;0;0;0;0;0;0;0;0;0;0;0
FR;4;2021-02-11;0;0;0;0;0;0;0;0;0;0;0;0;0;0;0;0;0;0
FR;4;2021-02-12;0;0;0;0;0;0;0;0;0;0;0;0;0;0;0;0;0;0
FR;4;2021-02-13;0;0;0;0;0;0;0;0;0;0;0;0;0;0;0;0;0;0
FR;4;2021-02-14;0;0;0;0;0;0;0;0;0;0;0;0;0;0;0;0;0;0
FR;4;2021-02-15;0;0;0;0;0;0;0;0;0;0;0;0;0;0;0;0;0;0
FR;4;2021-02-16;0;0;0;0;0;0;0;0;0;0;0;0;0;0;0;0;0;0
FR;4;2021-02-17;0;0;0;0;0;0;0;0;0;0;0;0;0;0;0;0;0;0
FR;4;2021-02-18;0;0;0;0;0;0;0;0;0;0;0;0;0;0;0;0;0;0
FR;4;2021-02-19;0;0;0;0;0;0;0;0;0;0;0;0;0;0;0;0;0;0
FR;4;2021-02-20;0;0;0;0;0;0;0;0;0;0;0;0;0;0;0;0;0;0
FR;4;2021-02-21;0;0;0;0;0;0;0;0;0;0;0;0;0;0;0;0;0;0
FR;4;2021-02-22;0;0;0;0;0;0;0;0;0;0;0;0;0;0;0;0;0;0
FR;4;2021-02-23;0;0;0;0;0;0;0;0;0;0;0;0;0;0;0;0;0;0
FR;4;2021-02-24;0;0;0;0;0;0;0;0;0;0;0;0;0;0;0;0;0;0
FR;4;2021-02-25;0;0;0;0;0;0;0;0;0;0;0;0;0;0;0;0;0;0
FR;4;2021-02-26;0;0;0;0;0;0;0;0;0;0;0;0;0;0;0;0;0;0
FR;4;2021-02-27;0;0;0;0;0;0;0;0;0;0;0;0;0;0;0;0;0;0
FR;4;2021-02-28;0;0;0;0;0;0;0;0;0;0;0;0;0;0;0;0;0;0
FR;4;2021-03-01;0;0;0;0;0;0;0;0;0;0;0;0;0;0;0;0;0;0
FR;4;2021-03-02;0;0;0;0;0;0;0;0;0;0;0;0;0;0;0;0;0;0
FR;4;2021-03-03;0;0;0;0;0;0;0;0;0;0;0;0;0;0;0;0;0;0
FR;4;2021-03-04;0;0;0;0;0;0;0;0;0;0;0;0;0;0;0;0;0;0
FR;4;2021-03-05;0;0;0;0;0;0;0;0;0;0;0;0;0;0;0;0;0;0
FR;4;2021-03-06;0;0;0;0;0;0;0;0;0;0;0;0;0;0;0;0;0;0
FR;4;2021-03-07;0;0;0;0;0;0;0;0;0;0;0;0;0;0;0;0;0;0
FR;4;2021-03-08;0;0;0;0;0;0;0;0;0;0;0;0;0;0;0;0;0;0
FR;4;2021-03-09;0;0;0;0;0;0;0;0;0;0;0;0;0;0;0;0;0;0
FR;4;2021-03-10;0;0;0;0;0;0;0;0;0;0;0;0;0;0;0;0;0;0
FR;4;2021-03-11;0;0;0;0;0;0;0;0;0;0;0;0;0;0;0;0;0;0
FR;4;2021-03-12;0;0;0;0;0;0;0;0;0;0;0;0;0;0;0;0;0;0
FR;4;2021-03-13;0;0;0;0;0;0;0;0;0;0;0;0;0;0;0;0;0;0
FR;4;2021-03-14;0;0;0;0;0;0;0;0;0;0;0;0;0;0;0;0;0;0
FR;4;2021-03-15;0;0;0;0;0;0;0;0;0;0;0;0;0;0;0;0;0;0
FR;4;2021-03-16;0;0;0;0;0;0;0;0;0;0;0;0;0;0;0;0;0;0
FR;4;2021-03-17;0;0;0;0;0;0;0;0;0;0;0;0;0;0;0;0;0;0
FR;4;2021-03-18;0;0;0;0;0;0;0;0;0;0;0;0;0;0;0;0;0;0
FR;4;2021-03-19;0;0;0;0;0;0;0;0;0;0;0;0;0;0;0;0;0;0
FR;4;2021-03-20;0;0;0;0;0;0;0;0;0;0;0;0;0;0;0;0;0;0
FR;4;2021-03-21;0;0;0;0;0;0;0;0;0;0;0;0;0;0;0;0;0;0
FR;4;2021-03-22;0;0;0;0;0;0;0;0;0;0;0;0;0;0;0;0;0;0
FR;4;2021-03-23;0;0;0;0;0;0;0;0;0;0;0;0;0;0;0;0;0;0
FR;4;2021-03-24;0;0;0;0;0;0;0;0;0;0;0;0;0;0;0;0;0;0
FR;4;2021-03-25;0;0;0;0;0;0;0;0;0;0;0;0;0;0;0;0;0;0
FR;4;2021-03-26;0;0;0;0;0;0;0;0;0;0;0;0;0;0;0;0;0;0
FR;4;2021-03-27;0;0;0;0;0;0;0;0;0;0;0;0;0;0;0;0;0;0
FR;4;2021-03-28;0;0;0;0;0;0;0;0;0;0;0;0;0;0;0;0;0;0
FR;4;2021-03-29;0;0;0;0;0;0;0;0;0;0;0;0;0;0;0;0;0;0
FR;4;2021-03-30;0;0;0;0;0;0;0;0;0;0;0;0;0;0;0;0;0;0
FR;4;2021-03-31;0;0;0;0;0;0;0;0;0;0;0;0;0;0;0;0;0;0
FR;4;2021-04-01;0;0;0;0;0;0;0;0;0;0;0;0;0;0;0;0;0;0
FR;4;2021-04-02;0;0;0;0;0;0;0;0;0;0;0;0;0;0;0;0;0;0
FR;4;2021-04-03;0;0;0;0;0;0;0;0;0;0;0;0;0;0;0;0;0;0
FR;4;2021-04-04;0;0;0;0;0;0;0;0;0;0;0;0;0;0;0;0;0;0
FR;4;2021-04-05;0;0;0;0;0;0;0;0;0;0;0;0;0;0;0;0;0;0
FR;4;2021-04-06;0;0;0;0;0;0;0;0;0;0;0;0;0;0;0;0;0;0
FR;4;2021-04-07;0;0;0;0;0;0;0;0;0;0;0;0;0;0;0;0;0;0
FR;4;2021-04-08;0;0;0;0;0;0;0;0;0;0;0;0;0;0;0;0;0;0
FR;4;2021-04-09;0;0;0;0;0;0;0;0;0;0;0;0;0;0;0;0;0;0
FR;4;2021-04-10;0;0;0;0;0;0;0;0;0;0;0;0;0;0;0;0;0;0
FR;4;2021-04-11;0;0;0;0;0;0;0;0;0;0;0;0;0;0;0;0;0;0
FR;4;2021-04-12;0;0;0;0;0;0;0;0;0;0;0;0;0;0;0;0;0;0
FR;4;2021-04-13;0;0;0;0;0;0;0;0;0;0;0;0;0;0;0;0;0;0
FR;4;2021-04-14;0;0;0;0;0;0;0;0;0;0;0;0;0;0;0;0;0;0
FR;4;2021-04-15;0;0;0;0;0;0;0;0;0;0;0;0;0;0;0;0;0;0
FR;4;2021-04-16;0;0;0;0;0;0;0;0;0;0;0;0;0;0;0;0;0;0
FR;4;2021-04-17;0;0;0;0;0;0;0;0;0;0;0;0;0;0;0;0;0;0
FR;4;2021-04-18;0;0;0;0;0;0;0;0;0;0;0;0;0;0;0;0;0;0
FR;4;2021-04-19;0;0;0;0;0;0;0;0;0;0;0;0;0;0;0;0;0;0
FR;4;2021-04-20;0;0;0;0;0;0;0;0;0;0;0;0;0;0;0;0;0;0
FR;4;2021-04-21;0;0;0;0;0;0;0;0;0;0;0;0;0;0;0;0;0;0
FR;4;2021-04-22;0;0;0;0;0;0;0;0;0;0;0;0;0;0;0;0;0;0
FR;4;2021-04-23;3664;0;0;0;3626;0;0;0;0;3664;0;0;0;3626;0;0;0;0
FR;4;2021-04-24;1569;1;0;0;1558;0;0;0;0;5233;1;0;0;5184;0;0;0;0
FR;4;2021-04-25;125;0;0;0;125;0;0;0;0;5358;1;0;0;5309;0;0;0;0
FR;4;2021-04-26;2871;1;0;0;2860;0;0;0;0;8229;2;0;0;8169;0;0;0;0
FR;4;2021-04-27;9520;3;0;0;9501;0;0;0;0;17749;5;0;0;17670;0;0;0;0
FR;4;2021-04-28;9910;6;0;0;9885;0;0;0;0;27659;11;0;0;27555;0;0;0;0
FR;4;2021-04-29;15996;8;0;0;15980;0;0;0;0;43655;19;0;0;43535;0;0;0;0
FR;4;2021-04-30;19233;10;0;0;19204;0;0;0;0;62888;29;0;0;62739;0;0;0;0
FR;4;2021-05-01;1994;6;0;0;1992;0;0;0;0;64882;35;0;0;64731;0;0;0;0
FR;4;2021-05-02;484;0;0;0;482;0;0;0;0;65366;35;0;0;65213;0;0;0;0
FR;4;2021-05-03;5067;2;0;0;5060;0;0;0;0;70433;37;0;0;70273;0;0;0;0
FR;4;2021-05-04;8411;11;0;0;8400;0;0;0;0;78844;48;0;0;78673;0;0;0;0
FR;4;2021-05-05;6193;7;0;0;6188;0;0;0;0;85037;55;0;0;84861;0;0;0;0
FR;4;2021-05-06;11388;11;0;0;11385;0;0;0;0;96425;66;0;0;96246;0;0;0;0
FR;4;2021-05-07;19126;9;0;0;19087;0;0;0;0;115551;75;0;0;115333;0;0;0;0
FR;4;2021-05-08;2377;6;0;0;2381;0;0;0;0;117928;81;0;0;117714;0;0;0;0
FR;4;2021-05-09;692;3;0;0;693;0;0;0;0;118620;84;0;0;118407;0;0;0;0
FR;4;2021-05-10;7245;5;1;0;7242;0;0;0;0;125865;89;1;0;125649;0;0;0;0
FR;4;2021-05-11;14325;13;0;0;14305;0;0;0;0;140190;102;1;0;139954;0;0;0;0
FR;4;2021-05-12;10176;15;0;0;10179;0;0;0;0;150366;117;1;0;150133;0;0;0;0
FR;4;2021-05-13;1584;4;0;0;1585;0;0;0;0;151950;121;1;0;151718;0;0;0;0
FR;4;2021-05-14;7768;7;0;0;7762;0;0;0;0;159718;128;1;0;159480;0;0;0;0
FR;4;2021-05-15;3721;8;1;0;3720;0;0;0;0;163439;136;2;0;163200;0;0;0;0
FR;4;2021-05-16;417;1;0;0;417;0;0;0;0;163856;137;2;0;163617;0;0;0;0
FR;4;2021-05-17;4484;7;0;0;4483;0;0;0;0;168340;144;2;0;168100;0;0;0;0
FR;4;2021-05-18;8769;10;0;0;8769;0;0;0;0;177109;154;2;0;176869;0;0;0;0
FR;4;2021-05-19;5699;7;0;0;5701;0;0;0;0;182808;161;2;0;182570;0;0;0;0
FR;4;2021-05-20;9487;8;0;0;9479;0;0;0;0;192295;169;2;0;192049;0;0;0;0
FR;4;2021-05-21;12816;30;0;0;12823;0;0;0;0;205111;199;2;0;204872;0;0;0;0
FR;4;2021-05-22;5061;15;0;0;5068;0;0;0;0;210172;214;2;0;209940;0;0;0;0
FR;4;2021-05-23;498;4;0;0;501;0;0;0;0;210670;218;2;0;210441;0;0;0;0
FR;4;2021-05-24;1062;7;0;0;1066;0;0;0;0;211732;225;2;0;211507;0;0;0;0
FR;4;2021-05-25;7637;16;0;0;7643;0;0;0;0;219369;241;2;0;219150;0;0;0;0
FR;4;2021-05-26;7731;16;0;0;7739;0;0;0;0;227100;257;2;0;226889;0;0;0;0
FR;4;2021-05-27;14338;35;0;0;14347;0;0;0;0;241438;292;2;0;241236;0;0;0;0
FR;4;2021-05-28;26593;82;1;0;26634;0;0;0;0;268031;374;3;0;267870;0;0;0;0
FR;4;2021-05-29;11385;19;0;0;11385;0;0;0;0;279416;393;3;0;279255;0;0;0;0
FR;4;2021-05-30;974;7;0;0;973;0;0;0;0;280390;400;3;0;280228;0;0;0;0
FR;4;2021-05-31;12700;21;0;0;12700;0;0;0;0;293090;421;3;0;292928;0;0;0;0
FR;4;2021-06-01;20283;48;1;0;20301;0;0;0;0;313373;469;4;0;313229;0;0;0;0
FR;4;2021-06-02;14526;33;0;0;14538;0;0;0;0;327899;502;4;0;327767;0;0;0;0
FR;4;2021-06-03;19436;24;1;0;19434;0;0;0;0;347335;526;5;0;347201;0;0;0;0
FR;4;2021-06-04;22520;48;0;0;22538;0;0;0;0;369855;574;5;0;369739;0;0;0;0
FR;4;2021-06-05;9717;32;0;0;9721;0;0;0;0;379572;606;5;0;379460;0;0;0;0
FR;4;2021-06-06;1041;2;0;0;1037;0;0;0;0;380613;608;5;0;380497;0;0;0;0
FR;4;2021-06-07;9230;19;0;0;9238;0;0;0;0;389843;627;5;0;389735;0;0;0;0
FR;4;2021-06-08;14614;32;0;0;14626;0;0;0;0;404457;659;5;0;404361;0;0;0;0
FR;4;2021-06-09;12217;25;0;0;12225;0;0;0;0;416674;684;5;0;416586;0;0;0;0
FR;4;2021-06-10;15407;30;0;0;15415;0;0;0;0;432081;714;5;0;432001;0;0;0;0
FR;4;2021-06-11;16989;57;0;0;17016;0;0;0;0;449070;771;5;0;449017;0;0;0;0
FR;4;2021-06-12;7453;27;0;0;7478;0;0;0;0;456523;798;5;0;456495;0;0;0;0
FR;4;2021-06-13;908;3;0;0;910;0;0;0;0;457431;801;5;0;457405;0;0;0;0
FR;4;2021-06-14;6652;27;0;0;6662;0;0;0;0;464083;828;5;0;464067;0;0;0;0
FR;4;2021-06-15;10895;39;0;0;10912;0;0;0;0;474978;867;5;0;474979;0;0;0;0
FR;4;2021-06-16;8909;17;0;0;8917;0;0;0;0;483887;884;5;0;483896;0;0;0;0
FR;4;2021-06-17;10903;37;0;0;10915;0;0;0;0;494790;921;5;0;494811;0;0;0;0
FR;4;2021-06-18;12427;45;0;0;12454;0;0;0;0;507217;966;5;0;507265;0;0;0;0
FR;4;2021-06-19;5568;25;0;0;5588;0;0;0;0;512785;991;5;0;512853;0;0;0;0
FR;4;2021-06-20;828;5;0;0;832;0;0;0;0;513613;996;5;0;513685;0;0;0;0
FR;4;2021-06-21;5103;21;0;0;5103;0;0;0;0;518716;1017;5;0;518788;0;0;0;0
FR;4;2021-06-22;7914;29;2;0;7932;0;0;0;0;526630;1046;7;0;526720;0;0;0;0
FR;4;2021-06-23;7106;43;2;0;7133;0;0;0;0;533736;1089;9;0;533853;0;0;0;0
FR;4;2021-06-24;8656;46;1;0;8688;0;0;0;0;542392;1135;10;0;542541;0;0;0;0
FR;4;2021-06-25;10178;41;2;0;10210;0;0;0;0;552570;1176;12;0;552751;0;0;0;0
FR;4;2021-06-26;4853;21;0;0;4870;0;0;0;0;557423;1197;12;0;557621;0;0;0;0
FR;4;2021-06-27;769;4;0;0;771;0;0;0;0;558192;1201;12;0;558392;0;0;0;0
FR;4;2021-06-28;4834;16;1;0;4842;0;0;0;0;563026;1217;13;0;563234;0;0;0;0
FR;4;2021-06-29;7111;28;2;0;7120;0;0;0;0;570137;1245;15;0;570354;0;0;0;0
FR;4;2021-06-30;6727;40;2;0;6755;0;0;0;0;576864;1285;17;0;577109;0;0;0;0
FR;4;2021-07-01;8212;42;0;0;8234;0;0;0;0;585076;1327;17;0;585343;0;0;0;0
FR;4;2021-07-02;9430;53;1;0;9470;0;0;0;0;594506;1380;18;0;594813;0;0;0;0
FR;4;2021-07-03;4847;20;0;0;4862;0;0;0;0;599353;1400;18;0;599675;0;0;0;0
FR;4;2021-07-04;690;5;0;0;692;0;0;0;0;600043;1405;18;0;600367;0;0;0;0
FR;4;2021-07-05;4771;19;2;0;4782;0;0;0;0;604814;1424;20;0;605149;0;0;0;0
FR;4;2021-07-06;7729;29;4;0;7742;0;0;0;0;612543;1453;24;0;612891;0;0;0;0
FR;4;2021-07-07;7088;34;2;0;7100;0;0;0;0;619631;1487;26;0;619991;0;0;0;0
FR;4;2021-07-08;9233;40;2;0;9256;0;0;0;0;628864;1527;28;0;629247;0;0;0;0
FR;4;2021-07-09;10282;34;1;0;10305;0;0;0;0;639146;1561;29;0;639552;0;0;0;0
FR;4;2021-07-10;4639;14;2;0;4646;0;0;0;0;643785;1575;31;0;644198;0;0;0;0
FR;4;2021-07-11;583;4;1;0;581;0;0;0;0;644368;1579;32;0;644779;0;0;0;0
FR;4;2021-07-12;5877;29;0;0;5899;0;0;0;0;650245;1608;32;0;650678;0;0;0;0
FR;4;2021-07-13;14231;29;0;0;14249;0;0;0;0;664476;1637;32;0;664927;0;0;0;0
FR;4;2021-07-14;2291;15;0;0;2291;0;0;0;0;666767;1652;32;0;667218;0;0;0;0
FR;4;2021-07-15;18238;37;0;0;18255;0;0;0;0;685005;1689;32;0;685473;0;0;0;0
FR;4;2021-07-16;22838;71;2;0;22888;0;0;0;0;707843;1760;34;0;708361;0;0;0;0
FR;4;2021-07-17;9741;20;0;0;9749;0;0;0;0;717584;1780;34;0;718110;0;0;0;0
FR;4;2021-07-18;1358;5;0;0;1361;0;0;0;0;718942;1785;34;0;719471;0;0;0;0
FR;4;2021-07-19;12991;30;1;0;13016;0;0;0;0;731933;1815;35;0;732487;0;0;0;0
FR;4;2021-07-20;17344;26;1;0;17360;0;0;0;0;749277;1841;36;0;749847;0;0;0;0
FR;4;2021-07-21;15622;33;0;0;15642;0;0;0;0;764899;1874;36;0;765489;0;0;0;0
FR;4;2021-07-22;18247;45;2;0;18271;0;0;0;0;783146;1919;38;0;783760;0;0;0;0
FR;4;2021-07-23;20419;57;7;0;20452;0;0;0;0;803565;1976;45;0;804212;0;0;0;0
FR;4;2021-07-24;9289;34;0;0;9304;0;0;0;0;812854;2010;45;0;813516;0;0;0;0
FR;4;2021-07-25;1356;11;0;0;1358;0;0;0;0;814210;2021;45;0;814874;0;0;0;0
FR;4;2021-07-26;11048;23;0;0;11055;0;0;0;0;825258;2044;45;0;825929;0;0;0;0
FR;4;2021-07-27;14687;35;3;0;14707;0;0;0;0;839945;2079;48;0;840636;0;0;0;0
FR;4;2021-07-28;12936;26;2;0;12953;0;0;0;0;852881;2105;50;0;853589;0;0;0;0
FR;4;2021-07-29;14096;54;4;0;14137;0;0;0;0;866977;2159;54;0;867726;0;0;0;0
FR;4;2021-07-30;15502;46;2;0;15533;0;0;0;0;882479;2205;56;0;883259;0;0;0;0
FR;4;2021-07-31;6845;14;2;0;6855;0;0;0;0;889324;2219;58;0;890114;0;0;0;0
FR;4;2021-08-01;906;1;0;0;901;0;0;0;0;890230;2220;58;0;891015;0;0;0;0
FR;4;2021-08-02;7917;31;0;0;7918;0;0;0;0;898147;2251;58;0;898933;0;0;0;0
FR;4;2021-08-03;10805;31;2;0;10801;0;0;0;0;908952;2282;60;0;909734;0;0;0;0
FR;4;2021-08-04;9749;29;0;0;9748;0;0;0;0;918701;2311;60;0;919482;0;0;0;0
FR;4;2021-08-05;9831;42;0;0;9837;0;0;0;0;928532;2353;60;0;929319;0;0;0;0
FR;4;2021-08-06;10201;30;3;0;10198;0;0;0;0;938733;2383;63;0;939517;0;0;0;0
FR;4;2021-08-07;5100;30;1;0;5116;0;0;0;0;943833;2413;64;0;944633;0;0;0;0
FR;4;2021-08-08;1224;13;0;0;1227;0;0;0;0;945057;2426;64;0;945860;0;0;0;0
FR;4;2021-08-09;6350;31;0;0;6343;0;0;0;0;951407;2457;64;0;952203;0;0;0;0
FR;4;2021-08-10;8753;18;0;0;8724;0;0;0;0;960160;2475;64;0;960927;0;0;0;0
FR;4;2021-08-11;7944;34;4;0;7933;0;0;0;0;968104;2509;68;0;968860;0;0;0;0
FR;4;2021-08-12;8585;31;1;0;8573;0;0;0;0;976689;2540;69;0;977433;0;0;0;0
FR;4;2021-08-13;7559;25;0;1;7546;0;0;0;0;984248;2565;69;1;984979;0;0;0;0
FR;4;2021-08-14;3793;20;0;0;3777;0;0;0;0;988041;2585;69;1;988756;0;0;0;0
FR;4;2021-08-15;771;5;0;0;773;0;0;0;0;988812;2590;69;1;989529;0;0;0;0
FR;4;2021-08-16;4009;17;0;0;4004;0;0;0;0;992821;2607;69;1;993533;0;0;0;0
FR;4;2021-08-17;5631;17;1;0;5621;0;0;0;0;998452;2624;70;1;999154;0;0;0;0
FR;4;2021-08-18;5171;37;0;0;5188;0;0;0;0;1003623;2661;70;1;1004342;0;0;0;0
FR;4;2021-08-19;5488;34;3;0;5502;0;0;0;0;1009111;2695;73;1;1009844;0;0;0;0
FR;4;2021-08-20;5225;25;1;0;5235;0;0;0;0;1014336;2720;74;1;1015079;0;0;0;0
FR;4;2021-08-21;2311;22;1;0;2327;0;0;0;0;1016647;2742;75;1;1017406;0;0;0;0
FR;4;2021-08-22;414;2;0;0;415;0;0;0;0;1017061;2744;75;1;1017821;0;0;0;0
FR;4;2021-08-23;2935;21;1;0;2943;0;0;0;0;1019996;2765;76;1;1020764;0;0;0;0
FR;4;2021-08-24;3758;16;0;0;3761;0;0;0;0;1023754;2781;76;1;1024525;0;0;0;0
FR;4;2021-08-25;3545;25;1;0;3561;0;0;0;0;1027299;2806;77;1;1028086;0;0;0;0
FR;4;2021-08-26;3716;21;2;0;3728;0;0;0;0;1031015;2827;79;1;1031814;0;0;0;0
FR;4;2021-08-27;3617;31;2;0;3635;0;0;0;0;1034632;2858;81;1;1035449;0;0;0;0
FR;4;2021-08-28;1732;10;1;0;1737;0;0;0;0;1036364;2868;82;1;1037186;0;0;0;0
FR;4;2021-08-29;385;7;1;0;389;0;0;0;0;1036749;2875;83;1;1037575;0;0;0;0
FR;4;2021-08-30;2010;25;0;0;2018;16;0;0;0;1038759;2900;83;1;1039593;16;0;0;0
FR;4;2021-08-31;2486;21;0;0;2493;14;0;0;0;1041245;2921;83;1;1042086;30;0;0;0
FR;4;2021-09-01;2085;38;1;0;2096;22;0;0;0;1043330;2959;84;1;1044182;52;0;0;0
FR;4;2021-09-02;2307;31;4;0;2320;18;0;0;0;1045637;2990;88;1;1046502;70;0;0;0
FR;4;2021-09-03;2365;44;5;0;2374;36;0;0;0;1048002;3034;93;1;1048876;106;0;0;0
FR;4;2021-09-04;1374;18;0;0;1381;9;0;0;0;1049376;3052;93;1;1050257;115;0;0;0
FR;4;2021-09-05;433;2;0;0;433;2;0;0;0;1049809;3054;93;1;1050690;117;0;0;0
FR;4;2021-09-06;1713;63;0;0;1750;25;0;0;0;1051522;3117;93;1;1052440;142;0;0;0
FR;4;2021-09-07;1681;18;0;0;1690;8;0;0;0;1053203;3135;93;1;1054130;150;0;0;0
FR;4;2021-09-08;1286;26;3;0;1291;19;0;0;0;1054489;3161;96;1;1055421;169;0;0;0
FR;4;2021-09-09;1393;23;2;0;1403;9;0;0;0;1055882;3184;98;1;1056824;178;0;0;0
FR;4;2021-09-10;1521;31;2;0;1525;23;1;0;0;1057403;3215;100;1;1058349;201;1;0;0
FR;4;2021-09-11;746;11;0;0;749;3;0;0;0;1058149;3226;100;1;1059098;204;1;0;0
FR;4;2021-09-12;169;5;0;0;170;4;0;0;0;1058318;3231;100;1;1059268;208;1;0;0
FR;4;2021-09-13;1325;22;1;0;1328;16;0;0;0;1059643;3253;101;1;1060596;224;1;0;0
FR;4;2021-09-14;1504;9;2;0;1506;7;0;0;0;1061147;3262;103;1;1062102;231;1;0;0
FR;4;2021-09-15;1095;28;1;0;1098;25;0;0;0;1062242;3290;104;1;1063200;256;1;0;0
FR;4;2021-09-16;1106;22;2;0;1110;15;0;0;0;1063348;3312;106;1;1064310;271;1;0;0
FR;4;2021-09-17;897;21;1;0;904;12;0;0;0;1064245;3333;107;1;1065214;283;1;0;0
FR;4;2021-09-18;464;7;1;0;465;6;0;0;0;1064709;3340;108;1;1065679;289;1;0;0
FR;4;2021-09-19;182;3;0;0;183;2;0;0;0;1064891;3343;108;1;1065862;291;1;0;0
FR;4;2021-09-20;452;19;0;0;458;13;0;0;0;1065343;3362;108;1;1066320;304;1;0;0
FR;4;2021-09-21;433;11;0;0;435;7;0;0;0;1065776;3373;108;1;1066755;311;1;0;0
FR;4;2021-09-22;376;19;2;0;383;13;0;0;0;1066152;3392;110;1;1067138;324;1;0;0
FR;4;2021-09-23;487;15;1;0;488;14;0;0;0;1066639;3407;111;1;1067626;338;1;0;0
FR;4;2021-09-24;415;13;2;0;419;9;0;0;0;1067054;3420;113;1;1068045;347;1;0;0
FR;4;2021-09-25;280;10;1;0;281;5;0;0;0;1067334;3430;114;1;1068326;352;1;0;0
FR;4;2021-09-26;75;2;0;0;76;1;0;0;0;1067409;3432;114;1;1068402;353;1;0;0
FR;4;2021-09-27;269;10;1;0;270;8;0;0;0;1067678;3442;115;1;1068672;361;1;0;0
FR;4;2021-09-28;319;8;0;0;319;8;0;0;0;1067997;3450;115;1;1068991;369;1;0;0
FR;4;2021-09-29;378;19;1;0;380;13;0;0;0;1068375;3469;116;1;1069371;382;1;0;0
FR;4;2021-09-30;365;41;0;0;379;22;0;0;0;1068740;3510;116;1;1069750;404;1;0;0
FR;4;2021-10-01;411;56;0;0;413;50;0;0;0;1069151;3566;116;1;1070163;454;1;0;0
FR;4;2021-10-02;196;23;1;0;198;14;0;0;0;1069347;3589;117;1;1070361;468;1;0;0
FR;4;2021-10-03;86;1;0;0;87;0;0;0;0;1069433;3590;117;1;1070448;468;1;0;0
FR;4;2021-10-04;363;20;1;0;367;16;0;0;0;1069796;3610;118;1;1070815;484;1;0;0
FR;4;2021-10-05;286;19;2;0;288;15;0;0;0;1070082;3629;120;1;1071103;499;1;0;0
FR;4;2021-10-06;249;23;1;0;254;18;0;0;0;1070331;3652;121;1;1071357;517;1;0;0
FR;4;2021-10-07;267;25;2;0;272;13;0;0;0;1070598;3677;123;1;1071629;530;1;0;0
FR;4;2021-10-08;357;24;2;0;360;20;0;0;0;1070955;3701;125;1;1071989;550;1;0;0
FR;4;2021-10-09;194;6;6;0;195;7;0;0;0;1071149;3707;131;1;1072184;557;1;0;0
FR;4;2021-10-10;97;3;2;0;99;3;0;0;0;1071246;3710;133;1;1072283;560;1;0;0
FR;4;2021-10-11;251;15;1;0;252;14;0;0;0;1071497;3725;134;1;1072535;574;1;0;0
FR;4;2021-10-12;211;14;0;0;211;13;0;0;0;1071708;3739;134;1;1072746;587;1;0;0
FR;4;2021-10-13;221;28;1;0;224;25;0;0;0;1071929;3767;135;1;1072970;612;1;0;0
FR;4;2021-10-14;316;21;4;0;320;15;0;0;0;1072245;3788;139;1;1073290;627;1;0;0
FR;4;2021-10-15;324;24;5;0;325;25;0;0;0;1072569;3812;144;1;1073615;652;1;0;0
FR;4;2021-10-16;167;6;2;0;167;6;0;0;0;1072736;3818;146;1;1073782;658;1;0;0
FR;4;2021-10-17;70;2;0;0;71;1;0;0;0;1072806;3820;146;1;1073853;659;1;0;0
FR;4;2021-10-18;281;16;1;0;283;13;0;0;0;1073087;3836;147;1;1074136;672;1;0;0
FR;4;2021-10-19;216;14;2;0;216;15;0;0;0;1073303;3850;149;1;1074352;687;1;0;0
FR;4;2021-10-20;231;27;4;0;234;15;0;0;0;1073534;3877;153;1;1074586;702;1;0;0
FR;4;2021-10-21;243;18;0;0;245;14;0;0;0;1073777;3895;153;1;1074831;716;1;0;0
FR;4;2021-10-22;217;25;2;0;219;20;1;0;0;1073994;3920;155;1;1075050;736;2;0;0
FR;4;2021-10-23;117;16;1;0;118;15;0;0;0;1074111;3936;156;1;1075168;751;2;0;0
FR;4;2021-10-24;39;4;0;0;39;1;0;0;0;1074150;3940;156;1;1075207;752;2;0;0
FR;4;2021-10-25;218;7;2;0;218;9;0;0;0;1074368;3947;158;1;1075425;761;2;0;0
FR;4;2021-10-26;200;14;0;0;202;12;0;0;0;1074568;3961;158;1;1075627;773;2;0;0
FR;4;2021-10-27;196;12;4;0;196;12;2;0;0;1074764;3973;162;1;1075823;785;4;0;0
FR;4;2021-10-28;186;18;5;0;186;22;0;0;0;1074950;3991;167;1;1076009;807;4;0;0
FR;4;2021-10-29;225;17;2;0;226;15;0;0;0;1075175;4008;169;1;1076235;822;4;0;0
FR;4;2021-10-30;104;2;1;0;105;2;0;0;0;1075279;4010;170;1;1076340;824;4;0;0
FR;4;2021-10-31;59;3;2;0;60;3;0;0;0;1075338;4013;172;1;1076400;827;4;0;0
FR;4;2021-11-01;76;27;4;0;77;24;3;0;0;1075414;4040;176;1;1076477;851;7;0;0
FR;4;2021-11-02;164;21;2;0;165;21;0;0;0;1075578;4061;178;1;1076642;872;7;0;0
FR;4;2021-11-03;132;21;8;1;133;19;6;0;0;1075710;4082;186;2;1076775;891;13;0;0
FR;4;2021-11-04;187;15;1;0;188;12;1;0;0;1075897;4097;187;2;1076963;903;14;0;0
FR;4;2021-11-05;130;17;1;0;131;16;0;0;0;1076027;4114;188;2;1077094;919;14;0;0
FR;4;2021-11-06;81;6;1;0;81;6;0;0;0;1076108;4120;189;2;1077175;925;14;0;0
FR;4;2021-11-07;83;2;2;0;83;4;0;0;0;1076191;4122;191;2;1077258;929;14;0;0
FR;4;2021-11-08;162;20;1;0;163;20;0;0;0;1076353;4142;192;2;1077421;949;14;0;0
FR;4;2021-11-09;159;14;3;0;159;16;0;0;0;1076512;4156;195;2;1077580;965;14;0;0
FR;4;2021-11-10;121;30;7;0;121;33;2;0;0;1076633;4186;202;2;1077701;998;16;0;0
FR;4;2021-11-11;100;10;1;0;100;11;0;0;0;1076733;4196;203;2;1077801;1009;16;0;0
FR;4;2021-11-12;106;19;2;0;107;18;1;0;0;1076839;4215;205;2;1077908;1027;17;0;0
FR;4;2021-11-13;74;15;2;0;75;14;0;0;0;1076913;4230;207;2;1077983;1041;17;0;0
FR;4;2021-11-14;55;5;4;0;56;8;0;0;0;1076968;4235;211;2;1078039;1049;17;0;0
FR;4;2021-11-15;99;26;2;0;101;24;2;0;0;1077067;4261;213;2;1078140;1073;19;0;0
FR;4;2021-11-16;108;14;3;0;108;17;0;0;0;1077175;4275;216;2;1078248;1090;19;0;0
FR;4;2021-11-17;121;30;4;0;121;30;1;0;0;1077296;4305;220;2;1078369;1120;20;0;0
FR;4;2021-11-18;103;34;14;0;105;43;1;0;0;1077399;4339;234;2;1078474;1163;21;0;0
FR;4;2021-11-19;89;21;3;0;89;22;1;0;0;1077488;4360;237;2;1078563;1185;22;0;0
FR;4;2021-11-20;78;8;1;0;78;8;0;0;0;1077566;4368;238;2;1078641;1193;22;0;0
FR;4;2021-11-21;69;7;2;0;69;9;0;0;0;1077635;4375;240;2;1078710;1202;22;0;0
FR;4;2021-11-22;109;28;9;0;110;33;2;0;0;1077744;4403;249;2;1078820;1235;24;0;0
FR;4;2021-11-23;78;31;6;0;79;29;2;0;0;1077822;4434;255;2;1078899;1264;26;0;0
FR;4;2021-11-24;90;23;12;0;92;25;4;0;0;1077912;4457;267;2;1078991;1289;30;0;0
FR;4;2021-11-25;96;28;19;0;97;35;5;0;0;1078008;4485;286;2;1079088;1324;35;0;0
FR;4;2021-11-26;85;43;12;0;89;45;3;0;0;1078093;4528;298;2;1079177;1369;38;0;0
FR;4;2021-11-27;42;22;15;0;42;25;10;0;0;1078135;4550;313;2;1079219;1394;48;0;0
FR;4;2021-11-28;52;8;0;0;53;7;0;0;0;1078187;4558;313;2;1079272;1401;48;0;0
FR;4;2021-11-29;90;31;16;0;90;40;2;0;0;1078277;4589;329;2;1079362;1441;50;0;0
FR;4;2021-11-30;77;37;13;0;77;42;2;0;0;1078354;4626;342;2;1079439;1483;52;0;0
FR;4;2021-12-01;88;60;19;0;88;67;11;0;0;1078442;4686;361;2;1079527;1550;63;0;0
FR;4;2021-12-02;113;48;21;0;117;56;3;0;0;1078555;4734;382;2;1079644;1606;66;0;0
FR;4;2021-12-03;104;36;15;0;104;44;4;0;0;1078659;4770;397;2;1079748;1650;70;0;0
FR;4;2021-12-04;72;31;18;0;74;44;1;0;0;1078731;4801;415;2;1079822;1694;71;0;0
FR;4;2021-12-05;64;7;1;0;65;7;0;0;0;1078795;4808;416;2;1079887;1701;71;0;0
FR;4;2021-12-06;111;46;20;0;111;60;3;0;0;1078906;4854;436;2;1079998;1761;74;0;0
FR;4;2021-12-07;85;37;9;0;88;36;3;0;0;1078991;4891;445;2;1080086;1797;77;0;0
FR;4;2021-12-08;72;31;17;0;74;38;7;0;0;1079063;4922;462;2;1080160;1835;84;0;0
FR;4;2021-12-09;65;32;10;1;65;39;3;0;0;1079128;4954;472;3;1080225;1874;87;0;0
FR;4;2021-12-10;64;64;20;0;65;68;10;0;0;1079192;5018;492;3;1080290;1942;97;0;0
FR;4;2021-12-11;29;34;7;0;29;34;3;0;0;1079221;5052;499;3;1080319;1976;100;0;0
FR;4;2021-12-12;29;12;3;0;29;15;0;0;0;1079250;5064;502;3;1080348;1991;100;0;0
FR;4;2021-12-13;76;40;14;0;78;49;2;0;0;1079326;5104;516;3;1080426;2040;102;0;0
FR;4;2021-12-14;61;43;17;0;62;54;2;0;0;1079387;5147;533;3;1080488;2094;104;0;0
FR;4;2021-12-15;68;64;29;0;68;85;6;0;0;1079455;5211;562;3;1080556;2179;110;0;0
FR;4;2021-12-16;35;45;19;0;36;58;4;0;0;1079490;5256;581;3;1080592;2237;114;0;0
FR;4;2021-12-17;39;55;11;0;39;59;6;0;0;1079529;5311;592;3;1080631;2296;120;0;0
FR;4;2021-12-18;49;30;2;0;50;31;0;0;0;1079578;5341;594;3;1080681;2327;120;0;0
FR;4;2021-12-19;16;4;1;0;17;4;0;0;0;1079594;5345;595;3;1080698;2331;120;0;0
FR;4;2021-12-20;45;38;10;0;46;41;6;0;0;1079639;5383;605;3;1080744;2372;126;0;0
FR;4;2021-12-21;31;32;17;0;33;39;5;0;0;1079670;5415;622;3;1080777;2411;131;0;0
FR;4;2021-12-22;37;38;10;0;38;38;7;0;0;1079707;5453;632;3;1080815;2449;138;0;0
FR;4;2021-12-23;40;45;8;0;40;49;2;0;0;1079747;5498;640;3;1080855;2498;140;0;0
FR;4;2021-12-24;24;28;10;0;26;31;4;0;0;1079771;5526;650;3;1080881;2529;144;0;0
FR;4;2021-12-25;7;3;3;0;7;4;2;0;0;1079778;5529;653;3;1080888;2533;146;0;0
FR;4;2021-12-26;5;3;1;0;6;2;0;0;0;1079783;5532;654;3;1080894;2535;146;0;0
FR;4;2021-12-27;31;41;9;0;32;43;4;0;0;1079814;5573;663;3;1080926;2578;150;0;0
FR;4;2021-12-28;27;28;7;0;29;29;4;0;0;1079841;5601;670;3;1080955;2607;154;0;0
FR;4;2021-12-29;56;25;11;0;57;30;5;0;0;1079897;5626;681;3;1081012;2637;159;0;0
FR;4;2021-12-30;48;19;12;0;51;22;5;0;0;1079945;5645;693;3;1081063;2659;164;0;0
FR;4;2021-12-31;20;6;8;0;21;11;2;0;0;1079965;5651;701;3;1081084;2670;166;0;0
FR;4;2022-01-01;6;4;5;0;6;7;1;0;0;1079971;5655;706;3;1081090;2677;167;0;0
FR;4;2022-01-02;42;5;16;0;42;20;1;0;0;1080013;5660;722;3;1081132;2697;168;0;0
FR;4;2022-01-03;45;55;23;1;47;63;10;0;0;1080058;5715;745;4;1081179;2760;178;0;0
FR;4;2022-01-04;38;28;16;0;39;33;8;0;0;1080096;5743;761;4;1081218;2793;186;0;0
FR;4;2022-01-05;52;24;19;0;58;27;9;0;0;1080148;5767;780;4;1081276;2820;195;0;0
FR;4;2022-01-06;52;23;24;0;52;39;8;0;0;1080200;5790;804;4;1081328;2859;203;0;0
FR;4;2022-01-07;31;20;16;0;33;21;12;0;0;1080231;5810;820;4;1081361;2880;215;0;0
FR;4;2022-01-08;13;6;10;0;14;12;3;0;0;1080244;5816;830;4;1081375;2892;218;0;0
FR;4;2022-01-09;20;2;3;0;21;4;0;0;0;1080264;5818;833;4;1081396;2896;218;0;0
FR;4;2022-01-10;51;22;19;0;51;36;4;0;0;1080315;5840;852;4;1081447;2932;222;0;0
FR;4;2022-01-11;30;31;12;0;34;35;1;0;0;1080345;5871;864;4;1081481;2967;223;0;0
FR;4;2022-01-12;35;21;13;0;37;23;9;0;0;1080380;5892;877;4;1081518;2990;232;0;0
FR;4;2022-01-13;55;20;27;0;56;38;8;0;0;1080435;5912;904;4;1081574;3028;240;0;0
FR;4;2022-01-14;25;32;13;0;26;35;7;0;0;1080460;5944;917;4;1081600;3063;247;0;0
FR;4;2022-01-15;15;6;8;0;16;12;1;0;0;1080475;5950;925;4;1081616;3075;248;0;0
FR;4;2022-01-16;12;9;14;0;12;22;1;0;0;1080487;5959;939;4;1081628;3097;249;0;0
FR;4;2022-01-17;27;19;15;0;27;28;5;0;0;1080514;5978;954;4;1081655;3125;254;0;0
FR;4;2022-01-18;17;14;10;0;17;21;3;0;0;1080531;5992;964;4;1081672;3146;257;0;0
FR;4;2022-01-19;32;23;13;0;32;34;1;0;0;1080563;6015;977;4;1081704;3180;258;0;0
FR;4;2022-01-20;34;34;13;0;36;39;5;0;0;1080597;6049;990;4;1081740;3219;263;0;0
FR;4;2022-01-21;11;12;20;1;11;17;15;0;1;1080608;6061;1010;5;1081751;3236;278;0;1
FR;4;2022-01-22;30;13;3;0;30;14;2;0;0;1080638;6074;1013;5;1081781;3250;280;0;1
FR;4;2022-01-23;8;2;7;0;8;9;0;0;0;1080646;6076;1020;5;1081789;3259;280;0;1
FR;4;2022-01-24;14;21;9;0;15;28;1;0;0;1080660;6097;1029;5;1081804;3287;281;0;1
FR;4;2022-01-25;22;32;10;1;23;38;3;0;0;1080682;6129;1039;6;1081827;3325;284;0;1
FR;4;2022-01-26;20;17;9;1;21;21;4;0;0;1080702;6146;1048;7;1081848;3346;288;0;1
FR;4;2022-01-27;21;19;8;0;22;25;1;0;0;1080723;6165;1056;7;1081870;3371;289;0;1
FR;4;2022-01-28;14;23;8;0;15;26;4;0;0;1080737;6188;1064;7;1081885;3397;293;0;1
FR;4;2022-01-29;17;6;5;0;17;10;0;0;0;1080754;6194;1069;7;1081902;3407;293;0;1
FR;4;2022-01-30;19;3;2;0;19;5;0;0;0;1080773;6197;1071;7;1081921;3412;293;0;1
FR;4;2022-01-31;22;28;8;0;22;32;2;0;0;1080795;6225;1079;7;1081943;3444;295;0;1
FR;4;2022-02-01;13;24;12;0;15;24;9;0;0;1080808;6249;1091;7;1081958;3468;304;0;1
FR;4;2022-02-02;18;11;14;2;18;20;7;0;0;1080826;6260;1105;9;1081976;3488;311;0;1
FR;4;2022-02-03;16;24;11;0;18;29;4;0;0;1080842;6284;1116;9;1081994;3517;315;0;1
FR;4;2022-02-04;7;5;7;0;7;9;3;0;0;1080849;6289;1123;9;1082001;3526;318;0;1
FR;4;2022-02-05;7;14;1;0;8;13;1;0;0;1080856;6303;1124;9;1082009;3539;319;0;1
FR;4;2022-02-06;7;4;4;0;7;7;1;0;0;1080863;6307;1128;9;1082016;3546;320;0;1
FR;4;2022-02-07;15;19;8;0;17;19;6;0;0;1080878;6326;1136;9;1082033;3565;326;0;1
FR;4;2022-02-08;19;21;13;1;21;22;10;0;0;1080897;6347;1149;10;1082054;3587;336;0;1
FR;4;2022-02-09;17;12;9;0;18;17;2;0;0;1080914;6359;1158;10;1082072;3604;338;0;1
FR;4;2022-02-10;23;23;10;0;24;25;7;0;0;1080937;6382;1168;10;1082096;3629;345;0;1
FR;4;2022-02-11;18;15;8;0;18;20;3;0;0;1080955;6397;1176;10;1082114;3649;348;0;1
FR;4;2022-02-12;24;6;3;0;26;7;0;0;0;1080979;6403;1179;10;1082140;3656;348;0;1
FR;4;2022-02-13;7;3;3;0;7;6;0;0;0;1080986;6406;1182;10;1082147;3662;348;0;1
FR;4;2022-02-14;21;10;10;0;21;16;4;0;0;1081007;6416;1192;10;1082168;3678;352;0;1
FR;4;2022-02-15;18;7;2;0;18;8;0;0;0;1081025;6423;1194;10;1082186;3686;352;0;1
FR;4;2022-02-16;17;10;11;0;17;17;3;0;0;1081042;6433;1205;10;1082203;3703;355;0;1
FR;4;2022-02-17;11;4;5;0;11;7;2;0;0;1081053;6437;1210;10;1082214;3710;357;0;1
FR;4;2022-02-18;16;15;8;0;16;21;2;0;0;1081069;6452;1218;10;1082230;3731;359;0;1
FR;4;2022-02-19;16;4;2;0;17;5;0;0;0;1081085;6456;1220;10;1082247;3736;359;0;1
FR;4;2022-02-20;8;3;0;0;9;2;0;0;0;1081093;6459;1220;10;1082256;3738;359;0;1
FR;4;2022-02-21;24;4;4;0;24;6;2;0;0;1081117;6463;1224;10;1082280;3744;361;0;1
FR;4;2022-02-22;8;5;10;0;9;10;4;0;0;1081125;6468;1234;10;1082289;3754;365;0;1
FR;4;2022-02-23;17;6;10;0;17;10;5;0;0;1081142;6474;1244;10;1082306;3764;370;0;1
FR;4;2022-02-24;11;5;4;0;11;7;2;0;0;1081153;6479;1248;10;1082317;3771;372;0;1
FR;4;2022-02-25;16;5;7;0;16;6;6;0;0;1081169;6484;1255;10;1082333;3777;378;0;1
FR;4;2022-02-26;27;3;0;0;27;3;0;0;0;1081196;6487;1255;10;1082360;3780;378;0;1
FR;4;2022-02-27;9;0;1;0;9;1;0;0;0;1081205;6487;1256;10;1082369;3781;378;0;1
FR;4;2022-02-28;18;3;2;0;19;3;1;0;0;1081223;6490;1258;10;1082388;3784;379;0;1
FR;4;2022-03-01;8;4;7;0;8;5;5;0;0;1081231;6494;1265;10;1082396;3789;384;0;1
FR;4;2022-03-02;16;2;5;0;16;6;1;0;0;1081247;6496;1270;10;1082412;3795;385;0;1
FR;4;2022-03-03;19;5;3;0;19;6;1;0;0;1081266;6501;1273;10;1082431;3801;386;0;1
FR;4;2022-03-04;7;8;2;1;7;6;3;0;0;1081273;6509;1275;11;1082438;3807;389;0;1
FR;4;2022-03-05;9;2;0;0;9;2;0;0;0;1081282;6511;1275;11;1082447;3809;389;0;1
FR;4;2022-03-06;4;0;1;0;4;1;0;0;0;1081286;6511;1276;11;1082451;3810;389;0;1
FR;4;2022-03-07;10;6;2;0;10;5;2;0;0;1081296;6517;1278;11;1082461;3815;391;0;1
FR;4;2022-03-08;15;3;0;0;15;3;0;0;0;1081311;6520;1278;11;1082476;3818;391;0;1
FR;4;2022-03-09;9;7;2;0;11;7;0;0;0;1081320;6527;1280;11;1082487;3825;391;0;1
FR;4;2022-03-10;5;1;6;0;5;3;4;0;0;1081325;6528;1286;11;1082492;3828;395;0;1
FR;4;2022-03-11;10;4;5;0;12;2;5;0;0;1081335;6532;1291;11;1082504;3830;400;0;1
FR;4;2022-03-12;10;2;0;0;11;0;0;0;0;1081345;6534;1291;11;1082515;3830;400;0;1
FR;4;2022-03-13;6;2;1;0;7;2;0;0;0;1081351;6536;1292;11;1082522;3832;400;0;1
FR;4;2022-03-14;4;3;1;0;5;3;0;0;0;1081355;6539;1293;11;1082527;3835;400;0;1
FR;4;2022-03-15;8;6;3;0;10;5;2;0;0;1081363;6545;1296;11;1082537;3840;402;0;1
FR;4;2022-03-16;7;3;3;0;7;3;3;0;0;1081370;6548;1299;11;1082544;3843;405;0;1
FR;4;2022-03-17;3;4;1;0;3;5;0;0;0;1081373;6552;1300;11;1082547;3848;405;0;1
FR;4;2022-03-18;9;3;0;0;9;3;0;0;0;1081382;6555;1300;11;1082556;3851;405;0;1
FR;4;2022-03-19;1;1;1;0;1;2;0;0;0;1081383;6556;1301;11;1082557;3853;405;0;1
FR;4;2022-03-20;3;1;2;0;3;2;1;0;0;1081386;6557;1303;11;1082560;3855;406;0;1
FR;4;2022-03-21;6;4;1;0;6;5;0;0;0;1081392;6561;1304;11;1082566;3860;406;0;1
FR;4;2022-03-22;4;2;2;0;4;3;1;0;0;1081396;6563;1306;11;1082570;3863;407;0;1
FR;4;2022-03-23;6;4;5;0;6;8;1;0;0;1081402;6567;1311;11;1082576;3871;408;0;1
FR;4;2022-03-24;2;5;3;1;2;7;2;0;0;1081404;6572;1314;12;1082578;3878;410;0;1
FR;4;2022-03-25;3;1;2;0;3;1;2;0;0;1081407;6573;1316;12;1082581;3879;412;0;1
FR;4;2022-03-26;5;5;0;0;5;5;0;0;0;1081412;6578;1316;12;1082586;3884;412;0;1
FR;4;2022-03-27;1;0;3;0;1;2;1;0;0;1081413;6578;1319;12;1082587;3886;413;0;1
FR;4;2022-03-28;6;1;3;0;7;3;0;0;0;1081419;6579;1322;12;1082594;3889;413;0;1
FR;4;2022-03-29;9;0;4;1;9;0;2;0;0;1081428;6579;1326;13;1082603;3889;415;0;1
FR;4;2022-03-30;3;4;0;0;3;4;0;0;0;1081431;6583;1326;13;1082606;3893;415;0;1
FR;4;2022-03-31;3;3;2;1;3;4;1;0;0;1081434;6586;1328;14;1082609;3897;416;0;1
FR;4;2022-04-01;15;3;5;0;15;6;2;0;0;1081449;6589;1333;14;1082624;3903;418;0;1
FR;4;2022-04-02;4;4;0;0;5;3;0;0;0;1081453;6593;1333;14;1082629;3906;418;0;1
FR;4;2022-04-03;0;1;0;0;0;1;0;0;0;1081453;6594;1333;14;1082629;3907;418;0;1
FR;4;2022-04-04;4;4;4;0;5;5;2;0;0;1081457;6598;1337;14;1082634;3912;420;0;1
FR;4;2022-04-05;4;3;3;1;5;3;3;0;0;1081461;6601;1340;15;1082639;3915;423;0;1
FR;4;2022-04-06;6;1;0;0;6;1;0;0;0;1081467;6602;1340;15;1082645;3916;423;0;1
FR;4;2022-04-07;3;2;3;2;3;5;0;0;0;1081470;6604;1343;17;1082648;3921;423;0;1
FR;4;2022-04-08;4;2;1;0;4;2;1;0;0;1081474;6606;1344;17;1082652;3923;424;0;1
FR;4;2022-04-09;0;0;1;1;0;1;1;0;0;1081474;6606;1345;18;1082652;3924;425;0;1
FR;4;2022-04-10;2;2;0;0;2;2;0;0;0;1081476;6608;1345;18;1082654;3926;425;0;1
FR;4;2022-04-11;4;3;4;0;4;5;2;0;0;1081480;6611;1349;18;1082658;3931;427;0;1
FR;4;2022-04-12;5;1;4;0;5;2;3;0;0;1081485;6612;1353;18;1082663;3933;430;0;1
FR;4;2022-04-13;5;8;2;1;5;10;1;0;0;1081490;6620;1355;19;1082668;3943;431;0;1
FR;4;2022-04-14;6;4;2;1;7;5;1;0;0;1081496;6624;1357;20;1082675;3948;432;0;1
FR;4;2022-04-15;7;9;1;0;7;10;0;0;0;1081503;6633;1358;20;1082682;3958;432;0;1
FR;4;2022-04-16;1;0;0;0;1;0;0;0;0;1081504;6633;1358;20;1082683;3958;432;0;1
FR;4;2022-04-17;3;2;1;0;3;3;0;0;0;1081507;6635;1359;20;1082686;3961;432;0;1
FR;4;2022-04-18;2;2;6;0;2;4;4;0;0;1081509;6637;1365;20;1082688;3965;436;0;1
FR;4;2022-04-19;3;0;1;0;3;0;1;0;0;1081512;6637;1366;20;1082691;3965;437;0;1
FR;4;2022-04-20;15;4;1;1;16;3;1;0;0;1081527;6641;1367;21;1082707;3968;438;0;1
FR;4;2022-04-21;7;1;0;0;7;1;0;0;0;1081534;6642;1367;21;1082714;3969;438;0;1
FR;4;2022-04-22;1;1;2;0;1;2;1;0;0;1081535;6643;1369;21;1082715;3971;439;0;1
FR;4;2022-04-23;2;3;3;0;2;6;0;0;0;1081537;6646;1372;21;1082717;3977;439;0;1
FR;4;2022-04-24;0;3;0;0;0;3;0;0;0;1081537;6649;1372;21;1082717;3980;439;0;1
FR;4;2022-04-25;3;5;3;0;3;8;0;0;0;1081540;6654;1375;21;1082720;3988;439;0;1
FR;4;2022-04-26;5;6;1;0;5;6;1;0;0;1081545;6660;1376;21;1082725;3994;440;0;1
FR;4;2022-04-27;4;1;1;2;5;1;2;0;0;1081549;6661;1377;23;1082730;3995;442;0;1
FR;4;2022-04-28;3;5;5;1;3;7;4;0;0;1081552;6666;1382;24;1082733;4002;446;0;1
FR;4;2022-04-29;6;3;0;0;6;2;0;0;0;1081558;6669;1382;24;1082739;4004;446;0;1
FR;4;2022-04-30;2;1;1;0;2;2;0;0;0;1081560;6670;1383;24;1082741;4006;446;0;1
FR;4;2022-05-01;0;0;0;0;0;0;0;0;0;1081560;6670;1383;24;1082741;4006;446;0;1
FR;4;2022-05-02;5;16;6;0;5;19;3;0;0;1081565;6686;1389;24;1082746;4025;449;0;1
FR;4;2022-05-03;2;6;2;0;2;7;1;0;0;1081567;6692;1391;24;1082748;4032;450;0;1
FR;4;2022-05-04;7;4;1;0;7;4;1;0;0;1081574;6696;1392;24;1082755;4036;451;0;1
FR;4;2022-05-05;5;2;1;1;6;1;2;0;0;1081579;6698;1393;25;1082761;4037;453;0;1
FR;4;2022-05-06;5;3;1;0;6;2;1;0;0;1081584;6701;1394;25;1082767;4039;454;0;1
FR;4;2022-05-07;0;0;0;0;0;0;0;0;0;1081584;6701;1394;25;1082767;4039;454;0;1
FR;4;2022-05-08;1;1;0;0;1;1;0;0;0;1081585;6702;1394;25;1082768;4040;454;0;1
FR;4;2022-05-09;5;1;0;1;5;1;1;0;0;1081590;6703;1394;26;1082773;4041;455;0;1
FR;4;2022-05-10;3;1;0;2;3;3;0;0;0;1081593;6704;1394;28;1082776;4044;455;0;1
FR;4;2022-05-11;4;2;4;0;4;5;1;0;0;1081597;6706;1398;28;1082780;4049;456;0;1
FR;4;2022-05-12;7;4;2;1;7;5;1;0;1;1081604;6710;1400;29;1082787;4054;457;0;2
FR;4;2022-05-13;1;0;2;0;1;2;0;0;0;1081605;6710;1402;29;1082788;4056;457;0;2
FR;4;2022-05-14;0;2;0;0;0;2;0;0;0;1081605;6712;1402;29;1082788;4058;457;0;2
FR;4;2022-05-15;2;2;0;0;4;0;0;0;0;1081607;6714;1402;29;1082792;4058;457;0;2
FR;4;2022-05-16;5;2;2;0;5;2;2;0;0;1081612;6716;1404;29;1082797;4060;459;0;2
FR;4;2022-05-17;5;1;2;0;5;3;0;0;0;1081617;6717;1406;29;1082802;4063;459;0;2
FR;4;2022-05-18;3;6;0;0;3;6;0;0;0;1081620;6723;1406;29;1082805;4069;459;0;2
FR;4;2022-05-19;2;3;3;0;2;5;1;0;0;1081622;6726;1409;29;1082807;4074;460;0;2
FR;4;2022-05-20;4;2;3;0;4;2;3;0;0;1081626;6728;1412;29;1082811;4076;463;0;2
FR;4;2022-05-21;2;0;1;0;2;1;0;0;0;1081628;6728;1413;29;1082813;4077;463;0;2
FR;4;2022-05-22;0;0;1;0;0;1;0;0;0;1081628;6728;1414;29;1082813;4078;463;0;2
FR;4;2022-05-23;0;0;2;0;0;0;2;0;0;1081628;6728;1416;29;1082813;4078;465;0;2
FR;4;2022-05-24;2;4;1;0;2;5;0;0;0;1081630;6732;1417;29;1082815;4083;465;0;2
FR;4;2022-05-25;1;4;1;0;3;3;0;0;0;1081631;6736;1418;29;1082818;4086;465;0;2
FR;4;2022-05-26;5;0;1;0;5;1;0;0;0;1081636;6736;1419;29;1082823;4087;465;0;2
FR;4;2022-05-27;0;2;1;1;0;3;1;0;0;1081636;6738;1420;30;1082823;4090;466;0;2
FR;4;2022-05-28;1;0;0;0;1;0;0;0;0;1081637;6738;1420;30;1082824;4090;466;0;2
FR;4;2022-05-29;1;0;1;0;1;1;0;0;0;1081638;6738;1421;30;1082825;4091;466;0;2
FR;4;2022-05-30;3;4;2;0;3;5;1;0;0;1081641;6742;1423;30;1082828;4096;467;0;2
FR;4;2022-05-31;2;1;0;0;2;1;0;0;0;1081643;6743;1423;30;1082830;4097;467;0;2
FR;4;2022-06-01;3;11;7;0;3;15;3;0;0;1081646;6754;1430;30;1082833;4112;470;0;2
FR;4;2022-06-02;6;7;3;0;6;7;2;0;0;1081652;6761;1433;30;1082839;4119;472;0;2
FR;4;2022-06-03;2;6;4;1;2;7;4;0;0;1081654;6767;1437;31;1082841;4126;476;0;2
FR;4;2022-06-04;0;1;1;1;0;1;2;0;0;1081654;6768;1438;32;1082841;4127;478;0;2
FR;4;2022-06-05;0;0;0;0;0;0;0;0;0;1081654;6768;1438;32;1082841;4127;478;0;2
FR;4;2022-06-06;7;0;3;0;7;2;1;0;0;1081661;6768;1441;32;1082848;4129;479;0;2
FR;4;2022-06-07;6;2;0;1;6;2;1;0;0;1081667;6770;1441;33;1082854;4131;480;0;2
FR;4;2022-06-08;0;5;3;0;1;7;0;0;0;1081667;6775;1444;33;1082855;4138;480;0;2
FR;4;2022-06-09;1;2;0;0;2;1;0;0;0;1081668;6777;1444;33;1082857;4139;480;0;2
FR;4;2022-06-10;4;0;3;0;4;1;2;0;0;1081672;6777;1447;33;1082861;4140;482;0;2
FR;4;2022-06-11;1;0;0;0;1;0;0;0;0;1081673;6777;1447;33;1082862;4140;482;0;2
FR;4;2022-06-12;4;0;0;0;4;0;0;0;0;1081677;6777;1447;33;1082866;4140;482;0;2
FR;4;2022-06-13;6;2;3;0;7;2;1;0;0;1081683;6779;1450;33;1082873;4142;483;0;2
FR;4;2022-06-14;4;3;0;0;5;2;0;0;0;1081687;6782;1450;33;1082878;4144;483;0;2
FR;4;2022-06-15;8;3;4;0;8;3;4;0;0;1081695;6785;1454;33;1082886;4147;487;0;2
FR;4;2022-06-16;2;3;1;1;3;2;1;0;1;1081697;6788;1455;34;1082889;4149;488;0;3
FR;4;2022-06-17;6;1;0;0;6;1;0;0;0;1081703;6789;1455;34;1082895;4150;488;0;3
FR;4;2022-06-18;0;0;0;0;0;0;0;0;0;1081703;6789;1455;34;1082895;4150;488;0;3
FR;4;2022-06-19;3;0;0;0;3;0;0;0;0;1081706;6789;1455;34;1082898;4150;488;0;3
FR;4;2022-06-20;5;2;2;1;5;3;2;0;0;1081711;6791;1457;35;1082903;4153;490;0;3
FR;4;2022-06-21;5;2;4;1;6;4;2;0;0;1081716;6793;1461;36;1082909;4157;492;0;3
FR;4;2022-06-22;3;2;1;3;4;2;1;0;0;1081719;6795;1462;39;1082913;4159;493;0;3
FR;4;2022-06-23;3;3;3;0;3;5;1;0;0;1081722;6798;1465;39;1082916;4164;494;0;3
FR;4;2022-06-24;3;0;2;0;3;0;2;0;0;1081725;6798;1467;39;1082919;4164;496;0;3
FR;4;2022-06-25;3;0;1;1;3;1;1;0;0;1081728;6798;1468;40;1082922;4165;497;0;3
FR;4;2022-06-26;0;0;1;0;0;1;0;0;0;1081728;6798;1469;40;1082922;4166;497;0;3
FR;4;2022-06-27;2;2;1;3;2;3;3;0;0;1081730;6800;1470;43;1082924;4169;500;0;3
FR;4;2022-06-28;0;4;2;1;0;5;2;0;0;1081730;6804;1472;44;1082924;4174;502;0;3
FR;4;2022-06-29;1;2;0;0;1;2;0;0;0;1081731;6806;1472;44;1082925;4176;502;0;3
FR;4;2022-06-30;2;0;0;0;2;0;0;0;0;1081733;6806;1472;44;1082927;4176;502;0;3
FR;4;2022-07-01;2;4;8;0;2;4;8;0;0;1081735;6810;1480;44;1082929;4180;510;0;3
FR;4;2022-07-02;0;1;0;0;1;0;0;0;0;1081735;6811;1480;44;1082930;4180;510;0;3
FR;4;2022-07-03;0;0;0;0;0;0;0;0;0;1081735;6811;1480;44;1082930;4180;510;0;3
FR;4;2022-07-04;4;1;0;0;4;1;0;0;0;1081739;6812;1480;44;1082934;4181;510;0;3
FR;4;2022-07-05;2;1;3;0;2;3;1;0;0;1081741;6813;1483;44;1082936;4184;511;0;3
FR;4;2022-07-06;5;0;1;1;5;0;1;0;1;1081746;6813;1484;45;1082941;4184;512;0;4
FR;4;2022-07-07;2;0;2;1;2;0;3;0;0;1081748;6813;1486;46;1082943;4184;515;0;4
FR;4;2022-07-08;3;1;0;0;3;1;0;0;0;1081751;6814;1486;46;1082946;4185;515;0;4
FR;4;2022-07-09;2;2;1;0;2;3;0;0;0;1081753;6816;1487;46;1082948;4188;515;0;4
FR;4;2022-07-10;2;0;1;0;2;0;0;0;0;1081755;6816;1488;46;1082950;4188;515;0;4
FR;4;2022-07-11;3;0;2;0;3;0;1;0;0;1081758;6816;1490;46;1082953;4188;516;0;4
FR;4;2022-07-12;0;0;2;0;0;2;0;0;0;1081758;6816;1492;46;1082953;4190;516;0;4
FR;4;2022-07-13;2;2;3;1;2;2;4;0;0;1081760;6818;1495;47;1082955;4192;520;0;4
FR;4;2022-07-14;6;0;1;0;6;0;1;0;0;1081766;6818;1496;47;1082961;4192;521;0;4
FR;4;2022-07-15;11;2;0;0;11;2;0;0;0;1081777;6820;1496;47;1082972;4194;521;0;4
FR;4;2022-07-16;5;0;0;2;5;0;2;0;0;1081782;6820;1496;49;1082977;4194;523;0;4
FR;4;2022-07-17;1;0;1;1;1;0;2;0;0;1081783;6820;1497;50;1082978;4194;525;0;4
FR;4;2022-07-18;3;3;2;0;3;3;2;0;0;1081786;6823;1499;50;1082981;4197;527;0;4
FR;4;2022-07-19;4;0;1;0;4;1;0;0;0;1081790;6823;1500;50;1082985;4198;527;0;4
FR;4;2022-07-20;11;1;1;0;12;1;0;0;0;1081801;6824;1501;50;1082997;4199;527;0;4
FR;4;2022-07-21;2;3;1;0;2;3;1;0;0;1081803;6827;1502;50;1082999;4202;528;0;4
FR;4;2022-07-22;4;0;3;0;4;1;2;0;0;1081807;6827;1505;50;1083003;4203;530;0;4
FR;4;2022-07-23;1;2;0;0;1;1;0;0;0;1081808;6829;1505;50;1083004;4204;530;0;4
FR;4;2022-07-24;0;0;0;0;0;0;0;0;0;1081808;6829;1505;50;1083004;4204;530;0;4
FR;4;2022-07-25;7;0;2;0;7;2;0;0;0;1081815;6829;1507;50;1083011;4206;530;0;4
FR;4;2022-07-26;2;0;0;0;2;0;0;0;0;1081817;6829;1507;50;1083013;4206;530;0;4
FR;4;2022-07-27;3;1;0;0;3;0;0;0;0;1081820;6830;1507;50;1083016;4206;530;0;4
FR;4;2022-07-28;11;0;0;0;11;0;0;0;0;1081831;6830;1507;50;1083027;4206;530;0;4
FR;4;2022-07-29;3;0;2;0;3;1;1;0;0;1081834;6830;1509;50;1083030;4207;531;0;4
FR;4;2022-07-30;4;0;2;0;4;0;2;0;0;1081838;6830;1511;50;1083034;4207;533;0;4
FR;4;2022-07-31;0;0;0;0;0;0;0;0;0;1081838;6830;1511;50;1083034;4207;533;0;4
FR;4;2022-08-01;4;0;3;0;4;2;1;0;0;1081842;6830;1514;50;1083038;4209;534;0;4
FR;4;2022-08-02;6;0;0;0;6;0;0;0;0;1081848;6830;1514;50;1083044;4209;534;0;4
FR;4;2022-08-03;2;2;1;0;2;2;1;0;0;1081850;6832;1515;50;1083046;4211;535;0;4
FR;4;2022-08-04;5;2;0;1;5;2;1;0;0;1081855;6834;1515;51;1083051;4213;536;0;4
FR;4;2022-08-05;2;0;1;0;2;0;1;0;0;1081857;6834;1516;51;1083053;4213;537;0;4
FR;4;2022-08-06;2;0;0;0;2;0;0;0;0;1081859;6834;1516;51;1083055;4213;537;0;4
FR;4;2022-08-07;5;0;0;0;5;0;0;0;0;1081864;6834;1516;51;1083060;4213;537;0;4
FR;4;2022-08-08;2;0;1;1;2;1;1;0;0;1081866;6834;1517;52;1083062;4214;538;0;4
FR;4;2022-08-09;1;1;2;2;1;2;3;0;0;1081867;6835;1519;54;1083063;4216;541;0;4
FR;4;2022-08-10;6;1;1;0;7;1;0;0;0;1081873;6836;1520;54;1083070;4217;541;0;4
FR;4;2022-08-11;2;0;1;0;2;1;0;0;0;1081875;6836;1521;54;1083072;4218;541;0;4
FR;4;2022-08-12;4;0;1;0;4;0;1;0;0;1081879;6836;1522;54;1083076;4218;542;0;4
FR;4;2022-08-13;1;0;0;0;1;0;0;0;0;1081880;6836;1522;54;1083077;4218;542;0;4
FR;4;2022-08-14;0;0;0;0;0;0;0;0;0;1081880;6836;1522;54;1083077;4218;542;0;4
FR;4;2022-08-15;1;2;3;0;1;2;3;0;0;1081881;6838;1525;54;1083078;4220;545;0;4
FR;4;2022-08-16;0;0;1;0;0;1;0;0;0;1081881;6838;1526;54;1083078;4221;545;0;4
FR;4;2022-08-17;3;0;0;0;3;0;0;0;0;1081884;6838;1526;54;1083081;4221;545;0;4
FR;4;2022-08-18;4;0;0;0;4;0;0;0;0;1081888;6838;1526;54;1083085;4221;545;0;4
FR;4;2022-08-19;5;0;0;0;5;0;0;0;0;1081893;6838;1526;54;1083090;4221;545;0;4
FR;4;2022-08-20;1;1;0;0;2;0;0;0;0;1081894;6839;1526;54;1083092;4221;545;0;4
FR;4;2022-08-21;1;0;0;0;1;0;0;0;0;1081895;6839;1526;54;1083093;4221;545;0;4
FR;4;2022-08-22;3;9;0;0;3;9;0;0;0;1081898;6848;1526;54;1083096;4230;545;0;4
FR;4;2022-08-23;3;3;3;0;3;4;2;0;0;1081901;6851;1529;54;1083099;4234;547;0;4
FR;4;2022-08-24;6;0;0;1;6;0;1;0;0;1081907;6851;1529;55;1083105;4234;548;0;4
FR;4;2022-08-25;1;3;2;0;1;4;1;0;0;1081908;6854;1531;55;1083106;4238;549;0;4
FR;4;2022-08-26;2;0;0;1;2;0;1;0;0;1081910;6854;1531;56;1083108;4238;550;0;4
FR;4;2022-08-27;1;0;0;0;1;0;0;0;0;1081911;6854;1531;56;1083109;4238;550;0;4
FR;4;2022-08-28;0;1;0;0;0;0;0;0;0;1081911;6855;1531;56;1083109;4238;550;0;4
FR;4;2022-08-29;8;0;0;0;8;0;0;0;0;1081919;6855;1531;56;1083117;4238;550;0;4
FR;4;2022-08-30;5;0;0;0;5;0;0;0;0;1081924;6855;1531;56;1083122;4238;550;0;4
FR;4;2022-08-31;2;1;0;0;2;1;0;0;0;1081926;6856;1531;56;1083124;4239;550;0;4
FR;4;2022-09-01;4;8;2;0;5;7;2;0;0;1081930;6864;1533;56;1083129;4246;552;0;4
FR;4;2022-09-02;2;1;1;0;2;2;0;0;0;1081932;6865;1534;56;1083131;4248;552;0;4
FR;4;2022-09-03;3;0;0;0;3;0;0;0;0;1081935;6865;1534;56;1083134;4248;552;0;4
FR;4;2022-09-04;1;0;0;0;1;0;0;0;0;1081936;6865;1534;56;1083135;4248;552;0;4
FR;4;2022-09-05;4;2;0;0;4;2;0;0;0;1081940;6867;1534;56;1083139;4250;552;0;4
FR;4;2022-09-06;1;0;0;0;1;0;0;0;0;1081941;6867;1534;56;1083140;4250;552;0;4
FR;4;2022-09-07;1;0;1;1;1;1;1;0;0;1081942;6867;1535;57;1083141;4251;553;0;4
FR;4;2022-09-08;3;0;0;0;3;0;0;0;0;1081945;6867;1535;57;1083144;4251;553;0;4
FR;4;2022-09-09;2;0;0;0;2;0;0;0;0;1081947;6867;1535;57;1083146;4251;553;0;4
FR;4;2022-09-10;0;1;0;3;0;2;2;0;0;1081947;6868;1535;60;1083146;4253;555;0;4
FR;4;2022-09-11;2;0;0;0;2;0;0;0;0;1081949;6868;1535;60;1083148;4253;555;0;4
FR;4;2022-09-12;1;1;1;0;1;1;1;0;0;1081950;6869;1536;60;1083149;4254;556;0;4
FR;4;2022-09-13;1;0;0;0;1;0;0;0;0;1081951;6869;1536;60;1083150;4254;556;0;4
FR;4;2022-09-14;3;0;0;0;3;0;0;0;0;1081954;6869;1536;60;1083153;4254;556;0;4
FR;4;2022-09-15;4;0;0;0;4;0;0;0;0;1081958;6869;1536;60;1083157;4254;556;0;4
FR;4;2022-09-16;1;0;0;0;1;0;0;0;0;1081959;6869;1536;60;1083158;4254;556;0;4
FR;4;2022-09-17;2;0;0;0;2;0;0;0;0;1081961;6869;1536;60;1083160;4254;556;0;4
FR;4;2022-09-18;0;1;0;0;0;1;0;0;0;1081961;6870;1536;60;1083160;4255;556;0;4
FR;4;2022-09-19;3;0;2;0;3;2;0;0;0;1081964;6870;1538;60;1083163;4257;556;0;4
FR;4;2022-09-20;4;0;0;0;4;0;0;0;0;1081968;6870;1538;60;1083167;4257;556;0;4
FR;4;2022-09-21;2;1;0;0;2;1;0;0;0;1081970;6871;1538;60;1083169;4258;556;0;4
FR;4;2022-09-22;2;1;0;0;2;1;0;0;0;1081972;6872;1538;60;1083171;4259;556;0;4
FR;4;2022-09-23;2;3;0;0;3;2;0;0;0;1081974;6875;1538;60;1083174;4261;556;0;4
FR;4;2022-09-24;1;0;0;0;1;0;0;0;0;1081975;6875;1538;60;1083175;4261;556;0;4
FR;4;2022-09-25;0;0;0;0;0;0;0;0;0;1081975;6875;1538;60;1083175;4261;556;0;4
FR;4;2022-09-26;2;0;1;0;2;0;1;0;0;1081977;6875;1539;60;1083177;4261;557;0;4
FR;4;2022-09-27;1;0;1;1;1;0;2;0;0;1081978;6875;1540;61;1083178;4261;559;0;4
FR;4;2022-09-28;3;0;2;0;3;2;0;0;0;1081981;6875;1542;61;1083181;4263;559;0;4
FR;4;2022-09-29;3;0;1;1;3;1;1;0;0;1081984;6875;1543;62;1083184;4264;560;0;4
FR;4;2022-09-30;1;0;0;0;1;0;0;0;0;1081985;6875;1543;62;1083185;4264;560;0;4
FR;4;2022-10-01;1;1;0;0;2;0;0;0;0;1081986;6876;1543;62;1083187;4264;560;0;4
FR;4;2022-10-02;0;1;0;0;0;1;0;0;0;1081986;6877;1543;62;1083187;4265;560;0;4
FR;4;2022-10-03;2;2;1;1;3;2;1;0;0;1081988;6879;1544;63;1083190;4267;561;0;4
FR;4;2022-10-04;2;0;0;0;2;0;0;0;0;1081990;6879;1544;63;1083192;4267;561;0;4
FR;4;2022-10-05;0;1;0;0;0;1;0;0;0;1081990;6880;1544;63;1083192;4268;561;0;4
FR;4;2022-10-06;2;0;0;0;2;0;0;0;0;1081992;6880;1544;63;1083194;4268;561;0;4
FR;4;2022-10-07;3;0;1;0;3;0;1;0;0;1081995;6880;1545;63;1083197;4268;562;0;4
FR;4;2022-10-08;4;1;0;0;4;0;0;0;0;1081999;6881;1545;63;1083201;4268;562;0;4
FR;4;2022-10-09;0;0;0;0;0;0;0;0;0;1081999;6881;1545;63;1083201;4268;562;0;4
FR;4;2022-10-10;4;0;2;3;4;2;1;0;2;1082003;6881;1547;66;1083205;4270;563;0;6
FR;4;2022-10-11;1;2;0;0;1;1;0;0;0;1082004;6883;1547;66;1083206;4271;563;0;6
FR;4;2022-10-12;1;0;0;0;1;0;0;0;0;1082005;6883;1547;66;1083207;4271;563;0;6
FR;4;2022-10-13;5;0;0;0;5;0;0;0;0;1082010;6883;1547;66;1083212;4271;563;0;6
FR;4;2022-10-14;1;0;0;0;1;0;0;0;0;1082011;6883;1547;66;1083213;4271;563;0;6
FR;4;2022-10-15;1;2;0;0;1;2;0;0;0;1082012;6885;1547;66;1083214;4273;563;0;6
FR;4;2022-10-16;0;0;0;0;0;0;0;0;0;1082012;6885;1547;66;1083214;4273;563;0;6
FR;4;2022-10-17;2;0;1;0;2;1;0;0;0;1082014;6885;1548;66;1083216;4274;563;0;6
FR;4;2022-10-18;1;0;0;1;1;0;1;0;0;1082015;6885;1548;67;1083217;4274;564;0;6
FR;4;2022-10-19;1;0;0;2;1;0;2;0;3;1082016;6885;1548;69;1083218;4274;566;0;9
FR;4;2022-10-20;4;1;0;0;4;1;0;0;0;1082020;6886;1548;69;1083222;4275;566;0;9
FR;4;2022-10-21;1;0;0;0;1;0;0;0;0;1082021;6886;1548;69;1083223;4275;566;0;9
FR;4;2022-10-22;1;0;0;0;1;0;0;0;0;1082022;6886;1548;69;1083224;4275;566;0;9
FR;4;2022-10-23;0;0;0;0;0;0;0;0;0;1082022;6886;1548;69;1083224;4275;566;0;9
FR;4;2022-10-24;3;0;0;0;3;0;0;0;0;1082025;6886;1548;69;1083227;4275;566;0;9
FR;4;2022-10-25;2;0;0;0;2;0;0;0;0;1082027;6886;1548;69;1083229;4275;566;0;9
FR;4;2022-10-26;2;1;0;0;2;1;0;0;0;1082029;6887;1548;69;1083231;4276;566;0;9
FR;4;2022-10-27;3;1;1;0;3;0;1;0;0;1082032;6888;1549;69;1083234;4276;567;0;9
FR;4;2022-10-28;0;0;0;0;0;0;0;0;0;1082032;6888;1549;69;1083234;4276;567;0;9
FR;4;2022-10-29;1;0;0;3;1;0;3;0;3;1082033;6888;1549;72;1083235;4276;570;0;12
FR;4;2022-10-30;1;0;0;0;1;0;0;0;0;1082034;6888;1549;72;1083236;4276;570;0;12
FR;4;2022-10-31;1;0;0;0;1;0;0;0;0;1082035;6888;1549;72;1083237;4276;570;0;12
FR;4;2022-11-01;1;6;0;0;1;6;0;0;0;1082036;6894;1549;72;1083238;4282;570;0;12
FR;4;2022-11-02;0;0;2;2;0;1;3;0;0;1082036;6894;1551;74;1083238;4283;573;0;12
FR;4;2022-11-03;1;0;0;0;1;0;0;0;0;1082037;6894;1551;74;1083239;4283;573;0;12
FR;4;2022-11-04;4;1;0;0;4;0;0;0;0;1082041;6895;1551;74;1083243;4283;573;0;12
FR;4;2022-11-05;0;0;0;0;0;0;0;0;0;1082041;6895;1551;74;1083243;4283;573;0;12
FR;4;2022-11-06;2;0;0;0;2;0;0;0;0;1082043;6895;1551;74;1083245;4283;573;0;12
FR;4;2022-11-07;2;0;0;0;2;0;0;0;0;1082045;6895;1551;74;1083247;4283;573;0;12
FR;4;2022-11-08;7;0;0;0;7;0;0;0;0;1082052;6895;1551;74;1083254;4283;573;0;12
FR;4;2022-11-09;0;0;0;0;0;0;0;0;0;1082052;6895;1551;74;1083254;4283;573;0;12
FR;4;2022-11-10;0;0;0;0;0;0;0;0;0;1082052;6895;1551;74;1083254;4283;573;0;12
FR;4;2022-11-11;1;0;0;0;1;0;0;0;0;1082053;6895;1551;74;1083255;4283;573;0;12
FR;4;2022-11-12;3;1;0;0;3;1;0;0;0;1082056;6896;1551;74;1083258;4284;573;0;12
FR;4;2022-11-13;0;0;0;0;0;0;0;0;0;1082056;6896;1551;74;1083258;4284;573;0;12
FR;4;2022-11-14;0;0;0;0;0;0;0;0;0;1082056;6896;1551;74;1083258;4284;573;0;12
FR;4;2022-11-15;3;0;0;0;3;0;0;0;0;1082059;6896;1551;74;1083261;4284;573;0;12
FR;4;2022-11-16;1;1;0;0;1;1;0;0;0;1082060;6897;1551;74;1083262;4285;573;0;12
FR;4;2022-11-17;0;0;0;0;0;0;0;0;0;1082060;6897;1551;74;1083262;4285;573;0;12
FR;4;2022-11-18;5;0;1;0;5;0;1;0;0;1082065;6897;1552;74;1083267;4285;574;0;12
FR;4;2022-11-19;0;0;0;0;0;0;0;0;0;1082065;6897;1552;74;1083267;4285;574;0;12
FR;4;2022-11-20;0;0;0;1;0;0;0;0;1;1082065;6897;1552;75;1083267;4285;574;0;13
FR;4;2022-11-21;0;0;0;0;0;0;0;0;0;1082065;6897;1552;75;1083267;4285;574;0;13
FR;4;2022-11-22;0;1;1;0;0;2;0;0;0;1082065;6898;1553;75;1083267;4287;574;0;13
FR;4;2022-11-23;1;0;0;0;1;0;0;0;1;1082066;6898;1553;75;1083268;4287;574;0;14
FR;4;2022-11-24;0;2;0;0;0;2;0;0;0;1082066;6900;1553;75;1083268;4289;574;0;14
FR;4;2022-11-25;3;4;0;0;3;4;0;0;0;1082069;6904;1553;75;1083271;4293;574;0;14
FR;4;2022-11-26;1;0;0;0;1;0;0;0;0;1082070;6904;1553;75;1083272;4293;574;0;14
FR;4;2022-11-27;0;0;0;0;0;0;0;0;0;1082070;6904;1553;75;1083272;4293;574;0;14
FR;4;2022-11-28;3;0;0;0;3;0;0;0;0;1082073;6904;1553;75;1083275;4293;574;0;14
FR;4;2022-11-29;3;0;0;0;3;0;0;0;0;1082076;6904;1553;75;1083278;4293;574;0;14
FR;4;2022-11-30;0;0;0;0;0;0;0;0;0;1082076;6904;1553;75;1083278;4293;574;0;14
FR;4;2022-12-01;1;2;2;0;2;2;1;0;0;1082077;6906;1555;75;1083280;4295;575;0;14
FR;4;2022-12-02;2;1;0;1;2;1;0;0;1;1082079;6907;1555;76;1083282;4296;575;0;15
FR;4;2022-12-03;1;0;0;0;1;0;0;0;0;1082080;6907;1555;76;1083283;4296;575;0;15
FR;4;2022-12-04;0;0;0;0;0;0;0;0;0;1082080;6907;1555;76;1083283;4296;575;0;15
FR;4;2022-12-05;1;1;0;0;1;1;0;0;0;1082081;6908;1555;76;1083284;4297;575;0;15
FR;4;2022-12-06;2;0;0;0;2;0;0;0;0;1082083;6908;1555;76;1083286;4297;575;0;15
FR;4;2022-12-07;2;3;1;0;2;4;0;0;0;1082085;6911;1556;76;1083288;4301;575;0;15
FR;4;2022-12-08;1;0;0;0;1;0;0;0;0;1082086;6911;1556;76;1083289;4301;575;0;15
FR;4;2022-12-09;1;0;1;0;1;0;1;0;0;1082087;6911;1557;76;1083290;4301;576;0;15
FR;4;2022-12-10;1;0;0;0;1;0;0;0;0;1082088;6911;1557;76;1083291;4301;576;0;15
FR;4;2022-12-11;0;0;0;0;0;0;0;0;0;1082088;6911;1557;76;1083291;4301;576;0;15
FR;4;2022-12-12;1;1;0;5;1;1;5;0;0;1082089;6912;1557;81;1083292;4302;581;0;15
FR;4;2022-12-13;1;0;0;0;1;0;0;0;0;1082090;6912;1557;81;1083293;4302;581;0;15
FR;4;2022-12-14;0;0;0;0;0;0;0;0;0;1082090;6912;1557;81;1083293;4302;581;0;15
FR;4;2022-12-15;1;1;0;0;1;1;0;0;0;1082091;6913;1557;81;1083294;4303;581;0;15
FR;4;2022-12-16;2;0;0;0;2;0;0;0;0;1082093;6913;1557;81;1083296;4303;581;0;15
FR;4;2022-12-17;0;0;1;0;0;0;1;0;0;1082093;6913;1558;81;1083296;4303;582;0;15
FR;4;2022-12-18;1;0;0;0;1;0;0;0;0;1082094;6913;1558;81;1083297;4303;582;0;15
FR;4;2022-12-19;1;0;0;0;1;0;0;0;0;1082095;6913;1558;81;1083298;4303;582;0;15
FR;4;2022-12-20;4;2;0;0;5;1;0;0;0;1082099;6915;1558;81;1083303;4304;582;0;15
FR;4;2022-12-21;2;0;0;0;2;0;0;0;0;1082101;6915;1558;81;1083305;4304;582;0;15
FR;4;2022-12-22;0;1;0;0;0;1;0;0;0;1082101;6916;1558;81;1083305;4305;582;0;15
FR;4;2022-12-23;3;0;0;0;3;0;0;0;0;1082104;6916;1558;81;1083308;4305;582;0;15
FR;4;2022-12-24;0;0;0;0;0;0;0;0;0;1082104;6916;1558;81;1083308;4305;582;0;15
FR;4;2022-12-25;0;0;0;0;0;0;0;0;0;1082104;6916;1558;81;1083308;4305;582;0;15
FR;4;2022-12-26;1;2;0;0;1;1;0;0;0;1082105;6918;1558;81;1083309;4306;582;0;15
FR;4;2022-12-27;1;0;0;0;1;0;0;0;0;1082106;6918;1558;81;1083310;4306;582;0;15
FR;4;2022-12-28;0;0;0;0;0;0;0;0;0;1082106;6918;1558;81;1083310;4306;582;0;15
FR;4;2022-12-29;0;1;0;0;1;0;0;0;0;1082106;6919;1558;81;1083311;4306;582;0;15
FR;4;2022-12-30;1;0;0;0;1;0;0;0;0;1082107;6919;1558;81;1083312;4306;582;0;15
FR;4;2022-12-31;0;0;0;0;0;0;0;0;0;1082107;6919;1558;81;1083312;4306;582;0;15
FR;4;2023-01-01;0;0;0;0;0;0;0;0;0;1082107;6919;1558;81;1083312;4306;582;0;15
FR;4;2023-01-02;1;0;0;0;1;0;0;0;0;1082108;6919;1558;81;1083313;4306;582;0;15
FR;4;2023-01-03;0;0;0;0;0;0;0;0;0;1082108;6919;1558;81;1083313;4306;582;0;15
FR;4;2023-01-04;0;0;0;0;0;0;0;0;0;1082108;6919;1558;81;1083313;4306;582;0;15
FR;4;2023-01-05;0;0;0;0;0;0;0;0;0;1082108;6919;1558;81;1083313;4306;582;0;15
FR;4;2023-01-06;0;1;3;0;0;4;0;0;0;1082108;6920;1561;81;1083313;4310;582;0;15
FR;4;2023-01-07;1;0;0;0;1;0;0;0;0;1082109;6920;1561;81;1083314;4310;582;0;15
FR;4;2023-01-08;1;0;0;0;1;0;0;0;0;1082110;6920;1561;81;1083315;4310;582;0;15
FR;4;2023-01-09;1;0;0;0;1;0;0;0;0;1082111;6920;1561;81;1083316;4310;582;0;15
FR;4;2023-01-10;1;0;0;0;1;0;0;0;0;1082112;6920;1561;81;1083317;4310;582;0;15
FR;4;2023-01-11;0;0;0;0;0;0;0;0;0;1082112;6920;1561;81;1083317;4310;582;0;15
FR;4;2023-01-12;1;2;0;0;1;2;0;0;0;1082113;6922;1561;81;1083318;4312;582;0;15
FR;4;2023-01-13;1;0;2;0;1;0;2;0;0;1082114;6922;1563;81;1083319;4312;584;0;15
FR;4;2023-01-14;0;0;0;0;0;0;0;0;0;1082114;6922;1563;81;1083319;4312;584;0;15
FR;4;2023-01-15;0;0;0;0;0;0;0;0;0;1082114;6922;1563;81;1083319;4312;584;0;15
FR;4;2023-01-16;0;0;0;0;0;0;0;0;0;1082114;6922;1563;81;1083319;4312;584;0;15
FR;4;2023-01-17;2;0;0;0;2;0;0;0;0;1082116;6922;1563;81;1083321;4312;584;0;15
FR;4;2023-01-18;1;0;0;0;1;0;0;0;0;1082117;6922;1563;81;1083322;4312;584;0;15
FR;4;2023-01-19;1;0;0;2;1;0;0;0;0;1082118;6922;1563;83;1083323;4312;584;0;15
FR;4;2023-01-20;0;0;0;0;0;0;0;0;0;1082118;6922;1563;83;1083323;4312;584;0;15
FR;4;2023-01-21;0;0;0;0;0;0;0;0;0;1082118;6922;1563;83;1083323;4312;584;0;15
FR;4;2023-01-22;0;0;0;0;0;0;0;0;0;1082118;6922;1563;83;1083323;4312;584;0;15
FR;4;2023-01-23;0;0;0;0;0;0;0;0;0;1082118;6922;1563;83;1083323;4312;584;0;15
FR;4;2023-01-24;2;0;0;0;2;0;0;0;0;1082120;6922;1563;83;1083325;4312;584;0;15
FR;4;2023-01-25;0;0;0;0;0;0;0;0;0;1082120;6922;1563;83;1083325;4312;584;0;15
FR;4;2023-01-26;0;0;0;0;0;0;0;0;0;1082120;6922;1563;83;1083325;4312;584;0;15
FR;4;2023-01-27;0;0;0;0;0;0;0;0;0;1082120;6922;1563;83;1083325;4312;584;0;15
FR;4;2023-01-28;0;0;0;0;0;0;0;0;0;1082120;6922;1563;83;1083325;4312;584;0;15
FR;4;2023-01-29;0;0;0;0;0;0;0;0;0;1082120;6922;1563;83;1083325;4312;584;0;15
FR;4;2023-01-30;0;0;0;0;0;0;0;0;0;1082120;6922;1563;83;1083325;4312;584;0;15
FR;5;2020-12-27;0;0;0;0;0;0;0;0;0;0;0;0;0;0;0;0;0;0
FR;5;2020-12-28;0;0;0;0;0;0;0;0;0;0;0;0;0;0;0;0;0;0
FR;5;2020-12-29;0;0;0;0;0;0;0;0;0;0;0;0;0;0;0;0;0;0
FR;5;2020-12-30;0;0;0;0;0;0;0;0;0;0;0;0;0;0;0;0;0;0
FR;5;2020-12-31;0;0;0;0;0;0;0;0;0;0;0;0;0;0;0;0;0;0
FR;5;2021-01-01;0;0;0;0;0;0;0;0;0;0;0;0;0;0;0;0;0;0
FR;5;2021-01-02;0;0;0;0;0;0;0;0;0;0;0;0;0;0;0;0;0;0
FR;5;2021-01-03;0;0;0;0;0;0;0;0;0;0;0;0;0;0;0;0;0;0
FR;5;2021-01-04;0;0;0;0;0;0;0;0;0;0;0;0;0;0;0;0;0;0
FR;5;2021-01-05;0;0;0;0;0;0;0;0;0;0;0;0;0;0;0;0;0;0
FR;5;2021-01-06;0;0;0;0;0;0;0;0;0;0;0;0;0;0;0;0;0;0
FR;5;2021-01-07;0;0;0;0;0;0;0;0;0;0;0;0;0;0;0;0;0;0
FR;5;2021-01-08;0;0;0;0;0;0;0;0;0;0;0;0;0;0;0;0;0;0
FR;5;2021-01-09;0;0;0;0;0;0;0;0;0;0;0;0;0;0;0;0;0;0
FR;5;2021-01-10;0;0;0;0;0;0;0;0;0;0;0;0;0;0;0;0;0;0
FR;5;2021-01-11;0;0;0;0;0;0;0;0;0;0;0;0;0;0;0;0;0;0
FR;5;2021-01-12;0;0;0;0;0;0;0;0;0;0;0;0;0;0;0;0;0;0
FR;5;2021-01-13;0;0;0;0;0;0;0;0;0;0;0;0;0;0;0;0;0;0
FR;5;2021-01-14;0;0;0;0;0;0;0;0;0;0;0;0;0;0;0;0;0;0
FR;5;2021-01-15;0;0;0;0;0;0;0;0;0;0;0;0;0;0;0;0;0;0
FR;5;2021-01-16;0;0;0;0;0;0;0;0;0;0;0;0;0;0;0;0;0;0
FR;5;2021-01-17;0;0;0;0;0;0;0;0;0;0;0;0;0;0;0;0;0;0
FR;5;2021-01-18;0;0;0;0;0;0;0;0;0;0;0;0;0;0;0;0;0;0
FR;5;2021-01-19;0;0;0;0;0;0;0;0;0;0;0;0;0;0;0;0;0;0
FR;5;2021-01-20;0;0;0;0;0;0;0;0;0;0;0;0;0;0;0;0;0;0
FR;5;2021-01-21;0;0;0;0;0;0;0;0;0;0;0;0;0;0;0;0;0;0
FR;5;2021-01-22;0;0;0;0;0;0;0;0;0;0;0;0;0;0;0;0;0;0
FR;5;2021-01-23;0;0;0;0;0;0;0;0;0;0;0;0;0;0;0;0;0;0
FR;5;2021-01-24;0;0;0;0;0;0;0;0;0;0;0;0;0;0;0;0;0;0
FR;5;2021-01-25;0;0;0;0;0;0;0;0;0;0;0;0;0;0;0;0;0;0
FR;5;2021-01-26;0;0;0;0;0;0;0;0;0;0;0;0;0;0;0;0;0;0
FR;5;2021-01-27;0;0;0;0;0;0;0;0;0;0;0;0;0;0;0;0;0;0
FR;5;2021-01-28;0;0;0;0;0;0;0;0;0;0;0;0;0;0;0;0;0;0
FR;5;2021-01-29;0;0;0;0;0;0;0;0;0;0;0;0;0;0;0;0;0;0
FR;5;2021-01-30;0;0;0;0;0;0;0;0;0;0;0;0;0;0;0;0;0;0
FR;5;2021-01-31;0;0;0;0;0;0;0;0;0;0;0;0;0;0;0;0;0;0
FR;5;2021-02-01;0;0;0;0;0;0;0;0;0;0;0;0;0;0;0;0;0;0
FR;5;2021-02-02;0;0;0;0;0;0;0;0;0;0;0;0;0;0;0;0;0;0
FR;5;2021-02-03;0;0;0;0;0;0;0;0;0;0;0;0;0;0;0;0;0;0
FR;5;2021-02-04;0;0;0;0;0;0;0;0;0;0;0;0;0;0;0;0;0;0
FR;5;2021-02-05;0;0;0;0;0;0;0;0;0;0;0;0;0;0;0;0;0;0
FR;5;2021-02-06;0;0;0;0;0;0;0;0;0;0;0;0;0;0;0;0;0;0
FR;5;2021-02-07;0;0;0;0;0;0;0;0;0;0;0;0;0;0;0;0;0;0
FR;5;2021-02-08;0;0;0;0;0;0;0;0;0;0;0;0;0;0;0;0;0;0
FR;5;2021-02-09;0;0;0;0;0;0;0;0;0;0;0;0;0;0;0;0;0;0
FR;5;2021-02-10;0;0;0;0;0;0;0;0;0;0;0;0;0;0;0;0;0;0
FR;5;2021-02-11;0;0;0;0;0;0;0;0;0;0;0;0;0;0;0;0;0;0
FR;5;2021-02-12;0;0;0;0;0;0;0;0;0;0;0;0;0;0;0;0;0;0
FR;5;2021-02-13;0;0;0;0;0;0;0;0;0;0;0;0;0;0;0;0;0;0
FR;5;2021-02-14;0;0;0;0;0;0;0;0;0;0;0;0;0;0;0;0;0;0
FR;5;2021-02-15;0;0;0;0;0;0;0;0;0;0;0;0;0;0;0;0;0;0
FR;5;2021-02-16;0;0;0;0;0;0;0;0;0;0;0;0;0;0;0;0;0;0
FR;5;2021-02-17;0;0;0;0;0;0;0;0;0;0;0;0;0;0;0;0;0;0
FR;5;2021-02-18;0;0;0;0;0;0;0;0;0;0;0;0;0;0;0;0;0;0
FR;5;2021-02-19;0;0;0;0;0;0;0;0;0;0;0;0;0;0;0;0;0;0
FR;5;2021-02-20;0;0;0;0;0;0;0;0;0;0;0;0;0;0;0;0;0;0
FR;5;2021-02-21;0;0;0;0;0;0;0;0;0;0;0;0;0;0;0;0;0;0
FR;5;2021-02-22;0;0;0;0;0;0;0;0;0;0;0;0;0;0;0;0;0;0
FR;5;2021-02-23;0;0;0;0;0;0;0;0;0;0;0;0;0;0;0;0;0;0
FR;5;2021-02-24;0;0;0;0;0;0;0;0;0;0;0;0;0;0;0;0;0;0
FR;5;2021-02-25;0;0;0;0;0;0;0;0;0;0;0;0;0;0;0;0;0;0
FR;5;2021-02-26;0;0;0;0;0;0;0;0;0;0;0;0;0;0;0;0;0;0
FR;5;2021-02-27;0;0;0;0;0;0;0;0;0;0;0;0;0;0;0;0;0;0
FR;5;2021-02-28;0;0;0;0;0;0;0;0;0;0;0;0;0;0;0;0;0;0
FR;5;2021-03-01;0;0;0;0;0;0;0;0;0;0;0;0;0;0;0;0;0;0
FR;5;2021-03-02;0;0;0;0;0;0;0;0;0;0;0;0;0;0;0;0;0;0
FR;5;2021-03-03;0;0;0;0;0;0;0;0;0;0;0;0;0;0;0;0;0;0
FR;5;2021-03-04;0;0;0;0;0;0;0;0;0;0;0;0;0;0;0;0;0;0
FR;5;2021-03-05;0;0;0;0;0;0;0;0;0;0;0;0;0;0;0;0;0;0
FR;5;2021-03-06;0;0;0;0;0;0;0;0;0;0;0;0;0;0;0;0;0;0
FR;5;2021-03-07;0;0;0;0;0;0;0;0;0;0;0;0;0;0;0;0;0;0
FR;5;2021-03-08;0;0;0;0;0;0;0;0;0;0;0;0;0;0;0;0;0;0
FR;5;2021-03-09;0;0;0;0;0;0;0;0;0;0;0;0;0;0;0;0;0;0
FR;5;2021-03-10;0;0;0;0;0;0;0;0;0;0;0;0;0;0;0;0;0;0
FR;5;2021-03-11;0;0;0;0;0;0;0;0;0;0;0;0;0;0;0;0;0;0
FR;5;2021-03-12;0;0;0;0;0;0;0;0;0;0;0;0;0;0;0;0;0;0
FR;5;2021-03-13;0;0;0;0;0;0;0;0;0;0;0;0;0;0;0;0;0;0
FR;5;2021-03-14;0;0;0;0;0;0;0;0;0;0;0;0;0;0;0;0;0;0
FR;5;2021-03-15;0;0;0;0;0;0;0;0;0;0;0;0;0;0;0;0;0;0
FR;5;2021-03-16;0;0;0;0;0;0;0;0;0;0;0;0;0;0;0;0;0;0
FR;5;2021-03-17;0;0;0;0;0;0;0;0;0;0;0;0;0;0;0;0;0;0
FR;5;2021-03-18;0;0;0;0;0;0;0;0;0;0;0;0;0;0;0;0;0;0
FR;5;2021-03-19;0;0;0;0;0;0;0;0;0;0;0;0;0;0;0;0;0;0
FR;5;2021-03-20;0;0;0;0;0;0;0;0;0;0;0;0;0;0;0;0;0;0
FR;5;2021-03-21;0;0;0;0;0;0;0;0;0;0;0;0;0;0;0;0;0;0
FR;5;2021-03-22;0;0;0;0;0;0;0;0;0;0;0;0;0;0;0;0;0;0
FR;5;2021-03-23;0;0;0;0;0;0;0;0;0;0;0;0;0;0;0;0;0;0
FR;5;2021-03-24;0;0;0;0;0;0;0;0;0;0;0;0;0;0;0;0;0;0
FR;5;2021-03-25;0;0;0;0;0;0;0;0;0;0;0;0;0;0;0;0;0;0
FR;5;2021-03-26;0;0;0;0;0;0;0;0;0;0;0;0;0;0;0;0;0;0
FR;5;2021-03-27;0;0;0;0;0;0;0;0;0;0;0;0;0;0;0;0;0;0
FR;5;2021-03-28;0;0;0;0;0;0;0;0;0;0;0;0;0;0;0;0;0;0
FR;5;2021-03-29;0;0;0;0;0;0;0;0;0;0;0;0;0;0;0;0;0;0
FR;5;2021-03-30;0;0;0;0;0;0;0;0;0;0;0;0;0;0;0;0;0;0
FR;5;2021-03-31;0;0;0;0;0;0;0;0;0;0;0;0;0;0;0;0;0;0
FR;5;2021-04-01;0;0;0;0;0;0;0;0;0;0;0;0;0;0;0;0;0;0
FR;5;2021-04-02;0;0;0;0;0;0;0;0;0;0;0;0;0;0;0;0;0;0
FR;5;2021-04-03;0;0;0;0;0;0;0;0;0;0;0;0;0;0;0;0;0;0
FR;5;2021-04-04;0;0;0;0;0;0;0;0;0;0;0;0;0;0;0;0;0;0
FR;5;2021-04-05;0;0;0;0;0;0;0;0;0;0;0;0;0;0;0;0;0;0
FR;5;2021-04-06;0;0;0;0;0;0;0;0;0;0;0;0;0;0;0;0;0;0
FR;5;2021-04-07;0;0;0;0;0;0;0;0;0;0;0;0;0;0;0;0;0;0
FR;5;2021-04-08;0;0;0;0;0;0;0;0;0;0;0;0;0;0;0;0;0;0
FR;5;2021-04-09;0;0;0;0;0;0;0;0;0;0;0;0;0;0;0;0;0;0
FR;5;2021-04-10;0;0;0;0;0;0;0;0;0;0;0;0;0;0;0;0;0;0
FR;5;2021-04-11;0;0;0;0;0;0;0;0;0;0;0;0;0;0;0;0;0;0
FR;5;2021-04-12;0;0;0;0;0;0;0;0;0;0;0;0;0;0;0;0;0;0
FR;5;2021-04-13;0;0;0;0;0;0;0;0;0;0;0;0;0;0;0;0;0;0
FR;5;2021-04-14;0;0;0;0;0;0;0;0;0;0;0;0;0;0;0;0;0;0
FR;5;2021-04-15;0;0;0;0;0;0;0;0;0;0;0;0;0;0;0;0;0;0
FR;5;2021-04-16;0;0;0;0;0;0;0;0;0;0;0;0;0;0;0;0;0;0
FR;5;2021-04-17;0;0;0;0;0;0;0;0;0;0;0;0;0;0;0;0;0;0
FR;5;2021-04-18;0;0;0;0;0;0;0;0;0;0;0;0;0;0;0;0;0;0
FR;5;2021-04-19;0;0;0;0;0;0;0;0;0;0;0;0;0;0;0;0;0;0
FR;5;2021-04-20;0;0;0;0;0;0;0;0;0;0;0;0;0;0;0;0;0;0
FR;5;2021-04-21;0;0;0;0;0;0;0;0;0;0;0;0;0;0;0;0;0;0
FR;5;2021-04-22;0;0;0;0;0;0;0;0;0;0;0;0;0;0;0;0;0;0
FR;5;2021-04-23;0;0;0;0;0;0;0;0;0;0;0;0;0;0;0;0;0;0
FR;5;2021-04-24;0;0;0;0;0;0;0;0;0;0;0;0;0;0;0;0;0;0
FR;5;2021-04-25;0;0;0;0;0;0;0;0;0;0;0;0;0;0;0;0;0;0
FR;5;2021-04-26;0;0;0;0;0;0;0;0;0;0;0;0;0;0;0;0;0;0
FR;5;2021-04-27;0;0;0;0;0;0;0;0;0;0;0;0;0;0;0;0;0;0
FR;5;2021-04-28;0;0;0;0;0;0;0;0;0;0;0;0;0;0;0;0;0;0
FR;5;2021-04-29;0;0;0;0;0;0;0;0;0;0;0;0;0;0;0;0;0;0
FR;5;2021-04-30;0;0;0;0;0;0;0;0;0;0;0;0;0;0;0;0;0;0
FR;5;2021-05-01;0;0;0;0;0;0;0;0;0;0;0;0;0;0;0;0;0;0
FR;5;2021-05-02;0;0;0;0;0;0;0;0;0;0;0;0;0;0;0;0;0;0
FR;5;2021-05-03;0;0;0;0;0;0;0;0;0;0;0;0;0;0;0;0;0;0
FR;5;2021-05-04;0;0;0;0;0;0;0;0;0;0;0;0;0;0;0;0;0;0
FR;5;2021-05-05;0;0;0;0;0;0;0;0;0;0;0;0;0;0;0;0;0;0
FR;5;2021-05-06;0;0;0;0;0;0;0;0;0;0;0;0;0;0;0;0;0;0
FR;5;2021-05-07;0;0;0;0;0;0;0;0;0;0;0;0;0;0;0;0;0;0
FR;5;2021-05-08;0;0;0;0;0;0;0;0;0;0;0;0;0;0;0;0;0;0
FR;5;2021-05-09;0;0;0;0;0;0;0;0;0;0;0;0;0;0;0;0;0;0
FR;5;2021-05-10;0;0;0;0;0;0;0;0;0;0;0;0;0;0;0;0;0;0
FR;5;2021-05-11;0;0;0;0;0;0;0;0;0;0;0;0;0;0;0;0;0;0
FR;5;2021-05-12;0;0;0;0;0;0;0;0;0;0;0;0;0;0;0;0;0;0
FR;5;2021-05-13;0;0;0;0;0;0;0;0;0;0;0;0;0;0;0;0;0;0
FR;5;2021-05-14;0;0;0;0;0;0;0;0;0;0;0;0;0;0;0;0;0;0
FR;5;2021-05-15;0;0;0;0;0;0;0;0;0;0;0;0;0;0;0;0;0;0
FR;5;2021-05-16;0;0;0;0;0;0;0;0;0;0;0;0;0;0;0;0;0;0
FR;5;2021-05-17;0;0;0;0;0;0;0;0;0;0;0;0;0;0;0;0;0;0
FR;5;2021-05-18;0;0;0;0;0;0;0;0;0;0;0;0;0;0;0;0;0;0
FR;5;2021-05-19;0;0;0;0;0;0;0;0;0;0;0;0;0;0;0;0;0;0
FR;5;2021-05-20;0;0;0;0;0;0;0;0;0;0;0;0;0;0;0;0;0;0
FR;5;2021-05-21;0;0;0;0;0;0;0;0;0;0;0;0;0;0;0;0;0;0
FR;5;2021-05-22;0;0;0;0;0;0;0;0;0;0;0;0;0;0;0;0;0;0
FR;5;2021-05-23;0;0;0;0;0;0;0;0;0;0;0;0;0;0;0;0;0;0
FR;5;2021-05-24;0;0;0;0;0;0;0;0;0;0;0;0;0;0;0;0;0;0
FR;5;2021-05-25;0;0;0;0;0;0;0;0;0;0;0;0;0;0;0;0;0;0
FR;5;2021-05-26;0;0;0;0;0;0;0;0;0;0;0;0;0;0;0;0;0;0
FR;5;2021-05-27;0;0;0;0;0;0;0;0;0;0;0;0;0;0;0;0;0;0
FR;5;2021-05-28;0;0;0;0;0;0;0;0;0;0;0;0;0;0;0;0;0;0
FR;5;2021-05-29;0;0;0;0;0;0;0;0;0;0;0;0;0;0;0;0;0;0
FR;5;2021-05-30;0;0;0;0;0;0;0;0;0;0;0;0;0;0;0;0;0;0
FR;5;2021-05-31;0;0;0;0;0;0;0;0;0;0;0;0;0;0;0;0;0;0
FR;5;2021-06-01;0;0;0;0;0;0;0;0;0;0;0;0;0;0;0;0;0;0
FR;5;2021-06-02;0;0;0;0;0;0;0;0;0;0;0;0;0;0;0;0;0;0
FR;5;2021-06-03;0;0;0;0;0;0;0;0;0;0;0;0;0;0;0;0;0;0
FR;5;2021-06-04;0;0;0;0;0;0;0;0;0;0;0;0;0;0;0;0;0;0
FR;5;2021-06-05;0;0;0;0;0;0;0;0;0;0;0;0;0;0;0;0;0;0
FR;5;2021-06-06;0;0;0;0;0;0;0;0;0;0;0;0;0;0;0;0;0;0
FR;5;2021-06-07;0;0;0;0;0;0;0;0;0;0;0;0;0;0;0;0;0;0
FR;5;2021-06-08;0;0;0;0;0;0;0;0;0;0;0;0;0;0;0;0;0;0
FR;5;2021-06-09;0;0;0;0;0;0;0;0;0;0;0;0;0;0;0;0;0;0
FR;5;2021-06-10;0;0;0;0;0;0;0;0;0;0;0;0;0;0;0;0;0;0
FR;5;2021-06-11;0;0;0;0;0;0;0;0;0;0;0;0;0;0;0;0;0;0
FR;5;2021-06-12;0;0;0;0;0;0;0;0;0;0;0;0;0;0;0;0;0;0
FR;5;2021-06-13;0;0;0;0;0;0;0;0;0;0;0;0;0;0;0;0;0;0
FR;5;2021-06-14;0;0;0;0;0;0;0;0;0;0;0;0;0;0;0;0;0;0
FR;5;2021-06-15;0;0;0;0;0;0;0;0;0;0;0;0;0;0;0;0;0;0
FR;5;2021-06-16;0;0;0;0;0;0;0;0;0;0;0;0;0;0;0;0;0;0
FR;5;2021-06-17;0;0;0;0;0;0;0;0;0;0;0;0;0;0;0;0;0;0
FR;5;2021-06-18;0;0;0;0;0;0;0;0;0;0;0;0;0;0;0;0;0;0
FR;5;2021-06-19;0;0;0;0;0;0;0;0;0;0;0;0;0;0;0;0;0;0
FR;5;2021-06-20;0;0;0;0;0;0;0;0;0;0;0;0;0;0;0;0;0;0
FR;5;2021-06-21;0;0;0;0;0;0;0;0;0;0;0;0;0;0;0;0;0;0
FR;5;2021-06-22;0;0;0;0;0;0;0;0;0;0;0;0;0;0;0;0;0;0
FR;5;2021-06-23;0;0;0;0;0;0;0;0;0;0;0;0;0;0;0;0;0;0
FR;5;2021-06-24;0;0;0;0;0;0;0;0;0;0;0;0;0;0;0;0;0;0
FR;5;2021-06-25;0;0;0;0;0;0;0;0;0;0;0;0;0;0;0;0;0;0
FR;5;2021-06-26;0;0;0;0;0;0;0;0;0;0;0;0;0;0;0;0;0;0
FR;5;2021-06-27;0;0;0;0;0;0;0;0;0;0;0;0;0;0;0;0;0;0
FR;5;2021-06-28;0;0;0;0;0;0;0;0;0;0;0;0;0;0;0;0;0;0
FR;5;2021-06-29;0;0;0;0;0;0;0;0;0;0;0;0;0;0;0;0;0;0
FR;5;2021-06-30;0;0;0;0;0;0;0;0;0;0;0;0;0;0;0;0;0;0
FR;5;2021-07-01;0;0;0;0;0;0;0;0;0;0;0;0;0;0;0;0;0;0
FR;5;2021-07-02;0;0;0;0;0;0;0;0;0;0;0;0;0;0;0;0;0;0
FR;5;2021-07-03;0;0;0;0;0;0;0;0;0;0;0;0;0;0;0;0;0;0
FR;5;2021-07-04;0;0;0;0;0;0;0;0;0;0;0;0;0;0;0;0;0;0
FR;5;2021-07-05;0;0;0;0;0;0;0;0;0;0;0;0;0;0;0;0;0;0
FR;5;2021-07-06;0;0;0;0;0;0;0;0;0;0;0;0;0;0;0;0;0;0
FR;5;2021-07-07;0;0;0;0;0;0;0;0;0;0;0;0;0;0;0;0;0;0
FR;5;2021-07-08;0;0;0;0;0;0;0;0;0;0;0;0;0;0;0;0;0;0
FR;5;2021-07-09;0;0;0;0;0;0;0;0;0;0;0;0;0;0;0;0;0;0
FR;5;2021-07-10;0;0;0;0;0;0;0;0;0;0;0;0;0;0;0;0;0;0
FR;5;2021-07-11;0;0;0;0;0;0;0;0;0;0;0;0;0;0;0;0;0;0
FR;5;2021-07-12;0;0;0;0;0;0;0;0;0;0;0;0;0;0;0;0;0;0
FR;5;2021-07-13;0;0;0;0;0;0;0;0;0;0;0;0;0;0;0;0;0;0
FR;5;2021-07-14;0;0;0;0;0;0;0;0;0;0;0;0;0;0;0;0;0;0
FR;5;2021-07-15;0;0;0;0;0;0;0;0;0;0;0;0;0;0;0;0;0;0
FR;5;2021-07-16;0;0;0;0;0;0;0;0;0;0;0;0;0;0;0;0;0;0
FR;5;2021-07-17;0;0;0;0;0;0;0;0;0;0;0;0;0;0;0;0;0;0
FR;5;2021-07-18;0;0;0;0;0;0;0;0;0;0;0;0;0;0;0;0;0;0
FR;5;2021-07-19;0;0;0;0;0;0;0;0;0;0;0;0;0;0;0;0;0;0
FR;5;2021-07-20;0;0;0;0;0;0;0;0;0;0;0;0;0;0;0;0;0;0
FR;5;2021-07-21;0;0;0;0;0;0;0;0;0;0;0;0;0;0;0;0;0;0
FR;5;2021-07-22;0;0;0;0;0;0;0;0;0;0;0;0;0;0;0;0;0;0
FR;5;2021-07-23;0;0;0;0;0;0;0;0;0;0;0;0;0;0;0;0;0;0
FR;5;2021-07-24;0;0;0;0;0;0;0;0;0;0;0;0;0;0;0;0;0;0
FR;5;2021-07-25;0;0;0;0;0;0;0;0;0;0;0;0;0;0;0;0;0;0
FR;5;2021-07-26;0;0;0;0;0;0;0;0;0;0;0;0;0;0;0;0;0;0
FR;5;2021-07-27;0;0;0;0;0;0;0;0;0;0;0;0;0;0;0;0;0;0
FR;5;2021-07-28;0;0;0;0;0;0;0;0;0;0;0;0;0;0;0;0;0;0
FR;5;2021-07-29;0;0;0;0;0;0;0;0;0;0;0;0;0;0;0;0;0;0
FR;5;2021-07-30;0;0;0;0;0;0;0;0;0;0;0;0;0;0;0;0;0;0
FR;5;2021-07-31;0;0;0;0;0;0;0;0;0;0;0;0;0;0;0;0;0;0
FR;5;2021-08-01;0;0;0;0;0;0;0;0;0;0;0;0;0;0;0;0;0;0
FR;5;2021-08-02;0;0;0;0;0;0;0;0;0;0;0;0;0;0;0;0;0;0
FR;5;2021-08-03;0;0;0;0;0;0;0;0;0;0;0;0;0;0;0;0;0;0
FR;5;2021-08-04;0;0;0;0;0;0;0;0;0;0;0;0;0;0;0;0;0;0
FR;5;2021-08-05;0;0;0;0;0;0;0;0;0;0;0;0;0;0;0;0;0;0
FR;5;2021-08-06;0;0;0;0;0;0;0;0;0;0;0;0;0;0;0;0;0;0
FR;5;2021-08-07;0;0;0;0;0;0;0;0;0;0;0;0;0;0;0;0;0;0
FR;5;2021-08-08;0;0;0;0;0;0;0;0;0;0;0;0;0;0;0;0;0;0
FR;5;2021-08-09;0;0;0;0;0;0;0;0;0;0;0;0;0;0;0;0;0;0
FR;5;2021-08-10;0;0;0;0;0;0;0;0;0;0;0;0;0;0;0;0;0;0
FR;5;2021-08-11;0;0;0;0;0;0;0;0;0;0;0;0;0;0;0;0;0;0
FR;5;2021-08-12;0;0;0;0;0;0;0;0;0;0;0;0;0;0;0;0;0;0
FR;5;2021-08-13;0;0;0;0;0;0;0;0;0;0;0;0;0;0;0;0;0;0
FR;5;2021-08-14;0;0;0;0;0;0;0;0;0;0;0;0;0;0;0;0;0;0
FR;5;2021-08-15;0;0;0;0;0;0;0;0;0;0;0;0;0;0;0;0;0;0
FR;5;2021-08-16;0;0;0;0;0;0;0;0;0;0;0;0;0;0;0;0;0;0
FR;5;2021-08-17;0;0;0;0;0;0;0;0;0;0;0;0;0;0;0;0;0;0
FR;5;2021-08-18;0;0;0;0;0;0;0;0;0;0;0;0;0;0;0;0;0;0
FR;5;2021-08-19;0;0;0;0;0;0;0;0;0;0;0;0;0;0;0;0;0;0
FR;5;2021-08-20;0;0;0;0;0;0;0;0;0;0;0;0;0;0;0;0;0;0
FR;5;2021-08-21;0;0;0;0;0;0;0;0;0;0;0;0;0;0;0;0;0;0
FR;5;2021-08-22;0;0;0;0;0;0;0;0;0;0;0;0;0;0;0;0;0;0
FR;5;2021-08-23;0;0;0;0;0;0;0;0;0;0;0;0;0;0;0;0;0;0
FR;5;2021-08-24;0;0;0;0;0;0;0;0;0;0;0;0;0;0;0;0;0;0
FR;5;2021-08-25;0;0;0;0;0;0;0;0;0;0;0;0;0;0;0;0;0;0
FR;5;2021-08-26;0;0;0;0;0;0;0;0;0;0;0;0;0;0;0;0;0;0
FR;5;2021-08-27;0;0;0;0;0;0;0;0;0;0;0;0;0;0;0;0;0;0
FR;5;2021-08-28;0;0;0;0;0;0;0;0;0;0;0;0;0;0;0;0;0;0
FR;5;2021-08-29;0;0;0;0;0;0;0;0;0;0;0;0;0;0;0;0;0;0
FR;5;2021-08-30;0;0;0;0;0;0;0;0;0;0;0;0;0;0;0;0;0;0
FR;5;2021-08-31;0;0;0;0;0;0;0;0;0;0;0;0;0;0;0;0;0;0
FR;5;2021-09-01;0;0;0;0;0;0;0;0;0;0;0;0;0;0;0;0;0;0
FR;5;2021-09-02;0;0;0;0;0;0;0;0;0;0;0;0;0;0;0;0;0;0
FR;5;2021-09-03;0;0;0;0;0;0;0;0;0;0;0;0;0;0;0;0;0;0
FR;5;2021-09-04;0;0;0;0;0;0;0;0;0;0;0;0;0;0;0;0;0;0
FR;5;2021-09-05;0;0;0;0;0;0;0;0;0;0;0;0;0;0;0;0;0;0
FR;5;2021-09-06;0;0;0;0;0;0;0;0;0;0;0;0;0;0;0;0;0;0
FR;5;2021-09-07;0;0;0;0;0;0;0;0;0;0;0;0;0;0;0;0;0;0
FR;5;2021-09-08;0;0;0;0;0;0;0;0;0;0;0;0;0;0;0;0;0;0
FR;5;2021-09-09;0;0;0;0;0;0;0;0;0;0;0;0;0;0;0;0;0;0
FR;5;2021-09-10;0;0;0;0;0;0;0;0;0;0;0;0;0;0;0;0;0;0
FR;5;2021-09-11;0;0;0;0;0;0;0;0;0;0;0;0;0;0;0;0;0;0
FR;5;2021-09-12;0;0;0;0;0;0;0;0;0;0;0;0;0;0;0;0;0;0
FR;5;2021-09-13;0;0;0;0;0;0;0;0;0;0;0;0;0;0;0;0;0;0
FR;5;2021-09-14;0;0;0;0;0;0;0;0;0;0;0;0;0;0;0;0;0;0
FR;5;2021-09-15;0;0;0;0;0;0;0;0;0;0;0;0;0;0;0;0;0;0
FR;5;2021-09-16;0;0;0;0;0;0;0;0;0;0;0;0;0;0;0;0;0;0
FR;5;2021-09-17;0;0;0;0;0;0;0;0;0;0;0;0;0;0;0;0;0;0
FR;5;2021-09-18;0;0;0;0;0;0;0;0;0;0;0;0;0;0;0;0;0;0
FR;5;2021-09-19;0;0;0;0;0;0;0;0;0;0;0;0;0;0;0;0;0;0
FR;5;2021-09-20;0;0;0;0;0;0;0;0;0;0;0;0;0;0;0;0;0;0
FR;5;2021-09-21;0;0;0;0;0;0;0;0;0;0;0;0;0;0;0;0;0;0
FR;5;2021-09-22;0;0;0;0;0;0;0;0;0;0;0;0;0;0;0;0;0;0
FR;5;2021-09-23;0;0;0;0;0;0;0;0;0;0;0;0;0;0;0;0;0;0
FR;5;2021-09-24;0;0;0;0;0;0;0;0;0;0;0;0;0;0;0;0;0;0
FR;5;2021-09-25;0;0;0;0;0;0;0;0;0;0;0;0;0;0;0;0;0;0
FR;5;2021-09-26;0;0;0;0;0;0;0;0;0;0;0;0;0;0;0;0;0;0
FR;5;2021-09-27;0;0;0;0;0;0;0;0;0;0;0;0;0;0;0;0;0;0
FR;5;2021-09-28;0;0;0;0;0;0;0;0;0;0;0;0;0;0;0;0;0;0
FR;5;2021-09-29;0;0;0;0;0;0;0;0;0;0;0;0;0;0;0;0;0;0
FR;5;2021-09-30;0;0;0;0;0;0;0;0;0;0;0;0;0;0;0;0;0;0
FR;5;2021-10-01;0;0;0;0;0;0;0;0;0;0;0;0;0;0;0;0;0;0
FR;5;2021-10-02;0;0;0;0;0;0;0;0;0;0;0;0;0;0;0;0;0;0
FR;5;2021-10-03;0;0;0;0;0;0;0;0;0;0;0;0;0;0;0;0;0;0
FR;5;2021-10-04;0;0;0;0;0;0;0;0;0;0;0;0;0;0;0;0;0;0
FR;5;2021-10-05;0;0;0;0;0;0;0;0;0;0;0;0;0;0;0;0;0;0
FR;5;2021-10-06;0;0;0;0;0;0;0;0;0;0;0;0;0;0;0;0;0;0
FR;5;2021-10-07;0;0;0;0;0;0;0;0;0;0;0;0;0;0;0;0;0;0
FR;5;2021-10-08;0;0;0;0;0;0;0;0;0;0;0;0;0;0;0;0;0;0
FR;5;2021-10-09;0;0;0;0;0;0;0;0;0;0;0;0;0;0;0;0;0;0
FR;5;2021-10-10;0;0;0;0;0;0;0;0;0;0;0;0;0;0;0;0;0;0
FR;5;2021-10-11;0;0;0;0;0;0;0;0;0;0;0;0;0;0;0;0;0;0
FR;5;2021-10-12;0;0;0;0;0;0;0;0;0;0;0;0;0;0;0;0;0;0
FR;5;2021-10-13;0;0;0;0;0;0;0;0;0;0;0;0;0;0;0;0;0;0
FR;5;2021-10-14;0;0;0;0;0;0;0;0;0;0;0;0;0;0;0;0;0;0
FR;5;2021-10-15;0;0;0;0;0;0;0;0;0;0;0;0;0;0;0;0;0;0
FR;5;2021-10-16;0;0;0;0;0;0;0;0;0;0;0;0;0;0;0;0;0;0
FR;5;2021-10-17;0;0;0;0;0;0;0;0;0;0;0;0;0;0;0;0;0;0
FR;5;2021-10-18;0;0;0;0;0;0;0;0;0;0;0;0;0;0;0;0;0;0
FR;5;2021-10-19;0;0;0;0;0;0;0;0;0;0;0;0;0;0;0;0;0;0
FR;5;2021-10-20;0;0;0;0;0;0;0;0;0;0;0;0;0;0;0;0;0;0
FR;5;2021-10-21;0;0;0;0;0;0;0;0;0;0;0;0;0;0;0;0;0;0
FR;5;2021-10-22;0;0;0;0;0;0;0;0;0;0;0;0;0;0;0;0;0;0
FR;5;2021-10-23;0;0;0;0;0;0;0;0;0;0;0;0;0;0;0;0;0;0
FR;5;2021-10-24;0;0;0;0;0;0;0;0;0;0;0;0;0;0;0;0;0;0
FR;5;2021-10-25;0;0;0;0;0;0;0;0;0;0;0;0;0;0;0;0;0;0
FR;5;2021-10-26;0;0;0;0;0;0;0;0;0;0;0;0;0;0;0;0;0;0
FR;5;2021-10-27;0;0;0;0;0;0;0;0;0;0;0;0;0;0;0;0;0;0
FR;5;2021-10-28;0;0;0;0;0;0;0;0;0;0;0;0;0;0;0;0;0;0
FR;5;2021-10-29;0;0;0;0;0;0;0;0;0;0;0;0;0;0;0;0;0;0
FR;5;2021-10-30;0;0;0;0;0;0;0;0;0;0;0;0;0;0;0;0;0;0
FR;5;2021-10-31;0;0;0;0;0;0;0;0;0;0;0;0;0;0;0;0;0;0
FR;5;2021-11-01;0;0;0;0;0;0;0;0;0;0;0;0;0;0;0;0;0;0
FR;5;2021-11-02;0;0;0;0;0;0;0;0;0;0;0;0;0;0;0;0;0;0
FR;5;2021-11-03;0;0;0;0;0;0;0;0;0;0;0;0;0;0;0;0;0;0
FR;5;2021-11-04;0;0;0;0;0;0;0;0;0;0;0;0;0;0;0;0;0;0
FR;5;2021-11-05;0;0;0;0;0;0;0;0;0;0;0;0;0;0;0;0;0;0
FR;5;2021-11-06;0;0;0;0;0;0;0;0;0;0;0;0;0;0;0;0;0;0
FR;5;2021-11-07;0;0;0;0;0;0;0;0;0;0;0;0;0;0;0;0;0;0
FR;5;2021-11-08;0;0;0;0;0;0;0;0;0;0;0;0;0;0;0;0;0;0
FR;5;2021-11-09;0;0;0;0;0;0;0;0;0;0;0;0;0;0;0;0;0;0
FR;5;2021-11-10;0;0;0;0;0;0;0;0;0;0;0;0;0;0;0;0;0;0
FR;5;2021-11-11;0;0;0;0;0;0;0;0;0;0;0;0;0;0;0;0;0;0
FR;5;2021-11-12;0;0;0;0;0;0;0;0;0;0;0;0;0;0;0;0;0;0
FR;5;2021-11-13;0;0;0;0;0;0;0;0;0;0;0;0;0;0;0;0;0;0
FR;5;2021-11-14;0;0;0;0;0;0;0;0;0;0;0;0;0;0;0;0;0;0
FR;5;2021-11-15;0;0;0;0;0;0;0;0;0;0;0;0;0;0;0;0;0;0
FR;5;2021-11-16;0;0;0;0;0;0;0;0;0;0;0;0;0;0;0;0;0;0
FR;5;2021-11-17;0;0;0;0;0;0;0;0;0;0;0;0;0;0;0;0;0;0
FR;5;2021-11-18;0;0;0;0;0;0;0;0;0;0;0;0;0;0;0;0;0;0
FR;5;2021-11-19;0;0;0;0;0;0;0;0;0;0;0;0;0;0;0;0;0;0
FR;5;2021-11-20;0;0;0;0;0;0;0;0;0;0;0;0;0;0;0;0;0;0
FR;5;2021-11-21;0;0;0;0;0;0;0;0;0;0;0;0;0;0;0;0;0;0
FR;5;2021-11-22;0;0;0;0;0;0;0;0;0;0;0;0;0;0;0;0;0;0
FR;5;2021-11-23;0;0;0;0;0;0;0;0;0;0;0;0;0;0;0;0;0;0
FR;5;2021-11-24;0;0;0;0;0;0;0;0;0;0;0;0;0;0;0;0;0;0
FR;5;2021-11-25;0;0;0;0;0;0;0;0;0;0;0;0;0;0;0;0;0;0
FR;5;2021-11-26;0;0;0;0;0;0;0;0;0;0;0;0;0;0;0;0;0;0
FR;5;2021-11-27;0;0;0;0;0;0;0;0;0;0;0;0;0;0;0;0;0;0
FR;5;2021-11-28;0;0;0;0;0;0;0;0;0;0;0;0;0;0;0;0;0;0
FR;5;2021-11-29;0;0;0;0;0;0;0;0;0;0;0;0;0;0;0;0;0;0
FR;5;2021-11-30;0;0;0;0;0;0;0;0;0;0;0;0;0;0;0;0;0;0
FR;5;2021-12-01;0;0;0;0;0;0;0;0;0;0;0;0;0;0;0;0;0;0
FR;5;2021-12-02;0;0;0;0;0;0;0;0;0;0;0;0;0;0;0;0;0;0
FR;5;2021-12-03;0;0;0;0;0;0;0;0;0;0;0;0;0;0;0;0;0;0
FR;5;2021-12-04;0;0;0;0;0;0;0;0;0;0;0;0;0;0;0;0;0;0
FR;5;2021-12-05;0;0;0;0;0;0;0;0;0;0;0;0;0;0;0;0;0;0
FR;5;2021-12-06;0;0;0;0;0;0;0;0;0;0;0;0;0;0;0;0;0;0
FR;5;2021-12-07;0;0;0;0;0;0;0;0;0;0;0;0;0;0;0;0;0;0
FR;5;2021-12-08;0;0;0;0;0;0;0;0;0;0;0;0;0;0;0;0;0;0
FR;5;2021-12-09;0;0;0;0;0;0;0;0;0;0;0;0;0;0;0;0;0;0
FR;5;2021-12-10;0;0;0;0;0;0;0;0;0;0;0;0;0;0;0;0;0;0
FR;5;2021-12-11;0;0;0;0;0;0;0;0;0;0;0;0;0;0;0;0;0;0
FR;5;2021-12-12;0;0;0;0;0;0;0;0;0;0;0;0;0;0;0;0;0;0
FR;5;2021-12-13;0;0;0;0;0;0;0;0;0;0;0;0;0;0;0;0;0;0
FR;5;2021-12-14;33;45;77;0;27;88;1;0;0;33;45;77;0;27;88;1;0;0
FR;5;2021-12-15;196;44;37;0;42;49;0;0;0;229;89;114;0;69;137;1;0;0
FR;5;2021-12-16;181;21;44;0;38;48;0;0;0;410;110;158;0;107;185;1;0;0
FR;5;2021-12-17;313;16;72;0;34;74;2;0;0;723;126;230;0;141;259;3;0;0
FR;5;2021-12-18;766;24;22;0;67;29;0;0;0;1489;150;252;0;208;288;3;0;0
FR;5;2021-12-19;585;15;15;0;67;17;0;0;0;2074;165;267;0;275;305;3;0;0
FR;5;2021-12-20;1225;31;34;0;134;37;2;0;0;3299;196;301;0;409;342;5;0;0
FR;5;2021-12-21;1535;22;54;1;141;60;0;0;0;4834;218;355;1;550;402;5;0;0
FR;5;2021-12-22;4069;40;37;0;420;46;2;0;0;8903;258;392;1;970;448;7;0;0
FR;5;2021-12-23;3043;16;21;0;305;25;0;0;0;11946;274;413;1;1275;473;7;0;0
FR;5;2021-12-24;761;18;9;0;103;14;0;0;0;12707;292;422;1;1378;487;7;0;0
FR;5;2021-12-25;61;5;2;0;9;3;0;0;0;12768;297;424;1;1387;490;7;0;0
FR;5;2021-12-26;623;6;3;0;101;4;0;0;0;13391;303;427;1;1488;494;7;0;0
FR;5;2021-12-27;4085;25;21;0;458;23;1;0;0;17476;328;448;1;1946;517;8;0;0
FR;5;2021-12-28;5204;23;41;1;512;43;2;0;0;22680;351;489;2;2458;560;10;0;0
FR;5;2021-12-29;8105;34;66;1;886;69;0;0;0;30785;385;555;3;3344;629;10;0;0
FR;5;2021-12-30;5173;18;33;0;525;39;0;0;0;35958;403;588;3;3869;668;10;0;0
FR;5;2021-12-31;1553;8;10;0;182;11;0;0;0;37511;411;598;3;4051;679;10;0;0
FR;5;2022-01-01;186;2;2;0;24;3;0;0;0;37697;413;600;3;4075;682;10;0;0
FR;5;2022-01-02;1489;1;1;0;152;1;0;0;0;39186;414;601;3;4227;683;10;0;0
FR;5;2022-01-03;3068;36;34;0;322;33;1;0;0;42254;450;635;3;4549;716;11;0;0
FR;5;2022-01-04;3034;39;33;0;320;42;3;0;0;45288;489;668;3;4869;758;14;0;0
FR;5;2022-01-05;19324;203;97;1;2114;108;0;0;0;64612;692;765;4;6983;866;14;0;0
FR;5;2022-01-06;3748;134;122;0;507;142;2;0;0;68360;826;887;4;7490;1008;16;0;0
FR;5;2022-01-07;5006;202;48;2;703;56;1;0;0;73366;1028;935;6;8193;1064;17;0;0
FR;5;2022-01-08;13659;514;45;0;2001;52;0;0;0;87025;1542;980;6;10194;1116;17;0;0
FR;5;2022-01-09;5754;399;15;0;1112;20;1;0;0;92779;1941;995;6;11306;1136;18;0;0
FR;5;2022-01-10;3455;326;25;0;733;29;0;0;0;96234;2267;1020;6;12039;1165;18;0;0
FR;5;2022-01-11;3671;284;38;0;662;41;1;0;0;99905;2551;1058;6;12701;1206;19;0;0
FR;5;2022-01-12;22650;3005;89;0;5297;112;2;0;0;122555;5556;1147;6;17998;1318;21;0;0
FR;5;2022-01-13;4039;623;29;0;1051;31;2;0;0;126594;6179;1176;6;19049;1349;23;0;0
FR;5;2022-01-14;4843;583;45;0;1115;52;1;0;0;131437;6762;1221;6;20164;1401;24;0;0
FR;5;2022-01-15;14686;1747;38;3;3375;49;3;0;0;146123;8509;1259;9;23539;1450;27;0;0
FR;5;2022-01-16;4728;666;3;0;1261;5;0;0;0;150851;9175;1262;9;24800;1455;27;0;0
FR;5;2022-01-17;2297;718;26;0;986;29;0;0;0;153148;9893;1288;9;25786;1484;27;0;0
FR;5;2022-01-18;2431;870;30;0;1141;40;0;0;0;155579;10763;1318;9;26927;1524;27;0;0
FR;5;2022-01-19;18484;6423;74;2;8365;142;3;0;0;174063;17186;1392;11;35292;1666;30;0;0
FR;5;2022-01-20;1920;1067;25;0;1295;34;2;0;0;175983;18253;1417;11;36587;1700;32;0;0
FR;5;2022-01-21;3077;1372;47;1;1677;59;2;0;0;179060;19625;1464;12;38264;1759;34;0;0
FR;5;2022-01-22;10720;3454;33;1;4671;43;1;0;0;189780;23079;1497;13;42935;1802;35;0;0
FR;5;2022-01-23;2629;1415;6;0;1789;10;0;0;0;192409;24494;1503;13;44724;1812;35;0;0
FR;5;2022-01-24;1161;1340;19;0;1446;23;1;0;0;193570;25834;1522;13;46170;1835;36;0;0
FR;5;2022-01-25;1220;1549;20;2;1682;31;3;0;0;194790;27383;1542;15;47852;1866;39;0;0
FR;5;2022-01-26;10748;12032;50;1;13299;89;1;0;1;205538;39415;1592;16;61151;1955;40;0;1
FR;5;2022-01-27;1291;1693;10;0;1838;17;0;0;0;206829;41108;1602;16;62989;1972;40;0;1
FR;5;2022-01-28;1699;3346;16;0;3566;19;1;0;0;208528;44454;1618;16;66555;1991;41;0;1
FR;5;2022-01-29;6241;8041;68;0;8855;96;2;0;0;214769;52495;1686;16;75410;2087;43;0;1
FR;5;2022-01-30;1509;2950;5;0;3185;18;0;0;0;216278;55445;1691;16;78595;2105;43;0;1
FR;5;2022-01-31;589;1773;23;0;1837;24;3;0;0;216867;57218;1714;16;80432;2129;46;0;1
FR;5;2022-02-01;712;1706;10;0;1791;15;0;0;0;217579;58924;1724;16;82223;2144;46;0;1
FR;5;2022-02-02;6958;15655;52;0;16603;94;0;0;0;224537;74579;1776;16;98826;2238;46;0;1
FR;5;2022-02-03;492;1691;14;0;1748;13;5;0;0;225029;76270;1790;16;100574;2251;51;0;1
FR;5;2022-02-04;945;3002;19;0;3123;31;0;0;0;225974;79272;1809;16;103697;2282;51;0;1
FR;5;2022-02-05;3535;8919;23;0;9517;37;0;0;0;229509;88191;1832;16;113214;2319;51;0;1
FR;5;2022-02-06;737;2397;10;0;2556;19;0;0;0;230246;90588;1842;16;115770;2338;51;0;1
FR;5;2022-02-07;884;1596;23;0;1715;25;2;0;0;231130;92184;1865;16;117485;2363;53;0;1
FR;5;2022-02-08;725;1287;18;0;1407;20;2;0;0;231855;93471;1883;16;118892;2383;55;0;1
FR;5;2022-02-09;4544;12880;44;0;13608;76;1;0;0;236399;106351;1927;16;132500;2459;56;0;1
FR;5;2022-02-10;646;1059;14;0;1166;15;0;0;0;237045;107410;1941;16;133666;2474;56;0;1
FR;5;2022-02-11;793;2032;16;0;2163;21;1;0;0;237838;109442;1957;16;135829;2495;57;0;1
FR;5;2022-02-12;2286;6812;33;0;7279;53;0;0;0;240124;116254;1990;16;143108;2548;57;0;1
FR;5;2022-02-13;464;1541;8;0;1654;8;1;0;0;240588;117795;1998;16;144762;2556;58;0;1
FR;5;2022-02-14;678;1288;10;0;1407;13;1;0;0;241266;119083;2008;16;146169;2569;59;0;1
FR;5;2022-02-15;482;886;9;0;968;14;1;0;0;241748;119969;2017;16;147137;2583;60;0;1
FR;5;2022-02-16;2980;9124;41;1;9676;58;2;0;0;244728;129093;2058;17;156813;2641;62;0;1
FR;5;2022-02-17;436;809;6;0;876;7;1;0;0;245164;129902;2064;17;157689;2648;63;0;1
FR;5;2022-02-18;649;1408;13;0;1535;17;0;0;0;245813;131310;2077;17;159224;2665;63;0;1
FR;5;2022-02-19;1373;4315;16;0;4623;28;0;0;0;247186;135625;2093;17;163847;2693;63;0;1
FR;5;2022-02-20;247;879;6;0;941;8;0;0;0;247433;136504;2099;17;164788;2701;63;0;1
FR;5;2022-02-21;221;607;2;0;661;4;1;0;0;247654;137111;2101;17;165449;2705;64;0;1
FR;5;2022-02-22;262;545;17;0;591;17;1;0;0;247916;137656;2118;17;166040;2722;65;0;1
FR;5;2022-02-23;1909;6926;23;1;7346;43;0;0;0;249825;144582;2141;18;173386;2765;65;0;1
FR;5;2022-02-24;182;374;6;1;421;7;1;0;0;250007;144956;2147;19;173807;2772;66;0;1
FR;5;2022-02-25;336;950;13;0;1027;12;2;0;0;250343;145906;2160;19;174834;2784;68;0;1
FR;5;2022-02-26;972;3071;11;0;3333;15;2;0;0;251315;148977;2171;19;178167;2799;70;0;1
FR;5;2022-02-27;151;506;0;0;549;3;0;0;0;251466;149483;2171;19;178716;2802;70;0;1
FR;5;2022-02-28;162;369;1;0;408;1;0;0;0;251628;149852;2172;19;179124;2803;70;0;1
FR;5;2022-03-01;130;280;6;0;315;7;1;0;0;251758;150132;2178;19;179439;2810;71;0;1
FR;5;2022-03-02;1242;4156;28;3;4497;40;3;0;0;253000;154288;2206;22;183936;2850;74;0;1
FR;5;2022-03-03;121;251;5;0;271;10;1;0;0;253121;154539;2211;22;184207;2860;75;0;1
FR;5;2022-03-04;197;488;13;0;538;14;2;0;0;253318;155027;2224;22;184745;2874;77;0;1
FR;5;2022-03-05;677;1990;8;0;2243;16;2;0;0;253995;157017;2232;22;186988;2890;79;0;1
FR;5;2022-03-06;108;260;0;0;310;0;0;0;0;254103;157277;2232;22;187298;2890;79;0;1
FR;5;2022-03-07;71;228;5;0;254;3;2;0;0;254174;157505;2237;22;187552;2893;81;0;1
FR;5;2022-03-08;46;134;7;1;141;8;3;0;0;254220;157639;2244;23;187693;2901;84;0;1
FR;5;2022-03-09;910;3078;24;0;3408;36;0;0;0;255130;160717;2268;23;191101;2937;84;0;1
FR;5;2022-03-10;82;202;9;0;215;13;3;0;0;255212;160919;2277;23;191316;2950;87;0;1
FR;5;2022-03-11;148;369;13;1;427;15;0;0;0;255360;161288;2290;24;191743;2965;87;0;1
FR;5;2022-03-12;758;1613;13;1;1976;30;0;0;0;256118;162901;2303;25;193719;2995;87;0;1
FR;5;2022-03-13;78;100;0;0;133;0;0;0;0;256196;163001;2303;25;193852;2995;87;0;1
FR;5;2022-03-14;67;119;7;1;139;7;1;0;0;256263;163120;2310;26;193991;3002;88;0;1
FR;5;2022-03-15;83;99;4;0;119;7;1;0;0;256346;163219;2314;26;194110;3009;89;0;1
FR;5;2022-03-16;882;1827;15;3;2227;36;7;0;0;257228;165046;2329;29;196337;3045;96;0;1
FR;5;2022-03-17;68;123;8;4;151;10;4;0;0;257296;165169;2337;33;196488;3055;100;0;1
FR;5;2022-03-18;172;318;13;4;391;18;4;0;0;257468;165487;2350;37;196879;3073;104;0;1
FR;5;2022-03-19;752;1163;12;5;1555;33;8;0;0;258220;166650;2362;42;198434;3106;112;0;1
FR;5;2022-03-20;45;93;1;0;119;1;0;0;0;258265;166743;2363;42;198553;3107;112;0;1
FR;5;2022-03-21;71;120;10;6;136;15;8;0;0;258336;166863;2373;48;198689;3122;120;0;1
FR;5;2022-03-22;56;119;8;7;143;9;6;0;0;258392;166982;2381;55;198832;3131;126;0;1
FR;5;2022-03-23;805;1461;14;8;1878;36;9;0;0;259197;168443;2395;63;200710;3167;135;0;1
FR;5;2022-03-24;71;93;8;7;118;7;10;0;0;259268;168536;2403;70;200828;3174;145;0;1
FR;5;2022-03-25;222;293;14;8;388;18;9;0;0;259490;168829;2417;78;201216;3192;154;0;1
FR;5;2022-03-26;707;853;12;5;1273;26;6;0;1;260197;169682;2429;83;202489;3218;160;0;2
FR;5;2022-03-27;75;81;0;0;124;3;0;0;0;260272;169763;2429;83;202613;3221;160;0;2
FR;5;2022-03-28;81;93;1;2;132;3;2;0;0;260353;169856;2430;85;202745;3224;162;0;2
FR;5;2022-03-29;71;82;10;4;113;12;5;0;0;260424;169938;2440;89;202858;3236;167;0;2
FR;5;2022-03-30;823;1116;16;13;1604;29;14;0;0;261247;171054;2456;102;204462;3265;181;0;2
FR;5;2022-03-31;102;125;1;4;173;6;4;0;0;261349;171179;2457;106;204635;3271;185;0;2
FR;5;2022-04-01;114;86;7;12;135;11;12;0;1;261463;171265;2464;118;204770;3282;197;0;3
FR;5;2022-04-02;330;349;3;3;535;15;4;0;0;261793;171614;2467;121;205305;3297;201;0;3
FR;5;2022-04-03;54;59;1;0;88;1;0;0;0;261847;171673;2468;121;205393;3298;201;0;3
FR;5;2022-04-04;40;57;4;1;70;8;2;0;0;261887;171730;2472;122;205463;3306;203;0;3
FR;5;2022-04-05;53;60;6;6;75;9;5;0;0;261940;171790;2478;128;205538;3315;208;0;3
FR;5;2022-04-06;421;439;7;14;678;16;14;0;0;262361;172229;2485;142;206216;3331;222;0;3
FR;5;2022-04-07;45;69;5;7;89;7;10;0;0;262406;172298;2490;149;206305;3338;232;0;3
FR;5;2022-04-08;134;112;12;13;175;14;15;0;0;262540;172410;2502;162;206480;3352;247;0;3
FR;5;2022-04-09;311;324;2;5;511;17;5;0;0;262851;172734;2504;167;206991;3369;252;0;3
FR;5;2022-04-10;44;31;2;0;61;2;1;0;0;262895;172765;2506;167;207052;3371;253;0;3
FR;5;2022-04-11;50;60;3;2;78;4;3;0;0;262945;172825;2509;169;207130;3375;256;0;3
FR;5;2022-04-12;59;54;3;3;78;5;3;0;0;263004;172879;2512;172;207208;3380;259;0;3
FR;5;2022-04-13;382;413;3;8;606;16;8;0;0;263386;173292;2515;180;207814;3396;267;0;3
FR;5;2022-04-14;48;53;5;5;70;9;3;0;0;263434;173345;2520;185;207884;3405;270;0;3
FR;5;2022-04-15;91;109;4;4;150;5;6;0;0;263525;173454;2524;189;208034;3410;276;0;3
FR;5;2022-04-16;188;184;2;1;265;13;1;0;0;263713;173638;2526;190;208299;3423;277;0;3
FR;5;2022-04-17;12;11;1;0;17;1;0;0;0;263725;173649;2527;190;208316;3424;277;0;3
FR;5;2022-04-18;9;10;2;0;11;3;1;0;0;263734;173659;2529;190;208327;3427;278;0;3
FR;5;2022-04-19;75;71;6;1;96;6;4;0;0;263809;173730;2535;191;208423;3433;282;0;3
FR;5;2022-04-20;361;349;9;6;522;12;7;0;0;264170;174079;2544;197;208945;3445;289;0;3
FR;5;2022-04-21;42;64;9;10;71;12;14;0;0;264212;174143;2553;207;209016;3457;303;0;3
FR;5;2022-04-22;113;96;5;4;144;5;5;0;0;264325;174239;2558;211;209160;3462;308;0;3
FR;5;2022-04-23;209;193;4;2;284;11;3;0;0;264534;174432;2562;213;209444;3473;311;0;3
FR;5;2022-04-24;37;35;0;0;50;3;0;0;0;264571;174467;2562;213;209494;3476;311;0;3
FR;5;2022-04-25;69;65;1;1;102;4;1;0;0;264640;174532;2563;214;209596;3480;312;0;3
FR;5;2022-04-26;60;63;2;1;85;5;1;0;0;264700;174595;2565;215;209681;3485;313;0;3
FR;5;2022-04-27;335;316;3;7;463;14;8;0;0;265035;174911;2568;222;210144;3499;321;0;3
FR;5;2022-04-28;81;54;4;5;81;8;7;0;0;265116;174965;2572;227;210225;3507;328;0;3
FR;5;2022-04-29;117;84;5;19;117;12;17;0;0;265233;175049;2577;246;210342;3519;345;0;3
FR;5;2022-04-30;183;114;2;3;184;10;4;0;0;265416;175163;2579;249;210526;3529;349;0;3
FR;5;2022-05-01;11;7;0;0;11;0;0;0;0;265427;175170;2579;249;210537;3529;349;0;3
FR;5;2022-05-02;52;28;4;5;48;2;7;0;0;265479;175198;2583;254;210585;3531;356;0;3
FR;5;2022-05-03;87;57;2;4;84;11;4;0;0;265566;175255;2585;258;210669;3542;360;0;3
FR;5;2022-05-04;278;205;1;2;324;7;2;0;0;265844;175460;2586;260;210993;3549;362;0;3
FR;5;2022-05-05;62;32;3;4;46;5;4;0;0;265906;175492;2589;264;211039;3554;366;0;3
FR;5;2022-05-06;105;65;2;3;106;5;3;0;0;266011;175557;2591;267;211145;3559;369;0;3
FR;5;2022-05-07;171;117;2;10;180;13;7;0;0;266182;175674;2593;277;211325;3572;376;0;3
FR;5;2022-05-08;8;8;0;0;9;2;0;0;0;266190;175682;2593;277;211334;3574;376;0;3
FR;5;2022-05-09;44;34;15;3;51;16;4;0;0;266234;175716;2608;280;211385;3590;380;0;3
FR;5;2022-05-10;54;49;3;4;67;5;5;0;0;266288;175765;2611;284;211452;3595;385;0;3
FR;5;2022-05-11;327;237;12;7;344;21;11;0;0;266615;176002;2623;291;211796;3616;396;0;3
FR;5;2022-05-12;46;34;2;2;47;2;3;0;0;266661;176036;2625;293;211843;3618;399;0;3
FR;5;2022-05-13;109;83;3;8;119;8;7;0;0;266770;176119;2628;301;211962;3626;406;0;3
FR;5;2022-05-14;209;131;0;1;212;8;0;0;0;266979;176250;2628;302;212174;3634;406;0;3
FR;5;2022-05-15;22;9;2;0;18;1;1;0;0;267001;176259;2630;302;212192;3635;407;0;3
FR;5;2022-05-16;52;34;4;5;53;4;5;0;0;267053;176293;2634;307;212245;3639;412;0;3
FR;5;2022-05-17;72;40;5;0;68;2;3;0;0;267125;176333;2639;307;212313;3641;415;0;3
FR;5;2022-05-18;289;215;4;4;330;8;6;0;0;267414;176548;2643;311;212643;3649;421;0;3
FR;5;2022-05-19;45;35;5;3;42;3;4;0;0;267459;176583;2648;314;212685;3652;425;0;3
FR;5;2022-05-20;76;63;3;10;92;1;11;0;0;267535;176646;2651;324;212777;3653;436;0;3
FR;5;2022-05-21;242;166;2;3;268;17;1;0;0;267777;176812;2653;327;213045;3670;437;0;3
FR;5;2022-05-22;20;14;2;5;20;2;6;0;0;267797;176826;2655;332;213065;3672;443;0;3
FR;5;2022-05-23;42;31;4;3;42;6;3;0;0;267839;176857;2659;335;213107;3678;446;0;3
FR;5;2022-05-24;47;45;3;2;60;5;2;0;0;267886;176902;2662;337;213167;3683;448;0;3
FR;5;2022-05-25;329;257;4;1;385;16;1;0;0;268215;177159;2666;338;213552;3699;449;0;3
FR;5;2022-05-26;17;5;0;1;9;2;0;0;1;268232;177164;2666;339;213561;3701;449;0;4
FR;5;2022-05-27;99;54;4;4;89;9;3;0;0;268331;177218;2670;343;213650;3710;452;0;4
FR;5;2022-05-28;100;78;5;3;106;10;3;0;0;268431;177296;2675;346;213756;3720;455;0;4
FR;5;2022-05-29;14;14;1;0;18;2;0;0;0;268445;177310;2676;346;213774;3722;455;0;4
FR;5;2022-05-30;56;41;2;1;54;2;2;0;0;268501;177351;2678;347;213828;3724;457;0;4
FR;5;2022-05-31;57;43;1;8;62;1;8;0;0;268558;177394;2679;355;213890;3725;465;0;4
FR;5;2022-06-01;257;241;9;2;301;25;5;0;0;268815;177635;2688;357;214191;3750;470;0;4
FR;5;2022-06-02;63;61;5;0;73;9;1;0;0;268878;177696;2693;357;214264;3759;471;0;4
FR;5;2022-06-03;82;71;4;5;88;10;6;0;0;268960;177767;2697;362;214352;3769;477;0;4
FR;5;2022-06-04;157;109;2;1;187;9;1;0;0;269117;177876;2699;363;214539;3778;478;0;4
FR;5;2022-06-05;18;11;0;0;21;1;0;0;0;269135;177887;2699;363;214560;3779;478;0;4
FR;5;2022-06-06;16;12;0;1;15;0;1;0;0;269151;177899;2699;364;214575;3779;479;0;4
FR;5;2022-06-07;50;56;1;1;76;2;1;0;0;269201;177955;2700;365;214651;3781;480;0;4
FR;5;2022-06-08;283;225;3;4;332;17;2;0;0;269484;178180;2703;369;214983;3798;482;0;4
FR;5;2022-06-09;52;41;6;3;57;7;2;0;1;269536;178221;2709;372;215040;3805;484;0;5
FR;5;2022-06-10;81;72;1;1;105;6;1;0;0;269617;178293;2710;373;215145;3811;485;0;5
FR;5;2022-06-11;173;141;3;3;202;10;4;0;0;269790;178434;2713;376;215347;3821;489;0;5
FR;5;2022-06-12;17;16;0;0;19;2;0;0;0;269807;178450;2713;376;215366;3823;489;0;5
FR;5;2022-06-13;56;47;9;3;70;10;6;0;0;269863;178497;2722;379;215436;3833;495;0;5
FR;5;2022-06-14;59;56;1;4;64;6;4;0;0;269922;178553;2723;383;215500;3839;499;0;5
FR;5;2022-06-15;266;260;5;2;363;27;1;0;0;270188;178813;2728;385;215863;3866;500;0;5
FR;5;2022-06-16;47;30;5;2;44;5;2;0;0;270235;178843;2733;387;215907;3871;502;0;5
FR;5;2022-06-17;100;67;5;5;102;10;5;0;0;270335;178910;2738;392;216009;3881;507;0;5
FR;5;2022-06-18;146;95;10;2;152;26;2;0;1;270481;179005;2748;394;216161;3907;509;0;6
FR;5;2022-06-19;26;15;0;1;18;4;1;0;0;270507;179020;2748;395;216179;3911;510;0;6
FR;5;2022-06-20;56;50;8;0;62;11;2;0;0;270563;179070;2756;395;216241;3922;512;0;6
FR;5;2022-06-21;52;73;5;3;90;7;5;0;1;270615;179143;2761;398;216331;3929;517;0;7
FR;5;2022-06-22;224;247;7;9;347;33;10;0;0;270839;179390;2768;407;216678;3962;527;0;7
FR;5;2022-06-23;50;38;2;5;43;6;6;0;0;270889;179428;2770;412;216721;3968;533;0;7
FR;5;2022-06-24;91;70;12;5;101;16;8;0;0;270980;179498;2782;417;216822;3984;541;0;7
FR;5;2022-06-25;154;124;3;7;185;14;8;0;1;271134;179622;2785;424;217007;3998;549;0;8
FR;5;2022-06-26;26;19;2;0;29;5;0;0;0;271160;179641;2787;424;217036;4003;549;0;8
FR;5;2022-06-27;57;60;5;7;78;11;9;0;0;271217;179701;2792;431;217114;4014;558;0;8
FR;5;2022-06-28;70;49;8;2;69;14;5;0;0;271287;179750;2800;433;217183;4028;563;0;8
FR;5;2022-06-29;297;268;9;21;391;34;23;0;0;271584;180018;2809;454;217574;4062;586;0;8
FR;5;2022-06-30;89;57;10;12;89;17;11;0;0;271673;180075;2819;466;217663;4079;597;0;8
FR;5;2022-07-01;127;65;7;11;118;12;11;0;2;271800;180140;2826;477;217781;4091;608;0;10
FR;5;2022-07-02;191;132;4;0;210;22;0;0;0;271991;180272;2830;477;217991;4113;608;0;10
FR;5;2022-07-03;30;25;1;0;36;4;0;0;0;272021;180297;2831;477;218027;4117;608;0;10
FR;5;2022-07-04;103;65;2;5;102;7;5;0;1;272124;180362;2833;482;218129;4124;613;0;11
FR;5;2022-07-05;104;72;3;8;107;13;8;0;1;272228;180434;2836;490;218236;4137;621;0;12
FR;5;2022-07-06;277;168;9;36;289;27;36;0;0;272505;180602;2845;526;218525;4164;657;0;12
FR;5;2022-07-07;88;69;6;9;89;13;11;0;0;272593;180671;2851;535;218614;4177;668;0;12
FR;5;2022-07-08;152;120;7;14;146;25;13;0;1;272745;180791;2858;549;218760;4202;681;0;13
FR;5;2022-07-09;116;68;1;8;100;10;8;0;0;272861;180859;2859;557;218860;4212;689;0;13
FR;5;2022-07-10;15;6;0;0;10;1;0;0;0;272876;180865;2859;557;218870;4213;689;0;13
FR;5;2022-07-11;92;72;10;2;98;19;3;0;0;272968;180937;2869;559;218968;4232;692;0;13
FR;5;2022-07-12;67;63;5;10;81;7;12;0;0;273035;181000;2874;569;219049;4239;704;0;13
FR;5;2022-07-13;169;118;10;19;196;16;23;0;0;273204;181118;2884;588;219245;4255;727;0;13
FR;5;2022-07-14;8;4;0;0;7;0;0;0;0;273212;181122;2884;588;219252;4255;727;0;13
FR;5;2022-07-15;74;66;5;14;86;15;15;0;0;273286;181188;2889;602;219338;4270;742;0;13
FR;5;2022-07-16;54;44;3;0;71;3;2;0;0;273340;181232;2892;602;219409;4273;744;0;13
FR;5;2022-07-17;10;7;3;0;10;2;2;0;0;273350;181239;2895;602;219419;4275;746;0;13
FR;5;2022-07-18;60;47;0;4;70;4;3;0;0;273410;181286;2895;606;219489;4279;749;0;13
FR;5;2022-07-19;63;42;5;3;63;7;4;0;0;273473;181328;2900;609;219552;4286;753;0;13
FR;5;2022-07-20;119;106;4;11;141;14;9;0;0;273592;181434;2904;620;219693;4300;762;0;13
FR;5;2022-07-21;38;43;2;10;52;5;10;0;0;273630;181477;2906;630;219745;4305;772;0;13
FR;5;2022-07-22;48;69;11;13;75;23;11;0;1;273678;181546;2917;643;219820;4328;783;0;14
FR;5;2022-07-23;59;78;2;1;95;11;2;0;0;273737;181624;2919;644;219915;4339;785;0;14
FR;5;2022-07-24;11;9;3;1;12;3;1;0;0;273748;181633;2922;645;219927;4342;786;0;14
FR;5;2022-07-25;53;48;2;7;57;8;8;0;0;273801;181681;2924;652;219984;4350;794;0;14
FR;5;2022-07-26;58;52;5;41;70;6;44;0;0;273859;181733;2929;693;220054;4356;838;0;14
FR;5;2022-07-27;106;118;4;4;161;13;4;0;0;273965;181851;2933;697;220215;4369;842;0;14
FR;5;2022-07-28;39;35;2;2;47;6;1;0;0;274004;181886;2935;699;220262;4375;843;0;14
FR;5;2022-07-29;56;74;3;14;90;8;10;0;0;274060;181960;2938;713;220352;4383;853;0;14
FR;5;2022-07-30;55;53;5;1;75;7;2;0;0;274115;182013;2943;714;220427;4390;855;0;14
FR;5;2022-07-31;7;11;1;0;13;1;0;0;0;274122;182024;2944;714;220440;4391;855;0;14
FR;5;2022-08-01;39;53;1;2;64;6;2;0;0;274161;182077;2945;716;220504;4397;857;0;14
FR;5;2022-08-02;32;43;8;7;47;8;7;0;1;274193;182120;2953;723;220551;4405;864;0;15
FR;5;2022-08-03;54;51;4;10;70;9;8;0;0;274247;182171;2957;733;220621;4414;872;0;15
FR;5;2022-08-04;20;18;1;6;22;1;6;0;0;274267;182189;2958;739;220643;4415;878;0;15
FR;5;2022-08-05;35;26;3;3;39;3;3;0;0;274302;182215;2961;742;220682;4418;881;0;15
FR;5;2022-08-06;23;26;1;0;31;1;0;0;0;274325;182241;2962;742;220713;4419;881;0;15
FR;5;2022-08-07;2;2;1;0;1;1;1;0;0;274327;182243;2963;742;220714;4420;882;0;15
FR;5;2022-08-08;26;19;1;2;24;2;1;0;0;274353;182262;2964;744;220738;4422;883;0;15
FR;5;2022-08-09;26;28;3;3;35;3;3;0;0;274379;182290;2967;747;220773;4425;886;0;15
FR;5;2022-08-10;47;47;2;0;56;5;0;0;0;274426;182337;2969;747;220829;4430;886;0;15
FR;5;2022-08-11;19;36;2;2;42;5;2;0;0;274445;182373;2971;749;220871;4435;888;0;15
FR;5;2022-08-12;27;28;2;0;39;2;0;0;0;274472;182401;2973;749;220910;4437;888;0;15
FR;5;2022-08-13;16;18;0;0;24;0;0;0;0;274488;182419;2973;749;220934;4437;888;0;15
FR;5;2022-08-14;2;3;0;0;4;0;0;0;0;274490;182422;2973;749;220938;4437;888;0;15
FR;5;2022-08-15;2;5;0;0;5;0;0;0;0;274492;182427;2973;749;220943;4437;888;0;15
FR;5;2022-08-16;33;26;3;0;28;6;0;0;0;274525;182453;2976;749;220971;4443;888;0;15
FR;5;2022-08-17;52;55;2;1;72;1;1;0;0;274577;182508;2978;750;221043;4444;889;0;15
FR;5;2022-08-18;26;18;8;17;25;10;16;0;0;274603;182526;2986;767;221068;4454;905;0;15
FR;5;2022-08-19;25;34;1;2;42;2;2;0;0;274628;182560;2987;769;221110;4456;907;0;15
FR;5;2022-08-20;25;27;2;1;33;4;2;0;0;274653;182587;2989;770;221143;4460;909;0;15
FR;5;2022-08-21;7;4;1;0;7;1;0;0;0;274660;182591;2990;770;221150;4461;909;0;15
FR;5;2022-08-22;39;26;1;6;42;2;5;0;1;274699;182617;2991;776;221192;4463;914;0;16
FR;5;2022-08-23;27;26;1;1;32;2;1;0;0;274726;182643;2992;777;221224;4465;915;0;16
FR;5;2022-08-24;50;43;0;0;62;0;0;0;0;274776;182686;2992;777;221286;4465;915;0;16
FR;5;2022-08-25;27;26;3;1;31;2;0;0;1;274803;182712;2995;778;221317;4467;915;0;17
FR;5;2022-08-26;48;39;7;2;58;5;4;0;0;274851;182751;3002;780;221375;4472;919;0;17
FR;5;2022-08-27;46;28;1;0;46;3;1;0;0;274897;182779;3003;780;221421;4475;920;0;17
FR;5;2022-08-28;5;6;0;0;6;0;0;0;0;274902;182785;3003;780;221427;4475;920;0;17
FR;5;2022-08-29;58;44;1;1;66;4;1;0;0;274960;182829;3004;781;221493;4479;921;0;17
FR;5;2022-08-30;45;23;12;29;40;10;30;0;1;275005;182852;3016;810;221533;4489;951;0;18
FR;5;2022-08-31;53;47;6;1;58;11;1;0;0;275058;182899;3022;811;221591;4500;952;0;18
FR;5;2022-09-01;16;8;1;4;13;1;4;0;0;275074;182907;3023;815;221604;4501;956;0;18
FR;5;2022-09-02;42;23;8;2;35;9;3;0;0;275116;182930;3031;817;221639;4510;959;0;18
FR;5;2022-09-03;69;37;2;0;58;2;0;0;0;275185;182967;3033;817;221697;4512;959;0;18
FR;5;2022-09-04;12;7;1;0;8;3;0;0;0;275197;182974;3034;817;221705;4515;959;0;18
FR;5;2022-09-05;7;4;1;0;4;1;0;0;0;275204;182978;3035;817;221709;4516;959;0;18
FR;5;2022-09-06;21;14;3;15;17;2;14;0;2;275225;182992;3038;832;221726;4518;973;0;20
FR;5;2022-09-07;79;53;1;1;76;3;1;0;0;275304;183045;3039;833;221802;4521;974;0;20
FR;5;2022-09-08;9;4;0;4;7;0;4;0;0;275313;183049;3039;837;221809;4521;978;0;20
FR;5;2022-09-09;40;11;9;2;14;10;3;0;0;275353;183060;3048;839;221823;4531;981;0;20
FR;5;2022-09-10;40;45;1;1;50;8;1;0;0;275393;183105;3049;840;221873;4539;982;0;20
FR;5;2022-09-11;3;3;0;0;3;1;0;0;0;275396;183108;3049;840;221876;4540;982;0;20
FR;5;2022-09-12;7;5;2;2;7;2;2;0;0;275403;183113;3051;842;221883;4542;984;0;20
FR;5;2022-09-13;9;6;0;1;4;3;1;0;0;275412;183119;3051;843;221887;4545;985;0;20
FR;5;2022-09-14;52;47;4;6;55;9;5;0;0;275464;183166;3055;849;221942;4554;990;0;20
FR;5;2022-09-15;11;13;2;3;11;5;3;0;0;275475;183179;3057;852;221953;4559;993;0;20
FR;5;2022-09-16;25;33;1;4;38;3;3;0;0;275500;183212;3058;856;221991;4562;996;0;20
FR;5;2022-09-17;60;43;1;1;51;5;1;0;0;275560;183255;3059;857;222042;4567;997;0;20
FR;5;2022-09-18;9;6;0;1;10;1;0;0;0;275569;183261;3059;858;222052;4568;997;0;20
FR;5;2022-09-19;22;17;2;1;20;5;2;0;0;275591;183278;3061;859;222072;4573;999;0;20
FR;5;2022-09-20;15;11;3;3;15;1;4;0;0;275606;183289;3064;862;222087;4574;1003;0;20
FR;5;2022-09-21;68;45;9;0;65;13;0;0;0;275674;183334;3073;862;222152;4587;1003;0;20
FR;5;2022-09-22;12;6;4;24;6;4;23;0;1;275686;183340;3077;886;222158;4591;1026;0;21
FR;5;2022-09-23;20;25;2;3;23;8;3;0;0;275706;183365;3079;889;222181;4599;1029;0;21
FR;5;2022-09-24;44;51;1;8;65;5;8;0;0;275750;183416;3080;897;222246;4604;1037;0;21
FR;5;2022-09-25;6;12;0;0;13;1;0;0;0;275756;183428;3080;897;222259;4605;1037;0;21
FR;5;2022-09-26;15;7;0;2;12;0;1;0;1;275771;183435;3080;899;222271;4605;1038;0;22
FR;5;2022-09-27;7;12;4;9;14;4;9;0;1;275778;183447;3084;908;222285;4609;1047;0;23
FR;5;2022-09-28;65;64;5;0;88;7;0;0;0;275843;183511;3089;908;222373;4616;1047;0;23
FR;5;2022-09-29;17;9;1;0;15;1;1;0;1;275860;183520;3090;908;222388;4617;1048;0;24
FR;5;2022-09-30;28;46;2;2;53;4;3;0;0;275888;183566;3092;910;222441;4621;1051;0;24
FR;5;2022-10-01;40;35;5;5;48;8;7;0;0;275928;183601;3097;915;222489;4629;1058;0;24
FR;5;2022-10-02;1;9;1;0;10;1;0;0;0;275929;183610;3098;915;222499;4630;1058;0;24
FR;5;2022-10-03;7;6;3;0;5;4;0;0;0;275936;183616;3101;915;222504;4634;1058;0;24
FR;5;2022-10-04;11;8;1;3;11;2;3;0;0;275947;183624;3102;918;222515;4636;1061;0;24
FR;5;2022-10-05;57;62;2;2;79;13;2;0;0;276004;183686;3104;920;222594;4649;1063;0;24
FR;5;2022-10-06;12;10;1;4;15;2;4;0;0;276016;183696;3105;924;222609;4651;1067;0;24
FR;5;2022-10-07;21;31;1;0;34;5;0;0;0;276037;183727;3106;924;222643;4656;1067;0;24
FR;5;2022-10-08;33;51;1;0;54;7;0;0;0;276070;183778;3107;924;222697;4663;1067;0;24
FR;5;2022-10-09;7;10;0;0;11;1;0;0;0;276077;183788;3107;924;222708;4664;1067;0;24
FR;5;2022-10-10;14;6;0;1;8;1;1;0;0;276091;183794;3107;925;222716;4665;1068;0;24
FR;5;2022-10-11;6;13;2;1;14;2;2;0;0;276097;183807;3109;926;222730;4667;1070;0;24
FR;5;2022-10-12;39;57;3;2;69;8;2;0;0;276136;183864;3112;928;222799;4675;1072;0;24
FR;5;2022-10-13;11;16;2;0;18;4;0;0;0;276147;183880;3114;928;222817;4679;1072;0;24
FR;5;2022-10-14;21;21;1;0;20;5;0;0;0;276168;183901;3115;928;222837;4684;1072;0;24
FR;5;2022-10-15;19;26;10;0;25;11;2;0;0;276187;183927;3125;928;222862;4695;1074;0;24
FR;5;2022-10-16;3;1;0;0;1;1;0;0;0;276190;183928;3125;928;222863;4696;1074;0;24
FR;5;2022-10-17;8;8;2;1;8;3;1;0;2;276198;183936;3127;929;222871;4699;1075;0;26
FR;5;2022-10-18;6;7;0;2;8;0;2;0;0;276204;183943;3127;931;222879;4699;1077;0;26
FR;5;2022-10-19;38;43;8;0;52;11;0;0;1;276242;183986;3135;931;222931;4710;1077;0;27
FR;5;2022-10-20;18;15;2;1;16;3;1;0;0;276260;184001;3137;932;222947;4713;1078;0;27
FR;5;2022-10-21;22;15;6;0;19;8;1;0;2;276282;184016;3143;932;222966;4721;1079;0;29
FR;5;2022-10-22;34;29;2;12;32;5;12;0;0;276316;184045;3145;944;222998;4726;1091;0;29
FR;5;2022-10-23;9;3;0;0;4;0;0;0;0;276325;184048;3145;944;223002;4726;1091;0;29
FR;5;2022-10-24;14;7;6;7;9;9;8;0;0;276339;184055;3151;951;223011;4735;1099;0;29
FR;5;2022-10-25;12;9;6;3;9;8;3;0;2;276351;184064;3157;954;223020;4743;1102;0;31
FR;5;2022-10-26;34;22;6;0;29;10;0;0;0;276385;184086;3163;954;223049;4753;1102;0;31
FR;5;2022-10-27;16;4;4;0;11;4;0;0;0;276401;184090;3167;954;223060;4757;1102;0;31
FR;5;2022-10-28;19;13;5;3;14;6;4;0;0;276420;184103;3172;957;223074;4763;1106;0;31
FR;5;2022-10-29;21;13;0;0;17;3;0;0;0;276441;184116;3172;957;223091;4766;1106;0;31
FR;5;2022-10-30;1;4;2;0;4;3;0;0;0;276442;184120;3174;957;223095;4769;1106;0;31
FR;5;2022-10-31;14;11;2;1;12;3;1;0;0;276456;184131;3176;958;223107;4772;1107;0;31
FR;5;2022-11-01;3;3;0;1;3;0;1;0;0;276459;184134;3176;959;223110;4772;1108;0;31
FR;5;2022-11-02;23;17;5;4;23;5;5;0;0;276482;184151;3181;963;223133;4777;1113;0;31
FR;5;2022-11-03;22;4;1;1;11;1;1;0;0;276504;184155;3182;964;223144;4778;1114;0;31
FR;5;2022-11-04;19;18;1;0;18;2;0;0;0;276523;184173;3183;964;223162;4780;1114;0;31
FR;5;2022-11-05;25;16;1;0;21;1;0;0;0;276548;184189;3184;964;223183;4781;1114;0;31
FR;5;2022-11-06;1;7;0;0;7;0;0;0;0;276549;184196;3184;964;223190;4781;1114;0;31
FR;5;2022-11-07;5;3;3;0;3;3;0;0;0;276554;184199;3187;964;223193;4784;1114;0;31
FR;5;2022-11-08;12;7;1;2;8;1;1;0;0;276566;184206;3188;966;223201;4785;1115;0;31
FR;5;2022-11-09;30;29;6;1;32;6;1;0;0;276596;184235;3194;967;223233;4791;1116;0;31
FR;5;2022-11-10;11;16;1;0;17;1;0;0;0;276607;184251;3195;967;223250;4792;1116;0;31
FR;5;2022-11-11;2;4;0;1;6;0;1;0;0;276609;184255;3195;968;223256;4792;1117;0;31
FR;5;2022-11-12;19;10;5;9;18;6;9;0;2;276628;184265;3200;977;223274;4798;1126;0;33
FR;5;2022-11-13;2;2;0;1;2;0;1;0;0;276630;184267;3200;978;223276;4798;1127;0;33
FR;5;2022-11-14;8;10;0;1;9;3;0;0;0;276638;184277;3200;979;223285;4801;1127;0;33
FR;5;2022-11-15;8;6;4;3;6;4;3;0;0;276646;184283;3204;982;223291;4805;1130;0;33
FR;5;2022-11-16;29;28;2;1;32;5;0;0;0;276675;184311;3206;983;223323;4810;1130;0;33
FR;5;2022-11-17;6;15;4;0;15;5;0;0;0;276681;184326;3210;983;223338;4815;1130;0;33
FR;5;2022-11-18;16;17;7;0;19;9;0;0;0;276697;184343;3217;983;223357;4824;1130;0;33
FR;5;2022-11-19;18;27;2;0;28;6;0;0;0;276715;184370;3219;983;223385;4830;1130;0;33
FR;5;2022-11-20;6;3;0;0;5;0;0;0;0;276721;184373;3219;983;223390;4830;1130;0;33
FR;5;2022-11-21;8;5;0;2;4;2;1;0;0;276729;184378;3219;985;223394;4832;1131;0;33
FR;5;2022-11-22;9;3;0;1;4;0;1;0;0;276738;184381;3219;986;223398;4832;1132;0;33
FR;5;2022-11-23;34;25;6;1;27;13;0;0;0;276772;184406;3225;987;223425;4845;1132;0;33
FR;5;2022-11-24;3;7;2;1;8;1;2;0;0;276775;184413;3227;988;223433;4846;1134;0;33
FR;5;2022-11-25;15;20;2;0;25;3;0;0;1;276790;184433;3229;988;223458;4849;1134;0;34
FR;5;2022-11-26;22;19;4;0;20;8;0;0;0;276812;184452;3233;988;223478;4857;1134;0;34
FR;5;2022-11-27;7;0;1;0;3;1;0;0;0;276819;184452;3234;988;223481;4858;1134;0;34
FR;5;2022-11-28;7;12;3;0;12;5;0;0;0;276826;184464;3237;988;223493;4863;1134;0;34
FR;5;2022-11-29;10;9;1;0;11;3;0;0;1;276836;184473;3238;988;223504;4866;1134;0;35
FR;5;2022-11-30;35;48;12;0;56;17;1;0;0;276871;184521;3250;988;223560;4883;1135;0;35
FR;5;2022-12-01;5;10;2;0;10;3;0;0;0;276876;184531;3252;988;223570;4886;1135;0;35
FR;5;2022-12-02;1;5;2;1;4;3;1;0;0;276877;184536;3254;989;223574;4889;1136;0;35
FR;5;2022-12-03;3;3;8;1;5;8;1;0;0;276880;184539;3262;990;223579;4897;1137;0;35
FR;5;2022-12-04;3;2;1;0;2;2;0;0;0;276883;184541;3263;990;223581;4899;1137;0;35
FR;5;2022-12-05;0;1;0;0;0;1;0;0;0;276883;184542;3263;990;223581;4900;1137;0;35
FR;5;2022-12-06;4;1;0;0;1;0;0;0;1;276887;184543;3263;990;223582;4900;1137;0;36
FR;5;2022-12-07;5;8;1;0;8;1;0;0;0;276892;184551;3264;990;223590;4901;1137;0;36
FR;5;2022-12-08;2;2;0;0;2;0;0;0;0;276894;184553;3264;990;223592;4901;1137;0;36
FR;5;2022-12-09;3;8;0;0;6;2;0;0;0;276897;184561;3264;990;223598;4903;1137;0;36
FR;5;2022-12-10;4;7;2;1;8;2;1;0;0;276901;184568;3266;991;223606;4905;1138;0;36
FR;5;2022-12-11;2;0;0;0;0;0;0;0;0;276903;184568;3266;991;223606;4905;1138;0;36
FR;5;2022-12-12;0;0;0;0;0;0;0;0;0;276903;184568;3266;991;223606;4905;1138;0;36
FR;5;2022-12-13;2;3;0;0;4;1;0;0;0;276905;184571;3266;991;223610;4906;1138;0;36
FR;5;2022-12-14;2;2;0;9;2;1;8;0;3;276907;184573;3266;1000;223612;4907;1146;0;39
FR;5;2022-12-15;0;2;0;0;2;0;0;0;0;276907;184575;3266;1000;223614;4907;1146;0;39
FR;5;2022-12-16;3;2;2;0;3;3;0;0;0;276910;184577;3268;1000;223617;4910;1146;0;39
FR;5;2022-12-17;3;3;3;0;3;2;1;0;0;276913;184580;3271;1000;223620;4912;1147;0;39
FR;5;2022-12-18;3;0;0;1;0;0;1;0;1;276916;184580;3271;1001;223620;4912;1148;0;40
FR;5;2022-12-19;1;0;0;2;0;0;2;0;0;276917;184580;3271;1003;223620;4912;1150;0;40
FR;5;2022-12-20;0;1;3;0;1;3;0;0;0;276917;184581;3274;1003;223621;4915;1150;0;40
FR;5;2022-12-21;2;4;0;0;4;0;0;0;0;276919;184585;3274;1003;223625;4915;1150;0;40
FR;5;2022-12-22;2;2;0;0;2;0;0;0;0;276921;184587;3274;1003;223627;4915;1150;0;40
FR;5;2022-12-23;3;1;1;0;1;1;0;0;0;276924;184588;3275;1003;223628;4916;1150;0;40
FR;5;2022-12-24;0;1;0;0;1;0;0;0;0;276924;184589;3275;1003;223629;4916;1150;0;40
FR;5;2022-12-25;0;1;2;0;0;3;0;0;0;276924;184590;3277;1003;223629;4919;1150;0;40
FR;5;2022-12-26;2;2;0;0;2;0;0;0;0;276926;184592;3277;1003;223631;4919;1150;0;40
FR;5;2022-12-27;0;3;0;0;3;0;0;0;0;276926;184595;3277;1003;223634;4919;1150;0;40
FR;5;2022-12-28;5;2;3;0;2;3;2;0;0;276931;184597;3280;1003;223636;4922;1152;0;40
FR;5;2022-12-29;3;2;2;0;3;2;0;0;0;276934;184599;3282;1003;223639;4924;1152;0;40
FR;5;2022-12-30;1;2;1;0;2;1;0;0;0;276935;184601;3283;1003;223641;4925;1152;0;40
FR;5;2022-12-31;0;0;0;0;0;0;0;0;0;276935;184601;3283;1003;223641;4925;1152;0;40
FR;5;2023-01-01;0;0;0;0;0;0;0;0;0;276935;184601;3283;1003;223641;4925;1152;0;40
FR;5;2023-01-02;1;1;1;0;1;1;0;0;0;276936;184602;3284;1003;223642;4926;1152;0;40
FR;5;2023-01-03;0;1;0;0;1;0;0;0;0;276936;184603;3284;1003;223643;4926;1152;0;40
FR;5;2023-01-04;6;1;1;0;2;1;0;0;0;276942;184604;3285;1003;223645;4927;1152;0;40
FR;5;2023-01-05;0;1;0;0;1;0;0;0;0;276942;184605;3285;1003;223646;4927;1152;0;40
FR;5;2023-01-06;2;1;1;0;1;1;0;0;0;276944;184606;3286;1003;223647;4928;1152;0;40
FR;5;2023-01-07;5;1;1;0;1;2;0;0;0;276949;184607;3287;1003;223648;4930;1152;0;40
FR;5;2023-01-08;2;2;0;0;2;0;0;0;0;276951;184609;3287;1003;223650;4930;1152;0;40
FR;5;2023-01-09;4;0;1;0;1;1;0;0;0;276955;184609;3288;1003;223651;4931;1152;0;40
FR;5;2023-01-10;3;1;0;0;2;0;0;0;0;276958;184610;3288;1003;223653;4931;1152;0;40
FR;5;2023-01-11;7;5;2;0;4;3;0;0;0;276965;184615;3290;1003;223657;4934;1152;0;40
FR;5;2023-01-12;11;6;4;0;6;6;0;0;0;276976;184621;3294;1003;223663;4940;1152;0;40
FR;5;2023-01-13;53;16;15;0;31;17;0;0;0;277029;184637;3309;1003;223694;4957;1152;0;40
FR;5;2023-01-14;56;34;13;1;33;20;2;0;0;277085;184671;3322;1004;223727;4977;1154;0;40
FR;5;2023-01-15;13;9;0;0;5;4;0;0;0;277098;184680;3322;1004;223732;4981;1154;0;40
FR;5;2023-01-16;13;8;2;0;8;2;0;0;0;277111;184688;3324;1004;223740;4983;1154;0;40
FR;5;2023-01-17;12;8;3;0;4;7;0;0;0;277123;184696;3327;1004;223744;4990;1154;0;40
FR;5;2023-01-18;71;35;21;2;46;25;2;0;0;277194;184731;3348;1006;223790;5015;1156;0;40
FR;5;2023-01-19;13;6;8;0;5;10;1;0;0;277207;184737;3356;1006;223795;5025;1157;0;40
FR;5;2023-01-20;27;15;12;0;15;17;0;0;2;277234;184752;3368;1006;223810;5042;1157;0;42
FR;5;2023-01-21;34;23;18;1;30;21;1;0;0;277268;184775;3386;1007;223840;5063;1158;0;42
FR;5;2023-01-22;6;4;2;0;4;3;0;0;0;277274;184779;3388;1007;223844;5066;1158;0;42
FR;5;2023-01-23;5;5;3;0;3;5;0;0;0;277279;184784;3391;1007;223847;5071;1158;0;42
FR;5;2023-01-24;16;3;3;0;6;4;0;0;0;277295;184787;3394;1007;223853;5075;1158;0;42
FR;5;2023-01-25;33;29;12;2;25;23;2;0;0;277328;184816;3406;1009;223878;5098;1160;0;42
FR;5;2023-01-26;6;5;4;0;6;4;0;0;0;277334;184821;3410;1009;223884;5102;1160;0;42
FR;5;2023-01-27;17;13;8;0;17;8;1;0;0;277351;184834;3418;1009;223901;5110;1161;0;42
FR;5;2023-01-28;21;8;4;3;11;6;3;0;0;277372;184842;3422;1012;223912;5116;1164;0;42
FR;5;2023-01-29;0;3;0;0;2;1;0;0;0;277372;184845;3422;1012;223914;5117;1164;0;42
FR;5;2023-01-30;7;5;3;0;4;6;0;0;0;277379;184850;3425;1012;223918;5123;1164;0;42
FR;6;2020-12-27;0;0;0;0;0;0;0;0;0;0;0;0;0;0;0;0;0;0
FR;6;2020-12-28;0;0;0;0;0;0;0;0;0;0;0;0;0;0;0;0;0;0
FR;6;2020-12-29;0;0;0;0;0;0;0;0;0;0;0;0;0;0;0;0;0;0
FR;6;2020-12-30;0;0;0;0;0;0;0;0;0;0;0;0;0;0;0;0;0;0
FR;6;2020-12-31;0;0;0;0;0;0;0;0;0;0;0;0;0;0;0;0;0;0
FR;6;2021-01-01;0;0;0;0;0;0;0;0;0;0;0;0;0;0;0;0;0;0
FR;6;2021-01-02;0;0;0;0;0;0;0;0;0;0;0;0;0;0;0;0;0;0
FR;6;2021-01-03;0;0;0;0;0;0;0;0;0;0;0;0;0;0;0;0;0;0
FR;6;2021-01-04;0;0;0;0;0;0;0;0;0;0;0;0;0;0;0;0;0;0
FR;6;2021-01-05;0;0;0;0;0;0;0;0;0;0;0;0;0;0;0;0;0;0
FR;6;2021-01-06;0;0;0;0;0;0;0;0;0;0;0;0;0;0;0;0;0;0
FR;6;2021-01-07;0;0;0;0;0;0;0;0;0;0;0;0;0;0;0;0;0;0
FR;6;2021-01-08;0;0;0;0;0;0;0;0;0;0;0;0;0;0;0;0;0;0
FR;6;2021-01-09;0;0;0;0;0;0;0;0;0;0;0;0;0;0;0;0;0;0
FR;6;2021-01-10;0;0;0;0;0;0;0;0;0;0;0;0;0;0;0;0;0;0
FR;6;2021-01-11;0;0;0;0;0;0;0;0;0;0;0;0;0;0;0;0;0;0
FR;6;2021-01-12;0;0;0;0;0;0;0;0;0;0;0;0;0;0;0;0;0;0
FR;6;2021-01-13;0;0;0;0;0;0;0;0;0;0;0;0;0;0;0;0;0;0
FR;6;2021-01-14;0;0;0;0;0;0;0;0;0;0;0;0;0;0;0;0;0;0
FR;6;2021-01-15;0;0;0;0;0;0;0;0;0;0;0;0;0;0;0;0;0;0
FR;6;2021-01-16;0;0;0;0;0;0;0;0;0;0;0;0;0;0;0;0;0;0
FR;6;2021-01-17;0;0;0;0;0;0;0;0;0;0;0;0;0;0;0;0;0;0
FR;6;2021-01-18;0;0;0;0;0;0;0;0;0;0;0;0;0;0;0;0;0;0
FR;6;2021-01-19;0;0;0;0;0;0;0;0;0;0;0;0;0;0;0;0;0;0
FR;6;2021-01-20;0;0;0;0;0;0;0;0;0;0;0;0;0;0;0;0;0;0
FR;6;2021-01-21;0;0;0;0;0;0;0;0;0;0;0;0;0;0;0;0;0;0
FR;6;2021-01-22;0;0;0;0;0;0;0;0;0;0;0;0;0;0;0;0;0;0
FR;6;2021-01-23;0;0;0;0;0;0;0;0;0;0;0;0;0;0;0;0;0;0
FR;6;2021-01-24;0;0;0;0;0;0;0;0;0;0;0;0;0;0;0;0;0;0
FR;6;2021-01-25;0;0;0;0;0;0;0;0;0;0;0;0;0;0;0;0;0;0
FR;6;2021-01-26;0;0;0;0;0;0;0;0;0;0;0;0;0;0;0;0;0;0
FR;6;2021-01-27;0;0;0;0;0;0;0;0;0;0;0;0;0;0;0;0;0;0
FR;6;2021-01-28;0;0;0;0;0;0;0;0;0;0;0;0;0;0;0;0;0;0
FR;6;2021-01-29;0;0;0;0;0;0;0;0;0;0;0;0;0;0;0;0;0;0
FR;6;2021-01-30;0;0;0;0;0;0;0;0;0;0;0;0;0;0;0;0;0;0
FR;6;2021-01-31;0;0;0;0;0;0;0;0;0;0;0;0;0;0;0;0;0;0
FR;6;2021-02-01;0;0;0;0;0;0;0;0;0;0;0;0;0;0;0;0;0;0
FR;6;2021-02-02;0;0;0;0;0;0;0;0;0;0;0;0;0;0;0;0;0;0
FR;6;2021-02-03;0;0;0;0;0;0;0;0;0;0;0;0;0;0;0;0;0;0
FR;6;2021-02-04;0;0;0;0;0;0;0;0;0;0;0;0;0;0;0;0;0;0
FR;6;2021-02-05;0;0;0;0;0;0;0;0;0;0;0;0;0;0;0;0;0;0
FR;6;2021-02-06;0;0;0;0;0;0;0;0;0;0;0;0;0;0;0;0;0;0
FR;6;2021-02-07;0;0;0;0;0;0;0;0;0;0;0;0;0;0;0;0;0;0
FR;6;2021-02-08;0;0;0;0;0;0;0;0;0;0;0;0;0;0;0;0;0;0
FR;6;2021-02-09;0;0;0;0;0;0;0;0;0;0;0;0;0;0;0;0;0;0
FR;6;2021-02-10;0;0;0;0;0;0;0;0;0;0;0;0;0;0;0;0;0;0
FR;6;2021-02-11;0;0;0;0;0;0;0;0;0;0;0;0;0;0;0;0;0;0
FR;6;2021-02-12;0;0;0;0;0;0;0;0;0;0;0;0;0;0;0;0;0;0
FR;6;2021-02-13;0;0;0;0;0;0;0;0;0;0;0;0;0;0;0;0;0;0
FR;6;2021-02-14;0;0;0;0;0;0;0;0;0;0;0;0;0;0;0;0;0;0
FR;6;2021-02-15;0;0;0;0;0;0;0;0;0;0;0;0;0;0;0;0;0;0
FR;6;2021-02-16;0;0;0;0;0;0;0;0;0;0;0;0;0;0;0;0;0;0
FR;6;2021-02-17;0;0;0;0;0;0;0;0;0;0;0;0;0;0;0;0;0;0
FR;6;2021-02-18;0;0;0;0;0;0;0;0;0;0;0;0;0;0;0;0;0;0
FR;6;2021-02-19;0;0;0;0;0;0;0;0;0;0;0;0;0;0;0;0;0;0
FR;6;2021-02-20;0;0;0;0;0;0;0;0;0;0;0;0;0;0;0;0;0;0
FR;6;2021-02-21;0;0;0;0;0;0;0;0;0;0;0;0;0;0;0;0;0;0
FR;6;2021-02-22;0;0;0;0;0;0;0;0;0;0;0;0;0;0;0;0;0;0
FR;6;2021-02-23;0;0;0;0;0;0;0;0;0;0;0;0;0;0;0;0;0;0
FR;6;2021-02-24;0;0;0;0;0;0;0;0;0;0;0;0;0;0;0;0;0;0
FR;6;2021-02-25;0;0;0;0;0;0;0;0;0;0;0;0;0;0;0;0;0;0
FR;6;2021-02-26;0;0;0;0;0;0;0;0;0;0;0;0;0;0;0;0;0;0
FR;6;2021-02-27;0;0;0;0;0;0;0;0;0;0;0;0;0;0;0;0;0;0
FR;6;2021-02-28;0;0;0;0;0;0;0;0;0;0;0;0;0;0;0;0;0;0
FR;6;2021-03-01;0;0;0;0;0;0;0;0;0;0;0;0;0;0;0;0;0;0
FR;6;2021-03-02;0;0;0;0;0;0;0;0;0;0;0;0;0;0;0;0;0;0
FR;6;2021-03-03;0;0;0;0;0;0;0;0;0;0;0;0;0;0;0;0;0;0
FR;6;2021-03-04;0;0;0;0;0;0;0;0;0;0;0;0;0;0;0;0;0;0
FR;6;2021-03-05;0;0;0;0;0;0;0;0;0;0;0;0;0;0;0;0;0;0
FR;6;2021-03-06;0;0;0;0;0;0;0;0;0;0;0;0;0;0;0;0;0;0
FR;6;2021-03-07;0;0;0;0;0;0;0;0;0;0;0;0;0;0;0;0;0;0
FR;6;2021-03-08;0;0;0;0;0;0;0;0;0;0;0;0;0;0;0;0;0;0
FR;6;2021-03-09;0;0;0;0;0;0;0;0;0;0;0;0;0;0;0;0;0;0
FR;6;2021-03-10;0;0;0;0;0;0;0;0;0;0;0;0;0;0;0;0;0;0
FR;6;2021-03-11;0;0;0;0;0;0;0;0;0;0;0;0;0;0;0;0;0;0
FR;6;2021-03-12;0;0;0;0;0;0;0;0;0;0;0;0;0;0;0;0;0;0
FR;6;2021-03-13;0;0;0;0;0;0;0;0;0;0;0;0;0;0;0;0;0;0
FR;6;2021-03-14;0;0;0;0;0;0;0;0;0;0;0;0;0;0;0;0;0;0
FR;6;2021-03-15;0;0;0;0;0;0;0;0;0;0;0;0;0;0;0;0;0;0
FR;6;2021-03-16;0;0;0;0;0;0;0;0;0;0;0;0;0;0;0;0;0;0
FR;6;2021-03-17;0;0;0;0;0;0;0;0;0;0;0;0;0;0;0;0;0;0
FR;6;2021-03-18;0;0;0;0;0;0;0;0;0;0;0;0;0;0;0;0;0;0
FR;6;2021-03-19;0;0;0;0;0;0;0;0;0;0;0;0;0;0;0;0;0;0
FR;6;2021-03-20;0;0;0;0;0;0;0;0;0;0;0;0;0;0;0;0;0;0
FR;6;2021-03-21;0;0;0;0;0;0;0;0;0;0;0;0;0;0;0;0;0;0
FR;6;2021-03-22;0;0;0;0;0;0;0;0;0;0;0;0;0;0;0;0;0;0
FR;6;2021-03-23;0;0;0;0;0;0;0;0;0;0;0;0;0;0;0;0;0;0
FR;6;2021-03-24;0;0;0;0;0;0;0;0;0;0;0;0;0;0;0;0;0;0
FR;6;2021-03-25;0;0;0;0;0;0;0;0;0;0;0;0;0;0;0;0;0;0
FR;6;2021-03-26;0;0;0;0;0;0;0;0;0;0;0;0;0;0;0;0;0;0
FR;6;2021-03-27;0;0;0;0;0;0;0;0;0;0;0;0;0;0;0;0;0;0
FR;6;2021-03-28;0;0;0;0;0;0;0;0;0;0;0;0;0;0;0;0;0;0
FR;6;2021-03-29;0;0;0;0;0;0;0;0;0;0;0;0;0;0;0;0;0;0
FR;6;2021-03-30;0;0;0;0;0;0;0;0;0;0;0;0;0;0;0;0;0;0
FR;6;2021-03-31;0;0;0;0;0;0;0;0;0;0;0;0;0;0;0;0;0;0
FR;6;2021-04-01;0;0;0;0;0;0;0;0;0;0;0;0;0;0;0;0;0;0
FR;6;2021-04-02;0;0;0;0;0;0;0;0;0;0;0;0;0;0;0;0;0;0
FR;6;2021-04-03;0;0;0;0;0;0;0;0;0;0;0;0;0;0;0;0;0;0
FR;6;2021-04-04;0;0;0;0;0;0;0;0;0;0;0;0;0;0;0;0;0;0
FR;6;2021-04-05;0;0;0;0;0;0;0;0;0;0;0;0;0;0;0;0;0;0
FR;6;2021-04-06;0;0;0;0;0;0;0;0;0;0;0;0;0;0;0;0;0;0
FR;6;2021-04-07;0;0;0;0;0;0;0;0;0;0;0;0;0;0;0;0;0;0
FR;6;2021-04-08;0;0;0;0;0;0;0;0;0;0;0;0;0;0;0;0;0;0
FR;6;2021-04-09;0;0;0;0;0;0;0;0;0;0;0;0;0;0;0;0;0;0
FR;6;2021-04-10;0;0;0;0;0;0;0;0;0;0;0;0;0;0;0;0;0;0
FR;6;2021-04-11;0;0;0;0;0;0;0;0;0;0;0;0;0;0;0;0;0;0
FR;6;2021-04-12;0;0;0;0;0;0;0;0;0;0;0;0;0;0;0;0;0;0
FR;6;2021-04-13;0;0;0;0;0;0;0;0;0;0;0;0;0;0;0;0;0;0
FR;6;2021-04-14;0;0;0;0;0;0;0;0;0;0;0;0;0;0;0;0;0;0
FR;6;2021-04-15;0;0;0;0;0;0;0;0;0;0;0;0;0;0;0;0;0;0
FR;6;2021-04-16;0;0;0;0;0;0;0;0;0;0;0;0;0;0;0;0;0;0
FR;6;2021-04-17;0;0;0;0;0;0;0;0;0;0;0;0;0;0;0;0;0;0
FR;6;2021-04-18;0;0;0;0;0;0;0;0;0;0;0;0;0;0;0;0;0;0
FR;6;2021-04-19;0;0;0;0;0;0;0;0;0;0;0;0;0;0;0;0;0;0
FR;6;2021-04-20;0;0;0;0;0;0;0;0;0;0;0;0;0;0;0;0;0;0
FR;6;2021-04-21;0;0;0;0;0;0;0;0;0;0;0;0;0;0;0;0;0;0
FR;6;2021-04-22;0;0;0;0;0;0;0;0;0;0;0;0;0;0;0;0;0;0
FR;6;2021-04-23;0;0;0;0;0;0;0;0;0;0;0;0;0;0;0;0;0;0
FR;6;2021-04-24;0;0;0;0;0;0;0;0;0;0;0;0;0;0;0;0;0;0
FR;6;2021-04-25;0;0;0;0;0;0;0;0;0;0;0;0;0;0;0;0;0;0
FR;6;2021-04-26;0;0;0;0;0;0;0;0;0;0;0;0;0;0;0;0;0;0
FR;6;2021-04-27;0;0;0;0;0;0;0;0;0;0;0;0;0;0;0;0;0;0
FR;6;2021-04-28;0;0;0;0;0;0;0;0;0;0;0;0;0;0;0;0;0;0
FR;6;2021-04-29;0;0;0;0;0;0;0;0;0;0;0;0;0;0;0;0;0;0
FR;6;2021-04-30;0;0;0;0;0;0;0;0;0;0;0;0;0;0;0;0;0;0
FR;6;2021-05-01;0;0;0;0;0;0;0;0;0;0;0;0;0;0;0;0;0;0
FR;6;2021-05-02;0;0;0;0;0;0;0;0;0;0;0;0;0;0;0;0;0;0
FR;6;2021-05-03;0;0;0;0;0;0;0;0;0;0;0;0;0;0;0;0;0;0
FR;6;2021-05-04;0;0;0;0;0;0;0;0;0;0;0;0;0;0;0;0;0;0
FR;6;2021-05-05;0;0;0;0;0;0;0;0;0;0;0;0;0;0;0;0;0;0
FR;6;2021-05-06;0;0;0;0;0;0;0;0;0;0;0;0;0;0;0;0;0;0
FR;6;2021-05-07;0;0;0;0;0;0;0;0;0;0;0;0;0;0;0;0;0;0
FR;6;2021-05-08;0;0;0;0;0;0;0;0;0;0;0;0;0;0;0;0;0;0
FR;6;2021-05-09;0;0;0;0;0;0;0;0;0;0;0;0;0;0;0;0;0;0
FR;6;2021-05-10;0;0;0;0;0;0;0;0;0;0;0;0;0;0;0;0;0;0
FR;6;2021-05-11;0;0;0;0;0;0;0;0;0;0;0;0;0;0;0;0;0;0
FR;6;2021-05-12;0;0;0;0;0;0;0;0;0;0;0;0;0;0;0;0;0;0
FR;6;2021-05-13;0;0;0;0;0;0;0;0;0;0;0;0;0;0;0;0;0;0
FR;6;2021-05-14;0;0;0;0;0;0;0;0;0;0;0;0;0;0;0;0;0;0
FR;6;2021-05-15;0;0;0;0;0;0;0;0;0;0;0;0;0;0;0;0;0;0
FR;6;2021-05-16;0;0;0;0;0;0;0;0;0;0;0;0;0;0;0;0;0;0
FR;6;2021-05-17;0;0;0;0;0;0;0;0;0;0;0;0;0;0;0;0;0;0
FR;6;2021-05-18;0;0;0;0;0;0;0;0;0;0;0;0;0;0;0;0;0;0
FR;6;2021-05-19;0;0;0;0;0;0;0;0;0;0;0;0;0;0;0;0;0;0
FR;6;2021-05-20;0;0;0;0;0;0;0;0;0;0;0;0;0;0;0;0;0;0
FR;6;2021-05-21;0;0;0;0;0;0;0;0;0;0;0;0;0;0;0;0;0;0
FR;6;2021-05-22;0;0;0;0;0;0;0;0;0;0;0;0;0;0;0;0;0;0
FR;6;2021-05-23;0;0;0;0;0;0;0;0;0;0;0;0;0;0;0;0;0;0
FR;6;2021-05-24;0;0;0;0;0;0;0;0;0;0;0;0;0;0;0;0;0;0
FR;6;2021-05-25;0;0;0;0;0;0;0;0;0;0;0;0;0;0;0;0;0;0
FR;6;2021-05-26;0;0;0;0;0;0;0;0;0;0;0;0;0;0;0;0;0;0
FR;6;2021-05-27;0;0;0;0;0;0;0;0;0;0;0;0;0;0;0;0;0;0
FR;6;2021-05-28;0;0;0;0;0;0;0;0;0;0;0;0;0;0;0;0;0;0
FR;6;2021-05-29;0;0;0;0;0;0;0;0;0;0;0;0;0;0;0;0;0;0
FR;6;2021-05-30;0;0;0;0;0;0;0;0;0;0;0;0;0;0;0;0;0;0
FR;6;2021-05-31;0;0;0;0;0;0;0;0;0;0;0;0;0;0;0;0;0;0
FR;6;2021-06-01;0;0;0;0;0;0;0;0;0;0;0;0;0;0;0;0;0;0
FR;6;2021-06-02;0;0;0;0;0;0;0;0;0;0;0;0;0;0;0;0;0;0
FR;6;2021-06-03;0;0;0;0;0;0;0;0;0;0;0;0;0;0;0;0;0;0
FR;6;2021-06-04;0;0;0;0;0;0;0;0;0;0;0;0;0;0;0;0;0;0
FR;6;2021-06-05;0;0;0;0;0;0;0;0;0;0;0;0;0;0;0;0;0;0
FR;6;2021-06-06;0;0;0;0;0;0;0;0;0;0;0;0;0;0;0;0;0;0
FR;6;2021-06-07;0;0;0;0;0;0;0;0;0;0;0;0;0;0;0;0;0;0
FR;6;2021-06-08;0;0;0;0;0;0;0;0;0;0;0;0;0;0;0;0;0;0
FR;6;2021-06-09;0;0;0;0;0;0;0;0;0;0;0;0;0;0;0;0;0;0
FR;6;2021-06-10;0;0;0;0;0;0;0;0;0;0;0;0;0;0;0;0;0;0
FR;6;2021-06-11;0;0;0;0;0;0;0;0;0;0;0;0;0;0;0;0;0;0
FR;6;2021-06-12;0;0;0;0;0;0;0;0;0;0;0;0;0;0;0;0;0;0
FR;6;2021-06-13;0;0;0;0;0;0;0;0;0;0;0;0;0;0;0;0;0;0
FR;6;2021-06-14;0;0;0;0;0;0;0;0;0;0;0;0;0;0;0;0;0;0
FR;6;2021-06-15;0;0;0;0;0;0;0;0;0;0;0;0;0;0;0;0;0;0
FR;6;2021-06-16;0;0;0;0;0;0;0;0;0;0;0;0;0;0;0;0;0;0
FR;6;2021-06-17;0;0;0;0;0;0;0;0;0;0;0;0;0;0;0;0;0;0
FR;6;2021-06-18;0;0;0;0;0;0;0;0;0;0;0;0;0;0;0;0;0;0
FR;6;2021-06-19;0;0;0;0;0;0;0;0;0;0;0;0;0;0;0;0;0;0
FR;6;2021-06-20;0;0;0;0;0;0;0;0;0;0;0;0;0;0;0;0;0;0
FR;6;2021-06-21;0;0;0;0;0;0;0;0;0;0;0;0;0;0;0;0;0;0
FR;6;2021-06-22;0;0;0;0;0;0;0;0;0;0;0;0;0;0;0;0;0;0
FR;6;2021-06-23;0;0;0;0;0;0;0;0;0;0;0;0;0;0;0;0;0;0
FR;6;2021-06-24;0;0;0;0;0;0;0;0;0;0;0;0;0;0;0;0;0;0
FR;6;2021-06-25;0;0;0;0;0;0;0;0;0;0;0;0;0;0;0;0;0;0
FR;6;2021-06-26;0;0;0;0;0;0;0;0;0;0;0;0;0;0;0;0;0;0
FR;6;2021-06-27;0;0;0;0;0;0;0;0;0;0;0;0;0;0;0;0;0;0
FR;6;2021-06-28;0;0;0;0;0;0;0;0;0;0;0;0;0;0;0;0;0;0
FR;6;2021-06-29;0;0;0;0;0;0;0;0;0;0;0;0;0;0;0;0;0;0
FR;6;2021-06-30;0;0;0;0;0;0;0;0;0;0;0;0;0;0;0;0;0;0
FR;6;2021-07-01;0;0;0;0;0;0;0;0;0;0;0;0;0;0;0;0;0;0
FR;6;2021-07-02;0;0;0;0;0;0;0;0;0;0;0;0;0;0;0;0;0;0
FR;6;2021-07-03;0;0;0;0;0;0;0;0;0;0;0;0;0;0;0;0;0;0
FR;6;2021-07-04;0;0;0;0;0;0;0;0;0;0;0;0;0;0;0;0;0;0
FR;6;2021-07-05;0;0;0;0;0;0;0;0;0;0;0;0;0;0;0;0;0;0
FR;6;2021-07-06;0;0;0;0;0;0;0;0;0;0;0;0;0;0;0;0;0;0
FR;6;2021-07-07;0;0;0;0;0;0;0;0;0;0;0;0;0;0;0;0;0;0
FR;6;2021-07-08;0;0;0;0;0;0;0;0;0;0;0;0;0;0;0;0;0;0
FR;6;2021-07-09;0;0;0;0;0;0;0;0;0;0;0;0;0;0;0;0;0;0
FR;6;2021-07-10;0;0;0;0;0;0;0;0;0;0;0;0;0;0;0;0;0;0
FR;6;2021-07-11;0;0;0;0;0;0;0;0;0;0;0;0;0;0;0;0;0;0
FR;6;2021-07-12;0;0;0;0;0;0;0;0;0;0;0;0;0;0;0;0;0;0
FR;6;2021-07-13;0;0;0;0;0;0;0;0;0;0;0;0;0;0;0;0;0;0
FR;6;2021-07-14;0;0;0;0;0;0;0;0;0;0;0;0;0;0;0;0;0;0
FR;6;2021-07-15;0;0;0;0;0;0;0;0;0;0;0;0;0;0;0;0;0;0
FR;6;2021-07-16;0;0;0;0;0;0;0;0;0;0;0;0;0;0;0;0;0;0
FR;6;2021-07-17;0;0;0;0;0;0;0;0;0;0;0;0;0;0;0;0;0;0
FR;6;2021-07-18;0;0;0;0;0;0;0;0;0;0;0;0;0;0;0;0;0;0
FR;6;2021-07-19;0;0;0;0;0;0;0;0;0;0;0;0;0;0;0;0;0;0
FR;6;2021-07-20;0;0;0;0;0;0;0;0;0;0;0;0;0;0;0;0;0;0
FR;6;2021-07-21;0;0;0;0;0;0;0;0;0;0;0;0;0;0;0;0;0;0
FR;6;2021-07-22;0;0;0;0;0;0;0;0;0;0;0;0;0;0;0;0;0;0
FR;6;2021-07-23;0;0;0;0;0;0;0;0;0;0;0;0;0;0;0;0;0;0
FR;6;2021-07-24;0;0;0;0;0;0;0;0;0;0;0;0;0;0;0;0;0;0
FR;6;2021-07-25;0;0;0;0;0;0;0;0;0;0;0;0;0;0;0;0;0;0
FR;6;2021-07-26;0;0;0;0;0;0;0;0;0;0;0;0;0;0;0;0;0;0
FR;6;2021-07-27;0;0;0;0;0;0;0;0;0;0;0;0;0;0;0;0;0;0
FR;6;2021-07-28;0;0;0;0;0;0;0;0;0;0;0;0;0;0;0;0;0;0
FR;6;2021-07-29;0;0;0;0;0;0;0;0;0;0;0;0;0;0;0;0;0;0
FR;6;2021-07-30;0;0;0;0;0;0;0;0;0;0;0;0;0;0;0;0;0;0
FR;6;2021-07-31;0;0;0;0;0;0;0;0;0;0;0;0;0;0;0;0;0;0
FR;6;2021-08-01;0;0;0;0;0;0;0;0;0;0;0;0;0;0;0;0;0;0
FR;6;2021-08-02;0;0;0;0;0;0;0;0;0;0;0;0;0;0;0;0;0;0
FR;6;2021-08-03;0;0;0;0;0;0;0;0;0;0;0;0;0;0;0;0;0;0
FR;6;2021-08-04;0;0;0;0;0;0;0;0;0;0;0;0;0;0;0;0;0;0
FR;6;2021-08-05;0;0;0;0;0;0;0;0;0;0;0;0;0;0;0;0;0;0
FR;6;2021-08-06;0;0;0;0;0;0;0;0;0;0;0;0;0;0;0;0;0;0
FR;6;2021-08-07;0;0;0;0;0;0;0;0;0;0;0;0;0;0;0;0;0;0
FR;6;2021-08-08;0;0;0;0;0;0;0;0;0;0;0;0;0;0;0;0;0;0
FR;6;2021-08-09;0;0;0;0;0;0;0;0;0;0;0;0;0;0;0;0;0;0
FR;6;2021-08-10;0;0;0;0;0;0;0;0;0;0;0;0;0;0;0;0;0;0
FR;6;2021-08-11;0;0;0;0;0;0;0;0;0;0;0;0;0;0;0;0;0;0
FR;6;2021-08-12;0;0;0;0;0;0;0;0;0;0;0;0;0;0;0;0;0;0
FR;6;2021-08-13;0;0;0;0;0;0;0;0;0;0;0;0;0;0;0;0;0;0
FR;6;2021-08-14;0;0;0;0;0;0;0;0;0;0;0;0;0;0;0;0;0;0
FR;6;2021-08-15;0;0;0;0;0;0;0;0;0;0;0;0;0;0;0;0;0;0
FR;6;2021-08-16;0;0;0;0;0;0;0;0;0;0;0;0;0;0;0;0;0;0
FR;6;2021-08-17;0;0;0;0;0;0;0;0;0;0;0;0;0;0;0;0;0;0
FR;6;2021-08-18;0;0;0;0;0;0;0;0;0;0;0;0;0;0;0;0;0;0
FR;6;2021-08-19;0;0;0;0;0;0;0;0;0;0;0;0;0;0;0;0;0;0
FR;6;2021-08-20;0;0;0;0;0;0;0;0;0;0;0;0;0;0;0;0;0;0
FR;6;2021-08-21;0;0;0;0;0;0;0;0;0;0;0;0;0;0;0;0;0;0
FR;6;2021-08-22;0;0;0;0;0;0;0;0;0;0;0;0;0;0;0;0;0;0
FR;6;2021-08-23;0;0;0;0;0;0;0;0;0;0;0;0;0;0;0;0;0;0
FR;6;2021-08-24;0;0;0;0;0;0;0;0;0;0;0;0;0;0;0;0;0;0
FR;6;2021-08-25;0;0;0;0;0;0;0;0;0;0;0;0;0;0;0;0;0;0
FR;6;2021-08-26;0;0;0;0;0;0;0;0;0;0;0;0;0;0;0;0;0;0
FR;6;2021-08-27;0;0;0;0;0;0;0;0;0;0;0;0;0;0;0;0;0;0
FR;6;2021-08-28;0;0;0;0;0;0;0;0;0;0;0;0;0;0;0;0;0;0
FR;6;2021-08-29;0;0;0;0;0;0;0;0;0;0;0;0;0;0;0;0;0;0
FR;6;2021-08-30;0;0;0;0;0;0;0;0;0;0;0;0;0;0;0;0;0;0
FR;6;2021-08-31;0;0;0;0;0;0;0;0;0;0;0;0;0;0;0;0;0;0
FR;6;2021-09-01;0;0;0;0;0;0;0;0;0;0;0;0;0;0;0;0;0;0
FR;6;2021-09-02;0;0;0;0;0;0;0;0;0;0;0;0;0;0;0;0;0;0
FR;6;2021-09-03;0;0;0;0;0;0;0;0;0;0;0;0;0;0;0;0;0;0
FR;6;2021-09-04;0;0;0;0;0;0;0;0;0;0;0;0;0;0;0;0;0;0
FR;6;2021-09-05;0;0;0;0;0;0;0;0;0;0;0;0;0;0;0;0;0;0
FR;6;2021-09-06;0;0;0;0;0;0;0;0;0;0;0;0;0;0;0;0;0;0
FR;6;2021-09-07;0;0;0;0;0;0;0;0;0;0;0;0;0;0;0;0;0;0
FR;6;2021-09-08;0;0;0;0;0;0;0;0;0;0;0;0;0;0;0;0;0;0
FR;6;2021-09-09;0;0;0;0;0;0;0;0;0;0;0;0;0;0;0;0;0;0
FR;6;2021-09-10;0;0;0;0;0;0;0;0;0;0;0;0;0;0;0;0;0;0
FR;6;2021-09-11;0;0;0;0;0;0;0;0;0;0;0;0;0;0;0;0;0;0
FR;6;2021-09-12;0;0;0;0;0;0;0;0;0;0;0;0;0;0;0;0;0;0
FR;6;2021-09-13;0;0;0;0;0;0;0;0;0;0;0;0;0;0;0;0;0;0
FR;6;2021-09-14;0;0;0;0;0;0;0;0;0;0;0;0;0;0;0;0;0;0
FR;6;2021-09-15;0;0;0;0;0;0;0;0;0;0;0;0;0;0;0;0;0;0
FR;6;2021-09-16;0;0;0;0;0;0;0;0;0;0;0;0;0;0;0;0;0;0
FR;6;2021-09-17;0;0;0;0;0;0;0;0;0;0;0;0;0;0;0;0;0;0
FR;6;2021-09-18;0;0;0;0;0;0;0;0;0;0;0;0;0;0;0;0;0;0
FR;6;2021-09-19;0;0;0;0;0;0;0;0;0;0;0;0;0;0;0;0;0;0
FR;6;2021-09-20;0;0;0;0;0;0;0;0;0;0;0;0;0;0;0;0;0;0
FR;6;2021-09-21;0;0;0;0;0;0;0;0;0;0;0;0;0;0;0;0;0;0
FR;6;2021-09-22;0;0;0;0;0;0;0;0;0;0;0;0;0;0;0;0;0;0
FR;6;2021-09-23;0;0;0;0;0;0;0;0;0;0;0;0;0;0;0;0;0;0
FR;6;2021-09-24;0;0;0;0;0;0;0;0;0;0;0;0;0;0;0;0;0;0
FR;6;2021-09-25;0;0;0;0;0;0;0;0;0;0;0;0;0;0;0;0;0;0
FR;6;2021-09-26;0;0;0;0;0;0;0;0;0;0;0;0;0;0;0;0;0;0
FR;6;2021-09-27;0;0;0;0;0;0;0;0;0;0;0;0;0;0;0;0;0;0
FR;6;2021-09-28;0;0;0;0;0;0;0;0;0;0;0;0;0;0;0;0;0;0
FR;6;2021-09-29;0;0;0;0;0;0;0;0;0;0;0;0;0;0;0;0;0;0
FR;6;2021-09-30;0;0;0;0;0;0;0;0;0;0;0;0;0;0;0;0;0;0
FR;6;2021-10-01;0;0;0;0;0;0;0;0;0;0;0;0;0;0;0;0;0;0
FR;6;2021-10-02;0;0;0;0;0;0;0;0;0;0;0;0;0;0;0;0;0;0
FR;6;2021-10-03;0;0;0;0;0;0;0;0;0;0;0;0;0;0;0;0;0;0
FR;6;2021-10-04;0;0;0;0;0;0;0;0;0;0;0;0;0;0;0;0;0;0
FR;6;2021-10-05;0;0;0;0;0;0;0;0;0;0;0;0;0;0;0;0;0;0
FR;6;2021-10-06;0;0;0;0;0;0;0;0;0;0;0;0;0;0;0;0;0;0
FR;6;2021-10-07;0;0;0;0;0;0;0;0;0;0;0;0;0;0;0;0;0;0
FR;6;2021-10-08;0;0;0;0;0;0;0;0;0;0;0;0;0;0;0;0;0;0
FR;6;2021-10-09;0;0;0;0;0;0;0;0;0;0;0;0;0;0;0;0;0;0
FR;6;2021-10-10;0;0;0;0;0;0;0;0;0;0;0;0;0;0;0;0;0;0
FR;6;2021-10-11;0;0;0;0;0;0;0;0;0;0;0;0;0;0;0;0;0;0
FR;6;2021-10-12;0;0;0;0;0;0;0;0;0;0;0;0;0;0;0;0;0;0
FR;6;2021-10-13;0;0;0;0;0;0;0;0;0;0;0;0;0;0;0;0;0;0
FR;6;2021-10-14;0;0;0;0;0;0;0;0;0;0;0;0;0;0;0;0;0;0
FR;6;2021-10-15;0;0;0;0;0;0;0;0;0;0;0;0;0;0;0;0;0;0
FR;6;2021-10-16;0;0;0;0;0;0;0;0;0;0;0;0;0;0;0;0;0;0
FR;6;2021-10-17;0;0;0;0;0;0;0;0;0;0;0;0;0;0;0;0;0;0
FR;6;2021-10-18;0;0;0;0;0;0;0;0;0;0;0;0;0;0;0;0;0;0
FR;6;2021-10-19;0;0;0;0;0;0;0;0;0;0;0;0;0;0;0;0;0;0
FR;6;2021-10-20;0;0;0;0;0;0;0;0;0;0;0;0;0;0;0;0;0;0
FR;6;2021-10-21;0;0;0;0;0;0;0;0;0;0;0;0;0;0;0;0;0;0
FR;6;2021-10-22;0;0;0;0;0;0;0;0;0;0;0;0;0;0;0;0;0;0
FR;6;2021-10-23;0;0;0;0;0;0;0;0;0;0;0;0;0;0;0;0;0;0
FR;6;2021-10-24;0;0;0;0;0;0;0;0;0;0;0;0;0;0;0;0;0;0
FR;6;2021-10-25;0;0;0;0;0;0;0;0;0;0;0;0;0;0;0;0;0;0
FR;6;2021-10-26;0;0;0;0;0;0;0;0;0;0;0;0;0;0;0;0;0;0
FR;6;2021-10-27;0;0;0;0;0;0;0;0;0;0;0;0;0;0;0;0;0;0
FR;6;2021-10-28;0;0;0;0;0;0;0;0;0;0;0;0;0;0;0;0;0;0
FR;6;2021-10-29;0;0;0;0;0;0;0;0;0;0;0;0;0;0;0;0;0;0
FR;6;2021-10-30;0;0;0;0;0;0;0;0;0;0;0;0;0;0;0;0;0;0
FR;6;2021-10-31;0;0;0;0;0;0;0;0;0;0;0;0;0;0;0;0;0;0
FR;6;2021-11-01;0;0;0;0;0;0;0;0;0;0;0;0;0;0;0;0;0;0
FR;6;2021-11-02;0;0;0;0;0;0;0;0;0;0;0;0;0;0;0;0;0;0
FR;6;2021-11-03;0;0;0;0;0;0;0;0;0;0;0;0;0;0;0;0;0;0
FR;6;2021-11-04;0;0;0;0;0;0;0;0;0;0;0;0;0;0;0;0;0;0
FR;6;2021-11-05;0;0;0;0;0;0;0;0;0;0;0;0;0;0;0;0;0;0
FR;6;2021-11-06;0;0;0;0;0;0;0;0;0;0;0;0;0;0;0;0;0;0
FR;6;2021-11-07;0;0;0;0;0;0;0;0;0;0;0;0;0;0;0;0;0;0
FR;6;2021-11-08;0;0;0;0;0;0;0;0;0;0;0;0;0;0;0;0;0;0
FR;6;2021-11-09;0;0;0;0;0;0;0;0;0;0;0;0;0;0;0;0;0;0
FR;6;2021-11-10;0;0;0;0;0;0;0;0;0;0;0;0;0;0;0;0;0;0
FR;6;2021-11-11;0;0;0;0;0;0;0;0;0;0;0;0;0;0;0;0;0;0
FR;6;2021-11-12;0;0;0;0;0;0;0;0;0;0;0;0;0;0;0;0;0;0
FR;6;2021-11-13;0;0;0;0;0;0;0;0;0;0;0;0;0;0;0;0;0;0
FR;6;2021-11-14;0;0;0;0;0;0;0;0;0;0;0;0;0;0;0;0;0;0
FR;6;2021-11-15;0;0;0;0;0;0;0;0;0;0;0;0;0;0;0;0;0;0
FR;6;2021-11-16;0;0;0;0;0;0;0;0;0;0;0;0;0;0;0;0;0;0
FR;6;2021-11-17;0;0;0;0;0;0;0;0;0;0;0;0;0;0;0;0;0;0
FR;6;2021-11-18;0;0;0;0;0;0;0;0;0;0;0;0;0;0;0;0;0;0
FR;6;2021-11-19;0;0;0;0;0;0;0;0;0;0;0;0;0;0;0;0;0;0
FR;6;2021-11-20;0;0;0;0;0;0;0;0;0;0;0;0;0;0;0;0;0;0
FR;6;2021-11-21;0;0;0;0;0;0;0;0;0;0;0;0;0;0;0;0;0;0
FR;6;2021-11-22;0;0;0;0;0;0;0;0;0;0;0;0;0;0;0;0;0;0
FR;6;2021-11-23;0;0;0;0;0;0;0;0;0;0;0;0;0;0;0;0;0;0
FR;6;2021-11-24;0;0;0;0;0;0;0;0;0;0;0;0;0;0;0;0;0;0
FR;6;2021-11-25;0;0;0;0;0;0;0;0;0;0;0;0;0;0;0;0;0;0
FR;6;2021-11-26;0;0;0;0;0;0;0;0;0;0;0;0;0;0;0;0;0;0
FR;6;2021-11-27;0;0;0;0;0;0;0;0;0;0;0;0;0;0;0;0;0;0
FR;6;2021-11-28;0;0;0;0;0;0;0;0;0;0;0;0;0;0;0;0;0;0
FR;6;2021-11-29;0;0;0;0;0;0;0;0;0;0;0;0;0;0;0;0;0;0
FR;6;2021-11-30;0;0;0;0;0;0;0;0;0;0;0;0;0;0;0;0;0;0
FR;6;2021-12-01;0;0;0;0;0;0;0;0;0;0;0;0;0;0;0;0;0;0
FR;6;2021-12-02;0;0;0;0;0;0;0;0;0;0;0;0;0;0;0;0;0;0
FR;6;2021-12-03;0;0;0;0;0;0;0;0;0;0;0;0;0;0;0;0;0;0
FR;6;2021-12-04;0;0;0;0;0;0;0;0;0;0;0;0;0;0;0;0;0;0
FR;6;2021-12-05;0;0;0;0;0;0;0;0;0;0;0;0;0;0;0;0;0;0
FR;6;2021-12-06;0;0;0;0;0;0;0;0;0;0;0;0;0;0;0;0;0;0
FR;6;2021-12-07;0;0;0;0;0;0;0;0;0;0;0;0;0;0;0;0;0;0
FR;6;2021-12-08;0;0;0;0;0;0;0;0;0;0;0;0;0;0;0;0;0;0
FR;6;2021-12-09;0;0;0;0;0;0;0;0;0;0;0;0;0;0;0;0;0;0
FR;6;2021-12-10;0;0;0;0;0;0;0;0;0;0;0;0;0;0;0;0;0;0
FR;6;2021-12-11;0;0;0;0;0;0;0;0;0;0;0;0;0;0;0;0;0;0
FR;6;2021-12-12;0;0;0;0;0;0;0;0;0;0;0;0;0;0;0;0;0;0
FR;6;2021-12-13;0;0;0;0;0;0;0;0;0;0;0;0;0;0;0;0;0;0
FR;6;2021-12-14;0;0;0;0;0;0;0;0;0;0;0;0;0;0;0;0;0;0
FR;6;2021-12-15;0;0;0;0;0;0;0;0;0;0;0;0;0;0;0;0;0;0
FR;6;2021-12-16;0;0;0;0;0;0;0;0;0;0;0;0;0;0;0;0;0;0
FR;6;2021-12-17;0;0;0;0;0;0;0;0;0;0;0;0;0;0;0;0;0;0
FR;6;2021-12-18;0;0;0;0;0;0;0;0;0;0;0;0;0;0;0;0;0;0
FR;6;2021-12-19;0;0;0;0;0;0;0;0;0;0;0;0;0;0;0;0;0;0
FR;6;2021-12-20;0;0;0;0;0;0;0;0;0;0;0;0;0;0;0;0;0;0
FR;6;2021-12-21;0;0;0;0;0;0;0;0;0;0;0;0;0;0;0;0;0;0
FR;6;2021-12-22;0;0;0;0;0;0;0;0;0;0;0;0;0;0;0;0;0;0
FR;6;2021-12-23;0;0;0;0;0;0;0;0;0;0;0;0;0;0;0;0;0;0
FR;6;2021-12-24;0;0;0;0;0;0;0;0;0;0;0;0;0;0;0;0;0;0
FR;6;2021-12-25;0;0;0;0;0;0;0;0;0;0;0;0;0;0;0;0;0;0
FR;6;2021-12-26;0;0;0;0;0;0;0;0;0;0;0;0;0;0;0;0;0;0
FR;6;2021-12-27;0;0;0;0;0;0;0;0;0;0;0;0;0;0;0;0;0;0
FR;6;2021-12-28;0;0;0;0;0;0;0;0;0;0;0;0;0;0;0;0;0;0
FR;6;2021-12-29;0;0;0;0;0;0;0;0;0;0;0;0;0;0;0;0;0;0
FR;6;2021-12-30;0;0;0;0;0;0;0;0;0;0;0;0;0;0;0;0;0;0
FR;6;2021-12-31;0;0;0;0;0;0;0;0;0;0;0;0;0;0;0;0;0;0
FR;6;2022-01-01;0;0;0;0;0;0;0;0;0;0;0;0;0;0;0;0;0;0
FR;6;2022-01-02;0;0;0;0;0;0;0;0;0;0;0;0;0;0;0;0;0;0
FR;6;2022-01-03;0;0;0;0;0;0;0;0;0;0;0;0;0;0;0;0;0;0
FR;6;2022-01-04;0;0;0;0;0;0;0;0;0;0;0;0;0;0;0;0;0;0
FR;6;2022-01-05;0;0;0;0;0;0;0;0;0;0;0;0;0;0;0;0;0;0
FR;6;2022-01-06;0;0;0;0;0;0;0;0;0;0;0;0;0;0;0;0;0;0
FR;6;2022-01-07;0;0;0;0;0;0;0;0;0;0;0;0;0;0;0;0;0;0
FR;6;2022-01-08;0;0;0;0;0;0;0;0;0;0;0;0;0;0;0;0;0;0
FR;6;2022-01-09;0;0;0;0;0;0;0;0;0;0;0;0;0;0;0;0;0;0
FR;6;2022-01-10;0;0;0;0;0;0;0;0;0;0;0;0;0;0;0;0;0;0
FR;6;2022-01-11;0;0;0;0;0;0;0;0;0;0;0;0;0;0;0;0;0;0
FR;6;2022-01-12;0;0;0;0;0;0;0;0;0;0;0;0;0;0;0;0;0;0
FR;6;2022-01-13;0;0;0;0;0;0;0;0;0;0;0;0;0;0;0;0;0;0
FR;6;2022-01-14;0;0;0;0;0;0;0;0;0;0;0;0;0;0;0;0;0;0
FR;6;2022-01-15;0;0;0;0;0;0;0;0;0;0;0;0;0;0;0;0;0;0
FR;6;2022-01-16;0;0;0;0;0;0;0;0;0;0;0;0;0;0;0;0;0;0
FR;6;2022-01-17;0;0;0;0;0;0;0;0;0;0;0;0;0;0;0;0;0;0
FR;6;2022-01-18;0;0;0;0;0;0;0;0;0;0;0;0;0;0;0;0;0;0
FR;6;2022-01-19;0;0;0;0;0;0;0;0;0;0;0;0;0;0;0;0;0;0
FR;6;2022-01-20;0;0;0;0;0;0;0;0;0;0;0;0;0;0;0;0;0;0
FR;6;2022-01-21;0;0;0;0;0;0;0;0;0;0;0;0;0;0;0;0;0;0
FR;6;2022-01-22;0;0;0;0;0;0;0;0;0;0;0;0;0;0;0;0;0;0
FR;6;2022-01-23;0;0;0;0;0;0;0;0;0;0;0;0;0;0;0;0;0;0
FR;6;2022-01-24;0;0;0;0;0;0;0;0;0;0;0;0;0;0;0;0;0;0
FR;6;2022-01-25;0;0;0;0;0;0;0;0;0;0;0;0;0;0;0;0;0;0
FR;6;2022-01-26;0;0;0;0;0;0;0;0;0;0;0;0;0;0;0;0;0;0
FR;6;2022-01-27;0;0;0;0;0;0;0;0;0;0;0;0;0;0;0;0;0;0
FR;6;2022-01-28;0;0;0;0;0;0;0;0;0;0;0;0;0;0;0;0;0;0
FR;6;2022-01-29;0;0;0;0;0;0;0;0;0;0;0;0;0;0;0;0;0;0
FR;6;2022-01-30;0;0;0;0;0;0;0;0;0;0;0;0;0;0;0;0;0;0
FR;6;2022-01-31;0;0;0;0;0;0;0;0;0;0;0;0;0;0;0;0;0;0
FR;6;2022-02-01;0;0;0;0;0;0;0;0;0;0;0;0;0;0;0;0;0;0
FR;6;2022-02-02;0;0;0;0;0;0;0;0;0;0;0;0;0;0;0;0;0;0
FR;6;2022-02-03;0;0;0;0;0;0;0;0;0;0;0;0;0;0;0;0;0;0
FR;6;2022-02-04;0;0;0;0;0;0;0;0;0;0;0;0;0;0;0;0;0;0
FR;6;2022-02-05;0;0;0;0;0;0;0;0;0;0;0;0;0;0;0;0;0;0
FR;6;2022-02-06;0;0;0;0;0;0;0;0;0;0;0;0;0;0;0;0;0;0
FR;6;2022-02-07;0;0;0;0;0;0;0;0;0;0;0;0;0;0;0;0;0;0
FR;6;2022-02-08;0;0;0;0;0;0;0;0;0;0;0;0;0;0;0;0;0;0
FR;6;2022-02-09;0;0;0;0;0;0;0;0;0;0;0;0;0;0;0;0;0;0
FR;6;2022-02-10;0;0;0;0;0;0;0;0;0;0;0;0;0;0;0;0;0;0
FR;6;2022-02-11;0;0;0;0;0;0;0;0;0;0;0;0;0;0;0;0;0;0
FR;6;2022-02-12;0;0;0;0;0;0;0;0;0;0;0;0;0;0;0;0;0;0
FR;6;2022-02-13;0;0;0;0;0;0;0;0;0;0;0;0;0;0;0;0;0;0
FR;6;2022-02-14;0;0;0;0;0;0;0;0;0;0;0;0;0;0;0;0;0;0
FR;6;2022-02-15;0;0;0;0;0;0;0;0;0;0;0;0;0;0;0;0;0;0
FR;6;2022-02-16;0;0;0;0;0;0;0;0;0;0;0;0;0;0;0;0;0;0
FR;6;2022-02-17;0;0;0;0;0;0;0;0;0;0;0;0;0;0;0;0;0;0
FR;6;2022-02-18;0;0;0;0;0;0;0;0;0;0;0;0;0;0;0;0;0;0
FR;6;2022-02-19;0;0;0;0;0;0;0;0;0;0;0;0;0;0;0;0;0;0
FR;6;2022-02-20;0;0;0;0;0;0;0;0;0;0;0;0;0;0;0;0;0;0
FR;6;2022-02-21;0;0;0;0;0;0;0;0;0;0;0;0;0;0;0;0;0;0
FR;6;2022-02-22;0;0;0;0;0;0;0;0;0;0;0;0;0;0;0;0;0;0
FR;6;2022-02-23;0;0;0;0;0;0;0;0;0;0;0;0;0;0;0;0;0;0
FR;6;2022-02-24;0;0;0;0;0;0;0;0;0;0;0;0;0;0;0;0;0;0
FR;6;2022-02-25;0;0;0;0;0;0;0;0;0;0;0;0;0;0;0;0;0;0
FR;6;2022-02-26;1;0;0;0;0;0;0;0;0;1;0;0;0;0;0;0;0;0
FR;6;2022-02-27;0;0;0;0;0;0;0;0;0;1;0;0;0;0;0;0;0;0
FR;6;2022-02-28;0;0;0;0;0;0;0;0;0;1;0;0;0;0;0;0;0;0
FR;6;2022-03-01;3;0;0;0;0;0;0;0;0;4;0;0;0;0;0;0;0;0
FR;6;2022-03-02;97;9;2;0;15;7;0;0;0;101;9;2;0;15;7;0;0;0
FR;6;2022-03-03;0;0;0;0;0;0;0;0;0;101;9;2;0;15;7;0;0;0
FR;6;2022-03-04;92;4;0;0;8;4;0;0;0;193;13;2;0;23;11;0;0;0
FR;6;2022-03-05;391;23;2;0;60;14;0;0;0;584;36;4;0;83;25;0;0;0
FR;6;2022-03-06;7;1;0;0;2;0;0;0;0;591;37;4;0;85;25;0;0;0
FR;6;2022-03-07;337;19;0;0;51;13;0;0;0;928;56;4;0;136;38;0;0;0
FR;6;2022-03-08;230;14;0;0;47;5;0;0;0;1158;70;4;0;183;43;0;0;0
FR;6;2022-03-09;519;29;2;0;84;21;1;0;0;1677;99;6;0;267;64;1;0;0
FR;6;2022-03-10;206;19;0;1;54;12;1;0;0;1883;118;6;1;321;76;2;0;0
FR;6;2022-03-11;331;22;6;0;53;21;0;0;0;2214;140;12;1;374;97;2;0;0
FR;6;2022-03-12;518;25;1;0;83;20;0;0;0;2732;165;13;1;457;117;2;0;0
FR;6;2022-03-13;40;2;0;0;2;1;0;0;0;2772;167;13;1;459;118;2;0;0
FR;6;2022-03-14;201;4;2;0;39;3;1;0;0;2973;171;15;1;498;121;3;0;0
FR;6;2022-03-15;112;11;2;0;28;9;0;0;0;3085;182;17;1;526;130;3;0;0
FR;6;2022-03-16;310;17;2;1;49;15;1;0;0;3395;199;19;2;575;145;4;0;0
FR;6;2022-03-17;117;6;1;2;14;4;2;0;0;3512;205;20;4;589;149;6;0;0
FR;6;2022-03-18;215;10;0;0;40;6;0;0;0;3727;215;20;4;629;155;6;0;0
FR;6;2022-03-19;307;19;2;0;89;9;0;0;0;4034;234;22;4;718;164;6;0;0
FR;6;2022-03-20;15;5;0;0;5;1;0;0;0;4049;239;22;4;723;165;6;0;0
FR;6;2022-03-21;132;23;1;0;47;4;0;0;0;4181;262;23;4;770;169;6;0;0
FR;6;2022-03-22;97;15;0;0;34;4;0;0;0;4278;277;23;4;804;173;6;0;0
FR;6;2022-03-23;226;108;3;0;154;14;1;0;0;4504;385;26;4;958;187;7;0;0
FR;6;2022-03-24;100;15;1;3;32;4;3;0;0;4604;400;27;7;990;191;10;0;0
FR;6;2022-03-25;203;141;2;1;179;15;2;0;0;4807;541;29;8;1169;206;12;0;0
FR;6;2022-03-26;331;295;7;1;385;19;1;0;0;5138;836;36;9;1554;225;13;0;0
FR;6;2022-03-27;32;30;1;0;37;1;1;0;0;5170;866;37;9;1591;226;14;0;0
FR;6;2022-03-28;201;208;8;1;234;17;3;0;0;5371;1074;45;10;1825;243;17;0;0
FR;6;2022-03-29;124;189;12;2;206;12;9;0;0;5495;1263;57;12;2031;255;26;0;0
FR;6;2022-03-30;305;476;10;2;548;22;6;0;0;5800;1739;67;14;2579;277;32;0;0
FR;6;2022-03-31;123;140;10;0;160;14;5;0;0;5923;1879;77;14;2739;291;37;0;0
FR;6;2022-04-01;195;150;11;2;178;23;3;0;0;6118;2029;88;16;2917;314;40;0;0
FR;6;2022-04-02;206;241;9;1;280;13;8;0;0;6324;2270;97;17;3197;327;48;0;0
FR;6;2022-04-03;17;21;0;0;26;1;0;0;0;6341;2291;97;17;3223;328;48;0;0
FR;6;2022-04-04;137;114;6;1;131;9;5;0;0;6478;2405;103;18;3354;337;53;0;0
FR;6;2022-04-05;146;88;15;1;105;11;8;0;0;6624;2493;118;19;3459;348;61;0;0
FR;6;2022-04-06;204;245;22;26;291;27;33;0;0;6828;2738;140;45;3750;375;94;0;0
FR;6;2022-04-07;127;96;15;9;115;17;14;0;0;6955;2834;155;54;3865;392;108;0;0
FR;6;2022-04-08;199;171;16;3;214;17;9;0;1;7154;3005;171;57;4079;409;117;0;1
FR;6;2022-04-09;145;139;6;12;171;13;4;0;0;7299;3144;177;69;4250;422;121;0;1
FR;6;2022-04-10;11;20;3;0;26;1;3;0;0;7310;3164;180;69;4276;423;124;0;1
FR;6;2022-04-11;101;106;4;0;128;5;3;0;0;7411;3270;184;69;4404;428;127;0;1
FR;6;2022-04-12;136;75;5;8;114;10;10;0;0;7547;3345;189;77;4518;438;137;0;1
FR;6;2022-04-13;162;175;7;5;208;13;8;0;0;7709;3520;196;82;4726;451;145;0;1
FR;6;2022-04-14;100;103;5;10;121;8;10;0;0;7809;3623;201;92;4847;459;155;0;1
FR;6;2022-04-15;158;149;11;7;167;19;14;0;1;7967;3772;212;99;5014;478;169;0;2
FR;6;2022-04-16;127;132;5;0;162;14;2;0;0;8094;3904;217;99;5176;492;171;0;2
FR;6;2022-04-17;8;9;4;0;10;4;0;0;0;8102;3913;221;99;5186;496;171;0;2
FR;6;2022-04-18;8;15;3;0;14;4;0;0;0;8110;3928;224;99;5200;500;171;0;2
FR;6;2022-04-19;97;112;4;3;130;3;7;0;0;8207;4040;228;102;5330;503;178;0;2
FR;6;2022-04-20;177;227;8;7;269;15;3;0;0;8384;4267;236;109;5599;518;181;0;2
FR;6;2022-04-21;111;93;8;4;110;11;7;0;0;8495;4360;244;113;5709;529;188;0;2
FR;6;2022-04-22;138;160;13;12;189;13;13;0;0;8633;4520;257;125;5898;542;201;0;2
FR;6;2022-04-23;106;129;1;1;161;7;1;0;0;8739;4649;258;126;6059;549;202;0;2
FR;6;2022-04-24;5;21;1;0;22;0;1;0;0;8744;4670;259;126;6081;549;203;0;2
FR;6;2022-04-25;90;128;3;8;150;11;9;0;0;8834;4798;262;134;6231;560;212;0;2
FR;6;2022-04-26;101;128;19;2;151;17;13;0;0;8935;4926;281;136;6382;577;225;0;2
FR;6;2022-04-27;197;159;21;1;222;27;11;0;1;9132;5085;302;137;6604;604;236;0;3
FR;6;2022-04-28;109;87;7;1;123;8;7;0;0;9241;5172;309;138;6727;612;243;0;3
FR;6;2022-04-29;191;169;16;2;215;20;6;0;0;9432;5341;325;140;6942;632;249;0;3
FR;6;2022-04-30;133;125;7;1;168;24;2;0;0;9565;5466;332;141;7110;656;251;0;3
FR;6;2022-05-01;7;6;0;0;8;0;0;0;0;9572;5472;332;141;7118;656;251;0;3
FR;6;2022-05-02;94;65;3;4;88;3;4;0;0;9666;5537;335;145;7206;659;255;0;3
FR;6;2022-05-03;136;93;11;2;125;7;9;0;0;9802;5630;346;147;7331;666;264;0;3
FR;6;2022-05-04;167;118;25;12;161;29;12;0;1;9969;5748;371;159;7492;695;276;0;4
FR;6;2022-05-05;101;70;8;3;97;12;6;0;0;10070;5818;379;162;7589;707;282;0;4
FR;6;2022-05-06;152;110;10;9;155;16;11;0;0;10222;5928;389;171;7744;723;293;0;4
FR;6;2022-05-07;139;93;13;3;136;23;8;0;0;10361;6021;402;174;7880;746;301;0;4
FR;6;2022-05-08;20;8;6;5;16;7;5;0;0;10381;6029;408;179;7896;753;306;0;4
FR;6;2022-05-09;86;78;9;7;95;13;6;0;0;10467;6107;417;186;7991;766;312;0;4
FR;6;2022-05-10;112;80;15;7;110;12;13;0;0;10579;6187;432;193;8101;778;325;0;4
FR;6;2022-05-11;130;124;11;14;163;20;6;0;0;10709;6311;443;207;8264;798;331;0;4
FR;6;2022-05-12;105;76;7;5;96;15;6;0;1;10814;6387;450;212;8360;813;337;0;5
FR;6;2022-05-13;155;97;17;21;137;22;16;0;0;10969;6484;467;233;8497;835;353;0;5
FR;6;2022-05-14;81;60;6;7;84;15;2;0;0;11050;6544;473;240;8581;850;355;0;5
FR;6;2022-05-15;12;7;0;0;14;0;0;0;0;11062;6551;473;240;8595;850;355;0;5
FR;6;2022-05-16;65;54;6;2;69;12;3;0;0;11127;6605;479;242;8664;862;358;0;5
FR;6;2022-05-17;123;77;5;7;92;11;8;0;0;11250;6682;484;249;8756;873;366;0;5
FR;6;2022-05-18;131;116;5;1;158;14;3;0;0;11381;6798;489;250;8914;887;369;0;5
FR;6;2022-05-19;124;57;6;8;96;9;8;0;0;11505;6855;495;258;9010;896;377;0;5
FR;6;2022-05-20;125;115;13;3;151;18;10;0;0;11630;6970;508;261;9161;914;387;0;5
FR;6;2022-05-21;92;69;14;3;93;12;8;0;0;11722;7039;522;264;9254;926;395;0;5
FR;6;2022-05-22;19;12;5;0;21;4;1;0;0;11741;7051;527;264;9275;930;396;0;5
FR;6;2022-05-23;77;72;4;2;90;7;2;0;0;11818;7123;531;266;9365;937;398;0;5
FR;6;2022-05-24;117;98;8;2;131;16;4;0;0;11935;7221;539;268;9496;953;402;0;5
FR;6;2022-05-25;139;129;6;3;170;11;6;0;0;12074;7350;545;271;9666;964;408;0;5
FR;6;2022-05-26;7;9;3;0;5;9;0;0;0;12081;7359;548;271;9671;973;408;0;5
FR;6;2022-05-27;127;105;15;11;136;18;18;0;1;12208;7464;563;282;9807;991;426;0;6
FR;6;2022-05-28;54;75;1;5;89;8;5;0;0;12262;7539;564;287;9896;999;431;0;6
FR;6;2022-05-29;8;10;0;0;10;1;0;0;0;12270;7549;564;287;9906;1000;431;0;6
FR;6;2022-05-30;70;70;7;4;86;4;9;0;0;12340;7619;571;291;9992;1004;440;0;6
FR;6;2022-05-31;87;102;10;2;122;14;7;0;0;12427;7721;581;293;10114;1018;447;0;6
FR;6;2022-06-01;97;89;10;1;111;11;6;0;0;12524;7810;591;294;10225;1029;453;0;6
FR;6;2022-06-02;91;60;6;3;80;9;6;0;0;12615;7870;597;297;10305;1038;459;0;6
FR;6;2022-06-03;126;102;13;7;129;21;8;0;0;12741;7972;610;304;10434;1059;467;0;6
FR;6;2022-06-04;63;51;10;0;64;12;3;0;0;12804;8023;620;304;10498;1071;470;0;6
FR;6;2022-06-05;16;15;2;1;18;4;1;0;0;12820;8038;622;305;10516;1075;471;0;6
FR;6;2022-06-06;9;6;0;0;8;0;0;0;0;12829;8044;622;305;10524;1075;471;0;6
FR;6;2022-06-07;79;90;3;4;117;8;6;0;0;12908;8134;625;309;10641;1083;477;0;6
FR;6;2022-06-08;92;110;13;5;130;20;6;0;0;13000;8244;638;314;10771;1103;483;0;6
FR;6;2022-06-09;75;81;15;3;106;15;8;0;0;13075;8325;653;317;10877;1118;491;0;6
FR;6;2022-06-10;116;93;26;10;120;22;13;0;0;13191;8418;679;327;10997;1140;504;0;6
FR;6;2022-06-11;83;62;6;10;82;12;11;0;0;13274;8480;685;337;11079;1152;515;0;6
FR;6;2022-06-12;6;14;1;0;16;2;0;0;0;13280;8494;686;337;11095;1154;515;0;6
FR;6;2022-06-13;74;59;18;1;68;7;4;0;0;13354;8553;704;338;11163;1161;519;0;6
FR;6;2022-06-14;98;100;8;5;116;16;8;0;0;13452;8653;712;343;11279;1177;527;0;6
FR;6;2022-06-15;80;86;7;8;114;15;10;0;0;13532;8739;719;351;11393;1192;537;0;6
FR;6;2022-06-16;53;40;11;7;45;14;6;0;0;13585;8779;730;358;11438;1206;543;0;6
FR;6;2022-06-17;86;85;3;13;109;11;5;0;0;13671;8864;733;371;11547;1217;548;0;6
FR;6;2022-06-18;71;62;13;0;88;21;1;0;0;13742;8926;746;371;11635;1238;549;0;6
FR;6;2022-06-19;6;6;3;0;7;4;1;0;0;13748;8932;749;371;11642;1242;550;0;6
FR;6;2022-06-20;42;41;4;1;55;6;1;0;0;13790;8973;753;372;11697;1248;551;0;6
FR;6;2022-06-21;59;73;10;7;82;17;7;0;0;13849;9046;763;379;11779;1265;558;0;6
FR;6;2022-06-22;86;85;8;2;98;17;3;0;0;13935;9131;771;381;11877;1282;561;0;6
FR;6;2022-06-23;64;39;13;7;41;15;10;0;0;13999;9170;784;388;11918;1297;571;0;6
FR;6;2022-06-24;77;85;7;14;95;20;16;0;0;14076;9255;791;402;12013;1317;587;0;6
FR;6;2022-06-25;67;61;4;3;77;8;5;0;0;14143;9316;795;405;12090;1325;592;0;6
FR;6;2022-06-26;6;7;1;0;10;1;0;0;0;14149;9323;796;405;12100;1326;592;0;6
FR;6;2022-06-27;51;50;4;9;62;12;7;0;0;14200;9373;800;414;12162;1338;599;0;6
FR;6;2022-06-28;68;47;6;3;53;15;5;0;0;14268;9420;806;417;12215;1353;604;0;6
FR;6;2022-06-29;98;117;26;37;115;19;35;0;5;14366;9537;832;454;12330;1372;639;0;11
FR;6;2022-06-30;84;60;33;10;61;12;7;0;0;14450;9597;865;464;12391;1384;646;0;11
FR;6;2022-07-01;115;94;25;33;102;18;27;0;1;14565;9691;890;497;12493;1402;673;0;12
FR;6;2022-07-02;58;67;26;2;64;37;6;0;0;14623;9758;916;499;12557;1439;679;0;12
FR;6;2022-07-03;11;4;4;3;5;4;3;0;0;14634;9762;920;502;12562;1443;682;0;12
FR;6;2022-07-04;61;43;3;23;55;13;20;0;0;14695;9805;923;525;12617;1456;702;0;12
FR;6;2022-07-05;65;53;19;67;60;27;63;0;0;14760;9858;942;592;12677;1483;765;0;12
FR;6;2022-07-06;94;64;7;11;78;12;17;0;0;14854;9922;949;603;12755;1495;782;0;12
FR;6;2022-07-07;99;79;42;37;99;14;34;0;4;14953;10001;991;640;12854;1509;816;0;16
FR;6;2022-07-08;139;87;42;27;115;10;25;0;3;15092;10088;1033;667;12969;1519;841;0;19
FR;6;2022-07-09;53;51;16;29;51;27;33;0;1;15145;10139;1049;696;13020;1546;874;0;20
FR;6;2022-07-10;3;7;8;0;9;9;0;0;0;15148;10146;1057;696;13029;1555;874;0;20
FR;6;2022-07-11;54;44;5;4;47;12;4;0;0;15202;10190;1062;700;13076;1567;878;0;20
FR;6;2022-07-12;70;72;12;23;87;12;27;0;0;15272;10262;1074;723;13163;1579;905;0;20
FR;6;2022-07-13;84;65;14;21;71;25;22;0;0;15356;10327;1088;744;13234;1604;927;0;20
FR;6;2022-07-14;4;3;1;0;4;1;0;0;0;15360;10330;1089;744;13238;1605;927;0;20
FR;6;2022-07-15;74;59;9;57;85;16;45;0;0;15434;10389;1098;801;13323;1621;972;0;20
FR;6;2022-07-16;27;31;17;0;37;17;3;0;0;15461;10420;1115;801;13360;1638;975;0;20
FR;6;2022-07-17;3;7;0;0;8;0;0;0;0;15464;10427;1115;801;13368;1638;975;0;20
FR;6;2022-07-18;37;62;11;14;60;15;14;0;6;15501;10489;1126;815;13428;1653;989;0;26
FR;6;2022-07-19;54;48;4;19;60;6;21;0;1;15555;10537;1130;834;13488;1659;1010;0;27
FR;6;2022-07-20;53;70;7;22;75;11;27;0;0;15608;10607;1137;856;13563;1670;1037;0;27
FR;6;2022-07-21;51;61;4;7;56;11;9;0;0;15659;10668;1141;863;13619;1681;1046;0;27
FR;6;2022-07-22;55;74;7;26;82;8;16;0;2;15714;10742;1148;889;13701;1689;1062;0;29
FR;6;2022-07-23;38;40;6;10;40;6;9;0;1;15752;10782;1154;899;13741;1695;1071;0;30
FR;6;2022-07-24;11;14;1;3;19;3;3;0;0;15763;10796;1155;902;13760;1698;1074;0;30
FR;6;2022-07-25;60;44;8;12;41;9;13;0;1;15823;10840;1163;914;13801;1707;1087;0;31
FR;6;2022-07-26;47;64;14;6;62;10;13;0;0;15870;10904;1177;920;13863;1717;1100;0;31
FR;6;2022-07-27;54;78;15;11;80;18;15;0;8;15924;10982;1192;931;13943;1735;1115;0;39
FR;6;2022-07-28;30;48;4;6;50;8;7;0;1;15954;11030;1196;937;13993;1743;1122;0;40
FR;6;2022-07-29;43;71;10;38;60;24;36;0;1;15997;11101;1206;975;14053;1767;1158;0;41
FR;6;2022-07-30;26;48;4;15;49;7;15;0;0;16023;11149;1210;990;14102;1774;1173;0;41
FR;6;2022-07-31;0;1;1;0;1;0;1;0;0;16023;11150;1211;990;14103;1774;1174;0;41
FR;6;2022-08-01;39;36;14;8;32;10;6;0;1;16062;11186;1225;998;14135;1784;1180;0;42
FR;6;2022-08-02;37;46;10;14;52;6;16;0;0;16099;11232;1235;1012;14187;1790;1196;0;42
FR;6;2022-08-03;29;52;7;16;53;11;19;0;0;16128;11284;1242;1028;14240;1801;1215;0;42
FR;6;2022-08-04;25;21;4;9;20;6;10;0;1;16153;11305;1246;1037;14260;1807;1225;0;43
FR;6;2022-08-05;43;45;1;7;53;5;7;0;0;16196;11350;1247;1044;14313;1812;1232;0;43
FR;6;2022-08-06;17;27;1;3;33;2;4;0;0;16213;11377;1248;1047;14346;1814;1236;0;43
FR;6;2022-08-07;1;2;0;0;2;0;0;0;0;16214;11379;1248;1047;14348;1814;1236;0;43
FR;6;2022-08-08;24;33;1;0;40;1;0;0;0;16238;11412;1249;1047;14388;1815;1236;0;43
FR;6;2022-08-09;22;30;6;3;29;3;3;0;0;16260;11442;1255;1050;14417;1818;1239;0;43
FR;6;2022-08-10;32;36;5;9;38;5;9;0;5;16292;11478;1260;1059;14455;1823;1248;0;48
FR;6;2022-08-11;33;33;1;1;40;1;0;0;1;16325;11511;1261;1060;14495;1824;1248;0;49
FR;6;2022-08-12;50;44;6;2;50;15;3;0;1;16375;11555;1267;1062;14545;1839;1251;0;50
FR;6;2022-08-13;9;20;0;0;22;1;0;0;0;16384;11575;1267;1062;14567;1840;1251;0;50
FR;6;2022-08-14;3;1;0;0;2;0;0;0;0;16387;11576;1267;1062;14569;1840;1251;0;50
FR;6;2022-08-15;2;3;1;0;4;0;1;0;0;16389;11579;1268;1062;14573;1840;1252;0;50
FR;6;2022-08-16;35;66;21;7;66;7;2;0;0;16424;11645;1289;1069;14639;1847;1254;0;50
FR;6;2022-08-17;32;44;10;9;41;10;6;0;7;16456;11689;1299;1078;14680;1857;1260;0;57
FR;6;2022-08-18;29;55;14;4;61;4;0;0;1;16485;11744;1313;1082;14741;1861;1260;0;58
FR;6;2022-08-19;30;45;5;4;47;3;2;0;1;16515;11789;1318;1086;14788;1864;1262;0;59
FR;6;2022-08-20;26;29;3;0;28;8;1;0;0;16541;11818;1321;1086;14816;1872;1263;0;59
FR;6;2022-08-21;1;5;2;0;5;0;0;0;0;16542;11823;1323;1086;14821;1872;1263;0;59
FR;6;2022-08-22;20;42;15;1;45;0;0;0;0;16562;11865;1338;1087;14866;1872;1263;0;59
FR;6;2022-08-23;34;45;6;7;47;6;4;0;2;16596;11910;1344;1094;14913;1878;1267;0;61
FR;6;2022-08-24;34;30;6;3;36;6;2;0;3;16630;11940;1350;1097;14949;1884;1269;0;64
FR;6;2022-08-25;25;27;1;1;29;5;1;0;0;16655;11967;1351;1098;14978;1889;1270;0;64
FR;6;2022-08-26;38;44;4;4;51;7;7;0;0;16693;12011;1355;1102;15029;1896;1277;0;64
FR;6;2022-08-27;19;21;7;3;22;8;4;0;0;16712;12032;1362;1105;15051;1904;1281;0;64
FR;6;2022-08-28;6;3;0;6;3;1;1;0;4;16718;12035;1362;1111;15054;1905;1282;0;68
FR;6;2022-08-29;26;22;2;6;29;3;6;0;0;16744;12057;1364;1117;15083;1908;1288;0;68
FR;6;2022-08-30;28;35;4;12;33;8;13;0;0;16772;12092;1368;1129;15116;1916;1301;0;68
FR;6;2022-08-31;35;38;2;11;46;3;12;0;0;16807;12130;1370;1140;15162;1919;1313;0;68
FR;6;2022-09-01;17;11;5;1;13;4;3;0;0;16824;12141;1375;1141;15175;1923;1316;0;68
FR;6;2022-09-02;19;14;2;1;13;3;2;0;0;16843;12155;1377;1142;15188;1926;1318;0;68
FR;6;2022-09-03;10;3;1;5;4;2;5;0;0;16853;12158;1378;1147;15192;1928;1323;0;68
FR;6;2022-09-04;4;1;0;0;1;0;0;0;0;16857;12159;1378;1147;15193;1928;1323;0;68
FR;6;2022-09-05;8;7;0;0;10;0;0;0;0;16865;12166;1378;1147;15203;1928;1323;0;68
FR;6;2022-09-06;7;9;7;12;8;6;15;0;0;16872;12175;1385;1159;15211;1934;1338;0;68
FR;6;2022-09-07;3;8;1;0;8;1;0;0;0;16875;12183;1386;1159;15219;1935;1338;0;68
FR;6;2022-09-08;6;4;0;2;3;1;2;0;0;16881;12187;1386;1161;15222;1936;1340;0;68
FR;6;2022-09-09;7;9;2;7;9;3;8;0;0;16888;12196;1388;1168;15231;1939;1348;0;68
FR;6;2022-09-10;3;4;1;0;3;1;1;0;0;16891;12200;1389;1168;15234;1940;1349;0;68
FR;6;2022-09-11;1;3;0;0;3;0;0;0;0;16892;12203;1389;1168;15237;1940;1349;0;68
FR;6;2022-09-12;10;4;1;0;3;3;0;0;0;16902;12207;1390;1168;15240;1943;1349;0;68
FR;6;2022-09-13;7;2;3;0;2;2;2;0;0;16909;12209;1393;1168;15242;1945;1351;0;68
FR;6;2022-09-14;9;8;2;0;7;4;0;0;0;16918;12217;1395;1168;15249;1949;1351;0;68
FR;6;2022-09-15;8;13;5;5;9;9;3;0;2;16926;12230;1400;1173;15258;1958;1354;0;70
FR;6;2022-09-16;25;39;1;1;47;4;1;0;2;16951;12269;1401;1174;15305;1962;1355;0;72
FR;6;2022-09-17;24;22;0;6;24;5;3;0;2;16975;12291;1401;1180;15329;1967;1358;0;74
FR;6;2022-09-18;5;4;0;0;4;1;0;0;0;16980;12295;1401;1180;15333;1968;1358;0;74
FR;6;2022-09-19;30;30;2;1;32;5;1;0;0;17010;12325;1403;1181;15365;1973;1359;0;74
FR;6;2022-09-20;34;25;1;4;30;6;2;0;1;17044;12350;1404;1185;15395;1979;1361;0;75
FR;6;2022-09-21;21;9;3;3;7;7;5;0;3;17065;12359;1407;1188;15402;1986;1366;0;78
FR;6;2022-09-22;19;28;1;22;32;3;21;0;1;17084;12387;1408;1210;15434;1989;1387;0;79
FR;6;2022-09-23;28;41;5;9;47;9;2;0;0;17112;12428;1413;1219;15481;1998;1389;0;79
FR;6;2022-09-24;16;16;4;2;21;6;2;0;0;17128;12444;1417;1221;15502;2004;1391;0;79
FR;6;2022-09-25;3;14;0;0;14;1;0;0;0;17131;12458;1417;1221;15516;2005;1391;0;79
FR;6;2022-09-26;16;13;0;18;12;5;18;0;2;17147;12471;1417;1239;15528;2010;1409;0;81
FR;6;2022-09-27;32;19;2;3;23;4;4;0;0;17179;12490;1419;1242;15551;2014;1413;0;81
FR;6;2022-09-28;27;10;9;11;16;5;17;0;2;17206;12500;1428;1253;15567;2019;1430;0;83
FR;6;2022-09-29;13;13;10;34;16;6;33;0;7;17219;12513;1438;1287;15583;2025;1463;0;90
FR;6;2022-09-30;34;24;5;6;33;5;3;0;0;17253;12537;1443;1293;15616;2030;1466;0;90
FR;6;2022-10-01;17;12;5;8;9;8;8;0;2;17270;12549;1448;1301;15625;2038;1474;0;92
FR;6;2022-10-02;4;0;0;0;1;0;0;0;0;17274;12549;1448;1301;15626;2038;1474;0;92
FR;6;2022-10-03;11;10;3;5;11;4;6;0;0;17285;12559;1451;1306;15637;2042;1480;0;92
FR;6;2022-10-04;19;17;4;28;21;3;30;0;3;17304;12576;1455;1334;15658;2045;1510;0;95
FR;6;2022-10-05;11;12;3;2;9;7;4;0;0;17315;12588;1458;1336;15667;2052;1514;0;95
FR;6;2022-10-06;19;13;4;6;17;2;10;0;0;17334;12601;1462;1342;15684;2054;1524;0;95
FR;6;2022-10-07;27;26;5;24;24;11;16;0;5;17361;12627;1467;1366;15708;2065;1540;0;100
FR;6;2022-10-08;18;13;0;0;16;0;0;0;0;17379;12640;1467;1366;15724;2065;1540;0;100
FR;6;2022-10-09;7;3;4;27;3;4;30;0;6;17386;12643;1471;1393;15727;2069;1570;0;106
FR;6;2022-10-10;15;14;1;16;16;6;13;0;0;17401;12657;1472;1409;15743;2075;1583;0;106
FR;6;2022-10-11;21;23;3;11;22;8;13;0;3;17422;12680;1475;1420;15765;2083;1596;0;109
FR;6;2022-10-12;20;16;7;19;18;3;24;0;7;17442;12696;1482;1439;15783;2086;1620;0;116
FR;6;2022-10-13;28;15;2;36;23;0;38;0;6;17470;12711;1484;1475;15806;2086;1658;0;122
FR;6;2022-10-14;29;23;5;49;23;11;45;0;13;17499;12734;1489;1524;15829;2097;1703;0;135
FR;6;2022-10-15;13;9;0;22;8;4;21;0;6;17512;12743;1489;1546;15837;2101;1724;0;141
FR;6;2022-10-16;4;5;0;6;2;3;6;0;0;17516;12748;1489;1552;15839;2104;1730;0;141
FR;6;2022-10-17;14;14;2;10;14;1;12;0;2;17530;12762;1491;1562;15853;2105;1742;0;143
FR;6;2022-10-18;12;19;9;26;19;4;18;0;11;17542;12781;1500;1588;15872;2109;1760;0;154
FR;6;2022-10-19;10;20;6;16;20;5;19;0;5;17552;12801;1506;1604;15892;2114;1779;0;159
FR;6;2022-10-20;16;15;12;57;18;5;67;0;13;17568;12816;1518;1661;15910;2119;1846;0;172
FR;6;2022-10-21;16;21;9;34;22;11;37;0;10;17584;12837;1527;1695;15932;2130;1883;0;182
FR;6;2022-10-22;19;14;1;4;17;3;4;0;0;17603;12851;1528;1699;15949;2133;1887;0;182
FR;6;2022-10-23;3;3;1;0;4;0;1;0;0;17606;12854;1529;1699;15953;2133;1888;0;182
FR;6;2022-10-24;12;14;2;7;14;6;5;0;2;17618;12868;1531;1706;15967;2139;1893;0;184
FR;6;2022-10-25;20;13;6;17;16;7;19;0;4;17638;12881;1537;1723;15983;2146;1912;0;188
FR;6;2022-10-26;17;9;4;13;12;4;15;0;5;17655;12890;1541;1736;15995;2150;1927;0;193
FR;6;2022-10-27;20;7;8;37;10;6;36;0;14;17675;12897;1549;1773;16005;2156;1963;0;207
FR;6;2022-10-28;21;27;3;4;28;6;5;0;1;17696;12924;1552;1777;16033;2162;1968;0;208
FR;6;2022-10-29;7;11;5;11;10;6;14;0;12;17703;12935;1557;1788;16043;2168;1982;0;220
FR;6;2022-10-30;2;5;0;0;5;0;0;0;0;17705;12940;1557;1788;16048;2168;1982;0;220
FR;6;2022-10-31;20;14;2;13;17;4;12;0;3;17725;12954;1559;1801;16065;2172;1994;0;223
FR;6;2022-11-01;2;1;1;0;1;1;0;0;0;17727;12955;1560;1801;16066;2173;1994;0;223
FR;6;2022-11-02;15;25;9;21;26;11;19;0;12;17742;12980;1569;1822;16092;2184;2013;0;235
FR;6;2022-11-03;17;17;11;39;20;8;43;0;9;17759;12997;1580;1861;16112;2192;2056;0;244
FR;6;2022-11-04;19;22;9;16;27;5;16;0;10;17778;13019;1589;1877;16139;2197;2072;0;254
FR;6;2022-11-05;9;16;2;4;17;4;6;0;0;17787;13035;1591;1881;16156;2201;2078;0;254
FR;6;2022-11-06;5;1;0;0;1;0;0;0;0;17792;13036;1591;1881;16157;2201;2078;0;254
FR;6;2022-11-07;18;10;6;17;12;4;18;0;11;17810;13046;1597;1898;16169;2205;2096;0;265
FR;6;2022-11-08;18;10;2;3;8;5;5;0;4;17828;13056;1599;1901;16177;2210;2101;0;269
FR;6;2022-11-09;16;22;1;6;21;4;5;0;4;17844;13078;1600;1907;16198;2214;2106;0;273
FR;6;2022-11-10;10;10;4;12;8;5;11;0;10;17854;13088;1604;1919;16206;2219;2117;0;283
FR;6;2022-11-11;4;1;0;0;1;1;0;0;0;17858;13089;1604;1919;16207;2220;2117;0;283
FR;6;2022-11-12;4;11;1;7;11;2;5;0;9;17862;13100;1605;1926;16218;2222;2122;0;292
FR;6;2022-11-13;1;1;0;1;1;0;1;0;0;17863;13101;1605;1927;16219;2222;2123;0;292
FR;6;2022-11-14;13;10;7;32;13;8;33;0;14;17876;13111;1612;1959;16232;2230;2156;0;306
FR;6;2022-11-15;7;18;1;11;16;4;7;0;2;17883;13129;1613;1970;16248;2234;2163;0;308
FR;6;2022-11-16;16;15;9;32;17;3;42;0;9;17899;13144;1622;2002;16265;2237;2205;0;317
FR;6;2022-11-17;10;8;1;29;8;2;28;0;5;17909;13152;1623;2031;16273;2239;2233;0;322
FR;6;2022-11-18;20;12;5;23;16;4;25;0;7;17929;13164;1628;2054;16289;2243;2258;0;329
FR;6;2022-11-19;5;13;0;2;11;3;2;0;1;17934;13177;1628;2056;16300;2246;2260;0;330
FR;6;2022-11-20;2;1;2;0;1;2;0;0;0;17936;13178;1630;2056;16301;2248;2260;0;330
FR;6;2022-11-21;22;13;1;14;14;6;11;0;3;17958;13191;1631;2070;16315;2254;2271;0;333
FR;6;2022-11-22;14;9;0;4;11;1;3;0;1;17972;13200;1631;2074;16326;2255;2274;0;334
FR;6;2022-11-23;14;15;15;23;17;9;31;0;8;17986;13215;1646;2097;16343;2264;2305;0;342
FR;6;2022-11-24;14;17;1;11;19;5;10;0;7;18000;13232;1647;2108;16362;2269;2315;0;349
FR;6;2022-11-25;23;15;5;50;15;5;47;0;5;18023;13247;1652;2158;16377;2274;2362;0;354
FR;6;2022-11-26;9;5;2;4;3;2;5;0;1;18032;13252;1654;2162;16380;2276;2367;0;355
FR;6;2022-11-27;1;4;0;0;4;0;0;0;0;18033;13256;1654;2162;16384;2276;2367;0;355
FR;6;2022-11-28;9;11;6;22;11;3;24;0;11;18042;13267;1660;2184;16395;2279;2391;0;366
FR;6;2022-11-29;15;10;1;12;14;1;8;0;7;18057;13277;1661;2196;16409;2280;2399;0;373
FR;6;2022-11-30;18;20;8;23;19;12;22;0;8;18075;13297;1669;2219;16428;2292;2421;0;381
FR;6;2022-12-01;12;9;7;20;11;4;24;0;9;18087;13306;1676;2239;16439;2296;2445;0;390
FR;6;2022-12-02;16;9;12;36;12;8;42;0;1;18103;13315;1688;2275;16451;2304;2487;0;391
FR;6;2022-12-03;13;3;13;20;6;5;28;0;13;18116;13318;1701;2295;16457;2309;2515;0;404
FR;6;2022-12-04;3;1;0;2;1;0;2;0;0;18119;13319;1701;2297;16458;2309;2517;0;404
FR;6;2022-12-05;11;10;7;16;11;4;19;0;8;18130;13329;1708;2313;16469;2313;2536;0;412
FR;6;2022-12-06;10;19;3;30;12;11;28;0;3;18140;13348;1711;2343;16481;2324;2564;0;415
FR;6;2022-12-07;17;8;10;56;10;8;57;0;30;18157;13356;1721;2399;16491;2332;2621;0;445
FR;6;2022-12-08;9;13;8;19;11;7;21;0;13;18166;13369;1729;2418;16502;2339;2642;0;458
FR;6;2022-12-09;15;9;5;29;12;4;30;0;6;18181;13378;1734;2447;16514;2343;2672;0;464
FR;6;2022-12-10;12;9;6;9;7;4;14;0;7;18193;13387;1740;2456;16521;2347;2686;0;471
FR;6;2022-12-11;4;2;1;0;2;1;0;0;0;18197;13389;1741;2456;16523;2348;2686;0;471
FR;6;2022-12-12;17;10;8;36;14;9;33;0;17;18214;13399;1749;2492;16537;2357;2719;0;488
FR;6;2022-12-13;17;21;12;66;16;18;65;0;14;18231;13420;1761;2558;16553;2375;2784;0;502
FR;6;2022-12-14;14;13;8;53;11;12;53;0;14;18245;13433;1769;2611;16564;2387;2837;0;516
FR;6;2022-12-15;12;15;14;38;13;9;44;0;9;18257;13448;1783;2649;16577;2396;2881;0;525
FR;6;2022-12-16;18;14;15;39;15;14;39;0;13;18275;13462;1798;2688;16592;2410;2920;0;538
FR;6;2022-12-17;11;10;15;28;9;15;29;0;8;18286;13472;1813;2716;16601;2425;2949;0;546
FR;6;2022-12-18;7;4;0;2;5;0;2;0;0;18293;13476;1813;2718;16606;2425;2951;0;546
FR;6;2022-12-19;12;8;9;29;8;12;29;0;15;18305;13484;1822;2747;16614;2437;2980;0;561
FR;6;2022-12-20;17;23;11;23;17;19;22;0;21;18322;13507;1833;2770;16631;2456;3002;0;582
FR;6;2022-12-21;23;16;9;19;13;13;17;0;5;18345;13523;1842;2789;16644;2469;3019;0;587
FR;6;2022-12-22;13;14;9;21;15;13;18;0;11;18358;13537;1851;2810;16659;2482;3037;0;598
FR;6;2022-12-23;10;19;12;7;14;18;7;0;3;18368;13556;1863;2817;16673;2500;3044;0;601
FR;6;2022-12-24;4;5;3;1;5;2;2;0;1;18372;13561;1866;2818;16678;2502;3046;0;602
FR;6;2022-12-25;0;0;0;0;0;0;0;0;0;18372;13561;1866;2818;16678;2502;3046;0;602
FR;6;2022-12-26;8;12;12;11;10;18;11;0;3;18380;13573;1878;2829;16688;2520;3057;0;605
FR;6;2022-12-27;17;13;15;8;12;19;8;0;0;18397;13586;1893;2837;16700;2539;3065;0;605
FR;6;2022-12-28;15;19;6;8;19;9;9;0;4;18412;13605;1899;2845;16719;2548;3074;0;609
FR;6;2022-12-29;15;12;7;8;10;9;9;0;7;18427;13617;1906;2853;16729;2557;3083;0;616
FR;6;2022-12-30;20;19;13;8;20;13;11;0;4;18447;13636;1919;2861;16749;2570;3094;0;620
FR;6;2022-12-31;5;2;6;1;4;7;1;0;1;18452;13638;1925;2862;16753;2577;3095;0;621
FR;6;2023-01-01;2;1;0;3;0;3;0;0;1;18454;13639;1925;2865;16753;2580;3095;0;622
FR;6;2023-01-02;9;14;2;3;10;7;3;0;0;18463;13653;1927;2868;16763;2587;3098;0;622
FR;6;2023-01-03;7;17;9;21;17;9;21;0;7;18470;13670;1936;2889;16780;2596;3119;0;629
FR;6;2023-01-04;9;9;4;10;8;8;6;0;14;18479;13679;1940;2899;16788;2604;3125;0;643
FR;6;2023-01-05;11;11;6;23;10;3;26;0;8;18490;13690;1946;2922;16798;2607;3151;0;651
FR;6;2023-01-06;16;24;15;30;21;17;29;0;15;18506;13714;1961;2952;16819;2624;3180;0;666
FR;6;2023-01-07;9;19;4;1;10;13;3;0;1;18515;13733;1965;2953;16829;2637;3183;0;667
FR;6;2023-01-08;2;7;4;11;6;4;11;0;3;18517;13740;1969;2964;16835;2641;3194;0;670
FR;6;2023-01-09;16;10;5;35;8;8;34;0;17;18533;13750;1974;2999;16843;2649;3228;0;687
FR;6;2023-01-10;11;15;13;23;13;10;26;0;9;18544;13765;1987;3022;16856;2659;3254;0;696
FR;6;2023-01-11;15;14;5;16;18;6;14;0;12;18559;13779;1992;3038;16874;2665;3268;0;708
FR;6;2023-01-12;7;13;2;5;10;3;5;0;12;18566;13792;1994;3043;16884;2668;3273;0;720
FR;6;2023-01-13;19;14;18;43;14;20;43;0;31;18585;13806;2012;3086;16898;2688;3316;0;751
FR;6;2023-01-14;20;8;6;2;9;9;2;0;0;18605;13814;2018;3088;16907;2697;3318;0;751
FR;6;2023-01-15;0;0;1;3;0;1;3;0;0;18605;13814;2019;3091;16907;2698;3321;0;751
FR;6;2023-01-16;22;12;2;1;10;6;3;0;2;18627;13826;2021;3092;16917;2704;3324;0;753
FR;6;2023-01-17;8;17;12;8;17;11;14;0;5;18635;13843;2033;3100;16934;2715;3338;0;758
FR;6;2023-01-18;18;15;9;7;17;10;8;0;1;18653;13858;2042;3107;16951;2725;3346;0;759
FR;6;2023-01-19;9;9;14;9;11;12;13;0;7;18662;13867;2056;3116;16962;2737;3359;0;766
FR;6;2023-01-20;17;13;9;32;16;6;34;0;27;18679;13880;2065;3148;16978;2743;3393;0;793
FR;6;2023-01-21;11;7;5;2;6;8;3;0;1;18690;13887;2070;3150;16984;2751;3396;0;794
FR;6;2023-01-22;0;0;0;0;0;0;0;0;0;18690;13887;2070;3150;16984;2751;3396;0;794
FR;6;2023-01-23;9;9;5;11;8;5;11;0;3;18699;13896;2075;3161;16992;2756;3407;0;797
FR;6;2023-01-24;12;14;15;13;11;14;18;0;6;18711;13910;2090;3174;17003;2770;3425;0;803
FR;6;2023-01-25;15;7;5;3;6;6;4;0;4;18726;13917;2095;3177;17009;2776;3429;0;807
FR;6;2023-01-26;13;14;3;10;11;8;12;0;9;18739;13931;2098;3187;17020;2784;3441;0;816
FR;6;2023-01-27;19;17;7;34;20;7;29;0;29;18758;13948;2105;3221;17040;2791;3470;0;845
FR;6;2023-01-28;15;15;7;4;17;6;5;0;1;18773;13963;2112;3225;17057;2797;3475;0;846
FR;6;2023-01-29;1;4;0;0;3;1;0;0;0;18774;13967;2112;3225;17060;2798;3475;0;846
FR;6;2023-01-30;2;15;7;3;15;7;3;0;5;18776;13982;2119;3228;17075;2805;3478;0;851
FR;8;2020-12-27;0;0;0;0;0;0;0;0;0;0;0;0;0;0;0;0;0;0
FR;8;2020-12-28;0;0;0;0;0;0;0;0;0;0;0;0;0;0;0;0;0;0
FR;8;2020-12-29;0;0;0;0;0;0;0;0;0;0;0;0;0;0;0;0;0;0
FR;8;2020-12-30;0;0;0;0;0;0;0;0;0;0;0;0;0;0;0;0;0;0
FR;8;2020-12-31;0;0;0;0;0;0;0;0;0;0;0;0;0;0;0;0;0;0
FR;8;2021-01-01;0;0;0;0;0;0;0;0;0;0;0;0;0;0;0;0;0;0
FR;8;2021-01-02;0;0;0;0;0;0;0;0;0;0;0;0;0;0;0;0;0;0
FR;8;2021-01-03;0;0;0;0;0;0;0;0;0;0;0;0;0;0;0;0;0;0
FR;8;2021-01-04;0;0;0;0;0;0;0;0;0;0;0;0;0;0;0;0;0;0
FR;8;2021-01-05;0;0;0;0;0;0;0;0;0;0;0;0;0;0;0;0;0;0
FR;8;2021-01-06;0;0;0;0;0;0;0;0;0;0;0;0;0;0;0;0;0;0
FR;8;2021-01-07;0;0;0;0;0;0;0;0;0;0;0;0;0;0;0;0;0;0
FR;8;2021-01-08;0;0;0;0;0;0;0;0;0;0;0;0;0;0;0;0;0;0
FR;8;2021-01-09;0;0;0;0;0;0;0;0;0;0;0;0;0;0;0;0;0;0
FR;8;2021-01-10;0;0;0;0;0;0;0;0;0;0;0;0;0;0;0;0;0;0
FR;8;2021-01-11;0;0;0;0;0;0;0;0;0;0;0;0;0;0;0;0;0;0
FR;8;2021-01-12;0;0;0;0;0;0;0;0;0;0;0;0;0;0;0;0;0;0
FR;8;2021-01-13;0;0;0;0;0;0;0;0;0;0;0;0;0;0;0;0;0;0
FR;8;2021-01-14;0;0;0;0;0;0;0;0;0;0;0;0;0;0;0;0;0;0
FR;8;2021-01-15;0;0;0;0;0;0;0;0;0;0;0;0;0;0;0;0;0;0
FR;8;2021-01-16;0;0;0;0;0;0;0;0;0;0;0;0;0;0;0;0;0;0
FR;8;2021-01-17;0;0;0;0;0;0;0;0;0;0;0;0;0;0;0;0;0;0
FR;8;2021-01-18;0;0;0;0;0;0;0;0;0;0;0;0;0;0;0;0;0;0
FR;8;2021-01-19;0;0;0;0;0;0;0;0;0;0;0;0;0;0;0;0;0;0
FR;8;2021-01-20;0;0;0;0;0;0;0;0;0;0;0;0;0;0;0;0;0;0
FR;8;2021-01-21;0;0;0;0;0;0;0;0;0;0;0;0;0;0;0;0;0;0
FR;8;2021-01-22;0;0;0;0;0;0;0;0;0;0;0;0;0;0;0;0;0;0
FR;8;2021-01-23;0;0;0;0;0;0;0;0;0;0;0;0;0;0;0;0;0;0
FR;8;2021-01-24;0;0;0;0;0;0;0;0;0;0;0;0;0;0;0;0;0;0
FR;8;2021-01-25;0;0;0;0;0;0;0;0;0;0;0;0;0;0;0;0;0;0
FR;8;2021-01-26;0;0;0;0;0;0;0;0;0;0;0;0;0;0;0;0;0;0
FR;8;2021-01-27;0;0;0;0;0;0;0;0;0;0;0;0;0;0;0;0;0;0
FR;8;2021-01-28;0;0;0;0;0;0;0;0;0;0;0;0;0;0;0;0;0;0
FR;8;2021-01-29;0;0;0;0;0;0;0;0;0;0;0;0;0;0;0;0;0;0
FR;8;2021-01-30;0;0;0;0;0;0;0;0;0;0;0;0;0;0;0;0;0;0
FR;8;2021-01-31;0;0;0;0;0;0;0;0;0;0;0;0;0;0;0;0;0;0
FR;8;2021-02-01;0;0;0;0;0;0;0;0;0;0;0;0;0;0;0;0;0;0
FR;8;2021-02-02;0;0;0;0;0;0;0;0;0;0;0;0;0;0;0;0;0;0
FR;8;2021-02-03;0;0;0;0;0;0;0;0;0;0;0;0;0;0;0;0;0;0
FR;8;2021-02-04;0;0;0;0;0;0;0;0;0;0;0;0;0;0;0;0;0;0
FR;8;2021-02-05;0;0;0;0;0;0;0;0;0;0;0;0;0;0;0;0;0;0
FR;8;2021-02-06;0;0;0;0;0;0;0;0;0;0;0;0;0;0;0;0;0;0
FR;8;2021-02-07;0;0;0;0;0;0;0;0;0;0;0;0;0;0;0;0;0;0
FR;8;2021-02-08;0;0;0;0;0;0;0;0;0;0;0;0;0;0;0;0;0;0
FR;8;2021-02-09;0;0;0;0;0;0;0;0;0;0;0;0;0;0;0;0;0;0
FR;8;2021-02-10;0;0;0;0;0;0;0;0;0;0;0;0;0;0;0;0;0;0
FR;8;2021-02-11;0;0;0;0;0;0;0;0;0;0;0;0;0;0;0;0;0;0
FR;8;2021-02-12;0;0;0;0;0;0;0;0;0;0;0;0;0;0;0;0;0;0
FR;8;2021-02-13;0;0;0;0;0;0;0;0;0;0;0;0;0;0;0;0;0;0
FR;8;2021-02-14;0;0;0;0;0;0;0;0;0;0;0;0;0;0;0;0;0;0
FR;8;2021-02-15;0;0;0;0;0;0;0;0;0;0;0;0;0;0;0;0;0;0
FR;8;2021-02-16;0;0;0;0;0;0;0;0;0;0;0;0;0;0;0;0;0;0
FR;8;2021-02-17;0;0;0;0;0;0;0;0;0;0;0;0;0;0;0;0;0;0
FR;8;2021-02-18;0;0;0;0;0;0;0;0;0;0;0;0;0;0;0;0;0;0
FR;8;2021-02-19;0;0;0;0;0;0;0;0;0;0;0;0;0;0;0;0;0;0
FR;8;2021-02-20;0;0;0;0;0;0;0;0;0;0;0;0;0;0;0;0;0;0
FR;8;2021-02-21;0;0;0;0;0;0;0;0;0;0;0;0;0;0;0;0;0;0
FR;8;2021-02-22;0;0;0;0;0;0;0;0;0;0;0;0;0;0;0;0;0;0
FR;8;2021-02-23;0;0;0;0;0;0;0;0;0;0;0;0;0;0;0;0;0;0
FR;8;2021-02-24;0;0;0;0;0;0;0;0;0;0;0;0;0;0;0;0;0;0
FR;8;2021-02-25;0;0;0;0;0;0;0;0;0;0;0;0;0;0;0;0;0;0
FR;8;2021-02-26;0;0;0;0;0;0;0;0;0;0;0;0;0;0;0;0;0;0
FR;8;2021-02-27;0;0;0;0;0;0;0;0;0;0;0;0;0;0;0;0;0;0
FR;8;2021-02-28;0;0;0;0;0;0;0;0;0;0;0;0;0;0;0;0;0;0
FR;8;2021-03-01;0;0;0;0;0;0;0;0;0;0;0;0;0;0;0;0;0;0
FR;8;2021-03-02;0;0;0;0;0;0;0;0;0;0;0;0;0;0;0;0;0;0
FR;8;2021-03-03;0;0;0;0;0;0;0;0;0;0;0;0;0;0;0;0;0;0
FR;8;2021-03-04;0;0;0;0;0;0;0;0;0;0;0;0;0;0;0;0;0;0
FR;8;2021-03-05;0;0;0;0;0;0;0;0;0;0;0;0;0;0;0;0;0;0
FR;8;2021-03-06;0;0;0;0;0;0;0;0;0;0;0;0;0;0;0;0;0;0
FR;8;2021-03-07;0;0;0;0;0;0;0;0;0;0;0;0;0;0;0;0;0;0
FR;8;2021-03-08;0;0;0;0;0;0;0;0;0;0;0;0;0;0;0;0;0;0
FR;8;2021-03-09;0;0;0;0;0;0;0;0;0;0;0;0;0;0;0;0;0;0
FR;8;2021-03-10;0;0;0;0;0;0;0;0;0;0;0;0;0;0;0;0;0;0
FR;8;2021-03-11;0;0;0;0;0;0;0;0;0;0;0;0;0;0;0;0;0;0
FR;8;2021-03-12;0;0;0;0;0;0;0;0;0;0;0;0;0;0;0;0;0;0
FR;8;2021-03-13;0;0;0;0;0;0;0;0;0;0;0;0;0;0;0;0;0;0
FR;8;2021-03-14;0;0;0;0;0;0;0;0;0;0;0;0;0;0;0;0;0;0
FR;8;2021-03-15;0;0;0;0;0;0;0;0;0;0;0;0;0;0;0;0;0;0
FR;8;2021-03-16;0;0;0;0;0;0;0;0;0;0;0;0;0;0;0;0;0;0
FR;8;2021-03-17;0;0;0;0;0;0;0;0;0;0;0;0;0;0;0;0;0;0
FR;8;2021-03-18;0;0;0;0;0;0;0;0;0;0;0;0;0;0;0;0;0;0
FR;8;2021-03-19;0;0;0;0;0;0;0;0;0;0;0;0;0;0;0;0;0;0
FR;8;2021-03-20;0;0;0;0;0;0;0;0;0;0;0;0;0;0;0;0;0;0
FR;8;2021-03-21;0;0;0;0;0;0;0;0;0;0;0;0;0;0;0;0;0;0
FR;8;2021-03-22;0;0;0;0;0;0;0;0;0;0;0;0;0;0;0;0;0;0
FR;8;2021-03-23;0;0;0;0;0;0;0;0;0;0;0;0;0;0;0;0;0;0
FR;8;2021-03-24;0;0;0;0;0;0;0;0;0;0;0;0;0;0;0;0;0;0
FR;8;2021-03-25;0;0;0;0;0;0;0;0;0;0;0;0;0;0;0;0;0;0
FR;8;2021-03-26;0;0;0;0;0;0;0;0;0;0;0;0;0;0;0;0;0;0
FR;8;2021-03-27;0;0;0;0;0;0;0;0;0;0;0;0;0;0;0;0;0;0
FR;8;2021-03-28;0;0;0;0;0;0;0;0;0;0;0;0;0;0;0;0;0;0
FR;8;2021-03-29;0;0;0;0;0;0;0;0;0;0;0;0;0;0;0;0;0;0
FR;8;2021-03-30;0;0;0;0;0;0;0;0;0;0;0;0;0;0;0;0;0;0
FR;8;2021-03-31;0;0;0;0;0;0;0;0;0;0;0;0;0;0;0;0;0;0
FR;8;2021-04-01;0;0;0;0;0;0;0;0;0;0;0;0;0;0;0;0;0;0
FR;8;2021-04-02;0;0;0;0;0;0;0;0;0;0;0;0;0;0;0;0;0;0
FR;8;2021-04-03;0;0;0;0;0;0;0;0;0;0;0;0;0;0;0;0;0;0
FR;8;2021-04-04;0;0;0;0;0;0;0;0;0;0;0;0;0;0;0;0;0;0
FR;8;2021-04-05;0;0;0;0;0;0;0;0;0;0;0;0;0;0;0;0;0;0
FR;8;2021-04-06;0;0;0;0;0;0;0;0;0;0;0;0;0;0;0;0;0;0
FR;8;2021-04-07;0;0;0;0;0;0;0;0;0;0;0;0;0;0;0;0;0;0
FR;8;2021-04-08;0;0;0;0;0;0;0;0;0;0;0;0;0;0;0;0;0;0
FR;8;2021-04-09;0;0;0;0;0;0;0;0;0;0;0;0;0;0;0;0;0;0
FR;8;2021-04-10;0;0;0;0;0;0;0;0;0;0;0;0;0;0;0;0;0;0
FR;8;2021-04-11;0;0;0;0;0;0;0;0;0;0;0;0;0;0;0;0;0;0
FR;8;2021-04-12;0;0;0;0;0;0;0;0;0;0;0;0;0;0;0;0;0;0
FR;8;2021-04-13;0;0;0;0;0;0;0;0;0;0;0;0;0;0;0;0;0;0
FR;8;2021-04-14;0;0;0;0;0;0;0;0;0;0;0;0;0;0;0;0;0;0
FR;8;2021-04-15;0;0;0;0;0;0;0;0;0;0;0;0;0;0;0;0;0;0
FR;8;2021-04-16;0;0;0;0;0;0;0;0;0;0;0;0;0;0;0;0;0;0
FR;8;2021-04-17;0;0;0;0;0;0;0;0;0;0;0;0;0;0;0;0;0;0
FR;8;2021-04-18;0;0;0;0;0;0;0;0;0;0;0;0;0;0;0;0;0;0
FR;8;2021-04-19;0;0;0;0;0;0;0;0;0;0;0;0;0;0;0;0;0;0
FR;8;2021-04-20;0;0;0;0;0;0;0;0;0;0;0;0;0;0;0;0;0;0
FR;8;2021-04-21;0;0;0;0;0;0;0;0;0;0;0;0;0;0;0;0;0;0
FR;8;2021-04-22;0;0;0;0;0;0;0;0;0;0;0;0;0;0;0;0;0;0
FR;8;2021-04-23;0;0;0;0;0;0;0;0;0;0;0;0;0;0;0;0;0;0
FR;8;2021-04-24;0;0;0;0;0;0;0;0;0;0;0;0;0;0;0;0;0;0
FR;8;2021-04-25;0;0;0;0;0;0;0;0;0;0;0;0;0;0;0;0;0;0
FR;8;2021-04-26;0;0;0;0;0;0;0;0;0;0;0;0;0;0;0;0;0;0
FR;8;2021-04-27;0;0;0;0;0;0;0;0;0;0;0;0;0;0;0;0;0;0
FR;8;2021-04-28;0;0;0;0;0;0;0;0;0;0;0;0;0;0;0;0;0;0
FR;8;2021-04-29;0;0;0;0;0;0;0;0;0;0;0;0;0;0;0;0;0;0
FR;8;2021-04-30;0;0;0;0;0;0;0;0;0;0;0;0;0;0;0;0;0;0
FR;8;2021-05-01;0;0;0;0;0;0;0;0;0;0;0;0;0;0;0;0;0;0
FR;8;2021-05-02;0;0;0;0;0;0;0;0;0;0;0;0;0;0;0;0;0;0
FR;8;2021-05-03;0;0;0;0;0;0;0;0;0;0;0;0;0;0;0;0;0;0
FR;8;2021-05-04;0;0;0;0;0;0;0;0;0;0;0;0;0;0;0;0;0;0
FR;8;2021-05-05;0;0;0;0;0;0;0;0;0;0;0;0;0;0;0;0;0;0
FR;8;2021-05-06;0;0;0;0;0;0;0;0;0;0;0;0;0;0;0;0;0;0
FR;8;2021-05-07;0;0;0;0;0;0;0;0;0;0;0;0;0;0;0;0;0;0
FR;8;2021-05-08;0;0;0;0;0;0;0;0;0;0;0;0;0;0;0;0;0;0
FR;8;2021-05-09;0;0;0;0;0;0;0;0;0;0;0;0;0;0;0;0;0;0
FR;8;2021-05-10;0;0;0;0;0;0;0;0;0;0;0;0;0;0;0;0;0;0
FR;8;2021-05-11;0;0;0;0;0;0;0;0;0;0;0;0;0;0;0;0;0;0
FR;8;2021-05-12;0;0;0;0;0;0;0;0;0;0;0;0;0;0;0;0;0;0
FR;8;2021-05-13;0;0;0;0;0;0;0;0;0;0;0;0;0;0;0;0;0;0
FR;8;2021-05-14;0;0;0;0;0;0;0;0;0;0;0;0;0;0;0;0;0;0
FR;8;2021-05-15;0;0;0;0;0;0;0;0;0;0;0;0;0;0;0;0;0;0
FR;8;2021-05-16;0;0;0;0;0;0;0;0;0;0;0;0;0;0;0;0;0;0
FR;8;2021-05-17;0;0;0;0;0;0;0;0;0;0;0;0;0;0;0;0;0;0
FR;8;2021-05-18;0;0;0;0;0;0;0;0;0;0;0;0;0;0;0;0;0;0
FR;8;2021-05-19;0;0;0;0;0;0;0;0;0;0;0;0;0;0;0;0;0;0
FR;8;2021-05-20;0;0;0;0;0;0;0;0;0;0;0;0;0;0;0;0;0;0
FR;8;2021-05-21;0;0;0;0;0;0;0;0;0;0;0;0;0;0;0;0;0;0
FR;8;2021-05-22;0;0;0;0;0;0;0;0;0;0;0;0;0;0;0;0;0;0
FR;8;2021-05-23;0;0;0;0;0;0;0;0;0;0;0;0;0;0;0;0;0;0
FR;8;2021-05-24;0;0;0;0;0;0;0;0;0;0;0;0;0;0;0;0;0;0
FR;8;2021-05-25;0;0;0;0;0;0;0;0;0;0;0;0;0;0;0;0;0;0
FR;8;2021-05-26;0;0;0;0;0;0;0;0;0;0;0;0;0;0;0;0;0;0
FR;8;2021-05-27;0;0;0;0;0;0;0;0;0;0;0;0;0;0;0;0;0;0
FR;8;2021-05-28;0;0;0;0;0;0;0;0;0;0;0;0;0;0;0;0;0;0
FR;8;2021-05-29;0;0;0;0;0;0;0;0;0;0;0;0;0;0;0;0;0;0
FR;8;2021-05-30;0;0;0;0;0;0;0;0;0;0;0;0;0;0;0;0;0;0
FR;8;2021-05-31;0;0;0;0;0;0;0;0;0;0;0;0;0;0;0;0;0;0
FR;8;2021-06-01;0;0;0;0;0;0;0;0;0;0;0;0;0;0;0;0;0;0
FR;8;2021-06-02;0;0;0;0;0;0;0;0;0;0;0;0;0;0;0;0;0;0
FR;8;2021-06-03;0;0;0;0;0;0;0;0;0;0;0;0;0;0;0;0;0;0
FR;8;2021-06-04;0;0;0;0;0;0;0;0;0;0;0;0;0;0;0;0;0;0
FR;8;2021-06-05;0;0;0;0;0;0;0;0;0;0;0;0;0;0;0;0;0;0
FR;8;2021-06-06;0;0;0;0;0;0;0;0;0;0;0;0;0;0;0;0;0;0
FR;8;2021-06-07;0;0;0;0;0;0;0;0;0;0;0;0;0;0;0;0;0;0
FR;8;2021-06-08;0;0;0;0;0;0;0;0;0;0;0;0;0;0;0;0;0;0
FR;8;2021-06-09;0;0;0;0;0;0;0;0;0;0;0;0;0;0;0;0;0;0
FR;8;2021-06-10;0;0;0;0;0;0;0;0;0;0;0;0;0;0;0;0;0;0
FR;8;2021-06-11;0;0;0;0;0;0;0;0;0;0;0;0;0;0;0;0;0;0
FR;8;2021-06-12;0;0;0;0;0;0;0;0;0;0;0;0;0;0;0;0;0;0
FR;8;2021-06-13;0;0;0;0;0;0;0;0;0;0;0;0;0;0;0;0;0;0
FR;8;2021-06-14;0;0;0;0;0;0;0;0;0;0;0;0;0;0;0;0;0;0
FR;8;2021-06-15;0;0;0;0;0;0;0;0;0;0;0;0;0;0;0;0;0;0
FR;8;2021-06-16;0;0;0;0;0;0;0;0;0;0;0;0;0;0;0;0;0;0
FR;8;2021-06-17;0;0;0;0;0;0;0;0;0;0;0;0;0;0;0;0;0;0
FR;8;2021-06-18;0;0;0;0;0;0;0;0;0;0;0;0;0;0;0;0;0;0
FR;8;2021-06-19;0;0;0;0;0;0;0;0;0;0;0;0;0;0;0;0;0;0
FR;8;2021-06-20;0;0;0;0;0;0;0;0;0;0;0;0;0;0;0;0;0;0
FR;8;2021-06-21;0;0;0;0;0;0;0;0;0;0;0;0;0;0;0;0;0;0
FR;8;2021-06-22;0;0;0;0;0;0;0;0;0;0;0;0;0;0;0;0;0;0
FR;8;2021-06-23;0;0;0;0;0;0;0;0;0;0;0;0;0;0;0;0;0;0
FR;8;2021-06-24;0;0;0;0;0;0;0;0;0;0;0;0;0;0;0;0;0;0
FR;8;2021-06-25;0;0;0;0;0;0;0;0;0;0;0;0;0;0;0;0;0;0
FR;8;2021-06-26;0;0;0;0;0;0;0;0;0;0;0;0;0;0;0;0;0;0
FR;8;2021-06-27;0;0;0;0;0;0;0;0;0;0;0;0;0;0;0;0;0;0
FR;8;2021-06-28;0;0;0;0;0;0;0;0;0;0;0;0;0;0;0;0;0;0
FR;8;2021-06-29;0;0;0;0;0;0;0;0;0;0;0;0;0;0;0;0;0;0
FR;8;2021-06-30;0;0;0;0;0;0;0;0;0;0;0;0;0;0;0;0;0;0
FR;8;2021-07-01;0;0;0;0;0;0;0;0;0;0;0;0;0;0;0;0;0;0
FR;8;2021-07-02;0;0;0;0;0;0;0;0;0;0;0;0;0;0;0;0;0;0
FR;8;2021-07-03;0;0;0;0;0;0;0;0;0;0;0;0;0;0;0;0;0;0
FR;8;2021-07-04;0;0;0;0;0;0;0;0;0;0;0;0;0;0;0;0;0;0
FR;8;2021-07-05;0;0;0;0;0;0;0;0;0;0;0;0;0;0;0;0;0;0
FR;8;2021-07-06;0;0;0;0;0;0;0;0;0;0;0;0;0;0;0;0;0;0
FR;8;2021-07-07;0;0;0;0;0;0;0;0;0;0;0;0;0;0;0;0;0;0
FR;8;2021-07-08;0;0;0;0;0;0;0;0;0;0;0;0;0;0;0;0;0;0
FR;8;2021-07-09;0;0;0;0;0;0;0;0;0;0;0;0;0;0;0;0;0;0
FR;8;2021-07-10;0;0;0;0;0;0;0;0;0;0;0;0;0;0;0;0;0;0
FR;8;2021-07-11;0;0;0;0;0;0;0;0;0;0;0;0;0;0;0;0;0;0
FR;8;2021-07-12;0;0;0;0;0;0;0;0;0;0;0;0;0;0;0;0;0;0
FR;8;2021-07-13;0;0;0;0;0;0;0;0;0;0;0;0;0;0;0;0;0;0
FR;8;2021-07-14;0;0;0;0;0;0;0;0;0;0;0;0;0;0;0;0;0;0
FR;8;2021-07-15;0;0;0;0;0;0;0;0;0;0;0;0;0;0;0;0;0;0
FR;8;2021-07-16;0;0;0;0;0;0;0;0;0;0;0;0;0;0;0;0;0;0
FR;8;2021-07-17;0;0;0;0;0;0;0;0;0;0;0;0;0;0;0;0;0;0
FR;8;2021-07-18;0;0;0;0;0;0;0;0;0;0;0;0;0;0;0;0;0;0
FR;8;2021-07-19;0;0;0;0;0;0;0;0;0;0;0;0;0;0;0;0;0;0
FR;8;2021-07-20;0;0;0;0;0;0;0;0;0;0;0;0;0;0;0;0;0;0
FR;8;2021-07-21;0;0;0;0;0;0;0;0;0;0;0;0;0;0;0;0;0;0
FR;8;2021-07-22;0;0;0;0;0;0;0;0;0;0;0;0;0;0;0;0;0;0
FR;8;2021-07-23;0;0;0;0;0;0;0;0;0;0;0;0;0;0;0;0;0;0
FR;8;2021-07-24;0;0;0;0;0;0;0;0;0;0;0;0;0;0;0;0;0;0
FR;8;2021-07-25;0;0;0;0;0;0;0;0;0;0;0;0;0;0;0;0;0;0
FR;8;2021-07-26;0;0;0;0;0;0;0;0;0;0;0;0;0;0;0;0;0;0
FR;8;2021-07-27;0;0;0;0;0;0;0;0;0;0;0;0;0;0;0;0;0;0
FR;8;2021-07-28;0;0;0;0;0;0;0;0;0;0;0;0;0;0;0;0;0;0
FR;8;2021-07-29;0;0;0;0;0;0;0;0;0;0;0;0;0;0;0;0;0;0
FR;8;2021-07-30;0;0;0;0;0;0;0;0;0;0;0;0;0;0;0;0;0;0
FR;8;2021-07-31;0;0;0;0;0;0;0;0;0;0;0;0;0;0;0;0;0;0
FR;8;2021-08-01;0;0;0;0;0;0;0;0;0;0;0;0;0;0;0;0;0;0
FR;8;2021-08-02;0;0;0;0;0;0;0;0;0;0;0;0;0;0;0;0;0;0
FR;8;2021-08-03;0;0;0;0;0;0;0;0;0;0;0;0;0;0;0;0;0;0
FR;8;2021-08-04;0;0;0;0;0;0;0;0;0;0;0;0;0;0;0;0;0;0
FR;8;2021-08-05;0;0;0;0;0;0;0;0;0;0;0;0;0;0;0;0;0;0
FR;8;2021-08-06;0;0;0;0;0;0;0;0;0;0;0;0;0;0;0;0;0;0
FR;8;2021-08-07;0;0;0;0;0;0;0;0;0;0;0;0;0;0;0;0;0;0
FR;8;2021-08-08;0;0;0;0;0;0;0;0;0;0;0;0;0;0;0;0;0;0
FR;8;2021-08-09;0;0;0;0;0;0;0;0;0;0;0;0;0;0;0;0;0;0
FR;8;2021-08-10;0;0;0;0;0;0;0;0;0;0;0;0;0;0;0;0;0;0
FR;8;2021-08-11;0;0;0;0;0;0;0;0;0;0;0;0;0;0;0;0;0;0
FR;8;2021-08-12;0;0;0;0;0;0;0;0;0;0;0;0;0;0;0;0;0;0
FR;8;2021-08-13;0;0;0;0;0;0;0;0;0;0;0;0;0;0;0;0;0;0
FR;8;2021-08-14;0;0;0;0;0;0;0;0;0;0;0;0;0;0;0;0;0;0
FR;8;2021-08-15;0;0;0;0;0;0;0;0;0;0;0;0;0;0;0;0;0;0
FR;8;2021-08-16;0;0;0;0;0;0;0;0;0;0;0;0;0;0;0;0;0;0
FR;8;2021-08-17;0;0;0;0;0;0;0;0;0;0;0;0;0;0;0;0;0;0
FR;8;2021-08-18;0;0;0;0;0;0;0;0;0;0;0;0;0;0;0;0;0;0
FR;8;2021-08-19;0;0;0;0;0;0;0;0;0;0;0;0;0;0;0;0;0;0
FR;8;2021-08-20;0;0;0;0;0;0;0;0;0;0;0;0;0;0;0;0;0;0
FR;8;2021-08-21;0;0;0;0;0;0;0;0;0;0;0;0;0;0;0;0;0;0
FR;8;2021-08-22;0;0;0;0;0;0;0;0;0;0;0;0;0;0;0;0;0;0
FR;8;2021-08-23;0;0;0;0;0;0;0;0;0;0;0;0;0;0;0;0;0;0
FR;8;2021-08-24;0;0;0;0;0;0;0;0;0;0;0;0;0;0;0;0;0;0
FR;8;2021-08-25;0;0;0;0;0;0;0;0;0;0;0;0;0;0;0;0;0;0
FR;8;2021-08-26;0;0;0;0;0;0;0;0;0;0;0;0;0;0;0;0;0;0
FR;8;2021-08-27;0;0;0;0;0;0;0;0;0;0;0;0;0;0;0;0;0;0
FR;8;2021-08-28;0;0;0;0;0;0;0;0;0;0;0;0;0;0;0;0;0;0
FR;8;2021-08-29;0;0;0;0;0;0;0;0;0;0;0;0;0;0;0;0;0;0
FR;8;2021-08-30;0;0;0;0;0;0;0;0;0;0;0;0;0;0;0;0;0;0
FR;8;2021-08-31;0;0;0;0;0;0;0;0;0;0;0;0;0;0;0;0;0;0
FR;8;2021-09-01;0;0;0;0;0;0;0;0;0;0;0;0;0;0;0;0;0;0
FR;8;2021-09-02;0;0;0;0;0;0;0;0;0;0;0;0;0;0;0;0;0;0
FR;8;2021-09-03;0;0;0;0;0;0;0;0;0;0;0;0;0;0;0;0;0;0
FR;8;2021-09-04;0;0;0;0;0;0;0;0;0;0;0;0;0;0;0;0;0;0
FR;8;2021-09-05;0;0;0;0;0;0;0;0;0;0;0;0;0;0;0;0;0;0
FR;8;2021-09-06;0;0;0;0;0;0;0;0;0;0;0;0;0;0;0;0;0;0
FR;8;2021-09-07;0;0;0;0;0;0;0;0;0;0;0;0;0;0;0;0;0;0
FR;8;2021-09-08;0;0;0;0;0;0;0;0;0;0;0;0;0;0;0;0;0;0
FR;8;2021-09-09;0;0;0;0;0;0;0;0;0;0;0;0;0;0;0;0;0;0
FR;8;2021-09-10;0;0;0;0;0;0;0;0;0;0;0;0;0;0;0;0;0;0
FR;8;2021-09-11;0;0;0;0;0;0;0;0;0;0;0;0;0;0;0;0;0;0
FR;8;2021-09-12;0;0;0;0;0;0;0;0;0;0;0;0;0;0;0;0;0;0
FR;8;2021-09-13;0;0;0;0;0;0;0;0;0;0;0;0;0;0;0;0;0;0
FR;8;2021-09-14;0;0;0;0;0;0;0;0;0;0;0;0;0;0;0;0;0;0
FR;8;2021-09-15;0;0;0;0;0;0;0;0;0;0;0;0;0;0;0;0;0;0
FR;8;2021-09-16;0;0;0;0;0;0;0;0;0;0;0;0;0;0;0;0;0;0
FR;8;2021-09-17;0;0;0;0;0;0;0;0;0;0;0;0;0;0;0;0;0;0
FR;8;2021-09-18;0;0;0;0;0;0;0;0;0;0;0;0;0;0;0;0;0;0
FR;8;2021-09-19;0;0;0;0;0;0;0;0;0;0;0;0;0;0;0;0;0;0
FR;8;2021-09-20;0;0;0;0;0;0;0;0;0;0;0;0;0;0;0;0;0;0
FR;8;2021-09-21;0;0;0;0;0;0;0;0;0;0;0;0;0;0;0;0;0;0
FR;8;2021-09-22;0;0;0;0;0;0;0;0;0;0;0;0;0;0;0;0;0;0
FR;8;2021-09-23;0;0;0;0;0;0;0;0;0;0;0;0;0;0;0;0;0;0
FR;8;2021-09-24;0;0;0;0;0;0;0;0;0;0;0;0;0;0;0;0;0;0
FR;8;2021-09-25;0;0;0;0;0;0;0;0;0;0;0;0;0;0;0;0;0;0
FR;8;2021-09-26;0;0;0;0;0;0;0;0;0;0;0;0;0;0;0;0;0;0
FR;8;2021-09-27;0;0;0;0;0;0;0;0;0;0;0;0;0;0;0;0;0;0
FR;8;2021-09-28;0;0;0;0;0;0;0;0;0;0;0;0;0;0;0;0;0;0
FR;8;2021-09-29;0;0;0;0;0;0;0;0;0;0;0;0;0;0;0;0;0;0
FR;8;2021-09-30;0;0;0;0;0;0;0;0;0;0;0;0;0;0;0;0;0;0
FR;8;2021-10-01;0;0;0;0;0;0;0;0;0;0;0;0;0;0;0;0;0;0
FR;8;2021-10-02;0;0;0;0;0;0;0;0;0;0;0;0;0;0;0;0;0;0
FR;8;2021-10-03;0;0;0;0;0;0;0;0;0;0;0;0;0;0;0;0;0;0
FR;8;2021-10-04;0;0;0;0;0;0;0;0;0;0;0;0;0;0;0;0;0;0
FR;8;2021-10-05;0;0;0;0;0;0;0;0;0;0;0;0;0;0;0;0;0;0
FR;8;2021-10-06;0;0;0;0;0;0;0;0;0;0;0;0;0;0;0;0;0;0
FR;8;2021-10-07;0;0;0;0;0;0;0;0;0;0;0;0;0;0;0;0;0;0
FR;8;2021-10-08;0;0;0;0;0;0;0;0;0;0;0;0;0;0;0;0;0;0
FR;8;2021-10-09;0;0;0;0;0;0;0;0;0;0;0;0;0;0;0;0;0;0
FR;8;2021-10-10;0;0;0;0;0;0;0;0;0;0;0;0;0;0;0;0;0;0
FR;8;2021-10-11;0;0;0;0;0;0;0;0;0;0;0;0;0;0;0;0;0;0
FR;8;2021-10-12;0;0;0;0;0;0;0;0;0;0;0;0;0;0;0;0;0;0
FR;8;2021-10-13;0;0;0;0;0;0;0;0;0;0;0;0;0;0;0;0;0;0
FR;8;2021-10-14;0;0;0;0;0;0;0;0;0;0;0;0;0;0;0;0;0;0
FR;8;2021-10-15;0;0;0;0;0;0;0;0;0;0;0;0;0;0;0;0;0;0
FR;8;2021-10-16;0;0;0;0;0;0;0;0;0;0;0;0;0;0;0;0;0;0
FR;8;2021-10-17;0;0;0;0;0;0;0;0;0;0;0;0;0;0;0;0;0;0
FR;8;2021-10-18;0;0;0;0;0;0;0;0;0;0;0;0;0;0;0;0;0;0
FR;8;2021-10-19;0;0;0;0;0;0;0;0;0;0;0;0;0;0;0;0;0;0
FR;8;2021-10-20;0;0;0;0;0;0;0;0;0;0;0;0;0;0;0;0;0;0
FR;8;2021-10-21;0;0;0;0;0;0;0;0;0;0;0;0;0;0;0;0;0;0
FR;8;2021-10-22;0;0;0;0;0;0;0;0;0;0;0;0;0;0;0;0;0;0
FR;8;2021-10-23;0;0;0;0;0;0;0;0;0;0;0;0;0;0;0;0;0;0
FR;8;2021-10-24;0;0;0;0;0;0;0;0;0;0;0;0;0;0;0;0;0;0
FR;8;2021-10-25;0;0;0;0;0;0;0;0;0;0;0;0;0;0;0;0;0;0
FR;8;2021-10-26;0;0;0;0;0;0;0;0;0;0;0;0;0;0;0;0;0;0
FR;8;2021-10-27;0;0;0;0;0;0;0;0;0;0;0;0;0;0;0;0;0;0
FR;8;2021-10-28;0;0;0;0;0;0;0;0;0;0;0;0;0;0;0;0;0;0
FR;8;2021-10-29;0;0;0;0;0;0;0;0;0;0;0;0;0;0;0;0;0;0
FR;8;2021-10-30;0;0;0;0;0;0;0;0;0;0;0;0;0;0;0;0;0;0
FR;8;2021-10-31;0;0;0;0;0;0;0;0;0;0;0;0;0;0;0;0;0;0
FR;8;2021-11-01;0;0;0;0;0;0;0;0;0;0;0;0;0;0;0;0;0;0
FR;8;2021-11-02;0;0;0;0;0;0;0;0;0;0;0;0;0;0;0;0;0;0
FR;8;2021-11-03;0;0;0;0;0;0;0;0;0;0;0;0;0;0;0;0;0;0
FR;8;2021-11-04;0;0;0;0;0;0;0;0;0;0;0;0;0;0;0;0;0;0
FR;8;2021-11-05;0;0;0;0;0;0;0;0;0;0;0;0;0;0;0;0;0;0
FR;8;2021-11-06;0;0;0;0;0;0;0;0;0;0;0;0;0;0;0;0;0;0
FR;8;2021-11-07;0;0;0;0;0;0;0;0;0;0;0;0;0;0;0;0;0;0
FR;8;2021-11-08;0;0;0;0;0;0;0;0;0;0;0;0;0;0;0;0;0;0
FR;8;2021-11-09;0;0;0;0;0;0;0;0;0;0;0;0;0;0;0;0;0;0
FR;8;2021-11-10;0;0;0;0;0;0;0;0;0;0;0;0;0;0;0;0;0;0
FR;8;2021-11-11;0;0;0;0;0;0;0;0;0;0;0;0;0;0;0;0;0;0
FR;8;2021-11-12;0;0;0;0;0;0;0;0;0;0;0;0;0;0;0;0;0;0
FR;8;2021-11-13;0;0;0;0;0;0;0;0;0;0;0;0;0;0;0;0;0;0
FR;8;2021-11-14;0;0;0;0;0;0;0;0;0;0;0;0;0;0;0;0;0;0
FR;8;2021-11-15;0;0;0;0;0;0;0;0;0;0;0;0;0;0;0;0;0;0
FR;8;2021-11-16;0;0;0;0;0;0;0;0;0;0;0;0;0;0;0;0;0;0
FR;8;2021-11-17;0;0;0;0;0;0;0;0;0;0;0;0;0;0;0;0;0;0
FR;8;2021-11-18;0;0;0;0;0;0;0;0;0;0;0;0;0;0;0;0;0;0
FR;8;2021-11-19;0;0;0;0;0;0;0;0;0;0;0;0;0;0;0;0;0;0
FR;8;2021-11-20;0;0;0;0;0;0;0;0;0;0;0;0;0;0;0;0;0;0
FR;8;2021-11-21;0;0;0;0;0;0;0;0;0;0;0;0;0;0;0;0;0;0
FR;8;2021-11-22;0;0;0;0;0;0;0;0;0;0;0;0;0;0;0;0;0;0
FR;8;2021-11-23;0;0;0;0;0;0;0;0;0;0;0;0;0;0;0;0;0;0
FR;8;2021-11-24;0;0;0;0;0;0;0;0;0;0;0;0;0;0;0;0;0;0
FR;8;2021-11-25;0;0;0;0;0;0;0;0;0;0;0;0;0;0;0;0;0;0
FR;8;2021-11-26;0;0;0;0;0;0;0;0;0;0;0;0;0;0;0;0;0;0
FR;8;2021-11-27;0;0;0;0;0;0;0;0;0;0;0;0;0;0;0;0;0;0
FR;8;2021-11-28;0;0;0;0;0;0;0;0;0;0;0;0;0;0;0;0;0;0
FR;8;2021-11-29;0;0;0;0;0;0;0;0;0;0;0;0;0;0;0;0;0;0
FR;8;2021-11-30;0;0;0;0;0;0;0;0;0;0;0;0;0;0;0;0;0;0
FR;8;2021-12-01;0;0;0;0;0;0;0;0;0;0;0;0;0;0;0;0;0;0
FR;8;2021-12-02;0;0;0;0;0;0;0;0;0;0;0;0;0;0;0;0;0;0
FR;8;2021-12-03;0;0;0;0;0;0;0;0;0;0;0;0;0;0;0;0;0;0
FR;8;2021-12-04;0;0;0;0;0;0;0;0;0;0;0;0;0;0;0;0;0;0
FR;8;2021-12-05;0;0;0;0;0;0;0;0;0;0;0;0;0;0;0;0;0;0
FR;8;2021-12-06;0;0;0;0;0;0;0;0;0;0;0;0;0;0;0;0;0;0
FR;8;2021-12-07;0;0;0;0;0;0;0;0;0;0;0;0;0;0;0;0;0;0
FR;8;2021-12-08;0;0;0;0;0;0;0;0;0;0;0;0;0;0;0;0;0;0
FR;8;2021-12-09;0;0;0;0;0;0;0;0;0;0;0;0;0;0;0;0;0;0
FR;8;2021-12-10;0;0;0;0;0;0;0;0;0;0;0;0;0;0;0;0;0;0
FR;8;2021-12-11;0;0;0;0;0;0;0;0;0;0;0;0;0;0;0;0;0;0
FR;8;2021-12-12;0;0;0;0;0;0;0;0;0;0;0;0;0;0;0;0;0;0
FR;8;2021-12-13;0;0;0;0;0;0;0;0;0;0;0;0;0;0;0;0;0;0
FR;8;2021-12-14;0;0;0;0;0;0;0;0;0;0;0;0;0;0;0;0;0;0
FR;8;2021-12-15;0;0;0;0;0;0;0;0;0;0;0;0;0;0;0;0;0;0
FR;8;2021-12-16;0;0;0;0;0;0;0;0;0;0;0;0;0;0;0;0;0;0
FR;8;2021-12-17;0;0;0;0;0;0;0;0;0;0;0;0;0;0;0;0;0;0
FR;8;2021-12-18;0;0;0;0;0;0;0;0;0;0;0;0;0;0;0;0;0;0
FR;8;2021-12-19;0;0;0;0;0;0;0;0;0;0;0;0;0;0;0;0;0;0
FR;8;2021-12-20;0;0;0;0;0;0;0;0;0;0;0;0;0;0;0;0;0;0
FR;8;2021-12-21;0;0;0;0;0;0;0;0;0;0;0;0;0;0;0;0;0;0
FR;8;2021-12-22;0;0;0;0;0;0;0;0;0;0;0;0;0;0;0;0;0;0
FR;8;2021-12-23;0;0;0;0;0;0;0;0;0;0;0;0;0;0;0;0;0;0
FR;8;2021-12-24;0;0;0;0;0;0;0;0;0;0;0;0;0;0;0;0;0;0
FR;8;2021-12-25;0;0;0;0;0;0;0;0;0;0;0;0;0;0;0;0;0;0
FR;8;2021-12-26;0;0;0;0;0;0;0;0;0;0;0;0;0;0;0;0;0;0
FR;8;2021-12-27;0;0;0;0;0;0;0;0;0;0;0;0;0;0;0;0;0;0
FR;8;2021-12-28;0;0;0;0;0;0;0;0;0;0;0;0;0;0;0;0;0;0
FR;8;2021-12-29;0;0;0;0;0;0;0;0;0;0;0;0;0;0;0;0;0;0
FR;8;2021-12-30;0;0;0;0;0;0;0;0;0;0;0;0;0;0;0;0;0;0
FR;8;2021-12-31;0;0;0;0;0;0;0;0;0;0;0;0;0;0;0;0;0;0
FR;8;2022-01-01;0;0;0;0;0;0;0;0;0;0;0;0;0;0;0;0;0;0
FR;8;2022-01-02;0;0;0;0;0;0;0;0;0;0;0;0;0;0;0;0;0;0
FR;8;2022-01-03;0;0;0;0;0;0;0;0;0;0;0;0;0;0;0;0;0;0
FR;8;2022-01-04;0;0;0;0;0;0;0;0;0;0;0;0;0;0;0;0;0;0
FR;8;2022-01-05;0;0;0;0;0;0;0;0;0;0;0;0;0;0;0;0;0;0
FR;8;2022-01-06;0;0;0;0;0;0;0;0;0;0;0;0;0;0;0;0;0;0
FR;8;2022-01-07;0;0;0;0;0;0;0;0;0;0;0;0;0;0;0;0;0;0
FR;8;2022-01-08;0;0;0;0;0;0;0;0;0;0;0;0;0;0;0;0;0;0
FR;8;2022-01-09;0;0;0;0;0;0;0;0;0;0;0;0;0;0;0;0;0;0
FR;8;2022-01-10;0;0;0;0;0;0;0;0;0;0;0;0;0;0;0;0;0;0
FR;8;2022-01-11;0;0;0;0;0;0;0;0;0;0;0;0;0;0;0;0;0;0
FR;8;2022-01-12;0;0;0;0;0;0;0;0;0;0;0;0;0;0;0;0;0;0
FR;8;2022-01-13;0;0;0;0;0;0;0;0;0;0;0;0;0;0;0;0;0;0
FR;8;2022-01-14;0;0;0;0;0;0;0;0;0;0;0;0;0;0;0;0;0;0
FR;8;2022-01-15;0;0;0;0;0;0;0;0;0;0;0;0;0;0;0;0;0;0
FR;8;2022-01-16;0;0;0;0;0;0;0;0;0;0;0;0;0;0;0;0;0;0
FR;8;2022-01-17;0;0;0;0;0;0;0;0;0;0;0;0;0;0;0;0;0;0
FR;8;2022-01-18;0;0;0;0;0;0;0;0;0;0;0;0;0;0;0;0;0;0
FR;8;2022-01-19;0;0;0;0;0;0;0;0;0;0;0;0;0;0;0;0;0;0
FR;8;2022-01-20;0;0;0;0;0;0;0;0;0;0;0;0;0;0;0;0;0;0
FR;8;2022-01-21;0;0;0;0;0;0;0;0;0;0;0;0;0;0;0;0;0;0
FR;8;2022-01-22;0;0;0;0;0;0;0;0;0;0;0;0;0;0;0;0;0;0
FR;8;2022-01-23;0;0;0;0;0;0;0;0;0;0;0;0;0;0;0;0;0;0
FR;8;2022-01-24;0;0;0;0;0;0;0;0;0;0;0;0;0;0;0;0;0;0
FR;8;2022-01-25;0;0;0;0;0;0;0;0;0;0;0;0;0;0;0;0;0;0
FR;8;2022-01-26;0;0;0;0;0;0;0;0;0;0;0;0;0;0;0;0;0;0
FR;8;2022-01-27;0;0;0;0;0;0;0;0;0;0;0;0;0;0;0;0;0;0
FR;8;2022-01-28;0;0;0;0;0;0;0;0;0;0;0;0;0;0;0;0;0;0
FR;8;2022-01-29;0;0;0;0;0;0;0;0;0;0;0;0;0;0;0;0;0;0
FR;8;2022-01-30;0;0;0;0;0;0;0;0;0;0;0;0;0;0;0;0;0;0
FR;8;2022-01-31;0;0;0;0;0;0;0;0;0;0;0;0;0;0;0;0;0;0
FR;8;2022-02-01;0;0;0;0;0;0;0;0;0;0;0;0;0;0;0;0;0;0
FR;8;2022-02-02;0;0;0;0;0;0;0;0;0;0;0;0;0;0;0;0;0;0
FR;8;2022-02-03;0;0;0;0;0;0;0;0;0;0;0;0;0;0;0;0;0;0
FR;8;2022-02-04;0;0;0;0;0;0;0;0;0;0;0;0;0;0;0;0;0;0
FR;8;2022-02-05;0;0;0;0;0;0;0;0;0;0;0;0;0;0;0;0;0;0
FR;8;2022-02-06;0;0;0;0;0;0;0;0;0;0;0;0;0;0;0;0;0;0
FR;8;2022-02-07;0;0;0;0;0;0;0;0;0;0;0;0;0;0;0;0;0;0
FR;8;2022-02-08;0;0;0;0;0;0;0;0;0;0;0;0;0;0;0;0;0;0
FR;8;2022-02-09;0;0;0;0;0;0;0;0;0;0;0;0;0;0;0;0;0;0
FR;8;2022-02-10;0;0;0;0;0;0;0;0;0;0;0;0;0;0;0;0;0;0
FR;8;2022-02-11;0;0;0;0;0;0;0;0;0;0;0;0;0;0;0;0;0;0
FR;8;2022-02-12;0;0;0;0;0;0;0;0;0;0;0;0;0;0;0;0;0;0
FR;8;2022-02-13;0;0;0;0;0;0;0;0;0;0;0;0;0;0;0;0;0;0
FR;8;2022-02-14;0;0;0;0;0;0;0;0;0;0;0;0;0;0;0;0;0;0
FR;8;2022-02-15;0;0;0;0;0;0;0;0;0;0;0;0;0;0;0;0;0;0
FR;8;2022-02-16;0;0;0;0;0;0;0;0;0;0;0;0;0;0;0;0;0;0
FR;8;2022-02-17;0;0;0;0;0;0;0;0;0;0;0;0;0;0;0;0;0;0
FR;8;2022-02-18;0;0;0;0;0;0;0;0;0;0;0;0;0;0;0;0;0;0
FR;8;2022-02-19;0;0;0;0;0;0;0;0;0;0;0;0;0;0;0;0;0;0
FR;8;2022-02-20;0;0;0;0;0;0;0;0;0;0;0;0;0;0;0;0;0;0
FR;8;2022-02-21;0;0;0;0;0;0;0;0;0;0;0;0;0;0;0;0;0;0
FR;8;2022-02-22;0;0;0;0;0;0;0;0;0;0;0;0;0;0;0;0;0;0
FR;8;2022-02-23;0;0;0;0;0;0;0;0;0;0;0;0;0;0;0;0;0;0
FR;8;2022-02-24;0;0;0;0;0;0;0;0;0;0;0;0;0;0;0;0;0;0
FR;8;2022-02-25;0;0;0;0;0;0;0;0;0;0;0;0;0;0;0;0;0;0
FR;8;2022-02-26;0;0;0;0;0;0;0;0;0;0;0;0;0;0;0;0;0;0
FR;8;2022-02-27;0;0;0;0;0;0;0;0;0;0;0;0;0;0;0;0;0;0
FR;8;2022-02-28;0;0;0;0;0;0;0;0;0;0;0;0;0;0;0;0;0;0
FR;8;2022-03-01;0;0;0;0;0;0;0;0;0;0;0;0;0;0;0;0;0;0
FR;8;2022-03-02;0;0;0;0;0;0;0;0;0;0;0;0;0;0;0;0;0;0
FR;8;2022-03-03;0;0;0;0;0;0;0;0;0;0;0;0;0;0;0;0;0;0
FR;8;2022-03-04;0;0;0;0;0;0;0;0;0;0;0;0;0;0;0;0;0;0
FR;8;2022-03-05;0;0;0;0;0;0;0;0;0;0;0;0;0;0;0;0;0;0
FR;8;2022-03-06;0;0;0;0;0;0;0;0;0;0;0;0;0;0;0;0;0;0
FR;8;2022-03-07;0;0;0;0;0;0;0;0;0;0;0;0;0;0;0;0;0;0
FR;8;2022-03-08;0;0;0;0;0;0;0;0;0;0;0;0;0;0;0;0;0;0
FR;8;2022-03-09;0;0;0;0;0;0;0;0;0;0;0;0;0;0;0;0;0;0
FR;8;2022-03-10;0;0;0;0;0;0;0;0;0;0;0;0;0;0;0;0;0;0
FR;8;2022-03-11;0;0;0;0;0;0;0;0;0;0;0;0;0;0;0;0;0;0
FR;8;2022-03-12;0;0;0;0;0;0;0;0;0;0;0;0;0;0;0;0;0;0
FR;8;2022-03-13;0;0;0;0;0;0;0;0;0;0;0;0;0;0;0;0;0;0
FR;8;2022-03-14;0;0;0;0;0;0;0;0;0;0;0;0;0;0;0;0;0;0
FR;8;2022-03-15;0;0;0;0;0;0;0;0;0;0;0;0;0;0;0;0;0;0
FR;8;2022-03-16;0;0;0;0;0;0;0;0;0;0;0;0;0;0;0;0;0;0
FR;8;2022-03-17;0;0;0;0;0;0;0;0;0;0;0;0;0;0;0;0;0;0
FR;8;2022-03-18;0;0;0;0;0;0;0;0;0;0;0;0;0;0;0;0;0;0
FR;8;2022-03-19;0;0;0;0;0;0;0;0;0;0;0;0;0;0;0;0;0;0
FR;8;2022-03-20;0;0;0;0;0;0;0;0;0;0;0;0;0;0;0;0;0;0
FR;8;2022-03-21;0;0;0;0;0;0;0;0;0;0;0;0;0;0;0;0;0;0
FR;8;2022-03-22;0;0;0;0;0;0;0;0;0;0;0;0;0;0;0;0;0;0
FR;8;2022-03-23;0;0;0;0;0;0;0;0;0;0;0;0;0;0;0;0;0;0
FR;8;2022-03-24;0;0;0;0;0;0;0;0;0;0;0;0;0;0;0;0;0;0
FR;8;2022-03-25;0;0;0;0;0;0;0;0;0;0;0;0;0;0;0;0;0;0
FR;8;2022-03-26;0;0;0;0;0;0;0;0;0;0;0;0;0;0;0;0;0;0
FR;8;2022-03-27;0;0;0;0;0;0;0;0;0;0;0;0;0;0;0;0;0;0
FR;8;2022-03-28;0;0;0;0;0;0;0;0;0;0;0;0;0;0;0;0;0;0
FR;8;2022-03-29;0;0;0;0;0;0;0;0;0;0;0;0;0;0;0;0;0;0
FR;8;2022-03-30;0;0;0;0;0;0;0;0;0;0;0;0;0;0;0;0;0;0
FR;8;2022-03-31;0;0;0;0;0;0;0;0;0;0;0;0;0;0;0;0;0;0
FR;8;2022-04-01;0;0;0;0;0;0;0;0;0;0;0;0;0;0;0;0;0;0
FR;8;2022-04-02;0;0;0;0;0;0;0;0;0;0;0;0;0;0;0;0;0;0
FR;8;2022-04-03;0;0;0;0;0;0;0;0;0;0;0;0;0;0;0;0;0;0
FR;8;2022-04-04;0;0;0;0;0;0;0;0;0;0;0;0;0;0;0;0;0;0
FR;8;2022-04-05;0;0;0;0;0;0;0;0;0;0;0;0;0;0;0;0;0;0
FR;8;2022-04-06;0;0;0;0;0;0;0;0;0;0;0;0;0;0;0;0;0;0
FR;8;2022-04-07;0;0;0;0;0;0;0;0;0;0;0;0;0;0;0;0;0;0
FR;8;2022-04-08;0;0;0;0;0;0;0;0;0;0;0;0;0;0;0;0;0;0
FR;8;2022-04-09;0;0;0;0;0;0;0;0;0;0;0;0;0;0;0;0;0;0
FR;8;2022-04-10;0;0;0;0;0;0;0;0;0;0;0;0;0;0;0;0;0;0
FR;8;2022-04-11;0;0;0;0;0;0;0;0;0;0;0;0;0;0;0;0;0;0
FR;8;2022-04-12;0;0;0;0;0;0;0;0;0;0;0;0;0;0;0;0;0;0
FR;8;2022-04-13;0;0;0;0;0;0;0;0;0;0;0;0;0;0;0;0;0;0
FR;8;2022-04-14;0;0;0;0;0;0;0;0;0;0;0;0;0;0;0;0;0;0
FR;8;2022-04-15;0;0;0;0;0;0;0;0;0;0;0;0;0;0;0;0;0;0
FR;8;2022-04-16;0;0;0;0;0;0;0;0;0;0;0;0;0;0;0;0;0;0
FR;8;2022-04-17;0;0;0;0;0;0;0;0;0;0;0;0;0;0;0;0;0;0
FR;8;2022-04-18;0;0;0;0;0;0;0;0;0;0;0;0;0;0;0;0;0;0
FR;8;2022-04-19;0;0;0;0;0;0;0;0;0;0;0;0;0;0;0;0;0;0
FR;8;2022-04-20;0;0;0;0;0;0;0;0;0;0;0;0;0;0;0;0;0;0
FR;8;2022-04-21;0;0;0;0;0;0;0;0;0;0;0;0;0;0;0;0;0;0
FR;8;2022-04-22;0;0;0;0;0;0;0;0;0;0;0;0;0;0;0;0;0;0
FR;8;2022-04-23;0;0;0;0;0;0;0;0;0;0;0;0;0;0;0;0;0;0
FR;8;2022-04-24;0;0;0;0;0;0;0;0;0;0;0;0;0;0;0;0;0;0
FR;8;2022-04-25;0;0;0;0;0;0;0;0;0;0;0;0;0;0;0;0;0;0
FR;8;2022-04-26;0;0;0;0;0;0;0;0;0;0;0;0;0;0;0;0;0;0
FR;8;2022-04-27;0;0;0;0;0;0;0;0;0;0;0;0;0;0;0;0;0;0
FR;8;2022-04-28;0;0;0;0;0;0;0;0;0;0;0;0;0;0;0;0;0;0
FR;8;2022-04-29;0;0;0;0;0;0;0;0;0;0;0;0;0;0;0;0;0;0
FR;8;2022-04-30;0;0;0;0;0;0;0;0;0;0;0;0;0;0;0;0;0;0
FR;8;2022-05-01;0;0;0;0;0;0;0;0;0;0;0;0;0;0;0;0;0;0
FR;8;2022-05-02;0;0;0;0;0;0;0;0;0;0;0;0;0;0;0;0;0;0
FR;8;2022-05-03;0;0;0;0;0;0;0;0;0;0;0;0;0;0;0;0;0;0
FR;8;2022-05-04;0;0;0;0;0;0;0;0;0;0;0;0;0;0;0;0;0;0
FR;8;2022-05-05;0;0;0;0;0;0;0;0;0;0;0;0;0;0;0;0;0;0
FR;8;2022-05-06;0;0;0;0;0;0;0;0;0;0;0;0;0;0;0;0;0;0
FR;8;2022-05-07;0;0;0;0;0;0;0;0;0;0;0;0;0;0;0;0;0;0
FR;8;2022-05-08;0;0;0;0;0;0;0;0;0;0;0;0;0;0;0;0;0;0
FR;8;2022-05-09;0;0;0;0;0;0;0;0;0;0;0;0;0;0;0;0;0;0
FR;8;2022-05-10;0;0;0;0;0;0;0;0;0;0;0;0;0;0;0;0;0;0
FR;8;2022-05-11;0;0;0;0;0;0;0;0;0;0;0;0;0;0;0;0;0;0
FR;8;2022-05-12;0;0;0;0;0;0;0;0;0;0;0;0;0;0;0;0;0;0
FR;8;2022-05-13;0;0;0;0;0;0;0;0;0;0;0;0;0;0;0;0;0;0
FR;8;2022-05-14;0;0;0;0;0;0;0;0;0;0;0;0;0;0;0;0;0;0
FR;8;2022-05-15;0;0;0;0;0;0;0;0;0;0;0;0;0;0;0;0;0;0
FR;8;2022-05-16;0;0;0;0;0;0;0;0;0;0;0;0;0;0;0;0;0;0
FR;8;2022-05-17;0;0;0;0;0;0;0;0;0;0;0;0;0;0;0;0;0;0
FR;8;2022-05-18;0;0;0;0;0;0;0;0;0;0;0;0;0;0;0;0;0;0
FR;8;2022-05-19;0;0;0;0;0;0;0;0;0;0;0;0;0;0;0;0;0;0
FR;8;2022-05-20;0;0;0;0;0;0;0;0;0;0;0;0;0;0;0;0;0;0
FR;8;2022-05-21;0;0;0;0;0;0;0;0;0;0;0;0;0;0;0;0;0;0
FR;8;2022-05-22;0;0;0;0;0;0;0;0;0;0;0;0;0;0;0;0;0;0
FR;8;2022-05-23;0;0;0;0;0;0;0;0;0;0;0;0;0;0;0;0;0;0
FR;8;2022-05-24;0;0;0;0;0;0;0;0;0;0;0;0;0;0;0;0;0;0
FR;8;2022-05-25;0;0;0;0;0;0;0;0;0;0;0;0;0;0;0;0;0;0
FR;8;2022-05-26;0;0;0;0;0;0;0;0;0;0;0;0;0;0;0;0;0;0
FR;8;2022-05-27;0;0;0;0;0;0;0;0;0;0;0;0;0;0;0;0;0;0
FR;8;2022-05-28;0;0;0;0;0;0;0;0;0;0;0;0;0;0;0;0;0;0
FR;8;2022-05-29;0;0;0;0;0;0;0;0;0;0;0;0;0;0;0;0;0;0
FR;8;2022-05-30;0;0;0;0;0;0;0;0;0;0;0;0;0;0;0;0;0;0
FR;8;2022-05-31;0;0;0;0;0;0;0;0;0;0;0;0;0;0;0;0;0;0
FR;8;2022-06-01;0;0;0;0;0;0;0;0;0;0;0;0;0;0;0;0;0;0
FR;8;2022-06-02;0;0;0;0;0;0;0;0;0;0;0;0;0;0;0;0;0;0
FR;8;2022-06-03;0;0;0;0;0;0;0;0;0;0;0;0;0;0;0;0;0;0
FR;8;2022-06-04;0;0;0;0;0;0;0;0;0;0;0;0;0;0;0;0;0;0
FR;8;2022-06-05;0;0;0;0;0;0;0;0;0;0;0;0;0;0;0;0;0;0
FR;8;2022-06-06;0;0;0;0;0;0;0;0;0;0;0;0;0;0;0;0;0;0
FR;8;2022-06-07;0;0;0;0;0;0;0;0;0;0;0;0;0;0;0;0;0;0
FR;8;2022-06-08;0;0;0;0;0;0;0;0;0;0;0;0;0;0;0;0;0;0
FR;8;2022-06-09;0;0;0;0;0;0;0;0;0;0;0;0;0;0;0;0;0;0
FR;8;2022-06-10;0;0;0;0;0;0;0;0;0;0;0;0;0;0;0;0;0;0
FR;8;2022-06-11;0;0;0;0;0;0;0;0;0;0;0;0;0;0;0;0;0;0
FR;8;2022-06-12;0;0;0;0;0;0;0;0;0;0;0;0;0;0;0;0;0;0
FR;8;2022-06-13;0;0;0;0;0;0;0;0;0;0;0;0;0;0;0;0;0;0
FR;8;2022-06-14;0;0;0;0;0;0;0;0;0;0;0;0;0;0;0;0;0;0
FR;8;2022-06-15;0;0;0;0;0;0;0;0;0;0;0;0;0;0;0;0;0;0
FR;8;2022-06-16;0;0;0;0;0;0;0;0;0;0;0;0;0;0;0;0;0;0
FR;8;2022-06-17;0;0;0;0;0;0;0;0;0;0;0;0;0;0;0;0;0;0
FR;8;2022-06-18;0;0;0;0;0;0;0;0;0;0;0;0;0;0;0;0;0;0
FR;8;2022-06-19;0;0;0;0;0;0;0;0;0;0;0;0;0;0;0;0;0;0
FR;8;2022-06-20;0;0;0;0;0;0;0;0;0;0;0;0;0;0;0;0;0;0
FR;8;2022-06-21;0;0;0;0;0;0;0;0;0;0;0;0;0;0;0;0;0;0
FR;8;2022-06-22;0;0;0;0;0;0;0;0;0;0;0;0;0;0;0;0;0;0
FR;8;2022-06-23;0;0;0;0;0;0;0;0;0;0;0;0;0;0;0;0;0;0
FR;8;2022-06-24;0;0;0;0;0;0;0;0;0;0;0;0;0;0;0;0;0;0
FR;8;2022-06-25;0;0;0;0;0;0;0;0;0;0;0;0;0;0;0;0;0;0
FR;8;2022-06-26;0;0;0;0;0;0;0;0;0;0;0;0;0;0;0;0;0;0
FR;8;2022-06-27;0;0;0;0;0;0;0;0;0;0;0;0;0;0;0;0;0;0
FR;8;2022-06-28;0;0;0;0;0;0;0;0;0;0;0;0;0;0;0;0;0;0
FR;8;2022-06-29;0;0;0;0;0;0;0;0;0;0;0;0;0;0;0;0;0;0
FR;8;2022-06-30;0;0;0;0;0;0;0;0;0;0;0;0;0;0;0;0;0;0
FR;8;2022-07-01;0;0;0;0;0;0;0;0;0;0;0;0;0;0;0;0;0;0
FR;8;2022-07-02;0;0;0;0;0;0;0;0;0;0;0;0;0;0;0;0;0;0
FR;8;2022-07-03;0;0;0;0;0;0;0;0;0;0;0;0;0;0;0;0;0;0
FR;8;2022-07-04;0;0;0;0;0;0;0;0;0;0;0;0;0;0;0;0;0;0
FR;8;2022-07-05;0;0;0;0;0;0;0;0;0;0;0;0;0;0;0;0;0;0
FR;8;2022-07-06;0;0;0;0;0;0;0;0;0;0;0;0;0;0;0;0;0;0
FR;8;2022-07-07;0;0;0;0;0;0;0;0;0;0;0;0;0;0;0;0;0;0
FR;8;2022-07-08;0;0;0;0;0;0;0;0;0;0;0;0;0;0;0;0;0;0
FR;8;2022-07-09;0;0;0;0;0;0;0;0;0;0;0;0;0;0;0;0;0;0
FR;8;2022-07-10;0;0;0;0;0;0;0;0;0;0;0;0;0;0;0;0;0;0
FR;8;2022-07-11;0;0;0;0;0;0;0;0;0;0;0;0;0;0;0;0;0;0
FR;8;2022-07-12;0;0;0;0;0;0;0;0;0;0;0;0;0;0;0;0;0;0
FR;8;2022-07-13;0;0;0;0;0;0;0;0;0;0;0;0;0;0;0;0;0;0
FR;8;2022-07-14;0;0;0;0;0;0;0;0;0;0;0;0;0;0;0;0;0;0
FR;8;2022-07-15;0;0;0;0;0;0;0;0;0;0;0;0;0;0;0;0;0;0
FR;8;2022-07-16;0;0;0;0;0;0;0;0;0;0;0;0;0;0;0;0;0;0
FR;8;2022-07-17;0;0;0;0;0;0;0;0;0;0;0;0;0;0;0;0;0;0
FR;8;2022-07-18;0;0;0;0;0;0;0;0;0;0;0;0;0;0;0;0;0;0
FR;8;2022-07-19;0;0;0;0;0;0;0;0;0;0;0;0;0;0;0;0;0;0
FR;8;2022-07-20;0;0;0;0;0;0;0;0;0;0;0;0;0;0;0;0;0;0
FR;8;2022-07-21;0;0;0;0;0;0;0;0;0;0;0;0;0;0;0;0;0;0
FR;8;2022-07-22;0;0;0;0;0;0;0;0;0;0;0;0;0;0;0;0;0;0
FR;8;2022-07-23;0;0;0;0;0;0;0;0;0;0;0;0;0;0;0;0;0;0
FR;8;2022-07-24;0;0;0;0;0;0;0;0;0;0;0;0;0;0;0;0;0;0
FR;8;2022-07-25;0;0;0;0;0;0;0;0;0;0;0;0;0;0;0;0;0;0
FR;8;2022-07-26;0;0;0;0;0;0;0;0;0;0;0;0;0;0;0;0;0;0
FR;8;2022-07-27;0;0;0;0;0;0;0;0;0;0;0;0;0;0;0;0;0;0
FR;8;2022-07-28;0;0;0;0;0;0;0;0;0;0;0;0;0;0;0;0;0;0
FR;8;2022-07-29;0;0;0;0;0;0;0;0;0;0;0;0;0;0;0;0;0;0
FR;8;2022-07-30;0;0;0;0;0;0;0;0;0;0;0;0;0;0;0;0;0;0
FR;8;2022-07-31;0;0;0;0;0;0;0;0;0;0;0;0;0;0;0;0;0;0
FR;8;2022-08-01;0;0;0;0;0;0;0;0;0;0;0;0;0;0;0;0;0;0
FR;8;2022-08-02;0;0;0;0;0;0;0;0;0;0;0;0;0;0;0;0;0;0
FR;8;2022-08-03;0;0;0;0;0;0;0;0;0;0;0;0;0;0;0;0;0;0
FR;8;2022-08-04;0;0;0;0;0;0;0;0;0;0;0;0;0;0;0;0;0;0
FR;8;2022-08-05;0;0;0;0;0;0;0;0;0;0;0;0;0;0;0;0;0;0
FR;8;2022-08-06;0;0;0;0;0;0;0;0;0;0;0;0;0;0;0;0;0;0
FR;8;2022-08-07;0;0;0;0;0;0;0;0;0;0;0;0;0;0;0;0;0;0
FR;8;2022-08-08;0;0;0;0;0;0;0;0;0;0;0;0;0;0;0;0;0;0
FR;8;2022-08-09;0;0;0;0;0;0;0;0;0;0;0;0;0;0;0;0;0;0
FR;8;2022-08-10;0;0;0;0;0;0;0;0;0;0;0;0;0;0;0;0;0;0
FR;8;2022-08-11;0;0;0;0;0;0;0;0;0;0;0;0;0;0;0;0;0;0
FR;8;2022-08-12;0;0;0;0;0;0;0;0;0;0;0;0;0;0;0;0;0;0
FR;8;2022-08-13;0;0;0;0;0;0;0;0;0;0;0;0;0;0;0;0;0;0
FR;8;2022-08-14;0;0;0;0;0;0;0;0;0;0;0;0;0;0;0;0;0;0
FR;8;2022-08-15;0;0;0;0;0;0;0;0;0;0;0;0;0;0;0;0;0;0
FR;8;2022-08-16;0;0;0;0;0;0;0;0;0;0;0;0;0;0;0;0;0;0
FR;8;2022-08-17;0;0;0;0;0;0;0;0;0;0;0;0;0;0;0;0;0;0
FR;8;2022-08-18;0;0;0;0;0;0;0;0;0;0;0;0;0;0;0;0;0;0
FR;8;2022-08-19;0;0;0;0;0;0;0;0;0;0;0;0;0;0;0;0;0;0
FR;8;2022-08-20;0;0;0;0;0;0;0;0;0;0;0;0;0;0;0;0;0;0
FR;8;2022-08-21;0;0;0;0;0;0;0;0;0;0;0;0;0;0;0;0;0;0
FR;8;2022-08-22;0;0;0;0;0;0;0;0;0;0;0;0;0;0;0;0;0;0
FR;8;2022-08-23;0;0;0;0;0;0;0;0;0;0;0;0;0;0;0;0;0;0
FR;8;2022-08-24;0;0;0;0;0;0;0;0;0;0;0;0;0;0;0;0;0;0
FR;8;2022-08-25;0;0;0;0;0;0;0;0;0;0;0;0;0;0;0;0;0;0
FR;8;2022-08-26;0;0;0;0;0;0;0;0;0;0;0;0;0;0;0;0;0;0
FR;8;2022-08-27;0;0;0;0;0;0;0;0;0;0;0;0;0;0;0;0;0;0
FR;8;2022-08-28;0;0;0;0;0;0;0;0;0;0;0;0;0;0;0;0;0;0
FR;8;2022-08-29;0;0;0;0;0;0;0;0;0;0;0;0;0;0;0;0;0;0
FR;8;2022-08-30;0;0;0;0;0;0;0;0;0;0;0;0;0;0;0;0;0;0
FR;8;2022-08-31;0;0;0;0;0;0;0;0;0;0;0;0;0;0;0;0;0;0
FR;8;2022-09-01;0;0;0;0;0;0;0;0;0;0;0;0;0;0;0;0;0;0
FR;8;2022-09-02;0;0;0;0;0;0;0;0;0;0;0;0;0;0;0;0;0;0
FR;8;2022-09-03;0;0;0;0;0;0;0;0;0;0;0;0;0;0;0;0;0;0
FR;8;2022-09-04;0;0;0;0;0;0;0;0;0;0;0;0;0;0;0;0;0;0
FR;8;2022-09-05;0;0;0;0;0;0;0;0;0;0;0;0;0;0;0;0;0;0
FR;8;2022-09-06;0;0;0;0;0;0;0;0;0;0;0;0;0;0;0;0;0;0
FR;8;2022-09-07;0;0;0;0;0;0;0;0;0;0;0;0;0;0;0;0;0;0
FR;8;2022-09-08;0;0;0;0;0;0;0;0;0;0;0;0;0;0;0;0;0;0
FR;8;2022-09-09;0;0;0;0;0;0;0;0;0;0;0;0;0;0;0;0;0;0
FR;8;2022-09-10;0;0;0;0;0;0;0;0;0;0;0;0;0;0;0;0;0;0
FR;8;2022-09-11;0;0;0;0;0;0;0;0;0;0;0;0;0;0;0;0;0;0
FR;8;2022-09-12;0;0;0;0;0;0;0;0;0;0;0;0;0;0;0;0;0;0
FR;8;2022-09-13;0;0;0;0;0;0;0;0;0;0;0;0;0;0;0;0;0;0
FR;8;2022-09-14;0;0;0;0;0;0;0;0;0;0;0;0;0;0;0;0;0;0
FR;8;2022-09-15;0;0;0;0;0;0;0;0;0;0;0;0;0;0;0;0;0;0
FR;8;2022-09-16;0;0;0;0;0;0;0;0;0;0;0;0;0;0;0;0;0;0
FR;8;2022-09-17;0;0;0;0;0;0;0;0;0;0;0;0;0;0;0;0;0;0
FR;8;2022-09-18;0;0;0;0;0;0;0;0;0;0;0;0;0;0;0;0;0;0
FR;8;2022-09-19;0;0;0;0;0;0;0;0;0;0;0;0;0;0;0;0;0;0
FR;8;2022-09-20;0;0;0;0;0;0;0;0;0;0;0;0;0;0;0;0;0;0
FR;8;2022-09-21;0;0;0;0;0;0;0;0;0;0;0;0;0;0;0;0;0;0
FR;8;2022-09-22;0;0;0;0;0;0;0;0;0;0;0;0;0;0;0;0;0;0
FR;8;2022-09-23;0;0;0;0;0;0;0;0;0;0;0;0;0;0;0;0;0;0
FR;8;2022-09-24;0;0;0;0;0;0;0;0;0;0;0;0;0;0;0;0;0;0
FR;8;2022-09-25;0;0;0;0;0;0;0;0;0;0;0;0;0;0;0;0;0;0
FR;8;2022-09-26;0;0;0;0;0;0;0;0;0;0;0;0;0;0;0;0;0;0
FR;8;2022-09-27;0;0;0;0;0;0;0;0;0;0;0;0;0;0;0;0;0;0
FR;8;2022-09-28;0;0;0;0;0;0;0;0;0;0;0;0;0;0;0;0;0;0
FR;8;2022-09-29;0;0;0;0;0;0;0;0;0;0;0;0;0;0;0;0;0;0
FR;8;2022-09-30;0;0;0;0;0;0;0;0;0;0;0;0;0;0;0;0;0;0
FR;8;2022-10-01;0;0;0;0;0;0;0;0;0;0;0;0;0;0;0;0;0;0
FR;8;2022-10-02;0;0;0;0;0;0;0;0;0;0;0;0;0;0;0;0;0;0
FR;8;2022-10-03;0;0;0;0;0;0;0;0;0;0;0;0;0;0;0;0;0;0
FR;8;2022-10-04;0;0;0;0;0;0;0;0;0;0;0;0;0;0;0;0;0;0
FR;8;2022-10-05;0;0;0;0;0;0;0;0;0;0;0;0;0;0;0;0;0;0
FR;8;2022-10-06;10;17;113;860;8;83;865;1058;110;10;17;113;860;8;83;865;1058;110
FR;8;2022-10-07;72;101;842;8012;62;699;8066;9845;1073;82;118;955;8872;70;782;8931;10903;1183
FR;8;2022-10-08;34;115;610;4057;50;516;4109;5310;676;116;233;1565;12929;120;1298;13040;16213;1859
FR;8;2022-10-09;17;22;145;885;13;132;913;1234;185;133;255;1710;13814;133;1430;13953;17447;2044
FR;8;2022-10-10;119;192;1347;12718;106;1029;12959;16260;2251;252;447;3057;26532;239;2459;26912;33707;4295
FR;8;2022-10-11;182;262;2476;26922;135;2011;27193;33958;4717;434;709;5533;53454;374;4470;54105;67665;9012
FR;8;2022-10-12;157;256;1831;18235;150;1441;18471;23470;3534;591;965;7364;71689;524;5911;72576;91135;12546
FR;8;2022-10-13;206;280;2510;28068;177;1903;28432;35569;5206;797;1245;9874;99757;701;7814;101008;126704;17752
FR;8;2022-10-14;256;419;3271;36243;241;2556;36668;45570;6304;1053;1664;13145;136000;942;10370;137676;172274;24056
FR;8;2022-10-15;102;182;1203;8804;79;1001;8931;11782;1830;1155;1846;14348;144804;1021;11371;146607;184056;25886
FR;8;2022-10-16;34;54;248;1522;26;215;1557;2179;402;1189;1900;14596;146326;1047;11586;148164;186235;26288
FR;8;2022-10-17;157;310;2097;21788;174;1624;22095;28275;4534;1346;2210;16693;168114;1221;13210;170259;214510;30822
FR;8;2022-10-18;269;348;3355;37854;225;2653;38237;50778;9815;1615;2558;20048;205968;1446;15863;208496;265288;40637
FR;8;2022-10-19;198;313;2627;28296;182;2185;28613;38701;7842;1813;2871;22675;234264;1628;18048;237109;303989;48479
FR;8;2022-10-20;252;365;3577;41178;225;2653;41786;55677;11153;2065;3236;26252;275442;1853;20701;278895;359666;59632
FR;8;2022-10-21;325;489;4458;49407;276;3471;50007;66285;12710;2390;3725;30710;324849;2129;24172;328902;425951;72342
FR;8;2022-10-22;124;168;1230;10661;111;927;10849;14742;2948;2514;3893;31940;335510;2240;25099;339751;440693;75290
FR;8;2022-10-23;49;53;266;1761;48;197;1840;2609;571;2563;3946;32206;337271;2288;25296;341591;443302;75861
FR;8;2022-10-24;230;311;2475;24039;173;2074;24337;33543;7081;2793;4257;34681;361310;2461;27370;365928;476845;82942
FR;8;2022-10-25;306;413;4081;43437;256;3134;44037;61266;13992;3099;4670;38762;404747;2717;30504;409965;538111;96934
FR;8;2022-10-26;226;342;2874;28714;185;2372;28991;41358;9907;3325;5012;41636;433461;2902;32876;438956;579469;106841
FR;8;2022-10-27;275;415;3323;36172;243;2631;36646;51209;11867;3600;5427;44959;469633;3145;35507;475602;630678;118708
FR;8;2022-10-28;326;466;3829;39472;258;2863;40198;55123;11993;3926;5893;48788;509105;3403;38370;515800;685801;130701
FR;8;2022-10-29;113;165;1074;8227;94;803;8371;11858;2667;4039;6058;49862;517332;3497;39173;524171;697659;133368
FR;8;2022-10-30;40;53;209;1345;38;180;1390;2059;485;4079;6111;50071;518677;3535;39353;525561;699718;133853
FR;8;2022-10-31;196;256;1660;14535;141;1274;14799;21148;5057;4275;6367;51731;533212;3676;40627;540360;720866;138910
FR;8;2022-11-01;27;41;133;954;23;167;970;1594;455;4302;6408;51864;534166;3699;40794;541330;722460;139365
FR;8;2022-11-02;194;368;2372;23295;204;1971;23693;35015;9284;4496;6776;54236;557461;3903;42765;565023;757475;148649
FR;8;2022-11-03;308;416;3484;36932;255;2604;37571;54612;14338;4804;7192;57720;594393;4158;45369;602594;812087;162987
FR;8;2022-11-04;355;494;3780;40196;258;2972;40714;57964;14167;5159;7686;61500;634589;4416;48341;643308;870051;177154
FR;8;2022-11-05;113;183;1102;8765;117;850;8931;12884;3068;5272;7869;62602;643354;4533;49191;652239;882935;180222
FR;8;2022-11-06;45;56;224;1408;38;205;1441;2249;593;5317;7925;62826;644762;4571;49396;653680;885184;180815
FR;8;2022-11-07;230;277;2321;24817;202;1793;25404;37585;10320;5547;8202;65147;669579;4773;51189;679084;922769;191135
FR;8;2022-11-08;342;503;4337;48376;303;3264;49354;71556;18776;5889;8705;69484;717955;5076;54453;728438;994325;209911
FR;8;2022-11-09;262;367;2877;29170;209;2260;29854;44448;12250;6151;9072;72361;747125;5285;56713;758292;1038773;222161
FR;8;2022-11-10;366;530;3948;40245;302;3016;41160;60470;16154;6517;9602;76309;787370;5587;59729;799452;1099243;238315
FR;8;2022-11-11;39;62;243;1479;32;204;1525;2675;933;6556;9664;76552;788849;5619;59933;800977;1101918;239248
FR;8;2022-11-12;85;165;881;6432;79;686;6636;9893;2552;6641;9829;77433;795281;5698;60619;807613;1111811;241800
FR;8;2022-11-13;36;54;212;1109;35;172;1161;1922;583;6677;9883;77645;796390;5733;60791;808774;1113733;242383
FR;8;2022-11-14;229;305;2239;22434;166;1719;22981;35038;10264;6906;10188;79884;818824;5899;62510;831755;1148771;252647
FR;8;2022-11-15;340;421;3760;42321;254;2861;43230;64745;18522;7246;10609;83644;861145;6153;65371;874985;1213516;271169
FR;8;2022-11-16;301;349;2621;26518;217;2156;26992;41721;12488;7547;10958;86265;887663;6370;67527;901977;1255237;283657
FR;8;2022-11-17;367;428;3381;36856;289;2613;37435;56628;16481;7914;11386;89646;924519;6659;70140;939412;1311865;300138
FR;8;2022-11-18;343;462;4067;42277;283;2971;43129;63607;17403;8257;11848;93713;966796;6942;73111;982541;1375472;317541
FR;8;2022-11-19;121;179;1199;8971;116;844;9153;13827;3792;8378;12027;94912;975767;7058;73955;991694;1389299;321333
FR;8;2022-11-20;33;49;260;1585;33;217;1653;2663;788;8411;12076;95172;977352;7091;74172;993347;1391962;322121
FR;8;2022-11-21;215;302;2073;20063;177;1588;20583;32021;9783;8626;12378;97245;997415;7268;75760;1013930;1423983;331904
FR;8;2022-11-22;336;406;3466;37520;248;2665;38038;58053;17239;8962;12784;100711;1034935;7516;78425;1051968;1482036;349143
FR;8;2022-11-23;227;323;2410;24419;186;2014;24850;39166;12220;9189;13107;103121;1059354;7702;80439;1076818;1521202;361363
FR;8;2022-11-24;346;387;3369;34851;234;2578;35545;55270;17048;9535;13494;106490;1094205;7936;83017;1112363;1576472;378411
FR;8;2022-11-25;309;421;3632;37728;282;2621;38524;57824;16555;9844;13915;110122;1131933;8218;85638;1150887;1634296;394966
FR;8;2022-11-26;171;194;1176;8812;127;897;8969;13680;3783;10015;14109;111298;1140745;8345;86535;1159856;1647976;398749
FR;8;2022-11-27;45;43;227;1545;36;180;1561;2472;721;10060;14152;111525;1142290;8381;86715;1161417;1650448;399470
FR;8;2022-11-28;182;298;2305;23343;169;1695;24009;37257;11479;10242;14450;113830;1165633;8550;88410;1185426;1687705;410949
FR;8;2022-11-29;293;428;3967;44020;217;2942;44695;69041;21281;10535;14878;117797;1209653;8767;91352;1230121;1756746;432230
FR;8;2022-11-30;279;409;3367;34866;225;2541;35623;54685;16403;10814;15287;121164;1244519;8992;93893;1265744;1811431;448633
FR;8;2022-12-01;330;473;4467;49280;270;3124;50049;77528;24192;11144;15760;125631;1293799;9262;97017;1315793;1888959;472825
FR;8;2022-12-02;406;515;5430;58378;301;3734;59552;89699;26224;11550;16275;131061;1352177;9563;100751;1375345;1978658;499049
FR;8;2022-12-03;175;215;1913;16833;107;1323;17246;25800;7195;11725;16490;132974;1369010;9670;102074;1392591;2004458;506244
FR;8;2022-12-04;53;90;488;4053;59;403;4113;6281;1753;11778;16580;133462;1373063;9729;102477;1396704;2010739;507997
FR;8;2022-12-05;276;398;3833;42303;242;2498;43229;66756;20880;12054;16978;137295;1415366;9971;104975;1439933;2077495;528877
FR;8;2022-12-06;420;542;6294;74265;302;4209;75684;117763;37625;12474;17520;143589;1489631;10273;109184;1515617;2195258;566502
FR;8;2022-12-07;359;428;4903;54989;259;3232;56079;87634;28128;12833;17948;148492;1544620;10532;112416;1571696;2282892;594630
FR;8;2022-12-08;452;530;6438;75381;290;4183;76964;120320;38912;13285;18478;154930;1620001;10822;116599;1648660;2403212;633542
FR;8;2022-12-09;545;601;8010;90851;354;5205;92609;142891;44810;13830;19079;162940;1710852;11176;121804;1741269;2546103;678352
FR;8;2022-12-10;261;299;3337;31705;165;2087;32551;48721;13992;14091;19378;166277;1742557;11341;123891;1773820;2594824;692344
FR;8;2022-12-11;89;104;933;7864;66;641;8081;11887;3145;14180;19482;167210;1750421;11407;124532;1781901;2606711;695489
FR;8;2022-12-12;351;455;5845;64266;248;3713;65787;103211;33514;14531;19937;173055;1814687;11655;128245;1847688;2709922;729003
FR;8;2022-12-13;530;604;8419;99032;350;5189;101455;159993;53016;15061;20541;181474;1913719;12005;133434;1949143;2869915;782019
FR;8;2022-12-14;449;529;6345;69974;303;4193;71525;113257;37270;15510;21070;187819;1983693;12308;137627;2020668;2983172;819289
FR;8;2022-12-15;489;641;8138;91617;357;5118;93834;148983;49690;15999;21711;195957;2075310;12665;142745;2114502;3132155;868979
FR;8;2022-12-16;575;706;8849;100189;381;5691;102310;161692;53316;16574;22417;204806;2175499;13046;148436;2216812;3293847;922295
FR;8;2022-12-17;231;308;3143;30027;187;2002;30801;46730;13822;16805;22725;207949;2205526;13233;150438;2247613;3340577;936117
FR;8;2022-12-18;63;92;730;5971;47;498;6118;9286;2641;16868;22817;208679;2211497;13280;150936;2253731;3349863;938758
FR;8;2022-12-19;399;453;5337;53720;265;3361;55282;87657;28832;17267;23270;214016;2265217;13545;154297;2309013;3437520;967590
FR;8;2022-12-20;554;574;7340;76460;342;4751;78555;126909;43276;17821;23844;221356;2341677;13887;159048;2387568;3564429;1010866
FR;8;2022-12-21;417;478;4954;48722;285;3308;50012;81588;28071;18238;24322;226310;2390399;14172;162356;2437580;3646017;1038937
FR;8;2022-12-22;459;520;4572;44172;311;3147;45389;74533;25842;18697;24842;230882;2434571;14483;165503;2482969;3720550;1064779
FR;8;2022-12-23;311;387;2882;24983;250;2071;25649;42184;14348;19008;25229;233764;2459554;14733;167574;2508618;3762734;1079127
FR;8;2022-12-24;68;69;395;2549;40;295;2663;4147;1172;19076;25298;234159;2462103;14773;167869;2511281;3766881;1080299
FR;8;2022-12-25;29;28;104;540;22;81;560;903;259;19105;25326;234263;2462643;14795;167950;2511841;3767784;1080558
FR;8;2022-12-26;241;272;2155;16044;173;1497;16673;26736;8471;19346;25598;236418;2478687;14968;169447;2528514;3794520;1089029
FR;8;2022-12-27;385;451;3760;32378;260;2525;33471;55228;19085;19731;26049;240178;2511065;15228;171972;2561985;3849748;1108114
FR;8;2022-12-28;343;339;2926;24614;189;2041;25200;41653;14293;20074;26388;243104;2535679;15417;174013;2587185;3891401;1122407
FR;8;2022-12-29;296;404;3153;25481;223;2177;26432;43892;15155;20370;26792;246257;2561160;15640;176190;2613617;3935293;1137562
FR;8;2022-12-30;293;338;2439;18635;209;1695;19276;31638;10560;20663;27130;248696;2579795;15849;177885;2632893;3966931;1148122
FR;8;2022-12-31;92;117;452;2952;75;363;3097;4743;1263;20755;27247;249148;2582747;15924;178248;2635990;3971674;1149385
FR;8;2023-01-01;15;30;112;658;14;84;682;991;224;20770;27277;249260;2583405;15938;178332;2636672;3972665;1149609
FR;8;2023-01-02;259;395;2255;18184;230;1599;18645;31978;11649;21029;27672;251515;2601589;16168;179931;2655317;4004643;1161258
FR;8;2023-01-03;460;533;4234;42755;311;2889;43669;80715;33836;21489;28205;255749;2644344;16479;182820;2698986;4085358;1195094
FR;8;2023-01-04;407;465;3481;29902;284;2407;30640;58070;24836;21896;28670;259230;2674246;16763;185227;2729626;4143428;1219930
FR;8;2023-01-05;494;586;4347;41686;392;2896;42560;81701;35925;22390;29256;263577;2715932;17155;188123;2772186;4225129;1255855
FR;8;2023-01-06;504;666;5086;46629;401;3327;47636;89467;38175;22894;29922;268663;2762561;17556;191450;2819822;4314596;1294030
FR;8;2023-01-07;212;287;1691;12275;176;1188;12584;22291;8419;23106;30209;270354;2774836;17732;192638;2832406;4336887;1302449
FR;8;2023-01-08;68;104;439;2736;63;309;2829;5056;1901;23174;30313;270793;2777572;17795;192947;2835235;4341943;1304350
FR;8;2023-01-09;389;474;2599;21379;304;1821;21950;44314;20324;23563;30787;273392;2798951;18099;194768;2857185;4386257;1324674
FR;8;2023-01-10;446;608;4328;40004;368;3047;40780;84617;40410;24009;31395;277720;2838955;18467;197815;2897965;4470874;1365084
FR;8;2023-01-11;340;450;2928;24020;278;2092;24521;51193;24293;24349;31845;280648;2862975;18745;199907;2922486;4522067;1389377
FR;8;2023-01-12;400;533;3625;33018;322;2544;33616;70422;33894;24749;32378;284273;2895993;19067;202451;2956102;4592489;1423271
FR;8;2023-01-13;437;578;4029;34779;335;2840;35366;72609;34024;25186;32956;288302;2930772;19402;205291;2991468;4665098;1457295
FR;8;2023-01-14;174;221;1330;8828;117;948;9007;17120;7085;25360;33177;289632;2939600;19519;206239;3000475;4682218;1464380
FR;8;2023-01-15;61;84;326;1465;52;240;1562;3124;1310;25421;33261;289958;2941065;19571;206479;3002037;4685342;1465690
FR;8;2023-01-16;257;333;1978;15659;199;1411;15920;34973;17439;25678;33594;291936;2956724;19770;207890;3017957;4720315;1483129
FR;8;2023-01-17;347;442;3221;27996;272;2290;28486;64114;32933;26025;34036;295157;2984720;20042;210180;3046443;4784429;1516062
FR;8;2023-01-18;252;396;2165;16655;234;1647;16900;37945;19144;26277;34432;297322;3001375;20276;211827;3063343;4822374;1535206
FR;8;2023-01-19;342;408;2639;22133;242;1926;22472;50813;26051;26619;34840;299961;3023508;20518;213753;3085815;4873187;1561257
FR;8;2023-01-20;395;495;3121;24542;298;2298;25050;55937;28212;27014;35335;303082;3048050;20816;216051;3110865;4929124;1589469
FR;8;2023-01-21;137;186;994;6074;100;725;6197;12790;5774;27151;35521;304076;3054124;20916;216776;3117062;4941914;1595243
FR;8;2023-01-22;31;46;150;818;20;130;864;1816;808;27182;35567;304226;3054942;20936;216906;3117926;4943730;1596051
FR;8;2023-01-23;206;284;1564;10517;156;1129;10740;26359;14244;27388;35851;305790;3065459;21092;218035;3128666;4970089;1610295
FR;8;2023-01-24;302;392;2331;19658;224;1747;19889;48941;26893;27690;36243;308121;3085117;21316;219782;3148555;5019030;1637188
FR;8;2023-01-25;234;367;1753;11863;222;1293;12247;29396;15592;27924;36610;309874;3096980;21538;221075;3160802;5048426;1652780
FR;8;2023-01-26;290;354;2133;16083;237;1561;16276;40242;22061;28214;36964;312007;3113063;21775;222636;3177078;5088668;1674841
FR;8;2023-01-27;304;464;2387;17434;280;1766;17639;43066;23246;28518;37428;314394;3130497;22055;224402;3194717;5131734;1698087
FR;8;2023-01-28;120;177;745;4213;114;587;4316;9426;4440;28638;37605;315139;3134710;22169;224989;3199033;5141160;1702527
FR;8;2023-01-29;24;40;80;394;26;62;419;941;454;28662;37645;315219;3135104;22195;225051;3199452;5142101;1702981
FR;8;2023-01-30;189;289;1155;7521;166;905;7679;19440;10640;28851;37934;316374;3142625;22361;225956;3207131;5161541;1713621
FR;9;2020-12-27;0;0;0;0;0;0;0;0;0;0;0;0;0;0;0;0;0;0
FR;9;2020-12-28;0;0;0;0;0;0;0;0;0;0;0;0;0;0;0;0;0;0
FR;9;2020-12-29;0;0;0;0;0;0;0;0;0;0;0;0;0;0;0;0;0;0
FR;9;2020-12-30;0;0;0;0;0;0;0;0;0;0;0;0;0;0;0;0;0;0
FR;9;2020-12-31;0;0;0;0;0;0;0;0;0;0;0;0;0;0;0;0;0;0
FR;9;2021-01-01;0;0;0;0;0;0;0;0;0;0;0;0;0;0;0;0;0;0
FR;9;2021-01-02;0;0;0;0;0;0;0;0;0;0;0;0;0;0;0;0;0;0
FR;9;2021-01-03;0;0;0;0;0;0;0;0;0;0;0;0;0;0;0;0;0;0
FR;9;2021-01-04;0;0;0;0;0;0;0;0;0;0;0;0;0;0;0;0;0;0
FR;9;2021-01-05;0;0;0;0;0;0;0;0;0;0;0;0;0;0;0;0;0;0
FR;9;2021-01-06;0;0;0;0;0;0;0;0;0;0;0;0;0;0;0;0;0;0
FR;9;2021-01-07;0;0;0;0;0;0;0;0;0;0;0;0;0;0;0;0;0;0
FR;9;2021-01-08;0;0;0;0;0;0;0;0;0;0;0;0;0;0;0;0;0;0
FR;9;2021-01-09;0;0;0;0;0;0;0;0;0;0;0;0;0;0;0;0;0;0
FR;9;2021-01-10;0;0;0;0;0;0;0;0;0;0;0;0;0;0;0;0;0;0
FR;9;2021-01-11;0;0;0;0;0;0;0;0;0;0;0;0;0;0;0;0;0;0
FR;9;2021-01-12;0;0;0;0;0;0;0;0;0;0;0;0;0;0;0;0;0;0
FR;9;2021-01-13;0;0;0;0;0;0;0;0;0;0;0;0;0;0;0;0;0;0
FR;9;2021-01-14;0;0;0;0;0;0;0;0;0;0;0;0;0;0;0;0;0;0
FR;9;2021-01-15;0;0;0;0;0;0;0;0;0;0;0;0;0;0;0;0;0;0
FR;9;2021-01-16;0;0;0;0;0;0;0;0;0;0;0;0;0;0;0;0;0;0
FR;9;2021-01-17;0;0;0;0;0;0;0;0;0;0;0;0;0;0;0;0;0;0
FR;9;2021-01-18;0;0;0;0;0;0;0;0;0;0;0;0;0;0;0;0;0;0
FR;9;2021-01-19;0;0;0;0;0;0;0;0;0;0;0;0;0;0;0;0;0;0
FR;9;2021-01-20;0;0;0;0;0;0;0;0;0;0;0;0;0;0;0;0;0;0
FR;9;2021-01-21;0;0;0;0;0;0;0;0;0;0;0;0;0;0;0;0;0;0
FR;9;2021-01-22;0;0;0;0;0;0;0;0;0;0;0;0;0;0;0;0;0;0
FR;9;2021-01-23;0;0;0;0;0;0;0;0;0;0;0;0;0;0;0;0;0;0
FR;9;2021-01-24;0;0;0;0;0;0;0;0;0;0;0;0;0;0;0;0;0;0
FR;9;2021-01-25;0;0;0;0;0;0;0;0;0;0;0;0;0;0;0;0;0;0
FR;9;2021-01-26;0;0;0;0;0;0;0;0;0;0;0;0;0;0;0;0;0;0
FR;9;2021-01-27;0;0;0;0;0;0;0;0;0;0;0;0;0;0;0;0;0;0
FR;9;2021-01-28;0;0;0;0;0;0;0;0;0;0;0;0;0;0;0;0;0;0
FR;9;2021-01-29;0;0;0;0;0;0;0;0;0;0;0;0;0;0;0;0;0;0
FR;9;2021-01-30;0;0;0;0;0;0;0;0;0;0;0;0;0;0;0;0;0;0
FR;9;2021-01-31;0;0;0;0;0;0;0;0;0;0;0;0;0;0;0;0;0;0
FR;9;2021-02-01;0;0;0;0;0;0;0;0;0;0;0;0;0;0;0;0;0;0
FR;9;2021-02-02;0;0;0;0;0;0;0;0;0;0;0;0;0;0;0;0;0;0
FR;9;2021-02-03;0;0;0;0;0;0;0;0;0;0;0;0;0;0;0;0;0;0
FR;9;2021-02-04;0;0;0;0;0;0;0;0;0;0;0;0;0;0;0;0;0;0
FR;9;2021-02-05;0;0;0;0;0;0;0;0;0;0;0;0;0;0;0;0;0;0
FR;9;2021-02-06;0;0;0;0;0;0;0;0;0;0;0;0;0;0;0;0;0;0
FR;9;2021-02-07;0;0;0;0;0;0;0;0;0;0;0;0;0;0;0;0;0;0
FR;9;2021-02-08;0;0;0;0;0;0;0;0;0;0;0;0;0;0;0;0;0;0
FR;9;2021-02-09;0;0;0;0;0;0;0;0;0;0;0;0;0;0;0;0;0;0
FR;9;2021-02-10;0;0;0;0;0;0;0;0;0;0;0;0;0;0;0;0;0;0
FR;9;2021-02-11;0;0;0;0;0;0;0;0;0;0;0;0;0;0;0;0;0;0
FR;9;2021-02-12;0;0;0;0;0;0;0;0;0;0;0;0;0;0;0;0;0;0
FR;9;2021-02-13;0;0;0;0;0;0;0;0;0;0;0;0;0;0;0;0;0;0
FR;9;2021-02-14;0;0;0;0;0;0;0;0;0;0;0;0;0;0;0;0;0;0
FR;9;2021-02-15;0;0;0;0;0;0;0;0;0;0;0;0;0;0;0;0;0;0
FR;9;2021-02-16;0;0;0;0;0;0;0;0;0;0;0;0;0;0;0;0;0;0
FR;9;2021-02-17;0;0;0;0;0;0;0;0;0;0;0;0;0;0;0;0;0;0
FR;9;2021-02-18;0;0;0;0;0;0;0;0;0;0;0;0;0;0;0;0;0;0
FR;9;2021-02-19;0;0;0;0;0;0;0;0;0;0;0;0;0;0;0;0;0;0
FR;9;2021-02-20;0;0;0;0;0;0;0;0;0;0;0;0;0;0;0;0;0;0
FR;9;2021-02-21;0;0;0;0;0;0;0;0;0;0;0;0;0;0;0;0;0;0
FR;9;2021-02-22;0;0;0;0;0;0;0;0;0;0;0;0;0;0;0;0;0;0
FR;9;2021-02-23;0;0;0;0;0;0;0;0;0;0;0;0;0;0;0;0;0;0
FR;9;2021-02-24;0;0;0;0;0;0;0;0;0;0;0;0;0;0;0;0;0;0
FR;9;2021-02-25;0;0;0;0;0;0;0;0;0;0;0;0;0;0;0;0;0;0
FR;9;2021-02-26;0;0;0;0;0;0;0;0;0;0;0;0;0;0;0;0;0;0
FR;9;2021-02-27;0;0;0;0;0;0;0;0;0;0;0;0;0;0;0;0;0;0
FR;9;2021-02-28;0;0;0;0;0;0;0;0;0;0;0;0;0;0;0;0;0;0
FR;9;2021-03-01;0;0;0;0;0;0;0;0;0;0;0;0;0;0;0;0;0;0
FR;9;2021-03-02;0;0;0;0;0;0;0;0;0;0;0;0;0;0;0;0;0;0
FR;9;2021-03-03;0;0;0;0;0;0;0;0;0;0;0;0;0;0;0;0;0;0
FR;9;2021-03-04;0;0;0;0;0;0;0;0;0;0;0;0;0;0;0;0;0;0
FR;9;2021-03-05;0;0;0;0;0;0;0;0;0;0;0;0;0;0;0;0;0;0
FR;9;2021-03-06;0;0;0;0;0;0;0;0;0;0;0;0;0;0;0;0;0;0
FR;9;2021-03-07;0;0;0;0;0;0;0;0;0;0;0;0;0;0;0;0;0;0
FR;9;2021-03-08;0;0;0;0;0;0;0;0;0;0;0;0;0;0;0;0;0;0
FR;9;2021-03-09;0;0;0;0;0;0;0;0;0;0;0;0;0;0;0;0;0;0
FR;9;2021-03-10;0;0;0;0;0;0;0;0;0;0;0;0;0;0;0;0;0;0
FR;9;2021-03-11;0;0;0;0;0;0;0;0;0;0;0;0;0;0;0;0;0;0
FR;9;2021-03-12;0;0;0;0;0;0;0;0;0;0;0;0;0;0;0;0;0;0
FR;9;2021-03-13;0;0;0;0;0;0;0;0;0;0;0;0;0;0;0;0;0;0
FR;9;2021-03-14;0;0;0;0;0;0;0;0;0;0;0;0;0;0;0;0;0;0
FR;9;2021-03-15;0;0;0;0;0;0;0;0;0;0;0;0;0;0;0;0;0;0
FR;9;2021-03-16;0;0;0;0;0;0;0;0;0;0;0;0;0;0;0;0;0;0
FR;9;2021-03-17;0;0;0;0;0;0;0;0;0;0;0;0;0;0;0;0;0;0
FR;9;2021-03-18;0;0;0;0;0;0;0;0;0;0;0;0;0;0;0;0;0;0
FR;9;2021-03-19;0;0;0;0;0;0;0;0;0;0;0;0;0;0;0;0;0;0
FR;9;2021-03-20;0;0;0;0;0;0;0;0;0;0;0;0;0;0;0;0;0;0
FR;9;2021-03-21;0;0;0;0;0;0;0;0;0;0;0;0;0;0;0;0;0;0
FR;9;2021-03-22;0;0;0;0;0;0;0;0;0;0;0;0;0;0;0;0;0;0
FR;9;2021-03-23;0;0;0;0;0;0;0;0;0;0;0;0;0;0;0;0;0;0
FR;9;2021-03-24;0;0;0;0;0;0;0;0;0;0;0;0;0;0;0;0;0;0
FR;9;2021-03-25;0;0;0;0;0;0;0;0;0;0;0;0;0;0;0;0;0;0
FR;9;2021-03-26;0;0;0;0;0;0;0;0;0;0;0;0;0;0;0;0;0;0
FR;9;2021-03-27;0;0;0;0;0;0;0;0;0;0;0;0;0;0;0;0;0;0
FR;9;2021-03-28;0;0;0;0;0;0;0;0;0;0;0;0;0;0;0;0;0;0
FR;9;2021-03-29;0;0;0;0;0;0;0;0;0;0;0;0;0;0;0;0;0;0
FR;9;2021-03-30;0;0;0;0;0;0;0;0;0;0;0;0;0;0;0;0;0;0
FR;9;2021-03-31;0;0;0;0;0;0;0;0;0;0;0;0;0;0;0;0;0;0
FR;9;2021-04-01;0;0;0;0;0;0;0;0;0;0;0;0;0;0;0;0;0;0
FR;9;2021-04-02;0;0;0;0;0;0;0;0;0;0;0;0;0;0;0;0;0;0
FR;9;2021-04-03;0;0;0;0;0;0;0;0;0;0;0;0;0;0;0;0;0;0
FR;9;2021-04-04;0;0;0;0;0;0;0;0;0;0;0;0;0;0;0;0;0;0
FR;9;2021-04-05;0;0;0;0;0;0;0;0;0;0;0;0;0;0;0;0;0;0
FR;9;2021-04-06;0;0;0;0;0;0;0;0;0;0;0;0;0;0;0;0;0;0
FR;9;2021-04-07;0;0;0;0;0;0;0;0;0;0;0;0;0;0;0;0;0;0
FR;9;2021-04-08;0;0;0;0;0;0;0;0;0;0;0;0;0;0;0;0;0;0
FR;9;2021-04-09;0;0;0;0;0;0;0;0;0;0;0;0;0;0;0;0;0;0
FR;9;2021-04-10;0;0;0;0;0;0;0;0;0;0;0;0;0;0;0;0;0;0
FR;9;2021-04-11;0;0;0;0;0;0;0;0;0;0;0;0;0;0;0;0;0;0
FR;9;2021-04-12;0;0;0;0;0;0;0;0;0;0;0;0;0;0;0;0;0;0
FR;9;2021-04-13;0;0;0;0;0;0;0;0;0;0;0;0;0;0;0;0;0;0
FR;9;2021-04-14;0;0;0;0;0;0;0;0;0;0;0;0;0;0;0;0;0;0
FR;9;2021-04-15;0;0;0;0;0;0;0;0;0;0;0;0;0;0;0;0;0;0
FR;9;2021-04-16;0;0;0;0;0;0;0;0;0;0;0;0;0;0;0;0;0;0
FR;9;2021-04-17;0;0;0;0;0;0;0;0;0;0;0;0;0;0;0;0;0;0
FR;9;2021-04-18;0;0;0;0;0;0;0;0;0;0;0;0;0;0;0;0;0;0
FR;9;2021-04-19;0;0;0;0;0;0;0;0;0;0;0;0;0;0;0;0;0;0
FR;9;2021-04-20;0;0;0;0;0;0;0;0;0;0;0;0;0;0;0;0;0;0
FR;9;2021-04-21;0;0;0;0;0;0;0;0;0;0;0;0;0;0;0;0;0;0
FR;9;2021-04-22;0;0;0;0;0;0;0;0;0;0;0;0;0;0;0;0;0;0
FR;9;2021-04-23;0;0;0;0;0;0;0;0;0;0;0;0;0;0;0;0;0;0
FR;9;2021-04-24;0;0;0;0;0;0;0;0;0;0;0;0;0;0;0;0;0;0
FR;9;2021-04-25;0;0;0;0;0;0;0;0;0;0;0;0;0;0;0;0;0;0
FR;9;2021-04-26;0;0;0;0;0;0;0;0;0;0;0;0;0;0;0;0;0;0
FR;9;2021-04-27;0;0;0;0;0;0;0;0;0;0;0;0;0;0;0;0;0;0
FR;9;2021-04-28;0;0;0;0;0;0;0;0;0;0;0;0;0;0;0;0;0;0
FR;9;2021-04-29;0;0;0;0;0;0;0;0;0;0;0;0;0;0;0;0;0;0
FR;9;2021-04-30;0;0;0;0;0;0;0;0;0;0;0;0;0;0;0;0;0;0
FR;9;2021-05-01;0;0;0;0;0;0;0;0;0;0;0;0;0;0;0;0;0;0
FR;9;2021-05-02;0;0;0;0;0;0;0;0;0;0;0;0;0;0;0;0;0;0
FR;9;2021-05-03;0;0;0;0;0;0;0;0;0;0;0;0;0;0;0;0;0;0
FR;9;2021-05-04;0;0;0;0;0;0;0;0;0;0;0;0;0;0;0;0;0;0
FR;9;2021-05-05;0;0;0;0;0;0;0;0;0;0;0;0;0;0;0;0;0;0
FR;9;2021-05-06;0;0;0;0;0;0;0;0;0;0;0;0;0;0;0;0;0;0
FR;9;2021-05-07;0;0;0;0;0;0;0;0;0;0;0;0;0;0;0;0;0;0
FR;9;2021-05-08;0;0;0;0;0;0;0;0;0;0;0;0;0;0;0;0;0;0
FR;9;2021-05-09;0;0;0;0;0;0;0;0;0;0;0;0;0;0;0;0;0;0
FR;9;2021-05-10;0;0;0;0;0;0;0;0;0;0;0;0;0;0;0;0;0;0
FR;9;2021-05-11;0;0;0;0;0;0;0;0;0;0;0;0;0;0;0;0;0;0
FR;9;2021-05-12;0;0;0;0;0;0;0;0;0;0;0;0;0;0;0;0;0;0
FR;9;2021-05-13;0;0;0;0;0;0;0;0;0;0;0;0;0;0;0;0;0;0
FR;9;2021-05-14;0;0;0;0;0;0;0;0;0;0;0;0;0;0;0;0;0;0
FR;9;2021-05-15;0;0;0;0;0;0;0;0;0;0;0;0;0;0;0;0;0;0
FR;9;2021-05-16;0;0;0;0;0;0;0;0;0;0;0;0;0;0;0;0;0;0
FR;9;2021-05-17;0;0;0;0;0;0;0;0;0;0;0;0;0;0;0;0;0;0
FR;9;2021-05-18;0;0;0;0;0;0;0;0;0;0;0;0;0;0;0;0;0;0
FR;9;2021-05-19;0;0;0;0;0;0;0;0;0;0;0;0;0;0;0;0;0;0
FR;9;2021-05-20;0;0;0;0;0;0;0;0;0;0;0;0;0;0;0;0;0;0
FR;9;2021-05-21;0;0;0;0;0;0;0;0;0;0;0;0;0;0;0;0;0;0
FR;9;2021-05-22;0;0;0;0;0;0;0;0;0;0;0;0;0;0;0;0;0;0
FR;9;2021-05-23;0;0;0;0;0;0;0;0;0;0;0;0;0;0;0;0;0;0
FR;9;2021-05-24;0;0;0;0;0;0;0;0;0;0;0;0;0;0;0;0;0;0
FR;9;2021-05-25;0;0;0;0;0;0;0;0;0;0;0;0;0;0;0;0;0;0
FR;9;2021-05-26;0;0;0;0;0;0;0;0;0;0;0;0;0;0;0;0;0;0
FR;9;2021-05-27;0;0;0;0;0;0;0;0;0;0;0;0;0;0;0;0;0;0
FR;9;2021-05-28;0;0;0;0;0;0;0;0;0;0;0;0;0;0;0;0;0;0
FR;9;2021-05-29;0;0;0;0;0;0;0;0;0;0;0;0;0;0;0;0;0;0
FR;9;2021-05-30;0;0;0;0;0;0;0;0;0;0;0;0;0;0;0;0;0;0
FR;9;2021-05-31;0;0;0;0;0;0;0;0;0;0;0;0;0;0;0;0;0;0
FR;9;2021-06-01;0;0;0;0;0;0;0;0;0;0;0;0;0;0;0;0;0;0
FR;9;2021-06-02;0;0;0;0;0;0;0;0;0;0;0;0;0;0;0;0;0;0
FR;9;2021-06-03;0;0;0;0;0;0;0;0;0;0;0;0;0;0;0;0;0;0
FR;9;2021-06-04;0;0;0;0;0;0;0;0;0;0;0;0;0;0;0;0;0;0
FR;9;2021-06-05;0;0;0;0;0;0;0;0;0;0;0;0;0;0;0;0;0;0
FR;9;2021-06-06;0;0;0;0;0;0;0;0;0;0;0;0;0;0;0;0;0;0
FR;9;2021-06-07;0;0;0;0;0;0;0;0;0;0;0;0;0;0;0;0;0;0
FR;9;2021-06-08;0;0;0;0;0;0;0;0;0;0;0;0;0;0;0;0;0;0
FR;9;2021-06-09;0;0;0;0;0;0;0;0;0;0;0;0;0;0;0;0;0;0
FR;9;2021-06-10;0;0;0;0;0;0;0;0;0;0;0;0;0;0;0;0;0;0
FR;9;2021-06-11;0;0;0;0;0;0;0;0;0;0;0;0;0;0;0;0;0;0
FR;9;2021-06-12;0;0;0;0;0;0;0;0;0;0;0;0;0;0;0;0;0;0
FR;9;2021-06-13;0;0;0;0;0;0;0;0;0;0;0;0;0;0;0;0;0;0
FR;9;2021-06-14;0;0;0;0;0;0;0;0;0;0;0;0;0;0;0;0;0;0
FR;9;2021-06-15;0;0;0;0;0;0;0;0;0;0;0;0;0;0;0;0;0;0
FR;9;2021-06-16;0;0;0;0;0;0;0;0;0;0;0;0;0;0;0;0;0;0
FR;9;2021-06-17;0;0;0;0;0;0;0;0;0;0;0;0;0;0;0;0;0;0
FR;9;2021-06-18;0;0;0;0;0;0;0;0;0;0;0;0;0;0;0;0;0;0
FR;9;2021-06-19;0;0;0;0;0;0;0;0;0;0;0;0;0;0;0;0;0;0
FR;9;2021-06-20;0;0;0;0;0;0;0;0;0;0;0;0;0;0;0;0;0;0
FR;9;2021-06-21;0;0;0;0;0;0;0;0;0;0;0;0;0;0;0;0;0;0
FR;9;2021-06-22;0;0;0;0;0;0;0;0;0;0;0;0;0;0;0;0;0;0
FR;9;2021-06-23;0;0;0;0;0;0;0;0;0;0;0;0;0;0;0;0;0;0
FR;9;2021-06-24;0;0;0;0;0;0;0;0;0;0;0;0;0;0;0;0;0;0
FR;9;2021-06-25;0;0;0;0;0;0;0;0;0;0;0;0;0;0;0;0;0;0
FR;9;2021-06-26;0;0;0;0;0;0;0;0;0;0;0;0;0;0;0;0;0;0
FR;9;2021-06-27;0;0;0;0;0;0;0;0;0;0;0;0;0;0;0;0;0;0
FR;9;2021-06-28;0;0;0;0;0;0;0;0;0;0;0;0;0;0;0;0;0;0
FR;9;2021-06-29;0;0;0;0;0;0;0;0;0;0;0;0;0;0;0;0;0;0
FR;9;2021-06-30;0;0;0;0;0;0;0;0;0;0;0;0;0;0;0;0;0;0
FR;9;2021-07-01;0;0;0;0;0;0;0;0;0;0;0;0;0;0;0;0;0;0
FR;9;2021-07-02;0;0;0;0;0;0;0;0;0;0;0;0;0;0;0;0;0;0
FR;9;2021-07-03;0;0;0;0;0;0;0;0;0;0;0;0;0;0;0;0;0;0
FR;9;2021-07-04;0;0;0;0;0;0;0;0;0;0;0;0;0;0;0;0;0;0
FR;9;2021-07-05;0;0;0;0;0;0;0;0;0;0;0;0;0;0;0;0;0;0
FR;9;2021-07-06;0;0;0;0;0;0;0;0;0;0;0;0;0;0;0;0;0;0
FR;9;2021-07-07;0;0;0;0;0;0;0;0;0;0;0;0;0;0;0;0;0;0
FR;9;2021-07-08;0;0;0;0;0;0;0;0;0;0;0;0;0;0;0;0;0;0
FR;9;2021-07-09;0;0;0;0;0;0;0;0;0;0;0;0;0;0;0;0;0;0
FR;9;2021-07-10;0;0;0;0;0;0;0;0;0;0;0;0;0;0;0;0;0;0
FR;9;2021-07-11;0;0;0;0;0;0;0;0;0;0;0;0;0;0;0;0;0;0
FR;9;2021-07-12;0;0;0;0;0;0;0;0;0;0;0;0;0;0;0;0;0;0
FR;9;2021-07-13;0;0;0;0;0;0;0;0;0;0;0;0;0;0;0;0;0;0
FR;9;2021-07-14;0;0;0;0;0;0;0;0;0;0;0;0;0;0;0;0;0;0
FR;9;2021-07-15;0;0;0;0;0;0;0;0;0;0;0;0;0;0;0;0;0;0
FR;9;2021-07-16;0;0;0;0;0;0;0;0;0;0;0;0;0;0;0;0;0;0
FR;9;2021-07-17;0;0;0;0;0;0;0;0;0;0;0;0;0;0;0;0;0;0
FR;9;2021-07-18;0;0;0;0;0;0;0;0;0;0;0;0;0;0;0;0;0;0
FR;9;2021-07-19;0;0;0;0;0;0;0;0;0;0;0;0;0;0;0;0;0;0
FR;9;2021-07-20;0;0;0;0;0;0;0;0;0;0;0;0;0;0;0;0;0;0
FR;9;2021-07-21;0;0;0;0;0;0;0;0;0;0;0;0;0;0;0;0;0;0
FR;9;2021-07-22;0;0;0;0;0;0;0;0;0;0;0;0;0;0;0;0;0;0
FR;9;2021-07-23;0;0;0;0;0;0;0;0;0;0;0;0;0;0;0;0;0;0
FR;9;2021-07-24;0;0;0;0;0;0;0;0;0;0;0;0;0;0;0;0;0;0
FR;9;2021-07-25;0;0;0;0;0;0;0;0;0;0;0;0;0;0;0;0;0;0
FR;9;2021-07-26;0;0;0;0;0;0;0;0;0;0;0;0;0;0;0;0;0;0
FR;9;2021-07-27;0;0;0;0;0;0;0;0;0;0;0;0;0;0;0;0;0;0
FR;9;2021-07-28;0;0;0;0;0;0;0;0;0;0;0;0;0;0;0;0;0;0
FR;9;2021-07-29;0;0;0;0;0;0;0;0;0;0;0;0;0;0;0;0;0;0
FR;9;2021-07-30;0;0;0;0;0;0;0;0;0;0;0;0;0;0;0;0;0;0
FR;9;2021-07-31;0;0;0;0;0;0;0;0;0;0;0;0;0;0;0;0;0;0
FR;9;2021-08-01;0;0;0;0;0;0;0;0;0;0;0;0;0;0;0;0;0;0
FR;9;2021-08-02;0;0;0;0;0;0;0;0;0;0;0;0;0;0;0;0;0;0
FR;9;2021-08-03;0;0;0;0;0;0;0;0;0;0;0;0;0;0;0;0;0;0
FR;9;2021-08-04;0;0;0;0;0;0;0;0;0;0;0;0;0;0;0;0;0;0
FR;9;2021-08-05;0;0;0;0;0;0;0;0;0;0;0;0;0;0;0;0;0;0
FR;9;2021-08-06;0;0;0;0;0;0;0;0;0;0;0;0;0;0;0;0;0;0
FR;9;2021-08-07;0;0;0;0;0;0;0;0;0;0;0;0;0;0;0;0;0;0
FR;9;2021-08-08;0;0;0;0;0;0;0;0;0;0;0;0;0;0;0;0;0;0
FR;9;2021-08-09;0;0;0;0;0;0;0;0;0;0;0;0;0;0;0;0;0;0
FR;9;2021-08-10;0;0;0;0;0;0;0;0;0;0;0;0;0;0;0;0;0;0
FR;9;2021-08-11;0;0;0;0;0;0;0;0;0;0;0;0;0;0;0;0;0;0
FR;9;2021-08-12;0;0;0;0;0;0;0;0;0;0;0;0;0;0;0;0;0;0
FR;9;2021-08-13;0;0;0;0;0;0;0;0;0;0;0;0;0;0;0;0;0;0
FR;9;2021-08-14;0;0;0;0;0;0;0;0;0;0;0;0;0;0;0;0;0;0
FR;9;2021-08-15;0;0;0;0;0;0;0;0;0;0;0;0;0;0;0;0;0;0
FR;9;2021-08-16;0;0;0;0;0;0;0;0;0;0;0;0;0;0;0;0;0;0
FR;9;2021-08-17;0;0;0;0;0;0;0;0;0;0;0;0;0;0;0;0;0;0
FR;9;2021-08-18;0;0;0;0;0;0;0;0;0;0;0;0;0;0;0;0;0;0
FR;9;2021-08-19;0;0;0;0;0;0;0;0;0;0;0;0;0;0;0;0;0;0
FR;9;2021-08-20;0;0;0;0;0;0;0;0;0;0;0;0;0;0;0;0;0;0
FR;9;2021-08-21;0;0;0;0;0;0;0;0;0;0;0;0;0;0;0;0;0;0
FR;9;2021-08-22;0;0;0;0;0;0;0;0;0;0;0;0;0;0;0;0;0;0
FR;9;2021-08-23;0;0;0;0;0;0;0;0;0;0;0;0;0;0;0;0;0;0
FR;9;2021-08-24;0;0;0;0;0;0;0;0;0;0;0;0;0;0;0;0;0;0
FR;9;2021-08-25;0;0;0;0;0;0;0;0;0;0;0;0;0;0;0;0;0;0
FR;9;2021-08-26;0;0;0;0;0;0;0;0;0;0;0;0;0;0;0;0;0;0
FR;9;2021-08-27;0;0;0;0;0;0;0;0;0;0;0;0;0;0;0;0;0;0
FR;9;2021-08-28;0;0;0;0;0;0;0;0;0;0;0;0;0;0;0;0;0;0
FR;9;2021-08-29;0;0;0;0;0;0;0;0;0;0;0;0;0;0;0;0;0;0
FR;9;2021-08-30;0;0;0;0;0;0;0;0;0;0;0;0;0;0;0;0;0;0
FR;9;2021-08-31;0;0;0;0;0;0;0;0;0;0;0;0;0;0;0;0;0;0
FR;9;2021-09-01;0;0;0;0;0;0;0;0;0;0;0;0;0;0;0;0;0;0
FR;9;2021-09-02;0;0;0;0;0;0;0;0;0;0;0;0;0;0;0;0;0;0
FR;9;2021-09-03;0;0;0;0;0;0;0;0;0;0;0;0;0;0;0;0;0;0
FR;9;2021-09-04;0;0;0;0;0;0;0;0;0;0;0;0;0;0;0;0;0;0
FR;9;2021-09-05;0;0;0;0;0;0;0;0;0;0;0;0;0;0;0;0;0;0
FR;9;2021-09-06;0;0;0;0;0;0;0;0;0;0;0;0;0;0;0;0;0;0
FR;9;2021-09-07;0;0;0;0;0;0;0;0;0;0;0;0;0;0;0;0;0;0
FR;9;2021-09-08;0;0;0;0;0;0;0;0;0;0;0;0;0;0;0;0;0;0
FR;9;2021-09-09;0;0;0;0;0;0;0;0;0;0;0;0;0;0;0;0;0;0
FR;9;2021-09-10;0;0;0;0;0;0;0;0;0;0;0;0;0;0;0;0;0;0
FR;9;2021-09-11;0;0;0;0;0;0;0;0;0;0;0;0;0;0;0;0;0;0
FR;9;2021-09-12;0;0;0;0;0;0;0;0;0;0;0;0;0;0;0;0;0;0
FR;9;2021-09-13;0;0;0;0;0;0;0;0;0;0;0;0;0;0;0;0;0;0
FR;9;2021-09-14;0;0;0;0;0;0;0;0;0;0;0;0;0;0;0;0;0;0
FR;9;2021-09-15;0;0;0;0;0;0;0;0;0;0;0;0;0;0;0;0;0;0
FR;9;2021-09-16;0;0;0;0;0;0;0;0;0;0;0;0;0;0;0;0;0;0
FR;9;2021-09-17;0;0;0;0;0;0;0;0;0;0;0;0;0;0;0;0;0;0
FR;9;2021-09-18;0;0;0;0;0;0;0;0;0;0;0;0;0;0;0;0;0;0
FR;9;2021-09-19;0;0;0;0;0;0;0;0;0;0;0;0;0;0;0;0;0;0
FR;9;2021-09-20;0;0;0;0;0;0;0;0;0;0;0;0;0;0;0;0;0;0
FR;9;2021-09-21;0;0;0;0;0;0;0;0;0;0;0;0;0;0;0;0;0;0
FR;9;2021-09-22;0;0;0;0;0;0;0;0;0;0;0;0;0;0;0;0;0;0
FR;9;2021-09-23;0;0;0;0;0;0;0;0;0;0;0;0;0;0;0;0;0;0
FR;9;2021-09-24;0;0;0;0;0;0;0;0;0;0;0;0;0;0;0;0;0;0
FR;9;2021-09-25;0;0;0;0;0;0;0;0;0;0;0;0;0;0;0;0;0;0
FR;9;2021-09-26;0;0;0;0;0;0;0;0;0;0;0;0;0;0;0;0;0;0
FR;9;2021-09-27;0;0;0;0;0;0;0;0;0;0;0;0;0;0;0;0;0;0
FR;9;2021-09-28;0;0;0;0;0;0;0;0;0;0;0;0;0;0;0;0;0;0
FR;9;2021-09-29;0;0;0;0;0;0;0;0;0;0;0;0;0;0;0;0;0;0
FR;9;2021-09-30;0;0;0;0;0;0;0;0;0;0;0;0;0;0;0;0;0;0
FR;9;2021-10-01;0;0;0;0;0;0;0;0;0;0;0;0;0;0;0;0;0;0
FR;9;2021-10-02;0;0;0;0;0;0;0;0;0;0;0;0;0;0;0;0;0;0
FR;9;2021-10-03;0;0;0;0;0;0;0;0;0;0;0;0;0;0;0;0;0;0
FR;9;2021-10-04;0;0;0;0;0;0;0;0;0;0;0;0;0;0;0;0;0;0
FR;9;2021-10-05;0;0;0;0;0;0;0;0;0;0;0;0;0;0;0;0;0;0
FR;9;2021-10-06;0;0;0;0;0;0;0;0;0;0;0;0;0;0;0;0;0;0
FR;9;2021-10-07;0;0;0;0;0;0;0;0;0;0;0;0;0;0;0;0;0;0
FR;9;2021-10-08;0;0;0;0;0;0;0;0;0;0;0;0;0;0;0;0;0;0
FR;9;2021-10-09;0;0;0;0;0;0;0;0;0;0;0;0;0;0;0;0;0;0
FR;9;2021-10-10;0;0;0;0;0;0;0;0;0;0;0;0;0;0;0;0;0;0
FR;9;2021-10-11;0;0;0;0;0;0;0;0;0;0;0;0;0;0;0;0;0;0
FR;9;2021-10-12;0;0;0;0;0;0;0;0;0;0;0;0;0;0;0;0;0;0
FR;9;2021-10-13;0;0;0;0;0;0;0;0;0;0;0;0;0;0;0;0;0;0
FR;9;2021-10-14;0;0;0;0;0;0;0;0;0;0;0;0;0;0;0;0;0;0
FR;9;2021-10-15;0;0;0;0;0;0;0;0;0;0;0;0;0;0;0;0;0;0
FR;9;2021-10-16;0;0;0;0;0;0;0;0;0;0;0;0;0;0;0;0;0;0
FR;9;2021-10-17;0;0;0;0;0;0;0;0;0;0;0;0;0;0;0;0;0;0
FR;9;2021-10-18;0;0;0;0;0;0;0;0;0;0;0;0;0;0;0;0;0;0
FR;9;2021-10-19;0;0;0;0;0;0;0;0;0;0;0;0;0;0;0;0;0;0
FR;9;2021-10-20;0;0;0;0;0;0;0;0;0;0;0;0;0;0;0;0;0;0
FR;9;2021-10-21;0;0;0;0;0;0;0;0;0;0;0;0;0;0;0;0;0;0
FR;9;2021-10-22;0;0;0;0;0;0;0;0;0;0;0;0;0;0;0;0;0;0
FR;9;2021-10-23;0;0;0;0;0;0;0;0;0;0;0;0;0;0;0;0;0;0
FR;9;2021-10-24;0;0;0;0;0;0;0;0;0;0;0;0;0;0;0;0;0;0
FR;9;2021-10-25;0;0;0;0;0;0;0;0;0;0;0;0;0;0;0;0;0;0
FR;9;2021-10-26;0;0;0;0;0;0;0;0;0;0;0;0;0;0;0;0;0;0
FR;9;2021-10-27;0;0;0;0;0;0;0;0;0;0;0;0;0;0;0;0;0;0
FR;9;2021-10-28;0;0;0;0;0;0;0;0;0;0;0;0;0;0;0;0;0;0
FR;9;2021-10-29;0;0;0;0;0;0;0;0;0;0;0;0;0;0;0;0;0;0
FR;9;2021-10-30;0;0;0;0;0;0;0;0;0;0;0;0;0;0;0;0;0;0
FR;9;2021-10-31;0;0;0;0;0;0;0;0;0;0;0;0;0;0;0;0;0;0
FR;9;2021-11-01;0;0;0;0;0;0;0;0;0;0;0;0;0;0;0;0;0;0
FR;9;2021-11-02;0;0;0;0;0;0;0;0;0;0;0;0;0;0;0;0;0;0
FR;9;2021-11-03;0;0;0;0;0;0;0;0;0;0;0;0;0;0;0;0;0;0
FR;9;2021-11-04;0;0;0;0;0;0;0;0;0;0;0;0;0;0;0;0;0;0
FR;9;2021-11-05;0;0;0;0;0;0;0;0;0;0;0;0;0;0;0;0;0;0
FR;9;2021-11-06;0;0;0;0;0;0;0;0;0;0;0;0;0;0;0;0;0;0
FR;9;2021-11-07;0;0;0;0;0;0;0;0;0;0;0;0;0;0;0;0;0;0
FR;9;2021-11-08;0;0;0;0;0;0;0;0;0;0;0;0;0;0;0;0;0;0
FR;9;2021-11-09;0;0;0;0;0;0;0;0;0;0;0;0;0;0;0;0;0;0
FR;9;2021-11-10;0;0;0;0;0;0;0;0;0;0;0;0;0;0;0;0;0;0
FR;9;2021-11-11;0;0;0;0;0;0;0;0;0;0;0;0;0;0;0;0;0;0
FR;9;2021-11-12;0;0;0;0;0;0;0;0;0;0;0;0;0;0;0;0;0;0
FR;9;2021-11-13;0;0;0;0;0;0;0;0;0;0;0;0;0;0;0;0;0;0
FR;9;2021-11-14;0;0;0;0;0;0;0;0;0;0;0;0;0;0;0;0;0;0
FR;9;2021-11-15;0;0;0;0;0;0;0;0;0;0;0;0;0;0;0;0;0;0
FR;9;2021-11-16;0;0;0;0;0;0;0;0;0;0;0;0;0;0;0;0;0;0
FR;9;2021-11-17;0;0;0;0;0;0;0;0;0;0;0;0;0;0;0;0;0;0
FR;9;2021-11-18;0;0;0;0;0;0;0;0;0;0;0;0;0;0;0;0;0;0
FR;9;2021-11-19;0;0;0;0;0;0;0;0;0;0;0;0;0;0;0;0;0;0
FR;9;2021-11-20;0;0;0;0;0;0;0;0;0;0;0;0;0;0;0;0;0;0
FR;9;2021-11-21;0;0;0;0;0;0;0;0;0;0;0;0;0;0;0;0;0;0
FR;9;2021-11-22;0;0;0;0;0;0;0;0;0;0;0;0;0;0;0;0;0;0
FR;9;2021-11-23;0;0;0;0;0;0;0;0;0;0;0;0;0;0;0;0;0;0
FR;9;2021-11-24;0;0;0;0;0;0;0;0;0;0;0;0;0;0;0;0;0;0
FR;9;2021-11-25;0;0;0;0;0;0;0;0;0;0;0;0;0;0;0;0;0;0
FR;9;2021-11-26;0;0;0;0;0;0;0;0;0;0;0;0;0;0;0;0;0;0
FR;9;2021-11-27;0;0;0;0;0;0;0;0;0;0;0;0;0;0;0;0;0;0
FR;9;2021-11-28;0;0;0;0;0;0;0;0;0;0;0;0;0;0;0;0;0;0
FR;9;2021-11-29;0;0;0;0;0;0;0;0;0;0;0;0;0;0;0;0;0;0
FR;9;2021-11-30;0;0;0;0;0;0;0;0;0;0;0;0;0;0;0;0;0;0
FR;9;2021-12-01;0;0;0;0;0;0;0;0;0;0;0;0;0;0;0;0;0;0
FR;9;2021-12-02;0;0;0;0;0;0;0;0;0;0;0;0;0;0;0;0;0;0
FR;9;2021-12-03;0;0;0;0;0;0;0;0;0;0;0;0;0;0;0;0;0;0
FR;9;2021-12-04;0;0;0;0;0;0;0;0;0;0;0;0;0;0;0;0;0;0
FR;9;2021-12-05;0;0;0;0;0;0;0;0;0;0;0;0;0;0;0;0;0;0
FR;9;2021-12-06;0;0;0;0;0;0;0;0;0;0;0;0;0;0;0;0;0;0
FR;9;2021-12-07;0;0;0;0;0;0;0;0;0;0;0;0;0;0;0;0;0;0
FR;9;2021-12-08;0;0;0;0;0;0;0;0;0;0;0;0;0;0;0;0;0;0
FR;9;2021-12-09;0;0;0;0;0;0;0;0;0;0;0;0;0;0;0;0;0;0
FR;9;2021-12-10;0;0;0;0;0;0;0;0;0;0;0;0;0;0;0;0;0;0
FR;9;2021-12-11;0;0;0;0;0;0;0;0;0;0;0;0;0;0;0;0;0;0
FR;9;2021-12-12;0;0;0;0;0;0;0;0;0;0;0;0;0;0;0;0;0;0
FR;9;2021-12-13;0;0;0;0;0;0;0;0;0;0;0;0;0;0;0;0;0;0
FR;9;2021-12-14;0;0;0;0;0;0;0;0;0;0;0;0;0;0;0;0;0;0
FR;9;2021-12-15;0;0;0;0;0;0;0;0;0;0;0;0;0;0;0;0;0;0
FR;9;2021-12-16;0;0;0;0;0;0;0;0;0;0;0;0;0;0;0;0;0;0
FR;9;2021-12-17;0;0;0;0;0;0;0;0;0;0;0;0;0;0;0;0;0;0
FR;9;2021-12-18;0;0;0;0;0;0;0;0;0;0;0;0;0;0;0;0;0;0
FR;9;2021-12-19;0;0;0;0;0;0;0;0;0;0;0;0;0;0;0;0;0;0
FR;9;2021-12-20;0;0;0;0;0;0;0;0;0;0;0;0;0;0;0;0;0;0
FR;9;2021-12-21;0;0;0;0;0;0;0;0;0;0;0;0;0;0;0;0;0;0
FR;9;2021-12-22;0;0;0;0;0;0;0;0;0;0;0;0;0;0;0;0;0;0
FR;9;2021-12-23;0;0;0;0;0;0;0;0;0;0;0;0;0;0;0;0;0;0
FR;9;2021-12-24;0;0;0;0;0;0;0;0;0;0;0;0;0;0;0;0;0;0
FR;9;2021-12-25;0;0;0;0;0;0;0;0;0;0;0;0;0;0;0;0;0;0
FR;9;2021-12-26;0;0;0;0;0;0;0;0;0;0;0;0;0;0;0;0;0;0
FR;9;2021-12-27;0;0;0;0;0;0;0;0;0;0;0;0;0;0;0;0;0;0
FR;9;2021-12-28;0;0;0;0;0;0;0;0;0;0;0;0;0;0;0;0;0;0
FR;9;2021-12-29;0;0;0;0;0;0;0;0;0;0;0;0;0;0;0;0;0;0
FR;9;2021-12-30;0;0;0;0;0;0;0;0;0;0;0;0;0;0;0;0;0;0
FR;9;2021-12-31;0;0;0;0;0;0;0;0;0;0;0;0;0;0;0;0;0;0
FR;9;2022-01-01;0;0;0;0;0;0;0;0;0;0;0;0;0;0;0;0;0;0
FR;9;2022-01-02;0;0;0;0;0;0;0;0;0;0;0;0;0;0;0;0;0;0
FR;9;2022-01-03;0;0;0;0;0;0;0;0;0;0;0;0;0;0;0;0;0;0
FR;9;2022-01-04;0;0;0;0;0;0;0;0;0;0;0;0;0;0;0;0;0;0
FR;9;2022-01-05;0;0;0;0;0;0;0;0;0;0;0;0;0;0;0;0;0;0
FR;9;2022-01-06;0;0;0;0;0;0;0;0;0;0;0;0;0;0;0;0;0;0
FR;9;2022-01-07;0;0;0;0;0;0;0;0;0;0;0;0;0;0;0;0;0;0
FR;9;2022-01-08;0;0;0;0;0;0;0;0;0;0;0;0;0;0;0;0;0;0
FR;9;2022-01-09;0;0;0;0;0;0;0;0;0;0;0;0;0;0;0;0;0;0
FR;9;2022-01-10;0;0;0;0;0;0;0;0;0;0;0;0;0;0;0;0;0;0
FR;9;2022-01-11;0;0;0;0;0;0;0;0;0;0;0;0;0;0;0;0;0;0
FR;9;2022-01-12;0;0;0;0;0;0;0;0;0;0;0;0;0;0;0;0;0;0
FR;9;2022-01-13;0;0;0;0;0;0;0;0;0;0;0;0;0;0;0;0;0;0
FR;9;2022-01-14;0;0;0;0;0;0;0;0;0;0;0;0;0;0;0;0;0;0
FR;9;2022-01-15;0;0;0;0;0;0;0;0;0;0;0;0;0;0;0;0;0;0
FR;9;2022-01-16;0;0;0;0;0;0;0;0;0;0;0;0;0;0;0;0;0;0
FR;9;2022-01-17;0;0;0;0;0;0;0;0;0;0;0;0;0;0;0;0;0;0
FR;9;2022-01-18;0;0;0;0;0;0;0;0;0;0;0;0;0;0;0;0;0;0
FR;9;2022-01-19;0;0;0;0;0;0;0;0;0;0;0;0;0;0;0;0;0;0
FR;9;2022-01-20;0;0;0;0;0;0;0;0;0;0;0;0;0;0;0;0;0;0
FR;9;2022-01-21;0;0;0;0;0;0;0;0;0;0;0;0;0;0;0;0;0;0
FR;9;2022-01-22;0;0;0;0;0;0;0;0;0;0;0;0;0;0;0;0;0;0
FR;9;2022-01-23;0;0;0;0;0;0;0;0;0;0;0;0;0;0;0;0;0;0
FR;9;2022-01-24;0;0;0;0;0;0;0;0;0;0;0;0;0;0;0;0;0;0
FR;9;2022-01-25;0;0;0;0;0;0;0;0;0;0;0;0;0;0;0;0;0;0
FR;9;2022-01-26;0;0;0;0;0;0;0;0;0;0;0;0;0;0;0;0;0;0
FR;9;2022-01-27;0;0;0;0;0;0;0;0;0;0;0;0;0;0;0;0;0;0
FR;9;2022-01-28;0;0;0;0;0;0;0;0;0;0;0;0;0;0;0;0;0;0
FR;9;2022-01-29;0;0;0;0;0;0;0;0;0;0;0;0;0;0;0;0;0;0
FR;9;2022-01-30;0;0;0;0;0;0;0;0;0;0;0;0;0;0;0;0;0;0
FR;9;2022-01-31;0;0;0;0;0;0;0;0;0;0;0;0;0;0;0;0;0;0
FR;9;2022-02-01;0;0;0;0;0;0;0;0;0;0;0;0;0;0;0;0;0;0
FR;9;2022-02-02;0;0;0;0;0;0;0;0;0;0;0;0;0;0;0;0;0;0
FR;9;2022-02-03;0;0;0;0;0;0;0;0;0;0;0;0;0;0;0;0;0;0
FR;9;2022-02-04;0;0;0;0;0;0;0;0;0;0;0;0;0;0;0;0;0;0
FR;9;2022-02-05;0;0;0;0;0;0;0;0;0;0;0;0;0;0;0;0;0;0
FR;9;2022-02-06;0;0;0;0;0;0;0;0;0;0;0;0;0;0;0;0;0;0
FR;9;2022-02-07;0;0;0;0;0;0;0;0;0;0;0;0;0;0;0;0;0;0
FR;9;2022-02-08;0;0;0;0;0;0;0;0;0;0;0;0;0;0;0;0;0;0
FR;9;2022-02-09;0;0;0;0;0;0;0;0;0;0;0;0;0;0;0;0;0;0
FR;9;2022-02-10;0;0;0;0;0;0;0;0;0;0;0;0;0;0;0;0;0;0
FR;9;2022-02-11;0;0;0;0;0;0;0;0;0;0;0;0;0;0;0;0;0;0
FR;9;2022-02-12;0;0;0;0;0;0;0;0;0;0;0;0;0;0;0;0;0;0
FR;9;2022-02-13;0;0;0;0;0;0;0;0;0;0;0;0;0;0;0;0;0;0
FR;9;2022-02-14;0;0;0;0;0;0;0;0;0;0;0;0;0;0;0;0;0;0
FR;9;2022-02-15;0;0;0;0;0;0;0;0;0;0;0;0;0;0;0;0;0;0
FR;9;2022-02-16;0;0;0;0;0;0;0;0;0;0;0;0;0;0;0;0;0;0
FR;9;2022-02-17;0;0;0;0;0;0;0;0;0;0;0;0;0;0;0;0;0;0
FR;9;2022-02-18;0;0;0;0;0;0;0;0;0;0;0;0;0;0;0;0;0;0
FR;9;2022-02-19;0;0;0;0;0;0;0;0;0;0;0;0;0;0;0;0;0;0
FR;9;2022-02-20;0;0;0;0;0;0;0;0;0;0;0;0;0;0;0;0;0;0
FR;9;2022-02-21;0;0;0;0;0;0;0;0;0;0;0;0;0;0;0;0;0;0
FR;9;2022-02-22;0;0;0;0;0;0;0;0;0;0;0;0;0;0;0;0;0;0
FR;9;2022-02-23;0;0;0;0;0;0;0;0;0;0;0;0;0;0;0;0;0;0
FR;9;2022-02-24;0;0;0;0;0;0;0;0;0;0;0;0;0;0;0;0;0;0
FR;9;2022-02-25;0;0;0;0;0;0;0;0;0;0;0;0;0;0;0;0;0;0
FR;9;2022-02-26;0;0;0;0;0;0;0;0;0;0;0;0;0;0;0;0;0;0
FR;9;2022-02-27;0;0;0;0;0;0;0;0;0;0;0;0;0;0;0;0;0;0
FR;9;2022-02-28;0;0;0;0;0;0;0;0;0;0;0;0;0;0;0;0;0;0
FR;9;2022-03-01;0;0;0;0;0;0;0;0;0;0;0;0;0;0;0;0;0;0
FR;9;2022-03-02;0;0;0;0;0;0;0;0;0;0;0;0;0;0;0;0;0;0
FR;9;2022-03-03;0;0;0;0;0;0;0;0;0;0;0;0;0;0;0;0;0;0
FR;9;2022-03-04;0;0;0;0;0;0;0;0;0;0;0;0;0;0;0;0;0;0
FR;9;2022-03-05;0;0;0;0;0;0;0;0;0;0;0;0;0;0;0;0;0;0
FR;9;2022-03-06;0;0;0;0;0;0;0;0;0;0;0;0;0;0;0;0;0;0
FR;9;2022-03-07;0;0;0;0;0;0;0;0;0;0;0;0;0;0;0;0;0;0
FR;9;2022-03-08;0;0;0;0;0;0;0;0;0;0;0;0;0;0;0;0;0;0
FR;9;2022-03-09;0;0;0;0;0;0;0;0;0;0;0;0;0;0;0;0;0;0
FR;9;2022-03-10;0;0;0;0;0;0;0;0;0;0;0;0;0;0;0;0;0;0
FR;9;2022-03-11;0;0;0;0;0;0;0;0;0;0;0;0;0;0;0;0;0;0
FR;9;2022-03-12;0;0;0;0;0;0;0;0;0;0;0;0;0;0;0;0;0;0
FR;9;2022-03-13;0;0;0;0;0;0;0;0;0;0;0;0;0;0;0;0;0;0
FR;9;2022-03-14;0;0;0;0;0;0;0;0;0;0;0;0;0;0;0;0;0;0
FR;9;2022-03-15;0;0;0;0;0;0;0;0;0;0;0;0;0;0;0;0;0;0
FR;9;2022-03-16;0;0;0;0;0;0;0;0;0;0;0;0;0;0;0;0;0;0
FR;9;2022-03-17;0;0;0;0;0;0;0;0;0;0;0;0;0;0;0;0;0;0
FR;9;2022-03-18;0;0;0;0;0;0;0;0;0;0;0;0;0;0;0;0;0;0
FR;9;2022-03-19;0;0;0;0;0;0;0;0;0;0;0;0;0;0;0;0;0;0
FR;9;2022-03-20;0;0;0;0;0;0;0;0;0;0;0;0;0;0;0;0;0;0
FR;9;2022-03-21;0;0;0;0;0;0;0;0;0;0;0;0;0;0;0;0;0;0
FR;9;2022-03-22;0;0;0;0;0;0;0;0;0;0;0;0;0;0;0;0;0;0
FR;9;2022-03-23;0;0;0;0;0;0;0;0;0;0;0;0;0;0;0;0;0;0
FR;9;2022-03-24;0;0;0;0;0;0;0;0;0;0;0;0;0;0;0;0;0;0
FR;9;2022-03-25;0;0;0;0;0;0;0;0;0;0;0;0;0;0;0;0;0;0
FR;9;2022-03-26;0;0;0;0;0;0;0;0;0;0;0;0;0;0;0;0;0;0
FR;9;2022-03-27;0;0;0;0;0;0;0;0;0;0;0;0;0;0;0;0;0;0
FR;9;2022-03-28;0;0;0;0;0;0;0;0;0;0;0;0;0;0;0;0;0;0
FR;9;2022-03-29;0;0;0;0;0;0;0;0;0;0;0;0;0;0;0;0;0;0
FR;9;2022-03-30;0;0;0;0;0;0;0;0;0;0;0;0;0;0;0;0;0;0
FR;9;2022-03-31;0;0;0;0;0;0;0;0;0;0;0;0;0;0;0;0;0;0
FR;9;2022-04-01;0;0;0;0;0;0;0;0;0;0;0;0;0;0;0;0;0;0
FR;9;2022-04-02;0;0;0;0;0;0;0;0;0;0;0;0;0;0;0;0;0;0
FR;9;2022-04-03;0;0;0;0;0;0;0;0;0;0;0;0;0;0;0;0;0;0
FR;9;2022-04-04;0;0;0;0;0;0;0;0;0;0;0;0;0;0;0;0;0;0
FR;9;2022-04-05;0;0;0;0;0;0;0;0;0;0;0;0;0;0;0;0;0;0
FR;9;2022-04-06;0;0;0;0;0;0;0;0;0;0;0;0;0;0;0;0;0;0
FR;9;2022-04-07;0;0;0;0;0;0;0;0;0;0;0;0;0;0;0;0;0;0
FR;9;2022-04-08;0;0;0;0;0;0;0;0;0;0;0;0;0;0;0;0;0;0
FR;9;2022-04-09;0;0;0;0;0;0;0;0;0;0;0;0;0;0;0;0;0;0
FR;9;2022-04-10;0;0;0;0;0;0;0;0;0;0;0;0;0;0;0;0;0;0
FR;9;2022-04-11;0;0;0;0;0;0;0;0;0;0;0;0;0;0;0;0;0;0
FR;9;2022-04-12;0;0;0;0;0;0;0;0;0;0;0;0;0;0;0;0;0;0
FR;9;2022-04-13;0;0;0;0;0;0;0;0;0;0;0;0;0;0;0;0;0;0
FR;9;2022-04-14;0;0;0;0;0;0;0;0;0;0;0;0;0;0;0;0;0;0
FR;9;2022-04-15;0;0;0;0;0;0;0;0;0;0;0;0;0;0;0;0;0;0
FR;9;2022-04-16;0;0;0;0;0;0;0;0;0;0;0;0;0;0;0;0;0;0
FR;9;2022-04-17;0;0;0;0;0;0;0;0;0;0;0;0;0;0;0;0;0;0
FR;9;2022-04-18;0;0;0;0;0;0;0;0;0;0;0;0;0;0;0;0;0;0
FR;9;2022-04-19;0;0;0;0;0;0;0;0;0;0;0;0;0;0;0;0;0;0
FR;9;2022-04-20;0;0;0;0;0;0;0;0;0;0;0;0;0;0;0;0;0;0
FR;9;2022-04-21;0;0;0;0;0;0;0;0;0;0;0;0;0;0;0;0;0;0
FR;9;2022-04-22;0;0;0;0;0;0;0;0;0;0;0;0;0;0;0;0;0;0
FR;9;2022-04-23;0;0;0;0;0;0;0;0;0;0;0;0;0;0;0;0;0;0
FR;9;2022-04-24;0;0;0;0;0;0;0;0;0;0;0;0;0;0;0;0;0;0
FR;9;2022-04-25;0;0;0;0;0;0;0;0;0;0;0;0;0;0;0;0;0;0
FR;9;2022-04-26;0;0;0;0;0;0;0;0;0;0;0;0;0;0;0;0;0;0
FR;9;2022-04-27;0;0;0;0;0;0;0;0;0;0;0;0;0;0;0;0;0;0
FR;9;2022-04-28;0;0;0;0;0;0;0;0;0;0;0;0;0;0;0;0;0;0
FR;9;2022-04-29;0;0;0;0;0;0;0;0;0;0;0;0;0;0;0;0;0;0
FR;9;2022-04-30;0;0;0;0;0;0;0;0;0;0;0;0;0;0;0;0;0;0
FR;9;2022-05-01;0;0;0;0;0;0;0;0;0;0;0;0;0;0;0;0;0;0
FR;9;2022-05-02;0;0;0;0;0;0;0;0;0;0;0;0;0;0;0;0;0;0
FR;9;2022-05-03;0;0;0;0;0;0;0;0;0;0;0;0;0;0;0;0;0;0
FR;9;2022-05-04;0;0;0;0;0;0;0;0;0;0;0;0;0;0;0;0;0;0
FR;9;2022-05-05;0;0;0;0;0;0;0;0;0;0;0;0;0;0;0;0;0;0
FR;9;2022-05-06;0;0;0;0;0;0;0;0;0;0;0;0;0;0;0;0;0;0
FR;9;2022-05-07;0;0;0;0;0;0;0;0;0;0;0;0;0;0;0;0;0;0
FR;9;2022-05-08;0;0;0;0;0;0;0;0;0;0;0;0;0;0;0;0;0;0
FR;9;2022-05-09;0;0;0;0;0;0;0;0;0;0;0;0;0;0;0;0;0;0
FR;9;2022-05-10;0;0;0;0;0;0;0;0;0;0;0;0;0;0;0;0;0;0
FR;9;2022-05-11;0;0;0;0;0;0;0;0;0;0;0;0;0;0;0;0;0;0
FR;9;2022-05-12;0;0;0;0;0;0;0;0;0;0;0;0;0;0;0;0;0;0
FR;9;2022-05-13;0;0;0;0;0;0;0;0;0;0;0;0;0;0;0;0;0;0
FR;9;2022-05-14;0;0;0;0;0;0;0;0;0;0;0;0;0;0;0;0;0;0
FR;9;2022-05-15;0;0;0;0;0;0;0;0;0;0;0;0;0;0;0;0;0;0
FR;9;2022-05-16;0;0;0;0;0;0;0;0;0;0;0;0;0;0;0;0;0;0
FR;9;2022-05-17;0;0;0;0;0;0;0;0;0;0;0;0;0;0;0;0;0;0
FR;9;2022-05-18;0;0;0;0;0;0;0;0;0;0;0;0;0;0;0;0;0;0
FR;9;2022-05-19;0;0;0;0;0;0;0;0;0;0;0;0;0;0;0;0;0;0
FR;9;2022-05-20;0;0;0;0;0;0;0;0;0;0;0;0;0;0;0;0;0;0
FR;9;2022-05-21;0;0;0;0;0;0;0;0;0;0;0;0;0;0;0;0;0;0
FR;9;2022-05-22;0;0;0;0;0;0;0;0;0;0;0;0;0;0;0;0;0;0
FR;9;2022-05-23;0;0;0;0;0;0;0;0;0;0;0;0;0;0;0;0;0;0
FR;9;2022-05-24;0;0;0;0;0;0;0;0;0;0;0;0;0;0;0;0;0;0
FR;9;2022-05-25;0;0;0;0;0;0;0;0;0;0;0;0;0;0;0;0;0;0
FR;9;2022-05-26;0;0;0;0;0;0;0;0;0;0;0;0;0;0;0;0;0;0
FR;9;2022-05-27;0;0;0;0;0;0;0;0;0;0;0;0;0;0;0;0;0;0
FR;9;2022-05-28;0;0;0;0;0;0;0;0;0;0;0;0;0;0;0;0;0;0
FR;9;2022-05-29;0;0;0;0;0;0;0;0;0;0;0;0;0;0;0;0;0;0
FR;9;2022-05-30;0;0;0;0;0;0;0;0;0;0;0;0;0;0;0;0;0;0
FR;9;2022-05-31;0;0;0;0;0;0;0;0;0;0;0;0;0;0;0;0;0;0
FR;9;2022-06-01;0;0;0;0;0;0;0;0;0;0;0;0;0;0;0;0;0;0
FR;9;2022-06-02;0;0;0;0;0;0;0;0;0;0;0;0;0;0;0;0;0;0
FR;9;2022-06-03;0;0;0;0;0;0;0;0;0;0;0;0;0;0;0;0;0;0
FR;9;2022-06-04;0;0;0;0;0;0;0;0;0;0;0;0;0;0;0;0;0;0
FR;9;2022-06-05;0;0;0;0;0;0;0;0;0;0;0;0;0;0;0;0;0;0
FR;9;2022-06-06;0;0;0;0;0;0;0;0;0;0;0;0;0;0;0;0;0;0
FR;9;2022-06-07;0;0;0;0;0;0;0;0;0;0;0;0;0;0;0;0;0;0
FR;9;2022-06-08;0;0;0;0;0;0;0;0;0;0;0;0;0;0;0;0;0;0
FR;9;2022-06-09;0;0;0;0;0;0;0;0;0;0;0;0;0;0;0;0;0;0
FR;9;2022-06-10;0;0;0;0;0;0;0;0;0;0;0;0;0;0;0;0;0;0
FR;9;2022-06-11;0;0;0;0;0;0;0;0;0;0;0;0;0;0;0;0;0;0
FR;9;2022-06-12;0;0;0;0;0;0;0;0;0;0;0;0;0;0;0;0;0;0
FR;9;2022-06-13;0;0;0;0;0;0;0;0;0;0;0;0;0;0;0;0;0;0
FR;9;2022-06-14;0;0;0;0;0;0;0;0;0;0;0;0;0;0;0;0;0;0
FR;9;2022-06-15;0;0;0;0;0;0;0;0;0;0;0;0;0;0;0;0;0;0
FR;9;2022-06-16;0;0;0;0;0;0;0;0;0;0;0;0;0;0;0;0;0;0
FR;9;2022-06-17;0;0;0;0;0;0;0;0;0;0;0;0;0;0;0;0;0;0
FR;9;2022-06-18;0;0;0;0;0;0;0;0;0;0;0;0;0;0;0;0;0;0
FR;9;2022-06-19;0;0;0;0;0;0;0;0;0;0;0;0;0;0;0;0;0;0
FR;9;2022-06-20;0;0;0;0;0;0;0;0;0;0;0;0;0;0;0;0;0;0
FR;9;2022-06-21;0;0;0;0;0;0;0;0;0;0;0;0;0;0;0;0;0;0
FR;9;2022-06-22;0;0;0;0;0;0;0;0;0;0;0;0;0;0;0;0;0;0
FR;9;2022-06-23;0;0;0;0;0;0;0;0;0;0;0;0;0;0;0;0;0;0
FR;9;2022-06-24;0;0;0;0;0;0;0;0;0;0;0;0;0;0;0;0;0;0
FR;9;2022-06-25;0;0;0;0;0;0;0;0;0;0;0;0;0;0;0;0;0;0
FR;9;2022-06-26;0;0;0;0;0;0;0;0;0;0;0;0;0;0;0;0;0;0
FR;9;2022-06-27;0;0;0;0;0;0;0;0;0;0;0;0;0;0;0;0;0;0
FR;9;2022-06-28;0;0;0;0;0;0;0;0;0;0;0;0;0;0;0;0;0;0
FR;9;2022-06-29;0;0;0;0;0;0;0;0;0;0;0;0;0;0;0;0;0;0
FR;9;2022-06-30;0;0;0;0;0;0;0;0;0;0;0;0;0;0;0;0;0;0
FR;9;2022-07-01;0;0;0;0;0;0;0;0;0;0;0;0;0;0;0;0;0;0
FR;9;2022-07-02;0;0;0;0;0;0;0;0;0;0;0;0;0;0;0;0;0;0
FR;9;2022-07-03;0;0;0;0;0;0;0;0;0;0;0;0;0;0;0;0;0;0
FR;9;2022-07-04;0;0;0;0;0;0;0;0;0;0;0;0;0;0;0;0;0;0
FR;9;2022-07-05;0;0;0;0;0;0;0;0;0;0;0;0;0;0;0;0;0;0
FR;9;2022-07-06;0;0;0;0;0;0;0;0;0;0;0;0;0;0;0;0;0;0
FR;9;2022-07-07;0;0;0;0;0;0;0;0;0;0;0;0;0;0;0;0;0;0
FR;9;2022-07-08;0;0;0;0;0;0;0;0;0;0;0;0;0;0;0;0;0;0
FR;9;2022-07-09;0;0;0;0;0;0;0;0;0;0;0;0;0;0;0;0;0;0
FR;9;2022-07-10;0;0;0;0;0;0;0;0;0;0;0;0;0;0;0;0;0;0
FR;9;2022-07-11;0;0;0;0;0;0;0;0;0;0;0;0;0;0;0;0;0;0
FR;9;2022-07-12;0;0;0;0;0;0;0;0;0;0;0;0;0;0;0;0;0;0
FR;9;2022-07-13;0;0;0;0;0;0;0;0;0;0;0;0;0;0;0;0;0;0
FR;9;2022-07-14;0;0;0;0;0;0;0;0;0;0;0;0;0;0;0;0;0;0
FR;9;2022-07-15;0;0;0;0;0;0;0;0;0;0;0;0;0;0;0;0;0;0
FR;9;2022-07-16;0;0;0;0;0;0;0;0;0;0;0;0;0;0;0;0;0;0
FR;9;2022-07-17;0;0;0;0;0;0;0;0;0;0;0;0;0;0;0;0;0;0
FR;9;2022-07-18;0;0;0;0;0;0;0;0;0;0;0;0;0;0;0;0;0;0
FR;9;2022-07-19;0;0;0;0;0;0;0;0;0;0;0;0;0;0;0;0;0;0
FR;9;2022-07-20;0;0;0;0;0;0;0;0;0;0;0;0;0;0;0;0;0;0
FR;9;2022-07-21;0;0;0;0;0;0;0;0;0;0;0;0;0;0;0;0;0;0
FR;9;2022-07-22;0;0;0;0;0;0;0;0;0;0;0;0;0;0;0;0;0;0
FR;9;2022-07-23;0;0;0;0;0;0;0;0;0;0;0;0;0;0;0;0;0;0
FR;9;2022-07-24;0;0;0;0;0;0;0;0;0;0;0;0;0;0;0;0;0;0
FR;9;2022-07-25;0;0;0;0;0;0;0;0;0;0;0;0;0;0;0;0;0;0
FR;9;2022-07-26;0;0;0;0;0;0;0;0;0;0;0;0;0;0;0;0;0;0
FR;9;2022-07-27;0;0;0;0;0;0;0;0;0;0;0;0;0;0;0;0;0;0
FR;9;2022-07-28;0;0;0;0;0;0;0;0;0;0;0;0;0;0;0;0;0;0
FR;9;2022-07-29;0;0;0;0;0;0;0;0;0;0;0;0;0;0;0;0;0;0
FR;9;2022-07-30;0;0;0;0;0;0;0;0;0;0;0;0;0;0;0;0;0;0
FR;9;2022-07-31;0;0;0;0;0;0;0;0;0;0;0;0;0;0;0;0;0;0
FR;9;2022-08-01;0;0;0;0;0;0;0;0;0;0;0;0;0;0;0;0;0;0
FR;9;2022-08-02;0;0;0;0;0;0;0;0;0;0;0;0;0;0;0;0;0;0
FR;9;2022-08-03;0;0;0;0;0;0;0;0;0;0;0;0;0;0;0;0;0;0
FR;9;2022-08-04;0;0;0;0;0;0;0;0;0;0;0;0;0;0;0;0;0;0
FR;9;2022-08-05;0;0;0;0;0;0;0;0;0;0;0;0;0;0;0;0;0;0
FR;9;2022-08-06;0;0;0;0;0;0;0;0;0;0;0;0;0;0;0;0;0;0
FR;9;2022-08-07;0;0;0;0;0;0;0;0;0;0;0;0;0;0;0;0;0;0
FR;9;2022-08-08;0;0;0;0;0;0;0;0;0;0;0;0;0;0;0;0;0;0
FR;9;2022-08-09;0;0;0;0;0;0;0;0;0;0;0;0;0;0;0;0;0;0
FR;9;2022-08-10;0;0;0;0;0;0;0;0;0;0;0;0;0;0;0;0;0;0
FR;9;2022-08-11;0;0;0;0;0;0;0;0;0;0;0;0;0;0;0;0;0;0
FR;9;2022-08-12;0;0;0;0;0;0;0;0;0;0;0;0;0;0;0;0;0;0
FR;9;2022-08-13;0;0;0;0;0;0;0;0;0;0;0;0;0;0;0;0;0;0
FR;9;2022-08-14;0;0;0;0;0;0;0;0;0;0;0;0;0;0;0;0;0;0
FR;9;2022-08-15;0;0;0;0;0;0;0;0;0;0;0;0;0;0;0;0;0;0
FR;9;2022-08-16;0;0;0;0;0;0;0;0;0;0;0;0;0;0;0;0;0;0
FR;9;2022-08-17;0;0;0;0;0;0;0;0;0;0;0;0;0;0;0;0;0;0
FR;9;2022-08-18;0;0;0;0;0;0;0;0;0;0;0;0;0;0;0;0;0;0
FR;9;2022-08-19;0;0;0;0;0;0;0;0;0;0;0;0;0;0;0;0;0;0
FR;9;2022-08-20;0;0;0;0;0;0;0;0;0;0;0;0;0;0;0;0;0;0
FR;9;2022-08-21;0;0;0;0;0;0;0;0;0;0;0;0;0;0;0;0;0;0
FR;9;2022-08-22;0;0;0;0;0;0;0;0;0;0;0;0;0;0;0;0;0;0
FR;9;2022-08-23;0;0;0;0;0;0;0;0;0;0;0;0;0;0;0;0;0;0
FR;9;2022-08-24;0;0;0;0;0;0;0;0;0;0;0;0;0;0;0;0;0;0
FR;9;2022-08-25;0;0;0;0;0;0;0;0;0;0;0;0;0;0;0;0;0;0
FR;9;2022-08-26;0;0;0;0;0;0;0;0;0;0;0;0;0;0;0;0;0;0
FR;9;2022-08-27;0;0;0;0;0;0;0;0;0;0;0;0;0;0;0;0;0;0
FR;9;2022-08-28;0;0;0;0;0;0;0;0;0;0;0;0;0;0;0;0;0;0
FR;9;2022-08-29;0;0;0;0;0;0;0;0;0;0;0;0;0;0;0;0;0;0
FR;9;2022-08-30;0;0;0;0;0;0;0;0;0;0;0;0;0;0;0;0;0;0
FR;9;2022-08-31;0;0;0;0;0;0;0;0;0;0;0;0;0;0;0;0;0;0
FR;9;2022-09-01;0;0;0;0;0;0;0;0;0;0;0;0;0;0;0;0;0;0
FR;9;2022-09-02;0;0;0;0;0;0;0;0;0;0;0;0;0;0;0;0;0;0
FR;9;2022-09-03;0;0;0;0;0;0;0;0;0;0;0;0;0;0;0;0;0;0
FR;9;2022-09-04;0;0;0;0;0;0;0;0;0;0;0;0;0;0;0;0;0;0
FR;9;2022-09-05;0;0;0;0;0;0;0;0;0;0;0;0;0;0;0;0;0;0
FR;9;2022-09-06;0;0;0;0;0;0;0;0;0;0;0;0;0;0;0;0;0;0
FR;9;2022-09-07;0;0;0;0;0;0;0;0;0;0;0;0;0;0;0;0;0;0
FR;9;2022-09-08;0;0;0;0;0;0;0;0;0;0;0;0;0;0;0;0;0;0
FR;9;2022-09-09;0;0;0;0;0;0;0;0;0;0;0;0;0;0;0;0;0;0
FR;9;2022-09-10;0;0;0;0;0;0;0;0;0;0;0;0;0;0;0;0;0;0
FR;9;2022-09-11;0;0;0;0;0;0;0;0;0;0;0;0;0;0;0;0;0;0
FR;9;2022-09-12;0;0;0;0;0;0;0;0;0;0;0;0;0;0;0;0;0;0
FR;9;2022-09-13;0;0;0;0;0;0;0;0;0;0;0;0;0;0;0;0;0;0
FR;9;2022-09-14;0;0;0;0;0;0;0;0;0;0;0;0;0;0;0;0;0;0
FR;9;2022-09-15;0;0;0;0;0;0;0;0;0;0;0;0;0;0;0;0;0;0
FR;9;2022-09-16;0;0;0;0;0;0;0;0;0;0;0;0;0;0;0;0;0;0
FR;9;2022-09-17;0;0;0;0;0;0;0;0;0;0;0;0;0;0;0;0;0;0
FR;9;2022-09-18;0;0;0;0;0;0;0;0;0;0;0;0;0;0;0;0;0;0
FR;9;2022-09-19;0;0;0;0;0;0;0;0;0;0;0;0;0;0;0;0;0;0
FR;9;2022-09-20;0;0;0;0;0;0;0;0;0;0;0;0;0;0;0;0;0;0
FR;9;2022-09-21;0;0;0;0;0;0;0;0;0;0;0;0;0;0;0;0;0;0
FR;9;2022-09-22;0;0;0;0;0;0;0;0;0;0;0;0;0;0;0;0;0;0
FR;9;2022-09-23;0;0;0;0;0;0;0;0;0;0;0;0;0;0;0;0;0;0
FR;9;2022-09-24;0;0;0;0;0;0;0;0;0;0;0;0;0;0;0;0;0;0
FR;9;2022-09-25;0;0;0;0;0;0;0;0;0;0;0;0;0;0;0;0;0;0
FR;9;2022-09-26;0;0;0;0;0;0;0;0;0;0;0;0;0;0;0;0;0;0
FR;9;2022-09-27;0;0;0;0;0;0;0;0;0;0;0;0;0;0;0;0;0;0
FR;9;2022-09-28;0;0;0;0;0;0;0;0;0;0;0;0;0;0;0;0;0;0
FR;9;2022-09-29;1;1;8;33;0;6;35;43;2;1;1;8;33;0;6;35;43;2
FR;9;2022-09-30;5;12;60;606;6;47;613;713;51;6;13;68;639;6;53;648;756;53
FR;9;2022-10-01;10;1;43;327;2;26;335;396;35;16;14;111;966;8;79;983;1152;88
FR;9;2022-10-02;1;1;5;50;0;4;51;66;11;17;15;116;1016;8;83;1034;1218;99
FR;9;2022-10-03;10;17;151;1714;11;129;1708;2074;234;27;32;267;2730;19;212;2742;3292;333
FR;9;2022-10-04;21;48;353;3952;18;228;4020;4702;450;48;80;620;6682;37;440;6762;7994;783
FR;9;2022-10-05;28;20;269;2997;17;203;3010;3655;433;76;100;889;9679;54;643;9772;11649;1216
FR;9;2022-10-06;23;35;400;4598;18;301;4631;5609;672;99;135;1289;14277;72;944;14403;17258;1888
FR;9;2022-10-07;29;50;499;5705;19;384;5719;7028;923;128;185;1788;19982;91;1328;20122;24286;2811
FR;9;2022-10-08;10;18;128;1090;8;86;1108;1389;191;138;203;1916;21072;99;1414;21230;25675;3002
FR;9;2022-10-09;1;7;22;197;1;29;198;277;50;139;210;1938;21269;100;1443;21428;25952;3052
FR;9;2022-10-10;11;26;207;2572;14;181;2576;3296;533;150;236;2145;23841;114;1624;24004;29248;3585
FR;9;2022-10-11;31;40;424;5043;27;312;5024;6197;851;181;276;2569;28884;141;1936;29028;35445;4436
FR;9;2022-10-12;22;26;297;2987;16;212;3044;3830;572;203;302;2866;31871;157;2148;32072;39275;5008
FR;9;2022-10-13;25;42;374;3980;16;245;4036;5027;740;228;344;3240;35851;173;2393;36108;44302;5748
FR;9;2022-10-14;27;26;381;4430;12;293;4414;5556;838;255;370;3621;40281;185;2686;40522;49858;6586
FR;9;2022-10-15;14;8;101;1052;7;79;1029;1308;198;269;378;3722;41333;192;2765;41551;51166;6784
FR;9;2022-10-16;4;1;9;132;2;12;126;168;28;273;379;3731;41465;194;2777;41677;51334;6812
FR;9;2022-10-17;4;22;165;1875;11;127;1883;2492;475;277;401;3896;43340;205;2904;43560;53826;7287
FR;9;2022-10-18;36;28;316;3430;17;235;3454;4661;963;313;429;4212;46770;222;3139;47014;58487;8250
FR;9;2022-10-19;22;19;262;2687;17;174;2717;3725;819;335;448;4474;49457;239;3313;49731;62212;9069
FR;9;2022-10-20;22;22;308;3628;8;233;3639;4813;933;357;470;4782;53085;247;3546;53370;67025;10002
FR;9;2022-10-21;14;31;325;3532;10;228;3554;4655;865;371;501;5107;56617;257;3774;56924;71680;10867
FR;9;2022-10-22;10;11;90;914;8;62;919;1193;207;381;512;5197;57531;265;3836;57843;72873;11074
FR;9;2022-10-23;2;2;17;99;2;10;104;147;33;383;514;5214;57630;267;3846;57947;73020;11107
FR;9;2022-10-24;7;17;159;1363;6;106;1434;1942;397;390;531;5373;58993;273;3952;59381;74962;11504
FR;9;2022-10-25;18;22;228;2837;16;188;2847;3919;881;408;553;5601;61830;289;4140;62228;78881;12385
FR;9;2022-10-26;14;16;169;1799;13;123;1812;2525;588;422;569;5770;63629;302;4263;64040;81406;12973
FR;9;2022-10-27;9;26;230;2291;15;173;2324;3170;662;431;595;6000;65920;317;4436;66364;84576;13635
FR;9;2022-10-28;18;27;224;2277;17;151;2303;3142;681;449;622;6224;68197;334;4587;68667;87718;14316
FR;9;2022-10-29;12;8;55;505;5;46;496;662;119;461;630;6279;68702;339;4633;69163;88380;14435
FR;9;2022-10-30;2;1;8;58;1;8;58;82;16;463;631;6287;68760;340;4641;69221;88462;14451
FR;9;2022-10-31;13;7;105;660;9;59;695;996;240;476;638;6392;69420;349;4700;69916;89458;14691
FR;9;2022-11-01;1;1;15;43;0;11;49;71;11;477;639;6407;69463;349;4711;69965;89529;14702
FR;9;2022-11-02;7;12;102;1027;4;76;1045;1577;452;484;651;6509;70490;353;4787;71010;91106;15154
FR;9;2022-11-03;17;18;157;1599;16;92;1647;2348;599;501;669;6666;72089;369;4879;72657;93454;15753
FR;9;2022-11-04;21;19;193;1748;15;120;1797;2533;611;522;688;6859;73837;384;4999;74454;95987;16364
FR;9;2022-11-05;8;10;58;403;9;39;424;573;107;530;698;6917;74240;393;5038;74878;96560;16471
FR;9;2022-11-06;5;4;5;62;6;2;61;88;25;535;702;6922;74302;399;5040;74939;96648;16496
FR;9;2022-11-07;16;19;88;925;16;109;934;1473;424;551;721;7010;75227;415;5149;75873;98121;16920
FR;9;2022-11-08;10;19;170;1815;13;137;1808;2652;702;561;740;7180;77042;428;5286;77681;100773;17622
FR;9;2022-11-09;16;16;123;1261;9;98;1322;1878;453;577;756;7303;78303;437;5384;79003;102651;18075
FR;9;2022-11-10;13;21;162;1622;13;137;1620;2279;518;590;777;7465;79925;450;5521;80623;104930;18593
FR;9;2022-11-11;1;1;13;81;1;6;83;123;34;591;778;7478;80006;451;5527;80706;105053;18627
FR;9;2022-11-12;5;8;44;259;7;19;278;395;97;596;786;7522;80265;458;5546;80984;105448;18724
FR;9;2022-11-13;2;0;4;30;0;4;31;51;16;598;786;7526;80295;458;5550;81015;105499;18740
FR;9;2022-11-14;11;12;56;707;11;44;722;1107;338;609;798;7582;81002;469;5594;81737;106606;19078
FR;9;2022-11-15;18;16;146;1324;7;103;1331;2078;638;627;814;7728;82326;476;5697;83068;108684;19716
FR;9;2022-11-16;10;5;99;979;8;58;997;1490;431;637;819;7827;83305;484;5755;84065;110174;20147
FR;9;2022-11-17;9;17;126;1083;11;78;1108;1692;501;646;836;7953;84388;495;5833;85173;111866;20648
FR;9;2022-11-18;7;16;119;1440;5;77;1455;2026;492;653;852;8072;85828;500;5910;86628;113892;21140
FR;9;2022-11-19;3;5;50;364;1;27;351;489;106;656;857;8122;86192;501;5937;86979;114381;21246
FR;9;2022-11-20;1;0;5;37;0;3;35;54;16;657;857;8127;86229;501;5940;87014;114435;21262
FR;9;2022-11-21;9;12;66;636;5;51;639;960;263;666;869;8193;86865;506;5991;87653;115395;21525
FR;9;2022-11-22;15;12;121;1037;13;74;1067;1592;449;681;881;8314;87902;519;6065;88720;116987;21974
FR;9;2022-11-23;7;10;69;731;5;33;758;1160;364;688;891;8383;88633;524;6098;89478;118147;22338
FR;9;2022-11-24;8;19;93;979;14;68;992;1472;406;696;910;8476;89612;538;6166;90470;119619;22744
FR;9;2022-11-25;8;10;106;1174;8;81;1190;1747;475;704;920;8582;90786;546;6247;91660;121366;23219
FR;9;2022-11-26;6;6;35;217;7;24;214;310;68;710;926;8617;91003;553;6271;91874;121676;23287
FR;9;2022-11-27;1;1;6;42;0;2;46;82;34;711;927;8623;91045;553;6273;91920;121758;23321
FR;9;2022-11-28;5;7;102;697;7;59;726;1125;335;716;934;8725;91742;560;6332;92646;122883;23656
FR;9;2022-11-29;6;18;140;1298;6;89;1324;1938;520;722;952;8865;93040;566;6421;93970;124821;24176
FR;9;2022-11-30;9;12;99;1026;5;76;1049;1600;470;731;964;8964;94066;571;6497;95019;126421;24646
FR;9;2022-12-01;16;14;111;1330;8;80;1315;1939;540;747;978;9075;95396;579;6577;96334;128360;25186
FR;9;2022-12-02;10;13;193;1816;10;107;1817;2630;700;757;991;9268;97212;589;6684;98151;130990;25886
FR;9;2022-12-03;7;9;79;619;5;41;632;887;208;764;1000;9347;97831;594;6725;98783;131877;26094
FR;9;2022-12-04;9;4;15;105;5;8;105;153;40;773;1004;9362;97936;599;6733;98888;132030;26134
FR;9;2022-12-05;19;24;144;1405;17;98;1420;2108;583;792;1028;9506;99341;616;6831;100308;134138;26717
FR;9;2022-12-06;30;21;262;2441;21;147;2535;3798;1097;822;1049;9768;101782;637;6978;102843;137936;27814
FR;9;2022-12-07;15;22;181;1848;20;112;1890;2824;814;837;1071;9949;103630;657;7090;104733;140760;28628
FR;9;2022-12-08;13;22;222;2392;15;125;2455;3682;1085;850;1093;10171;106022;672;7215;107188;144442;29713
FR;9;2022-12-09;14;25;287;2885;10;143;2983;4334;1200;864;1118;10458;108907;682;7358;110171;148776;30913
FR;9;2022-12-10;12;12;122;1319;4;56;1342;1813;409;876;1130;10580;110226;686;7414;111513;150589;31322
FR;9;2022-12-11;5;4;21;277;5;10;283;363;66;881;1134;10601;110503;691;7424;111796;150952;31388
FR;9;2022-12-12;17;13;215;1957;12;108;2031;2889;745;898;1147;10816;112460;703;7532;113827;153841;32133
FR;9;2022-12-13;27;22;317;3081;14;151;3217;4715;1336;925;1169;11133;115541;717;7683;117044;158556;33469
FR;9;2022-12-14;15;10;189;2330;8;94;2398;3498;989;940;1179;11322;117871;725;7777;119442;162054;34458
FR;9;2022-12-15;17;24;256;2609;13;137;2680;4064;1236;957;1203;11578;120480;738;7914;122122;166118;35694
FR;9;2022-12-16;15;29;294;3072;21;165;3155;4603;1274;972;1232;11872;123552;759;8079;125277;170721;36968
FR;9;2022-12-17;8;11;106;1191;6;50;1206;1662;402;980;1243;11978;124743;765;8129;126483;172383;37370
FR;9;2022-12-18;1;7;30;245;6;14;251;333;67;981;1250;12008;124988;771;8143;126734;172716;37437
FR;9;2022-12-19;20;21;149;1599;15;78;1631;2507;789;1001;1271;12157;126587;786;8221;128365;175223;38226
FR;9;2022-12-20;21;19;232;2306;6;115;2349;3708;1233;1022;1290;12389;128893;792;8336;130714;178931;39459
FR;9;2022-12-21;6;14;139;1501;7;66;1554;2402;775;1028;1304;12528;130394;799;8402;132268;181333;40234
FR;9;2022-12-22;18;8;136;1400;8;78;1417;2118;615;1046;1312;12664;131794;807;8480;133685;183451;40849
FR;9;2022-12-23;11;14;76;727;8;50;729;1090;305;1057;1326;12740;132521;815;8530;134414;184541;41154
FR;9;2022-12-24;1;5;12;96;4;5;98;137;34;1058;1331;12752;132617;819;8535;134512;184678;41188
FR;9;2022-12-25;1;0;5;5;0;4;6;12;2;1059;1331;12757;132622;819;8539;134518;184690;41190
FR;9;2022-12-26;16;8;64;547;11;37;554;829;235;1075;1339;12821;133169;830;8576;135072;185519;41425
FR;9;2022-12-27;12;30;97;882;14;69;917;1422;430;1087;1369;12918;134051;844;8645;135989;186941;41855
FR;9;2022-12-28;7;9;82;747;8;40;766;1182;371;1094;1378;13000;134798;852;8685;136755;188123;42226
FR;9;2022-12-29;9;14;92;720;10;51;753;1134;323;1103;1392;13092;135518;862;8736;137508;189257;42549
FR;9;2022-12-30;12;17;76;586;9;46;607;885;229;1115;1409;13168;136104;871;8782;138115;190142;42778
FR;9;2022-12-31;2;3;17;136;2;12;139;190;38;1117;1412;13185;136240;873;8794;138254;190332;42816
FR;9;2023-01-01;0;2;3;19;1;4;19;31;8;1117;1414;13188;136259;874;8798;138273;190363;42824
FR;9;2023-01-02;10;11;56;591;4;40;584;948;320;1127;1425;13244;136850;878;8838;138857;191311;43144
FR;9;2023-01-03;17;18;119;1075;18;74;1098;1936;749;1144;1443;13363;137925;896;8912;139955;193247;43893
FR;9;2023-01-04;21;18;113;846;8;73;898;1609;633;1165;1461;13476;138771;904;8985;140853;194856;44526
FR;9;2023-01-05;5;20;115;1053;11;65;1084;2040;881;1170;1481;13591;139824;915;9050;141937;196896;45407
FR;9;2023-01-06;11;17;151;1367;3;73;1383;2403;936;1181;1498;13742;141191;918;9123;143320;199299;46343
FR;9;2023-01-07;6;13;58;436;14;36;427;687;220;1187;1511;13800;141627;932;9159;143747;199986;46563
FR;9;2023-01-08;3;8;15;92;7;11;91;136;32;1190;1519;13815;141719;939;9170;143838;200122;46595
FR;9;2023-01-09;16;14;87;622;9;61;614;1273;585;1206;1533;13902;142341;948;9231;144452;201395;47180
FR;9;2023-01-10;13;12;154;978;11;74;1032;1989;871;1219;1545;14056;143319;959;9305;145484;203384;48051
FR;9;2023-01-11;19;9;71;677;10;47;686;1380;641;1238;1554;14127;143996;969;9352;146170;204764;48692
FR;9;2023-01-12;20;9;92;842;3;77;822;1685;773;1258;1563;14219;144838;972;9429;146992;206449;49465
FR;9;2023-01-13;15;18;104;874;11;73;893;1705;724;1273;1581;14323;145712;983;9502;147885;208154;50189
FR;9;2023-01-14;6;6;50;294;2;28;299;580;247;1279;1587;14373;146006;985;9530;148184;208734;50436
FR;9;2023-01-15;1;3;15;37;0;9;41;82;32;1280;1590;14388;146043;985;9539;148225;208816;50468
FR;9;2023-01-16;4;15;53;366;13;24;382;783;370;1284;1605;14441;146409;998;9563;148607;209599;50838
FR;9;2023-01-17;7;9;83;561;4;49;575;1238;605;1291;1614;14524;146970;1002;9612;149182;210837;51443
FR;9;2023-01-18;7;14;35;376;6;30;393;827;397;1298;1628;14559;147346;1008;9642;149575;211664;51840
FR;9;2023-01-19;10;9;56;469;8;30;475;1077;562;1308;1637;14615;147815;1016;9672;150050;212741;52402
FR;9;2023-01-20;15;18;95;575;16;56;591;1184;533;1323;1655;14710;148390;1032;9728;150641;213925;52935
FR;9;2023-01-21;8;15;20;190;11;13;188;345;140;1331;1670;14730;148580;1043;9741;150829;214270;53075
FR;9;2023-01-22;0;0;8;20;0;5;21;42;16;1331;1670;14738;148600;1043;9746;150850;214312;53091
FR;9;2023-01-23;4;14;27;253;8;25;242;563;287;1335;1684;14765;148853;1051;9771;151092;214875;53378
FR;9;2023-01-24;11;10;68;459;9;42;481;1159;633;1346;1694;14833;149312;1060;9813;151573;216034;54011
FR;9;2023-01-25;11;20;49;324;8;47;335;795;408;1357;1714;14882;149636;1068;9860;151908;216829;54419
FR;9;2023-01-26;6;15;56;353;6;45;357;838;427;1363;1729;14938;149989;1074;9905;152265;217667;54846
FR;9;2023-01-27;4;7;58;363;3;31;380;855;429;1367;1736;14996;150352;1077;9936;152645;218522;55275
FR;9;2023-01-28;2;6;26;127;5;23;119;259;115;1369;1742;15022;150479;1082;9959;152764;218781;55390
FR;9;2023-01-29;3;0;3;18;2;1;17;40;22;1372;1742;15025;150497;1084;9960;152781;218821;55412
FR;9;2023-01-30;3;6;29;174;5;9;192;448;242;1375;1748;15054;150671;1089;9969;152973;219269;55654
FR;10;2020-12-27;0;0;0;0;0;0;0;0;0;0;0;0;0;0;0;0;0;0
FR;10;2020-12-28;0;0;0;0;0;0;0;0;0;0;0;0;0;0;0;0;0;0
FR;10;2020-12-29;0;0;0;0;0;0;0;0;0;0;0;0;0;0;0;0;0;0
FR;10;2020-12-30;0;0;0;0;0;0;0;0;0;0;0;0;0;0;0;0;0;0
FR;10;2020-12-31;0;0;0;0;0;0;0;0;0;0;0;0;0;0;0;0;0;0
FR;10;2021-01-01;0;0;0;0;0;0;0;0;0;0;0;0;0;0;0;0;0;0
FR;10;2021-01-02;0;0;0;0;0;0;0;0;0;0;0;0;0;0;0;0;0;0
FR;10;2021-01-03;0;0;0;0;0;0;0;0;0;0;0;0;0;0;0;0;0;0
FR;10;2021-01-04;0;0;0;0;0;0;0;0;0;0;0;0;0;0;0;0;0;0
FR;10;2021-01-05;0;0;0;0;0;0;0;0;0;0;0;0;0;0;0;0;0;0
FR;10;2021-01-06;0;0;0;0;0;0;0;0;0;0;0;0;0;0;0;0;0;0
FR;10;2021-01-07;0;0;0;0;0;0;0;0;0;0;0;0;0;0;0;0;0;0
FR;10;2021-01-08;0;0;0;0;0;0;0;0;0;0;0;0;0;0;0;0;0;0
FR;10;2021-01-09;0;0;0;0;0;0;0;0;0;0;0;0;0;0;0;0;0;0
FR;10;2021-01-10;0;0;0;0;0;0;0;0;0;0;0;0;0;0;0;0;0;0
FR;10;2021-01-11;0;0;0;0;0;0;0;0;0;0;0;0;0;0;0;0;0;0
FR;10;2021-01-12;0;0;0;0;0;0;0;0;0;0;0;0;0;0;0;0;0;0
FR;10;2021-01-13;0;0;0;0;0;0;0;0;0;0;0;0;0;0;0;0;0;0
FR;10;2021-01-14;0;0;0;0;0;0;0;0;0;0;0;0;0;0;0;0;0;0
FR;10;2021-01-15;0;0;0;0;0;0;0;0;0;0;0;0;0;0;0;0;0;0
FR;10;2021-01-16;0;0;0;0;0;0;0;0;0;0;0;0;0;0;0;0;0;0
FR;10;2021-01-17;0;0;0;0;0;0;0;0;0;0;0;0;0;0;0;0;0;0
FR;10;2021-01-18;0;0;0;0;0;0;0;0;0;0;0;0;0;0;0;0;0;0
FR;10;2021-01-19;0;0;0;0;0;0;0;0;0;0;0;0;0;0;0;0;0;0
FR;10;2021-01-20;0;0;0;0;0;0;0;0;0;0;0;0;0;0;0;0;0;0
FR;10;2021-01-21;0;0;0;0;0;0;0;0;0;0;0;0;0;0;0;0;0;0
FR;10;2021-01-22;0;0;0;0;0;0;0;0;0;0;0;0;0;0;0;0;0;0
FR;10;2021-01-23;0;0;0;0;0;0;0;0;0;0;0;0;0;0;0;0;0;0
FR;10;2021-01-24;0;0;0;0;0;0;0;0;0;0;0;0;0;0;0;0;0;0
FR;10;2021-01-25;0;0;0;0;0;0;0;0;0;0;0;0;0;0;0;0;0;0
FR;10;2021-01-26;0;0;0;0;0;0;0;0;0;0;0;0;0;0;0;0;0;0
FR;10;2021-01-27;0;0;0;0;0;0;0;0;0;0;0;0;0;0;0;0;0;0
FR;10;2021-01-28;0;0;0;0;0;0;0;0;0;0;0;0;0;0;0;0;0;0
FR;10;2021-01-29;0;0;0;0;0;0;0;0;0;0;0;0;0;0;0;0;0;0
FR;10;2021-01-30;0;0;0;0;0;0;0;0;0;0;0;0;0;0;0;0;0;0
FR;10;2021-01-31;0;0;0;0;0;0;0;0;0;0;0;0;0;0;0;0;0;0
FR;10;2021-02-01;0;0;0;0;0;0;0;0;0;0;0;0;0;0;0;0;0;0
FR;10;2021-02-02;0;0;0;0;0;0;0;0;0;0;0;0;0;0;0;0;0;0
FR;10;2021-02-03;0;0;0;0;0;0;0;0;0;0;0;0;0;0;0;0;0;0
FR;10;2021-02-04;0;0;0;0;0;0;0;0;0;0;0;0;0;0;0;0;0;0
FR;10;2021-02-05;0;0;0;0;0;0;0;0;0;0;0;0;0;0;0;0;0;0
FR;10;2021-02-06;0;0;0;0;0;0;0;0;0;0;0;0;0;0;0;0;0;0
FR;10;2021-02-07;0;0;0;0;0;0;0;0;0;0;0;0;0;0;0;0;0;0
FR;10;2021-02-08;0;0;0;0;0;0;0;0;0;0;0;0;0;0;0;0;0;0
FR;10;2021-02-09;0;0;0;0;0;0;0;0;0;0;0;0;0;0;0;0;0;0
FR;10;2021-02-10;0;0;0;0;0;0;0;0;0;0;0;0;0;0;0;0;0;0
FR;10;2021-02-11;0;0;0;0;0;0;0;0;0;0;0;0;0;0;0;0;0;0
FR;10;2021-02-12;0;0;0;0;0;0;0;0;0;0;0;0;0;0;0;0;0;0
FR;10;2021-02-13;0;0;0;0;0;0;0;0;0;0;0;0;0;0;0;0;0;0
FR;10;2021-02-14;0;0;0;0;0;0;0;0;0;0;0;0;0;0;0;0;0;0
FR;10;2021-02-15;0;0;0;0;0;0;0;0;0;0;0;0;0;0;0;0;0;0
FR;10;2021-02-16;0;0;0;0;0;0;0;0;0;0;0;0;0;0;0;0;0;0
FR;10;2021-02-17;0;0;0;0;0;0;0;0;0;0;0;0;0;0;0;0;0;0
FR;10;2021-02-18;0;0;0;0;0;0;0;0;0;0;0;0;0;0;0;0;0;0
FR;10;2021-02-19;0;0;0;0;0;0;0;0;0;0;0;0;0;0;0;0;0;0
FR;10;2021-02-20;0;0;0;0;0;0;0;0;0;0;0;0;0;0;0;0;0;0
FR;10;2021-02-21;0;0;0;0;0;0;0;0;0;0;0;0;0;0;0;0;0;0
FR;10;2021-02-22;0;0;0;0;0;0;0;0;0;0;0;0;0;0;0;0;0;0
FR;10;2021-02-23;0;0;0;0;0;0;0;0;0;0;0;0;0;0;0;0;0;0
FR;10;2021-02-24;0;0;0;0;0;0;0;0;0;0;0;0;0;0;0;0;0;0
FR;10;2021-02-25;0;0;0;0;0;0;0;0;0;0;0;0;0;0;0;0;0;0
FR;10;2021-02-26;0;0;0;0;0;0;0;0;0;0;0;0;0;0;0;0;0;0
FR;10;2021-02-27;0;0;0;0;0;0;0;0;0;0;0;0;0;0;0;0;0;0
FR;10;2021-02-28;0;0;0;0;0;0;0;0;0;0;0;0;0;0;0;0;0;0
FR;10;2021-03-01;0;0;0;0;0;0;0;0;0;0;0;0;0;0;0;0;0;0
FR;10;2021-03-02;0;0;0;0;0;0;0;0;0;0;0;0;0;0;0;0;0;0
FR;10;2021-03-03;0;0;0;0;0;0;0;0;0;0;0;0;0;0;0;0;0;0
FR;10;2021-03-04;0;0;0;0;0;0;0;0;0;0;0;0;0;0;0;0;0;0
FR;10;2021-03-05;0;0;0;0;0;0;0;0;0;0;0;0;0;0;0;0;0;0
FR;10;2021-03-06;0;0;0;0;0;0;0;0;0;0;0;0;0;0;0;0;0;0
FR;10;2021-03-07;0;0;0;0;0;0;0;0;0;0;0;0;0;0;0;0;0;0
FR;10;2021-03-08;0;0;0;0;0;0;0;0;0;0;0;0;0;0;0;0;0;0
FR;10;2021-03-09;0;0;0;0;0;0;0;0;0;0;0;0;0;0;0;0;0;0
FR;10;2021-03-10;0;0;0;0;0;0;0;0;0;0;0;0;0;0;0;0;0;0
FR;10;2021-03-11;0;0;0;0;0;0;0;0;0;0;0;0;0;0;0;0;0;0
FR;10;2021-03-12;0;0;0;0;0;0;0;0;0;0;0;0;0;0;0;0;0;0
FR;10;2021-03-13;0;0;0;0;0;0;0;0;0;0;0;0;0;0;0;0;0;0
FR;10;2021-03-14;0;0;0;0;0;0;0;0;0;0;0;0;0;0;0;0;0;0
FR;10;2021-03-15;0;0;0;0;0;0;0;0;0;0;0;0;0;0;0;0;0;0
FR;10;2021-03-16;0;0;0;0;0;0;0;0;0;0;0;0;0;0;0;0;0;0
FR;10;2021-03-17;0;0;0;0;0;0;0;0;0;0;0;0;0;0;0;0;0;0
FR;10;2021-03-18;0;0;0;0;0;0;0;0;0;0;0;0;0;0;0;0;0;0
FR;10;2021-03-19;0;0;0;0;0;0;0;0;0;0;0;0;0;0;0;0;0;0
FR;10;2021-03-20;0;0;0;0;0;0;0;0;0;0;0;0;0;0;0;0;0;0
FR;10;2021-03-21;0;0;0;0;0;0;0;0;0;0;0;0;0;0;0;0;0;0
FR;10;2021-03-22;0;0;0;0;0;0;0;0;0;0;0;0;0;0;0;0;0;0
FR;10;2021-03-23;0;0;0;0;0;0;0;0;0;0;0;0;0;0;0;0;0;0
FR;10;2021-03-24;0;0;0;0;0;0;0;0;0;0;0;0;0;0;0;0;0;0
FR;10;2021-03-25;0;0;0;0;0;0;0;0;0;0;0;0;0;0;0;0;0;0
FR;10;2021-03-26;0;0;0;0;0;0;0;0;0;0;0;0;0;0;0;0;0;0
FR;10;2021-03-27;0;0;0;0;0;0;0;0;0;0;0;0;0;0;0;0;0;0
FR;10;2021-03-28;0;0;0;0;0;0;0;0;0;0;0;0;0;0;0;0;0;0
FR;10;2021-03-29;0;0;0;0;0;0;0;0;0;0;0;0;0;0;0;0;0;0
FR;10;2021-03-30;0;0;0;0;0;0;0;0;0;0;0;0;0;0;0;0;0;0
FR;10;2021-03-31;0;0;0;0;0;0;0;0;0;0;0;0;0;0;0;0;0;0
FR;10;2021-04-01;0;0;0;0;0;0;0;0;0;0;0;0;0;0;0;0;0;0
FR;10;2021-04-02;0;0;0;0;0;0;0;0;0;0;0;0;0;0;0;0;0;0
FR;10;2021-04-03;0;0;0;0;0;0;0;0;0;0;0;0;0;0;0;0;0;0
FR;10;2021-04-04;0;0;0;0;0;0;0;0;0;0;0;0;0;0;0;0;0;0
FR;10;2021-04-05;0;0;0;0;0;0;0;0;0;0;0;0;0;0;0;0;0;0
FR;10;2021-04-06;0;0;0;0;0;0;0;0;0;0;0;0;0;0;0;0;0;0
FR;10;2021-04-07;0;0;0;0;0;0;0;0;0;0;0;0;0;0;0;0;0;0
FR;10;2021-04-08;0;0;0;0;0;0;0;0;0;0;0;0;0;0;0;0;0;0
FR;10;2021-04-09;0;0;0;0;0;0;0;0;0;0;0;0;0;0;0;0;0;0
FR;10;2021-04-10;0;0;0;0;0;0;0;0;0;0;0;0;0;0;0;0;0;0
FR;10;2021-04-11;0;0;0;0;0;0;0;0;0;0;0;0;0;0;0;0;0;0
FR;10;2021-04-12;0;0;0;0;0;0;0;0;0;0;0;0;0;0;0;0;0;0
FR;10;2021-04-13;0;0;0;0;0;0;0;0;0;0;0;0;0;0;0;0;0;0
FR;10;2021-04-14;0;0;0;0;0;0;0;0;0;0;0;0;0;0;0;0;0;0
FR;10;2021-04-15;0;0;0;0;0;0;0;0;0;0;0;0;0;0;0;0;0;0
FR;10;2021-04-16;0;0;0;0;0;0;0;0;0;0;0;0;0;0;0;0;0;0
FR;10;2021-04-17;0;0;0;0;0;0;0;0;0;0;0;0;0;0;0;0;0;0
FR;10;2021-04-18;0;0;0;0;0;0;0;0;0;0;0;0;0;0;0;0;0;0
FR;10;2021-04-19;0;0;0;0;0;0;0;0;0;0;0;0;0;0;0;0;0;0
FR;10;2021-04-20;0;0;0;0;0;0;0;0;0;0;0;0;0;0;0;0;0;0
FR;10;2021-04-21;0;0;0;0;0;0;0;0;0;0;0;0;0;0;0;0;0;0
FR;10;2021-04-22;0;0;0;0;0;0;0;0;0;0;0;0;0;0;0;0;0;0
FR;10;2021-04-23;0;0;0;0;0;0;0;0;0;0;0;0;0;0;0;0;0;0
FR;10;2021-04-24;0;0;0;0;0;0;0;0;0;0;0;0;0;0;0;0;0;0
FR;10;2021-04-25;0;0;0;0;0;0;0;0;0;0;0;0;0;0;0;0;0;0
FR;10;2021-04-26;0;0;0;0;0;0;0;0;0;0;0;0;0;0;0;0;0;0
FR;10;2021-04-27;0;0;0;0;0;0;0;0;0;0;0;0;0;0;0;0;0;0
FR;10;2021-04-28;0;0;0;0;0;0;0;0;0;0;0;0;0;0;0;0;0;0
FR;10;2021-04-29;0;0;0;0;0;0;0;0;0;0;0;0;0;0;0;0;0;0
FR;10;2021-04-30;0;0;0;0;0;0;0;0;0;0;0;0;0;0;0;0;0;0
FR;10;2021-05-01;0;0;0;0;0;0;0;0;0;0;0;0;0;0;0;0;0;0
FR;10;2021-05-02;0;0;0;0;0;0;0;0;0;0;0;0;0;0;0;0;0;0
FR;10;2021-05-03;0;0;0;0;0;0;0;0;0;0;0;0;0;0;0;0;0;0
FR;10;2021-05-04;0;0;0;0;0;0;0;0;0;0;0;0;0;0;0;0;0;0
FR;10;2021-05-05;0;0;0;0;0;0;0;0;0;0;0;0;0;0;0;0;0;0
FR;10;2021-05-06;0;0;0;0;0;0;0;0;0;0;0;0;0;0;0;0;0;0
FR;10;2021-05-07;0;0;0;0;0;0;0;0;0;0;0;0;0;0;0;0;0;0
FR;10;2021-05-08;0;0;0;0;0;0;0;0;0;0;0;0;0;0;0;0;0;0
FR;10;2021-05-09;0;0;0;0;0;0;0;0;0;0;0;0;0;0;0;0;0;0
FR;10;2021-05-10;0;0;0;0;0;0;0;0;0;0;0;0;0;0;0;0;0;0
FR;10;2021-05-11;0;0;0;0;0;0;0;0;0;0;0;0;0;0;0;0;0;0
FR;10;2021-05-12;0;0;0;0;0;0;0;0;0;0;0;0;0;0;0;0;0;0
FR;10;2021-05-13;0;0;0;0;0;0;0;0;0;0;0;0;0;0;0;0;0;0
FR;10;2021-05-14;0;0;0;0;0;0;0;0;0;0;0;0;0;0;0;0;0;0
FR;10;2021-05-15;0;0;0;0;0;0;0;0;0;0;0;0;0;0;0;0;0;0
FR;10;2021-05-16;0;0;0;0;0;0;0;0;0;0;0;0;0;0;0;0;0;0
FR;10;2021-05-17;0;0;0;0;0;0;0;0;0;0;0;0;0;0;0;0;0;0
FR;10;2021-05-18;0;0;0;0;0;0;0;0;0;0;0;0;0;0;0;0;0;0
FR;10;2021-05-19;0;0;0;0;0;0;0;0;0;0;0;0;0;0;0;0;0;0
FR;10;2021-05-20;0;0;0;0;0;0;0;0;0;0;0;0;0;0;0;0;0;0
FR;10;2021-05-21;0;0;0;0;0;0;0;0;0;0;0;0;0;0;0;0;0;0
FR;10;2021-05-22;0;0;0;0;0;0;0;0;0;0;0;0;0;0;0;0;0;0
FR;10;2021-05-23;0;0;0;0;0;0;0;0;0;0;0;0;0;0;0;0;0;0
FR;10;2021-05-24;0;0;0;0;0;0;0;0;0;0;0;0;0;0;0;0;0;0
FR;10;2021-05-25;0;0;0;0;0;0;0;0;0;0;0;0;0;0;0;0;0;0
FR;10;2021-05-26;0;0;0;0;0;0;0;0;0;0;0;0;0;0;0;0;0;0
FR;10;2021-05-27;0;0;0;0;0;0;0;0;0;0;0;0;0;0;0;0;0;0
FR;10;2021-05-28;0;0;0;0;0;0;0;0;0;0;0;0;0;0;0;0;0;0
FR;10;2021-05-29;0;0;0;0;0;0;0;0;0;0;0;0;0;0;0;0;0;0
FR;10;2021-05-30;0;0;0;0;0;0;0;0;0;0;0;0;0;0;0;0;0;0
FR;10;2021-05-31;0;0;0;0;0;0;0;0;0;0;0;0;0;0;0;0;0;0
FR;10;2021-06-01;0;0;0;0;0;0;0;0;0;0;0;0;0;0;0;0;0;0
FR;10;2021-06-02;0;0;0;0;0;0;0;0;0;0;0;0;0;0;0;0;0;0
FR;10;2021-06-03;0;0;0;0;0;0;0;0;0;0;0;0;0;0;0;0;0;0
FR;10;2021-06-04;0;0;0;0;0;0;0;0;0;0;0;0;0;0;0;0;0;0
FR;10;2021-06-05;0;0;0;0;0;0;0;0;0;0;0;0;0;0;0;0;0;0
FR;10;2021-06-06;0;0;0;0;0;0;0;0;0;0;0;0;0;0;0;0;0;0
FR;10;2021-06-07;0;0;0;0;0;0;0;0;0;0;0;0;0;0;0;0;0;0
FR;10;2021-06-08;0;0;0;0;0;0;0;0;0;0;0;0;0;0;0;0;0;0
FR;10;2021-06-09;0;0;0;0;0;0;0;0;0;0;0;0;0;0;0;0;0;0
FR;10;2021-06-10;0;0;0;0;0;0;0;0;0;0;0;0;0;0;0;0;0;0
FR;10;2021-06-11;0;0;0;0;0;0;0;0;0;0;0;0;0;0;0;0;0;0
FR;10;2021-06-12;0;0;0;0;0;0;0;0;0;0;0;0;0;0;0;0;0;0
FR;10;2021-06-13;0;0;0;0;0;0;0;0;0;0;0;0;0;0;0;0;0;0
FR;10;2021-06-14;0;0;0;0;0;0;0;0;0;0;0;0;0;0;0;0;0;0
FR;10;2021-06-15;0;0;0;0;0;0;0;0;0;0;0;0;0;0;0;0;0;0
FR;10;2021-06-16;0;0;0;0;0;0;0;0;0;0;0;0;0;0;0;0;0;0
FR;10;2021-06-17;0;0;0;0;0;0;0;0;0;0;0;0;0;0;0;0;0;0
FR;10;2021-06-18;0;0;0;0;0;0;0;0;0;0;0;0;0;0;0;0;0;0
FR;10;2021-06-19;0;0;0;0;0;0;0;0;0;0;0;0;0;0;0;0;0;0
FR;10;2021-06-20;0;0;0;0;0;0;0;0;0;0;0;0;0;0;0;0;0;0
FR;10;2021-06-21;0;0;0;0;0;0;0;0;0;0;0;0;0;0;0;0;0;0
FR;10;2021-06-22;0;0;0;0;0;0;0;0;0;0;0;0;0;0;0;0;0;0
FR;10;2021-06-23;0;0;0;0;0;0;0;0;0;0;0;0;0;0;0;0;0;0
FR;10;2021-06-24;0;0;0;0;0;0;0;0;0;0;0;0;0;0;0;0;0;0
FR;10;2021-06-25;0;0;0;0;0;0;0;0;0;0;0;0;0;0;0;0;0;0
FR;10;2021-06-26;0;0;0;0;0;0;0;0;0;0;0;0;0;0;0;0;0;0
FR;10;2021-06-27;0;0;0;0;0;0;0;0;0;0;0;0;0;0;0;0;0;0
FR;10;2021-06-28;0;0;0;0;0;0;0;0;0;0;0;0;0;0;0;0;0;0
FR;10;2021-06-29;0;0;0;0;0;0;0;0;0;0;0;0;0;0;0;0;0;0
FR;10;2021-06-30;0;0;0;0;0;0;0;0;0;0;0;0;0;0;0;0;0;0
FR;10;2021-07-01;0;0;0;0;0;0;0;0;0;0;0;0;0;0;0;0;0;0
FR;10;2021-07-02;0;0;0;0;0;0;0;0;0;0;0;0;0;0;0;0;0;0
FR;10;2021-07-03;0;0;0;0;0;0;0;0;0;0;0;0;0;0;0;0;0;0
FR;10;2021-07-04;0;0;0;0;0;0;0;0;0;0;0;0;0;0;0;0;0;0
FR;10;2021-07-05;0;0;0;0;0;0;0;0;0;0;0;0;0;0;0;0;0;0
FR;10;2021-07-06;0;0;0;0;0;0;0;0;0;0;0;0;0;0;0;0;0;0
FR;10;2021-07-07;0;0;0;0;0;0;0;0;0;0;0;0;0;0;0;0;0;0
FR;10;2021-07-08;0;0;0;0;0;0;0;0;0;0;0;0;0;0;0;0;0;0
FR;10;2021-07-09;0;0;0;0;0;0;0;0;0;0;0;0;0;0;0;0;0;0
FR;10;2021-07-10;0;0;0;0;0;0;0;0;0;0;0;0;0;0;0;0;0;0
FR;10;2021-07-11;0;0;0;0;0;0;0;0;0;0;0;0;0;0;0;0;0;0
FR;10;2021-07-12;0;0;0;0;0;0;0;0;0;0;0;0;0;0;0;0;0;0
FR;10;2021-07-13;0;0;0;0;0;0;0;0;0;0;0;0;0;0;0;0;0;0
FR;10;2021-07-14;0;0;0;0;0;0;0;0;0;0;0;0;0;0;0;0;0;0
FR;10;2021-07-15;0;0;0;0;0;0;0;0;0;0;0;0;0;0;0;0;0;0
FR;10;2021-07-16;0;0;0;0;0;0;0;0;0;0;0;0;0;0;0;0;0;0
FR;10;2021-07-17;0;0;0;0;0;0;0;0;0;0;0;0;0;0;0;0;0;0
FR;10;2021-07-18;0;0;0;0;0;0;0;0;0;0;0;0;0;0;0;0;0;0
FR;10;2021-07-19;0;0;0;0;0;0;0;0;0;0;0;0;0;0;0;0;0;0
FR;10;2021-07-20;0;0;0;0;0;0;0;0;0;0;0;0;0;0;0;0;0;0
FR;10;2021-07-21;0;0;0;0;0;0;0;0;0;0;0;0;0;0;0;0;0;0
FR;10;2021-07-22;0;0;0;0;0;0;0;0;0;0;0;0;0;0;0;0;0;0
FR;10;2021-07-23;0;0;0;0;0;0;0;0;0;0;0;0;0;0;0;0;0;0
FR;10;2021-07-24;0;0;0;0;0;0;0;0;0;0;0;0;0;0;0;0;0;0
FR;10;2021-07-25;0;0;0;0;0;0;0;0;0;0;0;0;0;0;0;0;0;0
FR;10;2021-07-26;0;0;0;0;0;0;0;0;0;0;0;0;0;0;0;0;0;0
FR;10;2021-07-27;0;0;0;0;0;0;0;0;0;0;0;0;0;0;0;0;0;0
FR;10;2021-07-28;0;0;0;0;0;0;0;0;0;0;0;0;0;0;0;0;0;0
FR;10;2021-07-29;0;0;0;0;0;0;0;0;0;0;0;0;0;0;0;0;0;0
FR;10;2021-07-30;0;0;0;0;0;0;0;0;0;0;0;0;0;0;0;0;0;0
FR;10;2021-07-31;0;0;0;0;0;0;0;0;0;0;0;0;0;0;0;0;0;0
FR;10;2021-08-01;0;0;0;0;0;0;0;0;0;0;0;0;0;0;0;0;0;0
FR;10;2021-08-02;0;0;0;0;0;0;0;0;0;0;0;0;0;0;0;0;0;0
FR;10;2021-08-03;0;0;0;0;0;0;0;0;0;0;0;0;0;0;0;0;0;0
FR;10;2021-08-04;0;0;0;0;0;0;0;0;0;0;0;0;0;0;0;0;0;0
FR;10;2021-08-05;0;0;0;0;0;0;0;0;0;0;0;0;0;0;0;0;0;0
FR;10;2021-08-06;0;0;0;0;0;0;0;0;0;0;0;0;0;0;0;0;0;0
FR;10;2021-08-07;0;0;0;0;0;0;0;0;0;0;0;0;0;0;0;0;0;0
FR;10;2021-08-08;0;0;0;0;0;0;0;0;0;0;0;0;0;0;0;0;0;0
FR;10;2021-08-09;0;0;0;0;0;0;0;0;0;0;0;0;0;0;0;0;0;0
FR;10;2021-08-10;0;0;0;0;0;0;0;0;0;0;0;0;0;0;0;0;0;0
FR;10;2021-08-11;0;0;0;0;0;0;0;0;0;0;0;0;0;0;0;0;0;0
FR;10;2021-08-12;0;0;0;0;0;0;0;0;0;0;0;0;0;0;0;0;0;0
FR;10;2021-08-13;0;0;0;0;0;0;0;0;0;0;0;0;0;0;0;0;0;0
FR;10;2021-08-14;0;0;0;0;0;0;0;0;0;0;0;0;0;0;0;0;0;0
FR;10;2021-08-15;0;0;0;0;0;0;0;0;0;0;0;0;0;0;0;0;0;0
FR;10;2021-08-16;0;0;0;0;0;0;0;0;0;0;0;0;0;0;0;0;0;0
FR;10;2021-08-17;0;0;0;0;0;0;0;0;0;0;0;0;0;0;0;0;0;0
FR;10;2021-08-18;0;0;0;0;0;0;0;0;0;0;0;0;0;0;0;0;0;0
FR;10;2021-08-19;0;0;0;0;0;0;0;0;0;0;0;0;0;0;0;0;0;0
FR;10;2021-08-20;0;0;0;0;0;0;0;0;0;0;0;0;0;0;0;0;0;0
FR;10;2021-08-21;0;0;0;0;0;0;0;0;0;0;0;0;0;0;0;0;0;0
FR;10;2021-08-22;0;0;0;0;0;0;0;0;0;0;0;0;0;0;0;0;0;0
FR;10;2021-08-23;0;0;0;0;0;0;0;0;0;0;0;0;0;0;0;0;0;0
FR;10;2021-08-24;0;0;0;0;0;0;0;0;0;0;0;0;0;0;0;0;0;0
FR;10;2021-08-25;0;0;0;0;0;0;0;0;0;0;0;0;0;0;0;0;0;0
FR;10;2021-08-26;0;0;0;0;0;0;0;0;0;0;0;0;0;0;0;0;0;0
FR;10;2021-08-27;0;0;0;0;0;0;0;0;0;0;0;0;0;0;0;0;0;0
FR;10;2021-08-28;0;0;0;0;0;0;0;0;0;0;0;0;0;0;0;0;0;0
FR;10;2021-08-29;0;0;0;0;0;0;0;0;0;0;0;0;0;0;0;0;0;0
FR;10;2021-08-30;0;0;0;0;0;0;0;0;0;0;0;0;0;0;0;0;0;0
FR;10;2021-08-31;0;0;0;0;0;0;0;0;0;0;0;0;0;0;0;0;0;0
FR;10;2021-09-01;0;0;0;0;0;0;0;0;0;0;0;0;0;0;0;0;0;0
FR;10;2021-09-02;0;0;0;0;0;0;0;0;0;0;0;0;0;0;0;0;0;0
FR;10;2021-09-03;0;0;0;0;0;0;0;0;0;0;0;0;0;0;0;0;0;0
FR;10;2021-09-04;0;0;0;0;0;0;0;0;0;0;0;0;0;0;0;0;0;0
FR;10;2021-09-05;0;0;0;0;0;0;0;0;0;0;0;0;0;0;0;0;0;0
FR;10;2021-09-06;0;0;0;0;0;0;0;0;0;0;0;0;0;0;0;0;0;0
FR;10;2021-09-07;0;0;0;0;0;0;0;0;0;0;0;0;0;0;0;0;0;0
FR;10;2021-09-08;0;0;0;0;0;0;0;0;0;0;0;0;0;0;0;0;0;0
FR;10;2021-09-09;0;0;0;0;0;0;0;0;0;0;0;0;0;0;0;0;0;0
FR;10;2021-09-10;0;0;0;0;0;0;0;0;0;0;0;0;0;0;0;0;0;0
FR;10;2021-09-11;0;0;0;0;0;0;0;0;0;0;0;0;0;0;0;0;0;0
FR;10;2021-09-12;0;0;0;0;0;0;0;0;0;0;0;0;0;0;0;0;0;0
FR;10;2021-09-13;0;0;0;0;0;0;0;0;0;0;0;0;0;0;0;0;0;0
FR;10;2021-09-14;0;0;0;0;0;0;0;0;0;0;0;0;0;0;0;0;0;0
FR;10;2021-09-15;0;0;0;0;0;0;0;0;0;0;0;0;0;0;0;0;0;0
FR;10;2021-09-16;0;0;0;0;0;0;0;0;0;0;0;0;0;0;0;0;0;0
FR;10;2021-09-17;0;0;0;0;0;0;0;0;0;0;0;0;0;0;0;0;0;0
FR;10;2021-09-18;0;0;0;0;0;0;0;0;0;0;0;0;0;0;0;0;0;0
FR;10;2021-09-19;0;0;0;0;0;0;0;0;0;0;0;0;0;0;0;0;0;0
FR;10;2021-09-20;0;0;0;0;0;0;0;0;0;0;0;0;0;0;0;0;0;0
FR;10;2021-09-21;0;0;0;0;0;0;0;0;0;0;0;0;0;0;0;0;0;0
FR;10;2021-09-22;0;0;0;0;0;0;0;0;0;0;0;0;0;0;0;0;0;0
FR;10;2021-09-23;0;0;0;0;0;0;0;0;0;0;0;0;0;0;0;0;0;0
FR;10;2021-09-24;0;0;0;0;0;0;0;0;0;0;0;0;0;0;0;0;0;0
FR;10;2021-09-25;0;0;0;0;0;0;0;0;0;0;0;0;0;0;0;0;0;0
FR;10;2021-09-26;0;0;0;0;0;0;0;0;0;0;0;0;0;0;0;0;0;0
FR;10;2021-09-27;0;0;0;0;0;0;0;0;0;0;0;0;0;0;0;0;0;0
FR;10;2021-09-28;0;0;0;0;0;0;0;0;0;0;0;0;0;0;0;0;0;0
FR;10;2021-09-29;0;0;0;0;0;0;0;0;0;0;0;0;0;0;0;0;0;0
FR;10;2021-09-30;0;0;0;0;0;0;0;0;0;0;0;0;0;0;0;0;0;0
FR;10;2021-10-01;0;0;0;0;0;0;0;0;0;0;0;0;0;0;0;0;0;0
FR;10;2021-10-02;0;0;0;0;0;0;0;0;0;0;0;0;0;0;0;0;0;0
FR;10;2021-10-03;0;0;0;0;0;0;0;0;0;0;0;0;0;0;0;0;0;0
FR;10;2021-10-04;0;0;0;0;0;0;0;0;0;0;0;0;0;0;0;0;0;0
FR;10;2021-10-05;0;0;0;0;0;0;0;0;0;0;0;0;0;0;0;0;0;0
FR;10;2021-10-06;0;0;0;0;0;0;0;0;0;0;0;0;0;0;0;0;0;0
FR;10;2021-10-07;0;0;0;0;0;0;0;0;0;0;0;0;0;0;0;0;0;0
FR;10;2021-10-08;0;0;0;0;0;0;0;0;0;0;0;0;0;0;0;0;0;0
FR;10;2021-10-09;0;0;0;0;0;0;0;0;0;0;0;0;0;0;0;0;0;0
FR;10;2021-10-10;0;0;0;0;0;0;0;0;0;0;0;0;0;0;0;0;0;0
FR;10;2021-10-11;0;0;0;0;0;0;0;0;0;0;0;0;0;0;0;0;0;0
FR;10;2021-10-12;0;0;0;0;0;0;0;0;0;0;0;0;0;0;0;0;0;0
FR;10;2021-10-13;0;0;0;0;0;0;0;0;0;0;0;0;0;0;0;0;0;0
FR;10;2021-10-14;0;0;0;0;0;0;0;0;0;0;0;0;0;0;0;0;0;0
FR;10;2021-10-15;0;0;0;0;0;0;0;0;0;0;0;0;0;0;0;0;0;0
FR;10;2021-10-16;0;0;0;0;0;0;0;0;0;0;0;0;0;0;0;0;0;0
FR;10;2021-10-17;0;0;0;0;0;0;0;0;0;0;0;0;0;0;0;0;0;0
FR;10;2021-10-18;0;0;0;0;0;0;0;0;0;0;0;0;0;0;0;0;0;0
FR;10;2021-10-19;0;0;0;0;0;0;0;0;0;0;0;0;0;0;0;0;0;0
FR;10;2021-10-20;0;0;0;0;0;0;0;0;0;0;0;0;0;0;0;0;0;0
FR;10;2021-10-21;0;0;0;0;0;0;0;0;0;0;0;0;0;0;0;0;0;0
FR;10;2021-10-22;0;0;0;0;0;0;0;0;0;0;0;0;0;0;0;0;0;0
FR;10;2021-10-23;0;0;0;0;0;0;0;0;0;0;0;0;0;0;0;0;0;0
FR;10;2021-10-24;0;0;0;0;0;0;0;0;0;0;0;0;0;0;0;0;0;0
FR;10;2021-10-25;0;0;0;0;0;0;0;0;0;0;0;0;0;0;0;0;0;0
FR;10;2021-10-26;0;0;0;0;0;0;0;0;0;0;0;0;0;0;0;0;0;0
FR;10;2021-10-27;0;0;0;0;0;0;0;0;0;0;0;0;0;0;0;0;0;0
FR;10;2021-10-28;0;0;0;0;0;0;0;0;0;0;0;0;0;0;0;0;0;0
FR;10;2021-10-29;0;0;0;0;0;0;0;0;0;0;0;0;0;0;0;0;0;0
FR;10;2021-10-30;0;0;0;0;0;0;0;0;0;0;0;0;0;0;0;0;0;0
FR;10;2021-10-31;0;0;0;0;0;0;0;0;0;0;0;0;0;0;0;0;0;0
FR;10;2021-11-01;0;0;0;0;0;0;0;0;0;0;0;0;0;0;0;0;0;0
FR;10;2021-11-02;0;0;0;0;0;0;0;0;0;0;0;0;0;0;0;0;0;0
FR;10;2021-11-03;0;0;0;0;0;0;0;0;0;0;0;0;0;0;0;0;0;0
FR;10;2021-11-04;0;0;0;0;0;0;0;0;0;0;0;0;0;0;0;0;0;0
FR;10;2021-11-05;0;0;0;0;0;0;0;0;0;0;0;0;0;0;0;0;0;0
FR;10;2021-11-06;0;0;0;0;0;0;0;0;0;0;0;0;0;0;0;0;0;0
FR;10;2021-11-07;0;0;0;0;0;0;0;0;0;0;0;0;0;0;0;0;0;0
FR;10;2021-11-08;0;0;0;0;0;0;0;0;0;0;0;0;0;0;0;0;0;0
FR;10;2021-11-09;0;0;0;0;0;0;0;0;0;0;0;0;0;0;0;0;0;0
FR;10;2021-11-10;0;0;0;0;0;0;0;0;0;0;0;0;0;0;0;0;0;0
FR;10;2021-11-11;0;0;0;0;0;0;0;0;0;0;0;0;0;0;0;0;0;0
FR;10;2021-11-12;0;0;0;0;0;0;0;0;0;0;0;0;0;0;0;0;0;0
FR;10;2021-11-13;0;0;0;0;0;0;0;0;0;0;0;0;0;0;0;0;0;0
FR;10;2021-11-14;0;0;0;0;0;0;0;0;0;0;0;0;0;0;0;0;0;0
FR;10;2021-11-15;0;0;0;0;0;0;0;0;0;0;0;0;0;0;0;0;0;0
FR;10;2021-11-16;0;0;0;0;0;0;0;0;0;0;0;0;0;0;0;0;0;0
FR;10;2021-11-17;0;0;0;0;0;0;0;0;0;0;0;0;0;0;0;0;0;0
FR;10;2021-11-18;0;0;0;0;0;0;0;0;0;0;0;0;0;0;0;0;0;0
FR;10;2021-11-19;0;0;0;0;0;0;0;0;0;0;0;0;0;0;0;0;0;0
FR;10;2021-11-20;0;0;0;0;0;0;0;0;0;0;0;0;0;0;0;0;0;0
FR;10;2021-11-21;0;0;0;0;0;0;0;0;0;0;0;0;0;0;0;0;0;0
FR;10;2021-11-22;0;0;0;0;0;0;0;0;0;0;0;0;0;0;0;0;0;0
FR;10;2021-11-23;0;0;0;0;0;0;0;0;0;0;0;0;0;0;0;0;0;0
FR;10;2021-11-24;0;0;0;0;0;0;0;0;0;0;0;0;0;0;0;0;0;0
FR;10;2021-11-25;0;0;0;0;0;0;0;0;0;0;0;0;0;0;0;0;0;0
FR;10;2021-11-26;0;0;0;0;0;0;0;0;0;0;0;0;0;0;0;0;0;0
FR;10;2021-11-27;0;0;0;0;0;0;0;0;0;0;0;0;0;0;0;0;0;0
FR;10;2021-11-28;0;0;0;0;0;0;0;0;0;0;0;0;0;0;0;0;0;0
FR;10;2021-11-29;0;0;0;0;0;0;0;0;0;0;0;0;0;0;0;0;0;0
FR;10;2021-11-30;0;0;0;0;0;0;0;0;0;0;0;0;0;0;0;0;0;0
FR;10;2021-12-01;0;0;0;0;0;0;0;0;0;0;0;0;0;0;0;0;0;0
FR;10;2021-12-02;0;0;0;0;0;0;0;0;0;0;0;0;0;0;0;0;0;0
FR;10;2021-12-03;0;0;0;0;0;0;0;0;0;0;0;0;0;0;0;0;0;0
FR;10;2021-12-04;0;0;0;0;0;0;0;0;0;0;0;0;0;0;0;0;0;0
FR;10;2021-12-05;0;0;0;0;0;0;0;0;0;0;0;0;0;0;0;0;0;0
FR;10;2021-12-06;0;0;0;0;0;0;0;0;0;0;0;0;0;0;0;0;0;0
FR;10;2021-12-07;0;0;0;0;0;0;0;0;0;0;0;0;0;0;0;0;0;0
FR;10;2021-12-08;0;0;0;0;0;0;0;0;0;0;0;0;0;0;0;0;0;0
FR;10;2021-12-09;0;0;0;0;0;0;0;0;0;0;0;0;0;0;0;0;0;0
FR;10;2021-12-10;0;0;0;0;0;0;0;0;0;0;0;0;0;0;0;0;0;0
FR;10;2021-12-11;0;0;0;0;0;0;0;0;0;0;0;0;0;0;0;0;0;0
FR;10;2021-12-12;0;0;0;0;0;0;0;0;0;0;0;0;0;0;0;0;0;0
FR;10;2021-12-13;0;0;0;0;0;0;0;0;0;0;0;0;0;0;0;0;0;0
FR;10;2021-12-14;0;0;0;0;0;0;0;0;0;0;0;0;0;0;0;0;0;0
FR;10;2021-12-15;0;0;0;0;0;0;0;0;0;0;0;0;0;0;0;0;0;0
FR;10;2021-12-16;0;0;0;0;0;0;0;0;0;0;0;0;0;0;0;0;0;0
FR;10;2021-12-17;0;0;0;0;0;0;0;0;0;0;0;0;0;0;0;0;0;0
FR;10;2021-12-18;0;0;0;0;0;0;0;0;0;0;0;0;0;0;0;0;0;0
FR;10;2021-12-19;0;0;0;0;0;0;0;0;0;0;0;0;0;0;0;0;0;0
FR;10;2021-12-20;0;0;0;0;0;0;0;0;0;0;0;0;0;0;0;0;0;0
FR;10;2021-12-21;0;0;0;0;0;0;0;0;0;0;0;0;0;0;0;0;0;0
FR;10;2021-12-22;0;0;0;0;0;0;0;0;0;0;0;0;0;0;0;0;0;0
FR;10;2021-12-23;0;0;0;0;0;0;0;0;0;0;0;0;0;0;0;0;0;0
FR;10;2021-12-24;0;0;0;0;0;0;0;0;0;0;0;0;0;0;0;0;0;0
FR;10;2021-12-25;0;0;0;0;0;0;0;0;0;0;0;0;0;0;0;0;0;0
FR;10;2021-12-26;0;0;0;0;0;0;0;0;0;0;0;0;0;0;0;0;0;0
FR;10;2021-12-27;0;0;0;0;0;0;0;0;0;0;0;0;0;0;0;0;0;0
FR;10;2021-12-28;0;0;0;0;0;0;0;0;0;0;0;0;0;0;0;0;0;0
FR;10;2021-12-29;0;0;0;0;0;0;0;0;0;0;0;0;0;0;0;0;0;0
FR;10;2021-12-30;0;0;0;0;0;0;0;0;0;0;0;0;0;0;0;0;0;0
FR;10;2021-12-31;0;0;0;0;0;0;0;0;0;0;0;0;0;0;0;0;0;0
FR;10;2022-01-01;0;0;0;0;0;0;0;0;0;0;0;0;0;0;0;0;0;0
FR;10;2022-01-02;0;0;0;0;0;0;0;0;0;0;0;0;0;0;0;0;0;0
FR;10;2022-01-03;0;0;0;0;0;0;0;0;0;0;0;0;0;0;0;0;0;0
FR;10;2022-01-04;0;0;0;0;0;0;0;0;0;0;0;0;0;0;0;0;0;0
FR;10;2022-01-05;0;0;0;0;0;0;0;0;0;0;0;0;0;0;0;0;0;0
FR;10;2022-01-06;0;0;0;0;0;0;0;0;0;0;0;0;0;0;0;0;0;0
FR;10;2022-01-07;0;0;0;0;0;0;0;0;0;0;0;0;0;0;0;0;0;0
FR;10;2022-01-08;0;0;0;0;0;0;0;0;0;0;0;0;0;0;0;0;0;0
FR;10;2022-01-09;0;0;0;0;0;0;0;0;0;0;0;0;0;0;0;0;0;0
FR;10;2022-01-10;0;0;0;0;0;0;0;0;0;0;0;0;0;0;0;0;0;0
FR;10;2022-01-11;0;0;0;0;0;0;0;0;0;0;0;0;0;0;0;0;0;0
FR;10;2022-01-12;0;0;0;0;0;0;0;0;0;0;0;0;0;0;0;0;0;0
FR;10;2022-01-13;0;0;0;0;0;0;0;0;0;0;0;0;0;0;0;0;0;0
FR;10;2022-01-14;0;0;0;0;0;0;0;0;0;0;0;0;0;0;0;0;0;0
FR;10;2022-01-15;0;0;0;0;0;0;0;0;0;0;0;0;0;0;0;0;0;0
FR;10;2022-01-16;0;0;0;0;0;0;0;0;0;0;0;0;0;0;0;0;0;0
FR;10;2022-01-17;0;0;0;0;0;0;0;0;0;0;0;0;0;0;0;0;0;0
FR;10;2022-01-18;0;0;0;0;0;0;0;0;0;0;0;0;0;0;0;0;0;0
FR;10;2022-01-19;0;0;0;0;0;0;0;0;0;0;0;0;0;0;0;0;0;0
FR;10;2022-01-20;0;0;0;0;0;0;0;0;0;0;0;0;0;0;0;0;0;0
FR;10;2022-01-21;0;0;0;0;0;0;0;0;0;0;0;0;0;0;0;0;0;0
FR;10;2022-01-22;0;0;0;0;0;0;0;0;0;0;0;0;0;0;0;0;0;0
FR;10;2022-01-23;0;0;0;0;0;0;0;0;0;0;0;0;0;0;0;0;0;0
FR;10;2022-01-24;0;0;0;0;0;0;0;0;0;0;0;0;0;0;0;0;0;0
FR;10;2022-01-25;0;0;0;0;0;0;0;0;0;0;0;0;0;0;0;0;0;0
FR;10;2022-01-26;0;0;0;0;0;0;0;0;0;0;0;0;0;0;0;0;0;0
FR;10;2022-01-27;0;0;0;0;0;0;0;0;0;0;0;0;0;0;0;0;0;0
FR;10;2022-01-28;0;0;0;0;0;0;0;0;0;0;0;0;0;0;0;0;0;0
FR;10;2022-01-29;0;0;0;0;0;0;0;0;0;0;0;0;0;0;0;0;0;0
FR;10;2022-01-30;0;0;0;0;0;0;0;0;0;0;0;0;0;0;0;0;0;0
FR;10;2022-01-31;0;0;0;0;0;0;0;0;0;0;0;0;0;0;0;0;0;0
FR;10;2022-02-01;0;0;0;0;0;0;0;0;0;0;0;0;0;0;0;0;0;0
FR;10;2022-02-02;0;0;0;0;0;0;0;0;0;0;0;0;0;0;0;0;0;0
FR;10;2022-02-03;0;0;0;0;0;0;0;0;0;0;0;0;0;0;0;0;0;0
FR;10;2022-02-04;0;0;0;0;0;0;0;0;0;0;0;0;0;0;0;0;0;0
FR;10;2022-02-05;0;0;0;0;0;0;0;0;0;0;0;0;0;0;0;0;0;0
FR;10;2022-02-06;0;0;0;0;0;0;0;0;0;0;0;0;0;0;0;0;0;0
FR;10;2022-02-07;0;0;0;0;0;0;0;0;0;0;0;0;0;0;0;0;0;0
FR;10;2022-02-08;0;0;0;0;0;0;0;0;0;0;0;0;0;0;0;0;0;0
FR;10;2022-02-09;0;0;0;0;0;0;0;0;0;0;0;0;0;0;0;0;0;0
FR;10;2022-02-10;0;0;0;0;0;0;0;0;0;0;0;0;0;0;0;0;0;0
FR;10;2022-02-11;0;0;0;0;0;0;0;0;0;0;0;0;0;0;0;0;0;0
FR;10;2022-02-12;0;0;0;0;0;0;0;0;0;0;0;0;0;0;0;0;0;0
FR;10;2022-02-13;0;0;0;0;0;0;0;0;0;0;0;0;0;0;0;0;0;0
FR;10;2022-02-14;0;0;0;0;0;0;0;0;0;0;0;0;0;0;0;0;0;0
FR;10;2022-02-15;0;0;0;0;0;0;0;0;0;0;0;0;0;0;0;0;0;0
FR;10;2022-02-16;0;0;0;0;0;0;0;0;0;0;0;0;0;0;0;0;0;0
FR;10;2022-02-17;0;0;0;0;0;0;0;0;0;0;0;0;0;0;0;0;0;0
FR;10;2022-02-18;0;0;0;0;0;0;0;0;0;0;0;0;0;0;0;0;0;0
FR;10;2022-02-19;0;0;0;0;0;0;0;0;0;0;0;0;0;0;0;0;0;0
FR;10;2022-02-20;0;0;0;0;0;0;0;0;0;0;0;0;0;0;0;0;0;0
FR;10;2022-02-21;0;0;0;0;0;0;0;0;0;0;0;0;0;0;0;0;0;0
FR;10;2022-02-22;0;0;0;0;0;0;0;0;0;0;0;0;0;0;0;0;0;0
FR;10;2022-02-23;0;0;0;0;0;0;0;0;0;0;0;0;0;0;0;0;0;0
FR;10;2022-02-24;0;0;0;0;0;0;0;0;0;0;0;0;0;0;0;0;0;0
FR;10;2022-02-25;0;0;0;0;0;0;0;0;0;0;0;0;0;0;0;0;0;0
FR;10;2022-02-26;0;0;0;0;0;0;0;0;0;0;0;0;0;0;0;0;0;0
FR;10;2022-02-27;0;0;0;0;0;0;0;0;0;0;0;0;0;0;0;0;0;0
FR;10;2022-02-28;0;0;0;0;0;0;0;0;0;0;0;0;0;0;0;0;0;0
FR;10;2022-03-01;0;0;0;0;0;0;0;0;0;0;0;0;0;0;0;0;0;0
FR;10;2022-03-02;0;0;0;0;0;0;0;0;0;0;0;0;0;0;0;0;0;0
FR;10;2022-03-03;0;0;0;0;0;0;0;0;0;0;0;0;0;0;0;0;0;0
FR;10;2022-03-04;0;0;0;0;0;0;0;0;0;0;0;0;0;0;0;0;0;0
FR;10;2022-03-05;0;0;0;0;0;0;0;0;0;0;0;0;0;0;0;0;0;0
FR;10;2022-03-06;0;0;0;0;0;0;0;0;0;0;0;0;0;0;0;0;0;0
FR;10;2022-03-07;0;0;0;0;0;0;0;0;0;0;0;0;0;0;0;0;0;0
FR;10;2022-03-08;0;0;0;0;0;0;0;0;0;0;0;0;0;0;0;0;0;0
FR;10;2022-03-09;0;0;0;0;0;0;0;0;0;0;0;0;0;0;0;0;0;0
FR;10;2022-03-10;0;0;0;0;0;0;0;0;0;0;0;0;0;0;0;0;0;0
FR;10;2022-03-11;0;0;0;0;0;0;0;0;0;0;0;0;0;0;0;0;0;0
FR;10;2022-03-12;0;0;0;0;0;0;0;0;0;0;0;0;0;0;0;0;0;0
FR;10;2022-03-13;0;0;0;0;0;0;0;0;0;0;0;0;0;0;0;0;0;0
FR;10;2022-03-14;0;0;0;0;0;0;0;0;0;0;0;0;0;0;0;0;0;0
FR;10;2022-03-15;0;0;0;0;0;0;0;0;0;0;0;0;0;0;0;0;0;0
FR;10;2022-03-16;0;0;0;0;0;0;0;0;0;0;0;0;0;0;0;0;0;0
FR;10;2022-03-17;0;0;0;0;0;0;0;0;0;0;0;0;0;0;0;0;0;0
FR;10;2022-03-18;0;0;0;0;0;0;0;0;0;0;0;0;0;0;0;0;0;0
FR;10;2022-03-19;0;0;0;0;0;0;0;0;0;0;0;0;0;0;0;0;0;0
FR;10;2022-03-20;0;0;0;0;0;0;0;0;0;0;0;0;0;0;0;0;0;0
FR;10;2022-03-21;0;0;0;0;0;0;0;0;0;0;0;0;0;0;0;0;0;0
FR;10;2022-03-22;0;0;0;0;0;0;0;0;0;0;0;0;0;0;0;0;0;0
FR;10;2022-03-23;0;0;0;0;0;0;0;0;0;0;0;0;0;0;0;0;0;0
FR;10;2022-03-24;0;0;0;0;0;0;0;0;0;0;0;0;0;0;0;0;0;0
FR;10;2022-03-25;0;0;0;0;0;0;0;0;0;0;0;0;0;0;0;0;0;0
FR;10;2022-03-26;0;0;0;0;0;0;0;0;0;0;0;0;0;0;0;0;0;0
FR;10;2022-03-27;0;0;0;0;0;0;0;0;0;0;0;0;0;0;0;0;0;0
FR;10;2022-03-28;0;0;0;0;0;0;0;0;0;0;0;0;0;0;0;0;0;0
FR;10;2022-03-29;0;0;0;0;0;0;0;0;0;0;0;0;0;0;0;0;0;0
FR;10;2022-03-30;0;0;0;0;0;0;0;0;0;0;0;0;0;0;0;0;0;0
FR;10;2022-03-31;0;0;0;0;0;0;0;0;0;0;0;0;0;0;0;0;0;0
FR;10;2022-04-01;0;0;0;0;0;0;0;0;0;0;0;0;0;0;0;0;0;0
FR;10;2022-04-02;0;0;0;0;0;0;0;0;0;0;0;0;0;0;0;0;0;0
FR;10;2022-04-03;0;0;0;0;0;0;0;0;0;0;0;0;0;0;0;0;0;0
FR;10;2022-04-04;0;0;0;0;0;0;0;0;0;0;0;0;0;0;0;0;0;0
FR;10;2022-04-05;0;0;0;0;0;0;0;0;0;0;0;0;0;0;0;0;0;0
FR;10;2022-04-06;0;0;0;0;0;0;0;0;0;0;0;0;0;0;0;0;0;0
FR;10;2022-04-07;0;0;0;0;0;0;0;0;0;0;0;0;0;0;0;0;0;0
FR;10;2022-04-08;0;0;0;0;0;0;0;0;0;0;0;0;0;0;0;0;0;0
FR;10;2022-04-09;0;0;0;0;0;0;0;0;0;0;0;0;0;0;0;0;0;0
FR;10;2022-04-10;0;0;0;0;0;0;0;0;0;0;0;0;0;0;0;0;0;0
FR;10;2022-04-11;0;0;0;0;0;0;0;0;0;0;0;0;0;0;0;0;0;0
FR;10;2022-04-12;0;0;0;0;0;0;0;0;0;0;0;0;0;0;0;0;0;0
FR;10;2022-04-13;0;0;0;0;0;0;0;0;0;0;0;0;0;0;0;0;0;0
FR;10;2022-04-14;0;0;0;0;0;0;0;0;0;0;0;0;0;0;0;0;0;0
FR;10;2022-04-15;0;0;0;0;0;0;0;0;0;0;0;0;0;0;0;0;0;0
FR;10;2022-04-16;0;0;0;0;0;0;0;0;0;0;0;0;0;0;0;0;0;0
FR;10;2022-04-17;0;0;0;0;0;0;0;0;0;0;0;0;0;0;0;0;0;0
FR;10;2022-04-18;0;0;0;0;0;0;0;0;0;0;0;0;0;0;0;0;0;0
FR;10;2022-04-19;0;0;0;0;0;0;0;0;0;0;0;0;0;0;0;0;0;0
FR;10;2022-04-20;0;0;0;0;0;0;0;0;0;0;0;0;0;0;0;0;0;0
FR;10;2022-04-21;0;0;0;0;0;0;0;0;0;0;0;0;0;0;0;0;0;0
FR;10;2022-04-22;0;0;0;0;0;0;0;0;0;0;0;0;0;0;0;0;0;0
FR;10;2022-04-23;0;0;0;0;0;0;0;0;0;0;0;0;0;0;0;0;0;0
FR;10;2022-04-24;0;0;0;0;0;0;0;0;0;0;0;0;0;0;0;0;0;0
FR;10;2022-04-25;0;0;0;0;0;0;0;0;0;0;0;0;0;0;0;0;0;0
FR;10;2022-04-26;0;0;0;0;0;0;0;0;0;0;0;0;0;0;0;0;0;0
FR;10;2022-04-27;0;0;0;0;0;0;0;0;0;0;0;0;0;0;0;0;0;0
FR;10;2022-04-28;0;0;0;0;0;0;0;0;0;0;0;0;0;0;0;0;0;0
FR;10;2022-04-29;0;0;0;0;0;0;0;0;0;0;0;0;0;0;0;0;0;0
FR;10;2022-04-30;0;0;0;0;0;0;0;0;0;0;0;0;0;0;0;0;0;0
FR;10;2022-05-01;0;0;0;0;0;0;0;0;0;0;0;0;0;0;0;0;0;0
FR;10;2022-05-02;0;0;0;0;0;0;0;0;0;0;0;0;0;0;0;0;0;0
FR;10;2022-05-03;0;0;0;0;0;0;0;0;0;0;0;0;0;0;0;0;0;0
FR;10;2022-05-04;0;0;0;0;0;0;0;0;0;0;0;0;0;0;0;0;0;0
FR;10;2022-05-05;0;0;0;0;0;0;0;0;0;0;0;0;0;0;0;0;0;0
FR;10;2022-05-06;0;0;0;0;0;0;0;0;0;0;0;0;0;0;0;0;0;0
FR;10;2022-05-07;0;0;0;0;0;0;0;0;0;0;0;0;0;0;0;0;0;0
FR;10;2022-05-08;0;0;0;0;0;0;0;0;0;0;0;0;0;0;0;0;0;0
FR;10;2022-05-09;0;0;0;0;0;0;0;0;0;0;0;0;0;0;0;0;0;0
FR;10;2022-05-10;0;0;0;0;0;0;0;0;0;0;0;0;0;0;0;0;0;0
FR;10;2022-05-11;0;0;0;0;0;0;0;0;0;0;0;0;0;0;0;0;0;0
FR;10;2022-05-12;0;0;0;0;0;0;0;0;0;0;0;0;0;0;0;0;0;0
FR;10;2022-05-13;0;0;0;0;0;0;0;0;0;0;0;0;0;0;0;0;0;0
FR;10;2022-05-14;0;0;0;0;0;0;0;0;0;0;0;0;0;0;0;0;0;0
FR;10;2022-05-15;0;0;0;0;0;0;0;0;0;0;0;0;0;0;0;0;0;0
FR;10;2022-05-16;0;0;0;0;0;0;0;0;0;0;0;0;0;0;0;0;0;0
FR;10;2022-05-17;0;0;0;0;0;0;0;0;0;0;0;0;0;0;0;0;0;0
FR;10;2022-05-18;0;0;0;0;0;0;0;0;0;0;0;0;0;0;0;0;0;0
FR;10;2022-05-19;0;0;0;0;0;0;0;0;0;0;0;0;0;0;0;0;0;0
FR;10;2022-05-20;0;0;0;0;0;0;0;0;0;0;0;0;0;0;0;0;0;0
FR;10;2022-05-21;0;0;0;0;0;0;0;0;0;0;0;0;0;0;0;0;0;0
FR;10;2022-05-22;0;0;0;0;0;0;0;0;0;0;0;0;0;0;0;0;0;0
FR;10;2022-05-23;0;0;0;0;0;0;0;0;0;0;0;0;0;0;0;0;0;0
FR;10;2022-05-24;0;0;0;0;0;0;0;0;0;0;0;0;0;0;0;0;0;0
FR;10;2022-05-25;0;0;0;0;0;0;0;0;0;0;0;0;0;0;0;0;0;0
FR;10;2022-05-26;0;0;0;0;0;0;0;0;0;0;0;0;0;0;0;0;0;0
FR;10;2022-05-27;0;0;0;0;0;0;0;0;0;0;0;0;0;0;0;0;0;0
FR;10;2022-05-28;0;0;0;0;0;0;0;0;0;0;0;0;0;0;0;0;0;0
FR;10;2022-05-29;0;0;0;0;0;0;0;0;0;0;0;0;0;0;0;0;0;0
FR;10;2022-05-30;0;0;0;0;0;0;0;0;0;0;0;0;0;0;0;0;0;0
FR;10;2022-05-31;0;0;0;0;0;0;0;0;0;0;0;0;0;0;0;0;0;0
FR;10;2022-06-01;0;0;0;0;0;0;0;0;0;0;0;0;0;0;0;0;0;0
FR;10;2022-06-02;0;0;0;0;0;0;0;0;0;0;0;0;0;0;0;0;0;0
FR;10;2022-06-03;0;0;0;0;0;0;0;0;0;0;0;0;0;0;0;0;0;0
FR;10;2022-06-04;0;0;0;0;0;0;0;0;0;0;0;0;0;0;0;0;0;0
FR;10;2022-06-05;0;0;0;0;0;0;0;0;0;0;0;0;0;0;0;0;0;0
FR;10;2022-06-06;0;0;0;0;0;0;0;0;0;0;0;0;0;0;0;0;0;0
FR;10;2022-06-07;0;0;0;0;0;0;0;0;0;0;0;0;0;0;0;0;0;0
FR;10;2022-06-08;0;0;0;0;0;0;0;0;0;0;0;0;0;0;0;0;0;0
FR;10;2022-06-09;0;0;0;0;0;0;0;0;0;0;0;0;0;0;0;0;0;0
FR;10;2022-06-10;0;0;0;0;0;0;0;0;0;0;0;0;0;0;0;0;0;0
FR;10;2022-06-11;0;0;0;0;0;0;0;0;0;0;0;0;0;0;0;0;0;0
FR;10;2022-06-12;0;0;0;0;0;0;0;0;0;0;0;0;0;0;0;0;0;0
FR;10;2022-06-13;0;0;0;0;0;0;0;0;0;0;0;0;0;0;0;0;0;0
FR;10;2022-06-14;0;0;0;0;0;0;0;0;0;0;0;0;0;0;0;0;0;0
FR;10;2022-06-15;0;0;0;0;0;0;0;0;0;0;0;0;0;0;0;0;0;0
FR;10;2022-06-16;0;0;0;0;0;0;0;0;0;0;0;0;0;0;0;0;0;0
FR;10;2022-06-17;0;0;0;0;0;0;0;0;0;0;0;0;0;0;0;0;0;0
FR;10;2022-06-18;0;0;0;0;0;0;0;0;0;0;0;0;0;0;0;0;0;0
FR;10;2022-06-19;0;0;0;0;0;0;0;0;0;0;0;0;0;0;0;0;0;0
FR;10;2022-06-20;0;0;0;0;0;0;0;0;0;0;0;0;0;0;0;0;0;0
FR;10;2022-06-21;0;0;0;0;0;0;0;0;0;0;0;0;0;0;0;0;0;0
FR;10;2022-06-22;0;0;0;0;0;0;0;0;0;0;0;0;0;0;0;0;0;0
FR;10;2022-06-23;0;0;0;0;0;0;0;0;0;0;0;0;0;0;0;0;0;0
FR;10;2022-06-24;0;0;0;0;0;0;0;0;0;0;0;0;0;0;0;0;0;0
FR;10;2022-06-25;0;0;0;0;0;0;0;0;0;0;0;0;0;0;0;0;0;0
FR;10;2022-06-26;0;0;0;0;0;0;0;0;0;0;0;0;0;0;0;0;0;0
FR;10;2022-06-27;0;0;0;0;0;0;0;0;0;0;0;0;0;0;0;0;0;0
FR;10;2022-06-28;0;0;0;0;0;0;0;0;0;0;0;0;0;0;0;0;0;0
FR;10;2022-06-29;0;0;0;0;0;0;0;0;0;0;0;0;0;0;0;0;0;0
FR;10;2022-06-30;0;0;0;0;0;0;0;0;0;0;0;0;0;0;0;0;0;0
FR;10;2022-07-01;0;0;0;0;0;0;0;0;0;0;0;0;0;0;0;0;0;0
FR;10;2022-07-02;0;0;0;0;0;0;0;0;0;0;0;0;0;0;0;0;0;0
FR;10;2022-07-03;0;0;0;0;0;0;0;0;0;0;0;0;0;0;0;0;0;0
FR;10;2022-07-04;0;0;0;0;0;0;0;0;0;0;0;0;0;0;0;0;0;0
FR;10;2022-07-05;0;0;0;0;0;0;0;0;0;0;0;0;0;0;0;0;0;0
FR;10;2022-07-06;0;0;0;0;0;0;0;0;0;0;0;0;0;0;0;0;0;0
FR;10;2022-07-07;0;0;0;0;0;0;0;0;0;0;0;0;0;0;0;0;0;0
FR;10;2022-07-08;0;0;0;0;0;0;0;0;0;0;0;0;0;0;0;0;0;0
FR;10;2022-07-09;0;0;0;0;0;0;0;0;0;0;0;0;0;0;0;0;0;0
FR;10;2022-07-10;0;0;0;0;0;0;0;0;0;0;0;0;0;0;0;0;0;0
FR;10;2022-07-11;0;0;0;0;0;0;0;0;0;0;0;0;0;0;0;0;0;0
FR;10;2022-07-12;0;0;0;0;0;0;0;0;0;0;0;0;0;0;0;0;0;0
FR;10;2022-07-13;0;0;0;0;0;0;0;0;0;0;0;0;0;0;0;0;0;0
FR;10;2022-07-14;0;0;0;0;0;0;0;0;0;0;0;0;0;0;0;0;0;0
FR;10;2022-07-15;0;0;0;0;0;0;0;0;0;0;0;0;0;0;0;0;0;0
FR;10;2022-07-16;0;0;0;0;0;0;0;0;0;0;0;0;0;0;0;0;0;0
FR;10;2022-07-17;0;0;0;0;0;0;0;0;0;0;0;0;0;0;0;0;0;0
FR;10;2022-07-18;0;0;0;0;0;0;0;0;0;0;0;0;0;0;0;0;0;0
FR;10;2022-07-19;0;0;0;0;0;0;0;0;0;0;0;0;0;0;0;0;0;0
FR;10;2022-07-20;0;0;0;0;0;0;0;0;0;0;0;0;0;0;0;0;0;0
FR;10;2022-07-21;0;0;0;0;0;0;0;0;0;0;0;0;0;0;0;0;0;0
FR;10;2022-07-22;0;0;0;0;0;0;0;0;0;0;0;0;0;0;0;0;0;0
FR;10;2022-07-23;0;0;0;0;0;0;0;0;0;0;0;0;0;0;0;0;0;0
FR;10;2022-07-24;0;0;0;0;0;0;0;0;0;0;0;0;0;0;0;0;0;0
FR;10;2022-07-25;0;0;0;0;0;0;0;0;0;0;0;0;0;0;0;0;0;0
FR;10;2022-07-26;0;0;0;0;0;0;0;0;0;0;0;0;0;0;0;0;0;0
FR;10;2022-07-27;0;0;0;0;0;0;0;0;0;0;0;0;0;0;0;0;0;0
FR;10;2022-07-28;0;0;0;0;0;0;0;0;0;0;0;0;0;0;0;0;0;0
FR;10;2022-07-29;0;0;0;0;0;0;0;0;0;0;0;0;0;0;0;0;0;0
FR;10;2022-07-30;0;0;0;0;0;0;0;0;0;0;0;0;0;0;0;0;0;0
FR;10;2022-07-31;0;0;0;0;0;0;0;0;0;0;0;0;0;0;0;0;0;0
FR;10;2022-08-01;0;0;0;0;0;0;0;0;0;0;0;0;0;0;0;0;0;0
FR;10;2022-08-02;0;0;0;0;0;0;0;0;0;0;0;0;0;0;0;0;0;0
FR;10;2022-08-03;0;0;0;0;0;0;0;0;0;0;0;0;0;0;0;0;0;0
FR;10;2022-08-04;0;0;0;0;0;0;0;0;0;0;0;0;0;0;0;0;0;0
FR;10;2022-08-05;0;0;0;0;0;0;0;0;0;0;0;0;0;0;0;0;0;0
FR;10;2022-08-06;0;0;0;0;0;0;0;0;0;0;0;0;0;0;0;0;0;0
FR;10;2022-08-07;0;0;0;0;0;0;0;0;0;0;0;0;0;0;0;0;0;0
FR;10;2022-08-08;0;0;0;0;0;0;0;0;0;0;0;0;0;0;0;0;0;0
FR;10;2022-08-09;0;0;0;0;0;0;0;0;0;0;0;0;0;0;0;0;0;0
FR;10;2022-08-10;0;0;0;0;0;0;0;0;0;0;0;0;0;0;0;0;0;0
FR;10;2022-08-11;0;0;0;0;0;0;0;0;0;0;0;0;0;0;0;0;0;0
FR;10;2022-08-12;0;0;0;0;0;0;0;0;0;0;0;0;0;0;0;0;0;0
FR;10;2022-08-13;0;0;0;0;0;0;0;0;0;0;0;0;0;0;0;0;0;0
FR;10;2022-08-14;0;0;0;0;0;0;0;0;0;0;0;0;0;0;0;0;0;0
FR;10;2022-08-15;0;0;0;0;0;0;0;0;0;0;0;0;0;0;0;0;0;0
FR;10;2022-08-16;0;0;0;0;0;0;0;0;0;0;0;0;0;0;0;0;0;0
FR;10;2022-08-17;0;0;0;0;0;0;0;0;0;0;0;0;0;0;0;0;0;0
FR;10;2022-08-18;0;0;0;0;0;0;0;0;0;0;0;0;0;0;0;0;0;0
FR;10;2022-08-19;0;0;0;0;0;0;0;0;0;0;0;0;0;0;0;0;0;0
FR;10;2022-08-20;0;0;0;0;0;0;0;0;0;0;0;0;0;0;0;0;0;0
FR;10;2022-08-21;0;0;0;0;0;0;0;0;0;0;0;0;0;0;0;0;0;0
FR;10;2022-08-22;0;0;0;0;0;0;0;0;0;0;0;0;0;0;0;0;0;0
FR;10;2022-08-23;0;0;0;0;0;0;0;0;0;0;0;0;0;0;0;0;0;0
FR;10;2022-08-24;0;0;0;0;0;0;0;0;0;0;0;0;0;0;0;0;0;0
FR;10;2022-08-25;0;0;0;0;0;0;0;0;0;0;0;0;0;0;0;0;0;0
FR;10;2022-08-26;0;0;0;0;0;0;0;0;0;0;0;0;0;0;0;0;0;0
FR;10;2022-08-27;0;0;0;0;0;0;0;0;0;0;0;0;0;0;0;0;0;0
FR;10;2022-08-28;0;0;0;0;0;0;0;0;0;0;0;0;0;0;0;0;0;0
FR;10;2022-08-29;0;0;0;0;0;0;0;0;0;0;0;0;0;0;0;0;0;0
FR;10;2022-08-30;0;0;0;0;0;0;0;0;0;0;0;0;0;0;0;0;0;0
FR;10;2022-08-31;0;0;0;0;0;0;0;0;0;0;0;0;0;0;0;0;0;0
FR;10;2022-09-01;0;0;0;0;0;0;0;0;0;0;0;0;0;0;0;0;0;0
FR;10;2022-09-02;0;0;0;0;0;0;0;0;0;0;0;0;0;0;0;0;0;0
FR;10;2022-09-03;0;0;0;0;0;0;0;0;0;0;0;0;0;0;0;0;0;0
FR;10;2022-09-04;0;0;0;0;0;0;0;0;0;0;0;0;0;0;0;0;0;0
FR;10;2022-09-05;0;0;0;0;0;0;0;0;0;0;0;0;0;0;0;0;0;0
FR;10;2022-09-06;0;0;0;0;0;0;0;0;0;0;0;0;0;0;0;0;0;0
FR;10;2022-09-07;0;0;0;0;0;0;0;0;0;0;0;0;0;0;0;0;0;0
FR;10;2022-09-08;0;0;0;0;0;0;0;0;0;0;0;0;0;0;0;0;0;0
FR;10;2022-09-09;0;0;0;0;0;0;0;0;0;0;0;0;0;0;0;0;0;0
FR;10;2022-09-10;0;0;0;0;0;0;0;0;0;0;0;0;0;0;0;0;0;0
FR;10;2022-09-11;0;0;0;0;0;0;0;0;0;0;0;0;0;0;0;0;0;0
FR;10;2022-09-12;0;0;0;0;0;0;0;0;0;0;0;0;0;0;0;0;0;0
FR;10;2022-09-13;0;0;0;0;0;0;0;0;0;0;0;0;0;0;0;0;0;0
FR;10;2022-09-14;0;0;0;0;0;0;0;0;0;0;0;0;0;0;0;0;0;0
FR;10;2022-09-15;0;0;0;0;0;0;0;0;0;0;0;0;0;0;0;0;0;0
FR;10;2022-09-16;0;0;0;0;0;0;0;0;0;0;0;0;0;0;0;0;0;0
FR;10;2022-09-17;0;0;0;0;0;0;0;0;0;0;0;0;0;0;0;0;0;0
FR;10;2022-09-18;0;0;0;0;0;0;0;0;0;0;0;0;0;0;0;0;0;0
FR;10;2022-09-19;0;0;0;0;0;0;0;0;0;0;0;0;0;0;0;0;0;0
FR;10;2022-09-20;0;0;0;0;0;0;0;0;0;0;0;0;0;0;0;0;0;0
FR;10;2022-09-21;0;0;0;0;0;0;0;0;0;0;0;0;0;0;0;0;0;0
FR;10;2022-09-22;0;0;0;0;0;0;0;0;0;0;0;0;0;0;0;0;0;0
FR;10;2022-09-23;0;0;0;0;0;0;0;0;0;0;0;0;0;0;0;0;0;0
FR;10;2022-09-24;0;0;0;0;0;0;0;0;0;0;0;0;0;0;0;0;0;0
FR;10;2022-09-25;0;0;0;0;0;0;0;0;0;0;0;0;0;0;0;0;0;0
FR;10;2022-09-26;0;0;0;0;0;0;0;0;0;0;0;0;0;0;0;0;0;0
FR;10;2022-09-27;0;0;0;0;0;0;0;0;0;0;0;0;0;0;0;0;0;0
FR;10;2022-09-28;0;0;0;0;0;0;0;0;0;0;0;0;0;0;0;0;0;0
FR;10;2022-09-29;0;0;0;0;0;0;0;0;0;0;0;0;0;0;0;0;0;0
FR;10;2022-09-30;0;0;0;0;0;0;0;0;0;0;0;0;0;0;0;0;0;0
FR;10;2022-10-01;0;0;0;0;0;0;0;0;0;0;0;0;0;0;0;0;0;0
FR;10;2022-10-02;0;0;0;0;0;0;0;0;0;0;0;0;0;0;0;0;0;0
FR;10;2022-10-03;0;0;0;0;0;0;0;0;0;0;0;0;0;0;0;0;0;0
FR;10;2022-10-04;0;0;0;0;0;0;0;0;0;0;0;0;0;0;0;0;0;0
FR;10;2022-10-05;0;0;0;0;0;0;0;0;0;0;0;0;0;0;0;0;0;0
FR;10;2022-10-06;0;0;0;0;0;0;0;0;0;0;0;0;0;0;0;0;0;0
FR;10;2022-10-07;0;0;0;0;0;0;0;0;0;0;0;0;0;0;0;0;0;0
FR;10;2022-10-08;0;0;0;0;0;0;0;0;0;0;0;0;0;0;0;0;0;0
FR;10;2022-10-09;0;0;0;0;0;0;0;0;0;0;0;0;0;0;0;0;0;0
FR;10;2022-10-10;0;0;0;0;0;0;0;0;0;0;0;0;0;0;0;0;0;0
FR;10;2022-10-11;0;0;0;0;0;0;0;0;0;0;0;0;0;0;0;0;0;0
FR;10;2022-10-12;0;0;0;0;0;0;0;0;0;0;0;0;0;0;0;0;0;0
FR;10;2022-10-13;0;0;0;0;0;0;0;0;0;0;0;0;0;0;0;0;0;0
FR;10;2022-10-14;0;0;0;0;0;0;0;0;0;0;0;0;0;0;0;0;0;0
FR;10;2022-10-15;0;0;0;0;0;0;0;0;0;0;0;0;0;0;0;0;0;0
FR;10;2022-10-16;0;0;0;0;0;0;0;0;0;0;0;0;0;0;0;0;0;0
FR;10;2022-10-17;0;0;0;0;0;0;0;0;0;0;0;0;0;0;0;0;0;0
FR;10;2022-10-18;0;0;0;0;0;0;0;0;0;0;0;0;0;0;0;0;0;0
FR;10;2022-10-19;0;0;0;0;0;0;0;0;0;0;0;0;0;0;0;0;0;0
FR;10;2022-10-20;0;0;0;0;0;0;0;0;0;0;0;0;0;0;0;0;0;0
FR;10;2022-10-21;0;0;0;0;0;0;0;0;0;0;0;0;0;0;0;0;0;0
FR;10;2022-10-22;0;0;0;0;0;0;0;0;0;0;0;0;0;0;0;0;0;0
FR;10;2022-10-23;0;0;0;0;0;0;0;0;0;0;0;0;0;0;0;0;0;0
FR;10;2022-10-24;0;0;0;0;0;0;0;0;0;0;0;0;0;0;0;0;0;0
FR;10;2022-10-25;0;0;0;0;0;0;0;0;0;0;0;0;0;0;0;0;0;0
FR;10;2022-10-26;0;0;0;0;0;0;0;0;0;0;0;0;0;0;0;0;0;0
FR;10;2022-10-27;0;0;0;0;0;0;0;0;0;0;0;0;0;0;0;0;0;0
FR;10;2022-10-28;0;0;0;0;0;0;0;0;0;0;0;0;0;0;0;0;0;0
FR;10;2022-10-29;0;0;0;0;0;0;0;0;0;0;0;0;0;0;0;0;0;0
FR;10;2022-10-30;0;0;0;0;0;0;0;0;0;0;0;0;0;0;0;0;0;0
FR;10;2022-10-31;0;0;0;0;0;0;0;0;0;0;0;0;0;0;0;0;0;0
FR;10;2022-11-01;0;0;0;0;0;0;0;0;0;0;0;0;0;0;0;0;0;0
FR;10;2022-11-02;0;0;0;0;0;0;0;0;0;0;0;0;0;0;0;0;0;0
FR;10;2022-11-03;0;0;0;0;0;0;0;0;0;0;0;0;0;0;0;0;0;0
FR;10;2022-11-04;0;0;0;0;0;0;0;0;0;0;0;0;0;0;0;0;0;0
FR;10;2022-11-05;0;0;0;0;0;0;0;0;0;0;0;0;0;0;0;0;0;0
FR;10;2022-11-06;0;0;0;0;0;0;0;0;0;0;0;0;0;0;0;0;0;0
FR;10;2022-11-07;0;0;0;0;0;0;0;0;0;0;0;0;0;0;0;0;0;0
FR;10;2022-11-08;0;0;0;0;0;0;0;0;0;0;0;0;0;0;0;0;0;0
FR;10;2022-11-09;0;0;0;0;0;0;0;0;0;0;0;0;0;0;0;0;0;0
FR;10;2022-11-10;0;0;0;0;0;0;0;0;0;0;0;0;0;0;0;0;0;0
FR;10;2022-11-11;0;0;0;0;0;0;0;0;0;0;0;0;0;0;0;0;0;0
FR;10;2022-11-12;0;0;0;0;0;0;0;0;0;0;0;0;0;0;0;0;0;0
FR;10;2022-11-13;0;0;0;0;0;0;0;0;0;0;0;0;0;0;0;0;0;0
FR;10;2022-11-14;0;0;0;0;0;0;0;0;0;0;0;0;0;0;0;0;0;0
FR;10;2022-11-15;0;0;0;0;0;0;0;0;0;0;0;0;0;0;0;0;0;0
FR;10;2022-11-16;0;0;0;0;0;0;0;0;0;0;0;0;0;0;0;0;0;0
FR;10;2022-11-17;0;0;0;0;0;0;0;0;0;0;0;0;0;0;0;0;0;0
FR;10;2022-11-18;0;0;0;0;0;0;0;0;0;0;0;0;0;0;0;0;0;0
FR;10;2022-11-19;0;0;0;0;0;0;0;0;0;0;0;0;0;0;0;0;0;0
FR;10;2022-11-20;0;0;0;0;0;0;0;0;0;0;0;0;0;0;0;0;0;0
FR;10;2022-11-21;0;0;0;0;0;0;0;0;0;0;0;0;0;0;0;0;0;0
FR;10;2022-11-22;0;0;0;0;0;0;0;0;0;0;0;0;0;0;0;0;0;0
FR;10;2022-11-23;0;0;0;0;0;0;0;0;0;0;0;0;0;0;0;0;0;0
FR;10;2022-11-24;0;0;0;0;0;0;0;0;0;0;0;0;0;0;0;0;0;0
FR;10;2022-11-25;0;0;0;0;0;0;0;0;0;0;0;0;0;0;0;0;0;0
FR;10;2022-11-26;0;0;0;0;0;0;0;0;0;0;0;0;0;0;0;0;0;0
FR;10;2022-11-27;0;0;0;0;0;0;0;0;0;0;0;0;0;0;0;0;0;0
FR;10;2022-11-28;0;0;0;0;0;0;0;0;0;0;0;0;0;0;0;0;0;0
FR;10;2022-11-29;0;0;0;0;0;0;0;0;0;0;0;0;0;0;0;0;0;0
FR;10;2022-11-30;0;0;0;0;0;0;0;0;0;0;0;0;0;0;0;0;0;0
FR;10;2022-12-01;0;0;0;0;0;0;0;0;0;0;0;0;0;0;0;0;0;0
FR;10;2022-12-02;0;0;0;0;0;0;0;0;0;0;0;0;0;0;0;0;0;0
FR;10;2022-12-03;0;0;0;0;0;0;0;0;0;0;0;0;0;0;0;0;0;0
FR;10;2022-12-04;0;0;0;0;0;0;0;0;0;0;0;0;0;0;0;0;0;0
FR;10;2022-12-05;0;0;0;0;0;0;0;0;0;0;0;0;0;0;0;0;0;0
FR;10;2022-12-06;0;0;0;0;0;0;0;0;0;0;0;0;0;0;0;0;0;0
FR;10;2022-12-07;0;0;0;0;0;0;0;0;0;0;0;0;0;0;0;0;0;0
FR;10;2022-12-08;0;0;0;0;0;0;0;0;0;0;0;0;0;0;0;0;0;0
FR;10;2022-12-09;0;0;0;0;0;0;0;0;0;0;0;0;0;0;0;0;0;0
FR;10;2022-12-10;0;0;0;0;0;0;0;0;0;0;0;0;0;0;0;0;0;0
FR;10;2022-12-11;0;0;0;0;0;0;0;0;0;0;0;0;0;0;0;0;0;0
FR;10;2022-12-12;0;0;0;0;0;0;0;0;0;0;0;0;0;0;0;0;0;0
FR;10;2022-12-13;0;0;0;0;0;0;0;0;0;0;0;0;0;0;0;0;0;0
FR;10;2022-12-14;0;0;0;0;0;0;0;0;0;0;0;0;0;0;0;0;0;0
FR;10;2022-12-15;0;0;0;0;0;0;0;0;0;0;0;0;0;0;0;0;0;0
FR;10;2022-12-16;0;0;0;0;0;0;0;0;0;0;0;0;0;0;0;0;0;0
FR;10;2022-12-17;0;0;0;0;0;0;0;0;0;0;0;0;0;0;0;0;0;0
FR;10;2022-12-18;0;0;0;0;0;0;0;0;0;0;0;0;0;0;0;0;0;0
FR;10;2022-12-19;0;0;0;0;0;0;0;0;0;0;0;0;0;0;0;0;0;0
FR;10;2022-12-20;0;0;0;0;0;0;0;0;0;0;0;0;0;0;0;0;0;0
FR;10;2022-12-21;0;0;1;0;0;1;0;0;0;0;0;1;0;0;1;0;0;0
FR;10;2022-12-22;0;0;0;1;0;0;1;0;0;0;0;1;1;0;1;1;0;0
FR;10;2022-12-23;0;0;1;14;0;2;14;0;7;0;0;2;15;0;3;15;0;7
FR;10;2022-12-24;0;0;0;3;0;0;3;0;1;0;0;2;18;0;3;18;0;8
FR;10;2022-12-25;0;0;0;0;0;0;0;0;0;0;0;2;18;0;3;18;0;8
FR;10;2022-12-26;3;1;11;35;0;8;39;0;5;3;1;13;53;0;11;57;0;13
FR;10;2022-12-27;1;1;14;35;1;11;38;0;10;4;2;27;88;1;22;95;0;23
FR;10;2022-12-28;0;0;2;15;0;1;14;0;3;4;2;29;103;1;23;109;0;26
FR;10;2022-12-29;0;0;6;48;0;1;48;0;17;4;2;35;151;1;24;157;0;43
FR;10;2022-12-30;0;1;4;33;0;7;31;0;6;4;3;39;184;1;31;188;0;49
FR;10;2022-12-31;0;0;3;12;0;4;10;0;4;4;3;42;196;1;35;198;0;53
FR;10;2023-01-01;0;0;1;6;0;0;7;0;2;4;3;43;202;1;35;205;0;55
FR;10;2023-01-02;0;4;4;37;1;6;36;0;21;4;7;47;239;2;41;241;0;76
FR;10;2023-01-03;1;1;6;63;1;5;64;0;25;5;8;53;302;3;46;305;0;101
FR;10;2023-01-04;0;1;7;52;0;6;53;0;53;5;9;60;354;3;52;358;0;154
FR;10;2023-01-05;1;1;15;74;0;10;76;0;37;6;10;75;428;3;62;434;0;191
FR;10;2023-01-06;2;3;16;107;2;13;107;0;52;8;13;91;535;5;75;541;0;243
FR;10;2023-01-07;3;1;3;41;1;3;40;0;13;11;14;94;576;6;78;581;0;256
FR;10;2023-01-08;1;0;0;9;0;0;7;0;5;12;14;94;585;6;78;588;0;261
FR;10;2023-01-09;3;2;7;66;1;6;66;0;26;15;16;101;651;7;84;654;0;287
FR;10;2023-01-10;6;1;21;118;0;13;124;0;57;21;17;122;769;7;97;778;0;344
FR;10;2023-01-11;5;4;19;77;1;16;79;0;38;26;21;141;846;8;113;857;0;382
FR;10;2023-01-12;13;1;7;77;2;3;80;0;51;39;22;148;923;10;116;937;0;433
FR;10;2023-01-13;0;6;15;122;1;8;129;0;77;39;28;163;1045;11;124;1066;0;510
FR;10;2023-01-14;2;1;8;43;0;5;47;0;3;41;29;171;1088;11;129;1113;0;513
FR;10;2023-01-15;0;0;1;10;0;0;7;0;8;41;29;172;1098;11;129;1120;0;521
FR;10;2023-01-16;0;1;11;70;1;7;73;0;68;41;30;183;1168;12;136;1193;0;589
FR;10;2023-01-17;0;7;22;109;2;11;118;0;61;41;37;205;1277;14;147;1311;0;650
FR;10;2023-01-18;2;1;13;92;1;9;104;0;15;43;38;218;1369;15;156;1415;0;665
FR;10;2023-01-19;6;6;23;140;3;21;133;0;56;49;44;241;1509;18;177;1548;0;721
FR;10;2023-01-20;2;1;11;111;0;9;106;0;73;51;45;252;1620;18;186;1654;0;794
FR;10;2023-01-21;2;1;5;26;0;5;23;0;15;53;46;257;1646;18;191;1677;0;809
FR;10;2023-01-22;0;0;0;5;0;0;5;0;0;53;46;257;1651;18;191;1682;0;809
FR;10;2023-01-23;1;2;5;62;1;5;59;0;23;54;48;262;1713;19;196;1741;0;832
FR;10;2023-01-24;5;6;27;148;2;19;152;0;75;59;54;289;1861;21;215;1893;0;907
FR;10;2023-01-25;2;1;9;81;1;5;82;0;54;61;55;298;1942;22;220;1975;0;961
FR;10;2023-01-26;4;5;30;123;1;22;132;0;52;65;60;328;2065;23;242;2107;0;1013
FR;10;2023-01-27;1;1;15;98;1;6;100;0;75;66;61;343;2163;24;248;2207;0;1088
FR;10;2023-01-28;0;1;3;18;1;1;21;0;15;66;62;346;2181;25;249;2228;0;1103
FR;10;2023-01-29;0;0;1;0;0;1;0;0;1;66;62;347;2181;25;250;2228;0;1104
FR;10;2023-01-30;2;1;11;58;1;5;61;0;40;68;63;358;2239;26;255;2289;0;1144
FR;0;2020-12-27;616;0;0;0;55;0;0;0;0;616;0;0;0;55;0;0;0;0
FR;0;2020-12-28;704;1;0;0;43;0;0;0;0;1320;1;0;0;98;0;0;0;0
FR;0;2020-12-29;387;0;0;0;19;0;0;0;0;1707;1;0;0;117;0;0;0;0
FR;0;2020-12-30;455;0;0;0;19;0;0;0;0;2162;1;0;0;136;0;0;0;0
FR;0;2020-12-31;449;1;0;0;21;0;0;0;0;2611;2;0;0;157;0;0;0;0
FR;0;2021-01-01;1192;2;0;0;66;0;0;0;0;3803;4;0;0;223;0;0;0;0
FR;0;2021-01-02;368;4;0;0;29;0;0;0;0;4171;8;0;0;252;0;0;0;0
FR;0;2021-01-03;417;0;0;0;23;0;0;0;0;4588;8;0;0;275;0;0;0;0
FR;0;2021-01-04;2139;5;0;0;51;0;0;0;0;6727;13;0;0;326;0;0;0;0
FR;0;2021-01-05;7771;6;0;0;128;0;0;0;0;14498;19;0;0;454;0;0;0;0
FR;0;2021-01-06;12477;23;0;0;127;0;0;0;0;26975;42;0;0;581;0;0;0;0
FR;0;2021-01-07;29477;24;0;0;159;0;0;0;0;56452;66;0;0;740;0;0;0;0
FR;0;2021-01-08;37169;35;0;0;203;0;0;0;0;93621;101;0;0;943;0;0;0;0
FR;0;2021-01-09;11220;9;0;0;77;0;0;0;0;104841;110;0;0;1020;0;0;0;0
FR;0;2021-01-10;6015;8;0;0;28;0;0;0;0;110856;118;0;0;1048;0;0;0;0
FR;0;2021-01-11;39954;39;0;0;231;0;0;0;0;150810;157;0;0;1279;0;0;0;0
FR;0;2021-01-12;62159;30;0;0;298;0;0;0;0;212969;187;0;0;1577;0;0;0;0
FR;0;2021-01-13;65146;62;0;0;432;0;0;0;0;278115;249;0;0;2009;0;0;0;0
FR;0;2021-01-14;83108;259;0;0;1172;0;0;0;0;361223;508;0;0;3181;0;0;0;0
FR;0;2021-01-15;69033;101;0;0;557;0;0;0;0;430256;609;0;0;3738;0;0;0;0
FR;0;2021-01-16;20219;73;0;0;184;0;0;0;0;450475;682;0;0;3922;0;0;0;0
FR;0;2021-01-17;10993;54;0;0;137;0;0;0;0;461468;736;0;0;4059;0;0;0;0
FR;0;2021-01-18;85923;179;0;0;616;0;0;0;0;547391;915;0;0;4675;0;0;0;0
FR;0;2021-01-19;130616;210;0;0;868;0;0;0;0;678007;1125;0;0;5543;0;0;0;0
FR;0;2021-01-20;137566;196;0;0;837;0;0;0;0;815573;1321;0;0;6380;0;0;0;0
FR;0;2021-01-21;158428;205;0;0;953;0;0;0;0;974001;1526;0;0;7333;0;0;0;0
FR;0;2021-01-22;121086;258;0;0;845;0;0;0;0;1095087;1784;0;0;8178;0;0;0;0
FR;0;2021-01-23;38491;85;0;0;222;0;0;0;0;1133578;1869;0;0;8400;0;0;0;0
FR;0;2021-01-24;9752;129;0;0;194;0;0;0;0;1143330;1998;0;0;8594;0;0;0;0
FR;0;2021-01-25;78255;1455;0;0;1806;0;0;0;0;1221585;3453;0;0;10400;0;0;0;0
FR;0;2021-01-26;100397;3706;1;0;4184;0;0;0;0;1321982;7159;1;0;14584;0;0;0;0
FR;0;2021-01-27;107264;6441;0;0;7157;0;0;0;0;1429246;13600;1;0;21741;0;0;0;0
FR;0;2021-01-28;124380;16399;0;0;17221;0;0;0;0;1553626;29999;1;0;38962;0;0;0;0
FR;0;2021-01-29;92202;18767;0;0;19344;0;0;0;0;1645828;48766;1;0;58306;0;0;0;0
FR;0;2021-01-30;29128;4529;0;0;4666;0;0;0;0;1674956;53295;1;0;62972;0;0;0;0
FR;0;2021-01-31;5240;1906;0;0;1951;0;0;0;0;1680196;55201;1;0;64923;0;0;0;0
FR;0;2021-02-01;53157;23020;0;0;23291;0;0;0;0;1733353;78221;1;0;88214;0;0;0;0
FR;0;2021-02-02;72334;38142;0;0;38634;0;0;0;0;1805687;116363;1;0;126848;0;0;0;0
FR;0;2021-02-03;72326;40177;0;0;40681;0;0;0;0;1878013;156540;1;0;167529;0;0;0;0
FR;0;2021-02-04;82090;55025;0;0;55620;0;0;0;0;1960103;211565;1;0;223149;0;0;0;0
FR;0;2021-02-05;68252;48187;0;0;48624;0;0;0;0;2028355;259752;1;0;271773;0;0;0;0
FR;0;2021-02-06;22953;11435;0;0;11674;0;0;0;0;2051308;271187;1;0;283447;0;0;0;0
FR;0;2021-02-07;5195;6069;0;0;6195;0;0;0;0;2056503;277256;1;0;289642;0;0;0;0
FR;0;2021-02-08;46856;48759;0;0;49244;0;0;0;0;2103359;326015;1;0;338886;0;0;0;0
FR;0;2021-02-09;66045;78387;0;0;79483;0;0;0;0;2169404;404402;1;0;418369;0;0;0;0
FR;0;2021-02-10;71040;83386;0;0;84682;0;0;0;0;2240444;487788;1;0;503051;0;0;0;0
FR;0;2021-02-11;87306;105515;0;0;107449;0;0;0;0;2327750;593303;1;0;610500;0;0;0;0
FR;0;2021-02-12;79355;76052;0;0;77796;0;0;0;0;2407105;669355;1;0;688296;0;0;0;0
FR;0;2021-02-13;22390;19519;0;0;19886;0;0;0;0;2429495;688874;1;0;708182;0;0;0;0
FR;0;2021-02-14;5080;7347;0;0;7475;0;0;0;0;2434575;696221;1;0;715657;0;0;0;0
FR;0;2021-02-15;38129;76790;0;0;77806;0;0;0;0;2472704;773011;1;0;793463;0;0;0;0
FR;0;2021-02-16;50419;99693;0;0;101031;0;0;0;0;2523123;872704;1;0;894494;0;0;0;0
FR;0;2021-02-17;50554;106843;20;0;108286;0;0;0;0;2573677;979547;21;0;1002780;0;0;0;0
FR;0;2021-02-18;69812;123615;0;0;125656;0;0;0;0;2643489;1103162;21;0;1128436;0;0;0;0
FR;0;2021-02-19;65091;92255;1;0;94143;0;0;0;0;2708580;1195417;22;0;1222579;0;0;0;0
FR;0;2021-02-20;18601;28542;0;0;28913;0;0;0;0;2727181;1223959;22;0;1251492;0;0;0;0
FR;0;2021-02-21;3334;6041;0;0;6146;0;0;0;0;2730515;1230000;22;0;1257638;0;0;0;0
FR;0;2021-02-22;37510;73195;2;0;74204;0;0;0;0;2768025;1303195;24;0;1331842;0;0;0;0
FR;0;2021-02-23;53803;85261;1;0;86775;0;0;0;0;2821828;1388456;25;0;1418617;0;0;0;0
FR;0;2021-02-24;60036;82919;1;0;84497;0;0;0;0;2881864;1471375;26;0;1503114;0;0;0;0
FR;0;2021-02-25;100608;91260;1;0;94252;0;0;0;0;2982472;1562635;27;0;1597366;0;0;0;0
FR;0;2021-02-26;113490;70739;1;0;73878;0;0;0;0;3095962;1633374;28;0;1671244;0;0;0;0
FR;0;2021-02-27;52129;22433;1;0;23677;0;0;0;0;3148091;1655807;29;0;1694921;0;0;0;0
FR;0;2021-02-28;6209;4128;2;0;4326;0;0;0;0;3154300;1659935;31;0;1699247;0;0;0;0
FR;0;2021-03-01;65940;54108;1;0;55974;0;0;0;0;3220240;1714043;32;0;1755221;0;0;0;0
FR;0;2021-03-02;101412;67201;3;0;70245;0;0;0;0;3321652;1781244;35;0;1825466;0;0;0;0
FR;0;2021-03-03;116560;65472;0;0;69163;0;0;0;0;3438212;1846716;35;0;1894629;0;0;0;0
FR;0;2021-03-04;163661;72603;3;0;78169;0;0;0;0;3601873;1919319;38;0;1972798;0;0;0;0
FR;0;2021-03-05;200960;62690;3;0;69422;0;0;0;0;3802833;1982009;41;0;2042220;0;0;0;0
FR;0;2021-03-06;207989;17497;3;0;22796;0;0;0;0;4010822;1999506;44;0;2065016;0;0;0;0
FR;0;2021-03-07;121292;3996;1;0;7290;0;0;0;0;4132114;2003502;45;0;2072306;0;0;0;0
FR;0;2021-03-08;107176;49569;2;0;53057;0;0;0;0;4239290;2053071;47;0;2125363;0;0;0;0
FR;0;2021-03-09;172487;56048;2;0;61538;0;0;0;0;4411777;2109119;49;0;2186901;0;0;0;0
FR;0;2021-03-10;179039;57055;5;0;62727;0;0;0;0;4590816;2166174;54;0;2249628;0;0;0;0
FR;0;2021-03-11;242930;64022;2;0;72112;0;0;0;0;4833746;2230196;56;0;2321740;0;0;0;0
FR;0;2021-03-12;294872;53360;1;0;62817;0;0;0;0;5128618;2283556;57;0;2384557;0;0;0;0
FR;0;2021-03-13;231443;15270;1;0;21248;0;0;0;0;5360061;2298826;58;0;2405805;0;0;0;0
FR;0;2021-03-14;63363;3061;1;0;5097;0;0;0;0;5423424;2301887;59;0;2410902;0;0;0;0
FR;0;2021-03-15;158697;31517;3;0;36170;0;0;0;0;5582121;2333404;62;0;2447072;0;0;0;0
FR;0;2021-03-16;141597;38820;6;0;42970;0;0;0;0;5723718;2372224;68;0;2490042;0;0;0;0
FR;0;2021-03-17;150517;37583;4;0;42348;0;0;0;0;5874235;2409807;72;0;2532390;0;0;0;0
FR;0;2021-03-18;167866;44339;5;0;49901;0;0;0;0;6042101;2454146;77;0;2582291;0;0;0;0
FR;0;2021-03-19;230056;36729;2;0;44086;0;0;0;0;6272157;2490875;79;0;2626377;0;0;0;0
FR;0;2021-03-20;166718;11385;1;0;16010;0;0;0;0;6438875;2502260;80;0;2642387;0;0;0;0
FR;0;2021-03-21;49954;2136;1;0;3894;0;0;0;0;6488829;2504396;81;0;2646281;0;0;0;0
FR;0;2021-03-22;170082;33526;2;0;39027;0;0;0;0;6658911;2537922;83;0;2685308;0;0;0;0
FR;0;2021-03-23;250436;42388;1;0;50233;0;0;0;0;6909347;2580310;84;0;2735541;0;0;0;0
FR;0;2021-03-24;256947;43565;0;0;51660;0;0;0;0;7166294;2623875;84;0;2787201;0;0;0;0
FR;0;2021-03-25;341870;45258;5;0;56261;0;0;0;0;7508164;2669133;89;0;2843462;0;0;0;0
FR;0;2021-03-26;358845;41777;5;1;53532;0;0;0;0;7867009;2710910;94;1;2896994;0;0;0;0
FR;0;2021-03-27;195295;16945;1;0;23389;0;0;0;0;8062304;2727855;95;1;2920383;0;0;0;0
FR;0;2021-03-28;59353;4583;3;0;6647;0;0;0;0;8121657;2732438;98;1;2927030;0;0;0;0
FR;0;2021-03-29;203019;53412;4;0;60171;0;0;0;0;8324676;2785850;102;1;2987201;0;0;0;0
FR;0;2021-03-30;285540;70015;5;0;80424;0;0;0;0;8610216;2855865;107;1;3067625;0;0;0;0
FR;0;2021-03-31;263076;74029;4;0;84705;0;0;0;0;8873292;2929894;111;1;3152330;0;0;0;0
FR;0;2021-04-01;315574;92787;11;0;106360;0;0;0;0;9188866;3022681;122;1;3258690;0;0;0;0
FR;0;2021-04-02;281383;94792;7;0;106620;0;0;0;0;9470249;3117473;129;1;3365310;0;0;0;0
FR;0;2021-04-03;141094;62589;6;0;67848;0;0;0;0;9611343;3180062;135;1;3433158;0;0;0;0
FR;0;2021-04-04;46551;19013;2;0;21065;0;0;0;0;9657894;3199075;137;1;3454223;0;0;0;0
FR;0;2021-04-05;63369;10405;11;0;13062;0;0;0;0;9721263;3209480;148;1;3467285;0;0;0;0
FR;0;2021-04-06;217269;113070;17;0;121924;0;0;0;0;9938532;3322550;165;1;3589209;0;0;0;0
FR;0;2021-04-07;260317;115285;17;0;126633;0;0;0;0;10198849;3437835;182;1;3715842;0;0;0;0
FR;0;2021-04-08;337913;123204;15;0;138829;0;0;0;0;10536762;3561039;197;1;3854671;0;0;0;0
FR;0;2021-04-09;410232;116883;49;0;134290;0;0;0;0;10946994;3677922;246;1;3988961;0;0;0;0
FR;0;2021-04-10;212661;82864;15;0;91256;0;0;0;0;11159655;3760786;261;1;4080217;0;0;0;0
FR;0;2021-04-11;56161;34177;7;0;36702;0;0;0;0;11215816;3794963;268;1;4116919;0;0;0;0
FR;0;2021-04-12;237123;115834;46;0;125436;0;0;0;0;11452939;3910797;314;1;4242355;0;0;0;0
FR;0;2021-04-13;309545;144159;98;1;157117;0;0;0;0;11762484;4054956;412;2;4399472;0;0;0;0
FR;0;2021-04-14;294597;139819;215;0;153196;0;0;0;0;12057081;4194775;627;2;4552668;0;0;0;0
FR;0;2021-04-15;337192;150496;340;0;166030;0;0;0;0;12394273;4345271;967;2;4718698;0;0;0;0
FR;0;2021-04-16;339360;147021;354;0;161677;0;0;0;0;12733633;4492292;1321;2;4880375;0;0;0;0
FR;0;2021-04-17;188688;89981;109;0;97679;0;0;0;0;12922321;4582273;1430;2;4978054;0;0;0;0
FR;0;2021-04-18;51641;35454;48;0;37875;0;0;0;0;12973962;4617727;1478;2;5015929;0;0;0;0
FR;0;2021-04-19;205746;138285;456;0;147438;0;0;0;0;13179708;4756012;1934;2;5163367;0;0;0;0
FR;0;2021-04-20;254488;172020;569;0;183680;0;0;0;0;13434196;4928032;2503;2;5347047;0;0;0;0
FR;0;2021-04-21;253331;170175;836;0;182195;0;0;0;0;13687527;5098207;3339;2;5529242;0;0;0;0
FR;0;2021-04-22;287624;190399;819;0;204993;0;0;0;0;13975151;5288606;4158;2;5734235;0;0;0;0
FR;0;2021-04-23;297687;184688;747;0;203438;0;0;0;0;14272838;5473294;4905;2;5937673;0;0;0;0
FR;0;2021-04-24;190481;112048;252;0;122502;0;0;0;0;14463319;5585342;5157;2;6060175;0;0;0;0
FR;0;2021-04-25;69575;38860;51;0;42590;0;0;0;0;14532894;5624202;5208;2;6102765;0;0;0;0
FR;0;2021-04-26;221004;158675;563;0;171869;0;0;0;0;14753898;5782877;5771;2;6274634;0;0;0;0
FR;0;2021-04-27;284652;188033;941;0;211346;0;0;0;0;15038550;5970910;6712;2;6485980;0;0;0;0
FR;0;2021-04-28;299572;184704;1427;1;209787;1;0;0;0;15338122;6155614;8139;3;6695767;1;0;0;0
FR;0;2021-04-29;357207;198255;1281;0;233341;0;0;0;0;15695329;6353869;9420;3;6929108;1;0;0;0
FR;0;2021-04-30;372263;186121;1124;1;225460;0;0;0;0;16067592;6539990;10544;4;7154568;1;0;0;0
FR;0;2021-05-01;167678;52530;179;0;63777;0;0;0;0;16235270;6592520;10723;4;7218345;1;0;0;0
FR;0;2021-05-02;91766;37862;83;0;43590;0;0;0;0;16327036;6630382;10806;4;7261935;1;0;0;0
FR;0;2021-05-03;288976;165256;843;0;185786;0;0;0;0;16616012;6795638;11649;4;7447721;1;0;0;0
FR;0;2021-05-04;315754;225552;1237;0;251732;0;0;0;0;16931766;7021190;12886;4;7699453;1;0;0;0
FR;0;2021-05-05;327295;226602;1316;0;251679;0;0;0;0;17259061;7247792;14202;4;7951132;1;0;0;0
FR;0;2021-05-06;379603;241185;1634;0;275439;0;0;0;0;17638664;7488977;15836;4;8226571;1;0;0;0
FR;0;2021-05-07;372826;258885;1224;0;299949;0;0;0;0;18011490;7747862;17060;4;8526520;1;0;0;0
FR;0;2021-05-08;222189;71418;300;0;86629;0;0;0;0;18233679;7819280;17360;4;8613149;1;0;0;0
FR;0;2021-05-09;129733;44550;243;0;53187;0;0;0;0;18363412;7863830;17603;4;8666336;1;0;0;0
FR;0;2021-05-10;313428;229700;1239;0;255481;0;0;0;0;18676840;8093530;18842;4;8921817;1;0;0;0
FR;0;2021-05-11;403979;258403;1566;0;296832;0;0;0;0;19080819;8351933;20408;4;9218649;1;0;0;0
FR;0;2021-05-12;434204;233890;1544;0;270180;0;0;0;0;19515023;8585823;21952;4;9488829;1;0;0;0
FR;0;2021-05-13;338640;56444;432;0;77939;0;0;0;0;19853663;8642267;22384;4;9566768;1;0;0;0
FR;0;2021-05-14;454185;167506;1127;0;203116;0;0;0;0;20307848;8809773;23511;4;9769884;1;0;0;0
FR;0;2021-05-15;375015;94390;444;0;120789;0;0;0;0;20682863;8904163;23955;4;9890673;1;0;0;0
FR;0;2021-05-16;202777;20690;168;0;34091;0;0;0;0;20885640;8924853;24123;4;9924764;1;0;0;0
FR;0;2021-05-17;376160;148870;1555;0;178664;0;0;0;0;21261800;9073723;25678;4;10103428;1;0;0;0
FR;0;2021-05-18;460209;154128;1991;0;193280;0;0;0;0;21722009;9227851;27669;4;10296708;1;0;0;0
FR;0;2021-05-19;467469;142562;2465;0;179832;0;0;0;0;22189478;9370413;30134;4;10476540;1;0;0;0
FR;0;2021-05-20;507594;160256;2340;0;204224;0;0;0;0;22697072;9530669;32474;4;10680764;1;0;0;0
FR;0;2021-05-21;489733;175226;1996;0;221780;0;0;0;0;23186805;9705895;34470;4;10902544;1;0;0;0
FR;0;2021-05-22;347227;80235;670;0;108665;0;0;0;0;23534032;9786130;35140;4;11011209;1;0;0;0
FR;0;2021-05-23;161714;14214;246;0;26684;0;0;0;0;23695746;9800344;35386;4;11037893;1;0;0;0
FR;0;2021-05-24;263221;33105;604;0;52944;0;0;0;0;23958967;9833449;35990;4;11090837;1;0;0;0
FR;0;2021-05-25;400314;190474;2357;1;227043;0;0;0;0;24359281;10023923;38347;5;11317880;1;0;0;0
FR;0;2021-05-26;413502;191189;2227;0;229249;0;0;0;0;24772783;10215112;40574;5;11547129;1;0;0;0
FR;0;2021-05-27;449863;220055;2163;0;267199;0;0;0;0;25222646;10435167;42737;5;11814328;1;0;0;0
FR;0;2021-05-28;429601;261134;1895;0;319235;0;0;0;0;25652247;10696301;44632;5;12133563;1;0;0;0
FR;0;2021-05-29;299006;150514;586;0;183370;0;0;0;0;25951253;10846815;45218;5;12316933;1;0;0;0
FR;0;2021-05-30;107156;32508;164;0;42091;0;0;0;0;26058409;10879323;45382;5;12359024;1;0;0;0
FR;0;2021-05-31;358080;203480;1473;1;241766;1;0;0;0;26416489;11082803;46855;6;12600790;2;0;0;0
FR;0;2021-06-01;431130;251283;1969;1;302931;1;0;0;0;26847619;11334086;48824;7;12903721;3;0;0;0
FR;0;2021-06-02;420167;232704;1986;0;280092;0;0;0;0;27267786;11566790;50810;7;13183813;3;0;0;0
FR;0;2021-06-03;465690;257755;1826;0;312533;0;0;0;0;27733476;11824545;52636;7;13496346;3;0;0;0
FR;0;2021-06-04;456298;305858;1735;1;363271;1;0;0;0;28189774;12130403;54371;8;13859617;4;0;0;0
FR;0;2021-06-05;304839;189554;653;0;222779;0;0;0;0;28494613;12319957;55024;8;14082396;4;0;0;0
FR;0;2021-06-06;133337;49024;227;0;61164;0;0;0;0;28627950;12368981;55251;8;14143560;4;0;0;0
FR;0;2021-06-07;340018;261524;1529;0;298618;0;0;0;0;28967968;12630505;56780;8;14442178;4;0;0;0
FR;0;2021-06-08;393949;291383;1806;0;338253;0;0;0;0;29361917;12921888;58586;8;14780431;4;0;0;0
FR;0;2021-06-09;384945;273796;1734;0;318206;0;0;0;0;29746862;13195684;60320;8;15098637;4;0;0;0
FR;0;2021-06-10;404242;286368;1727;1;335815;0;0;0;0;30151104;13482052;62047;9;15434452;4;0;0;0
FR;0;2021-06-11;386718;356520;1467;1;406960;0;0;0;0;30537822;13838572;63514;10;15841412;4;0;0;0
FR;0;2021-06-12;283292;210983;497;0;243133;0;0;0;0;30821114;14049555;64011;10;16084545;4;0;0;0
FR;0;2021-06-13;104904;73848;204;0;84839;0;0;0;0;30926018;14123403;64215;10;16169384;4;0;0;0
FR;0;2021-06-14;240875;354084;1429;1;383276;0;0;0;0;31166893;14477487;65644;11;16552660;4;0;0;0
FR;0;2021-06-15;308220;384355;1574;1;423132;0;0;0;0;31475113;14861842;67218;12;16975792;4;0;0;0
FR;0;2021-06-16;314019;357575;1418;1;395338;0;0;0;0;31789132;15219417;68636;13;17371130;4;0;0;0
FR;0;2021-06-17;317727;373112;1432;1;414306;0;0;0;0;32106859;15592529;70068;14;17785436;4;0;0;0
FR;0;2021-06-18;321781;442599;1342;1;486002;0;0;0;0;32428640;16035128;71410;15;18271438;4;0;0;0
FR;0;2021-06-19;224362;274021;449;0;301213;0;0;0;0;32653002;16309149;71859;15;18572651;4;0;0;0
FR;0;2021-06-20;74459;102298;130;0;111494;0;0;0;0;32727461;16411447;71989;15;18684145;4;0;0;0
FR;0;2021-06-21;195807;401732;1038;1;427697;1;0;0;0;32923268;16813179;73027;16;19111842;5;0;0;0
FR;0;2021-06-22;223237;467774;1266;10;500439;1;0;0;0;33146505;17280953;74293;26;19612281;6;0;0;0
FR;0;2021-06-23;234074;440092;1198;1;474199;1;0;0;0;33380579;17721045;75491;27;20086480;7;0;0;0
FR;0;2021-06-24;241900;409689;1359;0;447179;0;0;0;0;33622479;18130734;76850;27;20533659;7;0;0;0
FR;0;2021-06-25;227666;523039;1403;0;562038;0;0;0;0;33850145;18653773;78253;27;21095697;7;0;0;0
FR;0;2021-06-26;153289;371076;589;1;395884;0;0;0;0;34003434;19024849;78842;28;21491581;7;0;0;0
FR;0;2021-06-27;55921;155946;169;1;164859;0;0;0;0;34059355;19180795;79011;29;21656440;7;0;0;0
FR;0;2021-06-28;154806;452513;1178;0;478111;0;0;0;0;34214161;19633308;80189;29;22134551;7;0;0;0
FR;0;2021-06-29;182734;507788;2123;0;539169;0;0;0;0;34396895;20141096;82312;29;22673720;7;0;0;0
FR;0;2021-06-30;204039;485199;2015;21;519476;2;0;0;0;34600934;20626295;84327;50;23193196;9;0;0;0
FR;0;2021-07-01;231444;458542;2226;5;498486;0;0;0;0;34832378;21084837;86553;55;23691682;9;0;0;0
FR;0;2021-07-02;228706;520006;2120;5;562324;2;0;0;0;35061084;21604843;88673;60;24254006;11;0;0;0
FR;0;2021-07-03;142056;368762;908;3;395251;1;0;0;0;35203140;21973605;89581;63;24649257;12;0;0;0
FR;0;2021-07-04;56760;141007;265;0;150700;0;0;0;0;35259900;22114612;89846;63;24799957;12;0;0;0
FR;0;2021-07-05;168537;418652;1668;8;448591;0;0;0;0;35428437;22533264;91514;71;25248548;12;0;0;0
FR;0;2021-07-06;196807;474521;1830;45;511122;8;0;0;0;35625244;23007785;93344;116;25759670;20;0;0;0
FR;0;2021-07-07;213243;438966;1881;25;477430;2;0;0;0;35838487;23446751;95225;141;26237100;22;0;0;0
FR;0;2021-07-08;231671;424126;2089;20;468065;2;0;0;0;36070158;23870877;97314;161;26705165;24;0;0;0
FR;0;2021-07-09;228640;511079;2185;4;557382;2;0;0;0;36298798;24381956;99499;165;27262547;26;0;0;0
FR;0;2021-07-10;148634;339924;986;1;368865;1;0;0;0;36447432;24721880;100485;166;27631412;27;0;0;0
FR;0;2021-07-11;60213;110046;284;0;120963;0;0;0;0;36507645;24831926;100769;166;27752375;27;0;0;0
FR;0;2021-07-12;169439;477712;1765;4;512450;0;0;0;0;36677084;25309638;102534;170;28264825;27;0;0;0
FR;0;2021-07-13;287303;526590;2050;8;585635;0;0;0;0;36964387;25836228;104584;178;28850460;27;0;0;0
FR;0;2021-07-14;181120;157339;435;0;186657;0;0;0;0;37145507;25993567;105019;178;29037117;27;0;0;0
FR;0;2021-07-15;347125;501592;2100;1;571568;0;0;0;0;37492632;26495159;107119;179;29608685;27;0;0;0
FR;0;2021-07-16;380122;494994;2023;3;574180;1;0;0;0;37872754;26990153;109142;182;30182865;28;0;0;0
FR;0;2021-07-17;259749;319640;877;1;368607;0;0;0;0;38132503;27309793;110019;183;30551472;28;0;0;0
FR;0;2021-07-18;109742;114570;310;0;133012;0;0;0;0;38242245;27424363;110329;183;30684484;28;0;0;0
FR;0;2021-07-19;285522;423897;1631;3;478921;0;0;0;0;38527767;27848260;111960;186;31163405;28;0;0;0
FR;0;2021-07-20;376940;451205;1725;0;523548;0;0;0;0;38904707;28299465;113685;186;31686953;28;0;0;0
FR;0;2021-07-21;395838;406861;1550;4;481870;1;0;0;0;39300545;28706326;115235;190;32168823;29;0;0;0
FR;0;2021-07-22;441078;387284;1715;4;471778;2;0;0;0;39741623;29093610;116950;194;32640601;31;0;0;0
FR;0;2021-07-23;440348;421983;1883;4;509958;1;0;0;0;40181971;29515593;118833;198;33150559;32;0;0;0
FR;0;2021-07-24;285264;269308;804;1;321998;0;0;0;0;40467235;29784901;119637;199;33472557;32;0;0;0
FR;0;2021-07-25;121127;79917;234;0;100277;0;0;0;0;40588362;29864818;119871;199;33572834;32;0;0;0
FR;0;2021-07-26;347449;322151;1614;3;384714;1;0;0;0;40935811;30186969;121485;202;33957548;33;0;0;0
FR;0;2021-07-27;464102;319264;1698;4;400420;1;0;0;0;41399913;30506233;123183;206;34357968;34;0;0;0
FR;0;2021-07-28;459468;289351;1637;4;366978;1;0;0;0;41859381;30795584;124820;210;34724946;35;0;0;0
FR;0;2021-07-29;489855;276118;1797;2;357008;0;0;0;0;42349236;31071702;126617;212;35081954;35;0;0;0
FR;0;2021-07-30;461858;302347;1942;5;380850;1;0;0;0;42811094;31374049;128559;217;35462804;36;0;0;0
FR;0;2021-07-31;285414;185010;916;1;231506;0;0;0;0;43096508;31559059;129475;218;35694310;36;0;0;0
FR;0;2021-08-01;112040;49910;257;0;65689;0;0;0;0;43208548;31608969;129732;218;35759999;36;0;0;0
FR;0;2021-08-02;341666;234029;1603;2;284729;0;0;0;0;43550214;31842998;131335;220;36044728;36;0;0;0
FR;0;2021-08-03;398640;244448;1729;2;304534;1;0;0;0;43948854;32087446;133064;222;36349262;37;0;0;0
FR;0;2021-08-04;384883;209510;1594;6;265645;3;0;0;0;44333737;32296956;134658;228;36614907;40;0;0;0
FR;0;2021-08-05;366196;228339;1711;0;281723;0;0;0;0;44699933;32525295;136369;228;36896630;40;0;0;0
FR;0;2021-08-06;359751;271207;1835;4;326604;0;0;0;0;45059684;32796502;138204;232;37223234;40;0;0;0
FR;0;2021-08-07;213143;178312;756;5;210052;1;0;0;0;45272827;32974814;138960;237;37433286;41;0;0;0
FR;0;2021-08-08;74208;63185;276;0;73619;0;0;0;0;45347035;33037999;139236;237;37506905;41;0;0;0
FR;0;2021-08-09;258773;258586;1548;4;297511;2;0;0;0;45605808;33296585;140784;241;37804416;43;0;0;0
FR;0;2021-08-10;306891;277067;1663;2;323471;0;0;0;0;45912699;33573652;142447;243;38127887;43;0;0;0
FR;0;2021-08-11;279761;259547;1441;5;301625;0;0;0;0;46192460;33833199;143888;248;38429512;43;0;0;0
FR;0;2021-08-12;271563;278022;1668;3;320293;0;0;0;0;46464023;34111221;145556;251;38749805;43;0;0;0
FR;0;2021-08-13;252171;278106;1594;3;316952;2;0;0;0;46716194;34389327;147150;254;39066757;45;0;0;0
FR;0;2021-08-14;145361;197067;740;0;219002;0;0;0;0;46861555;34586394;147890;254;39285759;45;0;0;0
FR;0;2021-08-15;39401;50091;218;1;55674;0;0;0;0;46900956;34636485;148108;255;39341433;45;0;0;0
FR;0;2021-08-16;186196;317477;1543;0;345408;0;0;0;0;47087152;34953962;149651;255;39686841;45;0;0;0
FR;0;2021-08-17;215710;335803;1638;7;368840;0;0;0;0;47302862;35289765;151289;262;40055681;45;0;0;0
FR;0;2021-08-18;199070;324359;1599;7;354536;4;0;0;0;47501932;35614124;152888;269;40410217;49;0;0;0
FR;0;2021-08-19;192047;325398;1642;1;355971;0;0;0;0;47693979;35939522;154530;270;40766188;49;0;0;0
FR;0;2021-08-20;186487;366191;1821;3;396637;2;0;0;0;47880466;36305713;156351;273;41162825;51;0;0;0
FR;0;2021-08-21;104807;238122;709;0;254558;0;0;0;0;47985273;36543835;157060;273;41417383;51;0;0;0
FR;0;2021-08-22;31946;87208;256;1;92162;1;0;0;0;48017219;36631043;157316;274;41509545;52;0;0;0
FR;0;2021-08-23;140995;356993;1561;3;379595;0;0;0;0;48158214;36988036;158877;277;41889140;52;0;0;0
FR;0;2021-08-24;162517;376594;1850;5;402854;0;0;0;0;48320731;37364630;160727;282;42291994;52;0;0;0
FR;0;2021-08-25;151161;350706;2038;8;375408;2;0;0;0;48471892;37715336;162765;290;42667402;54;0;0;0
FR;0;2021-08-26;142892;342744;2563;10;367558;0;0;0;0;48614784;38058080;165328;300;43034960;54;0;0;0
FR;0;2021-08-27;148460;388244;2791;11;414908;1;0;0;0;48763244;38446324;168119;311;43449868;55;0;0;0
FR;0;2021-08-28;90679;249634;1407;0;264969;0;0;0;0;48853923;38695958;169526;311;43714837;55;0;0;0
FR;0;2021-08-29;27324;83343;518;1;88260;0;0;0;0;48881247;38779301;170044;312;43803097;55;0;0;0
FR;0;2021-08-30;117429;324580;4715;6;342393;5851;0;0;0;48998676;39103881;174759;318;44145490;5906;0;0;0
FR;0;2021-08-31;128828;334444;10189;19;353920;11775;2;0;0;49127504;39438325;184948;337;44499410;17681;2;0;0
FR;0;2021-09-01;136169;285652;22436;8;302413;24406;1;0;0;49263673;39723977;207384;345;44801823;42087;3;0;0
FR;0;2021-09-02;114658;247201;26524;20;262106;29007;0;0;0;49378331;39971178;233908;365;45063929;71094;3;0;0
FR;0;2021-09-03;118325;292655;29966;24;309320;33073;1;0;0;49496656;40263833;263874;389;45373249;104167;4;0;0
FR;0;2021-09-04;89891;217788;12587;12;230495;14154;7;0;0;49586547;40481621;276461;401;45603744;118321;11;0;0
FR;0;2021-09-05;21363;44799;4397;2;48281;4719;0;0;0;49607910;40526420;280858;403;45652025;123040;11;0;0
FR;0;2021-09-06;75700;180505;31957;16;190691;34305;2;0;0;49683610;40706925;312815;419;45842716;157345;13;0;0
FR;0;2021-09-07;80317;181176;33249;43;191050;36316;2;0;0;49763927;40888101;346064;462;46033766;193661;15;0;0
FR;0;2021-09-08;91009;206081;29667;28;216574;32573;4;0;0;49854936;41094182;375731;490;46250340;226234;19;0;0
FR;0;2021-09-09;76963;165295;33084;27;174107;36697;5;0;0;49931899;41259477;408815;517;46424447;262931;24;0;0
FR;0;2021-09-10;96045;203812;35743;28;214905;40790;7;0;0;50027944;41463289;444558;545;46639352;303721;31;0;0
FR;0;2021-09-11;67168;169332;12141;19;178192;14409;0;0;0;50095112;41632621;456699;564;46817544;318130;31;0;0
FR;0;2021-09-12;12828;32096;2783;1;34144;3189;2;0;0;50107940;41664717;459482;565;46851688;321319;33;0;0
FR;0;2021-09-13;64579;126167;41247;35;134197;44256;17;0;0;50172519;41790884;500729;600;46985885;365575;50;0;0
FR;0;2021-09-14;73496;129004;56387;80;135764;62430;43;0;0;50246015;41919888;557116;680;47121649;428005;93;0;0
FR;0;2021-09-15;76655;167736;55670;58;174687;54849;77;0;0;50322670;42087624;612786;738;47296336;482854;170;0;0
FR;0;2021-09-16;63893;114500;60099;82;117882;60169;65;0;0;50386563;42202124;672885;820;47414218;543023;235;0;0
FR;0;2021-09-17;75090;156850;53864;71;159734;57355;68;0;0;50461653;42358974;726749;891;47573952;600378;303;0;0
FR;0;2021-09-18;48243;139633;15602;25;144318;17319;20;0;0;50509896;42498607;742351;916;47718270;617697;323;0;0
FR;0;2021-09-19;7908;23650;2442;1;24880;2618;1;0;0;50517804;42522257;744793;917;47743150;620315;324;0;0
FR;0;2021-09-20;44582;93756;50087;72;96247;50347;34;0;0;50562386;42616013;794880;989;47839397;670662;358;0;0
FR;0;2021-09-21;45912;98368;62772;77;98382;63509;79;0;0;50608298;42714381;857652;1066;47937779;734171;437;0;0
FR;0;2021-09-22;48700;142391;55381;82;144837;55480;47;0;0;50656998;42856772;913033;1148;48082616;789651;484;0;0
FR;0;2021-09-23;43294;92065;62407;95;91276;63590;86;0;0;50700292;42948837;975440;1243;48173892;853241;570;0;0
FR;0;2021-09-24;52318;133291;54566;107;132396;59225;78;0;0;50752610;43082128;1030006;1350;48306288;912466;648;0;0
FR;0;2021-09-25;35221;115663;16276;36;118650;18313;22;0;0;50787831;43197791;1046282;1386;48424938;930779;670;0;0
FR;0;2021-09-26;5559;17803;2273;5;18688;2332;5;0;0;50793390;43215594;1048555;1391;48443626;933111;675;0;0
FR;0;2021-09-27;33983;76898;47204;97;78784;48187;82;0;1;50827373;43292492;1095759;1488;48522410;981298;757;0;1
FR;0;2021-09-28;36525;75247;54979;90;74337;56592;47;0;0;50863898;43367739;1150738;1578;48596747;1037890;804;0;1
FR;0;2021-09-29;44426;100697;53372;112;102857;54907;42;0;0;50908324;43468436;1204110;1690;48699604;1092797;846;0;1
FR;0;2021-09-30;36347;72978;57045;96;71482;59607;58;0;0;50944671;43541414;1261155;1786;48771086;1152404;904;0;1
FR;0;2021-10-01;61718;102853;57833;108;101416;64008;24;0;0;51006389;43644267;1318988;1894;48872502;1216412;928;0;1
FR;0;2021-10-02;39471;78449;20964;39;81733;23384;12;0;0;51045860;43722716;1339952;1933;48954235;1239796;940;0;1
FR;0;2021-10-03;5289;10496;2536;4;11262;2544;4;0;0;51051149;43733212;1342488;1937;48965497;1242340;944;0;1
FR;0;2021-10-04;35201;58504;52635;84;59504;54857;37;0;0;51086350;43791716;1395123;2021;49025001;1297197;981;0;1
FR;0;2021-10-05;33930;64365;61031;135;62102;65113;50;0;0;51120280;43856081;1456154;2156;49087103;1362310;1031;0;1
FR;0;2021-10-06;42726;79300;65761;112;80178;68379;29;0;0;51163006;43935381;1521915;2268;49167281;1430689;1060;0;1
FR;0;2021-10-07;30573;62283;65447;88;59500;68897;38;0;0;51193579;43997664;1587362;2356;49226781;1499586;1098;0;1
FR;0;2021-10-08;49485;91948;77772;111;89890;84813;39;0;0;51243064;44089612;1665134;2467;49316671;1584399;1137;0;1
FR;0;2021-10-09;33677;60943;31548;35;64137;33931;17;0;0;51276741;44150555;1696682;2502;49380808;1618330;1154;0;1
FR;0;2021-10-10;4723;7424;3198;9;7942;3474;2;0;0;51281464;44157979;1699880;2511;49388750;1621804;1156;0;1
FR;0;2021-10-11;30731;49887;61049;105;50605;64110;51;0;0;51312195;44207866;1760929;2616;49439355;1685914;1207;0;1
FR;0;2021-10-12;31647;54476;70633;141;51313;76043;27;0;0;51343842;44262342;1831562;2757;49490668;1761957;1234;0;1
FR;0;2021-10-13;40165;62844;74443;137;62796;79395;30;0;1;51384007;44325186;1906005;2894;49553464;1841352;1264;0;2
FR;0;2021-10-14;30363;52864;68775;116;49697;73859;34;0;0;51414370;44378050;1974780;3010;49603161;1915211;1298;0;2
FR;0;2021-10-15;44954;75234;93250;191;70334;103050;26;0;0;51459324;44453284;2068030;3201;49673495;2018261;1324;0;2
FR;0;2021-10-16;31334;44085;36699;44;46704;39650;15;0;0;51490658;44497369;2104729;3245;49720199;2057911;1339;0;2
FR;0;2021-10-17;3895;5225;3603;2;5674;3672;4;0;0;51494553;44502594;2108332;3247;49725873;2061583;1343;0;2
FR;0;2021-10-18;29214;42341;67517;134;42562;71374;27;0;0;51523767;44544935;2175849;3381;49768435;2132957;1370;0;2
FR;0;2021-10-19;27196;45545;76430;140;43209;81675;45;0;0;51550963;44590480;2252279;3521;49811644;2214632;1415;0;2
FR;0;2021-10-20;35344;52401;96956;181;51808;101575;45;0;0;51586307;44642881;2349235;3702;49863452;2316207;1460;0;2
FR;0;2021-10-21;26164;45166;83995;112;41961;89193;30;0;0;51612471;44688047;2433230;3814;49905413;2405400;1490;0;2
FR;0;2021-10-22;38449;62491;104925;200;59359;112650;61;0;0;51650920;44750538;2538155;4014;49964772;2518050;1551;0;2
FR;0;2021-10-23;27036;41200;45466;57;42431;48637;14;0;0;51677956;44791738;2583621;4071;50007203;2566687;1565;0;2
FR;0;2021-10-24;2947;4766;3685;6;5016;3923;1;0;0;51680903;44796504;2587306;4077;50012219;2570610;1566;0;2
FR;0;2021-10-25;26104;36207;82346;144;35484;86677;38;0;0;51707007;44832711;2669652;4221;50047703;2657287;1604;0;2
FR;0;2021-10-26;23769;34988;87278;166;32162;92405;34;0;0;51730776;44867699;2756930;4387;50079865;2749692;1638;0;2
FR;0;2021-10-27;30115;46309;109031;257;44048;114753;48;0;0;51760891;44914008;2865961;4644;50123913;2864445;1686;0;2
FR;0;2021-10-28;23609;34930;88741;153;31198;94539;35;0;0;51784500;44948938;2954702;4797;50155111;2958984;1721;0;2
FR;0;2021-10-29;31586;51450;117346;206;46501;125429;55;0;0;51816086;45000388;3072048;5003;50201612;3084413;1776;0;2
FR;0;2021-10-30;20577;33232;50360;76;32923;53424;20;0;0;51836663;45033620;3122408;5079;50234535;3137837;1796;0;2
FR;0;2021-10-31;2518;3733;3595;3;3845;3881;3;0;0;51839181;45037353;3126003;5082;50238380;3141718;1799;0;2
FR;0;2021-11-01;8537;4869;3223;3;5023;3586;10;0;0;51847718;45042222;3129226;5085;50243403;3145304;1809;0;2
FR;0;2021-11-02;26379;40100;93611;156;36244;99670;44;0;1;51874097;45082322;3222837;5241;50279647;3244974;1853;0;3
FR;0;2021-11-03;30128;47897;118928;222;43559;125901;64;0;0;51904225;45130219;3341765;5463;50323206;3370875;1917;0;3
FR;0;2021-11-04;23820;37469;107601;217;31580;114482;46;0;0;51928045;45167688;3449366;5680;50354786;3485357;1963;0;3
FR;0;2021-11-05;32408;52930;141674;236;44644;151463;52;0;0;51960453;45220618;3591040;5916;50399430;3636820;2015;0;3
FR;0;2021-11-06;21553;34547;64907;123;32384;68348;26;0;0;51982006;45255165;3655947;6039;50431814;3705168;2041;0;3
FR;0;2021-11-07;2429;4159;5208;6;4005;5597;7;0;0;51984435;45259324;3661155;6045;50435819;3710765;2048;0;3
FR;0;2021-11-08;20631;37738;127230;227;30949;134355;50;0;0;52005066;45297062;3788385;6272;50466768;3845120;2098;0;3
FR;0;2021-11-09;22442;44641;161736;339;32854;172345;65;0;0;52027508;45341703;3950121;6611;50499622;4017465;2163;0;3
FR;0;2021-11-10;31615;54888;187066;447;44030;198891;93;0;0;52059123;45396591;4137187;7058;50543652;4216356;2256;0;3
FR;0;2021-11-11;4750;6745;12996;28;5905;13979;17;0;0;52063873;45403336;4150183;7086;50549557;4230335;2273;0;3
FR;0;2021-11-12;29099;55051;183838;252;41727;197494;88;0;0;52092972;45458387;4334021;7338;50591284;4427829;2361;0;3
FR;0;2021-11-13;20355;32598;80731;118;28229;86357;44;0;0;52113327;45490985;4414752;7456;50619513;4514186;2405;0;3
FR;0;2021-11-14;2365;3857;7183;6;3363;7847;9;0;0;52115692;45494842;4421935;7462;50622876;4522033;2414;0;3
FR;0;2021-11-15;20519;38547;160908;314;27786;171645;77;0;0;52136211;45533389;4582843;7776;50650662;4693678;2491;0;3
FR;0;2021-11-16;23670;43835;200487;394;27711;215184;115;0;1;52159881;45577224;4783330;8170;50678373;4908862;2606;0;4
FR;0;2021-11-17;30542;50236;199903;406;36447;212967;99;0;0;52190423;45627460;4983233;8576;50714820;5121829;2705;0;4
FR;0;2021-11-18;23454;45685;191748;469;29396;205733;95;0;0;52213877;45673145;5174981;9045;50744216;5327562;2800;0;4
FR;0;2021-11-19;33694;61279;243288;551;39917;262308;148;0;0;52247571;45734424;5418269;9596;50784133;5589870;2948;0;4
FR;0;2021-11-20;25423;36654;102189;207;29263;109758;45;0;0;52272994;45771078;5520458;9803;50813396;5699628;2993;0;4
FR;0;2021-11-21;2664;4442;9678;19;3441;10604;19;0;0;52275658;45775520;5530136;9822;50816837;5710232;3012;0;4
FR;0;2021-11-22;22822;33106;180436;472;18911;194917;90;0;0;52298480;45808626;5710572;10294;50835748;5905149;3102;0;4
FR;0;2021-11-23;25735;45463;229490;549;24116;247981;85;0;0;52324215;45854089;5940062;10843;50859864;6153130;3187;0;4
FR;0;2021-11-24;31819;53600;224903;715;34480;243356;80;0;0;52356034;45907689;6164965;11558;50894344;6396486;3267;0;4
FR;0;2021-11-25;25655;49137;256020;739;25054;277928;112;0;0;52381689;45956826;6420985;12297;50919398;6674414;3379;0;4
FR;0;2021-11-26;33254;74674;379563;867;37399;414795;172;0;0;52414943;46031500;6800548;13164;50956797;7089209;3551;0;4
FR;0;2021-11-27;23509;49554;214974;391;28452;236776;135;0;0;52438452;46081054;7015522;13555;50985249;7325985;3686;0;4
FR;0;2021-11-28;3526;10448;56785;66;4059;63332;42;0;0;52441978;46091502;7072307;13621;50989308;7389317;3728;0;4
FR;0;2021-11-29;19445;54067;341564;864;23091;371903;178;0;0;52461423;46145569;7413871;14485;51012399;7761220;3906;0;4
FR;0;2021-11-30;24788;71805;457488;988;26806;500932;287;0;0;52486211;46217374;7871359;15473;51039205;8262152;4193;0;4
FR;0;2021-12-01;27393;75433;469215;1162;31325;511435;304;0;0;52513604;46292807;8340574;16635;51070530;8773587;4497;0;4
FR;0;2021-12-02;22126;71491;527239;1282;21025;575036;309;0;0;52535730;46364298;8867813;17917;51091555;9348623;4806;0;4
FR;0;2021-12-03;25578;92777;596521;1421;34360;651289;342;0;0;52561308;46457075;9464334;19338;51125915;9999912;5148;0;4
FR;0;2021-12-04;18341;60311;336306;692;25675;369889;198;0;0;52579649;46517386;9800640;20030;51151590;10369801;5346;0;4
FR;0;2021-12-05;4158;16094;95816;157;4862;107047;92;0;0;52583807;46533480;9896456;20187;51156452;10476848;5438;0;4
FR;0;2021-12-06;28451;72689;493276;1175;25242;540101;384;0;0;52612258;46606169;10389732;21362;51181694;11016949;5822;0;4
FR;0;2021-12-07;23567;91191;645557;1774;28524;706553;416;0;0;52635825;46697360;11035289;23136;51210218;11723502;6238;0;4
FR;0;2021-12-08;25523;91892;591805;1875;34954;647676;440;0;0;52661348;46789252;11627094;25011;51245172;12371178;6678;0;4
FR;0;2021-12-09;24085;94068;663315;2180;28998;726779;461;0;0;52685433;46883320;12290409;27191;51274170;13097957;7139;0;4
FR;0;2021-12-10;28080;110849;736199;2075;37963;806367;471;0;1;52713513;46994169;13026608;29266;51312133;13904324;7610;0;5
FR;0;2021-12-11;20254;76043;435246;990;29946;480467;344;0;0;52733767;47070212;13461854;30256;51342079;14384791;7954;0;5
FR;0;2021-12-12;5682;23113;142358;262;6389;159235;108;0;0;52739449;47093325;13604212;30518;51348468;14544026;8062;0;5
FR;0;2021-12-13;21368;90742;587831;1699;29684;649455;397;0;0;52760817;47184067;14192043;32217;51378152;15193481;8459;0;5
FR;0;2021-12-14;27988;118221;765782;2657;35430;847750;700;0;1;52788805;47302288;14957825;34874;51413582;16041231;9159;0;6
FR;0;2021-12-15;28454;114168;694512;2266;39524;769296;502;0;1;52817259;47416456;15652337;37140;51453106;16810527;9661;0;7
FR;0;2021-12-16;28056;115571;764236;2559;35106;844638;515;0;0;52845315;47532027;16416573;39699;51488212;17655165;10176;0;7
FR;0;2021-12-17;31666;128257;808022;2713;43353;892179;610;0;0;52876981;47660284;17224595;42412;51531565;18547344;10786;0;7
FR;0;2021-12-18;24944;81490;470054;1179;30053;522267;353;0;0;52901925;47741774;17694649;43591;51561618;19069611;11139;0;7
FR;0;2021-12-19;8770;28527;169447;376;7837;191070;142;0;0;52910695;47770301;17864096;43967;51569455;19260681;11281;0;7
FR;0;2021-12-20;31780;97055;591616;1789;33842;658838;501;0;0;52942475;47867356;18455712;45756;51603297;19919519;11782;0;7
FR;0;2021-12-21;39475;111873;682547;2391;38774;759688;605;0;0;52981950;47979229;19138259;48147;51642071;20679207;12387;0;7
FR;0;2021-12-22;39563;99147;575887;2169;37117;642204;687;0;2;53021513;48078376;19714146;50316;51679188;21321411;13074;0;9
FR;0;2021-12-23;33786;79357;441098;1659;30122;494443;589;0;0;53055299;48157733;20155244;51975;51709310;21815854;13663;0;9
FR;0;2021-12-24;10699;26018;111054;398;11641;126672;236;0;1;53065998;48183751;20266298;52373;51720951;21942526;13899;0;10
FR;0;2021-12-25;777;3572;7601;25;2047;9025;72;0;0;53066775;48187323;20273899;52398;51722998;21951551;13971;0;10
FR;0;2021-12-26;4698;11887;52119;142;4741;60167;170;0;0;53071473;48199210;20326018;52540;51727739;22011718;14141;0;10
FR;0;2021-12-27;30511;83936;453622;1364;33044;509270;665;0;0;53101984;48283146;20779640;53904;51760783;22520988;14806;0;10
FR;0;2021-12-28;38369;98805;564232;1769;35100;632323;1558;0;2;53140353;48381951;21343872;55673;51795883;23153311;16364;0;12
FR;0;2021-12-29;39881;88167;501276;1687;33104;561050;1738;0;1;53180234;48470118;21845148;57360;51828987;23714361;18102;0;13
FR;0;2021-12-30;35925;75056;421072;1520;29512;471164;1880;0;0;53216159;48545174;22266220;58880;51858499;24185525;19982;0;13
FR;0;2021-12-31;12051;25075;116893;405;11267;131678;740;0;0;53228210;48570249;22383113;59285;51869766;24317203;20722;0;13
FR;0;2022-01-01;1587;3217;8532;37;1803;9945;103;0;0;53229797;48573466;22391645;59322;51871569;24327148;20825;0;13
FR;0;2022-01-02;6122;13013;58436;126;5106;66973;408;0;0;53235919;48586479;22450081;59448;51876675;24394121;21233;0;13
FR;0;2022-01-03;39083;90159;494893;1597;36890;551780;2647;0;1;53275002;48676638;22944974;61045;51913565;24945901;23880;0;14
FR;0;2022-01-04;42192;111026;641465;2308;40669;714491;3835;0;3;53317194;48787664;23586439;63353;51954234;25660392;27715;0;17
FR;0;2022-01-05;61214;103596;569261;1984;43812;634297;3428;0;2;53378408;48891260;24155700;65337;51998046;26294689;31143;0;19
FR;0;2022-01-06;44311;110301;639046;2702;40234;711551;4557;0;2;53422719;49001561;24794746;68039;52038280;27006240;35700;0;21
FR;0;2022-01-07;50843;123315;711064;2811;46855;790565;4996;0;2;53473562;49124876;25505810;70850;52085135;27796805;40696;0;23
FR;0;2022-01-08;45014;80267;423838;1213;35052;472903;2444;0;3;53518576;49205143;25929648;72063;52120187;28269708;43140;0;26
FR;0;2022-01-09;15615;26602;128578;300;11493;145655;829;0;0;53534191;49231745;26058226;72363;52131680;28415363;43969;0;26
FR;0;2022-01-10;35410;93275;469387;1816;43036;522780;3721;0;1;53569601;49325020;26527613;74179;52174716;28938143;47690;0;27
FR;0;2022-01-11;41947;100453;548320;2310;42417;608571;5219;0;2;53611548;49425473;27075933;76489;52217133;29546714;52909;0;29
FR;0;2022-01-12;60419;95695;452740;1969;49496;504400;4498;0;8;53671967;49521168;27528673;78458;52266629;30051114;57407;0;37
FR;0;2022-01-13;38272;92528;487398;2084;40567;541080;5466;0;8;53710239;49613696;28016071;80542;52307196;30592194;62873;0;45
FR;0;2022-01-14;42584;103320;568658;2286;43526;629043;6467;0;2;53752823;49717016;28584729;82828;52350722;31221237;69340;0;47
FR;0;2022-01-15;39433;65892;340159;984;31460;377569;3294;0;1;53792256;49782908;28924888;83812;52382182;31598806;72634;0;48
FR;0;2022-01-16;11415;19202;87443;216;9019;99406;763;0;0;53803671;49802110;29012331;84028;52391201;31698212;73397;0;48
FR;0;2022-01-17;24752;60002;320317;1384;28056;354162;3961;0;4;53828423;49862112;29332648;85412;52419257;32052374;77358;0;52
FR;0;2022-01-18;28328;68690;361131;1801;32022;397579;5773;0;1;53856751;49930802;29693779;87213;52451279;32449953;83131;0;53
FR;0;2022-01-19;43228;67032;281333;1452;40403;311077;4392;0;5;53899979;49997834;29975112;88665;52491682;32761030;87523;0;58
FR;0;2022-01-20;23675;59595;299063;1750;29557;328534;5636;0;4;53923654;50057429;30274175;90415;52521239;33089564;93159;0;62
FR;0;2022-01-21;28209;68795;366406;2086;33093;401220;6579;0;3;53951863;50126224;30640581;92501;52554332;33490784;99738;0;65
FR;0;2022-01-22;27630;47975;218803;840;27309;241784;2838;0;2;53979493;50174199;30859384;93341;52581641;33732568;102576;0;67
FR;0;2022-01-23;6741;12970;48690;173;7506;55169;591;0;1;53986234;50187169;30908074;93514;52589147;33787737;103167;0;68
FR;0;2022-01-24;16283;47453;217350;1149;25411;239355;4102;0;3;54002517;50234622;31125424;94663;52614558;34027092;107269;0;71
FR;0;2022-01-25;19031;54325;243088;1548;28811;267092;6067;0;5;54021548;50288947;31368512;96211;52643369;34294184;113336;0;76
FR;0;2022-01-26;28147;60552;209309;1298;41367;229535;4479;0;3;54049695;50349499;31577821;97509;52684736;34523719;117815;0;79
FR;0;2022-01-27;16336;46475;207669;1285;26150;226045;5691;0;4;54066031;50395974;31785490;98794;52710886;34749764;123506;0;83
FR;0;2022-01-28;21592;78658;290080;1574;44973;321346;7411;0;4;54087623;50474632;32075570;100368;52755859;35071110;130917;0;87
FR;0;2022-01-29;18423;52850;184138;689;32749;204574;3256;0;2;54106046;50527482;32259708;101057;52788608;35275684;134173;0;89
FR;0;2022-01-30;4477;14471;39150;124;9137;45059;637;0;1;54110523;50541953;32298858;101181;52797745;35320743;134810;0;90
FR;0;2022-01-31;11259;43917;148218;742;26136;164730;4230;0;5;54121782;50585870;32447076;101923;52823881;35485473;139040;0;95
FR;0;2022-02-01;13641;48308;174139;1144;27337;191345;7043;0;1;54135423;50634178;32621215;103067;52851218;35676818;146083;0;96
FR;0;2022-02-02;20647;66300;171556;1034;46161;190084;5969;0;10;54156070;50700478;32792771;104101;52897379;35866902;152052;0;106
FR;0;2022-02-03;11660;44785;157579;990;25338;173289;6934;0;6;54167730;50745263;32950350;105091;52922717;36040191;158986;0;112
FR;0;2022-02-04;14642;67587;239261;1266;37213;264085;9156;0;6;54182372;50812850;33189611;106357;52959930;36304276;168142;0;118
FR;0;2022-02-05;12901;51447;153563;523;31981;172302;3783;0;3;54195273;50864297;33343174;106880;52991911;36476578;171925;0;121
FR;0;2022-02-06;2725;12167;28897;102;7286;33830;662;0;0;54197998;50876464;33372071;106982;52999197;36510408;172587;0;121
FR;0;2022-02-07;9607;46629;156903;593;24514;176312;5293;0;6;54207605;50923093;33528974;107575;53023711;36686720;177880;0;127
FR;0;2022-02-08;9813;43098;166654;869;20963;184449;7053;0;6;54217418;50966191;33695628;108444;53044674;36871169;184933;0;133
FR;0;2022-02-09;14374;58253;172356;876;35348;193066;5788;0;9;54231792;51024444;33867984;109320;53080022;37064235;190721;0;142
FR;0;2022-02-10;8721;39218;150242;880;18693;166721;6502;0;2;54240513;51063662;34018226;110200;53098715;37230956;197223;0;144
FR;0;2022-02-11;10861;55691;218516;1101;25833;243110;8322;0;3;54251374;51119353;34236742;111301;53124548;37474066;205545;0;147
FR;0;2022-02-12;8408;40969;134738;465;22635;151766;3509;0;4;54259782;51160322;34371480;111766;53147183;37625832;209054;0;151
FR;0;2022-02-13;1940;8604;26566;86;4410;30928;544;0;3;54261722;51168926;34398046;111852;53151593;37656760;209598;0;154
FR;0;2022-02-14;6993;35258;148387;485;14671;166383;4787;0;5;54268715;51204184;34546433;112337;53166264;37823143;214385;0;159
FR;0;2022-02-15;7067;36234;147002;751;16002;162588;6849;0;3;54275782;51240418;34693435;113088;53182266;37985731;221234;0;162
FR;0;2022-02-16;9415;42989;132543;721;25980;146762;5726;0;6;54285197;51283407;34825978;113809;53208246;38132493;226960;0;168
FR;0;2022-02-17;5578;24343;87311;587;13145;94885;5407;0;5;54290775;51307750;34913289;114396;53221391;38227378;232367;0;173
FR;0;2022-02-18;6999;33584;119671;807;18757;129335;7416;0;2;54297774;51341334;35032960;115203;53240148;38356713;239783;0;175
FR;0;2022-02-19;5370;24558;70027;370;15909;77337;3019;0;2;54303144;51365892;35102987;115573;53256057;38434050;242802;0;177
FR;0;2022-02-20;1148;4657;12175;39;2914;13954;460;0;1;54304292;51370549;35115162;115612;53258971;38448004;243262;0;178
FR;0;2022-02-21;4100;17894;61957;351;10173;67186;4059;0;2;54308392;51388443;35177119;115963;53269144;38515190;247321;0;180
FR;0;2022-02-22;4462;18663;60839;577;11264;64480;5255;0;1;54312854;51407106;35237958;116540;53280408;38579670;252576;0;181
FR;0;2022-02-23;6591;27362;66508;593;19629;71906;4596;0;3;54319445;51434468;35304466;117133;53300037;38651576;257172;0;184
FR;0;2022-02-24;3851;15561;50433;519;9520;53258;4530;0;2;54323296;51450029;35354899;117652;53309557;38704834;261702;0;186
FR;0;2022-02-25;5283;24206;76367;804;15182;80100;7335;0;7;54328579;51474235;35431266;118456;53324739;38784934;269037;0;193
FR;0;2022-02-26;3995;17770;47420;359;12172;51487;3083;0;3;54332574;51492005;35478686;118815;53336911;38836421;272120;0;196
FR;0;2022-02-27;880;3010;8040;47;1978;8949;531;0;0;54333454;51495015;35486726;118862;53338889;38845370;272651;0;196
FR;0;2022-02-28;3125;12556;40494;359;7591;42927;3858;0;0;54336579;51507571;35527220;119221;53346480;38888297;276509;0;196
FR;0;2022-03-01;4006;12610;44202;437;7636;44873;5519;0;6;54340585;51520181;35571422;119658;53354116;38933170;282028;0;202
FR;0;2022-03-02;5334;17800;47151;446;12859;49083;4929;0;2;54345919;51537981;35618573;120104;53366975;38982253;286957;0;204
FR;0;2022-03-03;2828;9356;29902;371;6255;30025;4050;0;2;54348747;51547337;35648475;120475;53373230;39012278;291007;0;206
FR;0;2022-03-04;3228;12494;40332;669;8492;39483;6233;0;4;54351975;51559831;35688807;121144;53381722;39051761;297240;0;210
FR;0;2022-03-05;3074;9285;24962;314;7126;25127;3134;0;1;54355049;51569116;35713769;121458;53388848;39076888;300374;0;211
FR;0;2022-03-06;521;1406;3198;43;1029;3441;379;0;0;54355570;51570522;35716967;121501;53389877;39080329;300753;0;211
FR;0;2022-03-07;2394;5635;18435;315;3851;17707;3307;0;4;54357964;51576157;35735402;121816;53393728;39098036;304060;0;215
FR;0;2022-03-08;2152;6081;19449;363;4335;17921;4094;0;3;54360116;51582238;35754851;122179;53398063;39115957;308154;0;218
FR;0;2022-03-09;3582;10501;22196;407;8729;21292;4040;0;4;54363698;51592739;35777047;122586;53406792;39137249;312194;0;222
FR;0;2022-03-10;1831;5839;17007;344;4386;15833;3407;0;3;54365529;51598578;35794054;122930;53411178;39153082;315601;0;225
FR;0;2022-03-11;2422;7559;24511;545;5439;22277;5481;0;2;54367951;51606137;35818565;123475;53416617;39175359;321082;0;227
FR;0;2022-03-12;2697;6778;17167;309;5496;16522;3136;0;2;54370648;51612915;35835732;123784;53422113;39191881;324218;0;229
FR;0;2022-03-13;406;791;2324;149;599;2273;537;0;0;54371054;51613706;35838056;123933;53422712;39194154;324755;0;229
FR;0;2022-03-14;1557;4274;14988;4412;2809;13842;7295;0;8;54372611;51617980;35853044;128345;53425521;39207996;332050;0;237
FR;0;2022-03-15;1750;6291;16385;7556;4808;14614;11035;0;9;54374361;51624271;35869429;135901;53430329;39222610;343085;0;246
FR;0;2022-03-16;3036;7409;19428;13140;6210;18108;16296;0;8;54377397;51631680;35888857;149041;53436539;39240718;359381;0;254
FR;0;2022-03-17;1460;3985;13155;10846;2806;11994;13314;0;9;54378857;51635665;35902012;159887;53439345;39252712;372695;0;263
FR;0;2022-03-18;2269;5757;20015;18306;4099;18111;22038;0;15;54381126;51641422;35922027;178193;53443444;39270823;394733;0;278
FR;0;2022-03-19;2294;4804;13116;9406;4140;12419;11409;0;6;54383420;51646226;35935143;187599;53447584;39283242;406142;0;284
FR;0;2022-03-20;301;736;1919;1073;528;1931;1340;0;2;54383721;51646962;35937062;188672;53448112;39285173;407482;0;286
FR;0;2022-03-21;1394;3220;12733;14951;2156;11957;16910;0;11;54385115;51650182;35949795;203623;53450268;39297130;424392;0;297
FR;0;2022-03-22;1557;3739;13802;20553;2578;12557;22845;0;5;54386672;51653921;35963597;224176;53452846;39309687;447237;0;302
FR;0;2022-03-23;2688;6291;17733;23151;5223;17245;25267;0;40;54389360;51660212;35981330;247327;53458069;39326932;472504;0;342
FR;0;2022-03-24;1408;3160;11596;17615;2248;10682;19389;0;23;54390768;51663372;35992926;264942;53460317;39337614;491893;0;365
FR;0;2022-03-25;2085;5157;18577;27775;3687;16915;30809;0;31;54392853;51668529;36011503;292717;53464004;39354529;522702;0;396
FR;0;2022-03-26;2232;4415;12080;12678;3865;11520;14400;0;26;54395085;51672944;36023583;305395;53467869;39366049;537102;0;422
FR;0;2022-03-27;363;693;1909;1483;516;1943;1740;0;1;54395448;51673637;36025492;306878;53468385;39367992;538842;0;423
FR;0;2022-03-28;1464;3081;11131;17490;2118;10620;19069;0;16;54396912;51676718;36036623;324368;53470503;39378612;557911;0;439
FR;0;2022-03-29;1454;3277;12911;27585;2094;12053;29284;0;34;54398366;51679995;36049534;351953;53472597;39390665;587195;0;473
FR;0;2022-03-30;2854;5522;15686;27429;4706;15086;29335;0;21;54401220;51685517;36065220;379382;53477303;39405751;616530;0;494
FR;0;2022-03-31;1612;3568;12990;25025;2550;12331;26634;0;43;54402832;51689085;36078210;404407;53479853;39418082;643164;0;537
FR;0;2022-04-01;2683;4585;20079;30896;2969;18721;33489;0;61;54405515;51693670;36098289;435303;53482822;39436803;676653;0;598
FR;0;2022-04-02;1531;2647;9054;10133;2009;8726;11296;0;29;54407046;51696317;36107343;445436;53484831;39445529;687949;0;627
FR;0;2022-04-03;293;516;1562;1171;360;1580;1382;0;2;54407339;51696833;36108905;446607;53485191;39447109;689331;0;629
FR;0;2022-04-04;3707;2950;12380;19129;1969;11590;20600;0;35;54411046;51699783;36121285;465736;53487160;39458699;709931;0;664
FR;0;2022-04-05;2582;3164;14343;34142;2043;13196;35759;0;85;54413628;51702947;36135628;499878;53489203;39471895;745690;0;749
FR;0;2022-04-06;2602;3956;13542;26509;3021;12816;27979;0;72;54416230;51706903;36149170;526387;53492224;39484711;773669;0;821
FR;0;2022-04-07;1987;3144;13682;33794;1995;12893;35151;0;76;54418217;51710047;36162852;560181;53494219;39497604;808820;0;897
FR;0;2022-04-08;2308;4331;19232;44013;2664;17855;46366;0;89;54420525;51714378;36182084;604194;53496883;39515459;855186;0;986
FR;0;2022-04-09;1373;2680;9314;13567;1901;8868;14800;0;30;54421898;51717058;36191398;617761;53498784;39524327;869986;0;1016
FR;0;2022-04-10;295;754;1984;2017;552;2006;2279;0;7;54422193;51717812;36193382;619778;53499336;39526333;872265;0;1023
FR;0;2022-04-11;1339;2619;11873;23913;1635;11483;25184;0;74;54423532;51720431;36205255;643691;53500971;39537816;897449;0;1097
FR;0;2022-04-12;1726;3076;14021;40926;1959;13394;41815;0;127;54425258;51723507;36219276;684617;53502930;39551210;939264;0;1224
FR;0;2022-04-13;1978;3721;13415;33118;2718;13037;34087;0;96;54427236;51727228;36232691;717735;53505648;39564247;973351;0;1320
FR;0;2022-04-14;1501;2981;13215;36326;1909;13073;36995;0;105;54428737;51730209;36245906;754061;53507557;39577320;1010346;0;1425
FR;0;2022-04-15;1871;3800;15644;35581;2543;14923;37233;0;115;54430608;51734009;36261550;789642;53510100;39592243;1047579;0;1540
FR;0;2022-04-16;1043;1834;6400;8553;1263;6263;9435;0;40;54431651;51735843;36267950;798195;53511363;39598506;1057014;0;1580
FR;0;2022-04-17;195;339;993;1174;223;1036;1242;0;7;54431846;51736182;36268943;799369;53511586;39599542;1058256;0;1587
FR;0;2022-04-18;199;543;2768;1072;342;2787;1287;0;5;54432045;51736725;36271711;800441;53511928;39602329;1059543;0;1592
FR;0;2022-04-19;1545;3029;12919;29689;1876;12478;30737;0;78;54433590;51739754;36284630;830130;53513804;39614807;1090280;0;1670
FR;0;2022-04-20;2003;3492;13305;29067;2605;12992;30084;0;96;54435593;51743246;36297935;859197;53516409;39627799;1120364;0;1766
FR;0;2022-04-21;1515;2852;12550;35187;1823;12628;35775;0;117;54437108;51746098;36310485;894384;53518232;39640427;1156139;0;1883
FR;0;2022-04-22;1879;3622;16480;37623;2399;15838;39162;0;131;54438987;51749720;36326965;932007;53520631;39656265;1195301;0;2014
FR;0;2022-04-23;1150;2064;7389;10659;1473;7240;11444;0;38;54440137;51751784;36334354;942666;53522104;39663505;1206745;0;2052
FR;0;2022-04-24;250;466;1476;1591;325;1413;1848;0;7;54440387;51752250;36335830;944257;53522429;39664918;1208593;0;2059
FR;0;2022-04-25;1308;2533;10685;21071;1612;10491;22092;0;79;54441695;51754783;36346515;965328;53524041;39675409;1230685;0;2138
FR;0;2022-04-26;1627;3004;13667;38655;1963;13111;39451;0;181;54443322;51757787;36360182;1003983;53526004;39688520;1270136;0;2319
FR;0;2022-04-27;1964;3064;11539;31067;2277;11596;31486;0;130;54445286;51760851;36371721;1035050;53528281;39700116;1301622;0;2449
FR;0;2022-04-28;1570;2771;12527;36247;1853;12269;36563;0;139;54446856;51763622;36384248;1071297;53530134;39712385;1338185;0;2588
FR;0;2022-04-29;2007;4823;15557;37281;3627;14933;38752;0;164;54448863;51768445;36399805;1108578;53533761;39727318;1376937;0;2752
FR;0;2022-04-30;1222;3945;6927;9717;3440;6756;10608;0;44;54450085;51772390;36406732;1118295;53537201;39734074;1387545;0;2796
FR;0;2022-05-01;218;325;916;1000;229;911;1141;0;6;54450303;51772715;36407648;1119295;53537430;39734985;1388686;0;2802
FR;0;2022-05-02;2286;2951;11154;18175;2047;10986;19021;0;69;54452589;51775666;36418802;1137470;53539477;39745971;1407707;0;2871
FR;0;2022-05-03;2057;3265;13725;34683;2127;13566;35604;0;163;54454646;51778931;36432527;1172153;53541604;39759537;1443311;0;3034
FR;0;2022-05-04;1920;3298;12184;25646;2298;12301;26197;0;110;54456566;51782229;36444711;1197799;53543902;39771838;1469508;0;3144
FR;0;2022-05-05;1788;3029;13069;33597;2008;12914;34265;0;180;54458354;51785258;36457780;1231396;53545910;39784752;1503773;0;3324
FR;0;2022-05-06;2216;3659;15352;36806;2318;14862;38268;0;182;54460570;51788917;36473132;1268202;53548228;39799614;1542041;0;3506
FR;0;2022-05-07;1209;1782;6464;9614;1255;6455;10339;0;48;54461779;51790699;36479596;1277816;53549483;39806069;1552380;0;3554
FR;0;2022-05-08;267;400;1175;1548;288;1236;1654;0;8;54462046;51791099;36480771;1279364;53549771;39807305;1554034;0;3562
FR;0;2022-05-09;1396;2304;9926;20259;1411;9796;21176;0;102;54463442;51793403;36490697;1299623;53551182;39817101;1575210;0;3664
FR;0;2022-05-10;1795;3427;13576;38999;2290;13132;40026;0;200;54465237;51796830;36504273;1338622;53553472;39830233;1615236;0;3864
FR;0;2022-05-11;2004;3016;10751;27937;2320;10697;28444;0;146;54467241;51799846;36515024;1366559;53555792;39840930;1643680;0;4010
FR;0;2022-05-12;1594;2738;11380;35736;1807;11052;36498;0;211;54468835;51802584;36526404;1402295;53557599;39851982;1680178;0;4221
FR;0;2022-05-13;1981;3221;13761;37980;2062;13350;39245;0;162;54470816;51805805;36540165;1440275;53559661;39865332;1719423;0;4383
FR;0;2022-05-14;1149;1641;5938;10777;1198;5801;11365;0;57;54471965;51807446;36546103;1451052;53560859;39871133;1730788;0;4440
FR;0;2022-05-15;283;477;1278;1440;300;1361;1593;0;6;54472248;51807923;36547381;1452492;53561159;39872494;1732381;0;4446
FR;0;2022-05-16;1195;2045;8692;21069;1246;8698;21597;0;128;54473443;51809968;36556073;1473561;53562405;39881192;1753978;0;4574
FR;0;2022-05-17;1589;2603;11824;37879;1668;11401;38720;0;180;54475032;51812571;36567897;1511440;53564073;39892593;1792698;0;4754
FR;0;2022-05-18;1816;2652;9692;27163;1955;9666;27781;0;109;54476848;51815223;36577589;1538603;53566028;39902259;1820479;0;4863
FR;0;2022-05-19;1448;2659;10576;35840;1632;10717;36029;0;162;54478296;51817882;36588165;1574443;53567660;39912976;1856508;0;5025
FR;0;2022-05-20;1873;3116;13423;39370;2076;12912;40388;0;168;54480169;51820998;36601588;1613813;53569736;39925888;1896896;0;5193
FR;0;2022-05-21;1159;1714;5662;9897;1309;5534;10533;0;45;54481328;51822712;36607250;1623710;53571045;39931422;1907429;0;5238
FR;0;2022-05-22;240;341;1028;1439;263;1015;1582;0;10;54481568;51823053;36608278;1625149;53571308;39932437;1909011;0;5248
FR;0;2022-05-23;1176;2123;8878;20350;1406;8827;21005;0;86;54482744;51825176;36617156;1645499;53572714;39941264;1930016;0;5334
FR;0;2022-05-24;1541;2760;11366;38880;1737;11238;39509;0;190;54484285;51827936;36628522;1684379;53574451;39952502;1969525;0;5524
FR;0;2022-05-25;1814;2835;9342;24846;2074;9480;25322;0;116;54486099;51830771;36637864;1709225;53576525;39961982;1994847;0;5640
FR;0;2022-05-26;216;430;1666;1201;293;1676;1345;0;26;54486315;51831201;36639530;1710426;53576818;39963658;1996192;0;5666
FR;0;2022-05-27;1387;2474;9265;21292;1667;9005;22326;0;94;54487702;51833675;36648795;1731718;53578485;39972663;2018518;0;5760
FR;0;2022-05-28;669;1271;3918;6793;851;3967;7202;0;38;54488371;51834946;36652713;1738511;53579336;39976630;2025720;0;5798
FR;0;2022-05-29;157;315;752;921;200;773;1033;0;4;54488528;51835261;36653465;1739432;53579536;39977403;2026753;0;5802
FR;0;2022-05-30;1025;1965;6994;19296;1246;7011;19808;0;91;54489553;51837226;36660459;1758728;53580782;39984414;2046561;0;5893
FR;0;2022-05-31;1488;2518;9822;35661;1649;9643;36294;0;171;54491041;51839744;36670281;1794389;53582431;39994057;2082855;0;6064
FR;0;2022-06-01;1746;3101;11028;24537;2247;10895;25490;0;122;54492787;51842845;36681309;1818926;53584678;40004952;2108345;0;6186
FR;0;2022-06-02;1478;2613;11303;35570;1714;10859;36515;0;174;54494265;51845458;36692612;1854496;53586392;40015811;2144860;0;6360
FR;0;2022-06-03;1726;3076;13420;38726;2045;12784;39997;0;176;54495991;51848534;36706032;1893222;53588437;40028595;2184857;0;6536
FR;0;2022-06-04;973;1516;5046;9112;1076;5117;9648;0;73;54496964;51850050;36711078;1902334;53589513;40033712;2194505;0;6609
FR;0;2022-06-05;180;335;875;1106;205;886;1228;0;4;54497144;51850385;36711953;1903440;53589718;40034598;2195733;0;6613
FR;0;2022-06-06;768;1232;2120;1329;1057;2136;1509;0;13;54497912;51851617;36714073;1904769;53590775;40036734;2197242;0;6626
FR;0;2022-06-07;1487;2711;9852;35587;1789;9431;36813;0;153;54499399;51854328;36723925;1940356;53592564;40046165;2234055;0;6779
FR;0;2022-06-08;1579;2695;9168;28785;1940;9011;29750;0;112;54500978;51857023;36733093;1969141;53594504;40055176;2263805;0;6891
FR;0;2022-06-09;1294;2439;10621;39498;1553;10265;40273;0;167;54502272;51859462;36743714;2008639;53596057;40065441;2304078;0;7058
FR;0;2022-06-10;1631;3184;13094;44826;2152;12656;46151;0;223;54503903;51862646;36756808;2053465;53598209;40078097;2350229;0;7281
FR;0;2022-06-11;962;1739;5435;11626;1125;5468;12211;0;55;54504865;51864385;36762243;2065091;53599334;40083565;2362440;0;7336
FR;0;2022-06-12;199;445;1077;1765;255;1140;1866;0;11;54505064;51864830;36763320;2066856;53599589;40084705;2364306;0;7347
FR;0;2022-06-13;1116;2068;7440;23182;1342;7270;24098;0;90;54506180;51866898;36770760;2090038;53600931;40091975;2388404;0;7437
FR;0;2022-06-14;1341;2546;10448;44944;1595;9804;46140;0;200;54507521;51869444;36781208;2134982;53602526;40101779;2434544;0;7637
FR;0;2022-06-15;1520;2455;9323;30895;1923;8955;31592;0;178;54509041;51871899;36790531;2165877;53604449;40110734;2466136;0;7815
FR;0;2022-06-16;1185;2040;9913;39930;1276;9323;40951;0;201;54510226;51873939;36800444;2205807;53605725;40120057;2507087;0;8016
FR;0;2022-06-17;1490;2858;12506;46693;1784;11908;47934;0;240;54511716;51876797;36812950;2252500;53607509;40131965;2555021;0;8256
FR;0;2022-06-18;856;1527;4565;11125;1038;4500;11719;0;67;54512572;51878324;36817515;2263625;53608547;40136465;2566740;0;8323
FR;0;2022-06-19;183;363;1059;1615;208;1131;1701;0;14;54512755;51878687;36818574;2265240;53608755;40137596;2568441;0;8337
FR;0;2022-06-20;1025;1922;8909;26079;1196;8570;27020;0;154;54513780;51880609;36827483;2291319;53609951;40146166;2595461;0;8491
FR;0;2022-06-21;1325;2400;10310;49896;1535;9338;51281;0;264;54515105;51883009;36837793;2341215;53611486;40155504;2646742;0;8755
FR;0;2022-06-22;1396;2512;8912;39057;1802;8420;40001;0;256;54516501;51885521;36846705;2380272;53613288;40163924;2686743;0;9011
FR;0;2022-06-23;1229;2368;10679;55105;1365;9885;56237;0;320;54517730;51887889;36857384;2435377;53614653;40173809;2742980;0;9331
FR;0;2022-06-24;1492;2995;13643;69187;1751;12305;71005;0;405;54519222;51890884;36871027;2504564;53616404;40186114;2813985;0;9736
FR;0;2022-06-25;938;1781;6235;19921;1112;5988;20776;0;177;54520160;51892665;36877262;2524485;53617516;40192102;2834761;0;9913
FR;0;2022-06-26;229;459;1952;3688;259;1817;3966;0;39;54520389;51893124;36879214;2528173;53617775;40193919;2838727;0;9952
FR;0;2022-06-27;1132;2023;10493;48486;1175;9636;49754;0;339;54521521;51895147;36889707;2576659;53618950;40203555;2888481;0;10291
FR;0;2022-06-28;1463;2815;14667;91388;1583;13088;93157;0;623;54522984;51897962;36904374;2668047;53620533;40216643;2981638;0;10914
FR;0;2022-06-29;1712;2830;12291;71892;1843;11239;73034;0;548;54524696;51900792;36916665;2739939;53622376;40227882;3054672;0;11462
FR;0;2022-06-30;1534;2728;14395;95168;1649;12475;97183;0;724;54526230;51903520;36931060;2835107;53624025;40240357;3151855;0;12186
FR;0;2022-07-01;2013;3800;21497;115928;2304;18851;118574;0;954;54528243;51907320;36952557;2951035;53626329;40259208;3270429;0;13140
FR;0;2022-07-02;1087;1859;8525;35753;1108;7702;36874;0;342;54529330;51909179;36961082;2986788;53627437;40266910;3307303;0;13482
FR;0;2022-07-03;292;539;2094;6455;318;1897;6804;0;79;54529622;51909718;36963176;2993243;53627755;40268807;3314107;0;13561
FR;0;2022-07-04;1810;3432;14711;79224;2291;12991;81297;0;639;54531432;51913150;36977887;3072467;53630046;40281798;3395404;0;14200
FR;0;2022-07-05;1762;3165;18834;133254;1795;16017;135545;0;1145;54533194;51916315;36996721;3205721;53631841;40297815;3530949;0;15345
FR;0;2022-07-06;1830;2781;15850;99584;1843;13641;101151;0;900;54535024;51919096;37012571;3305305;53633684;40311456;3632100;0;16245
FR;0;2022-07-07;1709;2872;18004;126039;1713;14784;128365;0;1179;54536733;51921968;37030575;3431344;53635397;40326240;3760465;0;17424
FR;0;2022-07-08;1892;3152;20752;137083;1854;16764;140077;0;1347;54538625;51925120;37051327;3568427;53637251;40343004;3900542;0;18771
FR;0;2022-07-09;867;1463;7742;37926;884;6686;38771;0;426;54539492;51926583;37059069;3606353;53638135;40349690;3939313;0;19197
FR;0;2022-07-10;267;679;2346;7004;433;2125;7395;0;94;54539759;51927262;37061415;3613357;53638568;40351815;3946708;0;19291
FR;0;2022-07-11;1446;2471;15018;88281;1395;12511;90469;0;801;54541205;51929733;37076433;3701638;53639963;40364326;4037177;0;20092
FR;0;2022-07-12;1832;3115;20535;143970;1711;16731;146673;0;1604;54543037;51932848;37096968;3845608;53641674;40381057;4183850;0;21696
FR;0;2022-07-13;1769;2750;15695;94541;1659;13277;96400;0;1080;54544806;51935598;37112663;3940149;53643333;40394334;4280250;0;22776
FR;0;2022-07-14;185;370;1955;5538;220;1834;5705;0;82;54544991;51935968;37114618;3945687;53643553;40396168;4285955;0;22858
FR;0;2022-07-15;1485;2569;15114;84461;1431;12597;86620;0;1035;54546476;51938537;37129732;4030148;53644984;40408765;4372575;0;23893
FR;0;2022-07-16;623;1192;5948;24981;698;5155;25672;0;327;54547099;51939729;37135680;4055129;53645682;40413920;4398247;0;24220
FR;0;2022-07-17;182;394;1738;4665;218;1569;4937;0;66;54547281;51940123;37137418;4059794;53645900;40415489;4403184;0;24286
FR;0;2022-07-18;1130;2249;11827;61807;1338;9975;63672;0;780;54548411;51942372;37149245;4121601;53647238;40425464;4466856;0;25066
FR;0;2022-07-19;1418;2350;15471;103702;1390;12293;105889;0;1459;54549829;51944722;37164716;4225303;53648628;40437757;4572745;0;26525
FR;0;2022-07-20;1426;2297;12966;77581;1468;10738;79170;0;1051;54551255;51947019;37177682;4302884;53650096;40448495;4651915;0;27576
FR;0;2022-07-21;1286;2169;13094;88236;1369;10496;89721;0;1316;54552541;51949188;37190776;4391120;53651465;40458991;4741636;0;28892
FR;0;2022-07-22;1424;2477;14821;89529;1458;11969;91408;0;1346;54553965;51951665;37205597;4480649;53652923;40470960;4833044;0;30238
FR;0;2022-07-23;684;1309;5534;22480;821;4857;23078;0;411;54554649;51952974;37211131;4503129;53653744;40475817;4856122;0;30649
FR;0;2022-07-24;184;352;1398;3904;202;1241;4130;0;72;54554833;51953326;37212529;4507033;53653946;40477058;4860252;0;30721
FR;0;2022-07-25;1060;1793;9492;48072;1145;7842;49512;0;737;54555893;51955119;37222021;4555105;53655091;40484900;4909764;0;31458
FR;0;2022-07-26;1296;2210;13305;85432;1318;10829;87128;0;1311;54557189;51957329;37235326;4640537;53656409;40495729;4996892;0;32769
FR;0;2022-07-27;1222;2007;10235;61317;1337;8531;62521;0;971;54558411;51959336;37245561;4701854;53657746;40504260;5059413;0;33740
FR;0;2022-07-28;1089;1862;10309;64396;1256;8218;65628;0;1046;54559500;51961198;37255870;4766250;53659002;40512478;5125041;0;34786
FR;0;2022-07-29;1282;2074;11007;65894;1383;8762;67324;0;1140;54560782;51963272;37266877;4832144;53660385;40521240;5192365;0;35926
FR;0;2022-07-30;499;863;3523;15282;599;2973;15665;0;303;54561281;51964135;37270400;4847426;53660984;40524213;5208030;0;36229
FR;0;2022-07-31;154;288;929;2439;184;788;2588;0;49;54561435;51964423;37271329;4849865;53661168;40525001;5210618;0;36278
FR;0;2022-08-01;891;1617;7595;30234;1212;6395;31306;0;549;54562326;51966040;37278924;4880099;53662380;40531396;5241924;0;36827
FR;0;2022-08-02;1031;1645;8577;56115;1151;6889;56803;0;1170;54563357;51967685;37287501;4936214;53663531;40538285;5298727;0;37997
FR;0;2022-08-03;841;1264;6424;38679;901;5145;39417;0;701;54564198;51968949;37293925;4974893;53664432;40543430;5338144;0;38698
FR;0;2022-08-04;737;1185;6567;43155;781;5300;43719;0;917;54564935;51970134;37300492;5018048;53665213;40548730;5381863;0;39615
FR;0;2022-08-05;855;1361;7098;44963;967;5677;45626;0;993;54565790;51971495;37307590;5063011;53666180;40554407;5427489;0;40608
FR;0;2022-08-06;339;555;2099;9367;396;1757;9567;0;228;54566129;51972050;37309689;5072378;53666576;40556164;5437056;0;40836
FR;0;2022-08-07;104;157;536;1625;114;453;1702;0;38;54566233;51972207;37310225;5074003;53666690;40556617;5438758;0;40874
FR;0;2022-08-08;584;1107;4026;22097;862;3289;22541;0;490;54566817;51973314;37314251;5096100;53667552;40559906;5461299;0;41364
FR;0;2022-08-09;698;1161;5972;39954;846;4803;40445;0;844;54567515;51974475;37320223;5136054;53668398;40564709;5501744;0;42208
FR;0;2022-08-10;647;1236;4656;28056;951;3797;28390;0;652;54568162;51975711;37324879;5164110;53669349;40568506;5530134;0;42860
FR;0;2022-08-11;622;1027;4488;29247;739;3708;29583;0;676;54568784;51976738;37329367;5193357;53670088;40572214;5559717;0;43536
FR;0;2022-08-12;738;1159;4745;28213;842;3917;28649;0;704;54569522;51977897;37334112;5221570;53670930;40576131;5588366;0;44240
FR;0;2022-08-13;236;424;1295;5257;322;1119;5416;0;121;54569758;51978321;37335407;5226827;53671252;40577250;5593782;0;44361
FR;0;2022-08-14;72;121;288;923;103;246;995;0;25;54569830;51978442;37335695;5227750;53671355;40577496;5594777;0;44386
FR;0;2022-08-15;93;200;608;564;166;556;618;0;19;54569923;51978642;37336303;5228314;53671521;40578052;5595395;0;44405
FR;0;2022-08-16;625;1073;3956;22175;834;3351;22367;0;615;54570548;51979715;37340259;5250489;53672355;40581403;5617762;0;45020
FR;0;2022-08-17;640;1031;3889;22897;808;3293;23142;0;620;54571188;51980746;37344148;5273386;53673163;40584696;5640904;0;45640
FR;0;2022-08-18;618;989;4118;26296;790;3255;26529;0;673;54571806;51981735;37348266;5299682;53673953;40587951;5667433;0;46313
FR;0;2022-08-19;604;1164;4493;27256;872;3694;27562;0;766;54572410;51982899;37352759;5326938;53674825;40591645;5694995;0;47079
FR;0;2022-08-20;293;500;1355;5569;396;1170;5728;0;146;54572703;51983399;37354114;5332507;53675221;40592815;5700723;0;47225
FR;0;2022-08-21;97;134;305;1008;95;267;1043;0;27;54572800;51983533;37354419;5333515;53675316;40593082;5701766;0;47252
FR;0;2022-08-22;565;994;3273;15355;770;2797;15685;0;425;54573365;51984527;37357692;5348870;53676086;40595879;5717451;0;47677
FR;0;2022-08-23;720;1178;4297;29000;851;3611;29086;0;870;54574085;51985705;37361989;5377870;53676937;40599490;5746537;0;48547
FR;0;2022-08-24;658;934;3494;19530;779;2856;19720;0;608;54574743;51986639;37365483;5397400;53677716;40602346;5766257;0;49155
FR;0;2022-08-25;624;1015;3942;23402;724;3290;23666;0;673;54575367;51987654;37369425;5420802;53678440;40605636;5789923;0;49828
FR;0;2022-08-26;852;1262;4476;25883;955;3668;26256;0;777;54576219;51988916;37373901;5446685;53679395;40609304;5816179;0;50605
FR;0;2022-08-27;295;499;1379;5461;360;1245;5525;0;194;54576514;51989415;37375280;5452146;53679755;40610549;5821704;0;50799
FR;0;2022-08-28;123;161;303;919;115;288;964;0;38;54576637;51989576;37375583;5453065;53679870;40610837;5822668;0;50837
FR;0;2022-08-29;618;965;3073;14655;764;2610;14961;0;433;54577255;51990541;37378656;5467720;53680634;40613447;5837629;0;51270
FR;0;2022-08-30;849;1214;4796;28543;891;3913;28873;0;823;54578104;51991755;37383452;5496263;53681525;40617360;5866502;0;52093
FR;0;2022-08-31;695;953;3205;17638;738;2716;17902;0;508;54578799;51992708;37386657;5513901;53682263;40620076;5884404;0;52601
FR;0;2022-09-01;737;991;4477;22479;704;3823;22753;0;623;54579536;51993699;37391134;5536380;53682967;40623899;5907157;0;53224
FR;0;2022-09-02;874;1147;5037;28611;832;4250;28904;0;914;54580410;51994846;37396171;5564991;53683799;40628149;5936061;0;54138
FR;0;2022-09-03;417;566;1918;6085;421;1664;6322;0;181;54580827;51995412;37398089;5571076;53684220;40629813;5942383;0;54319
FR;0;2022-09-04;133;150;351;873;85;347;942;0;24;54580960;51995562;37398440;5571949;53684305;40630160;5943325;0;54343
FR;0;2022-09-05;645;780;3167;16057;600;2647;16370;0;523;54581605;51996342;37401607;5588006;53684905;40632807;5959695;0;54866
FR;0;2022-09-06;801;1030;4737;31851;662;3869;32080;0;1040;54582406;51997372;37406344;5619857;53685567;40636676;5991775;0;55906
FR;0;2022-09-07;651;774;2996;16821;554;2476;16970;0;572;54583057;51998146;37409340;5636678;53686121;40639152;6008745;0;56478
FR;0;2022-09-08;622;855;3808;24849;589;3140;24940;0;818;54583679;51999001;37413148;5661527;53686710;40642292;6033685;0;57296
FR;0;2022-09-09;839;1015;4441;27646;658;3679;27824;0;948;54584518;52000016;37417589;5689173;53687368;40645971;6061509;0;58244
FR;0;2022-09-10;392;562;1734;5709;387;1536;5913;0;208;54584910;52000578;37419323;5694882;53687755;40647507;6067422;0;58452
FR;0;2022-09-11;123;131;323;656;93;306;715;0;17;54585033;52000709;37419646;5695538;53687848;40647813;6068137;0;58469
FR;0;2022-09-12;488;635;2687;13290;452;2292;13583;0;478;54585521;52001344;37422333;5708828;53688300;40650105;6081720;0;58947
FR;0;2022-09-13;618;857;3996;26506;545;3485;26387;0;875;54586139;52002201;37426329;5735334;53688845;40653590;6108107;0;59822
FR;0;2022-09-14;655;781;2962;16180;574;2477;16413;0;573;54586794;52002982;37429291;5751514;53689419;40656067;6124520;0;60395
FR;0;2022-09-15;558;795;3470;23581;546;2960;23649;0;726;54587352;52003777;37432761;5775095;53689965;40659027;6148169;0;61121
FR;0;2022-09-16;792;1039;4141;25901;724;3482;26123;0;932;54588144;52004816;37436902;5800996;53690689;40662509;6174292;0;62053
FR;0;2022-09-17;386;503;1452;6145;381;1282;6237;0;242;54588530;52005319;37438354;5807141;53691070;40663791;6180529;0;62295
FR;0;2022-09-18;117;142;323;961;121;291;1016;0;36;54588647;52005461;37438677;5808102;53691191;40664082;6181545;0;62331
FR;0;2022-09-19;448;644;2254;13201;445;1929;13383;0;436;54589095;52006105;37440931;5821303;53691636;40666011;6194928;0;62767
FR;0;2022-09-20;641;871;3782;26461;625;3150;26515;0;892;54589736;52006976;37444713;5847764;53692261;40669161;6221443;0;63659
FR;0;2022-09-21;578;767;2737;16257;571;2352;16249;0;586;54590314;52007743;37447450;5864021;53692832;40671513;6237692;0;64245
FR;0;2022-09-22;587;837;3420;23578;561;2792;23804;0;772;54590901;52008580;37450870;5887599;53693393;40674305;6261496;0;65017
FR;0;2022-09-23;834;1049;4493;28708;768;3762;28884;0;1019;54591735;52009629;37455363;5916307;53694161;40678067;6290380;0;66036
FR;0;2022-09-24;423;611;1644;6894;469;1418;7078;0;306;54592158;52010240;37457007;5923201;53694630;40679485;6297458;0;66342
FR;0;2022-09-25;99;189;335;1100;143;306;1142;0;37;54592257;52010429;37457342;5924301;53694773;40679791;6298600;0;66379
FR;0;2022-09-26;437;706;2298;13540;475;2018;13645;0;435;54592694;52011135;37459640;5937841;53695248;40681809;6312245;0;66814
FR;0;2022-09-27;610;843;3627;25942;613;2910;26097;0;959;54593304;52011978;37463267;5963783;53695861;40684719;6338342;0;67773
FR;0;2022-09-28;630;821;2555;15396;628;2303;15509;0;622;54593934;52012799;37465822;5979179;53696489;40687022;6353851;0;68395
FR;0;2022-09-29;564;762;3117;21042;539;2631;21069;43;810;54594498;52013561;37468939;6000221;53697028;40689653;6374920;43;69205
FR;0;2022-09-30;777;1101;3952;25561;815;3298;25827;713;1052;54595275;52014662;37472891;6025782;53697843;40692951;6400747;756;70257
FR;0;2022-10-01;427;616;2007;5972;463;1736;6210;396;318;54595702;52015278;37474898;6031754;53698306;40694687;6406957;1152;70575
FR;0;2022-10-02;59;136;218;638;97;215;664;66;42;54595761;52015414;37475116;6032392;53698403;40694902;6407621;1218;70617
FR;0;2022-10-03;476;773;2453;12051;606;2177;12229;2074;745;54596237;52016187;37477569;6044443;53699009;40697079;6419850;3292;71362
FR;0;2022-10-04;621;798;3387;23506;543;2777;23683;4702;1583;54596858;52016985;37480956;6067949;53699552;40699856;6443533;7994;72945
FR;0;2022-10-05;547;812;2439;14605;589;2154;14746;3655;1210;54597405;52017797;37483395;6082554;53700141;40702010;6458279;11649;74155
FR;0;2022-10-06;538;713;3085;21685;515;2517;21896;6667;1907;54597943;52018510;37486480;6104239;53700656;40704527;6480175;18316;76062
FR;0;2022-10-07;724;981;4127;30305;711;3475;30394;16873;3204;54598667;52019491;37490607;6134544;53701367;40708002;6510569;35189;79266
FR;0;2022-10-08;346;516;1649;8431;376;1408;8600;6699;1170;54599013;52020007;37492256;6142975;53701743;40709410;6519169;41888;80436
FR;0;2022-10-09;109;137;336;1587;111;311;1650;1511;296;54599122;52020144;37492592;6144562;53701854;40709721;6520819;43399;80732
FR;0;2022-10-10;480;728;2921;20529;542;2504;20859;19556;3270;54599602;52020872;37495513;6165091;53702396;40712225;6541678;62955;84002
FR;0;2022-10-11;575;796;4263;40315;538;3565;40658;40155;6380;54600177;52021668;37499776;6205406;53702934;40715790;6582336;103110;90382
FR;0;2022-10-12;573;823;3255;26719;608;2761;27047;27300;4689;54600750;52022491;37503031;6232125;53703542;40718551;6609383;130410;95071
FR;0;2022-10-13;611;777;4004;38440;567;3129;38897;40596;6606;54601361;52023268;37507035;6270565;53704109;40721680;6648280;171006;101677
FR;0;2022-10-14;754;1050;4867;47662;762;3952;48136;51126;7859;54602115;52024318;37511902;6318227;53704871;40725632;6696416;222132;109536
FR;0;2022-10-15;357;509;1862;11849;349;1622;11964;13090;2275;54602472;52024827;37513764;6330076;53705220;40727254;6708380;235222;111811
FR;0;2022-10-16;92;129;372;1967;79;356;2012;2347;479;54602564;52024956;37514136;6332043;53705299;40727610;6710392;237569;112290
FR;0;2022-10-17;435;698;3032;26447;485;2472;26818;30767;5408;54602999;52025654;37517168;6358490;53705784;40730082;6737210;268336;117698
FR;0;2022-10-18;599;728;4700;46088;526;3757;46635;55439;11697;54603598;52026382;37521868;6404578;53706310;40733839;6783845;323775;129395
FR;0;2022-10-19;556;776;3632;34366;581;3067;34700;42426;9214;54604154;52027158;37525500;6438944;53706891;40736906;6818545;366201;138609
FR;0;2022-10-20;601;776;4833;49429;562;3716;50092;60490;12922;54604755;52027934;37530333;6488373;53707453;40740622;6868637;426691;151531
FR;0;2022-10-21;686;980;5704;57009;695;4512;57696;70940;14293;54605441;52028914;37536037;6545382;53708148;40745134;6926333;497631;165824
FR;0;2022-10-22;331;405;1654;12943;325;1320;13102;15935;3385;54605772;52029319;37537691;6558325;53708473;40746454;6939435;513566;169209
FR;0;2022-10-23;94;107;349;2062;102;265;2164;2756;631;54605866;52029426;37538040;6560387;53708575;40746719;6941599;516322;169840
FR;0;2022-10-24;551;593;3135;27129;418;2685;27556;35485;7806;54606417;52030019;37541175;6587516;53708993;40749404;6969155;551807;177646
FR;0;2022-10-25;589;720;4868;49082;529;3798;49756;65185;15417;54607006;52030739;37546043;6636598;53709522;40753202;7018911;616992;193063
FR;0;2022-10-26;531;637;3460;32572;473;2887;32877;43883;10962;54607537;52031376;37549503;6669170;53709995;40756089;7051788;660875;204025
FR;0;2022-10-27;588;689;4073;40755;489;3342;41229;54379;13088;54608125;52032065;37553576;6709925;53710484;40759431;7093017;715254;217113
FR;0;2022-10-28;699;853;4608;44180;617;3503;45001;58265;13180;54608824;52032918;37558184;6754105;53711101;40762934;7138018;773519;230293
FR;0;2022-10-29;260;354;1328;9491;251;1082;9624;12520;3011;54609084;52033272;37559512;6763596;53711352;40764016;7147642;786039;233304
FR;0;2022-10-30;87;113;286;1594;89;249;1642;2141;540;54609171;52033385;37559798;6765190;53711441;40764265;7149284;788180;233844
FR;0;2022-10-31;382;477;2069;16054;346;1621;16418;22144;5454;54609553;52033862;37561867;6781244;53711787;40765886;7165702;810324;239298
FR;0;2022-11-01;78;178;921;1114;138;952;1159;1665;484;54609631;52034040;37562788;6782358;53711925;40766838;7166861;811989;239782
FR;0;2022-11-02;504;655;3026;25374;485;2568;25854;36592;10115;54610135;52034695;37565814;6807732;53712410;40769406;7192715;848581;249897
FR;0;2022-11-03;638;690;4109;40026;522;3115;40754;56960;15338;54610773;52035385;37569923;6847758;53712932;40772521;7233469;905541;265235
FR;0;2022-11-04;656;824;4422;43642;569;3514;44257;60497;15236;54611429;52036209;37574345;6891400;53713501;40776035;7277726;966038;280471
FR;0;2022-11-05;253;354;1448;9711;277;1165;9919;13457;3292;54611682;52036563;37575793;6901111;53713778;40777200;7287645;979495;283763
FR;0;2022-11-06;94;112;263;1602;95;246;1631;2337;653;54611776;52036675;37576056;6902713;53713873;40777446;7289276;981832;284416
FR;0;2022-11-07;465;522;2728;26717;433;2209;27359;39058;10986;54612241;52037197;37578784;6929430;53714306;40779655;7316635;1020890;295402
FR;0;2022-11-08;599;781;4987;51933;567;3826;52940;74208;20032;54612840;52037978;37583771;6981363;53714873;40783481;7369575;1095098;315434
FR;0;2022-11-09;511;648;3358;31596;469;2685;32372;46326;13211;54613351;52038626;37587129;7012959;53715342;40786166;7401947;1141424;328645
FR;0;2022-11-10;615;864;4561;43631;613;3611;44532;62749;17276;54613966;52039490;37591690;7056590;53715955;40789777;7446479;1204173;345921
FR;0;2022-11-11;74;108;367;1664;77;309;1727;2798;1011;54614040;52039598;37592057;7058254;53716032;40790086;7448206;1206971;346932
FR;0;2022-11-12;206;321;1194;7101;230;976;7337;10288;2765;54614246;52039919;37593251;7065355;53716262;40791062;7455543;1217259;349697
FR;0;2022-11-13;63;93;247;1207;70;211;1261;1973;625;54614309;52040012;37593498;7066562;53716332;40791273;7456804;1219232;350322
FR;0;2022-11-14;438;519;2572;23970;366;2045;24606;36145;10857;54614747;52040531;37596070;7090532;53716698;40793318;7481410;1255377;361179
FR;0;2022-11-15;596;708;4310;44990;533;3350;45939;66823;19605;54615343;52041239;37600380;7135522;53717231;40796668;7527349;1322200;380784
FR;0;2022-11-16;546;624;3063;28556;496;2568;29093;43211;13305;54615889;52041863;37603443;7164078;53717727;40799236;7556442;1365411;394089
FR;0;2022-11-17;558;655;3815;39229;503;2974;39835;58320;17396;54616447;52042518;37607258;7203307;53718230;40802210;7596277;1423731;411485
FR;0;2022-11-18;620;762;4598;45095;576;3448;46001;65633;18323;54617067;52043280;37611856;7248402;53718806;40805658;7642278;1489364;429808
FR;0;2022-11-19;270;331;1498;9803;261;1093;9998;14316;4006;54617337;52043611;37613354;7258205;53719067;40806751;7652276;1503680;433814
FR;0;2022-11-20;70;96;302;1698;77;259;1772;2717;859;54617407;52043707;37613656;7259903;53719144;40807010;7654048;1506397;434673
FR;0;2022-11-21;434;510;2417;21384;349;1938;21943;32981;10282;54617841;52044217;37616073;7281287;53719493;40808948;7675991;1539378;444955
FR;0;2022-11-22;536;587;4017;39780;413;3155;40355;59645;18165;54618377;52044804;37620090;7321067;53719906;40812103;7716346;1599023;463120
FR;0;2022-11-23;467;551;2749;26001;395;2316;26494;40326;12842;54618844;52045355;37622839;7347068;53720301;40814419;7742840;1639349;475962
FR;0;2022-11-24;507;596;3761;37094;420;2958;37811;56742;17911;54619351;52045951;37626600;7384162;53720721;40817377;7780651;1696091;493873
FR;0;2022-11-25;570;711;4180;40130;562;3140;40972;59571;17436;54619921;52046662;37630780;7424292;53721283;40820517;7821623;1755662;511309
FR;0;2022-11-26;300;336;1333;9363;260;1062;9504;13990;3969;54620221;52046998;37632113;7433655;53721543;40821579;7831127;1769652;515278
FR;0;2022-11-27;72;83;265;1661;63;225;1689;2554;805;54620293;52047081;37632378;7435316;53721606;40821804;7832816;1772206;516083
FR;0;2022-11-28;415;467;2629;24762;347;1970;25503;38382;12162;54620708;52047548;37635007;7460078;53721953;40823774;7858319;1810588;528245
FR;0;2022-11-29;498;606;4387;46458;375;3289;47174;70979;22274;54621206;52048154;37639394;7506536;53722328;40827063;7905493;1881567;550519
FR;0;2022-11-30;502;682;3724;36891;484;2886;37694;56285;17221;54621708;52048836;37643118;7543427;53722812;40829949;7943187;1937852;567740
FR;0;2022-12-01;523;666;5293;51776;444;3891;52569;79467;25127;54622231;52049502;37648411;7595203;53723256;40833840;7995756;2017319;592867
FR;0;2022-12-02;635;736;6160;61466;518;4370;62694;92329;27423;54622866;52050238;37654571;7656669;53723774;40838210;8058450;2109648;620290
FR;0;2022-12-03;301;340;2282;18023;220;1624;18453;26687;7606;54623167;52050578;37656853;7674692;53723994;40839834;8076903;2136335;627896
FR;0;2022-12-04;94;123;523;4302;90;433;4353;6434;1853;54623261;52050701;37657376;7678994;53724084;40840267;8081256;2142769;629749
FR;0;2022-12-05;446;558;4275;44640;394;2884;45609;68864;21801;54623707;52051259;37661651;7723634;53724478;40843151;8126865;2211633;651550
FR;0;2022-12-06;614;723;6835;78225;465;4639;79744;121561;39482;54624321;52051982;37668486;7801859;53724943;40847790;8206609;2333194;691032
FR;0;2022-12-07;546;619;5347;58120;458;3585;59272;90458;29557;54624867;52052601;37673833;7859979;53725401;40851375;8265881;2423652;720589
FR;0;2022-12-08;604;703;6974;79587;445;4572;81282;124002;40791;54625471;52053304;37680807;7939566;53725846;40855947;8347163;2547654;761380
FR;0;2022-12-09;778;837;8662;95629;546;5718;97512;147225;46752;54626249;52054141;37689469;8035195;53726392;40861665;8444675;2694879;808132
FR;0;2022-12-10;401;431;3819;33935;273;2475;34832;50534;14709;54626650;52054572;37693288;8069130;53726665;40864140;8479507;2745413;822841
FR;0;2022-12-11;131;140;988;8361;100;683;8565;12250;3276;54626781;52054712;37694276;8077491;53726765;40864823;8488072;2757663;826117
FR;0;2022-12-12;511;571;6350;67399;364;4101;69001;106100;34744;54627292;52055283;37700626;8144890;53727129;40868924;8557073;2863763;860861
FR;0;2022-12-13;695;769;9032;103511;477;5620;106080;164708;54996;54627987;52056052;37709658;8248401;53727606;40874544;8663153;3028471;915857
FR;0;2022-12-14;584;694;6795;73254;459;4528;74899;116755;38659;54628571;52056746;37716453;8321655;53728065;40879072;8738052;3145226;954516
FR;0;2022-12-15;651;829;8857;95797;519;5681;98117;153047;51644;54629222;52057575;37725310;8417452;53728584;40884753;8836169;3298273;1006160
FR;0;2022-12-16;819;961;9742;104689;634;6432;106923;166295;55238;54630041;52058536;37735052;8522141;53729218;40891185;8943092;3464568;1061398
FR;0;2022-12-17;342;419;3500;31757;281;2291;32552;48392;14440;54630383;52058955;37738552;8553898;53729499;40893476;8975644;3512960;1075838
FR;0;2022-12-18;93;123;785;6330;76;539;6479;9619;2747;54630476;52059078;37739337;8560228;53729575;40894015;8982123;3522579;1078585
FR;0;2022-12-19;587;608;5740;56170;424;3669;57799;90164;30035;54631063;52059686;37745077;8616398;53729999;40897684;9039922;3612743;1108620
FR;0;2022-12-20;735;773;7920;79714;511;5217;81859;130617;44972;54631798;52060459;37752997;8696112;53730510;40902901;9121781;3743360;1153592
FR;0;2022-12-21;583;615;5303;50887;423;3554;52236;83990;29247;54632381;52061074;37758300;8746999;53730933;40906455;9174017;3827350;1182839
FR;0;2022-12-22;636;649;4895;46163;446;3390;47400;76651;26782;54633017;52061723;37763195;8793162;53731379;40909845;9221417;3904001;1209621
FR;0;2022-12-23;464;570;3431;26163;407;2589;26840;43274;14846;54633481;52062293;37766626;8819325;53731786;40912434;9248257;3947275;1224467
FR;0;2022-12-24;103;105;442;2703;78;333;2827;4284;1229;54633584;52062398;37767068;8822028;53731864;40912767;9251084;3951559;1225696
FR;0;2022-12-25;33;37;131;560;29;102;585;915;272;54633617;52062435;37767199;8822588;53731893;40912869;9251669;3952474;1225968
FR;0;2022-12-26;362;385;2496;16898;285;1817;17544;27565;8810;54633979;52062820;37769695;8839486;53732178;40914686;9269213;3980039;1234778
FR;0;2022-12-27;524;655;4194;33693;440;2935;34841;56650;19708;54634503;52063475;37773889;8873179;53732618;40917621;9304054;4036689;1254486
FR;0;2022-12-28;469;509;3219;25665;345;2295;26283;42835;14800;54634972;52063984;37777108;8898844;53732963;40919916;9330337;4079524;1269286
FR;0;2022-12-29;428;533;3412;26553;344;2391;27559;45026;15623;54635400;52064517;37780520;8925397;53733307;40922307;9357896;4124550;1284909
FR;0;2022-12-30;449;497;2616;19525;350;1852;20194;32523;10941;54635849;52065014;37783136;8944922;53733657;40924159;9378090;4157073;1295850
FR;0;2022-12-31;136;155;507;3177;119;412;3323;4933;1331;54635985;52065169;37783643;8948099;53733776;40924571;9381413;4162006;1297181
FR;0;2023-01-01;21;44;170;706;26;141;733;1022;245;54636006;52065213;37783813;8948805;53733802;40924712;9382146;4163028;1297426
FR;0;2023-01-02;360;507;2742;18980;336;2061;19450;32926;12052;54636366;52065720;37786555;8967785;53734138;40926773;9401596;4195954;1309478
FR;0;2023-01-03;631;653;4659;44115;430;3266;45061;82651;34752;54636997;52066373;37791214;9011900;53734568;40930039;9446657;4278605;1344230
FR;0;2023-01-04;524;571;3833;31015;383;2719;31810;59679;25734;54637521;52066944;37795047;9042915;53734951;40932758;9478467;4338284;1369964
FR;0;2023-01-05;653;716;4633;43167;524;3120;44077;83741;37058;54638174;52067660;37799680;9086082;53735475;40935878;9522544;4422025;1407022
FR;0;2023-01-06;727;846;5451;48456;567;3599;49503;91870;39416;54638901;52068506;37805131;9134538;53736042;40939477;9572047;4513895;1446438
FR;0;2023-01-07;338;403;1848;12904;289;1318;13217;22978;8750;54639239;52068909;37806979;9147442;53736331;40940795;9585264;4536873;1455188
FR;0;2023-01-08;102;139;482;2909;95;344;3003;5192;1967;54639341;52069048;37807461;9150351;53736426;40941139;9588267;4542065;1457155
FR;0;2023-01-09;564;616;2830;22243;436;2030;22823;45587;21071;54639905;52069664;37810291;9172594;53736862;40943169;9611090;4587652;1478226
FR;0;2023-01-10;586;741;4667;41367;497;3301;42205;86606;41543;54640491;52070405;37814958;9213961;53737359;40946470;9653295;4674258;1519769
FR;0;2023-01-11;486;571;3107;24977;409;2248;25502;52573;25080;54640977;52070976;37818065;9238938;53737768;40948718;9678797;4726831;1544849
FR;0;2023-01-12;573;658;3920;34188;435;2827;34788;72107;34901;54641550;52071634;37821985;9273126;53738203;40951545;9713585;4798938;1579750
FR;0;2023-01-13;715;773;4287;36096;531;3060;36734;74314;35044;54642265;52072407;37826272;9309222;53738734;40954605;9750319;4873252;1614794
FR;0;2023-01-14;344;326;1454;9271;216;1069;9458;17700;7397;54642609;52072733;37827726;9318493;53738950;40955674;9759777;4890952;1622191
FR;0;2023-01-15;93;112;362;1553;73;271;1654;3206;1378;54642702;52072845;37828088;9320046;53739023;40955945;9761431;4894158;1623569
FR;0;2023-01-16;407;452;2135;16249;310;1541;16507;35756;17980;54643109;52073297;37830223;9336295;53739333;40957486;9777938;4929914;1641549
FR;0;2023-01-17;483;569;3416;28879;386;2438;29426;65352;33726;54643592;52073866;37833639;9365174;53739719;40959924;9807364;4995266;1675275
FR;0;2023-01-18;445;540;2289;17267;383;1767;17560;38772;19669;54644037;52074406;37835928;9382441;53740102;40961691;9824924;5034038;1694944
FR;0;2023-01-19;493;502;2781;22869;334;2048;23216;51890;26813;54644530;52074908;37838709;9405310;53740436;40963739;9848140;5085928;1721757
FR;0;2023-01-20;614;671;3346;25518;475;2515;26027;57121;29020;54645144;52075579;37842055;9430828;53740911;40966254;9874167;5143049;1750777
FR;0;2023-01-21;248;295;1084;6373;208;825;6479;13135;5962;54645392;52075874;37843139;9437201;53741119;40967079;9880646;5156184;1756739
FR;0;2023-01-22;45;58;171;862;30;146;912;1858;838;54645437;52075932;37843310;9438063;53741149;40967225;9881558;5158042;1757577
FR;0;2023-01-23;308;384;1659;10924;248;1213;11153;26922;14627;54645745;52076316;37844969;9448987;53741397;40968438;9892711;5184964;1772204
FR;0;2023-01-24;460;495;2483;20399;335;1862;20671;50100;27774;54646205;52076811;37847452;9469386;53741732;40970300;9913382;5235064;1799978
FR;0;2023-01-25;388;538;1889;12371;376;1436;12782;30191;16160;54646593;52077349;37849341;9481757;53742108;40971736;9926164;5265255;1816138
FR;0;2023-01-26;421;492;2272;16710;351;1694;16934;41080;22647;54647014;52077841;37851613;9498467;53742459;40973430;9943098;5306335;1838785
FR;0;2023-01-27;506;625;2533;18047;453;1891;18266;43921;23951;54647520;52078466;37854146;9516514;53742912;40975321;9961364;5350256;1862736
FR;0;2023-01-28;228;268;821;4397;211;659;4501;9685;4594;54647748;52078734;37854967;9520911;53743123;40975980;9965865;5359941;1867330
FR;0;2023-01-29;37;63;93;420;46;74;449;981;488;54647785;52078797;37855060;9521331;53743169;40976054;9966314;5360922;1867818
FR;0;2023-01-30;341;406;1248;7817;285;981;8004;19888;10969;54648126;52079203;37856308;9529148;53743454;40977035;9974318;5380810;1878787
