fra;vaccin;jour;n_dose1;n_dose2;n_dose3;n_dose4;n_complet;n_rappel;n_2_rappel;n_rappel_biv;n_3_rappel;n_cum_dose1;n_cum_dose2;n_cum_dose3;n_cum_dose4;n_cum_complet;n_cum_rappel;n_cum_2_rappel;n_cum_rappel_biv;n_cum_3_rappel
FR;1;2020-12-27;616;0;0;0;55;0;0;0;0;616;0;0;0;55;0;0;0;0
FR;1;2020-12-28;701;1;0;0;43;0;0;0;0;1317;1;0;0;98;0;0;0;0
FR;1;2020-12-29;387;0;0;0;19;0;0;0;0;1704;1;0;0;117;0;0;0;0
FR;1;2020-12-30;450;0;0;0;18;0;0;0;0;2154;1;0;0;135;0;0;0;0
FR;1;2020-12-31;446;1;0;0;23;0;0;0;0;2600;2;0;0;158;0;0;0;0
FR;1;2021-01-01;1187;2;0;0;65;0;0;0;0;3787;4;0;0;223;0;0;0;0
FR;1;2021-01-02;366;3;0;0;28;0;0;0;0;4153;7;0;0;251;0;0;0;0
FR;1;2021-01-03;412;0;0;0;23;0;0;0;0;4565;7;0;0;274;0;0;0;0
FR;1;2021-01-04;2126;4;0;0;50;0;0;0;0;6691;11;0;0;324;0;0;0;0
FR;1;2021-01-05;7763;6;0;0;128;0;0;0;0;14454;17;0;0;452;0;0;0;0
FR;1;2021-01-06;12468;23;0;0;127;0;0;0;0;26922;40;0;0;579;0;0;0;0
FR;1;2021-01-07;29475;22;0;0;158;0;0;0;0;56397;62;0;0;737;0;0;0;0
FR;1;2021-01-08;37165;34;0;0;203;0;0;0;0;93562;96;0;0;940;0;0;0;0
FR;1;2021-01-09;11219;9;0;0;77;0;0;0;0;104781;105;0;0;1017;0;0;0;0
FR;1;2021-01-10;6012;8;0;0;28;0;0;0;0;110793;113;0;0;1045;0;0;0;0
FR;1;2021-01-11;39952;35;0;0;228;0;0;0;0;150745;148;0;0;1273;0;0;0;0
FR;1;2021-01-12;62156;27;0;0;298;0;0;0;0;212901;175;0;0;1571;0;0;0;0
FR;1;2021-01-13;65145;59;0;0;431;0;0;0;0;278046;234;0;0;2002;0;0;0;0
FR;1;2021-01-14;81465;235;0;0;958;0;0;0;0;359511;469;0;0;2960;0;0;0;0
FR;1;2021-01-15;68629;92;0;0;525;0;0;0;0;428140;561;0;0;3485;0;0;0;0
FR;1;2021-01-16;19903;73;0;0;172;0;0;0;0;448043;634;0;0;3657;0;0;0;0
FR;1;2021-01-17;10906;54;0;0;131;0;0;0;0;458949;688;0;0;3788;0;0;0;0
FR;1;2021-01-18;82843;176;0;0;589;0;0;0;0;541792;864;0;0;4377;0;0;0;0
FR;1;2021-01-19;125933;206;0;0;836;0;0;0;0;667725;1070;0;0;5213;0;0;0;0
FR;1;2021-01-20;132426;188;0;0;779;0;0;0;0;800151;1258;0;0;5992;0;0;0;0
FR;1;2021-01-21;153079;189;0;0;890;0;0;0;0;953230;1447;0;0;6882;0;0;0;0
FR;1;2021-01-22;115963;232;0;0;770;0;0;0;0;1069193;1679;0;0;7652;0;0;0;0
FR;1;2021-01-23;36615;78;0;0;201;0;0;0;0;1105808;1757;0;0;7853;0;0;0;0
FR;1;2021-01-24;9585;125;0;0;184;0;0;0;0;1115393;1882;0;0;8037;0;0;0;0
FR;1;2021-01-25;74435;1437;0;0;1756;0;0;0;0;1189828;3319;0;0;9793;0;0;0;0
FR;1;2021-01-26;96463;3681;1;0;4123;0;0;0;0;1286291;7000;1;0;13916;0;0;0;0
FR;1;2021-01-27;103656;6391;0;0;7076;0;0;0;0;1389947;13391;1;0;20992;0;0;0;0
FR;1;2021-01-28;120621;16339;0;0;17128;0;0;0;0;1510568;29730;1;0;38120;0;0;0;0
FR;1;2021-01-29;88901;18689;0;0;19227;0;0;0;0;1599469;48419;1;0;57347;0;0;0;0
FR;1;2021-01-30;27995;4505;0;0;4628;0;0;0;0;1627464;52924;1;0;61975;0;0;0;0
FR;1;2021-01-31;5194;1898;0;0;1935;0;0;0;0;1632658;54822;1;0;63910;0;0;0;0
FR;1;2021-02-01;49743;22880;0;0;23112;0;0;0;0;1682401;77702;1;0;87022;0;0;0;0
FR;1;2021-02-02;67835;37970;0;0;38426;0;0;0;0;1750236;115672;1;0;125448;0;0;0;0
FR;1;2021-02-03;67103;40032;0;0;40461;0;0;0;0;1817339;155704;1;0;165909;0;0;0;0
FR;1;2021-02-04;77149;54765;0;0;55333;0;0;0;0;1894488;210469;1;0;221242;0;0;0;0
FR;1;2021-02-05;63431;47972;0;0;48369;0;0;0;0;1957919;258441;1;0;269611;0;0;0;0
FR;1;2021-02-06;19427;11367;0;0;11473;0;0;0;0;1977346;269808;1;0;281084;0;0;0;0
FR;1;2021-02-07;3669;6008;0;0;6035;0;0;0;0;1981015;275816;1;0;287119;0;0;0;0
FR;1;2021-02-08;36508;48610;0;0;48848;0;0;0;0;2017523;324426;1;0;335967;0;0;0;0
FR;1;2021-02-09;50819;78052;0;0;78573;0;0;0;0;2068342;402478;1;0;414540;0;0;0;0
FR;1;2021-02-10;52077;82998;0;0;83473;0;0;0;0;2120419;485476;1;0;498013;0;0;0;0
FR;1;2021-02-11;63393;104990;0;0;105870;0;0;0;0;2183812;590466;1;0;603883;0;0;0;0
FR;1;2021-02-12;55882;75706;0;0;76379;0;0;0;0;2239694;666172;1;0;680262;0;0;0;0
FR;1;2021-02-13;15469;19310;0;0;19421;0;0;0;0;2255163;685482;1;0;699683;0;0;0;0
FR;1;2021-02-14;3747;7354;0;0;7419;0;0;0;0;2258910;692836;1;0;707102;0;0;0;0
FR;1;2021-02-15;24171;73600;0;0;73837;0;0;0;0;2283081;766436;1;0;780939;0;0;0;0
FR;1;2021-02-16;32781;95666;0;0;96054;0;0;0;0;2315862;862102;1;0;876993;0;0;0;0
FR;1;2021-02-17;35132;102185;20;0;102829;0;0;0;0;2350994;964287;21;0;979822;0;0;0;0
FR;1;2021-02-18;49462;118277;0;0;119252;0;0;0;0;2400456;1082564;21;0;1099074;0;0;0;0
FR;1;2021-02-19;45395;87600;1;0;88534;0;0;0;0;2445851;1170164;22;0;1187608;0;0;0;0
FR;1;2021-02-20;13397;27047;0;0;27219;0;0;0;0;2459248;1197211;22;0;1214827;0;0;0;0
FR;1;2021-02-21;2468;5989;0;0;6057;0;0;0;0;2461716;1203200;22;0;1220884;0;0;0;0
FR;1;2021-02-22;24723;69411;2;0;69702;0;0;0;0;2486439;1272611;24;0;1290586;0;0;0;0
FR;1;2021-02-23;37437;81499;1;0;82188;0;0;0;0;2523876;1354110;25;0;1372774;0;0;0;0
FR;1;2021-02-24;40709;79246;1;0;79940;0;0;0;0;2564585;1433356;26;0;1452714;0;0;0;0
FR;1;2021-02-25;50172;87856;1;0;88935;0;0;0;0;2614757;1521212;27;0;1541649;0;0;0;0
FR;1;2021-02-26;47230;67572;1;0;68442;0;0;0;0;2661987;1588784;28;0;1610091;0;0;0;0
FR;1;2021-02-27;15688;21338;1;0;21546;0;0;0;0;2677675;1610122;29;0;1631637;0;0;0;0
FR;1;2021-02-28;3565;4107;2;0;4179;0;0;0;0;2681240;1614229;31;0;1635816;0;0;0;0
FR;1;2021-03-01;40219;50283;1;0;51006;0;0;0;0;2721459;1664512;32;0;1686822;0;0;0;0
FR;1;2021-03-02;55992;62403;3;0;63576;0;0;0;0;2777451;1726915;35;0;1750398;0;0;0;0
FR;1;2021-03-03;61260;60500;0;0;61927;0;0;0;0;2838711;1787415;35;0;1812325;0;0;0;0
FR;1;2021-03-04;73017;68261;3;0;70469;0;0;0;0;2911728;1855676;38;0;1882794;0;0;0;0
FR;1;2021-03-05;74781;58626;3;0;60519;0;0;0;0;2986509;1914302;41;0;1943313;0;0;0;0
FR;1;2021-03-06;82467;15760;2;0;17464;0;0;0;0;3068976;1930062;43;0;1960777;0;0;0;0
FR;1;2021-03-07;63732;3994;1;0;5538;0;0;0;0;3132708;1934056;44;0;1966315;0;0;0;0
FR;1;2021-03-08;60193;41202;2;0;42480;0;0;0;0;3192901;1975258;46;0;2008795;0;0;0;0
FR;1;2021-03-09;86005;47441;1;0;49433;0;0;0;0;3278906;2022699;47;0;2058228;0;0;0;0
FR;1;2021-03-10;90944;47794;5;0;50058;0;0;0;0;3369850;2070493;52;0;2108286;0;0;0;0
FR;1;2021-03-11;105102;54576;1;0;57639;0;0;0;0;3474952;2125069;53;0;2165925;0;0;0;0
FR;1;2021-03-12;104158;44903;1;0;47900;0;0;0;0;3579110;2169972;54;0;2213825;0;0;0;0
FR;1;2021-03-13;89220;12596;1;0;14813;0;0;0;0;3668330;2182568;55;0;2228638;0;0;0;0
FR;1;2021-03-14;44460;2690;1;0;4022;0;0;0;0;3712790;2185258;56;0;2232660;0;0;0;0
FR;1;2021-03-15;95537;28019;3;0;30362;0;0;0;0;3808327;2213277;59;0;2263022;0;0;0;0
FR;1;2021-03-16;123602;34067;5;0;37609;0;0;0;0;3931929;2247344;64;0;2300631;0;0;0;0
FR;1;2021-03-17;129323;33553;4;0;37605;0;0;0;0;4061252;2280897;68;0;2338236;0;0;0;0
FR;1;2021-03-18;142917;39233;5;0;43902;0;0;0;0;4204169;2320130;73;0;2382138;0;0;0;0
FR;1;2021-03-19;136273;32037;2;0;36625;0;0;0;0;4340442;2352167;75;0;2418763;0;0;0;0
FR;1;2021-03-20;76023;9765;1;0;11981;0;0;0;0;4416465;2361932;76;0;2430744;0;0;0;0
FR;1;2021-03-21;26519;1995;1;0;2984;0;0;0;0;4442984;2363927;77;0;2433728;0;0;0;0
FR;1;2021-03-22;114776;30262;2;0;34084;0;0;0;0;4557760;2394189;79;0;2467812;0;0;0;0
FR;1;2021-03-23;143056;38030;1;0;42816;0;0;0;0;4700816;2432219;80;0;2510628;0;0;0;0
FR;1;2021-03-24;142024;38375;0;0;43232;0;0;0;0;4842840;2470594;80;0;2553860;0;0;0;0
FR;1;2021-03-25;165032;39863;4;0;46013;0;0;0;0;5007872;2510457;84;0;2599873;0;0;0;0
FR;1;2021-03-26;166418;37404;5;1;44012;0;0;0;0;5174290;2547861;89;1;2643885;0;0;0;0
FR;1;2021-03-27;110903;15473;1;0;19483;0;0;0;0;5285193;2563334;90;1;2663368;0;0;0;0
FR;1;2021-03-28;42310;4388;3;0;5943;0;0;0;0;5327503;2567722;93;1;2669311;0;0;0;0
FR;1;2021-03-29;129842;49022;4;0;53676;0;0;0;0;5457345;2616744;97;1;2722987;0;0;0;0
FR;1;2021-03-30;167745;63780;5;0;70783;0;0;0;0;5625090;2680524;102;1;2793770;0;0;0;0
FR;1;2021-03-31;170967;67904;4;0;75434;0;0;0;0;5796057;2748428;106;1;2869204;0;0;0;0
FR;1;2021-04-01;194866;83918;10;0;93413;0;0;0;0;5990923;2832346;116;1;2962617;0;0;0;0
FR;1;2021-04-02;164469;86755;7;0;94568;0;0;0;0;6155392;2919101;123;1;3057185;0;0;0;0
FR;1;2021-04-03;88258;58186;6;0;61729;0;0;0;0;6243650;2977287;129;1;3118914;0;0;0;0
FR;1;2021-04-04;33660;17720;0;0;19216;0;0;0;0;6277310;2995007;129;1;3138130;0;0;0;0
FR;1;2021-04-05;46423;9598;11;0;11474;0;0;0;0;6323733;3004605;140;1;3149604;0;0;0;0
FR;1;2021-04-06;160341;105424;17;0;111890;0;0;0;0;6484074;3110029;157;1;3261494;0;0;0;0
FR;1;2021-04-07;197030;108097;16;0;116917;0;0;0;0;6681104;3218126;173;1;3378411;0;0;0;0
FR;1;2021-04-08;222181;114229;14;0;125567;0;0;0;0;6903285;3332355;187;1;3503978;0;0;0;0
FR;1;2021-04-09;214600;108004;21;0;118885;0;0;0;0;7117885;3440359;208;1;3622863;0;0;0;0
FR;1;2021-04-10;117203;73223;14;0;78362;0;0;0;0;7235088;3513582;222;1;3701225;0;0;0;0
FR;1;2021-04-11;40901;29896;6;0;31799;0;0;0;0;7275989;3543478;228;1;3733024;0;0;0;0
FR;1;2021-04-12;168498;104558;46;0;111790;0;0;0;0;7444487;3648036;274;1;3844814;0;0;0;0
FR;1;2021-04-13;203837;127790;97;1;137123;0;0;0;0;7648324;3775826;371;2;3981937;0;0;0;0
FR;1;2021-04-14;208663;122926;208;0;133148;0;0;0;0;7856987;3898752;579;2;4115085;0;0;0;0
FR;1;2021-04-15;221724;128126;313;0;139153;0;0;0;0;8078711;4026878;892;2;4254238;0;0;0;0
FR;1;2021-04-16;206104;125758;309;0;135424;0;0;0;0;8284815;4152636;1201;2;4389662;0;0;0;0
FR;1;2021-04-17;122109;67120;103;0;72178;0;0;0;0;8406924;4219756;1304;2;4461840;0;0;0;0
FR;1;2021-04-18;35974;21005;41;0;22711;0;0;0;0;8442898;4240761;1345;2;4484551;0;0;0;0
FR;1;2021-04-19;163772;121578;432;0;129114;0;0;0;0;8606670;4362339;1777;2;4613665;0;0;0;0
FR;1;2021-04-20;189474;149659;531;0;158775;0;0;0;0;8796144;4511998;2308;2;4772440;0;0;0;0
FR;1;2021-04-21;194038;147645;760;0;157163;0;0;0;0;8990182;4659643;3068;2;4929603;0;0;0;0
FR;1;2021-04-22;209069;164481;778;0;175706;0;0;0;0;9199251;4824124;3846;2;5105309;0;0;0;0
FR;1;2021-04-23;198981;158009;671;0;169019;0;0;0;0;9398232;4982133;4517;2;5274328;0;0;0;0
FR;1;2021-04-24;126350;95845;148;0;101911;0;0;0;0;9524582;5077978;4665;2;5376239;0;0;0;0
FR;1;2021-04-25;53637;30066;46;0;32823;0;0;0;0;9578219;5108044;4711;2;5409062;0;0;0;0
FR;1;2021-04-26;181167;140171;542;0;148887;0;0;0;0;9759386;5248215;5253;2;5557949;0;0;0;0
FR;1;2021-04-27;221393;162538;901;0;173910;0;0;0;0;9980779;5410753;6154;2;5731859;0;0;0;0
FR;1;2021-04-28;238338;156109;1314;1;168788;1;0;0;0;10219117;5566862;7468;3;5900647;1;0;0;0
FR;1;2021-04-29;270330;161531;1211;0;177132;0;0;0;0;10489447;5728393;8679;3;6077779;1;0;0;0
FR;1;2021-04-30;272015;148921;1073;0;165026;0;0;0;0;10761462;5877314;9752;3;6242805;1;0;0;0
FR;1;2021-05-01;141172;40607;173;0;48635;0;0;0;0;10902634;5917921;9925;3;6291440;1;0;0;0
FR;1;2021-05-02;81561;28216;81;0;32970;0;0;0;0;10984195;5946137;10006;3;6324410;1;0;0;0
FR;1;2021-05-03;250808;142448;803;0;156137;0;0;0;0;11235003;6088585;10809;3;6480547;1;0;0;0
FR;1;2021-05-04;265922;187900;1202;0;203472;0;0;0;0;11500925;6276485;12011;3;6684019;1;0;0;0
FR;1;2021-05-05;283930;186106;1267;0;202758;0;0;0;0;11784855;6462591;13278;3;6886777;1;0;0;0
FR;1;2021-05-06;310012;184348;1502;0;204110;0;0;0;0;12094867;6646939;14780;3;7090887;1;0;0;0
FR;1;2021-05-07;284135;196633;1127;0;214450;0;0;0;0;12379002;6843572;15907;3;7305337;1;0;0;0
FR;1;2021-05-08;191674;51337;285;0;62722;0;0;0;0;12570676;6894909;16192;3;7368059;1;0;0;0
FR;1;2021-05-09;114068;34381;236;0;41553;0;0;0;0;12684744;6929290;16428;3;7409612;1;0;0;0
FR;1;2021-05-10;258230;194960;1187;0;210955;0;0;0;0;12942974;7124250;17615;3;7620567;1;0;0;0
FR;1;2021-05-11;318921;211161;1465;0;231396;0;0;0;0;13261895;7335411;19080;3;7851963;1;0;0;0
FR;1;2021-05-12;356669;186038;1401;0;208343;0;0;0;0;13618564;7521449;20481;3;8060306;1;0;0;0
FR;1;2021-05-13;283465;47355;401;0;64283;0;0;0;0;13902029;7568804;20882;3;8124589;1;0;0;0
FR;1;2021-05-14;370528;128527;995;0;151941;0;0;0;0;14272557;7697331;21877;3;8276530;1;0;0;0
FR;1;2021-05-15;298114;66189;404;0;84897;0;0;0;0;14570671;7763520;22281;3;8361427;1;0;0;0
FR;1;2021-05-16;157787;15477;158;0;26046;0;0;0;0;14728458;7778997;22439;3;8387473;1;0;0;0
FR;1;2021-05-17;318943;116179;1441;0;138149;0;0;0;0;15047401;7895176;23880;3;8525622;1;0;0;0
FR;1;2021-05-18;383359;111611;1800;0;137561;0;0;0;0;15430760;8006787;25680;3;8663183;1;0;0;0
FR;1;2021-05-19;395295;101610;2184;0;128549;0;0;0;0;15826055;8108397;27864;3;8791732;1;0;0;0
FR;1;2021-05-20;421837;95684;2049;0;125169;0;0;0;0;16247892;8204081;29913;3;8916901;1;0;0;0
FR;1;2021-05-21;399826;97393;1764;0;125805;0;0;0;0;16647718;8301474;31677;3;9042706;1;0;0;0
FR;1;2021-05-22;275704;41912;604;0;60936;0;0;0;0;16923422;8343386;32281;3;9103642;1;0;0;0
FR;1;2021-05-23;123025;10979;224;0;20584;0;0;0;0;17046447;8354365;32505;3;9124226;1;0;0;0
FR;1;2021-05-24;244022;26254;569;0;43785;0;0;0;0;17290469;8380619;33074;3;9168011;1;0;0;0
FR;1;2021-05-25;366237;131510;2115;1;158449;0;0;0;0;17656706;8512129;35189;4;9326460;1;0;0;0
FR;1;2021-05-26;380832;127266;1996;0;155611;0;0;0;0;18037538;8639395;37185;4;9482071;1;0;0;0
FR;1;2021-05-27;406177;128225;1978;0;158714;0;0;0;0;18443715;8767620;39163;4;9640785;1;0;0;0
FR;1;2021-05-28;366050;145654;1701;0;174222;0;0;0;0;18809765;8913274;40864;4;9815007;1;0;0;0
FR;1;2021-05-29;253846;81083;527;0;100280;0;0;0;0;19063611;8994357;41391;4;9915287;1;0;0;0
FR;1;2021-05-30;100979;22593;158;0;30829;0;0;0;0;19164590;9016950;41549;4;9946116;1;0;0;0
FR;1;2021-05-31;314337;149186;1285;1;172448;1;0;0;0;19478927;9166136;42834;5;10118564;2;0;0;0
FR;1;2021-06-01;361672;166391;1734;1;194102;1;0;0;0;19840599;9332527;44568;6;10312666;3;0;0;0
FR;1;2021-06-02;365412;154266;1797;0;183806;0;0;0;0;20206011;9486793;46365;6;10496472;3;0;0;0
FR;1;2021-06-03;391452;147381;1654;0;178352;0;0;0;0;20597463;9634174;48019;6;10674824;3;0;0;0
FR;1;2021-06-04;364126;175818;1495;1;205104;1;0;0;0;20961589;9809992;49514;7;10879928;4;0;0;0
FR;1;2021-06-05;258520;112793;597;0;133151;0;0;0;0;21220109;9922785;50111;7;11013079;4;0;0;0
FR;1;2021-06-06;126822;37568;215;0;48208;0;0;0;0;21346931;9960353;50326;7;11061287;4;0;0;0
FR;1;2021-06-07;301115;207759;1368;0;233043;0;0;0;0;21648046;10168112;51694;7;11294330;4;0;0;0
FR;1;2021-06-08;330869;220981;1645;0;248944;0;0;0;0;21978915;10389093;53339;7;11543274;4;0;0;0
FR;1;2021-06-09;336601;211057;1614;0;239839;0;0;0;0;22315516;10600150;54953;7;11783113;4;0;0;0
FR;1;2021-06-10;343917;199862;1614;0;229601;0;0;0;0;22659433;10800012;56567;7;12012714;4;0;0;0
FR;1;2021-06-11;311916;234696;1299;1;262602;0;0;0;0;22971349;11034708;57866;8;12275316;4;0;0;0
FR;1;2021-06-12;244096;150583;438;0;172193;0;0;0;0;23215445;11185291;58304;8;12447509;4;0;0;0
FR;1;2021-06-13;100373;61032;188;0;70693;0;0;0;0;23315818;11246323;58492;8;12518202;4;0;0;0
FR;1;2021-06-14;207862;287682;1320;1;307484;0;0;0;0;23523680;11534005;59812;9;12825686;4;0;0;0
FR;1;2021-06-15;256882;281207;1400;1;305051;0;0;0;0;23780562;11815212;61212;10;13130737;4;0;0;0
FR;1;2021-06-16;273667;270639;1263;1;296074;0;0;0;0;24054229;12085851;62475;11;13426811;4;0;0;0
FR;1;2021-06-17;268236;244985;1240;1;271048;0;0;0;0;24322465;12330836;63715;12;13697859;4;0;0;0
FR;1;2021-06-18;260617;295233;1155;1;321051;0;0;0;0;24583082;12626069;64870;13;14018910;4;0;0;0
FR;1;2021-06-19;193461;209567;388;0;228223;0;0;0;0;24776543;12835636;65258;13;14247133;4;0;0;0
FR;1;2021-06-20;69719;89040;121;0;96881;0;0;0;0;24846262;12924676;65379;13;14344014;4;0;0;0
FR;1;2021-06-21;172387;319736;934;1;338442;1;0;0;0;25018649;13244412;66313;14;14682456;5;0;0;0
FR;1;2021-06-22;185879;347977;1102;10;369026;1;0;0;0;25204528;13592389;67415;24;15051482;6;0;0;0
FR;1;2021-06-23;204225;339539;1049;0;363441;0;0;0;0;25408753;13931928;68464;24;15414923;6;0;0;0
FR;1;2021-06-24;203544;282001;1176;0;306750;0;0;0;0;25612297;14213929;69640;24;15721673;6;0;0;0
FR;1;2021-06-25;182672;371673;1200;0;395684;0;0;0;0;25794969;14585602;70840;24;16117357;6;0;0;0
FR;1;2021-06-26;131401;278527;504;0;295891;0;0;0;0;25926370;14864129;71344;24;16413248;6;0;0;0
FR;1;2021-06-27;52415;122852;146;0;130393;0;0;0;0;25978785;14986981;71490;24;16543641;6;0;0;0
FR;1;2021-06-28;136671;368208;1065;0;386811;0;0;0;0;26115456;15355189;72555;24;16930452;6;0;0;0
FR;1;2021-06-29;154908;391038;1848;0;412143;0;0;0;0;26270364;15746227;74403;24;17342595;6;0;0;0
FR;1;2021-06-30;180066;381848;1667;4;406462;2;0;0;0;26450430;16128075;76070;28;17749057;8;0;0;0
FR;1;2021-07-01;201565;332431;1888;5;360527;1;0;0;0;26651995;16460506;77958;33;18109584;9;0;0;0
FR;1;2021-07-02;193885;367298;1765;5;395517;2;0;0;0;26845880;16827804;79723;38;18505101;11;0;0;0
FR;1;2021-07-03;124484;280426;704;3;299542;1;0;0;0;26970364;17108230;80427;41;18804643;12;0;0;0
FR;1;2021-07-04;53966;113718;244;0;122132;0;0;0;0;27024330;17221948;80671;41;18926775;12;0;0;0
FR;1;2021-07-05;153970;355760;1500;8;379112;0;0;0;0;27178300;17577708;82171;49;19305887;12;0;0;0
FR;1;2021-07-06;173517;382282;1603;45;408189;8;0;0;0;27351817;17959990;83774;94;19714076;20;0;0;0
FR;1;2021-07-07;190854;362325;1659;25;390678;3;0;0;0;27542671;18322315;85433;119;20104754;23;0;0;0
FR;1;2021-07-08;201582;322940;1826;20;353610;3;0;0;0;27744253;18645255;87259;139;20458364;26;0;0;0
FR;1;2021-07-09;189988;387789;1854;3;418217;2;0;0;0;27934241;19033044;89113;142;20876581;28;0;0;0
FR;1;2021-07-10;129957;281163;818;1;302597;1;0;0;0;28064198;19314207;89931;143;21179178;29;0;0;0
FR;1;2021-07-11;57683;102517;262;0;112404;0;0;0;0;28121881;19416724;90193;143;21291582;29;0;0;0
FR;1;2021-07-12;149922;416838;1587;4;442857;0;0;0;0;28271803;19833562;91780;147;21734439;29;0;0;0
FR;1;2021-07-13;234288;439021;1808;8;476227;1;0;0;0;28506091;20272583;93588;155;22210666;30;0;0;0
FR;1;2021-07-14;171928;151349;418;0;176989;0;0;0;0;28678019;20423932;94006;155;22387655;30;0;0;0
FR;1;2021-07-15;279694;424162;1859;1;467161;0;0;0;0;28957713;20848094;95865;156;22854816;30;0;0;0
FR;1;2021-07-16;290445;400584;1711;3;445263;1;0;0;0;29248158;21248678;97576;159;23300079;31;0;0;0
FR;1;2021-07-17;217354;281971;755;1;315448;0;0;0;0;29465512;21530649;98331;160;23615527;31;0;0;0
FR;1;2021-07-18;102021;107202;288;0;123098;0;0;0;0;29567533;21637851;98619;160;23738625;31;0;0;0
FR;1;2021-07-19;238235;378422;1498;3;414493;0;0;0;0;29805768;22016273;100117;163;24153118;31;0;0;0
FR;1;2021-07-20;305768;379815;1470;0;425654;0;0;0;0;30111536;22396088;101587;163;24578772;31;0;0;0
FR;1;2021-07-21;333299;352761;1412;4;404169;1;0;0;0;30444835;22748849;102999;167;24982941;32;0;0;0
FR;1;2021-07-22;364690;318586;1502;3;375029;2;0;0;0;30809525;23067435;104501;170;25357970;34;0;0;0
FR;1;2021-07-23;349405;342833;1589;4;398401;1;0;0;0;31158930;23410268;106090;174;25756371;35;0;0;0
FR;1;2021-07-24;238964;240726;697;1;278072;0;0;0;0;31397894;23650994;106787;175;26034443;35;0;0;0
FR;1;2021-07-25;112805;76008;223;0;93710;0;0;0;0;31510699;23727002;107010;175;26128153;35;0;0;0
FR;1;2021-07-26;299144;289324;1495;2;335062;1;0;0;0;31809843;24016326;108505;177;26463215;36;0;0;0
FR;1;2021-07-27;385847;267938;1459;4;324922;1;0;0;0;32195690;24284264;109964;181;26788137;37;0;0;0
FR;1;2021-07-28;390212;250915;1463;4;307222;1;0;0;0;32585902;24535179;111427;185;27095359;38;0;0;0
FR;1;2021-07-29;406149;227615;1541;2;284350;0;0;0;0;32992051;24762794;112968;187;27379709;38;0;0;0
FR;1;2021-07-30;370751;246548;1638;4;298416;1;0;0;0;33362802;25009342;114606;191;27678125;39;0;0;0
FR;1;2021-07-31;243387;165079;794;1;199430;0;0;0;0;33606189;25174421;115400;192;27877555;39;0;0;0
FR;1;2021-08-01;105600;47212;235;0;61208;0;0;0;0;33711789;25221633;115635;192;27938763;39;0;0;0
FR;1;2021-08-02;297424;212834;1479;2;250655;0;0;0;0;34009213;25434467;117114;194;28189418;39;0;0;0
FR;1;2021-08-03;331345;208719;1557;2;250715;1;0;0;0;34340558;25643186;118671;196;28440133;40;0;0;0
FR;1;2021-08-04;328049;183857;1439;5;224031;3;0;0;0;34668607;25827043;120110;201;28664164;43;0;0;0
FR;1;2021-08-05;301290;193107;1483;0;229417;0;0;0;0;34969897;26020150;121593;201;28893581;43;0;0;0
FR;1;2021-08-06;290988;224111;1560;3;261425;0;0;0;0;35260885;26244261;123153;204;29155006;43;0;0;0
FR;1;2021-08-07;182673;158759;655;5;181682;1;0;0;0;35443558;26403020;123808;209;29336688;44;0;0;0
FR;1;2021-08-08;68890;59099;253;0;67629;0;0;0;0;35512448;26462119;124061;209;29404317;44;0;0;0
FR;1;2021-08-09;222793;235183;1445;4;263923;2;0;0;0;35735241;26697302;125506;213;29668240;46;0;0;0
FR;1;2021-08-10;252754;239869;1493;2;271731;0;0;0;0;35987995;26937171;126999;215;29939971;46;0;0;0
FR;1;2021-08-11;236247;231764;1271;5;261294;0;0;0;0;36224242;27168935;128270;220;30201265;46;0;0;0
FR;1;2021-08-12;220790;239767;1491;3;267897;0;0;0;0;36445032;27408702;129761;223;30469162;46;0;0;0
FR;1;2021-08-13;201723;238491;1360;2;264063;2;0;0;0;36646755;27647193;131121;225;30733225;48;0;0;0
FR;1;2021-08-14;122866;174039;645;0;189563;0;0;0;0;36769621;27821232;131766;225;30922788;48;0;0;0
FR;1;2021-08-15;34708;46118;201;1;50340;0;0;0;0;36804329;27867350;131967;226;30973128;48;0;0;0
FR;1;2021-08-16;156967;289360;1423;0;309963;0;0;0;0;36961296;28156710;133390;226;31283091;48;0;0;0
FR;1;2021-08-17;171618;290984;1422;5;313416;0;0;0;0;37132914;28447694;134812;231;31596507;48;0;0;0
FR;1;2021-08-18;161438;286687;1394;6;307342;3;0;0;0;37294352;28734381;136206;237;31903849;51;0;0;0
FR;1;2021-08-19;148957;277423;1405;1;297293;0;0;0;0;37443309;29011804;137611;238;32201142;51;0;0;0
FR;1;2021-08-20;140521;308942;1532;2;328205;2;0;0;0;37583830;29320746;139143;240;32529347;53;0;0;0
FR;1;2021-08-21;84281;213208;589;0;224542;0;0;0;0;37668111;29533954;139732;240;32753889;53;0;0;0
FR;1;2021-08-22;28581;82694;233;0;86701;0;0;0;0;37696692;29616648;139965;240;32840590;53;0;0;0
FR;1;2021-08-23;118665;320944;1422;2;337706;0;0;0;0;37815357;29937592;141387;242;33178296;53;0;0;0
FR;1;2021-08-24;126673;319634;1604;5;337479;0;0;0;0;37942030;30257226;142991;247;33515775;53;0;0;0
FR;1;2021-08-25;121543;306437;1781;8;323647;2;0;0;0;38063573;30563663;144772;255;33839422;55;0;0;0
FR;1;2021-08-26;106637;286060;2162;10;302387;0;0;0;0;38170210;30849723;146934;265;34141809;55;0;0;0
FR;1;2021-08-27;107658;321604;2303;9;338924;1;0;0;0;38277868;31171327;149237;274;34480733;56;0;0;0
FR;1;2021-08-28;71026;220691;1102;0;231236;0;0;0;0;38348894;31392018;150339;274;34711969;56;0;0;0
FR;1;2021-08-29;24153;78196;469;1;82090;0;0;0;0;38373047;31470214;150808;275;34794059;56;0;0;0
FR;1;2021-08-30;96900;286274;4313;6;299771;4973;0;0;0;38469947;31756488;155121;281;35093830;5029;0;0;0
FR;1;2021-08-31;98127;276248;9295;15;289917;10077;2;0;0;38568074;32032736;164416;296;35383747;15106;2;0;0
FR;1;2021-09-01;112357;245296;21120;8;257699;22150;1;0;0;38680431;32278032;185536;304;35641446;37256;3;0;0
FR;1;2021-09-02;86766;197913;24533;18;208320;25516;0;0;0;38767197;32475945;210069;322;35849766;62772;3;0;0
FR;1;2021-09-03;82427;227493;26957;21;238943;28042;0;0;0;38849624;32703438;237026;343;36088709;90814;3;0;0
FR;1;2021-09-04;71630;189712;11142;11;199313;11707;7;0;0;38921254;32893150;248168;354;36288022;102521;10;0;0
FR;1;2021-09-05;18613;41145;4124;2;43856;4274;0;0;0;38939867;32934295;252292;356;36331878;106795;10;0;0
FR;1;2021-09-06;59821;151395;30181;15;158943;31204;2;0;0;38999688;33085690;282473;371;36490821;137999;12;0;0
FR;1;2021-09-07;57401;139632;30213;30;146774;31247;2;0;0;39057089;33225322;312686;401;36637595;169246;14;0;0
FR;1;2021-09-08;72349;173789;26926;22;182289;27957;4;0;0;39129438;33399111;339612;423;36819884;197203;18;0;0
FR;1;2021-09-09;54491;124419;28634;24;131189;29744;5;0;0;39183929;33523530;368246;447;36951073;226947;23;0;0
FR;1;2021-09-10;66218;152074;30452;24;161178;31690;5;0;0;39250147;33675604;398698;471;37112251;258637;28;0;0
FR;1;2021-09-11;52690;146627;9731;14;154132;10352;0;0;0;39302837;33822231;408429;485;37266383;268989;28;0;0
FR;1;2021-09-12;10797;29272;2489;1;30972;2658;2;0;0;39313634;33851503;410918;486;37297355;271647;30;0;0
FR;1;2021-09-13;51515;104418;38763;31;110974;40084;16;0;0;39365149;33955921;449681;517;37408329;311731;46;0;0
FR;1;2021-09-14;53342;95991;51281;67;102394;53254;40;0;0;39418491;34051912;500962;584;37510723;364985;86;0;0
FR;1;2021-09-15;60579;139237;50497;55;146428;47058;68;0;0;39479070;34191149;551459;639;37657151;412043;154;0;0
FR;1;2021-09-16;46639;81360;53355;70;86263;49604;65;0;0;39525709;34272509;604814;709;37743414;461647;219;0;0
FR;1;2021-09-17;53224;109330;45072;61;115670;42701;62;0;0;39578933;34381839;649886;770;37859084;504348;281;0;0
FR;1;2021-09-18;37882;118488;11796;19;124080;11276;19;0;0;39616815;34500327;661682;789;37983164;515624;300;0;0
FR;1;2021-09-19;6531;21029;2042;1;22132;1983;1;0;0;39623346;34521356;663724;790;38005296;517607;301;0;0
FR;1;2021-09-20;36542;74837;46232;65;78561;44193;32;0;0;39659888;34596193;709956;855;38083857;561800;333;0;0
FR;1;2021-09-21;34201;68110;56267;72;71143;52741;78;0;0;39694089;34664303;766223;927;38155000;614541;411;0;0
FR;1;2021-09-22;38841;118602;49879;76;123026;46922;41;0;0;39732930;34782905;816102;1003;38278026;661463;452;0;0
FR;1;2021-09-23;32039;62898;54509;85;65801;50919;80;0;0;39764969;34845803;870611;1088;38343827;712382;532;0;0
FR;1;2021-09-24;36798;90028;43673;89;94391;41952;57;0;0;39801767;34935831;914284;1177;38438218;754334;589;0;0
FR;1;2021-09-25;27652;96704;12307;27;101065;12186;19;0;0;39829419;35032535;926591;1204;38539283;766520;608;0;0
FR;1;2021-09-26;4386;15196;1777;5;16060;1699;4;0;0;39833805;35047731;928368;1209;38555343;768219;612;0;0
FR;1;2021-09-27;27353;60214;42912;89;63447;41639;81;0;1;39861158;35107945;971280;1298;38618790;809858;693;0;1
FR;1;2021-09-28;26913;49420;47201;76;52048;44482;41;0;0;39888071;35157365;1018481;1374;38670838;854340;734;0;1
FR;1;2021-09-29;35925;80270;47291;87;84659;45614;36;0;0;39923996;35237635;1065772;1461;38755497;899954;770;0;1
FR;1;2021-09-30;26075;46891;47527;80;49259;45469;52;0;0;39950071;35284526;1113299;1541;38804756;945423;822;0;1
FR;1;2021-10-01;47303;66918;44904;83;70813;44620;15;0;0;39997374;35351444;1158203;1624;38875569;990043;837;0;1
FR;1;2021-10-02;32383;62403;16113;32;67217;16323;6;0;0;40029757;35413847;1174316;1656;38942786;1006366;843;0;1
FR;1;2021-10-03;4343;8564;2040;3;9313;2037;4;0;0;40034100;35422411;1176356;1659;38952099;1008403;847;0;1
FR;1;2021-10-04;28977;44421;47111;79;46841;46977;31;0;0;40063077;35466832;1223467;1738;38998940;1055380;878;0;1
FR;1;2021-10-05;24567;41635;49891;116;43138;49339;50;0;0;40087644;35508467;1273358;1854;39042078;1104719;928;0;1
FR;1;2021-10-06;34657;61373;57506;101;64491;57254;26;0;0;40122301;35569840;1330864;1955;39106569;1161973;954;0;1
FR;1;2021-10-07;21079;39910;53049;75;41091;51994;33;0;0;40143380;35609750;1383913;2030;39147660;1213967;987;0;1
FR;1;2021-10-08;35669;59640;60408;83;62875;61163;29;0;0;40179049;35669390;1444321;2113;39210535;1275130;1016;0;1
FR;1;2021-10-09;27466;48013;25496;29;52490;26021;10;0;0;40206515;35717403;1469817;2142;39263025;1301151;1026;0;1
FR;1;2021-10-10;3725;5811;2758;7;6289;2865;1;0;0;40210240;35723214;1472575;2149;39269314;1304016;1027;0;1
FR;1;2021-10-11;24858;38218;54586;88;40306;55260;48;0;0;40235098;35761432;1527161;2237;39309620;1359276;1075;0;1
FR;1;2021-10-12;23381;36584;58075;128;37102;59228;18;0;0;40258479;35798016;1585236;2365;39346722;1418504;1093;0;1
FR;1;2021-10-13;32974;47837;64174;125;50646;65699;23;0;1;40291453;35845853;1649410;2490;39397368;1484203;1116;0;2
FR;1;2021-10-14;21712;34774;53771;103;35684;54364;24;0;0;40313165;35880627;1703181;2593;39433052;1538567;1140;0;2
FR;1;2021-10-15;32750;48759;72329;165;50458;75022;23;0;0;40345915;35929386;1775510;2758;39483510;1613589;1163;0;2
FR;1;2021-10-16;26013;35286;34871;44;38303;36425;14;0;0;40371928;35964672;1810381;2802;39521813;1650014;1177;0;2
FR;1;2021-10-17;3158;4048;3417;2;4492;3317;3;0;0;40375086;35968720;1813798;2804;39526305;1653331;1180;0;2
FR;1;2021-10-18;24346;34885;66846;132;34931;69723;28;0;0;40399432;36003605;1880644;2936;39561236;1723054;1208;0;2
FR;1;2021-10-19;20722;35574;75671;135;33234;79599;41;0;0;40420154;36039179;1956315;3071;39594470;1802653;1249;0;2
FR;1;2021-10-20;29915;44202;96184;178;43284;99870;45;0;0;40450069;36083381;2052499;3249;39637754;1902523;1294;0;2
FR;1;2021-10-21;19803;35051;83192;107;31765;87051;31;0;0;40469872;36118432;2135691;3356;39669519;1989574;1325;0;2
FR;1;2021-10-22;29755;47757;103754;196;44571;109706;59;0;0;40499627;36166189;2239445;3552;39714090;2099280;1384;0;2
FR;1;2021-10-23;23055;35143;44875;57;36139;47385;11;0;0;40522682;36201332;2284320;3609;39750229;2146665;1395;0;2
FR;1;2021-10-24;2406;3841;3584;6;4040;3718;1;0;0;40525088;36205173;2287904;3615;39754269;2150383;1396;0;2
FR;1;2021-10-25;22498;30732;82028;143;29621;85833;37;0;0;40547586;36235905;2369932;3758;39783890;2236216;1433;0;2
FR;1;2021-10-26;19365;27646;86121;162;24750;90344;31;0;0;40566951;36263551;2456053;3920;39808640;2326560;1464;0;2
FR;1;2021-10-27;26220;39619;107822;252;37314;112734;50;0;0;40593171;36303170;2563875;4172;39845954;2439294;1514;0;2
FR;1;2021-10-28;18802;27110;86965;150;23496;91723;37;0;0;40611973;36330280;2650840;4322;39869450;2531017;1551;0;2
FR;1;2021-10-29;25931;40264;114840;202;35501;121673;53;0;0;40637904;36370544;2765680;4524;39904951;2652690;1604;0;2
FR;1;2021-10-30;17711;28713;49371;74;28307;51964;18;0;0;40655615;36399257;2815051;4598;39933258;2704654;1622;0;2
FR;1;2021-10-31;2086;3171;3451;2;3217;3685;2;0;0;40657701;36402428;2818502;4600;39936475;2708339;1624;0;2
FR;1;2021-11-01;8014;4271;3035;3;4358;3292;6;0;0;40665715;36406699;2821537;4603;39940833;2711631;1630;0;2
FR;1;2021-11-02;22908;33230;92408;156;29192;97856;39;0;1;40688623;36439929;2913945;4759;39970025;2809487;1669;0;3
FR;1;2021-11-03;26635;41564;117510;219;37019;123891;58;0;0;40715258;36481493;3031455;4978;40007044;2933378;1727;0;3
FR;1;2021-11-04;19627;30300;105820;213;24188;111971;43;0;0;40734885;36511793;3137275;5191;40031232;3045349;1770;0;3
FR;1;2021-11-05;27023;42301;138789;230;34193;147468;47;0;0;40761908;36554094;3276064;5421;40065425;3192817;1817;0;3
FR;1;2021-11-06;18862;29820;63488;123;27621;66504;25;0;0;40780770;36583914;3339552;5544;40093046;3259321;1842;0;3
FR;1;2021-11-07;1834;3278;4982;6;3033;5301;5;0;0;40782604;36587192;3344534;5550;40096079;3264622;1847;0;3
FR;1;2021-11-08;17876;32236;126010;224;25387;132643;48;0;0;40800480;36619428;3470544;5774;40121466;3397265;1895;0;3
FR;1;2021-11-09;19519;37607;159323;334;26147;169130;67;0;0;40819999;36657035;3629867;6108;40147613;3566395;1962;0;3
FR;1;2021-11-10;28889;49071;181922;441;39033;192538;87;0;0;40848888;36706106;3811789;6549;40186646;3758933;2049;0;3
FR;1;2021-11-11;4191;5937;12237;26;5108;13031;14;0;0;40853079;36712043;3824026;6575;40191754;3771964;2063;0;3
FR;1;2021-11-12;26023;46828;174843;244;35308;186526;81;0;0;40879102;36758871;3998869;6819;40227062;3958490;2144;0;3
FR;1;2021-11-13;18734;29153;76846;111;25379;81794;41;0;0;40897836;36788024;4075715;6930;40252441;4040284;2185;0;3
FR;1;2021-11-14;2050;3243;6827;5;2798;7358;6;0;0;40899886;36791267;4082542;6935;40255239;4047642;2191;0;3
FR;1;2021-11-15;18787;34712;156440;306;24628;166264;60;0;0;40918673;36825979;4238982;7241;40279867;4213906;2251;0;3
FR;1;2021-11-16;21363;37847;192148;380;23354;205058;103;0;1;40940036;36863826;4431130;7621;40303221;4418964;2354;0;4
FR;1;2021-11-17;28672;45558;193250;398;33035;205066;95;0;0;40968708;36909384;4624380;8019;40336256;4624030;2449;0;4
FR;1;2021-11-18;21143;39600;182527;458;25152;194640;87;0;0;40989851;36948984;4806907;8477;40361408;4818670;2536;0;4
FR;1;2021-11-19;30892;53318;230276;532;34834;246750;138;0;0;41020743;37002302;5037183;9009;40396242;5065420;2674;0;4
FR;1;2021-11-20;23768;33223;96998;202;26741;103648;44;0;0;41044511;37035525;5134181;9211;40422983;5169068;2718;0;4
FR;1;2021-11-21;2339;3910;9127;19;2956;9937;16;0;0;41046850;37039435;5143308;9230;40425939;5179005;2734;0;4
FR;1;2021-11-22;21422;30352;175926;467;16963;189479;78;0;0;41068272;37069787;5319234;9697;40442902;5368484;2812;0;4
FR;1;2021-11-23;24028;40979;221249;540;21332;237995;77;0;0;41092300;37110766;5540483;10237;40464234;5606479;2889;0;4
FR;1;2021-11-24;30298;49654;217387;702;31993;234555;68;0;0;41122598;37160420;5757870;10939;40496227;5841034;2957;0;4
FR;1;2021-11-25;23732;44033;244502;718;22094;264172;101;0;0;41146330;37204453;6002372;11657;40518321;6105206;3058;0;4
FR;1;2021-11-26;30622;66660;356830;836;33282;388604;154;0;0;41176952;37271113;6359202;12493;40551603;6493810;3212;0;4
FR;1;2021-11-27;21961;45299;202654;372;26193;222685;112;0;0;41198913;37316412;6561856;12865;40577796;6716495;3324;0;4
FR;1;2021-11-28;3179;9563;54798;63;3476;61018;37;0;0;41202092;37325975;6616654;12928;40581272;6777513;3361;0;4
FR;1;2021-11-29;17902;49470;326413;841;20800;354536;150;0;0;41219994;37375445;6943067;13769;40602072;7132049;3511;0;4
FR;1;2021-11-30;22789;64862;431179;952;23859;470817;262;0;0;41242783;37440307;7374246;14721;40625931;7602866;3773;0;4
FR;1;2021-12-01;25352;69122;442934;1131;28505;481806;271;0;0;41268135;37509429;7817180;15852;40654436;8084672;4044;0;4
FR;1;2021-12-02;20088;64404;489440;1229;18522;532960;271;0;0;41288223;37573833;8306620;17081;40672958;8617632;4315;0;4
FR;1;2021-12-03;22913;82349;542812;1310;30348;591802;307;0;0;41311136;37656182;8849432;18391;40703306;9209434;4622;0;4
FR;1;2021-12-04;16418;53848;299122;654;23262;328989;182;0;0;41327554;37710030;9148554;19045;40726568;9538423;4804;0;4
FR;1;2021-12-05;3635;13795;81542;143;4210;91046;85;0;0;41331189;37723825;9230096;19188;40730778;9629469;4889;0;4
FR;1;2021-12-06;25851;62463;415483;1066;22111;455206;356;0;0;41357040;37786288;9645579;20254;40752889;10084675;5245;0;4
FR;1;2021-12-07;20015;75487;523028;1536;24335;572661;371;0;0;41377055;37861775;10168607;21790;40777224;10657336;5616;0;4
FR;1;2021-12-08;21717;75562;458485;1545;30695;502161;378;0;0;41398772;37937337;10627092;23335;40807919;11159497;5994;0;4
FR;1;2021-12-09;19468;74016;492998;1626;24405;541012;397;0;0;41418240;38011353;11120090;24961;40832324;11700509;6391;0;4
FR;1;2021-12-10;23326;87603;547420;1585;32506;600057;390;0;1;41441566;38098956;11667510;26546;40864830;12300566;6781;0;5
FR;1;2021-12-11;16530;59130;302758;751;25990;335489;279;0;0;41458096;38158086;11970268;27297;40890820;12636055;7060;0;5
FR;1;2021-12-12;4392;15901;83229;179;5261;94042;96;0;0;41462488;38173987;12053497;27476;40896081;12730097;7156;0;5
FR;1;2021-12-13;15755;63490;367035;1094;23994;406320;235;0;0;41478243;38237477;12420532;28570;40920075;13136417;7391;0;5
FR;1;2021-12-14;20864;80183;464836;1748;28726;515281;505;0;1;41499107;38317660;12885368;30318;40948801;13651698;7896;0;6
FR;1;2021-12-15;21619;77357;409128;1309;33071;453201;311;0;1;41520726;38395017;13294496;31627;40981872;14104899;8207;0;7
FR;1;2021-12-16;20064;77152;451923;1577;28010;500667;325;0;0;41540790;38472169;13746419;33204;41009882;14605566;8532;0;7
FR;1;2021-12-17;22625;86489;479977;1737;34744;531015;372;0;0;41563415;38558658;14226396;34941;41044626;15136581;8904;0;7
FR;1;2021-12-18;17609;54598;257642;731;24726;288519;232;0;0;41581024;38613256;14484038;35672;41069352;15425100;9136;0;7
FR;1;2021-12-19;5562;16951;79196;194;5940;90690;116;0;0;41586586;38630207;14563234;35866;41075292;15515790;9252;0;7
FR;1;2021-12-20;20950;62996;316274;1081;26593;355320;283;0;0;41607536;38693203;14879508;36947;41101885;15871110;9535;0;7
FR;1;2021-12-21;26341;72943;372785;1422;30649;418102;337;0;0;41633877;38766146;15252293;38369;41132534;16289212;9872;0;7
FR;1;2021-12-22;24987;65740;310669;1217;29661;349599;361;0;1;41658864;38831886;15562962;39586;41162195;16638811;10233;0;8
FR;1;2021-12-23;21274;52177;241505;958;23402;273053;362;0;0;41680138;38884063;15804467;40544;41185597;16911864;10595;0;8
FR;1;2021-12-24;7128;18304;67162;258;9271;77062;154;0;1;41687266;38902367;15871629;40802;41194868;16988926;10749;0;9
FR;1;2021-12-25;507;2874;5590;15;1804;6536;55;0;0;41687773;38905241;15877219;40817;41196672;16995462;10804;0;9
FR;1;2021-12-26;2749;7579;26950;71;3495;31464;100;0;0;41690522;38912820;15904169;40888;41200167;17026926;10904;0;9
FR;1;2021-12-27;18312;53503;235132;705;25504;265781;365;0;0;41708834;38966323;16139301;41593;41225671;17292707;11269;0;9
FR;1;2021-12-28;23302;61948;292047;1026;27055;330220;595;0;1;41732136;39028271;16431348;42619;41252726;17622927;11864;0;10
FR;1;2021-12-29;22217;55446;255023;920;25316;288232;645;0;1;41754353;39083717;16686371;43539;41278042;17911159;12509;0;11
FR;1;2021-12-30;21241;46465;212168;858;22492;239622;718;0;0;41775594;39130182;16898539;44397;41300534;18150781;13227;0;11
FR;1;2021-12-31;7467;16549;61875;229;8735;70406;346;0;0;41783061;39146731;16960414;44626;41309269;18221187;13573;0;11
FR;1;2022-01-01;1158;2495;5666;30;1541;6583;72;0;0;41784219;39149226;16966080;44656;41310810;18227770;13645;0;11
FR;1;2022-01-02;3087;8077;28893;50;3674;33532;190;0;0;41787306;39157303;16994973;44706;41314484;18261302;13835;0;11
FR;1;2022-01-03;25689;54219;228262;789;27571;257733;958;0;1;41812995;39211522;17223235;45495;41342055;18519035;14793;0;12
FR;1;2022-01-04;26205;65050;299282;1239;29857;337317;1367;0;2;41839200;39276572;17522517;46734;41371912;18856352;16160;0;14
FR;1;2022-01-05;30546;64290;274906;1099;32551;310285;1263;0;0;41869746;39340862;17797423;47833;41404463;19166637;17423;0;14
FR;1;2022-01-06;26838;66232;306904;1400;29306;346571;1566;0;1;41896584;39407094;18104327;49233;41433769;19513208;18989;0;15
FR;1;2022-01-07;31570;75032;349847;1538;34441;393991;1822;0;1;41928154;39482126;18454174;50771;41468210;19907199;20811;0;16
FR;1;2022-01-08;23389;51378;222499;698;25594;251125;913;0;1;41951543;39533504;18676673;51469;41493804;20158324;21724;0;17
FR;1;2022-01-09;7092;17154;66026;163;8187;76135;335;0;0;41958635;39550658;18742699;51632;41501991;20234459;22059;0;17
FR;1;2022-01-10;21792;60641;236810;955;32967;267606;1257;0;1;41980427;39611299;18979509;52587;41534958;20502065;23316;0;18
FR;1;2022-01-11;26763;63469;282306;1280;31229;317831;1835;0;1;42007190;39674768;19261815;53867;41566187;20819896;25151;0;19
FR;1;2022-01-12;28960;62532;246277;1105;35091;278067;1685;0;3;42036150;39737300;19508092;54972;41601278;21097963;26836;0;22
FR;1;2022-01-13;24782;60191;262805;1253;30063;296124;1994;0;4;42060932;39797491;19770897;56225;41631341;21394087;28830;0;26
FR;1;2022-01-14;27967;66741;314027;1366;32164;351276;2475;0;1;42088899;39864232;20084924;57591;41663505;21745363;31305;0;27
FR;1;2022-01-15;19366;44428;199321;618;22476;223863;1362;0;1;42108265;39908660;20284245;58209;41685981;21969226;32667;0;28
FR;1;2022-01-16;5160;12974;51529;135;6032;59558;337;0;0;42113425;39921634;20335774;58344;41692013;22028784;33004;0;28
FR;1;2022-01-17;16867;39717;184840;781;20147;206834;1690;0;2;42130292;39961351;20520614;59125;41712160;22235618;34694;0;30
FR;1;2022-01-18;19453;45981;212436;1154;22992;237047;2457;0;1;42149745;40007332;20733050;60279;41735152;22472665;37151;0;31
FR;1;2022-01-19;20308;43986;176121;897;25491;197201;1974;0;4;42170053;40051318;20909171;61176;41760643;22669866;39125;0;35
FR;1;2022-01-20;16841;40592;183699;1139;20820;204747;2513;0;2;42186894;40091910;21092870;62315;41781463;22874613;41638;0;37
FR;1;2022-01-21;19917;47042;228964;1405;23917;253346;3107;0;1;42206811;40138952;21321834;63720;41805380;23127959;44745;0;38
FR;1;2022-01-22;13844;33349;144497;578;18445;161389;1404;0;2;42220655;40172301;21466331;64298;41823825;23289348;46149;0;40
FR;1;2022-01-23;3377;8767;33431;132;4574;38321;352;0;1;42224032;40181068;21499762;64430;41828399;23327669;46501;0;41
FR;1;2022-01-24;11811;32987;142225;711;17804;158260;2102;0;1;42235843;40214055;21641987;65141;41846203;23485929;48603;0;42
FR;1;2022-01-25;14213;38192;163416;1049;20292;181573;3179;0;1;42250056;40252247;21805403;66190;41866495;23667502;51782;0;43
FR;1;2022-01-26;14863;37716;150257;933;22641;166370;2517;0;1;42264919;40289963;21955660;67123;41889136;23833872;54299;0;44
FR;1;2022-01-27;12340;33321;143457;888;18500;158015;3226;0;3;42277259;40323284;22099117;68011;41907636;23991887;57525;0;47
FR;1;2022-01-28;16327;56934;198322;1143;32678;222398;4005;0;3;42293586;40380218;22297439;69154;41940314;24214285;61530;0;50
FR;1;2022-01-29;10268;35483;135207;525;19616;151542;1879;0;1;42303854;40415701;22432646;69679;41959930;24365827;63409;0;51
FR;1;2022-01-30;2485;9265;29682;86;4832;34450;435;0;1;42306339;40424966;22462328;69765;41964762;24400277;63844;0;52
FR;1;2022-01-31;8758;32493;104347;533;19488;117361;2341;0;3;42315097;40457459;22566675;70298;41984250;24517638;66185;0;55
FR;1;2022-02-01;10997;36471;127086;865;20644;141237;4326;0;1;42326094;40493930;22693761;71163;42004894;24658875;70511;0;56
FR;1;2022-02-02;12054;41592;130358;782;25269;145827;3778;0;9;42338148;40535522;22824119;71945;42030163;24804702;74289;0;65
FR;1;2022-02-03;9322;34058;117018;785;19113;130340;4290;0;4;42347470;40569580;22941137;72730;42049276;24935042;78579;0;69
FR;1;2022-02-04;11533;48695;172583;967;25984;192732;5487;0;5;42359003;40618275;23113720;73697;42075260;25127774;84066;0;74
FR;1;2022-02-05;7998;33931;117590;391;18175;133035;2420;0;3;42367001;40652206;23231310;74088;42093435;25260809;86486;0;77
FR;1;2022-02-06;1706;8000;22752;85;3873;26907;443;0;0;42368707;40660206;23254062;74173;42097308;25287716;86929;0;77
FR;1;2022-02-07;7343;35417;119107;459;18189;134979;3397;0;4;42376050;40695623;23373169;74632;42115497;25422695;90326;0;81
FR;1;2022-02-08;7764;31955;125661;695;14887;140650;4301;0;5;42383814;40727578;23498830;75327;42130384;25563345;94627;0;86
FR;1;2022-02-09;8651;36520;135257;701;17920;152502;3883;0;7;42392465;40764098;23634087;76028;42148304;25715847;98510;0;93
FR;1;2022-02-10;7022;30125;116376;675;13888;130165;4443;0;1;42399487;40794223;23750463;76703;42162192;25846012;102953;0;94
FR;1;2022-02-11;8658;41550;165144;878;18360;185369;5430;0;3;42408145;40835773;23915607;77581;42180552;26031381;108383;0;97
FR;1;2022-02-12;5342;27610;106713;379;12532;120898;2396;0;2;42413487;40863383;24022320;77960;42193084;26152279;110779;0;99
FR;1;2022-02-13;1265;5720;21718;66;2187;25336;402;0;3;42414752;40869103;24044038;78026;42195271;26177615;111181;0;102
FR;1;2022-02-14;5458;27224;118092;394;10640;133120;3384;0;4;42420210;40896327;24162130;78420;42205911;26310735;114565;0;106
FR;1;2022-02-15;5791;28862;118928;611;12209;132561;4882;0;1;42426001;40925189;24281058;79031;42218120;26443296;119447;0;107
FR;1;2022-02-16;5759;28488;110421;596;13753;123052;4152;0;3;42431760;40953677;24391479;79627;42231873;26566348;123599;0;110
FR;1;2022-02-17;4613;19739;73146;489;10125;80251;3998;0;3;42436373;40973416;24464625;80116;42241998;26646599;127597;0;113
FR;1;2022-02-18;5609;26790;99203;673;14163;108163;5519;0;2;42441982;41000206;24563828;80789;42256161;26754762;133116;0;115
FR;1;2022-02-19;3551;17177;59479;304;9569;66060;2266;0;0;42445533;41017383;24623307;81093;42265730;26820822;135382;0;115
FR;1;2022-02-20;791;3256;10706;36;1649;12333;360;0;1;42446324;41020639;24634013;81129;42267379;26833155;135742;0;116
FR;1;2022-02-21;3430;14593;52830;286;7916;57676;3126;0;2;42449754;41035232;24686843;81415;42275295;26890831;138868;0;118
FR;1;2022-02-22;3800;15539;51917;500;9036;55655;4070;0;1;42453554;41050771;24738760;81915;42284331;26946486;142938;0;119
FR;1;2022-02-23;4232;17822;57478;509;10741;62579;3569;0;3;42457786;41068593;24796238;82424;42295072;27009065;146507;0;122
FR;1;2022-02-24;3343;13132;43617;436;7827;46407;3657;0;2;42461129;41081725;24839855;82860;42302899;27055472;150164;0;124
FR;1;2022-02-25;4475;19952;64924;696;12070;68795;5767;0;4;42465604;41101677;24904779;83556;42314969;27124267;155931;0;128
FR;1;2022-02-26;2693;12801;41371;310;7648;45124;2494;0;2;42468297;41114478;24946150;83866;42322617;27169391;158425;0;130
FR;1;2022-02-27;644;2190;7129;42;1206;7994;431;0;0;42468941;41116668;24953279;83908;42323823;27177385;158856;0;130
FR;1;2022-02-28;2611;10493;34964;306;6075;37390;3124;0;0;42471552;41127161;24988243;84214;42329898;27214775;161980;0;130
FR;1;2022-03-01;3582;10753;38704;391;6358;39658;4549;0;4;42475134;41137914;25026947;84605;42336256;27254433;166529;0;134
FR;1;2022-03-02;3679;12185;41862;398;7451;43932;4110;0;1;42478813;41150099;25068809;85003;42343707;27298365;170639;0;135
FR;1;2022-03-03;2461;7985;26182;328;5241;26520;3379;0;1;42481274;41158084;25094991;85331;42348948;27324885;174018;0;136
FR;1;2022-03-04;2682;10501;35446;592;6932;34940;5277;0;3;42483956;41168585;25130437;85923;42355880;27359825;179295;0;139
FR;1;2022-03-05;1822;6363;21968;280;4202;22366;2571;0;1;42485778;41174948;25152405;86203;42360082;27382191;181866;0;140
FR;1;2022-03-06;359;956;2917;38;602;3120;327;0;0;42486137;41175904;25155322;86241;42360684;27385311;182193;0;140
FR;1;2022-03-07;1799;4719;16438;245;3043;15904;2831;0;4;42487936;41180623;25171760;86486;42363727;27401215;185024;0;144
FR;1;2022-03-08;1711;5256;17168;309;3667;15996;3472;0;3;42489647;41185879;25188928;86795;42367394;27417211;188496;0;147
FR;1;2022-03-09;1988;6676;19813;370;4752;19171;3422;0;4;42491635;41192555;25208741;87165;42372146;27436382;191918;0;151
FR;1;2022-03-10;1409;5010;15293;308;3662;14331;2943;0;2;42493044;41197565;25224034;87473;42375808;27450713;194861;0;153
FR;1;2022-03-11;1758;6407;21709;487;4441;19864;4737;0;1;42494802;41203972;25245743;87960;42380249;27470577;199598;0;154
FR;1;2022-03-12;1259;4653;15366;281;3096;14915;2686;0;2;42496061;41208625;25261109;88241;42383345;27485492;202284;0;156
FR;1;2022-03-13;256;612;2120;119;412;2066;468;0;0;42496317;41209237;25263229;88360;42383757;27487558;202752;0;156
FR;1;2022-03-14;1151;3678;13405;3882;2293;12527;6342;0;8;42497468;41212915;25276634;92242;42386050;27500085;209094;0;164
FR;1;2022-03-15;1408;5738;14661;6863;4321;13258;9844;0;8;42498876;41218653;25291295;99105;42390371;27513343;218938;0;172
FR;1;2022-03-16;1694;5085;17394;11520;3595;16459;14125;0;6;42500570;41223738;25308689;110625;42393966;27529802;233063;0;178
FR;1;2022-03-17;1175;3439;11731;9648;2364;10827;11730;0;8;42501745;41227177;25320420;120273;42396330;27540629;244793;0;186
FR;1;2022-03-18;1726;4929;17974;16507;3323;16413;19721;0;14;42503471;41232106;25338394;136780;42399653;27557042;264514;0;200
FR;1;2022-03-19;1126;3299;11890;8459;2275;11359;10141;0;6;42504597;41235405;25350284;145239;42401928;27568401;274655;0;206
FR;1;2022-03-20;224;559;1725;1014;361;1759;1224;0;2;42504821;41235964;25352009;146253;42402289;27570160;275879;0;208
FR;1;2022-03-21;1086;2766;11500;13461;1786;10849;15142;0;10;42505907;41238730;25363509;159714;42404075;27581009;291021;0;218
FR;1;2022-03-22;1277;3212;12259;18714;2153;11248;20616;0;5;42507184;41241942;25375768;178428;42406228;27592257;311637;0;223
FR;1;2022-03-23;1509;4356;16031;20111;2952;15712;21882;0;34;42508693;41246298;25391799;198539;42409180;27607969;333519;0;257
FR;1;2022-03-24;1116;2753;10400;16058;1910;9662;17562;0;15;42509809;41249051;25402199;214597;42411090;27617631;351081;0;272
FR;1;2022-03-25;1535;4360;16748;25315;2877;15400;27959;0;23;42511344;41253411;25418947;239912;42413967;27633031;379040;0;295
FR;1;2022-03-26;1109;3014;10856;11450;2063;10517;12862;0;20;42512453;41256425;25429803;251362;42416030;27643548;391902;0;315
FR;1;2022-03-27;234;546;1751;1382;334;1804;1593;0;1;42512687;41256971;25431554;252744;42416364;27645352;393495;0;316
FR;1;2022-03-28;1082;2488;9978;15885;1555;9601;17228;0;10;42513769;41259459;25441532;268629;42417919;27654953;410723;0;326
FR;1;2022-03-29;1142;2744;11556;25109;1594;10922;26505;0;30;42514911;41262203;25453088;293738;42419513;27665875;437228;0;356
FR;1;2022-03-30;1631;3609;14170;24227;2381;13710;25891;0;19;42516542;41265812;25467258;317965;42421894;27679585;463119;0;375
FR;1;2022-03-31;1279;3016;11698;22685;2043;11212;24005;0;40;42517821;41268828;25478956;340650;42423937;27690797;487124;0;415
FR;1;2022-04-01;2233;4021;18487;28531;2476;17357;30803;0;53;42520054;41272849;25497443;369181;42426413;27708154;517927;0;468
FR;1;2022-04-02;910;1889;8195;9238;1105;7954;10231;0;28;42520964;41274738;25505638;378419;42427518;27716108;528158;0;496
FR;1;2022-04-03;203;381;1433;1057;219;1434;1248;0;1;42521167;41275119;25507071;379476;42427737;27717542;529406;0;497
FR;1;2022-04-04;2475;2479;11371;17681;1562;10763;18899;0;30;42523642;41277598;25518442;397157;42429299;27728305;548305;0;527
FR;1;2022-04-05;2092;2708;13001;31219;1693;12025;32600;0;68;42525734;41280306;25531443;428376;42430992;27740330;580905;0;595
FR;1;2022-04-06;1816;3002;12204;23942;1909;11639;25240;0;62;42527550;41283308;25543647;452318;42432901;27751969;606145;0;657
FR;1;2022-04-07;1559;2738;12353;31081;1638;11818;32157;0;68;42529109;41286046;25556000;483399;42434539;27763787;638302;0;725
FR;1;2022-04-08;1754;3652;17559;40618;2044;16468;42687;0;76;42530863;41289698;25573559;524017;42436583;27780255;680989;0;801
FR;1;2022-04-09;822;1997;8404;12502;1074;8103;13502;0;26;42531685;41291695;25581963;536519;42437657;27788358;694491;0;827
FR;1;2022-04-10;201;650;1836;1855;415;1882;2075;0;6;42531886;41292345;25583799;538374;42438072;27790240;696566;0;833
FR;1;2022-04-11;1085;2256;10969;22347;1305;10687;23453;0;68;42532971;41294601;25594768;560721;42439377;27800927;720019;0;901
FR;1;2022-04-12;1336;2669;12821;38131;1583;12310;38882;0;119;42534307;41297270;25607589;598852;42440960;27813237;758901;0;1020
FR;1;2022-04-13;1277;2892;12271;30617;1787;12003;31388;0;85;42535584;41300162;25619860;629469;42442747;27825240;790289;0;1105
FR;1;2022-04-14;1228;2587;12117;33623;1590;12131;34060;0;88;42536812;41302749;25631977;663092;42444337;27837371;824349;0;1193
FR;1;2022-04-15;1497;3233;14403;33264;2054;13804;34667;0;107;42538309;41305982;25646380;696356;42446391;27851175;859016;0;1300
FR;1;2022-04-16;660;1405;5845;8003;763;5776;8757;0;31;42538969;41307387;25652225;704359;42447154;27856951;867773;0;1331
FR;1;2022-04-17;156;288;930;1121;175;975;1171;0;7;42539125;41307675;25653155;705480;42447329;27857926;868944;0;1338
FR;1;2022-04-18;166;479;2636;1002;296;2659;1187;0;5;42539291;41308154;25655791;706482;42447625;27860585;870131;0;1343
FR;1;2022-04-19;1254;2608;11785;27932;1496;11516;28787;0;69;42540545;41310762;25667576;734414;42449121;27872101;898918;0;1412
FR;1;2022-04-20;1350;2668;12176;26877;1670;12027;27703;0;82;42541895;41313430;25679752;761291;42450791;27884128;926621;0;1494
FR;1;2022-04-21;1243;2459;11547;33247;1508;11759;33603;0;107;42543138;41315889;25691299;794538;42452299;27895887;960224;0;1601
FR;1;2022-04-22;1520;3083;15214;35501;1916;14793;36698;0;120;42544658;41318972;25706513;830039;42454215;27910680;996922;0;1721
FR;1;2022-04-23;764;1581;6735;9893;917;6641;10577;0;30;42545422;41320553;25713248;839932;42455132;27917321;1007499;0;1751
FR;1;2022-04-24;196;373;1373;1521;237;1328;1744;0;7;42545618;41320926;25714621;841453;42455369;27918649;1009243;0;1758
FR;1;2022-04-25;1041;2129;9855;19732;1252;9756;20554;0;64;42546659;41323055;25724476;861185;42456621;27928405;1029797;0;1822
FR;1;2022-04-26;1348;2623;12602;36590;1604;12203;37176;0;163;42548007;41325678;25737078;897775;42458225;27940608;1066973;0;1985
FR;1;2022-04-27;1330;2405;10653;29242;1463;10789;29628;0;122;42549337;41328083;25747731;927017;42459688;27951397;1096601;0;2107
FR;1;2022-04-28;1284;2410;11561;34283;1517;11403;34432;0;127;42550621;41330493;25759292;961300;42461205;27962800;1131033;0;2234
FR;1;2022-04-29;1612;4271;14401;35558;3145;13855;36846;0;153;42552233;41334764;25773693;996858;42464350;27976655;1167879;0;2387
FR;1;2022-04-30;831;2421;6446;9174;1850;6289;9975;0;35;42553064;41337185;25780139;1006032;42466200;27982944;1177854;0;2422
FR;1;2022-05-01;177;288;831;949;190;825;1078;0;5;42553241;41337473;25780970;1006981;42466390;27983769;1178932;0;2427
FR;1;2022-05-02;1865;2606;10377;16947;1762;10300;17630;0;64;42555106;41340079;25791347;1023928;42468152;27994069;1196562;0;2491
FR;1;2022-05-03;1627;2873;12708;32893;1759;12600;33693;0;149;42556733;41342952;25804055;1056821;42469911;28006669;1230255;0;2640
FR;1;2022-05-04;1371;2742;11232;23810;1687;11393;24349;0;96;42558104;41345694;25815287;1080631;42471598;28018062;1254604;0;2736
FR;1;2022-05-05;1475;2695;12195;31846;1680;12119;32394;0;169;42559579;41348389;25827482;1112477;42473278;28030181;1286998;0;2905
FR;1;2022-05-06;1818;3231;14234;34918;1908;13817;36181;0;166;42561397;41351620;25841716;1147395;42475186;28043998;1323179;0;3071
FR;1;2022-05-07;858;1472;5979;9094;878;6013;9728;0;44;42562255;41353092;25847695;1156489;42476064;28050011;1332907;0;3115
FR;1;2022-05-08;190;329;1060;1472;222;1122;1548;0;8;42562445;41353421;25848755;1157961;42476286;28051133;1334455;0;3123
FR;1;2022-05-09;1149;2013;9247;19262;1153;9161;20035;0;93;42563594;41355434;25858002;1177223;42477439;28060294;1354490;0;3216
FR;1;2022-05-10;1490;3010;12620;37138;1920;12218;38037;0;177;42565084;41358444;25870622;1214361;42479359;28072512;1392527;0;3393
FR;1;2022-05-11;1435;2470;9910;26035;1689;9857;26557;0;138;42566519;41360914;25880532;1240396;42481048;28082369;1419084;0;3531
FR;1;2022-05-12;1319;2431;10523;33626;1523;10224;34269;0;188;42567838;41363345;25891055;1274022;42482571;28092593;1453353;0;3719
FR;1;2022-05-13;1610;2803;12766;35845;1680;12413;36941;0;149;42569448;41366148;25903821;1309867;42484251;28105006;1490294;0;3868
FR;1;2022-05-14;781;1321;5480;10215;807;5364;10730;0;51;42570229;41367469;25909301;1320082;42485058;28110370;1501024;0;3919
FR;1;2022-05-15;221;418;1182;1350;243;1252;1495;0;5;42570450;41367887;25910483;1321432;42485301;28111622;1502519;0;3924
FR;1;2022-05-16;970;1783;8075;20121;1003;8128;20545;0;117;42571420;41369670;25918558;1341553;42486304;28119750;1523064;0;4041
FR;1;2022-05-17;1293;2297;11122;36182;1380;10728;36966;0;172;42572713;41371967;25929680;1377735;42487684;28130478;1560030;0;4213
FR;1;2022-05-18;1311;2132;9036;25723;1364;8987;26281;0;99;42574024;41374099;25938716;1403458;42489048;28139465;1586311;0;4312
FR;1;2022-05-19;1202;2397;9851;33990;1406;9946;34191;0;150;42575226;41376496;25948567;1437448;42490454;28149411;1620502;0;4462
FR;1;2022-05-20;1561;2752;12526;37653;1714;12110;38512;0;151;42576787;41379248;25961093;1475101;42492168;28161521;1659014;0;4613
FR;1;2022-05-21;774;1375;5247;9374;866;5165;9943;0;37;42577561;41380623;25966340;1484475;42493034;28166686;1668957;0;4650
FR;1;2022-05-22;191;292;951;1396;203;952;1518;0;10;42577752;41380915;25967291;1485871;42493237;28167638;1670475;0;4660
FR;1;2022-05-23;968;1884;8371;19410;1170;8346;20027;0;79;42578720;41382799;25975662;1505281;42494407;28175984;1690502;0;4739
FR;1;2022-05-24;1286;2447;10722;37245;1437;10591;37819;0;173;42580006;41385246;25986384;1542526;42495844;28186575;1728321;0;4912
FR;1;2022-05-25;1273;2297;8791;23693;1423;8955;24055;0;111;42581279;41387543;25995175;1566219;42497267;28195530;1752376;0;5023
FR;1;2022-05-26;170;378;1582;1155;255;1576;1288;0;24;42581449;41387921;25996757;1567374;42497522;28197106;1753664;0;5047
FR;1;2022-05-27;1115;2185;8785;20456;1371;8534;21408;0;84;42582564;41390106;26005542;1587830;42498893;28205640;1775072;0;5131
FR;1;2022-05-28;486;1052;3689;6540;620;3727;6928;0;37;42583050;41391158;26009231;1594370;42499513;28209367;1782000;0;5168
FR;1;2022-05-29;121;257;707;893;149;718;1002;0;4;42583171;41391415;26009938;1595263;42499662;28210085;1783002;0;5172
FR;1;2022-05-30;831;1735;6558;18535;1038;6590;18989;0;85;42584002;41393150;26016496;1613798;42500700;28216675;1801991;0;5257
FR;1;2022-05-31;1267;2227;9246;34367;1361;9116;34968;0;159;42585269;41395377;26025742;1648165;42502061;28225791;1836959;0;5416
FR;1;2022-06-01;1320;2598;10431;23454;1745;10292;24302;0;115;42586589;41397975;26036173;1671619;42503806;28236083;1861261;0;5531
FR;1;2022-06-02;1223;2305;10666;34152;1444;10246;34984;0;162;42587812;41400280;26046839;1705771;42505250;28246329;1896245;0;5693
FR;1;2022-06-03;1446;2734;12708;37105;1724;12129;38281;0;157;42589258;41403014;26059547;1742876;42506974;28258458;1934526;0;5850
FR;1;2022-06-04;682;1261;4748;8677;758;4824;9167;0;62;42589940;41404275;26064295;1751553;42507732;28263282;1943693;0;5912
FR;1;2022-06-05;131;292;810;1048;150;834;1153;0;3;42590071;41404567;26065105;1752601;42507882;28264116;1944846;0;5915
FR;1;2022-06-06;561;1152;2024;1250;977;2039;1425;0;9;42590632;41405719;26067129;1753851;42508859;28266155;1946271;0;5924
FR;1;2022-06-07;1178;2335;9178;34042;1429;8839;35140;0;143;42591810;41408054;26076307;1787893;42510288;28274994;1981411;0;6067
FR;1;2022-06-08;1118;2235;8671;27576;1400;8554;28446;0;107;42592928;41410289;26084978;1815469;42511688;28283548;2009857;0;6174
FR;1;2022-06-09;1068;2146;9988;37565;1279;9672;38332;0;148;42593996;41412435;26094966;1853034;42512967;28293220;2048189;0;6322
FR;1;2022-06-10;1336;2770;12401;43120;1734;11985;44355;0;201;42595332;41415205;26107367;1896154;42514701;28305205;2092544;0;6523
FR;1;2022-06-11;659;1450;5140;11084;796;5188;11614;0;50;42595991;41416655;26112507;1907238;42515497;28310393;2104158;0;6573
FR;1;2022-06-12;153;375;1015;1687;187;1073;1788;0;11;42596144;41417030;26113522;1908925;42515684;28311466;2105946;0;6584
FR;1;2022-06-13;919;1834;7014;22225;1128;6871;23066;0;84;42597063;41418864;26120536;1931150;42516812;28318337;2129012;0;6668
FR;1;2022-06-14;1091;2220;9840;42847;1299;9243;43939;0;186;42598154;41421084;26130376;1973997;42518111;28327580;2172951;0;6854
FR;1;2022-06-15;1078;2000;8786;29374;1353;8464;29931;0;168;42599232;41423084;26139162;2003371;42519464;28336044;2202882;0;7022
FR;1;2022-06-16;952;1835;9400;38502;1055;8880;39409;0;188;42600184;41424919;26148562;2041873;42520519;28344924;2242291;0;7210
FR;1;2022-06-17;1221;2557;11875;44798;1467;11356;45925;0;223;42601405;41427476;26160437;2086671;42521986;28356280;2288216;0;7433
FR;1;2022-06-18;561;1275;4318;10543;715;4257;11085;0;62;42601966;41428751;26164755;2097214;42522701;28360537;2299301;0;7495
FR;1;2022-06-19;137;325;1002;1543;173;1081;1609;0;12;42602103;41429076;26165757;2098757;42522874;28361618;2300910;0;7507
FR;1;2022-06-20;860;1699;8491;25045;997;8155;25907;0;143;42602963;41430775;26174248;2123802;42523871;28369773;2326817;0;7650
FR;1;2022-06-21;1102;2136;9765;47755;1252;8855;49102;0;241;42604065;41432911;26184013;2171557;42525123;28378628;2375919;0;7891
FR;1;2022-06-22;1037;2060;8434;37153;1289;7952;38015;0;231;42605102;41434971;26192447;2208710;42526412;28386580;2413934;0;8122
FR;1;2022-06-23;1052;2174;10124;52804;1204;9406;53814;0;290;42606154;41437145;26202571;2261514;42527616;28395986;2467748;0;8412
FR;1;2022-06-24;1251;2710;12912;65961;1479;11696;67632;0;367;42607405;41439855;26215483;2327475;42529095;28407682;2535380;0;8779
FR;1;2022-06-25;684;1504;5927;18921;791;5708;19719;0;163;42608089;41441359;26221410;2346396;42529886;28413390;2555099;0;8942
FR;1;2022-06-26;167;406;1817;3494;191;1713;3730;0;34;42608256;41441765;26223227;2349890;42530077;28415103;2558829;0;8976
FR;1;2022-06-27;940;1767;9905;45976;936;9129;47111;0;300;42609196;41443532;26233132;2395866;42531013;28424232;2605940;0;9276
FR;1;2022-06-28;1210;2570;13837;86554;1373;12401;88239;0;570;42610406;41446102;26246969;2482420;42532386;28436633;2694179;0;9846
FR;1;2022-06-29;1238;2288;11480;67391;1252;10546;68438;0;487;42611644;41448390;26258449;2549811;42533638;28447179;2762617;0;10333
FR;1;2022-06-30;1286;2467;13515;89963;1414;11823;91762;0;645;42612930;41450857;26271964;2639774;42535052;28459002;2854379;0;10978
FR;1;2022-07-01;1649;3473;20308;109186;1986;17968;111577;0;859;42614579;41454330;26292272;2748960;42537038;28476970;2965956;0;11837
FR;1;2022-07-02;767;1524;8020;33770;746;7250;34796;0;315;42615346;41455854;26300292;2782730;42537784;28484220;3000752;0;12152
FR;1;2022-07-03;228;480;1941;6118;255;1757;6444;0;71;42615574;41456334;26302233;2788848;42538039;28485977;3007196;0;12223
FR;1;2022-07-04;1409;3039;13927;75406;1918;12353;77295;0;589;42616983;41459373;26316160;2864254;42539957;28498330;3084491;0;12812
FR;1;2022-07-05;1427;2832;17684;126356;1484;15142;128469;0;1059;42618410;41462205;26333844;2990610;42541441;28513472;3212960;0;13871
FR;1;2022-07-06;1349;2390;14881;93715;1372;12901;95151;0;815;42619759;41464595;26348725;3084325;42542813;28526373;3308111;0;14686
FR;1;2022-07-07;1437;2534;16928;119486;1401;13998;121581;0;1074;42621196;41467129;26365653;3203811;42544214;28540371;3429692;0;15760
FR;1;2022-07-08;1530;2818;19603;129994;1532;15967;132800;0;1219;42622726;41469947;26385256;3333805;42545746;28556338;3562492;0;16979
FR;1;2022-07-09;661;1273;7305;36016;689;6347;36805;0;392;42623387;41471220;26392561;3369821;42546435;28562685;3599297;0;17371
FR;1;2022-07-10;238;542;2240;6689;296;2032;7068;0;89;42623625;41471762;26394801;3376510;42546731;28564717;3606365;0;17460
FR;1;2022-07-11;1213;2227;14315;84441;1162;11934;86554;0;734;42624838;41473989;26409116;3460951;42547893;28576651;3692919;0;18194
FR;1;2022-07-12;1557;2788;19458;137401;1425;15896;139890;0;1485;42626395;41476777;26428574;3598352;42549318;28592547;3832809;0;19679
FR;1;2022-07-13;1420;2428;14783;89827;1309;12633;91513;0;1002;42627815;41479205;26443357;3688179;42550627;28605180;3924322;0;20681
FR;1;2022-07-14;161;348;1862;5285;193;1771;5432;0;74;42627976;41479553;26445219;3693464;42550820;28606951;3929754;0;20755
FR;1;2022-07-15;1256;2300;14359;80591;1181;12002;82595;0;959;42629232;41481853;26459578;3774055;42552001;28618953;4012349;0;21714
FR;1;2022-07-16;507;1050;5640;23945;542;4894;24585;0;302;42629739;41482903;26465218;3798000;42552543;28623847;4036934;0;22016
FR;1;2022-07-17;159;363;1655;4461;188;1499;4724;0;60;42629898;41483266;26466873;3802461;42552731;28625346;4041658;0;22076
FR;1;2022-07-18;973;2030;11297;59270;1139;9567;60993;0;715;42630871;41485296;26478170;3861731;42553870;28634913;4102651;0;22791
FR;1;2022-07-19;1228;2123;14689;99419;1185;11722;101414;0;1386;42632099;41487419;26492859;3961150;42555055;28646635;4204065;0;24177
FR;1;2022-07-20;1178;1994;12362;74361;1163;10273;75847;0;964;42633277;41489413;26505221;4035511;42556218;28656908;4279912;0;25141
FR;1;2022-07-21;1133;1949;12409;84533;1182;9987;85895;0;1211;42634410;41491362;26517630;4120044;42557400;28666895;4365807;0;26352
FR;1;2022-07-22;1243;2214;14093;85929;1233;11424;87662;0;1264;42635653;41493576;26531723;4205973;42558633;28678319;4453469;0;27616
FR;1;2022-07-23;534;1088;5232;21293;630;4606;21836;0;374;42636187;41494664;26536955;4227266;42559263;28682925;4475305;0;27990
FR;1;2022-07-24;147;305;1325;3699;150;1167;3923;0;65;42636334;41494969;26538280;4230965;42559413;28684092;4479228;0;28055
FR;1;2022-07-25;889;1627;9071;46110;978;7518;47486;0;680;42637223;41496596;26547351;4277075;42560391;28691610;4526714;0;28735
FR;1;2022-07-26;1124;1960;12678;81961;1115;10334;83574;0;1198;42638347;41498556;26560029;4359036;42561506;28701944;4610288;0;29933
FR;1;2022-07-27;1016;1725;9759;58514;1038;8138;59696;0;874;42639363;41500281;26569788;4417550;42562544;28710082;4669984;0;30807
FR;1;2022-07-28;979;1701;9851;61897;1105;7843;63128;0;967;42640342;41501982;26579639;4479447;42563649;28717925;4733112;0;31774
FR;1;2022-07-29;1111;1831;10452;62956;1155;8378;64269;0;1066;42641453;41503813;26590091;4542403;42564804;28726303;4797381;0;32840
FR;1;2022-07-30;392;714;3347;14491;430;2848;14850;0;279;42641845;41504527;26593438;4556894;42565234;28729151;4812231;0;33119
FR;1;2022-07-31;139;263;900;2335;158;766;2477;0;47;42641984;41504790;26594338;4559229;42565392;28729917;4814708;0;33166
FR;1;2022-08-01;727;1366;7250;28963;985;6109;29955;0;518;42642711;41506156;26601588;4588192;42566377;28736026;4844663;0;33684
FR;1;2022-08-02;897;1472;8230;54021;986;6625;54671;0;1090;42643608;41507628;26609818;4642213;42567363;28742651;4899334;0;34774
FR;1;2022-08-03;723;1101;6149;37033;744;4933;37762;0;643;42644331;41508729;26615967;4679246;42568107;28747584;4937096;0;35417
FR;1;2022-08-04;643;1073;6255;41445;690;5048;42000;0;850;42644974;41509802;26622222;4720691;42568797;28752632;4979096;0;36267
FR;1;2022-08-05;740;1189;6759;43061;799;5428;43691;0;933;42645714;41510991;26628981;4763752;42569596;28758060;5022787;0;37200
FR;1;2022-08-06;274;461;1990;8998;301;1671;9190;0;218;42645988;41511452;26630971;4772750;42569897;28759731;5031977;0;37418
FR;1;2022-08-07;89;144;520;1552;100;436;1629;0;35;42646077;41511596;26631491;4774302;42569997;28760167;5033606;0;37453
FR;1;2022-08-08;493;934;3797;21216;689;3130;21622;0;457;42646570;41512530;26635288;4795518;42570686;28763297;5055228;0;37910
FR;1;2022-08-09;607;1028;5679;38458;719;4552;38952;0;794;42647177;41513558;26640967;4833976;42571405;28767849;5094180;0;38704
FR;1;2022-08-10;535;1016;4432;26912;716;3632;27226;0;601;42647712;41514574;26645399;4860888;42572121;28771481;5121406;0;39305
FR;1;2022-08-11;538;912;4304;28202;624;3578;28530;0;635;42648250;41515486;26649703;4889090;42572745;28775059;5149936;0;39940
FR;1;2022-08-12;596;1025;4548;27160;699;3756;27571;0;666;42648846;41516511;26654251;4916250;42573444;28778815;5177507;0;40606
FR;1;2022-08-13;178;356;1247;5107;249;1064;5278;0;116;42649024;41516867;26655498;4921357;42573693;28779879;5182785;0;40722
FR;1;2022-08-14;65;115;276;871;97;235;941;0;24;42649089;41516982;26655774;4922228;42573790;28780114;5183726;0;40746
FR;1;2022-08-15;77;168;570;542;137;531;593;0;16;42649166;41517150;26656344;4922770;42573927;28780645;5184319;0;40762
FR;1;2022-08-16;522;931;3786;21486;689;3216;21686;0;582;42649688;41518081;26660130;4944256;42574616;28783861;5206005;0;41344
FR;1;2022-08-17;527;889;3765;22147;658;3192;22388;0;579;42650215;41518970;26663895;4966403;42575274;28787053;5228393;0;41923
FR;1;2022-08-18;543;879;3925;25434;679;3127;25653;0;630;42650758;41519849;26667820;4991837;42575953;28790180;5254046;0;42553
FR;1;2022-08-19;533;1038;4365;26531;737;3598;26838;0;732;42651291;41520887;26672185;5018368;42576690;28793778;5280884;0;43285
FR;1;2022-08-20;232;411;1289;5370;311;1106;5524;0;137;42651523;41521298;26673474;5023738;42577001;28794884;5286408;0;43422
FR;1;2022-08-21;82;110;283;989;75;249;1012;0;27;42651605;41521408;26673757;5024727;42577076;28795133;5287420;0;43449
FR;1;2022-08-22;472;886;3140;14944;658;2710;15221;0;411;42652077;41522294;26676897;5039671;42577734;28797843;5302641;0;43860
FR;1;2022-08-23;636;1057;4153;28311;742;3486;28390;0;830;42652713;41523351;26681050;5067982;42578476;28801329;5331031;0;44690
FR;1;2022-08-24;556;829;3401;19059;649;2770;19244;0;587;42653269;41524180;26684451;5087041;42579125;28804099;5350275;0;45277
FR;1;2022-08-25;561;923;3822;22919;643;3205;23148;0;655;42653830;41525103;26688273;5109960;42579768;28807304;5373423;0;45932
FR;1;2022-08-26;746;1125;4345;25153;800;3561;25529;0;745;42654576;41526228;26692618;5135113;42580568;28810865;5398952;0;46677
FR;1;2022-08-27;217;430;1322;5303;274;1190;5357;0;192;42654793;41526658;26693940;5140416;42580842;28812055;5404309;0;46869
FR;1;2022-08-28;111;145;298;898;104;280;947;0;33;42654904;41526803;26694238;5141314;42580946;28812335;5405256;0;46902
FR;1;2022-08-29;502;855;2976;14248;631;2515;14558;0;409;42655406;41527658;26697214;5155562;42581577;28814850;5419814;0;47311
FR;1;2022-08-30;739;1095;4621;27710;772;3772;28031;0;793;42656145;41528753;26701835;5183272;42582349;28818622;5447845;0;48104
FR;1;2022-08-31;579;827;3107;17230;605;2616;17493;0;483;42656724;41529580;26704942;5200502;42582954;28821238;5465338;0;48587
FR;1;2022-09-01;673;911;4325;21870;637;3684;22132;0;586;42657397;41530491;26709267;5222372;42583591;28824922;5487470;0;49173
FR;1;2022-09-02;772;1043;4878;27861;737;4074;28148;0;882;42658169;41531534;26714145;5250233;42584328;28828996;5515618;0;50055
FR;1;2022-09-03;316;502;1831;5874;341;1592;6103;0;174;42658485;41532036;26715976;5256107;42584669;28830588;5521721;0;50229
FR;1;2022-09-04;106;137;341;842;74;334;912;0;21;42658591;41532173;26716317;5256949;42584743;28830922;5522633;0;50250
FR;1;2022-09-05;572;667;3019;15687;490;2525;15970;0;499;42659163;41532840;26719336;5272636;42585233;28833447;5538603;0;50749
FR;1;2022-09-06;720;928;4564;31053;576;3702;31276;0;1002;42659883;41533768;26723900;5303689;42585809;28837149;5569879;0;51751
FR;1;2022-09-07;538;683;2917;16443;443;2420;16580;0;550;42660421;41534451;26726817;5320132;42586252;28839569;5586459;0;52301
FR;1;2022-09-08;567;783;3694;24202;526;3036;24280;0;796;42660988;41535234;26730511;5344334;42586778;28842605;5610739;0;53097
FR;1;2022-09-09;769;965;4299;26882;603;3586;27065;0;902;42661757;41536199;26734810;5371216;42587381;28846191;5637804;0;53999
FR;1;2022-09-10;328;462;1673;5587;292;1474;5777;0;203;42662085;41536661;26736483;5376803;42587673;28847665;5643581;0;54202
FR;1;2022-09-11;105;119;311;645;81;292;701;0;17;42662190;41536780;26736794;5377448;42587754;28847957;5644282;0;54219
FR;1;2022-09-12;447;582;2609;12941;406;2226;13221;0;462;42662637;41537362;26739403;5390389;42588160;28850183;5657503;0;54681
FR;1;2022-09-13;576;793;3866;25833;501;3379;25708;0;835;42663213;41538155;26743269;5416222;42588661;28853562;5683211;0;55516
FR;1;2022-09-14;570;692;2866;15694;477;2396;15930;0;537;42663783;41538847;26746135;5431916;42589138;28855958;5699141;0;56053
FR;1;2022-09-15;508;706;3331;23084;477;2838;23147;0;677;42664291;41539553;26749466;5455000;42589615;28858796;5722288;0;56730
FR;1;2022-09-16;714;927;4011;25330;611;3380;25532;0;891;42665005;41540480;26753477;5480330;42590226;28862176;5747820;0;57621
FR;1;2022-09-17;294;408;1392;5977;278;1217;6085;0;227;42665299;41540888;26754869;5486307;42590504;28863393;5753905;0;57848
FR;1;2022-09-18;97;123;310;923;100;278;979;0;33;42665396;41541011;26755179;5487230;42590604;28863671;5754884;0;57881
FR;1;2022-09-19;365;565;2132;12844;366;1828;12997;0;414;42665761;41541576;26757311;5500074;42590970;28865499;5767881;0;58295
FR;1;2022-09-20;554;801;3658;25806;547;3058;25844;0;853;42666315;41542377;26760969;5525880;42591517;28868557;5793725;0;59148
FR;1;2022-09-21;469;678;2624;15861;478;2252;15826;0;561;42666784;41543055;26763593;5541741;42591995;28870809;5809551;0;59709
FR;1;2022-09-22;534;750;3284;22945;491;2681;23135;0;742;42667318;41543805;26766877;5564686;42592486;28873490;5832686;0;60451
FR;1;2022-09-23;758;932;4349;28134;663;3629;28302;0;978;42668076;41544737;26771226;5592820;42593149;28877119;5860988;0;61429
FR;1;2022-09-24;352;534;1583;6693;375;1368;6864;0;300;42668428;41545271;26772809;5599513;42593524;28878487;5867852;0;61729
FR;1;2022-09-25;80;151;321;1071;104;293;1109;0;32;42668508;41545422;26773130;5600584;42593628;28878780;5868961;0;61761
FR;1;2022-09-26;382;635;2179;13059;413;1931;13153;0;412;42668890;41546057;26775309;5613643;42594041;28880711;5882114;0;62173
FR;1;2022-09-27;540;762;3458;25021;537;2793;25219;0;906;42669430;41546819;26778767;5638664;42594578;28883504;5907333;0;63079
FR;1;2022-09-28;516;711;2440;14957;498;2207;15048;0;597;42669946;41547530;26781207;5653621;42595076;28885711;5922381;0;63676
FR;1;2022-09-29;504;689;2980;20345;480;2504;20358;0;767;42670450;41548219;26784187;5673966;42595556;28888215;5942739;0;64443
FR;1;2022-09-30;676;964;3772;24416;661;3157;24663;0;967;42671126;41549183;26787959;5698382;42596217;28891372;5967402;0;65410
FR;1;2022-10-01;342;542;1899;5501;377;1655;5729;0;272;42671468;41549725;26789858;5703883;42596594;28893027;5973131;0;65682
FR;1;2022-10-02;53;116;204;567;79;203;588;0;29;42671521;41549841;26790062;5704450;42596673;28893230;5973719;0;65711
FR;1;2022-10-03;414;663;2192;10010;505;1936;10194;0;488;42671935;41550504;26792254;5714460;42597178;28895166;5983913;0;66199
FR;1;2022-10-04;543;693;2921;18919;460;2470;19010;0;1082;42672478;41551197;26795175;5733379;42597638;28897636;6002923;0;67281
FR;1;2022-10-05;429;679;2080;11096;450;1853;11230;0;722;42672907;41551876;26797255;5744475;42598088;28899489;6014153;0;68003
FR;1;2022-10-06;441;604;2491;15772;427;2057;15954;0;1060;42673348;41552480;26799746;5760247;42598515;28901546;6030107;0;69063
FR;1;2022-10-07;546;735;2691;16054;534;2307;16079;0;1160;42673894;41553215;26802437;5776301;42599049;28903853;6046186;0;70223
FR;1;2022-10-08;234;306;886;3167;237;775;3271;0;291;42674128;41553521;26803323;5779468;42599286;28904628;6049457;0;70514
FR;1;2022-10-09;75;87;149;461;77;133;487;0;50;42674203;41553608;26803472;5779929;42599363;28904761;6049944;0;70564
FR;1;2022-10-10;295;437;1313;4987;344;1231;5082;0;462;42674498;41554045;26804785;5784916;42599707;28905992;6055026;0;71026
FR;1;2022-10-11;317;430;1308;8083;318;1189;8183;0;757;42674815;41554475;26806093;5792999;42600025;28907181;6063209;0;71783
FR;1;2022-10-12;321;418;1057;5178;311;1051;5193;0;520;42675136;41554893;26807150;5798177;42600336;28908232;6068402;0;72303
FR;1;2022-10-13;323;382;1066;6067;292;921;6117;0;626;42675459;41555275;26808216;5804244;42600628;28909153;6074519;0;72929
FR;1;2022-10-14;408;529;1169;6707;441;1041;6776;0;675;42675867;41555804;26809385;5810951;42601069;28910194;6081295;0;73604
FR;1;2022-10-15;201;257;519;1859;211;500;1867;0;226;42676068;41556061;26809904;5812810;42601280;28910694;6083162;0;73830
FR;1;2022-10-16;47;58;110;292;40;117;311;0;48;42676115;41556119;26810014;5813102;42601320;28910811;6083473;0;73878
FR;1;2022-10-17;235;318;733;2652;252;688;2696;0;366;42676350;41556437;26810747;5815754;42601572;28911499;6086169;0;74244
FR;1;2022-10-18;262;310;951;4586;245;830;4683;0;865;42676612;41556747;26811698;5820340;42601817;28912329;6090852;0;75109
FR;1;2022-10-19;275;358;689;3180;291;661;3158;0;502;42676887;41557105;26812387;5823520;42602108;28912990;6094010;0;75611
FR;1;2022-10-20;278;312;886;4362;258;774;4400;0;770;42677165;41557417;26813273;5827882;42602366;28913764;6098410;0;76381
FR;1;2022-10-21;299;400;844;3800;354;737;3874;0;675;42677464;41557817;26814117;5831682;42602720;28914501;6102284;0;77056
FR;1;2022-10-22;135;167;306;1243;144;299;1209;0;209;42677599;41557984;26814423;5832925;42602864;28914800;6103493;0;77265
FR;1;2022-10-23;30;39;64;197;37;58;213;0;25;42677629;41558023;26814487;5833122;42602901;28914858;6103706;0;77290
FR;1;2022-10-24;272;231;476;1597;203;472;1653;0;306;42677901;41558254;26814963;5834719;42603104;28915330;6105359;0;77596
FR;1;2022-10-25;215;252;521;2649;220;443;2703;0;488;42678116;41558506;26815484;5837368;42603324;28915773;6108062;0;78084
FR;1;2022-10-26;232;244;390;1953;230;367;1959;0;435;42678348;41558750;26815874;5839321;42603554;28916140;6110021;0;78519
FR;1;2022-10-27;258;219;487;2163;191;495;2146;0;511;42678606;41558969;26816361;5841484;42603745;28916635;6112167;0;79030
FR;1;2022-10-28;306;312;527;2327;294;465;2393;0;473;42678912;41559281;26816888;5843811;42604039;28917100;6114560;0;79503
FR;1;2022-10-29;95;148;175;712;116;209;703;0;201;42679007;41559429;26817063;5844523;42604155;28917309;6115263;0;79704
FR;1;2022-10-30;37;41;60;181;33;54;187;0;38;42679044;41559470;26817123;5844704;42604188;28917363;6115450;0;79742
FR;1;2022-10-31;135;180;293;796;158;270;863;0;144;42679179;41559650;26817416;5845500;42604346;28917633;6116313;0;79886
FR;1;2022-11-01;38;107;748;115;93;744;135;0;18;42679217;41559757;26818164;5845615;42604439;28918377;6116448;0;79904
FR;1;2022-11-02;255;224;518;979;220;487;1040;0;354;42679472;41559981;26818682;5846594;42604659;28918864;6117488;0;80258
FR;1;2022-11-03;264;221;430;1376;208;389;1415;0;369;42679736;41560202;26819112;5847970;42604867;28919253;6118903;0;80627
FR;1;2022-11-04;227;250;420;1597;229;399;1635;0;437;42679963;41560452;26819532;5849567;42605096;28919652;6120538;0;81064
FR;1;2022-11-05;95;118;272;500;107;254;522;0;111;42680058;41560570;26819804;5850067;42605203;28919906;6121060;0;81175
FR;1;2022-11-06;35;41;32;131;40;35;129;0;33;42680093;41560611;26819836;5850198;42605243;28919941;6121189;0;81208
FR;1;2022-11-07;181;200;288;891;189;278;937;0;211;42680274;41560811;26820124;5851089;42605432;28920219;6122126;0;81419
FR;1;2022-11-08;194;230;452;1677;218;399;1702;0;505;42680468;41561041;26820576;5852766;42605650;28920618;6123828;0;81924
FR;1;2022-11-09;181;205;330;1101;192;296;1140;0;456;42680649;41561246;26820906;5853867;42605842;28920914;6124968;0;82380
FR;1;2022-11-10;203;261;426;1678;250;435;1665;0;578;42680852;41561507;26821332;5855545;42606092;28921349;6126633;0;82958
FR;1;2022-11-11;26;32;101;98;31;87;114;0;42;42680878;41561539;26821433;5855643;42606123;28921436;6126747;0;83000
FR;1;2022-11-12;80;110;254;375;97;252;390;0;101;42680958;41561649;26821687;5856018;42606220;28921688;6127137;0;83101
FR;1;2022-11-13;19;23;22;64;20;25;66;0;26;42680977;41561672;26821709;5856082;42606240;28921713;6127203;0;83127
FR;1;2022-11-14;164;170;254;765;158;258;835;0;234;42681141;41561842;26821963;5856847;42606398;28921971;6128038;0;83361
FR;1;2022-11-15;197;223;374;1288;222;350;1328;0;432;42681338;41562065;26822337;5858135;42606620;28922321;6129366;0;83793
FR;1;2022-11-16;180;212;323;977;207;336;1012;0;357;42681518;41562277;26822660;5859112;42606827;28922657;6130378;0;84150
FR;1;2022-11-17;163;177;282;1203;171;258;1208;0;386;42681681;41562454;26822942;5860315;42606998;28922915;6131586;0;84536
FR;1;2022-11-18;223;247;385;1310;241;374;1343;0;411;42681904;41562701;26823327;5861625;42607239;28923289;6132929;0;84947
FR;1;2022-11-19;119;100;242;427;98;207;460;0;99;42682023;41562801;26823569;5862052;42607337;28923496;6133389;0;85046
FR;1;2022-11-20;20;32;27;66;27;29;74;0;28;42682043;41562833;26823596;5862118;42607364;28923525;6133463;0;85074
FR;1;2022-11-21;173;163;262;637;138;279;671;0;210;42682216;41562996;26823858;5862755;42607502;28923804;6134134;0;85284
FR;1;2022-11-22;151;141;403;1153;124;386;1176;0;403;42682367;41563137;26824261;5863908;42607626;28924190;6135310;0;85687
FR;1;2022-11-23;175;162;236;757;143;237;779;0;241;42682542;41563299;26824497;5864665;42607769;28924427;6136089;0;85928
FR;1;2022-11-24;129;158;279;1175;140;278;1178;0;424;42682671;41563457;26824776;5865840;42607909;28924705;6137267;0;86352
FR;1;2022-11-25;193;224;420;1153;211;408;1184;0;392;42682864;41563681;26825196;5866993;42608120;28925113;6138451;0;86744
FR;1;2022-11-26;88;103;110;315;92;121;302;0;114;42682952;41563784;26825306;5867308;42608212;28925234;6138753;0;86858
FR;1;2022-11-27;14;28;17;71;15;29;77;0;49;42682966;41563812;26825323;5867379;42608227;28925263;6138830;0;86907
FR;1;2022-11-28;197;134;204;646;142;195;683;0;321;42683163;41563946;26825527;5868025;42608369;28925458;6139513;0;87228
FR;1;2022-11-29;167;133;253;1078;117;238;1088;0;454;42683330;41564079;26825780;5869103;42608486;28925696;6140601;0;87682
FR;1;2022-11-30;153;184;223;927;170;226;949;0;317;42683483;41564263;26826003;5870030;42608656;28925922;6141550;0;87999
FR;1;2022-12-01;128;126;610;1072;119;572;1114;0;360;42683611;41564389;26826613;5871102;42608775;28926494;6142664;0;88359
FR;1;2022-12-02;191;182;462;1175;177;461;1218;0;466;42683802;41564571;26827075;5872277;42608952;28926955;6143882;0;88825
FR;1;2022-12-03;99;101;204;523;90;181;524;0;174;42683901;41564672;26827279;5872800;42609042;28927136;6144406;0;88999
FR;1;2022-12-04;24;24;19;136;21;20;127;0;58;42683925;41564696;26827298;5872936;42609063;28927156;6144533;0;89057
FR;1;2022-12-05;128;115;257;856;110;252;886;0;301;42684053;41564811;26827555;5873792;42609173;28927408;6145419;0;89358
FR;1;2022-12-06;143;136;240;1429;123;244;1436;0;723;42684196;41564947;26827795;5875221;42609296;28927652;6146855;0;90081
FR;1;2022-12-07;143;137;224;1172;146;203;1188;0;558;42684339;41565084;26828019;5876393;42609442;28927855;6148043;0;90639
FR;1;2022-12-08;121;130;268;1700;117;228;1742;0;755;42684460;41565214;26828287;5878093;42609559;28928083;6149785;0;91394
FR;1;2022-12-09;193;185;295;1791;160;303;1810;0;715;42684653;41565399;26828582;5879884;42609719;28928386;6151595;0;92109
FR;1;2022-12-10;108;92;129;838;80;115;853;0;289;42684761;41565491;26828711;5880722;42609799;28928501;6152448;0;92398
FR;1;2022-12-11;31;29;28;213;25;26;199;0;59;42684792;41565520;26828739;5880935;42609824;28928527;6152647;0;92457
FR;1;2022-12-12;115;79;224;1079;79;210;1089;0;446;42684907;41565599;26828963;5882014;42609903;28928737;6153736;0;92903
FR;1;2022-12-13;112;115;216;1267;89;198;1274;0;605;42685019;41565714;26829179;5883281;42609992;28928935;6155010;0;93508
FR;1;2022-12-14;100;122;173;842;120;152;862;0;367;42685119;41565836;26829352;5884123;42610112;28929087;6155872;0;93875
FR;1;2022-12-15;123;116;217;1406;105;194;1421;0;673;42685242;41565952;26829569;5885529;42610217;28929281;6157293;0;94548
FR;1;2022-12-16;192;175;226;1274;182;217;1291;0;609;42685434;41566127;26829795;5886803;42610399;28929498;6158584;0;95157
FR;1;2022-12-17;86;75;88;442;67;85;445;0;200;42685520;41566202;26829883;5887245;42610466;28929583;6159029;0;95357
FR;1;2022-12-18;16;19;21;97;15;23;94;0;37;42685536;41566221;26829904;5887342;42610481;28929606;6159123;0;95394
FR;1;2022-12-19;144;118;181;768;123;157;803;0;348;42685680;41566339;26830085;5888110;42610604;28929763;6159926;0;95742
FR;1;2022-12-20;131;129;162;853;119;156;859;0;393;42685811;41566468;26830247;5888963;42610723;28929919;6160785;0;96135
FR;1;2022-12-21;129;96;125;606;102;96;613;0;344;42685940;41566564;26830372;5889569;42610825;28930015;6161398;0;96479
FR;1;2022-12-22;133;86;98;500;93;88;491;0;287;42686073;41566650;26830470;5890069;42610918;28930103;6161889;0;96766
FR;1;2022-12-23;120;90;87;336;80;87;327;0;163;42686193;41566740;26830557;5890405;42610998;28930190;6162216;0;96929
FR;1;2022-12-24;24;18;25;49;19;24;55;0;16;42686217;41566758;26830582;5890454;42611017;28930214;6162271;0;96945
FR;1;2022-12-25;3;2;6;10;2;4;9;0;11;42686220;41566760;26830588;5890464;42611019;28930218;6162280;0;96956
FR;1;2022-12-26;86;59;43;189;64;49;188;0;87;42686306;41566819;26830631;5890653;42611083;28930267;6162468;0;97043
FR;1;2022-12-27;101;123;95;327;117;103;336;0;158;42686407;41566942;26830726;5890980;42611200;28930370;6162804;0;97201
FR;2;2020-12-27;0;0;0;0;0;0;0;0;0;0;0;0;0;0;0;0;0;0
FR;2;2020-12-28;0;0;0;0;0;0;0;0;0;0;0;0;0;0;0;0;0;0
FR;2;2020-12-29;0;0;0;0;0;0;0;0;0;0;0;0;0;0;0;0;0;0
FR;2;2020-12-30;0;0;0;0;0;0;0;0;0;0;0;0;0;0;0;0;0;0
FR;2;2020-12-31;0;0;0;0;0;0;0;0;0;0;0;0;0;0;0;0;0;0
FR;2;2021-01-01;0;0;0;0;0;0;0;0;0;0;0;0;0;0;0;0;0;0
FR;2;2021-01-02;0;0;0;0;0;0;0;0;0;0;0;0;0;0;0;0;0;0
FR;2;2021-01-03;0;0;0;0;0;0;0;0;0;0;0;0;0;0;0;0;0;0
FR;2;2021-01-04;0;0;0;0;0;0;0;0;0;0;0;0;0;0;0;0;0;0
FR;2;2021-01-05;0;0;0;0;0;0;0;0;0;0;0;0;0;0;0;0;0;0
FR;2;2021-01-06;0;0;0;0;0;0;0;0;0;0;0;0;0;0;0;0;0;0
FR;2;2021-01-07;0;0;0;0;0;0;0;0;0;0;0;0;0;0;0;0;0;0
FR;2;2021-01-08;0;0;0;0;0;0;0;0;0;0;0;0;0;0;0;0;0;0
FR;2;2021-01-09;0;0;0;0;0;0;0;0;0;0;0;0;0;0;0;0;0;0
FR;2;2021-01-10;0;0;0;0;0;0;0;0;0;0;0;0;0;0;0;0;0;0
FR;2;2021-01-11;0;0;0;0;0;0;0;0;0;0;0;0;0;0;0;0;0;0
FR;2;2021-01-12;0;0;0;0;0;0;0;0;0;0;0;0;0;0;0;0;0;0
FR;2;2021-01-13;0;0;0;0;0;0;0;0;0;0;0;0;0;0;0;0;0;0
FR;2;2021-01-14;1646;0;0;0;213;0;0;0;0;1646;0;0;0;213;0;0;0;0
FR;2;2021-01-15;398;0;0;0;28;0;0;0;0;2044;0;0;0;241;0;0;0;0
FR;2;2021-01-16;316;0;0;0;12;0;0;0;0;2360;0;0;0;253;0;0;0;0
FR;2;2021-01-17;84;0;0;0;7;0;0;0;0;2444;0;0;0;260;0;0;0;0
FR;2;2021-01-18;3075;2;0;0;27;0;0;0;0;5519;2;0;0;287;0;0;0;0
FR;2;2021-01-19;4681;2;0;0;31;0;0;0;0;10200;4;0;0;318;0;0;0;0
FR;2;2021-01-20;5137;6;0;0;58;0;0;0;0;15337;10;0;0;376;0;0;0;0
FR;2;2021-01-21;5345;9;0;0;56;0;0;0;0;20682;19;0;0;432;0;0;0;0
FR;2;2021-01-22;5118;17;0;0;69;0;0;0;0;25800;36;0;0;501;0;0;0;0
FR;2;2021-01-23;1874;2;0;0;16;0;0;0;0;27674;38;0;0;517;0;0;0;0
FR;2;2021-01-24;163;2;0;0;8;0;0;0;0;27837;40;0;0;525;0;0;0;0
FR;2;2021-01-25;3814;3;0;0;36;0;0;0;0;31651;43;0;0;561;0;0;0;0
FR;2;2021-01-26;3926;6;0;0;42;0;0;0;0;35577;49;0;0;603;0;0;0;0
FR;2;2021-01-27;3605;4;0;0;36;0;0;0;0;39182;53;0;0;639;0;0;0;0
FR;2;2021-01-28;3755;9;0;0;44;0;0;0;0;42937;62;0;0;683;0;0;0;0
FR;2;2021-01-29;3299;5;0;0;41;0;0;0;0;46236;67;0;0;724;0;0;0;0
FR;2;2021-01-30;1133;3;0;0;16;0;0;0;0;47369;70;0;0;740;0;0;0;0
FR;2;2021-01-31;46;2;0;0;9;0;0;0;0;47415;72;0;0;749;0;0;0;0
FR;2;2021-02-01;3406;13;0;0;44;0;0;0;0;50821;85;0;0;793;0;0;0;0
FR;2;2021-02-02;4496;19;0;0;53;0;0;0;0;55317;104;0;0;846;0;0;0;0
FR;2;2021-02-03;5222;11;0;0;82;0;0;0;0;60539;115;0;0;928;0;0;0;0
FR;2;2021-02-04;4941;11;0;0;36;0;0;0;0;65480;126;0;0;964;0;0;0;0
FR;2;2021-02-05;4817;16;0;0;49;0;0;0;0;70297;142;0;0;1013;0;0;0;0
FR;2;2021-02-06;2044;15;0;0;41;0;0;0;0;72341;157;0;0;1054;0;0;0;0
FR;2;2021-02-07;103;5;0;0;19;0;0;0;0;72444;162;0;0;1073;0;0;0;0
FR;2;2021-02-08;7558;26;0;0;85;0;0;0;0;80002;188;0;0;1158;0;0;0;0
FR;2;2021-02-09;8434;30;0;0;98;0;0;0;0;88436;218;0;0;1256;0;0;0;0
FR;2;2021-02-10;9348;62;0;0;182;0;0;0;0;97784;280;0;0;1438;0;0;0;0
FR;2;2021-02-11;10291;129;0;0;253;0;0;0;0;108075;409;0;0;1691;0;0;0;0
FR;2;2021-02-12;10060;274;0;0;428;0;0;0;0;118135;683;0;0;2119;0;0;0;0
FR;2;2021-02-13;3120;225;0;0;263;0;0;0;0;121255;908;0;0;2382;0;0;0;0
FR;2;2021-02-14;358;11;0;0;21;0;0;0;0;121613;919;0;0;2403;0;0;0;0
FR;2;2021-02-15;3460;3122;0;0;3168;0;0;0;0;125073;4041;0;0;5571;0;0;0;0
FR;2;2021-02-16;5075;4151;0;0;4224;0;0;0;0;130148;8192;0;0;9795;0;0;0;0
FR;2;2021-02-17;4259;4551;0;0;4627;0;0;0;0;134407;12743;0;0;14422;0;0;0;0
FR;2;2021-02-18;5406;5177;0;0;5246;0;0;0;0;139813;17920;0;0;19668;0;0;0;0
FR;2;2021-02-19;5328;4484;0;0;4585;0;0;0;0;145141;22404;0;0;24253;0;0;0;0
FR;2;2021-02-20;1872;1520;0;0;1535;0;0;0;0;147013;23924;0;0;25788;0;0;0;0
FR;2;2021-02-21;244;96;0;0;98;0;0;0;0;147257;24020;0;0;25886;0;0;0;0
FR;2;2021-02-22;3613;3778;0;0;3838;0;0;0;0;150870;27798;0;0;29724;0;0;0;0
FR;2;2021-02-23;4956;3730;0;0;3792;0;0;0;0;155826;31528;0;0;33516;0;0;0;0
FR;2;2021-02-24;5017;3551;0;0;3603;0;0;0;0;160843;35079;0;0;37119;0;0;0;0
FR;2;2021-02-25;5499;3489;0;0;3577;0;0;0;0;166342;38568;0;0;40696;0;0;0;0
FR;2;2021-02-26;4367;3178;0;0;3248;0;0;0;0;170709;41746;0;0;43944;0;0;0;0
FR;2;2021-02-27;1629;1067;0;0;1086;0;0;0;0;172338;42813;0;0;45030;0;0;0;0
FR;2;2021-02-28;179;17;0;0;28;0;0;0;0;172517;42830;0;0;45058;0;0;0;0
FR;2;2021-03-01;5192;3759;0;0;3847;0;0;0;0;177709;46589;0;0;48905;0;0;0;0
FR;2;2021-03-02;6540;4725;0;0;4824;0;0;0;0;184249;51314;0;0;53729;0;0;0;0
FR;2;2021-03-03;6544;4953;0;0;5094;0;0;0;0;190793;56267;0;0;58823;0;0;0;0
FR;2;2021-03-04;8409;4202;0;0;4386;0;0;0;0;199202;60469;0;0;63209;0;0;0;0
FR;2;2021-03-05;8037;4054;0;0;4235;0;0;0;0;207239;64523;0;0;67444;0;0;0;0
FR;2;2021-03-06;4790;1683;0;0;1783;0;0;0;0;212029;66206;0;0;69227;0;0;0;0
FR;2;2021-03-07;2373;32;0;0;76;0;0;0;0;214402;66238;0;0;69303;0;0;0;0
FR;2;2021-03-08;4166;8392;0;0;8548;0;0;0;0;218568;74630;0;0;77851;0;0;0;0
FR;2;2021-03-09;7492;8599;1;0;8856;0;0;0;0;226060;83229;1;0;86707;0;0;0;0
FR;2;2021-03-10;7107;9237;0;0;9462;0;0;0;0;233167;92466;1;0;96169;0;0;0;0
FR;2;2021-03-11;9378;9352;1;0;9671;0;0;0;0;242545;101818;2;0;105840;0;0;0;0
FR;2;2021-03-12;7984;8361;0;0;8662;0;0;0;0;250529;110179;2;0;114502;0;0;0;0
FR;2;2021-03-13;10056;2589;0;0;2910;0;0;0;0;260585;112768;2;0;117412;0;0;0;0
FR;2;2021-03-14;4841;383;0;0;542;0;0;0;0;265426;113151;2;0;117954;0;0;0;0
FR;2;2021-03-15;10916;3473;0;0;3762;0;0;0;0;276342;116624;2;0;121716;0;0;0;0
FR;2;2021-03-16;16769;4708;1;0;5255;0;0;0;0;293111;121332;3;0;126971;0;0;0;0
FR;2;2021-03-17;20241;4004;0;0;4678;0;0;0;0;313352;125336;3;0;131649;0;0;0;0
FR;2;2021-03-18;23370;5119;0;0;5945;0;0;0;0;336722;130455;3;0;137594;0;0;0;0
FR;2;2021-03-19;23315;4671;0;0;5433;0;0;0;0;360037;135126;3;0;143027;0;0;0;0
FR;2;2021-03-20;25451;1579;0;0;2335;0;0;0;0;385488;136705;3;0;145362;0;0;0;0
FR;2;2021-03-21;17673;152;0;0;730;0;0;0;0;403161;136857;3;0;146092;0;0;0;0
FR;2;2021-03-22;17790;3253;0;0;3922;0;0;0;0;420951;140110;3;0;150014;0;0;0;0
FR;2;2021-03-23;22702;4283;0;0;5134;0;0;0;0;443653;144393;3;0;155148;0;0;0;0
FR;2;2021-03-24;23961;5075;0;0;5911;0;0;0;0;467614;149468;3;0;161059;0;0;0;0
FR;2;2021-03-25;26758;5245;1;0;6441;0;0;0;0;494372;154713;4;0;167500;0;0;0;0
FR;2;2021-03-26;26991;4233;0;0;5379;0;0;0;0;521363;158946;4;0;172879;0;0;0;0
FR;2;2021-03-27;15923;1364;0;0;1893;0;0;0;0;537286;160310;4;0;174772;0;0;0;0
FR;2;2021-03-28;10563;133;0;0;425;0;0;0;0;547849;160443;4;0;175197;0;0;0;0
FR;2;2021-03-29;19000;4346;0;0;5047;0;0;0;0;566849;164789;4;0;180244;0;0;0;0
FR;2;2021-03-30;24596;6101;0;0;7040;0;0;0;0;591445;170890;4;0;187284;0;0;0;0
FR;2;2021-03-31;28561;5930;0;0;7221;0;0;0;0;620006;176820;4;0;194505;0;0;0;0
FR;2;2021-04-01;34559;8572;1;0;10265;0;0;0;0;654565;185392;5;0;204770;0;0;0;0
FR;2;2021-04-02;29992;7734;0;0;9161;0;0;0;0;684557;193126;5;0;213931;0;0;0;0
FR;2;2021-04-03;16957;4233;0;0;4915;0;0;0;0;701514;197359;5;0;218846;0;0;0;0
FR;2;2021-04-04;9309;1266;2;0;1674;0;0;0;0;710823;198625;7;0;220520;0;0;0;0
FR;2;2021-04-05;12444;796;0;0;1380;0;0;0;0;723267;199421;7;0;221900;0;0;0;0
FR;2;2021-04-06;27158;7331;0;0;8720;0;0;0;0;750425;206752;7;0;230620;0;0;0;0
FR;2;2021-04-07;30930;7064;1;0;8641;0;0;0;0;781355;213816;8;0;239261;0;0;0;0
FR;2;2021-04-08;36894;8590;1;0;10514;0;0;0;0;818249;222406;9;0;249775;0;0;0;0
FR;2;2021-04-09;33851;8391;28;0;10174;0;0;0;0;852100;230797;37;0;259949;0;0;0;0
FR;2;2021-04-10;19689;9257;1;0;10170;0;0;0;0;871789;240054;38;0;270119;0;0;0;0
FR;2;2021-04-11;7942;4240;1;0;4603;0;0;0;0;879731;244294;39;0;274722;0;0;0;0
FR;2;2021-04-12;17128;11030;0;0;11869;0;0;0;0;896859;255324;39;0;286591;0;0;0;0
FR;2;2021-04-13;19460;16036;1;0;17101;0;0;0;0;916319;271360;40;0;303692;0;0;0;0
FR;2;2021-04-14;18070;16439;7;0;17533;0;0;0;0;934389;287799;47;0;321225;0;0;0;0
FR;2;2021-04-15;22204;21818;27;0;23269;0;0;0;0;956593;309617;74;0;344494;0;0;0;0
FR;2;2021-04-16;20719;20605;45;0;21874;0;0;0;0;977312;330222;119;0;366368;0;0;0;0
FR;2;2021-04-17;13258;22493;5;0;23224;0;0;0;0;990570;352715;124;0;389592;0;0;0;0
FR;2;2021-04-18;5911;14398;6;0;14737;0;0;0;0;996481;367113;130;0;404329;0;0;0;0
FR;2;2021-04-19;16849;16394;24;0;17198;0;0;0;0;1013330;383507;154;0;421527;0;0;0;0
FR;2;2021-04-20;19325;21782;38;0;22844;0;0;0;0;1032655;405289;192;0;444371;0;0;0;0
FR;2;2021-04-21;20292;21861;76;0;23012;0;0;0;0;1052947;427150;268;0;467383;0;0;0;0
FR;2;2021-04-22;23823;24938;41;0;26347;0;0;0;0;1076770;452088;309;0;493730;0;0;0;0
FR;2;2021-04-23;24532;25492;76;0;27002;0;0;0;0;1101302;477580;385;0;520732;0;0;0;0
FR;2;2021-04-24;25305;15064;104;0;16502;0;0;0;0;1126607;492644;489;0;537234;0;0;0;0
FR;2;2021-04-25;9597;8619;5;0;9180;0;0;0;0;1136204;501263;494;0;546414;0;0;0;0
FR;2;2021-04-26;17165;17621;21;0;18507;0;0;0;0;1153369;518884;515;0;564921;0;0;0;0
FR;2;2021-04-27;19246;24126;40;0;25309;0;0;0;0;1172615;543010;555;0;590230;0;0;0;0
FR;2;2021-04-28;22341;26437;112;0;27837;0;0;0;0;1194956;569447;667;0;618067;0;0;0;0
FR;2;2021-04-29;25473;30455;70;0;32144;0;0;0;0;1220429;599902;737;0;650211;0;0;0;0
FR;2;2021-04-30;25539;27950;49;1;29596;0;0;0;0;1245968;627852;786;1;679807;0;0;0;0
FR;2;2021-05-01;14988;9847;6;0;10649;0;0;0;0;1260956;637699;792;1;690456;0;0;0;0
FR;2;2021-05-02;6640;9165;2;0;9509;0;0;0;0;1267596;646864;794;1;699965;0;0;0;0
FR;2;2021-05-03;20023;19131;40;0;20335;0;0;0;0;1287619;665995;834;1;720300;0;0;0;0
FR;2;2021-05-04;18287;29184;33;0;30327;0;0;0;0;1305906;695179;867;1;750627;0;0;0;0
FR;2;2021-05-05;18385;29499;48;0;30795;0;0;0;0;1324291;724678;915;1;781422;0;0;0;0
FR;2;2021-05-06;23550;35399;132;0;36970;0;0;0;0;1347841;760077;1047;1;818392;0;0;0;0
FR;2;2021-05-07;25340;33239;97;0;35096;0;0;0;0;1373181;793316;1144;1;853488;0;0;0;0
FR;2;2021-05-08;21342;10590;15;0;11679;0;0;0;0;1394523;803906;1159;1;865167;0;0;0;0
FR;2;2021-05-09;13168;7655;7;0;8330;0;0;0;0;1407691;811561;1166;1;873497;0;0;0;0
FR;2;2021-05-10;32944;21737;50;0;23595;0;0;0;0;1440635;833298;1216;1;897092;0;0;0;0
FR;2;2021-05-11;43613;20913;101;0;23539;0;0;0;0;1484248;854211;1317;1;920631;0;0;0;0
FR;2;2021-05-12;50064;19644;143;0;22523;0;0;0;0;1534312;873855;1460;1;943154;0;0;0;0
FR;2;2021-05-13;51298;5611;31;0;8479;0;0;0;0;1585610;879466;1491;1;951633;0;0;0;0
FR;2;2021-05-14;61357;12885;132;0;16538;0;0;0;0;1646967;892351;1623;1;968171;0;0;0;0
FR;2;2021-05-15;65936;7097;39;0;10647;0;0;0;0;1712903;899448;1662;1;978818;0;0;0;0
FR;2;2021-05-16;43588;2572;10;0;4942;0;0;0;0;1756491;902020;1672;1;983760;0;0;0;0
FR;2;2021-05-17;44754;12460;114;0;15365;0;0;0;0;1801245;914480;1786;1;999125;0;0;0;0
FR;2;2021-05-18;54646;12277;190;0;15959;0;0;0;0;1855891;926757;1976;1;1015084;0;0;0;0
FR;2;2021-05-19;57177;10465;281;0;14506;0;0;0;0;1913068;937222;2257;1;1029590;0;0;0;0
FR;2;2021-05-20;63446;10799;288;0;14898;0;0;0;0;1976514;948021;2545;1;1044488;0;0;0;0
FR;2;2021-05-21;64304;11612;230;0;16036;0;0;0;0;2040818;959633;2775;1;1060524;0;0;0;0
FR;2;2021-05-22;61488;4530;65;0;8500;0;0;0;0;2102306;964163;2840;1;1069024;0;0;0;0
FR;2;2021-05-23;37536;575;22;0;2912;0;0;0;0;2139842;964738;2862;1;1071936;0;0;0;0
FR;2;2021-05-24;17245;2050;35;0;3257;0;0;0;0;2157087;966788;2897;1;1075193;0;0;0;0
FR;2;2021-05-25;21119;12249;241;0;13851;0;0;0;0;2178206;979037;3138;1;1089044;0;0;0;0
FR;2;2021-05-26;19942;11537;230;0;13061;0;0;0;0;2198148;990574;3368;1;1102105;0;0;0;0
FR;2;2021-05-27;23000;12642;182;0;14379;0;0;0;0;2221148;1003216;3550;1;1116484;0;0;0;0
FR;2;2021-05-28;29394;15039;190;0;17221;0;0;0;0;2250542;1018255;3740;1;1133705;0;0;0;0
FR;2;2021-05-29;30422;8193;58;0;10101;0;0;0;0;2280964;1026448;3798;1;1143806;0;0;0;0
FR;2;2021-05-30;4647;1820;6;0;2155;0;0;0;0;2285611;1028268;3804;1;1145961;0;0;0;0
FR;2;2021-05-31;28590;18748;184;0;20827;0;0;0;0;2314201;1047016;3988;1;1166788;0;0;0;0
FR;2;2021-06-01;45739;19904;225;0;23143;0;0;0;0;2359940;1066920;4213;1;1189931;0;0;0;0
FR;2;2021-06-02;37477;19303;182;0;22308;0;0;0;0;2397417;1086223;4395;1;1212239;0;0;0;0
FR;2;2021-06-03;51282;23118;161;0;26971;0;0;0;0;2448699;1109341;4556;1;1239210;0;0;0;0
FR;2;2021-06-04;65516;24094;217;0;29064;0;0;0;0;2514215;1133435;4773;1;1268274;0;0;0;0
FR;2;2021-06-05;34603;24097;52;0;26952;0;0;0;0;2548818;1157532;4825;1;1295226;0;0;0;0
FR;2;2021-06-06;4957;6194;10;0;6613;0;0;0;0;2553775;1163726;4835;1;1301839;0;0;0;0
FR;2;2021-06-07;28177;23012;150;0;25426;0;0;0;0;2581952;1186738;4985;1;1327265;0;0;0;0
FR;2;2021-06-08;46377;22934;143;0;26898;0;0;0;0;2628329;1209672;5128;1;1354163;0;0;0;0
FR;2;2021-06-09;34296;20976;107;0;24108;0;0;0;0;2662625;1230648;5235;1;1378271;0;0;0;0
FR;2;2021-06-10;42643;19084;96;1;23006;0;0;0;0;2705268;1249732;5331;2;1401277;0;0;0;0
FR;2;2021-06-11;55302;25143;134;0;30242;0;0;0;0;2760570;1274875;5465;2;1431519;0;0;0;0
FR;2;2021-06-12;30563;19794;53;0;22648;0;0;0;0;2791133;1294669;5518;2;1454167;0;0;0;0
FR;2;2021-06-13;3333;9192;13;0;9580;0;0;0;0;2794466;1303861;5531;2;1463747;0;0;0;0
FR;2;2021-06-14;25304;24113;92;0;26695;0;0;0;0;2819770;1327974;5623;2;1490442;0;0;0;0
FR;2;2021-06-15;39047;22826;154;0;26576;0;0;0;0;2858817;1350800;5777;2;1517018;0;0;0;0
FR;2;2021-06-16;30165;21364;135;0;24519;0;0;0;0;2888982;1372164;5912;2;1541537;0;0;0;0
FR;2;2021-06-17;36912;25766;150;0;29629;0;0;0;0;2925894;1397930;6062;2;1571166;0;0;0;0
FR;2;2021-06-18;46860;28881;123;0;33583;0;0;0;0;2972754;1426811;6185;2;1604749;0;0;0;0
FR;2;2021-06-19;24526;24926;39;0;27698;0;0;0;0;2997280;1451737;6224;2;1632447;0;0;0;0
FR;2;2021-06-20;3745;10059;9;0;10558;0;0;0;0;3001025;1461796;6233;2;1643005;0;0;0;0
FR;2;2021-06-21;17537;42854;88;0;44863;0;0;0;0;3018562;1504650;6321;2;1687868;0;0;0;0
FR;2;2021-06-22;28363;49614;110;0;53042;0;0;0;0;3046925;1554264;6431;2;1740910;0;0;0;0
FR;2;2021-06-23;21791;49600;107;1;52446;1;0;0;0;3068716;1603864;6538;3;1793356;1;0;0;0
FR;2;2021-06-24;28378;50300;134;0;54036;0;0;0;0;3097094;1654164;6672;3;1847392;1;0;0;0
FR;2;2021-06-25;33402;60453;128;0;64840;0;0;0;0;3130496;1714617;6800;3;1912232;1;0;0;0
FR;2;2021-06-26;16395;59330;54;1;61720;0;0;0;0;3146891;1773947;6854;4;1973952;1;0;0;0
FR;2;2021-06-27;2566;29318;22;1;29899;0;0;0;0;3149457;1803265;6876;5;2003851;1;0;0;0
FR;2;2021-06-28;12640;54335;84;0;56309;0;0;0;0;3162097;1857600;6960;5;2060160;1;0;0;0
FR;2;2021-06-29;19857;59978;178;0;62922;0;0;0;0;3181954;1917578;7138;5;2123082;1;0;0;0
FR;2;2021-06-30;16334;58022;253;17;60709;0;0;0;0;3198288;1975600;7391;22;2183791;1;0;0;0
FR;2;2021-07-01;20493;59866;228;0;63194;0;0;0;0;3218781;2035466;7619;22;2246985;1;0;0;0
FR;2;2021-07-02;24080;62157;184;0;66373;0;0;0;0;3242861;2097623;7803;22;2313358;1;0;0;0
FR;2;2021-07-03;12121;57132;153;0;59468;0;0;0;0;3254982;2154755;7956;22;2372826;1;0;0;0
FR;2;2021-07-04;1960;23304;18;0;23871;0;0;0;0;3256942;2178059;7974;22;2396697;1;0;0;0
FR;2;2021-07-05;9178;29277;106;0;30913;0;0;0;0;3266120;2207336;8080;22;2427610;1;0;0;0
FR;2;2021-07-06;14583;36265;135;0;38945;0;0;0;0;3280703;2243601;8215;22;2466555;1;0;0;0
FR;2;2021-07-07;14416;33660;139;0;36415;0;0;0;0;3295119;2277261;8354;22;2502970;1;0;0;0
FR;2;2021-07-08;19722;40319;162;0;43980;0;0;0;0;3314841;2317580;8516;22;2546950;1;0;0;0
FR;2;2021-07-09;27104;54319;202;1;59471;0;0;0;0;3341945;2371899;8718;23;2606421;1;0;0;0
FR;2;2021-07-10;13387;33704;107;0;36393;0;0;0;0;3355332;2405603;8825;23;2642814;1;0;0;0
FR;2;2021-07-11;1811;4345;16;0;4774;0;0;0;0;3357143;2409948;8841;23;2647588;1;0;0;0
FR;2;2021-07-12;12971;37277;119;0;39934;0;0;0;0;3370114;2447225;8960;23;2687522;1;0;0;0
FR;2;2021-07-13;37116;53162;152;0;60301;0;0;0;0;3407230;2500387;9112;23;2747823;1;0;0;0
FR;2;2021-07-14;6627;3539;15;0;4887;0;0;0;0;3413857;2503926;9127;23;2752710;1;0;0;0
FR;2;2021-07-15;47244;47013;156;0;55214;0;0;0;0;3461101;2550939;9283;23;2807924;1;0;0;0
FR;2;2021-07-16;64318;55769;188;0;66752;0;0;0;0;3525419;2606708;9471;23;2874676;1;0;0;0
FR;2;2021-07-17;31600;23911;96;0;29365;0;0;0;0;3557019;2630619;9567;23;2904041;1;0;0;0
FR;2;2021-07-18;6090;4811;19;0;5958;0;0;0;0;3563109;2635430;9586;23;2909999;1;0;0;0
FR;2;2021-07-19;33005;28618;94;0;34234;0;0;0;0;3596114;2664048;9680;23;2944233;1;0;0;0
FR;2;2021-07-20;51998;44521;155;0;53160;0;0;0;0;3648112;2708569;9835;23;2997393;1;0;0;0
FR;2;2021-07-21;45256;34650;93;0;42160;0;0;0;0;3693368;2743219;9928;23;3039553;1;0;0;0
FR;2;2021-07-22;56279;41084;128;1;50371;0;0;0;0;3749647;2784303;10056;24;3089924;1;0;0;0
FR;2;2021-07-23;68301;48977;170;0;60271;0;0;0;0;3817948;2833280;10226;24;3150195;1;0;0;0
FR;2;2021-07-24;36180;21613;82;0;27475;0;0;0;0;3854128;2854893;10308;24;3177670;1;0;0;0
FR;2;2021-07-25;6751;2612;10;0;3871;0;0;0;0;3860879;2857505;10318;24;3181541;1;0;0;0
FR;2;2021-07-26;36319;22344;91;1;27851;0;0;0;0;3897198;2879849;10409;25;3209392;1;0;0;0
FR;2;2021-07-27;62390;34566;180;0;43712;0;0;0;0;3959588;2914415;10589;25;3253104;1;0;0;0
FR;2;2021-07-28;55323;26424;132;0;34519;0;0;0;0;4014911;2940839;10721;25;3287623;1;0;0;0
FR;2;2021-07-29;68480;32789;189;0;42476;0;0;0;0;4083391;2973628;10910;25;3330099;1;0;0;0
FR;2;2021-07-30;74465;37812;222;1;48608;0;0;0;0;4157856;3011440;11132;26;3378707;1;0;0;0
FR;2;2021-07-31;34775;16203;105;0;21403;0;0;0;0;4192631;3027643;11237;26;3400110;1;0;0;0
FR;2;2021-08-01;5414;2257;19;0;3120;0;0;0;0;4198045;3029900;11256;26;3403230;1;0;0;0
FR;2;2021-08-02;35888;16163;101;0;21064;0;0;0;0;4233933;3046063;11357;26;3424294;1;0;0;0
FR;2;2021-08-03;55986;28267;142;0;35475;0;0;0;0;4289919;3074330;11499;26;3459769;1;0;0;0
FR;2;2021-08-04;46637;20830;128;1;26945;0;0;0;0;4336556;3095160;11627;27;3486714;1;0;0;0
FR;2;2021-08-05;54638;31555;215;0;38744;0;0;0;0;4391194;3126715;11842;27;3525458;1;0;0;0
FR;2;2021-08-06;58098;42393;242;1;50232;0;0;0;0;4449292;3169108;12084;28;3575690;1;0;0;0
FR;2;2021-08-07;25150;17625;89;0;21319;0;0;0;0;4474442;3186733;12173;28;3597009;1;0;0;0
FR;2;2021-08-08;3838;3648;21;0;4306;0;0;0;0;4478280;3190381;12194;28;3601315;1;0;0;0
FR;2;2021-08-09;29308;21039;92;0;24866;0;0;0;0;4507588;3211420;12286;28;3626181;1;0;0;0
FR;2;2021-08-10;45011;33469;155;0;39238;0;0;0;0;4552599;3244889;12441;28;3665419;1;0;0;0
FR;2;2021-08-11;35274;25148;151;0;29753;0;0;0;0;4587873;3270037;12592;28;3695172;1;0;0;0
FR;2;2021-08-12;41904;35693;163;0;41234;0;0;0;0;4629777;3305730;12755;28;3736406;1;0;0;0
FR;2;2021-08-13;42606;37303;218;0;42995;0;0;0;0;4672383;3343033;12973;28;3779401;1;0;0;0
FR;2;2021-08-14;18524;22149;94;0;24785;0;0;0;0;4690907;3365182;13067;28;3804186;1;0;0;0
FR;2;2021-08-15;3860;3797;17;0;4385;0;0;0;0;4694767;3368979;13084;28;3808571;1;0;0;0
FR;2;2021-08-16;25093;27127;111;0;30454;0;0;0;0;4719860;3396106;13195;28;3839025;1;0;0;0
FR;2;2021-08-17;38264;43407;207;2;48399;0;0;0;0;4758124;3439513;13402;30;3887424;1;0;0;0
FR;2;2021-08-18;32254;36353;195;1;40704;1;0;0;0;4790378;3475866;13597;31;3928128;2;0;0;0
FR;2;2021-08-19;37434;46581;224;0;51790;0;0;0;0;4827812;3522447;13821;31;3979918;2;0;0;0
FR;2;2021-08-20;40568;55637;271;1;61574;0;0;0;0;4868380;3578084;14092;32;4041492;2;0;0;0
FR;2;2021-08-21;18121;24314;116;0;27106;0;0;0;0;4886501;3602398;14208;32;4068598;2;0;0;0
FR;2;2021-08-22;2908;4324;22;1;4856;1;0;0;0;4889409;3606722;14230;33;4073454;3;0;0;0
FR;2;2021-08-23;19248;35150;131;1;38045;0;0;0;0;4908657;3641872;14361;34;4111499;3;0;0;0
FR;2;2021-08-24;31952;56040;236;0;60702;0;0;0;0;4940609;3697912;14597;34;4172201;3;0;0;0
FR;2;2021-08-25;25934;43455;251;0;47408;0;0;0;0;4966543;3741367;14848;34;4219609;3;0;0;0
FR;2;2021-08-26;32362;55831;388;0;60595;0;0;0;0;4998905;3797198;15236;34;4280204;3;0;0;0
FR;2;2021-08-27;37003;65682;477;2;71421;0;0;0;0;5035908;3862880;15713;36;4351625;3;0;0;0
FR;2;2021-08-28;17819;28543;300;0;31609;0;0;0;0;5053727;3891423;16013;36;4383234;3;0;0;0
FR;2;2021-08-29;2656;5014;47;0;5627;0;0;0;0;5056383;3896437;16060;36;4388861;3;0;0;0
FR;2;2021-08-30;18417;37728;400;0;40148;758;0;0;0;5074800;3934165;16460;36;4429009;761;0;0;0
FR;2;2021-08-31;28077;57511;887;4;60949;1557;0;0;0;5102877;3991676;17347;40;4489958;2318;0;0;0
FR;2;2021-09-01;21594;39875;1309;0;42268;2125;0;0;0;5124471;4031551;18656;40;4532226;4443;0;0;0
FR;2;2021-09-02;25485;48662;1962;2;50948;3365;0;0;0;5149956;4080213;20618;42;4583174;7808;0;0;0
FR;2;2021-09-03;33413;64563;2988;3;67539;4881;1;0;0;5183369;4144776;23606;45;4650713;12689;1;0;0
FR;2;2021-09-04;16832;27760;1443;1;29559;2383;0;0;0;5200201;4172536;25049;46;4680272;15072;1;0;0
FR;2;2021-09-05;2264;3589;266;0;3947;412;0;0;0;5202465;4176125;25315;46;4684219;15484;1;0;0
FR;2;2021-09-06;14043;28699;1771;1;29765;2946;0;0;0;5216508;4204824;27086;47;4713984;18430;1;0;0
FR;2;2021-09-07;21108;41108;3021;13;42276;4932;0;0;0;5237616;4245932;30107;60;4756260;23362;1;0;0
FR;2;2021-09-08;17248;31922;2736;6;32743;4500;0;0;0;5254864;4277854;32843;66;4789003;27862;1;0;0
FR;2;2021-09-09;20981;40485;4437;3;41240;6837;0;0;0;5275845;4318339;37280;69;4830243;34699;1;0;0
FR;2;2021-09-10;28201;51300;5286;4;51889;8968;1;0;0;5304046;4369639;42566;73;4882132;43667;2;0;0
FR;2;2021-09-11;13654;22445;2405;5;23134;3977;0;0;0;5317700;4392084;44971;78;4905266;47644;2;0;0
FR;2;2021-09-12;1824;2773;292;0;2968;510;0;0;0;5319524;4394857;45263;78;4908234;48154;2;0;0
FR;2;2021-09-13;11659;21444;2474;4;21708;4048;0;0;0;5331183;4416301;47737;82;4929942;52202;2;0;0
FR;2;2021-09-14;18576;32731;5092;13;31694;9058;2;0;0;5349759;4449032;52829;95;4961636;61260;4;0;0
FR;2;2021-09-15;14915;28242;5169;3;26936;7756;9;0;0;5364674;4477274;57998;98;4988572;69016;13;0;0
FR;2;2021-09-16;16078;32792;6737;12;30183;10537;4;0;0;5380752;4510066;64735;110;5018755;79553;17;0;0
FR;2;2021-09-17;20915;47162;8781;10;42821;14620;6;0;0;5401667;4557228;73516;120;5061576;94173;23;0;0
FR;2;2021-09-18;9857;20960;3804;6;19594;6036;1;0;0;5411524;4578188;77320;126;5081170;100209;24;0;0
FR;2;2021-09-19;1166;2596;396;0;2538;632;0;0;0;5412690;4580784;77716;126;5083708;100841;24;0;0
FR;2;2021-09-20;7500;18704;3856;7;17027;6137;4;0;0;5420190;4599488;81572;133;5100735;106978;28;0;0
FR;2;2021-09-21;11215;29993;6495;5;26541;10750;3;0;0;5431405;4629481;88067;138;5127276;117728;31;0;0
FR;2;2021-09-22;9413;23542;5490;6;21196;8520;8;0;0;5440818;4653023;93557;144;5148472;126248;39;0;0
FR;2;2021-09-23;10731;28899;7881;10;24726;12649;10;0;0;5451549;4681922;101438;154;5173198;138897;49;0;0
FR;2;2021-09-24;15075;42932;10876;18;37276;17239;21;0;0;5466624;4724854;112314;172;5210474;156136;70;0;0
FR;2;2021-09-25;7258;18794;3965;9;17151;6117;3;0;0;5473882;4743648;116279;181;5227625;162253;73;0;0
FR;2;2021-09-26;1080;2547;495;0;2493;630;1;0;0;5474962;4746195;116774;181;5230118;162883;74;0;0
FR;2;2021-09-27;6312;16407;4287;8;14798;6535;2;0;0;5481274;4762602;121061;189;5244916;169418;76;0;0
FR;2;2021-09-28;9241;25569;7769;14;21719;12082;7;0;0;5490515;4788171;128830;203;5266635;181500;83;0;0
FR;2;2021-09-29;8081;20202;6067;25;17608;9262;8;0;0;5498596;4808373;134897;228;5284243;190762;91;0;0
FR;2;2021-09-30;9864;25835;9509;16;21634;14100;6;0;0;5508460;4834208;144406;244;5305877;204862;97;0;0
FR;2;2021-10-01;13978;35729;12919;25;30048;19318;10;0;0;5522438;4869937;157325;269;5335925;224180;107;0;0
FR;2;2021-10-02;6874;15932;4850;7;14228;7047;6;0;0;5529312;4885869;162175;276;5350153;231227;113;0;0
FR;2;2021-10-03;841;1912;492;1;1840;503;0;0;0;5530153;4887781;162667;277;5351993;231730;113;0;0
FR;2;2021-10-04;5826;13900;5516;5;12137;7853;6;0;0;5535979;4901681;168183;282;5364130;239583;119;0;0
FR;2;2021-10-05;9057;22561;11125;19;18526;15739;1;0;0;5545036;4924242;179308;301;5382656;255322;120;0;0
FR;2;2021-10-06;7784;17744;8243;11;15273;11090;4;0;0;5552820;4941986;187551;312;5397929;266412;124;0;0
FR;2;2021-10-07;9203;22204;12386;14;18007;16870;6;0;0;5562023;4964190;199937;326;5415936;283282;130;0;0
FR;2;2021-10-08;13431;32135;17349;28;26509;23610;13;0;0;5575454;4996325;217286;354;5442445;306892;143;0;0
FR;2;2021-10-09;6000;12845;6044;6;11380;7896;7;0;0;5581454;5009170;223330;360;5453825;314788;150;0;0
FR;2;2021-10-10;885;1598;436;2;1541;606;1;0;0;5582339;5010768;223766;362;5455366;315394;151;0;0
FR;2;2021-10-11;5607;11552;6455;17;9942;8828;3;0;0;5587946;5022320;230221;379;5465308;324222;154;0;0
FR;2;2021-10-12;8029;17785;12550;13;13924;16782;9;0;0;5595975;5040105;242771;392;5479232;341004;163;0;0
FR;2;2021-10-13;6945;14852;10256;12;11808;13647;7;0;0;5602920;5054957;253027;404;5491040;354651;170;0;0
FR;2;2021-10-14;8314;17935;14996;13;13558;19471;11;0;0;5611234;5072892;268023;417;5504598;374122;181;0;0
FR;2;2021-10-15;11856;26312;20903;26;19416;27981;4;0;0;5623090;5099204;288926;443;5524014;402103;185;0;0
FR;2;2021-10-16;5140;8742;1819;0;8173;3220;2;0;0;5628230;5107946;290745;443;5532187;405323;187;0;0
FR;2;2021-10-17;651;1149;185;0;1081;355;1;0;0;5628881;5109095;290930;443;5533268;405678;188;0;0
FR;2;2021-10-18;4562;7342;665;2;7246;1633;0;0;0;5633443;5116437;291595;445;5540514;407311;188;0;0
FR;2;2021-10-19;6239;9854;732;5;9656;2035;5;0;0;5639682;5126291;292327;450;5550170;409346;193;0;0
FR;2;2021-10-20;5170;8056;759;3;8177;1677;0;0;0;5644852;5134347;293086;453;5558347;411023;193;0;0
FR;2;2021-10-21;6090;9976;780;5;9835;2103;1;0;0;5650942;5144323;293866;458;5568182;413126;194;0;0
FR;2;2021-10-22;8452;14596;1149;4;14470;2891;2;0;0;5659394;5158919;295015;462;5582652;416017;196;0;0
FR;2;2021-10-23;3845;5993;587;0;6127;1235;3;0;0;5663239;5164912;295602;462;5588779;417252;199;0;0
FR;2;2021-10-24;494;884;101;0;901;205;0;0;0;5663733;5165796;295703;462;5589680;417457;199;0;0
FR;2;2021-10-25;3359;5350;307;1;5525;825;2;0;0;5667092;5171146;296010;463;5595205;418282;201;0;0
FR;2;2021-10-26;4177;7240;1133;4;7130;2022;5;0;0;5671269;5178386;297143;467;5602335;420304;206;0;0
FR;2;2021-10-27;3677;6595;1193;5;6453;1992;1;0;0;5674946;5184981;298336;472;5608788;422296;207;0;0
FR;2;2021-10-28;4597;7687;1736;3;7416;2747;1;0;0;5679543;5192668;300072;475;5616204;425043;208;0;0
FR;2;2021-10-29;5413;11082;2437;4;10695;3682;3;0;0;5684956;5203750;302509;479;5626899;428725;211;0;0
FR;2;2021-10-30;2749;4457;976;1;4456;1444;2;0;0;5687705;5208207;303485;480;5631355;430169;213;0;0
FR;2;2021-10-31;364;535;140;1;544;191;1;0;0;5688069;5208742;303625;481;5631899;430360;214;0;0
FR;2;2021-11-01;429;548;181;0;564;267;1;0;0;5688498;5209290;303806;481;5632463;430627;215;0;0
FR;2;2021-11-02;3293;6756;1183;0;6802;1763;5;0;0;5691791;5216046;304989;481;5639265;432390;220;0;0
FR;2;2021-11-03;3340;6229;1388;2;6317;1967;2;0;0;5695131;5222275;306377;483;5645582;434357;222;0;0
FR;2;2021-11-04;3986;7075;1768;4;7113;2495;3;0;0;5699117;5229350;308145;487;5652695;436852;225;0;0
FR;2;2021-11-05;5234;10504;2867;5;10212;3959;6;0;0;5704351;5239854;311012;492;5662907;440811;231;0;0
FR;2;2021-11-06;2596;4678;1403;0;4638;1818;2;0;0;5706947;5244532;312415;492;5667545;442629;233;0;0
FR;2;2021-11-07;506;866;221;0;873;291;2;0;0;5707453;5245398;312636;492;5668418;442920;235;0;0
FR;2;2021-11-08;2578;5348;1205;3;5268;1676;3;0;0;5710031;5250746;313841;495;5673686;444596;238;0;0
FR;2;2021-11-09;2749;6911;2402;5;6446;3181;2;0;0;5712780;5257657;316243;500;5680132;447777;240;0;0
FR;2;2021-11-10;2590;5670;5114;6;4766;6288;8;0;0;5715370;5263327;321357;506;5684898;454065;248;0;0
FR;2;2021-11-11;446;755;752;2;647;936;3;0;0;5715816;5264082;322109;508;5685545;455001;251;0;0
FR;2;2021-11-12;2953;8084;8982;8;6200;10926;9;0;0;5718769;5272166;331091;516;5691745;465927;260;0;0
FR;2;2021-11-13;1539;3375;3871;7;2723;4538;4;0;0;5720308;5275541;334962;523;5694468;470465;264;0;0
FR;2;2021-11-14;257;586;351;1;487;479;3;0;0;5720565;5276127;335313;524;5694955;470944;267;0;0
FR;2;2021-11-15;1621;3656;4447;8;2910;5328;16;0;0;5722186;5279783;339760;532;5697865;476272;283;0;0
FR;2;2021-11-16;2184;5883;8311;14;4159;10082;16;0;0;5724370;5285666;348071;546;5702024;486354;299;0;0
FR;2;2021-11-17;1741;4525;6632;8;3171;7850;5;0;0;5726111;5290191;354703;554;5705195;494204;304;0;0
FR;2;2021-11-18;2192;5927;9187;10;4025;11018;8;0;0;5728303;5296118;363890;564;5709220;505222;312;0;0
FR;2;2021-11-19;2700;7759;12980;19;4837;15481;12;0;0;5731003;5303877;376870;583;5714057;520703;324;0;0
FR;2;2021-11-20;1566;3337;5181;5;2353;6095;3;0;0;5732569;5307214;382051;588;5716410;526798;327;0;0
FR;2;2021-11-21;250;503;541;0;393;653;3;0;0;5732819;5307717;382592;588;5716803;527451;330;0;0
FR;2;2021-11-22;1278;2573;4482;5;1673;5397;9;0;0;5734097;5310290;387074;593;5718476;532848;339;0;0
FR;2;2021-11-23;1617;4273;8202;9;2537;9913;6;0;0;5735714;5314563;395276;602;5721013;542761;345;0;0
FR;2;2021-11-24;1421;3754;7482;14;2250;8735;9;0;0;5737135;5318317;402758;616;5723263;551496;354;0;0
FR;2;2021-11-25;1813;4867;11472;21;2685;13668;6;0;0;5738948;5323184;414230;637;5725948;565164;360;0;0
FR;2;2021-11-26;2541;7738;22673;31;3818;26086;14;0;0;5741489;5330922;436903;668;5729766;591250;374;0;0
FR;2;2021-11-27;1498;4139;12275;18;2130;14032;12;0;0;5742987;5335061;449178;686;5731896;605282;386;0;0
FR;2;2021-11-28;292;840;1975;3;480;2304;5;0;0;5743279;5335901;451153;689;5732376;607586;391;0;0
FR;2;2021-11-29;1447;4351;15099;23;2014;17266;25;0;0;5744726;5340252;466252;712;5734390;624852;416;0;0
FR;2;2021-11-30;1912;6660;26246;36;2646;30005;22;0;0;5746638;5346912;492498;748;5737036;654857;438;0;0
FR;2;2021-12-01;1916;6020;26205;31;2489;29516;20;0;0;5748554;5352932;518703;779;5739525;684373;458;0;0
FR;2;2021-12-02;1914;6783;37728;52;2120;41979;32;0;0;5750468;5359715;556431;831;5741645;726352;490;0;0
FR;2;2021-12-03;2557;10081;53636;111;3603;59385;30;0;0;5753025;5369796;610067;942;5745248;785737;520;0;0
FR;2;2021-12-04;1850;6281;37126;38;2189;40817;15;0;0;5754875;5376077;647193;980;5747437;826554;535;0;0
FR;2;2021-12-05;458;2247;14263;14;536;15990;7;0;0;5755333;5378324;661456;994;5747973;842544;542;0;0
FR;2;2021-12-06;2487;9858;77725;109;2710;84776;25;0;0;5757820;5388182;739181;1103;5750683;927320;567;0;0
FR;2;2021-12-07;3455;15295;122462;238;3750;133784;40;0;0;5761275;5403477;861643;1341;5754433;1061104;607;0;0
FR;2;2021-12-08;3725;15988;133215;330;3857;145409;54;0;0;5765000;5419465;994858;1671;5758290;1206513;661;0;0
FR;2;2021-12-09;4546;19636;170231;555;4178;185628;61;0;0;5769546;5439101;1165089;2226;5762468;1392141;722;0;0
FR;2;2021-12-10;4675;22807;188692;490;5018;206177;68;0;0;5774221;5461908;1353781;2716;5767486;1598318;790;0;0
FR;2;2021-12-11;3688;16622;132465;239;3675;144925;61;0;0;5777909;5478530;1486246;2955;5771161;1743243;851;0;0
FR;2;2021-12-12;1256;7122;59110;83;1019;65165;12;0;0;5779165;5485652;1545356;3038;5772180;1808408;863;0;0
FR;2;2021-12-13;5530;26814;220720;605;5228;243016;159;0;0;5784695;5512466;1766076;3643;5777408;2051424;1022;0;0
FR;2;2021-12-14;7018;37453;300796;908;6149;332249;189;0;0;5791713;5549919;2066872;4551;5783557;2383673;1211;0;0
FR;2;2021-12-15;6555;36235;285248;957;5877;315890;185;0;0;5798268;5586154;2352120;5508;5789434;2699563;1396;0;0
FR;2;2021-12-16;7765;37919;312167;981;6571;343798;184;0;0;5806033;5624073;2664287;6489;5796005;3043361;1580;0;0
FR;2;2021-12-17;8681;41189;327902;976;8033;360970;231;0;0;5814714;5665262;2992189;7465;5804038;3404331;1811;0;0
FR;2;2021-12-18;6515;26545;212363;448;4912;233671;120;0;0;5821229;5691807;3204552;7913;5808950;3638002;1931;0;0
FR;2;2021-12-19;2603;11408;90221;182;1660;100354;25;0;0;5823832;5703215;3294773;8095;5810610;3738356;1956;0;0
FR;2;2021-12-20;9549;33537;275250;706;6605;303402;208;0;0;5833381;5736752;3570023;8801;5817215;4041758;2164;0;0
FR;2;2021-12-21;11565;38299;309645;968;7384;341437;259;0;0;5844946;5775051;3879668;9769;5824599;4383195;2423;0;0
FR;2;2021-12-22;10459;32776;265133;952;6447;292484;316;0;1;5855405;5807827;4144801;10721;5831046;4675679;2739;0;1
FR;2;2021-12-23;9426;26638;199526;701;5889;221287;227;0;0;5864831;5834465;4344327;11422;5836935;4896966;2966;0;1
FR;2;2021-12-24;2783;7475;43861;140;2039;49560;78;0;0;5867614;5841940;4388188;11562;5838974;4946526;3044;0;1
FR;2;2021-12-25;201;677;2003;10;210;2483;15;0;0;5867815;5842617;4390191;11572;5839184;4949009;3059;0;1
FR;2;2021-12-26;1320;4214;25158;71;1052;28689;70;0;0;5869135;5846831;4415349;11643;5840236;4977698;3129;0;1
FR;2;2021-12-27;8075;29922;218431;659;6631;243370;294;0;0;5877210;5876753;4633780;12302;5846867;5221068;3423;0;1
FR;2;2021-12-28;9834;36306;272108;742;6993;302011;957;0;1;5887044;5913059;4905888;13044;5853860;5523079;4380;0;2
FR;2;2021-12-29;9498;32235;246142;765;6415;272691;1088;0;0;5896542;5945294;5152030;13809;5860275;5795770;5468;0;2
FR;2;2021-12-30;9461;28082;208837;663;5977;231458;1156;0;0;5906003;5973376;5360867;14472;5866252;6027228;6624;0;2
FR;2;2021-12-31;3011;8345;54990;176;2173;61233;392;0;0;5909014;5981721;5415857;14648;5868425;6088461;7016;0;2
FR;2;2022-01-01;231;689;2857;7;204;3352;29;0;0;5909245;5982410;5418714;14655;5868629;6091813;7045;0;2
FR;2;2022-01-02;1503;4851;29522;75;1166;33408;217;0;0;5910748;5987261;5448236;14730;5869795;6125221;7262;0;2
FR;2;2022-01-03;9603;35404;266540;806;8502;293917;1674;0;0;5920351;6022665;5714776;15536;5878297;6419138;8936;0;2
FR;2;2022-01-04;12854;45418;342100;1068;9972;377054;2458;0;1;5933205;6068083;6056876;16604;5888269;6796192;11394;0;3
FR;2;2022-01-05;11273;38627;294213;884;8632;323850;2154;0;2;5944478;6106710;6351089;17488;5896901;7120042;13548;0;5
FR;2;2022-01-06;13655;43492;331953;1298;9940;364760;2979;0;1;5958133;6150202;6683042;18786;5906841;7484802;16527;0;6
FR;2;2022-01-07;14225;47626;361115;1271;11246;396460;3159;0;0;5972358;6197828;7044157;20057;5918087;7881262;19686;0;6
FR;2;2022-01-08;7946;28140;201268;515;7207;221704;1528;0;2;5980304;6225968;7245425;20572;5925294;8102966;21214;0;8
FR;2;2022-01-09;2749;8956;62528;137;2074;69497;493;0;0;5983053;6234924;7307953;20709;5927368;8172463;21707;0;8
FR;2;2022-01-10;10100;31913;232500;858;8909;255077;2458;0;0;5993153;6266837;7540453;21567;5936277;8427540;24165;0;8
FR;2;2022-01-11;11468;36252;265933;1029;10069;290641;3380;0;1;6004621;6303089;7806386;22596;5946346;8718181;27545;0;9
FR;2;2022-01-12;8765;29794;206334;863;8722;226176;2798;0;5;6013386;6332883;8012720;23459;5955068;8944357;30343;0;14
FR;2;2022-01-13;9387;31332;224504;831;9038;244848;3462;0;4;6022773;6364215;8237224;24290;5964106;9189205;33805;0;18
FR;2;2022-01-14;9740;35589;254549;920;9850;277654;3983;0;1;6032513;6399804;8491773;25210;5973956;9466859;37788;0;19
FR;2;2022-01-15;5361;19448;140783;363;5325;153643;1928;0;0;6037874;6419252;8632556;25573;5979281;9620502;39716;0;19
FR;2;2022-01-16;1512;5464;35891;81;1620;39822;424;0;0;6039386;6424716;8668447;25654;5980901;9660324;40140;0;19
FR;2;2022-01-17;5546;19268;135417;601;6603;147260;2264;0;2;6044932;6443984;8803864;26255;5987504;9807584;42404;0;21
FR;2;2022-01-18;6423;21485;148642;647;7525;160465;3311;0;0;6051355;6465469;8952506;26902;5995029;9968049;45715;0;21
FR;2;2022-01-19;4397;16312;105108;551;6212;113699;2410;0;1;6055752;6481781;9057614;27453;6001241;10081748;48125;0;22
FR;2;2022-01-20;4872;17578;115300;603;7071;123693;3111;0;2;6060624;6499359;9172914;28056;6008312;10205441;51236;0;24
FR;2;2022-01-21;5198;20040;137354;679;7171;147771;3453;0;1;6065822;6519399;9310268;28735;6015483;10353212;54689;0;25
FR;2;2022-01-22;3034;10949;74262;260;3956;80329;1428;0;0;6068856;6530348;9384530;28995;6019439;10433541;56117;0;25
FR;2;2022-01-23;724;2710;15242;41;1057;16826;238;0;0;6069580;6533058;9399772;29036;6020496;10450367;56355;0;25
FR;2;2022-01-24;3290;12803;75082;431;5844;81026;1994;0;2;6072870;6545861;9474854;29467;6026340;10531393;58349;0;27
FR;2;2022-01-25;3575;14405;79631;496;6648;85459;2879;0;4;6076445;6560266;9554485;29963;6032988;10616852;61228;0;31
FR;2;2022-01-26;2515;10705;58981;363;5330;63035;1957;0;1;6078960;6570971;9613466;30326;6038318;10679887;63185;0;32
FR;2;2022-01-27;2683;11379;64180;388;5737;67959;2461;0;1;6081643;6582350;9677646;30714;6044055;10747846;65646;0;33
FR;2;2022-01-28;3551;18271;91726;429;8615;98912;3400;0;1;6085194;6600621;9769372;31143;6052670;10846758;69046;0;34
FR;2;2022-01-29;1894;9239;48852;164;4171;52928;1375;0;1;6087088;6609860;9818224;31307;6056841;10899686;70421;0;35
FR;2;2022-01-30;464;2209;9455;38;1051;10585;203;0;0;6087552;6612069;9827679;31345;6057892;10910271;70624;0;35
FR;2;2022-01-31;1890;9559;43833;209;4715;47327;1887;0;2;6089442;6621628;9871512;31554;6062607;10957598;72511;0;37
FR;2;2022-02-01;1916;10025;47031;279;4802;50082;2709;0;0;6091358;6631653;9918543;31833;6067409;11007680;75220;0;37
FR;2;2022-02-02;1614;8981;41121;250;4195;44151;2189;0;1;6092972;6640634;9959664;32083;6071604;11051831;77409;0;38
FR;2;2022-02-03;1728;8937;40526;205;4374;42915;2643;0;2;6094700;6649571;10000190;32288;6075978;11094746;80052;0;40
FR;2;2022-02-04;2151;15176;66647;299;7383;71328;3671;0;1;6096851;6664747;10066837;32587;6083361;11166074;83723;0;41
FR;2;2022-02-05;1360;8523;35946;132;4216;39225;1370;0;0;6098211;6673270;10102783;32719;6087577;11205299;85093;0;41
FR;2;2022-02-06;275;1762;6127;16;840;6898;217;0;0;6098486;6675032;10108910;32735;6088417;11212197;85310;0;41
FR;2;2022-02-07;1352;9551;37758;134;4536;41292;1889;0;2;6099838;6684583;10146668;32869;6092953;11253489;87199;0;43
FR;2;2022-02-08;1299;9832;40955;173;4644;43749;2741;0;1;6101137;6694415;10187623;33042;6097597;11297238;89940;0;44
FR;2;2022-02-09;1160;8841;37040;174;3804;40465;1901;0;2;6102297;6703256;10224663;33216;6101401;11337703;91841;0;46
FR;2;2022-02-10;1029;7999;33837;204;3604;36510;2051;0;1;6103326;6711255;10258500;33420;6105005;11374213;93892;0;47
FR;2;2022-02-11;1391;12085;53347;223;5281;57700;2888;0;0;6104717;6723340;10311847;33643;6110286;11431913;96780;0;47
FR;2;2022-02-12;754;6535;27987;86;2793;30807;1112;0;2;6105471;6729875;10339834;33729;6113079;11462720;97892;0;49
FR;2;2022-02-13;200;1340;4836;20;562;5577;141;0;0;6105671;6731215;10344670;33749;6113641;11468297;98033;0;49
FR;2;2022-02-14;835;6731;30273;91;2598;33232;1398;0;1;6106506;6737946;10374943;33840;6116239;11501529;99431;0;50
FR;2;2022-02-15;774;6473;28050;140;2801;29991;1967;0;2;6107280;6744419;10402993;33980;6119040;11531520;101398;0;52
FR;2;2022-02-16;657;5361;22067;124;2526;23632;1569;0;3;6107937;6749780;10425060;34104;6121566;11555152;102967;0;55
FR;2;2022-02-17;518;3784;14152;98;2129;14617;1406;0;2;6108455;6753564;10439212;34202;6123695;11569769;104373;0;57
FR;2;2022-02-18;723;5368;20442;134;3039;21129;1895;0;0;6109178;6758932;10459654;34336;6126734;11590898;106268;0;57
FR;2;2022-02-19;430;3061;10532;66;1699;11246;753;0;2;6109608;6761993;10470186;34402;6128433;11602144;107021;0;59
FR;2;2022-02-20;102;518;1463;3;314;1611;100;0;0;6109710;6762511;10471649;34405;6128747;11603755;107121;0;59
FR;2;2022-02-21;422;2685;9122;65;1569;9499;930;0;0;6110132;6765196;10480771;34470;6130316;11613254;108051;0;59
FR;2;2022-02-22;392;2567;8894;77;1621;8797;1180;0;0;6110524;6767763;10489665;34547;6131937;11622051;109231;0;59
FR;2;2022-02-23;432;2604;8992;82;1522;9268;1022;0;0;6110956;6770367;10498657;34629;6133459;11631319;110253;0;59
FR;2;2022-02-24;314;2038;6802;82;1250;6832;870;0;0;6111270;6772405;10505459;34711;6134709;11638151;111123;0;59
FR;2;2022-02-25;457;3207;11419;107;1977;11283;1559;0;3;6111727;6775612;10516878;34818;6136686;11649434;112682;0;62
FR;2;2022-02-26;297;1892;6036;49;1161;6343;587;0;1;6112024;6777504;10522914;34867;6137847;11655777;113269;0;63
FR;2;2022-02-27;76;313;907;5;214;950;98;0;0;6112100;6777817;10523821;34872;6138061;11656727;113367;0;63
FR;2;2022-02-28;330;1688;5525;53;1087;5531;733;0;0;6112430;6779505;10529346;34925;6139148;11662258;114100;0;63
FR;2;2022-03-01;279;1569;5483;46;952;5200;964;0;2;6112709;6781074;10534829;34971;6140100;11667458;115064;0;65
FR;2;2022-03-02;298;1445;5248;45;877;5092;815;0;1;6113007;6782519;10540077;35016;6140977;11672550;115879;0;66
FR;2;2022-03-03;226;1112;3709;42;721;3486;668;0;1;6113233;6783631;10543786;35058;6141698;11676036;116547;0;67
FR;2;2022-03-04;243;1469;4859;74;983;4506;949;0;1;6113476;6785100;10548645;35132;6142681;11680542;117496;0;68
FR;2;2022-03-05;174;906;2979;34;612;2723;561;0;0;6113650;6786006;10551624;35166;6143293;11683265;118057;0;68
FR;2;2022-03-06;42;183;280;5;105;320;52;0;0;6113692;6786189;10551904;35171;6143398;11683585;118109;0;68
FR;2;2022-03-07;156;659;1987;70;491;1777;472;0;0;6113848;6786848;10553891;35241;6143889;11685362;118581;0;68
FR;2;2022-03-08;144;670;2273;53;461;1907;620;0;0;6113992;6787518;10556164;35294;6144350;11687269;119201;0;68
FR;2;2022-03-09;154;708;2348;37;473;2050;615;0;0;6114146;6788226;10558512;35331;6144823;11689319;119816;0;68
FR;2;2022-03-10;123;603;1695;35;445;1470;456;0;1;6114269;6788829;10560207;35366;6145268;11690789;120272;0;69
FR;2;2022-03-11;172;757;2769;57;505;2368;737;0;1;6114441;6789586;10562976;35423;6145773;11693157;121009;0;70
FR;2;2022-03-12;149;484;1787;27;331;1556;450;0;0;6114590;6790070;10564763;35450;6146104;11694713;121459;0;70
FR;2;2022-03-13;25;75;203;30;45;204;69;0;0;6114615;6790145;10564966;35480;6146149;11694917;121528;0;70
FR;2;2022-03-14;129;470;1572;529;333;1301;951;0;0;6114744;6790615;10566538;36009;6146482;11696218;122479;0;70
FR;2;2022-03-15;138;441;1713;691;333;1333;1186;0;1;6114882;6791056;10568251;36700;6146815;11697551;123665;0;71
FR;2;2022-03-16;142;476;2013;1616;331;1593;2160;0;2;6115024;6791532;10570264;38316;6147146;11699144;125825;0;73
FR;2;2022-03-17;94;413;1408;1192;273;1144;1576;0;0;6115118;6791945;10571672;39508;6147419;11700288;127401;0;73
FR;2;2022-03-18;147;496;2025;1795;335;1668;2313;0;1;6115265;6792441;10573697;41303;6147754;11701956;129714;0;74
FR;2;2022-03-19;108;321;1210;941;219;1015;1259;0;0;6115373;6792762;10574907;42244;6147973;11702971;130973;0;74
FR;2;2022-03-20;13;77;191;59;39;168;115;0;0;6115386;6792839;10575098;42303;6148012;11703139;131088;0;74
FR;2;2022-03-21;97;307;1218;1483;180;1081;1760;0;1;6115483;6793146;10576316;43786;6148192;11704220;132848;0;75
FR;2;2022-03-22;118;390;1530;1830;244;1291;2218;0;0;6115601;6793536;10577846;45616;6148436;11705511;135066;0;75
FR;2;2022-03-23;137;361;1676;3032;232;1471;3374;0;6;6115738;6793897;10579522;48648;6148668;11706982;138440;0;81
FR;2;2022-03-24;117;293;1183;1548;186;1001;1814;0;8;6115855;6794190;10580705;50196;6148854;11707983;140254;0;89
FR;2;2022-03-25;119;361;1806;2451;238;1476;2837;0;8;6115974;6794551;10582511;52647;6149092;11709459;143091;0;97
FR;2;2022-03-26;79;247;1204;1222;138;952;1531;0;5;6116053;6794798;10583715;53869;6149230;11710411;144622;0;102
FR;2;2022-03-27;19;36;154;100;19;133;144;0;0;6116072;6794834;10583869;53969;6149249;11710544;144766;0;102
FR;2;2022-03-28;94;288;1138;1602;187;995;1834;0;6;6116166;6795122;10585007;55571;6149436;11711539;146600;0;108
FR;2;2022-03-29;108;258;1325;2467;167;1105;2760;0;4;6116274;6795380;10586332;58038;6149603;11712644;149360;0;112
FR;2;2022-03-30;91;312;1489;3185;163;1320;3422;0;2;6116365;6795692;10587821;61223;6149766;11713964;152782;0;114
FR;2;2022-03-31;104;284;1276;2332;172;1091;2616;0;3;6116469;6795976;10589097;63555;6149938;11715055;155398;0;117
FR;2;2022-04-01;123;324;1567;2349;164;1322;2667;0;7;6116592;6796300;10590664;65904;6150102;11716377;158065;0;124
FR;2;2022-04-02;81;161;845;891;83;737;1052;0;1;6116673;6796461;10591509;66795;6150185;11717114;159117;0;125
FR;2;2022-04-03;16;53;128;113;27;142;133;0;1;6116689;6796514;10591637;66908;6150212;11717256;159250;0;126
FR;2;2022-04-04;113;239;989;1447;141;798;1693;0;5;6116802;6796753;10592626;68355;6150353;11718054;160943;0;131
FR;2;2022-04-05;143;298;1317;2914;158;1145;3143;0;17;6116945;6797051;10593943;71269;6150511;11719199;164086;0;148
FR;2;2022-04-06;89;260;1306;2522;128;1130;2686;0;10;6117034;6797311;10595249;73791;6150639;11720329;166772;0;158
FR;2;2022-04-07;120;230;1302;2682;141;1042;2957;0;8;6117154;6797541;10596551;76473;6150780;11721371;169729;0;166
FR;2;2022-04-08;126;343;1634;3352;179;1327;3642;0;12;6117280;6797884;10598185;79825;6150959;11722698;173371;0;178
FR;2;2022-04-09;90;219;900;1046;144;732;1288;0;4;6117370;6798103;10599085;80871;6151103;11723430;174659;0;182
FR;2;2022-04-10;37;48;143;162;45;119;200;0;1;6117407;6798151;10599228;81033;6151148;11723549;174859;0;183
FR;2;2022-04-11;88;195;891;1560;121;781;1718;0;6;6117495;6798346;10600119;82593;6151269;11724330;176577;0;189
FR;2;2022-04-12;176;273;1183;2770;175;1062;2903;0;8;6117671;6798619;10601302;85363;6151444;11725392;179480;0;197
FR;2;2022-04-13;147;231;1125;2477;110;989;2671;0;11;6117818;6798850;10602427;87840;6151554;11726381;182151;0;208
FR;2;2022-04-14;115;226;1085;2677;113;919;2911;0;18;6117933;6799076;10603512;90517;6151667;11727300;185062;0;226
FR;2;2022-04-15;114;259;1217;2293;129;1074;2533;0;7;6118047;6799335;10604729;92810;6151796;11728374;187595;0;233
FR;2;2022-04-16;67;108;548;549;68;459;675;0;9;6118114;6799443;10605277;93359;6151864;11728833;188270;0;242
FR;2;2022-04-17;15;27;57;53;16;53;71;0;0;6118129;6799470;10605334;93412;6151880;11728886;188341;0;242
FR;2;2022-04-18;12;35;121;70;18;116;95;0;0;6118141;6799505;10605455;93482;6151898;11729002;188436;0;242
FR;2;2022-04-19;112;237;1120;1731;149;951;1915;0;9;6118253;6799742;10606575;95213;6152047;11729953;190351;0;251
FR;2;2022-04-20;95;241;1110;2172;125;934;2366;0;14;6118348;6799983;10607685;97385;6152172;11730887;192717;0;265
FR;2;2022-04-21;111;233;983;1912;125;838;2141;0;10;6118459;6800216;10608668;99297;6152297;11731725;194858;0;275
FR;2;2022-04-22;100;276;1242;2093;141;1023;2431;0;11;6118559;6800492;10609910;101390;6152438;11732748;197289;0;286
FR;2;2022-04-23;67;156;645;762;107;574;862;0;8;6118626;6800648;10610555;102152;6152545;11733322;198151;0;294
FR;2;2022-04-24;12;30;101;68;12;79;100;0;0;6118638;6800678;10610656;102220;6152557;11733401;198251;0;294
FR;2;2022-04-25;103;204;821;1315;104;711;1513;0;15;6118741;6800882;10611477;103535;6152661;11734112;199764;0;309
FR;2;2022-04-26;108;184;1041;2018;118;878;2216;0;18;6118849;6801066;10612518;105553;6152779;11734990;201980;0;327
FR;2;2022-04-27;98;179;860;1783;120;764;1805;0;7;6118947;6801245;10613378;107336;6152899;11735754;203785;0;334
FR;2;2022-04-28;93;214;950;1931;128;843;2087;0;12;6119040;6801459;10614328;109267;6153027;11736597;205872;0;346
FR;2;2022-04-29;81;280;1131;1696;131;1040;1875;0;11;6119121;6801739;10615459;110963;6153158;11737637;207747;0;357
FR;2;2022-04-30;66;126;471;540;79;430;628;0;9;6119187;6801865;10615930;111503;6153237;11738067;208375;0;366
FR;2;2022-05-01;23;24;84;49;20;85;61;0;1;6119210;6801889;10616014;111552;6153257;11738152;208436;0;367
FR;2;2022-05-02;115;232;762;1216;141;660;1374;0;5;6119325;6802121;10616776;112768;6153398;11738812;209810;0;372
FR;2;2022-05-03;152;233;999;1780;156;938;1894;0;14;6119477;6802354;10617775;114548;6153554;11739750;211704;0;386
FR;2;2022-05-04;90;226;924;1810;116;867;1821;0;13;6119567;6802580;10618699;116358;6153670;11740617;213525;0;399
FR;2;2022-05-05;127;197;856;1732;146;773;1848;0;10;6119694;6802777;10619555;118090;6153816;11741390;215373;0;409
FR;2;2022-05-06;133;246;1100;1855;139;1016;2052;0;16;6119827;6803023;10620655;119945;6153955;11742406;217425;0;425
FR;2;2022-05-07;40;99;470;504;61;406;593;0;4;6119867;6803122;10621125;120449;6154016;11742812;218018;0;429
FR;2;2022-05-08;48;54;107;70;41;102;100;0;0;6119915;6803176;10621232;120519;6154057;11742914;218118;0;429
FR;2;2022-05-09;101;174;654;986;103;604;1130;0;9;6120016;6803350;10621886;121505;6154160;11743518;219248;0;438
FR;2;2022-05-10;121;252;938;1841;155;893;1965;0;23;6120137;6803602;10622824;123346;6154315;11744411;221213;0;461
FR;2;2022-05-11;103;179;813;1873;117;792;1862;0;8;6120240;6803781;10623637;125219;6154432;11745203;223075;0;469
FR;2;2022-05-12;111;173;845;2096;115;803;2213;0;21;6120351;6803954;10624482;127315;6154547;11746006;225288;0;490
FR;2;2022-05-13;100;235;969;2097;121;900;2273;0;13;6120451;6804189;10625451;129412;6154668;11746906;227561;0;503
FR;2;2022-05-14;76;124;451;553;93;411;632;0;6;6120527;6804313;10625902;129965;6154761;11747317;228193;0;509
FR;2;2022-05-15;24;39;94;88;20;108;95;0;1;6120551;6804352;10625996;130053;6154781;11747425;228288;0;510
FR;2;2022-05-16;102;170;601;925;115;537;1037;0;11;6120653;6804522;10626597;130978;6154896;11747962;229325;0;521
FR;2;2022-05-17;95;184;690;1685;119;658;1737;0;8;6120748;6804706;10627287;132663;6155015;11748620;231062;0;529
FR;2;2022-05-18;80;181;642;1431;97;647;1486;0;10;6120828;6804887;10627929;134094;6155112;11749267;232548;0;539
FR;2;2022-05-19;73;161;709;1831;81;751;1817;0;12;6120901;6805048;10628638;135925;6155193;11750018;234365;0;551
FR;2;2022-05-20;107;180;874;1701;110;779;1849;0;17;6121008;6805228;10629512;137626;6155303;11750797;236214;0;568
FR;2;2022-05-21;48;96;398;517;71;339;581;0;8;6121056;6805324;10629910;138143;6155374;11751136;236795;0;576
FR;2;2022-05-22;8;23;69;37;18;57;56;0;0;6121064;6805347;10629979;138180;6155392;11751193;236851;0;576
FR;2;2022-05-23;86;133;498;931;100;469;967;0;7;6121150;6805480;10630477;139111;6155492;11751662;237818;0;583
FR;2;2022-05-24;87;164;627;1626;103;615;1680;0;17;6121237;6805644;10631104;140737;6155595;11752277;239498;0;600
FR;2;2022-05-25;72;146;539;1148;90;494;1259;0;5;6121309;6805790;10631643;141885;6155685;11752771;240757;0;605
FR;2;2022-05-26;11;31;77;45;13;85;56;0;1;6121320;6805821;10631720;141930;6155698;11752856;240813;0;606
FR;2;2022-05-27;44;124;456;818;68;438;893;0;9;6121364;6805945;10632176;142748;6155766;11753294;241706;0;615
FR;2;2022-05-28;28;60;221;244;29;221;266;0;1;6121392;6806005;10632397;142992;6155795;11753515;241972;0;616
FR;2;2022-05-29;13;34;43;25;22;51;28;0;0;6121405;6806039;10632440;143017;6155817;11753566;242000;0;616
FR;2;2022-05-30;65;109;424;755;60;409;806;0;6;6121470;6806148;10632864;143772;6155877;11753975;242806;0;622
FR;2;2022-05-31;76;135;564;1277;92;511;1303;0;12;6121546;6806283;10633428;145049;6155969;11754486;244109;0;634
FR;2;2022-06-01;59;158;562;1075;84;541;1170;0;6;6121605;6806441;10633990;146124;6156053;11755027;245279;0;640
FR;2;2022-06-02;92;178;625;1413;109;592;1519;0;12;6121697;6806619;10634615;147537;6156162;11755619;246798;0;652
FR;2;2022-06-03;71;155;668;1604;95;594;1693;0;19;6121768;6806774;10635283;149141;6156257;11756213;248491;0;671
FR;2;2022-06-04;69;93;283;433;66;269;475;0;11;6121837;6806867;10635566;149574;6156323;11756482;248966;0;682
FR;2;2022-06-05;12;17;63;57;16;47;74;0;1;6121849;6806884;10635629;149631;6156339;11756529;249040;0;683
FR;2;2022-06-06;12;39;92;76;28;92;80;0;4;6121861;6806923;10635721;149707;6156367;11756621;249120;0;687
FR;2;2022-06-07;99;222;667;1535;155;577;1661;0;10;6121960;6807145;10636388;151242;6156522;11757198;250781;0;697
FR;2;2022-06-08;70;118;476;1166;76;411;1262;0;5;6122030;6807263;10636864;152408;6156598;11757609;252043;0;702
FR;2;2022-06-09;93;166;613;1922;107;571;1927;0;18;6122123;6807429;10637477;154330;6156705;11758180;253970;0;720
FR;2;2022-06-10;91;167;650;1683;107;621;1774;0;23;6122214;6807596;10638127;156013;6156812;11758801;255744;0;743
FR;2;2022-06-11;44;84;287;529;41;258;583;0;5;6122258;6807680;10638414;156542;6156853;11759059;256327;0;748
FR;2;2022-06-12;18;38;58;78;27;60;78;0;0;6122276;6807718;10638472;156620;6156880;11759119;256405;0;748
FR;2;2022-06-13;39;119;395;953;63;378;1021;0;6;6122315;6807837;10638867;157573;6156943;11759497;257426;0;754
FR;2;2022-06-14;68;157;599;2088;101;537;2189;0;14;6122383;6807994;10639466;159661;6157044;11760034;259615;0;768
FR;2;2022-06-15;78;104;520;1503;84;444;1638;0;10;6122461;6808098;10639986;161164;6157128;11760478;261253;0;778
FR;2;2022-06-16;127;127;496;1411;122;423;1526;0;12;6122588;6808225;10640482;162575;6157250;11760901;262779;0;790
FR;2;2022-06-17;73;137;588;1817;87;515;1921;0;16;6122661;6808362;10641070;164392;6157337;11761416;264700;0;806
FR;2;2022-06-18;76;93;224;578;81;196;629;0;4;6122737;6808455;10641294;164970;6157418;11761612;265329;0;810
FR;2;2022-06-19;11;17;53;71;7;41;90;0;2;6122748;6808472;10641347;165041;6157425;11761653;265419;0;812
FR;2;2022-06-20;62;125;401;1027;71;392;1104;0;10;6122810;6808597;10641748;166068;6157496;11762045;266523;0;822
FR;2;2022-06-21;107;115;526;2125;104;455;2162;0;22;6122917;6808712;10642274;168193;6157600;11762500;268685;0;844
FR;2;2022-06-22;39;110;462;1889;57;415;1971;0;25;6122956;6808822;10642736;170082;6157657;11762915;270656;0;869
FR;2;2022-06-23;58;108;537;2282;67;452;2400;0;30;6123014;6808930;10643273;172364;6157724;11763367;273056;0;899
FR;2;2022-06-24;66;122;709;3198;65;571;3338;0;38;6123080;6809052;10643982;175562;6157789;11763938;276394;0;937
FR;2;2022-06-25;30;90;298;987;55;254;1040;0;13;6123110;6809142;10644280;176549;6157844;11764192;277434;0;950
FR;2;2022-06-26;30;27;131;194;29;97;236;0;5;6123140;6809169;10644411;176743;6157873;11764289;277670;0;955
FR;2;2022-06-27;79;137;582;2489;94;483;2622;0;39;6123219;6809306;10644993;179232;6157967;11764772;280292;0;994
FR;2;2022-06-28;108;140;812;4817;80;650;4894;0;54;6123327;6809446;10645805;184049;6158047;11765422;285186;0;1048
FR;2;2022-06-29;73;150;776;4433;80;637;4529;0;56;6123400;6809596;10646581;188482;6158127;11766059;289715;0;1104
FR;2;2022-06-30;72;133;832;5177;71;618;5397;0;79;6123472;6809729;10647413;193659;6158198;11766677;295112;0;1183
FR;2;2022-07-01;113;161;1153;6691;95;853;6944;0;92;6123585;6809890;10648566;200350;6158293;11767530;302056;0;1275
FR;2;2022-07-02;69;132;474;1976;82;392;2067;0;27;6123654;6810022;10649040;202326;6158375;11767922;304123;0;1302
FR;2;2022-07-03;23;30;146;334;21;130;357;0;8;6123677;6810052;10649186;202660;6158396;11768052;304480;0;1310
FR;2;2022-07-04;120;183;775;3785;111;612;3972;0;49;6123797;6810235;10649961;206445;6158507;11768664;308452;0;1359
FR;2;2022-07-05;119;187;1121;6818;120;828;6999;0;85;6123916;6810422;10651082;213263;6158627;11769492;315451;0;1444
FR;2;2022-07-06;92;150;951;5807;93;697;5933;0;84;6124008;6810572;10652033;219070;6158720;11770189;321384;0;1528
FR;2;2022-07-07;81;185;1020;6501;115;751;6732;0;101;6124089;6810757;10653053;225571;6158835;11770940;328116;0;1629
FR;2;2022-07-08;65;122;1095;7044;51;758;7235;0;123;6124154;6810879;10654148;232615;6158886;11771698;335351;0;1752
FR;2;2022-07-09;34;62;418;1869;31;299;1920;0;33;6124188;6810941;10654566;234484;6158917;11771997;337271;0;1785
FR;2;2022-07-10;6;17;97;315;8;83;327;0;5;6124194;6810958;10654663;234799;6158925;11772080;337598;0;1790
FR;2;2022-07-11;68;120;683;3825;75;540;3901;0;67;6124262;6811078;10655346;238624;6159000;11772620;341499;0;1857
FR;2;2022-07-12;102;180;1054;6517;107;809;6725;0;119;6124364;6811258;10656400;245141;6159107;11773429;348224;0;1976
FR;2;2022-07-13;64;127;879;4664;75;591;4830;0;78;6124428;6811385;10657279;249805;6159182;11774020;353054;0;2054
FR;2;2022-07-14;6;13;88;249;8;59;268;0;8;6124434;6811398;10657367;250054;6159190;11774079;353322;0;2062
FR;2;2022-07-15;61;129;739;3793;53;560;3959;0;75;6124495;6811527;10658106;253847;6159243;11774639;357281;0;2137
FR;2;2022-07-16;27;54;289;1029;30;242;1075;0;25;6124522;6811581;10658395;254876;6159273;11774881;358356;0;2162
FR;2;2022-07-17;5;12;78;201;6;67;207;0;6;6124527;6811593;10658473;255077;6159279;11774948;358563;0;2168
FR;2;2022-07-18;57;103;514;2509;61;384;2648;0;59;6124584;6811696;10658987;257586;6159340;11775332;361211;0;2227
FR;2;2022-07-19;66;133;770;4254;72;555;4443;0;72;6124650;6811829;10659757;261840;6159412;11775887;365654;0;2299
FR;2;2022-07-20;59;117;582;3179;68;430;3278;0;87;6124709;6811946;10660339;265019;6159480;11776317;368932;0;2386
FR;2;2022-07-21;60;110;671;3680;73;485;3797;0;105;6124769;6812056;10661010;268699;6159553;11776802;372729;0;2491
FR;2;2022-07-22;51;99;698;3548;48;506;3697;0;80;6124820;6812155;10661708;272247;6159601;11777308;376426;0;2571
FR;2;2022-07-23;39;97;290;1173;52;229;1226;0;37;6124859;6812252;10661998;273420;6159653;11777537;377652;0;2608
FR;2;2022-07-24;14;24;69;201;19;68;203;0;7;6124873;6812276;10662067;273621;6159672;11777605;377855;0;2615
FR;2;2022-07-25;50;71;405;1938;60;300;2000;0;56;6124923;6812347;10662472;275559;6159732;11777905;379855;0;2671
FR;2;2022-07-26;57;133;606;3423;66;477;3496;0;113;6124980;6812480;10663078;278982;6159798;11778382;383351;0;2784
FR;2;2022-07-27;42;81;457;2782;50;361;2801;0;89;6125022;6812561;10663535;281764;6159848;11778743;386152;0;2873
FR;2;2022-07-28;29;75;450;2485;36;357;2489;0;78;6125051;6812636;10663985;284249;6159884;11779100;388641;0;2951
FR;2;2022-07-29;68;88;535;2857;63;347;2978;0;73;6125119;6812724;10664520;287106;6159947;11779447;391619;0;3024
FR;2;2022-07-30;22;39;162;775;32;110;794;0;24;6125141;6812763;10664682;287881;6159979;11779557;392413;0;3048
FR;2;2022-07-31;6;13;27;104;12;21;110;0;2;6125147;6812776;10664709;287985;6159991;11779578;392523;0;3050
FR;2;2022-08-01;38;105;323;1261;73;260;1343;0;29;6125185;6812881;10665032;289246;6160064;11779838;393866;0;3079
FR;2;2022-08-02;49;75;325;2061;50;247;2097;0;78;6125234;6812956;10665357;291307;6160114;11780085;395963;0;3157
FR;2;2022-08-03;29;53;259;1611;25;187;1617;0;57;6125263;6813009;10665616;292918;6160139;11780272;397580;0;3214
FR;2;2022-08-04;40;65;306;1692;39;240;1701;0;66;6125303;6813074;10665922;294610;6160178;11780512;399281;0;3280
FR;2;2022-08-05;33;94;328;1880;67;236;1911;0;60;6125336;6813168;10666250;296490;6160245;11780748;401192;0;3340
FR;2;2022-08-06;22;41;106;365;29;82;372;0;10;6125358;6813209;10666356;296855;6160274;11780830;401564;0;3350
FR;2;2022-08-07;7;8;15;69;5;16;71;0;3;6125365;6813217;10666371;296924;6160279;11780846;401635;0;3353
FR;2;2022-08-08;19;35;218;877;22;146;915;0;33;6125384;6813252;10666589;297801;6160301;11780992;402550;0;3386
FR;2;2022-08-09;29;52;279;1475;41;238;1471;0;50;6125413;6813304;10666868;299276;6160342;11781230;404021;0;3436
FR;2;2022-08-10;16;21;213;1134;18;150;1155;0;46;6125429;6813325;10667081;300410;6160360;11781380;405176;0;3482
FR;2;2022-08-11;21;41;174;1039;26;117;1048;0;40;6125450;6813366;10667255;301449;6160386;11781497;406224;0;3522
FR;2;2022-08-12;36;49;184;1046;37;140;1069;0;35;6125486;6813415;10667439;302495;6160423;11781637;407293;0;3557
FR;2;2022-08-13;9;19;47;149;15;53;137;0;5;6125495;6813434;10667486;302644;6160438;11781690;407430;0;3562
FR;2;2022-08-14;1;2;12;52;1;11;54;0;1;6125496;6813436;10667498;302696;6160439;11781701;407484;0;3563
FR;2;2022-08-15;0;5;32;22;2;21;21;0;3;6125496;6813441;10667530;302718;6160441;11781722;407505;0;3566
FR;2;2022-08-16;27;32;144;681;33;120;678;0;33;6125523;6813473;10667674;303399;6160474;11781842;408183;0;3599
FR;2;2022-08-17;17;26;109;738;18;88;744;0;34;6125540;6813499;10667783;304137;6160492;11781930;408927;0;3633
FR;2;2022-08-18;14;28;160;836;12;107;852;0;42;6125554;6813527;10667943;304973;6160504;11782037;409779;0;3675
FR;2;2022-08-19;8;38;118;706;31;88;706;0;33;6125562;6813565;10668061;305679;6160535;11782125;410485;0;3708
FR;2;2022-08-20;6;26;61;197;16;52;201;0;8;6125568;6813591;10668122;305876;6160551;11782177;410686;0;3716
FR;2;2022-08-21;4;14;15;19;6;13;31;0;0;6125572;6813605;10668137;305895;6160557;11782190;410717;0;3716
FR;2;2022-08-22;11;25;116;395;17;73;451;0;13;6125583;6813630;10668253;306290;6160574;11782263;411168;0;3729
FR;2;2022-08-23;11;41;134;671;22;112;679;0;38;6125594;6813671;10668387;306961;6160596;11782375;411847;0;3767
FR;2;2022-08-24;11;28;87;466;21;80;472;0;18;6125605;6813699;10668474;307427;6160617;11782455;412319;0;3785
FR;2;2022-08-25;8;32;109;481;16;69;516;0;17;6125613;6813731;10668583;307908;6160633;11782524;412835;0;3802
FR;2;2022-08-26;15;46;117;720;36;91;713;0;32;6125628;6813777;10668700;308628;6160669;11782615;413548;0;3834
FR;2;2022-08-27;10;19;47;156;16;42;164;0;2;6125638;6813796;10668747;308784;6160685;11782657;413712;0;3836
FR;2;2022-08-28;1;5;5;15;1;7;16;0;1;6125639;6813801;10668752;308799;6160686;11782664;413728;0;3837
FR;2;2022-08-29;24;43;93;400;29;87;396;0;24;6125663;6813844;10668845;309199;6160715;11782751;414124;0;3861
FR;2;2022-08-30;31;54;154;791;34;119;798;0;29;6125694;6813898;10668999;309990;6160749;11782870;414922;0;3890
FR;2;2022-08-31;19;35;85;392;22;79;393;0;25;6125713;6813933;10669084;310382;6160771;11782949;415315;0;3915
FR;2;2022-09-01;19;42;139;600;24;122;609;0;36;6125732;6813975;10669223;310982;6160795;11783071;415924;0;3951
FR;2;2022-09-02;34;56;146;744;34;158;748;0;32;6125766;6814031;10669369;311726;6160829;11783229;416672;0;3983
FR;2;2022-09-03;17;20;83;205;11;67;213;0;7;6125783;6814051;10669452;311931;6160840;11783296;416885;0;3990
FR;2;2022-09-04;8;5;9;31;2;10;30;0;3;6125791;6814056;10669461;311962;6160842;11783306;416915;0;3993
FR;2;2022-09-05;29;29;125;367;23;96;396;0;24;6125820;6814085;10669586;312329;6160865;11783402;417311;0;4017
FR;2;2022-09-06;43;62;158;761;42;153;767;0;36;6125863;6814147;10669744;313090;6160907;11783555;418078;0;4053
FR;2;2022-09-07;21;20;74;375;16;49;387;0;22;6125884;6814167;10669818;313465;6160923;11783604;418465;0;4075
FR;2;2022-09-08;31;57;109;636;40;100;646;0;22;6125915;6814224;10669927;314101;6160963;11783704;419111;0;4097
FR;2;2022-09-09;18;24;126;752;21;74;745;0;46;6125933;6814248;10670053;314853;6160984;11783778;419856;0;4143
FR;2;2022-09-10;14;24;57;117;16;48;131;0;4;6125947;6814272;10670110;314970;6161000;11783826;419987;0;4147
FR;2;2022-09-11;12;5;11;11;3;13;13;0;0;6125959;6814277;10670121;314981;6161003;11783839;420000;0;4147
FR;2;2022-09-12;20;31;69;340;26;55;352;0;16;6125979;6814308;10670190;315321;6161029;11783894;420352;0;4163
FR;2;2022-09-13;15;34;125;670;13;99;674;0;40;6125994;6814342;10670315;315991;6161042;11783993;421026;0;4203
FR;2;2022-09-14;19;21;81;480;19;59;478;0;36;6126013;6814363;10670396;316471;6161061;11784052;421504;0;4239
FR;2;2022-09-15;22;43;126;486;25;102;493;0;47;6126035;6814406;10670522;316957;6161086;11784154;421997;0;4286
FR;2;2022-09-16;21;31;124;563;17;89;585;0;39;6126056;6814437;10670646;317520;6161103;11784243;422582;0;4325
FR;2;2022-09-17;6;20;56;160;15;52;147;0;13;6126062;6814457;10670702;317680;6161118;11784295;422729;0;4338
FR;2;2022-09-18;4;7;13;37;6;10;37;0;3;6126066;6814464;10670715;317717;6161124;11784305;422766;0;4341
FR;2;2022-09-19;26;24;114;353;16;87;381;0;22;6126092;6814488;10670829;318070;6161140;11784392;423147;0;4363
FR;2;2022-09-20;27;27;117;624;21;84;639;0;38;6126119;6814515;10670946;318694;6161161;11784476;423786;0;4401
FR;2;2022-09-21;15;30;100;393;15;78;418;0;22;6126134;6814545;10671046;319087;6161176;11784554;424204;0;4423
FR;2;2022-09-22;16;39;124;581;18;95;619;0;28;6126150;6814584;10671170;319668;6161194;11784649;424823;0;4451
FR;2;2022-09-23;21;38;135;555;22;111;570;0;39;6126171;6814622;10671305;320223;6161216;11784760;425393;0;4490
FR;2;2022-09-24;10;8;51;190;6;36;201;0;6;6126181;6814630;10671356;320413;6161222;11784796;425594;0;4496
FR;2;2022-09-25;9;11;14;29;11;11;33;0;5;6126190;6814641;10671370;320442;6161233;11784807;425627;0;4501
FR;2;2022-09-26;22;41;106;447;27;79;458;0;20;6126212;6814682;10671476;320889;6161260;11784886;426085;0;4521
FR;2;2022-09-27;30;46;161;906;35;108;861;0;52;6126242;6814728;10671637;321795;6161295;11784994;426946;0;4573
FR;2;2022-09-28;15;31;93;421;18;74;439;0;23;6126257;6814759;10671730;322216;6161313;11785068;427385;0;4596
FR;2;2022-09-29;26;48;114;618;23;110;630;0;33;6126283;6814807;10671844;322834;6161336;11785178;428015;0;4629
FR;2;2022-09-30;25;44;111;520;44;84;533;0;31;6126308;6814851;10671955;323354;6161380;11785262;428548;0;4660
FR;2;2022-10-01;11;20;51;128;20;36;129;0;8;6126319;6814871;10672006;323482;6161400;11785298;428677;0;4668
FR;2;2022-10-02;0;5;8;21;4;5;25;0;2;6126319;6814876;10672014;323503;6161404;11785303;428702;0;4670
FR;2;2022-10-03;22;30;83;291;26;66;306;0;22;6126341;6814906;10672097;323794;6161430;11785369;429008;0;4692
FR;2;2022-10-04;17;21;106;602;19;71;621;0;46;6126358;6814927;10672203;324396;6161449;11785440;429629;0;4738
FR;2;2022-10-05;20;29;75;491;24;67;488;0;54;6126378;6814956;10672278;324887;6161473;11785507;430117;0;4792
FR;2;2022-10-06;30;23;74;442;17;71;428;0;65;6126408;6814979;10672352;325329;6161490;11785578;430545;0;4857
FR;2;2022-10-07;21;30;86;499;26;66;503;0;42;6126429;6815009;10672438;325828;6161516;11785644;431048;0;4899
FR;2;2022-10-08;12;8;23;114;3;24;108;0;12;6126441;6815017;10672461;325942;6161519;11785668;431156;0;4911
FR;2;2022-10-09;1;8;15;17;6;11;22;0;5;6126442;6815025;10672476;325959;6161525;11785679;431178;0;4916
FR;2;2022-10-10;18;24;47;223;22;49;218;0;21;6126460;6815049;10672523;326182;6161547;11785728;431396;0;4937
FR;2;2022-10-11;16;15;47;253;11;39;240;0;52;6126476;6815064;10672570;326435;6161558;11785767;431636;0;4989
FR;2;2022-10-12;8;18;52;290;14;36;305;0;56;6126484;6815082;10672622;326725;6161572;11785803;431941;0;5045
FR;2;2022-10-13;11;14;48;272;9;48;262;0;26;6126495;6815096;10672670;326997;6161581;11785851;432203;0;5071
FR;2;2022-10-14;12;28;36;229;17;39;230;0;29;6126507;6815124;10672706;327226;6161598;11785890;432433;0;5100
FR;2;2022-10-15;4;10;22;111;4;17;113;0;15;6126511;6815134;10672728;327337;6161602;11785907;432546;0;5115
FR;2;2022-10-16;0;6;4;10;5;7;8;0;0;6126511;6815140;10672732;327347;6161607;11785914;432554;0;5115
FR;2;2022-10-17;15;17;31;121;16;26;131;0;29;6126526;6815157;10672763;327468;6161623;11785940;432685;0;5144
FR;2;2022-10-18;13;11;68;181;5;34;217;0;41;6126539;6815168;10672831;327649;6161628;11785974;432902;0;5185
FR;2;2022-10-19;8;17;36;182;12;30;184;0;42;6126547;6815185;10672867;327831;6161640;11786004;433086;0;5227
FR;2;2022-10-20;11;29;41;200;15;40;196;0;52;6126558;6815214;10672908;328031;6161655;11786044;433282;0;5279
FR;2;2022-10-21;5;15;60;232;6;53;222;0;30;6126563;6815229;10672968;328263;6161661;11786097;433504;0;5309
FR;2;2022-10-22;8;7;25;101;2;23;102;0;20;6126571;6815236;10672993;328364;6161663;11786120;433606;0;5329
FR;2;2022-10-23;0;3;1;5;3;0;6;0;2;6126571;6815239;10672994;328369;6161666;11786120;433612;0;5331
FR;2;2022-10-24;12;12;16;109;12;16;112;0;20;6126583;6815251;10673010;328478;6161678;11786136;433724;0;5351
FR;2;2022-10-25;12;7;23;138;6;15;145;0;51;6126595;6815258;10673033;328616;6161684;11786151;433869;0;5402
FR;2;2022-10-26;4;3;16;90;2;11;95;0;27;6126599;6815261;10673049;328706;6161686;11786162;433964;0;5429
FR;2;2022-10-27;7;9;18;86;9;20;69;0;26;6126606;6815270;10673067;328792;6161695;11786182;434033;0;5455
FR;2;2022-10-28;5;3;15;91;3;7;92;0;27;6126611;6815273;10673082;328883;6161698;11786189;434125;0;5482
FR;2;2022-10-29;7;8;18;33;6;14;37;0;8;6126618;6815281;10673100;328916;6161704;11786203;434162;0;5490
FR;2;2022-10-30;3;7;5;8;5;2;5;0;1;6126621;6815288;10673105;328924;6161709;11786205;434167;0;5491
FR;2;2022-10-31;2;8;6;49;6;10;48;0;11;6126623;6815296;10673111;328973;6161715;11786215;434215;0;5502
FR;2;2022-11-01;0;0;7;1;0;5;3;0;0;6126623;6815296;10673118;328974;6161715;11786220;434218;0;5502
FR;2;2022-11-02;6;5;12;44;5;12;45;0;11;6126629;6815301;10673130;329018;6161720;11786232;434263;0;5513
FR;2;2022-11-03;6;7;15;77;6;10;74;0;18;6126635;6815308;10673145;329095;6161726;11786242;434337;0;5531
FR;2;2022-11-04;7;12;14;85;10;14;92;0;10;6126642;6815320;10673159;329180;6161736;11786256;434429;0;5541
FR;2;2022-11-05;0;11;12;38;6;16;35;0;6;6126642;6815331;10673171;329218;6161742;11786272;434464;0;5547
FR;2;2022-11-06;0;2;2;1;0;4;0;0;2;6126642;6815333;10673173;329219;6161742;11786276;434464;0;5549
FR;2;2022-11-07;11;7;14;66;5;13;65;0;20;6126653;6815340;10673187;329285;6161747;11786289;434529;0;5569
FR;2;2022-11-08;10;6;18;58;4;14;65;0;27;6126663;6815346;10673205;329343;6161751;11786303;434594;0;5596
FR;2;2022-11-09;4;5;17;56;2;17;50;0;28;6126667;6815351;10673222;329399;6161753;11786320;434644;0;5624
FR;2;2022-11-10;7;10;17;74;7;14;76;0;14;6126674;6815361;10673239;329473;6161760;11786334;434720;0;5638
FR;2;2022-11-11;0;3;7;3;0;8;4;0;0;6126674;6815364;10673246;329476;6161760;11786342;434724;0;5638
FR;2;2022-11-12;2;5;7;19;4;7;19;0;4;6126676;6815369;10673253;329495;6161764;11786349;434743;0;5642
FR;2;2022-11-13;3;2;3;2;1;4;1;0;0;6126679;6815371;10673256;329497;6161765;11786353;434744;0;5642
FR;2;2022-11-14;4;6;11;29;3;8;33;0;7;6126683;6815377;10673267;329526;6161768;11786361;434777;0;5649
FR;2;2022-11-15;8;12;14;35;13;17;32;0;7;6126691;6815389;10673281;329561;6161781;11786378;434809;0;5656
FR;2;2022-11-16;4;3;4;45;3;4;46;0;18;6126695;6815392;10673285;329606;6161784;11786382;434855;0;5674
FR;2;2022-11-17;2;6;11;53;5;8;52;0;22;6126697;6815398;10673296;329659;6161789;11786390;434907;0;5696
FR;2;2022-11-18;3;4;7;41;4;6;44;0;10;6126700;6815402;10673303;329700;6161793;11786396;434951;0;5706
FR;2;2022-11-19;3;2;2;25;2;3;18;0;5;6126703;6815404;10673305;329725;6161795;11786399;434969;0;5711
FR;2;2022-11-20;0;2;6;8;2;6;10;0;25;6126703;6815406;10673311;329733;6161797;11786405;434979;0;5736
FR;2;2022-11-21;6;10;9;31;7;8;34;0;22;6126709;6815416;10673320;329764;6161804;11786413;435013;0;5758
FR;2;2022-11-22;8;8;20;65;6;21;70;0;71;6126717;6815424;10673340;329829;6161810;11786434;435083;0;5829
FR;2;2022-11-23;7;6;8;67;3;5;72;0;8;6126724;6815430;10673348;329896;6161813;11786439;435155;0;5837
FR;2;2022-11-24;2;2;11;50;2;7;57;0;10;6126726;6815432;10673359;329946;6161815;11786446;435212;0;5847
FR;2;2022-11-25;11;8;11;25;11;13;26;0;8;6126737;6815440;10673370;329971;6161826;11786459;435238;0;5855
FR;2;2022-11-26;1;5;4;8;4;7;6;0;0;6126738;6815445;10673374;329979;6161830;11786466;435244;0;5855
FR;2;2022-11-27;2;2;12;2;0;11;4;0;1;6126740;6815447;10673386;329981;6161830;11786477;435248;0;5856
FR;2;2022-11-28;0;2;7;35;1;5;37;0;5;6126740;6815449;10673393;330016;6161831;11786482;435285;0;5861
FR;2;2022-11-29;1;1;9;24;0;3;30;0;8;6126741;6815450;10673402;330040;6161831;11786485;435315;0;5869
FR;2;2022-11-30;2;1;9;47;0;10;44;0;21;6126743;6815451;10673411;330087;6161831;11786495;435359;0;5890
FR;2;2022-12-01;2;7;4;59;4;12;50;0;24;6126745;6815458;10673415;330146;6161835;11786507;435409;0;5914
FR;2;2022-12-02;1;2;12;52;2;10;52;0;27;6126746;6815460;10673427;330198;6161837;11786517;435461;0;5941
FR;2;2022-12-03;1;3;6;19;1;6;18;0;10;6126747;6815463;10673433;330217;6161838;11786523;435479;0;5951
FR;2;2022-12-04;0;0;0;4;0;0;4;0;0;6126747;6815463;10673433;330221;6161838;11786523;435483;0;5951
FR;2;2022-12-05;3;3;7;50;6;4;43;0;16;6126750;6815466;10673440;330271;6161844;11786527;435526;0;5967
FR;2;2022-12-06;3;4;13;42;3;6;44;0;17;6126753;6815470;10673453;330313;6161847;11786533;435570;0;5984
FR;2;2022-12-07;1;3;8;42;2;6;44;0;11;6126754;6815473;10673461;330355;6161849;11786539;435614;0;5995
FR;2;2022-12-08;0;2;10;44;0;5;49;0;16;6126754;6815475;10673471;330399;6161849;11786544;435663;0;6011
FR;2;2022-12-09;0;1;10;52;0;7;56;0;16;6126754;6815476;10673481;330451;6161849;11786551;435719;0;6027
FR;2;2022-12-10;0;1;8;48;0;1;48;0;8;6126754;6815477;10673489;330499;6161849;11786552;435767;0;6035
FR;2;2022-12-11;0;0;2;2;0;2;1;0;3;6126754;6815477;10673491;330501;6161849;11786554;435768;0;6038
FR;2;2022-12-12;0;0;4;36;0;4;35;0;10;6126754;6815477;10673495;330537;6161849;11786558;435803;0;6048
FR;2;2022-12-13;0;2;1;37;1;1;36;0;14;6126754;6815479;10673496;330574;6161850;11786559;435839;0;6062
FR;2;2022-12-14;0;2;6;25;2;2;30;0;13;6126754;6815481;10673502;330599;6161852;11786561;435869;0;6075
FR;2;2022-12-15;0;4;9;43;4;6;44;0;17;6126754;6815485;10673511;330642;6161856;11786567;435913;0;6092
FR;2;2022-12-16;2;4;14;55;3;10;59;0;15;6126756;6815489;10673525;330697;6161859;11786577;435972;0;6107
FR;2;2022-12-17;1;3;6;44;3;1;39;0;5;6126757;6815492;10673531;330741;6161862;11786578;436011;0;6112
FR;2;2022-12-18;1;0;0;0;0;0;0;0;1;6126758;6815492;10673531;330741;6161862;11786578;436011;0;6113
FR;2;2022-12-19;5;1;1;29;0;2;23;0;23;6126763;6815493;10673532;330770;6161862;11786580;436034;0;6136
FR;2;2022-12-20;0;1;3;34;0;2;36;0;24;6126763;6815494;10673535;330804;6161862;11786582;436070;0;6160
FR;2;2022-12-21;0;0;1;13;0;1;13;0;8;6126763;6815494;10673536;330817;6161862;11786583;436083;0;6168
FR;2;2022-12-22;0;4;2;26;2;3;26;0;10;6126763;6815498;10673538;330843;6161864;11786586;436109;0;6178
FR;2;2022-12-23;1;3;2;13;1;4;12;0;4;6126764;6815501;10673540;330856;6161865;11786590;436121;0;6182
FR;2;2022-12-24;0;0;1;1;0;1;1;0;0;6126764;6815501;10673541;330857;6161865;11786591;436122;0;6182
FR;2;2022-12-25;0;0;1;2;0;0;3;0;0;6126764;6815501;10673542;330859;6161865;11786591;436125;0;6182
FR;2;2022-12-26;0;0;4;10;0;2;10;0;3;6126764;6815501;10673546;330869;6161865;11786593;436135;0;6185
FR;2;2022-12-27;0;1;4;6;1;3;7;0;4;6126764;6815502;10673550;330875;6161866;11786596;436142;0;6189
FR;3;2020-12-27;0;0;0;0;0;0;0;0;0;0;0;0;0;0;0;0;0;0
FR;3;2020-12-28;0;0;0;0;0;0;0;0;0;0;0;0;0;0;0;0;0;0
FR;3;2020-12-29;0;0;0;0;0;0;0;0;0;0;0;0;0;0;0;0;0;0
FR;3;2020-12-30;0;0;0;0;0;0;0;0;0;0;0;0;0;0;0;0;0;0
FR;3;2020-12-31;0;0;0;0;0;0;0;0;0;0;0;0;0;0;0;0;0;0
FR;3;2021-01-01;0;0;0;0;0;0;0;0;0;0;0;0;0;0;0;0;0;0
FR;3;2021-01-02;0;0;0;0;0;0;0;0;0;0;0;0;0;0;0;0;0;0
FR;3;2021-01-03;0;0;0;0;0;0;0;0;0;0;0;0;0;0;0;0;0;0
FR;3;2021-01-04;0;0;0;0;0;0;0;0;0;0;0;0;0;0;0;0;0;0
FR;3;2021-01-05;0;0;0;0;0;0;0;0;0;0;0;0;0;0;0;0;0;0
FR;3;2021-01-06;0;0;0;0;0;0;0;0;0;0;0;0;0;0;0;0;0;0
FR;3;2021-01-07;0;0;0;0;0;0;0;0;0;0;0;0;0;0;0;0;0;0
FR;3;2021-01-08;0;0;0;0;0;0;0;0;0;0;0;0;0;0;0;0;0;0
FR;3;2021-01-09;0;0;0;0;0;0;0;0;0;0;0;0;0;0;0;0;0;0
FR;3;2021-01-10;0;0;0;0;0;0;0;0;0;0;0;0;0;0;0;0;0;0
FR;3;2021-01-11;0;0;0;0;0;0;0;0;0;0;0;0;0;0;0;0;0;0
FR;3;2021-01-12;0;0;0;0;0;0;0;0;0;0;0;0;0;0;0;0;0;0
FR;3;2021-01-13;0;0;0;0;0;0;0;0;0;0;0;0;0;0;0;0;0;0
FR;3;2021-01-14;0;0;0;0;0;0;0;0;0;0;0;0;0;0;0;0;0;0
FR;3;2021-01-15;0;0;0;0;0;0;0;0;0;0;0;0;0;0;0;0;0;0
FR;3;2021-01-16;0;0;0;0;0;0;0;0;0;0;0;0;0;0;0;0;0;0
FR;3;2021-01-17;0;0;0;0;0;0;0;0;0;0;0;0;0;0;0;0;0;0
FR;3;2021-01-18;0;0;0;0;0;0;0;0;0;0;0;0;0;0;0;0;0;0
FR;3;2021-01-19;0;0;0;0;0;0;0;0;0;0;0;0;0;0;0;0;0;0
FR;3;2021-01-20;0;0;0;0;0;0;0;0;0;0;0;0;0;0;0;0;0;0
FR;3;2021-01-21;0;0;0;0;0;0;0;0;0;0;0;0;0;0;0;0;0;0
FR;3;2021-01-22;0;0;0;0;0;0;0;0;0;0;0;0;0;0;0;0;0;0
FR;3;2021-01-23;0;0;0;0;0;0;0;0;0;0;0;0;0;0;0;0;0;0
FR;3;2021-01-24;0;0;0;0;0;0;0;0;0;0;0;0;0;0;0;0;0;0
FR;3;2021-01-25;0;0;0;0;0;0;0;0;0;0;0;0;0;0;0;0;0;0
FR;3;2021-01-26;0;0;0;0;0;0;0;0;0;0;0;0;0;0;0;0;0;0
FR;3;2021-01-27;0;0;0;0;0;0;0;0;0;0;0;0;0;0;0;0;0;0
FR;3;2021-01-28;0;0;0;0;0;0;0;0;0;0;0;0;0;0;0;0;0;0
FR;3;2021-01-29;0;0;0;0;0;0;0;0;0;0;0;0;0;0;0;0;0;0
FR;3;2021-01-30;0;0;0;0;0;0;0;0;0;0;0;0;0;0;0;0;0;0
FR;3;2021-01-31;0;0;0;0;0;0;0;0;0;0;0;0;0;0;0;0;0;0
FR;3;2021-02-01;0;0;0;0;0;0;0;0;0;0;0;0;0;0;0;0;0;0
FR;3;2021-02-02;0;0;0;0;0;0;0;0;0;0;0;0;0;0;0;0;0;0
FR;3;2021-02-03;0;0;0;0;0;0;0;0;0;0;0;0;0;0;0;0;0;0
FR;3;2021-02-04;0;0;0;0;0;0;0;0;0;0;0;0;0;0;0;0;0;0
FR;3;2021-02-05;0;0;0;0;0;0;0;0;0;0;0;0;0;0;0;0;0;0
FR;3;2021-02-06;1491;0;0;0;106;0;0;0;0;1491;0;0;0;106;0;0;0;0
FR;3;2021-02-07;1423;2;0;0;87;0;0;0;0;2914;2;0;0;193;0;0;0;0
FR;3;2021-02-08;2789;1;0;0;177;0;0;0;0;5703;3;0;0;370;0;0;0;0
FR;3;2021-02-09;6786;0;0;0;502;0;0;0;0;12489;3;0;0;872;0;0;0;0
FR;3;2021-02-10;9611;0;0;0;695;0;0;0;0;22100;3;0;0;1567;0;0;0;0
FR;3;2021-02-11;13620;4;0;0;920;0;0;0;0;35720;7;0;0;2487;0;0;0;0
FR;3;2021-02-12;13410;0;0;0;907;0;0;0;0;49130;7;0;0;3394;0;0;0;0
FR;3;2021-02-13;3799;1;0;0;218;0;0;0;0;52929;8;0;0;3612;0;0;0;0
FR;3;2021-02-14;975;1;0;0;53;0;0;0;0;53904;9;0;0;3665;0;0;0;0
FR;3;2021-02-15;10495;2;0;0;719;0;0;0;0;64399;11;0;0;4384;0;0;0;0
FR;3;2021-02-16;12556;5;0;0;871;0;0;0;0;76955;16;0;0;5255;0;0;0;0
FR;3;2021-02-17;11158;1;0;0;716;0;0;0;0;88113;17;0;0;5971;0;0;0;0
FR;3;2021-02-18;14943;2;0;0;985;0;0;0;0;103056;19;0;0;6956;0;0;0;0
FR;3;2021-02-19;14364;1;0;0;846;0;0;0;0;117420;20;0;0;7802;0;0;0;0
FR;3;2021-02-20;3330;0;0;0;178;0;0;0;0;120750;20;0;0;7980;0;0;0;0
FR;3;2021-02-21;619;0;0;0;35;0;0;0;0;121369;20;0;0;8015;0;0;0;0
FR;3;2021-02-22;9170;1;0;0;654;0;0;0;0;130539;21;0;0;8669;0;0;0;0
FR;3;2021-02-23;11403;5;0;0;759;0;0;0;0;141942;26;0;0;9428;0;0;0;0
FR;3;2021-02-24;14306;1;0;0;829;0;0;0;0;156248;27;0;0;10257;0;0;0;0
FR;3;2021-02-25;44935;3;0;0;1814;0;0;0;0;201183;30;0;0;12071;0;0;0;0
FR;3;2021-02-26;61890;9;0;0;2200;0;0;0;0;263073;39;0;0;14271;0;0;0;0
FR;3;2021-02-27;34810;14;0;0;1028;0;0;0;0;297883;53;0;0;15299;0;0;0;0
FR;3;2021-02-28;2464;0;0;0;114;0;0;0;0;300347;53;0;0;15413;0;0;0;0
FR;3;2021-03-01;20520;21;0;0;1067;0;0;0;0;320867;74;0;0;16480;0;0;0;0
FR;3;2021-03-02;38877;25;0;0;1789;0;0;0;0;359744;99;0;0;18269;0;0;0;0
FR;3;2021-03-03;48748;19;0;0;2132;0;0;0;0;408492;118;0;0;20401;0;0;0;0
FR;3;2021-03-04;82229;25;0;0;3194;0;0;0;0;490721;143;0;0;23595;0;0;0;0
FR;3;2021-03-05;118136;40;0;0;4690;0;0;0;0;608857;183;0;0;28285;0;0;0;0
FR;3;2021-03-06;120726;65;1;0;3560;0;0;0;0;729583;248;1;0;31845;0;0;0;0
FR;3;2021-03-07;55185;23;0;0;1729;0;0;0;0;784768;271;1;0;33574;0;0;0;0
FR;3;2021-03-08;42814;29;0;0;2074;0;0;0;0;827582;300;1;0;35648;0;0;0;0
FR;3;2021-03-09;78978;49;0;0;3285;0;0;0;0;906560;349;1;0;38933;0;0;0;0
FR;3;2021-03-10;80983;64;0;0;3240;0;0;0;0;987543;413;1;0;42173;0;0;0;0
FR;3;2021-03-11;128447;64;0;0;4765;0;0;0;0;1115990;477;1;0;46938;0;0;0;0
FR;3;2021-03-12;182723;120;0;0;6277;0;0;0;0;1298713;597;1;0;53215;0;0;0;0
FR;3;2021-03-13;132163;85;0;0;3524;0;0;0;0;1430876;682;1;0;56739;0;0;0;0
FR;3;2021-03-14;14057;6;0;0;550;0;0;0;0;1444933;688;1;0;57289;0;0;0;0
FR;3;2021-03-15;52236;80;0;0;2095;0;0;0;0;1497169;768;1;0;59384;0;0;0;0
FR;3;2021-03-16;1219;49;0;0;103;0;0;0;0;1498388;817;1;0;59487;0;0;0;0
FR;3;2021-03-17;950;54;0;0;93;0;0;0;0;1499338;871;1;0;59580;0;0;0;0
FR;3;2021-03-18;1575;41;0;0;101;0;0;0;0;1500913;912;1;0;59681;0;0;0;0
FR;3;2021-03-19;70459;55;0;0;2059;0;0;0;0;1571372;967;1;0;61740;0;0;0;0
FR;3;2021-03-20;65241;49;0;0;1701;0;0;0;0;1636613;1016;1;0;63441;0;0;0;0
FR;3;2021-03-21;5761;8;0;0;199;0;0;0;0;1642374;1024;1;0;63640;0;0;0;0
FR;3;2021-03-22;37510;47;0;0;1051;0;0;0;0;1679884;1071;1;0;64691;0;0;0;0
FR;3;2021-03-23;84668;86;0;0;2285;0;0;0;0;1764552;1157;1;0;66976;0;0;0;0
FR;3;2021-03-24;90955;97;0;0;2489;0;0;0;0;1855507;1254;1;0;69465;0;0;0;0
FR;3;2021-03-25;150070;146;0;0;3789;0;0;0;0;2005577;1400;1;0;73254;0;0;0;0
FR;3;2021-03-26;165429;158;0;0;4152;0;0;0;0;2171006;1558;1;0;77406;0;0;0;0
FR;3;2021-03-27;68466;101;0;0;2004;0;0;0;0;2239472;1659;1;0;79410;0;0;0;0
FR;3;2021-03-28;6479;20;0;0;237;0;0;0;0;2245951;1679;1;0;79647;0;0;0;0
FR;3;2021-03-29;54170;80;0;0;1479;0;0;0;0;2300121;1759;1;0;81126;0;0;0;0
FR;3;2021-03-30;93183;103;0;0;2564;0;0;0;0;2393304;1862;1;0;83690;0;0;0;0
FR;3;2021-03-31;63544;111;0;0;1965;0;0;0;0;2456848;1973;1;0;85655;0;0;0;0
FR;3;2021-04-01;86134;112;0;0;2492;0;0;0;0;2542982;2085;1;0;88147;0;0;0;0
FR;3;2021-04-02;86912;186;0;0;2765;0;0;0;0;2629894;2271;1;0;90912;0;0;0;0
FR;3;2021-04-03;35875;131;0;0;1162;0;0;0;0;2665769;2402;1;0;92074;0;0;0;0
FR;3;2021-04-04;3577;19;0;0;164;0;0;0;0;2669346;2421;1;0;92238;0;0;0;0
FR;3;2021-04-05;4492;38;0;0;236;0;0;0;0;2673838;2459;1;0;92474;0;0;0;0
FR;3;2021-04-06;29758;104;0;0;1091;0;0;0;0;2703596;2563;1;0;93565;0;0;0;0
FR;3;2021-04-07;32348;108;0;0;1047;0;0;0;0;2735944;2671;1;0;94612;0;0;0;0
FR;3;2021-04-08;78825;268;0;0;2615;0;0;0;0;2814769;2939;1;0;97227;0;0;0;0
FR;3;2021-04-09;161760;447;0;0;5175;0;0;0;0;2976529;3386;1;0;102402;0;0;0;0
FR;3;2021-04-10;75764;360;0;0;2693;0;0;0;0;3052293;3746;1;0;105095;0;0;0;0
FR;3;2021-04-11;7314;47;0;0;305;0;0;0;0;3059607;3793;1;0;105400;0;0;0;0
FR;3;2021-04-12;51485;213;0;0;1734;0;0;0;0;3111092;4006;1;0;107134;0;0;0;0
FR;3;2021-04-13;86236;359;0;0;2906;0;0;0;0;3197328;4365;1;0;110040;0;0;0;0
FR;3;2021-04-14;67843;376;0;0;2428;0;0;0;0;3265171;4741;1;0;112468;0;0;0;0
FR;3;2021-04-15;93243;401;0;0;3439;0;0;0;0;3358414;5142;1;0;115907;0;0;0;0
FR;3;2021-04-16;112529;623;0;0;4339;0;0;0;0;3470943;5765;1;0;120246;0;0;0;0
FR;3;2021-04-17;53319;365;1;0;2272;0;0;0;0;3524262;6130;2;0;122518;0;0;0;0
FR;3;2021-04-18;9749;49;0;0;423;0;0;0;0;3534011;6179;2;0;122941;0;0;0;0
FR;3;2021-04-19;25116;283;0;0;1089;0;0;0;0;3559127;6462;2;0;124030;0;0;0;0
FR;3;2021-04-20;45675;432;0;0;1903;0;0;0;0;3604802;6894;2;0;125933;0;0;0;0
FR;3;2021-04-21;38985;543;0;0;1887;0;0;0;0;3643787;7437;2;0;127820;0;0;0;0
FR;3;2021-04-22;54722;868;0;0;2820;0;0;0;0;3698509;8305;2;0;130640;0;0;0;0
FR;3;2021-04-23;70493;1088;0;0;3689;0;0;0;0;3769002;9393;2;0;134329;0;0;0;0
FR;3;2021-04-24;37253;1090;0;0;2478;0;0;0;0;3806255;10483;2;0;136807;0;0;0;0
FR;3;2021-04-25;6213;158;0;0;446;0;0;0;0;3812468;10641;2;0;137253;0;0;0;0
FR;3;2021-04-26;19790;693;0;0;1428;0;0;0;0;3832258;11334;2;0;138681;0;0;0;0
FR;3;2021-04-27;34485;1325;0;0;2583;0;0;0;0;3866743;12659;2;0;141264;0;0;0;0
FR;3;2021-04-28;28972;2031;0;0;3148;0;0;0;0;3895715;14690;2;0;144412;0;0;0;0
FR;3;2021-04-29;45394;6108;0;0;7926;0;0;0;0;3941109;20798;2;0;152338;0;0;0;0
FR;3;2021-04-30;55465;9095;1;0;11490;0;0;0;0;3996574;29893;3;0;163828;0;0;0;0
FR;3;2021-05-01;9518;2052;0;0;2483;0;0;0;0;4006092;31945;3;0;166311;0;0;0;0
FR;3;2021-05-02;3081;470;0;0;615;0;0;0;0;4009173;32415;3;0;166926;0;0;0;0
FR;3;2021-05-03;13063;3935;0;0;4502;0;0;0;0;4022236;36350;3;0;171428;0;0;0;0
FR;3;2021-05-04;23119;8380;0;0;9446;0;0;0;0;4045355;44730;3;0;180874;0;0;0;0
FR;3;2021-05-05;18765;10806;0;0;11744;0;0;0;0;4064120;55536;3;0;192618;0;0;0;0
FR;3;2021-05-06;34632;21219;0;0;22766;0;0;0;0;4098752;76755;3;0;215384;0;0;0;0
FR;3;2021-05-07;44210;28855;0;0;31159;0;0;0;0;4142962;105610;3;0;246543;0;0;0;0
FR;3;2021-05-08;6785;9191;0;0;9554;0;0;0;0;4149747;114801;3;0;256097;0;0;0;0
FR;3;2021-05-09;1797;2669;0;0;2769;0;0;0;0;4151544;117470;3;0;258866;0;0;0;0
FR;3;2021-05-10;15001;12889;0;0;13579;0;0;0;0;4166545;130359;3;0;272445;0;0;0;0
FR;3;2021-05-11;27100;26241;0;0;27512;0;0;0;0;4193645;156600;3;0;299957;0;0;0;0
FR;3;2021-05-12;17272;28088;0;0;29023;0;0;0;0;4210917;184688;3;0;328980;0;0;0;0
FR;3;2021-05-13;2285;3514;0;0;3634;0;0;0;0;4213202;188202;3;0;332614;0;0;0;0
FR;3;2021-05-14;14521;26057;0;0;26836;0;0;0;0;4227723;214259;3;0;359450;0;0;0;0
FR;3;2021-05-15;7233;21064;0;0;21489;0;0;0;0;4234956;235323;3;0;380939;0;0;0;0
FR;3;2021-05-16;977;2643;0;0;2688;0;0;0;0;4235933;237966;3;0;383627;0;0;0;0
FR;3;2021-05-17;7966;20198;0;0;20643;0;0;0;0;4243899;258164;3;0;404270;0;0;0;0
FR;3;2021-05-18;13417;30109;0;0;30868;0;0;0;0;4257316;288273;3;0;435138;0;0;0;0
FR;3;2021-05-19;9276;30594;0;0;31184;0;0;0;0;4266592;318867;3;0;466322;0;0;0;0
FR;3;2021-05-20;12806;53798;3;0;54722;0;0;0;0;4279398;372665;6;0;521044;0;0;0;0
FR;3;2021-05-21;12770;66141;2;0;67066;0;0;0;0;4292168;438806;8;0;588110;0;0;0;0
FR;3;2021-05-22;4965;33738;1;0;34119;0;0;0;0;4297133;472544;9;0;622229;0;0;0;0
FR;3;2021-05-23;651;2669;0;0;2701;0;0;0;0;4297784;475213;9;0;624930;0;0;0;0
FR;3;2021-05-24;884;4787;0;0;4831;0;0;0;0;4298668;480000;9;0;629761;0;0;0;0
FR;3;2021-05-25;5312;46644;1;0;47041;0;0;0;0;4303980;526644;10;0;676802;0;0;0;0
FR;3;2021-05-26;4980;52127;1;0;52598;0;0;0;0;4308960;578771;11;0;729400;0;0;0;0
FR;3;2021-05-27;6336;78980;3;0;79589;0;0;0;0;4315296;657751;14;0;808989;0;0;0;0
FR;3;2021-05-28;7544;100248;2;0;101046;0;0;0;0;4322840;757999;16;0;910035;0;0;0;0
FR;3;2021-05-29;3349;61124;1;0;61504;0;0;0;0;4326189;819123;17;0;971539;0;0;0;0
FR;3;2021-05-30;551;8098;0;0;8147;0;0;0;0;4326740;827221;17;0;979686;0;0;0;0
FR;3;2021-05-31;2442;35503;3;0;35768;0;0;0;0;4329182;862724;20;0;1015454;0;0;0;0
FR;3;2021-06-01;3414;64865;10;0;65313;0;0;0;0;4332596;927589;30;0;1080767;0;0;0;0
FR;3;2021-06-02;2735;58899;6;0;59232;0;0;0;0;4335331;986488;36;0;1139999;0;0;0;0
FR;3;2021-06-03;3495;87221;10;0;87753;0;0;0;0;4338826;1073709;46;0;1227752;0;0;0;0
FR;3;2021-06-04;4121;105799;22;0;106457;0;0;0;0;4342947;1179508;68;0;1334209;0;0;0;0
FR;3;2021-06-05;1983;52574;4;0;52887;0;0;0;0;4344930;1232082;72;0;1387096;0;0;0;0
FR;3;2021-06-06;511;5283;1;0;5330;0;0;0;0;4345441;1237365;73;0;1392426;0;0;0;0
FR;3;2021-06-07;1486;30739;11;0;30919;0;0;0;0;4346927;1268104;84;0;1423345;0;0;0;0
FR;3;2021-06-08;2063;47409;18;0;47753;0;0;0;0;4348990;1315513;102;0;1471098;0;0;0;0
FR;3;2021-06-09;1794;41844;13;0;42148;0;0;0;0;4350784;1357357;115;0;1513246;0;0;0;0
FR;3;2021-06-10;2257;67679;17;0;68075;0;0;0;0;4353041;1425036;132;0;1581321;0;0;0;0
FR;3;2021-06-11;2489;96631;34;0;97103;0;0;0;0;4355530;1521667;166;0;1678424;0;0;0;0
FR;3;2021-06-12;1178;40574;6;0;40805;0;0;0;0;4356708;1562241;172;0;1719229;0;0;0;0
FR;3;2021-06-13;283;3625;3;0;3660;0;0;0;0;4356991;1565866;175;0;1722889;0;0;0;0
FR;3;2021-06-14;1048;42319;17;0;42487;0;0;0;0;4358039;1608185;192;0;1765376;0;0;0;0
FR;3;2021-06-15;1379;80370;20;0;80672;0;0;0;0;4359418;1688555;212;0;1846048;0;0;0;0
FR;3;2021-06-16;1262;65509;20;0;65781;0;0;0;0;4360680;1754064;232;0;1911829;0;0;0;0
FR;3;2021-06-17;1667;102256;41;0;102639;0;0;0;0;4362347;1856320;273;0;2014468;0;0;0;0
FR;3;2021-06-18;1872;118433;63;0;118896;0;0;0;0;4364219;1974753;336;0;2133364;0;0;0;0
FR;3;2021-06-19;803;39461;22;0;39653;0;0;0;0;4365022;2014214;358;0;2173017;0;0;0;0
FR;3;2021-06-20;161;3205;0;0;3233;0;0;0;0;4365183;2017419;358;0;2176250;0;0;0;0
FR;3;2021-06-21;773;39068;16;0;39226;0;0;0;0;4365956;2056487;374;0;2215476;0;0;0;0
FR;3;2021-06-22;1065;70045;52;0;70315;0;0;0;0;4367021;2126532;426;0;2285791;0;0;0;0
FR;3;2021-06-23;945;50828;39;0;51100;0;0;0;0;4367966;2177360;465;0;2336891;0;0;0;0
FR;3;2021-06-24;1310;77290;48;0;77662;0;0;0;0;4369276;2254650;513;0;2414553;0;0;0;0
FR;3;2021-06-25;1410;90788;73;0;91221;0;0;0;0;4370686;2345438;586;0;2505774;0;0;0;0
FR;3;2021-06-26;632;33113;29;0;33303;0;0;0;0;4371318;2378551;615;0;2539077;0;0;0;0
FR;3;2021-06-27;167;3785;1;0;3809;0;0;0;0;4371485;2382336;616;0;2542886;0;0;0;0
FR;3;2021-06-28;655;29979;27;0;30173;0;0;0;0;4372140;2412315;643;0;2573059;0;0;0;0
FR;3;2021-06-29;856;56617;95;0;56860;0;0;0;0;4372996;2468932;738;0;2629919;0;0;0;0
FR;3;2021-06-30;905;45196;93;0;45465;0;0;0;0;4373901;2514128;831;0;2675384;0;0;0;0
FR;3;2021-07-01;1164;66074;108;0;66425;0;0;0;0;4375065;2580202;939;0;2741809;0;0;0;0
FR;3;2021-07-02;1305;90509;170;0;90987;0;0;0;0;4376370;2670711;1109;0;2832796;0;0;0;0
FR;3;2021-07-03;602;31177;51;0;31377;0;0;0;0;4376972;2701888;1160;0;2864173;0;0;0;0
FR;3;2021-07-04;144;3991;3;0;4021;0;0;0;0;4377116;2705879;1163;0;2868194;0;0;0;0
FR;3;2021-07-05;613;33615;60;0;33814;0;0;0;0;4377729;2739494;1223;0;2902008;0;0;0;0
FR;3;2021-07-06;964;55927;88;0;56239;0;0;0;0;4378693;2795421;1311;0;2958247;0;0;0;0
FR;3;2021-07-07;873;42958;80;0;43255;0;0;0;0;4379566;2838379;1391;0;3001502;0;0;0;0
FR;3;2021-07-08;1127;60797;99;0;61205;0;0;0;0;4380693;2899176;1490;0;3062707;0;0;0;0
FR;3;2021-07-09;1261;68930;128;0;69397;0;0;0;0;4381954;2968106;1618;0;3132104;0;0;0;0
FR;3;2021-07-10;643;25024;59;0;25221;0;0;0;0;4382597;2993130;1677;0;3157325;0;0;0;0
FR;3;2021-07-11;132;3182;4;0;3208;0;0;0;0;4382729;2996312;1681;0;3160533;0;0;0;0
FR;3;2021-07-12;662;23633;59;0;23846;0;0;0;0;4383391;3019945;1740;0;3184379;0;0;0;0
FR;3;2021-07-13;1648;34473;90;0;34961;0;0;0;0;4385039;3054418;1830;0;3219340;0;0;0;0
FR;3;2021-07-14;271;2475;2;0;2532;0;0;0;0;4385310;3056893;1832;0;3221872;0;0;0;0
FR;3;2021-07-15;1940;30429;85;0;31005;0;0;0;0;4387250;3087322;1917;0;3252877;0;0;0;0
FR;3;2021-07-16;2520;38654;122;0;39389;0;0;0;0;4389770;3125976;2039;0;3292266;0;0;0;0
FR;3;2021-07-17;1051;13721;26;0;14029;0;0;0;0;4390821;3139697;2065;0;3306295;0;0;0;0
FR;3;2021-07-18;266;2560;3;0;2608;0;0;0;0;4391087;3142257;2068;0;3308903;0;0;0;0
FR;3;2021-07-19;1280;16907;38;0;17275;0;0;0;0;4392367;3159164;2106;0;3326178;0;0;0;0
FR;3;2021-07-20;1823;26946;98;0;27488;0;0;0;0;4394190;3186110;2204;0;3353666;0;0;0;0
FR;3;2021-07-21;1651;19509;44;0;20014;0;0;0;0;4395841;3205619;2248;0;3373680;0;0;0;0
FR;3;2021-07-22;1856;27652;83;0;28217;0;0;0;0;4397697;3233271;2331;0;3401897;0;0;0;0
FR;3;2021-07-23;2216;30223;117;0;30961;0;0;0;0;4399913;3263494;2448;0;3432858;0;0;0;0
FR;3;2021-07-24;826;6940;25;0;7163;0;0;0;0;4400739;3270434;2473;0;3440021;0;0;0;0
FR;3;2021-07-25;210;1296;1;0;1351;0;0;0;0;4400949;3271730;2474;0;3441372;0;0;0;0
FR;3;2021-07-26;932;10521;28;0;10828;0;0;0;0;4401881;3282251;2502;0;3452200;0;0;0;0
FR;3;2021-07-27;1170;16810;56;0;17175;0;0;0;0;4403051;3299061;2558;0;3469375;0;0;0;0
FR;3;2021-07-28;989;12004;40;0;12316;0;0;0;0;4404040;3311065;2598;0;3481691;0;0;0;0
FR;3;2021-07-29;1127;15694;63;0;16108;0;0;0;0;4405167;3326759;2661;0;3497799;0;0;0;0
FR;3;2021-07-30;1129;18002;79;0;18376;0;0;0;0;4406296;3344761;2740;0;3516175;0;0;0;0
FR;3;2021-07-31;406;3713;15;0;3837;0;0;0;0;4406702;3348474;2755;0;3520012;0;0;0;0
FR;3;2021-08-01;117;450;1;0;472;0;0;0;0;4406819;3348924;2756;0;3520484;0;0;0;0
FR;3;2021-08-02;423;5029;22;0;5150;0;0;0;0;4407242;3353953;2778;0;3525634;0;0;0;0
FR;3;2021-08-03;498;7475;27;0;7610;0;0;0;0;4407740;3361428;2805;0;3533244;0;0;0;0
FR;3;2021-08-04;440;4830;26;0;4976;0;0;0;0;4408180;3366258;2831;0;3538220;0;0;0;0
FR;3;2021-08-05;433;3658;13;0;3769;0;0;0;0;4408613;3369916;2844;0;3541989;0;0;0;0
FR;3;2021-08-06;456;4705;30;0;4807;0;0;0;0;4409069;3374621;2874;0;3546796;0;0;0;0
FR;3;2021-08-07;214;1901;11;0;1947;0;0;0;0;4409283;3376522;2885;0;3548743;0;0;0;0
FR;3;2021-08-08;250;424;2;0;457;0;0;0;0;4409533;3376946;2887;0;3549200;0;0;0;0
FR;3;2021-08-09;318;2381;11;0;2452;0;0;0;0;4409851;3379327;2898;0;3551652;0;0;0;0
FR;3;2021-08-10;368;3752;15;0;3841;0;0;0;0;4410219;3383079;2913;0;3555493;0;0;0;0
FR;3;2021-08-11;291;2646;15;0;2706;0;0;0;0;4410510;3385725;2928;0;3558199;0;0;0;0
FR;3;2021-08-12;279;2569;13;0;2657;0;0;0;0;4410789;3388294;2941;0;3560856;0;0;0;0
FR;3;2021-08-13;278;2257;16;0;2342;0;0;0;0;4411067;3390551;2957;0;3563198;0;0;0;0
FR;3;2021-08-14;172;880;1;0;911;0;0;0;0;4411239;3391431;2958;0;3564109;0;0;0;0
FR;3;2021-08-15;56;175;0;0;184;0;0;0;0;4411295;3391606;2958;0;3564293;0;0;0;0
FR;3;2021-08-16;126;1017;8;0;1056;0;0;0;0;4411421;3392623;2966;0;3565349;0;0;0;0
FR;3;2021-08-17;191;1431;8;0;1472;0;0;0;0;4411612;3394054;2974;0;3566821;0;0;0;0
FR;3;2021-08-18;204;1314;10;0;1356;0;0;0;0;4411816;3395368;2984;0;3568177;0;0;0;0
FR;3;2021-08-19;165;1373;10;0;1420;0;0;0;0;4411981;3396741;2994;0;3569597;0;0;0;0
FR;3;2021-08-20;167;1597;16;0;1659;0;0;0;0;4412148;3398338;3010;0;3571256;0;0;0;0
FR;3;2021-08-21;93;581;2;0;596;0;0;0;0;4412241;3398919;3012;0;3571852;0;0;0;0
FR;3;2021-08-22;42;191;1;0;194;0;0;0;0;4412283;3399110;3013;0;3572046;0;0;0;0
FR;3;2021-08-23;141;883;7;0;928;0;0;0;0;4412424;3399993;3020;0;3572974;0;0;0;0
FR;3;2021-08-24;125;927;10;0;959;0;0;0;0;4412549;3400920;3030;0;3573933;0;0;0;0
FR;3;2021-08-25;137;820;3;0;849;0;0;0;0;4412686;3401740;3033;0;3574782;0;0;0;0
FR;3;2021-08-26;172;830;9;0;878;0;0;0;0;4412858;3402570;3042;0;3575660;0;0;0;0
FR;3;2021-08-27;178;937;9;0;990;0;0;0;0;4413036;3403507;3051;0;3576650;0;0;0;0
FR;3;2021-08-28;101;371;4;0;388;0;0;0;0;4413137;3403878;3055;0;3577038;0;0;0;0
FR;3;2021-08-29;128;128;1;0;161;0;0;0;0;4413265;3404006;3056;0;3577199;0;0;0;0
FR;3;2021-08-30;100;565;0;0;472;110;0;0;0;4413365;3404571;3056;0;3577671;110;0;0;0
FR;3;2021-08-31;134;687;7;0;591;135;0;0;0;4413499;3405258;3063;0;3578262;245;0;0;0
FR;3;2021-09-01;122;459;5;0;380;108;0;0;0;4413621;3405717;3068;0;3578642;353;0;0;0
FR;3;2021-09-02;100;595;22;0;531;105;0;0;0;4413721;3406312;3090;0;3579173;458;0;0;0
FR;3;2021-09-03;116;557;17;0;480;118;0;0;0;4413837;3406869;3107;0;3579653;576;0;0;0
FR;3;2021-09-04;55;293;3;0;254;50;0;0;0;4413892;3407162;3110;0;3579907;626;0;0;0
FR;3;2021-09-05;52;67;5;0;56;26;0;0;0;4413944;3407229;3115;0;3579963;652;0;0;0
FR;3;2021-09-06;118;368;4;0;261;131;0;0;0;4414062;3407597;3119;0;3580224;783;0;0;0
FR;3;2021-09-07;124;434;14;0;349;117;0;0;0;4414186;3408031;3133;0;3580573;900;0;0;0
FR;3;2021-09-08;121;342;2;0;271;88;0;0;0;4414307;3408373;3135;0;3580844;988;0;0;0
FR;3;2021-09-09;94;379;8;0;299;103;0;0;0;4414401;3408752;3143;0;3581143;1091;0;0;0
FR;3;2021-09-10;101;399;3;0;329;93;0;0;0;4414502;3409151;3146;0;3581472;1184;0;0;0
FR;3;2021-09-11;78;232;4;0;177;65;0;0;0;4414580;3409383;3150;0;3581649;1249;0;0;0
FR;3;2021-09-12;37;48;1;0;37;16;0;0;0;4414617;3409431;3151;0;3581686;1265;0;0;0
FR;3;2021-09-13;78;301;7;0;217;103;1;0;0;4414695;3409732;3158;0;3581903;1368;1;0;0
FR;3;2021-09-14;75;273;6;0;193;94;0;0;0;4414770;3410005;3164;0;3582096;1462;1;0;0
FR;3;2021-09-15;63;255;3;0;260;6;0;0;0;4414833;3410260;3167;0;3582356;1468;1;0;0
FR;3;2021-09-16;65;321;6;0;332;6;0;0;0;4414898;3410581;3173;0;3582688;1474;1;0;0
FR;3;2021-09-17;52;328;3;0;340;6;0;0;0;4414950;3410909;3176;0;3583028;1480;1;0;0
FR;3;2021-09-18;37;172;1;0;176;1;0;0;0;4414987;3411081;3177;0;3583204;1481;1;0;0
FR;3;2021-09-19;29;31;2;0;34;1;0;0;0;4415016;3411112;3179;0;3583238;1482;1;0;0
FR;3;2021-09-20;81;191;0;0;199;1;0;0;0;4415097;3411303;3179;0;3583437;1483;1;0;0
FR;3;2021-09-21;60;271;7;0;275;8;0;0;0;4415157;3411574;3186;0;3583712;1491;1;0;0
FR;3;2021-09-22;66;230;6;0;243;7;0;0;0;4415223;3411804;3192;0;3583955;1498;1;0;0
FR;3;2021-09-23;37;259;11;0;263;7;0;0;0;4415260;3412063;3203;0;3584218;1505;1;0;0
FR;3;2021-09-24;28;320;12;0;318;18;0;0;0;4415288;3412383;3215;0;3584536;1523;1;0;0
FR;3;2021-09-25;31;144;3;0;150;3;0;0;0;4415319;3412527;3218;0;3584686;1526;1;0;0
FR;3;2021-09-26;16;57;1;0;59;1;0;0;0;4415335;3412584;3219;0;3584745;1527;1;0;0
FR;3;2021-09-27;48;283;3;0;286;5;0;0;0;4415383;3412867;3222;0;3585031;1532;1;0;0
FR;3;2021-09-28;49;245;6;0;253;8;0;0;0;4415432;3413112;3228;0;3585284;1540;1;0;0
FR;3;2021-09-29;39;219;10;0;223;15;0;0;0;4415471;3413331;3238;0;3585507;1555;1;0;0
FR;3;2021-09-30;40;201;8;0;205;11;0;0;0;4415511;3413532;3246;0;3585712;1566;1;0;0
FR;3;2021-10-01;23;159;6;0;161;8;0;0;0;4415534;3413691;3252;0;3585873;1574;1;0;0
FR;3;2021-10-02;17;86;0;0;87;0;0;0;0;4415551;3413777;3252;0;3585960;1574;1;0;0
FR;3;2021-10-03;19;19;1;0;19;2;0;0;0;4415570;3413796;3253;0;3585979;1576;1;0;0
FR;3;2021-10-04;33;157;4;0;162;4;0;0;0;4415603;3413953;3257;0;3586141;1580;1;0;0
FR;3;2021-10-05;17;148;10;0;153;12;0;0;0;4415620;3414101;3267;0;3586294;1592;1;0;0
FR;3;2021-10-06;33;143;9;0;151;10;0;0;0;4415653;3414244;3276;0;3586445;1602;1;0;0
FR;3;2021-10-07;20;131;6;0;129;6;0;0;0;4415673;3414375;3282;0;3586574;1608;1;0;0
FR;3;2021-10-08;25;135;10;0;140;9;0;0;0;4415698;3414510;3292;0;3586714;1617;1;0;0
FR;3;2021-10-09;17;71;1;0;72;1;0;0;0;4415715;3414581;3293;0;3586786;1618;1;0;0
FR;3;2021-10-10;13;17;2;0;16;3;0;0;0;4415728;3414598;3295;0;3586802;1621;1;0;0
FR;3;2021-10-11;17;115;4;0;120;5;0;0;0;4415745;3414713;3299;0;3586922;1626;1;0;0
FR;3;2021-10-12;22;99;5;0;99;5;0;0;0;4415767;3414812;3304;0;3587021;1631;1;0;0
FR;3;2021-10-13;25;114;9;0;121;7;0;0;0;4415792;3414926;3313;0;3587142;1638;1;0;0
FR;3;2021-10-14;19;139;3;0;140;4;0;0;0;4415811;3415065;3316;0;3587282;1642;1;0;0
FR;3;2021-10-15;23;141;8;0;140;13;0;0;0;4415834;3415206;3324;0;3587422;1655;1;0;0
FR;3;2021-10-16;13;67;6;0;66;8;0;0;0;4415847;3415273;3330;0;3587488;1663;1;0;0
FR;3;2021-10-17;12;24;0;0;26;0;0;0;0;4415859;3415297;3330;0;3587514;1663;1;0;0
FR;3;2021-10-18;18;112;2;0;117;2;0;0;0;4415877;3415409;3332;0;3587631;1665;1;0;0
FR;3;2021-10-19;18;112;19;0;113;21;0;0;0;4415895;3415521;3351;0;3587744;1686;1;0;0
FR;3;2021-10-20;26;127;6;0;129;7;0;0;0;4415921;3415648;3357;0;3587873;1693;1;0;0
FR;3;2021-10-21;28;120;17;0;120;13;0;0;0;4415949;3415768;3374;0;3587993;1706;1;0;0
FR;3;2021-10-22;24;107;18;0;106;21;0;0;0;4415973;3415875;3392;0;3588099;1727;1;0;0
FR;3;2021-10-23;17;53;3;0;53;2;0;0;0;4415990;3415928;3395;0;3588152;1729;1;0;0
FR;3;2021-10-24;7;36;0;0;34;0;0;0;0;4415997;3415964;3395;0;3588186;1729;1;0;0
FR;3;2021-10-25;26;141;7;0;145;7;0;0;0;4416023;3416105;3402;0;3588331;1736;1;0;0
FR;3;2021-10-26;25;96;22;0;93;19;0;0;0;4416048;3416201;3424;0;3588424;1755;1;0;0
FR;3;2021-10-27;19;93;9;0;95;9;0;0;0;4416067;3416294;3433;0;3588519;1764;1;0;0
FR;3;2021-10-28;23;114;33;0;111;36;0;0;0;4416090;3416408;3466;0;3588630;1800;1;0;0
FR;3;2021-10-29;12;100;64;0;94;54;0;0;0;4416102;3416508;3530;0;3588724;1854;1;0;0
FR;3;2021-10-30;11;62;11;1;62;10;0;0;0;4416113;3416570;3541;1;3588786;1864;1;0;0
FR;3;2021-10-31;8;25;1;0;25;1;0;0;0;4416121;3416595;3542;1;3588811;1865;1;0;0
FR;3;2021-11-01;11;22;2;0;23;1;0;0;0;4416132;3416617;3544;1;3588834;1866;1;0;0
FR;3;2021-11-02;11;101;10;0;101;12;0;0;0;4416143;3416718;3554;1;3588935;1878;1;0;0
FR;3;2021-11-03;20;107;10;0;115;10;0;0;0;4416163;3416825;3564;1;3589050;1888;1;0;0
FR;3;2021-11-04;20;89;5;0;94;4;0;0;0;4416183;3416914;3569;1;3589144;1892;1;0;0
FR;3;2021-11-05;19;120;9;1;126;6;1;0;0;4416202;3417034;3578;2;3589270;1898;2;0;0
FR;3;2021-11-06;11;55;3;0;57;3;0;0;0;4416213;3417089;3581;2;3589327;1901;2;0;0
FR;3;2021-11-07;6;23;1;0;24;1;0;0;0;4416219;3417112;3582;2;3589351;1902;2;0;0
FR;3;2021-11-08;11;128;7;0;133;5;0;0;0;4416230;3417240;3589;2;3589484;1907;2;0;0
FR;3;2021-11-09;15;122;6;0;124;6;0;0;0;4416245;3417362;3595;2;3589608;1913;2;0;0
FR;3;2021-11-10;14;137;14;0;135;15;0;0;0;4416259;3417499;3609;2;3589743;1928;2;0;0
FR;3;2021-11-11;11;49;3;0;51;3;0;0;0;4416270;3417548;3612;2;3589794;1931;2;0;0
FR;3;2021-11-12;15;127;6;0;130;4;0;0;0;4416285;3417675;3618;2;3589924;1935;2;0;0
FR;3;2021-11-13;7;67;9;0;62;10;0;0;0;4416292;3417742;3627;2;3589986;1945;2;0;0
FR;3;2021-11-14;3;24;1;0;24;1;0;0;0;4416295;3417766;3628;2;3590010;1946;2;0;0
FR;3;2021-11-15;5;162;11;0;159;12;0;0;0;4416300;3417928;3639;2;3590169;1958;2;0;0
FR;3;2021-11-16;9;125;11;0;120;10;0;0;0;4416309;3418053;3650;2;3590289;1968;2;0;0
FR;3;2021-11-17;8;134;11;0;135;8;0;0;0;4416317;3418187;3661;2;3590424;1976;2;0;0
FR;3;2021-11-18;16;135;10;0;136;11;0;0;0;4416333;3418322;3671;2;3590560;1987;2;0;0
FR;3;2021-11-19;12;181;23;0;175;28;0;0;0;4416345;3418503;3694;2;3590735;2015;2;0;0
FR;3;2021-11-20;6;100;6;0;101;6;0;0;0;4416351;3418603;3700;2;3590836;2021;2;0;0
FR;3;2021-11-21;3;25;4;0;24;4;0;0;0;4416354;3418628;3704;2;3590860;2025;2;0;0
FR;3;2021-11-22;11;188;11;0;187;11;0;0;0;4416365;3418816;3715;2;3591047;2036;2;0;0
FR;3;2021-11-23;9;184;16;0;182;15;0;0;0;4416374;3419000;3731;2;3591229;2051;2;0;0
FR;3;2021-11-24;10;189;9;0;181;17;0;0;0;4416384;3419189;3740;2;3591410;2068;2;0;0
FR;3;2021-11-25;12;205;11;0;201;11;0;0;0;4416396;3419394;3751;2;3591611;2079;2;0;0
FR;3;2021-11-26;10;256;35;0;255;33;1;0;0;4416406;3419650;3786;2;3591866;2112;3;0;0
FR;3;2021-11-27;8;128;20;0;127;21;0;0;0;4416414;3419778;3806;2;3591993;2133;3;0;0
FR;3;2021-11-28;3;59;7;0;60;7;0;0;0;4416417;3419837;3813;2;3592053;2140;3;0;0
FR;3;2021-11-29;5;222;22;0;217;23;1;0;0;4416422;3420059;3835;2;3592270;2163;4;0;0
FR;3;2021-11-30;8;296;29;0;295;32;0;0;0;4416430;3420355;3864;2;3592565;2195;4;0;0
FR;3;2021-12-01;30;324;38;0;322;40;2;0;0;4416460;3420679;3902;2;3592887;2235;6;0;0
FR;3;2021-12-02;9;350;33;0;346;36;0;0;0;4416469;3421029;3935;2;3593233;2271;6;0;0
FR;3;2021-12-03;6;380;37;0;374;38;0;0;0;4416475;3421409;3972;2;3593607;2309;6;0;0
FR;3;2021-12-04;3;211;26;0;207;28;0;0;0;4416478;3421620;3998;2;3593814;2337;6;0;0
FR;3;2021-12-05;1;61;5;0;61;5;0;0;0;4416479;3421681;4003;2;3593875;2342;6;0;0
FR;3;2021-12-06;7;374;14;0;373;15;0;0;0;4416486;3422055;4017;2;3594248;2357;6;0;0
FR;3;2021-12-07;6;425;20;0;419;24;1;0;0;4416492;3422480;4037;2;3594667;2381;7;0;0
FR;3;2021-12-08;8;386;29;0;378;30;1;0;0;4416500;3422866;4066;2;3595045;2411;8;0;0
FR;3;2021-12-09;3;441;17;0;427;22;1;0;0;4416503;3423307;4083;2;3595472;2433;9;0;0
FR;3;2021-12-10;10;460;29;0;457;25;0;0;0;4416513;3423767;4112;2;3595929;2458;9;0;0
FR;3;2021-12-11;4;304;10;0;301;9;2;0;0;4416517;3424071;4122;2;3596230;2467;11;0;0
FR;3;2021-12-12;1;99;3;0;99;3;0;0;0;4416518;3424170;4125;2;3596329;2470;11;0;0
FR;3;2021-12-13;2;446;19;0;440;21;0;0;0;4416520;3424616;4144;2;3596769;2491;11;0;0
FR;3;2021-12-14;8;564;18;0;552;21;1;0;0;4416528;3425180;4162;2;3597321;2512;12;0;0
FR;3;2021-12-15;9;535;17;0;522;21;0;0;0;4416537;3425715;4179;2;3597843;2533;12;0;0
FR;3;2021-12-16;10;551;19;0;545;18;3;0;0;4416547;3426266;4198;2;3598388;2551;15;0;0
FR;3;2021-12-17;5;616;18;0;612;19;0;0;0;4416552;3426882;4216;2;3599000;2570;15;0;0
FR;3;2021-12-18;5;355;4;0;349;5;1;0;0;4416557;3427237;4220;2;3599349;2575;16;0;0
FR;3;2021-12-19;3;184;2;0;181;2;0;0;0;4416560;3427421;4222;2;3599530;2577;16;0;0
FR;3;2021-12-20;9;588;23;0;582;28;0;0;0;4416569;3428009;4245;2;3600112;2605;16;0;0
FR;3;2021-12-21;5;675;10;0;667;13;2;0;0;4416574;3428684;4255;2;3600779;2618;18;0;0
FR;3;2021-12-22;10;630;9;0;624;10;1;0;0;4416584;3429314;4264;2;3601403;2628;19;0;0
FR;3;2021-12-23;3;561;8;0;559;8;0;0;0;4416587;3429875;4272;2;3601962;2636;19;0;0
FR;3;2021-12-24;2;236;3;0;231;6;0;0;0;4416589;3430111;4275;2;3602193;2642;19;0;0
FR;3;2021-12-25;0;24;0;0;24;0;0;0;0;4416589;3430135;4275;2;3602217;2642;19;0;0
FR;3;2021-12-26;0;88;1;0;88;1;0;0;0;4416589;3430223;4276;2;3602305;2643;19;0;0
FR;3;2021-12-27;7;469;17;0;466;20;1;0;0;4416596;3430692;4293;2;3602771;2663;20;0;0
FR;3;2021-12-28;3;588;6;0;587;5;0;0;0;4416599;3431280;4299;2;3603358;2668;20;0;0
FR;3;2021-12-29;5;500;14;0;495;16;0;0;0;4416604;3431780;4313;2;3603853;2684;20;0;0
FR;3;2021-12-30;3;526;7;0;519;10;2;0;0;4416607;3432306;4320;2;3604372;2694;22;0;0
FR;3;2021-12-31;0;185;5;0;181;7;0;0;0;4416607;3432491;4325;2;3604553;2701;22;0;0
FR;3;2022-01-01;0;26;0;0;24;2;0;0;0;4416607;3432517;4325;2;3604577;2703;22;0;0
FR;3;2022-01-02;0;77;0;0;77;0;0;0;0;4416607;3432594;4325;2;3604654;2703;22;0;0
FR;3;2022-01-03;4;505;17;0;494;21;3;0;0;4416611;3433099;4342;2;3605148;2724;25;0;0
FR;3;2022-01-04;7;548;9;0;547;8;0;0;0;4416618;3433647;4351;2;3605695;2732;25;0;0
FR;3;2022-01-05;5;499;10;0;491;14;1;0;0;4416623;3434146;4361;2;3606186;2746;26;0;0
FR;3;2022-01-06;6;473;9;0;468;10;1;0;0;4416629;3434619;4370;2;3606654;2756;27;0;0
FR;3;2022-01-07;2;498;11;0;492;13;1;0;1;4416631;3435117;4381;2;3607146;2769;28;0;1
FR;3;2022-01-08;5;255;4;0;252;5;0;0;0;4416636;3435372;4385;2;3607398;2774;28;0;1
FR;3;2022-01-09;0;117;0;0;117;0;0;0;0;4416636;3435489;4385;2;3607515;2774;28;0;1
FR;3;2022-01-10;2;435;12;0;433;12;0;0;0;4416638;3435924;4397;2;3607948;2786;28;0;1
FR;3;2022-01-11;3;464;1;0;463;1;0;0;0;4416641;3436388;4398;2;3608411;2787;28;0;1
FR;3;2022-01-12;4;400;9;0;397;10;2;0;0;4416645;3436788;4407;2;3608808;2797;30;0;1
FR;3;2022-01-13;3;392;11;0;390;12;1;0;0;4416648;3437180;4418;2;3609198;2809;31;0;1
FR;3;2022-01-14;4;426;10;0;420;13;1;0;0;4416652;3437606;4428;2;3609618;2822;32;0;1
FR;3;2022-01-15;0;282;2;0;278;3;0;0;0;4416652;3437888;4430;2;3609896;2825;32;0;1
FR;3;2022-01-16;1;108;1;0;106;1;1;0;0;4416653;3437996;4431;2;3610002;2826;33;0;1
FR;3;2022-01-17;2;327;8;0;324;9;1;0;0;4416655;3438323;4439;2;3610326;2835;34;0;1
FR;3;2022-01-18;2;365;1;0;361;2;1;0;0;4416657;3438688;4440;2;3610687;2837;35;0;1
FR;3;2022-01-19;2;326;5;0;320;10;0;0;0;4416659;3439014;4445;2;3611007;2847;35;0;1
FR;3;2022-01-20;1;352;5;0;351;3;2;0;0;4416660;3439366;4450;2;3611358;2850;37;0;1
FR;3;2022-01-21;4;346;5;0;340;7;2;0;0;4416664;3439712;4455;2;3611698;2857;39;0;1
FR;3;2022-01-22;2;224;1;0;220;2;3;0;0;4416666;3439936;4456;2;3611918;2859;42;0;1
FR;3;2022-01-23;0;78;0;0;76;1;1;0;0;4416666;3440014;4456;2;3611994;2860;43;0;1
FR;3;2022-01-24;2;323;1;0;315;6;2;0;0;4416668;3440337;4457;2;3612309;2866;45;0;1
FR;3;2022-01-25;0;175;0;0;172;0;1;0;0;4416668;3440512;4457;2;3612481;2866;46;0;1
FR;3;2022-01-26;0;77;0;0;77;0;0;0;0;4416668;3440589;4457;2;3612558;2866;46;0;1
FR;3;2022-01-27;0;52;0;0;52;0;0;0;0;4416668;3440641;4457;2;3612610;2866;46;0;1
FR;3;2022-01-28;0;116;0;0;115;0;0;0;0;4416668;3440757;4457;2;3612725;2866;46;0;1
FR;3;2022-01-29;0;98;0;0;98;0;0;0;0;4416668;3440855;4457;2;3612823;2866;46;0;1
FR;3;2022-01-30;0;50;0;0;50;0;0;0;0;4416668;3440905;4457;2;3612873;2866;46;0;1
FR;3;2022-01-31;0;91;0;0;91;0;0;0;0;4416668;3440996;4457;2;3612964;2866;46;0;1
FR;3;2022-02-01;0;98;0;0;96;1;0;0;0;4416668;3441094;4457;2;3613060;2867;46;0;1
FR;3;2022-02-02;0;85;0;0;83;0;0;0;0;4416668;3441179;4457;2;3613143;2867;46;0;1
FR;3;2022-02-03;0;94;0;0;92;0;0;0;0;4416668;3441273;4457;2;3613235;2867;46;0;1
FR;3;2022-02-04;0;114;0;0;111;0;1;0;0;4416668;3441387;4457;2;3613346;2867;47;0;1
FR;3;2022-02-05;0;70;0;0;70;0;0;0;0;4416668;3441457;4457;2;3613416;2867;47;0;1
FR;3;2022-02-06;0;10;0;0;10;0;0;0;0;4416668;3441467;4457;2;3613426;2867;47;0;1
FR;3;2022-02-07;0;76;0;0;76;0;0;0;0;4416668;3441543;4457;2;3613502;2867;47;0;1
FR;3;2022-02-08;0;0;0;0;0;0;0;0;0;4416668;3441543;4457;2;3613502;2867;47;0;1
FR;3;2022-02-09;0;0;0;0;0;0;0;0;0;4416668;3441543;4457;2;3613502;2867;47;0;1
FR;3;2022-02-10;0;0;0;0;0;0;0;0;0;4416668;3441543;4457;2;3613502;2867;47;0;1
FR;3;2022-02-11;0;0;0;0;0;0;0;0;0;4416668;3441543;4457;2;3613502;2867;47;0;1
FR;3;2022-02-12;0;0;0;0;0;0;0;0;0;4416668;3441543;4457;2;3613502;2867;47;0;1
FR;3;2022-02-13;0;0;0;0;0;0;0;0;0;4416668;3441543;4457;2;3613502;2867;47;0;1
FR;3;2022-02-14;0;0;0;0;0;0;0;0;0;4416668;3441543;4457;2;3613502;2867;47;0;1
FR;3;2022-02-15;0;0;0;0;0;0;0;0;0;4416668;3441543;4457;2;3613502;2867;47;0;1
FR;3;2022-02-16;0;0;0;0;0;0;0;0;0;4416668;3441543;4457;2;3613502;2867;47;0;1
FR;3;2022-02-17;0;0;0;0;0;0;0;0;0;4416668;3441543;4457;2;3613502;2867;47;0;1
FR;3;2022-02-18;0;0;0;0;0;0;0;0;0;4416668;3441543;4457;2;3613502;2867;47;0;1
FR;3;2022-02-19;0;0;0;0;0;0;0;0;0;4416668;3441543;4457;2;3613502;2867;47;0;1
FR;3;2022-02-20;0;0;0;0;0;0;0;0;0;4416668;3441543;4457;2;3613502;2867;47;0;1
FR;3;2022-02-21;2;0;0;0;0;0;0;0;0;4416670;3441543;4457;2;3613502;2867;47;0;1
FR;3;2022-02-22;0;0;0;0;0;0;0;0;0;4416670;3441543;4457;2;3613502;2867;47;0;1
FR;3;2022-02-23;0;0;0;0;0;0;0;0;0;4416670;3441543;4457;2;3613502;2867;47;0;1
FR;3;2022-02-24;0;0;0;0;0;0;0;0;0;4416670;3441543;4457;2;3613502;2867;47;0;1
FR;3;2022-02-25;0;0;0;0;0;0;0;0;0;4416670;3441543;4457;2;3613502;2867;47;0;1
FR;3;2022-02-26;0;0;0;0;0;0;0;0;0;4416670;3441543;4457;2;3613502;2867;47;0;1
FR;3;2022-02-27;0;0;0;0;0;0;0;0;0;4416670;3441543;4457;2;3613502;2867;47;0;1
FR;3;2022-02-28;1;0;0;0;0;0;0;0;0;4416671;3441543;4457;2;3613502;2867;47;0;1
FR;3;2022-03-01;1;0;0;0;0;0;0;0;0;4416672;3441543;4457;2;3613502;2867;47;0;1
FR;3;2022-03-02;0;0;0;0;0;0;0;0;0;4416672;3441543;4457;2;3613502;2867;47;0;1
FR;3;2022-03-03;0;0;0;0;0;0;0;0;0;4416672;3441543;4457;2;3613502;2867;47;0;1
FR;3;2022-03-04;0;0;0;0;0;0;0;0;0;4416672;3441543;4457;2;3613502;2867;47;0;1
FR;3;2022-03-05;0;0;0;0;0;0;0;0;0;4416672;3441543;4457;2;3613502;2867;47;0;1
FR;3;2022-03-06;1;0;0;0;0;0;0;0;0;4416673;3441543;4457;2;3613502;2867;47;0;1
FR;3;2022-03-07;0;0;0;0;0;0;0;0;0;4416673;3441543;4457;2;3613502;2867;47;0;1
FR;3;2022-03-08;1;0;0;0;0;0;0;0;0;4416674;3441543;4457;2;3613502;2867;47;0;1
FR;3;2022-03-09;0;0;0;0;0;0;0;0;0;4416674;3441543;4457;2;3613502;2867;47;0;1
FR;3;2022-03-10;0;0;0;0;0;0;0;0;0;4416674;3441543;4457;2;3613502;2867;47;0;1
FR;3;2022-03-11;0;0;0;0;0;0;0;0;0;4416674;3441543;4457;2;3613502;2867;47;0;1
FR;3;2022-03-12;0;0;0;0;0;0;0;0;0;4416674;3441543;4457;2;3613502;2867;47;0;1
FR;3;2022-03-13;0;0;0;0;0;0;0;0;0;4416674;3441543;4457;2;3613502;2867;47;0;1
FR;3;2022-03-14;0;0;0;0;0;0;0;0;0;4416674;3441543;4457;2;3613502;2867;47;0;1
FR;3;2022-03-15;0;0;0;0;0;0;0;0;0;4416674;3441543;4457;2;3613502;2867;47;0;1
FR;3;2022-03-16;0;0;0;0;0;0;0;0;0;4416674;3441543;4457;2;3613502;2867;47;0;1
FR;3;2022-03-17;0;0;0;0;0;0;0;0;0;4416674;3441543;4457;2;3613502;2867;47;0;1
FR;3;2022-03-18;0;0;0;0;0;0;0;0;0;4416674;3441543;4457;2;3613502;2867;47;0;1
FR;3;2022-03-19;0;0;0;0;0;0;0;0;0;4416674;3441543;4457;2;3613502;2867;47;0;1
FR;3;2022-03-20;1;0;0;0;0;0;0;0;0;4416675;3441543;4457;2;3613502;2867;47;0;1
FR;3;2022-03-21;0;0;0;0;0;0;0;0;0;4416675;3441543;4457;2;3613502;2867;47;0;1
FR;3;2022-03-22;0;0;0;0;0;0;0;0;0;4416675;3441543;4457;2;3613502;2867;47;0;1
FR;3;2022-03-23;1;0;0;0;0;0;0;0;0;4416676;3441543;4457;2;3613502;2867;47;0;1
FR;3;2022-03-24;0;0;0;0;0;0;0;0;0;4416676;3441543;4457;2;3613502;2867;47;0;1
FR;3;2022-03-25;1;0;0;0;0;0;0;0;0;4416677;3441543;4457;2;3613502;2867;47;0;1
FR;3;2022-03-26;0;0;0;0;0;0;0;0;0;4416677;3441543;4457;2;3613502;2867;47;0;1
FR;3;2022-03-27;0;0;0;0;0;0;0;0;0;4416677;3441543;4457;2;3613502;2867;47;0;1
FR;3;2022-03-28;0;0;0;0;0;0;0;0;0;4416677;3441543;4457;2;3613502;2867;47;0;1
FR;3;2022-03-29;0;0;0;0;0;0;0;0;0;4416677;3441543;4457;2;3613502;2867;47;0;1
FR;3;2022-03-30;0;0;0;0;0;0;0;0;0;4416677;3441543;4457;2;3613502;2867;47;0;1
FR;3;2022-03-31;0;0;0;0;0;0;0;0;0;4416677;3441543;4457;2;3613502;2867;47;0;1
FR;3;2022-04-01;0;0;0;0;0;0;0;0;0;4416677;3441543;4457;2;3613502;2867;47;0;1
FR;3;2022-04-02;0;0;0;0;0;0;0;0;0;4416677;3441543;4457;2;3613502;2867;47;0;1
FR;3;2022-04-03;0;0;0;0;0;0;0;0;0;4416677;3441543;4457;2;3613502;2867;47;0;1
FR;3;2022-04-04;0;0;0;0;0;0;0;0;0;4416677;3441543;4457;2;3613502;2867;47;0;1
FR;3;2022-04-05;0;0;0;0;0;0;0;0;0;4416677;3441543;4457;2;3613502;2867;47;0;1
FR;3;2022-04-06;0;0;0;0;0;0;0;0;0;4416677;3441543;4457;2;3613502;2867;47;0;1
FR;3;2022-04-07;0;0;0;0;0;0;0;0;0;4416677;3441543;4457;2;3613502;2867;47;0;1
FR;3;2022-04-08;0;0;0;0;0;0;0;0;0;4416677;3441543;4457;2;3613502;2867;47;0;1
FR;3;2022-04-09;0;0;0;0;0;0;0;0;0;4416677;3441543;4457;2;3613502;2867;47;0;1
FR;3;2022-04-10;0;0;0;0;0;0;0;0;0;4416677;3441543;4457;2;3613502;2867;47;0;1
FR;3;2022-04-11;0;0;0;0;0;0;0;0;0;4416677;3441543;4457;2;3613502;2867;47;0;1
FR;3;2022-04-12;0;0;0;0;0;0;0;0;0;4416677;3441543;4457;2;3613502;2867;47;0;1
FR;3;2022-04-13;0;0;0;0;0;0;0;0;0;4416677;3441543;4457;2;3613502;2867;47;0;1
FR;3;2022-04-14;0;0;0;0;0;0;0;0;0;4416677;3441543;4457;2;3613502;2867;47;0;1
FR;3;2022-04-15;1;0;0;0;0;0;0;0;0;4416678;3441543;4457;2;3613502;2867;47;0;1
FR;3;2022-04-16;0;0;0;0;0;0;0;0;0;4416678;3441543;4457;2;3613502;2867;47;0;1
FR;3;2022-04-17;0;0;0;0;0;0;0;0;0;4416678;3441543;4457;2;3613502;2867;47;0;1
FR;3;2022-04-18;0;0;0;0;0;0;0;0;0;4416678;3441543;4457;2;3613502;2867;47;0;1
FR;3;2022-04-19;0;0;0;0;0;0;0;0;0;4416678;3441543;4457;2;3613502;2867;47;0;1
FR;3;2022-04-20;0;0;0;0;0;0;0;0;0;4416678;3441543;4457;2;3613502;2867;47;0;1
FR;3;2022-04-21;0;0;0;0;0;0;0;0;0;4416678;3441543;4457;2;3613502;2867;47;0;1
FR;3;2022-04-22;0;0;0;0;0;0;0;0;0;4416678;3441543;4457;2;3613502;2867;47;0;1
FR;3;2022-04-23;0;0;0;0;0;0;0;0;0;4416678;3441543;4457;2;3613502;2867;47;0;1
FR;3;2022-04-24;0;0;0;0;0;0;0;0;0;4416678;3441543;4457;2;3613502;2867;47;0;1
FR;3;2022-04-25;0;0;0;0;0;0;0;0;0;4416678;3441543;4457;2;3613502;2867;47;0;1
FR;3;2022-04-26;0;0;0;0;0;0;0;0;0;4416678;3441543;4457;2;3613502;2867;47;0;1
FR;3;2022-04-27;0;0;0;0;0;0;0;0;0;4416678;3441543;4457;2;3613502;2867;47;0;1
FR;3;2022-04-28;0;0;0;0;0;0;0;0;0;4416678;3441543;4457;2;3613502;2867;47;0;1
FR;3;2022-04-29;0;0;0;0;0;0;0;0;0;4416678;3441543;4457;2;3613502;2867;47;0;1
FR;3;2022-04-30;0;0;0;0;0;0;0;0;0;4416678;3441543;4457;2;3613502;2867;47;0;1
FR;3;2022-05-01;0;0;0;0;0;0;0;0;0;4416678;3441543;4457;2;3613502;2867;47;0;1
FR;3;2022-05-02;0;0;0;0;0;0;0;0;0;4416678;3441543;4457;2;3613502;2867;47;0;1
FR;3;2022-05-03;0;0;0;0;0;0;0;0;0;4416678;3441543;4457;2;3613502;2867;47;0;1
FR;3;2022-05-04;0;0;0;0;0;0;0;0;0;4416678;3441543;4457;2;3613502;2867;47;0;1
FR;3;2022-05-05;0;0;0;0;0;0;0;0;0;4416678;3441543;4457;2;3613502;2867;47;0;1
FR;3;2022-05-06;0;0;0;0;0;0;0;0;0;4416678;3441543;4457;2;3613502;2867;47;0;1
FR;3;2022-05-07;0;0;0;0;0;0;0;0;0;4416678;3441543;4457;2;3613502;2867;47;0;1
FR;3;2022-05-08;0;0;0;0;0;0;0;0;0;4416678;3441543;4457;2;3613502;2867;47;0;1
FR;3;2022-05-09;0;0;0;0;0;0;0;0;0;4416678;3441543;4457;2;3613502;2867;47;0;1
FR;3;2022-05-10;0;0;0;0;0;0;0;0;0;4416678;3441543;4457;2;3613502;2867;47;0;1
FR;3;2022-05-11;0;0;0;0;0;0;0;0;0;4416678;3441543;4457;2;3613502;2867;47;0;1
FR;3;2022-05-12;0;0;0;0;0;0;0;0;0;4416678;3441543;4457;2;3613502;2867;47;0;1
FR;3;2022-05-13;0;0;0;0;0;0;0;0;0;4416678;3441543;4457;2;3613502;2867;47;0;1
FR;3;2022-05-14;1;0;0;0;0;0;0;0;0;4416679;3441543;4457;2;3613502;2867;47;0;1
FR;3;2022-05-15;0;0;0;0;0;0;0;0;0;4416679;3441543;4457;2;3613502;2867;47;0;1
FR;3;2022-05-16;0;0;0;0;0;0;0;0;0;4416679;3441543;4457;2;3613502;2867;47;0;1
FR;3;2022-05-17;0;0;0;0;0;0;0;0;0;4416679;3441543;4457;2;3613502;2867;47;0;1
FR;3;2022-05-18;0;0;0;0;0;0;0;0;0;4416679;3441543;4457;2;3613502;2867;47;0;1
FR;3;2022-05-19;0;0;0;0;0;0;0;0;0;4416679;3441543;4457;2;3613502;2867;47;0;1
FR;3;2022-05-20;0;0;0;0;0;0;0;0;0;4416679;3441543;4457;2;3613502;2867;47;0;1
FR;3;2022-05-21;0;0;0;0;0;0;0;0;0;4416679;3441543;4457;2;3613502;2867;47;0;1
FR;3;2022-05-22;0;0;0;0;0;0;0;0;0;4416679;3441543;4457;2;3613502;2867;47;0;1
FR;3;2022-05-23;0;0;0;0;0;0;0;0;0;4416679;3441543;4457;2;3613502;2867;47;0;1
FR;3;2022-05-24;0;0;0;0;0;0;0;0;0;4416679;3441543;4457;2;3613502;2867;47;0;1
FR;3;2022-05-25;0;0;0;0;0;0;0;0;0;4416679;3441543;4457;2;3613502;2867;47;0;1
FR;3;2022-05-26;0;0;0;0;0;0;0;0;0;4416679;3441543;4457;2;3613502;2867;47;0;1
FR;3;2022-05-27;0;0;0;0;0;0;0;0;0;4416679;3441543;4457;2;3613502;2867;47;0;1
FR;3;2022-05-28;0;0;0;0;0;0;0;0;0;4416679;3441543;4457;2;3613502;2867;47;0;1
FR;3;2022-05-29;0;0;0;0;0;0;0;0;0;4416679;3441543;4457;2;3613502;2867;47;0;1
FR;3;2022-05-30;0;0;0;0;0;0;0;0;0;4416679;3441543;4457;2;3613502;2867;47;0;1
FR;3;2022-05-31;0;0;0;0;0;0;0;0;0;4416679;3441543;4457;2;3613502;2867;47;0;1
FR;3;2022-06-01;0;0;0;0;0;0;0;0;0;4416679;3441543;4457;2;3613502;2867;47;0;1
FR;3;2022-06-02;0;0;0;0;0;0;0;0;0;4416679;3441543;4457;2;3613502;2867;47;0;1
FR;3;2022-06-03;0;0;0;0;0;0;0;0;0;4416679;3441543;4457;2;3613502;2867;47;0;1
FR;3;2022-06-04;0;0;0;0;0;0;0;0;0;4416679;3441543;4457;2;3613502;2867;47;0;1
FR;3;2022-06-05;0;0;0;0;0;0;0;0;0;4416679;3441543;4457;2;3613502;2867;47;0;1
FR;3;2022-06-06;0;0;0;0;0;0;0;0;0;4416679;3441543;4457;2;3613502;2867;47;0;1
FR;3;2022-06-07;0;0;0;0;0;0;0;0;0;4416679;3441543;4457;2;3613502;2867;47;0;1
FR;3;2022-06-08;0;0;0;0;0;0;0;0;0;4416679;3441543;4457;2;3613502;2867;47;0;1
FR;3;2022-06-09;0;0;0;0;0;0;0;0;0;4416679;3441543;4457;2;3613502;2867;47;0;1
FR;3;2022-06-10;0;0;0;0;0;0;0;0;0;4416679;3441543;4457;2;3613502;2867;47;0;1
FR;3;2022-06-11;0;0;0;0;0;0;0;0;0;4416679;3441543;4457;2;3613502;2867;47;0;1
FR;3;2022-06-12;0;0;0;0;0;0;0;0;0;4416679;3441543;4457;2;3613502;2867;47;0;1
FR;3;2022-06-13;1;0;0;0;0;0;0;0;0;4416680;3441543;4457;2;3613502;2867;47;0;1
FR;3;2022-06-14;0;0;0;0;0;0;0;0;0;4416680;3441543;4457;2;3613502;2867;47;0;1
FR;3;2022-06-15;0;0;0;0;0;0;0;0;0;4416680;3441543;4457;2;3613502;2867;47;0;1
FR;3;2022-06-16;0;0;0;0;0;0;0;0;0;4416680;3441543;4457;2;3613502;2867;47;0;1
FR;3;2022-06-17;0;0;0;0;0;0;0;0;0;4416680;3441543;4457;2;3613502;2867;47;0;1
FR;3;2022-06-18;0;0;0;0;0;0;0;0;0;4416680;3441543;4457;2;3613502;2867;47;0;1
FR;3;2022-06-19;0;0;0;0;0;0;0;0;0;4416680;3441543;4457;2;3613502;2867;47;0;1
FR;3;2022-06-20;0;0;0;0;0;0;0;0;0;4416680;3441543;4457;2;3613502;2867;47;0;1
FR;3;2022-06-21;0;0;0;0;0;0;0;0;0;4416680;3441543;4457;2;3613502;2867;47;0;1
FR;3;2022-06-22;0;0;0;0;0;0;0;0;0;4416680;3441543;4457;2;3613502;2867;47;0;1
FR;3;2022-06-23;0;0;0;0;0;0;0;0;0;4416680;3441543;4457;2;3613502;2867;47;0;1
FR;3;2022-06-24;0;0;0;0;0;0;0;0;0;4416680;3441543;4457;2;3613502;2867;47;0;1
FR;3;2022-06-25;0;0;0;0;0;0;0;0;0;4416680;3441543;4457;2;3613502;2867;47;0;1
FR;3;2022-06-26;0;0;0;0;0;0;0;0;0;4416680;3441543;4457;2;3613502;2867;47;0;1
FR;3;2022-06-27;0;0;0;0;0;0;0;0;0;4416680;3441543;4457;2;3613502;2867;47;0;1
FR;3;2022-06-28;0;0;0;0;0;0;0;0;0;4416680;3441543;4457;2;3613502;2867;47;0;1
FR;3;2022-06-29;1;0;0;0;0;0;0;0;0;4416681;3441543;4457;2;3613502;2867;47;0;1
FR;3;2022-06-30;0;0;0;0;0;0;0;0;0;4416681;3441543;4457;2;3613502;2867;47;0;1
FR;3;2022-07-01;0;0;0;0;0;0;0;0;0;4416681;3441543;4457;2;3613502;2867;47;0;1
FR;3;2022-07-02;0;0;0;0;0;0;0;0;0;4416681;3441543;4457;2;3613502;2867;47;0;1
FR;3;2022-07-03;0;0;0;0;0;0;0;0;0;4416681;3441543;4457;2;3613502;2867;47;0;1
FR;3;2022-07-04;0;0;0;0;0;0;0;0;0;4416681;3441543;4457;2;3613502;2867;47;0;1
FR;3;2022-07-05;0;0;0;0;0;0;0;0;0;4416681;3441543;4457;2;3613502;2867;47;0;1
FR;3;2022-07-06;0;0;0;0;0;0;0;0;0;4416681;3441543;4457;2;3613502;2867;47;0;1
FR;3;2022-07-07;0;0;0;0;0;0;0;0;0;4416681;3441543;4457;2;3613502;2867;47;0;1
FR;3;2022-07-08;0;0;0;0;0;0;0;0;0;4416681;3441543;4457;2;3613502;2867;47;0;1
FR;3;2022-07-09;0;0;0;0;0;0;0;0;0;4416681;3441543;4457;2;3613502;2867;47;0;1
FR;3;2022-07-10;0;0;0;0;0;0;0;0;0;4416681;3441543;4457;2;3613502;2867;47;0;1
FR;3;2022-07-11;0;0;0;0;0;0;0;0;0;4416681;3441543;4457;2;3613502;2867;47;0;1
FR;3;2022-07-12;0;0;0;0;0;0;0;0;0;4416681;3441543;4457;2;3613502;2867;47;0;1
FR;3;2022-07-13;0;0;0;0;0;0;0;0;0;4416681;3441543;4457;2;3613502;2867;47;0;1
FR;3;2022-07-14;0;0;0;0;0;0;0;0;0;4416681;3441543;4457;2;3613502;2867;47;0;1
FR;3;2022-07-15;0;0;0;0;0;0;0;0;0;4416681;3441543;4457;2;3613502;2867;47;0;1
FR;3;2022-07-16;0;0;0;0;0;0;0;0;0;4416681;3441543;4457;2;3613502;2867;47;0;1
FR;3;2022-07-17;0;0;0;0;0;0;0;0;0;4416681;3441543;4457;2;3613502;2867;47;0;1
FR;3;2022-07-18;0;0;0;0;0;0;0;0;0;4416681;3441543;4457;2;3613502;2867;47;0;1
FR;3;2022-07-19;0;0;0;0;0;0;0;0;0;4416681;3441543;4457;2;3613502;2867;47;0;1
FR;3;2022-07-20;0;0;0;0;0;0;0;0;0;4416681;3441543;4457;2;3613502;2867;47;0;1
FR;3;2022-07-21;0;0;0;0;0;0;0;0;0;4416681;3441543;4457;2;3613502;2867;47;0;1
FR;3;2022-07-22;0;0;0;0;0;0;0;0;0;4416681;3441543;4457;2;3613502;2867;47;0;1
FR;3;2022-07-23;0;0;0;0;0;0;0;0;0;4416681;3441543;4457;2;3613502;2867;47;0;1
FR;3;2022-07-24;0;0;0;0;0;0;0;0;0;4416681;3441543;4457;2;3613502;2867;47;0;1
FR;3;2022-07-25;0;0;0;0;0;0;0;0;0;4416681;3441543;4457;2;3613502;2867;47;0;1
FR;3;2022-07-26;0;0;0;0;0;0;0;0;0;4416681;3441543;4457;2;3613502;2867;47;0;1
FR;3;2022-07-27;0;0;0;0;0;0;0;0;0;4416681;3441543;4457;2;3613502;2867;47;0;1
FR;3;2022-07-28;0;0;0;0;0;0;0;0;0;4416681;3441543;4457;2;3613502;2867;47;0;1
FR;3;2022-07-29;0;0;0;0;0;0;0;0;0;4416681;3441543;4457;2;3613502;2867;47;0;1
FR;3;2022-07-30;0;0;0;0;0;0;0;0;0;4416681;3441543;4457;2;3613502;2867;47;0;1
FR;3;2022-07-31;0;0;0;0;0;0;0;0;0;4416681;3441543;4457;2;3613502;2867;47;0;1
FR;3;2022-08-01;0;0;0;0;0;0;0;0;0;4416681;3441543;4457;2;3613502;2867;47;0;1
FR;3;2022-08-02;0;0;0;0;0;0;0;0;0;4416681;3441543;4457;2;3613502;2867;47;0;1
FR;3;2022-08-03;0;0;0;0;0;0;0;0;0;4416681;3441543;4457;2;3613502;2867;47;0;1
FR;3;2022-08-04;0;0;0;0;0;0;0;0;0;4416681;3441543;4457;2;3613502;2867;47;0;1
FR;3;2022-08-05;0;0;0;0;0;0;0;0;0;4416681;3441543;4457;2;3613502;2867;47;0;1
FR;3;2022-08-06;0;0;0;0;0;0;0;0;0;4416681;3441543;4457;2;3613502;2867;47;0;1
FR;3;2022-08-07;0;0;0;0;0;0;0;0;0;4416681;3441543;4457;2;3613502;2867;47;0;1
FR;3;2022-08-08;0;0;0;0;0;0;0;0;0;4416681;3441543;4457;2;3613502;2867;47;0;1
FR;3;2022-08-09;0;0;0;0;0;0;0;0;0;4416681;3441543;4457;2;3613502;2867;47;0;1
FR;3;2022-08-10;0;0;0;0;0;0;0;0;0;4416681;3441543;4457;2;3613502;2867;47;0;1
FR;3;2022-08-11;0;0;0;0;0;0;0;0;0;4416681;3441543;4457;2;3613502;2867;47;0;1
FR;3;2022-08-12;0;0;0;0;0;0;0;0;0;4416681;3441543;4457;2;3613502;2867;47;0;1
FR;3;2022-08-13;0;0;0;0;0;0;0;0;0;4416681;3441543;4457;2;3613502;2867;47;0;1
FR;3;2022-08-14;0;0;0;0;0;0;0;0;0;4416681;3441543;4457;2;3613502;2867;47;0;1
FR;3;2022-08-15;0;0;0;0;0;0;0;0;0;4416681;3441543;4457;2;3613502;2867;47;0;1
FR;3;2022-08-16;0;0;0;0;0;0;0;0;0;4416681;3441543;4457;2;3613502;2867;47;0;1
FR;3;2022-08-17;0;0;0;0;0;0;0;0;0;4416681;3441543;4457;2;3613502;2867;47;0;1
FR;3;2022-08-18;0;0;0;0;0;0;0;0;0;4416681;3441543;4457;2;3613502;2867;47;0;1
FR;3;2022-08-19;0;0;0;0;0;0;0;0;0;4416681;3441543;4457;2;3613502;2867;47;0;1
FR;3;2022-08-20;0;0;0;0;0;0;0;0;0;4416681;3441543;4457;2;3613502;2867;47;0;1
FR;3;2022-08-21;0;0;0;0;0;0;0;0;0;4416681;3441543;4457;2;3613502;2867;47;0;1
FR;3;2022-08-22;0;0;0;0;0;0;0;0;0;4416681;3441543;4457;2;3613502;2867;47;0;1
FR;3;2022-08-23;0;0;0;0;0;0;0;0;0;4416681;3441543;4457;2;3613502;2867;47;0;1
FR;3;2022-08-24;0;0;0;0;0;0;0;0;0;4416681;3441543;4457;2;3613502;2867;47;0;1
FR;3;2022-08-25;0;0;0;0;0;0;0;0;0;4416681;3441543;4457;2;3613502;2867;47;0;1
FR;3;2022-08-26;0;0;0;0;0;0;0;0;0;4416681;3441543;4457;2;3613502;2867;47;0;1
FR;3;2022-08-27;0;0;0;0;0;0;0;0;0;4416681;3441543;4457;2;3613502;2867;47;0;1
FR;3;2022-08-28;0;0;0;0;0;0;0;0;0;4416681;3441543;4457;2;3613502;2867;47;0;1
FR;3;2022-08-29;0;0;0;0;0;0;0;0;0;4416681;3441543;4457;2;3613502;2867;47;0;1
FR;3;2022-08-30;0;0;0;0;0;0;0;0;0;4416681;3441543;4457;2;3613502;2867;47;0;1
FR;3;2022-08-31;0;0;0;0;0;0;0;0;0;4416681;3441543;4457;2;3613502;2867;47;0;1
FR;3;2022-09-01;0;0;0;0;0;0;0;0;0;4416681;3441543;4457;2;3613502;2867;47;0;1
FR;3;2022-09-02;0;0;0;0;0;0;0;0;0;4416681;3441543;4457;2;3613502;2867;47;0;1
FR;3;2022-09-03;0;0;0;0;0;0;0;0;0;4416681;3441543;4457;2;3613502;2867;47;0;1
FR;3;2022-09-04;0;0;0;0;0;0;0;0;0;4416681;3441543;4457;2;3613502;2867;47;0;1
FR;3;2022-09-05;0;0;0;0;0;0;0;0;0;4416681;3441543;4457;2;3613502;2867;47;0;1
FR;3;2022-09-06;0;0;0;0;0;0;0;0;0;4416681;3441543;4457;2;3613502;2867;47;0;1
FR;3;2022-09-07;0;0;0;0;0;0;0;0;0;4416681;3441543;4457;2;3613502;2867;47;0;1
FR;3;2022-09-08;0;0;0;0;0;0;0;0;0;4416681;3441543;4457;2;3613502;2867;47;0;1
FR;3;2022-09-09;0;0;0;0;0;0;0;0;0;4416681;3441543;4457;2;3613502;2867;47;0;1
FR;3;2022-09-10;0;0;0;0;0;0;0;0;0;4416681;3441543;4457;2;3613502;2867;47;0;1
FR;3;2022-09-11;0;0;0;0;0;0;0;0;0;4416681;3441543;4457;2;3613502;2867;47;0;1
FR;3;2022-09-12;0;0;0;0;0;0;0;0;0;4416681;3441543;4457;2;3613502;2867;47;0;1
FR;3;2022-09-13;0;0;0;0;0;0;0;0;0;4416681;3441543;4457;2;3613502;2867;47;0;1
FR;3;2022-09-14;0;0;0;0;0;0;0;0;0;4416681;3441543;4457;2;3613502;2867;47;0;1
FR;3;2022-09-15;0;0;0;0;0;0;0;0;0;4416681;3441543;4457;2;3613502;2867;47;0;1
FR;3;2022-09-16;0;0;0;0;0;0;0;0;0;4416681;3441543;4457;2;3613502;2867;47;0;1
FR;3;2022-09-17;0;0;0;0;0;0;0;0;0;4416681;3441543;4457;2;3613502;2867;47;0;1
FR;3;2022-09-18;0;0;0;0;0;0;0;0;0;4416681;3441543;4457;2;3613502;2867;47;0;1
FR;3;2022-09-19;0;0;0;0;0;0;0;0;0;4416681;3441543;4457;2;3613502;2867;47;0;1
FR;3;2022-09-20;0;0;0;0;0;0;0;0;0;4416681;3441543;4457;2;3613502;2867;47;0;1
FR;3;2022-09-21;0;0;0;0;0;0;0;0;0;4416681;3441543;4457;2;3613502;2867;47;0;1
FR;3;2022-09-22;0;0;0;0;0;0;0;0;0;4416681;3441543;4457;2;3613502;2867;47;0;1
FR;3;2022-09-23;0;0;0;0;0;0;0;0;0;4416681;3441543;4457;2;3613502;2867;47;0;1
FR;3;2022-09-24;0;0;0;0;0;0;0;0;0;4416681;3441543;4457;2;3613502;2867;47;0;1
FR;3;2022-09-25;0;0;0;0;0;0;0;0;0;4416681;3441543;4457;2;3613502;2867;47;0;1
FR;3;2022-09-26;0;0;0;0;0;0;0;0;0;4416681;3441543;4457;2;3613502;2867;47;0;1
FR;3;2022-09-27;0;0;0;0;0;0;0;0;0;4416681;3441543;4457;2;3613502;2867;47;0;1
FR;3;2022-09-28;0;0;0;0;0;0;0;0;0;4416681;3441543;4457;2;3613502;2867;47;0;1
FR;3;2022-09-29;0;0;0;0;0;0;0;0;0;4416681;3441543;4457;2;3613502;2867;47;0;1
FR;3;2022-09-30;0;0;0;0;0;0;0;0;0;4416681;3441543;4457;2;3613502;2867;47;0;1
FR;3;2022-10-01;0;0;0;0;0;0;0;0;0;4416681;3441543;4457;2;3613502;2867;47;0;1
FR;3;2022-10-02;0;0;0;0;0;0;0;0;0;4416681;3441543;4457;2;3613502;2867;47;0;1
FR;3;2022-10-03;0;0;0;0;0;0;0;0;0;4416681;3441543;4457;2;3613502;2867;47;0;1
FR;3;2022-10-04;0;0;0;0;0;0;0;0;0;4416681;3441543;4457;2;3613502;2867;47;0;1
FR;3;2022-10-05;0;0;0;0;0;0;0;0;0;4416681;3441543;4457;2;3613502;2867;47;0;1
FR;3;2022-10-06;0;0;0;0;0;0;0;0;0;4416681;3441543;4457;2;3613502;2867;47;0;1
FR;3;2022-10-07;0;0;0;0;0;0;0;0;0;4416681;3441543;4457;2;3613502;2867;47;0;1
FR;3;2022-10-08;0;0;0;0;0;0;0;0;0;4416681;3441543;4457;2;3613502;2867;47;0;1
FR;3;2022-10-09;0;0;0;0;0;0;0;0;0;4416681;3441543;4457;2;3613502;2867;47;0;1
FR;3;2022-10-10;0;0;0;0;0;0;0;0;0;4416681;3441543;4457;2;3613502;2867;47;0;1
FR;3;2022-10-11;0;0;0;0;0;0;0;0;0;4416681;3441543;4457;2;3613502;2867;47;0;1
FR;3;2022-10-12;0;0;0;0;0;0;0;0;0;4416681;3441543;4457;2;3613502;2867;47;0;1
FR;3;2022-10-13;0;0;0;0;0;0;0;0;0;4416681;3441543;4457;2;3613502;2867;47;0;1
FR;3;2022-10-14;0;0;0;0;0;0;0;0;0;4416681;3441543;4457;2;3613502;2867;47;0;1
FR;3;2022-10-15;0;0;0;0;0;0;0;0;0;4416681;3441543;4457;2;3613502;2867;47;0;1
FR;3;2022-10-16;0;0;0;0;0;0;0;0;0;4416681;3441543;4457;2;3613502;2867;47;0;1
FR;3;2022-10-17;0;0;0;0;0;0;0;0;0;4416681;3441543;4457;2;3613502;2867;47;0;1
FR;3;2022-10-18;0;0;0;0;0;0;0;0;0;4416681;3441543;4457;2;3613502;2867;47;0;1
FR;3;2022-10-19;0;0;0;0;0;0;0;0;0;4416681;3441543;4457;2;3613502;2867;47;0;1
FR;3;2022-10-20;0;0;0;0;0;0;0;0;0;4416681;3441543;4457;2;3613502;2867;47;0;1
FR;3;2022-10-21;0;0;0;0;0;0;0;0;0;4416681;3441543;4457;2;3613502;2867;47;0;1
FR;3;2022-10-22;0;0;0;0;0;0;0;0;0;4416681;3441543;4457;2;3613502;2867;47;0;1
FR;3;2022-10-23;0;0;0;0;0;0;0;0;0;4416681;3441543;4457;2;3613502;2867;47;0;1
FR;3;2022-10-24;0;0;0;0;0;0;0;0;0;4416681;3441543;4457;2;3613502;2867;47;0;1
FR;3;2022-10-25;0;0;0;0;0;0;0;0;0;4416681;3441543;4457;2;3613502;2867;47;0;1
FR;3;2022-10-26;0;0;0;0;0;0;0;0;0;4416681;3441543;4457;2;3613502;2867;47;0;1
FR;3;2022-10-27;0;0;0;0;0;0;0;0;0;4416681;3441543;4457;2;3613502;2867;47;0;1
FR;3;2022-10-28;0;0;0;0;0;0;0;0;0;4416681;3441543;4457;2;3613502;2867;47;0;1
FR;3;2022-10-29;0;0;0;0;0;0;0;0;0;4416681;3441543;4457;2;3613502;2867;47;0;1
FR;3;2022-10-30;0;0;0;0;0;0;0;0;0;4416681;3441543;4457;2;3613502;2867;47;0;1
FR;3;2022-10-31;0;0;0;0;0;0;0;0;0;4416681;3441543;4457;2;3613502;2867;47;0;1
FR;3;2022-11-01;0;0;0;0;0;0;0;0;0;4416681;3441543;4457;2;3613502;2867;47;0;1
FR;3;2022-11-02;0;0;0;0;0;0;0;0;0;4416681;3441543;4457;2;3613502;2867;47;0;1
FR;3;2022-11-03;0;0;0;0;0;0;0;0;0;4416681;3441543;4457;2;3613502;2867;47;0;1
FR;3;2022-11-04;0;0;0;0;0;0;0;0;0;4416681;3441543;4457;2;3613502;2867;47;0;1
FR;3;2022-11-05;0;0;0;0;0;0;0;0;0;4416681;3441543;4457;2;3613502;2867;47;0;1
FR;3;2022-11-06;0;0;0;0;0;0;0;0;0;4416681;3441543;4457;2;3613502;2867;47;0;1
FR;3;2022-11-07;0;0;0;0;0;0;0;0;0;4416681;3441543;4457;2;3613502;2867;47;0;1
FR;3;2022-11-08;1;0;0;0;0;0;0;0;0;4416682;3441543;4457;2;3613502;2867;47;0;1
FR;3;2022-11-09;0;0;0;0;0;0;0;0;0;4416682;3441543;4457;2;3613502;2867;47;0;1
FR;3;2022-11-10;0;0;0;0;0;0;0;0;0;4416682;3441543;4457;2;3613502;2867;47;0;1
FR;3;2022-11-11;0;0;0;0;0;0;0;0;0;4416682;3441543;4457;2;3613502;2867;47;0;1
FR;3;2022-11-12;0;0;0;0;0;0;0;0;0;4416682;3441543;4457;2;3613502;2867;47;0;1
FR;3;2022-11-13;0;0;0;0;0;0;0;0;0;4416682;3441543;4457;2;3613502;2867;47;0;1
FR;3;2022-11-14;0;0;0;0;0;0;0;0;0;4416682;3441543;4457;2;3613502;2867;47;0;1
FR;3;2022-11-15;0;0;0;0;0;0;0;0;0;4416682;3441543;4457;2;3613502;2867;47;0;1
FR;3;2022-11-16;0;0;0;0;0;0;0;0;0;4416682;3441543;4457;2;3613502;2867;47;0;1
FR;3;2022-11-17;0;0;0;0;0;0;0;0;0;4416682;3441543;4457;2;3613502;2867;47;0;1
FR;3;2022-11-18;0;0;0;0;0;0;0;0;0;4416682;3441543;4457;2;3613502;2867;47;0;1
FR;3;2022-11-19;0;0;0;0;0;0;0;0;0;4416682;3441543;4457;2;3613502;2867;47;0;1
FR;3;2022-11-20;0;0;0;0;0;0;0;0;0;4416682;3441543;4457;2;3613502;2867;47;0;1
FR;3;2022-11-21;0;0;0;0;0;0;0;0;0;4416682;3441543;4457;2;3613502;2867;47;0;1
FR;3;2022-11-22;0;0;0;0;0;0;0;0;0;4416682;3441543;4457;2;3613502;2867;47;0;1
FR;3;2022-11-23;0;0;0;0;0;0;0;0;0;4416682;3441543;4457;2;3613502;2867;47;0;1
FR;3;2022-11-24;0;0;0;0;0;0;0;0;0;4416682;3441543;4457;2;3613502;2867;47;0;1
FR;3;2022-11-25;0;0;0;0;0;0;0;0;0;4416682;3441543;4457;2;3613502;2867;47;0;1
FR;3;2022-11-26;0;0;0;0;0;0;0;0;0;4416682;3441543;4457;2;3613502;2867;47;0;1
FR;3;2022-11-27;0;0;0;0;0;0;0;0;0;4416682;3441543;4457;2;3613502;2867;47;0;1
FR;3;2022-11-28;0;0;0;0;0;0;0;0;0;4416682;3441543;4457;2;3613502;2867;47;0;1
FR;3;2022-11-29;0;0;0;0;0;0;0;0;0;4416682;3441543;4457;2;3613502;2867;47;0;1
FR;3;2022-11-30;0;0;0;0;0;0;0;0;0;4416682;3441543;4457;2;3613502;2867;47;0;1
FR;3;2022-12-01;0;0;0;0;0;0;0;0;0;4416682;3441543;4457;2;3613502;2867;47;0;1
FR;3;2022-12-02;0;0;0;0;0;0;0;0;0;4416682;3441543;4457;2;3613502;2867;47;0;1
FR;3;2022-12-03;0;0;0;0;0;0;0;0;0;4416682;3441543;4457;2;3613502;2867;47;0;1
FR;3;2022-12-04;0;0;0;0;0;0;0;0;0;4416682;3441543;4457;2;3613502;2867;47;0;1
FR;3;2022-12-05;0;0;0;0;0;0;0;0;0;4416682;3441543;4457;2;3613502;2867;47;0;1
FR;3;2022-12-06;0;0;0;0;0;0;0;0;0;4416682;3441543;4457;2;3613502;2867;47;0;1
FR;3;2022-12-07;0;0;0;0;0;0;0;0;0;4416682;3441543;4457;2;3613502;2867;47;0;1
FR;3;2022-12-08;0;0;0;0;0;0;0;0;0;4416682;3441543;4457;2;3613502;2867;47;0;1
FR;3;2022-12-09;0;0;0;0;0;0;0;0;0;4416682;3441543;4457;2;3613502;2867;47;0;1
FR;3;2022-12-10;0;0;0;0;0;0;0;0;0;4416682;3441543;4457;2;3613502;2867;47;0;1
FR;3;2022-12-11;0;0;0;0;0;0;0;0;0;4416682;3441543;4457;2;3613502;2867;47;0;1
FR;3;2022-12-12;0;0;0;0;0;0;0;0;0;4416682;3441543;4457;2;3613502;2867;47;0;1
FR;3;2022-12-13;0;0;0;0;0;0;0;0;0;4416682;3441543;4457;2;3613502;2867;47;0;1
FR;3;2022-12-14;0;0;0;0;0;0;0;0;0;4416682;3441543;4457;2;3613502;2867;47;0;1
FR;3;2022-12-15;0;0;0;0;0;0;0;0;0;4416682;3441543;4457;2;3613502;2867;47;0;1
FR;3;2022-12-16;0;0;0;0;0;0;0;0;0;4416682;3441543;4457;2;3613502;2867;47;0;1
FR;3;2022-12-17;0;0;0;0;0;0;0;0;0;4416682;3441543;4457;2;3613502;2867;47;0;1
FR;3;2022-12-18;0;0;0;0;0;0;0;0;0;4416682;3441543;4457;2;3613502;2867;47;0;1
FR;3;2022-12-19;0;0;0;0;0;0;0;0;0;4416682;3441543;4457;2;3613502;2867;47;0;1
FR;3;2022-12-20;0;0;0;0;0;0;0;0;0;4416682;3441543;4457;2;3613502;2867;47;0;1
FR;3;2022-12-21;0;0;0;0;0;0;0;0;0;4416682;3441543;4457;2;3613502;2867;47;0;1
FR;3;2022-12-22;0;0;0;0;0;0;0;0;0;4416682;3441543;4457;2;3613502;2867;47;0;1
FR;3;2022-12-23;0;0;0;0;0;0;0;0;0;4416682;3441543;4457;2;3613502;2867;47;0;1
FR;3;2022-12-24;0;0;0;0;0;0;0;0;0;4416682;3441543;4457;2;3613502;2867;47;0;1
FR;3;2022-12-25;0;0;0;0;0;0;0;0;0;4416682;3441543;4457;2;3613502;2867;47;0;1
FR;3;2022-12-26;0;0;0;0;0;0;0;0;0;4416682;3441543;4457;2;3613502;2867;47;0;1
FR;3;2022-12-27;0;0;0;0;0;0;0;0;0;4416682;3441543;4457;2;3613502;2867;47;0;1
FR;4;2020-12-27;0;0;0;0;0;0;0;0;0;0;0;0;0;0;0;0;0;0
FR;4;2020-12-28;0;0;0;0;0;0;0;0;0;0;0;0;0;0;0;0;0;0
FR;4;2020-12-29;0;0;0;0;0;0;0;0;0;0;0;0;0;0;0;0;0;0
FR;4;2020-12-30;0;0;0;0;0;0;0;0;0;0;0;0;0;0;0;0;0;0
FR;4;2020-12-31;0;0;0;0;0;0;0;0;0;0;0;0;0;0;0;0;0;0
FR;4;2021-01-01;0;0;0;0;0;0;0;0;0;0;0;0;0;0;0;0;0;0
FR;4;2021-01-02;0;0;0;0;0;0;0;0;0;0;0;0;0;0;0;0;0;0
FR;4;2021-01-03;0;0;0;0;0;0;0;0;0;0;0;0;0;0;0;0;0;0
FR;4;2021-01-04;0;0;0;0;0;0;0;0;0;0;0;0;0;0;0;0;0;0
FR;4;2021-01-05;0;0;0;0;0;0;0;0;0;0;0;0;0;0;0;0;0;0
FR;4;2021-01-06;0;0;0;0;0;0;0;0;0;0;0;0;0;0;0;0;0;0
FR;4;2021-01-07;0;0;0;0;0;0;0;0;0;0;0;0;0;0;0;0;0;0
FR;4;2021-01-08;0;0;0;0;0;0;0;0;0;0;0;0;0;0;0;0;0;0
FR;4;2021-01-09;0;0;0;0;0;0;0;0;0;0;0;0;0;0;0;0;0;0
FR;4;2021-01-10;0;0;0;0;0;0;0;0;0;0;0;0;0;0;0;0;0;0
FR;4;2021-01-11;0;0;0;0;0;0;0;0;0;0;0;0;0;0;0;0;0;0
FR;4;2021-01-12;0;0;0;0;0;0;0;0;0;0;0;0;0;0;0;0;0;0
FR;4;2021-01-13;0;0;0;0;0;0;0;0;0;0;0;0;0;0;0;0;0;0
FR;4;2021-01-14;0;0;0;0;0;0;0;0;0;0;0;0;0;0;0;0;0;0
FR;4;2021-01-15;0;0;0;0;0;0;0;0;0;0;0;0;0;0;0;0;0;0
FR;4;2021-01-16;0;0;0;0;0;0;0;0;0;0;0;0;0;0;0;0;0;0
FR;4;2021-01-17;0;0;0;0;0;0;0;0;0;0;0;0;0;0;0;0;0;0
FR;4;2021-01-18;0;0;0;0;0;0;0;0;0;0;0;0;0;0;0;0;0;0
FR;4;2021-01-19;0;0;0;0;0;0;0;0;0;0;0;0;0;0;0;0;0;0
FR;4;2021-01-20;0;0;0;0;0;0;0;0;0;0;0;0;0;0;0;0;0;0
FR;4;2021-01-21;0;0;0;0;0;0;0;0;0;0;0;0;0;0;0;0;0;0
FR;4;2021-01-22;0;0;0;0;0;0;0;0;0;0;0;0;0;0;0;0;0;0
FR;4;2021-01-23;0;0;0;0;0;0;0;0;0;0;0;0;0;0;0;0;0;0
FR;4;2021-01-24;0;0;0;0;0;0;0;0;0;0;0;0;0;0;0;0;0;0
FR;4;2021-01-25;0;0;0;0;0;0;0;0;0;0;0;0;0;0;0;0;0;0
FR;4;2021-01-26;0;0;0;0;0;0;0;0;0;0;0;0;0;0;0;0;0;0
FR;4;2021-01-27;0;0;0;0;0;0;0;0;0;0;0;0;0;0;0;0;0;0
FR;4;2021-01-28;0;0;0;0;0;0;0;0;0;0;0;0;0;0;0;0;0;0
FR;4;2021-01-29;0;0;0;0;0;0;0;0;0;0;0;0;0;0;0;0;0;0
FR;4;2021-01-30;0;0;0;0;0;0;0;0;0;0;0;0;0;0;0;0;0;0
FR;4;2021-01-31;0;0;0;0;0;0;0;0;0;0;0;0;0;0;0;0;0;0
FR;4;2021-02-01;0;0;0;0;0;0;0;0;0;0;0;0;0;0;0;0;0;0
FR;4;2021-02-02;0;0;0;0;0;0;0;0;0;0;0;0;0;0;0;0;0;0
FR;4;2021-02-03;0;0;0;0;0;0;0;0;0;0;0;0;0;0;0;0;0;0
FR;4;2021-02-04;0;0;0;0;0;0;0;0;0;0;0;0;0;0;0;0;0;0
FR;4;2021-02-05;0;0;0;0;0;0;0;0;0;0;0;0;0;0;0;0;0;0
FR;4;2021-02-06;0;0;0;0;0;0;0;0;0;0;0;0;0;0;0;0;0;0
FR;4;2021-02-07;0;0;0;0;0;0;0;0;0;0;0;0;0;0;0;0;0;0
FR;4;2021-02-08;0;0;0;0;0;0;0;0;0;0;0;0;0;0;0;0;0;0
FR;4;2021-02-09;0;0;0;0;0;0;0;0;0;0;0;0;0;0;0;0;0;0
FR;4;2021-02-10;0;0;0;0;0;0;0;0;0;0;0;0;0;0;0;0;0;0
FR;4;2021-02-11;0;0;0;0;0;0;0;0;0;0;0;0;0;0;0;0;0;0
FR;4;2021-02-12;0;0;0;0;0;0;0;0;0;0;0;0;0;0;0;0;0;0
FR;4;2021-02-13;0;0;0;0;0;0;0;0;0;0;0;0;0;0;0;0;0;0
FR;4;2021-02-14;0;0;0;0;0;0;0;0;0;0;0;0;0;0;0;0;0;0
FR;4;2021-02-15;0;0;0;0;0;0;0;0;0;0;0;0;0;0;0;0;0;0
FR;4;2021-02-16;0;0;0;0;0;0;0;0;0;0;0;0;0;0;0;0;0;0
FR;4;2021-02-17;0;0;0;0;0;0;0;0;0;0;0;0;0;0;0;0;0;0
FR;4;2021-02-18;0;0;0;0;0;0;0;0;0;0;0;0;0;0;0;0;0;0
FR;4;2021-02-19;0;0;0;0;0;0;0;0;0;0;0;0;0;0;0;0;0;0
FR;4;2021-02-20;0;0;0;0;0;0;0;0;0;0;0;0;0;0;0;0;0;0
FR;4;2021-02-21;0;0;0;0;0;0;0;0;0;0;0;0;0;0;0;0;0;0
FR;4;2021-02-22;0;0;0;0;0;0;0;0;0;0;0;0;0;0;0;0;0;0
FR;4;2021-02-23;0;0;0;0;0;0;0;0;0;0;0;0;0;0;0;0;0;0
FR;4;2021-02-24;0;0;0;0;0;0;0;0;0;0;0;0;0;0;0;0;0;0
FR;4;2021-02-25;0;0;0;0;0;0;0;0;0;0;0;0;0;0;0;0;0;0
FR;4;2021-02-26;0;0;0;0;0;0;0;0;0;0;0;0;0;0;0;0;0;0
FR;4;2021-02-27;0;0;0;0;0;0;0;0;0;0;0;0;0;0;0;0;0;0
FR;4;2021-02-28;0;0;0;0;0;0;0;0;0;0;0;0;0;0;0;0;0;0
FR;4;2021-03-01;0;0;0;0;0;0;0;0;0;0;0;0;0;0;0;0;0;0
FR;4;2021-03-02;0;0;0;0;0;0;0;0;0;0;0;0;0;0;0;0;0;0
FR;4;2021-03-03;0;0;0;0;0;0;0;0;0;0;0;0;0;0;0;0;0;0
FR;4;2021-03-04;0;0;0;0;0;0;0;0;0;0;0;0;0;0;0;0;0;0
FR;4;2021-03-05;0;0;0;0;0;0;0;0;0;0;0;0;0;0;0;0;0;0
FR;4;2021-03-06;0;0;0;0;0;0;0;0;0;0;0;0;0;0;0;0;0;0
FR;4;2021-03-07;0;0;0;0;0;0;0;0;0;0;0;0;0;0;0;0;0;0
FR;4;2021-03-08;0;0;0;0;0;0;0;0;0;0;0;0;0;0;0;0;0;0
FR;4;2021-03-09;0;0;0;0;0;0;0;0;0;0;0;0;0;0;0;0;0;0
FR;4;2021-03-10;0;0;0;0;0;0;0;0;0;0;0;0;0;0;0;0;0;0
FR;4;2021-03-11;0;0;0;0;0;0;0;0;0;0;0;0;0;0;0;0;0;0
FR;4;2021-03-12;0;0;0;0;0;0;0;0;0;0;0;0;0;0;0;0;0;0
FR;4;2021-03-13;0;0;0;0;0;0;0;0;0;0;0;0;0;0;0;0;0;0
FR;4;2021-03-14;0;0;0;0;0;0;0;0;0;0;0;0;0;0;0;0;0;0
FR;4;2021-03-15;0;0;0;0;0;0;0;0;0;0;0;0;0;0;0;0;0;0
FR;4;2021-03-16;0;0;0;0;0;0;0;0;0;0;0;0;0;0;0;0;0;0
FR;4;2021-03-17;0;0;0;0;0;0;0;0;0;0;0;0;0;0;0;0;0;0
FR;4;2021-03-18;0;0;0;0;0;0;0;0;0;0;0;0;0;0;0;0;0;0
FR;4;2021-03-19;0;0;0;0;0;0;0;0;0;0;0;0;0;0;0;0;0;0
FR;4;2021-03-20;0;0;0;0;0;0;0;0;0;0;0;0;0;0;0;0;0;0
FR;4;2021-03-21;0;0;0;0;0;0;0;0;0;0;0;0;0;0;0;0;0;0
FR;4;2021-03-22;0;0;0;0;0;0;0;0;0;0;0;0;0;0;0;0;0;0
FR;4;2021-03-23;0;0;0;0;0;0;0;0;0;0;0;0;0;0;0;0;0;0
FR;4;2021-03-24;0;0;0;0;0;0;0;0;0;0;0;0;0;0;0;0;0;0
FR;4;2021-03-25;0;0;0;0;0;0;0;0;0;0;0;0;0;0;0;0;0;0
FR;4;2021-03-26;0;0;0;0;0;0;0;0;0;0;0;0;0;0;0;0;0;0
FR;4;2021-03-27;0;0;0;0;0;0;0;0;0;0;0;0;0;0;0;0;0;0
FR;4;2021-03-28;0;0;0;0;0;0;0;0;0;0;0;0;0;0;0;0;0;0
FR;4;2021-03-29;0;0;0;0;0;0;0;0;0;0;0;0;0;0;0;0;0;0
FR;4;2021-03-30;0;0;0;0;0;0;0;0;0;0;0;0;0;0;0;0;0;0
FR;4;2021-03-31;0;0;0;0;0;0;0;0;0;0;0;0;0;0;0;0;0;0
FR;4;2021-04-01;0;0;0;0;0;0;0;0;0;0;0;0;0;0;0;0;0;0
FR;4;2021-04-02;0;0;0;0;0;0;0;0;0;0;0;0;0;0;0;0;0;0
FR;4;2021-04-03;0;0;0;0;0;0;0;0;0;0;0;0;0;0;0;0;0;0
FR;4;2021-04-04;0;0;0;0;0;0;0;0;0;0;0;0;0;0;0;0;0;0
FR;4;2021-04-05;0;0;0;0;0;0;0;0;0;0;0;0;0;0;0;0;0;0
FR;4;2021-04-06;0;0;0;0;0;0;0;0;0;0;0;0;0;0;0;0;0;0
FR;4;2021-04-07;0;0;0;0;0;0;0;0;0;0;0;0;0;0;0;0;0;0
FR;4;2021-04-08;0;0;0;0;0;0;0;0;0;0;0;0;0;0;0;0;0;0
FR;4;2021-04-09;0;0;0;0;0;0;0;0;0;0;0;0;0;0;0;0;0;0
FR;4;2021-04-10;0;0;0;0;0;0;0;0;0;0;0;0;0;0;0;0;0;0
FR;4;2021-04-11;0;0;0;0;0;0;0;0;0;0;0;0;0;0;0;0;0;0
FR;4;2021-04-12;0;0;0;0;0;0;0;0;0;0;0;0;0;0;0;0;0;0
FR;4;2021-04-13;0;0;0;0;0;0;0;0;0;0;0;0;0;0;0;0;0;0
FR;4;2021-04-14;0;0;0;0;0;0;0;0;0;0;0;0;0;0;0;0;0;0
FR;4;2021-04-15;0;0;0;0;0;0;0;0;0;0;0;0;0;0;0;0;0;0
FR;4;2021-04-16;0;0;0;0;0;0;0;0;0;0;0;0;0;0;0;0;0;0
FR;4;2021-04-17;0;0;0;0;0;0;0;0;0;0;0;0;0;0;0;0;0;0
FR;4;2021-04-18;0;0;0;0;0;0;0;0;0;0;0;0;0;0;0;0;0;0
FR;4;2021-04-19;0;0;0;0;0;0;0;0;0;0;0;0;0;0;0;0;0;0
FR;4;2021-04-20;0;0;0;0;0;0;0;0;0;0;0;0;0;0;0;0;0;0
FR;4;2021-04-21;0;0;0;0;0;0;0;0;0;0;0;0;0;0;0;0;0;0
FR;4;2021-04-22;0;0;0;0;0;0;0;0;0;0;0;0;0;0;0;0;0;0
FR;4;2021-04-23;3698;0;0;0;3657;0;0;0;0;3698;0;0;0;3657;0;0;0;0
FR;4;2021-04-24;1569;1;0;0;1558;0;0;0;0;5267;1;0;0;5215;0;0;0;0
FR;4;2021-04-25;125;0;0;0;125;0;0;0;0;5392;1;0;0;5340;0;0;0;0
FR;4;2021-04-26;2871;1;0;0;2860;0;0;0;0;8263;2;0;0;8200;0;0;0;0
FR;4;2021-04-27;9520;3;0;0;9501;0;0;0;0;17783;5;0;0;17701;0;0;0;0
FR;4;2021-04-28;9909;6;0;0;9884;0;0;0;0;27692;11;0;0;27585;0;0;0;0
FR;4;2021-04-29;15996;8;0;0;15980;0;0;0;0;43688;19;0;0;43565;0;0;0;0
FR;4;2021-04-30;19234;10;0;0;19204;0;0;0;0;62922;29;0;0;62769;0;0;0;0
FR;4;2021-05-01;1994;6;0;0;1992;0;0;0;0;64916;35;0;0;64761;0;0;0;0
FR;4;2021-05-02;484;0;0;0;481;0;0;0;0;65400;35;0;0;65242;0;0;0;0
FR;4;2021-05-03;5067;2;0;0;5060;0;0;0;0;70467;37;0;0;70302;0;0;0;0
FR;4;2021-05-04;8410;11;0;0;8399;0;0;0;0;78877;48;0;0;78701;0;0;0;0
FR;4;2021-05-05;6190;7;0;0;6185;0;0;0;0;85067;55;0;0;84886;0;0;0;0
FR;4;2021-05-06;11388;11;0;0;11385;0;0;0;0;96455;66;0;0;96271;0;0;0;0
FR;4;2021-05-07;19127;9;0;0;19088;0;0;0;0;115582;75;0;0;115359;0;0;0;0
FR;4;2021-05-08;2378;6;0;0;2382;0;0;0;0;117960;81;0;0;117741;0;0;0;0
FR;4;2021-05-09;690;3;0;0;691;0;0;0;0;118650;84;0;0;118432;0;0;0;0
FR;4;2021-05-10;7244;5;1;0;7241;0;0;0;0;125894;89;1;0;125673;0;0;0;0
FR;4;2021-05-11;14325;12;0;0;14305;0;0;0;0;140219;101;1;0;139978;0;0;0;0
FR;4;2021-05-12;10176;15;0;0;10179;0;0;0;0;150395;116;1;0;150157;0;0;0;0
FR;4;2021-05-13;1583;4;0;0;1584;0;0;0;0;151978;120;1;0;151741;0;0;0;0
FR;4;2021-05-14;7768;7;0;0;7762;0;0;0;0;159746;127;1;0;159503;0;0;0;0
FR;4;2021-05-15;3721;8;1;0;3720;0;0;0;0;163467;135;2;0;163223;0;0;0;0
FR;4;2021-05-16;417;1;0;0;417;0;0;0;0;163884;136;2;0;163640;0;0;0;0
FR;4;2021-05-17;4481;7;0;0;4480;0;0;0;0;168365;143;2;0;168120;0;0;0;0
FR;4;2021-05-18;8769;10;0;0;8769;0;0;0;0;177134;153;2;0;176889;0;0;0;0
FR;4;2021-05-19;5699;7;0;0;5701;0;0;0;0;182833;160;2;0;182590;0;0;0;0
FR;4;2021-05-20;9487;8;0;0;9479;0;0;0;0;192320;168;2;0;192069;0;0;0;0
FR;4;2021-05-21;12814;30;0;0;12821;0;0;0;0;205134;198;2;0;204890;0;0;0;0
FR;4;2021-05-22;5061;15;0;0;5068;0;0;0;0;210195;213;2;0;209958;0;0;0;0
FR;4;2021-05-23;497;4;0;0;500;0;0;0;0;210692;217;2;0;210458;0;0;0;0
FR;4;2021-05-24;1059;7;0;0;1063;0;0;0;0;211751;224;2;0;211521;0;0;0;0
FR;4;2021-05-25;7634;16;0;0;7640;0;0;0;0;219385;240;2;0;219161;0;0;0;0
FR;4;2021-05-26;7730;16;0;0;7739;0;0;0;0;227115;256;2;0;226900;0;0;0;0
FR;4;2021-05-27;14336;35;0;0;14345;0;0;0;0;241451;291;2;0;241245;0;0;0;0
FR;4;2021-05-28;26593;82;1;0;26634;0;0;0;0;268044;373;3;0;267879;0;0;0;0
FR;4;2021-05-29;11385;18;0;0;11385;0;0;0;0;279429;391;3;0;279264;0;0;0;0
FR;4;2021-05-30;974;7;0;0;973;0;0;0;0;280403;398;3;0;280237;0;0;0;0
FR;4;2021-05-31;12699;21;0;0;12699;0;0;0;0;293102;419;3;0;292936;0;0;0;0
FR;4;2021-06-01;20279;48;1;0;20297;0;0;0;0;313381;467;4;0;313233;0;0;0;0
FR;4;2021-06-02;14523;33;0;0;14536;0;0;0;0;327904;500;4;0;327769;0;0;0;0
FR;4;2021-06-03;19435;24;1;0;19433;0;0;0;0;347339;524;5;0;347202;0;0;0;0
FR;4;2021-06-04;22518;48;0;0;22536;0;0;0;0;369857;572;5;0;369738;0;0;0;0
FR;4;2021-06-05;9715;32;0;0;9719;0;0;0;0;379572;604;5;0;379457;0;0;0;0
FR;4;2021-06-06;1041;1;0;0;1037;0;0;0;0;380613;605;5;0;380494;0;0;0;0
FR;4;2021-06-07;9230;19;0;0;9237;0;0;0;0;389843;624;5;0;389731;0;0;0;0
FR;4;2021-06-08;14614;32;0;0;14626;0;0;0;0;404457;656;5;0;404357;0;0;0;0
FR;4;2021-06-09;12214;25;0;0;12222;0;0;0;0;416671;681;5;0;416579;0;0;0;0
FR;4;2021-06-10;15406;30;0;0;15414;0;0;0;0;432077;711;5;0;431993;0;0;0;0
FR;4;2021-06-11;16986;57;0;0;17013;0;0;0;0;449063;768;5;0;449006;0;0;0;0
FR;4;2021-06-12;7452;27;0;0;7477;0;0;0;0;456515;795;5;0;456483;0;0;0;0
FR;4;2021-06-13;908;3;0;0;910;0;0;0;0;457423;798;5;0;457393;0;0;0;0
FR;4;2021-06-14;6651;27;0;0;6661;0;0;0;0;464074;825;5;0;464054;0;0;0;0
FR;4;2021-06-15;10894;39;0;0;10911;0;0;0;0;474968;864;5;0;474965;0;0;0;0
FR;4;2021-06-16;8909;17;0;0;8917;0;0;0;0;483877;881;5;0;483882;0;0;0;0
FR;4;2021-06-17;10901;37;0;0;10913;0;0;0;0;494778;918;5;0;494795;0;0;0;0
FR;4;2021-06-18;12425;45;0;0;12452;0;0;0;0;507203;963;5;0;507247;0;0;0;0
FR;4;2021-06-19;5567;25;0;0;5587;0;0;0;0;512770;988;5;0;512834;0;0;0;0
FR;4;2021-06-20;827;5;0;0;831;0;0;0;0;513597;993;5;0;513665;0;0;0;0
FR;4;2021-06-21;5103;21;0;0;5103;0;0;0;0;518700;1014;5;0;518768;0;0;0;0
FR;4;2021-06-22;7914;29;2;0;7932;0;0;0;0;526614;1043;7;0;526700;0;0;0;0
FR;4;2021-06-23;7104;42;2;0;7131;0;0;0;0;533718;1085;9;0;533831;0;0;0;0
FR;4;2021-06-24;8655;46;1;0;8687;0;0;0;0;542373;1131;10;0;542518;0;0;0;0
FR;4;2021-06-25;10177;41;2;0;10209;0;0;0;0;552550;1172;12;0;552727;0;0;0;0
FR;4;2021-06-26;4853;21;0;0;4870;0;0;0;0;557403;1193;12;0;557597;0;0;0;0
FR;4;2021-06-27;767;4;0;0;769;0;0;0;0;558170;1197;12;0;558366;0;0;0;0
FR;4;2021-06-28;4834;16;1;0;4842;0;0;0;0;563004;1213;13;0;563208;0;0;0;0
FR;4;2021-06-29;7110;28;2;0;7119;0;0;0;0;570114;1241;15;0;570327;0;0;0;0
FR;4;2021-06-30;6725;40;2;0;6753;0;0;0;0;576839;1281;17;0;577080;0;0;0;0
FR;4;2021-07-01;8211;42;0;0;8233;0;0;0;0;585050;1323;17;0;585313;0;0;0;0
FR;4;2021-07-02;9429;53;1;0;9469;0;0;0;0;594479;1376;18;0;594782;0;0;0;0
FR;4;2021-07-03;4846;20;0;0;4861;0;0;0;0;599325;1396;18;0;599643;0;0;0;0
FR;4;2021-07-04;690;5;0;0;692;0;0;0;0;600015;1401;18;0;600335;0;0;0;0
FR;4;2021-07-05;4771;19;2;0;4782;0;0;0;0;604786;1420;20;0;605117;0;0;0;0
FR;4;2021-07-06;7728;29;4;0;7741;0;0;0;0;612514;1449;24;0;612858;0;0;0;0
FR;4;2021-07-07;7084;34;2;0;7097;0;0;0;0;619598;1483;26;0;619955;0;0;0;0
FR;4;2021-07-08;9232;40;2;0;9255;0;0;0;0;628830;1523;28;0;629210;0;0;0;0
FR;4;2021-07-09;10281;34;1;0;10304;0;0;0;0;639111;1557;29;0;639514;0;0;0;0
FR;4;2021-07-10;4639;14;2;0;4646;0;0;0;0;643750;1571;31;0;644160;0;0;0;0
FR;4;2021-07-11;583;4;1;0;581;0;0;0;0;644333;1575;32;0;644741;0;0;0;0
FR;4;2021-07-12;5876;29;0;0;5898;0;0;0;0;650209;1604;32;0;650639;0;0;0;0
FR;4;2021-07-13;14231;29;0;0;14249;0;0;0;0;664440;1633;32;0;664888;0;0;0;0
FR;4;2021-07-14;2291;15;0;0;2291;0;0;0;0;666731;1648;32;0;667179;0;0;0;0
FR;4;2021-07-15;18238;37;0;0;18255;0;0;0;0;684969;1685;32;0;685434;0;0;0;0
FR;4;2021-07-16;22836;71;2;0;22886;0;0;0;0;707805;1756;34;0;708320;0;0;0;0
FR;4;2021-07-17;9740;20;0;0;9749;0;0;0;0;717545;1776;34;0;718069;0;0;0;0
FR;4;2021-07-18;1358;5;0;0;1361;0;0;0;0;718903;1781;34;0;719430;0;0;0;0
FR;4;2021-07-19;12992;30;1;0;13017;0;0;0;0;731895;1811;35;0;732447;0;0;0;0
FR;4;2021-07-20;17343;26;1;0;17359;0;0;0;0;749238;1837;36;0;749806;0;0;0;0
FR;4;2021-07-21;15621;33;0;0;15641;0;0;0;0;764859;1870;36;0;765447;0;0;0;0
FR;4;2021-07-22;18246;44;2;0;18270;0;0;0;0;783105;1914;38;0;783717;0;0;0;0
FR;4;2021-07-23;20418;57;7;0;20451;0;0;0;0;803523;1971;45;0;804168;0;0;0;0
FR;4;2021-07-24;9289;33;0;0;9304;0;0;0;0;812812;2004;45;0;813472;0;0;0;0
FR;4;2021-07-25;1354;10;0;0;1356;0;0;0;0;814166;2014;45;0;814828;0;0;0;0
FR;4;2021-07-26;11043;23;0;0;11050;0;0;0;0;825209;2037;45;0;825878;0;0;0;0
FR;4;2021-07-27;14686;35;3;0;14706;0;0;0;0;839895;2072;48;0;840584;0;0;0;0
FR;4;2021-07-28;12933;26;2;0;12950;0;0;0;0;852828;2098;50;0;853534;0;0;0;0
FR;4;2021-07-29;14093;54;4;0;14134;0;0;0;0;866921;2152;54;0;867668;0;0;0;0
FR;4;2021-07-30;15502;46;2;0;15533;0;0;0;0;882423;2198;56;0;883201;0;0;0;0
FR;4;2021-07-31;6845;14;2;0;6855;0;0;0;0;889268;2212;58;0;890056;0;0;0;0
FR;4;2021-08-01;906;1;0;0;901;0;0;0;0;890174;2213;58;0;890957;0;0;0;0
FR;4;2021-08-02;7918;31;0;0;7919;0;0;0;0;898092;2244;58;0;898876;0;0;0;0
FR;4;2021-08-03;10802;31;2;0;10798;0;0;0;0;908894;2275;60;0;909674;0;0;0;0
FR;4;2021-08-04;9748;29;0;0;9747;0;0;0;0;918642;2304;60;0;919421;0;0;0;0
FR;4;2021-08-05;9827;42;0;0;9833;0;0;0;0;928469;2346;60;0;929254;0;0;0;0
FR;4;2021-08-06;10201;30;3;0;10198;0;0;0;0;938670;2376;63;0;939452;0;0;0;0
FR;4;2021-08-07;5100;30;1;0;5116;0;0;0;0;943770;2406;64;0;944568;0;0;0;0
FR;4;2021-08-08;1221;13;0;0;1224;0;0;0;0;944991;2419;64;0;945792;0;0;0;0
FR;4;2021-08-09;6350;31;0;0;6343;0;0;0;0;951341;2450;64;0;952135;0;0;0;0
FR;4;2021-08-10;8753;18;0;0;8724;0;0;0;0;960094;2468;64;0;960859;0;0;0;0
FR;4;2021-08-11;7944;34;4;0;7933;0;0;0;0;968038;2502;68;0;968792;0;0;0;0
FR;4;2021-08-12;8585;31;1;0;8573;0;0;0;0;976623;2533;69;0;977365;0;0;0;0
FR;4;2021-08-13;7558;25;0;1;7545;0;0;0;0;984181;2558;69;1;984910;0;0;0;0
FR;4;2021-08-14;3791;20;0;0;3775;0;0;0;0;987972;2578;69;1;988685;0;0;0;0
FR;4;2021-08-15;771;5;0;0;773;0;0;0;0;988743;2583;69;1;989458;0;0;0;0
FR;4;2021-08-16;4008;17;0;0;4002;0;0;0;0;992751;2600;69;1;993460;0;0;0;0
FR;4;2021-08-17;5630;17;1;0;5620;0;0;0;0;998381;2617;70;1;999080;0;0;0;0
FR;4;2021-08-18;5169;37;0;0;5186;0;0;0;0;1003550;2654;70;1;1004266;0;0;0;0
FR;4;2021-08-19;5487;34;3;0;5501;0;0;0;0;1009037;2688;73;1;1009767;0;0;0;0
FR;4;2021-08-20;5225;25;1;0;5235;0;0;0;0;1014262;2713;74;1;1015002;0;0;0;0
FR;4;2021-08-21;2311;22;1;0;2327;0;0;0;0;1016573;2735;75;1;1017329;0;0;0;0
FR;4;2021-08-22;414;2;0;0;415;0;0;0;0;1016987;2737;75;1;1017744;0;0;0;0
FR;4;2021-08-23;2932;20;1;0;2939;0;0;0;0;1019919;2757;76;1;1020683;0;0;0;0
FR;4;2021-08-24;3758;15;0;0;3761;0;0;0;0;1023677;2772;76;1;1024444;0;0;0;0
FR;4;2021-08-25;3545;25;1;0;3561;0;0;0;0;1027222;2797;77;1;1028005;0;0;0;0
FR;4;2021-08-26;3715;21;2;0;3727;0;0;0;0;1030937;2818;79;1;1031732;0;0;0;0
FR;4;2021-08-27;3617;31;2;0;3635;0;0;0;0;1034554;2849;81;1;1035367;0;0;0;0
FR;4;2021-08-28;1730;10;1;0;1735;0;0;0;0;1036284;2859;82;1;1037102;0;0;0;0
FR;4;2021-08-29;385;7;1;0;389;0;0;0;0;1036669;2866;83;1;1037491;0;0;0;0
FR;4;2021-08-30;2010;25;0;0;2018;16;0;0;0;1038679;2891;83;1;1039509;16;0;0;0
FR;4;2021-08-31;2486;21;0;0;2493;14;0;0;0;1041165;2912;83;1;1042002;30;0;0;0
FR;4;2021-09-01;2085;38;1;0;2097;21;0;0;0;1043250;2950;84;1;1044099;51;0;0;0
FR;4;2021-09-02;2307;31;4;0;2320;18;0;0;0;1045557;2981;88;1;1046419;69;0;0;0
FR;4;2021-09-03;2364;44;5;0;2373;36;0;0;0;1047921;3025;93;1;1048792;105;0;0;0
FR;4;2021-09-04;1374;18;0;0;1381;9;0;0;0;1049295;3043;93;1;1050173;114;0;0;0
FR;4;2021-09-05;433;2;0;0;433;2;0;0;0;1049728;3045;93;1;1050606;116;0;0;0
FR;4;2021-09-06;1713;62;0;0;1750;24;0;0;0;1051441;3107;93;1;1052356;140;0;0;0
FR;4;2021-09-07;1680;18;0;0;1689;8;0;0;0;1053121;3125;93;1;1054045;148;0;0;0
FR;4;2021-09-08;1286;26;3;0;1291;19;0;0;0;1054407;3151;96;1;1055336;167;0;0;0
FR;4;2021-09-09;1392;23;2;0;1402;9;0;0;0;1055799;3174;98;1;1056738;176;0;0;0
FR;4;2021-09-10;1521;31;2;0;1525;23;1;0;0;1057320;3205;100;1;1058263;199;1;0;0
FR;4;2021-09-11;745;11;0;0;748;3;0;0;0;1058065;3216;100;1;1059011;202;1;0;0
FR;4;2021-09-12;169;4;0;0;170;3;0;0;0;1058234;3220;100;1;1059181;205;1;0;0
FR;4;2021-09-13;1323;22;1;0;1326;16;0;0;0;1059557;3242;101;1;1060507;221;1;0;0
FR;4;2021-09-14;1503;9;2;0;1505;7;0;0;0;1061060;3251;103;1;1062012;228;1;0;0
FR;4;2021-09-15;1095;28;1;0;1098;25;0;0;0;1062155;3279;104;1;1063110;253;1;0;0
FR;4;2021-09-16;1105;22;2;0;1109;15;0;0;0;1063260;3301;106;1;1064219;268;1;0;0
FR;4;2021-09-17;897;21;1;0;904;12;0;0;0;1064157;3322;107;1;1065123;280;1;0;0
FR;4;2021-09-18;464;7;1;0;465;6;0;0;0;1064621;3329;108;1;1065588;286;1;0;0
FR;4;2021-09-19;182;3;0;0;183;2;0;0;0;1064803;3332;108;1;1065771;288;1;0;0
FR;4;2021-09-20;452;19;0;0;458;13;0;0;0;1065255;3351;108;1;1066229;301;1;0;0
FR;4;2021-09-21;432;11;0;0;434;7;0;0;0;1065687;3362;108;1;1066663;308;1;0;0
FR;4;2021-09-22;376;19;2;0;383;13;0;0;0;1066063;3381;110;1;1067046;321;1;0;0
FR;4;2021-09-23;485;15;1;0;486;14;0;0;0;1066548;3396;111;1;1067532;335;1;0;0
FR;4;2021-09-24;414;13;2;0;418;9;0;0;0;1066962;3409;113;1;1067950;344;1;0;0
FR;4;2021-09-25;280;10;1;0;281;5;0;0;0;1067242;3419;114;1;1068231;349;1;0;0
FR;4;2021-09-26;74;2;0;0;75;1;0;0;0;1067316;3421;114;1;1068306;350;1;0;0
FR;4;2021-09-27;269;10;1;0;270;8;0;0;0;1067585;3431;115;1;1068576;358;1;0;0
FR;4;2021-09-28;319;8;0;0;319;8;0;0;0;1067904;3439;115;1;1068895;366;1;0;0
FR;4;2021-09-29;378;19;1;0;380;13;0;0;0;1068282;3458;116;1;1069275;379;1;0;0
FR;4;2021-09-30;365;41;0;0;379;22;0;0;0;1068647;3499;116;1;1069654;401;1;0;0
FR;4;2021-10-01;411;56;0;0;413;50;0;0;0;1069058;3555;116;1;1070067;451;1;0;0
FR;4;2021-10-02;196;22;1;0;198;13;0;0;0;1069254;3577;117;1;1070265;464;1;0;0
FR;4;2021-10-03;86;1;0;0;87;0;0;0;0;1069340;3578;117;1;1070352;464;1;0;0
FR;4;2021-10-04;363;20;1;0;367;16;0;0;0;1069703;3598;118;1;1070719;480;1;0;0
FR;4;2021-10-05;286;19;2;0;288;15;0;0;0;1069989;3617;120;1;1071007;495;1;0;0
FR;4;2021-10-06;249;23;1;0;254;18;0;0;0;1070238;3640;121;1;1071261;513;1;0;0
FR;4;2021-10-07;267;25;2;0;272;13;0;0;0;1070505;3665;123;1;1071533;526;1;0;0
FR;4;2021-10-08;357;24;2;0;360;20;0;0;0;1070862;3689;125;1;1071893;546;1;0;0
FR;4;2021-10-09;194;6;6;0;195;7;0;0;0;1071056;3695;131;1;1072088;553;1;0;0
FR;4;2021-10-10;97;3;2;0;99;3;0;0;0;1071153;3698;133;1;1072187;556;1;0;0
FR;4;2021-10-11;251;15;1;0;252;14;0;0;0;1071404;3713;134;1;1072439;570;1;0;0
FR;4;2021-10-12;211;14;0;0;211;13;0;0;0;1071615;3727;134;1;1072650;583;1;0;0
FR;4;2021-10-13;221;28;1;0;224;25;0;0;0;1071836;3755;135;1;1072874;608;1;0;0
FR;4;2021-10-14;315;21;4;0;319;15;0;0;0;1072151;3776;139;1;1073193;623;1;0;0
FR;4;2021-10-15;322;24;5;0;323;25;0;0;0;1072473;3800;144;1;1073516;648;1;0;0
FR;4;2021-10-16;166;6;2;0;166;6;0;0;0;1072639;3806;146;1;1073682;654;1;0;0
FR;4;2021-10-17;70;2;0;0;71;1;0;0;0;1072709;3808;146;1;1073753;655;1;0;0
FR;4;2021-10-18;281;16;1;0;283;13;0;0;0;1072990;3824;147;1;1074036;668;1;0;0
FR;4;2021-10-19;216;14;2;0;216;15;0;0;0;1073206;3838;149;1;1074252;683;1;0;0
FR;4;2021-10-20;231;27;4;0;234;15;0;0;0;1073437;3865;153;1;1074486;698;1;0;0
FR;4;2021-10-21;243;18;0;0;245;14;0;0;0;1073680;3883;153;1;1074731;712;1;0;0
FR;4;2021-10-22;217;25;2;0;219;20;1;0;0;1073897;3908;155;1;1074950;732;2;0;0
FR;4;2021-10-23;116;16;1;0;117;15;0;0;0;1074013;3924;156;1;1075067;747;2;0;0
FR;4;2021-10-24;39;4;0;0;39;1;0;0;0;1074052;3928;156;1;1075106;748;2;0;0
FR;4;2021-10-25;218;7;2;0;218;9;0;0;0;1074270;3935;158;1;1075324;757;2;0;0
FR;4;2021-10-26;200;14;0;0;202;12;0;0;0;1074470;3949;158;1;1075526;769;2;0;0
FR;4;2021-10-27;196;12;4;0;196;12;2;0;0;1074666;3961;162;1;1075722;781;4;0;0
FR;4;2021-10-28;186;18;5;0;186;22;0;0;0;1074852;3979;167;1;1075908;803;4;0;0
FR;4;2021-10-29;225;17;2;0;226;15;0;0;0;1075077;3996;169;1;1076134;818;4;0;0
FR;4;2021-10-30;103;2;1;0;104;2;0;0;0;1075180;3998;170;1;1076238;820;4;0;0
FR;4;2021-10-31;59;3;2;0;60;3;0;0;0;1075239;4001;172;1;1076298;823;4;0;0
FR;4;2021-11-01;75;27;4;0;76;24;3;0;0;1075314;4028;176;1;1076374;847;7;0;0
FR;4;2021-11-02;162;21;2;0;163;21;0;0;0;1075476;4049;178;1;1076537;868;7;0;0
FR;4;2021-11-03;132;21;8;1;133;19;6;0;0;1075608;4070;186;2;1076670;887;13;0;0
FR;4;2021-11-04;186;15;1;0;187;12;1;0;0;1075794;4085;187;2;1076857;899;14;0;0
FR;4;2021-11-05;130;17;1;0;131;16;0;0;0;1075924;4102;188;2;1076988;915;14;0;0
FR;4;2021-11-06;81;6;1;0;81;6;0;0;0;1076005;4108;189;2;1077069;921;14;0;0
FR;4;2021-11-07;81;2;2;0;81;4;0;0;0;1076086;4110;191;2;1077150;925;14;0;0
FR;4;2021-11-08;161;20;1;0;162;20;0;0;0;1076247;4130;192;2;1077312;945;14;0;0
FR;4;2021-11-09;158;14;3;0;158;16;0;0;0;1076405;4144;195;2;1077470;961;14;0;0
FR;4;2021-11-10;121;30;6;0;121;32;2;0;0;1076526;4174;201;2;1077591;993;16;0;0
FR;4;2021-11-11;100;10;1;0;100;11;0;0;0;1076626;4184;202;2;1077691;1004;16;0;0
FR;4;2021-11-12;106;19;2;0;107;18;1;0;0;1076732;4203;204;2;1077798;1022;17;0;0
FR;4;2021-11-13;74;15;2;0;75;14;0;0;0;1076806;4218;206;2;1077873;1036;17;0;0
FR;4;2021-11-14;55;5;4;0;56;8;0;0;0;1076861;4223;210;2;1077929;1044;17;0;0
FR;4;2021-11-15;99;26;2;0;101;24;2;0;0;1076960;4249;212;2;1078030;1068;19;0;0
FR;4;2021-11-16;108;14;3;0;108;17;0;0;0;1077068;4263;215;2;1078138;1085;19;0;0
FR;4;2021-11-17;120;30;4;0;120;30;1;0;0;1077188;4293;219;2;1078258;1115;20;0;0
FR;4;2021-11-18;103;34;14;0;105;43;1;0;0;1077291;4327;233;2;1078363;1158;21;0;0
FR;4;2021-11-19;88;21;3;0;88;22;1;0;0;1077379;4348;236;2;1078451;1180;22;0;0
FR;4;2021-11-20;77;8;1;0;77;8;0;0;0;1077456;4356;237;2;1078528;1188;22;0;0
FR;4;2021-11-21;68;7;2;0;68;9;0;0;0;1077524;4363;239;2;1078596;1197;22;0;0
FR;4;2021-11-22;109;28;9;0;110;33;2;0;0;1077633;4391;248;2;1078706;1230;24;0;0
FR;4;2021-11-23;77;31;6;0;78;29;2;0;0;1077710;4422;254;2;1078784;1259;26;0;0
FR;4;2021-11-24;90;23;11;0;92;24;4;0;0;1077800;4445;265;2;1078876;1283;30;0;0
FR;4;2021-11-25;93;28;17;0;94;33;5;0;0;1077893;4473;282;2;1078970;1316;35;0;0
FR;4;2021-11-26;85;43;12;0;89;45;3;0;0;1077978;4516;294;2;1079059;1361;38;0;0
FR;4;2021-11-27;41;22;15;0;41;25;10;0;0;1078019;4538;309;2;1079100;1386;48;0;0
FR;4;2021-11-28;50;8;0;0;51;7;0;0;0;1078069;4546;309;2;1079151;1393;48;0;0
FR;4;2021-11-29;90;31;16;0;90;40;2;0;0;1078159;4577;325;2;1079241;1433;50;0;0
FR;4;2021-11-30;75;37;13;0;75;42;2;0;0;1078234;4614;338;2;1079316;1475;52;0;0
FR;4;2021-12-01;88;60;19;0;88;67;11;0;0;1078322;4674;357;2;1079404;1542;63;0;0
FR;4;2021-12-02;111;48;21;0;115;56;3;0;0;1078433;4722;378;2;1079519;1598;66;0;0
FR;4;2021-12-03;102;36;15;0;102;44;4;0;0;1078535;4758;393;2;1079621;1642;70;0;0
FR;4;2021-12-04;72;31;18;0;74;44;1;0;0;1078607;4789;411;2;1079695;1686;71;0;0
FR;4;2021-12-05;63;7;1;0;64;7;0;0;0;1078670;4796;412;2;1079759;1693;71;0;0
FR;4;2021-12-06;110;46;19;0;110;59;3;0;0;1078780;4842;431;2;1079869;1752;74;0;0
FR;4;2021-12-07;83;37;9;0;86;36;3;0;0;1078863;4879;440;2;1079955;1788;77;0;0
FR;4;2021-12-08;71;31;17;0;73;38;7;0;0;1078934;4910;457;2;1080028;1826;84;0;0
FR;4;2021-12-09;65;32;10;1;65;39;3;0;0;1078999;4942;467;3;1080093;1865;87;0;0
FR;4;2021-12-10;63;64;20;0;64;68;10;0;0;1079062;5006;487;3;1080157;1933;97;0;0
FR;4;2021-12-11;29;34;7;0;29;34;3;0;0;1079091;5040;494;3;1080186;1967;100;0;0
FR;4;2021-12-12;29;12;3;0;29;15;0;0;0;1079120;5052;497;3;1080215;1982;100;0;0
FR;4;2021-12-13;75;41;14;0;77;50;2;0;0;1079195;5093;511;3;1080292;2032;102;0;0
FR;4;2021-12-14;61;43;17;0;62;54;2;0;0;1079256;5136;528;3;1080354;2086;104;0;0
FR;4;2021-12-15;68;64;29;0;68;85;6;0;0;1079324;5200;557;3;1080422;2171;110;0;0
FR;4;2021-12-16;34;45;19;0;35;58;4;0;0;1079358;5245;576;3;1080457;2229;114;0;0
FR;4;2021-12-17;39;55;11;0;39;59;6;0;0;1079397;5300;587;3;1080496;2288;120;0;0
FR;4;2021-12-18;49;30;2;0;50;31;0;0;0;1079446;5330;589;3;1080546;2319;120;0;0
FR;4;2021-12-19;16;4;1;0;17;4;0;0;0;1079462;5334;590;3;1080563;2323;120;0;0
FR;4;2021-12-20;44;38;10;0;45;41;6;0;0;1079506;5372;600;3;1080608;2364;126;0;0
FR;4;2021-12-21;31;32;17;0;33;39;5;0;0;1079537;5404;617;3;1080641;2403;131;0;0
FR;4;2021-12-22;37;38;10;0;38;38;7;0;0;1079574;5442;627;3;1080679;2441;138;0;0
FR;4;2021-12-23;40;45;8;0;40;49;2;0;0;1079614;5487;635;3;1080719;2490;140;0;0
FR;4;2021-12-24;23;28;10;0;25;31;4;0;0;1079637;5515;645;3;1080744;2521;144;0;0
FR;4;2021-12-25;7;3;3;0;7;4;2;0;0;1079644;5518;648;3;1080751;2525;146;0;0
FR;4;2021-12-26;5;3;1;0;6;2;0;0;0;1079649;5521;649;3;1080757;2527;146;0;0
FR;4;2021-12-27;31;41;9;0;32;43;4;0;0;1079680;5562;658;3;1080789;2570;150;0;0
FR;4;2021-12-28;27;28;7;0;29;29;4;0;0;1079707;5590;665;3;1080818;2599;154;0;0
FR;4;2021-12-29;56;25;11;0;57;30;5;0;0;1079763;5615;676;3;1080875;2629;159;0;0
FR;4;2021-12-30;48;19;12;0;51;22;5;0;0;1079811;5634;688;3;1080926;2651;164;0;0
FR;4;2021-12-31;19;6;8;0;20;11;2;0;0;1079830;5640;696;3;1080946;2662;166;0;0
FR;4;2022-01-01;6;4;5;0;6;7;1;0;0;1079836;5644;701;3;1080952;2669;167;0;0
FR;4;2022-01-02;42;5;16;0;42;20;1;0;0;1079878;5649;717;3;1080994;2689;168;0;0
FR;4;2022-01-03;44;55;23;1;46;63;10;0;0;1079922;5704;740;4;1081040;2752;178;0;0
FR;4;2022-01-04;37;28;15;0;38;33;7;0;0;1079959;5732;755;4;1081078;2785;185;0;0
FR;4;2022-01-05;51;24;19;0;57;27;9;0;0;1080010;5756;774;4;1081135;2812;194;0;0
FR;4;2022-01-06;49;22;24;0;49;38;8;0;0;1080059;5778;798;4;1081184;2850;202;0;0
FR;4;2022-01-07;31;20;16;0;33;21;12;0;0;1080090;5798;814;4;1081217;2871;214;0;0
FR;4;2022-01-08;12;6;10;0;13;12;3;0;0;1080102;5804;824;4;1081230;2883;217;0;0
FR;4;2022-01-09;19;2;3;0;20;4;0;0;0;1080121;5806;827;4;1081250;2887;217;0;0
FR;4;2022-01-10;51;22;19;0;51;36;4;0;0;1080172;5828;846;4;1081301;2923;221;0;0
FR;4;2022-01-11;29;31;12;0;33;35;1;0;0;1080201;5859;858;4;1081334;2958;222;0;0
FR;4;2022-01-12;34;21;13;0;36;23;9;0;0;1080235;5880;871;4;1081370;2981;231;0;0
FR;4;2022-01-13;55;20;27;0;56;38;8;0;0;1080290;5900;898;4;1081426;3019;239;0;0
FR;4;2022-01-14;24;30;13;0;25;33;7;0;0;1080314;5930;911;4;1081451;3052;246;0;0
FR;4;2022-01-15;13;6;8;0;14;12;1;0;0;1080327;5936;919;4;1081465;3064;247;0;0
FR;4;2022-01-16;12;9;14;0;12;22;1;0;0;1080339;5945;933;4;1081477;3086;248;0;0
FR;4;2022-01-17;27;19;13;0;27;26;5;0;0;1080366;5964;946;4;1081504;3112;253;0;0
FR;4;2022-01-18;17;13;10;0;17;20;3;0;0;1080383;5977;956;4;1081521;3132;256;0;0
FR;4;2022-01-19;32;23;13;0;32;34;1;0;0;1080415;6000;969;4;1081553;3166;257;0;0
FR;4;2022-01-20;33;34;13;0;35;39;5;0;0;1080448;6034;982;4;1081588;3205;262;0;0
FR;4;2022-01-21;11;12;20;1;11;17;15;0;1;1080459;6046;1002;5;1081599;3222;277;0;1
FR;4;2022-01-22;30;13;3;0;30;14;2;0;0;1080489;6059;1005;5;1081629;3236;279;0;1
FR;4;2022-01-23;8;2;5;0;8;7;0;0;0;1080497;6061;1010;5;1081637;3243;279;0;1
FR;4;2022-01-24;14;21;8;0;15;27;1;0;0;1080511;6082;1018;5;1081652;3270;280;0;1
FR;4;2022-01-25;22;32;10;1;23;38;3;0;0;1080533;6114;1028;6;1081675;3308;283;0;1
FR;4;2022-01-26;19;17;9;1;20;21;4;0;0;1080552;6131;1037;7;1081695;3329;287;0;1
FR;4;2022-01-27;21;18;8;0;22;24;1;0;0;1080573;6149;1045;7;1081717;3353;288;0;1
FR;4;2022-01-28;13;23;8;0;14;26;4;0;0;1080586;6172;1053;7;1081731;3379;292;0;1
FR;4;2022-01-29;17;6;5;0;17;10;0;0;0;1080603;6178;1058;7;1081748;3389;292;0;1
FR;4;2022-01-30;18;3;1;0;18;4;0;0;0;1080621;6181;1059;7;1081766;3393;292;0;1
FR;4;2022-01-31;22;28;8;0;22;32;2;0;0;1080643;6209;1067;7;1081788;3425;294;0;1
FR;4;2022-02-01;13;24;12;0;15;24;9;0;0;1080656;6233;1079;7;1081803;3449;303;0;1
FR;4;2022-02-02;18;11;14;2;18;20;7;0;0;1080674;6244;1093;9;1081821;3469;310;0;1
FR;4;2022-02-03;15;24;10;0;17;28;4;0;0;1080689;6268;1103;9;1081838;3497;314;0;1
FR;4;2022-02-04;7;5;7;0;7;9;3;0;0;1080696;6273;1110;9;1081845;3506;317;0;1
FR;4;2022-02-05;7;14;1;0;8;13;1;0;0;1080703;6287;1111;9;1081853;3519;318;0;1
FR;4;2022-02-06;7;4;4;0;7;7;1;0;0;1080710;6291;1115;9;1081860;3526;319;0;1
FR;4;2022-02-07;15;19;8;0;17;19;6;0;0;1080725;6310;1123;9;1081877;3545;325;0;1
FR;4;2022-02-08;19;21;13;1;21;22;10;0;0;1080744;6331;1136;10;1081898;3567;335;0;1
FR;4;2022-02-09;17;12;9;0;18;17;2;0;0;1080761;6343;1145;10;1081916;3584;337;0;1
FR;4;2022-02-10;22;23;10;0;23;25;7;0;0;1080783;6366;1155;10;1081939;3609;344;0;1
FR;4;2022-02-11;18;15;8;0;18;20;3;0;0;1080801;6381;1163;10;1081957;3629;347;0;1
FR;4;2022-02-12;24;6;3;0;26;7;0;0;0;1080825;6387;1166;10;1081983;3636;347;0;1
FR;4;2022-02-13;7;3;3;0;7;6;0;0;0;1080832;6390;1169;10;1081990;3642;347;0;1
FR;4;2022-02-14;20;10;10;0;20;16;4;0;0;1080852;6400;1179;10;1082010;3658;351;0;1
FR;4;2022-02-15;18;7;2;0;18;8;0;0;0;1080870;6407;1181;10;1082028;3666;351;0;1
FR;4;2022-02-16;16;10;11;0;16;17;3;0;0;1080886;6417;1192;10;1082044;3683;354;0;1
FR;4;2022-02-17;11;4;5;0;11;7;2;0;0;1080897;6421;1197;10;1082055;3690;356;0;1
FR;4;2022-02-18;16;15;8;0;16;21;2;0;0;1080913;6436;1205;10;1082071;3711;358;0;1
FR;4;2022-02-19;16;4;2;0;17;5;0;0;0;1080929;6440;1207;10;1082088;3716;358;0;1
FR;4;2022-02-20;8;3;0;0;9;2;0;0;0;1080937;6443;1207;10;1082097;3718;358;0;1
FR;4;2022-02-21;23;4;4;0;23;6;2;0;0;1080960;6447;1211;10;1082120;3724;360;0;1
FR;4;2022-02-22;8;5;10;0;9;10;4;0;0;1080968;6452;1221;10;1082129;3734;364;0;1
FR;4;2022-02-23;17;6;10;0;17;10;5;0;0;1080985;6458;1231;10;1082146;3744;369;0;1
FR;4;2022-02-24;11;5;4;0;11;7;2;0;0;1080996;6463;1235;10;1082157;3751;371;0;1
FR;4;2022-02-25;16;5;7;0;16;6;6;0;0;1081012;6468;1242;10;1082173;3757;377;0;1
FR;4;2022-02-26;27;3;0;0;27;3;0;0;0;1081039;6471;1242;10;1082200;3760;377;0;1
FR;4;2022-02-27;9;0;1;0;9;1;0;0;0;1081048;6471;1243;10;1082209;3761;377;0;1
FR;4;2022-02-28;18;3;2;0;19;3;1;0;0;1081066;6474;1245;10;1082228;3764;378;0;1
FR;4;2022-03-01;8;4;7;0;8;5;5;0;0;1081074;6478;1252;10;1082236;3769;383;0;1
FR;4;2022-03-02;16;2;5;0;16;6;1;0;0;1081090;6480;1257;10;1082252;3775;384;0;1
FR;4;2022-03-03;17;5;3;0;17;6;1;0;0;1081107;6485;1260;10;1082269;3781;385;0;1
FR;4;2022-03-04;7;8;2;1;7;6;3;0;0;1081114;6493;1262;11;1082276;3787;388;0;1
FR;4;2022-03-05;9;2;0;0;9;2;0;0;0;1081123;6495;1262;11;1082285;3789;388;0;1
FR;4;2022-03-06;4;0;1;0;4;1;0;0;0;1081127;6495;1263;11;1082289;3790;388;0;1
FR;4;2022-03-07;10;6;2;0;10;5;2;0;0;1081137;6501;1265;11;1082299;3795;390;0;1
FR;4;2022-03-08;15;3;0;0;15;3;0;0;0;1081152;6504;1265;11;1082314;3798;390;0;1
FR;4;2022-03-09;9;7;2;0;11;7;0;0;0;1081161;6511;1267;11;1082325;3805;390;0;1
FR;4;2022-03-10;5;1;6;0;5;3;4;0;0;1081166;6512;1273;11;1082330;3808;394;0;1
FR;4;2022-03-11;10;4;5;0;12;2;5;0;0;1081176;6516;1278;11;1082342;3810;399;0;1
FR;4;2022-03-12;10;2;0;0;11;0;0;0;0;1081186;6518;1278;11;1082353;3810;399;0;1
FR;4;2022-03-13;6;2;1;0;7;2;0;0;0;1081192;6520;1279;11;1082360;3812;399;0;1
FR;4;2022-03-14;4;3;1;0;5;3;0;0;0;1081196;6523;1280;11;1082365;3815;399;0;1
FR;4;2022-03-15;8;6;3;0;10;5;2;0;0;1081204;6529;1283;11;1082375;3820;401;0;1
FR;4;2022-03-16;7;3;3;0;7;3;3;0;0;1081211;6532;1286;11;1082382;3823;404;0;1
FR;4;2022-03-17;3;4;1;0;3;5;0;0;0;1081214;6536;1287;11;1082385;3828;404;0;1
FR;4;2022-03-18;9;3;0;0;9;3;0;0;0;1081223;6539;1287;11;1082394;3831;404;0;1
FR;4;2022-03-19;1;1;1;0;1;2;0;0;0;1081224;6540;1288;11;1082395;3833;404;0;1
FR;4;2022-03-20;2;0;2;0;2;1;1;0;0;1081226;6540;1290;11;1082397;3834;405;0;1
FR;4;2022-03-21;6;4;1;0;6;5;0;0;0;1081232;6544;1291;11;1082403;3839;405;0;1
FR;4;2022-03-22;4;2;2;0;4;3;1;0;0;1081236;6546;1293;11;1082407;3842;406;0;1
FR;4;2022-03-23;6;4;5;0;6;8;1;0;0;1081242;6550;1298;11;1082413;3850;407;0;1
FR;4;2022-03-24;2;5;3;1;2;7;2;0;0;1081244;6555;1301;12;1082415;3857;409;0;1
FR;4;2022-03-25;3;1;2;0;3;1;2;0;0;1081247;6556;1303;12;1082418;3858;411;0;1
FR;4;2022-03-26;5;5;0;0;5;5;0;0;0;1081252;6561;1303;12;1082423;3863;411;0;1
FR;4;2022-03-27;1;0;3;0;1;2;1;0;0;1081253;6561;1306;12;1082424;3865;412;0;1
FR;4;2022-03-28;6;1;3;0;7;3;0;0;0;1081259;6562;1309;12;1082431;3868;412;0;1
FR;4;2022-03-29;9;0;4;1;9;0;2;0;0;1081268;6562;1313;13;1082440;3868;414;0;1
FR;4;2022-03-30;3;4;0;0;3;4;0;0;0;1081271;6566;1313;13;1082443;3872;414;0;1
FR;4;2022-03-31;3;3;2;1;3;4;1;0;0;1081274;6569;1315;14;1082446;3876;415;0;1
FR;4;2022-04-01;15;3;5;0;15;6;2;0;0;1081289;6572;1320;14;1082461;3882;417;0;1
FR;4;2022-04-02;4;4;0;0;5;3;0;0;0;1081293;6576;1320;14;1082466;3885;417;0;1
FR;4;2022-04-03;0;1;0;0;0;1;0;0;0;1081293;6577;1320;14;1082466;3886;417;0;1
FR;4;2022-04-04;4;4;4;0;5;5;2;0;0;1081297;6581;1324;14;1082471;3891;419;0;1
FR;4;2022-04-05;4;3;2;1;5;3;2;0;0;1081301;6584;1326;15;1082476;3894;421;0;1
FR;4;2022-04-06;6;1;0;0;6;1;0;0;0;1081307;6585;1326;15;1082482;3895;421;0;1
FR;4;2022-04-07;3;2;3;2;3;5;0;0;0;1081310;6587;1329;17;1082485;3900;421;0;1
FR;4;2022-04-08;4;2;1;0;4;2;1;0;0;1081314;6589;1330;17;1082489;3902;422;0;1
FR;4;2022-04-09;0;0;1;1;0;1;1;0;0;1081314;6589;1331;18;1082489;3903;423;0;1
FR;4;2022-04-10;2;2;0;0;2;2;0;0;0;1081316;6591;1331;18;1082491;3905;423;0;1
FR;4;2022-04-11;4;3;4;0;4;5;2;0;0;1081320;6594;1335;18;1082495;3910;425;0;1
FR;4;2022-04-12;5;1;4;0;5;2;3;0;0;1081325;6595;1339;18;1082500;3912;428;0;1
FR;4;2022-04-13;5;8;2;0;5;10;0;0;0;1081330;6603;1341;18;1082505;3922;428;0;1
FR;4;2022-04-14;6;4;2;1;7;5;1;0;0;1081336;6607;1343;19;1082512;3927;429;0;1
FR;4;2022-04-15;7;9;1;0;7;10;0;0;0;1081343;6616;1344;19;1082519;3937;429;0;1
FR;4;2022-04-16;1;0;0;0;1;0;0;0;0;1081344;6616;1344;19;1082520;3937;429;0;1
FR;4;2022-04-17;3;2;1;0;3;3;0;0;0;1081347;6618;1345;19;1082523;3940;429;0;1
FR;4;2022-04-18;2;2;6;0;2;4;4;0;0;1081349;6620;1351;19;1082525;3944;433;0;1
FR;4;2022-04-19;2;0;1;0;2;0;1;0;0;1081351;6620;1352;19;1082527;3944;434;0;1
FR;4;2022-04-20;15;4;1;1;16;3;1;0;0;1081366;6624;1353;20;1082543;3947;435;0;1
FR;4;2022-04-21;7;1;0;0;7;1;0;0;0;1081373;6625;1353;20;1082550;3948;435;0;1
FR;4;2022-04-22;1;1;2;0;1;2;1;0;0;1081374;6626;1355;20;1082551;3950;436;0;1
FR;4;2022-04-23;2;3;3;0;2;6;0;0;0;1081376;6629;1358;20;1082553;3956;436;0;1
FR;4;2022-04-24;0;3;0;0;0;3;0;0;0;1081376;6632;1358;20;1082553;3959;436;0;1
FR;4;2022-04-25;3;5;3;0;3;8;0;0;0;1081379;6637;1361;20;1082556;3967;436;0;1
FR;4;2022-04-26;5;6;1;0;5;6;1;0;0;1081384;6643;1362;20;1082561;3973;437;0;1
FR;4;2022-04-27;4;1;1;1;5;1;1;0;0;1081388;6644;1363;21;1082566;3974;438;0;1
FR;4;2022-04-28;3;5;5;1;3;7;4;0;0;1081391;6649;1368;22;1082569;3981;442;0;1
FR;4;2022-04-29;6;3;0;0;6;2;0;0;0;1081397;6652;1368;22;1082575;3983;442;0;1
FR;4;2022-04-30;2;1;1;0;2;2;0;0;0;1081399;6653;1369;22;1082577;3985;442;0;1
FR;4;2022-05-01;0;0;0;0;0;0;0;0;0;1081399;6653;1369;22;1082577;3985;442;0;1
FR;4;2022-05-02;5;16;6;0;5;19;3;0;0;1081404;6669;1375;22;1082582;4004;445;0;1
FR;4;2022-05-03;2;6;2;0;2;7;1;0;0;1081406;6675;1377;22;1082584;4011;446;0;1
FR;4;2022-05-04;7;4;1;0;7;4;1;0;0;1081413;6679;1378;22;1082591;4015;447;0;1
FR;4;2022-05-05;3;2;1;1;4;1;2;0;0;1081416;6681;1379;23;1082595;4016;449;0;1
FR;4;2022-05-06;5;3;1;0;6;2;1;0;0;1081421;6684;1380;23;1082601;4018;450;0;1
FR;4;2022-05-07;0;0;0;0;0;0;0;0;0;1081421;6684;1380;23;1082601;4018;450;0;1
FR;4;2022-05-08;1;1;0;0;1;1;0;0;0;1081422;6685;1380;23;1082602;4019;450;0;1
FR;4;2022-05-09;5;1;0;1;5;1;1;0;0;1081427;6686;1380;24;1082607;4020;451;0;1
FR;4;2022-05-10;3;1;0;2;3;3;0;0;0;1081430;6687;1380;26;1082610;4023;451;0;1
FR;4;2022-05-11;3;2;4;0;3;5;1;0;0;1081433;6689;1384;26;1082613;4028;452;0;1
FR;4;2022-05-12;7;4;2;1;7;5;1;0;1;1081440;6693;1386;27;1082620;4033;453;0;2
FR;4;2022-05-13;1;0;2;0;1;2;0;0;0;1081441;6693;1388;27;1082621;4035;453;0;2
FR;4;2022-05-14;0;2;0;0;0;2;0;0;0;1081441;6695;1388;27;1082621;4037;453;0;2
FR;4;2022-05-15;2;2;0;0;4;0;0;0;0;1081443;6697;1388;27;1082625;4037;453;0;2
FR;4;2022-05-16;5;2;2;0;5;2;2;0;0;1081448;6699;1390;27;1082630;4039;455;0;2
FR;4;2022-05-17;5;1;2;0;5;3;0;0;0;1081453;6700;1392;27;1082635;4042;455;0;2
FR;4;2022-05-18;3;6;0;0;3;6;0;0;0;1081456;6706;1392;27;1082638;4048;455;0;2
FR;4;2022-05-19;2;3;3;0;2;5;1;0;0;1081458;6709;1395;27;1082640;4053;456;0;2
FR;4;2022-05-20;4;2;3;0;4;2;3;0;0;1081462;6711;1398;27;1082644;4055;459;0;2
FR;4;2022-05-21;2;0;1;0;2;1;0;0;0;1081464;6711;1399;27;1082646;4056;459;0;2
FR;4;2022-05-22;0;0;1;0;0;1;0;0;0;1081464;6711;1400;27;1082646;4057;459;0;2
FR;4;2022-05-23;0;0;2;0;0;0;2;0;0;1081464;6711;1402;27;1082646;4057;461;0;2
FR;4;2022-05-24;2;4;1;0;2;5;0;0;0;1081466;6715;1403;27;1082648;4062;461;0;2
FR;4;2022-05-25;1;4;1;0;3;3;0;0;0;1081467;6719;1404;27;1082651;4065;461;0;2
FR;4;2022-05-26;5;0;1;0;5;1;0;0;0;1081472;6719;1405;27;1082656;4066;461;0;2
FR;4;2022-05-27;0;2;1;1;0;3;1;0;0;1081472;6721;1406;28;1082656;4069;462;0;2
FR;4;2022-05-28;1;0;0;0;1;0;0;0;0;1081473;6721;1406;28;1082657;4069;462;0;2
FR;4;2022-05-29;1;0;1;0;1;1;0;0;0;1081474;6721;1407;28;1082658;4070;462;0;2
FR;4;2022-05-30;3;4;2;0;3;5;1;0;0;1081477;6725;1409;28;1082661;4075;463;0;2
FR;4;2022-05-31;2;1;0;0;2;1;0;0;0;1081479;6726;1409;28;1082663;4076;463;0;2
FR;4;2022-06-01;3;11;7;0;3;15;3;0;0;1081482;6737;1416;28;1082666;4091;466;0;2
FR;4;2022-06-02;6;7;3;0;6;7;2;0;0;1081488;6744;1419;28;1082672;4098;468;0;2
FR;4;2022-06-03;2;6;4;1;2;7;4;0;0;1081490;6750;1423;29;1082674;4105;472;0;2
FR;4;2022-06-04;0;1;1;1;0;1;2;0;0;1081490;6751;1424;30;1082674;4106;474;0;2
FR;4;2022-06-05;0;0;0;0;0;0;0;0;0;1081490;6751;1424;30;1082674;4106;474;0;2
FR;4;2022-06-06;7;0;3;0;7;2;1;0;0;1081497;6751;1427;30;1082681;4108;475;0;2
FR;4;2022-06-07;6;2;0;1;6;2;1;0;0;1081503;6753;1427;31;1082687;4110;476;0;2
FR;4;2022-06-08;0;5;3;0;1;7;0;0;0;1081503;6758;1430;31;1082688;4117;476;0;2
FR;4;2022-06-09;1;2;0;0;2;1;0;0;0;1081504;6760;1430;31;1082690;4118;476;0;2
FR;4;2022-06-10;3;0;3;0;3;1;2;0;0;1081507;6760;1433;31;1082693;4119;478;0;2
FR;4;2022-06-11;1;0;0;0;1;0;0;0;0;1081508;6760;1433;31;1082694;4119;478;0;2
FR;4;2022-06-12;4;0;0;0;4;0;0;0;0;1081512;6760;1433;31;1082698;4119;478;0;2
FR;4;2022-06-13;5;2;3;0;6;2;1;0;0;1081517;6762;1436;31;1082704;4121;479;0;2
FR;4;2022-06-14;4;3;0;0;5;2;0;0;0;1081521;6765;1436;31;1082709;4123;479;0;2
FR;4;2022-06-15;8;3;4;0;8;3;4;0;0;1081529;6768;1440;31;1082717;4126;483;0;2
FR;4;2022-06-16;2;3;1;1;3;2;1;0;1;1081531;6771;1441;32;1082720;4128;484;0;3
FR;4;2022-06-17;6;1;0;0;6;1;0;0;0;1081537;6772;1441;32;1082726;4129;484;0;3
FR;4;2022-06-18;0;0;0;0;0;0;0;0;0;1081537;6772;1441;32;1082726;4129;484;0;3
FR;4;2022-06-19;3;0;0;0;3;0;0;0;0;1081540;6772;1441;32;1082729;4129;484;0;3
FR;4;2022-06-20;4;2;2;1;4;3;2;0;0;1081544;6774;1443;33;1082733;4132;486;0;3
FR;4;2022-06-21;5;2;4;1;6;4;2;0;0;1081549;6776;1447;34;1082739;4136;488;0;3
FR;4;2022-06-22;3;2;1;3;4;2;1;0;0;1081552;6778;1448;37;1082743;4138;489;0;3
FR;4;2022-06-23;3;3;3;0;3;5;1;0;0;1081555;6781;1451;37;1082746;4143;490;0;3
FR;4;2022-06-24;3;0;2;0;3;0;2;0;0;1081558;6781;1453;37;1082749;4143;492;0;3
FR;4;2022-06-25;2;0;1;1;2;1;1;0;0;1081560;6781;1454;38;1082751;4144;493;0;3
FR;4;2022-06-26;0;0;1;0;0;1;0;0;0;1081560;6781;1455;38;1082751;4145;493;0;3
FR;4;2022-06-27;2;2;0;3;2;2;3;0;0;1081562;6783;1455;41;1082753;4147;496;0;3
FR;4;2022-06-28;0;4;2;1;0;5;2;0;0;1081562;6787;1457;42;1082753;4152;498;0;3
FR;4;2022-06-29;1;2;0;0;1;2;0;0;0;1081563;6789;1457;42;1082754;4154;498;0;3
FR;4;2022-06-30;2;0;0;0;2;0;0;0;0;1081565;6789;1457;42;1082756;4154;498;0;3
FR;4;2022-07-01;2;4;8;0;2;4;8;0;0;1081567;6793;1465;42;1082758;4158;506;0;3
FR;4;2022-07-02;0;1;0;0;1;0;0;0;0;1081567;6794;1465;42;1082759;4158;506;0;3
FR;4;2022-07-03;0;0;0;0;0;0;0;0;0;1081567;6794;1465;42;1082759;4158;506;0;3
FR;4;2022-07-04;3;1;0;0;3;1;0;0;0;1081570;6795;1465;42;1082762;4159;506;0;3
FR;4;2022-07-05;2;0;2;0;2;2;0;0;0;1081572;6795;1467;42;1082764;4161;506;0;3
FR;4;2022-07-06;5;0;1;1;5;0;1;0;1;1081577;6795;1468;43;1082769;4161;507;0;4
FR;4;2022-07-07;1;0;2;1;1;0;3;0;0;1081578;6795;1470;44;1082770;4161;510;0;4
FR;4;2022-07-08;3;1;0;0;3;1;0;0;0;1081581;6796;1470;44;1082773;4162;510;0;4
FR;4;2022-07-09;2;2;1;0;2;3;0;0;0;1081583;6798;1471;44;1082775;4165;510;0;4
FR;4;2022-07-10;2;0;1;0;2;0;0;0;0;1081585;6798;1472;44;1082777;4165;510;0;4
FR;4;2022-07-11;2;0;2;0;2;0;1;0;0;1081587;6798;1474;44;1082779;4165;511;0;4
FR;4;2022-07-12;0;0;2;0;0;2;0;0;0;1081587;6798;1476;44;1082779;4167;511;0;4
FR;4;2022-07-13;2;2;3;0;2;2;3;0;0;1081589;6800;1479;44;1082781;4169;514;0;4
FR;4;2022-07-14;6;0;1;0;6;0;1;0;0;1081595;6800;1480;44;1082787;4169;515;0;4
FR;4;2022-07-15;11;2;0;0;11;2;0;0;0;1081606;6802;1480;44;1082798;4171;515;0;4
FR;4;2022-07-16;4;0;0;2;4;0;2;0;0;1081610;6802;1480;46;1082802;4171;517;0;4
FR;4;2022-07-17;1;0;1;1;1;0;2;0;0;1081611;6802;1481;47;1082803;4171;519;0;4
FR;4;2022-07-18;3;3;2;0;3;3;2;0;0;1081614;6805;1483;47;1082806;4174;521;0;4
FR;4;2022-07-19;4;0;1;0;4;1;0;0;0;1081618;6805;1484;47;1082810;4175;521;0;4
FR;4;2022-07-20;10;0;1;0;10;1;0;0;0;1081628;6805;1485;47;1082820;4176;521;0;4
FR;4;2022-07-21;2;2;1;0;2;2;1;0;0;1081630;6807;1486;47;1082822;4178;522;0;4
FR;4;2022-07-22;4;0;3;0;4;1;2;0;0;1081634;6807;1489;47;1082826;4179;524;0;4
FR;4;2022-07-23;1;2;0;0;1;1;0;0;0;1081635;6809;1489;47;1082827;4180;524;0;4
FR;4;2022-07-24;0;0;0;0;0;0;0;0;0;1081635;6809;1489;47;1082827;4180;524;0;4
FR;4;2022-07-25;5;0;2;0;5;2;0;0;0;1081640;6809;1491;47;1082832;4182;524;0;4
FR;4;2022-07-26;2;0;0;0;2;0;0;0;0;1081642;6809;1491;47;1082834;4182;524;0;4
FR;4;2022-07-27;2;1;0;0;2;0;0;0;0;1081644;6810;1491;47;1082836;4182;524;0;4
FR;4;2022-07-28;11;0;0;0;11;0;0;0;0;1081655;6810;1491;47;1082847;4182;524;0;4
FR;4;2022-07-29;3;0;2;0;3;1;1;0;0;1081658;6810;1493;47;1082850;4183;525;0;4
FR;4;2022-07-30;4;0;2;0;4;0;2;0;0;1081662;6810;1495;47;1082854;4183;527;0;4
FR;4;2022-07-31;0;0;0;0;0;0;0;0;0;1081662;6810;1495;47;1082854;4183;527;0;4
FR;4;2022-08-01;2;0;3;0;2;2;1;0;0;1081664;6810;1498;47;1082856;4185;528;0;4
FR;4;2022-08-02;6;0;0;0;6;0;0;0;0;1081670;6810;1498;47;1082862;4185;528;0;4
FR;4;2022-08-03;2;2;1;0;2;2;1;0;0;1081672;6812;1499;47;1082864;4187;529;0;4
FR;4;2022-08-04;4;2;0;1;4;2;1;0;0;1081676;6814;1499;48;1082868;4189;530;0;4
FR;4;2022-08-05;2;0;1;0;2;0;1;0;0;1081678;6814;1500;48;1082870;4189;531;0;4
FR;4;2022-08-06;2;0;0;0;2;0;0;0;0;1081680;6814;1500;48;1082872;4189;531;0;4
FR;4;2022-08-07;5;0;0;0;5;0;0;0;0;1081685;6814;1500;48;1082877;4189;531;0;4
FR;4;2022-08-08;1;0;1;1;1;1;1;0;0;1081686;6814;1501;49;1082878;4190;532;0;4
FR;4;2022-08-09;1;1;2;2;1;2;3;0;0;1081687;6815;1503;51;1082879;4192;535;0;4
FR;4;2022-08-10;5;1;1;0;6;1;0;0;0;1081692;6816;1504;51;1082885;4193;535;0;4
FR;4;2022-08-11;2;0;1;0;2;1;0;0;0;1081694;6816;1505;51;1082887;4194;535;0;4
FR;4;2022-08-12;4;0;1;0;4;0;1;0;0;1081698;6816;1506;51;1082891;4194;536;0;4
FR;4;2022-08-13;1;0;0;0;1;0;0;0;0;1081699;6816;1506;51;1082892;4194;536;0;4
FR;4;2022-08-14;0;0;0;0;0;0;0;0;0;1081699;6816;1506;51;1082892;4194;536;0;4
FR;4;2022-08-15;1;2;3;0;1;2;3;0;0;1081700;6818;1509;51;1082893;4196;539;0;4
FR;4;2022-08-16;0;0;1;0;0;1;0;0;0;1081700;6818;1510;51;1082893;4197;539;0;4
FR;4;2022-08-17;2;0;0;0;2;0;0;0;0;1081702;6818;1510;51;1082895;4197;539;0;4
FR;4;2022-08-18;3;0;0;0;3;0;0;0;0;1081705;6818;1510;51;1082898;4197;539;0;4
FR;4;2022-08-19;5;0;0;0;5;0;0;0;0;1081710;6818;1510;51;1082903;4197;539;0;4
FR;4;2022-08-20;1;1;0;0;2;0;0;0;0;1081711;6819;1510;51;1082905;4197;539;0;4
FR;4;2022-08-21;1;0;0;0;1;0;0;0;0;1081712;6819;1510;51;1082906;4197;539;0;4
FR;4;2022-08-22;4;9;0;0;4;9;0;0;0;1081716;6828;1510;51;1082910;4206;539;0;4
FR;4;2022-08-23;3;3;3;0;3;4;2;0;0;1081719;6831;1513;51;1082913;4210;541;0;4
FR;4;2022-08-24;5;0;0;1;5;0;1;0;0;1081724;6831;1513;52;1082918;4210;542;0;4
FR;4;2022-08-25;1;3;1;0;1;3;1;0;0;1081725;6834;1514;52;1082919;4213;543;0;4
FR;4;2022-08-26;2;0;0;1;2;0;1;0;0;1081727;6834;1514;53;1082921;4213;544;0;4
FR;4;2022-08-27;1;0;0;0;1;0;0;0;0;1081728;6834;1514;53;1082922;4213;544;0;4
FR;4;2022-08-28;0;1;0;0;0;0;0;0;0;1081728;6835;1514;53;1082922;4213;544;0;4
FR;4;2022-08-29;8;0;0;0;8;0;0;0;0;1081736;6835;1514;53;1082930;4213;544;0;4
FR;4;2022-08-30;5;0;0;0;5;0;0;0;0;1081741;6835;1514;53;1082935;4213;544;0;4
FR;4;2022-08-31;2;1;0;0;2;1;0;0;0;1081743;6836;1514;53;1082937;4214;544;0;4
FR;4;2022-09-01;3;8;2;0;4;7;2;0;0;1081746;6844;1516;53;1082941;4221;546;0;4
FR;4;2022-09-02;2;1;1;0;2;2;0;0;0;1081748;6845;1517;53;1082943;4223;546;0;4
FR;4;2022-09-03;3;0;0;0;3;0;0;0;0;1081751;6845;1517;53;1082946;4223;546;0;4
FR;4;2022-09-04;1;0;0;0;1;0;0;0;0;1081752;6845;1517;53;1082947;4223;546;0;4
FR;4;2022-09-05;2;2;0;0;2;2;0;0;0;1081754;6847;1517;53;1082949;4225;546;0;4
FR;4;2022-09-06;1;0;0;0;1;0;0;0;0;1081755;6847;1517;53;1082950;4225;546;0;4
FR;4;2022-09-07;1;0;1;1;1;1;1;0;0;1081756;6847;1518;54;1082951;4226;547;0;4
FR;4;2022-09-08;3;0;0;0;3;0;0;0;0;1081759;6847;1518;54;1082954;4226;547;0;4
FR;4;2022-09-09;2;0;0;0;2;0;0;0;0;1081761;6847;1518;54;1082956;4226;547;0;4
FR;4;2022-09-10;0;0;0;3;0;1;2;0;0;1081761;6847;1518;57;1082956;4227;549;0;4
FR;4;2022-09-11;2;0;0;0;2;0;0;0;0;1081763;6847;1518;57;1082958;4227;549;0;4
FR;4;2022-09-12;1;1;1;0;1;1;1;0;0;1081764;6848;1519;57;1082959;4228;550;0;4
FR;4;2022-09-13;1;0;0;0;1;0;0;0;0;1081765;6848;1519;57;1082960;4228;550;0;4
FR;4;2022-09-14;2;0;0;0;2;0;0;0;0;1081767;6848;1519;57;1082962;4228;550;0;4
FR;4;2022-09-15;4;0;0;0;4;0;0;0;0;1081771;6848;1519;57;1082966;4228;550;0;4
FR;4;2022-09-16;0;0;0;0;0;0;0;0;0;1081771;6848;1519;57;1082966;4228;550;0;4
FR;4;2022-09-17;2;0;0;0;2;0;0;0;0;1081773;6848;1519;57;1082968;4228;550;0;4
FR;4;2022-09-18;0;1;0;0;0;1;0;0;0;1081773;6849;1519;57;1082968;4229;550;0;4
FR;4;2022-09-19;2;0;2;0;2;2;0;0;0;1081775;6849;1521;57;1082970;4231;550;0;4
FR;4;2022-09-20;4;0;0;0;4;0;0;0;0;1081779;6849;1521;57;1082974;4231;550;0;4
FR;4;2022-09-21;2;1;0;0;2;1;0;0;0;1081781;6850;1521;57;1082976;4232;550;0;4
FR;4;2022-09-22;1;1;0;0;1;1;0;0;0;1081782;6851;1521;57;1082977;4233;550;0;4
FR;4;2022-09-23;2;3;0;0;3;2;0;0;0;1081784;6854;1521;57;1082980;4235;550;0;4
FR;4;2022-09-24;1;0;0;0;1;0;0;0;0;1081785;6854;1521;57;1082981;4235;550;0;4
FR;4;2022-09-25;0;0;0;0;0;0;0;0;0;1081785;6854;1521;57;1082981;4235;550;0;4
FR;4;2022-09-26;2;0;1;0;2;0;1;0;0;1081787;6854;1522;57;1082983;4235;551;0;4
FR;4;2022-09-27;1;0;1;1;1;0;2;0;0;1081788;6854;1523;58;1082984;4235;553;0;4
FR;4;2022-09-28;3;0;2;0;3;2;0;0;0;1081791;6854;1525;58;1082987;4237;553;0;4
FR;4;2022-09-29;3;0;1;1;3;1;1;0;0;1081794;6854;1526;59;1082990;4238;554;0;4
FR;4;2022-09-30;1;0;0;0;1;0;0;0;0;1081795;6854;1526;59;1082991;4238;554;0;4
FR;4;2022-10-01;1;1;0;0;2;0;0;0;0;1081796;6855;1526;59;1082993;4238;554;0;4
FR;4;2022-10-02;0;1;0;0;0;1;0;0;0;1081796;6856;1526;59;1082993;4239;554;0;4
FR;4;2022-10-03;3;2;1;0;4;2;0;0;0;1081799;6858;1527;59;1082997;4241;554;0;4
FR;4;2022-10-04;2;0;0;0;2;0;0;0;0;1081801;6858;1527;59;1082999;4241;554;0;4
FR;4;2022-10-05;0;1;0;0;0;1;0;0;0;1081801;6859;1527;59;1082999;4242;554;0;4
FR;4;2022-10-06;2;0;0;0;2;0;0;0;0;1081803;6859;1527;59;1083001;4242;554;0;4
FR;4;2022-10-07;3;0;1;0;3;0;1;0;0;1081806;6859;1528;59;1083004;4242;555;0;4
FR;4;2022-10-08;3;1;0;0;3;0;0;0;0;1081809;6860;1528;59;1083007;4242;555;0;4
FR;4;2022-10-09;0;0;0;0;0;0;0;0;0;1081809;6860;1528;59;1083007;4242;555;0;4
FR;4;2022-10-10;4;0;2;3;4;2;1;0;2;1081813;6860;1530;62;1083011;4244;556;0;6
FR;4;2022-10-11;1;2;0;0;1;1;0;0;0;1081814;6862;1530;62;1083012;4245;556;0;6
FR;4;2022-10-12;0;0;0;0;0;0;0;0;0;1081814;6862;1530;62;1083012;4245;556;0;6
FR;4;2022-10-13;5;0;0;0;5;0;0;0;0;1081819;6862;1530;62;1083017;4245;556;0;6
FR;4;2022-10-14;1;0;0;0;1;0;0;0;0;1081820;6862;1530;62;1083018;4245;556;0;6
FR;4;2022-10-15;0;1;0;0;0;1;0;0;0;1081820;6863;1530;62;1083018;4246;556;0;6
FR;4;2022-10-16;0;0;0;0;0;0;0;0;0;1081820;6863;1530;62;1083018;4246;556;0;6
FR;4;2022-10-17;2;0;1;0;2;1;0;0;0;1081822;6863;1531;62;1083020;4247;556;0;6
FR;4;2022-10-18;1;0;0;1;1;0;1;0;0;1081823;6863;1531;63;1083021;4247;557;0;6
FR;4;2022-10-19;1;0;0;2;1;0;2;0;3;1081824;6863;1531;65;1083022;4247;559;0;9
FR;4;2022-10-20;4;1;0;0;4;1;0;0;0;1081828;6864;1531;65;1083026;4248;559;0;9
FR;4;2022-10-21;1;0;0;0;1;0;0;0;0;1081829;6864;1531;65;1083027;4248;559;0;9
FR;4;2022-10-22;1;0;0;0;1;0;0;0;0;1081830;6864;1531;65;1083028;4248;559;0;9
FR;4;2022-10-23;0;0;0;0;0;0;0;0;0;1081830;6864;1531;65;1083028;4248;559;0;9
FR;4;2022-10-24;1;0;0;0;1;0;0;0;0;1081831;6864;1531;65;1083029;4248;559;0;9
FR;4;2022-10-25;1;0;0;0;1;0;0;0;0;1081832;6864;1531;65;1083030;4248;559;0;9
FR;4;2022-10-26;2;1;0;0;2;1;0;0;0;1081834;6865;1531;65;1083032;4249;559;0;9
FR;4;2022-10-27;3;1;1;0;3;0;1;0;0;1081837;6866;1532;65;1083035;4249;560;0;9
FR;4;2022-10-28;0;0;0;0;0;0;0;0;0;1081837;6866;1532;65;1083035;4249;560;0;9
FR;4;2022-10-29;1;0;0;3;1;0;3;0;3;1081838;6866;1532;68;1083036;4249;563;0;12
FR;4;2022-10-30;1;0;0;0;1;0;0;0;0;1081839;6866;1532;68;1083037;4249;563;0;12
FR;4;2022-10-31;0;0;0;0;0;0;0;0;0;1081839;6866;1532;68;1083037;4249;563;0;12
FR;4;2022-11-01;1;5;0;0;1;5;0;0;0;1081840;6871;1532;68;1083038;4254;563;0;12
FR;4;2022-11-02;0;0;2;2;0;1;3;0;0;1081840;6871;1534;70;1083038;4255;566;0;12
FR;4;2022-11-03;1;0;0;0;1;0;0;0;0;1081841;6871;1534;70;1083039;4255;566;0;12
FR;4;2022-11-04;4;1;0;0;4;0;0;0;0;1081845;6872;1534;70;1083043;4255;566;0;12
FR;4;2022-11-05;0;0;0;0;0;0;0;0;0;1081845;6872;1534;70;1083043;4255;566;0;12
FR;4;2022-11-06;2;0;0;0;2;0;0;0;0;1081847;6872;1534;70;1083045;4255;566;0;12
FR;4;2022-11-07;2;0;0;0;2;0;0;0;0;1081849;6872;1534;70;1083047;4255;566;0;12
FR;4;2022-11-08;7;0;0;0;7;0;0;0;0;1081856;6872;1534;70;1083054;4255;566;0;12
FR;4;2022-11-09;0;0;0;0;0;0;0;0;0;1081856;6872;1534;70;1083054;4255;566;0;12
FR;4;2022-11-10;0;0;0;0;0;0;0;0;0;1081856;6872;1534;70;1083054;4255;566;0;12
FR;4;2022-11-11;1;0;0;0;1;0;0;0;0;1081857;6872;1534;70;1083055;4255;566;0;12
FR;4;2022-11-12;3;1;0;0;3;1;0;0;0;1081860;6873;1534;70;1083058;4256;566;0;12
FR;4;2022-11-13;0;0;0;0;0;0;0;0;0;1081860;6873;1534;70;1083058;4256;566;0;12
FR;4;2022-11-14;0;0;0;0;0;0;0;0;0;1081860;6873;1534;70;1083058;4256;566;0;12
FR;4;2022-11-15;3;0;0;0;3;0;0;0;0;1081863;6873;1534;70;1083061;4256;566;0;12
FR;4;2022-11-16;1;1;0;0;1;1;0;0;0;1081864;6874;1534;70;1083062;4257;566;0;12
FR;4;2022-11-17;0;0;0;0;0;0;0;0;0;1081864;6874;1534;70;1083062;4257;566;0;12
FR;4;2022-11-18;5;0;1;0;5;0;1;0;0;1081869;6874;1535;70;1083067;4257;567;0;12
FR;4;2022-11-19;0;0;0;0;0;0;0;0;0;1081869;6874;1535;70;1083067;4257;567;0;12
FR;4;2022-11-20;0;0;0;0;0;0;0;0;0;1081869;6874;1535;70;1083067;4257;567;0;12
FR;4;2022-11-21;0;0;0;0;0;0;0;0;0;1081869;6874;1535;70;1083067;4257;567;0;12
FR;4;2022-11-22;0;0;0;0;0;0;0;0;0;1081869;6874;1535;70;1083067;4257;567;0;12
FR;4;2022-11-23;1;0;0;0;1;0;0;0;1;1081870;6874;1535;70;1083068;4257;567;0;13
FR;4;2022-11-24;0;0;0;0;0;0;0;0;0;1081870;6874;1535;70;1083068;4257;567;0;13
FR;4;2022-11-25;3;3;0;0;3;3;0;0;0;1081873;6877;1535;70;1083071;4260;567;0;13
FR;4;2022-11-26;1;0;0;0;1;0;0;0;0;1081874;6877;1535;70;1083072;4260;567;0;13
FR;4;2022-11-27;0;0;0;0;0;0;0;0;0;1081874;6877;1535;70;1083072;4260;567;0;13
FR;4;2022-11-28;3;0;0;0;3;0;0;0;0;1081877;6877;1535;70;1083075;4260;567;0;13
FR;4;2022-11-29;2;0;0;0;2;0;0;0;0;1081879;6877;1535;70;1083077;4260;567;0;13
FR;4;2022-11-30;0;0;0;0;0;0;0;0;0;1081879;6877;1535;70;1083077;4260;567;0;13
FR;4;2022-12-01;1;2;2;0;2;2;1;0;0;1081880;6879;1537;70;1083079;4262;568;0;13
FR;4;2022-12-02;2;1;0;1;2;1;0;0;1;1081882;6880;1537;71;1083081;4263;568;0;14
FR;4;2022-12-03;1;0;0;0;1;0;0;0;0;1081883;6880;1537;71;1083082;4263;568;0;14
FR;4;2022-12-04;0;0;0;0;0;0;0;0;0;1081883;6880;1537;71;1083082;4263;568;0;14
FR;4;2022-12-05;1;0;0;0;1;0;0;0;0;1081884;6880;1537;71;1083083;4263;568;0;14
FR;4;2022-12-06;1;0;0;0;1;0;0;0;0;1081885;6880;1537;71;1083084;4263;568;0;14
FR;4;2022-12-07;2;0;0;0;2;0;0;0;0;1081887;6880;1537;71;1083086;4263;568;0;14
FR;4;2022-12-08;1;0;0;0;1;0;0;0;0;1081888;6880;1537;71;1083087;4263;568;0;14
FR;4;2022-12-09;1;0;0;0;1;0;0;0;0;1081889;6880;1537;71;1083088;4263;568;0;14
FR;4;2022-12-10;1;0;0;0;1;0;0;0;0;1081890;6880;1537;71;1083089;4263;568;0;14
FR;4;2022-12-11;0;0;0;0;0;0;0;0;0;1081890;6880;1537;71;1083089;4263;568;0;14
FR;4;2022-12-12;0;1;0;5;0;1;5;0;0;1081890;6881;1537;76;1083089;4264;573;0;14
FR;4;2022-12-13;1;0;0;0;1;0;0;0;0;1081891;6881;1537;76;1083090;4264;573;0;14
FR;4;2022-12-14;0;0;0;0;0;0;0;0;0;1081891;6881;1537;76;1083090;4264;573;0;14
FR;4;2022-12-15;1;0;0;0;1;0;0;0;0;1081892;6881;1537;76;1083091;4264;573;0;14
FR;4;2022-12-16;1;0;0;0;1;0;0;0;0;1081893;6881;1537;76;1083092;4264;573;0;14
FR;4;2022-12-17;0;0;0;0;0;0;0;0;0;1081893;6881;1537;76;1083092;4264;573;0;14
FR;4;2022-12-18;0;0;0;0;0;0;0;0;0;1081893;6881;1537;76;1083092;4264;573;0;14
FR;4;2022-12-19;1;0;0;0;1;0;0;0;0;1081894;6881;1537;76;1083093;4264;573;0;14
FR;4;2022-12-20;3;1;0;0;3;1;0;0;0;1081897;6882;1537;76;1083096;4265;573;0;14
FR;4;2022-12-21;2;0;0;0;2;0;0;0;0;1081899;6882;1537;76;1083098;4265;573;0;14
FR;4;2022-12-22;0;0;0;0;0;0;0;0;0;1081899;6882;1537;76;1083098;4265;573;0;14
FR;4;2022-12-23;3;0;0;0;3;0;0;0;0;1081902;6882;1537;76;1083101;4265;573;0;14
FR;4;2022-12-24;0;0;0;0;0;0;0;0;0;1081902;6882;1537;76;1083101;4265;573;0;14
FR;4;2022-12-25;0;0;0;0;0;0;0;0;0;1081902;6882;1537;76;1083101;4265;573;0;14
FR;4;2022-12-26;1;2;0;0;1;1;0;0;0;1081903;6884;1537;76;1083102;4266;573;0;14
FR;4;2022-12-27;0;0;0;0;0;0;0;0;0;1081903;6884;1537;76;1083102;4266;573;0;14
FR;5;2020-12-27;0;0;0;0;0;0;0;0;0;0;0;0;0;0;0;0;0;0
FR;5;2020-12-28;0;0;0;0;0;0;0;0;0;0;0;0;0;0;0;0;0;0
FR;5;2020-12-29;0;0;0;0;0;0;0;0;0;0;0;0;0;0;0;0;0;0
FR;5;2020-12-30;0;0;0;0;0;0;0;0;0;0;0;0;0;0;0;0;0;0
FR;5;2020-12-31;0;0;0;0;0;0;0;0;0;0;0;0;0;0;0;0;0;0
FR;5;2021-01-01;0;0;0;0;0;0;0;0;0;0;0;0;0;0;0;0;0;0
FR;5;2021-01-02;0;0;0;0;0;0;0;0;0;0;0;0;0;0;0;0;0;0
FR;5;2021-01-03;0;0;0;0;0;0;0;0;0;0;0;0;0;0;0;0;0;0
FR;5;2021-01-04;0;0;0;0;0;0;0;0;0;0;0;0;0;0;0;0;0;0
FR;5;2021-01-05;0;0;0;0;0;0;0;0;0;0;0;0;0;0;0;0;0;0
FR;5;2021-01-06;0;0;0;0;0;0;0;0;0;0;0;0;0;0;0;0;0;0
FR;5;2021-01-07;0;0;0;0;0;0;0;0;0;0;0;0;0;0;0;0;0;0
FR;5;2021-01-08;0;0;0;0;0;0;0;0;0;0;0;0;0;0;0;0;0;0
FR;5;2021-01-09;0;0;0;0;0;0;0;0;0;0;0;0;0;0;0;0;0;0
FR;5;2021-01-10;0;0;0;0;0;0;0;0;0;0;0;0;0;0;0;0;0;0
FR;5;2021-01-11;0;0;0;0;0;0;0;0;0;0;0;0;0;0;0;0;0;0
FR;5;2021-01-12;0;0;0;0;0;0;0;0;0;0;0;0;0;0;0;0;0;0
FR;5;2021-01-13;0;0;0;0;0;0;0;0;0;0;0;0;0;0;0;0;0;0
FR;5;2021-01-14;0;0;0;0;0;0;0;0;0;0;0;0;0;0;0;0;0;0
FR;5;2021-01-15;0;0;0;0;0;0;0;0;0;0;0;0;0;0;0;0;0;0
FR;5;2021-01-16;0;0;0;0;0;0;0;0;0;0;0;0;0;0;0;0;0;0
FR;5;2021-01-17;0;0;0;0;0;0;0;0;0;0;0;0;0;0;0;0;0;0
FR;5;2021-01-18;0;0;0;0;0;0;0;0;0;0;0;0;0;0;0;0;0;0
FR;5;2021-01-19;0;0;0;0;0;0;0;0;0;0;0;0;0;0;0;0;0;0
FR;5;2021-01-20;0;0;0;0;0;0;0;0;0;0;0;0;0;0;0;0;0;0
FR;5;2021-01-21;0;0;0;0;0;0;0;0;0;0;0;0;0;0;0;0;0;0
FR;5;2021-01-22;0;0;0;0;0;0;0;0;0;0;0;0;0;0;0;0;0;0
FR;5;2021-01-23;0;0;0;0;0;0;0;0;0;0;0;0;0;0;0;0;0;0
FR;5;2021-01-24;0;0;0;0;0;0;0;0;0;0;0;0;0;0;0;0;0;0
FR;5;2021-01-25;0;0;0;0;0;0;0;0;0;0;0;0;0;0;0;0;0;0
FR;5;2021-01-26;0;0;0;0;0;0;0;0;0;0;0;0;0;0;0;0;0;0
FR;5;2021-01-27;0;0;0;0;0;0;0;0;0;0;0;0;0;0;0;0;0;0
FR;5;2021-01-28;0;0;0;0;0;0;0;0;0;0;0;0;0;0;0;0;0;0
FR;5;2021-01-29;0;0;0;0;0;0;0;0;0;0;0;0;0;0;0;0;0;0
FR;5;2021-01-30;0;0;0;0;0;0;0;0;0;0;0;0;0;0;0;0;0;0
FR;5;2021-01-31;0;0;0;0;0;0;0;0;0;0;0;0;0;0;0;0;0;0
FR;5;2021-02-01;0;0;0;0;0;0;0;0;0;0;0;0;0;0;0;0;0;0
FR;5;2021-02-02;0;0;0;0;0;0;0;0;0;0;0;0;0;0;0;0;0;0
FR;5;2021-02-03;0;0;0;0;0;0;0;0;0;0;0;0;0;0;0;0;0;0
FR;5;2021-02-04;0;0;0;0;0;0;0;0;0;0;0;0;0;0;0;0;0;0
FR;5;2021-02-05;0;0;0;0;0;0;0;0;0;0;0;0;0;0;0;0;0;0
FR;5;2021-02-06;0;0;0;0;0;0;0;0;0;0;0;0;0;0;0;0;0;0
FR;5;2021-02-07;0;0;0;0;0;0;0;0;0;0;0;0;0;0;0;0;0;0
FR;5;2021-02-08;0;0;0;0;0;0;0;0;0;0;0;0;0;0;0;0;0;0
FR;5;2021-02-09;0;0;0;0;0;0;0;0;0;0;0;0;0;0;0;0;0;0
FR;5;2021-02-10;0;0;0;0;0;0;0;0;0;0;0;0;0;0;0;0;0;0
FR;5;2021-02-11;0;0;0;0;0;0;0;0;0;0;0;0;0;0;0;0;0;0
FR;5;2021-02-12;0;0;0;0;0;0;0;0;0;0;0;0;0;0;0;0;0;0
FR;5;2021-02-13;0;0;0;0;0;0;0;0;0;0;0;0;0;0;0;0;0;0
FR;5;2021-02-14;0;0;0;0;0;0;0;0;0;0;0;0;0;0;0;0;0;0
FR;5;2021-02-15;0;0;0;0;0;0;0;0;0;0;0;0;0;0;0;0;0;0
FR;5;2021-02-16;0;0;0;0;0;0;0;0;0;0;0;0;0;0;0;0;0;0
FR;5;2021-02-17;0;0;0;0;0;0;0;0;0;0;0;0;0;0;0;0;0;0
FR;5;2021-02-18;0;0;0;0;0;0;0;0;0;0;0;0;0;0;0;0;0;0
FR;5;2021-02-19;0;0;0;0;0;0;0;0;0;0;0;0;0;0;0;0;0;0
FR;5;2021-02-20;0;0;0;0;0;0;0;0;0;0;0;0;0;0;0;0;0;0
FR;5;2021-02-21;0;0;0;0;0;0;0;0;0;0;0;0;0;0;0;0;0;0
FR;5;2021-02-22;0;0;0;0;0;0;0;0;0;0;0;0;0;0;0;0;0;0
FR;5;2021-02-23;0;0;0;0;0;0;0;0;0;0;0;0;0;0;0;0;0;0
FR;5;2021-02-24;0;0;0;0;0;0;0;0;0;0;0;0;0;0;0;0;0;0
FR;5;2021-02-25;0;0;0;0;0;0;0;0;0;0;0;0;0;0;0;0;0;0
FR;5;2021-02-26;0;0;0;0;0;0;0;0;0;0;0;0;0;0;0;0;0;0
FR;5;2021-02-27;0;0;0;0;0;0;0;0;0;0;0;0;0;0;0;0;0;0
FR;5;2021-02-28;0;0;0;0;0;0;0;0;0;0;0;0;0;0;0;0;0;0
FR;5;2021-03-01;0;0;0;0;0;0;0;0;0;0;0;0;0;0;0;0;0;0
FR;5;2021-03-02;0;0;0;0;0;0;0;0;0;0;0;0;0;0;0;0;0;0
FR;5;2021-03-03;0;0;0;0;0;0;0;0;0;0;0;0;0;0;0;0;0;0
FR;5;2021-03-04;0;0;0;0;0;0;0;0;0;0;0;0;0;0;0;0;0;0
FR;5;2021-03-05;0;0;0;0;0;0;0;0;0;0;0;0;0;0;0;0;0;0
FR;5;2021-03-06;0;0;0;0;0;0;0;0;0;0;0;0;0;0;0;0;0;0
FR;5;2021-03-07;0;0;0;0;0;0;0;0;0;0;0;0;0;0;0;0;0;0
FR;5;2021-03-08;0;0;0;0;0;0;0;0;0;0;0;0;0;0;0;0;0;0
FR;5;2021-03-09;0;0;0;0;0;0;0;0;0;0;0;0;0;0;0;0;0;0
FR;5;2021-03-10;0;0;0;0;0;0;0;0;0;0;0;0;0;0;0;0;0;0
FR;5;2021-03-11;0;0;0;0;0;0;0;0;0;0;0;0;0;0;0;0;0;0
FR;5;2021-03-12;0;0;0;0;0;0;0;0;0;0;0;0;0;0;0;0;0;0
FR;5;2021-03-13;0;0;0;0;0;0;0;0;0;0;0;0;0;0;0;0;0;0
FR;5;2021-03-14;0;0;0;0;0;0;0;0;0;0;0;0;0;0;0;0;0;0
FR;5;2021-03-15;0;0;0;0;0;0;0;0;0;0;0;0;0;0;0;0;0;0
FR;5;2021-03-16;0;0;0;0;0;0;0;0;0;0;0;0;0;0;0;0;0;0
FR;5;2021-03-17;0;0;0;0;0;0;0;0;0;0;0;0;0;0;0;0;0;0
FR;5;2021-03-18;0;0;0;0;0;0;0;0;0;0;0;0;0;0;0;0;0;0
FR;5;2021-03-19;0;0;0;0;0;0;0;0;0;0;0;0;0;0;0;0;0;0
FR;5;2021-03-20;0;0;0;0;0;0;0;0;0;0;0;0;0;0;0;0;0;0
FR;5;2021-03-21;0;0;0;0;0;0;0;0;0;0;0;0;0;0;0;0;0;0
FR;5;2021-03-22;0;0;0;0;0;0;0;0;0;0;0;0;0;0;0;0;0;0
FR;5;2021-03-23;0;0;0;0;0;0;0;0;0;0;0;0;0;0;0;0;0;0
FR;5;2021-03-24;0;0;0;0;0;0;0;0;0;0;0;0;0;0;0;0;0;0
FR;5;2021-03-25;0;0;0;0;0;0;0;0;0;0;0;0;0;0;0;0;0;0
FR;5;2021-03-26;0;0;0;0;0;0;0;0;0;0;0;0;0;0;0;0;0;0
FR;5;2021-03-27;0;0;0;0;0;0;0;0;0;0;0;0;0;0;0;0;0;0
FR;5;2021-03-28;0;0;0;0;0;0;0;0;0;0;0;0;0;0;0;0;0;0
FR;5;2021-03-29;0;0;0;0;0;0;0;0;0;0;0;0;0;0;0;0;0;0
FR;5;2021-03-30;0;0;0;0;0;0;0;0;0;0;0;0;0;0;0;0;0;0
FR;5;2021-03-31;0;0;0;0;0;0;0;0;0;0;0;0;0;0;0;0;0;0
FR;5;2021-04-01;0;0;0;0;0;0;0;0;0;0;0;0;0;0;0;0;0;0
FR;5;2021-04-02;0;0;0;0;0;0;0;0;0;0;0;0;0;0;0;0;0;0
FR;5;2021-04-03;0;0;0;0;0;0;0;0;0;0;0;0;0;0;0;0;0;0
FR;5;2021-04-04;0;0;0;0;0;0;0;0;0;0;0;0;0;0;0;0;0;0
FR;5;2021-04-05;0;0;0;0;0;0;0;0;0;0;0;0;0;0;0;0;0;0
FR;5;2021-04-06;0;0;0;0;0;0;0;0;0;0;0;0;0;0;0;0;0;0
FR;5;2021-04-07;0;0;0;0;0;0;0;0;0;0;0;0;0;0;0;0;0;0
FR;5;2021-04-08;0;0;0;0;0;0;0;0;0;0;0;0;0;0;0;0;0;0
FR;5;2021-04-09;0;0;0;0;0;0;0;0;0;0;0;0;0;0;0;0;0;0
FR;5;2021-04-10;0;0;0;0;0;0;0;0;0;0;0;0;0;0;0;0;0;0
FR;5;2021-04-11;0;0;0;0;0;0;0;0;0;0;0;0;0;0;0;0;0;0
FR;5;2021-04-12;0;0;0;0;0;0;0;0;0;0;0;0;0;0;0;0;0;0
FR;5;2021-04-13;0;0;0;0;0;0;0;0;0;0;0;0;0;0;0;0;0;0
FR;5;2021-04-14;0;0;0;0;0;0;0;0;0;0;0;0;0;0;0;0;0;0
FR;5;2021-04-15;0;0;0;0;0;0;0;0;0;0;0;0;0;0;0;0;0;0
FR;5;2021-04-16;0;0;0;0;0;0;0;0;0;0;0;0;0;0;0;0;0;0
FR;5;2021-04-17;0;0;0;0;0;0;0;0;0;0;0;0;0;0;0;0;0;0
FR;5;2021-04-18;0;0;0;0;0;0;0;0;0;0;0;0;0;0;0;0;0;0
FR;5;2021-04-19;0;0;0;0;0;0;0;0;0;0;0;0;0;0;0;0;0;0
FR;5;2021-04-20;0;0;0;0;0;0;0;0;0;0;0;0;0;0;0;0;0;0
FR;5;2021-04-21;0;0;0;0;0;0;0;0;0;0;0;0;0;0;0;0;0;0
FR;5;2021-04-22;0;0;0;0;0;0;0;0;0;0;0;0;0;0;0;0;0;0
FR;5;2021-04-23;0;0;0;0;0;0;0;0;0;0;0;0;0;0;0;0;0;0
FR;5;2021-04-24;0;0;0;0;0;0;0;0;0;0;0;0;0;0;0;0;0;0
FR;5;2021-04-25;0;0;0;0;0;0;0;0;0;0;0;0;0;0;0;0;0;0
FR;5;2021-04-26;0;0;0;0;0;0;0;0;0;0;0;0;0;0;0;0;0;0
FR;5;2021-04-27;0;0;0;0;0;0;0;0;0;0;0;0;0;0;0;0;0;0
FR;5;2021-04-28;0;0;0;0;0;0;0;0;0;0;0;0;0;0;0;0;0;0
FR;5;2021-04-29;0;0;0;0;0;0;0;0;0;0;0;0;0;0;0;0;0;0
FR;5;2021-04-30;0;0;0;0;0;0;0;0;0;0;0;0;0;0;0;0;0;0
FR;5;2021-05-01;0;0;0;0;0;0;0;0;0;0;0;0;0;0;0;0;0;0
FR;5;2021-05-02;0;0;0;0;0;0;0;0;0;0;0;0;0;0;0;0;0;0
FR;5;2021-05-03;0;0;0;0;0;0;0;0;0;0;0;0;0;0;0;0;0;0
FR;5;2021-05-04;0;0;0;0;0;0;0;0;0;0;0;0;0;0;0;0;0;0
FR;5;2021-05-05;0;0;0;0;0;0;0;0;0;0;0;0;0;0;0;0;0;0
FR;5;2021-05-06;0;0;0;0;0;0;0;0;0;0;0;0;0;0;0;0;0;0
FR;5;2021-05-07;0;0;0;0;0;0;0;0;0;0;0;0;0;0;0;0;0;0
FR;5;2021-05-08;0;0;0;0;0;0;0;0;0;0;0;0;0;0;0;0;0;0
FR;5;2021-05-09;0;0;0;0;0;0;0;0;0;0;0;0;0;0;0;0;0;0
FR;5;2021-05-10;0;0;0;0;0;0;0;0;0;0;0;0;0;0;0;0;0;0
FR;5;2021-05-11;0;0;0;0;0;0;0;0;0;0;0;0;0;0;0;0;0;0
FR;5;2021-05-12;0;0;0;0;0;0;0;0;0;0;0;0;0;0;0;0;0;0
FR;5;2021-05-13;0;0;0;0;0;0;0;0;0;0;0;0;0;0;0;0;0;0
FR;5;2021-05-14;0;0;0;0;0;0;0;0;0;0;0;0;0;0;0;0;0;0
FR;5;2021-05-15;0;0;0;0;0;0;0;0;0;0;0;0;0;0;0;0;0;0
FR;5;2021-05-16;0;0;0;0;0;0;0;0;0;0;0;0;0;0;0;0;0;0
FR;5;2021-05-17;0;0;0;0;0;0;0;0;0;0;0;0;0;0;0;0;0;0
FR;5;2021-05-18;0;0;0;0;0;0;0;0;0;0;0;0;0;0;0;0;0;0
FR;5;2021-05-19;0;0;0;0;0;0;0;0;0;0;0;0;0;0;0;0;0;0
FR;5;2021-05-20;0;0;0;0;0;0;0;0;0;0;0;0;0;0;0;0;0;0
FR;5;2021-05-21;0;0;0;0;0;0;0;0;0;0;0;0;0;0;0;0;0;0
FR;5;2021-05-22;0;0;0;0;0;0;0;0;0;0;0;0;0;0;0;0;0;0
FR;5;2021-05-23;0;0;0;0;0;0;0;0;0;0;0;0;0;0;0;0;0;0
FR;5;2021-05-24;0;0;0;0;0;0;0;0;0;0;0;0;0;0;0;0;0;0
FR;5;2021-05-25;0;0;0;0;0;0;0;0;0;0;0;0;0;0;0;0;0;0
FR;5;2021-05-26;0;0;0;0;0;0;0;0;0;0;0;0;0;0;0;0;0;0
FR;5;2021-05-27;0;0;0;0;0;0;0;0;0;0;0;0;0;0;0;0;0;0
FR;5;2021-05-28;0;0;0;0;0;0;0;0;0;0;0;0;0;0;0;0;0;0
FR;5;2021-05-29;0;0;0;0;0;0;0;0;0;0;0;0;0;0;0;0;0;0
FR;5;2021-05-30;0;0;0;0;0;0;0;0;0;0;0;0;0;0;0;0;0;0
FR;5;2021-05-31;0;0;0;0;0;0;0;0;0;0;0;0;0;0;0;0;0;0
FR;5;2021-06-01;0;0;0;0;0;0;0;0;0;0;0;0;0;0;0;0;0;0
FR;5;2021-06-02;0;0;0;0;0;0;0;0;0;0;0;0;0;0;0;0;0;0
FR;5;2021-06-03;0;0;0;0;0;0;0;0;0;0;0;0;0;0;0;0;0;0
FR;5;2021-06-04;0;0;0;0;0;0;0;0;0;0;0;0;0;0;0;0;0;0
FR;5;2021-06-05;0;0;0;0;0;0;0;0;0;0;0;0;0;0;0;0;0;0
FR;5;2021-06-06;0;0;0;0;0;0;0;0;0;0;0;0;0;0;0;0;0;0
FR;5;2021-06-07;0;0;0;0;0;0;0;0;0;0;0;0;0;0;0;0;0;0
FR;5;2021-06-08;0;0;0;0;0;0;0;0;0;0;0;0;0;0;0;0;0;0
FR;5;2021-06-09;0;0;0;0;0;0;0;0;0;0;0;0;0;0;0;0;0;0
FR;5;2021-06-10;0;0;0;0;0;0;0;0;0;0;0;0;0;0;0;0;0;0
FR;5;2021-06-11;0;0;0;0;0;0;0;0;0;0;0;0;0;0;0;0;0;0
FR;5;2021-06-12;0;0;0;0;0;0;0;0;0;0;0;0;0;0;0;0;0;0
FR;5;2021-06-13;0;0;0;0;0;0;0;0;0;0;0;0;0;0;0;0;0;0
FR;5;2021-06-14;0;0;0;0;0;0;0;0;0;0;0;0;0;0;0;0;0;0
FR;5;2021-06-15;0;0;0;0;0;0;0;0;0;0;0;0;0;0;0;0;0;0
FR;5;2021-06-16;0;0;0;0;0;0;0;0;0;0;0;0;0;0;0;0;0;0
FR;5;2021-06-17;0;0;0;0;0;0;0;0;0;0;0;0;0;0;0;0;0;0
FR;5;2021-06-18;0;0;0;0;0;0;0;0;0;0;0;0;0;0;0;0;0;0
FR;5;2021-06-19;0;0;0;0;0;0;0;0;0;0;0;0;0;0;0;0;0;0
FR;5;2021-06-20;0;0;0;0;0;0;0;0;0;0;0;0;0;0;0;0;0;0
FR;5;2021-06-21;0;0;0;0;0;0;0;0;0;0;0;0;0;0;0;0;0;0
FR;5;2021-06-22;0;0;0;0;0;0;0;0;0;0;0;0;0;0;0;0;0;0
FR;5;2021-06-23;0;0;0;0;0;0;0;0;0;0;0;0;0;0;0;0;0;0
FR;5;2021-06-24;0;0;0;0;0;0;0;0;0;0;0;0;0;0;0;0;0;0
FR;5;2021-06-25;0;0;0;0;0;0;0;0;0;0;0;0;0;0;0;0;0;0
FR;5;2021-06-26;0;0;0;0;0;0;0;0;0;0;0;0;0;0;0;0;0;0
FR;5;2021-06-27;0;0;0;0;0;0;0;0;0;0;0;0;0;0;0;0;0;0
FR;5;2021-06-28;0;0;0;0;0;0;0;0;0;0;0;0;0;0;0;0;0;0
FR;5;2021-06-29;0;0;0;0;0;0;0;0;0;0;0;0;0;0;0;0;0;0
FR;5;2021-06-30;0;0;0;0;0;0;0;0;0;0;0;0;0;0;0;0;0;0
FR;5;2021-07-01;0;0;0;0;0;0;0;0;0;0;0;0;0;0;0;0;0;0
FR;5;2021-07-02;0;0;0;0;0;0;0;0;0;0;0;0;0;0;0;0;0;0
FR;5;2021-07-03;0;0;0;0;0;0;0;0;0;0;0;0;0;0;0;0;0;0
FR;5;2021-07-04;0;0;0;0;0;0;0;0;0;0;0;0;0;0;0;0;0;0
FR;5;2021-07-05;0;0;0;0;0;0;0;0;0;0;0;0;0;0;0;0;0;0
FR;5;2021-07-06;0;0;0;0;0;0;0;0;0;0;0;0;0;0;0;0;0;0
FR;5;2021-07-07;0;0;0;0;0;0;0;0;0;0;0;0;0;0;0;0;0;0
FR;5;2021-07-08;0;0;0;0;0;0;0;0;0;0;0;0;0;0;0;0;0;0
FR;5;2021-07-09;0;0;0;0;0;0;0;0;0;0;0;0;0;0;0;0;0;0
FR;5;2021-07-10;0;0;0;0;0;0;0;0;0;0;0;0;0;0;0;0;0;0
FR;5;2021-07-11;0;0;0;0;0;0;0;0;0;0;0;0;0;0;0;0;0;0
FR;5;2021-07-12;0;0;0;0;0;0;0;0;0;0;0;0;0;0;0;0;0;0
FR;5;2021-07-13;0;0;0;0;0;0;0;0;0;0;0;0;0;0;0;0;0;0
FR;5;2021-07-14;0;0;0;0;0;0;0;0;0;0;0;0;0;0;0;0;0;0
FR;5;2021-07-15;0;0;0;0;0;0;0;0;0;0;0;0;0;0;0;0;0;0
FR;5;2021-07-16;0;0;0;0;0;0;0;0;0;0;0;0;0;0;0;0;0;0
FR;5;2021-07-17;0;0;0;0;0;0;0;0;0;0;0;0;0;0;0;0;0;0
FR;5;2021-07-18;0;0;0;0;0;0;0;0;0;0;0;0;0;0;0;0;0;0
FR;5;2021-07-19;0;0;0;0;0;0;0;0;0;0;0;0;0;0;0;0;0;0
FR;5;2021-07-20;0;0;0;0;0;0;0;0;0;0;0;0;0;0;0;0;0;0
FR;5;2021-07-21;0;0;0;0;0;0;0;0;0;0;0;0;0;0;0;0;0;0
FR;5;2021-07-22;0;0;0;0;0;0;0;0;0;0;0;0;0;0;0;0;0;0
FR;5;2021-07-23;0;0;0;0;0;0;0;0;0;0;0;0;0;0;0;0;0;0
FR;5;2021-07-24;0;0;0;0;0;0;0;0;0;0;0;0;0;0;0;0;0;0
FR;5;2021-07-25;0;0;0;0;0;0;0;0;0;0;0;0;0;0;0;0;0;0
FR;5;2021-07-26;0;0;0;0;0;0;0;0;0;0;0;0;0;0;0;0;0;0
FR;5;2021-07-27;0;0;0;0;0;0;0;0;0;0;0;0;0;0;0;0;0;0
FR;5;2021-07-28;0;0;0;0;0;0;0;0;0;0;0;0;0;0;0;0;0;0
FR;5;2021-07-29;0;0;0;0;0;0;0;0;0;0;0;0;0;0;0;0;0;0
FR;5;2021-07-30;0;0;0;0;0;0;0;0;0;0;0;0;0;0;0;0;0;0
FR;5;2021-07-31;0;0;0;0;0;0;0;0;0;0;0;0;0;0;0;0;0;0
FR;5;2021-08-01;0;0;0;0;0;0;0;0;0;0;0;0;0;0;0;0;0;0
FR;5;2021-08-02;0;0;0;0;0;0;0;0;0;0;0;0;0;0;0;0;0;0
FR;5;2021-08-03;0;0;0;0;0;0;0;0;0;0;0;0;0;0;0;0;0;0
FR;5;2021-08-04;0;0;0;0;0;0;0;0;0;0;0;0;0;0;0;0;0;0
FR;5;2021-08-05;0;0;0;0;0;0;0;0;0;0;0;0;0;0;0;0;0;0
FR;5;2021-08-06;0;0;0;0;0;0;0;0;0;0;0;0;0;0;0;0;0;0
FR;5;2021-08-07;0;0;0;0;0;0;0;0;0;0;0;0;0;0;0;0;0;0
FR;5;2021-08-08;0;0;0;0;0;0;0;0;0;0;0;0;0;0;0;0;0;0
FR;5;2021-08-09;0;0;0;0;0;0;0;0;0;0;0;0;0;0;0;0;0;0
FR;5;2021-08-10;0;0;0;0;0;0;0;0;0;0;0;0;0;0;0;0;0;0
FR;5;2021-08-11;0;0;0;0;0;0;0;0;0;0;0;0;0;0;0;0;0;0
FR;5;2021-08-12;0;0;0;0;0;0;0;0;0;0;0;0;0;0;0;0;0;0
FR;5;2021-08-13;0;0;0;0;0;0;0;0;0;0;0;0;0;0;0;0;0;0
FR;5;2021-08-14;0;0;0;0;0;0;0;0;0;0;0;0;0;0;0;0;0;0
FR;5;2021-08-15;0;0;0;0;0;0;0;0;0;0;0;0;0;0;0;0;0;0
FR;5;2021-08-16;0;0;0;0;0;0;0;0;0;0;0;0;0;0;0;0;0;0
FR;5;2021-08-17;0;0;0;0;0;0;0;0;0;0;0;0;0;0;0;0;0;0
FR;5;2021-08-18;0;0;0;0;0;0;0;0;0;0;0;0;0;0;0;0;0;0
FR;5;2021-08-19;0;0;0;0;0;0;0;0;0;0;0;0;0;0;0;0;0;0
FR;5;2021-08-20;0;0;0;0;0;0;0;0;0;0;0;0;0;0;0;0;0;0
FR;5;2021-08-21;0;0;0;0;0;0;0;0;0;0;0;0;0;0;0;0;0;0
FR;5;2021-08-22;0;0;0;0;0;0;0;0;0;0;0;0;0;0;0;0;0;0
FR;5;2021-08-23;0;0;0;0;0;0;0;0;0;0;0;0;0;0;0;0;0;0
FR;5;2021-08-24;0;0;0;0;0;0;0;0;0;0;0;0;0;0;0;0;0;0
FR;5;2021-08-25;0;0;0;0;0;0;0;0;0;0;0;0;0;0;0;0;0;0
FR;5;2021-08-26;0;0;0;0;0;0;0;0;0;0;0;0;0;0;0;0;0;0
FR;5;2021-08-27;0;0;0;0;0;0;0;0;0;0;0;0;0;0;0;0;0;0
FR;5;2021-08-28;0;0;0;0;0;0;0;0;0;0;0;0;0;0;0;0;0;0
FR;5;2021-08-29;0;0;0;0;0;0;0;0;0;0;0;0;0;0;0;0;0;0
FR;5;2021-08-30;0;0;0;0;0;0;0;0;0;0;0;0;0;0;0;0;0;0
FR;5;2021-08-31;0;0;0;0;0;0;0;0;0;0;0;0;0;0;0;0;0;0
FR;5;2021-09-01;0;0;0;0;0;0;0;0;0;0;0;0;0;0;0;0;0;0
FR;5;2021-09-02;0;0;0;0;0;0;0;0;0;0;0;0;0;0;0;0;0;0
FR;5;2021-09-03;0;0;0;0;0;0;0;0;0;0;0;0;0;0;0;0;0;0
FR;5;2021-09-04;0;0;0;0;0;0;0;0;0;0;0;0;0;0;0;0;0;0
FR;5;2021-09-05;0;0;0;0;0;0;0;0;0;0;0;0;0;0;0;0;0;0
FR;5;2021-09-06;0;0;0;0;0;0;0;0;0;0;0;0;0;0;0;0;0;0
FR;5;2021-09-07;0;0;0;0;0;0;0;0;0;0;0;0;0;0;0;0;0;0
FR;5;2021-09-08;0;0;0;0;0;0;0;0;0;0;0;0;0;0;0;0;0;0
FR;5;2021-09-09;0;0;0;0;0;0;0;0;0;0;0;0;0;0;0;0;0;0
FR;5;2021-09-10;0;0;0;0;0;0;0;0;0;0;0;0;0;0;0;0;0;0
FR;5;2021-09-11;0;0;0;0;0;0;0;0;0;0;0;0;0;0;0;0;0;0
FR;5;2021-09-12;0;0;0;0;0;0;0;0;0;0;0;0;0;0;0;0;0;0
FR;5;2021-09-13;0;0;0;0;0;0;0;0;0;0;0;0;0;0;0;0;0;0
FR;5;2021-09-14;0;0;0;0;0;0;0;0;0;0;0;0;0;0;0;0;0;0
FR;5;2021-09-15;0;0;0;0;0;0;0;0;0;0;0;0;0;0;0;0;0;0
FR;5;2021-09-16;0;0;0;0;0;0;0;0;0;0;0;0;0;0;0;0;0;0
FR;5;2021-09-17;0;0;0;0;0;0;0;0;0;0;0;0;0;0;0;0;0;0
FR;5;2021-09-18;0;0;0;0;0;0;0;0;0;0;0;0;0;0;0;0;0;0
FR;5;2021-09-19;0;0;0;0;0;0;0;0;0;0;0;0;0;0;0;0;0;0
FR;5;2021-09-20;0;0;0;0;0;0;0;0;0;0;0;0;0;0;0;0;0;0
FR;5;2021-09-21;0;0;0;0;0;0;0;0;0;0;0;0;0;0;0;0;0;0
FR;5;2021-09-22;0;0;0;0;0;0;0;0;0;0;0;0;0;0;0;0;0;0
FR;5;2021-09-23;0;0;0;0;0;0;0;0;0;0;0;0;0;0;0;0;0;0
FR;5;2021-09-24;0;0;0;0;0;0;0;0;0;0;0;0;0;0;0;0;0;0
FR;5;2021-09-25;0;0;0;0;0;0;0;0;0;0;0;0;0;0;0;0;0;0
FR;5;2021-09-26;0;0;0;0;0;0;0;0;0;0;0;0;0;0;0;0;0;0
FR;5;2021-09-27;0;0;0;0;0;0;0;0;0;0;0;0;0;0;0;0;0;0
FR;5;2021-09-28;0;0;0;0;0;0;0;0;0;0;0;0;0;0;0;0;0;0
FR;5;2021-09-29;0;0;0;0;0;0;0;0;0;0;0;0;0;0;0;0;0;0
FR;5;2021-09-30;0;0;0;0;0;0;0;0;0;0;0;0;0;0;0;0;0;0
FR;5;2021-10-01;0;0;0;0;0;0;0;0;0;0;0;0;0;0;0;0;0;0
FR;5;2021-10-02;0;0;0;0;0;0;0;0;0;0;0;0;0;0;0;0;0;0
FR;5;2021-10-03;0;0;0;0;0;0;0;0;0;0;0;0;0;0;0;0;0;0
FR;5;2021-10-04;0;0;0;0;0;0;0;0;0;0;0;0;0;0;0;0;0;0
FR;5;2021-10-05;0;0;0;0;0;0;0;0;0;0;0;0;0;0;0;0;0;0
FR;5;2021-10-06;0;0;0;0;0;0;0;0;0;0;0;0;0;0;0;0;0;0
FR;5;2021-10-07;0;0;0;0;0;0;0;0;0;0;0;0;0;0;0;0;0;0
FR;5;2021-10-08;0;0;0;0;0;0;0;0;0;0;0;0;0;0;0;0;0;0
FR;5;2021-10-09;0;0;0;0;0;0;0;0;0;0;0;0;0;0;0;0;0;0
FR;5;2021-10-10;0;0;0;0;0;0;0;0;0;0;0;0;0;0;0;0;0;0
FR;5;2021-10-11;0;0;0;0;0;0;0;0;0;0;0;0;0;0;0;0;0;0
FR;5;2021-10-12;0;0;0;0;0;0;0;0;0;0;0;0;0;0;0;0;0;0
FR;5;2021-10-13;0;0;0;0;0;0;0;0;0;0;0;0;0;0;0;0;0;0
FR;5;2021-10-14;0;0;0;0;0;0;0;0;0;0;0;0;0;0;0;0;0;0
FR;5;2021-10-15;0;0;0;0;0;0;0;0;0;0;0;0;0;0;0;0;0;0
FR;5;2021-10-16;0;0;0;0;0;0;0;0;0;0;0;0;0;0;0;0;0;0
FR;5;2021-10-17;0;0;0;0;0;0;0;0;0;0;0;0;0;0;0;0;0;0
FR;5;2021-10-18;0;0;0;0;0;0;0;0;0;0;0;0;0;0;0;0;0;0
FR;5;2021-10-19;0;0;0;0;0;0;0;0;0;0;0;0;0;0;0;0;0;0
FR;5;2021-10-20;0;0;0;0;0;0;0;0;0;0;0;0;0;0;0;0;0;0
FR;5;2021-10-21;0;0;0;0;0;0;0;0;0;0;0;0;0;0;0;0;0;0
FR;5;2021-10-22;0;0;0;0;0;0;0;0;0;0;0;0;0;0;0;0;0;0
FR;5;2021-10-23;0;0;0;0;0;0;0;0;0;0;0;0;0;0;0;0;0;0
FR;5;2021-10-24;0;0;0;0;0;0;0;0;0;0;0;0;0;0;0;0;0;0
FR;5;2021-10-25;0;0;0;0;0;0;0;0;0;0;0;0;0;0;0;0;0;0
FR;5;2021-10-26;0;0;0;0;0;0;0;0;0;0;0;0;0;0;0;0;0;0
FR;5;2021-10-27;0;0;0;0;0;0;0;0;0;0;0;0;0;0;0;0;0;0
FR;5;2021-10-28;0;0;0;0;0;0;0;0;0;0;0;0;0;0;0;0;0;0
FR;5;2021-10-29;0;0;0;0;0;0;0;0;0;0;0;0;0;0;0;0;0;0
FR;5;2021-10-30;0;0;0;0;0;0;0;0;0;0;0;0;0;0;0;0;0;0
FR;5;2021-10-31;0;0;0;0;0;0;0;0;0;0;0;0;0;0;0;0;0;0
FR;5;2021-11-01;0;0;0;0;0;0;0;0;0;0;0;0;0;0;0;0;0;0
FR;5;2021-11-02;0;0;0;0;0;0;0;0;0;0;0;0;0;0;0;0;0;0
FR;5;2021-11-03;0;0;0;0;0;0;0;0;0;0;0;0;0;0;0;0;0;0
FR;5;2021-11-04;0;0;0;0;0;0;0;0;0;0;0;0;0;0;0;0;0;0
FR;5;2021-11-05;0;0;0;0;0;0;0;0;0;0;0;0;0;0;0;0;0;0
FR;5;2021-11-06;0;0;0;0;0;0;0;0;0;0;0;0;0;0;0;0;0;0
FR;5;2021-11-07;0;0;0;0;0;0;0;0;0;0;0;0;0;0;0;0;0;0
FR;5;2021-11-08;0;0;0;0;0;0;0;0;0;0;0;0;0;0;0;0;0;0
FR;5;2021-11-09;0;0;0;0;0;0;0;0;0;0;0;0;0;0;0;0;0;0
FR;5;2021-11-10;0;0;0;0;0;0;0;0;0;0;0;0;0;0;0;0;0;0
FR;5;2021-11-11;0;0;0;0;0;0;0;0;0;0;0;0;0;0;0;0;0;0
FR;5;2021-11-12;0;0;0;0;0;0;0;0;0;0;0;0;0;0;0;0;0;0
FR;5;2021-11-13;0;0;0;0;0;0;0;0;0;0;0;0;0;0;0;0;0;0
FR;5;2021-11-14;0;0;0;0;0;0;0;0;0;0;0;0;0;0;0;0;0;0
FR;5;2021-11-15;0;0;0;0;0;0;0;0;0;0;0;0;0;0;0;0;0;0
FR;5;2021-11-16;0;0;0;0;0;0;0;0;0;0;0;0;0;0;0;0;0;0
FR;5;2021-11-17;0;0;0;0;0;0;0;0;0;0;0;0;0;0;0;0;0;0
FR;5;2021-11-18;0;0;0;0;0;0;0;0;0;0;0;0;0;0;0;0;0;0
FR;5;2021-11-19;0;0;0;0;0;0;0;0;0;0;0;0;0;0;0;0;0;0
FR;5;2021-11-20;0;0;0;0;0;0;0;0;0;0;0;0;0;0;0;0;0;0
FR;5;2021-11-21;0;0;0;0;0;0;0;0;0;0;0;0;0;0;0;0;0;0
FR;5;2021-11-22;0;0;0;0;0;0;0;0;0;0;0;0;0;0;0;0;0;0
FR;5;2021-11-23;0;0;0;0;0;0;0;0;0;0;0;0;0;0;0;0;0;0
FR;5;2021-11-24;0;0;0;0;0;0;0;0;0;0;0;0;0;0;0;0;0;0
FR;5;2021-11-25;0;0;0;0;0;0;0;0;0;0;0;0;0;0;0;0;0;0
FR;5;2021-11-26;0;0;0;0;0;0;0;0;0;0;0;0;0;0;0;0;0;0
FR;5;2021-11-27;0;0;0;0;0;0;0;0;0;0;0;0;0;0;0;0;0;0
FR;5;2021-11-28;0;0;0;0;0;0;0;0;0;0;0;0;0;0;0;0;0;0
FR;5;2021-11-29;0;0;0;0;0;0;0;0;0;0;0;0;0;0;0;0;0;0
FR;5;2021-11-30;0;0;0;0;0;0;0;0;0;0;0;0;0;0;0;0;0;0
FR;5;2021-12-01;0;0;0;0;0;0;0;0;0;0;0;0;0;0;0;0;0;0
FR;5;2021-12-02;0;0;0;0;0;0;0;0;0;0;0;0;0;0;0;0;0;0
FR;5;2021-12-03;0;0;0;0;0;0;0;0;0;0;0;0;0;0;0;0;0;0
FR;5;2021-12-04;0;0;0;0;0;0;0;0;0;0;0;0;0;0;0;0;0;0
FR;5;2021-12-05;0;0;0;0;0;0;0;0;0;0;0;0;0;0;0;0;0;0
FR;5;2021-12-06;0;0;0;0;0;0;0;0;0;0;0;0;0;0;0;0;0;0
FR;5;2021-12-07;0;0;0;0;0;0;0;0;0;0;0;0;0;0;0;0;0;0
FR;5;2021-12-08;0;0;0;0;0;0;0;0;0;0;0;0;0;0;0;0;0;0
FR;5;2021-12-09;0;0;0;0;0;0;0;0;0;0;0;0;0;0;0;0;0;0
FR;5;2021-12-10;0;0;0;0;0;0;0;0;0;0;0;0;0;0;0;0;0;0
FR;5;2021-12-11;0;0;0;0;0;0;0;0;0;0;0;0;0;0;0;0;0;0
FR;5;2021-12-12;0;0;0;0;0;0;0;0;0;0;0;0;0;0;0;0;0;0
FR;5;2021-12-13;0;0;0;0;0;0;0;0;0;0;0;0;0;0;0;0;0;0
FR;5;2021-12-14;33;45;77;0;27;88;1;0;0;33;45;77;0;27;88;1;0;0
FR;5;2021-12-15;196;44;37;0;42;49;0;0;0;229;89;114;0;69;137;1;0;0
FR;5;2021-12-16;181;21;44;0;38;48;0;0;0;410;110;158;0;107;185;1;0;0
FR;5;2021-12-17;313;16;72;0;34;74;2;0;0;723;126;230;0;141;259;3;0;0
FR;5;2021-12-18;766;24;22;0;67;29;0;0;0;1489;150;252;0;208;288;3;0;0
FR;5;2021-12-19;585;15;15;0;67;17;0;0;0;2074;165;267;0;275;305;3;0;0
FR;5;2021-12-20;1225;31;34;0;134;37;2;0;0;3299;196;301;0;409;342;5;0;0
FR;5;2021-12-21;1535;22;54;1;141;60;0;0;0;4834;218;355;1;550;402;5;0;0
FR;5;2021-12-22;4069;40;37;0;420;46;2;0;0;8903;258;392;1;970;448;7;0;0
FR;5;2021-12-23;3042;16;21;0;304;25;0;0;0;11945;274;413;1;1274;473;7;0;0
FR;5;2021-12-24;761;18;9;0;103;14;0;0;0;12706;292;422;1;1377;487;7;0;0
FR;5;2021-12-25;61;5;2;0;9;3;0;0;0;12767;297;424;1;1386;490;7;0;0
FR;5;2021-12-26;623;6;3;0;101;4;0;0;0;13390;303;427;1;1487;494;7;0;0
FR;5;2021-12-27;4085;25;21;0;458;23;1;0;0;17475;328;448;1;1945;517;8;0;0
FR;5;2021-12-28;5204;23;41;1;511;43;2;0;0;22679;351;489;2;2456;560;10;0;0
FR;5;2021-12-29;8105;34;66;2;886;69;1;0;0;30784;385;555;4;3342;629;11;0;0
FR;5;2021-12-30;5173;18;33;0;525;39;0;0;0;35957;403;588;4;3867;668;11;0;0
FR;5;2021-12-31;1553;8;10;0;181;11;0;0;0;37510;411;598;4;4048;679;11;0;0
FR;5;2022-01-01;185;2;2;0;24;3;0;0;0;37695;413;600;4;4072;682;11;0;0
FR;5;2022-01-02;1489;1;1;0;150;1;0;0;0;39184;414;601;4;4222;683;11;0;0
FR;5;2022-01-03;3068;36;34;0;321;33;1;0;0;42252;450;635;4;4543;716;12;0;0
FR;5;2022-01-04;3034;39;33;0;320;42;3;0;0;45286;489;668;4;4863;758;15;0;0
FR;5;2022-01-05;19324;203;97;1;2113;108;0;0;0;64610;692;765;5;6976;866;15;0;0
FR;5;2022-01-06;3748;134;122;0;507;142;2;0;0;68358;826;887;5;7483;1008;17;0;0
FR;5;2022-01-07;5006;202;48;2;702;56;1;0;0;73364;1028;935;7;8185;1064;18;0;0
FR;5;2022-01-08;13659;514;45;0;1998;52;0;0;0;87023;1542;980;7;10183;1116;18;0;0
FR;5;2022-01-09;5754;399;15;0;1113;20;1;0;0;92777;1941;995;7;11296;1136;19;0;0
FR;5;2022-01-10;3455;326;25;0;732;29;0;0;0;96232;2267;1020;7;12028;1165;19;0;0
FR;5;2022-01-11;3671;284;38;0;662;41;1;0;0;99903;2551;1058;7;12690;1206;20;0;0
FR;5;2022-01-12;22650;3005;89;0;5295;112;2;0;0;122553;5556;1147;7;17985;1318;22;0;0
FR;5;2022-01-13;4039;622;29;0;1051;31;2;0;0;126592;6178;1176;7;19036;1349;24;0;0
FR;5;2022-01-14;4843;583;45;0;1115;52;1;0;0;131435;6761;1221;7;20151;1401;25;0;0
FR;5;2022-01-15;14686;1746;38;3;3372;49;3;0;0;146121;8507;1259;10;23523;1450;28;0;0
FR;5;2022-01-16;4727;666;3;0;1260;5;0;0;0;150848;9173;1262;10;24783;1455;28;0;0
FR;5;2022-01-17;2297;718;26;0;986;29;0;0;0;153145;9891;1288;10;25769;1484;28;0;0
FR;5;2022-01-18;2431;870;30;0;1141;40;0;0;0;155576;10761;1318;10;26910;1524;28;0;0
FR;5;2022-01-19;18482;6423;74;2;8362;142;3;0;0;174058;17184;1392;12;35272;1666;31;0;0
FR;5;2022-01-20;1920;1067;25;0;1295;34;2;0;0;175978;18251;1417;12;36567;1700;33;0;0
FR;5;2022-01-21;3077;1372;47;1;1675;59;2;0;0;179055;19623;1464;13;38242;1759;35;0;0
FR;5;2022-01-22;10720;3454;33;1;4670;43;1;0;0;189775;23077;1497;14;42912;1802;36;0;0
FR;5;2022-01-23;2629;1415;6;0;1788;10;0;0;0;192404;24492;1503;14;44700;1812;36;0;0
FR;5;2022-01-24;1161;1340;19;0;1446;23;1;0;0;193565;25832;1522;14;46146;1835;37;0;0
FR;5;2022-01-25;1220;1549;20;2;1681;31;3;0;0;194785;27381;1542;16;47827;1866;40;0;0
FR;5;2022-01-26;10750;12032;50;1;13298;89;1;0;1;205535;39413;1592;17;61125;1955;41;0;1
FR;5;2022-01-27;1291;1693;10;0;1838;17;0;0;0;206826;41106;1602;17;62963;1972;41;0;1
FR;5;2022-01-28;1699;3346;16;0;3566;19;1;0;0;208525;44452;1618;17;66529;1991;42;0;1
FR;5;2022-01-29;6241;8041;68;0;8855;96;2;0;0;214766;52493;1686;17;75384;2087;44;0;1
FR;5;2022-01-30;1509;2950;5;0;3185;18;0;0;0;216275;55443;1691;17;78569;2105;44;0;1
FR;5;2022-01-31;589;1773;23;0;1837;24;3;0;0;216864;57216;1714;17;80406;2129;47;0;1
FR;5;2022-02-01;712;1706;10;0;1791;15;0;0;0;217576;58922;1724;17;82197;2144;47;0;1
FR;5;2022-02-02;6958;15655;52;0;16603;94;0;0;0;224534;74577;1776;17;98800;2238;47;0;1
FR;5;2022-02-03;491;1691;14;0;1748;13;5;0;0;225025;76268;1790;17;100548;2251;52;0;1
FR;5;2022-02-04;945;3002;19;0;3123;31;0;0;0;225970;79270;1809;17;103671;2282;52;0;1
FR;5;2022-02-05;3535;8919;23;0;9517;37;0;0;0;229505;88189;1832;17;113188;2319;52;0;1
FR;5;2022-02-06;737;2397;10;0;2556;19;0;0;0;230242;90586;1842;17;115744;2338;52;0;1
FR;5;2022-02-07;884;1596;23;0;1715;25;2;0;0;231126;92182;1865;17;117459;2363;54;0;1
FR;5;2022-02-08;725;1287;18;0;1407;20;2;0;0;231851;93469;1883;17;118866;2383;56;0;1
FR;5;2022-02-09;4544;12880;44;0;13608;76;1;0;0;236395;106349;1927;17;132474;2459;57;0;1
FR;5;2022-02-10;646;1059;14;0;1166;15;0;0;0;237041;107408;1941;17;133640;2474;57;0;1
FR;5;2022-02-11;793;2032;16;0;2163;21;1;0;0;237834;109440;1957;17;135803;2495;58;0;1
FR;5;2022-02-12;2286;6812;33;0;7279;53;0;0;0;240120;116252;1990;17;143082;2548;58;0;1
FR;5;2022-02-13;464;1540;8;0;1653;8;1;0;0;240584;117792;1998;17;144735;2556;59;0;1
FR;5;2022-02-14;678;1288;10;0;1407;13;1;0;0;241262;119080;2008;17;146142;2569;60;0;1
FR;5;2022-02-15;482;886;9;0;968;14;1;0;0;241744;119966;2017;17;147110;2583;61;0;1
FR;5;2022-02-16;2980;9123;41;1;9675;58;2;0;0;244724;129089;2058;18;156785;2641;63;0;1
FR;5;2022-02-17;436;809;6;0;876;7;1;0;0;245160;129898;2064;18;157661;2648;64;0;1
FR;5;2022-02-18;649;1408;13;0;1535;17;0;0;0;245809;131306;2077;18;159196;2665;64;0;1
FR;5;2022-02-19;1373;4315;16;0;4623;28;0;0;0;247182;135621;2093;18;163819;2693;64;0;1
FR;5;2022-02-20;247;879;6;0;941;8;0;0;0;247429;136500;2099;18;164760;2701;64;0;1
FR;5;2022-02-21;221;607;2;0;661;4;1;0;0;247650;137107;2101;18;165421;2705;65;0;1
FR;5;2022-02-22;262;545;17;0;592;17;1;0;0;247912;137652;2118;18;166013;2722;66;0;1
FR;5;2022-02-23;1909;6926;23;1;7346;43;0;0;0;249821;144578;2141;19;173359;2765;66;0;1
FR;5;2022-02-24;182;374;6;1;421;7;1;0;0;250003;144952;2147;20;173780;2772;67;0;1
FR;5;2022-02-25;336;950;13;0;1027;12;2;0;0;250339;145902;2160;20;174807;2784;69;0;1
FR;5;2022-02-26;972;3071;11;0;3333;15;2;0;0;251311;148973;2171;20;178140;2799;71;0;1
FR;5;2022-02-27;151;506;0;0;549;3;0;0;0;251462;149479;2171;20;178689;2802;71;0;1
FR;5;2022-02-28;162;369;1;0;408;1;0;0;0;251624;149848;2172;20;179097;2803;71;0;1
FR;5;2022-03-01;130;280;6;0;315;7;1;0;0;251754;150128;2178;20;179412;2810;72;0;1
FR;5;2022-03-02;1241;4156;28;3;4497;40;3;0;0;252995;154284;2206;23;183909;2850;75;0;1
FR;5;2022-03-03;121;251;5;0;271;10;1;0;0;253116;154535;2211;23;184180;2860;76;0;1
FR;5;2022-03-04;197;488;13;0;538;14;2;0;0;253313;155023;2224;23;184718;2874;78;0;1
FR;5;2022-03-05;677;1990;8;0;2244;16;2;0;0;253990;157013;2232;23;186962;2890;80;0;1
FR;5;2022-03-06;108;260;0;0;310;0;0;0;0;254098;157273;2232;23;187272;2890;80;0;1
FR;5;2022-03-07;71;228;5;0;254;3;2;0;0;254169;157501;2237;23;187526;2893;82;0;1
FR;5;2022-03-08;46;134;7;1;141;8;3;0;0;254215;157635;2244;24;187667;2901;85;0;1
FR;5;2022-03-09;910;3078;24;0;3407;36;0;0;0;255125;160713;2268;24;191074;2937;85;0;1
FR;5;2022-03-10;82;202;9;0;215;13;3;0;0;255207;160915;2277;24;191289;2950;88;0;1
FR;5;2022-03-11;148;369;13;1;427;15;0;0;0;255355;161284;2290;25;191716;2965;88;0;1
FR;5;2022-03-12;758;1613;13;1;1976;30;0;0;0;256113;162897;2303;26;193692;2995;88;0;1
FR;5;2022-03-13;78;100;0;0;133;0;0;0;0;256191;162997;2303;26;193825;2995;88;0;1
FR;5;2022-03-14;67;119;7;1;139;7;1;0;0;256258;163116;2310;27;193964;3002;89;0;1
FR;5;2022-03-15;83;99;4;0;119;7;1;0;0;256341;163215;2314;27;194083;3009;90;0;1
FR;5;2022-03-16;882;1827;15;3;2228;36;7;0;0;257223;165042;2329;30;196311;3045;97;0;1
FR;5;2022-03-17;68;123;8;4;151;10;4;0;0;257291;165165;2337;34;196462;3055;101;0;1
FR;5;2022-03-18;172;318;13;4;390;18;4;0;0;257463;165483;2350;38;196852;3073;105;0;1
FR;5;2022-03-19;752;1163;12;5;1555;33;8;0;0;258215;166646;2362;43;198407;3106;113;0;1
FR;5;2022-03-20;45;93;1;0;119;1;0;0;0;258260;166739;2363;43;198526;3107;113;0;1
FR;5;2022-03-21;71;120;10;6;136;15;8;0;0;258331;166859;2373;49;198662;3122;121;0;1
FR;5;2022-03-22;56;119;8;7;143;9;6;0;0;258387;166978;2381;56;198805;3131;127;0;1
FR;5;2022-03-23;805;1461;14;8;1878;36;9;0;0;259192;168439;2395;64;200683;3167;136;0;1
FR;5;2022-03-24;71;93;8;7;118;7;10;0;0;259263;168532;2403;71;200801;3174;146;0;1
FR;5;2022-03-25;222;293;14;8;388;18;9;0;0;259485;168825;2417;79;201189;3192;155;0;1
FR;5;2022-03-26;707;853;12;5;1273;26;6;0;1;260192;169678;2429;84;202462;3218;161;0;2
FR;5;2022-03-27;75;81;0;0;124;3;0;0;0;260267;169759;2429;84;202586;3221;161;0;2
FR;5;2022-03-28;81;93;1;2;132;3;2;0;0;260348;169852;2430;86;202718;3224;163;0;2
FR;5;2022-03-29;71;82;10;4;113;12;5;0;0;260419;169934;2440;90;202831;3236;168;0;2
FR;5;2022-03-30;823;1116;16;13;1606;29;14;0;0;261242;171050;2456;103;204437;3265;182;0;2
FR;5;2022-03-31;102;125;1;4;173;6;4;0;0;261344;171175;2457;107;204610;3271;186;0;2
FR;5;2022-04-01;114;86;7;12;135;11;12;0;1;261458;171261;2464;119;204745;3282;198;0;3
FR;5;2022-04-02;330;349;3;3;535;15;4;0;0;261788;171610;2467;122;205280;3297;202;0;3
FR;5;2022-04-03;54;59;1;0;88;1;0;0;0;261842;171669;2468;122;205368;3298;202;0;3
FR;5;2022-04-04;40;57;4;1;70;8;2;0;0;261882;171726;2472;123;205438;3306;204;0;3
FR;5;2022-04-05;53;60;6;6;75;9;5;0;0;261935;171786;2478;129;205513;3315;209;0;3
FR;5;2022-04-06;421;439;7;14;678;16;14;0;0;262356;172225;2485;143;206191;3331;223;0;3
FR;5;2022-04-07;45;69;5;7;89;7;10;0;0;262401;172294;2490;150;206280;3338;233;0;3
FR;5;2022-04-08;134;112;12;13;174;14;15;0;0;262535;172406;2502;163;206454;3352;248;0;3
FR;5;2022-04-09;311;324;2;5;511;17;5;0;0;262846;172730;2504;168;206965;3369;253;0;3
FR;5;2022-04-10;44;31;2;0;61;2;1;0;0;262890;172761;2506;168;207026;3371;254;0;3
FR;5;2022-04-11;50;60;3;2;78;4;3;0;0;262940;172821;2509;170;207104;3375;257;0;3
FR;5;2022-04-12;59;54;3;3;78;5;3;0;0;262999;172875;2512;173;207182;3380;260;0;3
FR;5;2022-04-13;382;413;3;8;606;16;8;0;0;263381;173288;2515;181;207788;3396;268;0;3
FR;5;2022-04-14;48;53;5;5;70;9;3;0;0;263429;173341;2520;186;207858;3405;271;0;3
FR;5;2022-04-15;91;109;4;4;150;5;6;0;0;263520;173450;2524;190;208008;3410;277;0;3
FR;5;2022-04-16;188;184;2;1;265;13;1;0;0;263708;173634;2526;191;208273;3423;278;0;3
FR;5;2022-04-17;12;11;1;0;17;1;0;0;0;263720;173645;2527;191;208290;3424;278;0;3
FR;5;2022-04-18;9;10;2;0;11;3;1;0;0;263729;173655;2529;191;208301;3427;279;0;3
FR;5;2022-04-19;75;71;6;1;96;6;4;0;0;263804;173726;2535;192;208397;3433;283;0;3
FR;5;2022-04-20;361;349;9;6;522;12;7;0;0;264165;174075;2544;198;208919;3445;290;0;3
FR;5;2022-04-21;42;64;9;10;71;12;14;0;0;264207;174139;2553;208;208990;3457;304;0;3
FR;5;2022-04-22;113;96;5;4;144;5;5;0;0;264320;174235;2558;212;209134;3462;309;0;3
FR;5;2022-04-23;209;193;4;2;284;11;3;0;0;264529;174428;2562;214;209418;3473;312;0;3
FR;5;2022-04-24;37;35;0;0;50;3;0;0;0;264566;174463;2562;214;209468;3476;312;0;3
FR;5;2022-04-25;69;65;1;1;102;4;1;0;0;264635;174528;2563;215;209570;3480;313;0;3
FR;5;2022-04-26;60;63;2;1;85;5;1;0;0;264695;174591;2565;216;209655;3485;314;0;3
FR;5;2022-04-27;335;316;3;7;463;14;8;0;0;265030;174907;2568;223;210118;3499;322;0;3
FR;5;2022-04-28;81;54;4;5;81;8;7;0;0;265111;174961;2572;228;210199;3507;329;0;3
FR;5;2022-04-29;117;84;5;19;117;12;17;0;0;265228;175045;2577;247;210316;3519;346;0;3
FR;5;2022-04-30;183;114;2;3;184;10;4;0;0;265411;175159;2579;250;210500;3529;350;0;3
FR;5;2022-05-01;11;7;0;0;11;0;0;0;0;265422;175166;2579;250;210511;3529;350;0;3
FR;5;2022-05-02;52;28;4;5;48;2;7;0;0;265474;175194;2583;255;210559;3531;357;0;3
FR;5;2022-05-03;87;57;2;4;84;11;4;0;0;265561;175251;2585;259;210643;3542;361;0;3
FR;5;2022-05-04;278;205;1;2;324;7;2;0;0;265839;175456;2586;261;210967;3549;363;0;3
FR;5;2022-05-05;62;32;3;4;46;5;4;0;0;265901;175488;2589;265;211013;3554;367;0;3
FR;5;2022-05-06;105;65;2;3;106;5;3;0;0;266006;175553;2591;268;211119;3559;370;0;3
FR;5;2022-05-07;171;117;2;10;180;13;7;0;0;266177;175670;2593;278;211299;3572;377;0;3
FR;5;2022-05-08;8;8;0;0;9;2;0;0;0;266185;175678;2593;278;211308;3574;377;0;3
FR;5;2022-05-09;44;34;15;3;51;16;4;0;0;266229;175712;2608;281;211359;3590;381;0;3
FR;5;2022-05-10;54;49;3;4;67;5;5;0;0;266283;175761;2611;285;211426;3595;386;0;3
FR;5;2022-05-11;327;237;12;7;344;21;11;0;0;266610;175998;2623;292;211770;3616;397;0;3
FR;5;2022-05-12;46;34;2;2;46;2;3;0;0;266656;176032;2625;294;211816;3618;400;0;3
FR;5;2022-05-13;109;83;3;8;119;8;7;0;0;266765;176115;2628;302;211935;3626;407;0;3
FR;5;2022-05-14;209;131;0;1;212;8;0;0;0;266974;176246;2628;303;212147;3634;407;0;3
FR;5;2022-05-15;22;9;2;0;18;1;1;0;0;266996;176255;2630;303;212165;3635;408;0;3
FR;5;2022-05-16;52;34;4;5;53;4;5;0;0;267048;176289;2634;308;212218;3639;413;0;3
FR;5;2022-05-17;72;40;5;0;68;2;3;0;0;267120;176329;2639;308;212286;3641;416;0;3
FR;5;2022-05-18;289;215;4;4;330;8;6;0;0;267409;176544;2643;312;212616;3649;422;0;3
FR;5;2022-05-19;45;35;5;3;42;3;4;0;0;267454;176579;2648;315;212658;3652;426;0;3
FR;5;2022-05-20;76;63;3;10;92;1;11;0;0;267530;176642;2651;325;212750;3653;437;0;3
FR;5;2022-05-21;242;166;2;3;268;17;1;0;0;267772;176808;2653;328;213018;3670;438;0;3
FR;5;2022-05-22;20;14;2;5;20;2;6;0;0;267792;176822;2655;333;213038;3672;444;0;3
FR;5;2022-05-23;42;31;4;3;42;6;3;0;0;267834;176853;2659;336;213080;3678;447;0;3
FR;5;2022-05-24;47;45;3;2;60;5;2;0;0;267881;176898;2662;338;213140;3683;449;0;3
FR;5;2022-05-25;329;257;4;1;385;16;1;0;0;268210;177155;2666;339;213525;3699;450;0;3
FR;5;2022-05-26;17;5;0;1;9;2;0;0;1;268227;177160;2666;340;213534;3701;450;0;4
FR;5;2022-05-27;99;54;4;4;89;9;3;0;0;268326;177214;2670;344;213623;3710;453;0;4
FR;5;2022-05-28;100;78;5;3;106;10;3;0;0;268426;177292;2675;347;213729;3720;456;0;4
FR;5;2022-05-29;14;14;1;0;18;2;0;0;0;268440;177306;2676;347;213747;3722;456;0;4
FR;5;2022-05-30;56;41;2;1;54;2;2;0;0;268496;177347;2678;348;213801;3724;458;0;4
FR;5;2022-05-31;57;43;1;8;62;1;8;0;0;268553;177390;2679;356;213863;3725;466;0;4
FR;5;2022-06-01;257;241;9;2;301;25;5;0;0;268810;177631;2688;358;214164;3750;471;0;4
FR;5;2022-06-02;63;61;5;0;73;9;1;0;0;268873;177692;2693;358;214237;3759;472;0;4
FR;5;2022-06-03;82;71;4;5;88;10;6;0;0;268955;177763;2697;363;214325;3769;478;0;4
FR;5;2022-06-04;157;109;2;1;187;9;1;0;0;269112;177872;2699;364;214512;3778;479;0;4
FR;5;2022-06-05;18;11;0;0;21;1;0;0;0;269130;177883;2699;364;214533;3779;479;0;4
FR;5;2022-06-06;16;12;0;1;15;0;1;0;0;269146;177895;2699;365;214548;3779;480;0;4
FR;5;2022-06-07;50;56;1;1;76;2;1;0;0;269196;177951;2700;366;214624;3781;481;0;4
FR;5;2022-06-08;283;225;3;4;332;17;2;0;0;269479;178176;2703;370;214956;3798;483;0;4
FR;5;2022-06-09;52;41;6;3;57;7;2;0;1;269531;178217;2709;373;215013;3805;485;0;5
FR;5;2022-06-10;81;72;1;1;105;6;1;0;0;269612;178289;2710;374;215118;3811;486;0;5
FR;5;2022-06-11;173;141;3;3;202;10;4;0;0;269785;178430;2713;377;215320;3821;490;0;5
FR;5;2022-06-12;17;16;0;0;19;2;0;0;0;269802;178446;2713;377;215339;3823;490;0;5
FR;5;2022-06-13;56;47;9;3;70;10;6;0;0;269858;178493;2722;380;215409;3833;496;0;5
FR;5;2022-06-14;59;56;1;4;64;6;4;0;0;269917;178549;2723;384;215473;3839;500;0;5
FR;5;2022-06-15;266;260;5;2;363;27;1;0;0;270183;178809;2728;386;215836;3866;501;0;5
FR;5;2022-06-16;47;30;5;2;44;5;2;0;0;270230;178839;2733;388;215880;3871;503;0;5
FR;5;2022-06-17;100;67;5;5;102;10;5;0;0;270330;178906;2738;393;215982;3881;508;0;5
FR;5;2022-06-18;146;95;10;2;152;26;2;0;1;270476;179001;2748;395;216134;3907;510;0;6
FR;5;2022-06-19;26;15;0;1;18;4;1;0;0;270502;179016;2748;396;216152;3911;511;0;6
FR;5;2022-06-20;56;50;8;0;62;11;2;0;0;270558;179066;2756;396;216214;3922;513;0;6
FR;5;2022-06-21;52;73;5;3;90;7;5;0;1;270610;179139;2761;399;216304;3929;518;0;7
FR;5;2022-06-22;224;247;7;9;347;33;10;0;0;270834;179386;2768;408;216651;3962;528;0;7
FR;5;2022-06-23;50;38;2;5;43;6;6;0;0;270884;179424;2770;413;216694;3968;534;0;7
FR;5;2022-06-24;91;70;12;5;101;16;8;0;0;270975;179494;2782;418;216795;3984;542;0;7
FR;5;2022-06-25;154;124;3;7;185;14;8;0;1;271129;179618;2785;425;216980;3998;550;0;8
FR;5;2022-06-26;26;19;2;0;29;5;0;0;0;271155;179637;2787;425;217009;4003;550;0;8
FR;5;2022-06-27;57;60;5;7;78;11;9;0;0;271212;179697;2792;432;217087;4014;559;0;8
FR;5;2022-06-28;70;49;8;2;69;14;5;0;0;271282;179746;2800;434;217156;4028;564;0;8
FR;5;2022-06-29;297;268;9;21;391;34;23;0;0;271579;180014;2809;455;217547;4062;587;0;8
FR;5;2022-06-30;89;57;10;12;89;17;11;0;0;271668;180071;2819;467;217636;4079;598;0;8
FR;5;2022-07-01;127;65;7;11;118;12;11;0;2;271795;180136;2826;478;217754;4091;609;0;10
FR;5;2022-07-02;191;132;4;0;209;22;0;0;0;271986;180268;2830;478;217963;4113;609;0;10
FR;5;2022-07-03;30;25;1;0;36;4;0;0;0;272016;180293;2831;478;217999;4117;609;0;10
FR;5;2022-07-04;103;64;2;5;102;6;5;0;1;272119;180357;2833;483;218101;4123;614;0;11
FR;5;2022-07-05;104;72;3;8;107;13;8;0;1;272223;180429;2836;491;218208;4136;622;0;12
FR;5;2022-07-06;277;168;9;36;289;27;36;0;0;272500;180597;2845;527;218497;4163;658;0;12
FR;5;2022-07-07;88;68;6;9;88;13;11;0;0;272588;180665;2851;536;218585;4176;669;0;12
FR;5;2022-07-08;152;120;7;14;146;25;13;0;1;272740;180785;2858;550;218731;4201;682;0;13
FR;5;2022-07-09;116;68;1;8;100;10;8;0;0;272856;180853;2859;558;218831;4211;690;0;13
FR;5;2022-07-10;15;6;0;0;10;1;0;0;0;272871;180859;2859;558;218841;4212;690;0;13
FR;5;2022-07-11;92;72;10;2;98;19;3;0;0;272963;180931;2869;560;218939;4231;693;0;13
FR;5;2022-07-12;67;63;5;10;81;7;12;0;0;273030;180994;2874;570;219020;4238;705;0;13
FR;5;2022-07-13;169;118;10;19;196;16;23;0;0;273199;181112;2884;589;219216;4254;728;0;13
FR;5;2022-07-14;8;4;0;0;7;0;0;0;0;273207;181116;2884;589;219223;4254;728;0;13
FR;5;2022-07-15;74;66;5;14;86;15;15;0;0;273281;181182;2889;603;219309;4269;743;0;13
FR;5;2022-07-16;54;44;3;0;71;3;2;0;0;273335;181226;2892;603;219380;4272;745;0;13
FR;5;2022-07-17;10;7;3;0;10;2;2;0;0;273345;181233;2895;603;219390;4274;747;0;13
FR;5;2022-07-18;60;47;0;4;70;4;3;0;0;273405;181280;2895;607;219460;4278;750;0;13
FR;5;2022-07-19;63;42;5;3;63;7;4;0;0;273468;181322;2900;610;219523;4285;754;0;13
FR;5;2022-07-20;119;106;4;11;141;14;9;0;0;273587;181428;2904;621;219664;4299;763;0;13
FR;5;2022-07-21;38;43;2;10;52;5;10;0;0;273625;181471;2906;631;219716;4304;773;0;13
FR;5;2022-07-22;48;69;11;13;75;23;11;0;1;273673;181540;2917;644;219791;4327;784;0;14
FR;5;2022-07-23;59;78;2;1;95;11;2;0;0;273732;181618;2919;645;219886;4338;786;0;14
FR;5;2022-07-24;11;9;3;1;12;3;1;0;0;273743;181627;2922;646;219898;4341;787;0;14
FR;5;2022-07-25;53;48;2;7;57;8;8;0;0;273796;181675;2924;653;219955;4349;795;0;14
FR;5;2022-07-26;58;52;5;41;70;6;44;0;0;273854;181727;2929;694;220025;4355;839;0;14
FR;5;2022-07-27;106;118;4;4;161;13;4;0;0;273960;181845;2933;698;220186;4368;843;0;14
FR;5;2022-07-28;39;35;2;2;47;6;1;0;0;273999;181880;2935;700;220233;4374;844;0;14
FR;5;2022-07-29;56;74;3;14;90;8;10;0;0;274055;181954;2938;714;220323;4382;854;0;14
FR;5;2022-07-30;55;53;5;1;75;7;2;0;0;274110;182007;2943;715;220398;4389;856;0;14
FR;5;2022-07-31;7;11;1;0;13;1;0;0;0;274117;182018;2944;715;220411;4390;856;0;14
FR;5;2022-08-01;39;53;1;2;62;6;2;0;0;274156;182071;2945;717;220473;4396;858;0;14
FR;5;2022-08-02;32;43;8;7;47;8;7;0;1;274188;182114;2953;724;220520;4404;865;0;15
FR;5;2022-08-03;54;51;4;10;70;9;8;0;0;274242;182165;2957;734;220590;4413;873;0;15
FR;5;2022-08-04;20;18;1;6;22;1;6;0;0;274262;182183;2958;740;220612;4414;879;0;15
FR;5;2022-08-05;35;26;3;3;39;3;3;0;0;274297;182209;2961;743;220651;4417;882;0;15
FR;5;2022-08-06;23;26;1;0;31;1;0;0;0;274320;182235;2962;743;220682;4418;882;0;15
FR;5;2022-08-07;2;2;1;0;1;1;1;0;0;274322;182237;2963;743;220683;4419;883;0;15
FR;5;2022-08-08;26;19;1;2;24;2;1;0;0;274348;182256;2964;745;220707;4421;884;0;15
FR;5;2022-08-09;26;28;3;3;35;3;3;0;0;274374;182284;2967;748;220742;4424;887;0;15
FR;5;2022-08-10;47;47;2;0;56;5;0;0;0;274421;182331;2969;748;220798;4429;887;0;15
FR;5;2022-08-11;19;36;2;2;42;5;2;0;0;274440;182367;2971;750;220840;4434;889;0;15
FR;5;2022-08-12;27;28;2;0;39;2;0;0;0;274467;182395;2973;750;220879;4436;889;0;15
FR;5;2022-08-13;16;18;0;0;24;0;0;0;0;274483;182413;2973;750;220903;4436;889;0;15
FR;5;2022-08-14;2;3;0;0;4;0;0;0;0;274485;182416;2973;750;220907;4436;889;0;15
FR;5;2022-08-15;2;5;0;0;5;0;0;0;0;274487;182421;2973;750;220912;4436;889;0;15
FR;5;2022-08-16;33;26;3;0;28;6;0;0;0;274520;182447;2976;750;220940;4442;889;0;15
FR;5;2022-08-17;52;55;2;1;72;1;1;0;0;274572;182502;2978;751;221012;4443;890;0;15
FR;5;2022-08-18;26;18;8;17;25;10;16;0;0;274598;182520;2986;768;221037;4453;906;0;15
FR;5;2022-08-19;25;33;1;2;41;2;2;0;0;274623;182553;2987;770;221078;4455;908;0;15
FR;5;2022-08-20;25;27;2;1;33;4;2;0;0;274648;182580;2989;771;221111;4459;910;0;15
FR;5;2022-08-21;7;4;1;0;7;1;0;0;0;274655;182584;2990;771;221118;4460;910;0;15
FR;5;2022-08-22;39;26;1;6;42;2;5;0;1;274694;182610;2991;777;221160;4462;915;0;16
FR;5;2022-08-23;27;26;1;1;32;2;1;0;0;274721;182636;2992;778;221192;4464;916;0;16
FR;5;2022-08-24;50;43;0;0;62;0;0;0;0;274771;182679;2992;778;221254;4464;916;0;16
FR;5;2022-08-25;27;26;3;1;31;2;0;0;1;274798;182705;2995;779;221285;4466;916;0;17
FR;5;2022-08-26;48;39;7;2;58;5;4;0;0;274846;182744;3002;781;221343;4471;920;0;17
FR;5;2022-08-27;46;28;1;0;46;3;1;0;0;274892;182772;3003;781;221389;4474;921;0;17
FR;5;2022-08-28;5;6;0;0;6;0;0;0;0;274897;182778;3003;781;221395;4474;921;0;17
FR;5;2022-08-29;58;44;1;1;66;4;1;0;0;274955;182822;3004;782;221461;4478;922;0;17
FR;5;2022-08-30;45;23;12;29;40;10;30;0;1;275000;182845;3016;811;221501;4488;952;0;18
FR;5;2022-08-31;53;47;6;1;58;11;1;0;0;275053;182892;3022;812;221559;4499;953;0;18
FR;5;2022-09-01;16;8;1;4;13;1;4;0;0;275069;182900;3023;816;221572;4500;957;0;18
FR;5;2022-09-02;42;22;8;2;34;9;3;0;0;275111;182922;3031;818;221606;4509;960;0;18
FR;5;2022-09-03;69;37;2;0;58;2;0;0;0;275180;182959;3033;818;221664;4511;960;0;18
FR;5;2022-09-04;12;7;1;0;8;3;0;0;0;275192;182966;3034;818;221672;4514;960;0;18
FR;5;2022-09-05;7;4;1;0;4;1;0;0;0;275199;182970;3035;818;221676;4515;960;0;18
FR;5;2022-09-06;21;14;3;15;17;2;14;0;2;275220;182984;3038;833;221693;4517;974;0;20
FR;5;2022-09-07;79;53;1;1;76;3;1;0;0;275299;183037;3039;834;221769;4520;975;0;20
FR;5;2022-09-08;9;4;0;4;7;0;4;0;0;275308;183041;3039;838;221776;4520;979;0;20
FR;5;2022-09-09;40;11;9;2;14;10;3;0;0;275348;183052;3048;840;221790;4530;982;0;20
FR;5;2022-09-10;40;45;1;1;50;8;1;0;0;275388;183097;3049;841;221840;4538;983;0;20
FR;5;2022-09-11;3;3;0;0;3;1;0;0;0;275391;183100;3049;841;221843;4539;983;0;20
FR;5;2022-09-12;7;5;2;2;7;2;2;0;0;275398;183105;3051;843;221850;4541;985;0;20
FR;5;2022-09-13;9;6;0;1;4;3;1;0;0;275407;183111;3051;844;221854;4544;986;0;20
FR;5;2022-09-14;52;47;4;6;55;9;5;0;0;275459;183158;3055;850;221909;4553;991;0;20
FR;5;2022-09-15;11;13;2;3;11;5;3;0;0;275470;183171;3057;853;221920;4558;994;0;20
FR;5;2022-09-16;25;33;1;4;38;3;3;0;0;275495;183204;3058;857;221958;4561;997;0;20
FR;5;2022-09-17;60;43;1;1;51;5;1;0;0;275555;183247;3059;858;222009;4566;998;0;20
FR;5;2022-09-18;9;6;0;1;10;1;0;0;0;275564;183253;3059;859;222019;4567;998;0;20
FR;5;2022-09-19;22;17;2;1;20;5;2;0;0;275586;183270;3061;860;222039;4572;1000;0;20
FR;5;2022-09-20;15;11;3;3;15;1;4;0;0;275601;183281;3064;863;222054;4573;1004;0;20
FR;5;2022-09-21;68;45;9;0;65;13;0;0;0;275669;183326;3073;863;222119;4586;1004;0;20
FR;5;2022-09-22;12;6;4;24;6;4;23;0;1;275681;183332;3077;887;222125;4590;1027;0;21
FR;5;2022-09-23;20;25;2;3;23;8;3;0;0;275701;183357;3079;890;222148;4598;1030;0;21
FR;5;2022-09-24;44;51;1;8;65;5;8;0;0;275745;183408;3080;898;222213;4603;1038;0;21
FR;5;2022-09-25;6;12;0;0;13;1;0;0;0;275751;183420;3080;898;222226;4604;1038;0;21
FR;5;2022-09-26;15;7;0;2;12;0;1;0;1;275766;183427;3080;900;222238;4604;1039;0;22
FR;5;2022-09-27;7;12;4;9;14;4;9;0;1;275773;183439;3084;909;222252;4608;1048;0;23
FR;5;2022-09-28;65;64;5;0;88;7;0;0;0;275838;183503;3089;909;222340;4615;1048;0;23
FR;5;2022-09-29;17;9;1;0;15;1;1;0;1;275855;183512;3090;909;222355;4616;1049;0;24
FR;5;2022-09-30;28;46;2;2;53;4;3;0;0;275883;183558;3092;911;222408;4620;1052;0;24
FR;5;2022-10-01;40;35;5;5;48;8;7;0;0;275923;183593;3097;916;222456;4628;1059;0;24
FR;5;2022-10-02;1;9;1;0;10;1;0;0;0;275924;183602;3098;916;222466;4629;1059;0;24
FR;5;2022-10-03;7;6;3;0;5;4;0;0;0;275931;183608;3101;916;222471;4633;1059;0;24
FR;5;2022-10-04;11;8;1;3;11;2;3;0;0;275942;183616;3102;919;222482;4635;1062;0;24
FR;5;2022-10-05;57;62;2;2;79;13;2;0;0;275999;183678;3104;921;222561;4648;1064;0;24
FR;5;2022-10-06;12;10;1;4;15;2;4;0;0;276011;183688;3105;925;222576;4650;1068;0;24
FR;5;2022-10-07;21;31;1;0;34;5;0;0;0;276032;183719;3106;925;222610;4655;1068;0;24
FR;5;2022-10-08;33;51;1;0;54;7;0;0;0;276065;183770;3107;925;222664;4662;1068;0;24
FR;5;2022-10-09;7;10;0;0;11;1;0;0;0;276072;183780;3107;925;222675;4663;1068;0;24
FR;5;2022-10-10;14;6;0;1;8;1;1;0;0;276086;183786;3107;926;222683;4664;1069;0;24
FR;5;2022-10-11;6;13;2;1;14;2;2;0;0;276092;183799;3109;927;222697;4666;1071;0;24
FR;5;2022-10-12;39;57;3;2;69;8;2;0;0;276131;183856;3112;929;222766;4674;1073;0;24
FR;5;2022-10-13;11;16;2;0;18;4;0;0;0;276142;183872;3114;929;222784;4678;1073;0;24
FR;5;2022-10-14;21;21;1;0;20;5;0;0;0;276163;183893;3115;929;222804;4683;1073;0;24
FR;5;2022-10-15;19;26;10;0;24;11;2;0;0;276182;183919;3125;929;222828;4694;1075;0;24
FR;5;2022-10-16;3;1;0;0;1;1;0;0;0;276185;183920;3125;929;222829;4695;1075;0;24
FR;5;2022-10-17;8;8;2;1;8;3;1;0;2;276193;183928;3127;930;222837;4698;1076;0;26
FR;5;2022-10-18;6;7;0;2;8;0;2;0;0;276199;183935;3127;932;222845;4698;1078;0;26
FR;5;2022-10-19;38;43;8;0;52;11;0;0;1;276237;183978;3135;932;222897;4709;1078;0;27
FR;5;2022-10-20;18;15;2;1;16;3;1;0;0;276255;183993;3137;933;222913;4712;1079;0;27
FR;5;2022-10-21;22;15;6;0;19;8;1;0;2;276277;184008;3143;933;222932;4720;1080;0;29
FR;5;2022-10-22;34;28;2;12;31;5;12;0;0;276311;184036;3145;945;222963;4725;1092;0;29
FR;5;2022-10-23;9;3;0;0;4;0;0;0;0;276320;184039;3145;945;222967;4725;1092;0;29
FR;5;2022-10-24;14;7;6;7;9;9;8;0;0;276334;184046;3151;952;222976;4734;1100;0;29
FR;5;2022-10-25;12;9;6;3;9;8;3;0;2;276346;184055;3157;955;222985;4742;1103;0;31
FR;5;2022-10-26;34;22;6;0;29;10;0;0;0;276380;184077;3163;955;223014;4752;1103;0;31
FR;5;2022-10-27;16;4;4;0;11;4;0;0;0;276396;184081;3167;955;223025;4756;1103;0;31
FR;5;2022-10-28;19;13;5;3;14;6;4;0;0;276415;184094;3172;958;223039;4762;1107;0;31
FR;5;2022-10-29;21;13;0;0;17;3;0;0;0;276436;184107;3172;958;223056;4765;1107;0;31
FR;5;2022-10-30;1;4;2;0;4;3;0;0;0;276437;184111;3174;958;223060;4768;1107;0;31
FR;5;2022-10-31;14;11;2;1;12;3;1;0;0;276451;184122;3176;959;223072;4771;1108;0;31
FR;5;2022-11-01;3;3;0;1;3;0;1;0;0;276454;184125;3176;960;223075;4771;1109;0;31
FR;5;2022-11-02;23;17;5;4;23;5;5;0;0;276477;184142;3181;964;223098;4776;1114;0;31
FR;5;2022-11-03;22;4;1;1;11;1;1;0;0;276499;184146;3182;965;223109;4777;1115;0;31
FR;5;2022-11-04;19;18;1;0;18;2;0;0;0;276518;184164;3183;965;223127;4779;1115;0;31
FR;5;2022-11-05;25;16;1;0;21;1;0;0;0;276543;184180;3184;965;223148;4780;1115;0;31
FR;5;2022-11-06;1;7;0;0;7;0;0;0;0;276544;184187;3184;965;223155;4780;1115;0;31
FR;5;2022-11-07;4;3;3;0;3;3;0;0;0;276548;184190;3187;965;223158;4783;1115;0;31
FR;5;2022-11-08;11;7;1;2;8;1;1;0;0;276559;184197;3188;967;223166;4784;1116;0;31
FR;5;2022-11-09;28;29;6;1;32;6;1;0;0;276587;184226;3194;968;223198;4790;1117;0;31
FR;5;2022-11-10;11;16;1;0;17;1;0;0;0;276598;184242;3195;968;223215;4791;1117;0;31
FR;5;2022-11-11;2;4;0;1;6;0;1;0;0;276600;184246;3195;969;223221;4791;1118;0;31
FR;5;2022-11-12;19;10;5;9;18;6;9;0;2;276619;184256;3200;978;223239;4797;1127;0;33
FR;5;2022-11-13;2;2;0;1;2;0;1;0;0;276621;184258;3200;979;223241;4797;1128;0;33
FR;5;2022-11-14;8;10;0;1;9;3;0;0;0;276629;184268;3200;980;223250;4800;1128;0;33
FR;5;2022-11-15;8;6;4;3;6;4;3;0;0;276637;184274;3204;983;223256;4804;1131;0;33
FR;5;2022-11-16;29;28;2;1;32;5;0;0;0;276666;184302;3206;984;223288;4809;1131;0;33
FR;5;2022-11-17;6;15;2;0;15;3;0;0;0;276672;184317;3208;984;223303;4812;1131;0;33
FR;5;2022-11-18;16;17;6;0;19;8;0;0;0;276688;184334;3214;984;223322;4820;1131;0;33
FR;5;2022-11-19;18;27;2;0;27;6;0;0;0;276706;184361;3216;984;223349;4826;1131;0;33
FR;5;2022-11-20;6;3;0;0;5;0;0;0;0;276712;184364;3216;984;223354;4826;1131;0;33
FR;5;2022-11-21;8;5;0;2;4;2;1;0;0;276720;184369;3216;986;223358;4828;1132;0;33
FR;5;2022-11-22;9;3;0;1;4;0;1;0;0;276729;184372;3216;987;223362;4828;1133;0;33
FR;5;2022-11-23;34;25;6;1;27;13;0;0;0;276763;184397;3222;988;223389;4841;1133;0;33
FR;5;2022-11-24;3;7;2;1;8;1;2;0;0;276766;184404;3224;989;223397;4842;1135;0;33
FR;5;2022-11-25;15;20;2;0;25;3;0;0;1;276781;184424;3226;989;223422;4845;1135;0;34
FR;5;2022-11-26;22;19;4;0;20;8;0;0;0;276803;184443;3230;989;223442;4853;1135;0;34
FR;5;2022-11-27;7;0;1;0;2;1;0;0;0;276810;184443;3231;989;223444;4854;1135;0;34
FR;5;2022-11-28;7;11;3;0;11;5;0;0;0;276817;184454;3234;989;223455;4859;1135;0;34
FR;5;2022-11-29;10;9;1;0;11;3;0;0;1;276827;184463;3235;989;223466;4862;1135;0;35
FR;5;2022-11-30;34;48;12;0;55;17;1;0;0;276861;184511;3247;989;223521;4879;1136;0;35
FR;5;2022-12-01;4;8;2;0;8;3;0;0;0;276865;184519;3249;989;223529;4882;1136;0;35
FR;5;2022-12-02;1;5;2;1;4;3;1;0;0;276866;184524;3251;990;223533;4885;1137;0;35
FR;5;2022-12-03;3;3;8;1;5;8;1;0;0;276869;184527;3259;991;223538;4893;1138;0;35
FR;5;2022-12-04;3;2;1;0;2;2;0;0;0;276872;184529;3260;991;223540;4895;1138;0;35
FR;5;2022-12-05;0;1;0;0;0;1;0;0;0;276872;184530;3260;991;223540;4896;1138;0;35
FR;5;2022-12-06;4;1;0;0;1;0;0;0;1;276876;184531;3260;991;223541;4896;1138;0;36
FR;5;2022-12-07;5;8;1;0;9;1;0;0;0;276881;184539;3261;991;223550;4897;1138;0;36
FR;5;2022-12-08;2;2;0;0;2;0;0;0;0;276883;184541;3261;991;223552;4897;1138;0;36
FR;5;2022-12-09;3;8;0;0;6;2;0;0;0;276886;184549;3261;991;223558;4899;1138;0;36
FR;5;2022-12-10;4;7;2;1;8;2;1;0;0;276890;184556;3263;992;223566;4901;1139;0;36
FR;5;2022-12-11;2;0;0;0;0;0;0;0;0;276892;184556;3263;992;223566;4901;1139;0;36
FR;5;2022-12-12;0;0;0;0;0;0;0;0;0;276892;184556;3263;992;223566;4901;1139;0;36
FR;5;2022-12-13;2;3;0;0;4;1;0;0;0;276894;184559;3263;992;223570;4902;1139;0;36
FR;5;2022-12-14;1;2;0;9;2;1;8;0;3;276895;184561;3263;1001;223572;4903;1147;0;39
FR;5;2022-12-15;0;2;0;0;2;0;0;0;0;276895;184563;3263;1001;223574;4903;1147;0;39
FR;5;2022-12-16;3;2;2;0;3;3;0;0;0;276898;184565;3265;1001;223577;4906;1147;0;39
FR;5;2022-12-17;3;3;3;0;3;2;1;0;0;276901;184568;3268;1001;223580;4908;1148;0;39
FR;5;2022-12-18;3;0;0;1;0;0;1;0;1;276904;184568;3268;1002;223580;4908;1149;0;40
FR;5;2022-12-19;1;0;0;2;0;0;2;0;0;276905;184568;3268;1004;223580;4908;1151;0;40
FR;5;2022-12-20;0;1;3;0;1;3;0;0;0;276905;184569;3271;1004;223581;4911;1151;0;40
FR;5;2022-12-21;2;4;0;0;4;0;0;0;0;276907;184573;3271;1004;223585;4911;1151;0;40
FR;5;2022-12-22;2;1;0;0;1;0;0;0;0;276909;184574;3271;1004;223586;4911;1151;0;40
FR;5;2022-12-23;3;1;0;0;1;0;0;0;0;276912;184575;3271;1004;223587;4911;1151;0;40
FR;5;2022-12-24;0;1;0;0;1;0;0;0;0;276912;184576;3271;1004;223588;4911;1151;0;40
FR;5;2022-12-25;0;1;0;0;0;1;0;0;0;276912;184577;3271;1004;223588;4912;1151;0;40
FR;5;2022-12-26;2;0;0;0;0;0;0;0;0;276914;184577;3271;1004;223588;4912;1151;0;40
FR;5;2022-12-27;0;3;0;0;3;0;0;0;0;276914;184580;3271;1004;223591;4912;1151;0;40
FR;6;2020-12-27;0;0;0;0;0;0;0;0;0;0;0;0;0;0;0;0;0;0
FR;6;2020-12-28;0;0;0;0;0;0;0;0;0;0;0;0;0;0;0;0;0;0
FR;6;2020-12-29;0;0;0;0;0;0;0;0;0;0;0;0;0;0;0;0;0;0
FR;6;2020-12-30;0;0;0;0;0;0;0;0;0;0;0;0;0;0;0;0;0;0
FR;6;2020-12-31;0;0;0;0;0;0;0;0;0;0;0;0;0;0;0;0;0;0
FR;6;2021-01-01;0;0;0;0;0;0;0;0;0;0;0;0;0;0;0;0;0;0
FR;6;2021-01-02;0;0;0;0;0;0;0;0;0;0;0;0;0;0;0;0;0;0
FR;6;2021-01-03;0;0;0;0;0;0;0;0;0;0;0;0;0;0;0;0;0;0
FR;6;2021-01-04;0;0;0;0;0;0;0;0;0;0;0;0;0;0;0;0;0;0
FR;6;2021-01-05;0;0;0;0;0;0;0;0;0;0;0;0;0;0;0;0;0;0
FR;6;2021-01-06;0;0;0;0;0;0;0;0;0;0;0;0;0;0;0;0;0;0
FR;6;2021-01-07;0;0;0;0;0;0;0;0;0;0;0;0;0;0;0;0;0;0
FR;6;2021-01-08;0;0;0;0;0;0;0;0;0;0;0;0;0;0;0;0;0;0
FR;6;2021-01-09;0;0;0;0;0;0;0;0;0;0;0;0;0;0;0;0;0;0
FR;6;2021-01-10;0;0;0;0;0;0;0;0;0;0;0;0;0;0;0;0;0;0
FR;6;2021-01-11;0;0;0;0;0;0;0;0;0;0;0;0;0;0;0;0;0;0
FR;6;2021-01-12;0;0;0;0;0;0;0;0;0;0;0;0;0;0;0;0;0;0
FR;6;2021-01-13;0;0;0;0;0;0;0;0;0;0;0;0;0;0;0;0;0;0
FR;6;2021-01-14;0;0;0;0;0;0;0;0;0;0;0;0;0;0;0;0;0;0
FR;6;2021-01-15;0;0;0;0;0;0;0;0;0;0;0;0;0;0;0;0;0;0
FR;6;2021-01-16;0;0;0;0;0;0;0;0;0;0;0;0;0;0;0;0;0;0
FR;6;2021-01-17;0;0;0;0;0;0;0;0;0;0;0;0;0;0;0;0;0;0
FR;6;2021-01-18;0;0;0;0;0;0;0;0;0;0;0;0;0;0;0;0;0;0
FR;6;2021-01-19;0;0;0;0;0;0;0;0;0;0;0;0;0;0;0;0;0;0
FR;6;2021-01-20;0;0;0;0;0;0;0;0;0;0;0;0;0;0;0;0;0;0
FR;6;2021-01-21;0;0;0;0;0;0;0;0;0;0;0;0;0;0;0;0;0;0
FR;6;2021-01-22;0;0;0;0;0;0;0;0;0;0;0;0;0;0;0;0;0;0
FR;6;2021-01-23;0;0;0;0;0;0;0;0;0;0;0;0;0;0;0;0;0;0
FR;6;2021-01-24;0;0;0;0;0;0;0;0;0;0;0;0;0;0;0;0;0;0
FR;6;2021-01-25;0;0;0;0;0;0;0;0;0;0;0;0;0;0;0;0;0;0
FR;6;2021-01-26;0;0;0;0;0;0;0;0;0;0;0;0;0;0;0;0;0;0
FR;6;2021-01-27;0;0;0;0;0;0;0;0;0;0;0;0;0;0;0;0;0;0
FR;6;2021-01-28;0;0;0;0;0;0;0;0;0;0;0;0;0;0;0;0;0;0
FR;6;2021-01-29;0;0;0;0;0;0;0;0;0;0;0;0;0;0;0;0;0;0
FR;6;2021-01-30;0;0;0;0;0;0;0;0;0;0;0;0;0;0;0;0;0;0
FR;6;2021-01-31;0;0;0;0;0;0;0;0;0;0;0;0;0;0;0;0;0;0
FR;6;2021-02-01;0;0;0;0;0;0;0;0;0;0;0;0;0;0;0;0;0;0
FR;6;2021-02-02;0;0;0;0;0;0;0;0;0;0;0;0;0;0;0;0;0;0
FR;6;2021-02-03;0;0;0;0;0;0;0;0;0;0;0;0;0;0;0;0;0;0
FR;6;2021-02-04;0;0;0;0;0;0;0;0;0;0;0;0;0;0;0;0;0;0
FR;6;2021-02-05;0;0;0;0;0;0;0;0;0;0;0;0;0;0;0;0;0;0
FR;6;2021-02-06;0;0;0;0;0;0;0;0;0;0;0;0;0;0;0;0;0;0
FR;6;2021-02-07;0;0;0;0;0;0;0;0;0;0;0;0;0;0;0;0;0;0
FR;6;2021-02-08;0;0;0;0;0;0;0;0;0;0;0;0;0;0;0;0;0;0
FR;6;2021-02-09;0;0;0;0;0;0;0;0;0;0;0;0;0;0;0;0;0;0
FR;6;2021-02-10;0;0;0;0;0;0;0;0;0;0;0;0;0;0;0;0;0;0
FR;6;2021-02-11;0;0;0;0;0;0;0;0;0;0;0;0;0;0;0;0;0;0
FR;6;2021-02-12;0;0;0;0;0;0;0;0;0;0;0;0;0;0;0;0;0;0
FR;6;2021-02-13;0;0;0;0;0;0;0;0;0;0;0;0;0;0;0;0;0;0
FR;6;2021-02-14;0;0;0;0;0;0;0;0;0;0;0;0;0;0;0;0;0;0
FR;6;2021-02-15;0;0;0;0;0;0;0;0;0;0;0;0;0;0;0;0;0;0
FR;6;2021-02-16;0;0;0;0;0;0;0;0;0;0;0;0;0;0;0;0;0;0
FR;6;2021-02-17;0;0;0;0;0;0;0;0;0;0;0;0;0;0;0;0;0;0
FR;6;2021-02-18;0;0;0;0;0;0;0;0;0;0;0;0;0;0;0;0;0;0
FR;6;2021-02-19;0;0;0;0;0;0;0;0;0;0;0;0;0;0;0;0;0;0
FR;6;2021-02-20;0;0;0;0;0;0;0;0;0;0;0;0;0;0;0;0;0;0
FR;6;2021-02-21;0;0;0;0;0;0;0;0;0;0;0;0;0;0;0;0;0;0
FR;6;2021-02-22;0;0;0;0;0;0;0;0;0;0;0;0;0;0;0;0;0;0
FR;6;2021-02-23;0;0;0;0;0;0;0;0;0;0;0;0;0;0;0;0;0;0
FR;6;2021-02-24;0;0;0;0;0;0;0;0;0;0;0;0;0;0;0;0;0;0
FR;6;2021-02-25;0;0;0;0;0;0;0;0;0;0;0;0;0;0;0;0;0;0
FR;6;2021-02-26;0;0;0;0;0;0;0;0;0;0;0;0;0;0;0;0;0;0
FR;6;2021-02-27;0;0;0;0;0;0;0;0;0;0;0;0;0;0;0;0;0;0
FR;6;2021-02-28;0;0;0;0;0;0;0;0;0;0;0;0;0;0;0;0;0;0
FR;6;2021-03-01;0;0;0;0;0;0;0;0;0;0;0;0;0;0;0;0;0;0
FR;6;2021-03-02;0;0;0;0;0;0;0;0;0;0;0;0;0;0;0;0;0;0
FR;6;2021-03-03;0;0;0;0;0;0;0;0;0;0;0;0;0;0;0;0;0;0
FR;6;2021-03-04;0;0;0;0;0;0;0;0;0;0;0;0;0;0;0;0;0;0
FR;6;2021-03-05;0;0;0;0;0;0;0;0;0;0;0;0;0;0;0;0;0;0
FR;6;2021-03-06;0;0;0;0;0;0;0;0;0;0;0;0;0;0;0;0;0;0
FR;6;2021-03-07;0;0;0;0;0;0;0;0;0;0;0;0;0;0;0;0;0;0
FR;6;2021-03-08;0;0;0;0;0;0;0;0;0;0;0;0;0;0;0;0;0;0
FR;6;2021-03-09;0;0;0;0;0;0;0;0;0;0;0;0;0;0;0;0;0;0
FR;6;2021-03-10;0;0;0;0;0;0;0;0;0;0;0;0;0;0;0;0;0;0
FR;6;2021-03-11;0;0;0;0;0;0;0;0;0;0;0;0;0;0;0;0;0;0
FR;6;2021-03-12;0;0;0;0;0;0;0;0;0;0;0;0;0;0;0;0;0;0
FR;6;2021-03-13;0;0;0;0;0;0;0;0;0;0;0;0;0;0;0;0;0;0
FR;6;2021-03-14;0;0;0;0;0;0;0;0;0;0;0;0;0;0;0;0;0;0
FR;6;2021-03-15;0;0;0;0;0;0;0;0;0;0;0;0;0;0;0;0;0;0
FR;6;2021-03-16;0;0;0;0;0;0;0;0;0;0;0;0;0;0;0;0;0;0
FR;6;2021-03-17;0;0;0;0;0;0;0;0;0;0;0;0;0;0;0;0;0;0
FR;6;2021-03-18;0;0;0;0;0;0;0;0;0;0;0;0;0;0;0;0;0;0
FR;6;2021-03-19;0;0;0;0;0;0;0;0;0;0;0;0;0;0;0;0;0;0
FR;6;2021-03-20;0;0;0;0;0;0;0;0;0;0;0;0;0;0;0;0;0;0
FR;6;2021-03-21;0;0;0;0;0;0;0;0;0;0;0;0;0;0;0;0;0;0
FR;6;2021-03-22;0;0;0;0;0;0;0;0;0;0;0;0;0;0;0;0;0;0
FR;6;2021-03-23;0;0;0;0;0;0;0;0;0;0;0;0;0;0;0;0;0;0
FR;6;2021-03-24;0;0;0;0;0;0;0;0;0;0;0;0;0;0;0;0;0;0
FR;6;2021-03-25;0;0;0;0;0;0;0;0;0;0;0;0;0;0;0;0;0;0
FR;6;2021-03-26;0;0;0;0;0;0;0;0;0;0;0;0;0;0;0;0;0;0
FR;6;2021-03-27;0;0;0;0;0;0;0;0;0;0;0;0;0;0;0;0;0;0
FR;6;2021-03-28;0;0;0;0;0;0;0;0;0;0;0;0;0;0;0;0;0;0
FR;6;2021-03-29;0;0;0;0;0;0;0;0;0;0;0;0;0;0;0;0;0;0
FR;6;2021-03-30;0;0;0;0;0;0;0;0;0;0;0;0;0;0;0;0;0;0
FR;6;2021-03-31;0;0;0;0;0;0;0;0;0;0;0;0;0;0;0;0;0;0
FR;6;2021-04-01;0;0;0;0;0;0;0;0;0;0;0;0;0;0;0;0;0;0
FR;6;2021-04-02;0;0;0;0;0;0;0;0;0;0;0;0;0;0;0;0;0;0
FR;6;2021-04-03;0;0;0;0;0;0;0;0;0;0;0;0;0;0;0;0;0;0
FR;6;2021-04-04;0;0;0;0;0;0;0;0;0;0;0;0;0;0;0;0;0;0
FR;6;2021-04-05;0;0;0;0;0;0;0;0;0;0;0;0;0;0;0;0;0;0
FR;6;2021-04-06;0;0;0;0;0;0;0;0;0;0;0;0;0;0;0;0;0;0
FR;6;2021-04-07;0;0;0;0;0;0;0;0;0;0;0;0;0;0;0;0;0;0
FR;6;2021-04-08;0;0;0;0;0;0;0;0;0;0;0;0;0;0;0;0;0;0
FR;6;2021-04-09;0;0;0;0;0;0;0;0;0;0;0;0;0;0;0;0;0;0
FR;6;2021-04-10;0;0;0;0;0;0;0;0;0;0;0;0;0;0;0;0;0;0
FR;6;2021-04-11;0;0;0;0;0;0;0;0;0;0;0;0;0;0;0;0;0;0
FR;6;2021-04-12;0;0;0;0;0;0;0;0;0;0;0;0;0;0;0;0;0;0
FR;6;2021-04-13;0;0;0;0;0;0;0;0;0;0;0;0;0;0;0;0;0;0
FR;6;2021-04-14;0;0;0;0;0;0;0;0;0;0;0;0;0;0;0;0;0;0
FR;6;2021-04-15;0;0;0;0;0;0;0;0;0;0;0;0;0;0;0;0;0;0
FR;6;2021-04-16;0;0;0;0;0;0;0;0;0;0;0;0;0;0;0;0;0;0
FR;6;2021-04-17;0;0;0;0;0;0;0;0;0;0;0;0;0;0;0;0;0;0
FR;6;2021-04-18;0;0;0;0;0;0;0;0;0;0;0;0;0;0;0;0;0;0
FR;6;2021-04-19;0;0;0;0;0;0;0;0;0;0;0;0;0;0;0;0;0;0
FR;6;2021-04-20;0;0;0;0;0;0;0;0;0;0;0;0;0;0;0;0;0;0
FR;6;2021-04-21;0;0;0;0;0;0;0;0;0;0;0;0;0;0;0;0;0;0
FR;6;2021-04-22;0;0;0;0;0;0;0;0;0;0;0;0;0;0;0;0;0;0
FR;6;2021-04-23;0;0;0;0;0;0;0;0;0;0;0;0;0;0;0;0;0;0
FR;6;2021-04-24;0;0;0;0;0;0;0;0;0;0;0;0;0;0;0;0;0;0
FR;6;2021-04-25;0;0;0;0;0;0;0;0;0;0;0;0;0;0;0;0;0;0
FR;6;2021-04-26;0;0;0;0;0;0;0;0;0;0;0;0;0;0;0;0;0;0
FR;6;2021-04-27;0;0;0;0;0;0;0;0;0;0;0;0;0;0;0;0;0;0
FR;6;2021-04-28;0;0;0;0;0;0;0;0;0;0;0;0;0;0;0;0;0;0
FR;6;2021-04-29;0;0;0;0;0;0;0;0;0;0;0;0;0;0;0;0;0;0
FR;6;2021-04-30;0;0;0;0;0;0;0;0;0;0;0;0;0;0;0;0;0;0
FR;6;2021-05-01;0;0;0;0;0;0;0;0;0;0;0;0;0;0;0;0;0;0
FR;6;2021-05-02;0;0;0;0;0;0;0;0;0;0;0;0;0;0;0;0;0;0
FR;6;2021-05-03;0;0;0;0;0;0;0;0;0;0;0;0;0;0;0;0;0;0
FR;6;2021-05-04;0;0;0;0;0;0;0;0;0;0;0;0;0;0;0;0;0;0
FR;6;2021-05-05;0;0;0;0;0;0;0;0;0;0;0;0;0;0;0;0;0;0
FR;6;2021-05-06;0;0;0;0;0;0;0;0;0;0;0;0;0;0;0;0;0;0
FR;6;2021-05-07;0;0;0;0;0;0;0;0;0;0;0;0;0;0;0;0;0;0
FR;6;2021-05-08;0;0;0;0;0;0;0;0;0;0;0;0;0;0;0;0;0;0
FR;6;2021-05-09;0;0;0;0;0;0;0;0;0;0;0;0;0;0;0;0;0;0
FR;6;2021-05-10;0;0;0;0;0;0;0;0;0;0;0;0;0;0;0;0;0;0
FR;6;2021-05-11;0;0;0;0;0;0;0;0;0;0;0;0;0;0;0;0;0;0
FR;6;2021-05-12;0;0;0;0;0;0;0;0;0;0;0;0;0;0;0;0;0;0
FR;6;2021-05-13;0;0;0;0;0;0;0;0;0;0;0;0;0;0;0;0;0;0
FR;6;2021-05-14;0;0;0;0;0;0;0;0;0;0;0;0;0;0;0;0;0;0
FR;6;2021-05-15;0;0;0;0;0;0;0;0;0;0;0;0;0;0;0;0;0;0
FR;6;2021-05-16;0;0;0;0;0;0;0;0;0;0;0;0;0;0;0;0;0;0
FR;6;2021-05-17;0;0;0;0;0;0;0;0;0;0;0;0;0;0;0;0;0;0
FR;6;2021-05-18;0;0;0;0;0;0;0;0;0;0;0;0;0;0;0;0;0;0
FR;6;2021-05-19;0;0;0;0;0;0;0;0;0;0;0;0;0;0;0;0;0;0
FR;6;2021-05-20;0;0;0;0;0;0;0;0;0;0;0;0;0;0;0;0;0;0
FR;6;2021-05-21;0;0;0;0;0;0;0;0;0;0;0;0;0;0;0;0;0;0
FR;6;2021-05-22;0;0;0;0;0;0;0;0;0;0;0;0;0;0;0;0;0;0
FR;6;2021-05-23;0;0;0;0;0;0;0;0;0;0;0;0;0;0;0;0;0;0
FR;6;2021-05-24;0;0;0;0;0;0;0;0;0;0;0;0;0;0;0;0;0;0
FR;6;2021-05-25;0;0;0;0;0;0;0;0;0;0;0;0;0;0;0;0;0;0
FR;6;2021-05-26;0;0;0;0;0;0;0;0;0;0;0;0;0;0;0;0;0;0
FR;6;2021-05-27;0;0;0;0;0;0;0;0;0;0;0;0;0;0;0;0;0;0
FR;6;2021-05-28;0;0;0;0;0;0;0;0;0;0;0;0;0;0;0;0;0;0
FR;6;2021-05-29;0;0;0;0;0;0;0;0;0;0;0;0;0;0;0;0;0;0
FR;6;2021-05-30;0;0;0;0;0;0;0;0;0;0;0;0;0;0;0;0;0;0
FR;6;2021-05-31;0;0;0;0;0;0;0;0;0;0;0;0;0;0;0;0;0;0
FR;6;2021-06-01;0;0;0;0;0;0;0;0;0;0;0;0;0;0;0;0;0;0
FR;6;2021-06-02;0;0;0;0;0;0;0;0;0;0;0;0;0;0;0;0;0;0
FR;6;2021-06-03;0;0;0;0;0;0;0;0;0;0;0;0;0;0;0;0;0;0
FR;6;2021-06-04;0;0;0;0;0;0;0;0;0;0;0;0;0;0;0;0;0;0
FR;6;2021-06-05;0;0;0;0;0;0;0;0;0;0;0;0;0;0;0;0;0;0
FR;6;2021-06-06;0;0;0;0;0;0;0;0;0;0;0;0;0;0;0;0;0;0
FR;6;2021-06-07;0;0;0;0;0;0;0;0;0;0;0;0;0;0;0;0;0;0
FR;6;2021-06-08;0;0;0;0;0;0;0;0;0;0;0;0;0;0;0;0;0;0
FR;6;2021-06-09;0;0;0;0;0;0;0;0;0;0;0;0;0;0;0;0;0;0
FR;6;2021-06-10;0;0;0;0;0;0;0;0;0;0;0;0;0;0;0;0;0;0
FR;6;2021-06-11;0;0;0;0;0;0;0;0;0;0;0;0;0;0;0;0;0;0
FR;6;2021-06-12;0;0;0;0;0;0;0;0;0;0;0;0;0;0;0;0;0;0
FR;6;2021-06-13;0;0;0;0;0;0;0;0;0;0;0;0;0;0;0;0;0;0
FR;6;2021-06-14;0;0;0;0;0;0;0;0;0;0;0;0;0;0;0;0;0;0
FR;6;2021-06-15;0;0;0;0;0;0;0;0;0;0;0;0;0;0;0;0;0;0
FR;6;2021-06-16;0;0;0;0;0;0;0;0;0;0;0;0;0;0;0;0;0;0
FR;6;2021-06-17;0;0;0;0;0;0;0;0;0;0;0;0;0;0;0;0;0;0
FR;6;2021-06-18;0;0;0;0;0;0;0;0;0;0;0;0;0;0;0;0;0;0
FR;6;2021-06-19;0;0;0;0;0;0;0;0;0;0;0;0;0;0;0;0;0;0
FR;6;2021-06-20;0;0;0;0;0;0;0;0;0;0;0;0;0;0;0;0;0;0
FR;6;2021-06-21;0;0;0;0;0;0;0;0;0;0;0;0;0;0;0;0;0;0
FR;6;2021-06-22;0;0;0;0;0;0;0;0;0;0;0;0;0;0;0;0;0;0
FR;6;2021-06-23;0;0;0;0;0;0;0;0;0;0;0;0;0;0;0;0;0;0
FR;6;2021-06-24;0;0;0;0;0;0;0;0;0;0;0;0;0;0;0;0;0;0
FR;6;2021-06-25;0;0;0;0;0;0;0;0;0;0;0;0;0;0;0;0;0;0
FR;6;2021-06-26;0;0;0;0;0;0;0;0;0;0;0;0;0;0;0;0;0;0
FR;6;2021-06-27;0;0;0;0;0;0;0;0;0;0;0;0;0;0;0;0;0;0
FR;6;2021-06-28;0;0;0;0;0;0;0;0;0;0;0;0;0;0;0;0;0;0
FR;6;2021-06-29;0;0;0;0;0;0;0;0;0;0;0;0;0;0;0;0;0;0
FR;6;2021-06-30;0;0;0;0;0;0;0;0;0;0;0;0;0;0;0;0;0;0
FR;6;2021-07-01;0;0;0;0;0;0;0;0;0;0;0;0;0;0;0;0;0;0
FR;6;2021-07-02;0;0;0;0;0;0;0;0;0;0;0;0;0;0;0;0;0;0
FR;6;2021-07-03;0;0;0;0;0;0;0;0;0;0;0;0;0;0;0;0;0;0
FR;6;2021-07-04;0;0;0;0;0;0;0;0;0;0;0;0;0;0;0;0;0;0
FR;6;2021-07-05;0;0;0;0;0;0;0;0;0;0;0;0;0;0;0;0;0;0
FR;6;2021-07-06;0;0;0;0;0;0;0;0;0;0;0;0;0;0;0;0;0;0
FR;6;2021-07-07;0;0;0;0;0;0;0;0;0;0;0;0;0;0;0;0;0;0
FR;6;2021-07-08;0;0;0;0;0;0;0;0;0;0;0;0;0;0;0;0;0;0
FR;6;2021-07-09;0;0;0;0;0;0;0;0;0;0;0;0;0;0;0;0;0;0
FR;6;2021-07-10;0;0;0;0;0;0;0;0;0;0;0;0;0;0;0;0;0;0
FR;6;2021-07-11;0;0;0;0;0;0;0;0;0;0;0;0;0;0;0;0;0;0
FR;6;2021-07-12;0;0;0;0;0;0;0;0;0;0;0;0;0;0;0;0;0;0
FR;6;2021-07-13;0;0;0;0;0;0;0;0;0;0;0;0;0;0;0;0;0;0
FR;6;2021-07-14;0;0;0;0;0;0;0;0;0;0;0;0;0;0;0;0;0;0
FR;6;2021-07-15;0;0;0;0;0;0;0;0;0;0;0;0;0;0;0;0;0;0
FR;6;2021-07-16;0;0;0;0;0;0;0;0;0;0;0;0;0;0;0;0;0;0
FR;6;2021-07-17;0;0;0;0;0;0;0;0;0;0;0;0;0;0;0;0;0;0
FR;6;2021-07-18;0;0;0;0;0;0;0;0;0;0;0;0;0;0;0;0;0;0
FR;6;2021-07-19;0;0;0;0;0;0;0;0;0;0;0;0;0;0;0;0;0;0
FR;6;2021-07-20;0;0;0;0;0;0;0;0;0;0;0;0;0;0;0;0;0;0
FR;6;2021-07-21;0;0;0;0;0;0;0;0;0;0;0;0;0;0;0;0;0;0
FR;6;2021-07-22;0;0;0;0;0;0;0;0;0;0;0;0;0;0;0;0;0;0
FR;6;2021-07-23;0;0;0;0;0;0;0;0;0;0;0;0;0;0;0;0;0;0
FR;6;2021-07-24;0;0;0;0;0;0;0;0;0;0;0;0;0;0;0;0;0;0
FR;6;2021-07-25;0;0;0;0;0;0;0;0;0;0;0;0;0;0;0;0;0;0
FR;6;2021-07-26;0;0;0;0;0;0;0;0;0;0;0;0;0;0;0;0;0;0
FR;6;2021-07-27;0;0;0;0;0;0;0;0;0;0;0;0;0;0;0;0;0;0
FR;6;2021-07-28;0;0;0;0;0;0;0;0;0;0;0;0;0;0;0;0;0;0
FR;6;2021-07-29;0;0;0;0;0;0;0;0;0;0;0;0;0;0;0;0;0;0
FR;6;2021-07-30;0;0;0;0;0;0;0;0;0;0;0;0;0;0;0;0;0;0
FR;6;2021-07-31;0;0;0;0;0;0;0;0;0;0;0;0;0;0;0;0;0;0
FR;6;2021-08-01;0;0;0;0;0;0;0;0;0;0;0;0;0;0;0;0;0;0
FR;6;2021-08-02;0;0;0;0;0;0;0;0;0;0;0;0;0;0;0;0;0;0
FR;6;2021-08-03;0;0;0;0;0;0;0;0;0;0;0;0;0;0;0;0;0;0
FR;6;2021-08-04;0;0;0;0;0;0;0;0;0;0;0;0;0;0;0;0;0;0
FR;6;2021-08-05;0;0;0;0;0;0;0;0;0;0;0;0;0;0;0;0;0;0
FR;6;2021-08-06;0;0;0;0;0;0;0;0;0;0;0;0;0;0;0;0;0;0
FR;6;2021-08-07;0;0;0;0;0;0;0;0;0;0;0;0;0;0;0;0;0;0
FR;6;2021-08-08;0;0;0;0;0;0;0;0;0;0;0;0;0;0;0;0;0;0
FR;6;2021-08-09;0;0;0;0;0;0;0;0;0;0;0;0;0;0;0;0;0;0
FR;6;2021-08-10;0;0;0;0;0;0;0;0;0;0;0;0;0;0;0;0;0;0
FR;6;2021-08-11;0;0;0;0;0;0;0;0;0;0;0;0;0;0;0;0;0;0
FR;6;2021-08-12;0;0;0;0;0;0;0;0;0;0;0;0;0;0;0;0;0;0
FR;6;2021-08-13;0;0;0;0;0;0;0;0;0;0;0;0;0;0;0;0;0;0
FR;6;2021-08-14;0;0;0;0;0;0;0;0;0;0;0;0;0;0;0;0;0;0
FR;6;2021-08-15;0;0;0;0;0;0;0;0;0;0;0;0;0;0;0;0;0;0
FR;6;2021-08-16;0;0;0;0;0;0;0;0;0;0;0;0;0;0;0;0;0;0
FR;6;2021-08-17;0;0;0;0;0;0;0;0;0;0;0;0;0;0;0;0;0;0
FR;6;2021-08-18;0;0;0;0;0;0;0;0;0;0;0;0;0;0;0;0;0;0
FR;6;2021-08-19;0;0;0;0;0;0;0;0;0;0;0;0;0;0;0;0;0;0
FR;6;2021-08-20;0;0;0;0;0;0;0;0;0;0;0;0;0;0;0;0;0;0
FR;6;2021-08-21;0;0;0;0;0;0;0;0;0;0;0;0;0;0;0;0;0;0
FR;6;2021-08-22;0;0;0;0;0;0;0;0;0;0;0;0;0;0;0;0;0;0
FR;6;2021-08-23;0;0;0;0;0;0;0;0;0;0;0;0;0;0;0;0;0;0
FR;6;2021-08-24;0;0;0;0;0;0;0;0;0;0;0;0;0;0;0;0;0;0
FR;6;2021-08-25;0;0;0;0;0;0;0;0;0;0;0;0;0;0;0;0;0;0
FR;6;2021-08-26;0;0;0;0;0;0;0;0;0;0;0;0;0;0;0;0;0;0
FR;6;2021-08-27;0;0;0;0;0;0;0;0;0;0;0;0;0;0;0;0;0;0
FR;6;2021-08-28;0;0;0;0;0;0;0;0;0;0;0;0;0;0;0;0;0;0
FR;6;2021-08-29;0;0;0;0;0;0;0;0;0;0;0;0;0;0;0;0;0;0
FR;6;2021-08-30;0;0;0;0;0;0;0;0;0;0;0;0;0;0;0;0;0;0
FR;6;2021-08-31;0;0;0;0;0;0;0;0;0;0;0;0;0;0;0;0;0;0
FR;6;2021-09-01;0;0;0;0;0;0;0;0;0;0;0;0;0;0;0;0;0;0
FR;6;2021-09-02;0;0;0;0;0;0;0;0;0;0;0;0;0;0;0;0;0;0
FR;6;2021-09-03;0;0;0;0;0;0;0;0;0;0;0;0;0;0;0;0;0;0
FR;6;2021-09-04;0;0;0;0;0;0;0;0;0;0;0;0;0;0;0;0;0;0
FR;6;2021-09-05;0;0;0;0;0;0;0;0;0;0;0;0;0;0;0;0;0;0
FR;6;2021-09-06;0;0;0;0;0;0;0;0;0;0;0;0;0;0;0;0;0;0
FR;6;2021-09-07;0;0;0;0;0;0;0;0;0;0;0;0;0;0;0;0;0;0
FR;6;2021-09-08;0;0;0;0;0;0;0;0;0;0;0;0;0;0;0;0;0;0
FR;6;2021-09-09;0;0;0;0;0;0;0;0;0;0;0;0;0;0;0;0;0;0
FR;6;2021-09-10;0;0;0;0;0;0;0;0;0;0;0;0;0;0;0;0;0;0
FR;6;2021-09-11;0;0;0;0;0;0;0;0;0;0;0;0;0;0;0;0;0;0
FR;6;2021-09-12;0;0;0;0;0;0;0;0;0;0;0;0;0;0;0;0;0;0
FR;6;2021-09-13;0;0;0;0;0;0;0;0;0;0;0;0;0;0;0;0;0;0
FR;6;2021-09-14;0;0;0;0;0;0;0;0;0;0;0;0;0;0;0;0;0;0
FR;6;2021-09-15;0;0;0;0;0;0;0;0;0;0;0;0;0;0;0;0;0;0
FR;6;2021-09-16;0;0;0;0;0;0;0;0;0;0;0;0;0;0;0;0;0;0
FR;6;2021-09-17;0;0;0;0;0;0;0;0;0;0;0;0;0;0;0;0;0;0
FR;6;2021-09-18;0;0;0;0;0;0;0;0;0;0;0;0;0;0;0;0;0;0
FR;6;2021-09-19;0;0;0;0;0;0;0;0;0;0;0;0;0;0;0;0;0;0
FR;6;2021-09-20;0;0;0;0;0;0;0;0;0;0;0;0;0;0;0;0;0;0
FR;6;2021-09-21;0;0;0;0;0;0;0;0;0;0;0;0;0;0;0;0;0;0
FR;6;2021-09-22;0;0;0;0;0;0;0;0;0;0;0;0;0;0;0;0;0;0
FR;6;2021-09-23;0;0;0;0;0;0;0;0;0;0;0;0;0;0;0;0;0;0
FR;6;2021-09-24;0;0;0;0;0;0;0;0;0;0;0;0;0;0;0;0;0;0
FR;6;2021-09-25;0;0;0;0;0;0;0;0;0;0;0;0;0;0;0;0;0;0
FR;6;2021-09-26;0;0;0;0;0;0;0;0;0;0;0;0;0;0;0;0;0;0
FR;6;2021-09-27;0;0;0;0;0;0;0;0;0;0;0;0;0;0;0;0;0;0
FR;6;2021-09-28;0;0;0;0;0;0;0;0;0;0;0;0;0;0;0;0;0;0
FR;6;2021-09-29;0;0;0;0;0;0;0;0;0;0;0;0;0;0;0;0;0;0
FR;6;2021-09-30;0;0;0;0;0;0;0;0;0;0;0;0;0;0;0;0;0;0
FR;6;2021-10-01;0;0;0;0;0;0;0;0;0;0;0;0;0;0;0;0;0;0
FR;6;2021-10-02;0;0;0;0;0;0;0;0;0;0;0;0;0;0;0;0;0;0
FR;6;2021-10-03;0;0;0;0;0;0;0;0;0;0;0;0;0;0;0;0;0;0
FR;6;2021-10-04;0;0;0;0;0;0;0;0;0;0;0;0;0;0;0;0;0;0
FR;6;2021-10-05;0;0;0;0;0;0;0;0;0;0;0;0;0;0;0;0;0;0
FR;6;2021-10-06;0;0;0;0;0;0;0;0;0;0;0;0;0;0;0;0;0;0
FR;6;2021-10-07;0;0;0;0;0;0;0;0;0;0;0;0;0;0;0;0;0;0
FR;6;2021-10-08;0;0;0;0;0;0;0;0;0;0;0;0;0;0;0;0;0;0
FR;6;2021-10-09;0;0;0;0;0;0;0;0;0;0;0;0;0;0;0;0;0;0
FR;6;2021-10-10;0;0;0;0;0;0;0;0;0;0;0;0;0;0;0;0;0;0
FR;6;2021-10-11;0;0;0;0;0;0;0;0;0;0;0;0;0;0;0;0;0;0
FR;6;2021-10-12;0;0;0;0;0;0;0;0;0;0;0;0;0;0;0;0;0;0
FR;6;2021-10-13;0;0;0;0;0;0;0;0;0;0;0;0;0;0;0;0;0;0
FR;6;2021-10-14;0;0;0;0;0;0;0;0;0;0;0;0;0;0;0;0;0;0
FR;6;2021-10-15;0;0;0;0;0;0;0;0;0;0;0;0;0;0;0;0;0;0
FR;6;2021-10-16;0;0;0;0;0;0;0;0;0;0;0;0;0;0;0;0;0;0
FR;6;2021-10-17;0;0;0;0;0;0;0;0;0;0;0;0;0;0;0;0;0;0
FR;6;2021-10-18;0;0;0;0;0;0;0;0;0;0;0;0;0;0;0;0;0;0
FR;6;2021-10-19;0;0;0;0;0;0;0;0;0;0;0;0;0;0;0;0;0;0
FR;6;2021-10-20;0;0;0;0;0;0;0;0;0;0;0;0;0;0;0;0;0;0
FR;6;2021-10-21;0;0;0;0;0;0;0;0;0;0;0;0;0;0;0;0;0;0
FR;6;2021-10-22;0;0;0;0;0;0;0;0;0;0;0;0;0;0;0;0;0;0
FR;6;2021-10-23;0;0;0;0;0;0;0;0;0;0;0;0;0;0;0;0;0;0
FR;6;2021-10-24;0;0;0;0;0;0;0;0;0;0;0;0;0;0;0;0;0;0
FR;6;2021-10-25;0;0;0;0;0;0;0;0;0;0;0;0;0;0;0;0;0;0
FR;6;2021-10-26;0;0;0;0;0;0;0;0;0;0;0;0;0;0;0;0;0;0
FR;6;2021-10-27;0;0;0;0;0;0;0;0;0;0;0;0;0;0;0;0;0;0
FR;6;2021-10-28;0;0;0;0;0;0;0;0;0;0;0;0;0;0;0;0;0;0
FR;6;2021-10-29;0;0;0;0;0;0;0;0;0;0;0;0;0;0;0;0;0;0
FR;6;2021-10-30;0;0;0;0;0;0;0;0;0;0;0;0;0;0;0;0;0;0
FR;6;2021-10-31;0;0;0;0;0;0;0;0;0;0;0;0;0;0;0;0;0;0
FR;6;2021-11-01;0;0;0;0;0;0;0;0;0;0;0;0;0;0;0;0;0;0
FR;6;2021-11-02;0;0;0;0;0;0;0;0;0;0;0;0;0;0;0;0;0;0
FR;6;2021-11-03;0;0;0;0;0;0;0;0;0;0;0;0;0;0;0;0;0;0
FR;6;2021-11-04;0;0;0;0;0;0;0;0;0;0;0;0;0;0;0;0;0;0
FR;6;2021-11-05;0;0;0;0;0;0;0;0;0;0;0;0;0;0;0;0;0;0
FR;6;2021-11-06;0;0;0;0;0;0;0;0;0;0;0;0;0;0;0;0;0;0
FR;6;2021-11-07;0;0;0;0;0;0;0;0;0;0;0;0;0;0;0;0;0;0
FR;6;2021-11-08;0;0;0;0;0;0;0;0;0;0;0;0;0;0;0;0;0;0
FR;6;2021-11-09;0;0;0;0;0;0;0;0;0;0;0;0;0;0;0;0;0;0
FR;6;2021-11-10;0;0;0;0;0;0;0;0;0;0;0;0;0;0;0;0;0;0
FR;6;2021-11-11;0;0;0;0;0;0;0;0;0;0;0;0;0;0;0;0;0;0
FR;6;2021-11-12;0;0;0;0;0;0;0;0;0;0;0;0;0;0;0;0;0;0
FR;6;2021-11-13;0;0;0;0;0;0;0;0;0;0;0;0;0;0;0;0;0;0
FR;6;2021-11-14;0;0;0;0;0;0;0;0;0;0;0;0;0;0;0;0;0;0
FR;6;2021-11-15;0;0;0;0;0;0;0;0;0;0;0;0;0;0;0;0;0;0
FR;6;2021-11-16;0;0;0;0;0;0;0;0;0;0;0;0;0;0;0;0;0;0
FR;6;2021-11-17;0;0;0;0;0;0;0;0;0;0;0;0;0;0;0;0;0;0
FR;6;2021-11-18;0;0;0;0;0;0;0;0;0;0;0;0;0;0;0;0;0;0
FR;6;2021-11-19;0;0;0;0;0;0;0;0;0;0;0;0;0;0;0;0;0;0
FR;6;2021-11-20;0;0;0;0;0;0;0;0;0;0;0;0;0;0;0;0;0;0
FR;6;2021-11-21;0;0;0;0;0;0;0;0;0;0;0;0;0;0;0;0;0;0
FR;6;2021-11-22;0;0;0;0;0;0;0;0;0;0;0;0;0;0;0;0;0;0
FR;6;2021-11-23;0;0;0;0;0;0;0;0;0;0;0;0;0;0;0;0;0;0
FR;6;2021-11-24;0;0;0;0;0;0;0;0;0;0;0;0;0;0;0;0;0;0
FR;6;2021-11-25;0;0;0;0;0;0;0;0;0;0;0;0;0;0;0;0;0;0
FR;6;2021-11-26;0;0;0;0;0;0;0;0;0;0;0;0;0;0;0;0;0;0
FR;6;2021-11-27;0;0;0;0;0;0;0;0;0;0;0;0;0;0;0;0;0;0
FR;6;2021-11-28;0;0;0;0;0;0;0;0;0;0;0;0;0;0;0;0;0;0
FR;6;2021-11-29;0;0;0;0;0;0;0;0;0;0;0;0;0;0;0;0;0;0
FR;6;2021-11-30;0;0;0;0;0;0;0;0;0;0;0;0;0;0;0;0;0;0
FR;6;2021-12-01;0;0;0;0;0;0;0;0;0;0;0;0;0;0;0;0;0;0
FR;6;2021-12-02;0;0;0;0;0;0;0;0;0;0;0;0;0;0;0;0;0;0
FR;6;2021-12-03;0;0;0;0;0;0;0;0;0;0;0;0;0;0;0;0;0;0
FR;6;2021-12-04;0;0;0;0;0;0;0;0;0;0;0;0;0;0;0;0;0;0
FR;6;2021-12-05;0;0;0;0;0;0;0;0;0;0;0;0;0;0;0;0;0;0
FR;6;2021-12-06;0;0;0;0;0;0;0;0;0;0;0;0;0;0;0;0;0;0
FR;6;2021-12-07;0;0;0;0;0;0;0;0;0;0;0;0;0;0;0;0;0;0
FR;6;2021-12-08;0;0;0;0;0;0;0;0;0;0;0;0;0;0;0;0;0;0
FR;6;2021-12-09;0;0;0;0;0;0;0;0;0;0;0;0;0;0;0;0;0;0
FR;6;2021-12-10;0;0;0;0;0;0;0;0;0;0;0;0;0;0;0;0;0;0
FR;6;2021-12-11;0;0;0;0;0;0;0;0;0;0;0;0;0;0;0;0;0;0
FR;6;2021-12-12;0;0;0;0;0;0;0;0;0;0;0;0;0;0;0;0;0;0
FR;6;2021-12-13;0;0;0;0;0;0;0;0;0;0;0;0;0;0;0;0;0;0
FR;6;2021-12-14;0;0;0;0;0;0;0;0;0;0;0;0;0;0;0;0;0;0
FR;6;2021-12-15;0;0;0;0;0;0;0;0;0;0;0;0;0;0;0;0;0;0
FR;6;2021-12-16;0;0;0;0;0;0;0;0;0;0;0;0;0;0;0;0;0;0
FR;6;2021-12-17;0;0;0;0;0;0;0;0;0;0;0;0;0;0;0;0;0;0
FR;6;2021-12-18;0;0;0;0;0;0;0;0;0;0;0;0;0;0;0;0;0;0
FR;6;2021-12-19;0;0;0;0;0;0;0;0;0;0;0;0;0;0;0;0;0;0
FR;6;2021-12-20;0;0;0;0;0;0;0;0;0;0;0;0;0;0;0;0;0;0
FR;6;2021-12-21;0;0;0;0;0;0;0;0;0;0;0;0;0;0;0;0;0;0
FR;6;2021-12-22;0;0;0;0;0;0;0;0;0;0;0;0;0;0;0;0;0;0
FR;6;2021-12-23;0;0;0;0;0;0;0;0;0;0;0;0;0;0;0;0;0;0
FR;6;2021-12-24;0;0;0;0;0;0;0;0;0;0;0;0;0;0;0;0;0;0
FR;6;2021-12-25;0;0;0;0;0;0;0;0;0;0;0;0;0;0;0;0;0;0
FR;6;2021-12-26;0;0;0;0;0;0;0;0;0;0;0;0;0;0;0;0;0;0
FR;6;2021-12-27;0;0;0;0;0;0;0;0;0;0;0;0;0;0;0;0;0;0
FR;6;2021-12-28;0;0;0;0;0;0;0;0;0;0;0;0;0;0;0;0;0;0
FR;6;2021-12-29;0;0;0;0;0;0;0;0;0;0;0;0;0;0;0;0;0;0
FR;6;2021-12-30;0;0;0;0;0;0;0;0;0;0;0;0;0;0;0;0;0;0
FR;6;2021-12-31;0;0;0;0;0;0;0;0;0;0;0;0;0;0;0;0;0;0
FR;6;2022-01-01;0;0;0;0;0;0;0;0;0;0;0;0;0;0;0;0;0;0
FR;6;2022-01-02;0;0;0;0;0;0;0;0;0;0;0;0;0;0;0;0;0;0
FR;6;2022-01-03;0;0;0;0;0;0;0;0;0;0;0;0;0;0;0;0;0;0
FR;6;2022-01-04;0;0;0;0;0;0;0;0;0;0;0;0;0;0;0;0;0;0
FR;6;2022-01-05;0;0;0;0;0;0;0;0;0;0;0;0;0;0;0;0;0;0
FR;6;2022-01-06;0;0;0;0;0;0;0;0;0;0;0;0;0;0;0;0;0;0
FR;6;2022-01-07;0;0;0;0;0;0;0;0;0;0;0;0;0;0;0;0;0;0
FR;6;2022-01-08;0;0;0;0;0;0;0;0;0;0;0;0;0;0;0;0;0;0
FR;6;2022-01-09;0;0;0;0;0;0;0;0;0;0;0;0;0;0;0;0;0;0
FR;6;2022-01-10;0;0;0;0;0;0;0;0;0;0;0;0;0;0;0;0;0;0
FR;6;2022-01-11;0;0;0;0;0;0;0;0;0;0;0;0;0;0;0;0;0;0
FR;6;2022-01-12;0;0;0;0;0;0;0;0;0;0;0;0;0;0;0;0;0;0
FR;6;2022-01-13;0;0;0;0;0;0;0;0;0;0;0;0;0;0;0;0;0;0
FR;6;2022-01-14;0;0;0;0;0;0;0;0;0;0;0;0;0;0;0;0;0;0
FR;6;2022-01-15;0;0;0;0;0;0;0;0;0;0;0;0;0;0;0;0;0;0
FR;6;2022-01-16;0;0;0;0;0;0;0;0;0;0;0;0;0;0;0;0;0;0
FR;6;2022-01-17;0;0;0;0;0;0;0;0;0;0;0;0;0;0;0;0;0;0
FR;6;2022-01-18;0;0;0;0;0;0;0;0;0;0;0;0;0;0;0;0;0;0
FR;6;2022-01-19;0;0;0;0;0;0;0;0;0;0;0;0;0;0;0;0;0;0
FR;6;2022-01-20;0;0;0;0;0;0;0;0;0;0;0;0;0;0;0;0;0;0
FR;6;2022-01-21;0;0;0;0;0;0;0;0;0;0;0;0;0;0;0;0;0;0
FR;6;2022-01-22;0;0;0;0;0;0;0;0;0;0;0;0;0;0;0;0;0;0
FR;6;2022-01-23;0;0;0;0;0;0;0;0;0;0;0;0;0;0;0;0;0;0
FR;6;2022-01-24;0;0;0;0;0;0;0;0;0;0;0;0;0;0;0;0;0;0
FR;6;2022-01-25;0;0;0;0;0;0;0;0;0;0;0;0;0;0;0;0;0;0
FR;6;2022-01-26;0;0;0;0;0;0;0;0;0;0;0;0;0;0;0;0;0;0
FR;6;2022-01-27;0;0;0;0;0;0;0;0;0;0;0;0;0;0;0;0;0;0
FR;6;2022-01-28;0;0;0;0;0;0;0;0;0;0;0;0;0;0;0;0;0;0
FR;6;2022-01-29;0;0;0;0;0;0;0;0;0;0;0;0;0;0;0;0;0;0
FR;6;2022-01-30;0;0;0;0;0;0;0;0;0;0;0;0;0;0;0;0;0;0
FR;6;2022-01-31;0;0;0;0;0;0;0;0;0;0;0;0;0;0;0;0;0;0
FR;6;2022-02-01;0;0;0;0;0;0;0;0;0;0;0;0;0;0;0;0;0;0
FR;6;2022-02-02;0;0;0;0;0;0;0;0;0;0;0;0;0;0;0;0;0;0
FR;6;2022-02-03;0;0;0;0;0;0;0;0;0;0;0;0;0;0;0;0;0;0
FR;6;2022-02-04;0;0;0;0;0;0;0;0;0;0;0;0;0;0;0;0;0;0
FR;6;2022-02-05;0;0;0;0;0;0;0;0;0;0;0;0;0;0;0;0;0;0
FR;6;2022-02-06;0;0;0;0;0;0;0;0;0;0;0;0;0;0;0;0;0;0
FR;6;2022-02-07;0;0;0;0;0;0;0;0;0;0;0;0;0;0;0;0;0;0
FR;6;2022-02-08;0;0;0;0;0;0;0;0;0;0;0;0;0;0;0;0;0;0
FR;6;2022-02-09;0;0;0;0;0;0;0;0;0;0;0;0;0;0;0;0;0;0
FR;6;2022-02-10;0;0;0;0;0;0;0;0;0;0;0;0;0;0;0;0;0;0
FR;6;2022-02-11;0;0;0;0;0;0;0;0;0;0;0;0;0;0;0;0;0;0
FR;6;2022-02-12;0;0;0;0;0;0;0;0;0;0;0;0;0;0;0;0;0;0
FR;6;2022-02-13;0;0;0;0;0;0;0;0;0;0;0;0;0;0;0;0;0;0
FR;6;2022-02-14;0;0;0;0;0;0;0;0;0;0;0;0;0;0;0;0;0;0
FR;6;2022-02-15;0;0;0;0;0;0;0;0;0;0;0;0;0;0;0;0;0;0
FR;6;2022-02-16;0;0;0;0;0;0;0;0;0;0;0;0;0;0;0;0;0;0
FR;6;2022-02-17;0;0;0;0;0;0;0;0;0;0;0;0;0;0;0;0;0;0
FR;6;2022-02-18;0;0;0;0;0;0;0;0;0;0;0;0;0;0;0;0;0;0
FR;6;2022-02-19;0;0;0;0;0;0;0;0;0;0;0;0;0;0;0;0;0;0
FR;6;2022-02-20;0;0;0;0;0;0;0;0;0;0;0;0;0;0;0;0;0;0
FR;6;2022-02-21;0;0;0;0;0;0;0;0;0;0;0;0;0;0;0;0;0;0
FR;6;2022-02-22;0;0;0;0;0;0;0;0;0;0;0;0;0;0;0;0;0;0
FR;6;2022-02-23;0;0;0;0;0;0;0;0;0;0;0;0;0;0;0;0;0;0
FR;6;2022-02-24;0;0;0;0;0;0;0;0;0;0;0;0;0;0;0;0;0;0
FR;6;2022-02-25;0;0;0;0;0;0;0;0;0;0;0;0;0;0;0;0;0;0
FR;6;2022-02-26;1;0;0;0;0;0;0;0;0;1;0;0;0;0;0;0;0;0
FR;6;2022-02-27;0;0;0;0;0;0;0;0;0;1;0;0;0;0;0;0;0;0
FR;6;2022-02-28;0;0;0;0;0;0;0;0;0;1;0;0;0;0;0;0;0;0
FR;6;2022-03-01;3;0;0;0;0;0;0;0;0;4;0;0;0;0;0;0;0;0
FR;6;2022-03-02;97;9;2;0;15;7;0;0;0;101;9;2;0;15;7;0;0;0
FR;6;2022-03-03;0;0;0;0;0;0;0;0;0;101;9;2;0;15;7;0;0;0
FR;6;2022-03-04;92;4;0;0;8;4;0;0;0;193;13;2;0;23;11;0;0;0
FR;6;2022-03-05;391;23;2;0;60;14;0;0;0;584;36;4;0;83;25;0;0;0
FR;6;2022-03-06;7;1;0;0;2;0;0;0;0;591;37;4;0;85;25;0;0;0
FR;6;2022-03-07;337;19;0;0;51;13;0;0;0;928;56;4;0;136;38;0;0;0
FR;6;2022-03-08;230;14;0;0;47;5;0;0;0;1158;70;4;0;183;43;0;0;0
FR;6;2022-03-09;519;29;2;0;84;21;1;0;0;1677;99;6;0;267;64;1;0;0
FR;6;2022-03-10;206;19;0;1;54;12;1;0;0;1883;118;6;1;321;76;2;0;0
FR;6;2022-03-11;331;22;6;0;53;21;0;0;0;2214;140;12;1;374;97;2;0;0
FR;6;2022-03-12;518;25;1;0;83;20;0;0;0;2732;165;13;1;457;117;2;0;0
FR;6;2022-03-13;40;2;0;0;2;1;0;0;0;2772;167;13;1;459;118;2;0;0
FR;6;2022-03-14;201;4;2;0;39;3;1;0;0;2973;171;15;1;498;121;3;0;0
FR;6;2022-03-15;112;11;2;0;29;9;0;0;0;3085;182;17;1;527;130;3;0;0
FR;6;2022-03-16;310;17;2;1;49;15;1;0;0;3395;199;19;2;576;145;4;0;0
FR;6;2022-03-17;117;6;1;2;14;4;2;0;0;3512;205;20;4;590;149;6;0;0
FR;6;2022-03-18;215;10;0;0;40;6;0;0;0;3727;215;20;4;630;155;6;0;0
FR;6;2022-03-19;307;19;2;0;89;9;0;0;0;4034;234;22;4;719;164;6;0;0
FR;6;2022-03-20;15;5;0;0;5;1;0;0;0;4049;239;22;4;724;165;6;0;0
FR;6;2022-03-21;132;23;1;0;47;4;0;0;0;4181;262;23;4;771;169;6;0;0
FR;6;2022-03-22;97;15;0;0;34;4;0;0;0;4278;277;23;4;805;173;6;0;0
FR;6;2022-03-23;226;108;3;0;154;14;1;0;0;4504;385;26;4;959;187;7;0;0
FR;6;2022-03-24;100;15;1;3;32;4;3;0;0;4604;400;27;7;991;191;10;0;0
FR;6;2022-03-25;203;141;2;1;179;15;2;0;0;4807;541;29;8;1170;206;12;0;0
FR;6;2022-03-26;331;295;7;1;384;19;1;0;0;5138;836;36;9;1554;225;13;0;0
FR;6;2022-03-27;32;30;1;0;37;1;1;0;0;5170;866;37;9;1591;226;14;0;0
FR;6;2022-03-28;201;208;8;1;234;17;3;0;0;5371;1074;45;10;1825;243;17;0;0
FR;6;2022-03-29;124;189;12;2;206;12;9;0;0;5495;1263;57;12;2031;255;26;0;0
FR;6;2022-03-30;305;476;10;2;548;22;6;0;0;5800;1739;67;14;2579;277;32;0;0
FR;6;2022-03-31;123;140;10;0;160;14;5;0;0;5923;1879;77;14;2739;291;37;0;0
FR;6;2022-04-01;195;150;11;2;178;23;3;0;0;6118;2029;88;16;2917;314;40;0;0
FR;6;2022-04-02;206;241;9;1;280;13;8;0;0;6324;2270;97;17;3197;327;48;0;0
FR;6;2022-04-03;17;21;0;0;26;1;0;0;0;6341;2291;97;17;3223;328;48;0;0
FR;6;2022-04-04;137;114;6;1;131;9;5;0;0;6478;2405;103;18;3354;337;53;0;0
FR;6;2022-04-05;146;88;15;1;105;11;8;0;0;6624;2493;118;19;3459;348;61;0;0
FR;6;2022-04-06;204;245;22;26;291;27;33;0;0;6828;2738;140;45;3750;375;94;0;0
FR;6;2022-04-07;127;96;15;9;115;17;14;0;0;6955;2834;155;54;3865;392;108;0;0
FR;6;2022-04-08;199;171;16;3;214;17;9;0;1;7154;3005;171;57;4079;409;117;0;1
FR;6;2022-04-09;145;139;6;12;171;13;4;0;0;7299;3144;177;69;4250;422;121;0;1
FR;6;2022-04-10;10;20;3;0;25;1;3;0;0;7309;3164;180;69;4275;423;124;0;1
FR;6;2022-04-11;101;106;4;0;128;5;3;0;0;7410;3270;184;69;4403;428;127;0;1
FR;6;2022-04-12;136;75;5;8;114;10;10;0;0;7546;3345;189;77;4517;438;137;0;1
FR;6;2022-04-13;162;175;7;5;208;13;8;0;0;7708;3520;196;82;4725;451;145;0;1
FR;6;2022-04-14;100;103;5;10;121;8;10;0;0;7808;3623;201;92;4846;459;155;0;1
FR;6;2022-04-15;158;149;11;7;167;19;14;0;1;7966;3772;212;99;5013;478;169;0;2
FR;6;2022-04-16;127;132;5;0;162;14;2;0;0;8093;3904;217;99;5175;492;171;0;2
FR;6;2022-04-17;8;9;4;0;10;4;0;0;0;8101;3913;221;99;5185;496;171;0;2
FR;6;2022-04-18;8;15;3;0;15;4;0;0;0;8109;3928;224;99;5200;500;171;0;2
FR;6;2022-04-19;97;112;4;3;130;3;7;0;0;8206;4040;228;102;5330;503;178;0;2
FR;6;2022-04-20;178;227;8;7;269;15;3;0;0;8384;4267;236;109;5599;518;181;0;2
FR;6;2022-04-21;111;93;8;4;110;11;7;0;0;8495;4360;244;113;5709;529;188;0;2
FR;6;2022-04-22;138;160;13;12;190;13;13;0;0;8633;4520;257;125;5899;542;201;0;2
FR;6;2022-04-23;106;129;1;1;161;7;1;0;0;8739;4649;258;126;6060;549;202;0;2
FR;6;2022-04-24;5;21;1;0;22;0;1;0;0;8744;4670;259;126;6082;549;203;0;2
FR;6;2022-04-25;90;128;3;8;150;11;9;0;0;8834;4798;262;134;6232;560;212;0;2
FR;6;2022-04-26;101;128;19;2;151;17;13;0;0;8935;4926;281;136;6383;577;225;0;2
FR;6;2022-04-27;197;159;21;1;222;27;11;0;1;9132;5085;302;137;6605;604;236;0;3
FR;6;2022-04-28;109;87;7;1;123;8;7;0;0;9241;5172;309;138;6728;612;243;0;3
FR;6;2022-04-29;191;169;16;2;215;20;6;0;0;9432;5341;325;140;6943;632;249;0;3
FR;6;2022-04-30;133;125;7;1;168;24;2;0;0;9565;5466;332;141;7111;656;251;0;3
FR;6;2022-05-01;7;6;0;0;8;0;0;0;0;9572;5472;332;141;7119;656;251;0;3
FR;6;2022-05-02;94;65;3;4;88;3;4;0;0;9666;5537;335;145;7207;659;255;0;3
FR;6;2022-05-03;136;93;11;2;125;7;9;0;0;9802;5630;346;147;7332;666;264;0;3
FR;6;2022-05-04;167;118;25;12;161;29;12;0;1;9969;5748;371;159;7493;695;276;0;4
FR;6;2022-05-05;101;70;8;3;96;12;6;0;0;10070;5818;379;162;7589;707;282;0;4
FR;6;2022-05-06;152;110;10;9;155;16;11;0;0;10222;5928;389;171;7744;723;293;0;4
FR;6;2022-05-07;139;93;13;3;136;23;8;0;0;10361;6021;402;174;7880;746;301;0;4
FR;6;2022-05-08;20;8;6;5;16;7;5;0;0;10381;6029;408;179;7896;753;306;0;4
FR;6;2022-05-09;86;78;9;7;95;13;6;0;0;10467;6107;417;186;7991;766;312;0;4
FR;6;2022-05-10;112;80;15;7;110;12;13;0;0;10579;6187;432;193;8101;778;325;0;4
FR;6;2022-05-11;130;124;11;14;163;20;6;0;0;10709;6311;443;207;8264;798;331;0;4
FR;6;2022-05-12;105;76;7;5;96;15;6;0;1;10814;6387;450;212;8360;813;337;0;5
FR;6;2022-05-13;155;97;17;21;137;22;16;0;0;10969;6484;467;233;8497;835;353;0;5
FR;6;2022-05-14;81;60;6;7;84;15;2;0;0;11050;6544;473;240;8581;850;355;0;5
FR;6;2022-05-15;12;7;0;0;14;0;0;0;0;11062;6551;473;240;8595;850;355;0;5
FR;6;2022-05-16;65;54;6;2;69;12;3;0;0;11127;6605;479;242;8664;862;358;0;5
FR;6;2022-05-17;123;77;5;7;92;11;8;0;0;11250;6682;484;249;8756;873;366;0;5
FR;6;2022-05-18;131;116;5;1;159;13;3;0;0;11381;6798;489;250;8915;886;369;0;5
FR;6;2022-05-19;124;57;6;8;96;9;8;0;0;11505;6855;495;258;9011;895;377;0;5
FR;6;2022-05-20;125;115;13;3;151;18;10;0;0;11630;6970;508;261;9162;913;387;0;5
FR;6;2022-05-21;92;69;14;3;93;12;8;0;0;11722;7039;522;264;9255;925;395;0;5
FR;6;2022-05-22;19;12;5;0;21;4;1;0;0;11741;7051;527;264;9276;929;396;0;5
FR;6;2022-05-23;77;72;4;2;90;7;2;0;0;11818;7123;531;266;9366;936;398;0;5
FR;6;2022-05-24;117;98;8;2;132;16;4;0;0;11935;7221;539;268;9498;952;402;0;5
FR;6;2022-05-25;139;129;6;3;170;11;6;0;0;12074;7350;545;271;9668;963;408;0;5
FR;6;2022-05-26;7;9;3;0;5;9;0;0;0;12081;7359;548;271;9673;972;408;0;5
FR;6;2022-05-27;127;105;15;11;137;18;18;0;1;12208;7464;563;282;9810;990;426;0;6
FR;6;2022-05-28;54;75;1;5;89;8;5;0;0;12262;7539;564;287;9899;998;431;0;6
FR;6;2022-05-29;8;10;0;0;10;1;0;0;0;12270;7549;564;287;9909;999;431;0;6
FR;6;2022-05-30;70;70;7;4;86;4;9;0;0;12340;7619;571;291;9995;1003;440;0;6
FR;6;2022-05-31;87;102;10;2;121;14;7;0;0;12427;7721;581;293;10116;1017;447;0;6
FR;6;2022-06-01;97;89;10;1;111;11;6;0;0;12524;7810;591;294;10227;1028;453;0;6
FR;6;2022-06-02;91;60;6;3;80;9;6;0;0;12615;7870;597;297;10307;1037;459;0;6
FR;6;2022-06-03;126;102;13;7;129;21;8;0;0;12741;7972;610;304;10436;1058;467;0;6
FR;6;2022-06-04;63;51;10;0;64;12;3;0;0;12804;8023;620;304;10500;1070;470;0;6
FR;6;2022-06-05;16;15;2;1;18;4;1;0;0;12820;8038;622;305;10518;1074;471;0;6
FR;6;2022-06-06;9;6;0;0;8;0;0;0;0;12829;8044;622;305;10526;1074;471;0;6
FR;6;2022-06-07;79;90;3;4;117;8;6;0;0;12908;8134;625;309;10643;1082;477;0;6
FR;6;2022-06-08;92;110;13;5;130;20;6;0;0;13000;8244;638;314;10773;1102;483;0;6
FR;6;2022-06-09;75;81;15;3;106;15;8;0;0;13075;8325;653;317;10879;1117;491;0;6
FR;6;2022-06-10;116;93;26;10;121;22;13;0;0;13191;8418;679;327;11000;1139;504;0;6
FR;6;2022-06-11;83;62;6;10;82;12;11;0;0;13274;8480;685;337;11082;1151;515;0;6
FR;6;2022-06-12;6;14;1;0;16;2;0;0;0;13280;8494;686;337;11098;1153;515;0;6
FR;6;2022-06-13;74;59;18;1;68;7;4;0;0;13354;8553;704;338;11166;1160;519;0;6
FR;6;2022-06-14;98;100;8;5;116;16;8;0;0;13452;8653;712;343;11282;1176;527;0;6
FR;6;2022-06-15;80;86;7;8;114;15;10;0;0;13532;8739;719;351;11396;1191;537;0;6
FR;6;2022-06-16;53;40;11;7;45;14;6;0;0;13585;8779;730;358;11441;1205;543;0;6
FR;6;2022-06-17;86;85;3;13;109;11;5;0;0;13671;8864;733;371;11550;1216;548;0;6
FR;6;2022-06-18;71;62;13;0;87;21;1;0;0;13742;8926;746;371;11637;1237;549;0;6
FR;6;2022-06-19;6;6;3;0;7;4;1;0;0;13748;8932;749;371;11644;1241;550;0;6
FR;6;2022-06-20;42;41;4;1;55;6;1;0;0;13790;8973;753;372;11699;1247;551;0;6
FR;6;2022-06-21;59;73;10;7;82;17;7;0;0;13849;9046;763;379;11781;1264;558;0;6
FR;6;2022-06-22;86;85;8;2;98;17;3;0;0;13935;9131;771;381;11879;1281;561;0;6
FR;6;2022-06-23;64;39;13;7;41;15;10;0;0;13999;9170;784;388;11920;1296;571;0;6
FR;6;2022-06-24;77;85;7;14;95;20;16;0;0;14076;9255;791;402;12015;1316;587;0;6
FR;6;2022-06-25;67;61;4;3;77;8;5;0;0;14143;9316;795;405;12092;1324;592;0;6
FR;6;2022-06-26;6;7;1;0;10;1;0;0;0;14149;9323;796;405;12102;1325;592;0;6
FR;6;2022-06-27;51;50;4;9;62;12;7;0;0;14200;9373;800;414;12164;1337;599;0;6
FR;6;2022-06-28;68;47;6;3;53;15;5;0;0;14268;9420;806;417;12217;1352;604;0;6
FR;6;2022-06-29;98;117;26;37;115;19;35;0;5;14366;9537;832;454;12332;1371;639;0;11
FR;6;2022-06-30;84;60;33;10;61;12;7;0;0;14450;9597;865;464;12393;1383;646;0;11
FR;6;2022-07-01;115;94;25;33;102;18;27;0;1;14565;9691;890;497;12495;1401;673;0;12
FR;6;2022-07-02;58;67;26;2;64;37;6;0;0;14623;9758;916;499;12559;1438;679;0;12
FR;6;2022-07-03;11;4;4;3;5;4;3;0;0;14634;9762;920;502;12564;1442;682;0;12
FR;6;2022-07-04;61;43;3;23;55;13;20;0;0;14695;9805;923;525;12619;1455;702;0;12
FR;6;2022-07-05;65;53;19;67;60;27;63;0;0;14760;9858;942;592;12679;1482;765;0;12
FR;6;2022-07-06;94;64;7;11;77;12;17;0;0;14854;9922;949;603;12756;1494;782;0;12
FR;6;2022-07-07;99;79;42;37;99;14;34;0;4;14953;10001;991;640;12855;1508;816;0;16
FR;6;2022-07-08;139;87;42;27;116;10;25;0;3;15092;10088;1033;667;12971;1518;841;0;19
FR;6;2022-07-09;53;51;16;29;51;27;33;0;1;15145;10139;1049;696;13022;1545;874;0;20
FR;6;2022-07-10;3;7;8;0;9;9;0;0;0;15148;10146;1057;696;13031;1554;874;0;20
FR;6;2022-07-11;54;44;5;4;47;12;4;0;0;15202;10190;1062;700;13078;1566;878;0;20
FR;6;2022-07-12;70;72;12;23;87;12;27;0;0;15272;10262;1074;723;13165;1578;905;0;20
FR;6;2022-07-13;84;65;14;21;71;25;22;0;0;15356;10327;1088;744;13236;1603;927;0;20
FR;6;2022-07-14;4;3;1;0;4;1;0;0;0;15360;10330;1089;744;13240;1604;927;0;20
FR;6;2022-07-15;74;59;9;57;85;16;45;0;0;15434;10389;1098;801;13325;1620;972;0;20
FR;6;2022-07-16;27;31;17;0;37;17;3;0;0;15461;10420;1115;801;13362;1637;975;0;20
FR;6;2022-07-17;3;7;0;0;8;0;0;0;0;15464;10427;1115;801;13370;1637;975;0;20
FR;6;2022-07-18;37;62;11;14;60;15;14;0;6;15501;10489;1126;815;13430;1652;989;0;26
FR;6;2022-07-19;54;48;4;19;60;6;21;0;1;15555;10537;1130;834;13490;1658;1010;0;27
FR;6;2022-07-20;53;70;7;22;75;11;27;0;0;15608;10607;1137;856;13565;1669;1037;0;27
FR;6;2022-07-21;51;61;4;7;56;11;9;0;0;15659;10668;1141;863;13621;1680;1046;0;27
FR;6;2022-07-22;55;74;7;26;82;8;16;0;2;15714;10742;1148;889;13703;1688;1062;0;29
FR;6;2022-07-23;38;40;6;10;40;6;9;0;1;15752;10782;1154;899;13743;1694;1071;0;30
FR;6;2022-07-24;11;14;1;3;19;3;3;0;0;15763;10796;1155;902;13762;1697;1074;0;30
FR;6;2022-07-25;60;44;8;12;41;9;13;0;1;15823;10840;1163;914;13803;1706;1087;0;31
FR;6;2022-07-26;47;64;14;6;62;10;13;0;0;15870;10904;1177;920;13865;1716;1100;0;31
FR;6;2022-07-27;54;78;15;11;81;17;15;0;8;15924;10982;1192;931;13946;1733;1115;0;39
FR;6;2022-07-28;30;48;4;6;50;8;7;0;1;15954;11030;1196;937;13996;1741;1122;0;40
FR;6;2022-07-29;43;71;10;38;60;24;36;0;1;15997;11101;1206;975;14056;1765;1158;0;41
FR;6;2022-07-30;26;48;4;15;49;7;15;0;0;16023;11149;1210;990;14105;1772;1173;0;41
FR;6;2022-07-31;0;1;1;0;1;0;1;0;0;16023;11150;1211;990;14106;1772;1174;0;41
FR;6;2022-08-01;39;36;14;8;32;10;6;0;1;16062;11186;1225;998;14138;1782;1180;0;42
FR;6;2022-08-02;37;46;10;14;52;6;16;0;0;16099;11232;1235;1012;14190;1788;1196;0;42
FR;6;2022-08-03;29;52;7;16;53;11;19;0;0;16128;11284;1242;1028;14243;1799;1215;0;42
FR;6;2022-08-04;25;21;4;9;20;6;10;0;1;16153;11305;1246;1037;14263;1805;1225;0;43
FR;6;2022-08-05;43;45;1;7;53;5;7;0;0;16196;11350;1247;1044;14316;1810;1232;0;43
FR;6;2022-08-06;17;27;1;3;33;2;4;0;0;16213;11377;1248;1047;14349;1812;1236;0;43
FR;6;2022-08-07;1;2;0;0;2;0;0;0;0;16214;11379;1248;1047;14351;1812;1236;0;43
FR;6;2022-08-08;24;33;1;0;40;1;0;0;0;16238;11412;1249;1047;14391;1813;1236;0;43
FR;6;2022-08-09;22;30;6;3;29;3;3;0;0;16260;11442;1255;1050;14420;1816;1239;0;43
FR;6;2022-08-10;32;36;5;9;38;5;9;0;5;16292;11478;1260;1059;14458;1821;1248;0;48
FR;6;2022-08-11;33;33;1;1;40;1;0;0;1;16325;11511;1261;1060;14498;1822;1248;0;49
FR;6;2022-08-12;50;44;6;2;50;15;3;0;1;16375;11555;1267;1062;14548;1837;1251;0;50
FR;6;2022-08-13;9;20;0;0;22;1;0;0;0;16384;11575;1267;1062;14570;1838;1251;0;50
FR;6;2022-08-14;3;1;0;0;2;0;0;0;0;16387;11576;1267;1062;14572;1838;1251;0;50
FR;6;2022-08-15;2;3;1;0;4;0;1;0;0;16389;11579;1268;1062;14576;1838;1252;0;50
FR;6;2022-08-16;35;66;21;7;66;7;2;0;0;16424;11645;1289;1069;14642;1845;1254;0;50
FR;6;2022-08-17;32;44;10;9;41;10;6;0;7;16456;11689;1299;1078;14683;1855;1260;0;57
FR;6;2022-08-18;29;55;14;4;61;4;0;0;1;16485;11744;1313;1082;14744;1859;1260;0;58
FR;6;2022-08-19;30;45;5;4;47;3;2;0;1;16515;11789;1318;1086;14791;1862;1262;0;59
FR;6;2022-08-20;26;29;3;0;29;8;1;0;0;16541;11818;1321;1086;14820;1870;1263;0;59
FR;6;2022-08-21;1;5;2;0;5;0;0;0;0;16542;11823;1323;1086;14825;1870;1263;0;59
FR;6;2022-08-22;20;42;15;1;45;0;0;0;0;16562;11865;1338;1087;14870;1870;1263;0;59
FR;6;2022-08-23;34;45;6;7;47;6;4;0;2;16596;11910;1344;1094;14917;1876;1267;0;61
FR;6;2022-08-24;34;30;6;3;36;6;2;0;3;16630;11940;1350;1097;14953;1882;1269;0;64
FR;6;2022-08-25;25;27;1;1;29;5;1;0;0;16655;11967;1351;1098;14982;1887;1270;0;64
FR;6;2022-08-26;38;44;4;4;51;7;7;0;0;16693;12011;1355;1102;15033;1894;1277;0;64
FR;6;2022-08-27;19;21;7;3;22;8;4;0;0;16712;12032;1362;1105;15055;1902;1281;0;64
FR;6;2022-08-28;6;3;0;6;3;1;1;0;4;16718;12035;1362;1111;15058;1903;1282;0;68
FR;6;2022-08-29;26;22;2;6;29;3;6;0;0;16744;12057;1364;1117;15087;1906;1288;0;68
FR;6;2022-08-30;28;35;4;12;33;8;13;0;0;16772;12092;1368;1129;15120;1914;1301;0;68
FR;6;2022-08-31;35;38;2;11;46;3;12;0;0;16807;12130;1370;1140;15166;1917;1313;0;68
FR;6;2022-09-01;17;11;5;1;13;4;3;0;0;16824;12141;1375;1141;15179;1921;1316;0;68
FR;6;2022-09-02;19;14;2;1;13;3;2;0;0;16843;12155;1377;1142;15192;1924;1318;0;68
FR;6;2022-09-03;10;3;1;5;4;2;5;0;0;16853;12158;1378;1147;15196;1926;1323;0;68
FR;6;2022-09-04;4;1;0;0;1;0;0;0;0;16857;12159;1378;1147;15197;1926;1323;0;68
FR;6;2022-09-05;8;7;0;0;10;0;0;0;0;16865;12166;1378;1147;15207;1926;1323;0;68
FR;6;2022-09-06;7;9;7;12;8;6;15;0;0;16872;12175;1385;1159;15215;1932;1338;0;68
FR;6;2022-09-07;3;8;1;0;8;1;0;0;0;16875;12183;1386;1159;15223;1933;1338;0;68
FR;6;2022-09-08;6;4;0;2;3;1;2;0;0;16881;12187;1386;1161;15226;1934;1340;0;68
FR;6;2022-09-09;7;9;2;7;9;3;8;0;0;16888;12196;1388;1168;15235;1937;1348;0;68
FR;6;2022-09-10;3;4;1;0;3;1;1;0;0;16891;12200;1389;1168;15238;1938;1349;0;68
FR;6;2022-09-11;1;3;0;0;3;0;0;0;0;16892;12203;1389;1168;15241;1938;1349;0;68
FR;6;2022-09-12;10;4;1;0;3;3;0;0;0;16902;12207;1390;1168;15244;1941;1349;0;68
FR;6;2022-09-13;7;2;3;0;2;2;2;0;0;16909;12209;1393;1168;15246;1943;1351;0;68
FR;6;2022-09-14;9;8;2;0;7;4;0;0;0;16918;12217;1395;1168;15253;1947;1351;0;68
FR;6;2022-09-15;8;13;5;5;9;9;3;0;2;16926;12230;1400;1173;15262;1956;1354;0;70
FR;6;2022-09-16;25;39;1;1;47;4;1;0;2;16951;12269;1401;1174;15309;1960;1355;0;72
FR;6;2022-09-17;24;22;0;6;24;5;3;0;2;16975;12291;1401;1180;15333;1965;1358;0;74
FR;6;2022-09-18;5;4;0;0;4;1;0;0;0;16980;12295;1401;1180;15337;1966;1358;0;74
FR;6;2022-09-19;30;30;2;1;31;5;1;0;0;17010;12325;1403;1181;15368;1971;1359;0;74
FR;6;2022-09-20;34;25;1;4;29;6;2;0;1;17044;12350;1404;1185;15397;1977;1361;0;75
FR;6;2022-09-21;21;9;3;3;7;7;5;0;3;17065;12359;1407;1188;15404;1984;1366;0;78
FR;6;2022-09-22;19;28;1;22;32;3;21;0;1;17084;12387;1408;1210;15436;1987;1387;0;79
FR;6;2022-09-23;28;41;5;9;47;9;2;0;0;17112;12428;1413;1219;15483;1996;1389;0;79
FR;6;2022-09-24;16;16;4;2;21;6;2;0;0;17128;12444;1417;1221;15504;2002;1391;0;79
FR;6;2022-09-25;3;14;0;0;14;1;0;0;0;17131;12458;1417;1221;15518;2003;1391;0;79
FR;6;2022-09-26;16;13;0;18;12;5;18;0;2;17147;12471;1417;1239;15530;2008;1409;0;81
FR;6;2022-09-27;32;19;2;3;23;4;4;0;0;17179;12490;1419;1242;15553;2012;1413;0;81
FR;6;2022-09-28;27;10;9;11;16;5;17;0;2;17206;12500;1428;1253;15569;2017;1430;0;83
FR;6;2022-09-29;13;13;10;34;16;6;33;0;7;17219;12513;1438;1287;15585;2023;1463;0;90
FR;6;2022-09-30;34;24;5;6;33;5;3;0;0;17253;12537;1443;1293;15618;2028;1466;0;90
FR;6;2022-10-01;17;12;5;8;9;8;8;0;2;17270;12549;1448;1301;15627;2036;1474;0;92
FR;6;2022-10-02;3;0;0;0;1;0;0;0;0;17273;12549;1448;1301;15628;2036;1474;0;92
FR;6;2022-10-03;11;10;3;5;11;4;6;0;0;17284;12559;1451;1306;15639;2040;1480;0;92
FR;6;2022-10-04;19;17;4;28;21;3;30;0;3;17303;12576;1455;1334;15660;2043;1510;0;95
FR;6;2022-10-05;11;12;3;2;9;7;4;0;0;17314;12588;1458;1336;15669;2050;1514;0;95
FR;6;2022-10-06;19;13;4;6;17;2;10;0;0;17333;12601;1462;1342;15686;2052;1524;0;95
FR;6;2022-10-07;27;26;5;24;25;10;16;0;5;17360;12627;1467;1366;15711;2062;1540;0;100
FR;6;2022-10-08;18;13;0;0;16;0;0;0;0;17378;12640;1467;1366;15727;2062;1540;0;100
FR;6;2022-10-09;7;3;4;27;3;4;30;0;6;17385;12643;1471;1393;15730;2066;1570;0;106
FR;6;2022-10-10;15;14;1;16;16;6;13;0;0;17400;12657;1472;1409;15746;2072;1583;0;106
FR;6;2022-10-11;21;23;3;11;21;8;13;0;3;17421;12680;1475;1420;15767;2080;1596;0;109
FR;6;2022-10-12;20;16;7;19;18;3;24;0;7;17441;12696;1482;1439;15785;2083;1620;0;116
FR;6;2022-10-13;28;15;2;36;23;0;38;0;6;17469;12711;1484;1475;15808;2083;1658;0;122
FR;6;2022-10-14;29;23;5;49;23;11;45;0;13;17498;12734;1489;1524;15831;2094;1703;0;135
FR;6;2022-10-15;13;9;0;22;8;4;21;0;6;17511;12743;1489;1546;15839;2098;1724;0;141
FR;6;2022-10-16;4;5;0;6;2;3;6;0;0;17515;12748;1489;1552;15841;2101;1730;0;141
FR;6;2022-10-17;14;14;2;10;14;1;12;0;2;17529;12762;1491;1562;15855;2102;1742;0;143
FR;6;2022-10-18;12;19;9;26;19;4;18;0;11;17541;12781;1500;1588;15874;2106;1760;0;154
FR;6;2022-10-19;10;20;6;16;20;5;19;0;5;17551;12801;1506;1604;15894;2111;1779;0;159
FR;6;2022-10-20;16;15;12;57;18;5;67;0;13;17567;12816;1518;1661;15912;2116;1846;0;172
FR;6;2022-10-21;16;21;9;34;22;11;37;0;10;17583;12837;1527;1695;15934;2127;1883;0;182
FR;6;2022-10-22;19;14;1;4;17;3;4;0;0;17602;12851;1528;1699;15951;2130;1887;0;182
FR;6;2022-10-23;3;2;1;0;3;0;1;0;0;17605;12853;1529;1699;15954;2130;1888;0;182
FR;6;2022-10-24;12;14;2;7;14;6;5;0;2;17617;12867;1531;1706;15968;2136;1893;0;184
FR;6;2022-10-25;20;13;6;17;16;7;19;0;4;17637;12880;1537;1723;15984;2143;1912;0;188
FR;6;2022-10-26;17;9;4;13;12;4;15;0;5;17654;12889;1541;1736;15996;2147;1927;0;193
FR;6;2022-10-27;20;7;8;37;10;6;36;0;14;17674;12896;1549;1773;16006;2153;1963;0;207
FR;6;2022-10-28;21;27;3;4;28;6;5;0;1;17695;12923;1552;1777;16034;2159;1968;0;208
FR;6;2022-10-29;7;11;5;11;10;6;14;0;12;17702;12934;1557;1788;16044;2165;1982;0;220
FR;6;2022-10-30;2;5;0;0;5;0;0;0;0;17704;12939;1557;1788;16049;2165;1982;0;220
FR;6;2022-10-31;20;14;2;13;17;4;12;0;3;17724;12953;1559;1801;16066;2169;1994;0;223
FR;6;2022-11-01;2;1;1;0;1;1;0;0;0;17726;12954;1560;1801;16067;2170;1994;0;223
FR;6;2022-11-02;15;25;9;21;26;11;19;0;12;17741;12979;1569;1822;16093;2181;2013;0;235
FR;6;2022-11-03;17;17;11;39;20;8;43;0;9;17758;12996;1580;1861;16113;2189;2056;0;244
FR;6;2022-11-04;19;22;9;16;27;5;16;0;10;17777;13018;1589;1877;16140;2194;2072;0;254
FR;6;2022-11-05;9;16;2;4;17;4;6;0;0;17786;13034;1591;1881;16157;2198;2078;0;254
FR;6;2022-11-06;5;1;0;0;1;0;0;0;0;17791;13035;1591;1881;16158;2198;2078;0;254
FR;6;2022-11-07;18;10;6;17;12;4;18;0;11;17809;13045;1597;1898;16170;2202;2096;0;265
FR;6;2022-11-08;18;10;2;3;8;5;5;0;4;17827;13055;1599;1901;16178;2207;2101;0;269
FR;6;2022-11-09;16;22;1;6;21;4;5;0;4;17843;13077;1600;1907;16199;2211;2106;0;273
FR;6;2022-11-10;10;10;4;12;8;5;11;0;10;17853;13087;1604;1919;16207;2216;2117;0;283
FR;6;2022-11-11;3;1;0;0;1;1;0;0;0;17856;13088;1604;1919;16208;2217;2117;0;283
FR;6;2022-11-12;4;11;1;7;11;2;5;0;9;17860;13099;1605;1926;16219;2219;2122;0;292
FR;6;2022-11-13;1;1;0;1;1;0;1;0;0;17861;13100;1605;1927;16220;2219;2123;0;292
FR;6;2022-11-14;13;10;7;32;14;8;33;0;14;17874;13110;1612;1959;16234;2227;2156;0;306
FR;6;2022-11-15;7;18;1;11;16;4;7;0;2;17881;13128;1613;1970;16250;2231;2163;0;308
FR;6;2022-11-16;16;15;9;32;17;3;42;0;9;17897;13143;1622;2002;16267;2234;2205;0;317
FR;6;2022-11-17;10;8;1;29;8;2;28;0;5;17907;13151;1623;2031;16275;2236;2233;0;322
FR;6;2022-11-18;20;12;5;23;16;4;25;0;7;17927;13163;1628;2054;16291;2240;2258;0;329
FR;6;2022-11-19;5;13;0;2;11;3;2;0;1;17932;13176;1628;2056;16302;2243;2260;0;330
FR;6;2022-11-20;2;1;2;0;1;2;0;0;0;17934;13177;1630;2056;16303;2245;2260;0;330
FR;6;2022-11-21;22;13;1;14;14;6;11;0;3;17956;13190;1631;2070;16317;2251;2271;0;333
FR;6;2022-11-22;14;9;0;4;11;1;3;0;1;17970;13199;1631;2074;16328;2252;2274;0;334
FR;6;2022-11-23;14;15;15;23;17;9;31;0;8;17984;13214;1646;2097;16345;2261;2305;0;342
FR;6;2022-11-24;14;17;1;11;19;5;10;0;7;17998;13231;1647;2108;16364;2266;2315;0;349
FR;6;2022-11-25;23;15;5;50;15;5;47;0;5;18021;13246;1652;2158;16379;2271;2362;0;354
FR;6;2022-11-26;9;5;2;4;3;2;5;0;1;18030;13251;1654;2162;16382;2273;2367;0;355
FR;6;2022-11-27;1;4;0;0;4;0;0;0;0;18031;13255;1654;2162;16386;2273;2367;0;355
FR;6;2022-11-28;9;11;6;22;11;3;24;0;11;18040;13266;1660;2184;16397;2276;2391;0;366
FR;6;2022-11-29;15;10;1;12;14;1;8;0;7;18055;13276;1661;2196;16411;2277;2399;0;373
FR;6;2022-11-30;18;20;8;23;19;12;22;0;8;18073;13296;1669;2219;16430;2289;2421;0;381
FR;6;2022-12-01;12;8;7;20;10;4;24;0;9;18085;13304;1676;2239;16440;2293;2445;0;390
FR;6;2022-12-02;16;9;12;36;12;8;42;0;1;18101;13313;1688;2275;16452;2301;2487;0;391
FR;6;2022-12-03;13;3;13;20;6;5;28;0;13;18114;13316;1701;2295;16458;2306;2515;0;404
FR;6;2022-12-04;3;1;0;2;1;0;2;0;0;18117;13317;1701;2297;16459;2306;2517;0;404
FR;6;2022-12-05;11;10;7;16;11;4;19;0;8;18128;13327;1708;2313;16470;2310;2536;0;412
FR;6;2022-12-06;10;19;3;30;12;11;28;0;3;18138;13346;1711;2343;16482;2321;2564;0;415
FR;6;2022-12-07;17;8;10;56;10;8;57;0;30;18155;13354;1721;2399;16492;2329;2621;0;445
FR;6;2022-12-08;9;13;8;18;11;7;21;0;12;18164;13367;1729;2417;16503;2336;2642;0;457
FR;6;2022-12-09;15;9;5;29;12;4;30;0;6;18179;13376;1734;2446;16515;2340;2672;0;463
FR;6;2022-12-10;12;9;6;9;7;4;14;0;7;18191;13385;1740;2455;16522;2344;2686;0;470
FR;6;2022-12-11;4;2;1;0;2;1;0;0;0;18195;13387;1741;2455;16524;2345;2686;0;470
FR;6;2022-12-12;16;10;8;36;14;9;33;0;17;18211;13397;1749;2491;16538;2354;2719;0;487
FR;6;2022-12-13;17;21;11;66;16;17;65;0;14;18228;13418;1760;2557;16554;2371;2784;0;501
FR;6;2022-12-14;14;13;8;53;10;12;53;0;14;18242;13431;1768;2610;16564;2383;2837;0;515
FR;6;2022-12-15;12;15;14;38;13;9;44;0;9;18254;13446;1782;2648;16577;2392;2881;0;524
FR;6;2022-12-16;18;14;15;39;15;14;39;0;13;18272;13460;1797;2687;16592;2406;2920;0;537
FR;6;2022-12-17;11;10;15;28;8;15;29;0;8;18283;13470;1812;2715;16600;2421;2949;0;545
FR;6;2022-12-18;7;4;0;2;5;0;2;0;0;18290;13474;1812;2717;16605;2421;2951;0;545
FR;6;2022-12-19;12;8;8;29;8;11;29;0;15;18302;13482;1820;2746;16613;2432;2980;0;560
FR;6;2022-12-20;17;23;11;23;17;19;22;0;21;18319;13505;1831;2769;16630;2451;3002;0;581
FR;6;2022-12-21;22;16;9;19;13;13;17;0;5;18341;13521;1840;2788;16643;2464;3019;0;586
FR;6;2022-12-22;13;14;9;21;15;13;18;0;11;18354;13535;1849;2809;16658;2477;3037;0;597
FR;6;2022-12-23;10;19;11;7;14;17;7;0;3;18364;13554;1860;2816;16672;2494;3044;0;600
FR;6;2022-12-24;2;5;2;0;5;1;2;0;0;18366;13559;1862;2816;16677;2495;3046;0;600
FR;6;2022-12-25;0;0;0;0;0;0;0;0;0;18366;13559;1862;2816;16677;2495;3046;0;600
FR;6;2022-12-26;8;12;12;11;10;18;11;0;3;18374;13571;1874;2827;16687;2513;3057;0;603
FR;6;2022-12-27;17;13;15;8;12;19;8;0;0;18391;13584;1889;2835;16699;2532;3065;0;603
FR;8;2020-12-27;0;0;0;0;0;0;0;0;0;0;0;0;0;0;0;0;0;0
FR;8;2020-12-28;0;0;0;0;0;0;0;0;0;0;0;0;0;0;0;0;0;0
FR;8;2020-12-29;0;0;0;0;0;0;0;0;0;0;0;0;0;0;0;0;0;0
FR;8;2020-12-30;0;0;0;0;0;0;0;0;0;0;0;0;0;0;0;0;0;0
FR;8;2020-12-31;0;0;0;0;0;0;0;0;0;0;0;0;0;0;0;0;0;0
FR;8;2021-01-01;0;0;0;0;0;0;0;0;0;0;0;0;0;0;0;0;0;0
FR;8;2021-01-02;0;0;0;0;0;0;0;0;0;0;0;0;0;0;0;0;0;0
FR;8;2021-01-03;0;0;0;0;0;0;0;0;0;0;0;0;0;0;0;0;0;0
FR;8;2021-01-04;0;0;0;0;0;0;0;0;0;0;0;0;0;0;0;0;0;0
FR;8;2021-01-05;0;0;0;0;0;0;0;0;0;0;0;0;0;0;0;0;0;0
FR;8;2021-01-06;0;0;0;0;0;0;0;0;0;0;0;0;0;0;0;0;0;0
FR;8;2021-01-07;0;0;0;0;0;0;0;0;0;0;0;0;0;0;0;0;0;0
FR;8;2021-01-08;0;0;0;0;0;0;0;0;0;0;0;0;0;0;0;0;0;0
FR;8;2021-01-09;0;0;0;0;0;0;0;0;0;0;0;0;0;0;0;0;0;0
FR;8;2021-01-10;0;0;0;0;0;0;0;0;0;0;0;0;0;0;0;0;0;0
FR;8;2021-01-11;0;0;0;0;0;0;0;0;0;0;0;0;0;0;0;0;0;0
FR;8;2021-01-12;0;0;0;0;0;0;0;0;0;0;0;0;0;0;0;0;0;0
FR;8;2021-01-13;0;0;0;0;0;0;0;0;0;0;0;0;0;0;0;0;0;0
FR;8;2021-01-14;0;0;0;0;0;0;0;0;0;0;0;0;0;0;0;0;0;0
FR;8;2021-01-15;0;0;0;0;0;0;0;0;0;0;0;0;0;0;0;0;0;0
FR;8;2021-01-16;0;0;0;0;0;0;0;0;0;0;0;0;0;0;0;0;0;0
FR;8;2021-01-17;0;0;0;0;0;0;0;0;0;0;0;0;0;0;0;0;0;0
FR;8;2021-01-18;0;0;0;0;0;0;0;0;0;0;0;0;0;0;0;0;0;0
FR;8;2021-01-19;0;0;0;0;0;0;0;0;0;0;0;0;0;0;0;0;0;0
FR;8;2021-01-20;0;0;0;0;0;0;0;0;0;0;0;0;0;0;0;0;0;0
FR;8;2021-01-21;0;0;0;0;0;0;0;0;0;0;0;0;0;0;0;0;0;0
FR;8;2021-01-22;0;0;0;0;0;0;0;0;0;0;0;0;0;0;0;0;0;0
FR;8;2021-01-23;0;0;0;0;0;0;0;0;0;0;0;0;0;0;0;0;0;0
FR;8;2021-01-24;0;0;0;0;0;0;0;0;0;0;0;0;0;0;0;0;0;0
FR;8;2021-01-25;0;0;0;0;0;0;0;0;0;0;0;0;0;0;0;0;0;0
FR;8;2021-01-26;0;0;0;0;0;0;0;0;0;0;0;0;0;0;0;0;0;0
FR;8;2021-01-27;0;0;0;0;0;0;0;0;0;0;0;0;0;0;0;0;0;0
FR;8;2021-01-28;0;0;0;0;0;0;0;0;0;0;0;0;0;0;0;0;0;0
FR;8;2021-01-29;0;0;0;0;0;0;0;0;0;0;0;0;0;0;0;0;0;0
FR;8;2021-01-30;0;0;0;0;0;0;0;0;0;0;0;0;0;0;0;0;0;0
FR;8;2021-01-31;0;0;0;0;0;0;0;0;0;0;0;0;0;0;0;0;0;0
FR;8;2021-02-01;0;0;0;0;0;0;0;0;0;0;0;0;0;0;0;0;0;0
FR;8;2021-02-02;0;0;0;0;0;0;0;0;0;0;0;0;0;0;0;0;0;0
FR;8;2021-02-03;0;0;0;0;0;0;0;0;0;0;0;0;0;0;0;0;0;0
FR;8;2021-02-04;0;0;0;0;0;0;0;0;0;0;0;0;0;0;0;0;0;0
FR;8;2021-02-05;0;0;0;0;0;0;0;0;0;0;0;0;0;0;0;0;0;0
FR;8;2021-02-06;0;0;0;0;0;0;0;0;0;0;0;0;0;0;0;0;0;0
FR;8;2021-02-07;0;0;0;0;0;0;0;0;0;0;0;0;0;0;0;0;0;0
FR;8;2021-02-08;0;0;0;0;0;0;0;0;0;0;0;0;0;0;0;0;0;0
FR;8;2021-02-09;0;0;0;0;0;0;0;0;0;0;0;0;0;0;0;0;0;0
FR;8;2021-02-10;0;0;0;0;0;0;0;0;0;0;0;0;0;0;0;0;0;0
FR;8;2021-02-11;0;0;0;0;0;0;0;0;0;0;0;0;0;0;0;0;0;0
FR;8;2021-02-12;0;0;0;0;0;0;0;0;0;0;0;0;0;0;0;0;0;0
FR;8;2021-02-13;0;0;0;0;0;0;0;0;0;0;0;0;0;0;0;0;0;0
FR;8;2021-02-14;0;0;0;0;0;0;0;0;0;0;0;0;0;0;0;0;0;0
FR;8;2021-02-15;0;0;0;0;0;0;0;0;0;0;0;0;0;0;0;0;0;0
FR;8;2021-02-16;0;0;0;0;0;0;0;0;0;0;0;0;0;0;0;0;0;0
FR;8;2021-02-17;0;0;0;0;0;0;0;0;0;0;0;0;0;0;0;0;0;0
FR;8;2021-02-18;0;0;0;0;0;0;0;0;0;0;0;0;0;0;0;0;0;0
FR;8;2021-02-19;0;0;0;0;0;0;0;0;0;0;0;0;0;0;0;0;0;0
FR;8;2021-02-20;0;0;0;0;0;0;0;0;0;0;0;0;0;0;0;0;0;0
FR;8;2021-02-21;0;0;0;0;0;0;0;0;0;0;0;0;0;0;0;0;0;0
FR;8;2021-02-22;0;0;0;0;0;0;0;0;0;0;0;0;0;0;0;0;0;0
FR;8;2021-02-23;0;0;0;0;0;0;0;0;0;0;0;0;0;0;0;0;0;0
FR;8;2021-02-24;0;0;0;0;0;0;0;0;0;0;0;0;0;0;0;0;0;0
FR;8;2021-02-25;0;0;0;0;0;0;0;0;0;0;0;0;0;0;0;0;0;0
FR;8;2021-02-26;0;0;0;0;0;0;0;0;0;0;0;0;0;0;0;0;0;0
FR;8;2021-02-27;0;0;0;0;0;0;0;0;0;0;0;0;0;0;0;0;0;0
FR;8;2021-02-28;0;0;0;0;0;0;0;0;0;0;0;0;0;0;0;0;0;0
FR;8;2021-03-01;0;0;0;0;0;0;0;0;0;0;0;0;0;0;0;0;0;0
FR;8;2021-03-02;0;0;0;0;0;0;0;0;0;0;0;0;0;0;0;0;0;0
FR;8;2021-03-03;0;0;0;0;0;0;0;0;0;0;0;0;0;0;0;0;0;0
FR;8;2021-03-04;0;0;0;0;0;0;0;0;0;0;0;0;0;0;0;0;0;0
FR;8;2021-03-05;0;0;0;0;0;0;0;0;0;0;0;0;0;0;0;0;0;0
FR;8;2021-03-06;0;0;0;0;0;0;0;0;0;0;0;0;0;0;0;0;0;0
FR;8;2021-03-07;0;0;0;0;0;0;0;0;0;0;0;0;0;0;0;0;0;0
FR;8;2021-03-08;0;0;0;0;0;0;0;0;0;0;0;0;0;0;0;0;0;0
FR;8;2021-03-09;0;0;0;0;0;0;0;0;0;0;0;0;0;0;0;0;0;0
FR;8;2021-03-10;0;0;0;0;0;0;0;0;0;0;0;0;0;0;0;0;0;0
FR;8;2021-03-11;0;0;0;0;0;0;0;0;0;0;0;0;0;0;0;0;0;0
FR;8;2021-03-12;0;0;0;0;0;0;0;0;0;0;0;0;0;0;0;0;0;0
FR;8;2021-03-13;0;0;0;0;0;0;0;0;0;0;0;0;0;0;0;0;0;0
FR;8;2021-03-14;0;0;0;0;0;0;0;0;0;0;0;0;0;0;0;0;0;0
FR;8;2021-03-15;0;0;0;0;0;0;0;0;0;0;0;0;0;0;0;0;0;0
FR;8;2021-03-16;0;0;0;0;0;0;0;0;0;0;0;0;0;0;0;0;0;0
FR;8;2021-03-17;0;0;0;0;0;0;0;0;0;0;0;0;0;0;0;0;0;0
FR;8;2021-03-18;0;0;0;0;0;0;0;0;0;0;0;0;0;0;0;0;0;0
FR;8;2021-03-19;0;0;0;0;0;0;0;0;0;0;0;0;0;0;0;0;0;0
FR;8;2021-03-20;0;0;0;0;0;0;0;0;0;0;0;0;0;0;0;0;0;0
FR;8;2021-03-21;0;0;0;0;0;0;0;0;0;0;0;0;0;0;0;0;0;0
FR;8;2021-03-22;0;0;0;0;0;0;0;0;0;0;0;0;0;0;0;0;0;0
FR;8;2021-03-23;0;0;0;0;0;0;0;0;0;0;0;0;0;0;0;0;0;0
FR;8;2021-03-24;0;0;0;0;0;0;0;0;0;0;0;0;0;0;0;0;0;0
FR;8;2021-03-25;0;0;0;0;0;0;0;0;0;0;0;0;0;0;0;0;0;0
FR;8;2021-03-26;0;0;0;0;0;0;0;0;0;0;0;0;0;0;0;0;0;0
FR;8;2021-03-27;0;0;0;0;0;0;0;0;0;0;0;0;0;0;0;0;0;0
FR;8;2021-03-28;0;0;0;0;0;0;0;0;0;0;0;0;0;0;0;0;0;0
FR;8;2021-03-29;0;0;0;0;0;0;0;0;0;0;0;0;0;0;0;0;0;0
FR;8;2021-03-30;0;0;0;0;0;0;0;0;0;0;0;0;0;0;0;0;0;0
FR;8;2021-03-31;0;0;0;0;0;0;0;0;0;0;0;0;0;0;0;0;0;0
FR;8;2021-04-01;0;0;0;0;0;0;0;0;0;0;0;0;0;0;0;0;0;0
FR;8;2021-04-02;0;0;0;0;0;0;0;0;0;0;0;0;0;0;0;0;0;0
FR;8;2021-04-03;0;0;0;0;0;0;0;0;0;0;0;0;0;0;0;0;0;0
FR;8;2021-04-04;0;0;0;0;0;0;0;0;0;0;0;0;0;0;0;0;0;0
FR;8;2021-04-05;0;0;0;0;0;0;0;0;0;0;0;0;0;0;0;0;0;0
FR;8;2021-04-06;0;0;0;0;0;0;0;0;0;0;0;0;0;0;0;0;0;0
FR;8;2021-04-07;0;0;0;0;0;0;0;0;0;0;0;0;0;0;0;0;0;0
FR;8;2021-04-08;0;0;0;0;0;0;0;0;0;0;0;0;0;0;0;0;0;0
FR;8;2021-04-09;0;0;0;0;0;0;0;0;0;0;0;0;0;0;0;0;0;0
FR;8;2021-04-10;0;0;0;0;0;0;0;0;0;0;0;0;0;0;0;0;0;0
FR;8;2021-04-11;0;0;0;0;0;0;0;0;0;0;0;0;0;0;0;0;0;0
FR;8;2021-04-12;0;0;0;0;0;0;0;0;0;0;0;0;0;0;0;0;0;0
FR;8;2021-04-13;0;0;0;0;0;0;0;0;0;0;0;0;0;0;0;0;0;0
FR;8;2021-04-14;0;0;0;0;0;0;0;0;0;0;0;0;0;0;0;0;0;0
FR;8;2021-04-15;0;0;0;0;0;0;0;0;0;0;0;0;0;0;0;0;0;0
FR;8;2021-04-16;0;0;0;0;0;0;0;0;0;0;0;0;0;0;0;0;0;0
FR;8;2021-04-17;0;0;0;0;0;0;0;0;0;0;0;0;0;0;0;0;0;0
FR;8;2021-04-18;0;0;0;0;0;0;0;0;0;0;0;0;0;0;0;0;0;0
FR;8;2021-04-19;0;0;0;0;0;0;0;0;0;0;0;0;0;0;0;0;0;0
FR;8;2021-04-20;0;0;0;0;0;0;0;0;0;0;0;0;0;0;0;0;0;0
FR;8;2021-04-21;0;0;0;0;0;0;0;0;0;0;0;0;0;0;0;0;0;0
FR;8;2021-04-22;0;0;0;0;0;0;0;0;0;0;0;0;0;0;0;0;0;0
FR;8;2021-04-23;0;0;0;0;0;0;0;0;0;0;0;0;0;0;0;0;0;0
FR;8;2021-04-24;0;0;0;0;0;0;0;0;0;0;0;0;0;0;0;0;0;0
FR;8;2021-04-25;0;0;0;0;0;0;0;0;0;0;0;0;0;0;0;0;0;0
FR;8;2021-04-26;0;0;0;0;0;0;0;0;0;0;0;0;0;0;0;0;0;0
FR;8;2021-04-27;0;0;0;0;0;0;0;0;0;0;0;0;0;0;0;0;0;0
FR;8;2021-04-28;0;0;0;0;0;0;0;0;0;0;0;0;0;0;0;0;0;0
FR;8;2021-04-29;0;0;0;0;0;0;0;0;0;0;0;0;0;0;0;0;0;0
FR;8;2021-04-30;0;0;0;0;0;0;0;0;0;0;0;0;0;0;0;0;0;0
FR;8;2021-05-01;0;0;0;0;0;0;0;0;0;0;0;0;0;0;0;0;0;0
FR;8;2021-05-02;0;0;0;0;0;0;0;0;0;0;0;0;0;0;0;0;0;0
FR;8;2021-05-03;0;0;0;0;0;0;0;0;0;0;0;0;0;0;0;0;0;0
FR;8;2021-05-04;0;0;0;0;0;0;0;0;0;0;0;0;0;0;0;0;0;0
FR;8;2021-05-05;0;0;0;0;0;0;0;0;0;0;0;0;0;0;0;0;0;0
FR;8;2021-05-06;0;0;0;0;0;0;0;0;0;0;0;0;0;0;0;0;0;0
FR;8;2021-05-07;0;0;0;0;0;0;0;0;0;0;0;0;0;0;0;0;0;0
FR;8;2021-05-08;0;0;0;0;0;0;0;0;0;0;0;0;0;0;0;0;0;0
FR;8;2021-05-09;0;0;0;0;0;0;0;0;0;0;0;0;0;0;0;0;0;0
FR;8;2021-05-10;0;0;0;0;0;0;0;0;0;0;0;0;0;0;0;0;0;0
FR;8;2021-05-11;0;0;0;0;0;0;0;0;0;0;0;0;0;0;0;0;0;0
FR;8;2021-05-12;0;0;0;0;0;0;0;0;0;0;0;0;0;0;0;0;0;0
FR;8;2021-05-13;0;0;0;0;0;0;0;0;0;0;0;0;0;0;0;0;0;0
FR;8;2021-05-14;0;0;0;0;0;0;0;0;0;0;0;0;0;0;0;0;0;0
FR;8;2021-05-15;0;0;0;0;0;0;0;0;0;0;0;0;0;0;0;0;0;0
FR;8;2021-05-16;0;0;0;0;0;0;0;0;0;0;0;0;0;0;0;0;0;0
FR;8;2021-05-17;0;0;0;0;0;0;0;0;0;0;0;0;0;0;0;0;0;0
FR;8;2021-05-18;0;0;0;0;0;0;0;0;0;0;0;0;0;0;0;0;0;0
FR;8;2021-05-19;0;0;0;0;0;0;0;0;0;0;0;0;0;0;0;0;0;0
FR;8;2021-05-20;0;0;0;0;0;0;0;0;0;0;0;0;0;0;0;0;0;0
FR;8;2021-05-21;0;0;0;0;0;0;0;0;0;0;0;0;0;0;0;0;0;0
FR;8;2021-05-22;0;0;0;0;0;0;0;0;0;0;0;0;0;0;0;0;0;0
FR;8;2021-05-23;0;0;0;0;0;0;0;0;0;0;0;0;0;0;0;0;0;0
FR;8;2021-05-24;0;0;0;0;0;0;0;0;0;0;0;0;0;0;0;0;0;0
FR;8;2021-05-25;0;0;0;0;0;0;0;0;0;0;0;0;0;0;0;0;0;0
FR;8;2021-05-26;0;0;0;0;0;0;0;0;0;0;0;0;0;0;0;0;0;0
FR;8;2021-05-27;0;0;0;0;0;0;0;0;0;0;0;0;0;0;0;0;0;0
FR;8;2021-05-28;0;0;0;0;0;0;0;0;0;0;0;0;0;0;0;0;0;0
FR;8;2021-05-29;0;0;0;0;0;0;0;0;0;0;0;0;0;0;0;0;0;0
FR;8;2021-05-30;0;0;0;0;0;0;0;0;0;0;0;0;0;0;0;0;0;0
FR;8;2021-05-31;0;0;0;0;0;0;0;0;0;0;0;0;0;0;0;0;0;0
FR;8;2021-06-01;0;0;0;0;0;0;0;0;0;0;0;0;0;0;0;0;0;0
FR;8;2021-06-02;0;0;0;0;0;0;0;0;0;0;0;0;0;0;0;0;0;0
FR;8;2021-06-03;0;0;0;0;0;0;0;0;0;0;0;0;0;0;0;0;0;0
FR;8;2021-06-04;0;0;0;0;0;0;0;0;0;0;0;0;0;0;0;0;0;0
FR;8;2021-06-05;0;0;0;0;0;0;0;0;0;0;0;0;0;0;0;0;0;0
FR;8;2021-06-06;0;0;0;0;0;0;0;0;0;0;0;0;0;0;0;0;0;0
FR;8;2021-06-07;0;0;0;0;0;0;0;0;0;0;0;0;0;0;0;0;0;0
FR;8;2021-06-08;0;0;0;0;0;0;0;0;0;0;0;0;0;0;0;0;0;0
FR;8;2021-06-09;0;0;0;0;0;0;0;0;0;0;0;0;0;0;0;0;0;0
FR;8;2021-06-10;0;0;0;0;0;0;0;0;0;0;0;0;0;0;0;0;0;0
FR;8;2021-06-11;0;0;0;0;0;0;0;0;0;0;0;0;0;0;0;0;0;0
FR;8;2021-06-12;0;0;0;0;0;0;0;0;0;0;0;0;0;0;0;0;0;0
FR;8;2021-06-13;0;0;0;0;0;0;0;0;0;0;0;0;0;0;0;0;0;0
FR;8;2021-06-14;0;0;0;0;0;0;0;0;0;0;0;0;0;0;0;0;0;0
FR;8;2021-06-15;0;0;0;0;0;0;0;0;0;0;0;0;0;0;0;0;0;0
FR;8;2021-06-16;0;0;0;0;0;0;0;0;0;0;0;0;0;0;0;0;0;0
FR;8;2021-06-17;0;0;0;0;0;0;0;0;0;0;0;0;0;0;0;0;0;0
FR;8;2021-06-18;0;0;0;0;0;0;0;0;0;0;0;0;0;0;0;0;0;0
FR;8;2021-06-19;0;0;0;0;0;0;0;0;0;0;0;0;0;0;0;0;0;0
FR;8;2021-06-20;0;0;0;0;0;0;0;0;0;0;0;0;0;0;0;0;0;0
FR;8;2021-06-21;0;0;0;0;0;0;0;0;0;0;0;0;0;0;0;0;0;0
FR;8;2021-06-22;0;0;0;0;0;0;0;0;0;0;0;0;0;0;0;0;0;0
FR;8;2021-06-23;0;0;0;0;0;0;0;0;0;0;0;0;0;0;0;0;0;0
FR;8;2021-06-24;0;0;0;0;0;0;0;0;0;0;0;0;0;0;0;0;0;0
FR;8;2021-06-25;0;0;0;0;0;0;0;0;0;0;0;0;0;0;0;0;0;0
FR;8;2021-06-26;0;0;0;0;0;0;0;0;0;0;0;0;0;0;0;0;0;0
FR;8;2021-06-27;0;0;0;0;0;0;0;0;0;0;0;0;0;0;0;0;0;0
FR;8;2021-06-28;0;0;0;0;0;0;0;0;0;0;0;0;0;0;0;0;0;0
FR;8;2021-06-29;0;0;0;0;0;0;0;0;0;0;0;0;0;0;0;0;0;0
FR;8;2021-06-30;0;0;0;0;0;0;0;0;0;0;0;0;0;0;0;0;0;0
FR;8;2021-07-01;0;0;0;0;0;0;0;0;0;0;0;0;0;0;0;0;0;0
FR;8;2021-07-02;0;0;0;0;0;0;0;0;0;0;0;0;0;0;0;0;0;0
FR;8;2021-07-03;0;0;0;0;0;0;0;0;0;0;0;0;0;0;0;0;0;0
FR;8;2021-07-04;0;0;0;0;0;0;0;0;0;0;0;0;0;0;0;0;0;0
FR;8;2021-07-05;0;0;0;0;0;0;0;0;0;0;0;0;0;0;0;0;0;0
FR;8;2021-07-06;0;0;0;0;0;0;0;0;0;0;0;0;0;0;0;0;0;0
FR;8;2021-07-07;0;0;0;0;0;0;0;0;0;0;0;0;0;0;0;0;0;0
FR;8;2021-07-08;0;0;0;0;0;0;0;0;0;0;0;0;0;0;0;0;0;0
FR;8;2021-07-09;0;0;0;0;0;0;0;0;0;0;0;0;0;0;0;0;0;0
FR;8;2021-07-10;0;0;0;0;0;0;0;0;0;0;0;0;0;0;0;0;0;0
FR;8;2021-07-11;0;0;0;0;0;0;0;0;0;0;0;0;0;0;0;0;0;0
FR;8;2021-07-12;0;0;0;0;0;0;0;0;0;0;0;0;0;0;0;0;0;0
FR;8;2021-07-13;0;0;0;0;0;0;0;0;0;0;0;0;0;0;0;0;0;0
FR;8;2021-07-14;0;0;0;0;0;0;0;0;0;0;0;0;0;0;0;0;0;0
FR;8;2021-07-15;0;0;0;0;0;0;0;0;0;0;0;0;0;0;0;0;0;0
FR;8;2021-07-16;0;0;0;0;0;0;0;0;0;0;0;0;0;0;0;0;0;0
FR;8;2021-07-17;0;0;0;0;0;0;0;0;0;0;0;0;0;0;0;0;0;0
FR;8;2021-07-18;0;0;0;0;0;0;0;0;0;0;0;0;0;0;0;0;0;0
FR;8;2021-07-19;0;0;0;0;0;0;0;0;0;0;0;0;0;0;0;0;0;0
FR;8;2021-07-20;0;0;0;0;0;0;0;0;0;0;0;0;0;0;0;0;0;0
FR;8;2021-07-21;0;0;0;0;0;0;0;0;0;0;0;0;0;0;0;0;0;0
FR;8;2021-07-22;0;0;0;0;0;0;0;0;0;0;0;0;0;0;0;0;0;0
FR;8;2021-07-23;0;0;0;0;0;0;0;0;0;0;0;0;0;0;0;0;0;0
FR;8;2021-07-24;0;0;0;0;0;0;0;0;0;0;0;0;0;0;0;0;0;0
FR;8;2021-07-25;0;0;0;0;0;0;0;0;0;0;0;0;0;0;0;0;0;0
FR;8;2021-07-26;0;0;0;0;0;0;0;0;0;0;0;0;0;0;0;0;0;0
FR;8;2021-07-27;0;0;0;0;0;0;0;0;0;0;0;0;0;0;0;0;0;0
FR;8;2021-07-28;0;0;0;0;0;0;0;0;0;0;0;0;0;0;0;0;0;0
FR;8;2021-07-29;0;0;0;0;0;0;0;0;0;0;0;0;0;0;0;0;0;0
FR;8;2021-07-30;0;0;0;0;0;0;0;0;0;0;0;0;0;0;0;0;0;0
FR;8;2021-07-31;0;0;0;0;0;0;0;0;0;0;0;0;0;0;0;0;0;0
FR;8;2021-08-01;0;0;0;0;0;0;0;0;0;0;0;0;0;0;0;0;0;0
FR;8;2021-08-02;0;0;0;0;0;0;0;0;0;0;0;0;0;0;0;0;0;0
FR;8;2021-08-03;0;0;0;0;0;0;0;0;0;0;0;0;0;0;0;0;0;0
FR;8;2021-08-04;0;0;0;0;0;0;0;0;0;0;0;0;0;0;0;0;0;0
FR;8;2021-08-05;0;0;0;0;0;0;0;0;0;0;0;0;0;0;0;0;0;0
FR;8;2021-08-06;0;0;0;0;0;0;0;0;0;0;0;0;0;0;0;0;0;0
FR;8;2021-08-07;0;0;0;0;0;0;0;0;0;0;0;0;0;0;0;0;0;0
FR;8;2021-08-08;0;0;0;0;0;0;0;0;0;0;0;0;0;0;0;0;0;0
FR;8;2021-08-09;0;0;0;0;0;0;0;0;0;0;0;0;0;0;0;0;0;0
FR;8;2021-08-10;0;0;0;0;0;0;0;0;0;0;0;0;0;0;0;0;0;0
FR;8;2021-08-11;0;0;0;0;0;0;0;0;0;0;0;0;0;0;0;0;0;0
FR;8;2021-08-12;0;0;0;0;0;0;0;0;0;0;0;0;0;0;0;0;0;0
FR;8;2021-08-13;0;0;0;0;0;0;0;0;0;0;0;0;0;0;0;0;0;0
FR;8;2021-08-14;0;0;0;0;0;0;0;0;0;0;0;0;0;0;0;0;0;0
FR;8;2021-08-15;0;0;0;0;0;0;0;0;0;0;0;0;0;0;0;0;0;0
FR;8;2021-08-16;0;0;0;0;0;0;0;0;0;0;0;0;0;0;0;0;0;0
FR;8;2021-08-17;0;0;0;0;0;0;0;0;0;0;0;0;0;0;0;0;0;0
FR;8;2021-08-18;0;0;0;0;0;0;0;0;0;0;0;0;0;0;0;0;0;0
FR;8;2021-08-19;0;0;0;0;0;0;0;0;0;0;0;0;0;0;0;0;0;0
FR;8;2021-08-20;0;0;0;0;0;0;0;0;0;0;0;0;0;0;0;0;0;0
FR;8;2021-08-21;0;0;0;0;0;0;0;0;0;0;0;0;0;0;0;0;0;0
FR;8;2021-08-22;0;0;0;0;0;0;0;0;0;0;0;0;0;0;0;0;0;0
FR;8;2021-08-23;0;0;0;0;0;0;0;0;0;0;0;0;0;0;0;0;0;0
FR;8;2021-08-24;0;0;0;0;0;0;0;0;0;0;0;0;0;0;0;0;0;0
FR;8;2021-08-25;0;0;0;0;0;0;0;0;0;0;0;0;0;0;0;0;0;0
FR;8;2021-08-26;0;0;0;0;0;0;0;0;0;0;0;0;0;0;0;0;0;0
FR;8;2021-08-27;0;0;0;0;0;0;0;0;0;0;0;0;0;0;0;0;0;0
FR;8;2021-08-28;0;0;0;0;0;0;0;0;0;0;0;0;0;0;0;0;0;0
FR;8;2021-08-29;0;0;0;0;0;0;0;0;0;0;0;0;0;0;0;0;0;0
FR;8;2021-08-30;0;0;0;0;0;0;0;0;0;0;0;0;0;0;0;0;0;0
FR;8;2021-08-31;0;0;0;0;0;0;0;0;0;0;0;0;0;0;0;0;0;0
FR;8;2021-09-01;0;0;0;0;0;0;0;0;0;0;0;0;0;0;0;0;0;0
FR;8;2021-09-02;0;0;0;0;0;0;0;0;0;0;0;0;0;0;0;0;0;0
FR;8;2021-09-03;0;0;0;0;0;0;0;0;0;0;0;0;0;0;0;0;0;0
FR;8;2021-09-04;0;0;0;0;0;0;0;0;0;0;0;0;0;0;0;0;0;0
FR;8;2021-09-05;0;0;0;0;0;0;0;0;0;0;0;0;0;0;0;0;0;0
FR;8;2021-09-06;0;0;0;0;0;0;0;0;0;0;0;0;0;0;0;0;0;0
FR;8;2021-09-07;0;0;0;0;0;0;0;0;0;0;0;0;0;0;0;0;0;0
FR;8;2021-09-08;0;0;0;0;0;0;0;0;0;0;0;0;0;0;0;0;0;0
FR;8;2021-09-09;0;0;0;0;0;0;0;0;0;0;0;0;0;0;0;0;0;0
FR;8;2021-09-10;0;0;0;0;0;0;0;0;0;0;0;0;0;0;0;0;0;0
FR;8;2021-09-11;0;0;0;0;0;0;0;0;0;0;0;0;0;0;0;0;0;0
FR;8;2021-09-12;0;0;0;0;0;0;0;0;0;0;0;0;0;0;0;0;0;0
FR;8;2021-09-13;0;0;0;0;0;0;0;0;0;0;0;0;0;0;0;0;0;0
FR;8;2021-09-14;0;0;0;0;0;0;0;0;0;0;0;0;0;0;0;0;0;0
FR;8;2021-09-15;0;0;0;0;0;0;0;0;0;0;0;0;0;0;0;0;0;0
FR;8;2021-09-16;0;0;0;0;0;0;0;0;0;0;0;0;0;0;0;0;0;0
FR;8;2021-09-17;0;0;0;0;0;0;0;0;0;0;0;0;0;0;0;0;0;0
FR;8;2021-09-18;0;0;0;0;0;0;0;0;0;0;0;0;0;0;0;0;0;0
FR;8;2021-09-19;0;0;0;0;0;0;0;0;0;0;0;0;0;0;0;0;0;0
FR;8;2021-09-20;0;0;0;0;0;0;0;0;0;0;0;0;0;0;0;0;0;0
FR;8;2021-09-21;0;0;0;0;0;0;0;0;0;0;0;0;0;0;0;0;0;0
FR;8;2021-09-22;0;0;0;0;0;0;0;0;0;0;0;0;0;0;0;0;0;0
FR;8;2021-09-23;0;0;0;0;0;0;0;0;0;0;0;0;0;0;0;0;0;0
FR;8;2021-09-24;0;0;0;0;0;0;0;0;0;0;0;0;0;0;0;0;0;0
FR;8;2021-09-25;0;0;0;0;0;0;0;0;0;0;0;0;0;0;0;0;0;0
FR;8;2021-09-26;0;0;0;0;0;0;0;0;0;0;0;0;0;0;0;0;0;0
FR;8;2021-09-27;0;0;0;0;0;0;0;0;0;0;0;0;0;0;0;0;0;0
FR;8;2021-09-28;0;0;0;0;0;0;0;0;0;0;0;0;0;0;0;0;0;0
FR;8;2021-09-29;0;0;0;0;0;0;0;0;0;0;0;0;0;0;0;0;0;0
FR;8;2021-09-30;0;0;0;0;0;0;0;0;0;0;0;0;0;0;0;0;0;0
FR;8;2021-10-01;0;0;0;0;0;0;0;0;0;0;0;0;0;0;0;0;0;0
FR;8;2021-10-02;0;0;0;0;0;0;0;0;0;0;0;0;0;0;0;0;0;0
FR;8;2021-10-03;0;0;0;0;0;0;0;0;0;0;0;0;0;0;0;0;0;0
FR;8;2021-10-04;0;0;0;0;0;0;0;0;0;0;0;0;0;0;0;0;0;0
FR;8;2021-10-05;0;0;0;0;0;0;0;0;0;0;0;0;0;0;0;0;0;0
FR;8;2021-10-06;0;0;0;0;0;0;0;0;0;0;0;0;0;0;0;0;0;0
FR;8;2021-10-07;0;0;0;0;0;0;0;0;0;0;0;0;0;0;0;0;0;0
FR;8;2021-10-08;0;0;0;0;0;0;0;0;0;0;0;0;0;0;0;0;0;0
FR;8;2021-10-09;0;0;0;0;0;0;0;0;0;0;0;0;0;0;0;0;0;0
FR;8;2021-10-10;0;0;0;0;0;0;0;0;0;0;0;0;0;0;0;0;0;0
FR;8;2021-10-11;0;0;0;0;0;0;0;0;0;0;0;0;0;0;0;0;0;0
FR;8;2021-10-12;0;0;0;0;0;0;0;0;0;0;0;0;0;0;0;0;0;0
FR;8;2021-10-13;0;0;0;0;0;0;0;0;0;0;0;0;0;0;0;0;0;0
FR;8;2021-10-14;0;0;0;0;0;0;0;0;0;0;0;0;0;0;0;0;0;0
FR;8;2021-10-15;0;0;0;0;0;0;0;0;0;0;0;0;0;0;0;0;0;0
FR;8;2021-10-16;0;0;0;0;0;0;0;0;0;0;0;0;0;0;0;0;0;0
FR;8;2021-10-17;0;0;0;0;0;0;0;0;0;0;0;0;0;0;0;0;0;0
FR;8;2021-10-18;0;0;0;0;0;0;0;0;0;0;0;0;0;0;0;0;0;0
FR;8;2021-10-19;0;0;0;0;0;0;0;0;0;0;0;0;0;0;0;0;0;0
FR;8;2021-10-20;0;0;0;0;0;0;0;0;0;0;0;0;0;0;0;0;0;0
FR;8;2021-10-21;0;0;0;0;0;0;0;0;0;0;0;0;0;0;0;0;0;0
FR;8;2021-10-22;0;0;0;0;0;0;0;0;0;0;0;0;0;0;0;0;0;0
FR;8;2021-10-23;0;0;0;0;0;0;0;0;0;0;0;0;0;0;0;0;0;0
FR;8;2021-10-24;0;0;0;0;0;0;0;0;0;0;0;0;0;0;0;0;0;0
FR;8;2021-10-25;0;0;0;0;0;0;0;0;0;0;0;0;0;0;0;0;0;0
FR;8;2021-10-26;0;0;0;0;0;0;0;0;0;0;0;0;0;0;0;0;0;0
FR;8;2021-10-27;0;0;0;0;0;0;0;0;0;0;0;0;0;0;0;0;0;0
FR;8;2021-10-28;0;0;0;0;0;0;0;0;0;0;0;0;0;0;0;0;0;0
FR;8;2021-10-29;0;0;0;0;0;0;0;0;0;0;0;0;0;0;0;0;0;0
FR;8;2021-10-30;0;0;0;0;0;0;0;0;0;0;0;0;0;0;0;0;0;0
FR;8;2021-10-31;0;0;0;0;0;0;0;0;0;0;0;0;0;0;0;0;0;0
FR;8;2021-11-01;0;0;0;0;0;0;0;0;0;0;0;0;0;0;0;0;0;0
FR;8;2021-11-02;0;0;0;0;0;0;0;0;0;0;0;0;0;0;0;0;0;0
FR;8;2021-11-03;0;0;0;0;0;0;0;0;0;0;0;0;0;0;0;0;0;0
FR;8;2021-11-04;0;0;0;0;0;0;0;0;0;0;0;0;0;0;0;0;0;0
FR;8;2021-11-05;0;0;0;0;0;0;0;0;0;0;0;0;0;0;0;0;0;0
FR;8;2021-11-06;0;0;0;0;0;0;0;0;0;0;0;0;0;0;0;0;0;0
FR;8;2021-11-07;0;0;0;0;0;0;0;0;0;0;0;0;0;0;0;0;0;0
FR;8;2021-11-08;0;0;0;0;0;0;0;0;0;0;0;0;0;0;0;0;0;0
FR;8;2021-11-09;0;0;0;0;0;0;0;0;0;0;0;0;0;0;0;0;0;0
FR;8;2021-11-10;0;0;0;0;0;0;0;0;0;0;0;0;0;0;0;0;0;0
FR;8;2021-11-11;0;0;0;0;0;0;0;0;0;0;0;0;0;0;0;0;0;0
FR;8;2021-11-12;0;0;0;0;0;0;0;0;0;0;0;0;0;0;0;0;0;0
FR;8;2021-11-13;0;0;0;0;0;0;0;0;0;0;0;0;0;0;0;0;0;0
FR;8;2021-11-14;0;0;0;0;0;0;0;0;0;0;0;0;0;0;0;0;0;0
FR;8;2021-11-15;0;0;0;0;0;0;0;0;0;0;0;0;0;0;0;0;0;0
FR;8;2021-11-16;0;0;0;0;0;0;0;0;0;0;0;0;0;0;0;0;0;0
FR;8;2021-11-17;0;0;0;0;0;0;0;0;0;0;0;0;0;0;0;0;0;0
FR;8;2021-11-18;0;0;0;0;0;0;0;0;0;0;0;0;0;0;0;0;0;0
FR;8;2021-11-19;0;0;0;0;0;0;0;0;0;0;0;0;0;0;0;0;0;0
FR;8;2021-11-20;0;0;0;0;0;0;0;0;0;0;0;0;0;0;0;0;0;0
FR;8;2021-11-21;0;0;0;0;0;0;0;0;0;0;0;0;0;0;0;0;0;0
FR;8;2021-11-22;0;0;0;0;0;0;0;0;0;0;0;0;0;0;0;0;0;0
FR;8;2021-11-23;0;0;0;0;0;0;0;0;0;0;0;0;0;0;0;0;0;0
FR;8;2021-11-24;0;0;0;0;0;0;0;0;0;0;0;0;0;0;0;0;0;0
FR;8;2021-11-25;0;0;0;0;0;0;0;0;0;0;0;0;0;0;0;0;0;0
FR;8;2021-11-26;0;0;0;0;0;0;0;0;0;0;0;0;0;0;0;0;0;0
FR;8;2021-11-27;0;0;0;0;0;0;0;0;0;0;0;0;0;0;0;0;0;0
FR;8;2021-11-28;0;0;0;0;0;0;0;0;0;0;0;0;0;0;0;0;0;0
FR;8;2021-11-29;0;0;0;0;0;0;0;0;0;0;0;0;0;0;0;0;0;0
FR;8;2021-11-30;0;0;0;0;0;0;0;0;0;0;0;0;0;0;0;0;0;0
FR;8;2021-12-01;0;0;0;0;0;0;0;0;0;0;0;0;0;0;0;0;0;0
FR;8;2021-12-02;0;0;0;0;0;0;0;0;0;0;0;0;0;0;0;0;0;0
FR;8;2021-12-03;0;0;0;0;0;0;0;0;0;0;0;0;0;0;0;0;0;0
FR;8;2021-12-04;0;0;0;0;0;0;0;0;0;0;0;0;0;0;0;0;0;0
FR;8;2021-12-05;0;0;0;0;0;0;0;0;0;0;0;0;0;0;0;0;0;0
FR;8;2021-12-06;0;0;0;0;0;0;0;0;0;0;0;0;0;0;0;0;0;0
FR;8;2021-12-07;0;0;0;0;0;0;0;0;0;0;0;0;0;0;0;0;0;0
FR;8;2021-12-08;0;0;0;0;0;0;0;0;0;0;0;0;0;0;0;0;0;0
FR;8;2021-12-09;0;0;0;0;0;0;0;0;0;0;0;0;0;0;0;0;0;0
FR;8;2021-12-10;0;0;0;0;0;0;0;0;0;0;0;0;0;0;0;0;0;0
FR;8;2021-12-11;0;0;0;0;0;0;0;0;0;0;0;0;0;0;0;0;0;0
FR;8;2021-12-12;0;0;0;0;0;0;0;0;0;0;0;0;0;0;0;0;0;0
FR;8;2021-12-13;0;0;0;0;0;0;0;0;0;0;0;0;0;0;0;0;0;0
FR;8;2021-12-14;0;0;0;0;0;0;0;0;0;0;0;0;0;0;0;0;0;0
FR;8;2021-12-15;0;0;0;0;0;0;0;0;0;0;0;0;0;0;0;0;0;0
FR;8;2021-12-16;0;0;0;0;0;0;0;0;0;0;0;0;0;0;0;0;0;0
FR;8;2021-12-17;0;0;0;0;0;0;0;0;0;0;0;0;0;0;0;0;0;0
FR;8;2021-12-18;0;0;0;0;0;0;0;0;0;0;0;0;0;0;0;0;0;0
FR;8;2021-12-19;0;0;0;0;0;0;0;0;0;0;0;0;0;0;0;0;0;0
FR;8;2021-12-20;0;0;0;0;0;0;0;0;0;0;0;0;0;0;0;0;0;0
FR;8;2021-12-21;0;0;0;0;0;0;0;0;0;0;0;0;0;0;0;0;0;0
FR;8;2021-12-22;0;0;0;0;0;0;0;0;0;0;0;0;0;0;0;0;0;0
FR;8;2021-12-23;0;0;0;0;0;0;0;0;0;0;0;0;0;0;0;0;0;0
FR;8;2021-12-24;0;0;0;0;0;0;0;0;0;0;0;0;0;0;0;0;0;0
FR;8;2021-12-25;0;0;0;0;0;0;0;0;0;0;0;0;0;0;0;0;0;0
FR;8;2021-12-26;0;0;0;0;0;0;0;0;0;0;0;0;0;0;0;0;0;0
FR;8;2021-12-27;0;0;0;0;0;0;0;0;0;0;0;0;0;0;0;0;0;0
FR;8;2021-12-28;0;0;0;0;0;0;0;0;0;0;0;0;0;0;0;0;0;0
FR;8;2021-12-29;0;0;0;0;0;0;0;0;0;0;0;0;0;0;0;0;0;0
FR;8;2021-12-30;0;0;0;0;0;0;0;0;0;0;0;0;0;0;0;0;0;0
FR;8;2021-12-31;0;0;0;0;0;0;0;0;0;0;0;0;0;0;0;0;0;0
FR;8;2022-01-01;0;0;0;0;0;0;0;0;0;0;0;0;0;0;0;0;0;0
FR;8;2022-01-02;0;0;0;0;0;0;0;0;0;0;0;0;0;0;0;0;0;0
FR;8;2022-01-03;0;0;0;0;0;0;0;0;0;0;0;0;0;0;0;0;0;0
FR;8;2022-01-04;0;0;0;0;0;0;0;0;0;0;0;0;0;0;0;0;0;0
FR;8;2022-01-05;0;0;0;0;0;0;0;0;0;0;0;0;0;0;0;0;0;0
FR;8;2022-01-06;0;0;0;0;0;0;0;0;0;0;0;0;0;0;0;0;0;0
FR;8;2022-01-07;0;0;0;0;0;0;0;0;0;0;0;0;0;0;0;0;0;0
FR;8;2022-01-08;0;0;0;0;0;0;0;0;0;0;0;0;0;0;0;0;0;0
FR;8;2022-01-09;0;0;0;0;0;0;0;0;0;0;0;0;0;0;0;0;0;0
FR;8;2022-01-10;0;0;0;0;0;0;0;0;0;0;0;0;0;0;0;0;0;0
FR;8;2022-01-11;0;0;0;0;0;0;0;0;0;0;0;0;0;0;0;0;0;0
FR;8;2022-01-12;0;0;0;0;0;0;0;0;0;0;0;0;0;0;0;0;0;0
FR;8;2022-01-13;0;0;0;0;0;0;0;0;0;0;0;0;0;0;0;0;0;0
FR;8;2022-01-14;0;0;0;0;0;0;0;0;0;0;0;0;0;0;0;0;0;0
FR;8;2022-01-15;0;0;0;0;0;0;0;0;0;0;0;0;0;0;0;0;0;0
FR;8;2022-01-16;0;0;0;0;0;0;0;0;0;0;0;0;0;0;0;0;0;0
FR;8;2022-01-17;0;0;0;0;0;0;0;0;0;0;0;0;0;0;0;0;0;0
FR;8;2022-01-18;0;0;0;0;0;0;0;0;0;0;0;0;0;0;0;0;0;0
FR;8;2022-01-19;0;0;0;0;0;0;0;0;0;0;0;0;0;0;0;0;0;0
FR;8;2022-01-20;0;0;0;0;0;0;0;0;0;0;0;0;0;0;0;0;0;0
FR;8;2022-01-21;0;0;0;0;0;0;0;0;0;0;0;0;0;0;0;0;0;0
FR;8;2022-01-22;0;0;0;0;0;0;0;0;0;0;0;0;0;0;0;0;0;0
FR;8;2022-01-23;0;0;0;0;0;0;0;0;0;0;0;0;0;0;0;0;0;0
FR;8;2022-01-24;0;0;0;0;0;0;0;0;0;0;0;0;0;0;0;0;0;0
FR;8;2022-01-25;0;0;0;0;0;0;0;0;0;0;0;0;0;0;0;0;0;0
FR;8;2022-01-26;0;0;0;0;0;0;0;0;0;0;0;0;0;0;0;0;0;0
FR;8;2022-01-27;0;0;0;0;0;0;0;0;0;0;0;0;0;0;0;0;0;0
FR;8;2022-01-28;0;0;0;0;0;0;0;0;0;0;0;0;0;0;0;0;0;0
FR;8;2022-01-29;0;0;0;0;0;0;0;0;0;0;0;0;0;0;0;0;0;0
FR;8;2022-01-30;0;0;0;0;0;0;0;0;0;0;0;0;0;0;0;0;0;0
FR;8;2022-01-31;0;0;0;0;0;0;0;0;0;0;0;0;0;0;0;0;0;0
FR;8;2022-02-01;0;0;0;0;0;0;0;0;0;0;0;0;0;0;0;0;0;0
FR;8;2022-02-02;0;0;0;0;0;0;0;0;0;0;0;0;0;0;0;0;0;0
FR;8;2022-02-03;0;0;0;0;0;0;0;0;0;0;0;0;0;0;0;0;0;0
FR;8;2022-02-04;0;0;0;0;0;0;0;0;0;0;0;0;0;0;0;0;0;0
FR;8;2022-02-05;0;0;0;0;0;0;0;0;0;0;0;0;0;0;0;0;0;0
FR;8;2022-02-06;0;0;0;0;0;0;0;0;0;0;0;0;0;0;0;0;0;0
FR;8;2022-02-07;0;0;0;0;0;0;0;0;0;0;0;0;0;0;0;0;0;0
FR;8;2022-02-08;0;0;0;0;0;0;0;0;0;0;0;0;0;0;0;0;0;0
FR;8;2022-02-09;0;0;0;0;0;0;0;0;0;0;0;0;0;0;0;0;0;0
FR;8;2022-02-10;0;0;0;0;0;0;0;0;0;0;0;0;0;0;0;0;0;0
FR;8;2022-02-11;0;0;0;0;0;0;0;0;0;0;0;0;0;0;0;0;0;0
FR;8;2022-02-12;0;0;0;0;0;0;0;0;0;0;0;0;0;0;0;0;0;0
FR;8;2022-02-13;0;0;0;0;0;0;0;0;0;0;0;0;0;0;0;0;0;0
FR;8;2022-02-14;0;0;0;0;0;0;0;0;0;0;0;0;0;0;0;0;0;0
FR;8;2022-02-15;0;0;0;0;0;0;0;0;0;0;0;0;0;0;0;0;0;0
FR;8;2022-02-16;0;0;0;0;0;0;0;0;0;0;0;0;0;0;0;0;0;0
FR;8;2022-02-17;0;0;0;0;0;0;0;0;0;0;0;0;0;0;0;0;0;0
FR;8;2022-02-18;0;0;0;0;0;0;0;0;0;0;0;0;0;0;0;0;0;0
FR;8;2022-02-19;0;0;0;0;0;0;0;0;0;0;0;0;0;0;0;0;0;0
FR;8;2022-02-20;0;0;0;0;0;0;0;0;0;0;0;0;0;0;0;0;0;0
FR;8;2022-02-21;0;0;0;0;0;0;0;0;0;0;0;0;0;0;0;0;0;0
FR;8;2022-02-22;0;0;0;0;0;0;0;0;0;0;0;0;0;0;0;0;0;0
FR;8;2022-02-23;0;0;0;0;0;0;0;0;0;0;0;0;0;0;0;0;0;0
FR;8;2022-02-24;0;0;0;0;0;0;0;0;0;0;0;0;0;0;0;0;0;0
FR;8;2022-02-25;0;0;0;0;0;0;0;0;0;0;0;0;0;0;0;0;0;0
FR;8;2022-02-26;0;0;0;0;0;0;0;0;0;0;0;0;0;0;0;0;0;0
FR;8;2022-02-27;0;0;0;0;0;0;0;0;0;0;0;0;0;0;0;0;0;0
FR;8;2022-02-28;0;0;0;0;0;0;0;0;0;0;0;0;0;0;0;0;0;0
FR;8;2022-03-01;0;0;0;0;0;0;0;0;0;0;0;0;0;0;0;0;0;0
FR;8;2022-03-02;0;0;0;0;0;0;0;0;0;0;0;0;0;0;0;0;0;0
FR;8;2022-03-03;0;0;0;0;0;0;0;0;0;0;0;0;0;0;0;0;0;0
FR;8;2022-03-04;0;0;0;0;0;0;0;0;0;0;0;0;0;0;0;0;0;0
FR;8;2022-03-05;0;0;0;0;0;0;0;0;0;0;0;0;0;0;0;0;0;0
FR;8;2022-03-06;0;0;0;0;0;0;0;0;0;0;0;0;0;0;0;0;0;0
FR;8;2022-03-07;0;0;0;0;0;0;0;0;0;0;0;0;0;0;0;0;0;0
FR;8;2022-03-08;0;0;0;0;0;0;0;0;0;0;0;0;0;0;0;0;0;0
FR;8;2022-03-09;0;0;0;0;0;0;0;0;0;0;0;0;0;0;0;0;0;0
FR;8;2022-03-10;0;0;0;0;0;0;0;0;0;0;0;0;0;0;0;0;0;0
FR;8;2022-03-11;0;0;0;0;0;0;0;0;0;0;0;0;0;0;0;0;0;0
FR;8;2022-03-12;0;0;0;0;0;0;0;0;0;0;0;0;0;0;0;0;0;0
FR;8;2022-03-13;0;0;0;0;0;0;0;0;0;0;0;0;0;0;0;0;0;0
FR;8;2022-03-14;0;0;0;0;0;0;0;0;0;0;0;0;0;0;0;0;0;0
FR;8;2022-03-15;0;0;0;0;0;0;0;0;0;0;0;0;0;0;0;0;0;0
FR;8;2022-03-16;0;0;0;0;0;0;0;0;0;0;0;0;0;0;0;0;0;0
FR;8;2022-03-17;0;0;0;0;0;0;0;0;0;0;0;0;0;0;0;0;0;0
FR;8;2022-03-18;0;0;0;0;0;0;0;0;0;0;0;0;0;0;0;0;0;0
FR;8;2022-03-19;0;0;0;0;0;0;0;0;0;0;0;0;0;0;0;0;0;0
FR;8;2022-03-20;0;0;0;0;0;0;0;0;0;0;0;0;0;0;0;0;0;0
FR;8;2022-03-21;0;0;0;0;0;0;0;0;0;0;0;0;0;0;0;0;0;0
FR;8;2022-03-22;0;0;0;0;0;0;0;0;0;0;0;0;0;0;0;0;0;0
FR;8;2022-03-23;0;0;0;0;0;0;0;0;0;0;0;0;0;0;0;0;0;0
FR;8;2022-03-24;0;0;0;0;0;0;0;0;0;0;0;0;0;0;0;0;0;0
FR;8;2022-03-25;0;0;0;0;0;0;0;0;0;0;0;0;0;0;0;0;0;0
FR;8;2022-03-26;0;0;0;0;0;0;0;0;0;0;0;0;0;0;0;0;0;0
FR;8;2022-03-27;0;0;0;0;0;0;0;0;0;0;0;0;0;0;0;0;0;0
FR;8;2022-03-28;0;0;0;0;0;0;0;0;0;0;0;0;0;0;0;0;0;0
FR;8;2022-03-29;0;0;0;0;0;0;0;0;0;0;0;0;0;0;0;0;0;0
FR;8;2022-03-30;0;0;0;0;0;0;0;0;0;0;0;0;0;0;0;0;0;0
FR;8;2022-03-31;0;0;0;0;0;0;0;0;0;0;0;0;0;0;0;0;0;0
FR;8;2022-04-01;0;0;0;0;0;0;0;0;0;0;0;0;0;0;0;0;0;0
FR;8;2022-04-02;0;0;0;0;0;0;0;0;0;0;0;0;0;0;0;0;0;0
FR;8;2022-04-03;0;0;0;0;0;0;0;0;0;0;0;0;0;0;0;0;0;0
FR;8;2022-04-04;0;0;0;0;0;0;0;0;0;0;0;0;0;0;0;0;0;0
FR;8;2022-04-05;0;0;0;0;0;0;0;0;0;0;0;0;0;0;0;0;0;0
FR;8;2022-04-06;0;0;0;0;0;0;0;0;0;0;0;0;0;0;0;0;0;0
FR;8;2022-04-07;0;0;0;0;0;0;0;0;0;0;0;0;0;0;0;0;0;0
FR;8;2022-04-08;0;0;0;0;0;0;0;0;0;0;0;0;0;0;0;0;0;0
FR;8;2022-04-09;0;0;0;0;0;0;0;0;0;0;0;0;0;0;0;0;0;0
FR;8;2022-04-10;0;0;0;0;0;0;0;0;0;0;0;0;0;0;0;0;0;0
FR;8;2022-04-11;0;0;0;0;0;0;0;0;0;0;0;0;0;0;0;0;0;0
FR;8;2022-04-12;0;0;0;0;0;0;0;0;0;0;0;0;0;0;0;0;0;0
FR;8;2022-04-13;0;0;0;0;0;0;0;0;0;0;0;0;0;0;0;0;0;0
FR;8;2022-04-14;0;0;0;0;0;0;0;0;0;0;0;0;0;0;0;0;0;0
FR;8;2022-04-15;0;0;0;0;0;0;0;0;0;0;0;0;0;0;0;0;0;0
FR;8;2022-04-16;0;0;0;0;0;0;0;0;0;0;0;0;0;0;0;0;0;0
FR;8;2022-04-17;0;0;0;0;0;0;0;0;0;0;0;0;0;0;0;0;0;0
FR;8;2022-04-18;0;0;0;0;0;0;0;0;0;0;0;0;0;0;0;0;0;0
FR;8;2022-04-19;0;0;0;0;0;0;0;0;0;0;0;0;0;0;0;0;0;0
FR;8;2022-04-20;0;0;0;0;0;0;0;0;0;0;0;0;0;0;0;0;0;0
FR;8;2022-04-21;0;0;0;0;0;0;0;0;0;0;0;0;0;0;0;0;0;0
FR;8;2022-04-22;0;0;0;0;0;0;0;0;0;0;0;0;0;0;0;0;0;0
FR;8;2022-04-23;0;0;0;0;0;0;0;0;0;0;0;0;0;0;0;0;0;0
FR;8;2022-04-24;0;0;0;0;0;0;0;0;0;0;0;0;0;0;0;0;0;0
FR;8;2022-04-25;0;0;0;0;0;0;0;0;0;0;0;0;0;0;0;0;0;0
FR;8;2022-04-26;0;0;0;0;0;0;0;0;0;0;0;0;0;0;0;0;0;0
FR;8;2022-04-27;0;0;0;0;0;0;0;0;0;0;0;0;0;0;0;0;0;0
FR;8;2022-04-28;0;0;0;0;0;0;0;0;0;0;0;0;0;0;0;0;0;0
FR;8;2022-04-29;0;0;0;0;0;0;0;0;0;0;0;0;0;0;0;0;0;0
FR;8;2022-04-30;0;0;0;0;0;0;0;0;0;0;0;0;0;0;0;0;0;0
FR;8;2022-05-01;0;0;0;0;0;0;0;0;0;0;0;0;0;0;0;0;0;0
FR;8;2022-05-02;0;0;0;0;0;0;0;0;0;0;0;0;0;0;0;0;0;0
FR;8;2022-05-03;0;0;0;0;0;0;0;0;0;0;0;0;0;0;0;0;0;0
FR;8;2022-05-04;0;0;0;0;0;0;0;0;0;0;0;0;0;0;0;0;0;0
FR;8;2022-05-05;0;0;0;0;0;0;0;0;0;0;0;0;0;0;0;0;0;0
FR;8;2022-05-06;0;0;0;0;0;0;0;0;0;0;0;0;0;0;0;0;0;0
FR;8;2022-05-07;0;0;0;0;0;0;0;0;0;0;0;0;0;0;0;0;0;0
FR;8;2022-05-08;0;0;0;0;0;0;0;0;0;0;0;0;0;0;0;0;0;0
FR;8;2022-05-09;0;0;0;0;0;0;0;0;0;0;0;0;0;0;0;0;0;0
FR;8;2022-05-10;0;0;0;0;0;0;0;0;0;0;0;0;0;0;0;0;0;0
FR;8;2022-05-11;0;0;0;0;0;0;0;0;0;0;0;0;0;0;0;0;0;0
FR;8;2022-05-12;0;0;0;0;0;0;0;0;0;0;0;0;0;0;0;0;0;0
FR;8;2022-05-13;0;0;0;0;0;0;0;0;0;0;0;0;0;0;0;0;0;0
FR;8;2022-05-14;0;0;0;0;0;0;0;0;0;0;0;0;0;0;0;0;0;0
FR;8;2022-05-15;0;0;0;0;0;0;0;0;0;0;0;0;0;0;0;0;0;0
FR;8;2022-05-16;0;0;0;0;0;0;0;0;0;0;0;0;0;0;0;0;0;0
FR;8;2022-05-17;0;0;0;0;0;0;0;0;0;0;0;0;0;0;0;0;0;0
FR;8;2022-05-18;0;0;0;0;0;0;0;0;0;0;0;0;0;0;0;0;0;0
FR;8;2022-05-19;0;0;0;0;0;0;0;0;0;0;0;0;0;0;0;0;0;0
FR;8;2022-05-20;0;0;0;0;0;0;0;0;0;0;0;0;0;0;0;0;0;0
FR;8;2022-05-21;0;0;0;0;0;0;0;0;0;0;0;0;0;0;0;0;0;0
FR;8;2022-05-22;0;0;0;0;0;0;0;0;0;0;0;0;0;0;0;0;0;0
FR;8;2022-05-23;0;0;0;0;0;0;0;0;0;0;0;0;0;0;0;0;0;0
FR;8;2022-05-24;0;0;0;0;0;0;0;0;0;0;0;0;0;0;0;0;0;0
FR;8;2022-05-25;0;0;0;0;0;0;0;0;0;0;0;0;0;0;0;0;0;0
FR;8;2022-05-26;0;0;0;0;0;0;0;0;0;0;0;0;0;0;0;0;0;0
FR;8;2022-05-27;0;0;0;0;0;0;0;0;0;0;0;0;0;0;0;0;0;0
FR;8;2022-05-28;0;0;0;0;0;0;0;0;0;0;0;0;0;0;0;0;0;0
FR;8;2022-05-29;0;0;0;0;0;0;0;0;0;0;0;0;0;0;0;0;0;0
FR;8;2022-05-30;0;0;0;0;0;0;0;0;0;0;0;0;0;0;0;0;0;0
FR;8;2022-05-31;0;0;0;0;0;0;0;0;0;0;0;0;0;0;0;0;0;0
FR;8;2022-06-01;0;0;0;0;0;0;0;0;0;0;0;0;0;0;0;0;0;0
FR;8;2022-06-02;0;0;0;0;0;0;0;0;0;0;0;0;0;0;0;0;0;0
FR;8;2022-06-03;0;0;0;0;0;0;0;0;0;0;0;0;0;0;0;0;0;0
FR;8;2022-06-04;0;0;0;0;0;0;0;0;0;0;0;0;0;0;0;0;0;0
FR;8;2022-06-05;0;0;0;0;0;0;0;0;0;0;0;0;0;0;0;0;0;0
FR;8;2022-06-06;0;0;0;0;0;0;0;0;0;0;0;0;0;0;0;0;0;0
FR;8;2022-06-07;0;0;0;0;0;0;0;0;0;0;0;0;0;0;0;0;0;0
FR;8;2022-06-08;0;0;0;0;0;0;0;0;0;0;0;0;0;0;0;0;0;0
FR;8;2022-06-09;0;0;0;0;0;0;0;0;0;0;0;0;0;0;0;0;0;0
FR;8;2022-06-10;0;0;0;0;0;0;0;0;0;0;0;0;0;0;0;0;0;0
FR;8;2022-06-11;0;0;0;0;0;0;0;0;0;0;0;0;0;0;0;0;0;0
FR;8;2022-06-12;0;0;0;0;0;0;0;0;0;0;0;0;0;0;0;0;0;0
FR;8;2022-06-13;0;0;0;0;0;0;0;0;0;0;0;0;0;0;0;0;0;0
FR;8;2022-06-14;0;0;0;0;0;0;0;0;0;0;0;0;0;0;0;0;0;0
FR;8;2022-06-15;0;0;0;0;0;0;0;0;0;0;0;0;0;0;0;0;0;0
FR;8;2022-06-16;0;0;0;0;0;0;0;0;0;0;0;0;0;0;0;0;0;0
FR;8;2022-06-17;0;0;0;0;0;0;0;0;0;0;0;0;0;0;0;0;0;0
FR;8;2022-06-18;0;0;0;0;0;0;0;0;0;0;0;0;0;0;0;0;0;0
FR;8;2022-06-19;0;0;0;0;0;0;0;0;0;0;0;0;0;0;0;0;0;0
FR;8;2022-06-20;0;0;0;0;0;0;0;0;0;0;0;0;0;0;0;0;0;0
FR;8;2022-06-21;0;0;0;0;0;0;0;0;0;0;0;0;0;0;0;0;0;0
FR;8;2022-06-22;0;0;0;0;0;0;0;0;0;0;0;0;0;0;0;0;0;0
FR;8;2022-06-23;0;0;0;0;0;0;0;0;0;0;0;0;0;0;0;0;0;0
FR;8;2022-06-24;0;0;0;0;0;0;0;0;0;0;0;0;0;0;0;0;0;0
FR;8;2022-06-25;0;0;0;0;0;0;0;0;0;0;0;0;0;0;0;0;0;0
FR;8;2022-06-26;0;0;0;0;0;0;0;0;0;0;0;0;0;0;0;0;0;0
FR;8;2022-06-27;0;0;0;0;0;0;0;0;0;0;0;0;0;0;0;0;0;0
FR;8;2022-06-28;0;0;0;0;0;0;0;0;0;0;0;0;0;0;0;0;0;0
FR;8;2022-06-29;0;0;0;0;0;0;0;0;0;0;0;0;0;0;0;0;0;0
FR;8;2022-06-30;0;0;0;0;0;0;0;0;0;0;0;0;0;0;0;0;0;0
FR;8;2022-07-01;0;0;0;0;0;0;0;0;0;0;0;0;0;0;0;0;0;0
FR;8;2022-07-02;0;0;0;0;0;0;0;0;0;0;0;0;0;0;0;0;0;0
FR;8;2022-07-03;0;0;0;0;0;0;0;0;0;0;0;0;0;0;0;0;0;0
FR;8;2022-07-04;0;0;0;0;0;0;0;0;0;0;0;0;0;0;0;0;0;0
FR;8;2022-07-05;0;0;0;0;0;0;0;0;0;0;0;0;0;0;0;0;0;0
FR;8;2022-07-06;0;0;0;0;0;0;0;0;0;0;0;0;0;0;0;0;0;0
FR;8;2022-07-07;0;0;0;0;0;0;0;0;0;0;0;0;0;0;0;0;0;0
FR;8;2022-07-08;0;0;0;0;0;0;0;0;0;0;0;0;0;0;0;0;0;0
FR;8;2022-07-09;0;0;0;0;0;0;0;0;0;0;0;0;0;0;0;0;0;0
FR;8;2022-07-10;0;0;0;0;0;0;0;0;0;0;0;0;0;0;0;0;0;0
FR;8;2022-07-11;0;0;0;0;0;0;0;0;0;0;0;0;0;0;0;0;0;0
FR;8;2022-07-12;0;0;0;0;0;0;0;0;0;0;0;0;0;0;0;0;0;0
FR;8;2022-07-13;0;0;0;0;0;0;0;0;0;0;0;0;0;0;0;0;0;0
FR;8;2022-07-14;0;0;0;0;0;0;0;0;0;0;0;0;0;0;0;0;0;0
FR;8;2022-07-15;0;0;0;0;0;0;0;0;0;0;0;0;0;0;0;0;0;0
FR;8;2022-07-16;0;0;0;0;0;0;0;0;0;0;0;0;0;0;0;0;0;0
FR;8;2022-07-17;0;0;0;0;0;0;0;0;0;0;0;0;0;0;0;0;0;0
FR;8;2022-07-18;0;0;0;0;0;0;0;0;0;0;0;0;0;0;0;0;0;0
FR;8;2022-07-19;0;0;0;0;0;0;0;0;0;0;0;0;0;0;0;0;0;0
FR;8;2022-07-20;0;0;0;0;0;0;0;0;0;0;0;0;0;0;0;0;0;0
FR;8;2022-07-21;0;0;0;0;0;0;0;0;0;0;0;0;0;0;0;0;0;0
FR;8;2022-07-22;0;0;0;0;0;0;0;0;0;0;0;0;0;0;0;0;0;0
FR;8;2022-07-23;0;0;0;0;0;0;0;0;0;0;0;0;0;0;0;0;0;0
FR;8;2022-07-24;0;0;0;0;0;0;0;0;0;0;0;0;0;0;0;0;0;0
FR;8;2022-07-25;0;0;0;0;0;0;0;0;0;0;0;0;0;0;0;0;0;0
FR;8;2022-07-26;0;0;0;0;0;0;0;0;0;0;0;0;0;0;0;0;0;0
FR;8;2022-07-27;0;0;0;0;0;0;0;0;0;0;0;0;0;0;0;0;0;0
FR;8;2022-07-28;0;0;0;0;0;0;0;0;0;0;0;0;0;0;0;0;0;0
FR;8;2022-07-29;0;0;0;0;0;0;0;0;0;0;0;0;0;0;0;0;0;0
FR;8;2022-07-30;0;0;0;0;0;0;0;0;0;0;0;0;0;0;0;0;0;0
FR;8;2022-07-31;0;0;0;0;0;0;0;0;0;0;0;0;0;0;0;0;0;0
FR;8;2022-08-01;0;0;0;0;0;0;0;0;0;0;0;0;0;0;0;0;0;0
FR;8;2022-08-02;0;0;0;0;0;0;0;0;0;0;0;0;0;0;0;0;0;0
FR;8;2022-08-03;0;0;0;0;0;0;0;0;0;0;0;0;0;0;0;0;0;0
FR;8;2022-08-04;0;0;0;0;0;0;0;0;0;0;0;0;0;0;0;0;0;0
FR;8;2022-08-05;0;0;0;0;0;0;0;0;0;0;0;0;0;0;0;0;0;0
FR;8;2022-08-06;0;0;0;0;0;0;0;0;0;0;0;0;0;0;0;0;0;0
FR;8;2022-08-07;0;0;0;0;0;0;0;0;0;0;0;0;0;0;0;0;0;0
FR;8;2022-08-08;0;0;0;0;0;0;0;0;0;0;0;0;0;0;0;0;0;0
FR;8;2022-08-09;0;0;0;0;0;0;0;0;0;0;0;0;0;0;0;0;0;0
FR;8;2022-08-10;0;0;0;0;0;0;0;0;0;0;0;0;0;0;0;0;0;0
FR;8;2022-08-11;0;0;0;0;0;0;0;0;0;0;0;0;0;0;0;0;0;0
FR;8;2022-08-12;0;0;0;0;0;0;0;0;0;0;0;0;0;0;0;0;0;0
FR;8;2022-08-13;0;0;0;0;0;0;0;0;0;0;0;0;0;0;0;0;0;0
FR;8;2022-08-14;0;0;0;0;0;0;0;0;0;0;0;0;0;0;0;0;0;0
FR;8;2022-08-15;0;0;0;0;0;0;0;0;0;0;0;0;0;0;0;0;0;0
FR;8;2022-08-16;0;0;0;0;0;0;0;0;0;0;0;0;0;0;0;0;0;0
FR;8;2022-08-17;0;0;0;0;0;0;0;0;0;0;0;0;0;0;0;0;0;0
FR;8;2022-08-18;0;0;0;0;0;0;0;0;0;0;0;0;0;0;0;0;0;0
FR;8;2022-08-19;0;0;0;0;0;0;0;0;0;0;0;0;0;0;0;0;0;0
FR;8;2022-08-20;0;0;0;0;0;0;0;0;0;0;0;0;0;0;0;0;0;0
FR;8;2022-08-21;0;0;0;0;0;0;0;0;0;0;0;0;0;0;0;0;0;0
FR;8;2022-08-22;0;0;0;0;0;0;0;0;0;0;0;0;0;0;0;0;0;0
FR;8;2022-08-23;0;0;0;0;0;0;0;0;0;0;0;0;0;0;0;0;0;0
FR;8;2022-08-24;0;0;0;0;0;0;0;0;0;0;0;0;0;0;0;0;0;0
FR;8;2022-08-25;0;0;0;0;0;0;0;0;0;0;0;0;0;0;0;0;0;0
FR;8;2022-08-26;0;0;0;0;0;0;0;0;0;0;0;0;0;0;0;0;0;0
FR;8;2022-08-27;0;0;0;0;0;0;0;0;0;0;0;0;0;0;0;0;0;0
FR;8;2022-08-28;0;0;0;0;0;0;0;0;0;0;0;0;0;0;0;0;0;0
FR;8;2022-08-29;0;0;0;0;0;0;0;0;0;0;0;0;0;0;0;0;0;0
FR;8;2022-08-30;0;0;0;0;0;0;0;0;0;0;0;0;0;0;0;0;0;0
FR;8;2022-08-31;0;0;0;0;0;0;0;0;0;0;0;0;0;0;0;0;0;0
FR;8;2022-09-01;0;0;0;0;0;0;0;0;0;0;0;0;0;0;0;0;0;0
FR;8;2022-09-02;0;0;0;0;0;0;0;0;0;0;0;0;0;0;0;0;0;0
FR;8;2022-09-03;0;0;0;0;0;0;0;0;0;0;0;0;0;0;0;0;0;0
FR;8;2022-09-04;0;0;0;0;0;0;0;0;0;0;0;0;0;0;0;0;0;0
FR;8;2022-09-05;0;0;0;0;0;0;0;0;0;0;0;0;0;0;0;0;0;0
FR;8;2022-09-06;0;0;0;0;0;0;0;0;0;0;0;0;0;0;0;0;0;0
FR;8;2022-09-07;0;0;0;0;0;0;0;0;0;0;0;0;0;0;0;0;0;0
FR;8;2022-09-08;0;0;0;0;0;0;0;0;0;0;0;0;0;0;0;0;0;0
FR;8;2022-09-09;0;0;0;0;0;0;0;0;0;0;0;0;0;0;0;0;0;0
FR;8;2022-09-10;0;0;0;0;0;0;0;0;0;0;0;0;0;0;0;0;0;0
FR;8;2022-09-11;0;0;0;0;0;0;0;0;0;0;0;0;0;0;0;0;0;0
FR;8;2022-09-12;0;0;0;0;0;0;0;0;0;0;0;0;0;0;0;0;0;0
FR;8;2022-09-13;0;0;0;0;0;0;0;0;0;0;0;0;0;0;0;0;0;0
FR;8;2022-09-14;0;0;0;0;0;0;0;0;0;0;0;0;0;0;0;0;0;0
FR;8;2022-09-15;0;0;0;0;0;0;0;0;0;0;0;0;0;0;0;0;0;0
FR;8;2022-09-16;0;0;0;0;0;0;0;0;0;0;0;0;0;0;0;0;0;0
FR;8;2022-09-17;0;0;0;0;0;0;0;0;0;0;0;0;0;0;0;0;0;0
FR;8;2022-09-18;0;0;0;0;0;0;0;0;0;0;0;0;0;0;0;0;0;0
FR;8;2022-09-19;0;0;0;0;0;0;0;0;0;0;0;0;0;0;0;0;0;0
FR;8;2022-09-20;0;0;0;0;0;0;0;0;0;0;0;0;0;0;0;0;0;0
FR;8;2022-09-21;0;0;0;0;0;0;0;0;0;0;0;0;0;0;0;0;0;0
FR;8;2022-09-22;0;0;0;0;0;0;0;0;0;0;0;0;0;0;0;0;0;0
FR;8;2022-09-23;0;0;0;0;0;0;0;0;0;0;0;0;0;0;0;0;0;0
FR;8;2022-09-24;0;0;0;0;0;0;0;0;0;0;0;0;0;0;0;0;0;0
FR;8;2022-09-25;0;0;0;0;0;0;0;0;0;0;0;0;0;0;0;0;0;0
FR;8;2022-09-26;0;0;0;0;0;0;0;0;0;0;0;0;0;0;0;0;0;0
FR;8;2022-09-27;0;0;0;0;0;0;0;0;0;0;0;0;0;0;0;0;0;0
FR;8;2022-09-28;0;0;0;0;0;0;0;0;0;0;0;0;0;0;0;0;0;0
FR;8;2022-09-29;0;0;0;0;0;0;0;0;0;0;0;0;0;0;0;0;0;0
FR;8;2022-09-30;0;0;0;0;0;0;0;0;0;0;0;0;0;0;0;0;0;0
FR;8;2022-10-01;0;0;0;0;0;0;0;0;0;0;0;0;0;0;0;0;0;0
FR;8;2022-10-02;0;0;0;0;0;0;0;0;0;0;0;0;0;0;0;0;0;0
FR;8;2022-10-03;0;0;0;0;0;0;0;0;0;0;0;0;0;0;0;0;0;0
FR;8;2022-10-04;0;0;0;0;0;0;0;0;0;0;0;0;0;0;0;0;0;0
FR;8;2022-10-05;0;0;0;0;0;0;0;0;0;0;0;0;0;0;0;0;0;0
FR;8;2022-10-06;7;17;113;859;8;82;865;1057;110;7;17;113;859;8;82;865;1057;110
FR;8;2022-10-07;71;101;842;8010;62;699;8064;9841;1071;78;118;955;8869;70;781;8929;10898;1181
FR;8;2022-10-08;35;115;610;4055;50;516;4107;5308;676;113;233;1565;12924;120;1297;13036;16206;1857
FR;8;2022-10-09;17;22;145;885;13;132;913;1233;184;130;255;1710;13809;133;1429;13949;17439;2041
FR;8;2022-10-10;117;192;1342;12680;106;1026;12919;16217;2251;247;447;3052;26489;239;2455;26868;33656;4292
FR;8;2022-10-11;179;261;2475;26915;135;2010;27187;33949;4715;426;708;5527;53404;374;4465;54055;67605;9007
FR;8;2022-10-12;153;255;1830;18230;149;1441;18465;23463;3533;579;963;7357;71634;523;5906;72520;91068;12540
FR;8;2022-10-13;206;277;2507;28038;174;1900;28402;35534;5204;785;1240;9864;99672;697;7806;100922;126602;17744
FR;8;2022-10-14;254;419;3271;36231;242;2555;36657;45556;6302;1039;1659;13135;135903;939;10361;137579;172158;24046
FR;8;2022-10-15;102;181;1201;8802;78;1000;8931;11781;1830;1141;1840;14336;144705;1017;11361;146510;183939;25876
FR;8;2022-10-16;34;54;248;1520;26;215;1555;2177;402;1175;1894;14584;146225;1043;11576;148065;186116;26278
FR;8;2022-10-17;157;308;2097;21754;171;1624;22063;28242;4533;1332;2202;16681;167979;1214;13200;170128;214358;30811
FR;8;2022-10-18;268;347;3354;37835;224;2652;38219;50753;9809;1600;2549;20035;205814;1438;15852;208347;265111;40620
FR;8;2022-10-19;193;313;2625;28279;182;2183;28608;38683;7831;1793;2862;22660;234093;1620;18035;236955;303794;48451
FR;8;2022-10-20;251;363;3574;41151;222;2639;41773;55626;11129;2044;3225;26234;275244;1842;20674;278728;359420;59580
FR;8;2022-10-21;324;489;4451;49376;276;3465;49976;66245;12707;2368;3714;30685;324620;2118;24139;328704;425665;72287
FR;8;2022-10-22;124;168;1230;10658;111;926;10847;14730;2939;2492;3882;31915;335278;2229;25065;339551;440395;75226
FR;8;2022-10-23;49;53;266;1760;48;197;1839;2605;568;2541;3935;32181;337038;2277;25262;341390;443000;75794
FR;8;2022-10-24;230;311;2474;24025;173;2071;24325;33493;7047;2771;4246;34655;361063;2450;27333;365715;476493;82841
FR;8;2022-10-25;306;412;4075;43398;255;3130;43996;61215;13986;3077;4658;38730;404461;2705;30463;409711;537708;96827
FR;8;2022-10-26;224;338;2861;28637;181;2363;28945;41251;9855;3301;4996;41591;433098;2886;32826;438656;578959;106682
FR;8;2022-10-27;273;414;3318;36094;241;2626;36587;51066;11788;3574;5410;44909;469192;3127;35452;475243;630025;118470
FR;8;2022-10-28;327;460;3821;39381;255;2858;40126;54958;11905;3901;5870;48730;508573;3382;38310;515369;684983;130375
FR;8;2022-10-29;109;165;1072;8219;94;801;8363;11846;2665;4010;6035;49802;516792;3476;39111;523732;696829;133040
FR;8;2022-10-30;40;53;209;1333;38;180;1377;2045;484;4050;6088;50011;518125;3514;39291;525109;698874;133524
FR;8;2022-10-31;195;256;1659;14515;140;1273;14781;21104;5032;4245;6344;51670;532640;3654;40564;539890;719978;138556
FR;8;2022-11-01;24;39;133;952;21;167;968;1589;452;4269;6383;51803;533592;3675;40731;540858;721567;139008
FR;8;2022-11-02;192;368;2369;23242;202;1967;23639;34921;9248;4461;6751;54172;556834;3877;42698;564497;756488;148256
FR;8;2022-11-03;308;415;3473;36872;254;2599;37508;54489;14283;4769;7166;57645;593706;4131;45297;602005;810977;162539
FR;8;2022-11-04;352;494;3779;40174;258;2971;40693;57917;14142;5121;7660;61424;633880;4389;48268;642698;868894;176681
FR;8;2022-11-05;113;182;1102;8754;117;849;8921;12870;3065;5234;7842;62526;642634;4506;49117;651619;881764;179746
FR;8;2022-11-06;41;56;223;1402;38;205;1435;2240;590;5275;7898;62749;644036;4544;49322;653054;884004;180336
FR;8;2022-11-07;226;274;2313;24692;200;1785;25274;37368;10241;5501;8172;65062;668728;4744;51107;678328;921372;190577
FR;8;2022-11-08;336;499;4321;48302;299;3251;49246;71342;18684;5837;8671;69383;717030;5043;54358;727574;992714;209261
FR;8;2022-11-09;257;366;2874;29142;207;2258;29820;44397;12236;6094;9037;72257;746172;5250;56616;757394;1037111;221497
FR;8;2022-11-10;361;529;3941;40171;302;3010;41089;60328;16091;6455;9566;76198;786343;5552;59626;798483;1097439;237588
FR;8;2022-11-11;39;63;242;1473;30;206;1518;2661;924;6494;9629;76440;787816;5582;59832;800001;1100100;238512
FR;8;2022-11-12;84;165;881;6428;79;686;6632;9889;2552;6578;9794;77321;794244;5661;60518;806633;1109989;241064
FR;8;2022-11-13;36;54;211;1108;34;171;1160;1916;579;6614;9848;77532;795352;5695;60689;807793;1111905;241643
FR;8;2022-11-14;226;302;2226;22367;161;1714;22902;34903;10214;6840;10150;79758;817719;5856;62403;830695;1146808;251857
FR;8;2022-11-15;336;419;3743;42168;252;2831;43087;64495;18446;7176;10569;83501;859887;6108;65234;873782;1211303;270303
FR;8;2022-11-16;295;345;2601;26326;211;2137;26793;41444;12430;7471;10914;86102;886213;6319;67371;900575;1252747;282733
FR;8;2022-11-17;359;425;3363;36726;284;2597;37307;56299;16298;7830;11339;89465;922939;6603;69968;937882;1309046;299031
FR;8;2022-11-18;341;461;4054;42218;279;2963;43065;63452;17320;8171;11800;93519;965157;6882;72931;980947;1372498;316351
FR;8;2022-11-19;119;178;1198;8947;115;837;9131;13764;3759;8290;11978;94717;974104;6997;73768;990078;1386262;320110
FR;8;2022-11-20;33;48;260;1582;33;216;1649;2642;773;8323;12026;94977;975686;7030;73984;991727;1388904;320883
FR;8;2022-11-21;211;299;2058;19970;172;1581;20489;31821;9688;8534;12325;97035;995656;7202;75565;1012216;1420725;330571
FR;8;2022-11-22;331;404;3448;37431;243;2651;37930;57826;17134;8865;12729;100483;1033087;7445;78216;1050146;1478551;347705
FR;8;2022-11-23;222;314;2397;24322;176;2001;24753;38996;12161;9087;13043;102880;1057409;7621;80217;1074899;1517547;359866
FR;8;2022-11-24;344;375;3359;34763;227;2568;35453;54946;16827;9431;13418;106239;1092172;7848;82785;1110352;1572493;376693
FR;8;2022-11-25;306;413;3619;37621;275;2609;38415;57589;16441;9737;13831;109858;1129793;8123;85394;1148767;1630082;393134
FR;8;2022-11-26;166;194;1176;8790;126;896;8951;13647;3769;9903;14025;111034;1138583;8249;86290;1157718;1643729;396903
FR;8;2022-11-27;44;40;226;1541;33;180;1556;2467;721;9947;14065;111260;1140124;8282;86470;1159274;1646196;397624
FR;8;2022-11-28;177;294;2293;23224;166;1686;23874;37012;11378;10124;14359;113553;1163348;8448;88156;1183148;1683208;409002
FR;8;2022-11-29;288;424;3938;43843;213;2915;44504;68725;21183;10412;14783;117491;1207191;8661;91071;1227652;1751933;430185
FR;8;2022-11-30;279;403;3342;34745;221;2521;35484;54462;16339;10691;15186;120833;1241936;8882;93592;1263136;1806395;446524
FR;8;2022-12-01;321;457;4409;48947;261;3042;49752;76958;24002;11012;15643;125242;1290883;9143;96634;1312888;1883353;470526
FR;8;2022-12-02;395;509;5400;58197;294;3711;59375;89325;26051;11407;16152;130642;1349080;9437;100345;1372263;1972678;496577
FR;8;2022-12-03;171;215;1906;16797;109;1316;17210;25732;7170;11578;16367;132548;1365877;9546;101661;1389473;1998410;503747
FR;8;2022-12-04;53;89;487;4034;59;402;4094;6251;1743;11631;16456;133035;1369911;9605;102063;1393567;2004661;505490
FR;8;2022-12-05;272;391;3813;42178;239;2479;43100;66513;20786;11903;16847;136848;1412089;9844;104542;1436667;2071174;526276
FR;8;2022-12-06;411;532;6271;73985;288;4193;75385;117239;37417;12314;17379;143119;1486074;10132;108735;1512052;2188413;563693
FR;8;2022-12-07;346;422;4870;54774;252;3207;55859;87143;27885;12660;17801;147989;1540848;10384;111942;1567911;2275556;591578
FR;8;2022-12-08;441;521;6375;75015;283;4136;76589;119670;38689;13101;18322;154364;1615863;10667;116078;1644500;2395226;630267
FR;8;2022-12-09;536;595;7944;90496;346;5135;92253;142090;44438;13637;18917;162308;1706359;11013;121213;1736753;2537316;674705
FR;8;2022-12-10;257;292;3327;31611;159;2076;32460;48560;13934;13894;19209;165635;1737970;11172;123289;1769213;2585876;688639
FR;8;2022-12-11;86;101;930;7829;65;635;8046;11833;3132;13980;19310;166565;1745799;11237;123924;1777259;2597709;691771
FR;8;2022-12-12;343;450;5806;64007;242;3682;65522;102718;33317;14323;19760;172371;1809806;11479;127606;1842781;2700427;725088
FR;8;2022-12-13;515;597;8359;98599;343;5154;101007;159146;52653;14838;20357;180730;1908405;11822;132760;1943788;2859573;777741
FR;8;2022-12-14;437;518;6286;69539;293;4104;71073;112271;36831;15275;20875;187016;1977944;12115;136864;2014861;2971844;814572
FR;8;2022-12-15;471;627;8041;90950;342;5044;93108;147600;49114;15746;21502;195057;2068894;12457;141908;2107969;3119444;863686
FR;8;2022-12-16;558;695;8777;99539;367;5623;101606;160419;52818;16304;22197;203834;2168433;12824;147531;2209575;3279863;916504
FR;8;2022-12-17;228;297;3111;29837;176;1973;30602;46346;13666;16532;22494;206945;2198270;13000;149504;2240177;3326209;930170
FR;8;2022-12-18;65;88;715;5890;42;485;6038;9155;2603;16597;22582;207660;2204160;13042;149989;2246215;3335364;932773
FR;8;2022-12-19;388;445;5283;53285;257;3310;54822;86783;28473;16985;23027;212943;2257445;13299;153299;2301037;3422147;961246
FR;8;2022-12-20;539;552;7243;75716;324;4666;77777;125358;42599;17524;23579;220186;2333161;13623;157965;2378814;3547505;1003845
FR;8;2022-12-21;395;457;4855;48048;265;3225;49297;80163;27457;17919;24036;225041;2381209;13888;161190;2428111;3627668;1031302
FR;8;2022-12-22;441;504;4466;43358;293;3067;44522;72874;25135;18360;24540;229507;2424567;14181;164257;2472633;3700542;1056437
FR;8;2022-12-23;288;357;2802;24572;222;1987;25234;41312;13979;18648;24897;232309;2449139;14403;166244;2497867;3741854;1070416
FR;8;2022-12-24;64;66;378;2472;39;281;2581;3998;1121;18712;24963;232687;2451611;14442;166525;2500448;3745852;1071537
FR;8;2022-12-25;27;25;94;512;21;71;531;854;249;18739;24988;232781;2452123;14463;166596;2500979;3746706;1071786
FR;8;2022-12-26;219;253;2095;15622;153;1445;16243;25833;8083;18958;25241;234876;2467745;14616;168041;2517222;3772539;1079869
FR;8;2022-12-27;353;419;3602;31401;229;2412;32458;53209;18202;19311;25660;238478;2499146;14845;170453;2549680;3825748;1098071
FR;9;2020-12-27;0;0;0;0;0;0;0;0;0;0;0;0;0;0;0;0;0;0
FR;9;2020-12-28;0;0;0;0;0;0;0;0;0;0;0;0;0;0;0;0;0;0
FR;9;2020-12-29;0;0;0;0;0;0;0;0;0;0;0;0;0;0;0;0;0;0
FR;9;2020-12-30;0;0;0;0;0;0;0;0;0;0;0;0;0;0;0;0;0;0
FR;9;2020-12-31;0;0;0;0;0;0;0;0;0;0;0;0;0;0;0;0;0;0
FR;9;2021-01-01;0;0;0;0;0;0;0;0;0;0;0;0;0;0;0;0;0;0
FR;9;2021-01-02;0;0;0;0;0;0;0;0;0;0;0;0;0;0;0;0;0;0
FR;9;2021-01-03;0;0;0;0;0;0;0;0;0;0;0;0;0;0;0;0;0;0
FR;9;2021-01-04;0;0;0;0;0;0;0;0;0;0;0;0;0;0;0;0;0;0
FR;9;2021-01-05;0;0;0;0;0;0;0;0;0;0;0;0;0;0;0;0;0;0
FR;9;2021-01-06;0;0;0;0;0;0;0;0;0;0;0;0;0;0;0;0;0;0
FR;9;2021-01-07;0;0;0;0;0;0;0;0;0;0;0;0;0;0;0;0;0;0
FR;9;2021-01-08;0;0;0;0;0;0;0;0;0;0;0;0;0;0;0;0;0;0
FR;9;2021-01-09;0;0;0;0;0;0;0;0;0;0;0;0;0;0;0;0;0;0
FR;9;2021-01-10;0;0;0;0;0;0;0;0;0;0;0;0;0;0;0;0;0;0
FR;9;2021-01-11;0;0;0;0;0;0;0;0;0;0;0;0;0;0;0;0;0;0
FR;9;2021-01-12;0;0;0;0;0;0;0;0;0;0;0;0;0;0;0;0;0;0
FR;9;2021-01-13;0;0;0;0;0;0;0;0;0;0;0;0;0;0;0;0;0;0
FR;9;2021-01-14;0;0;0;0;0;0;0;0;0;0;0;0;0;0;0;0;0;0
FR;9;2021-01-15;0;0;0;0;0;0;0;0;0;0;0;0;0;0;0;0;0;0
FR;9;2021-01-16;0;0;0;0;0;0;0;0;0;0;0;0;0;0;0;0;0;0
FR;9;2021-01-17;0;0;0;0;0;0;0;0;0;0;0;0;0;0;0;0;0;0
FR;9;2021-01-18;0;0;0;0;0;0;0;0;0;0;0;0;0;0;0;0;0;0
FR;9;2021-01-19;0;0;0;0;0;0;0;0;0;0;0;0;0;0;0;0;0;0
FR;9;2021-01-20;0;0;0;0;0;0;0;0;0;0;0;0;0;0;0;0;0;0
FR;9;2021-01-21;0;0;0;0;0;0;0;0;0;0;0;0;0;0;0;0;0;0
FR;9;2021-01-22;0;0;0;0;0;0;0;0;0;0;0;0;0;0;0;0;0;0
FR;9;2021-01-23;0;0;0;0;0;0;0;0;0;0;0;0;0;0;0;0;0;0
FR;9;2021-01-24;0;0;0;0;0;0;0;0;0;0;0;0;0;0;0;0;0;0
FR;9;2021-01-25;0;0;0;0;0;0;0;0;0;0;0;0;0;0;0;0;0;0
FR;9;2021-01-26;0;0;0;0;0;0;0;0;0;0;0;0;0;0;0;0;0;0
FR;9;2021-01-27;0;0;0;0;0;0;0;0;0;0;0;0;0;0;0;0;0;0
FR;9;2021-01-28;0;0;0;0;0;0;0;0;0;0;0;0;0;0;0;0;0;0
FR;9;2021-01-29;0;0;0;0;0;0;0;0;0;0;0;0;0;0;0;0;0;0
FR;9;2021-01-30;0;0;0;0;0;0;0;0;0;0;0;0;0;0;0;0;0;0
FR;9;2021-01-31;0;0;0;0;0;0;0;0;0;0;0;0;0;0;0;0;0;0
FR;9;2021-02-01;0;0;0;0;0;0;0;0;0;0;0;0;0;0;0;0;0;0
FR;9;2021-02-02;0;0;0;0;0;0;0;0;0;0;0;0;0;0;0;0;0;0
FR;9;2021-02-03;0;0;0;0;0;0;0;0;0;0;0;0;0;0;0;0;0;0
FR;9;2021-02-04;0;0;0;0;0;0;0;0;0;0;0;0;0;0;0;0;0;0
FR;9;2021-02-05;0;0;0;0;0;0;0;0;0;0;0;0;0;0;0;0;0;0
FR;9;2021-02-06;0;0;0;0;0;0;0;0;0;0;0;0;0;0;0;0;0;0
FR;9;2021-02-07;0;0;0;0;0;0;0;0;0;0;0;0;0;0;0;0;0;0
FR;9;2021-02-08;0;0;0;0;0;0;0;0;0;0;0;0;0;0;0;0;0;0
FR;9;2021-02-09;0;0;0;0;0;0;0;0;0;0;0;0;0;0;0;0;0;0
FR;9;2021-02-10;0;0;0;0;0;0;0;0;0;0;0;0;0;0;0;0;0;0
FR;9;2021-02-11;0;0;0;0;0;0;0;0;0;0;0;0;0;0;0;0;0;0
FR;9;2021-02-12;0;0;0;0;0;0;0;0;0;0;0;0;0;0;0;0;0;0
FR;9;2021-02-13;0;0;0;0;0;0;0;0;0;0;0;0;0;0;0;0;0;0
FR;9;2021-02-14;0;0;0;0;0;0;0;0;0;0;0;0;0;0;0;0;0;0
FR;9;2021-02-15;0;0;0;0;0;0;0;0;0;0;0;0;0;0;0;0;0;0
FR;9;2021-02-16;0;0;0;0;0;0;0;0;0;0;0;0;0;0;0;0;0;0
FR;9;2021-02-17;0;0;0;0;0;0;0;0;0;0;0;0;0;0;0;0;0;0
FR;9;2021-02-18;0;0;0;0;0;0;0;0;0;0;0;0;0;0;0;0;0;0
FR;9;2021-02-19;0;0;0;0;0;0;0;0;0;0;0;0;0;0;0;0;0;0
FR;9;2021-02-20;0;0;0;0;0;0;0;0;0;0;0;0;0;0;0;0;0;0
FR;9;2021-02-21;0;0;0;0;0;0;0;0;0;0;0;0;0;0;0;0;0;0
FR;9;2021-02-22;0;0;0;0;0;0;0;0;0;0;0;0;0;0;0;0;0;0
FR;9;2021-02-23;0;0;0;0;0;0;0;0;0;0;0;0;0;0;0;0;0;0
FR;9;2021-02-24;0;0;0;0;0;0;0;0;0;0;0;0;0;0;0;0;0;0
FR;9;2021-02-25;0;0;0;0;0;0;0;0;0;0;0;0;0;0;0;0;0;0
FR;9;2021-02-26;0;0;0;0;0;0;0;0;0;0;0;0;0;0;0;0;0;0
FR;9;2021-02-27;0;0;0;0;0;0;0;0;0;0;0;0;0;0;0;0;0;0
FR;9;2021-02-28;0;0;0;0;0;0;0;0;0;0;0;0;0;0;0;0;0;0
FR;9;2021-03-01;0;0;0;0;0;0;0;0;0;0;0;0;0;0;0;0;0;0
FR;9;2021-03-02;0;0;0;0;0;0;0;0;0;0;0;0;0;0;0;0;0;0
FR;9;2021-03-03;0;0;0;0;0;0;0;0;0;0;0;0;0;0;0;0;0;0
FR;9;2021-03-04;0;0;0;0;0;0;0;0;0;0;0;0;0;0;0;0;0;0
FR;9;2021-03-05;0;0;0;0;0;0;0;0;0;0;0;0;0;0;0;0;0;0
FR;9;2021-03-06;0;0;0;0;0;0;0;0;0;0;0;0;0;0;0;0;0;0
FR;9;2021-03-07;0;0;0;0;0;0;0;0;0;0;0;0;0;0;0;0;0;0
FR;9;2021-03-08;0;0;0;0;0;0;0;0;0;0;0;0;0;0;0;0;0;0
FR;9;2021-03-09;0;0;0;0;0;0;0;0;0;0;0;0;0;0;0;0;0;0
FR;9;2021-03-10;0;0;0;0;0;0;0;0;0;0;0;0;0;0;0;0;0;0
FR;9;2021-03-11;0;0;0;0;0;0;0;0;0;0;0;0;0;0;0;0;0;0
FR;9;2021-03-12;0;0;0;0;0;0;0;0;0;0;0;0;0;0;0;0;0;0
FR;9;2021-03-13;0;0;0;0;0;0;0;0;0;0;0;0;0;0;0;0;0;0
FR;9;2021-03-14;0;0;0;0;0;0;0;0;0;0;0;0;0;0;0;0;0;0
FR;9;2021-03-15;0;0;0;0;0;0;0;0;0;0;0;0;0;0;0;0;0;0
FR;9;2021-03-16;0;0;0;0;0;0;0;0;0;0;0;0;0;0;0;0;0;0
FR;9;2021-03-17;0;0;0;0;0;0;0;0;0;0;0;0;0;0;0;0;0;0
FR;9;2021-03-18;0;0;0;0;0;0;0;0;0;0;0;0;0;0;0;0;0;0
FR;9;2021-03-19;0;0;0;0;0;0;0;0;0;0;0;0;0;0;0;0;0;0
FR;9;2021-03-20;0;0;0;0;0;0;0;0;0;0;0;0;0;0;0;0;0;0
FR;9;2021-03-21;0;0;0;0;0;0;0;0;0;0;0;0;0;0;0;0;0;0
FR;9;2021-03-22;0;0;0;0;0;0;0;0;0;0;0;0;0;0;0;0;0;0
FR;9;2021-03-23;0;0;0;0;0;0;0;0;0;0;0;0;0;0;0;0;0;0
FR;9;2021-03-24;0;0;0;0;0;0;0;0;0;0;0;0;0;0;0;0;0;0
FR;9;2021-03-25;0;0;0;0;0;0;0;0;0;0;0;0;0;0;0;0;0;0
FR;9;2021-03-26;0;0;0;0;0;0;0;0;0;0;0;0;0;0;0;0;0;0
FR;9;2021-03-27;0;0;0;0;0;0;0;0;0;0;0;0;0;0;0;0;0;0
FR;9;2021-03-28;0;0;0;0;0;0;0;0;0;0;0;0;0;0;0;0;0;0
FR;9;2021-03-29;0;0;0;0;0;0;0;0;0;0;0;0;0;0;0;0;0;0
FR;9;2021-03-30;0;0;0;0;0;0;0;0;0;0;0;0;0;0;0;0;0;0
FR;9;2021-03-31;0;0;0;0;0;0;0;0;0;0;0;0;0;0;0;0;0;0
FR;9;2021-04-01;0;0;0;0;0;0;0;0;0;0;0;0;0;0;0;0;0;0
FR;9;2021-04-02;0;0;0;0;0;0;0;0;0;0;0;0;0;0;0;0;0;0
FR;9;2021-04-03;0;0;0;0;0;0;0;0;0;0;0;0;0;0;0;0;0;0
FR;9;2021-04-04;0;0;0;0;0;0;0;0;0;0;0;0;0;0;0;0;0;0
FR;9;2021-04-05;0;0;0;0;0;0;0;0;0;0;0;0;0;0;0;0;0;0
FR;9;2021-04-06;0;0;0;0;0;0;0;0;0;0;0;0;0;0;0;0;0;0
FR;9;2021-04-07;0;0;0;0;0;0;0;0;0;0;0;0;0;0;0;0;0;0
FR;9;2021-04-08;0;0;0;0;0;0;0;0;0;0;0;0;0;0;0;0;0;0
FR;9;2021-04-09;0;0;0;0;0;0;0;0;0;0;0;0;0;0;0;0;0;0
FR;9;2021-04-10;0;0;0;0;0;0;0;0;0;0;0;0;0;0;0;0;0;0
FR;9;2021-04-11;0;0;0;0;0;0;0;0;0;0;0;0;0;0;0;0;0;0
FR;9;2021-04-12;0;0;0;0;0;0;0;0;0;0;0;0;0;0;0;0;0;0
FR;9;2021-04-13;0;0;0;0;0;0;0;0;0;0;0;0;0;0;0;0;0;0
FR;9;2021-04-14;0;0;0;0;0;0;0;0;0;0;0;0;0;0;0;0;0;0
FR;9;2021-04-15;0;0;0;0;0;0;0;0;0;0;0;0;0;0;0;0;0;0
FR;9;2021-04-16;0;0;0;0;0;0;0;0;0;0;0;0;0;0;0;0;0;0
FR;9;2021-04-17;0;0;0;0;0;0;0;0;0;0;0;0;0;0;0;0;0;0
FR;9;2021-04-18;0;0;0;0;0;0;0;0;0;0;0;0;0;0;0;0;0;0
FR;9;2021-04-19;0;0;0;0;0;0;0;0;0;0;0;0;0;0;0;0;0;0
FR;9;2021-04-20;0;0;0;0;0;0;0;0;0;0;0;0;0;0;0;0;0;0
FR;9;2021-04-21;0;0;0;0;0;0;0;0;0;0;0;0;0;0;0;0;0;0
FR;9;2021-04-22;0;0;0;0;0;0;0;0;0;0;0;0;0;0;0;0;0;0
FR;9;2021-04-23;0;0;0;0;0;0;0;0;0;0;0;0;0;0;0;0;0;0
FR;9;2021-04-24;0;0;0;0;0;0;0;0;0;0;0;0;0;0;0;0;0;0
FR;9;2021-04-25;0;0;0;0;0;0;0;0;0;0;0;0;0;0;0;0;0;0
FR;9;2021-04-26;0;0;0;0;0;0;0;0;0;0;0;0;0;0;0;0;0;0
FR;9;2021-04-27;0;0;0;0;0;0;0;0;0;0;0;0;0;0;0;0;0;0
FR;9;2021-04-28;0;0;0;0;0;0;0;0;0;0;0;0;0;0;0;0;0;0
FR;9;2021-04-29;0;0;0;0;0;0;0;0;0;0;0;0;0;0;0;0;0;0
FR;9;2021-04-30;0;0;0;0;0;0;0;0;0;0;0;0;0;0;0;0;0;0
FR;9;2021-05-01;0;0;0;0;0;0;0;0;0;0;0;0;0;0;0;0;0;0
FR;9;2021-05-02;0;0;0;0;0;0;0;0;0;0;0;0;0;0;0;0;0;0
FR;9;2021-05-03;0;0;0;0;0;0;0;0;0;0;0;0;0;0;0;0;0;0
FR;9;2021-05-04;0;0;0;0;0;0;0;0;0;0;0;0;0;0;0;0;0;0
FR;9;2021-05-05;0;0;0;0;0;0;0;0;0;0;0;0;0;0;0;0;0;0
FR;9;2021-05-06;0;0;0;0;0;0;0;0;0;0;0;0;0;0;0;0;0;0
FR;9;2021-05-07;0;0;0;0;0;0;0;0;0;0;0;0;0;0;0;0;0;0
FR;9;2021-05-08;0;0;0;0;0;0;0;0;0;0;0;0;0;0;0;0;0;0
FR;9;2021-05-09;0;0;0;0;0;0;0;0;0;0;0;0;0;0;0;0;0;0
FR;9;2021-05-10;0;0;0;0;0;0;0;0;0;0;0;0;0;0;0;0;0;0
FR;9;2021-05-11;0;0;0;0;0;0;0;0;0;0;0;0;0;0;0;0;0;0
FR;9;2021-05-12;0;0;0;0;0;0;0;0;0;0;0;0;0;0;0;0;0;0
FR;9;2021-05-13;0;0;0;0;0;0;0;0;0;0;0;0;0;0;0;0;0;0
FR;9;2021-05-14;0;0;0;0;0;0;0;0;0;0;0;0;0;0;0;0;0;0
FR;9;2021-05-15;0;0;0;0;0;0;0;0;0;0;0;0;0;0;0;0;0;0
FR;9;2021-05-16;0;0;0;0;0;0;0;0;0;0;0;0;0;0;0;0;0;0
FR;9;2021-05-17;0;0;0;0;0;0;0;0;0;0;0;0;0;0;0;0;0;0
FR;9;2021-05-18;0;0;0;0;0;0;0;0;0;0;0;0;0;0;0;0;0;0
FR;9;2021-05-19;0;0;0;0;0;0;0;0;0;0;0;0;0;0;0;0;0;0
FR;9;2021-05-20;0;0;0;0;0;0;0;0;0;0;0;0;0;0;0;0;0;0
FR;9;2021-05-21;0;0;0;0;0;0;0;0;0;0;0;0;0;0;0;0;0;0
FR;9;2021-05-22;0;0;0;0;0;0;0;0;0;0;0;0;0;0;0;0;0;0
FR;9;2021-05-23;0;0;0;0;0;0;0;0;0;0;0;0;0;0;0;0;0;0
FR;9;2021-05-24;0;0;0;0;0;0;0;0;0;0;0;0;0;0;0;0;0;0
FR;9;2021-05-25;0;0;0;0;0;0;0;0;0;0;0;0;0;0;0;0;0;0
FR;9;2021-05-26;0;0;0;0;0;0;0;0;0;0;0;0;0;0;0;0;0;0
FR;9;2021-05-27;0;0;0;0;0;0;0;0;0;0;0;0;0;0;0;0;0;0
FR;9;2021-05-28;0;0;0;0;0;0;0;0;0;0;0;0;0;0;0;0;0;0
FR;9;2021-05-29;0;0;0;0;0;0;0;0;0;0;0;0;0;0;0;0;0;0
FR;9;2021-05-30;0;0;0;0;0;0;0;0;0;0;0;0;0;0;0;0;0;0
FR;9;2021-05-31;0;0;0;0;0;0;0;0;0;0;0;0;0;0;0;0;0;0
FR;9;2021-06-01;0;0;0;0;0;0;0;0;0;0;0;0;0;0;0;0;0;0
FR;9;2021-06-02;0;0;0;0;0;0;0;0;0;0;0;0;0;0;0;0;0;0
FR;9;2021-06-03;0;0;0;0;0;0;0;0;0;0;0;0;0;0;0;0;0;0
FR;9;2021-06-04;0;0;0;0;0;0;0;0;0;0;0;0;0;0;0;0;0;0
FR;9;2021-06-05;0;0;0;0;0;0;0;0;0;0;0;0;0;0;0;0;0;0
FR;9;2021-06-06;0;0;0;0;0;0;0;0;0;0;0;0;0;0;0;0;0;0
FR;9;2021-06-07;0;0;0;0;0;0;0;0;0;0;0;0;0;0;0;0;0;0
FR;9;2021-06-08;0;0;0;0;0;0;0;0;0;0;0;0;0;0;0;0;0;0
FR;9;2021-06-09;0;0;0;0;0;0;0;0;0;0;0;0;0;0;0;0;0;0
FR;9;2021-06-10;0;0;0;0;0;0;0;0;0;0;0;0;0;0;0;0;0;0
FR;9;2021-06-11;0;0;0;0;0;0;0;0;0;0;0;0;0;0;0;0;0;0
FR;9;2021-06-12;0;0;0;0;0;0;0;0;0;0;0;0;0;0;0;0;0;0
FR;9;2021-06-13;0;0;0;0;0;0;0;0;0;0;0;0;0;0;0;0;0;0
FR;9;2021-06-14;0;0;0;0;0;0;0;0;0;0;0;0;0;0;0;0;0;0
FR;9;2021-06-15;0;0;0;0;0;0;0;0;0;0;0;0;0;0;0;0;0;0
FR;9;2021-06-16;0;0;0;0;0;0;0;0;0;0;0;0;0;0;0;0;0;0
FR;9;2021-06-17;0;0;0;0;0;0;0;0;0;0;0;0;0;0;0;0;0;0
FR;9;2021-06-18;0;0;0;0;0;0;0;0;0;0;0;0;0;0;0;0;0;0
FR;9;2021-06-19;0;0;0;0;0;0;0;0;0;0;0;0;0;0;0;0;0;0
FR;9;2021-06-20;0;0;0;0;0;0;0;0;0;0;0;0;0;0;0;0;0;0
FR;9;2021-06-21;0;0;0;0;0;0;0;0;0;0;0;0;0;0;0;0;0;0
FR;9;2021-06-22;0;0;0;0;0;0;0;0;0;0;0;0;0;0;0;0;0;0
FR;9;2021-06-23;0;0;0;0;0;0;0;0;0;0;0;0;0;0;0;0;0;0
FR;9;2021-06-24;0;0;0;0;0;0;0;0;0;0;0;0;0;0;0;0;0;0
FR;9;2021-06-25;0;0;0;0;0;0;0;0;0;0;0;0;0;0;0;0;0;0
FR;9;2021-06-26;0;0;0;0;0;0;0;0;0;0;0;0;0;0;0;0;0;0
FR;9;2021-06-27;0;0;0;0;0;0;0;0;0;0;0;0;0;0;0;0;0;0
FR;9;2021-06-28;0;0;0;0;0;0;0;0;0;0;0;0;0;0;0;0;0;0
FR;9;2021-06-29;0;0;0;0;0;0;0;0;0;0;0;0;0;0;0;0;0;0
FR;9;2021-06-30;0;0;0;0;0;0;0;0;0;0;0;0;0;0;0;0;0;0
FR;9;2021-07-01;0;0;0;0;0;0;0;0;0;0;0;0;0;0;0;0;0;0
FR;9;2021-07-02;0;0;0;0;0;0;0;0;0;0;0;0;0;0;0;0;0;0
FR;9;2021-07-03;0;0;0;0;0;0;0;0;0;0;0;0;0;0;0;0;0;0
FR;9;2021-07-04;0;0;0;0;0;0;0;0;0;0;0;0;0;0;0;0;0;0
FR;9;2021-07-05;0;0;0;0;0;0;0;0;0;0;0;0;0;0;0;0;0;0
FR;9;2021-07-06;0;0;0;0;0;0;0;0;0;0;0;0;0;0;0;0;0;0
FR;9;2021-07-07;0;0;0;0;0;0;0;0;0;0;0;0;0;0;0;0;0;0
FR;9;2021-07-08;0;0;0;0;0;0;0;0;0;0;0;0;0;0;0;0;0;0
FR;9;2021-07-09;0;0;0;0;0;0;0;0;0;0;0;0;0;0;0;0;0;0
FR;9;2021-07-10;0;0;0;0;0;0;0;0;0;0;0;0;0;0;0;0;0;0
FR;9;2021-07-11;0;0;0;0;0;0;0;0;0;0;0;0;0;0;0;0;0;0
FR;9;2021-07-12;0;0;0;0;0;0;0;0;0;0;0;0;0;0;0;0;0;0
FR;9;2021-07-13;0;0;0;0;0;0;0;0;0;0;0;0;0;0;0;0;0;0
FR;9;2021-07-14;0;0;0;0;0;0;0;0;0;0;0;0;0;0;0;0;0;0
FR;9;2021-07-15;0;0;0;0;0;0;0;0;0;0;0;0;0;0;0;0;0;0
FR;9;2021-07-16;0;0;0;0;0;0;0;0;0;0;0;0;0;0;0;0;0;0
FR;9;2021-07-17;0;0;0;0;0;0;0;0;0;0;0;0;0;0;0;0;0;0
FR;9;2021-07-18;0;0;0;0;0;0;0;0;0;0;0;0;0;0;0;0;0;0
FR;9;2021-07-19;0;0;0;0;0;0;0;0;0;0;0;0;0;0;0;0;0;0
FR;9;2021-07-20;0;0;0;0;0;0;0;0;0;0;0;0;0;0;0;0;0;0
FR;9;2021-07-21;0;0;0;0;0;0;0;0;0;0;0;0;0;0;0;0;0;0
FR;9;2021-07-22;0;0;0;0;0;0;0;0;0;0;0;0;0;0;0;0;0;0
FR;9;2021-07-23;0;0;0;0;0;0;0;0;0;0;0;0;0;0;0;0;0;0
FR;9;2021-07-24;0;0;0;0;0;0;0;0;0;0;0;0;0;0;0;0;0;0
FR;9;2021-07-25;0;0;0;0;0;0;0;0;0;0;0;0;0;0;0;0;0;0
FR;9;2021-07-26;0;0;0;0;0;0;0;0;0;0;0;0;0;0;0;0;0;0
FR;9;2021-07-27;0;0;0;0;0;0;0;0;0;0;0;0;0;0;0;0;0;0
FR;9;2021-07-28;0;0;0;0;0;0;0;0;0;0;0;0;0;0;0;0;0;0
FR;9;2021-07-29;0;0;0;0;0;0;0;0;0;0;0;0;0;0;0;0;0;0
FR;9;2021-07-30;0;0;0;0;0;0;0;0;0;0;0;0;0;0;0;0;0;0
FR;9;2021-07-31;0;0;0;0;0;0;0;0;0;0;0;0;0;0;0;0;0;0
FR;9;2021-08-01;0;0;0;0;0;0;0;0;0;0;0;0;0;0;0;0;0;0
FR;9;2021-08-02;0;0;0;0;0;0;0;0;0;0;0;0;0;0;0;0;0;0
FR;9;2021-08-03;0;0;0;0;0;0;0;0;0;0;0;0;0;0;0;0;0;0
FR;9;2021-08-04;0;0;0;0;0;0;0;0;0;0;0;0;0;0;0;0;0;0
FR;9;2021-08-05;0;0;0;0;0;0;0;0;0;0;0;0;0;0;0;0;0;0
FR;9;2021-08-06;0;0;0;0;0;0;0;0;0;0;0;0;0;0;0;0;0;0
FR;9;2021-08-07;0;0;0;0;0;0;0;0;0;0;0;0;0;0;0;0;0;0
FR;9;2021-08-08;0;0;0;0;0;0;0;0;0;0;0;0;0;0;0;0;0;0
FR;9;2021-08-09;0;0;0;0;0;0;0;0;0;0;0;0;0;0;0;0;0;0
FR;9;2021-08-10;0;0;0;0;0;0;0;0;0;0;0;0;0;0;0;0;0;0
FR;9;2021-08-11;0;0;0;0;0;0;0;0;0;0;0;0;0;0;0;0;0;0
FR;9;2021-08-12;0;0;0;0;0;0;0;0;0;0;0;0;0;0;0;0;0;0
FR;9;2021-08-13;0;0;0;0;0;0;0;0;0;0;0;0;0;0;0;0;0;0
FR;9;2021-08-14;0;0;0;0;0;0;0;0;0;0;0;0;0;0;0;0;0;0
FR;9;2021-08-15;0;0;0;0;0;0;0;0;0;0;0;0;0;0;0;0;0;0
FR;9;2021-08-16;0;0;0;0;0;0;0;0;0;0;0;0;0;0;0;0;0;0
FR;9;2021-08-17;0;0;0;0;0;0;0;0;0;0;0;0;0;0;0;0;0;0
FR;9;2021-08-18;0;0;0;0;0;0;0;0;0;0;0;0;0;0;0;0;0;0
FR;9;2021-08-19;0;0;0;0;0;0;0;0;0;0;0;0;0;0;0;0;0;0
FR;9;2021-08-20;0;0;0;0;0;0;0;0;0;0;0;0;0;0;0;0;0;0
FR;9;2021-08-21;0;0;0;0;0;0;0;0;0;0;0;0;0;0;0;0;0;0
FR;9;2021-08-22;0;0;0;0;0;0;0;0;0;0;0;0;0;0;0;0;0;0
FR;9;2021-08-23;0;0;0;0;0;0;0;0;0;0;0;0;0;0;0;0;0;0
FR;9;2021-08-24;0;0;0;0;0;0;0;0;0;0;0;0;0;0;0;0;0;0
FR;9;2021-08-25;0;0;0;0;0;0;0;0;0;0;0;0;0;0;0;0;0;0
FR;9;2021-08-26;0;0;0;0;0;0;0;0;0;0;0;0;0;0;0;0;0;0
FR;9;2021-08-27;0;0;0;0;0;0;0;0;0;0;0;0;0;0;0;0;0;0
FR;9;2021-08-28;0;0;0;0;0;0;0;0;0;0;0;0;0;0;0;0;0;0
FR;9;2021-08-29;0;0;0;0;0;0;0;0;0;0;0;0;0;0;0;0;0;0
FR;9;2021-08-30;0;0;0;0;0;0;0;0;0;0;0;0;0;0;0;0;0;0
FR;9;2021-08-31;0;0;0;0;0;0;0;0;0;0;0;0;0;0;0;0;0;0
FR;9;2021-09-01;0;0;0;0;0;0;0;0;0;0;0;0;0;0;0;0;0;0
FR;9;2021-09-02;0;0;0;0;0;0;0;0;0;0;0;0;0;0;0;0;0;0
FR;9;2021-09-03;0;0;0;0;0;0;0;0;0;0;0;0;0;0;0;0;0;0
FR;9;2021-09-04;0;0;0;0;0;0;0;0;0;0;0;0;0;0;0;0;0;0
FR;9;2021-09-05;0;0;0;0;0;0;0;0;0;0;0;0;0;0;0;0;0;0
FR;9;2021-09-06;0;0;0;0;0;0;0;0;0;0;0;0;0;0;0;0;0;0
FR;9;2021-09-07;0;0;0;0;0;0;0;0;0;0;0;0;0;0;0;0;0;0
FR;9;2021-09-08;0;0;0;0;0;0;0;0;0;0;0;0;0;0;0;0;0;0
FR;9;2021-09-09;0;0;0;0;0;0;0;0;0;0;0;0;0;0;0;0;0;0
FR;9;2021-09-10;0;0;0;0;0;0;0;0;0;0;0;0;0;0;0;0;0;0
FR;9;2021-09-11;0;0;0;0;0;0;0;0;0;0;0;0;0;0;0;0;0;0
FR;9;2021-09-12;0;0;0;0;0;0;0;0;0;0;0;0;0;0;0;0;0;0
FR;9;2021-09-13;0;0;0;0;0;0;0;0;0;0;0;0;0;0;0;0;0;0
FR;9;2021-09-14;0;0;0;0;0;0;0;0;0;0;0;0;0;0;0;0;0;0
FR;9;2021-09-15;0;0;0;0;0;0;0;0;0;0;0;0;0;0;0;0;0;0
FR;9;2021-09-16;0;0;0;0;0;0;0;0;0;0;0;0;0;0;0;0;0;0
FR;9;2021-09-17;0;0;0;0;0;0;0;0;0;0;0;0;0;0;0;0;0;0
FR;9;2021-09-18;0;0;0;0;0;0;0;0;0;0;0;0;0;0;0;0;0;0
FR;9;2021-09-19;0;0;0;0;0;0;0;0;0;0;0;0;0;0;0;0;0;0
FR;9;2021-09-20;0;0;0;0;0;0;0;0;0;0;0;0;0;0;0;0;0;0
FR;9;2021-09-21;0;0;0;0;0;0;0;0;0;0;0;0;0;0;0;0;0;0
FR;9;2021-09-22;0;0;0;0;0;0;0;0;0;0;0;0;0;0;0;0;0;0
FR;9;2021-09-23;0;0;0;0;0;0;0;0;0;0;0;0;0;0;0;0;0;0
FR;9;2021-09-24;0;0;0;0;0;0;0;0;0;0;0;0;0;0;0;0;0;0
FR;9;2021-09-25;0;0;0;0;0;0;0;0;0;0;0;0;0;0;0;0;0;0
FR;9;2021-09-26;0;0;0;0;0;0;0;0;0;0;0;0;0;0;0;0;0;0
FR;9;2021-09-27;0;0;0;0;0;0;0;0;0;0;0;0;0;0;0;0;0;0
FR;9;2021-09-28;0;0;0;0;0;0;0;0;0;0;0;0;0;0;0;0;0;0
FR;9;2021-09-29;0;0;0;0;0;0;0;0;0;0;0;0;0;0;0;0;0;0
FR;9;2021-09-30;0;0;0;0;0;0;0;0;0;0;0;0;0;0;0;0;0;0
FR;9;2021-10-01;0;0;0;0;0;0;0;0;0;0;0;0;0;0;0;0;0;0
FR;9;2021-10-02;0;0;0;0;0;0;0;0;0;0;0;0;0;0;0;0;0;0
FR;9;2021-10-03;0;0;0;0;0;0;0;0;0;0;0;0;0;0;0;0;0;0
FR;9;2021-10-04;0;0;0;0;0;0;0;0;0;0;0;0;0;0;0;0;0;0
FR;9;2021-10-05;0;0;0;0;0;0;0;0;0;0;0;0;0;0;0;0;0;0
FR;9;2021-10-06;0;0;0;0;0;0;0;0;0;0;0;0;0;0;0;0;0;0
FR;9;2021-10-07;0;0;0;0;0;0;0;0;0;0;0;0;0;0;0;0;0;0
FR;9;2021-10-08;0;0;0;0;0;0;0;0;0;0;0;0;0;0;0;0;0;0
FR;9;2021-10-09;0;0;0;0;0;0;0;0;0;0;0;0;0;0;0;0;0;0
FR;9;2021-10-10;0;0;0;0;0;0;0;0;0;0;0;0;0;0;0;0;0;0
FR;9;2021-10-11;0;0;0;0;0;0;0;0;0;0;0;0;0;0;0;0;0;0
FR;9;2021-10-12;0;0;0;0;0;0;0;0;0;0;0;0;0;0;0;0;0;0
FR;9;2021-10-13;0;0;0;0;0;0;0;0;0;0;0;0;0;0;0;0;0;0
FR;9;2021-10-14;0;0;0;0;0;0;0;0;0;0;0;0;0;0;0;0;0;0
FR;9;2021-10-15;0;0;0;0;0;0;0;0;0;0;0;0;0;0;0;0;0;0
FR;9;2021-10-16;0;0;0;0;0;0;0;0;0;0;0;0;0;0;0;0;0;0
FR;9;2021-10-17;0;0;0;0;0;0;0;0;0;0;0;0;0;0;0;0;0;0
FR;9;2021-10-18;0;0;0;0;0;0;0;0;0;0;0;0;0;0;0;0;0;0
FR;9;2021-10-19;0;0;0;0;0;0;0;0;0;0;0;0;0;0;0;0;0;0
FR;9;2021-10-20;0;0;0;0;0;0;0;0;0;0;0;0;0;0;0;0;0;0
FR;9;2021-10-21;0;0;0;0;0;0;0;0;0;0;0;0;0;0;0;0;0;0
FR;9;2021-10-22;0;0;0;0;0;0;0;0;0;0;0;0;0;0;0;0;0;0
FR;9;2021-10-23;0;0;0;0;0;0;0;0;0;0;0;0;0;0;0;0;0;0
FR;9;2021-10-24;0;0;0;0;0;0;0;0;0;0;0;0;0;0;0;0;0;0
FR;9;2021-10-25;0;0;0;0;0;0;0;0;0;0;0;0;0;0;0;0;0;0
FR;9;2021-10-26;0;0;0;0;0;0;0;0;0;0;0;0;0;0;0;0;0;0
FR;9;2021-10-27;0;0;0;0;0;0;0;0;0;0;0;0;0;0;0;0;0;0
FR;9;2021-10-28;0;0;0;0;0;0;0;0;0;0;0;0;0;0;0;0;0;0
FR;9;2021-10-29;0;0;0;0;0;0;0;0;0;0;0;0;0;0;0;0;0;0
FR;9;2021-10-30;0;0;0;0;0;0;0;0;0;0;0;0;0;0;0;0;0;0
FR;9;2021-10-31;0;0;0;0;0;0;0;0;0;0;0;0;0;0;0;0;0;0
FR;9;2021-11-01;0;0;0;0;0;0;0;0;0;0;0;0;0;0;0;0;0;0
FR;9;2021-11-02;0;0;0;0;0;0;0;0;0;0;0;0;0;0;0;0;0;0
FR;9;2021-11-03;0;0;0;0;0;0;0;0;0;0;0;0;0;0;0;0;0;0
FR;9;2021-11-04;0;0;0;0;0;0;0;0;0;0;0;0;0;0;0;0;0;0
FR;9;2021-11-05;0;0;0;0;0;0;0;0;0;0;0;0;0;0;0;0;0;0
FR;9;2021-11-06;0;0;0;0;0;0;0;0;0;0;0;0;0;0;0;0;0;0
FR;9;2021-11-07;0;0;0;0;0;0;0;0;0;0;0;0;0;0;0;0;0;0
FR;9;2021-11-08;0;0;0;0;0;0;0;0;0;0;0;0;0;0;0;0;0;0
FR;9;2021-11-09;0;0;0;0;0;0;0;0;0;0;0;0;0;0;0;0;0;0
FR;9;2021-11-10;0;0;0;0;0;0;0;0;0;0;0;0;0;0;0;0;0;0
FR;9;2021-11-11;0;0;0;0;0;0;0;0;0;0;0;0;0;0;0;0;0;0
FR;9;2021-11-12;0;0;0;0;0;0;0;0;0;0;0;0;0;0;0;0;0;0
FR;9;2021-11-13;0;0;0;0;0;0;0;0;0;0;0;0;0;0;0;0;0;0
FR;9;2021-11-14;0;0;0;0;0;0;0;0;0;0;0;0;0;0;0;0;0;0
FR;9;2021-11-15;0;0;0;0;0;0;0;0;0;0;0;0;0;0;0;0;0;0
FR;9;2021-11-16;0;0;0;0;0;0;0;0;0;0;0;0;0;0;0;0;0;0
FR;9;2021-11-17;0;0;0;0;0;0;0;0;0;0;0;0;0;0;0;0;0;0
FR;9;2021-11-18;0;0;0;0;0;0;0;0;0;0;0;0;0;0;0;0;0;0
FR;9;2021-11-19;0;0;0;0;0;0;0;0;0;0;0;0;0;0;0;0;0;0
FR;9;2021-11-20;0;0;0;0;0;0;0;0;0;0;0;0;0;0;0;0;0;0
FR;9;2021-11-21;0;0;0;0;0;0;0;0;0;0;0;0;0;0;0;0;0;0
FR;9;2021-11-22;0;0;0;0;0;0;0;0;0;0;0;0;0;0;0;0;0;0
FR;9;2021-11-23;0;0;0;0;0;0;0;0;0;0;0;0;0;0;0;0;0;0
FR;9;2021-11-24;0;0;0;0;0;0;0;0;0;0;0;0;0;0;0;0;0;0
FR;9;2021-11-25;0;0;0;0;0;0;0;0;0;0;0;0;0;0;0;0;0;0
FR;9;2021-11-26;0;0;0;0;0;0;0;0;0;0;0;0;0;0;0;0;0;0
FR;9;2021-11-27;0;0;0;0;0;0;0;0;0;0;0;0;0;0;0;0;0;0
FR;9;2021-11-28;0;0;0;0;0;0;0;0;0;0;0;0;0;0;0;0;0;0
FR;9;2021-11-29;0;0;0;0;0;0;0;0;0;0;0;0;0;0;0;0;0;0
FR;9;2021-11-30;0;0;0;0;0;0;0;0;0;0;0;0;0;0;0;0;0;0
FR;9;2021-12-01;0;0;0;0;0;0;0;0;0;0;0;0;0;0;0;0;0;0
FR;9;2021-12-02;0;0;0;0;0;0;0;0;0;0;0;0;0;0;0;0;0;0
FR;9;2021-12-03;0;0;0;0;0;0;0;0;0;0;0;0;0;0;0;0;0;0
FR;9;2021-12-04;0;0;0;0;0;0;0;0;0;0;0;0;0;0;0;0;0;0
FR;9;2021-12-05;0;0;0;0;0;0;0;0;0;0;0;0;0;0;0;0;0;0
FR;9;2021-12-06;0;0;0;0;0;0;0;0;0;0;0;0;0;0;0;0;0;0
FR;9;2021-12-07;0;0;0;0;0;0;0;0;0;0;0;0;0;0;0;0;0;0
FR;9;2021-12-08;0;0;0;0;0;0;0;0;0;0;0;0;0;0;0;0;0;0
FR;9;2021-12-09;0;0;0;0;0;0;0;0;0;0;0;0;0;0;0;0;0;0
FR;9;2021-12-10;0;0;0;0;0;0;0;0;0;0;0;0;0;0;0;0;0;0
FR;9;2021-12-11;0;0;0;0;0;0;0;0;0;0;0;0;0;0;0;0;0;0
FR;9;2021-12-12;0;0;0;0;0;0;0;0;0;0;0;0;0;0;0;0;0;0
FR;9;2021-12-13;0;0;0;0;0;0;0;0;0;0;0;0;0;0;0;0;0;0
FR;9;2021-12-14;0;0;0;0;0;0;0;0;0;0;0;0;0;0;0;0;0;0
FR;9;2021-12-15;0;0;0;0;0;0;0;0;0;0;0;0;0;0;0;0;0;0
FR;9;2021-12-16;0;0;0;0;0;0;0;0;0;0;0;0;0;0;0;0;0;0
FR;9;2021-12-17;0;0;0;0;0;0;0;0;0;0;0;0;0;0;0;0;0;0
FR;9;2021-12-18;0;0;0;0;0;0;0;0;0;0;0;0;0;0;0;0;0;0
FR;9;2021-12-19;0;0;0;0;0;0;0;0;0;0;0;0;0;0;0;0;0;0
FR;9;2021-12-20;0;0;0;0;0;0;0;0;0;0;0;0;0;0;0;0;0;0
FR;9;2021-12-21;0;0;0;0;0;0;0;0;0;0;0;0;0;0;0;0;0;0
FR;9;2021-12-22;0;0;0;0;0;0;0;0;0;0;0;0;0;0;0;0;0;0
FR;9;2021-12-23;0;0;0;0;0;0;0;0;0;0;0;0;0;0;0;0;0;0
FR;9;2021-12-24;0;0;0;0;0;0;0;0;0;0;0;0;0;0;0;0;0;0
FR;9;2021-12-25;0;0;0;0;0;0;0;0;0;0;0;0;0;0;0;0;0;0
FR;9;2021-12-26;0;0;0;0;0;0;0;0;0;0;0;0;0;0;0;0;0;0
FR;9;2021-12-27;0;0;0;0;0;0;0;0;0;0;0;0;0;0;0;0;0;0
FR;9;2021-12-28;0;0;0;0;0;0;0;0;0;0;0;0;0;0;0;0;0;0
FR;9;2021-12-29;0;0;0;0;0;0;0;0;0;0;0;0;0;0;0;0;0;0
FR;9;2021-12-30;0;0;0;0;0;0;0;0;0;0;0;0;0;0;0;0;0;0
FR;9;2021-12-31;0;0;0;0;0;0;0;0;0;0;0;0;0;0;0;0;0;0
FR;9;2022-01-01;0;0;0;0;0;0;0;0;0;0;0;0;0;0;0;0;0;0
FR;9;2022-01-02;0;0;0;0;0;0;0;0;0;0;0;0;0;0;0;0;0;0
FR;9;2022-01-03;0;0;0;0;0;0;0;0;0;0;0;0;0;0;0;0;0;0
FR;9;2022-01-04;0;0;0;0;0;0;0;0;0;0;0;0;0;0;0;0;0;0
FR;9;2022-01-05;0;0;0;0;0;0;0;0;0;0;0;0;0;0;0;0;0;0
FR;9;2022-01-06;0;0;0;0;0;0;0;0;0;0;0;0;0;0;0;0;0;0
FR;9;2022-01-07;0;0;0;0;0;0;0;0;0;0;0;0;0;0;0;0;0;0
FR;9;2022-01-08;0;0;0;0;0;0;0;0;0;0;0;0;0;0;0;0;0;0
FR;9;2022-01-09;0;0;0;0;0;0;0;0;0;0;0;0;0;0;0;0;0;0
FR;9;2022-01-10;0;0;0;0;0;0;0;0;0;0;0;0;0;0;0;0;0;0
FR;9;2022-01-11;0;0;0;0;0;0;0;0;0;0;0;0;0;0;0;0;0;0
FR;9;2022-01-12;0;0;0;0;0;0;0;0;0;0;0;0;0;0;0;0;0;0
FR;9;2022-01-13;0;0;0;0;0;0;0;0;0;0;0;0;0;0;0;0;0;0
FR;9;2022-01-14;0;0;0;0;0;0;0;0;0;0;0;0;0;0;0;0;0;0
FR;9;2022-01-15;0;0;0;0;0;0;0;0;0;0;0;0;0;0;0;0;0;0
FR;9;2022-01-16;0;0;0;0;0;0;0;0;0;0;0;0;0;0;0;0;0;0
FR;9;2022-01-17;0;0;0;0;0;0;0;0;0;0;0;0;0;0;0;0;0;0
FR;9;2022-01-18;0;0;0;0;0;0;0;0;0;0;0;0;0;0;0;0;0;0
FR;9;2022-01-19;0;0;0;0;0;0;0;0;0;0;0;0;0;0;0;0;0;0
FR;9;2022-01-20;0;0;0;0;0;0;0;0;0;0;0;0;0;0;0;0;0;0
FR;9;2022-01-21;0;0;0;0;0;0;0;0;0;0;0;0;0;0;0;0;0;0
FR;9;2022-01-22;0;0;0;0;0;0;0;0;0;0;0;0;0;0;0;0;0;0
FR;9;2022-01-23;0;0;0;0;0;0;0;0;0;0;0;0;0;0;0;0;0;0
FR;9;2022-01-24;0;0;0;0;0;0;0;0;0;0;0;0;0;0;0;0;0;0
FR;9;2022-01-25;0;0;0;0;0;0;0;0;0;0;0;0;0;0;0;0;0;0
FR;9;2022-01-26;0;0;0;0;0;0;0;0;0;0;0;0;0;0;0;0;0;0
FR;9;2022-01-27;0;0;0;0;0;0;0;0;0;0;0;0;0;0;0;0;0;0
FR;9;2022-01-28;0;0;0;0;0;0;0;0;0;0;0;0;0;0;0;0;0;0
FR;9;2022-01-29;0;0;0;0;0;0;0;0;0;0;0;0;0;0;0;0;0;0
FR;9;2022-01-30;0;0;0;0;0;0;0;0;0;0;0;0;0;0;0;0;0;0
FR;9;2022-01-31;0;0;0;0;0;0;0;0;0;0;0;0;0;0;0;0;0;0
FR;9;2022-02-01;0;0;0;0;0;0;0;0;0;0;0;0;0;0;0;0;0;0
FR;9;2022-02-02;0;0;0;0;0;0;0;0;0;0;0;0;0;0;0;0;0;0
FR;9;2022-02-03;0;0;0;0;0;0;0;0;0;0;0;0;0;0;0;0;0;0
FR;9;2022-02-04;0;0;0;0;0;0;0;0;0;0;0;0;0;0;0;0;0;0
FR;9;2022-02-05;0;0;0;0;0;0;0;0;0;0;0;0;0;0;0;0;0;0
FR;9;2022-02-06;0;0;0;0;0;0;0;0;0;0;0;0;0;0;0;0;0;0
FR;9;2022-02-07;0;0;0;0;0;0;0;0;0;0;0;0;0;0;0;0;0;0
FR;9;2022-02-08;0;0;0;0;0;0;0;0;0;0;0;0;0;0;0;0;0;0
FR;9;2022-02-09;0;0;0;0;0;0;0;0;0;0;0;0;0;0;0;0;0;0
FR;9;2022-02-10;0;0;0;0;0;0;0;0;0;0;0;0;0;0;0;0;0;0
FR;9;2022-02-11;0;0;0;0;0;0;0;0;0;0;0;0;0;0;0;0;0;0
FR;9;2022-02-12;0;0;0;0;0;0;0;0;0;0;0;0;0;0;0;0;0;0
FR;9;2022-02-13;0;0;0;0;0;0;0;0;0;0;0;0;0;0;0;0;0;0
FR;9;2022-02-14;0;0;0;0;0;0;0;0;0;0;0;0;0;0;0;0;0;0
FR;9;2022-02-15;0;0;0;0;0;0;0;0;0;0;0;0;0;0;0;0;0;0
FR;9;2022-02-16;0;0;0;0;0;0;0;0;0;0;0;0;0;0;0;0;0;0
FR;9;2022-02-17;0;0;0;0;0;0;0;0;0;0;0;0;0;0;0;0;0;0
FR;9;2022-02-18;0;0;0;0;0;0;0;0;0;0;0;0;0;0;0;0;0;0
FR;9;2022-02-19;0;0;0;0;0;0;0;0;0;0;0;0;0;0;0;0;0;0
FR;9;2022-02-20;0;0;0;0;0;0;0;0;0;0;0;0;0;0;0;0;0;0
FR;9;2022-02-21;0;0;0;0;0;0;0;0;0;0;0;0;0;0;0;0;0;0
FR;9;2022-02-22;0;0;0;0;0;0;0;0;0;0;0;0;0;0;0;0;0;0
FR;9;2022-02-23;0;0;0;0;0;0;0;0;0;0;0;0;0;0;0;0;0;0
FR;9;2022-02-24;0;0;0;0;0;0;0;0;0;0;0;0;0;0;0;0;0;0
FR;9;2022-02-25;0;0;0;0;0;0;0;0;0;0;0;0;0;0;0;0;0;0
FR;9;2022-02-26;0;0;0;0;0;0;0;0;0;0;0;0;0;0;0;0;0;0
FR;9;2022-02-27;0;0;0;0;0;0;0;0;0;0;0;0;0;0;0;0;0;0
FR;9;2022-02-28;0;0;0;0;0;0;0;0;0;0;0;0;0;0;0;0;0;0
FR;9;2022-03-01;0;0;0;0;0;0;0;0;0;0;0;0;0;0;0;0;0;0
FR;9;2022-03-02;0;0;0;0;0;0;0;0;0;0;0;0;0;0;0;0;0;0
FR;9;2022-03-03;0;0;0;0;0;0;0;0;0;0;0;0;0;0;0;0;0;0
FR;9;2022-03-04;0;0;0;0;0;0;0;0;0;0;0;0;0;0;0;0;0;0
FR;9;2022-03-05;0;0;0;0;0;0;0;0;0;0;0;0;0;0;0;0;0;0
FR;9;2022-03-06;0;0;0;0;0;0;0;0;0;0;0;0;0;0;0;0;0;0
FR;9;2022-03-07;0;0;0;0;0;0;0;0;0;0;0;0;0;0;0;0;0;0
FR;9;2022-03-08;0;0;0;0;0;0;0;0;0;0;0;0;0;0;0;0;0;0
FR;9;2022-03-09;0;0;0;0;0;0;0;0;0;0;0;0;0;0;0;0;0;0
FR;9;2022-03-10;0;0;0;0;0;0;0;0;0;0;0;0;0;0;0;0;0;0
FR;9;2022-03-11;0;0;0;0;0;0;0;0;0;0;0;0;0;0;0;0;0;0
FR;9;2022-03-12;0;0;0;0;0;0;0;0;0;0;0;0;0;0;0;0;0;0
FR;9;2022-03-13;0;0;0;0;0;0;0;0;0;0;0;0;0;0;0;0;0;0
FR;9;2022-03-14;0;0;0;0;0;0;0;0;0;0;0;0;0;0;0;0;0;0
FR;9;2022-03-15;0;0;0;0;0;0;0;0;0;0;0;0;0;0;0;0;0;0
FR;9;2022-03-16;0;0;0;0;0;0;0;0;0;0;0;0;0;0;0;0;0;0
FR;9;2022-03-17;0;0;0;0;0;0;0;0;0;0;0;0;0;0;0;0;0;0
FR;9;2022-03-18;0;0;0;0;0;0;0;0;0;0;0;0;0;0;0;0;0;0
FR;9;2022-03-19;0;0;0;0;0;0;0;0;0;0;0;0;0;0;0;0;0;0
FR;9;2022-03-20;0;0;0;0;0;0;0;0;0;0;0;0;0;0;0;0;0;0
FR;9;2022-03-21;0;0;0;0;0;0;0;0;0;0;0;0;0;0;0;0;0;0
FR;9;2022-03-22;0;0;0;0;0;0;0;0;0;0;0;0;0;0;0;0;0;0
FR;9;2022-03-23;0;0;0;0;0;0;0;0;0;0;0;0;0;0;0;0;0;0
FR;9;2022-03-24;0;0;0;0;0;0;0;0;0;0;0;0;0;0;0;0;0;0
FR;9;2022-03-25;0;0;0;0;0;0;0;0;0;0;0;0;0;0;0;0;0;0
FR;9;2022-03-26;0;0;0;0;0;0;0;0;0;0;0;0;0;0;0;0;0;0
FR;9;2022-03-27;0;0;0;0;0;0;0;0;0;0;0;0;0;0;0;0;0;0
FR;9;2022-03-28;0;0;0;0;0;0;0;0;0;0;0;0;0;0;0;0;0;0
FR;9;2022-03-29;0;0;0;0;0;0;0;0;0;0;0;0;0;0;0;0;0;0
FR;9;2022-03-30;0;0;0;0;0;0;0;0;0;0;0;0;0;0;0;0;0;0
FR;9;2022-03-31;0;0;0;0;0;0;0;0;0;0;0;0;0;0;0;0;0;0
FR;9;2022-04-01;0;0;0;0;0;0;0;0;0;0;0;0;0;0;0;0;0;0
FR;9;2022-04-02;0;0;0;0;0;0;0;0;0;0;0;0;0;0;0;0;0;0
FR;9;2022-04-03;0;0;0;0;0;0;0;0;0;0;0;0;0;0;0;0;0;0
FR;9;2022-04-04;0;0;0;0;0;0;0;0;0;0;0;0;0;0;0;0;0;0
FR;9;2022-04-05;0;0;0;0;0;0;0;0;0;0;0;0;0;0;0;0;0;0
FR;9;2022-04-06;0;0;0;0;0;0;0;0;0;0;0;0;0;0;0;0;0;0
FR;9;2022-04-07;0;0;0;0;0;0;0;0;0;0;0;0;0;0;0;0;0;0
FR;9;2022-04-08;0;0;0;0;0;0;0;0;0;0;0;0;0;0;0;0;0;0
FR;9;2022-04-09;0;0;0;0;0;0;0;0;0;0;0;0;0;0;0;0;0;0
FR;9;2022-04-10;0;0;0;0;0;0;0;0;0;0;0;0;0;0;0;0;0;0
FR;9;2022-04-11;0;0;0;0;0;0;0;0;0;0;0;0;0;0;0;0;0;0
FR;9;2022-04-12;0;0;0;0;0;0;0;0;0;0;0;0;0;0;0;0;0;0
FR;9;2022-04-13;0;0;0;0;0;0;0;0;0;0;0;0;0;0;0;0;0;0
FR;9;2022-04-14;0;0;0;0;0;0;0;0;0;0;0;0;0;0;0;0;0;0
FR;9;2022-04-15;0;0;0;0;0;0;0;0;0;0;0;0;0;0;0;0;0;0
FR;9;2022-04-16;0;0;0;0;0;0;0;0;0;0;0;0;0;0;0;0;0;0
FR;9;2022-04-17;0;0;0;0;0;0;0;0;0;0;0;0;0;0;0;0;0;0
FR;9;2022-04-18;0;0;0;0;0;0;0;0;0;0;0;0;0;0;0;0;0;0
FR;9;2022-04-19;0;0;0;0;0;0;0;0;0;0;0;0;0;0;0;0;0;0
FR;9;2022-04-20;0;0;0;0;0;0;0;0;0;0;0;0;0;0;0;0;0;0
FR;9;2022-04-21;0;0;0;0;0;0;0;0;0;0;0;0;0;0;0;0;0;0
FR;9;2022-04-22;0;0;0;0;0;0;0;0;0;0;0;0;0;0;0;0;0;0
FR;9;2022-04-23;0;0;0;0;0;0;0;0;0;0;0;0;0;0;0;0;0;0
FR;9;2022-04-24;0;0;0;0;0;0;0;0;0;0;0;0;0;0;0;0;0;0
FR;9;2022-04-25;0;0;0;0;0;0;0;0;0;0;0;0;0;0;0;0;0;0
FR;9;2022-04-26;0;0;0;0;0;0;0;0;0;0;0;0;0;0;0;0;0;0
FR;9;2022-04-27;0;0;0;0;0;0;0;0;0;0;0;0;0;0;0;0;0;0
FR;9;2022-04-28;0;0;0;0;0;0;0;0;0;0;0;0;0;0;0;0;0;0
FR;9;2022-04-29;0;0;0;0;0;0;0;0;0;0;0;0;0;0;0;0;0;0
FR;9;2022-04-30;0;0;0;0;0;0;0;0;0;0;0;0;0;0;0;0;0;0
FR;9;2022-05-01;0;0;0;0;0;0;0;0;0;0;0;0;0;0;0;0;0;0
FR;9;2022-05-02;0;0;0;0;0;0;0;0;0;0;0;0;0;0;0;0;0;0
FR;9;2022-05-03;0;0;0;0;0;0;0;0;0;0;0;0;0;0;0;0;0;0
FR;9;2022-05-04;0;0;0;0;0;0;0;0;0;0;0;0;0;0;0;0;0;0
FR;9;2022-05-05;0;0;0;0;0;0;0;0;0;0;0;0;0;0;0;0;0;0
FR;9;2022-05-06;0;0;0;0;0;0;0;0;0;0;0;0;0;0;0;0;0;0
FR;9;2022-05-07;0;0;0;0;0;0;0;0;0;0;0;0;0;0;0;0;0;0
FR;9;2022-05-08;0;0;0;0;0;0;0;0;0;0;0;0;0;0;0;0;0;0
FR;9;2022-05-09;0;0;0;0;0;0;0;0;0;0;0;0;0;0;0;0;0;0
FR;9;2022-05-10;0;0;0;0;0;0;0;0;0;0;0;0;0;0;0;0;0;0
FR;9;2022-05-11;0;0;0;0;0;0;0;0;0;0;0;0;0;0;0;0;0;0
FR;9;2022-05-12;0;0;0;0;0;0;0;0;0;0;0;0;0;0;0;0;0;0
FR;9;2022-05-13;0;0;0;0;0;0;0;0;0;0;0;0;0;0;0;0;0;0
FR;9;2022-05-14;0;0;0;0;0;0;0;0;0;0;0;0;0;0;0;0;0;0
FR;9;2022-05-15;0;0;0;0;0;0;0;0;0;0;0;0;0;0;0;0;0;0
FR;9;2022-05-16;0;0;0;0;0;0;0;0;0;0;0;0;0;0;0;0;0;0
FR;9;2022-05-17;0;0;0;0;0;0;0;0;0;0;0;0;0;0;0;0;0;0
FR;9;2022-05-18;0;0;0;0;0;0;0;0;0;0;0;0;0;0;0;0;0;0
FR;9;2022-05-19;0;0;0;0;0;0;0;0;0;0;0;0;0;0;0;0;0;0
FR;9;2022-05-20;0;0;0;0;0;0;0;0;0;0;0;0;0;0;0;0;0;0
FR;9;2022-05-21;0;0;0;0;0;0;0;0;0;0;0;0;0;0;0;0;0;0
FR;9;2022-05-22;0;0;0;0;0;0;0;0;0;0;0;0;0;0;0;0;0;0
FR;9;2022-05-23;0;0;0;0;0;0;0;0;0;0;0;0;0;0;0;0;0;0
FR;9;2022-05-24;0;0;0;0;0;0;0;0;0;0;0;0;0;0;0;0;0;0
FR;9;2022-05-25;0;0;0;0;0;0;0;0;0;0;0;0;0;0;0;0;0;0
FR;9;2022-05-26;0;0;0;0;0;0;0;0;0;0;0;0;0;0;0;0;0;0
FR;9;2022-05-27;0;0;0;0;0;0;0;0;0;0;0;0;0;0;0;0;0;0
FR;9;2022-05-28;0;0;0;0;0;0;0;0;0;0;0;0;0;0;0;0;0;0
FR;9;2022-05-29;0;0;0;0;0;0;0;0;0;0;0;0;0;0;0;0;0;0
FR;9;2022-05-30;0;0;0;0;0;0;0;0;0;0;0;0;0;0;0;0;0;0
FR;9;2022-05-31;0;0;0;0;0;0;0;0;0;0;0;0;0;0;0;0;0;0
FR;9;2022-06-01;0;0;0;0;0;0;0;0;0;0;0;0;0;0;0;0;0;0
FR;9;2022-06-02;0;0;0;0;0;0;0;0;0;0;0;0;0;0;0;0;0;0
FR;9;2022-06-03;0;0;0;0;0;0;0;0;0;0;0;0;0;0;0;0;0;0
FR;9;2022-06-04;0;0;0;0;0;0;0;0;0;0;0;0;0;0;0;0;0;0
FR;9;2022-06-05;0;0;0;0;0;0;0;0;0;0;0;0;0;0;0;0;0;0
FR;9;2022-06-06;0;0;0;0;0;0;0;0;0;0;0;0;0;0;0;0;0;0
FR;9;2022-06-07;0;0;0;0;0;0;0;0;0;0;0;0;0;0;0;0;0;0
FR;9;2022-06-08;0;0;0;0;0;0;0;0;0;0;0;0;0;0;0;0;0;0
FR;9;2022-06-09;0;0;0;0;0;0;0;0;0;0;0;0;0;0;0;0;0;0
FR;9;2022-06-10;0;0;0;0;0;0;0;0;0;0;0;0;0;0;0;0;0;0
FR;9;2022-06-11;0;0;0;0;0;0;0;0;0;0;0;0;0;0;0;0;0;0
FR;9;2022-06-12;0;0;0;0;0;0;0;0;0;0;0;0;0;0;0;0;0;0
FR;9;2022-06-13;0;0;0;0;0;0;0;0;0;0;0;0;0;0;0;0;0;0
FR;9;2022-06-14;0;0;0;0;0;0;0;0;0;0;0;0;0;0;0;0;0;0
FR;9;2022-06-15;0;0;0;0;0;0;0;0;0;0;0;0;0;0;0;0;0;0
FR;9;2022-06-16;0;0;0;0;0;0;0;0;0;0;0;0;0;0;0;0;0;0
FR;9;2022-06-17;0;0;0;0;0;0;0;0;0;0;0;0;0;0;0;0;0;0
FR;9;2022-06-18;0;0;0;0;0;0;0;0;0;0;0;0;0;0;0;0;0;0
FR;9;2022-06-19;0;0;0;0;0;0;0;0;0;0;0;0;0;0;0;0;0;0
FR;9;2022-06-20;0;0;0;0;0;0;0;0;0;0;0;0;0;0;0;0;0;0
FR;9;2022-06-21;0;0;0;0;0;0;0;0;0;0;0;0;0;0;0;0;0;0
FR;9;2022-06-22;0;0;0;0;0;0;0;0;0;0;0;0;0;0;0;0;0;0
FR;9;2022-06-23;0;0;0;0;0;0;0;0;0;0;0;0;0;0;0;0;0;0
FR;9;2022-06-24;0;0;0;0;0;0;0;0;0;0;0;0;0;0;0;0;0;0
FR;9;2022-06-25;0;0;0;0;0;0;0;0;0;0;0;0;0;0;0;0;0;0
FR;9;2022-06-26;0;0;0;0;0;0;0;0;0;0;0;0;0;0;0;0;0;0
FR;9;2022-06-27;0;0;0;0;0;0;0;0;0;0;0;0;0;0;0;0;0;0
FR;9;2022-06-28;0;0;0;0;0;0;0;0;0;0;0;0;0;0;0;0;0;0
FR;9;2022-06-29;0;0;0;0;0;0;0;0;0;0;0;0;0;0;0;0;0;0
FR;9;2022-06-30;0;0;0;0;0;0;0;0;0;0;0;0;0;0;0;0;0;0
FR;9;2022-07-01;0;0;0;0;0;0;0;0;0;0;0;0;0;0;0;0;0;0
FR;9;2022-07-02;0;0;0;0;0;0;0;0;0;0;0;0;0;0;0;0;0;0
FR;9;2022-07-03;0;0;0;0;0;0;0;0;0;0;0;0;0;0;0;0;0;0
FR;9;2022-07-04;0;0;0;0;0;0;0;0;0;0;0;0;0;0;0;0;0;0
FR;9;2022-07-05;0;0;0;0;0;0;0;0;0;0;0;0;0;0;0;0;0;0
FR;9;2022-07-06;0;0;0;0;0;0;0;0;0;0;0;0;0;0;0;0;0;0
FR;9;2022-07-07;0;0;0;0;0;0;0;0;0;0;0;0;0;0;0;0;0;0
FR;9;2022-07-08;0;0;0;0;0;0;0;0;0;0;0;0;0;0;0;0;0;0
FR;9;2022-07-09;0;0;0;0;0;0;0;0;0;0;0;0;0;0;0;0;0;0
FR;9;2022-07-10;0;0;0;0;0;0;0;0;0;0;0;0;0;0;0;0;0;0
FR;9;2022-07-11;0;0;0;0;0;0;0;0;0;0;0;0;0;0;0;0;0;0
FR;9;2022-07-12;0;0;0;0;0;0;0;0;0;0;0;0;0;0;0;0;0;0
FR;9;2022-07-13;0;0;0;0;0;0;0;0;0;0;0;0;0;0;0;0;0;0
FR;9;2022-07-14;0;0;0;0;0;0;0;0;0;0;0;0;0;0;0;0;0;0
FR;9;2022-07-15;0;0;0;0;0;0;0;0;0;0;0;0;0;0;0;0;0;0
FR;9;2022-07-16;0;0;0;0;0;0;0;0;0;0;0;0;0;0;0;0;0;0
FR;9;2022-07-17;0;0;0;0;0;0;0;0;0;0;0;0;0;0;0;0;0;0
FR;9;2022-07-18;0;0;0;0;0;0;0;0;0;0;0;0;0;0;0;0;0;0
FR;9;2022-07-19;0;0;0;0;0;0;0;0;0;0;0;0;0;0;0;0;0;0
FR;9;2022-07-20;0;0;0;0;0;0;0;0;0;0;0;0;0;0;0;0;0;0
FR;9;2022-07-21;0;0;0;0;0;0;0;0;0;0;0;0;0;0;0;0;0;0
FR;9;2022-07-22;0;0;0;0;0;0;0;0;0;0;0;0;0;0;0;0;0;0
FR;9;2022-07-23;0;0;0;0;0;0;0;0;0;0;0;0;0;0;0;0;0;0
FR;9;2022-07-24;0;0;0;0;0;0;0;0;0;0;0;0;0;0;0;0;0;0
FR;9;2022-07-25;0;0;0;0;0;0;0;0;0;0;0;0;0;0;0;0;0;0
FR;9;2022-07-26;0;0;0;0;0;0;0;0;0;0;0;0;0;0;0;0;0;0
FR;9;2022-07-27;0;0;0;0;0;0;0;0;0;0;0;0;0;0;0;0;0;0
FR;9;2022-07-28;0;0;0;0;0;0;0;0;0;0;0;0;0;0;0;0;0;0
FR;9;2022-07-29;0;0;0;0;0;0;0;0;0;0;0;0;0;0;0;0;0;0
FR;9;2022-07-30;0;0;0;0;0;0;0;0;0;0;0;0;0;0;0;0;0;0
FR;9;2022-07-31;0;0;0;0;0;0;0;0;0;0;0;0;0;0;0;0;0;0
FR;9;2022-08-01;0;0;0;0;0;0;0;0;0;0;0;0;0;0;0;0;0;0
FR;9;2022-08-02;0;0;0;0;0;0;0;0;0;0;0;0;0;0;0;0;0;0
FR;9;2022-08-03;0;0;0;0;0;0;0;0;0;0;0;0;0;0;0;0;0;0
FR;9;2022-08-04;0;0;0;0;0;0;0;0;0;0;0;0;0;0;0;0;0;0
FR;9;2022-08-05;0;0;0;0;0;0;0;0;0;0;0;0;0;0;0;0;0;0
FR;9;2022-08-06;0;0;0;0;0;0;0;0;0;0;0;0;0;0;0;0;0;0
FR;9;2022-08-07;0;0;0;0;0;0;0;0;0;0;0;0;0;0;0;0;0;0
FR;9;2022-08-08;0;0;0;0;0;0;0;0;0;0;0;0;0;0;0;0;0;0
FR;9;2022-08-09;0;0;0;0;0;0;0;0;0;0;0;0;0;0;0;0;0;0
FR;9;2022-08-10;0;0;0;0;0;0;0;0;0;0;0;0;0;0;0;0;0;0
FR;9;2022-08-11;0;0;0;0;0;0;0;0;0;0;0;0;0;0;0;0;0;0
FR;9;2022-08-12;0;0;0;0;0;0;0;0;0;0;0;0;0;0;0;0;0;0
FR;9;2022-08-13;0;0;0;0;0;0;0;0;0;0;0;0;0;0;0;0;0;0
FR;9;2022-08-14;0;0;0;0;0;0;0;0;0;0;0;0;0;0;0;0;0;0
FR;9;2022-08-15;0;0;0;0;0;0;0;0;0;0;0;0;0;0;0;0;0;0
FR;9;2022-08-16;0;0;0;0;0;0;0;0;0;0;0;0;0;0;0;0;0;0
FR;9;2022-08-17;0;0;0;0;0;0;0;0;0;0;0;0;0;0;0;0;0;0
FR;9;2022-08-18;0;0;0;0;0;0;0;0;0;0;0;0;0;0;0;0;0;0
FR;9;2022-08-19;0;0;0;0;0;0;0;0;0;0;0;0;0;0;0;0;0;0
FR;9;2022-08-20;0;0;0;0;0;0;0;0;0;0;0;0;0;0;0;0;0;0
FR;9;2022-08-21;0;0;0;0;0;0;0;0;0;0;0;0;0;0;0;0;0;0
FR;9;2022-08-22;0;0;0;0;0;0;0;0;0;0;0;0;0;0;0;0;0;0
FR;9;2022-08-23;0;0;0;0;0;0;0;0;0;0;0;0;0;0;0;0;0;0
FR;9;2022-08-24;0;0;0;0;0;0;0;0;0;0;0;0;0;0;0;0;0;0
FR;9;2022-08-25;0;0;0;0;0;0;0;0;0;0;0;0;0;0;0;0;0;0
FR;9;2022-08-26;0;0;0;0;0;0;0;0;0;0;0;0;0;0;0;0;0;0
FR;9;2022-08-27;0;0;0;0;0;0;0;0;0;0;0;0;0;0;0;0;0;0
FR;9;2022-08-28;0;0;0;0;0;0;0;0;0;0;0;0;0;0;0;0;0;0
FR;9;2022-08-29;0;0;0;0;0;0;0;0;0;0;0;0;0;0;0;0;0;0
FR;9;2022-08-30;0;0;0;0;0;0;0;0;0;0;0;0;0;0;0;0;0;0
FR;9;2022-08-31;0;0;0;0;0;0;0;0;0;0;0;0;0;0;0;0;0;0
FR;9;2022-09-01;0;0;0;0;0;0;0;0;0;0;0;0;0;0;0;0;0;0
FR;9;2022-09-02;0;0;0;0;0;0;0;0;0;0;0;0;0;0;0;0;0;0
FR;9;2022-09-03;0;0;0;0;0;0;0;0;0;0;0;0;0;0;0;0;0;0
FR;9;2022-09-04;0;0;0;0;0;0;0;0;0;0;0;0;0;0;0;0;0;0
FR;9;2022-09-05;0;0;0;0;0;0;0;0;0;0;0;0;0;0;0;0;0;0
FR;9;2022-09-06;0;0;0;0;0;0;0;0;0;0;0;0;0;0;0;0;0;0
FR;9;2022-09-07;0;0;0;0;0;0;0;0;0;0;0;0;0;0;0;0;0;0
FR;9;2022-09-08;0;0;0;0;0;0;0;0;0;0;0;0;0;0;0;0;0;0
FR;9;2022-09-09;0;0;0;0;0;0;0;0;0;0;0;0;0;0;0;0;0;0
FR;9;2022-09-10;0;0;0;0;0;0;0;0;0;0;0;0;0;0;0;0;0;0
FR;9;2022-09-11;0;0;0;0;0;0;0;0;0;0;0;0;0;0;0;0;0;0
FR;9;2022-09-12;0;0;0;0;0;0;0;0;0;0;0;0;0;0;0;0;0;0
FR;9;2022-09-13;0;0;0;0;0;0;0;0;0;0;0;0;0;0;0;0;0;0
FR;9;2022-09-14;0;0;0;0;0;0;0;0;0;0;0;0;0;0;0;0;0;0
FR;9;2022-09-15;0;0;0;0;0;0;0;0;0;0;0;0;0;0;0;0;0;0
FR;9;2022-09-16;0;0;0;0;0;0;0;0;0;0;0;0;0;0;0;0;0;0
FR;9;2022-09-17;0;0;0;0;0;0;0;0;0;0;0;0;0;0;0;0;0;0
FR;9;2022-09-18;0;0;0;0;0;0;0;0;0;0;0;0;0;0;0;0;0;0
FR;9;2022-09-19;0;0;0;0;0;0;0;0;0;0;0;0;0;0;0;0;0;0
FR;9;2022-09-20;0;0;0;0;0;0;0;0;0;0;0;0;0;0;0;0;0;0
FR;9;2022-09-21;0;0;0;0;0;0;0;0;0;0;0;0;0;0;0;0;0;0
FR;9;2022-09-22;0;0;0;0;0;0;0;0;0;0;0;0;0;0;0;0;0;0
FR;9;2022-09-23;0;0;0;0;0;0;0;0;0;0;0;0;0;0;0;0;0;0
FR;9;2022-09-24;0;0;0;0;0;0;0;0;0;0;0;0;0;0;0;0;0;0
FR;9;2022-09-25;0;0;0;0;0;0;0;0;0;0;0;0;0;0;0;0;0;0
FR;9;2022-09-26;0;0;0;0;0;0;0;0;0;0;0;0;0;0;0;0;0;0
FR;9;2022-09-27;0;0;0;0;0;0;0;0;0;0;0;0;0;0;0;0;0;0
FR;9;2022-09-28;0;0;0;0;0;0;0;0;0;0;0;0;0;0;0;0;0;0
FR;9;2022-09-29;1;1;8;31;0;6;33;41;2;1;1;8;31;0;6;33;41;2
FR;9;2022-09-30;5;12;60;606;6;47;613;713;51;6;13;68;637;6;53;646;754;53
FR;9;2022-10-01;9;1;43;327;2;26;335;396;35;15;14;111;964;8;79;981;1150;88
FR;9;2022-10-02;1;1;5;50;0;4;51;66;11;16;15;116;1014;8;83;1032;1216;99
FR;9;2022-10-03;10;16;151;1713;10;129;1707;2073;234;26;31;267;2727;18;212;2739;3289;333
FR;9;2022-10-04;20;48;353;3952;18;228;4020;4702;450;46;79;620;6679;36;440;6759;7991;783
FR;9;2022-10-05;27;19;269;2997;16;203;3010;3655;433;73;98;889;9676;52;643;9769;11646;1216
FR;9;2022-10-06;23;34;399;4598;17;300;4631;5608;672;96;132;1288;14274;69;943;14400;17254;1888
FR;9;2022-10-07;29;50;499;5704;19;384;5718;7027;923;125;182;1787;19978;88;1327;20118;24281;2811
FR;9;2022-10-08;10;18;128;1089;8;86;1107;1387;190;135;200;1915;21067;96;1413;21225;25668;3001
FR;9;2022-10-09;1;7;22;197;1;29;198;277;50;136;207;1937;21264;97;1442;21423;25945;3051
FR;9;2022-10-10;11;26;207;2572;14;181;2576;3296;533;147;233;2144;23836;111;1623;23999;29241;3584
FR;9;2022-10-11;31;40;424;5043;27;312;5024;6197;851;178;273;2568;28879;138;1935;29023;35438;4435
FR;9;2022-10-12;22;26;297;2987;16;212;3044;3830;572;200;299;2865;31866;154;2147;32067;39268;5007
FR;9;2022-10-13;25;42;374;3980;16;245;4036;5027;740;225;341;3239;35846;170;2392;36103;44295;5747
FR;9;2022-10-14;27;26;381;4427;12;293;4411;5553;838;252;367;3620;40273;182;2685;40514;49848;6585
FR;9;2022-10-15;14;8;101;1051;7;79;1028;1307;198;266;375;3721;41324;189;2764;41542;51155;6783
FR;9;2022-10-16;4;1;9;131;2;12;125;167;28;270;376;3730;41455;191;2776;41667;51322;6811
FR;9;2022-10-17;4;22;165;1875;11;127;1883;2492;475;274;398;3895;43330;202;2903;43550;53814;7286
FR;9;2022-10-18;36;28;316;3429;17;235;3453;4652;955;310;426;4211;46759;219;3138;47003;58466;8241
FR;9;2022-10-19;22;19;262;2687;16;174;2717;3725;819;332;445;4473;49446;235;3312;49720;62191;9060
FR;9;2022-10-20;21;22;308;3625;8;232;3626;4798;932;353;467;4781;53071;243;3544;53346;66989;9992
FR;9;2022-10-21;14;31;324;3525;10;226;3543;4636;859;367;498;5105;56596;253;3770;56889;71625;10851
FR;9;2022-10-22;10;11;90;914;8;62;919;1193;207;377;509;5195;57510;261;3832;57808;72818;11058
FR;9;2022-10-23;2;2;17;99;2;10;104;147;33;379;511;5212;57609;263;3842;57912;72965;11091
FR;9;2022-10-24;7;17;158;1362;6;104;1430;1934;395;386;528;5370;58971;269;3946;59342;74899;11486
FR;9;2022-10-25;18;22;227;2837;16;188;2846;3908;871;404;550;5597;61808;285;4134;62188;78807;12357
FR;9;2022-10-26;14;16;169;1797;13;123;1810;2519;584;418;566;5766;63605;298;4257;63998;81326;12941
FR;9;2022-10-27;9;26;230;2291;15;173;2324;3170;662;427;592;5996;65896;313;4430;66322;84496;13603
FR;9;2022-10-28;18;27;224;2277;17;151;2303;3141;680;445;619;6220;68173;330;4581;68625;87637;14283
FR;9;2022-10-29;12;8;55;505;5;46;496;662;119;457;627;6275;68678;335;4627;69121;88299;14402
FR;9;2022-10-30;2;1;8;58;1;8;58;82;16;459;628;6283;68736;336;4635;69179;88381;14418
FR;9;2022-10-31;13;7;105;658;9;59;693;986;232;472;635;6388;69394;345;4694;69872;89367;14650
FR;9;2022-11-01;1;1;15;43;0;11;49;71;11;473;636;6403;69437;345;4705;69921;89438;14661
FR;9;2022-11-02;7;12;102;1025;4;76;1043;1574;451;480;648;6505;70462;349;4781;70964;91012;15112
FR;9;2022-11-03;17;17;155;1583;15;90;1631;2325;594;497;665;6660;72045;364;4871;72595;93337;15706
FR;9;2022-11-04;21;19;193;1746;15;120;1795;2521;601;518;684;6853;73791;379;4991;74390;95858;16307
FR;9;2022-11-05;8;10;58;403;9;39;424;573;107;526;694;6911;74194;388;5030;74814;96431;16414
FR;9;2022-11-06;5;4;5;61;6;2;60;87;25;531;698;6916;74255;394;5032;74874;96518;16439
FR;9;2022-11-07;16;19;88;923;16;109;929;1468;424;547;717;7004;75178;410;5141;75803;97986;16863
FR;9;2022-11-08;10;19;164;1800;13;132;1795;2634;702;557;736;7168;76978;423;5273;77598;100620;17565
FR;9;2022-11-09;16;16;123;1260;9;98;1321;1877;453;573;752;7291;78238;432;5371;78919;102497;18018
FR;9;2022-11-10;13;21;158;1620;13;137;1613;2272;518;586;773;7449;79858;445;5508;80532;104769;18536
FR;9;2022-11-11;1;1;13;81;1;6;83;123;34;587;774;7462;79939;446;5514;80615;104892;18570
FR;9;2022-11-12;5;8;44;259;7;19;278;395;97;592;782;7506;80198;453;5533;80893;105287;18667
FR;9;2022-11-13;2;0;4;30;0;4;31;51;16;594;782;7510;80228;453;5537;80924;105338;18683
FR;9;2022-11-14;11;12;56;707;11;44;722;1107;338;605;794;7566;80935;464;5581;81646;106445;19021
FR;9;2022-11-15;18;16;146;1322;7;103;1329;2074;636;623;810;7712;82257;471;5684;82975;108519;19657
FR;9;2022-11-16;10;4;99;979;7;58;997;1488;429;633;814;7811;83236;478;5742;83972;110007;20086
FR;9;2022-11-17;9;15;121;1071;10;74;1094;1662;489;642;829;7932;84307;488;5816;85066;111669;20575
FR;9;2022-11-18;7;16;119;1436;5;77;1451;2021;491;649;845;8051;85743;493;5893;86517;113690;21066
FR;9;2022-11-19;3;5;50;364;1;27;350;488;106;652;850;8101;86107;494;5920;86867;114178;21172
FR;9;2022-11-20;1;0;5;37;0;3;35;54;16;653;850;8106;86144;494;5923;86902;114232;21188
FR;9;2022-11-21;9;12;66;636;5;51;639;960;263;662;862;8172;86780;499;5974;87541;115192;21451
FR;9;2022-11-22;15;12;121;1037;13;74;1067;1591;448;677;874;8293;87817;512;6048;88608;116783;21899
FR;9;2022-11-23;7;10;67;712;5;33;738;1136;360;684;884;8360;88529;517;6081;89346;117919;22259
FR;9;2022-11-24;8;19;93;977;14;68;990;1470;406;692;903;8453;89506;531;6149;90336;119389;22665
FR;9;2022-11-25;8;10;106;1173;8;81;1189;1742;471;700;913;8559;90679;539;6230;91525;121131;23136
FR;9;2022-11-26;6;6;35;217;7;24;211;307;68;706;919;8594;90896;546;6254;91736;121438;23204
FR;9;2022-11-27;1;1;6;42;0;2;46;82;34;707;920;8600;90938;546;6256;91782;121520;23238
FR;9;2022-11-28;5;7;98;689;7;57;716;1107;329;712;927;8698;91627;553;6313;92498;122627;23567
FR;9;2022-11-29;5;17;139;1295;6;87;1322;1930;516;717;944;8837;92922;559;6400;93820;124557;24083
FR;9;2022-11-30;9;12;99;1026;5;76;1049;1599;469;726;956;8936;93948;564;6476;94869;126156;24552
FR;9;2022-12-01;16;14;111;1329;8;80;1314;1938;540;742;970;9047;95277;572;6556;96183;128094;25092
FR;9;2022-12-02;10;13;192;1814;10;107;1814;2625;698;752;983;9239;97091;582;6663;97997;130719;25790
FR;9;2022-12-03;7;9;78;617;5;40;631;884;207;759;992;9317;97708;587;6703;98628;131603;25997
FR;9;2022-12-04;9;4;15;105;5;8;105;153;40;768;996;9332;97813;592;6711;98733;131756;26037
FR;9;2022-12-05;19;24;144;1404;17;98;1420;2105;580;787;1020;9476;99217;609;6809;100153;133861;26617
FR;9;2022-12-06;30;21;261;2436;20;146;2530;3783;1089;817;1041;9737;101653;629;6955;102683;137644;27706
FR;9;2022-12-07;15;22;180;1843;20;111;1885;2815;811;832;1063;9917;103496;649;7066;104568;140459;28517
FR;9;2022-12-08;13;22;218;2377;15;119;2433;3610;1042;845;1085;10135;105873;664;7185;107001;144069;29559
FR;9;2022-12-09;14;25;287;2870;10;143;2962;4296;1183;859;1110;10422;108743;674;7328;109963;148365;30742
FR;9;2022-12-10;12;12;122;1319;4;56;1342;1812;408;871;1122;10544;110062;678;7384;111305;150177;31150
FR;9;2022-12-11;5;4;21;277;5;10;283;363;66;876;1126;10565;110339;683;7394;111588;150540;31216
FR;9;2022-12-12;17;13;216;1952;12;108;2027;2878;738;893;1139;10781;112291;695;7502;113615;153418;31954
FR;9;2022-12-13;27;22;316;3072;14;151;3207;4698;1329;920;1161;11097;115363;709;7653;116822;158116;33283
FR;9;2022-12-14;15;10;185;2300;8;90;2363;3421;952;935;1171;11282;117663;717;7743;119185;161537;34235
FR;9;2022-12-15;17;23;248;2563;12;137;2638;4011;1226;952;1194;11530;120226;729;7880;121823;165548;35461
FR;9;2022-12-16;14;29;290;3045;21;163;3131;4542;1239;966;1223;11820;123271;750;8043;124954;170090;36700
FR;9;2022-12-17;8;12;106;1188;7;49;1205;1650;392;974;1235;11926;124459;757;8092;126159;171740;37092
FR;9;2022-12-18;1;7;30;242;6;14;248;330;67;975;1242;11956;124701;763;8106;126407;172070;37159
FR;9;2022-12-19;20;20;149;1597;14;78;1629;2503;787;995;1262;12105;126298;777;8184;128036;174573;37946
FR;9;2022-12-20;21;19;232;2299;6;114;2342;3692;1225;1016;1281;12337;128597;783;8298;130378;178265;39171
FR;9;2022-12-21;6;14;138;1445;7;64;1502;2303;731;1022;1295;12475;130042;790;8362;131880;180568;39902
FR;9;2022-12-22;16;5;132;1352;8;65;1367;2046;606;1038;1300;12607;131394;798;8427;133247;182614;40508
FR;9;2022-12-23;11;14;76;719;8;50;721;1081;304;1049;1314;12683;132113;806;8477;133968;183695;40812
FR;9;2022-12-24;1;3;12;95;2;5;97;136;34;1050;1317;12695;132208;808;8482;134065;183831;40846
FR;9;2022-12-25;1;0;5;5;0;4;6;12;2;1051;1317;12700;132213;808;8486;134071;183843;40848
FR;9;2022-12-26;16;6;63;544;9;37;550;823;233;1067;1323;12763;132757;817;8523;134621;184666;41081
FR;9;2022-12-27;10;28;91;859;12;62;892;1376;416;1077;1351;12854;133616;829;8585;135513;186042;41497
FR;10;2020-12-27;0;0;0;0;0;0;0;0;0;0;0;0;0;0;0;0;0;0
FR;10;2020-12-28;0;0;0;0;0;0;0;0;0;0;0;0;0;0;0;0;0;0
FR;10;2020-12-29;0;0;0;0;0;0;0;0;0;0;0;0;0;0;0;0;0;0
FR;10;2020-12-30;0;0;0;0;0;0;0;0;0;0;0;0;0;0;0;0;0;0
FR;10;2020-12-31;0;0;0;0;0;0;0;0;0;0;0;0;0;0;0;0;0;0
FR;10;2021-01-01;0;0;0;0;0;0;0;0;0;0;0;0;0;0;0;0;0;0
FR;10;2021-01-02;0;0;0;0;0;0;0;0;0;0;0;0;0;0;0;0;0;0
FR;10;2021-01-03;0;0;0;0;0;0;0;0;0;0;0;0;0;0;0;0;0;0
FR;10;2021-01-04;0;0;0;0;0;0;0;0;0;0;0;0;0;0;0;0;0;0
FR;10;2021-01-05;0;0;0;0;0;0;0;0;0;0;0;0;0;0;0;0;0;0
FR;10;2021-01-06;0;0;0;0;0;0;0;0;0;0;0;0;0;0;0;0;0;0
FR;10;2021-01-07;0;0;0;0;0;0;0;0;0;0;0;0;0;0;0;0;0;0
FR;10;2021-01-08;0;0;0;0;0;0;0;0;0;0;0;0;0;0;0;0;0;0
FR;10;2021-01-09;0;0;0;0;0;0;0;0;0;0;0;0;0;0;0;0;0;0
FR;10;2021-01-10;0;0;0;0;0;0;0;0;0;0;0;0;0;0;0;0;0;0
FR;10;2021-01-11;0;0;0;0;0;0;0;0;0;0;0;0;0;0;0;0;0;0
FR;10;2021-01-12;0;0;0;0;0;0;0;0;0;0;0;0;0;0;0;0;0;0
FR;10;2021-01-13;0;0;0;0;0;0;0;0;0;0;0;0;0;0;0;0;0;0
FR;10;2021-01-14;0;0;0;0;0;0;0;0;0;0;0;0;0;0;0;0;0;0
FR;10;2021-01-15;0;0;0;0;0;0;0;0;0;0;0;0;0;0;0;0;0;0
FR;10;2021-01-16;0;0;0;0;0;0;0;0;0;0;0;0;0;0;0;0;0;0
FR;10;2021-01-17;0;0;0;0;0;0;0;0;0;0;0;0;0;0;0;0;0;0
FR;10;2021-01-18;0;0;0;0;0;0;0;0;0;0;0;0;0;0;0;0;0;0
FR;10;2021-01-19;0;0;0;0;0;0;0;0;0;0;0;0;0;0;0;0;0;0
FR;10;2021-01-20;0;0;0;0;0;0;0;0;0;0;0;0;0;0;0;0;0;0
FR;10;2021-01-21;0;0;0;0;0;0;0;0;0;0;0;0;0;0;0;0;0;0
FR;10;2021-01-22;0;0;0;0;0;0;0;0;0;0;0;0;0;0;0;0;0;0
FR;10;2021-01-23;0;0;0;0;0;0;0;0;0;0;0;0;0;0;0;0;0;0
FR;10;2021-01-24;0;0;0;0;0;0;0;0;0;0;0;0;0;0;0;0;0;0
FR;10;2021-01-25;0;0;0;0;0;0;0;0;0;0;0;0;0;0;0;0;0;0
FR;10;2021-01-26;0;0;0;0;0;0;0;0;0;0;0;0;0;0;0;0;0;0
FR;10;2021-01-27;0;0;0;0;0;0;0;0;0;0;0;0;0;0;0;0;0;0
FR;10;2021-01-28;0;0;0;0;0;0;0;0;0;0;0;0;0;0;0;0;0;0
FR;10;2021-01-29;0;0;0;0;0;0;0;0;0;0;0;0;0;0;0;0;0;0
FR;10;2021-01-30;0;0;0;0;0;0;0;0;0;0;0;0;0;0;0;0;0;0
FR;10;2021-01-31;0;0;0;0;0;0;0;0;0;0;0;0;0;0;0;0;0;0
FR;10;2021-02-01;0;0;0;0;0;0;0;0;0;0;0;0;0;0;0;0;0;0
FR;10;2021-02-02;0;0;0;0;0;0;0;0;0;0;0;0;0;0;0;0;0;0
FR;10;2021-02-03;0;0;0;0;0;0;0;0;0;0;0;0;0;0;0;0;0;0
FR;10;2021-02-04;0;0;0;0;0;0;0;0;0;0;0;0;0;0;0;0;0;0
FR;10;2021-02-05;0;0;0;0;0;0;0;0;0;0;0;0;0;0;0;0;0;0
FR;10;2021-02-06;0;0;0;0;0;0;0;0;0;0;0;0;0;0;0;0;0;0
FR;10;2021-02-07;0;0;0;0;0;0;0;0;0;0;0;0;0;0;0;0;0;0
FR;10;2021-02-08;0;0;0;0;0;0;0;0;0;0;0;0;0;0;0;0;0;0
FR;10;2021-02-09;0;0;0;0;0;0;0;0;0;0;0;0;0;0;0;0;0;0
FR;10;2021-02-10;0;0;0;0;0;0;0;0;0;0;0;0;0;0;0;0;0;0
FR;10;2021-02-11;0;0;0;0;0;0;0;0;0;0;0;0;0;0;0;0;0;0
FR;10;2021-02-12;0;0;0;0;0;0;0;0;0;0;0;0;0;0;0;0;0;0
FR;10;2021-02-13;0;0;0;0;0;0;0;0;0;0;0;0;0;0;0;0;0;0
FR;10;2021-02-14;0;0;0;0;0;0;0;0;0;0;0;0;0;0;0;0;0;0
FR;10;2021-02-15;0;0;0;0;0;0;0;0;0;0;0;0;0;0;0;0;0;0
FR;10;2021-02-16;0;0;0;0;0;0;0;0;0;0;0;0;0;0;0;0;0;0
FR;10;2021-02-17;0;0;0;0;0;0;0;0;0;0;0;0;0;0;0;0;0;0
FR;10;2021-02-18;0;0;0;0;0;0;0;0;0;0;0;0;0;0;0;0;0;0
FR;10;2021-02-19;0;0;0;0;0;0;0;0;0;0;0;0;0;0;0;0;0;0
FR;10;2021-02-20;0;0;0;0;0;0;0;0;0;0;0;0;0;0;0;0;0;0
FR;10;2021-02-21;0;0;0;0;0;0;0;0;0;0;0;0;0;0;0;0;0;0
FR;10;2021-02-22;0;0;0;0;0;0;0;0;0;0;0;0;0;0;0;0;0;0
FR;10;2021-02-23;0;0;0;0;0;0;0;0;0;0;0;0;0;0;0;0;0;0
FR;10;2021-02-24;0;0;0;0;0;0;0;0;0;0;0;0;0;0;0;0;0;0
FR;10;2021-02-25;0;0;0;0;0;0;0;0;0;0;0;0;0;0;0;0;0;0
FR;10;2021-02-26;0;0;0;0;0;0;0;0;0;0;0;0;0;0;0;0;0;0
FR;10;2021-02-27;0;0;0;0;0;0;0;0;0;0;0;0;0;0;0;0;0;0
FR;10;2021-02-28;0;0;0;0;0;0;0;0;0;0;0;0;0;0;0;0;0;0
FR;10;2021-03-01;0;0;0;0;0;0;0;0;0;0;0;0;0;0;0;0;0;0
FR;10;2021-03-02;0;0;0;0;0;0;0;0;0;0;0;0;0;0;0;0;0;0
FR;10;2021-03-03;0;0;0;0;0;0;0;0;0;0;0;0;0;0;0;0;0;0
FR;10;2021-03-04;0;0;0;0;0;0;0;0;0;0;0;0;0;0;0;0;0;0
FR;10;2021-03-05;0;0;0;0;0;0;0;0;0;0;0;0;0;0;0;0;0;0
FR;10;2021-03-06;0;0;0;0;0;0;0;0;0;0;0;0;0;0;0;0;0;0
FR;10;2021-03-07;0;0;0;0;0;0;0;0;0;0;0;0;0;0;0;0;0;0
FR;10;2021-03-08;0;0;0;0;0;0;0;0;0;0;0;0;0;0;0;0;0;0
FR;10;2021-03-09;0;0;0;0;0;0;0;0;0;0;0;0;0;0;0;0;0;0
FR;10;2021-03-10;0;0;0;0;0;0;0;0;0;0;0;0;0;0;0;0;0;0
FR;10;2021-03-11;0;0;0;0;0;0;0;0;0;0;0;0;0;0;0;0;0;0
FR;10;2021-03-12;0;0;0;0;0;0;0;0;0;0;0;0;0;0;0;0;0;0
FR;10;2021-03-13;0;0;0;0;0;0;0;0;0;0;0;0;0;0;0;0;0;0
FR;10;2021-03-14;0;0;0;0;0;0;0;0;0;0;0;0;0;0;0;0;0;0
FR;10;2021-03-15;0;0;0;0;0;0;0;0;0;0;0;0;0;0;0;0;0;0
FR;10;2021-03-16;0;0;0;0;0;0;0;0;0;0;0;0;0;0;0;0;0;0
FR;10;2021-03-17;0;0;0;0;0;0;0;0;0;0;0;0;0;0;0;0;0;0
FR;10;2021-03-18;0;0;0;0;0;0;0;0;0;0;0;0;0;0;0;0;0;0
FR;10;2021-03-19;0;0;0;0;0;0;0;0;0;0;0;0;0;0;0;0;0;0
FR;10;2021-03-20;0;0;0;0;0;0;0;0;0;0;0;0;0;0;0;0;0;0
FR;10;2021-03-21;0;0;0;0;0;0;0;0;0;0;0;0;0;0;0;0;0;0
FR;10;2021-03-22;0;0;0;0;0;0;0;0;0;0;0;0;0;0;0;0;0;0
FR;10;2021-03-23;0;0;0;0;0;0;0;0;0;0;0;0;0;0;0;0;0;0
FR;10;2021-03-24;0;0;0;0;0;0;0;0;0;0;0;0;0;0;0;0;0;0
FR;10;2021-03-25;0;0;0;0;0;0;0;0;0;0;0;0;0;0;0;0;0;0
FR;10;2021-03-26;0;0;0;0;0;0;0;0;0;0;0;0;0;0;0;0;0;0
FR;10;2021-03-27;0;0;0;0;0;0;0;0;0;0;0;0;0;0;0;0;0;0
FR;10;2021-03-28;0;0;0;0;0;0;0;0;0;0;0;0;0;0;0;0;0;0
FR;10;2021-03-29;0;0;0;0;0;0;0;0;0;0;0;0;0;0;0;0;0;0
FR;10;2021-03-30;0;0;0;0;0;0;0;0;0;0;0;0;0;0;0;0;0;0
FR;10;2021-03-31;0;0;0;0;0;0;0;0;0;0;0;0;0;0;0;0;0;0
FR;10;2021-04-01;0;0;0;0;0;0;0;0;0;0;0;0;0;0;0;0;0;0
FR;10;2021-04-02;0;0;0;0;0;0;0;0;0;0;0;0;0;0;0;0;0;0
FR;10;2021-04-03;0;0;0;0;0;0;0;0;0;0;0;0;0;0;0;0;0;0
FR;10;2021-04-04;0;0;0;0;0;0;0;0;0;0;0;0;0;0;0;0;0;0
FR;10;2021-04-05;0;0;0;0;0;0;0;0;0;0;0;0;0;0;0;0;0;0
FR;10;2021-04-06;0;0;0;0;0;0;0;0;0;0;0;0;0;0;0;0;0;0
FR;10;2021-04-07;0;0;0;0;0;0;0;0;0;0;0;0;0;0;0;0;0;0
FR;10;2021-04-08;0;0;0;0;0;0;0;0;0;0;0;0;0;0;0;0;0;0
FR;10;2021-04-09;0;0;0;0;0;0;0;0;0;0;0;0;0;0;0;0;0;0
FR;10;2021-04-10;0;0;0;0;0;0;0;0;0;0;0;0;0;0;0;0;0;0
FR;10;2021-04-11;0;0;0;0;0;0;0;0;0;0;0;0;0;0;0;0;0;0
FR;10;2021-04-12;0;0;0;0;0;0;0;0;0;0;0;0;0;0;0;0;0;0
FR;10;2021-04-13;0;0;0;0;0;0;0;0;0;0;0;0;0;0;0;0;0;0
FR;10;2021-04-14;0;0;0;0;0;0;0;0;0;0;0;0;0;0;0;0;0;0
FR;10;2021-04-15;0;0;0;0;0;0;0;0;0;0;0;0;0;0;0;0;0;0
FR;10;2021-04-16;0;0;0;0;0;0;0;0;0;0;0;0;0;0;0;0;0;0
FR;10;2021-04-17;0;0;0;0;0;0;0;0;0;0;0;0;0;0;0;0;0;0
FR;10;2021-04-18;0;0;0;0;0;0;0;0;0;0;0;0;0;0;0;0;0;0
FR;10;2021-04-19;0;0;0;0;0;0;0;0;0;0;0;0;0;0;0;0;0;0
FR;10;2021-04-20;0;0;0;0;0;0;0;0;0;0;0;0;0;0;0;0;0;0
FR;10;2021-04-21;0;0;0;0;0;0;0;0;0;0;0;0;0;0;0;0;0;0
FR;10;2021-04-22;0;0;0;0;0;0;0;0;0;0;0;0;0;0;0;0;0;0
FR;10;2021-04-23;0;0;0;0;0;0;0;0;0;0;0;0;0;0;0;0;0;0
FR;10;2021-04-24;0;0;0;0;0;0;0;0;0;0;0;0;0;0;0;0;0;0
FR;10;2021-04-25;0;0;0;0;0;0;0;0;0;0;0;0;0;0;0;0;0;0
FR;10;2021-04-26;0;0;0;0;0;0;0;0;0;0;0;0;0;0;0;0;0;0
FR;10;2021-04-27;0;0;0;0;0;0;0;0;0;0;0;0;0;0;0;0;0;0
FR;10;2021-04-28;0;0;0;0;0;0;0;0;0;0;0;0;0;0;0;0;0;0
FR;10;2021-04-29;0;0;0;0;0;0;0;0;0;0;0;0;0;0;0;0;0;0
FR;10;2021-04-30;0;0;0;0;0;0;0;0;0;0;0;0;0;0;0;0;0;0
FR;10;2021-05-01;0;0;0;0;0;0;0;0;0;0;0;0;0;0;0;0;0;0
FR;10;2021-05-02;0;0;0;0;0;0;0;0;0;0;0;0;0;0;0;0;0;0
FR;10;2021-05-03;0;0;0;0;0;0;0;0;0;0;0;0;0;0;0;0;0;0
FR;10;2021-05-04;0;0;0;0;0;0;0;0;0;0;0;0;0;0;0;0;0;0
FR;10;2021-05-05;0;0;0;0;0;0;0;0;0;0;0;0;0;0;0;0;0;0
FR;10;2021-05-06;0;0;0;0;0;0;0;0;0;0;0;0;0;0;0;0;0;0
FR;10;2021-05-07;0;0;0;0;0;0;0;0;0;0;0;0;0;0;0;0;0;0
FR;10;2021-05-08;0;0;0;0;0;0;0;0;0;0;0;0;0;0;0;0;0;0
FR;10;2021-05-09;0;0;0;0;0;0;0;0;0;0;0;0;0;0;0;0;0;0
FR;10;2021-05-10;0;0;0;0;0;0;0;0;0;0;0;0;0;0;0;0;0;0
FR;10;2021-05-11;0;0;0;0;0;0;0;0;0;0;0;0;0;0;0;0;0;0
FR;10;2021-05-12;0;0;0;0;0;0;0;0;0;0;0;0;0;0;0;0;0;0
FR;10;2021-05-13;0;0;0;0;0;0;0;0;0;0;0;0;0;0;0;0;0;0
FR;10;2021-05-14;0;0;0;0;0;0;0;0;0;0;0;0;0;0;0;0;0;0
FR;10;2021-05-15;0;0;0;0;0;0;0;0;0;0;0;0;0;0;0;0;0;0
FR;10;2021-05-16;0;0;0;0;0;0;0;0;0;0;0;0;0;0;0;0;0;0
FR;10;2021-05-17;0;0;0;0;0;0;0;0;0;0;0;0;0;0;0;0;0;0
FR;10;2021-05-18;0;0;0;0;0;0;0;0;0;0;0;0;0;0;0;0;0;0
FR;10;2021-05-19;0;0;0;0;0;0;0;0;0;0;0;0;0;0;0;0;0;0
FR;10;2021-05-20;0;0;0;0;0;0;0;0;0;0;0;0;0;0;0;0;0;0
FR;10;2021-05-21;0;0;0;0;0;0;0;0;0;0;0;0;0;0;0;0;0;0
FR;10;2021-05-22;0;0;0;0;0;0;0;0;0;0;0;0;0;0;0;0;0;0
FR;10;2021-05-23;0;0;0;0;0;0;0;0;0;0;0;0;0;0;0;0;0;0
FR;10;2021-05-24;0;0;0;0;0;0;0;0;0;0;0;0;0;0;0;0;0;0
FR;10;2021-05-25;0;0;0;0;0;0;0;0;0;0;0;0;0;0;0;0;0;0
FR;10;2021-05-26;0;0;0;0;0;0;0;0;0;0;0;0;0;0;0;0;0;0
FR;10;2021-05-27;0;0;0;0;0;0;0;0;0;0;0;0;0;0;0;0;0;0
FR;10;2021-05-28;0;0;0;0;0;0;0;0;0;0;0;0;0;0;0;0;0;0
FR;10;2021-05-29;0;0;0;0;0;0;0;0;0;0;0;0;0;0;0;0;0;0
FR;10;2021-05-30;0;0;0;0;0;0;0;0;0;0;0;0;0;0;0;0;0;0
FR;10;2021-05-31;0;0;0;0;0;0;0;0;0;0;0;0;0;0;0;0;0;0
FR;10;2021-06-01;0;0;0;0;0;0;0;0;0;0;0;0;0;0;0;0;0;0
FR;10;2021-06-02;0;0;0;0;0;0;0;0;0;0;0;0;0;0;0;0;0;0
FR;10;2021-06-03;0;0;0;0;0;0;0;0;0;0;0;0;0;0;0;0;0;0
FR;10;2021-06-04;0;0;0;0;0;0;0;0;0;0;0;0;0;0;0;0;0;0
FR;10;2021-06-05;0;0;0;0;0;0;0;0;0;0;0;0;0;0;0;0;0;0
FR;10;2021-06-06;0;0;0;0;0;0;0;0;0;0;0;0;0;0;0;0;0;0
FR;10;2021-06-07;0;0;0;0;0;0;0;0;0;0;0;0;0;0;0;0;0;0
FR;10;2021-06-08;0;0;0;0;0;0;0;0;0;0;0;0;0;0;0;0;0;0
FR;10;2021-06-09;0;0;0;0;0;0;0;0;0;0;0;0;0;0;0;0;0;0
FR;10;2021-06-10;0;0;0;0;0;0;0;0;0;0;0;0;0;0;0;0;0;0
FR;10;2021-06-11;0;0;0;0;0;0;0;0;0;0;0;0;0;0;0;0;0;0
FR;10;2021-06-12;0;0;0;0;0;0;0;0;0;0;0;0;0;0;0;0;0;0
FR;10;2021-06-13;0;0;0;0;0;0;0;0;0;0;0;0;0;0;0;0;0;0
FR;10;2021-06-14;0;0;0;0;0;0;0;0;0;0;0;0;0;0;0;0;0;0
FR;10;2021-06-15;0;0;0;0;0;0;0;0;0;0;0;0;0;0;0;0;0;0
FR;10;2021-06-16;0;0;0;0;0;0;0;0;0;0;0;0;0;0;0;0;0;0
FR;10;2021-06-17;0;0;0;0;0;0;0;0;0;0;0;0;0;0;0;0;0;0
FR;10;2021-06-18;0;0;0;0;0;0;0;0;0;0;0;0;0;0;0;0;0;0
FR;10;2021-06-19;0;0;0;0;0;0;0;0;0;0;0;0;0;0;0;0;0;0
FR;10;2021-06-20;0;0;0;0;0;0;0;0;0;0;0;0;0;0;0;0;0;0
FR;10;2021-06-21;0;0;0;0;0;0;0;0;0;0;0;0;0;0;0;0;0;0
FR;10;2021-06-22;0;0;0;0;0;0;0;0;0;0;0;0;0;0;0;0;0;0
FR;10;2021-06-23;0;0;0;0;0;0;0;0;0;0;0;0;0;0;0;0;0;0
FR;10;2021-06-24;0;0;0;0;0;0;0;0;0;0;0;0;0;0;0;0;0;0
FR;10;2021-06-25;0;0;0;0;0;0;0;0;0;0;0;0;0;0;0;0;0;0
FR;10;2021-06-26;0;0;0;0;0;0;0;0;0;0;0;0;0;0;0;0;0;0
FR;10;2021-06-27;0;0;0;0;0;0;0;0;0;0;0;0;0;0;0;0;0;0
FR;10;2021-06-28;0;0;0;0;0;0;0;0;0;0;0;0;0;0;0;0;0;0
FR;10;2021-06-29;0;0;0;0;0;0;0;0;0;0;0;0;0;0;0;0;0;0
FR;10;2021-06-30;0;0;0;0;0;0;0;0;0;0;0;0;0;0;0;0;0;0
FR;10;2021-07-01;0;0;0;0;0;0;0;0;0;0;0;0;0;0;0;0;0;0
FR;10;2021-07-02;0;0;0;0;0;0;0;0;0;0;0;0;0;0;0;0;0;0
FR;10;2021-07-03;0;0;0;0;0;0;0;0;0;0;0;0;0;0;0;0;0;0
FR;10;2021-07-04;0;0;0;0;0;0;0;0;0;0;0;0;0;0;0;0;0;0
FR;10;2021-07-05;0;0;0;0;0;0;0;0;0;0;0;0;0;0;0;0;0;0
FR;10;2021-07-06;0;0;0;0;0;0;0;0;0;0;0;0;0;0;0;0;0;0
FR;10;2021-07-07;0;0;0;0;0;0;0;0;0;0;0;0;0;0;0;0;0;0
FR;10;2021-07-08;0;0;0;0;0;0;0;0;0;0;0;0;0;0;0;0;0;0
FR;10;2021-07-09;0;0;0;0;0;0;0;0;0;0;0;0;0;0;0;0;0;0
FR;10;2021-07-10;0;0;0;0;0;0;0;0;0;0;0;0;0;0;0;0;0;0
FR;10;2021-07-11;0;0;0;0;0;0;0;0;0;0;0;0;0;0;0;0;0;0
FR;10;2021-07-12;0;0;0;0;0;0;0;0;0;0;0;0;0;0;0;0;0;0
FR;10;2021-07-13;0;0;0;0;0;0;0;0;0;0;0;0;0;0;0;0;0;0
FR;10;2021-07-14;0;0;0;0;0;0;0;0;0;0;0;0;0;0;0;0;0;0
FR;10;2021-07-15;0;0;0;0;0;0;0;0;0;0;0;0;0;0;0;0;0;0
FR;10;2021-07-16;0;0;0;0;0;0;0;0;0;0;0;0;0;0;0;0;0;0
FR;10;2021-07-17;0;0;0;0;0;0;0;0;0;0;0;0;0;0;0;0;0;0
FR;10;2021-07-18;0;0;0;0;0;0;0;0;0;0;0;0;0;0;0;0;0;0
FR;10;2021-07-19;0;0;0;0;0;0;0;0;0;0;0;0;0;0;0;0;0;0
FR;10;2021-07-20;0;0;0;0;0;0;0;0;0;0;0;0;0;0;0;0;0;0
FR;10;2021-07-21;0;0;0;0;0;0;0;0;0;0;0;0;0;0;0;0;0;0
FR;10;2021-07-22;0;0;0;0;0;0;0;0;0;0;0;0;0;0;0;0;0;0
FR;10;2021-07-23;0;0;0;0;0;0;0;0;0;0;0;0;0;0;0;0;0;0
FR;10;2021-07-24;0;0;0;0;0;0;0;0;0;0;0;0;0;0;0;0;0;0
FR;10;2021-07-25;0;0;0;0;0;0;0;0;0;0;0;0;0;0;0;0;0;0
FR;10;2021-07-26;0;0;0;0;0;0;0;0;0;0;0;0;0;0;0;0;0;0
FR;10;2021-07-27;0;0;0;0;0;0;0;0;0;0;0;0;0;0;0;0;0;0
FR;10;2021-07-28;0;0;0;0;0;0;0;0;0;0;0;0;0;0;0;0;0;0
FR;10;2021-07-29;0;0;0;0;0;0;0;0;0;0;0;0;0;0;0;0;0;0
FR;10;2021-07-30;0;0;0;0;0;0;0;0;0;0;0;0;0;0;0;0;0;0
FR;10;2021-07-31;0;0;0;0;0;0;0;0;0;0;0;0;0;0;0;0;0;0
FR;10;2021-08-01;0;0;0;0;0;0;0;0;0;0;0;0;0;0;0;0;0;0
FR;10;2021-08-02;0;0;0;0;0;0;0;0;0;0;0;0;0;0;0;0;0;0
FR;10;2021-08-03;0;0;0;0;0;0;0;0;0;0;0;0;0;0;0;0;0;0
FR;10;2021-08-04;0;0;0;0;0;0;0;0;0;0;0;0;0;0;0;0;0;0
FR;10;2021-08-05;0;0;0;0;0;0;0;0;0;0;0;0;0;0;0;0;0;0
FR;10;2021-08-06;0;0;0;0;0;0;0;0;0;0;0;0;0;0;0;0;0;0
FR;10;2021-08-07;0;0;0;0;0;0;0;0;0;0;0;0;0;0;0;0;0;0
FR;10;2021-08-08;0;0;0;0;0;0;0;0;0;0;0;0;0;0;0;0;0;0
FR;10;2021-08-09;0;0;0;0;0;0;0;0;0;0;0;0;0;0;0;0;0;0
FR;10;2021-08-10;0;0;0;0;0;0;0;0;0;0;0;0;0;0;0;0;0;0
FR;10;2021-08-11;0;0;0;0;0;0;0;0;0;0;0;0;0;0;0;0;0;0
FR;10;2021-08-12;0;0;0;0;0;0;0;0;0;0;0;0;0;0;0;0;0;0
FR;10;2021-08-13;0;0;0;0;0;0;0;0;0;0;0;0;0;0;0;0;0;0
FR;10;2021-08-14;0;0;0;0;0;0;0;0;0;0;0;0;0;0;0;0;0;0
FR;10;2021-08-15;0;0;0;0;0;0;0;0;0;0;0;0;0;0;0;0;0;0
FR;10;2021-08-16;0;0;0;0;0;0;0;0;0;0;0;0;0;0;0;0;0;0
FR;10;2021-08-17;0;0;0;0;0;0;0;0;0;0;0;0;0;0;0;0;0;0
FR;10;2021-08-18;0;0;0;0;0;0;0;0;0;0;0;0;0;0;0;0;0;0
FR;10;2021-08-19;0;0;0;0;0;0;0;0;0;0;0;0;0;0;0;0;0;0
FR;10;2021-08-20;0;0;0;0;0;0;0;0;0;0;0;0;0;0;0;0;0;0
FR;10;2021-08-21;0;0;0;0;0;0;0;0;0;0;0;0;0;0;0;0;0;0
FR;10;2021-08-22;0;0;0;0;0;0;0;0;0;0;0;0;0;0;0;0;0;0
FR;10;2021-08-23;0;0;0;0;0;0;0;0;0;0;0;0;0;0;0;0;0;0
FR;10;2021-08-24;0;0;0;0;0;0;0;0;0;0;0;0;0;0;0;0;0;0
FR;10;2021-08-25;0;0;0;0;0;0;0;0;0;0;0;0;0;0;0;0;0;0
FR;10;2021-08-26;0;0;0;0;0;0;0;0;0;0;0;0;0;0;0;0;0;0
FR;10;2021-08-27;0;0;0;0;0;0;0;0;0;0;0;0;0;0;0;0;0;0
FR;10;2021-08-28;0;0;0;0;0;0;0;0;0;0;0;0;0;0;0;0;0;0
FR;10;2021-08-29;0;0;0;0;0;0;0;0;0;0;0;0;0;0;0;0;0;0
FR;10;2021-08-30;0;0;0;0;0;0;0;0;0;0;0;0;0;0;0;0;0;0
FR;10;2021-08-31;0;0;0;0;0;0;0;0;0;0;0;0;0;0;0;0;0;0
FR;10;2021-09-01;0;0;0;0;0;0;0;0;0;0;0;0;0;0;0;0;0;0
FR;10;2021-09-02;0;0;0;0;0;0;0;0;0;0;0;0;0;0;0;0;0;0
FR;10;2021-09-03;0;0;0;0;0;0;0;0;0;0;0;0;0;0;0;0;0;0
FR;10;2021-09-04;0;0;0;0;0;0;0;0;0;0;0;0;0;0;0;0;0;0
FR;10;2021-09-05;0;0;0;0;0;0;0;0;0;0;0;0;0;0;0;0;0;0
FR;10;2021-09-06;0;0;0;0;0;0;0;0;0;0;0;0;0;0;0;0;0;0
FR;10;2021-09-07;0;0;0;0;0;0;0;0;0;0;0;0;0;0;0;0;0;0
FR;10;2021-09-08;0;0;0;0;0;0;0;0;0;0;0;0;0;0;0;0;0;0
FR;10;2021-09-09;0;0;0;0;0;0;0;0;0;0;0;0;0;0;0;0;0;0
FR;10;2021-09-10;0;0;0;0;0;0;0;0;0;0;0;0;0;0;0;0;0;0
FR;10;2021-09-11;0;0;0;0;0;0;0;0;0;0;0;0;0;0;0;0;0;0
FR;10;2021-09-12;0;0;0;0;0;0;0;0;0;0;0;0;0;0;0;0;0;0
FR;10;2021-09-13;0;0;0;0;0;0;0;0;0;0;0;0;0;0;0;0;0;0
FR;10;2021-09-14;0;0;0;0;0;0;0;0;0;0;0;0;0;0;0;0;0;0
FR;10;2021-09-15;0;0;0;0;0;0;0;0;0;0;0;0;0;0;0;0;0;0
FR;10;2021-09-16;0;0;0;0;0;0;0;0;0;0;0;0;0;0;0;0;0;0
FR;10;2021-09-17;0;0;0;0;0;0;0;0;0;0;0;0;0;0;0;0;0;0
FR;10;2021-09-18;0;0;0;0;0;0;0;0;0;0;0;0;0;0;0;0;0;0
FR;10;2021-09-19;0;0;0;0;0;0;0;0;0;0;0;0;0;0;0;0;0;0
FR;10;2021-09-20;0;0;0;0;0;0;0;0;0;0;0;0;0;0;0;0;0;0
FR;10;2021-09-21;0;0;0;0;0;0;0;0;0;0;0;0;0;0;0;0;0;0
FR;10;2021-09-22;0;0;0;0;0;0;0;0;0;0;0;0;0;0;0;0;0;0
FR;10;2021-09-23;0;0;0;0;0;0;0;0;0;0;0;0;0;0;0;0;0;0
FR;10;2021-09-24;0;0;0;0;0;0;0;0;0;0;0;0;0;0;0;0;0;0
FR;10;2021-09-25;0;0;0;0;0;0;0;0;0;0;0;0;0;0;0;0;0;0
FR;10;2021-09-26;0;0;0;0;0;0;0;0;0;0;0;0;0;0;0;0;0;0
FR;10;2021-09-27;0;0;0;0;0;0;0;0;0;0;0;0;0;0;0;0;0;0
FR;10;2021-09-28;0;0;0;0;0;0;0;0;0;0;0;0;0;0;0;0;0;0
FR;10;2021-09-29;0;0;0;0;0;0;0;0;0;0;0;0;0;0;0;0;0;0
FR;10;2021-09-30;0;0;0;0;0;0;0;0;0;0;0;0;0;0;0;0;0;0
FR;10;2021-10-01;0;0;0;0;0;0;0;0;0;0;0;0;0;0;0;0;0;0
FR;10;2021-10-02;0;0;0;0;0;0;0;0;0;0;0;0;0;0;0;0;0;0
FR;10;2021-10-03;0;0;0;0;0;0;0;0;0;0;0;0;0;0;0;0;0;0
FR;10;2021-10-04;0;0;0;0;0;0;0;0;0;0;0;0;0;0;0;0;0;0
FR;10;2021-10-05;0;0;0;0;0;0;0;0;0;0;0;0;0;0;0;0;0;0
FR;10;2021-10-06;0;0;0;0;0;0;0;0;0;0;0;0;0;0;0;0;0;0
FR;10;2021-10-07;0;0;0;0;0;0;0;0;0;0;0;0;0;0;0;0;0;0
FR;10;2021-10-08;0;0;0;0;0;0;0;0;0;0;0;0;0;0;0;0;0;0
FR;10;2021-10-09;0;0;0;0;0;0;0;0;0;0;0;0;0;0;0;0;0;0
FR;10;2021-10-10;0;0;0;0;0;0;0;0;0;0;0;0;0;0;0;0;0;0
FR;10;2021-10-11;0;0;0;0;0;0;0;0;0;0;0;0;0;0;0;0;0;0
FR;10;2021-10-12;0;0;0;0;0;0;0;0;0;0;0;0;0;0;0;0;0;0
FR;10;2021-10-13;0;0;0;0;0;0;0;0;0;0;0;0;0;0;0;0;0;0
FR;10;2021-10-14;0;0;0;0;0;0;0;0;0;0;0;0;0;0;0;0;0;0
FR;10;2021-10-15;0;0;0;0;0;0;0;0;0;0;0;0;0;0;0;0;0;0
FR;10;2021-10-16;0;0;0;0;0;0;0;0;0;0;0;0;0;0;0;0;0;0
FR;10;2021-10-17;0;0;0;0;0;0;0;0;0;0;0;0;0;0;0;0;0;0
FR;10;2021-10-18;0;0;0;0;0;0;0;0;0;0;0;0;0;0;0;0;0;0
FR;10;2021-10-19;0;0;0;0;0;0;0;0;0;0;0;0;0;0;0;0;0;0
FR;10;2021-10-20;0;0;0;0;0;0;0;0;0;0;0;0;0;0;0;0;0;0
FR;10;2021-10-21;0;0;0;0;0;0;0;0;0;0;0;0;0;0;0;0;0;0
FR;10;2021-10-22;0;0;0;0;0;0;0;0;0;0;0;0;0;0;0;0;0;0
FR;10;2021-10-23;0;0;0;0;0;0;0;0;0;0;0;0;0;0;0;0;0;0
FR;10;2021-10-24;0;0;0;0;0;0;0;0;0;0;0;0;0;0;0;0;0;0
FR;10;2021-10-25;0;0;0;0;0;0;0;0;0;0;0;0;0;0;0;0;0;0
FR;10;2021-10-26;0;0;0;0;0;0;0;0;0;0;0;0;0;0;0;0;0;0
FR;10;2021-10-27;0;0;0;0;0;0;0;0;0;0;0;0;0;0;0;0;0;0
FR;10;2021-10-28;0;0;0;0;0;0;0;0;0;0;0;0;0;0;0;0;0;0
FR;10;2021-10-29;0;0;0;0;0;0;0;0;0;0;0;0;0;0;0;0;0;0
FR;10;2021-10-30;0;0;0;0;0;0;0;0;0;0;0;0;0;0;0;0;0;0
FR;10;2021-10-31;0;0;0;0;0;0;0;0;0;0;0;0;0;0;0;0;0;0
FR;10;2021-11-01;0;0;0;0;0;0;0;0;0;0;0;0;0;0;0;0;0;0
FR;10;2021-11-02;0;0;0;0;0;0;0;0;0;0;0;0;0;0;0;0;0;0
FR;10;2021-11-03;0;0;0;0;0;0;0;0;0;0;0;0;0;0;0;0;0;0
FR;10;2021-11-04;0;0;0;0;0;0;0;0;0;0;0;0;0;0;0;0;0;0
FR;10;2021-11-05;0;0;0;0;0;0;0;0;0;0;0;0;0;0;0;0;0;0
FR;10;2021-11-06;0;0;0;0;0;0;0;0;0;0;0;0;0;0;0;0;0;0
FR;10;2021-11-07;0;0;0;0;0;0;0;0;0;0;0;0;0;0;0;0;0;0
FR;10;2021-11-08;0;0;0;0;0;0;0;0;0;0;0;0;0;0;0;0;0;0
FR;10;2021-11-09;0;0;0;0;0;0;0;0;0;0;0;0;0;0;0;0;0;0
FR;10;2021-11-10;0;0;0;0;0;0;0;0;0;0;0;0;0;0;0;0;0;0
FR;10;2021-11-11;0;0;0;0;0;0;0;0;0;0;0;0;0;0;0;0;0;0
FR;10;2021-11-12;0;0;0;0;0;0;0;0;0;0;0;0;0;0;0;0;0;0
FR;10;2021-11-13;0;0;0;0;0;0;0;0;0;0;0;0;0;0;0;0;0;0
FR;10;2021-11-14;0;0;0;0;0;0;0;0;0;0;0;0;0;0;0;0;0;0
FR;10;2021-11-15;0;0;0;0;0;0;0;0;0;0;0;0;0;0;0;0;0;0
FR;10;2021-11-16;0;0;0;0;0;0;0;0;0;0;0;0;0;0;0;0;0;0
FR;10;2021-11-17;0;0;0;0;0;0;0;0;0;0;0;0;0;0;0;0;0;0
FR;10;2021-11-18;0;0;0;0;0;0;0;0;0;0;0;0;0;0;0;0;0;0
FR;10;2021-11-19;0;0;0;0;0;0;0;0;0;0;0;0;0;0;0;0;0;0
FR;10;2021-11-20;0;0;0;0;0;0;0;0;0;0;0;0;0;0;0;0;0;0
FR;10;2021-11-21;0;0;0;0;0;0;0;0;0;0;0;0;0;0;0;0;0;0
FR;10;2021-11-22;0;0;0;0;0;0;0;0;0;0;0;0;0;0;0;0;0;0
FR;10;2021-11-23;0;0;0;0;0;0;0;0;0;0;0;0;0;0;0;0;0;0
FR;10;2021-11-24;0;0;0;0;0;0;0;0;0;0;0;0;0;0;0;0;0;0
FR;10;2021-11-25;0;0;0;0;0;0;0;0;0;0;0;0;0;0;0;0;0;0
FR;10;2021-11-26;0;0;0;0;0;0;0;0;0;0;0;0;0;0;0;0;0;0
FR;10;2021-11-27;0;0;0;0;0;0;0;0;0;0;0;0;0;0;0;0;0;0
FR;10;2021-11-28;0;0;0;0;0;0;0;0;0;0;0;0;0;0;0;0;0;0
FR;10;2021-11-29;0;0;0;0;0;0;0;0;0;0;0;0;0;0;0;0;0;0
FR;10;2021-11-30;0;0;0;0;0;0;0;0;0;0;0;0;0;0;0;0;0;0
FR;10;2021-12-01;0;0;0;0;0;0;0;0;0;0;0;0;0;0;0;0;0;0
FR;10;2021-12-02;0;0;0;0;0;0;0;0;0;0;0;0;0;0;0;0;0;0
FR;10;2021-12-03;0;0;0;0;0;0;0;0;0;0;0;0;0;0;0;0;0;0
FR;10;2021-12-04;0;0;0;0;0;0;0;0;0;0;0;0;0;0;0;0;0;0
FR;10;2021-12-05;0;0;0;0;0;0;0;0;0;0;0;0;0;0;0;0;0;0
FR;10;2021-12-06;0;0;0;0;0;0;0;0;0;0;0;0;0;0;0;0;0;0
FR;10;2021-12-07;0;0;0;0;0;0;0;0;0;0;0;0;0;0;0;0;0;0
FR;10;2021-12-08;0;0;0;0;0;0;0;0;0;0;0;0;0;0;0;0;0;0
FR;10;2021-12-09;0;0;0;0;0;0;0;0;0;0;0;0;0;0;0;0;0;0
FR;10;2021-12-10;0;0;0;0;0;0;0;0;0;0;0;0;0;0;0;0;0;0
FR;10;2021-12-11;0;0;0;0;0;0;0;0;0;0;0;0;0;0;0;0;0;0
FR;10;2021-12-12;0;0;0;0;0;0;0;0;0;0;0;0;0;0;0;0;0;0
FR;10;2021-12-13;0;0;0;0;0;0;0;0;0;0;0;0;0;0;0;0;0;0
FR;10;2021-12-14;0;0;0;0;0;0;0;0;0;0;0;0;0;0;0;0;0;0
FR;10;2021-12-15;0;0;0;0;0;0;0;0;0;0;0;0;0;0;0;0;0;0
FR;10;2021-12-16;0;0;0;0;0;0;0;0;0;0;0;0;0;0;0;0;0;0
FR;10;2021-12-17;0;0;0;0;0;0;0;0;0;0;0;0;0;0;0;0;0;0
FR;10;2021-12-18;0;0;0;0;0;0;0;0;0;0;0;0;0;0;0;0;0;0
FR;10;2021-12-19;0;0;0;0;0;0;0;0;0;0;0;0;0;0;0;0;0;0
FR;10;2021-12-20;0;0;0;0;0;0;0;0;0;0;0;0;0;0;0;0;0;0
FR;10;2021-12-21;0;0;0;0;0;0;0;0;0;0;0;0;0;0;0;0;0;0
FR;10;2021-12-22;0;0;0;0;0;0;0;0;0;0;0;0;0;0;0;0;0;0
FR;10;2021-12-23;0;0;0;0;0;0;0;0;0;0;0;0;0;0;0;0;0;0
FR;10;2021-12-24;0;0;0;0;0;0;0;0;0;0;0;0;0;0;0;0;0;0
FR;10;2021-12-25;0;0;0;0;0;0;0;0;0;0;0;0;0;0;0;0;0;0
FR;10;2021-12-26;0;0;0;0;0;0;0;0;0;0;0;0;0;0;0;0;0;0
FR;10;2021-12-27;0;0;0;0;0;0;0;0;0;0;0;0;0;0;0;0;0;0
FR;10;2021-12-28;0;0;0;0;0;0;0;0;0;0;0;0;0;0;0;0;0;0
FR;10;2021-12-29;0;0;0;0;0;0;0;0;0;0;0;0;0;0;0;0;0;0
FR;10;2021-12-30;0;0;0;0;0;0;0;0;0;0;0;0;0;0;0;0;0;0
FR;10;2021-12-31;0;0;0;0;0;0;0;0;0;0;0;0;0;0;0;0;0;0
FR;10;2022-01-01;0;0;0;0;0;0;0;0;0;0;0;0;0;0;0;0;0;0
FR;10;2022-01-02;0;0;0;0;0;0;0;0;0;0;0;0;0;0;0;0;0;0
FR;10;2022-01-03;0;0;0;0;0;0;0;0;0;0;0;0;0;0;0;0;0;0
FR;10;2022-01-04;0;0;0;0;0;0;0;0;0;0;0;0;0;0;0;0;0;0
FR;10;2022-01-05;0;0;0;0;0;0;0;0;0;0;0;0;0;0;0;0;0;0
FR;10;2022-01-06;0;0;0;0;0;0;0;0;0;0;0;0;0;0;0;0;0;0
FR;10;2022-01-07;0;0;0;0;0;0;0;0;0;0;0;0;0;0;0;0;0;0
FR;10;2022-01-08;0;0;0;0;0;0;0;0;0;0;0;0;0;0;0;0;0;0
FR;10;2022-01-09;0;0;0;0;0;0;0;0;0;0;0;0;0;0;0;0;0;0
FR;10;2022-01-10;0;0;0;0;0;0;0;0;0;0;0;0;0;0;0;0;0;0
FR;10;2022-01-11;0;0;0;0;0;0;0;0;0;0;0;0;0;0;0;0;0;0
FR;10;2022-01-12;0;0;0;0;0;0;0;0;0;0;0;0;0;0;0;0;0;0
FR;10;2022-01-13;0;0;0;0;0;0;0;0;0;0;0;0;0;0;0;0;0;0
FR;10;2022-01-14;0;0;0;0;0;0;0;0;0;0;0;0;0;0;0;0;0;0
FR;10;2022-01-15;0;0;0;0;0;0;0;0;0;0;0;0;0;0;0;0;0;0
FR;10;2022-01-16;0;0;0;0;0;0;0;0;0;0;0;0;0;0;0;0;0;0
FR;10;2022-01-17;0;0;0;0;0;0;0;0;0;0;0;0;0;0;0;0;0;0
FR;10;2022-01-18;0;0;0;0;0;0;0;0;0;0;0;0;0;0;0;0;0;0
FR;10;2022-01-19;0;0;0;0;0;0;0;0;0;0;0;0;0;0;0;0;0;0
FR;10;2022-01-20;0;0;0;0;0;0;0;0;0;0;0;0;0;0;0;0;0;0
FR;10;2022-01-21;0;0;0;0;0;0;0;0;0;0;0;0;0;0;0;0;0;0
FR;10;2022-01-22;0;0;0;0;0;0;0;0;0;0;0;0;0;0;0;0;0;0
FR;10;2022-01-23;0;0;0;0;0;0;0;0;0;0;0;0;0;0;0;0;0;0
FR;10;2022-01-24;0;0;0;0;0;0;0;0;0;0;0;0;0;0;0;0;0;0
FR;10;2022-01-25;0;0;0;0;0;0;0;0;0;0;0;0;0;0;0;0;0;0
FR;10;2022-01-26;0;0;0;0;0;0;0;0;0;0;0;0;0;0;0;0;0;0
FR;10;2022-01-27;0;0;0;0;0;0;0;0;0;0;0;0;0;0;0;0;0;0
FR;10;2022-01-28;0;0;0;0;0;0;0;0;0;0;0;0;0;0;0;0;0;0
FR;10;2022-01-29;0;0;0;0;0;0;0;0;0;0;0;0;0;0;0;0;0;0
FR;10;2022-01-30;0;0;0;0;0;0;0;0;0;0;0;0;0;0;0;0;0;0
FR;10;2022-01-31;0;0;0;0;0;0;0;0;0;0;0;0;0;0;0;0;0;0
FR;10;2022-02-01;0;0;0;0;0;0;0;0;0;0;0;0;0;0;0;0;0;0
FR;10;2022-02-02;0;0;0;0;0;0;0;0;0;0;0;0;0;0;0;0;0;0
FR;10;2022-02-03;0;0;0;0;0;0;0;0;0;0;0;0;0;0;0;0;0;0
FR;10;2022-02-04;0;0;0;0;0;0;0;0;0;0;0;0;0;0;0;0;0;0
FR;10;2022-02-05;0;0;0;0;0;0;0;0;0;0;0;0;0;0;0;0;0;0
FR;10;2022-02-06;0;0;0;0;0;0;0;0;0;0;0;0;0;0;0;0;0;0
FR;10;2022-02-07;0;0;0;0;0;0;0;0;0;0;0;0;0;0;0;0;0;0
FR;10;2022-02-08;0;0;0;0;0;0;0;0;0;0;0;0;0;0;0;0;0;0
FR;10;2022-02-09;0;0;0;0;0;0;0;0;0;0;0;0;0;0;0;0;0;0
FR;10;2022-02-10;0;0;0;0;0;0;0;0;0;0;0;0;0;0;0;0;0;0
FR;10;2022-02-11;0;0;0;0;0;0;0;0;0;0;0;0;0;0;0;0;0;0
FR;10;2022-02-12;0;0;0;0;0;0;0;0;0;0;0;0;0;0;0;0;0;0
FR;10;2022-02-13;0;0;0;0;0;0;0;0;0;0;0;0;0;0;0;0;0;0
FR;10;2022-02-14;0;0;0;0;0;0;0;0;0;0;0;0;0;0;0;0;0;0
FR;10;2022-02-15;0;0;0;0;0;0;0;0;0;0;0;0;0;0;0;0;0;0
FR;10;2022-02-16;0;0;0;0;0;0;0;0;0;0;0;0;0;0;0;0;0;0
FR;10;2022-02-17;0;0;0;0;0;0;0;0;0;0;0;0;0;0;0;0;0;0
FR;10;2022-02-18;0;0;0;0;0;0;0;0;0;0;0;0;0;0;0;0;0;0
FR;10;2022-02-19;0;0;0;0;0;0;0;0;0;0;0;0;0;0;0;0;0;0
FR;10;2022-02-20;0;0;0;0;0;0;0;0;0;0;0;0;0;0;0;0;0;0
FR;10;2022-02-21;0;0;0;0;0;0;0;0;0;0;0;0;0;0;0;0;0;0
FR;10;2022-02-22;0;0;0;0;0;0;0;0;0;0;0;0;0;0;0;0;0;0
FR;10;2022-02-23;0;0;0;0;0;0;0;0;0;0;0;0;0;0;0;0;0;0
FR;10;2022-02-24;0;0;0;0;0;0;0;0;0;0;0;0;0;0;0;0;0;0
FR;10;2022-02-25;0;0;0;0;0;0;0;0;0;0;0;0;0;0;0;0;0;0
FR;10;2022-02-26;0;0;0;0;0;0;0;0;0;0;0;0;0;0;0;0;0;0
FR;10;2022-02-27;0;0;0;0;0;0;0;0;0;0;0;0;0;0;0;0;0;0
FR;10;2022-02-28;0;0;0;0;0;0;0;0;0;0;0;0;0;0;0;0;0;0
FR;10;2022-03-01;0;0;0;0;0;0;0;0;0;0;0;0;0;0;0;0;0;0
FR;10;2022-03-02;0;0;0;0;0;0;0;0;0;0;0;0;0;0;0;0;0;0
FR;10;2022-03-03;0;0;0;0;0;0;0;0;0;0;0;0;0;0;0;0;0;0
FR;10;2022-03-04;0;0;0;0;0;0;0;0;0;0;0;0;0;0;0;0;0;0
FR;10;2022-03-05;0;0;0;0;0;0;0;0;0;0;0;0;0;0;0;0;0;0
FR;10;2022-03-06;0;0;0;0;0;0;0;0;0;0;0;0;0;0;0;0;0;0
FR;10;2022-03-07;0;0;0;0;0;0;0;0;0;0;0;0;0;0;0;0;0;0
FR;10;2022-03-08;0;0;0;0;0;0;0;0;0;0;0;0;0;0;0;0;0;0
FR;10;2022-03-09;0;0;0;0;0;0;0;0;0;0;0;0;0;0;0;0;0;0
FR;10;2022-03-10;0;0;0;0;0;0;0;0;0;0;0;0;0;0;0;0;0;0
FR;10;2022-03-11;0;0;0;0;0;0;0;0;0;0;0;0;0;0;0;0;0;0
FR;10;2022-03-12;0;0;0;0;0;0;0;0;0;0;0;0;0;0;0;0;0;0
FR;10;2022-03-13;0;0;0;0;0;0;0;0;0;0;0;0;0;0;0;0;0;0
FR;10;2022-03-14;0;0;0;0;0;0;0;0;0;0;0;0;0;0;0;0;0;0
FR;10;2022-03-15;0;0;0;0;0;0;0;0;0;0;0;0;0;0;0;0;0;0
FR;10;2022-03-16;0;0;0;0;0;0;0;0;0;0;0;0;0;0;0;0;0;0
FR;10;2022-03-17;0;0;0;0;0;0;0;0;0;0;0;0;0;0;0;0;0;0
FR;10;2022-03-18;0;0;0;0;0;0;0;0;0;0;0;0;0;0;0;0;0;0
FR;10;2022-03-19;0;0;0;0;0;0;0;0;0;0;0;0;0;0;0;0;0;0
FR;10;2022-03-20;0;0;0;0;0;0;0;0;0;0;0;0;0;0;0;0;0;0
FR;10;2022-03-21;0;0;0;0;0;0;0;0;0;0;0;0;0;0;0;0;0;0
FR;10;2022-03-22;0;0;0;0;0;0;0;0;0;0;0;0;0;0;0;0;0;0
FR;10;2022-03-23;0;0;0;0;0;0;0;0;0;0;0;0;0;0;0;0;0;0
FR;10;2022-03-24;0;0;0;0;0;0;0;0;0;0;0;0;0;0;0;0;0;0
FR;10;2022-03-25;0;0;0;0;0;0;0;0;0;0;0;0;0;0;0;0;0;0
FR;10;2022-03-26;0;0;0;0;0;0;0;0;0;0;0;0;0;0;0;0;0;0
FR;10;2022-03-27;0;0;0;0;0;0;0;0;0;0;0;0;0;0;0;0;0;0
FR;10;2022-03-28;0;0;0;0;0;0;0;0;0;0;0;0;0;0;0;0;0;0
FR;10;2022-03-29;0;0;0;0;0;0;0;0;0;0;0;0;0;0;0;0;0;0
FR;10;2022-03-30;0;0;0;0;0;0;0;0;0;0;0;0;0;0;0;0;0;0
FR;10;2022-03-31;0;0;0;0;0;0;0;0;0;0;0;0;0;0;0;0;0;0
FR;10;2022-04-01;0;0;0;0;0;0;0;0;0;0;0;0;0;0;0;0;0;0
FR;10;2022-04-02;0;0;0;0;0;0;0;0;0;0;0;0;0;0;0;0;0;0
FR;10;2022-04-03;0;0;0;0;0;0;0;0;0;0;0;0;0;0;0;0;0;0
FR;10;2022-04-04;0;0;0;0;0;0;0;0;0;0;0;0;0;0;0;0;0;0
FR;10;2022-04-05;0;0;0;0;0;0;0;0;0;0;0;0;0;0;0;0;0;0
FR;10;2022-04-06;0;0;0;0;0;0;0;0;0;0;0;0;0;0;0;0;0;0
FR;10;2022-04-07;0;0;0;0;0;0;0;0;0;0;0;0;0;0;0;0;0;0
FR;10;2022-04-08;0;0;0;0;0;0;0;0;0;0;0;0;0;0;0;0;0;0
FR;10;2022-04-09;0;0;0;0;0;0;0;0;0;0;0;0;0;0;0;0;0;0
FR;10;2022-04-10;0;0;0;0;0;0;0;0;0;0;0;0;0;0;0;0;0;0
FR;10;2022-04-11;0;0;0;0;0;0;0;0;0;0;0;0;0;0;0;0;0;0
FR;10;2022-04-12;0;0;0;0;0;0;0;0;0;0;0;0;0;0;0;0;0;0
FR;10;2022-04-13;0;0;0;0;0;0;0;0;0;0;0;0;0;0;0;0;0;0
FR;10;2022-04-14;0;0;0;0;0;0;0;0;0;0;0;0;0;0;0;0;0;0
FR;10;2022-04-15;0;0;0;0;0;0;0;0;0;0;0;0;0;0;0;0;0;0
FR;10;2022-04-16;0;0;0;0;0;0;0;0;0;0;0;0;0;0;0;0;0;0
FR;10;2022-04-17;0;0;0;0;0;0;0;0;0;0;0;0;0;0;0;0;0;0
FR;10;2022-04-18;0;0;0;0;0;0;0;0;0;0;0;0;0;0;0;0;0;0
FR;10;2022-04-19;0;0;0;0;0;0;0;0;0;0;0;0;0;0;0;0;0;0
FR;10;2022-04-20;0;0;0;0;0;0;0;0;0;0;0;0;0;0;0;0;0;0
FR;10;2022-04-21;0;0;0;0;0;0;0;0;0;0;0;0;0;0;0;0;0;0
FR;10;2022-04-22;0;0;0;0;0;0;0;0;0;0;0;0;0;0;0;0;0;0
FR;10;2022-04-23;0;0;0;0;0;0;0;0;0;0;0;0;0;0;0;0;0;0
FR;10;2022-04-24;0;0;0;0;0;0;0;0;0;0;0;0;0;0;0;0;0;0
FR;10;2022-04-25;0;0;0;0;0;0;0;0;0;0;0;0;0;0;0;0;0;0
FR;10;2022-04-26;0;0;0;0;0;0;0;0;0;0;0;0;0;0;0;0;0;0
FR;10;2022-04-27;0;0;0;0;0;0;0;0;0;0;0;0;0;0;0;0;0;0
FR;10;2022-04-28;0;0;0;0;0;0;0;0;0;0;0;0;0;0;0;0;0;0
FR;10;2022-04-29;0;0;0;0;0;0;0;0;0;0;0;0;0;0;0;0;0;0
FR;10;2022-04-30;0;0;0;0;0;0;0;0;0;0;0;0;0;0;0;0;0;0
FR;10;2022-05-01;0;0;0;0;0;0;0;0;0;0;0;0;0;0;0;0;0;0
FR;10;2022-05-02;0;0;0;0;0;0;0;0;0;0;0;0;0;0;0;0;0;0
FR;10;2022-05-03;0;0;0;0;0;0;0;0;0;0;0;0;0;0;0;0;0;0
FR;10;2022-05-04;0;0;0;0;0;0;0;0;0;0;0;0;0;0;0;0;0;0
FR;10;2022-05-05;0;0;0;0;0;0;0;0;0;0;0;0;0;0;0;0;0;0
FR;10;2022-05-06;0;0;0;0;0;0;0;0;0;0;0;0;0;0;0;0;0;0
FR;10;2022-05-07;0;0;0;0;0;0;0;0;0;0;0;0;0;0;0;0;0;0
FR;10;2022-05-08;0;0;0;0;0;0;0;0;0;0;0;0;0;0;0;0;0;0
FR;10;2022-05-09;0;0;0;0;0;0;0;0;0;0;0;0;0;0;0;0;0;0
FR;10;2022-05-10;0;0;0;0;0;0;0;0;0;0;0;0;0;0;0;0;0;0
FR;10;2022-05-11;0;0;0;0;0;0;0;0;0;0;0;0;0;0;0;0;0;0
FR;10;2022-05-12;0;0;0;0;0;0;0;0;0;0;0;0;0;0;0;0;0;0
FR;10;2022-05-13;0;0;0;0;0;0;0;0;0;0;0;0;0;0;0;0;0;0
FR;10;2022-05-14;0;0;0;0;0;0;0;0;0;0;0;0;0;0;0;0;0;0
FR;10;2022-05-15;0;0;0;0;0;0;0;0;0;0;0;0;0;0;0;0;0;0
FR;10;2022-05-16;0;0;0;0;0;0;0;0;0;0;0;0;0;0;0;0;0;0
FR;10;2022-05-17;0;0;0;0;0;0;0;0;0;0;0;0;0;0;0;0;0;0
FR;10;2022-05-18;0;0;0;0;0;0;0;0;0;0;0;0;0;0;0;0;0;0
FR;10;2022-05-19;0;0;0;0;0;0;0;0;0;0;0;0;0;0;0;0;0;0
FR;10;2022-05-20;0;0;0;0;0;0;0;0;0;0;0;0;0;0;0;0;0;0
FR;10;2022-05-21;0;0;0;0;0;0;0;0;0;0;0;0;0;0;0;0;0;0
FR;10;2022-05-22;0;0;0;0;0;0;0;0;0;0;0;0;0;0;0;0;0;0
FR;10;2022-05-23;0;0;0;0;0;0;0;0;0;0;0;0;0;0;0;0;0;0
FR;10;2022-05-24;0;0;0;0;0;0;0;0;0;0;0;0;0;0;0;0;0;0
FR;10;2022-05-25;0;0;0;0;0;0;0;0;0;0;0;0;0;0;0;0;0;0
FR;10;2022-05-26;0;0;0;0;0;0;0;0;0;0;0;0;0;0;0;0;0;0
FR;10;2022-05-27;0;0;0;0;0;0;0;0;0;0;0;0;0;0;0;0;0;0
FR;10;2022-05-28;0;0;0;0;0;0;0;0;0;0;0;0;0;0;0;0;0;0
FR;10;2022-05-29;0;0;0;0;0;0;0;0;0;0;0;0;0;0;0;0;0;0
FR;10;2022-05-30;0;0;0;0;0;0;0;0;0;0;0;0;0;0;0;0;0;0
FR;10;2022-05-31;0;0;0;0;0;0;0;0;0;0;0;0;0;0;0;0;0;0
FR;10;2022-06-01;0;0;0;0;0;0;0;0;0;0;0;0;0;0;0;0;0;0
FR;10;2022-06-02;0;0;0;0;0;0;0;0;0;0;0;0;0;0;0;0;0;0
FR;10;2022-06-03;0;0;0;0;0;0;0;0;0;0;0;0;0;0;0;0;0;0
FR;10;2022-06-04;0;0;0;0;0;0;0;0;0;0;0;0;0;0;0;0;0;0
FR;10;2022-06-05;0;0;0;0;0;0;0;0;0;0;0;0;0;0;0;0;0;0
FR;10;2022-06-06;0;0;0;0;0;0;0;0;0;0;0;0;0;0;0;0;0;0
FR;10;2022-06-07;0;0;0;0;0;0;0;0;0;0;0;0;0;0;0;0;0;0
FR;10;2022-06-08;0;0;0;0;0;0;0;0;0;0;0;0;0;0;0;0;0;0
FR;10;2022-06-09;0;0;0;0;0;0;0;0;0;0;0;0;0;0;0;0;0;0
FR;10;2022-06-10;0;0;0;0;0;0;0;0;0;0;0;0;0;0;0;0;0;0
FR;10;2022-06-11;0;0;0;0;0;0;0;0;0;0;0;0;0;0;0;0;0;0
FR;10;2022-06-12;0;0;0;0;0;0;0;0;0;0;0;0;0;0;0;0;0;0
FR;10;2022-06-13;0;0;0;0;0;0;0;0;0;0;0;0;0;0;0;0;0;0
FR;10;2022-06-14;0;0;0;0;0;0;0;0;0;0;0;0;0;0;0;0;0;0
FR;10;2022-06-15;0;0;0;0;0;0;0;0;0;0;0;0;0;0;0;0;0;0
FR;10;2022-06-16;0;0;0;0;0;0;0;0;0;0;0;0;0;0;0;0;0;0
FR;10;2022-06-17;0;0;0;0;0;0;0;0;0;0;0;0;0;0;0;0;0;0
FR;10;2022-06-18;0;0;0;0;0;0;0;0;0;0;0;0;0;0;0;0;0;0
FR;10;2022-06-19;0;0;0;0;0;0;0;0;0;0;0;0;0;0;0;0;0;0
FR;10;2022-06-20;0;0;0;0;0;0;0;0;0;0;0;0;0;0;0;0;0;0
FR;10;2022-06-21;0;0;0;0;0;0;0;0;0;0;0;0;0;0;0;0;0;0
FR;10;2022-06-22;0;0;0;0;0;0;0;0;0;0;0;0;0;0;0;0;0;0
FR;10;2022-06-23;0;0;0;0;0;0;0;0;0;0;0;0;0;0;0;0;0;0
FR;10;2022-06-24;0;0;0;0;0;0;0;0;0;0;0;0;0;0;0;0;0;0
FR;10;2022-06-25;0;0;0;0;0;0;0;0;0;0;0;0;0;0;0;0;0;0
FR;10;2022-06-26;0;0;0;0;0;0;0;0;0;0;0;0;0;0;0;0;0;0
FR;10;2022-06-27;0;0;0;0;0;0;0;0;0;0;0;0;0;0;0;0;0;0
FR;10;2022-06-28;0;0;0;0;0;0;0;0;0;0;0;0;0;0;0;0;0;0
FR;10;2022-06-29;0;0;0;0;0;0;0;0;0;0;0;0;0;0;0;0;0;0
FR;10;2022-06-30;0;0;0;0;0;0;0;0;0;0;0;0;0;0;0;0;0;0
FR;10;2022-07-01;0;0;0;0;0;0;0;0;0;0;0;0;0;0;0;0;0;0
FR;10;2022-07-02;0;0;0;0;0;0;0;0;0;0;0;0;0;0;0;0;0;0
FR;10;2022-07-03;0;0;0;0;0;0;0;0;0;0;0;0;0;0;0;0;0;0
FR;10;2022-07-04;0;0;0;0;0;0;0;0;0;0;0;0;0;0;0;0;0;0
FR;10;2022-07-05;0;0;0;0;0;0;0;0;0;0;0;0;0;0;0;0;0;0
FR;10;2022-07-06;0;0;0;0;0;0;0;0;0;0;0;0;0;0;0;0;0;0
FR;10;2022-07-07;0;0;0;0;0;0;0;0;0;0;0;0;0;0;0;0;0;0
FR;10;2022-07-08;0;0;0;0;0;0;0;0;0;0;0;0;0;0;0;0;0;0
FR;10;2022-07-09;0;0;0;0;0;0;0;0;0;0;0;0;0;0;0;0;0;0
FR;10;2022-07-10;0;0;0;0;0;0;0;0;0;0;0;0;0;0;0;0;0;0
FR;10;2022-07-11;0;0;0;0;0;0;0;0;0;0;0;0;0;0;0;0;0;0
FR;10;2022-07-12;0;0;0;0;0;0;0;0;0;0;0;0;0;0;0;0;0;0
FR;10;2022-07-13;0;0;0;0;0;0;0;0;0;0;0;0;0;0;0;0;0;0
FR;10;2022-07-14;0;0;0;0;0;0;0;0;0;0;0;0;0;0;0;0;0;0
FR;10;2022-07-15;0;0;0;0;0;0;0;0;0;0;0;0;0;0;0;0;0;0
FR;10;2022-07-16;0;0;0;0;0;0;0;0;0;0;0;0;0;0;0;0;0;0
FR;10;2022-07-17;0;0;0;0;0;0;0;0;0;0;0;0;0;0;0;0;0;0
FR;10;2022-07-18;0;0;0;0;0;0;0;0;0;0;0;0;0;0;0;0;0;0
FR;10;2022-07-19;0;0;0;0;0;0;0;0;0;0;0;0;0;0;0;0;0;0
FR;10;2022-07-20;0;0;0;0;0;0;0;0;0;0;0;0;0;0;0;0;0;0
FR;10;2022-07-21;0;0;0;0;0;0;0;0;0;0;0;0;0;0;0;0;0;0
FR;10;2022-07-22;0;0;0;0;0;0;0;0;0;0;0;0;0;0;0;0;0;0
FR;10;2022-07-23;0;0;0;0;0;0;0;0;0;0;0;0;0;0;0;0;0;0
FR;10;2022-07-24;0;0;0;0;0;0;0;0;0;0;0;0;0;0;0;0;0;0
FR;10;2022-07-25;0;0;0;0;0;0;0;0;0;0;0;0;0;0;0;0;0;0
FR;10;2022-07-26;0;0;0;0;0;0;0;0;0;0;0;0;0;0;0;0;0;0
FR;10;2022-07-27;0;0;0;0;0;0;0;0;0;0;0;0;0;0;0;0;0;0
FR;10;2022-07-28;0;0;0;0;0;0;0;0;0;0;0;0;0;0;0;0;0;0
FR;10;2022-07-29;0;0;0;0;0;0;0;0;0;0;0;0;0;0;0;0;0;0
FR;10;2022-07-30;0;0;0;0;0;0;0;0;0;0;0;0;0;0;0;0;0;0
FR;10;2022-07-31;0;0;0;0;0;0;0;0;0;0;0;0;0;0;0;0;0;0
FR;10;2022-08-01;0;0;0;0;0;0;0;0;0;0;0;0;0;0;0;0;0;0
FR;10;2022-08-02;0;0;0;0;0;0;0;0;0;0;0;0;0;0;0;0;0;0
FR;10;2022-08-03;0;0;0;0;0;0;0;0;0;0;0;0;0;0;0;0;0;0
FR;10;2022-08-04;0;0;0;0;0;0;0;0;0;0;0;0;0;0;0;0;0;0
FR;10;2022-08-05;0;0;0;0;0;0;0;0;0;0;0;0;0;0;0;0;0;0
FR;10;2022-08-06;0;0;0;0;0;0;0;0;0;0;0;0;0;0;0;0;0;0
FR;10;2022-08-07;0;0;0;0;0;0;0;0;0;0;0;0;0;0;0;0;0;0
FR;10;2022-08-08;0;0;0;0;0;0;0;0;0;0;0;0;0;0;0;0;0;0
FR;10;2022-08-09;0;0;0;0;0;0;0;0;0;0;0;0;0;0;0;0;0;0
FR;10;2022-08-10;0;0;0;0;0;0;0;0;0;0;0;0;0;0;0;0;0;0
FR;10;2022-08-11;0;0;0;0;0;0;0;0;0;0;0;0;0;0;0;0;0;0
FR;10;2022-08-12;0;0;0;0;0;0;0;0;0;0;0;0;0;0;0;0;0;0
FR;10;2022-08-13;0;0;0;0;0;0;0;0;0;0;0;0;0;0;0;0;0;0
FR;10;2022-08-14;0;0;0;0;0;0;0;0;0;0;0;0;0;0;0;0;0;0
FR;10;2022-08-15;0;0;0;0;0;0;0;0;0;0;0;0;0;0;0;0;0;0
FR;10;2022-08-16;0;0;0;0;0;0;0;0;0;0;0;0;0;0;0;0;0;0
FR;10;2022-08-17;0;0;0;0;0;0;0;0;0;0;0;0;0;0;0;0;0;0
FR;10;2022-08-18;0;0;0;0;0;0;0;0;0;0;0;0;0;0;0;0;0;0
FR;10;2022-08-19;0;0;0;0;0;0;0;0;0;0;0;0;0;0;0;0;0;0
FR;10;2022-08-20;0;0;0;0;0;0;0;0;0;0;0;0;0;0;0;0;0;0
FR;10;2022-08-21;0;0;0;0;0;0;0;0;0;0;0;0;0;0;0;0;0;0
FR;10;2022-08-22;0;0;0;0;0;0;0;0;0;0;0;0;0;0;0;0;0;0
FR;10;2022-08-23;0;0;0;0;0;0;0;0;0;0;0;0;0;0;0;0;0;0
FR;10;2022-08-24;0;0;0;0;0;0;0;0;0;0;0;0;0;0;0;0;0;0
FR;10;2022-08-25;0;0;0;0;0;0;0;0;0;0;0;0;0;0;0;0;0;0
FR;10;2022-08-26;0;0;0;0;0;0;0;0;0;0;0;0;0;0;0;0;0;0
FR;10;2022-08-27;0;0;0;0;0;0;0;0;0;0;0;0;0;0;0;0;0;0
FR;10;2022-08-28;0;0;0;0;0;0;0;0;0;0;0;0;0;0;0;0;0;0
FR;10;2022-08-29;0;0;0;0;0;0;0;0;0;0;0;0;0;0;0;0;0;0
FR;10;2022-08-30;0;0;0;0;0;0;0;0;0;0;0;0;0;0;0;0;0;0
FR;10;2022-08-31;0;0;0;0;0;0;0;0;0;0;0;0;0;0;0;0;0;0
FR;10;2022-09-01;0;0;0;0;0;0;0;0;0;0;0;0;0;0;0;0;0;0
FR;10;2022-09-02;0;0;0;0;0;0;0;0;0;0;0;0;0;0;0;0;0;0
FR;10;2022-09-03;0;0;0;0;0;0;0;0;0;0;0;0;0;0;0;0;0;0
FR;10;2022-09-04;0;0;0;0;0;0;0;0;0;0;0;0;0;0;0;0;0;0
FR;10;2022-09-05;0;0;0;0;0;0;0;0;0;0;0;0;0;0;0;0;0;0
FR;10;2022-09-06;0;0;0;0;0;0;0;0;0;0;0;0;0;0;0;0;0;0
FR;10;2022-09-07;0;0;0;0;0;0;0;0;0;0;0;0;0;0;0;0;0;0
FR;10;2022-09-08;0;0;0;0;0;0;0;0;0;0;0;0;0;0;0;0;0;0
FR;10;2022-09-09;0;0;0;0;0;0;0;0;0;0;0;0;0;0;0;0;0;0
FR;10;2022-09-10;0;0;0;0;0;0;0;0;0;0;0;0;0;0;0;0;0;0
FR;10;2022-09-11;0;0;0;0;0;0;0;0;0;0;0;0;0;0;0;0;0;0
FR;10;2022-09-12;0;0;0;0;0;0;0;0;0;0;0;0;0;0;0;0;0;0
FR;10;2022-09-13;0;0;0;0;0;0;0;0;0;0;0;0;0;0;0;0;0;0
FR;10;2022-09-14;0;0;0;0;0;0;0;0;0;0;0;0;0;0;0;0;0;0
FR;10;2022-09-15;0;0;0;0;0;0;0;0;0;0;0;0;0;0;0;0;0;0
FR;10;2022-09-16;0;0;0;0;0;0;0;0;0;0;0;0;0;0;0;0;0;0
FR;10;2022-09-17;0;0;0;0;0;0;0;0;0;0;0;0;0;0;0;0;0;0
FR;10;2022-09-18;0;0;0;0;0;0;0;0;0;0;0;0;0;0;0;0;0;0
FR;10;2022-09-19;0;0;0;0;0;0;0;0;0;0;0;0;0;0;0;0;0;0
FR;10;2022-09-20;0;0;0;0;0;0;0;0;0;0;0;0;0;0;0;0;0;0
FR;10;2022-09-21;0;0;0;0;0;0;0;0;0;0;0;0;0;0;0;0;0;0
FR;10;2022-09-22;0;0;0;0;0;0;0;0;0;0;0;0;0;0;0;0;0;0
FR;10;2022-09-23;0;0;0;0;0;0;0;0;0;0;0;0;0;0;0;0;0;0
FR;10;2022-09-24;0;0;0;0;0;0;0;0;0;0;0;0;0;0;0;0;0;0
FR;10;2022-09-25;0;0;0;0;0;0;0;0;0;0;0;0;0;0;0;0;0;0
FR;10;2022-09-26;0;0;0;0;0;0;0;0;0;0;0;0;0;0;0;0;0;0
FR;10;2022-09-27;0;0;0;0;0;0;0;0;0;0;0;0;0;0;0;0;0;0
FR;10;2022-09-28;0;0;0;0;0;0;0;0;0;0;0;0;0;0;0;0;0;0
FR;10;2022-09-29;0;0;0;0;0;0;0;0;0;0;0;0;0;0;0;0;0;0
FR;10;2022-09-30;0;0;0;0;0;0;0;0;0;0;0;0;0;0;0;0;0;0
FR;10;2022-10-01;0;0;0;0;0;0;0;0;0;0;0;0;0;0;0;0;0;0
FR;10;2022-10-02;0;0;0;0;0;0;0;0;0;0;0;0;0;0;0;0;0;0
FR;10;2022-10-03;0;0;0;0;0;0;0;0;0;0;0;0;0;0;0;0;0;0
FR;10;2022-10-04;0;0;0;0;0;0;0;0;0;0;0;0;0;0;0;0;0;0
FR;10;2022-10-05;0;0;0;0;0;0;0;0;0;0;0;0;0;0;0;0;0;0
FR;10;2022-10-06;0;0;0;0;0;0;0;0;0;0;0;0;0;0;0;0;0;0
FR;10;2022-10-07;0;0;0;0;0;0;0;0;0;0;0;0;0;0;0;0;0;0
FR;10;2022-10-08;0;0;0;0;0;0;0;0;0;0;0;0;0;0;0;0;0;0
FR;10;2022-10-09;0;0;0;0;0;0;0;0;0;0;0;0;0;0;0;0;0;0
FR;10;2022-10-10;0;0;0;0;0;0;0;0;0;0;0;0;0;0;0;0;0;0
FR;10;2022-10-11;0;0;0;0;0;0;0;0;0;0;0;0;0;0;0;0;0;0
FR;10;2022-10-12;0;0;0;0;0;0;0;0;0;0;0;0;0;0;0;0;0;0
FR;10;2022-10-13;0;0;0;0;0;0;0;0;0;0;0;0;0;0;0;0;0;0
FR;10;2022-10-14;0;0;0;0;0;0;0;0;0;0;0;0;0;0;0;0;0;0
FR;10;2022-10-15;0;0;0;0;0;0;0;0;0;0;0;0;0;0;0;0;0;0
FR;10;2022-10-16;0;0;0;0;0;0;0;0;0;0;0;0;0;0;0;0;0;0
FR;10;2022-10-17;0;0;0;0;0;0;0;0;0;0;0;0;0;0;0;0;0;0
FR;10;2022-10-18;0;0;0;0;0;0;0;0;0;0;0;0;0;0;0;0;0;0
FR;10;2022-10-19;0;0;0;0;0;0;0;0;0;0;0;0;0;0;0;0;0;0
FR;10;2022-10-20;0;0;0;0;0;0;0;0;0;0;0;0;0;0;0;0;0;0
FR;10;2022-10-21;0;0;0;0;0;0;0;0;0;0;0;0;0;0;0;0;0;0
FR;10;2022-10-22;0;0;0;0;0;0;0;0;0;0;0;0;0;0;0;0;0;0
FR;10;2022-10-23;0;0;0;0;0;0;0;0;0;0;0;0;0;0;0;0;0;0
FR;10;2022-10-24;0;0;0;0;0;0;0;0;0;0;0;0;0;0;0;0;0;0
FR;10;2022-10-25;0;0;0;0;0;0;0;0;0;0;0;0;0;0;0;0;0;0
FR;10;2022-10-26;0;0;0;0;0;0;0;0;0;0;0;0;0;0;0;0;0;0
FR;10;2022-10-27;0;0;0;0;0;0;0;0;0;0;0;0;0;0;0;0;0;0
FR;10;2022-10-28;0;0;0;0;0;0;0;0;0;0;0;0;0;0;0;0;0;0
FR;10;2022-10-29;0;0;0;0;0;0;0;0;0;0;0;0;0;0;0;0;0;0
FR;10;2022-10-30;0;0;0;0;0;0;0;0;0;0;0;0;0;0;0;0;0;0
FR;10;2022-10-31;0;0;0;0;0;0;0;0;0;0;0;0;0;0;0;0;0;0
FR;10;2022-11-01;0;0;0;0;0;0;0;0;0;0;0;0;0;0;0;0;0;0
FR;10;2022-11-02;0;0;0;0;0;0;0;0;0;0;0;0;0;0;0;0;0;0
FR;10;2022-11-03;0;0;0;0;0;0;0;0;0;0;0;0;0;0;0;0;0;0
FR;10;2022-11-04;0;0;0;0;0;0;0;0;0;0;0;0;0;0;0;0;0;0
FR;10;2022-11-05;0;0;0;0;0;0;0;0;0;0;0;0;0;0;0;0;0;0
FR;10;2022-11-06;0;0;0;0;0;0;0;0;0;0;0;0;0;0;0;0;0;0
FR;10;2022-11-07;0;0;0;0;0;0;0;0;0;0;0;0;0;0;0;0;0;0
FR;10;2022-11-08;0;0;0;0;0;0;0;0;0;0;0;0;0;0;0;0;0;0
FR;10;2022-11-09;0;0;0;0;0;0;0;0;0;0;0;0;0;0;0;0;0;0
FR;10;2022-11-10;0;0;0;0;0;0;0;0;0;0;0;0;0;0;0;0;0;0
FR;10;2022-11-11;0;0;0;0;0;0;0;0;0;0;0;0;0;0;0;0;0;0
FR;10;2022-11-12;0;0;0;0;0;0;0;0;0;0;0;0;0;0;0;0;0;0
FR;10;2022-11-13;0;0;0;0;0;0;0;0;0;0;0;0;0;0;0;0;0;0
FR;10;2022-11-14;0;0;0;0;0;0;0;0;0;0;0;0;0;0;0;0;0;0
FR;10;2022-11-15;0;0;0;0;0;0;0;0;0;0;0;0;0;0;0;0;0;0
FR;10;2022-11-16;0;0;0;0;0;0;0;0;0;0;0;0;0;0;0;0;0;0
FR;10;2022-11-17;0;0;0;0;0;0;0;0;0;0;0;0;0;0;0;0;0;0
FR;10;2022-11-18;0;0;0;0;0;0;0;0;0;0;0;0;0;0;0;0;0;0
FR;10;2022-11-19;0;0;0;0;0;0;0;0;0;0;0;0;0;0;0;0;0;0
FR;10;2022-11-20;0;0;0;0;0;0;0;0;0;0;0;0;0;0;0;0;0;0
FR;10;2022-11-21;0;0;0;0;0;0;0;0;0;0;0;0;0;0;0;0;0;0
FR;10;2022-11-22;0;0;0;0;0;0;0;0;0;0;0;0;0;0;0;0;0;0
FR;10;2022-11-23;0;0;0;0;0;0;0;0;0;0;0;0;0;0;0;0;0;0
FR;10;2022-11-24;0;0;0;0;0;0;0;0;0;0;0;0;0;0;0;0;0;0
FR;10;2022-11-25;0;0;0;0;0;0;0;0;0;0;0;0;0;0;0;0;0;0
FR;10;2022-11-26;0;0;0;0;0;0;0;0;0;0;0;0;0;0;0;0;0;0
FR;10;2022-11-27;0;0;0;0;0;0;0;0;0;0;0;0;0;0;0;0;0;0
FR;10;2022-11-28;0;0;0;0;0;0;0;0;0;0;0;0;0;0;0;0;0;0
FR;10;2022-11-29;0;0;0;0;0;0;0;0;0;0;0;0;0;0;0;0;0;0
FR;10;2022-11-30;0;0;0;0;0;0;0;0;0;0;0;0;0;0;0;0;0;0
FR;10;2022-12-01;0;0;0;0;0;0;0;0;0;0;0;0;0;0;0;0;0;0
FR;10;2022-12-02;0;0;0;0;0;0;0;0;0;0;0;0;0;0;0;0;0;0
FR;10;2022-12-03;0;0;0;0;0;0;0;0;0;0;0;0;0;0;0;0;0;0
FR;10;2022-12-04;0;0;0;0;0;0;0;0;0;0;0;0;0;0;0;0;0;0
FR;10;2022-12-05;0;0;0;0;0;0;0;0;0;0;0;0;0;0;0;0;0;0
FR;10;2022-12-06;0;0;0;0;0;0;0;0;0;0;0;0;0;0;0;0;0;0
FR;10;2022-12-07;0;0;0;0;0;0;0;0;0;0;0;0;0;0;0;0;0;0
FR;10;2022-12-08;0;0;0;0;0;0;0;0;0;0;0;0;0;0;0;0;0;0
FR;10;2022-12-09;0;0;0;0;0;0;0;0;0;0;0;0;0;0;0;0;0;0
FR;10;2022-12-10;0;0;0;0;0;0;0;0;0;0;0;0;0;0;0;0;0;0
FR;10;2022-12-11;0;0;0;0;0;0;0;0;0;0;0;0;0;0;0;0;0;0
FR;10;2022-12-12;0;0;0;0;0;0;0;0;0;0;0;0;0;0;0;0;0;0
FR;10;2022-12-13;0;0;0;0;0;0;0;0;0;0;0;0;0;0;0;0;0;0
FR;10;2022-12-14;0;0;0;0;0;0;0;0;0;0;0;0;0;0;0;0;0;0
FR;10;2022-12-15;0;0;0;0;0;0;0;0;0;0;0;0;0;0;0;0;0;0
FR;10;2022-12-16;0;0;0;0;0;0;0;0;0;0;0;0;0;0;0;0;0;0
FR;10;2022-12-17;0;0;0;0;0;0;0;0;0;0;0;0;0;0;0;0;0;0
FR;10;2022-12-18;0;0;0;0;0;0;0;0;0;0;0;0;0;0;0;0;0;0
FR;10;2022-12-19;0;0;0;0;0;0;0;0;0;0;0;0;0;0;0;0;0;0
FR;10;2022-12-20;0;0;0;0;0;0;0;0;0;0;0;0;0;0;0;0;0;0
FR;10;2022-12-21;0;0;0;0;0;0;0;0;0;0;0;0;0;0;0;0;0;0
FR;10;2022-12-22;0;0;0;1;0;0;1;0;0;0;0;0;1;0;0;1;0;0
FR;10;2022-12-23;0;0;1;14;0;2;14;0;7;0;0;1;15;0;2;15;0;7
FR;10;2022-12-24;0;0;0;3;0;0;3;0;1;0;0;1;18;0;2;18;0;8
FR;10;2022-12-25;0;0;0;0;0;0;0;0;0;0;0;1;18;0;2;18;0;8
FR;10;2022-12-26;3;1;11;35;0;8;39;0;5;3;1;12;53;0;10;57;0;13
FR;10;2022-12-27;1;1;13;34;1;11;36;0;10;4;2;25;87;1;21;93;0;23
FR;0;2020-12-27;616;0;0;0;55;0;0;0;0;616;0;0;0;55;0;0;0;0
FR;0;2020-12-28;701;1;0;0;43;0;0;0;0;1317;1;0;0;98;0;0;0;0
FR;0;2020-12-29;387;0;0;0;19;0;0;0;0;1704;1;0;0;117;0;0;0;0
FR;0;2020-12-30;450;0;0;0;18;0;0;0;0;2154;1;0;0;135;0;0;0;0
FR;0;2020-12-31;446;1;0;0;23;0;0;0;0;2600;2;0;0;158;0;0;0;0
FR;0;2021-01-01;1187;2;0;0;65;0;0;0;0;3787;4;0;0;223;0;0;0;0
FR;0;2021-01-02;366;3;0;0;28;0;0;0;0;4153;7;0;0;251;0;0;0;0
FR;0;2021-01-03;412;0;0;0;23;0;0;0;0;4565;7;0;0;274;0;0;0;0
FR;0;2021-01-04;2126;4;0;0;50;0;0;0;0;6691;11;0;0;324;0;0;0;0
FR;0;2021-01-05;7763;6;0;0;128;0;0;0;0;14454;17;0;0;452;0;0;0;0
FR;0;2021-01-06;12468;23;0;0;127;0;0;0;0;26922;40;0;0;579;0;0;0;0
FR;0;2021-01-07;29475;22;0;0;158;0;0;0;0;56397;62;0;0;737;0;0;0;0
FR;0;2021-01-08;37165;34;0;0;203;0;0;0;0;93562;96;0;0;940;0;0;0;0
FR;0;2021-01-09;11219;9;0;0;77;0;0;0;0;104781;105;0;0;1017;0;0;0;0
FR;0;2021-01-10;6012;8;0;0;28;0;0;0;0;110793;113;0;0;1045;0;0;0;0
FR;0;2021-01-11;39952;35;0;0;228;0;0;0;0;150745;148;0;0;1273;0;0;0;0
FR;0;2021-01-12;62156;27;0;0;298;0;0;0;0;212901;175;0;0;1571;0;0;0;0
FR;0;2021-01-13;65145;59;0;0;431;0;0;0;0;278046;234;0;0;2002;0;0;0;0
FR;0;2021-01-14;83111;235;0;0;1171;0;0;0;0;361157;469;0;0;3173;0;0;0;0
FR;0;2021-01-15;69027;92;0;0;553;0;0;0;0;430184;561;0;0;3726;0;0;0;0
FR;0;2021-01-16;20219;73;0;0;184;0;0;0;0;450403;634;0;0;3910;0;0;0;0
FR;0;2021-01-17;10990;54;0;0;138;0;0;0;0;461393;688;0;0;4048;0;0;0;0
FR;0;2021-01-18;85918;178;0;0;616;0;0;0;0;547311;866;0;0;4664;0;0;0;0
FR;0;2021-01-19;130614;208;0;0;867;0;0;0;0;677925;1074;0;0;5531;0;0;0;0
FR;0;2021-01-20;137563;194;0;0;837;0;0;0;0;815488;1268;0;0;6368;0;0;0;0
FR;0;2021-01-21;158424;198;0;0;946;0;0;0;0;973912;1466;0;0;7314;0;0;0;0
FR;0;2021-01-22;121081;249;0;0;839;0;0;0;0;1094993;1715;0;0;8153;0;0;0;0
FR;0;2021-01-23;38489;80;0;0;217;0;0;0;0;1133482;1795;0;0;8370;0;0;0;0
FR;0;2021-01-24;9748;127;0;0;192;0;0;0;0;1143230;1922;0;0;8562;0;0;0;0
FR;0;2021-01-25;78249;1440;0;0;1792;0;0;0;0;1221479;3362;0;0;10354;0;0;0;0
FR;0;2021-01-26;100389;3687;1;0;4165;0;0;0;0;1321868;7049;1;0;14519;0;0;0;0
FR;0;2021-01-27;107261;6395;0;0;7112;0;0;0;0;1429129;13444;1;0;21631;0;0;0;0
FR;0;2021-01-28;124376;16348;0;0;17172;0;0;0;0;1553505;29792;1;0;38803;0;0;0;0
FR;0;2021-01-29;92200;18694;0;0;19268;0;0;0;0;1645705;48486;1;0;58071;0;0;0;0
FR;0;2021-01-30;29128;4508;0;0;4644;0;0;0;0;1674833;52994;1;0;62715;0;0;0;0
FR;0;2021-01-31;5240;1900;0;0;1944;0;0;0;0;1680073;54894;1;0;64659;0;0;0;0
FR;0;2021-02-01;53149;22893;0;0;23156;0;0;0;0;1733222;77787;1;0;87815;0;0;0;0
FR;0;2021-02-02;72331;37989;0;0;38479;0;0;0;0;1805553;115776;1;0;126294;0;0;0;0
FR;0;2021-02-03;72325;40043;0;0;40543;0;0;0;0;1877878;155819;1;0;166837;0;0;0;0
FR;0;2021-02-04;82090;54776;0;0;55369;0;0;0;0;1959968;210595;1;0;222206;0;0;0;0
FR;0;2021-02-05;68248;47988;0;0;48418;0;0;0;0;2028216;258583;1;0;270624;0;0;0;0
FR;0;2021-02-06;22962;11382;0;0;11620;0;0;0;0;2051178;269965;1;0;282244;0;0;0;0
FR;0;2021-02-07;5195;6015;0;0;6141;0;0;0;0;2056373;275980;1;0;288385;0;0;0;0
FR;0;2021-02-08;46855;48637;0;0;49110;0;0;0;0;2103228;324617;1;0;337495;0;0;0;0
FR;0;2021-02-09;66039;78082;0;0;79173;0;0;0;0;2169267;402699;1;0;416668;0;0;0;0
FR;0;2021-02-10;71036;83060;0;0;84350;0;0;0;0;2240303;485759;1;0;501018;0;0;0;0
FR;0;2021-02-11;87304;105123;0;0;107043;0;0;0;0;2327607;590882;1;0;608061;0;0;0;0
FR;0;2021-02-12;79352;75980;0;0;77714;0;0;0;0;2406959;666862;1;0;685775;0;0;0;0
FR;0;2021-02-13;22388;19536;0;0;19902;0;0;0;0;2429347;686398;1;0;705677;0;0;0;0
FR;0;2021-02-14;5080;7366;0;0;7493;0;0;0;0;2434427;693764;1;0;713170;0;0;0;0
FR;0;2021-02-15;38126;76724;0;0;77724;0;0;0;0;2472553;770488;1;0;790894;0;0;0;0
FR;0;2021-02-16;50412;99822;0;0;101149;0;0;0;0;2522965;870310;1;0;892043;0;0;0;0
FR;0;2021-02-17;50549;106737;20;0;108172;0;0;0;0;2573514;977047;21;0;1000215;0;0;0;0
FR;0;2021-02-18;69811;123456;0;0;125483;0;0;0;0;2643325;1100503;21;0;1125698;0;0;0;0
FR;0;2021-02-19;65087;92085;1;0;93965;0;0;0;0;2708412;1192588;22;0;1219663;0;0;0;0
FR;0;2021-02-20;18599;28567;0;0;28932;0;0;0;0;2727011;1221155;22;0;1248595;0;0;0;0
FR;0;2021-02-21;3331;6085;0;0;6190;0;0;0;0;2730342;1227240;22;0;1254785;0;0;0;0
FR;0;2021-02-22;37506;73190;2;0;74194;0;0;0;0;2767848;1300430;24;0;1328979;0;0;0;0
FR;0;2021-02-23;53796;85234;1;0;86739;0;0;0;0;2821644;1385664;25;0;1415718;0;0;0;0
FR;0;2021-02-24;60032;82798;1;0;84372;0;0;0;0;2881676;1468462;26;0;1500090;0;0;0;0
FR;0;2021-02-25;100606;91348;1;0;94326;0;0;0;0;2982282;1559810;27;0;1594416;0;0;0;0
FR;0;2021-02-26;113487;70759;1;0;73890;0;0;0;0;3095769;1630569;28;0;1668306;0;0;0;0
FR;0;2021-02-27;52127;22419;1;0;23660;0;0;0;0;3147896;1652988;29;0;1691966;0;0;0;0
FR;0;2021-02-28;6208;4124;2;0;4321;0;0;0;0;3154104;1657112;31;0;1696287;0;0;0;0
FR;0;2021-03-01;65931;54063;1;0;55920;0;0;0;0;3220035;1711175;32;0;1752207;0;0;0;0
FR;0;2021-03-02;101409;67153;3;0;70189;0;0;0;0;3321444;1778328;35;0;1822396;0;0;0;0
FR;0;2021-03-03;116552;65472;0;0;69153;0;0;0;0;3437996;1843800;35;0;1891549;0;0;0;0
FR;0;2021-03-04;163655;72488;3;0;78049;0;0;0;0;3601651;1916288;38;0;1969598;0;0;0;0
FR;0;2021-03-05;200954;62720;3;0;69444;0;0;0;0;3802605;1979008;41;0;2039042;0;0;0;0
FR;0;2021-03-06;207983;17508;3;0;22807;0;0;0;0;4010588;1996516;44;0;2061849;0;0;0;0
FR;0;2021-03-07;121290;4049;1;0;7343;0;0;0;0;4131878;2000565;45;0;2069192;0;0;0;0
FR;0;2021-03-08;107173;49623;2;0;53102;0;0;0;0;4239051;2050188;47;0;2122294;0;0;0;0
FR;0;2021-03-09;172475;56089;2;0;61574;0;0;0;0;4411526;2106277;49;0;2183868;0;0;0;0
FR;0;2021-03-10;179034;57095;5;0;62760;0;0;0;0;4590560;2163372;54;0;2246628;0;0;0;0
FR;0;2021-03-11;242927;63992;2;0;72075;0;0;0;0;4833487;2227364;56;0;2318703;0;0;0;0
FR;0;2021-03-12;294865;53384;1;0;62839;0;0;0;0;5128352;2280748;57;0;2381542;0;0;0;0
FR;0;2021-03-13;231440;15270;1;0;21248;0;0;0;0;5359792;2296018;58;0;2402790;0;0;0;0
FR;0;2021-03-14;63358;3079;1;0;5114;0;0;0;0;5423150;2299097;59;0;2407904;0;0;0;0
FR;0;2021-03-15;158689;31572;3;0;36219;0;0;0;0;5581839;2330669;62;0;2444123;0;0;0;0
FR;0;2021-03-16;141590;38824;6;0;42967;0;0;0;0;5723429;2369493;68;0;2487090;0;0;0;0
FR;0;2021-03-17;150514;37611;4;0;42376;0;0;0;0;5873943;2407104;72;0;2529466;0;0;0;0
FR;0;2021-03-18;167862;44393;5;0;49948;0;0;0;0;6041805;2451497;77;0;2579414;0;0;0;0
FR;0;2021-03-19;230047;36763;2;0;44117;0;0;0;0;6271852;2488260;79;0;2623531;0;0;0;0
FR;0;2021-03-20;166715;11393;1;0;16017;0;0;0;0;6438567;2499653;80;0;2639548;0;0;0;0
FR;0;2021-03-21;49953;2155;1;0;3913;0;0;0;0;6488520;2501808;81;0;2643461;0;0;0;0
FR;0;2021-03-22;170076;33562;2;0;39057;0;0;0;0;6658596;2535370;83;0;2682518;0;0;0;0
FR;0;2021-03-23;250426;42399;1;0;50235;0;0;0;0;6909022;2577769;84;0;2732753;0;0;0;0
FR;0;2021-03-24;256940;43547;0;0;51632;0;0;0;0;7165962;2621316;84;0;2784385;0;0;0;0
FR;0;2021-03-25;341860;45254;5;0;56243;0;0;0;0;7507822;2666570;89;0;2840628;0;0;0;0
FR;0;2021-03-26;358838;41795;5;1;53543;0;0;0;0;7866660;2708365;94;1;2894171;0;0;0;0
FR;0;2021-03-27;195292;16938;1;0;23380;0;0;0;0;8061952;2725303;95;1;2917551;0;0;0;0
FR;0;2021-03-28;59352;4541;3;0;6605;0;0;0;0;8121304;2729844;98;1;2924156;0;0;0;0
FR;0;2021-03-29;203012;53448;4;0;60202;0;0;0;0;8324316;2783292;102;1;2984358;0;0;0;0
FR;0;2021-03-30;285524;69984;5;0;80387;0;0;0;0;8609840;2853276;107;1;3064745;0;0;0;0
FR;0;2021-03-31;263072;73945;4;0;84620;0;0;0;0;8872912;2927221;111;1;3149365;0;0;0;0
FR;0;2021-04-01;315560;92602;11;0;106171;0;0;0;0;9188472;3019823;122;1;3255536;0;0;0;0
FR;0;2021-04-02;281373;94675;7;0;106494;0;0;0;0;9469845;3114498;129;1;3362030;0;0;0;0
FR;0;2021-04-03;141090;62550;6;0;67806;0;0;0;0;9610935;3177048;135;1;3429836;0;0;0;0
FR;0;2021-04-04;46546;19005;2;0;21054;0;0;0;0;9657481;3196053;137;1;3450890;0;0;0;0
FR;0;2021-04-05;63359;10432;11;0;13090;0;0;0;0;9720840;3206485;148;1;3463980;0;0;0;0
FR;0;2021-04-06;217257;112859;17;0;121701;0;0;0;0;9938097;3319344;165;1;3585681;0;0;0;0
FR;0;2021-04-07;260308;115269;17;0;126605;0;0;0;0;10198405;3434613;182;1;3712286;0;0;0;0
FR;0;2021-04-08;337900;123087;15;0;138696;0;0;0;0;10536305;3557700;197;1;3850982;0;0;0;0
FR;0;2021-04-09;410211;116843;49;0;134235;0;0;0;0;10946516;3674543;246;1;3985217;0;0;0;0
FR;0;2021-04-10;212656;82840;15;0;91225;0;0;0;0;11159172;3757383;261;1;4076442;0;0;0;0
FR;0;2021-04-11;56157;34183;7;0;36707;0;0;0;0;11215329;3791566;268;1;4113149;0;0;0;0
FR;0;2021-04-12;237111;115801;46;0;125393;0;0;0;0;11452440;3907367;314;1;4238542;0;0;0;0
FR;0;2021-04-13;309533;144185;98;1;157130;0;0;0;0;11761973;4051552;412;2;4395672;0;0;0;0
FR;0;2021-04-14;294576;139741;215;0;153109;0;0;0;0;12056549;4191293;627;2;4548781;0;0;0;0
FR;0;2021-04-15;337172;150345;340;0;165862;0;0;0;0;12393721;4341638;967;2;4714643;0;0;0;0
FR;0;2021-04-16;339352;146986;354;0;161637;0;0;0;0;12733073;4488624;1321;2;4876280;0;0;0;0
FR;0;2021-04-17;188686;89978;109;0;97674;0;0;0;0;12921759;4578602;1430;2;4973954;0;0;0;0
FR;0;2021-04-18;51634;35452;47;0;37871;0;0;0;0;12973393;4614054;1477;2;5011825;0;0;0;0
FR;0;2021-04-19;205737;138255;456;0;147401;0;0;0;0;13179130;4752309;1933;2;5159226;0;0;0;0
FR;0;2021-04-20;254474;171873;569;0;183522;0;0;0;0;13433604;4924182;2502;2;5342748;0;0;0;0
FR;0;2021-04-21;253315;170049;836;0;182062;0;0;0;0;13686919;5094231;3338;2;5524810;0;0;0;0
FR;0;2021-04-22;287614;190287;819;0;204873;0;0;0;0;13974533;5284518;4157;2;5729683;0;0;0;0
FR;0;2021-04-23;297704;184589;747;0;203367;0;0;0;0;14272237;5469107;4904;2;5933050;0;0;0;0
FR;0;2021-04-24;190477;112000;252;0;122449;0;0;0;0;14462714;5581107;5156;2;6055499;0;0;0;0
FR;0;2021-04-25;69572;38843;51;0;42574;0;0;0;0;14532286;5619950;5207;2;6098073;0;0;0;0
FR;0;2021-04-26;220993;158486;563;0;171682;0;0;0;0;14753279;5778436;5770;2;6269755;0;0;0;0
FR;0;2021-04-27;284644;187992;941;0;211303;0;0;0;0;15037923;5966428;6711;2;6481058;0;0;0;0
FR;0;2021-04-28;299560;184583;1426;1;209657;1;0;0;0;15337483;6151011;8137;3;6690715;1;0;0;0
FR;0;2021-04-29;357193;198102;1281;0;233182;0;0;0;0;15694676;6349113;9418;3;6923897;1;0;0;0
FR;0;2021-04-30;372253;185976;1123;1;225316;0;0;0;0;16066929;6535089;10541;4;7149213;1;0;0;0
FR;0;2021-05-01;167672;52512;179;0;63759;0;0;0;0;16234601;6587601;10720;4;7212972;1;0;0;0
FR;0;2021-05-02;91766;37851;83;0;43575;0;0;0;0;16326367;6625452;10803;4;7256547;1;0;0;0
FR;0;2021-05-03;288961;165516;843;0;186034;0;0;0;0;16615328;6790968;11646;4;7442581;1;0;0;0
FR;0;2021-05-04;315738;225475;1235;0;251644;0;0;0;0;16931066;7016443;12881;4;7694225;1;0;0;0
FR;0;2021-05-05;327270;226418;1315;0;251482;0;0;0;0;17258336;7242861;14196;4;7945707;1;0;0;0
FR;0;2021-05-06;379582;240977;1634;0;275231;0;0;0;0;17637918;7483838;15830;4;8220938;1;0;0;0
FR;0;2021-05-07;372812;258737;1224;0;299794;0;0;0;0;18010730;7742575;17054;4;8520732;1;0;0;0
FR;0;2021-05-08;222179;71124;300;0;86337;0;0;0;0;18232909;7813699;17354;4;8607069;1;0;0;0
FR;0;2021-05-09;129723;44708;243;0;53343;0;0;0;0;18362632;7858407;17597;4;8660412;1;0;0;0
FR;0;2021-05-10;313419;229591;1238;0;255370;0;0;0;0;18676051;8087998;18835;4;8915782;1;0;0;0
FR;0;2021-05-11;403959;258327;1566;0;296752;0;0;0;0;19080010;8346325;20401;4;9212534;1;0;0;0
FR;0;2021-05-12;434181;233785;1544;0;270068;0;0;0;0;19514191;8580110;21945;4;9482602;1;0;0;0
FR;0;2021-05-13;338631;56484;432;0;77980;0;0;0;0;19852822;8636594;22377;4;9560582;1;0;0;0
FR;0;2021-05-14;454174;167476;1127;0;203077;0;0;0;0;20306996;8804070;23504;4;9763659;1;0;0;0
FR;0;2021-05-15;375004;94358;444;0;120753;0;0;0;0;20682000;8898428;23948;4;9884412;1;0;0;0
FR;0;2021-05-16;202769;20693;168;0;34093;0;0;0;0;20884769;8919121;24116;4;9918505;1;0;0;0
FR;0;2021-05-17;376144;148844;1555;0;178637;0;0;0;0;21260913;9067965;25671;4;10097142;1;0;0;0
FR;0;2021-05-18;460191;154007;1990;0;193157;0;0;0;0;21721104;9221972;27661;4;10290299;1;0;0;0
FR;0;2021-05-19;467447;142676;2465;0;179940;0;0;0;0;22188551;9364648;30126;4;10470239;1;0;0;0
FR;0;2021-05-20;507576;160289;2340;0;204268;0;0;0;0;22696127;9524937;32466;4;10674507;1;0;0;0
FR;0;2021-05-21;489714;175176;1996;0;221728;0;0;0;0;23185841;9700113;34462;4;10896235;1;0;0;0
FR;0;2021-05-22;347218;80195;670;0;108623;0;0;0;0;23533059;9780308;35132;4;11004858;1;0;0;0
FR;0;2021-05-23;161709;14227;246;0;26697;0;0;0;0;23694768;9794535;35378;4;11031555;1;0;0;0
FR;0;2021-05-24;263210;33098;604;0;52936;0;0;0;0;23957978;9827633;35982;4;11084491;1;0;0;0
FR;0;2021-05-25;400302;190419;2357;1;226981;0;0;0;0;24358280;10018052;38339;5;11311472;1;0;0;0
FR;0;2021-05-26;413484;190946;2227;0;229009;0;0;0;0;24771764;10208998;40566;5;11540481;1;0;0;0
FR;0;2021-05-27;449849;219883;2163;0;267028;0;0;0;0;25221613;10428881;42729;5;11807509;1;0;0;0
FR;0;2021-05-28;429581;261023;1894;0;319123;0;0;0;0;25651194;10689904;44623;5;12126632;1;0;0;0
FR;0;2021-05-29;299002;150418;586;0;183270;0;0;0;0;25950196;10840322;45209;5;12309902;1;0;0;0
FR;0;2021-05-30;107151;32518;164;0;42104;0;0;0;0;26057347;10872840;45373;5;12352006;1;0;0;0
FR;0;2021-05-31;358068;203458;1472;1;241742;1;0;0;0;26415415;11076298;46845;6;12593748;2;0;0;0
FR;0;2021-06-01;431104;251208;1970;1;302855;1;0;0;0;26846519;11327506;48815;7;12896603;3;0;0;0
FR;0;2021-06-02;420147;232501;1985;0;279882;0;0;0;0;27266666;11560007;50800;7;13176485;3;0;0;0
FR;0;2021-06-03;465664;257744;1826;0;312509;0;0;0;0;27732330;11817751;52626;7;13488994;3;0;0;0
FR;0;2021-06-04;456281;305759;1734;1;363161;1;0;0;0;28188611;12123510;54360;8;13852155;4;0;0;0
FR;0;2021-06-05;304821;189496;653;0;222709;0;0;0;0;28493432;12313006;55013;8;14074864;4;0;0;0
FR;0;2021-06-06;133331;49046;226;0;61188;0;0;0;0;28626763;12362052;55239;8;14136052;4;0;0;0
FR;0;2021-06-07;340008;261529;1529;0;298625;0;0;0;0;28966771;12623581;56768;8;14434677;4;0;0;0
FR;0;2021-06-08;393923;291356;1806;0;338221;0;0;0;0;29360694;12914937;58574;8;14772898;4;0;0;0
FR;0;2021-06-09;384905;273902;1734;0;318317;0;0;0;0;29745599;13188839;60308;8;15091215;4;0;0;0
FR;0;2021-06-10;404223;286655;1727;1;336096;0;0;0;0;30149822;13475494;62035;9;15427311;4;0;0;0
FR;0;2021-06-11;386693;356527;1467;1;406960;0;0;0;0;30536515;13832021;63502;10;15834271;4;0;0;0
FR;0;2021-06-12;283289;210978;497;0;243123;0;0;0;0;30819804;14042999;63999;10;16077394;4;0;0;0
FR;0;2021-06-13;104897;73852;204;0;84843;0;0;0;0;30924701;14116851;64203;10;16162237;4;0;0;0
FR;0;2021-06-14;240865;354141;1429;1;383327;0;0;0;0;31165566;14470992;65632;11;16545564;4;0;0;0
FR;0;2021-06-15;308202;384442;1574;1;423210;0;0;0;0;31473768;14855434;67206;12;16968774;4;0;0;0
FR;0;2021-06-16;314003;357529;1418;1;395291;0;0;0;0;31787771;15212963;68624;13;17364065;4;0;0;0
FR;0;2021-06-17;317716;373044;1431;1;414229;0;0;0;0;32105487;15586007;70055;14;17778294;4;0;0;0
FR;0;2021-06-18;321774;442592;1341;1;485982;0;0;0;0;32427261;16028599;71396;15;18264276;4;0;0;0
FR;0;2021-06-19;224357;273979;449;0;301161;0;0;0;0;32651618;16302578;71845;15;18565437;4;0;0;0
FR;0;2021-06-20;74452;102309;130;0;111503;0;0;0;0;32726070;16404887;71975;15;18676940;4;0;0;0
FR;0;2021-06-21;195800;401679;1038;1;427634;1;0;0;0;32921870;16806566;73013;16;19104574;5;0;0;0
FR;0;2021-06-22;223221;467665;1266;10;500315;1;0;0;0;33145091;17274231;74279;26;19604889;6;0;0;0
FR;0;2021-06-23;234065;440009;1197;1;474118;1;0;0;0;33379156;17714240;75476;27;20079007;7;0;0;0
FR;0;2021-06-24;241887;409637;1359;0;447135;0;0;0;0;33621043;18123877;76835;27;20526142;7;0;0;0
FR;0;2021-06-25;227661;522955;1403;0;561954;0;0;0;0;33848704;18646832;78238;27;21088096;7;0;0;0
FR;0;2021-06-26;153281;370991;587;1;395784;0;0;0;0;34001985;19017823;78825;28;21483880;7;0;0;0
FR;0;2021-06-27;55915;155959;169;1;164870;0;0;0;0;34057900;19173782;78994;29;21648750;7;0;0;0
FR;0;2021-06-28;154800;452538;1177;0;478135;0;0;0;0;34212700;19626320;80171;29;22126885;7;0;0;0
FR;0;2021-06-29;182731;507661;2123;0;539044;0;0;0;0;34395431;20133981;82294;29;22665929;7;0;0;0
FR;0;2021-06-30;204030;485106;2015;21;519389;2;0;0;0;34599461;20619087;84309;50;23185318;9;0;0;0
FR;0;2021-07-01;231433;458413;2224;5;498379;1;0;0;0;34830894;21077500;86533;55;23683697;10;0;0;0
FR;0;2021-07-02;228699;520017;2120;5;562346;2;0;0;0;35059593;21597517;88653;60;24246043;12;0;0;0
FR;0;2021-07-03;142053;368755;908;3;395248;1;0;0;0;35201646;21966272;89561;63;24641291;13;0;0;0
FR;0;2021-07-04;56760;141018;265;0;150716;0;0;0;0;35258406;22107290;89826;63;24792007;13;0;0;0
FR;0;2021-07-05;168532;418671;1668;8;448621;0;0;0;0;35426938;22525961;91494;71;25240628;13;0;0;0
FR;0;2021-07-06;196792;474503;1830;45;511114;8;0;0;0;35623730;23000464;93324;116;25751742;21;0;0;0
FR;0;2021-07-07;213227;438977;1880;25;477445;3;0;0;0;35836957;23439441;95204;141;26229187;24;0;0;0
FR;0;2021-07-08;231663;424096;2089;20;468050;3;0;0;0;36068620;23863537;97293;161;26697237;27;0;0;0
FR;0;2021-07-09;228634;511072;2185;4;557389;2;0;0;0;36297254;24374609;99478;165;27254626;29;0;0;0
FR;0;2021-07-10;148626;339905;986;1;368857;1;0;0;0;36445880;24714514;100464;166;27623483;30;0;0;0
FR;0;2021-07-11;60209;110048;283;0;120967;0;0;0;0;36506089;24824562;100747;166;27744450;30;0;0;0
FR;0;2021-07-12;169431;477777;1765;4;512535;0;0;0;0;36675520;25302339;102512;170;28256985;30;0;0;0
FR;0;2021-07-13;287283;526685;2050;8;585738;1;0;0;0;36962803;25829024;104562;178;28842723;31;0;0;0
FR;0;2021-07-14;181117;157378;435;0;186699;0;0;0;0;37143920;25986402;104997;178;29029422;31;0;0;0
FR;0;2021-07-15;347116;501641;2100;1;571635;0;0;0;0;37491036;26488043;107097;179;29601057;31;0;0;0
FR;0;2021-07-16;380119;495078;2023;3;574290;1;0;0;0;37871155;26983121;109120;182;30175347;32;0;0;0
FR;0;2021-07-17;259745;319623;877;1;368591;0;0;0;0;38130900;27302744;109997;183;30543938;32;0;0;0
FR;0;2021-07-18;109735;114578;310;0;133025;0;0;0;0;38240635;27417322;110307;183;30676963;32;0;0;0
FR;0;2021-07-19;285512;423977;1631;3;479019;0;0;0;0;38526147;27841299;111938;186;31155982;32;0;0;0
FR;0;2021-07-20;376932;451308;1724;0;523661;0;0;0;0;38903079;28292607;113662;186;31679643;32;0;0;0
FR;0;2021-07-21;395827;406953;1549;4;481984;1;0;0;0;39298906;28699560;115211;190;32161627;33;0;0;0
FR;0;2021-07-22;441071;387366;1715;4;471887;2;0;0;0;39739977;29086926;116926;194;32633514;35;0;0;0
FR;0;2021-07-23;440340;422090;1883;4;510084;1;0;0;0;40180317;29509016;118809;198;33143598;36;0;0;0
FR;0;2021-07-24;285259;269312;804;1;322014;0;0;0;0;40465576;29778328;119613;199;33465612;36;0;0;0
FR;0;2021-07-25;121120;79926;234;0;100288;0;0;0;0;40586696;29858254;119847;199;33565900;36;0;0;0
FR;0;2021-07-26;347438;322212;1614;3;384791;1;0;0;0;40934134;30180466;121461;202;33950691;37;0;0;0
FR;0;2021-07-27;464093;319349;1698;4;400515;1;0;0;0;41398227;30499815;123159;206;34351206;38;0;0;0
FR;0;2021-07-28;459457;289369;1637;4;367007;1;0;0;0;41857684;30789184;124796;210;34718213;39;0;0;0
FR;0;2021-07-29;489849;276152;1797;2;357068;0;0;0;0;42347533;31065336;126593;212;35075281;39;0;0;0
FR;0;2021-07-30;461847;302408;1941;5;380933;1;0;0;0;42809380;31367744;128534;217;35456214;40;0;0;0
FR;0;2021-07-31;285413;185009;916;1;231525;0;0;0;0;43094793;31552753;129450;218;35687739;40;0;0;0
FR;0;2021-08-01;112037;49920;255;0;65701;0;0;0;0;43206830;31602673;129705;218;35753440;40;0;0;0
FR;0;2021-08-02;341653;234057;1602;2;284788;0;0;0;0;43548483;31836730;131307;220;36038228;40;0;0;0
FR;0;2021-08-03;398631;244492;1728;2;304598;1;0;0;0;43947114;32081222;133035;222;36342826;41;0;0;0
FR;0;2021-08-04;384874;209546;1593;6;265699;3;0;0;0;44331988;32290768;134628;228;36608525;44;0;0;0
FR;0;2021-08-05;366188;228362;1711;0;281763;0;0;0;0;44698176;32519130;136339;228;36890288;44;0;0;0
FR;0;2021-08-06;359743;271239;1835;4;326662;0;0;0;0;45057919;32790369;138174;232;37216950;44;0;0;0
FR;0;2021-08-07;213137;178315;756;5;210064;1;0;0;0;45271056;32968684;138930;237;37427014;45;0;0;0
FR;0;2021-08-08;74199;63184;276;0;73616;0;0;0;0;45345255;33031868;139206;237;37500630;45;0;0;0
FR;0;2021-08-09;258769;258634;1548;4;297584;2;0;0;0;45604024;33290502;140754;241;37798214;47;0;0;0
FR;0;2021-08-10;306886;277108;1663;2;323534;0;0;0;0;45910910;33567610;142417;243;38121748;47;0;0;0
FR;0;2021-08-11;279756;259592;1441;5;301686;0;0;0;0;46190666;33827202;143858;248;38423434;47;0;0;0
FR;0;2021-08-12;271558;278060;1668;3;320361;0;0;0;0;46462224;34105262;145526;251;38743795;47;0;0;0
FR;0;2021-08-13;252165;278076;1594;3;316945;2;0;0;0;46714389;34383338;147120;254;39060740;49;0;0;0
FR;0;2021-08-14;145353;197088;740;0;219034;0;0;0;0;46859742;34580426;147860;254;39279774;49;0;0;0
FR;0;2021-08-15;39395;50095;218;1;55682;0;0;0;0;46899137;34630521;148078;255;39335456;49;0;0;0
FR;0;2021-08-16;186194;317521;1542;0;345475;0;0;0;0;47085331;34948042;149620;255;39680931;49;0;0;0
FR;0;2021-08-17;215703;335839;1638;7;368907;0;0;0;0;47301034;35283881;151258;262;40049838;49;0;0;0
FR;0;2021-08-18;199065;324391;1599;7;354588;4;0;0;0;47500099;35608272;152857;269;40404426;53;0;0;0
FR;0;2021-08-19;192043;325411;1642;1;356004;0;0;0;0;47692142;35933683;154499;270;40760430;53;0;0;0
FR;0;2021-08-20;186481;366201;1820;3;396673;2;0;0;0;47878623;36299884;156319;273;41157103;55;0;0;0
FR;0;2021-08-21;104806;238125;708;0;254571;0;0;0;0;47983429;36538009;157027;273;41411674;55;0;0;0
FR;0;2021-08-22;31945;87211;256;1;92166;1;0;0;0;48015374;36625220;157283;274;41503840;56;0;0;0
FR;0;2021-08-23;140986;356997;1561;3;379618;0;0;0;0;48156360;36982217;158844;277;41883458;56;0;0;0
FR;0;2021-08-24;162508;376616;1850;5;402901;0;0;0;0;48318868;37358833;160694;282;42286359;56;0;0;0
FR;0;2021-08-25;151159;350737;2036;8;375465;2;0;0;0;48470027;37709570;162730;290;42661824;58;0;0;0
FR;0;2021-08-26;142886;342742;2561;10;367587;0;0;0;0;48612913;38052312;165291;300;43029411;58;0;0;0
FR;0;2021-08-27;148456;388254;2791;11;414970;1;0;0;0;48761369;38440566;168082;311;43444381;59;0;0;0
FR;0;2021-08-28;90676;249615;1407;0;264968;0;0;0;0;48852045;38690181;169489;311;43709349;59;0;0;0
FR;0;2021-08-29;27322;83345;518;1;88267;0;0;0;0;48879367;38773526;170007;312;43797616;59;0;0;0
FR;0;2021-08-30;117427;324592;4713;6;342409;5857;0;0;0;48996794;39098118;174720;318;44140025;5916;0;0;0
FR;0;2021-08-31;128824;334467;10189;19;353950;11783;2;0;0;49125618;39432585;184909;337;44493975;17699;2;0;0
FR;0;2021-09-01;136158;285668;22435;8;302444;24404;1;0;0;49261776;39718253;207344;345;44796419;42103;3;0;0
FR;0;2021-09-02;114658;247201;26521;20;262119;29004;0;0;0;49376434;39965454;233865;365;45058538;71107;3;0;0
FR;0;2021-09-03;118320;292657;29967;24;309335;33077;1;0;0;49494754;40258111;263832;389;45367873;104184;4;0;0
FR;0;2021-09-04;89891;217783;12588;12;230507;14149;7;0;0;49584645;40475894;276420;401;45598380;118333;11;0;0
FR;0;2021-09-05;21362;44803;4395;2;48292;4714;0;0;0;49606007;40520697;280815;403;45646672;123047;11;0;0
FR;0;2021-09-06;75695;180524;31956;16;190719;34305;2;0;0;49681702;40701221;312771;419;45837391;157352;13;0;0
FR;0;2021-09-07;80313;181192;33248;43;191088;36304;2;0;0;49762015;40882413;346019;462;46028479;193656;15;0;0
FR;0;2021-09-08;91004;206079;29667;28;216594;32564;4;0;0;49853019;41088492;375686;490;46245073;226220;19;0;0
FR;0;2021-09-09;76958;165306;33081;27;174130;36693;5;0;0;49929977;41253798;408767;517;46419203;262913;24;0;0
FR;0;2021-09-10;96041;203804;35743;28;214921;40774;7;0;0;50026018;41457602;444510;545;46634124;303687;31;0;0
FR;0;2021-09-11;67167;169315;12140;19;178191;14397;0;0;0;50093185;41626917;456650;564;46812315;318084;31;0;0
FR;0;2021-09-12;12827;32097;2782;1;34147;3187;2;0;0;50106012;41659014;459432;565;46846462;321271;33;0;0
FR;0;2021-09-13;64575;126185;41245;35;134225;44251;17;0;0;50170587;41785199;500677;600;46980687;365522;50;0;0
FR;0;2021-09-14;73496;129004;56381;80;135786;62413;42;0;0;50244083;41914203;557058;680;47116473;427935;92;0;0
FR;0;2021-09-15;76652;167762;55670;58;174722;54845;77;0;0;50320735;42081965;612728;738;47291195;482780;169;0;0
FR;0;2021-09-16;63887;114495;60100;82;117887;60162;69;0;0;50384622;42196460;672828;820;47409082;542942;238;0;0
FR;0;2021-09-17;75088;156841;53857;71;159735;57339;68;0;0;50459710;42353301;726685;891;47568817;600281;306;0;0
FR;0;2021-09-18;48240;139627;15602;25;144315;17319;20;0;0;50507950;42492928;742287;916;47713132;617600;326;0;0
FR;0;2021-09-19;7908;23659;2440;1;24887;2618;1;0;0;50515858;42516587;744727;917;47738019;620218;327;0;0
FR;0;2021-09-20;44575;93751;50088;72;96245;50344;36;0;0;50560433;42610338;794815;989;47834264;670562;363;0;0
FR;0;2021-09-21;45908;98385;62769;77;98393;63506;81;0;0;50606341;42708723;857584;1066;47932657;734068;444;0;0
FR;0;2021-09-22;48696;142393;55377;82;144848;55462;49;0;0;50655037;42851116;912961;1148;48077505;789530;493;0;0
FR;0;2021-09-23;43292;92071;62402;95;91276;63589;90;0;0;50698329;42943187;975363;1243;48168781;853119;583;0;0
FR;0;2021-09-24;52315;133293;54563;107;132403;59218;78;0;0;50750644;43076480;1029926;1350;48301184;912337;661;0;0
FR;0;2021-09-25;35221;115652;16276;36;118647;18311;22;0;0;50785865;43192132;1046202;1386;48419831;930648;683;0;0
FR;0;2021-09-26;5556;17802;2273;5;18687;2331;5;0;0;50791421;43209934;1048475;1391;48438518;932979;688;0;0
FR;0;2021-09-27;33982;76914;47203;97;78801;48187;83;0;1;50825403;43286848;1095678;1488;48517319;981166;771;0;1
FR;0;2021-09-28;36522;75242;54976;90;74339;56580;48;0;0;50861925;43362090;1150654;1578;48591658;1037746;819;0;1
FR;0;2021-09-29;44423;100710;53369;112;102870;54904;44;0;0;50906348;43462800;1204023;1690;48694528;1092650;863;0;1
FR;0;2021-09-30;36344;72968;57044;96;71477;59602;58;0;0;50942692;43535768;1261067;1786;48766005;1152252;921;0;1
FR;0;2021-10-01;61715;102862;57829;108;101435;63996;25;0;0;51004407;43638630;1318896;1894;48867440;1216248;946;0;1
FR;0;2021-10-02;39470;78443;20964;39;81730;23383;12;0;0;51043877;43717073;1339860;1933;48949170;1239631;958;0;1
FR;0;2021-10-03;5289;10496;2533;4;11259;2542;4;0;0;51049166;43727569;1342393;1937;48960429;1242173;962;0;1
FR;0;2021-10-04;35199;58498;52632;84;59507;54850;37;0;0;51084365;43786067;1395025;2021;49019936;1297023;999;0;1
FR;0;2021-10-05;33927;64363;61028;135;62105;65105;51;0;0;51118292;43850430;1456053;2156;49082041;1362128;1050;0;1
FR;0;2021-10-06;42723;79283;65759;112;80169;68372;30;0;0;51161015;43929713;1521812;2268;49162210;1430500;1080;0;1
FR;0;2021-10-07;30569;62270;65443;89;59499;68883;39;0;0;51191584;43991983;1587255;2357;49221709;1499383;1119;0;1
FR;0;2021-10-08;49482;91934;77769;111;89884;84802;42;0;0;51241066;44083917;1665024;2468;49311593;1584185;1161;0;1
FR;0;2021-10-09;33677;60935;31547;35;64137;33925;17;0;0;51274743;44144852;1696571;2503;49375730;1618110;1178;0;1
FR;0;2021-10-10;4720;7429;3198;9;7945;3477;2;0;0;51279463;44152281;1699769;2512;49383675;1621587;1180;0;1
FR;0;2021-10-11;30733;49900;61046;105;50620;64107;51;0;0;51310196;44202181;1760815;2617;49434295;1685694;1231;0;1
FR;0;2021-10-12;31643;54482;70630;141;51336;76028;27;0;0;51341839;44256663;1831445;2758;49485631;1761722;1258;0;1
FR;0;2021-10-13;40165;62831;74440;137;62799;79378;30;0;1;51382004;44319494;1905885;2895;49548430;1841100;1288;0;2
FR;0;2021-10-14;30360;52869;68774;116;49701;73854;35;0;0;51412364;44372363;1974659;3011;49598131;1914954;1323;0;2
FR;0;2021-10-15;44951;75236;93245;191;70337;103041;27;0;0;51457315;44447599;2067904;3202;49668468;2017995;1350;0;2
FR;0;2021-10-16;31332;44101;36698;44;46708;39659;16;0;0;51488647;44491700;2104602;3246;49715176;2057654;1366;0;2
FR;0;2021-10-17;3891;5223;3602;2;5670;3673;4;0;0;51492538;44496923;2108204;3248;49720846;2061327;1370;0;2
FR;0;2021-10-18;29207;42355;67514;134;42577;71371;28;0;0;51521745;44539278;2175718;3382;49763423;2132698;1398;0;2
FR;0;2021-10-19;27195;45554;76424;140;43219;81670;46;0;0;51548940;44584832;2252142;3522;49806642;2214368;1444;0;2
FR;0;2021-10-20;35342;52412;96953;181;51824;101569;45;0;0;51584282;44637244;2349095;3703;49858466;2315937;1489;0;2
FR;0;2021-10-21;26164;45165;83989;112;41965;89181;32;0;0;51610446;44682409;2433084;3815;49900431;2405118;1521;0;2
FR;0;2021-10-22;38448;62485;104923;200;59366;112638;62;0;0;51648894;44744894;2538007;4015;49959797;2517756;1583;0;2
FR;0;2021-10-23;27033;41205;45466;57;42436;48637;14;0;0;51675927;44786099;2583473;4072;50002233;2566393;1597;0;2
FR;0;2021-10-24;2946;4765;3685;6;5014;3924;1;0;0;51678873;44790864;2587158;4078;50007247;2570317;1598;0;2
FR;0;2021-10-25;26101;36230;82344;144;35509;86674;39;0;0;51704974;44827094;2669502;4222;50042756;2656991;1637;0;2
FR;0;2021-10-26;23767;34996;87276;166;32175;92397;36;0;0;51728741;44862090;2756778;4388;50074931;2749388;1673;0;2
FR;0;2021-10-27;30112;46319;109028;257;44058;114747;53;0;0;51758853;44908409;2865806;4645;50118989;2864135;1726;0;2
FR;0;2021-10-28;23608;34929;88739;153;31209;94528;38;0;0;51782461;44943338;2954545;4798;50150198;2958663;1764;0;2
FR;0;2021-10-29;31581;51463;117343;206;46516;125424;56;0;0;51814042;44994801;3071888;5004;50196714;3084087;1820;0;2
FR;0;2021-10-30;20574;33234;50359;76;32929;53420;20;0;0;51834616;45028035;3122247;5080;50229643;3137507;1840;0;2
FR;0;2021-10-31;2517;3734;3594;3;3846;3880;3;0;0;51837133;45031769;3125841;5083;50233489;3141387;1843;0;2
FR;0;2021-11-01;8529;4868;3222;3;5021;3584;10;0;0;51845662;45036637;3129063;5086;50238510;3144971;1853;0;2
FR;0;2021-11-02;26374;40108;93603;156;36258;99652;44;0;1;51872036;45076745;3222666;5242;50274768;3244623;1897;0;3
FR;0;2021-11-03;30127;47921;118916;222;43584;125887;66;0;0;51902163;45124666;3341582;5464;50318352;3370510;1963;0;3
FR;0;2021-11-04;23819;37479;107594;217;31582;114482;47;0;0;51925982;45162145;3449176;5681;50349934;3484992;2010;0;3
FR;0;2021-11-05;32406;52942;141666;236;44662;151449;54;0;0;51958388;45215087;3590842;5917;50394596;3636441;2064;0;3
FR;0;2021-11-06;21550;34559;64895;123;32397;68331;27;0;0;51979938;45249646;3655737;6040;50426993;3704772;2091;0;3
FR;0;2021-11-07;2427;4169;5206;6;4011;5597;7;0;0;51982365;45253815;3660943;6046;50431004;3710369;2098;0;3
FR;0;2021-11-08;20626;37732;127223;227;30950;134344;51;0;0;52002991;45291547;3788166;6273;50461954;3844713;2149;0;3
FR;0;2021-11-09;22441;44654;161734;339;32875;172333;69;0;0;52025432;45336201;3949900;6612;50494829;4017046;2218;0;3
FR;0;2021-11-10;31614;54908;187056;447;44055;198873;97;0;0;52057046;45391109;4136956;7059;50538884;4215919;2315;0;3
FR;0;2021-11-11;4748;6751;12993;28;5906;13981;17;0;0;52061794;45397860;4149949;7087;50544790;4229900;2332;0;3
FR;0;2021-11-12;29097;55058;183833;252;41745;197474;91;0;0;52090891;45452918;4333782;7339;50586535;4427374;2423;0;3
FR;0;2021-11-13;20354;32610;80728;118;28239;86356;45;0;0;52111245;45485528;4414510;7457;50614774;4513730;2468;0;3
FR;0;2021-11-14;2365;3858;7183;6;3365;7846;9;0;0;52113610;45489386;4421693;7463;50618139;4521576;2477;0;3
FR;0;2021-11-15;20512;38556;160900;314;27798;171628;78;0;0;52134122;45527942;4582593;7777;50645937;4693204;2555;0;3
FR;0;2021-11-16;23664;43869;200473;394;27741;215167;119;0;1;52157786;45571811;4783066;8171;50673678;4908371;2674;0;4
FR;0;2021-11-17;30541;50247;199897;406;36461;212954;101;0;0;52188327;45622058;4982963;8577;50710139;5121325;2775;0;4
FR;0;2021-11-18;23454;45696;191738;468;29418;205712;96;0;0;52211781;45667754;5174701;9045;50739557;5327037;2871;0;4
FR;0;2021-11-19;33692;61279;243282;551;39934;262281;151;0;0;52245473;45729033;5417983;9596;50779491;5589318;3022;0;4
FR;0;2021-11-20;25417;36668;102186;207;29272;109757;47;0;0;52270890;45765701;5520169;9803;50808763;5699075;3069;0;4
FR;0;2021-11-21;2660;4445;9674;19;3441;10603;19;0;0;52273550;45770146;5529843;9822;50812204;5709678;3088;0;4
FR;0;2021-11-22;22820;33141;180428;472;18933;194920;89;0;0;52296370;45803287;5710271;10294;50831137;5904598;3177;0;4
FR;0;2021-11-23;25731;45467;229473;549;24129;247952;85;0;0;52322101;45848754;5939744;10843;50855266;6152550;3262;0;4
FR;0;2021-11-24;31819;53620;224889;716;34516;243331;81;0;0;52353920;45902374;6164633;11559;50889782;6395881;3343;0;4
FR;0;2021-11-25;25650;49133;256002;739;25074;277884;112;0;0;52379570;45951507;6420635;12298;50914856;6673765;3455;0;4
FR;0;2021-11-26;33258;74697;379550;867;37444;414768;172;0;0;52412828;46026204;6800185;13165;50952300;7088533;3627;0;4
FR;0;2021-11-27;23508;49588;214964;390;28491;236763;134;0;0;52436336;46075792;7015149;13555;50980791;7325296;3761;0;4
FR;0;2021-11-28;3524;10470;56780;66;4067;63336;42;0;0;52439860;46086262;7071929;13621;50984858;7388632;3803;0;4
FR;0;2021-11-29;19444;54074;341550;864;23121;371865;178;0;0;52459304;46140336;7413479;14485;51007979;7760497;3981;0;4
FR;0;2021-11-30;24784;71855;457467;988;26875;500896;286;0;0;52484088;46212191;7870946;15473;51034854;8261393;4267;0;4
FR;0;2021-12-01;27386;75526;469196;1162;31404;511429;304;0;0;52511474;46287717;8340142;16635;51066258;8772822;4571;0;4
FR;0;2021-12-02;22122;71585;527222;1281;21103;575031;306;0;0;52533596;46359302;8867364;17916;51087361;9347853;4877;0;4
FR;0;2021-12-03;25578;92846;596500;1421;34427;651269;341;0;0;52559174;46452148;9463864;19337;51121788;9999122;5218;0;4
FR;0;2021-12-04;18343;60371;336292;692;25732;369878;198;0;0;52577517;46512519;9800156;20029;51147520;10369000;5416;0;4
FR;0;2021-12-05;4157;16110;95811;157;4871;107048;92;0;0;52581674;46528629;9895967;20186;51152391;10476048;5508;0;4
FR;0;2021-12-06;28455;72741;493241;1175;25304;540056;384;0;0;52610129;46601370;10389208;21361;51177695;11016104;5892;0;4
FR;0;2021-12-07;23559;91244;645519;1774;28590;706505;415;0;0;52633688;46692614;11034727;23135;51206285;11722609;6307;0;4
FR;0;2021-12-08;25521;91967;591746;1875;35003;647638;440;0;0;52659209;46784581;11626473;25010;51241288;12370247;6747;0;4
FR;0;2021-12-09;24082;94125;663256;2182;29075;726701;462;0;0;52683291;46878706;12289729;27192;51270363;13096948;7209;0;4
FR;0;2021-12-10;28074;110934;736161;2075;38045;806327;468;0;1;52711365;46989640;13025890;29267;51308408;13903275;7677;0;5
FR;0;2021-12-11;20251;76090;435240;990;29995;480457;345;0;0;52731616;47065730;13461130;30257;51338403;14383732;8022;0;5
FR;0;2021-12-12;5678;23134;142345;262;6408;159225;108;0;0;52737294;47088864;13603475;30519;51344811;14542957;8130;0;5
FR;0;2021-12-13;21362;90791;587788;1699;29739;649407;396;0;0;52758656;47179655;14191263;32218;51374550;15192364;8526;0;5
FR;0;2021-12-14;27984;118288;765744;2656;35516;847693;698;0;1;52786640;47297943;14957007;34874;51410066;16040057;9224;0;6
FR;0;2021-12-15;28447;114235;694459;2266;39580;769246;502;0;1;52815087;47412178;15651466;37140;51449646;16809303;9726;0;7
FR;0;2021-12-16;28054;115688;764172;2558;35199;844589;516;0;0;52843141;47527866;16415638;39698;51484845;17653892;10242;0;7
FR;0;2021-12-17;31663;128365;807980;2713;43462;892137;611;0;0;52874804;47656231;17223618;42411;51528307;18546029;10853;0;7
FR;0;2021-12-18;24944;81552;470033;1179;30104;522255;353;0;0;52899748;47737783;17693651;43590;51558411;19068284;11206;0;7
FR;0;2021-12-19;8769;28562;169435;376;7865;191067;141;0;0;52908517;47766345;17863086;43966;51566276;19259351;11347;0;7
FR;0;2021-12-20;31777;97190;591591;1787;33959;658828;499;0;0;52940294;47863535;18454677;45753;51600235;19918179;11846;0;7
FR;0;2021-12-21;39477;111971;682511;2391;38874;759651;603;0;0;52979771;47975506;19137188;48144;51639109;20677830;12449;0;7
FR;0;2021-12-22;39562;99224;575858;2169;37190;642177;687;0;2;53019333;48074730;19713046;50313;51676299;21320007;13136;0;9
FR;0;2021-12-23;33785;79437;441068;1659;30194;494422;591;0;0;53053118;48154167;20154114;51972;51706493;21814429;13727;0;9
FR;0;2021-12-24;10697;26061;111045;398;11669;126673;236;0;1;53063815;48180228;20265159;52370;51718162;21941102;13963;0;10
FR;0;2021-12-25;776;3583;7598;25;2054;9026;72;0;0;53064591;48183811;20272757;52395;51720216;21950128;14035;0;10
FR;0;2021-12-26;4697;11890;52113;142;4742;60160;170;0;0;53069288;48195701;20324870;52537;51724958;22010288;14205;0;10
FR;0;2021-12-27;30510;83960;453610;1364;33091;509237;665;0;0;53099798;48279661;20778480;53901;51758049;22519525;14870;0;10
FR;0;2021-12-28;38370;98893;564209;1769;35175;632308;1558;0;2;53138168;48378554;21342689;55670;51793224;23151833;16428;0;12
FR;0;2021-12-29;39881;88240;501256;1687;33169;561038;1739;0;1;53178049;48466794;21843945;57357;51826393;23712871;18167;0;13
FR;0;2021-12-30;35926;75110;421057;1521;29564;471151;1881;0;0;53213975;48541904;22265002;58878;51855957;24184022;20048;0;13
FR;0;2021-12-31;12050;25093;116888;405;11290;131668;740;0;0;53226025;48566997;22381890;59283;51867247;24315690;20788;0;13
FR;0;2022-01-01;1580;3216;8530;37;1799;9947;102;0;0;53227605;48570213;22390420;59320;51869046;24325637;20890;0;13
FR;0;2022-01-02;6121;13011;58432;125;5109;66961;408;0;0;53233726;48583224;22448852;59445;51874155;24392598;21298;0;13
FR;0;2022-01-03;38408;90219;494876;1596;36934;551767;2646;0;1;53272134;48673443;22943728;61041;51911089;24944365;23944;0;14
FR;0;2022-01-04;42137;111083;641439;2307;40734;714454;3835;0;3;53314271;48784526;23585167;63348;51951823;25658819;27779;0;17
FR;0;2022-01-05;61199;103643;569245;1984;43844;634284;3427;0;2;53375470;48888169;24154412;65332;51995667;26293103;31206;0;19
FR;0;2022-01-06;44296;110353;639012;2698;40270;711521;4556;0;2;53419766;48998522;24793424;68030;52035937;27004624;35762;0;21
FR;0;2022-01-07;50834;123378;711037;2811;46914;790541;4995;0;2;53470600;49121900;25504461;70841;52082851;27795165;40757;0;23
FR;0;2022-01-08;45011;80293;423826;1213;35064;472898;2444;0;3;53515611;49202193;25928287;72054;52117915;28268063;43201;0;26
FR;0;2022-01-09;15614;26628;128572;300;11511;145656;829;0;0;53531225;49228821;26056859;72354;52129426;28413719;44030;0;26
FR;0;2022-01-10;35400;93337;469366;1813;43092;522760;3719;0;1;53566625;49322158;26526225;74167;52172518;28936479;47749;0;27
FR;0;2022-01-11;41934;100500;548290;2309;42456;608549;5217;0;2;53608559;49422658;27074515;76476;52214974;29545028;52966;0;29
FR;0;2022-01-12;60413;95752;452722;1968;49541;504388;4496;0;8;53668972;49518410;27527237;78444;52264515;30049416;57462;0;37
FR;0;2022-01-13;38266;92557;487376;2084;40598;541053;5467;0;8;53707238;49610967;28014613;80528;52305113;30590469;62929;0;45
FR;0;2022-01-14;42578;103369;568644;2286;43574;629028;6467;0;2;53749816;49714336;28583257;82814;52348687;31219497;69396;0;47
FR;0;2022-01-15;39426;65910;340152;984;31465;377570;3294;0;1;53789242;49780246;28923409;83798;52380152;31597067;72690;0;48
FR;0;2022-01-16;11412;19221;87438;216;9030;99408;763;0;0;53800654;49799467;29010847;84014;52389182;31696475;73453;0;48
FR;0;2022-01-17;24739;60049;320304;1382;28087;354158;3960;0;4;53825393;49859516;29331151;85396;52417269;32050633;77413;0;52
FR;0;2022-01-18;28326;68714;361119;1801;32036;397574;5772;0;1;53853719;49928230;29692270;87197;52449305;32448207;83185;0;53
FR;0;2022-01-19;43221;67070;281321;1450;40417;311086;4388;0;5;53896940;49995300;29973591;88647;52489722;32759293;87573;0;58
FR;0;2022-01-20;23667;59623;299042;1742;29572;328516;5633;0;4;53920607;50054923;30272633;90389;52519294;33087809;93206;0;62
FR;0;2022-01-21;28207;68812;366390;2086;33114;401200;6579;0;3;53948814;50123735;30639023;92475;52552408;33489009;99785;0;65
FR;0;2022-01-22;27630;47989;218796;839;27321;241777;2838;0;2;53976444;50171724;30857819;93314;52579729;33730786;102623;0;67
FR;0;2022-01-23;6738;12972;48684;173;7503;55165;591;0;1;53983182;50184696;30906503;93487;52587232;33785951;103214;0;68
FR;0;2022-01-24;16278;47474;217335;1142;25424;239342;4100;0;3;53999460;50232170;31123838;94629;52612656;34025293;107314;0;71
FR;0;2022-01-25;19030;54353;243077;1548;28816;267101;6065;0;5;54018490;50286523;31366915;96177;52641472;34292394;113379;0;76
FR;0;2022-01-26;28147;60547;209297;1298;41366;229515;4479;0;3;54046637;50347070;31576212;97475;52682838;34521909;117858;0;79
FR;0;2022-01-27;16335;46463;207655;1276;26149;226015;5688;0;4;54062972;50393533;31783867;98751;52708987;34747924;123546;0;83
FR;0;2022-01-28;21590;78690;290072;1572;44988;321355;7410;0;4;54084562;50472223;32073939;100323;52753975;35069279;130956;0;87
FR;0;2022-01-29;18420;52867;184132;689;32757;204576;3256;0;2;54102982;50525090;32258071;101012;52786732;35273855;134212;0;89
FR;0;2022-01-30;4476;14477;39143;124;9136;45057;638;0;1;54107458;50539567;32297214;101136;52795868;35318912;134850;0;90
FR;0;2022-01-31;11259;43944;148211;742;26153;164744;4233;0;5;54118717;50583511;32445425;101878;52822021;35483656;139083;0;95
FR;0;2022-02-01;13638;48324;174139;1144;27348;191359;7044;0;1;54132355;50631835;32619564;103022;52849369;35675015;146127;0;96
FR;0;2022-02-02;20644;66324;171545;1034;46168;190092;5974;0;10;54152999;50698159;32791109;104056;52895537;35865107;152101;0;106
FR;0;2022-02-03;11556;44804;157568;990;25344;173296;6942;0;6;54164555;50742963;32948677;105046;52920881;36038403;159043;0;112
FR;0;2022-02-04;14636;66992;239256;1266;36608;264100;9162;0;6;54179191;50809955;33187933;106312;52957489;36302503;168205;0;118
FR;0;2022-02-05;12900;51457;153560;523;31986;172310;3791;0;3;54192091;50861412;33341493;106835;52989475;36474813;171996;0;121
FR;0;2022-02-06;2725;12173;28893;101;7286;33831;661;0;0;54194816;50873585;33370386;106936;52996761;36508644;172657;0;121
FR;0;2022-02-07;9594;46659;156896;593;24533;176315;5294;0;6;54204410;50920244;33527282;107529;53021294;36684959;177951;0;127
FR;0;2022-02-08;9807;43095;166647;869;20959;184441;7054;0;6;54214217;50963339;33693929;108398;53042253;36869400;185005;0;133
FR;0;2022-02-09;14372;58253;172350;875;35350;193060;5787;0;9;54228589;51021592;33866279;109273;53077603;37062460;190792;0;142
FR;0;2022-02-10;8719;39206;150237;879;18681;166715;6501;0;2;54237308;51060798;34016516;110152;53096284;37229175;197293;0;144
FR;0;2022-02-11;10860;55682;218515;1101;25822;243110;8322;0;3;54248168;51116480;34235031;111253;53122106;37472285;205615;0;147
FR;0;2022-02-12;8406;40963;134736;465;22630;151765;3508;0;4;54256574;51157443;34369767;111718;53144736;37624050;209123;0;151
FR;0;2022-02-13;1936;8603;26565;86;4409;30927;544;0;3;54258510;51166046;34396332;111804;53149145;37654977;209667;0;154
FR;0;2022-02-14;6991;35253;148385;485;14665;166381;4787;0;5;54265501;51201299;34544717;112289;53163810;37821358;214454;0;159
FR;0;2022-02-15;7065;36228;146989;751;15996;162574;6850;0;3;54272566;51237527;34691706;113040;53179806;37983932;221304;0;162
FR;0;2022-02-16;9412;42982;132540;721;25970;146759;5726;0;6;54281978;51280509;34824246;113761;53205776;38130691;227030;0;168
FR;0;2022-02-17;5578;24336;87309;587;13141;94882;5407;0;5;54287556;51304845;34911555;114348;53218917;38225573;232437;0;173
FR;0;2022-02-18;6997;33581;119666;807;18753;129330;7416;0;2;54294553;51338426;35031221;115155;53237670;38354903;239853;0;175
FR;0;2022-02-19;5370;24557;70029;370;15908;77339;3019;0;2;54299923;51362983;35101250;115525;53253578;38432242;242872;0;177
FR;0;2022-02-20;1148;4656;12175;39;2913;13954;460;0;1;54301071;51367639;35113425;115564;53256491;38446196;243332;0;178
FR;0;2022-02-21;4098;17889;61958;351;10169;67185;4059;0;2;54305169;51385528;35175383;115915;53266660;38513381;247391;0;180
FR;0;2022-02-22;4462;18656;60838;577;11258;64479;5255;0;1;54309631;51404184;35236221;116492;53277918;38577860;252646;0;181
FR;0;2022-02-23;6590;27358;66503;592;19626;71900;4596;0;3;54316221;51431542;35302724;117084;53297544;38649760;257242;0;184
FR;0;2022-02-24;3850;15549;50429;519;9509;53253;4530;0;2;54320071;51447091;35353153;117603;53307053;38703013;261772;0;186
FR;0;2022-02-25;5284;24114;76363;803;15090;80096;7334;0;7;54325355;51471205;35429516;118406;53322143;38783109;269106;0;193
FR;0;2022-02-26;3990;17767;47418;359;12169;51485;3083;0;3;54329345;51488972;35476934;118765;53334312;38834594;272189;0;196
FR;0;2022-02-27;880;3009;8037;47;1978;8948;529;0;0;54330225;51491981;35484971;118812;53336290;38843542;272718;0;196
FR;0;2022-02-28;3122;12553;40492;359;7589;42925;3858;0;0;54333347;51504534;35525463;119171;53343879;38886467;276576;0;196
FR;0;2022-03-01;4003;12606;44200;437;7633;44870;5519;0;6;54337350;51517140;35569663;119608;53351512;38931337;282095;0;202
FR;0;2022-03-02;5331;17797;47145;446;12856;49077;4929;0;2;54342681;51534937;35616808;120054;53364368;38980414;287024;0;204
FR;0;2022-03-03;2825;9353;29899;370;6250;30022;4049;0;2;54345506;51544290;35646707;120424;53370618;39010436;291073;0;206
FR;0;2022-03-04;3221;12470;40320;667;8468;39470;6231;0;4;54348727;51556760;35687027;121091;53379086;39049906;297304;0;210
FR;0;2022-03-05;3073;9284;24957;314;7127;25121;3134;0;1;54351800;51566044;35711984;121405;53386213;39075027;300438;0;211
FR;0;2022-03-06;521;1400;3198;43;1023;3441;379;0;0;54352321;51567444;35715182;121448;53387236;39078468;300817;0;211
FR;0;2022-03-07;2373;5631;18432;315;3849;17702;3307;0;4;54354694;51573075;35733614;121763;53391085;39096170;304124;0;215
FR;0;2022-03-08;2147;6077;19448;363;4331;17919;4095;0;3;54356841;51579152;35753062;122126;53395416;39114089;308219;0;218
FR;0;2022-03-09;3580;10498;22189;407;8727;21285;4038;0;4;54360421;51589650;35775251;122533;53404143;39135374;312257;0;222
FR;0;2022-03-10;1825;5835;17003;344;4381;15829;3407;0;3;54362246;51595485;35792254;122877;53408524;39151203;315664;0;225
FR;0;2022-03-11;2419;7559;24502;545;5438;22270;5479;0;2;54364665;51603044;35816756;123422;53413962;39173473;321143;0;227
FR;0;2022-03-12;2694;6777;17167;309;5497;16521;3136;0;2;54367359;51609821;35833923;123731;53419459;39189994;324279;0;229
FR;0;2022-03-13;405;791;2324;149;599;2273;537;0;0;54367764;51610612;35836247;123880;53420058;39192267;324816;0;229
FR;0;2022-03-14;1552;4274;14987;4412;2809;13841;7295;0;8;54369316;51614886;35851234;128292;53422867;39206108;332111;0;237
FR;0;2022-03-15;1749;6295;16383;7554;4812;14612;11033;0;9;54371065;51621181;35867617;135846;53427679;39220720;343144;0;246
FR;0;2022-03-16;3035;7408;19427;13140;6210;18106;16296;0;8;54374100;51628589;35887044;148986;53433889;39238826;359440;0;254
FR;0;2022-03-17;1457;3985;13149;10846;2805;11990;13312;0;8;54375557;51632574;35900193;159832;53436694;39250816;372752;0;262
FR;0;2022-03-18;2269;5756;20012;18306;4097;18108;22038;0;15;54377826;51638330;35920205;178138;53440791;39268924;394790;0;277
FR;0;2022-03-19;2294;4803;13115;9405;4139;12418;11408;0;6;54380120;51643133;35933320;187543;53444930;39281342;406198;0;283
FR;0;2022-03-20;300;734;1919;1073;526;1930;1340;0;2;54380420;51643867;35935239;188616;53445456;39283272;407538;0;285
FR;0;2022-03-21;1392;3220;12730;14950;2155;11954;16910;0;11;54381812;51647087;35947969;203566;53447611;39295226;424448;0;296
FR;0;2022-03-22;1552;3738;13799;20551;2578;12555;22841;0;5;54383364;51650825;35961768;224117;53450189;39307781;447289;0;301
FR;0;2022-03-23;2684;6290;17729;23151;5222;17241;25267;0;40;54386048;51657115;35979497;247268;53455411;39325022;472556;0;341
FR;0;2022-03-24;1406;3159;11595;17617;2248;10681;19391;0;23;54387454;51660274;35991092;264885;53457659;39335703;491947;0;364
FR;0;2022-03-25;2083;5156;18572;27775;3685;16910;30809;0;31;54389537;51665430;36009664;292660;53461344;39352613;522756;0;395
FR;0;2022-03-26;2231;4414;12079;12678;3863;11519;14400;0;26;54391768;51669844;36021743;305338;53465207;39364132;537156;0;421
FR;0;2022-03-27;361;693;1909;1482;515;1943;1739;0;1;54392129;51670537;36023652;306820;53465722;39366075;538895;0;422
FR;0;2022-03-28;1464;3078;11128;17490;2115;10619;19067;0;16;54393593;51673615;36034780;324310;53467837;39376694;557962;0;438
FR;0;2022-03-29;1454;3273;12907;27583;2089;12051;29281;0;34;54395047;51676888;36047687;351893;53469926;39388745;587243;0;472
FR;0;2022-03-30;2853;5517;15685;27427;4701;15085;29333;0;21;54397900;51682405;36063372;379320;53474627;39403830;616576;0;493
FR;0;2022-03-31;1611;3568;12987;25022;2551;12327;26631;0;43;54399511;51685973;36076359;404342;53477178;39416157;643207;0;536
FR;0;2022-04-01;2680;4584;20077;30894;2968;18719;33487;0;61;54402191;51690557;36096436;435236;53480146;39434876;676694;0;597
FR;0;2022-04-02;1531;2644;9052;10133;2008;8722;11295;0;29;54403722;51693201;36105488;445369;53482154;39443598;687989;0;626
FR;0;2022-04-03;290;515;1562;1170;360;1579;1381;0;2;54404012;51693716;36107050;446539;53482514;39445177;689370;0;628
FR;0;2022-04-04;2769;2893;12374;19130;1909;11583;20601;0;35;54406781;51696609;36119424;465669;53484423;39456760;709971;0;663
FR;0;2022-04-05;2438;3157;14341;34141;2036;13193;35758;0;85;54409219;51699766;36133765;499810;53486459;39469953;745729;0;748
FR;0;2022-04-06;2536;3947;13539;26504;3012;12813;27973;0;72;54411755;51703713;36147304;526314;53489471;39482766;773702;0;820
FR;0;2022-04-07;1854;3135;13678;33781;1986;12889;35138;0;76;54413609;51706848;36160982;560095;53491457;39495655;808840;0;896
FR;0;2022-04-08;2217;4280;19222;43986;2615;17828;46354;0;89;54415826;51711128;36180204;604081;53494072;39513483;855194;0;985
FR;0;2022-04-09;1368;2679;9313;13566;1900;8866;14800;0;30;54417194;51713807;36189517;617647;53495972;39522349;869994;0;1015
FR;0;2022-04-10;294;751;1984;2017;548;2006;2279;0;7;54417488;51714558;36191501;619664;53496520;39524355;872273;0;1022
FR;0;2022-04-11;1328;2620;11871;23909;1636;11482;25179;0;74;54418816;51717178;36203372;643573;53498156;39535837;897452;0;1096
FR;0;2022-04-12;1712;3072;14016;40912;1955;13389;41801;0;127;54420528;51720250;36217388;684485;53500111;39549226;939253;0;1223
FR;0;2022-04-13;1973;3719;13408;33107;2716;13031;34075;0;96;54422501;51723969;36230796;717592;53502827;39562257;973328;0;1319
FR;0;2022-04-14;1497;2973;13214;36316;1901;13072;36985;0;106;54423998;51726942;36244010;753908;53504728;39575329;1010313;0;1425
FR;0;2022-04-15;1868;3759;15636;35568;2507;14912;37220;0;115;54425866;51730701;36259646;789476;53507235;39590241;1047533;0;1540
FR;0;2022-04-16;1043;1829;6400;8553;1259;6262;9435;0;40;54426909;51732530;36266046;798029;53508494;39596503;1056968;0;1580
FR;0;2022-04-17;194;337;993;1174;221;1036;1242;0;7;54427103;51732867;36267039;799203;53508715;39597539;1058210;0;1587
FR;0;2022-04-18;197;541;2768;1072;342;2786;1287;0;5;54427300;51733408;36269807;800275;53509057;39600325;1059497;0;1592
FR;0;2022-04-19;1540;3028;12916;29667;1873;12476;30714;0;78;54428840;51736436;36282723;829942;53510930;39612801;1090211;0;1670
FR;0;2022-04-20;1999;3489;13304;29063;2602;12991;30080;0;96;54430839;51739925;36296027;859005;53513532;39625792;1120291;0;1766
FR;0;2022-04-21;1514;2850;12547;35173;1821;12621;35765;0;117;54432353;51742775;36308574;894178;53515353;39638413;1156056;0;1883
FR;0;2022-04-22;1872;3616;16476;37610;2392;15836;39148;0;131;54434225;51746391;36325050;931788;53517745;39654249;1195204;0;2014
FR;0;2022-04-23;1148;2062;7388;10658;1471;7239;11443;0;38;54435373;51748453;36332438;942446;53519216;39661488;1206647;0;2052
FR;0;2022-04-24;250;462;1475;1589;321;1413;1845;0;7;54435623;51748915;36333913;944035;53519537;39662901;1208492;0;2059
FR;0;2022-04-25;1306;2531;10683;21056;1611;10490;22077;0;79;54436929;51751446;36344596;965091;53521148;39673391;1230569;0;2138
FR;0;2022-04-26;1622;3004;13665;38611;1963;13109;39407;0;181;54438551;51754450;36358261;1003702;53523111;39686500;1269976;0;2319
FR;0;2022-04-27;1964;3060;11538;31034;2273;11595;31453;0;130;54440515;51757510;36369799;1034736;53525384;39698095;1301429;0;2449
FR;0;2022-04-28;1570;2770;12527;36221;1852;12269;36537;0;139;54442085;51760280;36382326;1070957;53527236;39710364;1337966;0;2588
FR;0;2022-04-29;2007;4807;15553;37275;3614;14929;38744;0;164;54444092;51765087;36397879;1108232;53530850;39725293;1376710;0;2752
FR;0;2022-04-30;1215;2787;6927;9718;2283;6755;10609;0;44;54445307;51767874;36404806;1117950;53533133;39732048;1387319;0;2796
FR;0;2022-05-01;218;325;915;998;229;910;1139;0;6;54445525;51768199;36405721;1118948;53533362;39732958;1388458;0;2802
FR;0;2022-05-02;2131;2947;11152;18172;2044;10984;19018;0;69;54447656;51771146;36416873;1137120;53535406;39743942;1407476;0;2871
FR;0;2022-05-03;2004;3262;13722;34679;2126;13563;35601;0;163;54449660;51774408;36430595;1171799;53537532;39757505;1443077;0;3034
FR;0;2022-05-04;1913;3295;12183;25634;2295;12300;26185;0;110;54451573;51777703;36442778;1197433;53539827;39769805;1469262;0;3144
FR;0;2022-05-05;1768;2996;13063;33586;1972;12910;34254;0;179;54453341;51780699;36455841;1231019;53541799;39782715;1503516;0;3323
FR;0;2022-05-06;2213;3655;15347;36785;2314;14856;38248;0;182;54455554;51784354;36471188;1267804;53544113;39797571;1541764;0;3505
FR;0;2022-05-07;1208;1781;6464;9611;1255;6455;10336;0;48;54456762;51786135;36477652;1277415;53545368;39804026;1552100;0;3553
FR;0;2022-05-08;267;400;1173;1547;289;1234;1653;0;8;54457029;51786535;36478825;1278962;53545657;39805260;1553753;0;3561
FR;0;2022-05-09;1385;2300;9925;20259;1407;9795;21176;0;102;54458414;51788835;36488750;1299221;53547064;39815055;1574929;0;3663
FR;0;2022-05-10;1780;3392;13576;38992;2255;13131;40020;0;200;54460194;51792227;36502326;1338213;53549319;39828186;1614949;0;3863
FR;0;2022-05-11;1998;3012;10750;27929;2316;10695;28437;0;146;54462192;51795239;36513076;1366142;53551635;39838881;1643386;0;4009
FR;0;2022-05-12;1588;2718;11379;35730;1787;11049;36492;0;211;54463780;51797957;36524455;1401872;53553422;39849930;1679878;0;4220
FR;0;2022-05-13;1975;3218;13757;37971;2058;13345;39237;0;162;54465755;51801175;36538212;1439843;53555480;39863275;1719115;0;4382
FR;0;2022-05-14;1148;1638;5937;10776;1196;5800;11364;0;57;54466903;51802813;36544149;1450619;53556676;39869075;1730479;0;4439
FR;0;2022-05-15;281;475;1278;1438;299;1361;1591;0;6;54467184;51803288;36545427;1452057;53556975;39870436;1732070;0;4445
FR;0;2022-05-16;1194;2043;8688;21053;1245;8683;21592;0;128;54468378;51805331;36554115;1473110;53558220;39879119;1753662;0;4573
FR;0;2022-05-17;1588;2599;11824;37874;1664;11402;38714;0;180;54469966;51807930;36565939;1510984;53559884;39890521;1792376;0;4753
FR;0;2022-05-18;1814;2650;9687;27159;1953;9661;27776;0;109;54471780;51810580;36575626;1538143;53561837;39900182;1820152;0;4862
FR;0;2022-05-19;1446;2653;10574;35832;1627;10714;36021;0;162;54473226;51813233;36586200;1573975;53563464;39910896;1856173;0;5024
FR;0;2022-05-20;1873;3112;13419;39367;2071;12910;40385;0;168;54475099;51816345;36599619;1613342;53565535;39923806;1896558;0;5192
FR;0;2022-05-21;1158;1706;5662;9897;1300;5534;10533;0;45;54476257;51818051;36605281;1623239;53566835;39929340;1907091;0;5237
FR;0;2022-05-22;238;341;1028;1438;262;1016;1581;0;10;54476495;51818392;36606309;1624677;53567097;39930356;1908672;0;5247
FR;0;2022-05-23;1173;2120;8879;20346;1402;8828;21001;0;86;54477668;51820512;36615188;1645023;53568499;39939184;1929673;0;5333
FR;0;2022-05-24;1539;2758;11361;38875;1734;11232;39505;0;190;54479207;51823270;36626549;1683898;53570233;39950416;1969178;0;5523
FR;0;2022-05-25;1814;2833;9341;24845;2071;9479;25321;0;116;54481021;51826103;36635890;1708743;53572304;39959895;1994499;0;5639
FR;0;2022-05-26;210;423;1663;1201;287;1673;1344;0;26;54481231;51826526;36637553;1709944;53572591;39961568;1995843;0;5665
FR;0;2022-05-27;1385;2470;9261;21290;1665;9002;22323;0;94;54482616;51828996;36646814;1731234;53574256;39970570;2018166;0;5759
FR;0;2022-05-28;669;1265;3916;6792;845;3966;7202;0;38;54483285;51830261;36650730;1738026;53575101;39974536;2025368;0;5797
FR;0;2022-05-29;157;315;752;918;200;773;1030;0;4;54483442;51830576;36651482;1738944;53575301;39975309;2026398;0;5801
FR;0;2022-05-30;1025;1959;6993;19295;1241;7010;19807;0;91;54484467;51832535;36658475;1758239;53576542;39982319;2046205;0;5892
FR;0;2022-05-31;1489;2508;9821;35654;1638;9643;36286;0;171;54485956;51835043;36668296;1793893;53578180;39991962;2082491;0;6063
FR;0;2022-06-01;1736;3097;11019;24532;2244;10884;25486;0;121;54487692;51838140;36679315;1818425;53580424;40002846;2107977;0;6184
FR;0;2022-06-02;1475;2611;11305;35568;1712;10863;36512;0;174;54489167;51840751;36690620;1853993;53582136;40013709;2144489;0;6358
FR;0;2022-06-03;1727;3068;13397;38722;2038;12761;39992;0;176;54490894;51843819;36704017;1892715;53584174;40026470;2184481;0;6534
FR;0;2022-06-04;971;1515;5044;9112;1075;5115;9648;0;73;54491865;51845334;36709061;1901827;53585249;40031585;2194129;0;6607
FR;0;2022-06-05;177;335;875;1106;205;886;1228;0;4;54492042;51845669;36709936;1902933;53585454;40032471;2195357;0;6611
FR;0;2022-06-06;605;1209;2119;1327;1035;2133;1507;0;13;54492647;51846878;36712055;1904260;53586489;40034604;2196864;0;6624
FR;0;2022-06-07;1412;2705;9849;35583;1783;9428;36809;0;153;54494059;51849583;36721904;1939843;53588272;40044032;2233673;0;6777
FR;0;2022-06-08;1563;2693;9166;28751;1939;9009;29716;0;112;54495622;51852276;36731070;1968594;53590211;40053041;2263389;0;6889
FR;0;2022-06-09;1289;2436;10622;39493;1551;10266;40269;0;167;54496911;51854712;36741692;2008087;53591762;40063307;2303658;0;7056
FR;0;2022-06-10;1627;3102;13081;44814;2070;12635;46145;0;224;54498538;51857814;36754773;2052901;53593832;40075942;2349803;0;7280
FR;0;2022-06-11;960;1737;5436;11626;1122;5468;12212;0;55;54499498;51859551;36760209;2064527;53594954;40081410;2362015;0;7335
FR;0;2022-06-12;198;443;1074;1765;253;1137;1866;0;11;54499696;51859994;36761283;2066292;53595207;40082547;2363881;0;7346
FR;0;2022-06-13;1094;2061;7439;23182;1335;7268;24098;0;90;54500790;51862055;36768722;2089474;53596542;40089815;2387979;0;7436
FR;0;2022-06-14;1320;2536;10448;44944;1585;9804;46140;0;200;54502110;51864591;36779170;2134418;53598127;40099619;2434119;0;7636
FR;0;2022-06-15;1510;2453;9322;30887;1922;8953;31584;0;178;54503620;51867044;36788492;2165305;53600049;40108572;2465703;0;7814
FR;0;2022-06-16;1181;2035;9913;39923;1269;9324;40944;0;201;54504801;51869079;36798405;2205228;53601318;40117896;2506647;0;8015
FR;0;2022-06-17;1486;2847;12471;46633;1771;11893;47856;0;239;54506287;51871926;36810876;2251861;53603089;40129789;2554503;0;8254
FR;0;2022-06-18;854;1525;4565;11123;1035;4500;11717;0;67;54507141;51873451;36815441;2262984;53604124;40134289;2566220;0;8321
FR;0;2022-06-19;183;363;1058;1615;208;1130;1701;0;14;54507324;51873814;36816499;2264599;53604332;40135419;2567921;0;8335
FR;0;2022-06-20;1024;1917;8906;26074;1189;8567;27016;0;153;54508348;51875731;36825405;2290673;53605521;40143986;2594937;0;8488
FR;0;2022-06-21;1325;2399;10310;49891;1534;9338;51278;0;264;54509673;51878130;36835715;2340564;53607055;40153324;2646215;0;8752
FR;0;2022-06-22;1389;2504;8912;39056;1795;8419;40000;0;256;54511062;51880634;36844627;2379620;53608850;40161743;2686215;0;9008
FR;0;2022-06-23;1227;2362;10679;55098;1358;9884;56231;0;320;54512289;51882996;36855306;2434718;53610208;40171627;2742446;0;9328
FR;0;2022-06-24;1488;2987;13642;69178;1743;12303;70996;0;405;54513777;51885983;36868948;2503896;53611951;40183930;2813442;0;9733
FR;0;2022-06-25;937;1779;6233;19919;1110;5985;20773;0;177;54514714;51887762;36875181;2523815;53613061;40189915;2834215;0;9910
FR;0;2022-06-26;229;459;1952;3688;259;1817;3966;0;39;54514943;51888221;36877133;2527503;53613320;40191732;2838181;0;9949
FR;0;2022-06-27;1129;2016;10496;48484;1172;9637;49752;0;339;54516072;51890237;36887629;2575987;53614492;40201369;2887933;0;10288
FR;0;2022-06-28;1456;2810;14665;91377;1575;13085;93145;0;624;54517528;51893047;36902294;2667364;53616067;40214454;2981078;0;10912
FR;0;2022-06-29;1708;2825;12291;71882;1839;11238;73025;0;548;54519236;51895872;36914585;2739246;53617906;40225692;3054103;0;11460
FR;0;2022-06-30;1533;2717;14390;95162;1637;12470;97177;0;724;54520769;51898589;36928975;2834408;53619543;40238162;3151280;0;12184
FR;0;2022-07-01;2006;3797;21501;115921;2303;18855;118567;0;954;54522775;51902386;36950476;2950329;53621846;40257017;3269847;0;13138
FR;0;2022-07-02;1085;1856;8524;35748;1102;7701;36869;0;342;54523860;51904242;36959000;2986077;53622948;40264718;3306716;0;13480
FR;0;2022-07-03;292;539;2092;6455;317;1895;6804;0;79;54524152;51904781;36961092;2992532;53623265;40266613;3313520;0;13559
FR;0;2022-07-04;1696;3330;14707;79219;2189;12985;81292;0;639;54525848;51908111;36975799;3071751;53625454;40279598;3394812;0;14198
FR;0;2022-07-05;1717;3144;18829;133249;1773;16012;135539;0;1145;54527565;51911255;36994628;3205000;53627227;40295610;3530351;0;15343
FR;0;2022-07-06;1817;2772;15849;99570;1836;13637;101138;0;900;54529382;51914027;37010477;3304570;53629063;40309247;3631489;0;16243
FR;0;2022-07-07;1706;2866;17998;126034;1704;14776;128361;0;1179;54531088;51916893;37028475;3430604;53630767;40324023;3759850;0;17422
FR;0;2022-07-08;1889;3148;20747;137079;1848;16761;140073;0;1346;54532977;51920041;37049222;3567683;53632615;40340784;3899923;0;18768
FR;0;2022-07-09;866;1456;7741;37922;873;6686;38766;0;426;54533843;51921497;37056963;3605605;53633488;40347470;3938689;0;19194
FR;0;2022-07-10;264;572;2346;7004;325;2125;7395;0;94;54534107;51922069;37059309;3612609;53633813;40349595;3946084;0;19288
FR;0;2022-07-11;1429;2463;15015;88272;1384;12505;90463;0;801;54535536;51924532;37074324;3700881;53635197;40362100;4036547;0;20089
FR;0;2022-07-12;1796;3103;20531;143951;1700;16726;146654;0;1604;54537332;51927635;37094855;3844832;53636897;40378826;4183201;0;21693
FR;0;2022-07-13;1739;2740;15689;94531;1653;13267;96391;0;1080;54539071;51930375;37110544;3939363;53638550;40392093;4279592;0;22773
FR;0;2022-07-14;185;368;1952;5534;218;1831;5701;0;82;54539256;51930743;37112496;3944897;53638768;40393924;4285293;0;22855
FR;0;2022-07-15;1476;2556;15112;84455;1416;12595;86614;0;1034;54540732;51933299;37127608;4029352;53640184;40406519;4371907;0;23889
FR;0;2022-07-16;619;1179;5949;24976;684;5156;25667;0;327;54541351;51934478;37133557;4054328;53640868;40411675;4397574;0;24216
FR;0;2022-07-17;178;389;1737;4663;213;1568;4935;0;66;54541529;51934867;37135294;4058991;53641081;40413243;4402509;0;24282
FR;0;2022-07-18;1130;2245;11824;61797;1333;9973;63660;0;780;54542659;51937112;37147118;4120788;53642414;40423216;4466169;0;25062
FR;0;2022-07-19;1415;2346;15469;103695;1384;12291;105882;0;1459;54544074;51939458;37162587;4224483;53643798;40435507;4572051;0;26521
FR;0;2022-07-20;1419;2287;12956;77573;1457;10729;79161;0;1051;54545493;51941745;37175543;4302056;53645255;40446236;4651212;0;27572
FR;0;2022-07-21;1284;2165;13087;88230;1365;10490;89712;0;1316;54546777;51943910;37188630;4390286;53646620;40456726;4740924;0;28888
FR;0;2022-07-22;1401;2456;14812;89516;1442;11962;91388;0;1347;54548178;51946366;37203442;4479802;53648062;40468688;4832312;0;30235
FR;0;2022-07-23;671;1305;5530;22477;818;4853;23073;0;412;54548849;51947671;37208972;4502279;53648880;40473541;4855385;0;30647
FR;0;2022-07-24;183;352;1398;3904;200;1241;4130;0;72;54549032;51948023;37210370;4506183;53649080;40474782;4859515;0;30719
FR;0;2022-07-25;1057;1790;9488;48067;1141;7837;49507;0;737;54550089;51949813;37219858;4554250;53650221;40482619;4909022;0;31456
FR;0;2022-07-26;1288;2209;13303;85431;1315;10827;87127;0;1311;54551377;51952022;37233161;4639681;53651536;40493446;4996149;0;32767
FR;0;2022-07-27;1220;2003;10235;61311;1332;8529;62516;0;971;54552597;51954025;37243396;4700992;53652868;40501975;5058665;0;33738
FR;0;2022-07-28;1088;1859;10307;64390;1249;8214;65625;0;1046;54553685;51955884;37253703;4765382;53654117;40510189;5124290;0;34784
FR;0;2022-07-29;1281;2064;11002;65865;1371;8758;67294;0;1140;54554966;51957948;37264705;4831247;53655488;40518947;5191584;0;35924
FR;0;2022-07-30;499;854;3520;15282;590;2972;15663;0;303;54555465;51958802;37268225;4846529;53656078;40521919;5207247;0;36227
FR;0;2022-07-31;152;288;929;2439;184;788;2588;0;49;54555617;51959090;37269154;4848968;53656262;40522707;5209835;0;36276
FR;0;2022-08-01;845;1560;7591;30234;1154;6387;31307;0;548;54556462;51960650;37276745;4879202;53657416;40529094;5241142;0;36824
FR;0;2022-08-02;1021;1636;8573;56103;1141;6886;56791;0;1169;54557483;51962286;37285318;4935305;53658557;40535980;5297933;0;37993
FR;0;2022-08-03;837;1259;6420;38670;894;5142;39407;0;700;54558320;51963545;37291738;4973975;53659451;40541122;5337340;0;38693
FR;0;2022-08-04;732;1179;6566;43153;775;5297;43718;0;917;54559052;51964724;37298304;5017128;53660226;40546419;5381058;0;39610
FR;0;2022-08-05;853;1354;7092;44951;960;5672;45613;0;993;54559905;51966078;37305396;5062079;53661186;40552091;5426671;0;40603
FR;0;2022-08-06;338;555;2098;9366;396;1756;9566;0;228;54560243;51966633;37307494;5071445;53661582;40553847;5436237;0;40831
FR;0;2022-08-07;104;156;536;1621;113;453;1701;0;38;54560347;51966789;37308030;5073066;53661695;40554300;5437938;0;40869
FR;0;2022-08-08;563;1021;4018;22096;776;3280;22539;0;490;54560910;51967810;37312048;5095162;53662471;40557580;5460477;0;41359
FR;0;2022-08-09;685;1139;5969;39941;825;4798;40432;0;844;54561595;51968949;37318017;5135103;53663296;40562378;5500909;0;42203
FR;0;2022-08-10;635;1121;4653;28055;834;3793;28390;0;652;54562230;51970070;37322670;5163158;53664130;40566171;5529299;0;42855
FR;0;2022-08-11;613;1022;4482;29244;734;3702;29580;0;676;54562843;51971092;37327152;5192402;53664864;40569873;5558879;0;43531
FR;0;2022-08-12;713;1146;4741;28208;829;3913;28644;0;702;54563556;51972238;37331893;5220610;53665693;40573786;5587523;0;44233
FR;0;2022-08-13;213;413;1294;5256;311;1118;5415;0;121;54563769;51972651;37333187;5225866;53666004;40574904;5592938;0;44354
FR;0;2022-08-14;71;121;288;923;104;246;995;0;25;54563840;51972772;37333475;5226789;53666108;40575150;5593933;0;44379
FR;0;2022-08-15;82;183;606;564;149;554;618;0;19;54563922;51972955;37334081;5227353;53666257;40575704;5594551;0;44398
FR;0;2022-08-16;617;1055;3955;22174;816;3350;22366;0;615;54564539;51974010;37338036;5249527;53667073;40579054;5616917;0;45013
FR;0;2022-08-17;630;1014;3886;22895;791;3291;23139;0;620;54565169;51975024;37341922;5272422;53667864;40582345;5640056;0;45633
FR;0;2022-08-18;615;980;4107;26291;780;3248;26521;0;673;54565784;51976004;37346029;5298713;53668644;40585593;5666577;0;46306
FR;0;2022-08-19;601;1154;4489;27243;861;3691;27548;0;766;54566385;51977158;37350518;5325956;53669505;40589284;5694125;0;47072
FR;0;2022-08-20;290;494;1355;5568;391;1170;5728;0;145;54566675;51977652;37351873;5331524;53669896;40590454;5699853;0;47217
FR;0;2022-08-21;95;133;301;1008;94;263;1043;0;27;54566770;51977785;37352174;5332532;53669990;40590717;5700896;0;47244
FR;0;2022-08-22;546;988;3272;15346;766;2794;15677;0;425;54567316;51978773;37355446;5347878;53670756;40593511;5716573;0;47669
FR;0;2022-08-23;711;1172;4297;28990;846;3610;29076;0;870;54568027;51979945;37359743;5376868;53671602;40597121;5745649;0;48539
FR;0;2022-08-24;656;930;3494;19529;773;2856;19719;0;608;54568683;51980875;37363237;5396397;53672375;40599977;5765368;0;49147
FR;0;2022-08-25;622;1011;3936;23402;720;3284;23666;0;673;54569305;51981886;37367173;5419799;53673095;40603261;5789034;0;49820
FR;0;2022-08-26;849;1254;4473;25880;947;3664;26254;0;777;54570154;51983140;37371646;5445679;53674042;40606925;5815288;0;50597
FR;0;2022-08-27;293;498;1377;5462;359;1243;5526;0;194;54570447;51983638;37373023;5451141;53674401;40608168;5820814;0;50791
FR;0;2022-08-28;123;160;303;919;114;288;964;0;38;54570570;51983798;37373326;5452060;53674515;40608456;5821778;0;50829
FR;0;2022-08-29;618;964;3072;14655;763;2609;14961;0;433;54571188;51984762;37376398;5466715;53675278;40611065;5836739;0;51262
FR;0;2022-08-30;848;1207;4791;28542;884;3909;28872;0;823;54572036;51985969;37381189;5495257;53676162;40614974;5865611;0;52085
FR;0;2022-08-31;688;948;3200;17634;733;2710;17899;0;508;54572724;51986917;37384389;5512891;53676895;40617684;5883510;0;52593
FR;0;2022-09-01;728;980;4472;22475;691;3818;22750;0;622;54573452;51987897;37388861;5535366;53677586;40621502;5906260;0;53215
FR;0;2022-09-02;869;1136;5035;28608;820;4246;28901;0;914;54574321;51989033;37393896;5563974;53678406;40625748;5935161;0;54129
FR;0;2022-09-03;415;562;1917;6084;417;1663;6321;0;181;54574736;51989595;37395813;5570058;53678823;40627411;5941482;0;54310
FR;0;2022-09-04;131;150;351;873;86;347;942;0;24;54574867;51989745;37396164;5570931;53678909;40627758;5942424;0;54334
FR;0;2022-09-05;618;709;3145;16054;529;2624;16366;0;523;54575485;51990454;37399309;5586985;53679438;40630382;5958790;0;54857
FR;0;2022-09-06;792;1013;4732;31841;644;3863;32072;0;1040;54576277;51991467;37404041;5618826;53680082;40634245;5990862;0;55897
FR;0;2022-09-07;642;764;2994;16820;544;2474;16969;0;572;54576919;51992231;37407035;5635646;53680626;40636719;6007831;0;56469
FR;0;2022-09-08;616;848;3803;24844;579;3137;24932;0;818;54577535;51993079;37410838;5660490;53681205;40639856;6032763;0;57287
FR;0;2022-09-09;836;1009;4436;27643;649;3673;27821;0;948;54578371;51994088;37415274;5688133;53681854;40643529;6060584;0;58235
FR;0;2022-09-10;385;535;1732;5708;361;1532;5912;0;207;54578756;51994623;37417006;5693841;53682215;40645061;6066496;0;58442
FR;0;2022-09-11;123;130;322;656;92;306;714;0;17;54578879;51994753;37417328;5694497;53682307;40645367;6067210;0;58459
FR;0;2022-09-12;485;623;2682;13283;443;2287;13576;0;478;54579364;51995376;37420010;5707780;53682750;40647654;6080786;0;58937
FR;0;2022-09-13;608;835;3994;26504;521;3483;26385;0;875;54579972;51996211;37424004;5734284;53683271;40651137;6107171;0;59812
FR;0;2022-09-14;652;768;2953;16180;560;2468;16413;0;573;54580624;51996979;37426957;5750464;53683831;40653605;6123584;0;60385
FR;0;2022-09-15;553;775;3464;23578;526;2954;23646;0;726;54581177;51997754;37430421;5774042;53684357;40656559;6147230;0;61111
FR;0;2022-09-16;785;1030;4137;25898;713;3476;26121;0;932;54581962;51998784;37434558;5799940;53685070;40660035;6173351;0;62043
FR;0;2022-09-17;386;493;1449;6144;370;1279;6236;0;242;54582348;51999277;37436007;5806084;53685440;40661314;6179587;0;62285
FR;0;2022-09-18;115;141;323;961;120;291;1016;0;36;54582463;51999418;37436330;5807045;53685560;40661605;6180603;0;62321
FR;0;2022-09-19;445;636;2252;13199;435;1927;13381;0;436;54582908;52000054;37438582;5820244;53685995;40663532;6193984;0;62757
FR;0;2022-09-20;634;864;3779;26437;616;3149;26489;0;892;54583542;52000918;37442361;5846681;53686611;40666681;6220473;0;63649
FR;0;2022-09-21;575;763;2736;16257;567;2351;16249;0;586;54584117;52001681;37445097;5862938;53687178;40669032;6236722;0;64235
FR;0;2022-09-22;582;824;3413;23572;548;2784;23798;0;772;54584699;52002505;37448510;5886510;53687726;40671816;6260520;0;65007
FR;0;2022-09-23;829;1039;4491;28701;758;3759;28877;0;1017;54585528;52003544;37453001;5915211;53688484;40675575;6289397;0;66024
FR;0;2022-09-24;423;609;1639;6893;468;1415;7075;0;306;54585951;52004153;37454640;5922104;53688952;40676990;6296472;0;66330
FR;0;2022-09-25;98;188;335;1100;142;306;1142;0;37;54586049;52004341;37454975;5923204;53689094;40677296;6297614;0;66367
FR;0;2022-09-26;437;696;2286;13526;466;2015;13631;0;435;54586486;52005037;37457261;5936730;53689560;40679311;6311245;0;66802
FR;0;2022-09-27;610;839;3626;25940;610;2909;26095;0;959;54587096;52005876;37460887;5962670;53690170;40682220;6337340;0;67761
FR;0;2022-09-28;626;816;2549;15389;623;2295;15504;0;622;54587722;52006692;37463436;5978059;53690793;40684515;6352844;0;68383
FR;0;2022-09-29;564;760;3114;21029;537;2628;21056;41;810;54588286;52007452;37466550;5999088;53691330;40687143;6373900;41;69193
FR;0;2022-09-30;769;1090;3950;25550;798;3297;25815;713;1049;54589055;52008542;37470500;6024638;53692128;40690440;6399715;754;70242
FR;0;2022-10-01;420;611;2003;5969;458;1733;6208;396;317;54589475;52009153;37472503;6030607;53692586;40692173;6405923;1150;70559
FR;0;2022-10-02;58;132;218;638;94;214;664;66;42;54589533;52009285;37472721;6031245;53692680;40692387;6406587;1216;70601
FR;0;2022-10-03;467;727;2433;12019;561;2141;12213;2073;744;54590000;52010012;37475154;6043264;53693241;40694528;6418800;3289;71345
FR;0;2022-10-04;612;787;3385;23504;531;2774;23684;4702;1581;54590612;52010799;37478539;6066768;53693772;40697302;6442484;7991;72926
FR;0;2022-10-05;544;802;2429;14588;578;2144;14734;3655;1209;54591156;52011601;37480968;6081356;53694350;40699446;6457218;11646;74135
FR;0;2022-10-06;534;701;3082;21681;503;2514;21892;6665;1907;54591690;52012302;37484050;6103037;53694853;40701960;6479110;18311;76042
FR;0;2022-10-07;718;973;4125;30291;703;3471;30381;16868;3201;54592408;52013275;37488175;6133328;53695556;40705431;6509491;35179;79243
FR;0;2022-10-08;345;512;1648;8425;371;1408;8593;6695;1169;54592753;52013787;37489823;6141753;53695927;40706839;6518084;41874;80412
FR;0;2022-10-09;108;137;335;1587;111;310;1650;1510;295;54592861;52013924;37490158;6143340;53696038;40707149;6519734;43384;80707
FR;0;2022-10-10;474;699;2912;20482;514;2496;20810;19513;3269;54593335;52014623;37493070;6163822;53696552;40709645;6540544;62897;83976
FR;0;2022-10-11;571;784;4259;40306;527;3561;40649;40146;6378;54593906;52015407;37497329;6204128;53697079;40713206;6581193;103043;90354
FR;0;2022-10-12;563;790;3246;26706;577;2751;27033;27293;4688;54594469;52016197;37500575;6230834;53697656;40715957;6608226;130336;95042
FR;0;2022-10-13;609;746;3999;38393;537;3118;38855;40561;6602;54595078;52016943;37504574;6269227;53698193;40719075;6647081;170897;101644
FR;0;2022-10-14;752;1046;4863;47643;756;3944;48119;51109;7857;54595830;52017989;37509437;6316870;53698949;40723019;6695200;222006;109501
FR;0;2022-10-15;353;492;1853;11845;332;1612;11962;13088;2275;54596183;52018481;37511290;6328715;53699281;40724631;6707162;235094;111776
FR;0;2022-10-16;92;125;371;1959;76;355;2005;2344;478;54596275;52018606;37511661;6330674;53699357;40724986;6709167;237438;112254
FR;0;2022-10-17;435;687;3031;26413;474;2470;26786;30734;5407;54596710;52019293;37514692;6357087;53699831;40727456;6735953;268172;117661
FR;0;2022-10-18;598;722;4698;46060;519;3755;46593;55405;11681;54597308;52020015;37519390;6403147;53700350;40731211;6782546;323577;129342
FR;0;2022-10-19;547;770;3626;34346;574;3064;34688;42408;9203;54597855;52020785;37523016;6437493;53700924;40734275;6817234;365985;138545
FR;0;2022-10-20;599;757;4823;49396;541;3694;50063;60424;12896;54598454;52021542;37527839;6486889;53701465;40737969;6867297;426409;151441
FR;0;2022-10-21;681;971;5694;56967;688;4500;57653;70881;14283;54599135;52022513;37533533;6543856;53702153;40742469;6924950;497290;165724
FR;0;2022-10-22;331;395;1654;12932;314;1318;13093;15923;3375;54599466;52022908;37535187;6556788;53702467;40743787;6938043;513213;169099
FR;0;2022-10-23;93;102;349;2061;97;265;2163;2752;628;54599559;52023010;37535536;6558849;53702564;40744052;6940206;515965;169727
FR;0;2022-10-24;548;592;3132;27107;418;2678;27533;35427;7770;54600107;52023602;37538668;6585956;53702982;40746730;6967739;551392;177497
FR;0;2022-10-25;584;715;4858;49042;523;3791;49712;65123;15402;54600691;52024317;37543526;6634998;53703505;40750521;7017451;616515;192899
FR;0;2022-10-26;527;633;3446;32490;469;2879;32824;43770;10906;54601218;52024950;37546972;6667488;53703974;40753400;7050275;660285;203805
FR;0;2022-10-27;586;680;4066;40671;480;3324;41163;54236;13001;54601804;52025630;37551038;6708159;53704454;40756724;7091438;714521;216806
FR;0;2022-10-28;696;842;4595;44083;611;3493;44923;58099;13086;54602500;52026472;37555633;6752242;53705065;40760217;7136361;772620;229892
FR;0;2022-10-29;252;353;1325;9483;249;1079;9616;12508;3008;54602752;52026825;37556958;6761725;53705314;40761296;7145977;785128;232900
FR;0;2022-10-30;86;111;284;1580;87;247;1627;2127;539;54602838;52026936;37557242;6763305;53705401;40761543;7147604;787255;233439
FR;0;2022-10-31;379;476;2067;16032;342;1619;16398;22090;5422;54603217;52027412;37559309;6779337;53705743;40763162;7164002;809345;238861
FR;0;2022-11-01;69;156;904;1112;119;933;1156;1660;481;54603286;52027568;37560213;6780449;53705862;40764095;7165158;811005;239342
FR;0;2022-11-02;498;651;3017;25317;480;2559;25794;36495;10076;54603784;52028219;37563230;6805766;53706342;40766654;7190952;847500;249418
FR;0;2022-11-03;635;681;4085;39948;515;3097;40672;56814;15273;54604419;52028900;37567315;6845714;53706857;40769751;7231624;904314;264691
FR;0;2022-11-04;649;816;4416;43618;561;3511;44231;60438;15200;54605068;52029716;37571731;6889332;53707418;40773262;7275855;964752;279891
FR;0;2022-11-05;250;353;1447;9699;277;1163;9908;13443;3289;54605318;52030069;37573178;6899031;53707695;40774425;7285763;978195;283180
FR;0;2022-11-06;89;111;262;1595;94;246;1624;2327;650;54605407;52030180;37573440;6900626;53707789;40774671;7287387;980522;283830
FR;0;2022-11-07;458;513;2712;26589;427;2192;27223;38836;10907;54605865;52030693;37576152;6927215;53708216;40776863;7314610;1019358;294737
FR;0;2022-11-08;587;771;4958;51842;557;3802;52814;73976;19922;54606452;52031464;37581110;6979057;53708773;40780665;7367424;1093334;314659
FR;0;2022-11-09;502;643;3351;31566;463;2679;32337;46274;13177;54606954;52032107;37584461;7010623;53709236;40783344;7399761;1139608;327836
FR;0;2022-11-10;605;847;4547;43555;597;3602;44454;62600;17211;54607559;52032954;37589008;7054178;53709833;40786946;7444215;1202208;345047
FR;0;2022-11-11;72;104;363;1656;70;308;1720;2784;1000;54607631;52033058;37589371;7055834;53709903;40787254;7445935;1204992;346047
FR;0;2022-11-12;197;310;1192;7097;219;973;7333;10284;2765;54607828;52033368;37590563;7062931;53710122;40788227;7453268;1215276;348812
FR;0;2022-11-13;63;82;240;1206;58;204;1260;1967;621;54607891;52033450;37590803;7064137;53710180;40788431;7454528;1217243;349433
FR;0;2022-11-14;426;510;2554;23901;356;2035;24525;36010;10807;54608317;52033960;37593357;7088038;53710536;40790466;7479053;1253253;360240
FR;0;2022-11-15;577;694;4282;44827;519;3309;45786;66569;19523;54608894;52034654;37597639;7132865;53711055;40793775;7524839;1319822;379763
FR;0;2022-11-16;535;608;3038;28360;478;2544;28890;42932;13243;54609429;52035262;37600677;7161225;53711533;40796319;7553729;1362754;393006
FR;0;2022-11-17;549;646;3780;39082;493;2942;39689;57961;17200;54609978;52035908;37604457;7200307;53712026;40799261;7593418;1420715;410206
FR;0;2022-11-18;615;757;4577;45028;569;3432;45929;65473;18239;54610593;52036665;37609034;7245335;53712595;40802693;7639347;1486188;428445
FR;0;2022-11-19;267;325;1494;9765;254;1083;9961;14252;3970;54610860;52036990;37610528;7255100;53712849;40803776;7649308;1500440;432415
FR;0;2022-11-20;62;86;300;1693;68;256;1768;2696;842;54610922;52037076;37610828;7256793;53712917;40804032;7651076;1503136;433257
FR;0;2022-11-21;429;502;2396;21290;340;1927;21845;32781;10186;54611351;52037578;37613224;7278083;53713257;40805959;7672921;1535917;443443
FR;0;2022-11-22;528;577;3992;39691;401;3133;40247;59417;18057;54611879;52038155;37617216;7317774;53713658;40809092;7713168;1595334;461500
FR;0;2022-11-23;460;532;2729;25882;372;2298;26373;40132;12779;54612339;52038687;37619945;7343656;53714030;40811390;7739541;1635466;474279
FR;0;2022-11-24;500;578;3745;36977;410;2927;37690;56416;17674;54612839;52039265;37623690;7380633;53714440;40814317;7777231;1691882;491953
FR;0;2022-11-25;559;693;4163;40022;548;3122;40861;59331;17318;54613398;52039958;37627853;7420655;53714988;40817439;7818092;1751213;509271
FR;0;2022-11-26;293;332;1331;9334;253;1058;9475;13954;3952;54613691;52040290;37629184;7429989;53715241;40818497;7827567;1765167;513223
FR;0;2022-11-27;69;75;262;1656;54;223;1683;2549;805;54613760;52040365;37629446;7431645;53715295;40818720;7829250;1767716;514028
FR;0;2022-11-28;398;459;2611;24616;341;1951;25334;38119;12044;54614158;52040824;37632057;7456261;53715636;40820671;7854584;1805835;526072
FR;0;2022-11-29;488;594;4341;46252;363;3247;46952;70655;22169;54614646;52041418;37636398;7502513;53715999;40823918;7901536;1876490;548241
FR;0;2022-11-30;495;668;3693;36768;470;2862;37549;56061;17154;54615141;52042086;37640091;7539281;53716469;40826780;7939085;1932551;565395
FR;0;2022-12-01;484;622;5145;51427;412;3715;52255;78896;24935;54615625;52042708;37645236;7590708;53716881;40830495;7991340;2011447;590330
FR;0;2022-12-02;616;721;6080;61276;501;4301;62502;91950;27244;54616241;52043429;37651316;7651984;53717382;40834796;8053842;2103397;617574
FR;0;2022-12-03;295;334;2215;17977;217;1556;18412;26616;7574;54616536;52043763;37653531;7669961;53717599;40836352;8072254;2130013;625148
FR;0;2022-12-04;92;120;522;4281;88;432;4332;6404;1841;54616628;52043883;37654053;7674242;53717687;40836784;8076586;2136417;626989
FR;0;2022-12-05;434;544;4228;44504;384;2838;45468;68618;21691;54617062;52044427;37658281;7718746;53718071;40839622;8122054;2205035;648680
FR;0;2022-12-06;602;713;6788;77922;448;4600;79423;121022;39250;54617664;52045140;37665069;7796668;53718519;40844222;8201477;2326057;687930
FR;0;2022-12-07;529;600;5293;57887;441;3536;59033;89958;29295;54618193;52045740;37670362;7854555;53718960;40847758;8260510;2416015;717225
FR;0;2022-12-08;587;690;6879;79154;429;4495;80834;123280;40514;54618780;52046430;37677241;7933709;53719389;40852253;8341344;2539295;757739
FR;0;2022-12-09;762;823;8541;95238;535;5594;97111;146386;46358;54619542;52047253;37685782;8028947;53719924;40857847;8438455;2685681;804097
FR;0;2022-12-10;394;413;3594;33826;259;2254;34718;50372;14646;54619936;52047666;37689376;8062773;53720183;40860101;8473173;2736053;818743
FR;0;2022-12-11;128;136;982;8321;97;674;8529;12196;3260;54620064;52047802;37690358;8071094;53720280;40860775;8481702;2748249;822003
FR;0;2022-12-12;491;553;6258;67115;347;4014;68711;105596;34528;54620555;52048355;37696616;8138209;53720627;40864789;8550413;2853845;856531
FR;0;2022-12-13;674;760;8903;103041;468;5522;105589;163844;54615;54621229;52049115;37705519;8241250;53721095;40870311;8656002;3017689;911146
FR;0;2022-12-14;567;667;6658;72768;435;4361;74389;115692;38180;54621796;52049782;37712177;8314018;53721530;40874672;8730391;3133381;949326
FR;0;2022-12-15;624;787;8529;95000;479;5390;97255;151611;51039;54622420;52050569;37720706;8409018;53722009;40880062;8827646;3284992;1000365
FR;0;2022-12-16;788;919;9324;103952;592;6030;106126;164961;54694;54623208;52051488;37730030;8512970;53722601;40886092;8933772;3449953;1055059
FR;0;2022-12-17;337;400;3329;31539;264;2125;32321;47996;14271;54623545;52051888;37733359;8544509;53722865;40888217;8966093;3497949;1069330
FR;0;2022-12-18;93;118;766;6232;68;522;6383;9485;2709;54623638;52052006;37734125;8550741;53722933;40888739;8972476;3507434;1072039
FR;0;2022-12-19;571;592;5622;55710;403;3558;57308;89286;29646;54624209;52052598;37739747;8606451;53723336;40892297;9029784;3596720;1101685
FR;0;2022-12-20;711;726;7654;78925;470;4961;81036;129050;44262;54624920;52053324;37747401;8685376;53723806;40897258;9110820;3725770;1145947
FR;0;2022-12-21;556;587;5128;50131;393;3399;51442;82466;28545;54625476;52053911;37752529;8735507;53724199;40900657;9162262;3808236;1174492
FR;0;2022-12-22;605;614;4707;45258;412;3236;46425;74920;26049;54626081;52054525;37757236;8780765;53724611;40903893;9208687;3883156;1200541
FR;0;2022-12-23;436;484;2979;25661;329;2147;26315;42393;14460;54626517;52055009;37760215;8806426;53724940;40906040;9235002;3925549;1215001
FR;0;2022-12-24;91;93;418;2620;66;312;2739;4134;1172;54626608;52055102;37760633;8809046;53725006;40906352;9237741;3929683;1216173
FR;0;2022-12-25;31;28;106;529;23;80;549;866;262;54626639;52055130;37760739;8809575;53725029;40906432;9238290;3930549;1216435
FR;0;2022-12-26;335;333;2228;16411;237;1560;17041;26656;8414;54626974;52055463;37762967;8825986;53725266;40907992;9255331;3957205;1224849
FR;0;2022-12-27;482;588;3820;32635;375;2610;33737;54585;18790;54627456;52056051;37766787;8858621;53725641;40910602;9289068;4011790;1243639
