fra;vaccin;jour;n_dose1;n_dose2;n_dose3;n_dose4;n_complet;n_rappel;n_2_rappel;n_rappel_biv;n_3_rappel;n_cum_dose1;n_cum_dose2;n_cum_dose3;n_cum_dose4;n_cum_complet;n_cum_rappel;n_cum_2_rappel;n_cum_rappel_biv;n_cum_3_rappel
FR;1;2020-12-27;612;0;0;0;55;0;0;0;0;612;0;0;0;55;0;0;0;0
FR;1;2020-12-28;694;1;0;0;42;0;0;0;0;1306;1;0;0;97;0;0;0;0
FR;1;2020-12-29;387;0;0;0;19;0;0;0;0;1693;1;0;0;116;0;0;0;0
FR;1;2020-12-30;448;0;0;0;18;0;0;0;0;2141;1;0;0;134;0;0;0;0
FR;1;2020-12-31;445;1;0;0;23;0;0;0;0;2586;2;0;0;157;0;0;0;0
FR;1;2021-01-01;1173;2;0;0;64;0;0;0;0;3759;4;0;0;221;0;0;0;0
FR;1;2021-01-02;366;3;0;0;28;0;0;0;0;4125;7;0;0;249;0;0;0;0
FR;1;2021-01-03;409;0;0;0;24;0;0;0;0;4534;7;0;0;273;0;0;0;0
FR;1;2021-01-04;2123;4;0;0;50;0;0;0;0;6657;11;0;0;323;0;0;0;0
FR;1;2021-01-05;7758;5;0;0;129;0;0;0;0;14415;16;0;0;452;0;0;0;0
FR;1;2021-01-06;12463;22;0;0;126;0;0;0;0;26878;38;0;0;578;0;0;0;0
FR;1;2021-01-07;29472;20;0;0;158;0;0;0;0;56350;58;0;0;736;0;0;0;0
FR;1;2021-01-08;37158;25;0;0;199;0;0;0;0;93508;83;0;0;935;0;0;0;0
FR;1;2021-01-09;11217;9;0;0;77;0;0;0;0;104725;92;0;0;1012;0;0;0;0
FR;1;2021-01-10;6009;7;0;0;27;0;0;0;0;110734;99;0;0;1039;0;0;0;0
FR;1;2021-01-11;39950;30;0;0;226;0;0;0;0;150684;129;0;0;1265;0;0;0;0
FR;1;2021-01-12;62151;25;0;0;299;0;0;0;0;212835;154;0;0;1564;0;0;0;0
FR;1;2021-01-13;65133;51;0;0;431;0;0;0;0;277968;205;0;0;1995;0;0;0;0
FR;1;2021-01-14;81460;197;0;0;959;0;0;0;0;359428;402;0;0;2954;0;0;0;0
FR;1;2021-01-15;68619;81;0;0;525;0;0;0;0;428047;483;0;0;3479;0;0;0;0
FR;1;2021-01-16;19901;72;0;0;171;0;0;0;0;447948;555;0;0;3650;0;0;0;0
FR;1;2021-01-17;10904;50;0;0;126;0;0;0;0;458852;605;0;0;3776;0;0;0;0
FR;1;2021-01-18;82840;173;0;0;587;0;0;0;0;541692;778;0;0;4363;0;0;0;0
FR;1;2021-01-19;125929;199;0;0;830;0;0;0;0;667621;977;0;0;5193;0;0;0;0
FR;1;2021-01-20;132425;186;0;0;789;0;0;0;0;800046;1163;0;0;5982;0;0;0;0
FR;1;2021-01-21;153071;184;0;0;889;0;0;0;0;953117;1347;0;0;6871;0;0;0;0
FR;1;2021-01-22;115957;227;0;0;771;0;0;0;0;1069074;1574;0;0;7642;0;0;0;0
FR;1;2021-01-23;36612;73;0;0;196;0;0;0;0;1105686;1647;0;0;7838;0;0;0;0
FR;1;2021-01-24;9585;112;0;0;171;0;0;0;0;1115271;1759;0;0;8009;0;0;0;0
FR;1;2021-01-25;74433;1398;0;0;1720;0;0;0;0;1189704;3157;0;0;9729;0;0;0;0
FR;1;2021-01-26;96460;3601;1;0;4044;0;0;0;0;1286164;6758;1;0;13773;0;0;0;0
FR;1;2021-01-27;103655;6315;0;0;7002;0;0;0;0;1389819;13073;1;0;20775;0;0;0;0
FR;1;2021-01-28;120614;16100;0;0;16887;0;0;0;0;1510433;29173;1;0;37662;0;0;0;0
FR;1;2021-01-29;88894;18551;0;0;19086;0;0;0;0;1599327;47724;1;0;56748;0;0;0;0
FR;1;2021-01-30;27995;4481;0;0;4599;0;0;0;0;1627322;52205;1;0;61347;0;0;0;0
FR;1;2021-01-31;5193;1862;0;0;1897;0;0;0;0;1632515;54067;1;0;63244;0;0;0;0
FR;1;2021-02-01;49738;22572;0;0;22795;0;0;0;0;1682253;76639;1;0;86039;0;0;0;0
FR;1;2021-02-02;67832;37551;0;0;38009;0;0;0;0;1750085;114190;1;0;124048;0;0;0;0
FR;1;2021-02-03;67094;39661;0;0;40076;0;0;0;0;1817179;153851;1;0;164124;0;0;0;0
FR;1;2021-02-04;77147;54180;0;0;54737;0;0;0;0;1894326;208031;1;0;218861;0;0;0;0
FR;1;2021-02-05;63429;47528;0;0;47909;0;0;0;0;1957755;255559;1;0;266770;0;0;0;0
FR;1;2021-02-06;19426;11230;0;0;11331;0;0;0;0;1977181;266789;1;0;278101;0;0;0;0
FR;1;2021-02-07;3669;5885;0;0;5909;0;0;0;0;1980850;272674;1;0;284010;0;0;0;0
FR;1;2021-02-08;36503;48359;0;0;48570;0;0;0;0;2017353;321033;1;0;332580;0;0;0;0
FR;1;2021-02-09;50814;77429;0;0;77934;0;0;0;0;2068167;398462;1;0;410514;0;0;0;0
FR;1;2021-02-10;52077;82200;0;0;82649;0;0;0;0;2120244;480662;1;0;493163;0;0;0;0
FR;1;2021-02-11;63387;104524;0;0;105377;0;0;0;0;2183631;585186;1;0;598540;0;0;0;0
FR;1;2021-02-12;55876;75344;0;0;75999;0;0;0;0;2239507;660530;1;0;674539;0;0;0;0
FR;1;2021-02-13;15467;19296;0;0;19401;0;0;0;0;2254974;679826;1;0;693940;0;0;0;0
FR;1;2021-02-14;3747;7334;0;0;7395;0;0;0;0;2258721;687160;1;0;701335;0;0;0;0
FR;1;2021-02-15;24163;73585;0;0;73792;0;0;0;0;2282884;760745;1;0;775127;0;0;0;0
FR;1;2021-02-16;32780;95906;0;0;96269;0;0;0;0;2315664;856651;1;0;871396;0;0;0;0
FR;1;2021-02-17;35130;101905;20;0;102512;0;0;0;0;2350794;958556;21;0;973908;0;0;0;0
FR;1;2021-02-18;49456;117779;0;0;118733;0;0;0;0;2400250;1076335;21;0;1092641;0;0;0;0
FR;1;2021-02-19;45388;87438;1;0;88349;0;0;0;0;2445638;1163773;22;0;1180990;0;0;0;0
FR;1;2021-02-20;13394;27085;0;0;27245;0;0;0;0;2459032;1190858;22;0;1208235;0;0;0;0
FR;1;2021-02-21;2464;6028;0;0;6094;0;0;0;0;2461496;1196886;22;0;1214329;0;0;0;0
FR;1;2021-02-22;24723;69394;2;0;69659;0;0;0;0;2486219;1266280;24;0;1283988;0;0;0;0
FR;1;2021-02-23;37435;81426;1;0;82089;0;0;0;0;2523654;1347706;25;0;1366077;0;0;0;0
FR;1;2021-02-24;40703;79125;1;0;79799;0;0;0;0;2564357;1426831;26;0;1445876;0;0;0;0
FR;1;2021-02-25;50164;87963;1;0;89026;0;0;0;0;2614521;1514794;27;0;1534902;0;0;0;0
FR;1;2021-02-26;47227;67589;1;0;68438;0;0;0;0;2661748;1582383;28;0;1603340;0;0;0;0
FR;1;2021-02-27;15684;21302;1;0;21506;0;0;0;0;2677432;1603685;29;0;1624846;0;0;0;0
FR;1;2021-02-28;3564;4121;2;0;4192;0;0;0;0;2680996;1607806;31;0;1629038;0;0;0;0
FR;1;2021-03-01;40210;50179;1;0;50889;0;0;0;0;2721206;1657985;32;0;1679927;0;0;0;0
FR;1;2021-03-02;55988;62346;3;0;63509;0;0;0;0;2777194;1720331;35;0;1743436;0;0;0;0
FR;1;2021-03-03;61253;60585;0;0;61999;0;0;0;0;2838447;1780916;35;0;1805435;0;0;0;0
FR;1;2021-03-04;73011;67920;3;0;70123;0;0;0;0;2911458;1848836;38;0;1875558;0;0;0;0
FR;1;2021-03-05;74776;58686;3;0;60567;0;0;0;0;2986234;1907522;41;0;1936125;0;0;0;0
FR;1;2021-03-06;82464;15764;2;0;17471;0;0;0;0;3068698;1923286;43;0;1953596;0;0;0;0
FR;1;2021-03-07;63728;4202;1;0;5746;0;0;0;0;3132426;1927488;44;0;1959342;0;0;0;0
FR;1;2021-03-08;60185;41374;2;0;42646;0;0;0;0;3192611;1968862;46;0;2001988;0;0;0;0
FR;1;2021-03-09;86000;47611;1;0;49593;0;0;0;0;3278611;2016473;47;0;2051581;0;0;0;0
FR;1;2021-03-10;90939;47802;5;0;50062;0;0;0;0;3369550;2064275;52;0;2101643;0;0;0;0
FR;1;2021-03-11;105095;54581;1;0;57640;0;0;0;0;3474645;2118856;53;0;2159283;0;0;0;0
FR;1;2021-03-12;104148;44938;1;0;47927;0;0;0;0;3578793;2163794;54;0;2207210;0;0;0;0
FR;1;2021-03-13;89209;12599;1;0;14816;0;0;0;0;3668002;2176393;55;0;2222026;0;0;0;0
FR;1;2021-03-14;44459;2749;1;0;4082;0;0;0;0;3712461;2179142;56;0;2226108;0;0;0;0
FR;1;2021-03-15;95529;28115;3;0;30450;0;0;0;0;3807990;2207257;59;0;2256558;0;0;0;0
FR;1;2021-03-16;123599;34197;5;0;37725;0;0;0;0;3931589;2241454;64;0;2294283;0;0;0;0
FR;1;2021-03-17;129317;33663;4;0;37709;0;0;0;0;4060906;2275117;68;0;2331992;0;0;0;0
FR;1;2021-03-18;142910;39293;5;0;43957;0;0;0;0;4203816;2314410;73;0;2375949;0;0;0;0
FR;1;2021-03-19;136264;32134;2;0;36726;0;0;0;0;4340080;2346544;75;0;2412675;0;0;0;0
FR;1;2021-03-20;76018;9790;1;0;12005;0;0;0;0;4416098;2356334;76;0;2424680;0;0;0;0
FR;1;2021-03-21;26516;2053;1;0;3041;0;0;0;0;4442614;2358387;77;0;2427721;0;0;0;0
FR;1;2021-03-22;114773;30361;2;0;34179;0;0;0;0;4557387;2388748;79;0;2461900;0;0;0;0
FR;1;2021-03-23;143049;38043;1;0;42815;0;0;0;0;4700436;2426791;80;0;2504715;0;0;0;0
FR;1;2021-03-24;142013;38396;0;0;43237;0;0;0;0;4842449;2465187;80;0;2547952;0;0;0;0
FR;1;2021-03-25;165021;39815;4;0;45963;0;0;0;0;5007470;2505002;84;0;2593915;0;0;0;0
FR;1;2021-03-26;166412;37464;5;1;44067;0;0;0;0;5173882;2542466;89;1;2637982;0;0;0;0
FR;1;2021-03-27;110898;15458;1;0;19465;0;0;0;0;5284780;2557924;90;1;2657447;0;0;0;0
FR;1;2021-03-28;42305;4293;3;0;5847;0;0;0;0;5327085;2562217;93;1;2663294;0;0;0;0
FR;1;2021-03-29;129834;49128;4;0;53774;0;0;0;0;5456919;2611345;97;1;2717068;0;0;0;0
FR;1;2021-03-30;167733;63727;5;0;70724;0;0;0;0;5624652;2675072;102;1;2787792;0;0;0;0
FR;1;2021-03-31;170960;67826;4;0;75348;0;0;0;0;5795612;2742898;106;1;2863140;0;0;0;0
FR;1;2021-04-01;194851;83462;10;0;92942;0;0;0;0;5990463;2826360;116;1;2956082;0;0;0;0
FR;1;2021-04-02;164466;86479;7;0;94275;0;0;0;0;6154929;2912839;123;1;3050357;0;0;0;0
FR;1;2021-04-03;88253;58163;6;0;61694;0;0;0;0;6243182;2971002;129;1;3112051;0;0;0;0
FR;1;2021-04-04;33659;17721;0;0;19215;0;0;0;0;6276841;2988723;129;1;3131266;0;0;0;0
FR;1;2021-04-05;46417;9667;11;0;11538;0;0;0;0;6323258;2998390;140;1;3142804;0;0;0;0
FR;1;2021-04-06;160330;104952;17;0;111384;0;0;0;0;6483588;3103342;157;1;3254188;0;0;0;0
FR;1;2021-04-07;197012;108096;16;0;116898;0;0;0;0;6680600;3211438;173;1;3371086;0;0;0;0
FR;1;2021-04-08;222161;113909;13;0;125234;0;0;0;0;6902761;3325347;186;1;3496320;0;0;0;0
FR;1;2021-04-09;214586;107882;21;0;118746;0;0;0;0;7117347;3433229;207;1;3615066;0;0;0;0
FR;1;2021-04-10;117193;73242;14;0;78372;0;0;0;0;7234540;3506471;221;1;3693438;0;0;0;0
FR;1;2021-04-11;40897;29900;6;0;31803;0;0;0;0;7275437;3536371;227;1;3725241;0;0;0;0
FR;1;2021-04-12;168484;104484;46;0;111699;0;0;0;0;7443921;3640855;273;1;3836940;0;0;0;0
FR;1;2021-04-13;203824;127846;97;1;137162;0;0;0;0;7647745;3768701;370;2;3974102;0;0;0;0
FR;1;2021-04-14;208650;122876;208;0;133085;0;0;0;0;7856395;3891577;578;2;4107187;0;0;0;0
FR;1;2021-04-15;221703;127933;313;0;138952;0;0;0;0;8078098;4019510;891;2;4246139;0;0;0;0
FR;1;2021-04-16;206084;125675;309;0;135329;0;0;0;0;8284182;4145185;1200;2;4381468;0;0;0;0
FR;1;2021-04-17;122102;67147;103;0;72196;0;0;0;0;8406284;4212332;1303;2;4453664;0;0;0;0
FR;1;2021-04-18;35966;20990;41;0;22695;0;0;0;0;8442250;4233322;1344;2;4476359;0;0;0;0
FR;1;2021-04-19;163764;121579;432;0;129095;0;0;0;0;8606014;4354901;1776;2;4605454;0;0;0;0
FR;1;2021-04-20;189451;149538;531;0;158635;0;0;0;0;8795465;4504439;2307;2;4764089;0;0;0;0
FR;1;2021-04-21;194021;147440;760;0;156947;0;0;0;0;8989486;4651879;3067;2;4921036;0;0;0;0
FR;1;2021-04-22;209053;164288;777;0;175512;0;0;0;0;9198539;4816167;3844;2;5096548;0;0;0;0
FR;1;2021-04-23;198971;157827;671;0;168829;0;0;0;0;9397510;4973994;4515;2;5265377;0;0;0;0
FR;1;2021-04-24;126343;95773;148;0;101834;0;0;0;0;9523853;5069767;4663;2;5367211;0;0;0;0
FR;1;2021-04-25;53633;30051;46;0;32808;0;0;0;0;9577486;5099818;4709;2;5400019;0;0;0;0
FR;1;2021-04-26;181160;139779;542;0;148478;0;0;0;0;9758646;5239597;5251;2;5548497;0;0;0;0
FR;1;2021-04-27;221382;162390;901;0;173755;0;0;0;0;9980028;5401987;6152;2;5722252;0;0;0;0
FR;1;2021-04-28;238324;155915;1314;1;168589;1;0;0;0;10218352;5557902;7466;3;5890841;1;0;0;0
FR;1;2021-04-29;270314;161292;1211;0;176885;0;0;0;0;10488666;5719194;8677;3;6067726;1;0;0;0
FR;1;2021-04-30;272006;148740;1073;0;164840;0;0;0;0;10760672;5867934;9750;3;6232566;1;0;0;0
FR;1;2021-05-01;141160;40587;173;0;48615;0;0;0;0;10901832;5908521;9923;3;6281181;1;0;0;0
FR;1;2021-05-02;81558;28188;81;0;32940;0;0;0;0;10983390;5936709;10004;3;6314121;1;0;0;0
FR;1;2021-05-03;250799;143174;803;0;156853;0;0;0;0;11234189;6079883;10807;3;6470974;1;0;0;0
FR;1;2021-05-04;265901;187654;1202;0;203215;0;0;0;0;11500090;6267537;12009;3;6674189;1;0;0;0
FR;1;2021-05-05;283905;185780;1267;0;202428;0;0;0;0;11783995;6453317;13276;3;6876617;1;0;0;0
FR;1;2021-05-06;309992;184130;1502;0;203890;0;0;0;0;12093987;6637447;14778;3;7080507;1;0;0;0
FR;1;2021-05-07;284115;196282;1126;0;214103;0;0;0;0;12378102;6833729;15904;3;7294610;1;0;0;0
FR;1;2021-05-08;191666;50840;285;0;62222;0;0;0;0;12569768;6884569;16189;3;7356832;1;0;0;0
FR;1;2021-05-09;114060;34681;236;0;41852;0;0;0;0;12683828;6919250;16425;3;7398684;1;0;0;0
FR;1;2021-05-10;258220;194744;1186;0;210732;0;0;0;0;12942048;7113994;17611;3;7609416;1;0;0;0
FR;1;2021-05-11;318897;211034;1465;0;231253;0;0;0;0;13260945;7325028;19076;3;7840669;1;0;0;0
FR;1;2021-05-12;356647;185950;1400;0;208248;0;0;0;0;13617592;7510978;20476;3;8048917;1;0;0;0
FR;1;2021-05-13;283456;47443;401;0;64370;0;0;0;0;13901048;7558421;20877;3;8113287;1;0;0;0
FR;1;2021-05-14;370514;128520;994;0;151923;0;0;0;0;14271562;7686941;21871;3;8265210;1;0;0;0
FR;1;2021-05-15;298105;66163;404;0;84865;0;0;0;0;14569667;7753104;22275;3;8350075;1;0;0;0
FR;1;2021-05-16;157782;15471;158;0;26037;0;0;0;0;14727449;7768575;22433;3;8376112;1;0;0;0
FR;1;2021-05-17;318935;116176;1441;0;138149;0;0;0;0;15046384;7884751;23874;3;8514261;1;0;0;0
FR;1;2021-05-18;383350;111511;1799;0;137460;0;0;0;0;15429734;7996262;25673;3;8651721;1;0;0;0
FR;1;2021-05-19;395278;101825;2183;0;128767;0;0;0;0;15825012;8098087;27856;3;8780488;1;0;0;0
FR;1;2021-05-20;421828;95741;2048;0;125232;0;0;0;0;16246840;8193828;29904;3;8905720;1;0;0;0
FR;1;2021-05-21;399816;97321;1764;0;125732;0;0;0;0;16646656;8291149;31668;3;9031452;1;0;0;0
FR;1;2021-05-22;275697;41918;604;0;60945;0;0;0;0;16922353;8333067;32272;3;9092397;1;0;0;0
FR;1;2021-05-23;123018;10996;224;0;20599;0;0;0;0;17045371;8344063;32496;3;9112996;1;0;0;0
FR;1;2021-05-24;244018;26257;569;0;43787;0;0;0;0;17289389;8370320;33065;3;9156783;1;0;0;0
FR;1;2021-05-25;366231;131549;2114;1;158495;0;0;0;0;17655620;8501869;35179;4;9315278;1;0;0;0
FR;1;2021-05-26;380825;126898;1994;0;155239;0;0;0;0;18036445;8628767;37173;4;9470517;1;0;0;0
FR;1;2021-05-27;406162;128170;1978;0;158661;0;0;0;0;18442607;8756937;39151;4;9629178;1;0;0;0
FR;1;2021-05-28;366040;145515;1701;0;174083;0;0;0;0;18808647;8902452;40852;4;9803261;1;0;0;0
FR;1;2021-05-29;253840;81028;527;0;100222;0;0;0;0;19062487;8983480;41379;4;9903483;1;0;0;0
FR;1;2021-05-30;100977;22582;158;0;30815;0;0;0;0;19163464;9006062;41537;4;9934298;1;0;0;0
FR;1;2021-05-31;314323;149054;1284;1;172313;1;0;0;0;19477787;9155116;42821;5;10106611;2;0;0;0
FR;1;2021-06-01;361648;166447;1732;1;194152;1;0;0;0;19839435;9321563;44553;6;10300763;3;0;0;0
FR;1;2021-06-02;365397;154022;1797;0;183554;0;0;0;0;20204832;9475585;46350;6;10484317;3;0;0;0
FR;1;2021-06-03;391433;147373;1653;0;178341;0;0;0;0;20596265;9622958;48003;6;10662658;3;0;0;0
FR;1;2021-06-04;364121;175708;1495;1;204982;1;0;0;0;20960386;9798666;49498;7;10867640;4;0;0;0
FR;1;2021-06-05;258515;112723;597;0;133082;0;0;0;0;21218901;9911389;50095;7;11000722;4;0;0;0
FR;1;2021-06-06;126814;37550;215;0;48190;0;0;0;0;21345715;9948939;50310;7;11048912;4;0;0;0
FR;1;2021-06-07;301111;207753;1365;0;233033;0;0;0;0;21646826;10156692;51675;7;11281945;4;0;0;0
FR;1;2021-06-08;330856;220902;1643;0;248860;0;0;0;0;21977682;10377594;53318;7;11530805;4;0;0;0
FR;1;2021-06-09;336594;211363;1613;0;240150;0;0;0;0;22314276;10588957;54931;7;11770955;4;0;0;0
FR;1;2021-06-10;343903;200627;1614;0;230356;0;0;0;0;22658179;10789584;56545;7;12001311;4;0;0;0
FR;1;2021-06-11;311906;234780;1299;1;262673;0;0;0;0;22970085;11024364;57844;8;12263984;4;0;0;0
FR;1;2021-06-12;244089;150619;437;0;172228;0;0;0;0;23214174;11174983;58281;8;12436212;4;0;0;0
FR;1;2021-06-13;100369;61005;188;0;70665;0;0;0;0;23314543;11235988;58469;8;12506877;4;0;0;0
FR;1;2021-06-14;207852;287888;1318;1;307667;0;0;0;0;23522395;11523876;59787;9;12814544;4;0;0;0
FR;1;2021-06-15;256868;281435;1400;1;305269;0;0;0;0;23779263;11805311;61187;10;13119813;4;0;0;0
FR;1;2021-06-16;273659;270579;1263;1;296001;0;0;0;0;24052922;12075890;62450;11;13415814;4;0;0;0
FR;1;2021-06-17;268222;244901;1239;1;270950;0;0;0;0;24321144;12320791;63689;12;13686764;4;0;0;0
FR;1;2021-06-18;260607;295335;1154;1;321142;0;0;0;0;24581751;12616126;64843;13;14007906;4;0;0;0
FR;1;2021-06-19;193456;209544;388;0;228196;0;0;0;0;24775207;12825670;65231;13;14236102;4;0;0;0
FR;1;2021-06-20;69713;89067;120;0;96906;0;0;0;0;24844920;12914737;65351;13;14333008;4;0;0;0
FR;1;2021-06-21;172382;319700;934;1;338396;1;0;0;0;25017302;13234437;66285;14;14671404;5;0;0;0
FR;1;2021-06-22;185874;347911;1102;10;368953;1;0;0;0;25203176;13582348;67387;24;15040357;6;0;0;0
FR;1;2021-06-23;204213;339528;1049;0;363420;0;0;0;0;25407389;13921876;68436;24;15403777;6;0;0;0
FR;1;2021-06-24;203535;282011;1176;0;306749;0;0;0;0;25610924;14203887;69612;24;15710526;6;0;0;0
FR;1;2021-06-25;182669;371732;1198;0;395725;0;0;0;0;25793593;14575619;70810;24;16106251;6;0;0;0
FR;1;2021-06-26;131400;278450;504;0;295809;0;0;0;0;25924993;14854069;71314;24;16402060;6;0;0;0
FR;1;2021-06-27;52409;122889;146;0;130435;0;0;0;0;25977402;14976958;71460;24;16532495;6;0;0;0
FR;1;2021-06-28;136666;368220;1065;0;386814;0;0;0;0;26114068;15345178;72525;24;16919309;6;0;0;0
FR;1;2021-06-29;154905;390956;1848;0;412092;0;0;0;0;26268973;15736134;74373;24;17331401;6;0;0;0
FR;1;2021-06-30;180062;381860;1666;4;406479;2;0;0;0;26449035;16117994;76039;28;17737880;8;0;0;0
FR;1;2021-07-01;201550;332357;1888;5;360467;1;0;0;0;26650585;16450351;77927;33;18098347;9;0;0;0
FR;1;2021-07-02;193883;367377;1765;5;395602;2;0;0;0;26844468;16817728;79692;38;18493949;11;0;0;0
FR;1;2021-07-03;124479;280420;704;3;299538;1;0;0;0;26968947;17098148;80396;41;18793487;12;0;0;0
FR;1;2021-07-04;53965;113704;244;0;122124;0;0;0;0;27022912;17211852;80640;41;18915611;12;0;0;0
FR;1;2021-07-05;153964;355818;1500;8;379175;1;0;0;0;27176876;17567670;82140;49;19294786;13;0;0;0
FR;1;2021-07-06;173511;382325;1603;45;408246;8;0;0;0;27350387;17949995;83743;94;19703032;21;0;0;0
FR;1;2021-07-07;190844;362398;1658;25;390764;4;0;0;0;27541231;18312393;85401;119;20093796;25;0;0;0
FR;1;2021-07-08;201577;323024;1826;20;353707;4;0;0;0;27742808;18635417;87227;139;20447503;29;0;0;0
FR;1;2021-07-09;189981;387791;1854;3;418235;2;0;0;0;27932789;19023208;89081;142;20865738;31;0;0;0
FR;1;2021-07-10;129958;281149;818;1;302585;1;0;0;0;28062747;19304357;89899;143;21168323;32;0;0;0
FR;1;2021-07-11;57682;102523;262;0;112414;0;0;0;0;28120429;19406880;90161;143;21280737;32;0;0;0
FR;1;2021-07-12;149922;416889;1585;4;442934;0;0;0;0;28270351;19823769;91746;147;21723671;32;0;0;0
FR;1;2021-07-13;234277;439128;1807;8;476338;1;0;0;0;28504628;20262897;93553;155;22200009;33;0;0;0
FR;1;2021-07-14;171924;151405;418;0;177054;0;0;0;0;28676552;20414302;93971;155;22377063;33;0;0;0
FR;1;2021-07-15;279692;424285;1858;1;467310;0;0;0;0;28956244;20838587;95829;156;22844373;33;0;0;0
FR;1;2021-07-16;290443;400734;1711;3;445437;1;0;0;0;29246687;21239321;97540;159;23289810;34;0;0;0
FR;1;2021-07-17;217350;282014;755;1;315502;0;0;0;0;29464037;21521335;98295;160;23605312;34;0;0;0
FR;1;2021-07-18;102016;107205;288;0;123103;0;0;0;0;29566053;21628540;98583;160;23728415;34;0;0;0
FR;1;2021-07-19;238227;378581;1497;3;414667;0;0;0;0;29804280;22007121;100080;163;24143082;34;0;0;0
FR;1;2021-07-20;305765;380003;1469;0;425863;0;0;0;0;30110045;22387124;101549;163;24568945;34;0;0;0
FR;1;2021-07-21;333294;352886;1412;4;404302;1;0;0;0;30443339;22740010;102961;167;24973247;35;0;0;0
FR;1;2021-07-22;364681;318707;1502;3;375168;2;0;0;0;30808020;23058717;104463;170;25348415;37;0;0;0
FR;1;2021-07-23;349405;342974;1589;4;398570;1;0;0;0;31157425;23401691;106052;174;25746985;38;0;0;0
FR;1;2021-07-24;238962;240768;697;1;278119;0;0;0;0;31396387;23642459;106749;175;26025104;38;0;0;0
FR;1;2021-07-25;112803;76012;223;0;93717;0;0;0;0;31509190;23718471;106972;175;26118821;38;0;0;0
FR;1;2021-07-26;299144;289460;1495;2;335227;1;0;0;0;31808334;24007931;108467;177;26454048;39;0;0;0
FR;1;2021-07-27;385839;268045;1459;4;325051;1;0;0;0;32194173;24275976;109926;181;26779099;40;0;0;0
FR;1;2021-07-28;390204;250998;1462;4;307341;1;0;0;0;32584377;24526974;111388;185;27086440;41;0;0;0
FR;1;2021-07-29;406142;227713;1540;2;284478;0;0;0;0;32990519;24754687;112928;187;27370918;41;0;0;0
FR;1;2021-07-30;370747;246622;1638;4;298515;1;0;0;0;33361266;25001309;114566;191;27669433;42;0;0;0
FR;1;2021-07-31;243385;165103;793;1;199464;0;0;0;0;33604651;25166412;115359;192;27868897;42;0;0;0
FR;1;2021-08-01;105599;47211;233;0;61216;0;0;0;0;33710250;25213623;115592;192;27930113;42;0;0;0
FR;1;2021-08-02;297410;212883;1479;2;250727;0;0;0;0;34007660;25426506;117071;194;28180840;42;0;0;0
FR;1;2021-08-03;331340;208784;1557;2;250808;1;0;0;0;34339000;25635290;118628;196;28431648;43;0;0;0
FR;1;2021-08-04;328043;183915;1439;5;224128;3;0;0;0;34667043;25819205;120067;201;28655776;46;0;0;0
FR;1;2021-08-05;301286;193174;1483;0;229522;0;0;0;0;34968329;26012379;121550;201;28885298;46;0;0;0
FR;1;2021-08-06;290987;224174;1560;3;261527;0;0;0;0;35259316;26236553;123110;204;29146825;46;0;0;0
FR;1;2021-08-07;182663;158776;655;5;181712;1;0;0;0;35441979;26395329;123765;209;29328537;47;0;0;0
FR;1;2021-08-08;68887;59101;253;0;67640;0;0;0;0;35510866;26454430;124018;209;29396177;47;0;0;0
FR;1;2021-08-09;222790;235288;1445;4;264056;2;0;0;0;35733656;26689718;125463;213;29660233;49;0;0;0
FR;1;2021-08-10;252746;239986;1493;2;271872;1;0;0;0;35986402;26929704;126956;215;29932105;50;0;0;0
FR;1;2021-08-11;236241;231820;1271;5;261376;0;0;0;0;36222643;27161524;128227;220;30193481;50;0;0;0
FR;1;2021-08-12;220786;239833;1488;3;267995;0;0;0;0;36443429;27401357;129715;223;30461476;50;0;0;0
FR;1;2021-08-13;201721;238527;1360;2;264121;2;0;0;0;36645150;27639884;131075;225;30725597;52;0;0;0
FR;1;2021-08-14;122865;174052;645;0;189596;0;0;0;0;36768015;27813936;131720;225;30915193;52;0;0;0
FR;1;2021-08-15;34708;46122;201;1;50347;0;0;0;0;36802723;27860058;131921;226;30965540;52;0;0;0
FR;1;2021-08-16;156962;289434;1423;0;310068;0;0;0;0;36959685;28149492;133344;226;31275608;52;0;0;0
FR;1;2021-08-17;171614;291078;1422;5;313539;0;0;0;0;37131299;28440570;134766;231;31589147;52;0;0;0
FR;1;2021-08-18;161435;286747;1393;6;307435;3;0;0;0;37292734;28727317;136159;237;31896582;55;0;0;0
FR;1;2021-08-19;148953;277500;1404;1;297398;0;0;0;0;37441687;29004817;137563;238;32193980;55;0;0;0
FR;1;2021-08-20;140514;309001;1532;2;328308;2;0;0;0;37582201;29313818;139095;240;32522288;57;0;0;0
FR;1;2021-08-21;84280;213210;589;0;224558;0;0;0;0;37666481;29527028;139684;240;32746846;57;0;0;0
FR;1;2021-08-22;28581;82697;233;0;86707;0;0;0;0;37695062;29609725;139917;240;32833553;57;0;0;0
FR;1;2021-08-23;118661;320979;1422;2;337773;1;0;0;0;37813723;29930704;141339;242;33171326;58;0;0;0
FR;1;2021-08-24;126671;319700;1604;5;337584;1;0;0;0;37940394;30250404;142943;247;33508910;59;0;0;0
FR;1;2021-08-25;121535;306480;1779;8;323741;2;0;0;0;38061929;30556884;144722;255;33832651;61;0;0;0
FR;1;2021-08-26;106632;286086;2162;10;302452;0;0;0;0;38168561;30842970;146884;265;34135103;61;0;0;0
FR;1;2021-08-27;107656;321635;2302;9;339028;2;0;0;0;38276217;31164605;149186;274;34474131;63;0;0;0
FR;1;2021-08-28;71022;220689;1102;0;231263;0;0;0;0;38347239;31385294;150288;274;34705394;63;0;0;0
FR;1;2021-08-29;24152;78199;469;1;82108;0;0;0;0;38371391;31463493;150757;275;34787502;63;0;0;0
FR;1;2021-08-30;96898;286300;4313;6;299795;4983;0;0;0;38468289;31749793;155070;281;35087297;5046;0;0;0
FR;1;2021-08-31;98124;276275;9294;15;289942;10091;2;0;0;38566413;32026068;164364;296;35377239;15137;2;0;0
FR;1;2021-09-01;112345;245308;21118;8;257729;22139;1;0;0;38678758;32271376;185482;304;35634968;37276;3;0;0
FR;1;2021-09-02;86766;197920;24530;18;208349;25508;0;0;0;38765524;32469296;210012;322;35843317;62784;3;0;0
FR;1;2021-09-03;82423;227507;26955;21;238975;28026;1;0;0;38847947;32696803;236967;343;36082292;90810;4;0;0
FR;1;2021-09-04;71629;189714;11140;11;199328;11704;7;0;0;38919576;32886517;248107;354;36281620;102514;11;0;0
FR;1;2021-09-05;18613;41148;4124;2;43861;4274;0;0;0;38938189;32927665;252231;356;36325481;106788;11;0;0
FR;1;2021-09-06;59814;151439;30181;15;158995;31203;2;0;0;38998003;33079104;282412;371;36484476;137991;13;0;0
FR;1;2021-09-07;57400;139659;30211;30;146830;31229;2;0;0;39055403;33218763;312623;401;36631306;169220;15;0;0
FR;1;2021-09-08;72343;173778;26925;22;182300;27942;4;0;0;39127746;33392541;339548;423;36813606;197162;19;0;0
FR;1;2021-09-09;54486;124452;28631;24;131228;29744;5;0;0;39182232;33516993;368179;447;36944834;226906;24;0;0
FR;1;2021-09-10;66217;152081;30450;24;161206;31674;5;0;0;39248449;33669074;398629;471;37106040;258580;29;0;0
FR;1;2021-09-11;52689;146629;9731;14;154145;10346;0;0;0;39301138;33815703;408360;485;37260185;268926;29;0;0
FR;1;2021-09-12;10796;29272;2487;1;30978;2652;2;0;0;39311934;33844975;410847;486;37291163;271578;31;0;0
FR;1;2021-09-13;51509;104441;38760;31;111014;40068;17;0;0;39363443;33949416;449607;517;37402177;311646;48;0;0
FR;1;2021-09-14;53340;96016;51277;67;102478;53201;35;0;0;39416783;34045432;500884;584;37504655;364847;83;0;0
FR;1;2021-09-15;60575;139250;50495;55;146443;47053;69;0;0;39477358;34184682;551379;639;37651098;411900;152;0;0
FR;1;2021-09-16;46637;81395;53351;70;86293;49599;72;0;0;39523995;34266077;604730;709;37737391;461499;224;0;0
FR;1;2021-09-17;53222;109341;45072;61;115685;42696;64;0;0;39577217;34375418;649802;770;37853076;504195;288;0;0
FR;1;2021-09-18;37876;118497;11795;19;124091;11275;20;0;0;39615093;34493915;661597;789;37977167;515470;308;0;0
FR;1;2021-09-19;6531;21036;2041;1;22139;1982;1;0;0;39621624;34514951;663638;790;37999306;517452;309;0;0
FR;1;2021-09-20;36541;74861;46228;65;78590;44185;34;0;0;39658165;34589812;709866;855;38077896;561637;343;0;0
FR;1;2021-09-21;34197;68120;56260;72;71156;52730;81;0;0;39692362;34657932;766126;927;38149052;614367;424;0;0
FR;1;2021-09-22;38835;118602;49875;76;123028;46914;41;0;0;39731197;34776534;816001;1003;38272080;661281;465;0;0
FR;1;2021-09-23;32037;62905;54506;85;65806;50911;86;0;0;39763234;34839439;870507;1088;38337886;712192;551;0;0
FR;1;2021-09-24;36797;90044;43673;89;94410;41950;59;0;0;39800031;34929483;914180;1177;38432296;754142;610;0;0
FR;1;2021-09-25;27650;96696;12307;27;101060;12182;19;0;0;39827681;35026179;926487;1204;38533356;766324;629;0;0
FR;1;2021-09-26;4386;15194;1776;5;16059;1697;4;0;0;39832067;35041373;928263;1209;38549415;768021;633;0;0
FR;1;2021-09-27;27352;60214;42912;89;63456;41634;82;0;1;39859419;35101587;971175;1298;38612871;809655;715;0;1
FR;1;2021-09-28;26912;49430;47199;76;52059;44474;46;0;0;39886331;35151017;1018374;1374;38664930;854129;761;0;1
FR;1;2021-09-29;35925;80301;47288;87;84690;45608;39;0;0;39922256;35231318;1065662;1461;38749620;899737;800;0;1
FR;1;2021-09-30;26075;46890;47525;80;49264;45460;57;0;0;39948331;35278208;1113187;1541;38798884;945197;857;0;1
FR;1;2021-10-01;47297;66933;44899;83;70829;44609;21;0;0;39995628;35345141;1158086;1624;38869713;989806;878;0;1
FR;1;2021-10-02;32383;62406;16113;32;67226;16316;8;0;0;40028011;35407547;1174199;1656;38936939;1006122;886;0;1
FR;1;2021-10-03;4341;8559;2040;3;9311;2034;4;0;0;40032352;35416106;1176239;1659;38946250;1008156;890;0;1
FR;1;2021-10-04;28976;44424;47106;79;46848;46969;34;0;0;40061328;35460530;1223345;1738;38993098;1055125;924;0;1
FR;1;2021-10-05;24565;41658;49889;116;43169;49325;52;0;0;40085893;35502188;1273234;1854;39036267;1104450;976;0;1
FR;1;2021-10-06;34655;61385;57507;102;64507;57249;28;0;0;40120548;35563573;1330741;1956;39100774;1161699;1004;0;1
FR;1;2021-10-07;21080;39903;53041;75;41094;51968;37;0;0;40141628;35603476;1383782;2031;39141868;1213667;1041;0;1
FR;1;2021-10-08;35664;59647;60405;83;62889;61152;32;0;0;40177292;35663123;1444187;2114;39204757;1274819;1073;0;1
FR;1;2021-10-09;27466;48007;25495;29;52487;26020;10;0;0;40204758;35711130;1469682;2143;39257244;1300839;1083;0;1
FR;1;2021-10-10;3725;5811;2755;7;6289;2862;1;0;0;40208483;35716941;1472437;2150;39263533;1303701;1084;0;1
FR;1;2021-10-11;24854;38234;54585;88;40321;55259;50;0;0;40233337;35755175;1527022;2238;39303854;1358960;1134;0;1
FR;1;2021-10-12;23379;36594;58069;128;37111;59219;20;0;0;40256716;35791769;1585091;2366;39340965;1418179;1154;0;1
FR;1;2021-10-13;32969;47828;64171;125;50644;65687;25;0;1;40289685;35839597;1649262;2491;39391609;1483866;1179;0;2
FR;1;2021-10-14;21712;34776;53768;103;35688;54355;25;0;0;40311397;35874373;1703030;2594;39427297;1538221;1204;0;2
FR;1;2021-10-15;32749;48779;72328;165;50485;75009;29;0;0;40344146;35923152;1775358;2759;39477782;1613230;1233;0;2
FR;1;2021-10-16;26010;35288;34870;44;38310;36418;15;0;0;40370156;35958440;1810228;2803;39516092;1649648;1248;0;2
FR;1;2021-10-17;3158;4050;3417;2;4493;3318;3;0;0;40373314;35962490;1813645;2805;39520585;1652966;1251;0;2
FR;1;2021-10-18;24326;34890;66838;132;34938;69710;31;0;0;40397640;35997380;1880483;2937;39555523;1722676;1282;0;2
FR;1;2021-10-19;20719;35586;75662;135;33251;79581;43;0;0;40418359;36032966;1956145;3072;39588774;1802257;1325;0;2
FR;1;2021-10-20;29913;44212;96179;178;43298;99858;50;0;0;40448272;36077178;2052324;3250;39632072;1902115;1375;0;2
FR;1;2021-10-21;19801;35064;83181;107;31784;87030;34;0;0;40468073;36112242;2135505;3357;39663856;1989145;1409;0;2
FR;1;2021-10-22;29754;47773;103748;196;44591;109694;66;0;0;40497827;36160015;2239253;3553;39708447;2098839;1475;0;2
FR;1;2021-10-23;23052;35146;44872;57;36141;47380;13;0;0;40520879;36195161;2284125;3610;39744588;2146219;1488;0;2
FR;1;2021-10-24;2406;3848;3583;6;4043;3719;1;0;0;40523285;36199009;2287708;3616;39748631;2149938;1489;0;2
FR;1;2021-10-25;22496;30749;82026;143;29647;85824;39;0;0;40545781;36229758;2369734;3759;39778278;2235762;1528;0;2
FR;1;2021-10-26;19365;27674;86115;162;24775;90342;32;0;0;40565146;36257432;2455849;3921;39803053;2326104;1560;0;2
FR;1;2021-10-27;26216;39635;107808;252;37336;112710;54;0;0;40591362;36297067;2563657;4173;39840389;2438814;1614;0;2
FR;1;2021-10-28;18800;27119;86957;150;23515;91702;41;0;0;40610162;36324186;2650614;4323;39863904;2530516;1655;0;2
FR;1;2021-10-29;25929;40276;114831;202;35526;121651;55;0;0;40636091;36364462;2765445;4525;39899430;2652167;1710;0;2
FR;1;2021-10-30;17709;28714;49370;74;28313;51955;20;0;0;40653800;36393176;2814815;4599;39927743;2704122;1730;0;2
FR;1;2021-10-31;2086;3174;3451;2;3219;3685;2;0;0;40655886;36396350;2818266;4601;39930962;2707807;1732;0;2
FR;1;2021-11-01;8012;4268;3031;3;4352;3290;6;0;0;40663898;36400618;2821297;4604;39935314;2711097;1738;0;2
FR;1;2021-11-02;22908;33226;92401;156;29197;97836;41;0;1;40686806;36433844;2913698;4760;39964511;2808933;1779;0;3
FR;1;2021-11-03;26633;41573;117506;217;37042;123870;62;0;0;40713439;36475417;3031204;4977;40001553;2932803;1841;0;3
FR;1;2021-11-04;19624;30323;105813;213;24214;111960;45;0;0;40733063;36505740;3137017;5190;40025767;3044763;1886;0;3
FR;1;2021-11-05;27021;42320;138783;230;34228;147441;51;0;0;40760084;36548060;3275800;5420;40059995;3192204;1937;0;3
FR;1;2021-11-06;18859;29822;63484;123;27628;66495;27;0;0;40778943;36577882;3339284;5543;40087623;3258699;1964;0;3
FR;1;2021-11-07;1832;3285;4979;6;3035;5303;5;0;0;40780775;36581167;3344263;5549;40090658;3264002;1969;0;3
FR;1;2021-11-08;17876;32267;126004;224;25411;132637;51;0;0;40798651;36613434;3470267;5773;40116069;3396639;2020;0;3
FR;1;2021-11-09;19516;37639;159308;334;26183;169099;74;0;0;40818167;36651073;3629575;6107;40142252;3565738;2094;0;3
FR;1;2021-11-10;28886;49109;181907;440;39065;192526;89;0;0;40847053;36700182;3811482;6547;40181317;3758264;2183;0;3
FR;1;2021-11-11;4188;5947;12233;26;5115;13028;14;0;0;40851241;36706129;3823715;6573;40186432;3771292;2197;0;3
FR;1;2021-11-12;26021;46857;174822;244;35338;186498;86;0;0;40877262;36752986;3998537;6817;40221770;3957790;2283;0;3
FR;1;2021-11-13;18733;29152;76840;111;25391;81776;43;0;0;40895995;36782138;4075377;6928;40247161;4039566;2326;0;3
FR;1;2021-11-14;2048;3251;6823;5;2803;7354;6;0;0;40898043;36785389;4082200;6933;40249964;4046920;2332;0;3
FR;1;2021-11-15;18786;34772;156428;305;24685;166244;66;0;0;40916829;36820161;4238628;7238;40274649;4213164;2398;0;3
FR;1;2021-11-16;21360;37898;192125;380;23420;205018;106;0;1;40938189;36858059;4430753;7618;40298069;4418182;2504;0;4
FR;1;2021-11-17;28667;45591;193238;398;33074;205044;98;0;0;40966856;36903650;4623991;8016;40331143;4623226;2602;0;4
FR;1;2021-11-18;21141;39576;182511;458;25167;194580;92;0;0;40987997;36943226;4806502;8474;40356310;4817806;2694;0;4
FR;1;2021-11-19;30889;53355;230256;532;34872;246724;142;0;0;41018886;36996581;5036758;9006;40391182;5064530;2836;0;4
FR;1;2021-11-20;23765;33234;96992;201;26753;103635;48;0;0;41042651;37029815;5133750;9207;40417935;5168165;2884;0;4
FR;1;2021-11-21;2339;3920;9123;19;2957;9942;16;0;0;41044990;37033735;5142873;9226;40420892;5178107;2900;0;4
FR;1;2021-11-22;21421;30374;175912;466;16999;189449;78;0;0;41066411;37064109;5318785;9692;40437891;5367556;2978;0;4
FR;1;2021-11-23;24023;41019;221233;540;21380;237968;77;0;0;41090434;37105128;5540018;10232;40459271;5605524;3055;0;4
FR;1;2021-11-24;30297;49713;217371;701;32048;234546;66;0;0;41120731;37154841;5757389;10933;40491319;5840070;3121;0;4
FR;1;2021-11-25;23731;44077;244483;718;22144;264142;101;0;0;41144462;37198918;6001872;11651;40513463;6104212;3222;0;4
FR;1;2021-11-26;30623;66712;356817;836;33354;388573;152;0;0;41175085;37265630;6358689;12487;40546817;6492785;3374;0;4
FR;1;2021-11-27;21961;45334;202641;372;26239;222657;116;0;0;41197046;37310964;6561330;12859;40573056;6715442;3490;0;4
FR;1;2021-11-28;3179;9589;54792;63;3495;61016;37;0;0;41200225;37320553;6616122;12922;40576551;6776458;3527;0;4
FR;1;2021-11-29;17898;49501;326397;841;20862;354489;149;0;0;41218123;37370054;6942519;13763;40597413;7130947;3676;0;4
FR;1;2021-11-30;22785;64910;431152;952;23942;470775;260;0;0;41240908;37434964;7373671;14715;40621355;7601722;3936;0;4
FR;1;2021-12-01;25340;69230;442902;1131;28621;481765;270;0;0;41266248;37504194;7816573;15846;40649976;8083487;4206;0;4
FR;1;2021-12-02;20071;64506;489411;1228;18625;532928;271;0;0;41286319;37568700;8305984;17074;40668601;8616415;4477;0;4
FR;1;2021-12-03;22898;82472;542782;1309;30470;591772;306;0;0;41309217;37651172;8848766;18383;40699071;9208187;4783;0;4
FR;1;2021-12-04;16397;53913;299104;654;23323;328965;186;0;0;41325614;37705085;9147870;19037;40722394;9537152;4969;0;4
FR;1;2021-12-05;3634;13831;81532;143;4232;91050;84;0;0;41329248;37718916;9229402;19180;40726626;9628202;5053;0;4
FR;1;2021-12-06;25824;62569;415455;1066;22218;455180;354;0;0;41355072;37781485;9644857;20246;40748844;10083382;5407;0;4
FR;1;2021-12-07;19998;75579;522987;1535;24446;572594;372;0;0;41375070;37857064;10167844;21781;40773290;10655976;5779;0;4
FR;1;2021-12-08;21699;75685;458430;1544;30790;502122;378;0;0;41396769;37932749;10626274;23325;40804080;11158098;6157;0;4
FR;1;2021-12-09;19450;74045;492942;1625;24494;540895;396;0;0;41416219;38006794;11119216;24950;40828574;11698993;6553;0;4
FR;1;2021-12-10;23310;87681;547389;1585;32582;600027;388;0;1;41439529;38094475;11666605;26535;40861156;12299020;6941;0;5
FR;1;2021-12-11;16533;59184;302750;751;26049;335483;280;0;0;41456062;38153659;11969355;27286;40887205;12634503;7221;0;5
FR;1;2021-12-12;4376;15946;83221;179;5288;94053;96;0;0;41460438;38169605;12052576;27465;40892493;12728556;7317;0;5
FR;1;2021-12-13;15753;63580;366997;1094;24085;406280;234;0;0;41476191;38233185;12419573;28559;40916578;13134836;7551;0;5
FR;1;2021-12-14;20861;80286;464779;1746;28821;515231;503;0;1;41497052;38313471;12884352;30305;40945399;13650067;8054;0;6
FR;1;2021-12-15;21615;77467;409093;1309;33179;453167;311;0;1;41518667;38390938;13293445;31614;40978578;14103234;8365;0;7
FR;1;2021-12-16;20047;77271;451877;1577;28105;500642;323;0;0;41538714;38468209;13745322;33191;41006683;14603876;8688;0;7
FR;1;2021-12-17;22614;86574;479944;1736;34821;530984;371;0;0;41561328;38554783;14225266;34927;41041504;15134860;9059;0;7
FR;1;2021-12-18;17604;54665;257626;731;24772;288523;230;0;0;41578932;38609448;14482892;35658;41066276;15423383;9289;0;7
FR;1;2021-12-19;5552;17004;79183;194;5951;90707;116;0;0;41584484;38626452;14562075;35852;41072227;15514090;9405;0;7
FR;1;2021-12-20;20934;63105;316250;1081;26681;355313;282;0;0;41605418;38689557;14878325;36933;41098908;15869403;9687;0;7
FR;1;2021-12-21;26327;73062;372759;1423;30760;418086;335;0;0;41631745;38762619;15251084;38356;41129668;16287489;10022;0;7
FR;1;2021-12-22;24982;65858;310641;1217;29748;349601;362;0;1;41656727;38828477;15561725;39573;41159416;16637090;10384;0;8
FR;1;2021-12-23;21272;52248;241491;956;23475;273035;360;0;0;41677999;38880725;15803216;40529;41182891;16910125;10744;0;8
FR;1;2021-12-24;7127;18335;67157;258;9292;77066;154;0;1;41685126;38899060;15870373;40787;41192183;16987191;10898;0;9
FR;1;2021-12-25;508;2881;5588;15;1807;6538;55;0;0;41685634;38901941;15875961;40802;41193990;16993729;10953;0;9
FR;1;2021-12-26;2749;7580;26942;71;3498;31457;97;0;0;41688383;38909521;15902903;40873;41197488;17025186;11050;0;9
FR;1;2021-12-27;18309;53575;235117;705;25559;265779;364;0;0;41706692;38963096;16138020;41578;41223047;17290965;11414;0;9
FR;1;2021-12-28;23300;62011;292036;1026;27120;330208;595;0;1;41729992;39025107;16430056;42604;41250167;17621173;12009;0;10
FR;1;2021-12-29;22217;55510;255008;920;25367;288227;646;0;1;41752209;39080617;16685064;43524;41275534;17909400;12655;0;11
FR;1;2021-12-30;21241;46527;212164;858;22533;239634;717;0;0;41773450;39127144;16897228;44382;41298067;18149034;13372;0;11
FR;1;2021-12-31;7467;16576;61873;229;8754;70410;347;0;0;41780917;39143720;16959101;44611;41306821;18219444;13719;0;11
FR;1;2022-01-01;1157;2498;5660;30;1541;6579;72;0;0;41782074;39146218;16964761;44641;41308362;18226023;13791;0;11
FR;1;2022-01-02;3084;8078;28891;50;3674;33531;191;0;0;41785158;39154296;16993652;44691;41312036;18259554;13982;0;11
FR;1;2022-01-03;25214;54249;228241;789;27603;257709;958;0;1;41810372;39208545;17221893;45480;41339639;18517263;14940;0;12
FR;1;2022-01-04;26138;65077;299261;1238;29886;337285;1372;0;2;41836510;39273622;17521154;46718;41369525;18854548;16312;0;14
FR;1;2022-01-05;30516;64329;274883;1099;32594;310256;1263;0;0;41867026;39337951;17796037;47817;41402119;19164804;17575;0;14
FR;1;2022-01-06;26835;66247;306888;1399;29326;346548;1563;0;1;41893861;39404198;18102925;49216;41431445;19511352;19138;0;15
FR;1;2022-01-07;31563;75058;349835;1538;34462;393979;1823;0;1;41925424;39479256;18452760;50754;41465907;19905331;20961;0;16
FR;1;2022-01-08;23388;51395;222495;698;25612;251117;913;0;1;41948812;39530651;18675255;51452;41491519;20156448;21874;0;17
FR;1;2022-01-09;7090;17163;66025;163;8189;76143;335;0;0;41955902;39547814;18741280;51615;41499708;20232591;22209;0;17
FR;1;2022-01-10;21789;60689;236803;955;32991;267618;1258;0;1;41977691;39608503;18978083;52570;41532699;20500209;23467;0;18
FR;1;2022-01-11;26761;63506;282290;1277;31262;317825;1831;0;1;42004452;39672009;19260373;53847;41563961;20818034;25298;0;19
FR;1;2022-01-12;28953;62550;246261;1105;35118;278045;1681;0;3;42033405;39734559;19506634;54952;41599079;21096079;26979;0;22
FR;1;2022-01-13;24779;60226;262799;1253;30093;296125;1994;0;4;42058184;39794785;19769433;56205;41629172;21392204;28973;0;26
FR;1;2022-01-14;27967;66770;314010;1366;32188;351269;2474;0;1;42086151;39861555;20083443;57571;41661360;21743473;31447;0;27
FR;1;2022-01-15;19363;44451;199313;619;22494;223864;1362;0;1;42105514;39906006;20282756;58190;41683854;21967337;32809;0;28
FR;1;2022-01-16;5159;12990;51526;135;6040;59562;337;0;0;42110673;39918996;20334282;58325;41689894;22026899;33146;0;28
FR;1;2022-01-17;16867;39753;184826;781;20175;206829;1690;0;2;42127540;39958749;20519108;59106;41710069;22233728;34836;0;30
FR;1;2022-01-18;19452;46010;212425;1154;23013;237046;2456;0;1;42146992;40004759;20731533;60260;41733082;22470774;37292;0;31
FR;1;2022-01-19;20308;44009;176107;897;25514;197190;1974;0;4;42167300;40048768;20907640;61157;41758596;22667964;39266;0;35
FR;1;2022-01-20;16838;40618;183684;1138;20834;204745;2512;0;2;42184138;40089386;21091324;62295;41779430;22872709;41778;0;37
FR;1;2022-01-21;19915;47078;228958;1405;23939;253350;3108;0;1;42204053;40136464;21320282;63700;41803369;23126059;44886;0;38
FR;1;2022-01-22;13842;33366;144495;578;18456;161388;1405;0;2;42217895;40169830;21464777;64278;41821825;23287447;46291;0;40
FR;1;2022-01-23;3377;8774;33427;132;4580;38319;352;0;1;42221272;40178604;21498204;64410;41826405;23325766;46643;0;41
FR;1;2022-01-24;11805;33002;142216;710;17812;158258;2101;0;1;42233077;40211606;21640420;65120;41844217;23484024;48744;0;42
FR;1;2022-01-25;14213;38214;163406;1048;20306;181572;3177;0;1;42247290;40249820;21803826;66168;41864523;23665596;51921;0;43
FR;1;2022-01-26;14862;37711;150254;933;22642;166360;2518;0;1;42262152;40287531;21954080;67101;41887165;23831956;54439;0;44
FR;1;2022-01-27;12339;33312;143452;889;18500;158004;3226;0;3;42274491;40320843;22097532;67990;41905665;23989960;57665;0;47
FR;1;2022-01-28;16323;56970;198317;1143;32701;222410;4004;0;3;42290814;40377813;22295849;69133;41938366;24212370;61669;0;50
FR;1;2022-01-29;10268;35501;135206;525;19626;151548;1879;0;1;42301082;40413314;22431055;69658;41957992;24363918;63548;0;51
FR;1;2022-01-30;2485;9279;29681;86;4836;34459;435;0;1;42303567;40422593;22460736;69744;41962828;24398377;63983;0;52
FR;1;2022-01-31;8758;32503;104342;533;19494;117372;2341;0;3;42312325;40455096;22565078;70277;41982322;24515749;66324;0;55
FR;1;2022-02-01;10993;36492;127075;865;20655;141248;4337;0;1;42323318;40491588;22692153;71142;42002977;24656997;70661;0;56
FR;1;2022-02-02;12041;41615;130354;782;25282;145839;3780;0;9;42335359;40533203;22822507;71924;42028259;24802836;74441;0;65
FR;1;2022-02-03;9275;34058;117014;784;19108;130351;4299;0;4;42344634;40567261;22939521;72708;42047367;24933187;78740;0;69
FR;1;2022-02-04;11522;48443;172582;967;25719;192760;5497;0;5;42356156;40615704;23112103;73675;42073086;25125947;84237;0;74
FR;1;2022-02-05;7995;33945;117585;391;18180;133041;2429;0;3;42364151;40649649;23229688;74066;42091266;25258988;86666;0;77
FR;1;2022-02-06;1706;8003;22752;85;3875;26908;444;0;0;42365857;40657652;23252440;74151;42095141;25285896;87110;0;77
FR;1;2022-02-07;7335;35430;119100;459;18197;134975;3399;0;4;42373192;40693082;23371540;74610;42113338;25420871;90509;0;81
FR;1;2022-02-08;7760;31952;125655;693;14885;140643;4300;0;5;42380952;40725034;23497195;75303;42128223;25561514;94809;0;86
FR;1;2022-02-09;8652;36518;135253;699;17919;152497;3881;0;7;42389604;40761552;23632448;76002;42146142;25714011;98690;0;93
FR;1;2022-02-10;7021;30097;116375;674;13860;130163;4443;0;1;42396625;40791649;23748823;76676;42160002;25844174;103133;0;94
FR;1;2022-02-11;8655;41545;165135;878;18360;185359;5430;0;3;42405280;40833194;23913958;77554;42178362;26029533;108563;0;97
FR;1;2022-02-12;5340;27605;106703;379;12528;120888;2395;0;2;42410620;40860799;24020661;77933;42190890;26150421;110958;0;99
FR;1;2022-02-13;1259;5718;21717;66;2187;25333;402;0;3;42411879;40866517;24042378;77999;42193077;26175754;111360;0;102
FR;1;2022-02-14;5456;27220;118085;394;10635;133112;3384;0;4;42417335;40893737;24160463;78393;42203712;26308866;114744;0;106
FR;1;2022-02-15;5790;28858;118924;611;12206;132556;4882;0;1;42423125;40922595;24279387;79004;42215918;26441422;119626;0;107
FR;1;2022-02-16;5756;28482;110420;596;13744;123051;4152;0;3;42428881;40951077;24389807;79600;42229662;26564473;123778;0;110
FR;1;2022-02-17;4613;19732;73142;487;10119;80248;3995;0;3;42433494;40970809;24462949;80087;42239781;26644721;127773;0;113
FR;1;2022-02-18;5605;26787;99202;672;14159;108162;5518;0;2;42439099;40997596;24562151;80759;42253940;26752883;133291;0;115
FR;1;2022-02-19;3549;17177;59478;304;9568;66059;2266;0;0;42442648;41014773;24621629;81063;42263508;26818942;135557;0;115
FR;1;2022-02-20;790;3256;10705;36;1649;12332;360;0;1;42443438;41018029;24632334;81099;42265157;26831274;135917;0;116
FR;1;2022-02-21;3426;14589;52828;286;7911;57675;3126;0;2;42446864;41032618;24685162;81385;42273068;26888949;139043;0;118
FR;1;2022-02-22;3796;15539;51914;500;9035;55652;4069;0;1;42450660;41048157;24737076;81885;42282103;26944601;143112;0;119
FR;1;2022-02-23;4232;17821;57471;508;10741;62571;3568;0;3;42454892;41065978;24794547;82393;42292844;27007172;146680;0;122
FR;1;2022-02-24;3342;13113;43613;436;7806;46401;3660;0;2;42458234;41079091;24838160;82829;42300650;27053573;150340;0;124
FR;1;2022-02-25;4473;19908;64922;696;12027;68793;5767;0;4;42462707;41098999;24903082;83525;42312677;27122366;156107;0;128
FR;1;2022-02-26;2693;12801;41369;310;7648;45122;2494;0;2;42465400;41111800;24944451;83835;42320325;27167488;158601;0;130
FR;1;2022-02-27;644;2190;7127;42;1206;7992;431;0;0;42466044;41113990;24951578;83877;42321531;27175480;159032;0;130
FR;1;2022-02-28;2612;10490;34958;306;6072;37384;3124;0;0;42468656;41124480;24986536;84183;42327603;27212864;162156;0;130
FR;1;2022-03-01;3579;10752;38701;391;6357;39657;4547;0;4;42472235;41135232;25025237;84574;42333960;27252521;166703;0;134
FR;1;2022-03-02;3674;12182;41857;397;7448;43928;4108;0;1;42475909;41147414;25067094;84971;42341408;27296449;170811;0;135
FR;1;2022-03-03;2455;7980;26178;326;5236;26516;3377;0;1;42478364;41155394;25093272;85297;42346644;27322965;174188;0;136
FR;1;2022-03-04;2684;10473;35434;592;6903;34929;5276;0;3;42481048;41165867;25128706;85889;42353547;27357894;179464;0;139
FR;1;2022-03-05;1820;6360;21966;280;4201;22363;2570;0;1;42482868;41172227;25150672;86169;42357748;27380257;182034;0;140
FR;1;2022-03-06;358;955;2917;38;601;3120;327;0;0;42483226;41173182;25153589;86207;42358349;27383377;182361;0;140
FR;1;2022-03-07;1762;4716;16437;245;3040;15903;2831;0;4;42484988;41177898;25170026;86452;42361389;27399280;185192;0;144
FR;1;2022-03-08;1706;5255;17167;309;3667;15995;3471;0;3;42486694;41183153;25187193;86761;42365056;27415275;188663;0;147
FR;1;2022-03-09;1987;6676;19807;370;4751;19167;3420;0;4;42488681;41189829;25207000;87131;42369807;27434442;192083;0;151
FR;1;2022-03-10;1406;4999;15285;308;3650;14325;2942;0;2;42490087;41194828;25222285;87439;42373457;27448767;195025;0;153
FR;1;2022-03-11;1753;6405;21707;484;4438;19862;4734;0;1;42491840;41201233;25243992;87923;42377895;27468629;199759;0;154
FR;1;2022-03-12;1246;4651;15361;280;3094;14911;2684;0;2;42493086;41205884;25259353;88203;42380989;27483540;202443;0;156
FR;1;2022-03-13;253;612;2120;119;412;2066;468;0;0;42493339;41206496;25261473;88322;42381401;27485606;202911;0;156
FR;1;2022-03-14;1147;3677;13404;3879;2292;12526;6339;0;8;42494486;41210173;25274877;92201;42383693;27498132;209250;0;164
FR;1;2022-03-15;1402;5739;14655;6861;4322;13254;9840;0;8;42495888;41215912;25289532;99062;42388015;27511386;219090;0;172
FR;1;2022-03-16;1693;5081;17393;11518;3592;16456;14124;0;6;42497581;41220993;25306925;110580;42391607;27527842;233214;0;178
FR;1;2022-03-17;1171;3439;11726;9648;2362;10824;11729;0;8;42498752;41224432;25318651;120228;42393969;27538666;244943;0;186
FR;1;2022-03-18;1727;4928;17967;16504;3323;16406;19718;0;14;42500479;41229360;25336618;136732;42397292;27555072;264661;0;200
FR;1;2022-03-19;1126;3299;11890;8455;2275;11358;10138;0;6;42501605;41232659;25348508;145187;42399567;27566430;274799;0;206
FR;1;2022-03-20;224;559;1724;1014;361;1758;1224;0;2;42501829;41233218;25350232;146201;42399928;27568188;276023;0;208
FR;1;2022-03-21;1086;2764;11493;13460;1784;10842;15141;0;10;42502915;41235982;25361725;159661;42401712;27579030;291164;0;218
FR;1;2022-03-22;1239;3209;12257;18713;2150;11245;20616;0;5;42504154;41239191;25373982;178374;42403862;27590275;311780;0;223
FR;1;2022-03-23;1506;4354;16027;20112;2949;15711;21881;0;34;42505660;41243545;25390009;198486;42406811;27605986;333661;0;257
FR;1;2022-03-24;1116;2750;10398;16052;1909;9660;17556;0;15;42506776;41246295;25400407;214538;42408720;27615646;351217;0;272
FR;1;2022-03-25;1534;4359;16746;25300;2876;15398;27944;0;23;42508310;41250654;25417153;239838;42411596;27631044;379161;0;295
FR;1;2022-03-26;1108;3012;10855;11450;2061;10516;12862;0;20;42509418;41253666;25428008;251288;42413657;27641560;392023;0;315
FR;1;2022-03-27;233;546;1751;1381;333;1804;1592;0;1;42509651;41254212;25429759;252669;42413990;27643364;393615;0;316
FR;1;2022-03-28;1082;2482;9975;15885;1549;9598;17228;0;10;42510733;41256694;25439734;268554;42415539;27652962;410843;0;326
FR;1;2022-03-29;1142;2740;11554;25103;1589;10922;26498;0;30;42511875;41259434;25451288;293657;42417128;27663884;437341;0;356
FR;1;2022-03-30;1630;3593;14169;24213;2366;13700;25888;0;19;42513505;41263027;25465457;317870;42419494;27677584;463229;0;375
FR;1;2022-03-31;1279;3011;11692;22668;2037;11199;23995;0;40;42514784;41266038;25477149;340538;42421531;27688783;487224;0;415
FR;1;2022-04-01;2231;4020;18482;28528;2474;17351;30801;0;52;42517015;41270058;25495631;369066;42424005;27706134;518025;0;467
FR;1;2022-04-02;909;1886;8190;9226;1104;7939;10228;0;28;42517924;41271944;25503821;378292;42425109;27714073;528253;0;495
FR;1;2022-04-03;203;379;1432;1057;217;1433;1248;0;1;42518127;41272323;25505253;379349;42425326;27715506;529501;0;496
FR;1;2022-04-04;2220;2468;11367;17674;1548;10756;18896;0;30;42520347;41274791;25516620;397023;42426874;27726262;548397;0;526
FR;1;2022-04-05;2037;2707;12999;31198;1693;12022;32581;0;67;42522384;41277498;25529619;428221;42428567;27738284;580978;0;593
FR;1;2022-04-06;1793;2997;12202;23923;1905;11632;25226;0;62;42524177;41280495;25541821;452144;42430472;27749916;606204;0;655
FR;1;2022-04-07;1426;2732;12349;31069;1632;11813;32146;0;68;42525603;41283227;25554170;483213;42432104;27761729;638350;0;723
FR;1;2022-04-08;1649;3628;17558;40611;2018;16468;42679;0;76;42527252;41286855;25571728;523824;42434122;27778197;681029;0;799
FR;1;2022-04-09;820;1996;8404;12499;1074;8102;13499;0;26;42528072;41288851;25580132;536323;42435196;27786299;694528;0;825
FR;1;2022-04-10;200;632;1834;1853;397;1878;2074;0;6;42528272;41289483;25581966;538176;42435593;27788177;696602;0;831
FR;1;2022-04-11;1073;2245;10964;22332;1294;10679;23440;0;68;42529345;41291728;25592930;560508;42436887;27798856;720042;0;899
FR;1;2022-04-12;1326;2642;12817;38116;1558;12305;38866;0;119;42530671;41294370;25605747;598624;42438445;27811161;758908;0;1018
FR;1;2022-04-13;1271;2876;12269;30616;1771;12001;31386;0;85;42531942;41297246;25618016;629240;42440216;27823162;790294;0;1103
FR;1;2022-04-14;1223;2558;12114;33616;1565;12123;34054;0;88;42533165;41299804;25630130;662856;42441781;27835285;824348;0;1191
FR;1;2022-04-15;1492;3177;14398;33260;2000;13799;34660;0;107;42534657;41302981;25644528;696116;42443781;27849084;859008;0;1298
FR;1;2022-04-16;658;1404;5843;7987;762;5768;8748;0;31;42535315;41304385;25650371;704103;42444543;27854852;867756;0;1329
FR;1;2022-04-17;155;288;929;1120;175;974;1170;0;7;42535470;41304673;25651300;705223;42444718;27855826;868926;0;1336
FR;1;2022-04-18;165;467;2634;1002;284;2658;1186;0;5;42535635;41305140;25653934;706225;42445002;27858484;870112;0;1341
FR;1;2022-04-19;1250;2590;11784;27928;1477;11514;28783;0;69;42536885;41307730;25665718;734153;42446479;27869998;898895;0;1410
FR;1;2022-04-20;1347;2637;12175;26854;1640;12016;27689;0;81;42538232;41310367;25677893;761007;42448119;27882014;926584;0;1491
FR;1;2022-04-21;1241;2459;11546;33229;1509;11755;33588;0;107;42539473;41312826;25689439;794236;42449628;27893769;960172;0;1598
FR;1;2022-04-22;1511;3079;15211;35494;1910;14790;36691;0;120;42540984;41315905;25704650;829730;42451538;27908559;996863;0;1718
FR;1;2022-04-23;760;1581;6732;9891;916;6638;10575;0;30;42541744;41317486;25711382;839621;42452454;27915197;1007438;0;1748
FR;1;2022-04-24;196;373;1373;1520;237;1328;1743;0;7;42541940;41317859;25712755;841141;42452691;27916525;1009181;0;1755
FR;1;2022-04-25;1036;2130;9852;19727;1251;9755;20548;0;64;42542976;41319989;25722607;860868;42453942;27926280;1029729;0;1819
FR;1;2022-04-26;1348;2621;12599;36564;1601;12201;37149;0;163;42544324;41322610;25735206;897432;42455543;27938481;1066878;0;1982
FR;1;2022-04-27;1328;2404;10650;29200;1459;10785;29588;0;122;42545652;41325014;25745856;926632;42457002;27949266;1096466;0;2104
FR;1;2022-04-28;1280;2404;11559;34266;1511;11401;34415;0;127;42546932;41327418;25757415;960898;42458513;27960667;1130881;0;2231
FR;1;2022-04-29;1611;4266;14397;35523;3141;13849;36811;0;153;42548543;41331684;25771812;996421;42461654;27974516;1167692;0;2384
FR;1;2022-04-30;831;1988;6445;9169;1418;6287;9970;0;35;42549374;41333672;25778257;1005590;42463072;27980803;1177662;0;2419
FR;1;2022-05-01;177;286;830;948;189;823;1077;0;5;42549551;41333958;25779087;1006538;42463261;27981626;1178739;0;2424
FR;1;2022-05-02;1700;2596;10374;16932;1751;10298;17614;0;64;42551251;41336554;25789461;1023470;42465012;27991924;1196353;0;2488
FR;1;2022-05-03;1583;2869;12702;32886;1755;12594;33686;0;149;42552834;41339423;25802163;1056356;42466767;28004518;1230039;0;2637
FR;1;2022-05-04;1365;2736;11229;23800;1682;11389;24338;0;96;42554199;41342159;25813392;1080156;42468449;28015907;1254377;0;2733
FR;1;2022-05-05;1474;2654;12181;31840;1641;12106;32388;0;169;42555673;41344813;25825573;1111996;42470090;28028013;1286765;0;2902
FR;1;2022-05-06;1814;3229;14232;34913;1907;13814;36176;0;166;42557487;41348042;25839805;1146909;42471997;28041827;1322941;0;3068
FR;1;2022-05-07;854;1470;5976;9093;876;6010;9727;0;44;42558341;41349512;25845781;1156002;42472873;28047837;1332668;0;3112
FR;1;2022-05-08;190;328;1059;1471;221;1121;1547;0;8;42558531;41349840;25846840;1157473;42473094;28048958;1334215;0;3120
FR;1;2022-05-09;1129;2011;9246;19259;1152;9160;20032;0;93;42559660;41351851;25856086;1176732;42474246;28058118;1354247;0;3213
FR;1;2022-05-10;1480;2946;12616;37120;1855;12214;38019;0;177;42561140;41354797;25868702;1213852;42476101;28070332;1392266;0;3390
FR;1;2022-05-11;1432;2466;9907;26019;1685;9852;26541;0;141;42562572;41357263;25878609;1239871;42477786;28080184;1418807;0;3531
FR;1;2022-05-12;1318;2423;10515;33582;1515;10217;34225;0;188;42563890;41359686;25889124;1273453;42479301;28090401;1453032;0;3719
FR;1;2022-05-13;1608;2801;12760;35742;1679;12407;36837;0;149;42565498;41362487;25901884;1309195;42480980;28102808;1489869;0;3868
FR;1;2022-05-14;781;1319;5480;10213;806;5364;10728;0;51;42566279;41363806;25907364;1319408;42481786;28108172;1500597;0;3919
FR;1;2022-05-15;220;416;1182;1350;241;1252;1495;0;5;42566499;41364222;25908546;1320758;42482027;28109424;1502092;0;3924
FR;1;2022-05-16;969;1775;8071;20105;995;8126;20527;0;117;42567468;41365997;25916617;1340863;42483022;28117550;1522619;0;4041
FR;1;2022-05-17;1291;2293;11116;36176;1377;10723;36958;0;172;42568759;41368290;25927733;1377039;42484399;28128273;1559577;0;4213
FR;1;2022-05-18;1307;2130;9035;25716;1362;8986;26274;0;99;42570066;41370420;25936768;1402755;42485761;28137259;1585851;0;4312
FR;1;2022-05-19;1198;2393;9850;33988;1402;9945;34189;0;150;42571264;41372813;25946618;1436743;42487163;28147204;1620040;0;4462
FR;1;2022-05-20;1561;2751;12525;37640;1714;12108;38499;0;151;42572825;41375564;25959143;1474383;42488877;28159312;1658539;0;4613
FR;1;2022-05-21;774;1374;5246;9374;865;5164;9943;0;37;42573599;41376938;25964389;1483757;42489742;28164476;1668482;0;4650
FR;1;2022-05-22;191;292;950;1395;203;951;1517;0;10;42573790;41377230;25965339;1485152;42489945;28165427;1669999;0;4660
FR;1;2022-05-23;967;1881;8368;19406;1167;8344;20022;0;79;42574757;41379111;25973707;1504558;42491112;28173771;1690021;0;4739
FR;1;2022-05-24;1284;2444;10719;37243;1432;10587;37818;0;173;42576041;41381555;25984426;1541801;42492544;28184358;1727839;0;4912
FR;1;2022-05-25;1271;2295;8791;23686;1422;8953;24049;0;111;42577312;41383850;25993217;1565487;42493966;28193311;1751888;0;5023
FR;1;2022-05-26;169;376;1580;1154;253;1575;1283;0;27;42577481;41384226;25994797;1566641;42494219;28194886;1753171;0;5050
FR;1;2022-05-27;1112;2181;8782;20452;1365;8532;21403;0;84;42578593;41386407;26003579;1587093;42495584;28203418;1774574;0;5134
FR;1;2022-05-28;486;1050;3688;6538;617;3726;6926;0;37;42579079;41387457;26007267;1593631;42496201;28207144;1781500;0;5171
FR;1;2022-05-29;121;257;706;893;149;717;1002;0;4;42579200;41387714;26007973;1594524;42496350;28207861;1782502;0;5175
FR;1;2022-05-30;830;1728;6558;18534;1031;6590;18988;0;85;42580030;41389442;26014531;1613058;42497381;28214451;1801490;0;5260
FR;1;2022-05-31;1267;2216;9241;34367;1351;9110;34967;0;159;42581297;41391658;26023772;1647425;42498732;28223561;1836457;0;5419
FR;1;2022-06-01;1309;2593;10429;23447;1738;10291;24294;0;115;42582606;41394251;26034201;1670872;42500470;28233852;1860751;0;5534
FR;1;2022-06-02;1223;2303;10664;34134;1441;10242;34969;0;161;42583829;41396554;26044865;1705006;42501911;28244094;1895720;0;5695
FR;1;2022-06-03;1443;2731;12700;37096;1722;12120;38273;0;157;42585272;41399285;26057565;1742102;42503633;28256214;1933993;0;5852
FR;1;2022-06-04;681;1261;4746;8676;758;4822;9166;0;62;42585953;41400546;26062311;1750778;42504391;28261036;1943159;0;5914
FR;1;2022-06-05;130;290;810;1048;150;832;1153;0;3;42586083;41400836;26063121;1751826;42504541;28261868;1944312;0;5917
FR;1;2022-06-06;433;1127;2021;1195;953;2035;1370;0;9;42586516;41401963;26065142;1753021;42505494;28263903;1945682;0;5926
FR;1;2022-06-07;1156;2323;9178;34039;1418;8839;35137;0;143;42587672;41404286;26074320;1787060;42506912;28272742;1980819;0;6069
FR;1;2022-06-08;1112;2238;8669;27542;1404;8549;28415;0;107;42588784;41406524;26082989;1814602;42508316;28281291;2009234;0;6176
FR;1;2022-06-09;1066;2144;9980;37553;1276;9665;38319;0;148;42589850;41408668;26092969;1852155;42509592;28290956;2047553;0;6324
FR;1;2022-06-10;1335;2651;12394;43098;1615;11970;44341;0;201;42591185;41411319;26105363;1895253;42511207;28302926;2091894;0;6525
FR;1;2022-06-11;657;1449;5138;11080;794;5186;11610;0;49;42591842;41412768;26110501;1906333;42512001;28308112;2103504;0;6574
FR;1;2022-06-12;152;373;1013;1683;186;1069;1785;0;11;42591994;41413141;26111514;1908016;42512187;28309181;2105289;0;6585
FR;1;2022-06-13;910;1828;7006;22223;1122;6863;23063;0;84;42592904;41414969;26118520;1930239;42513309;28316044;2128352;0;6669
FR;1;2022-06-14;1085;2199;9839;42838;1278;9242;43930;0;186;42593989;41417168;26128359;1973077;42514587;28325286;2172282;0;6855
FR;1;2022-06-15;1076;1992;8782;29365;1346;8460;29921;0;168;42595065;41419160;26137141;2002442;42515933;28333746;2202203;0;7023
FR;1;2022-06-16;950;1830;9395;38493;1048;8875;39399;0;188;42596015;41420990;26146536;2040935;42516981;28342621;2241602;0;7211
FR;1;2022-06-17;1220;2551;11874;44788;1461;11357;45916;0;223;42597235;41423541;26158410;2085723;42518442;28353978;2287518;0;7434
FR;1;2022-06-18;560;1273;4316;10543;714;4254;11085;0;62;42597795;41424814;26162726;2096266;42519156;28358232;2298603;0;7496
FR;1;2022-06-19;137;325;1002;1543;173;1081;1609;0;12;42597932;41425139;26163728;2097809;42519329;28359313;2300212;0;7508
FR;1;2022-06-20;857;1701;8489;25038;999;8151;25902;0;143;42598789;41426840;26172217;2122847;42520328;28367464;2326114;0;7651
FR;1;2022-06-21;1101;2133;9760;47749;1248;8850;49097;0;241;42599890;41428973;26181977;2170596;42521576;28376314;2375211;0;7892
FR;1;2022-06-22;1034;2053;8433;37141;1280;7950;38004;0;231;42600924;41431026;26190410;2207737;42522856;28384264;2413215;0;8123
FR;1;2022-06-23;1051;2168;10119;52785;1197;9404;53792;0;290;42601975;41433194;26200529;2260522;42524053;28393668;2467007;0;8413
FR;1;2022-06-24;1248;2705;12913;65949;1472;11696;67622;0;367;42603223;41435899;26213442;2326471;42525525;28405364;2534629;0;8780
FR;1;2022-06-25;684;1502;5925;18916;789;5708;19713;0;162;42603907;41437401;26219367;2345387;42526314;28411072;2554342;0;8942
FR;1;2022-06-26;167;407;1818;3494;192;1713;3731;0;34;42604074;41437808;26221185;2348881;42526506;28412785;2558073;0;8976
FR;1;2022-06-27;939;1766;9902;45969;935;9126;47104;0;300;42605013;41439574;26231087;2394850;42527441;28421911;2605177;0;9276
FR;1;2022-06-28;1206;2568;13833;86528;1372;12397;88213;0;569;42606219;41442142;26244920;2481378;42528813;28434308;2693390;0;9845
FR;1;2022-06-29;1237;2287;11480;67381;1251;10546;68428;0;487;42607456;41444429;26256400;2548759;42530064;28444854;2761818;0;10332
FR;1;2022-06-30;1277;2452;13513;89952;1399;11820;91751;0;645;42608733;41446881;26269913;2638711;42531463;28456674;2853569;0;10977
FR;1;2022-07-01;1633;3469;20299;109185;1982;17958;111575;0;859;42610366;41450350;26290212;2747896;42533445;28474632;2965144;0;11836
FR;1;2022-07-02;765;1523;8019;33770;743;7250;34795;0;315;42611131;41451873;26298231;2781666;42534188;28481882;2999939;0;12151
FR;1;2022-07-03;226;479;1940;6115;254;1755;6442;0;70;42611357;41452352;26300171;2787781;42534442;28483637;3006381;0;12221
FR;1;2022-07-04;1366;2938;13916;75393;1818;12337;77285;0;589;42612723;41455290;26314087;2863174;42536260;28495974;3083666;0;12810
FR;1;2022-07-05;1420;2806;17681;126337;1460;15133;128452;0;1058;42614143;41458096;26331768;2989511;42537720;28511107;3212118;0;13868
FR;1;2022-07-06;1350;2385;14880;93704;1362;12900;95140;0;815;42615493;41460481;26346648;3083215;42539082;28524007;3307258;0;14683
FR;1;2022-07-07;1438;2532;16924;119470;1397;13993;121566;0;1075;42616931;41463013;26363572;3202685;42540479;28538000;3428824;0;15758
FR;1;2022-07-08;1527;2813;19604;129983;1524;15965;132792;0;1219;42618458;41465826;26383176;3332668;42542003;28553965;3561616;0;16977
FR;1;2022-07-09;660;1272;7301;36014;686;6344;36802;0;392;42619118;41467098;26390477;3368682;42542689;28560309;3598418;0;17369
FR;1;2022-07-10;237;495;2239;6687;249;2032;7065;0;89;42619355;41467593;26392716;3375369;42542938;28562341;3605483;0;17458
FR;1;2022-07-11;1212;2217;14314;84429;1153;11929;86544;0;734;42620567;41469810;26407030;3459798;42544091;28574270;3692027;0;18192
FR;1;2022-07-12;1553;2776;19452;137386;1409;15888;139873;0;1485;42622120;41472586;26426482;3597184;42545500;28590158;3831900;0;19677
FR;1;2022-07-13;1410;2411;14780;89818;1292;12626;91505;0;1002;42623530;41474997;26441262;3687002;42546792;28602784;3923405;0;20679
FR;1;2022-07-14;160;346;1862;5285;191;1771;5432;0;74;42623690;41475343;26443124;3692287;42546983;28604555;3928837;0;20753
FR;1;2022-07-15;1256;2295;14359;80575;1177;12001;82579;0;959;42624946;41477638;26457483;3772862;42548160;28616556;4011416;0;21712
FR;1;2022-07-16;505;1047;5637;23943;539;4891;24583;0;302;42625451;41478685;26463120;3796805;42548699;28621447;4035999;0;22014
FR;1;2022-07-17;158;363;1655;4460;188;1498;4723;0;60;42625609;41479048;26464775;3801265;42548887;28622945;4040722;0;22074
FR;1;2022-07-18;973;2026;11293;59267;1135;9563;60991;0;714;42626582;41481074;26476068;3860532;42550022;28632508;4101713;0;22788
FR;1;2022-07-19;1228;2118;14687;99392;1180;11720;101392;0;1368;42627810;41483192;26490755;3959924;42551202;28644228;4203105;0;24156
FR;1;2022-07-20;1175;1990;12359;74341;1156;10272;75825;0;964;42628985;41485182;26503114;4034265;42552358;28654500;4278930;0;25120
FR;1;2022-07-21;1129;1944;12405;84526;1173;9985;85887;0;1210;42630114;41487126;26515519;4118791;42553531;28664485;4364817;0;26330
FR;1;2022-07-22;1238;2203;14080;85870;1225;11404;87608;0;1264;42631352;41489329;26529599;4204661;42554756;28675889;4452425;0;27594
FR;1;2022-07-23;533;1084;5231;21292;624;4605;21835;0;374;42631885;41490413;26534830;4225953;42555380;28680494;4474260;0;27968
FR;1;2022-07-24;147;303;1325;3695;148;1165;3921;0;65;42632032;41490716;26536155;4229648;42555528;28681659;4478181;0;28033
FR;1;2022-07-25;884;1622;9068;46104;973;7514;47479;0;679;42632916;41492338;26545223;4275752;42556501;28689173;4525660;0;28712
FR;1;2022-07-26;1123;1955;12673;81940;1109;10330;83554;0;1197;42634039;41494293;26557896;4357692;42557610;28699503;4609214;0;29909
FR;1;2022-07-27;1013;1721;9748;58428;1034;8120;59617;0;872;42635052;41496014;26567644;4416120;42558644;28707623;4668831;0;30781
FR;1;2022-07-28;979;1701;9849;61883;1104;7842;63113;0;967;42636031;41497715;26577493;4478003;42559748;28715465;4731944;0;31748
FR;1;2022-07-29;1111;1810;10439;62905;1133;8367;64217;0;1066;42637142;41499525;26587932;4540908;42560881;28723832;4796161;0;32814
FR;1;2022-07-30;391;714;3344;14485;428;2846;14843;0;279;42637533;41500239;26591276;4555393;42561309;28726678;4811004;0;33093
FR;1;2022-07-31;138;263;900;2333;158;766;2476;0;47;42637671;41500502;26592176;4557726;42561467;28727444;4813480;0;33140
FR;1;2022-08-01;719;1323;7240;28957;941;6098;29950;0;517;42638390;41501825;26599416;4586683;42562408;28733542;4843430;0;33657
FR;1;2022-08-02;896;1467;8221;54018;976;6619;54664;0;1090;42639286;41503292;26607637;4640701;42563384;28740161;4898094;0;34747
FR;1;2022-08-03;720;1091;6135;37028;734;4918;37755;0;645;42640006;41504383;26613772;4677729;42564118;28745079;4935849;0;35392
FR;1;2022-08-04;640;1073;6254;41425;690;5045;41982;0;849;42640646;41505456;26620026;4719154;42564808;28750124;4977831;0;36241
FR;1;2022-08-05;736;1189;6754;43039;797;5417;43676;0;933;42641382;41506645;26626780;4762193;42565605;28755541;5021507;0;37174
FR;1;2022-08-06;274;460;1990;8998;300;1671;9190;0;216;42641656;41507105;26628770;4771191;42565905;28757212;5030697;0;37390
FR;1;2022-08-07;88;143;520;1552;99;436;1629;0;35;42641744;41507248;26629290;4772743;42566004;28757648;5032326;0;37425
FR;1;2022-08-08;488;878;3791;21211;636;3120;21617;0;457;42642232;41508126;26633081;4793954;42566640;28760768;5053943;0;37882
FR;1;2022-08-09;606;1023;5674;38450;715;4547;38944;0;793;42642838;41509149;26638755;4832404;42567355;28765315;5092887;0;38675
FR;1;2022-08-10;530;1004;4432;26894;705;3628;27213;0;599;42643368;41510153;26643187;4859298;42568060;28768943;5120100;0;39274
FR;1;2022-08-11;538;910;4301;28185;623;3574;28513;0;635;42643906;41511063;26647488;4887483;42568683;28772517;5148613;0;39909
FR;1;2022-08-12;588;1019;4546;27156;693;3754;27567;0;666;42644494;41512082;26652034;4914639;42569376;28776271;5176180;0;40575
FR;1;2022-08-13;176;349;1247;5104;243;1062;5275;0;116;42644670;41512431;26653281;4919743;42569619;28777333;5181455;0;40691
FR;1;2022-08-14;64;114;275;871;96;234;941;0;24;42644734;41512545;26653556;4920614;42569715;28777567;5182396;0;40715
FR;1;2022-08-15;76;163;567;540;132;528;591;0;16;42644810;41512708;26654123;4921154;42569847;28778095;5182987;0;40731
FR;1;2022-08-16;522;927;3782;21483;686;3211;21684;0;583;42645332;41513635;26657905;4942637;42570533;28781306;5204671;0;41314
FR;1;2022-08-17;525;885;3763;22109;651;3189;22353;0;578;42645857;41514520;26661668;4964746;42571184;28784495;5227024;0;41892
FR;1;2022-08-18;539;874;3903;25428;676;3106;25645;0;630;42646396;41515394;26665571;4990174;42571860;28787601;5252669;0;42522
FR;1;2022-08-19;533;1034;4357;26509;733;3591;26815;0;732;42646929;41516428;26669928;5016683;42572593;28791192;5279484;0;43254
FR;1;2022-08-20;231;408;1286;5369;309;1102;5523;0;137;42647160;41516836;26671214;5022052;42572902;28792294;5285007;0;43391
FR;1;2022-08-21;81;110;281;989;75;249;1010;0;27;42647241;41516946;26671495;5023041;42572977;28792543;5286017;0;43418
FR;1;2022-08-22;471;874;3139;14942;643;2709;15219;0;412;42647712;41517820;26674634;5037983;42573620;28795252;5301236;0;43830
FR;1;2022-08-23;635;1055;4148;28310;740;3483;28387;0;830;42648347;41518875;26678782;5066293;42574360;28798735;5329623;0;44660
FR;1;2022-08-24;556;827;3396;19058;645;2766;19242;0;587;42648903;41519702;26682178;5085351;42575005;28801501;5348865;0;45247
FR;1;2022-08-25;560;920;3816;22911;641;3199;23141;0;654;42649463;41520622;26685994;5108262;42575646;28804700;5372006;0;45901
FR;1;2022-08-26;745;1121;4344;25150;795;3560;25526;0;745;42650208;41521743;26690338;5133412;42576441;28808260;5397532;0;46646
FR;1;2022-08-27;216;427;1322;5303;271;1190;5357;0;192;42650424;41522170;26691660;5138715;42576712;28809450;5402889;0;46838
FR;1;2022-08-28;111;145;298;898;104;280;947;0;33;42650535;41522315;26691958;5139613;42576816;28809730;5403836;0;46871
FR;1;2022-08-29;502;853;2972;14225;632;2511;14545;0;408;42651037;41523168;26694930;5153838;42577448;28812241;5418381;0;47279
FR;1;2022-08-30;736;1093;4617;27693;771;3771;28012;0;792;42651773;41524261;26699547;5181531;42578219;28816012;5446393;0;48071
FR;1;2022-08-31;578;823;3099;17221;599;2609;17483;0;482;42652351;41525084;26702646;5198752;42578818;28818621;5463876;0;48553
FR;1;2022-09-01;666;907;4320;21855;636;3677;22116;0;586;42653017;41525991;26706966;5220607;42579454;28822298;5485992;0;49139
FR;1;2022-09-02;768;1040;4877;27860;733;4074;28146;0;882;42653785;41527031;26711843;5248467;42580187;28826372;5514138;0;50021
FR;1;2022-09-03;316;497;1829;5869;336;1586;6102;0;174;42654101;41527528;26713672;5254336;42580523;28827958;5520240;0;50195
FR;1;2022-09-04;106;136;341;842;73;334;912;0;21;42654207;41527664;26714013;5255178;42580596;28828292;5521152;0;50216
FR;1;2022-09-05;568;646;3002;15682;470;2506;15965;0;499;42654775;41528310;26717015;5270860;42581066;28830798;5537117;0;50715
FR;1;2022-09-06;719;924;4555;31045;573;3694;31268;0;1001;42655494;41529234;26721570;5301905;42581639;28834492;5568385;0;51716
FR;1;2022-09-07;536;682;2916;16438;440;2418;16575;0;550;42656030;41529916;26724486;5318343;42582079;28836910;5584960;0;52266
FR;1;2022-09-08;566;782;3690;24198;525;3032;24276;0;796;42656596;41530698;26728176;5342541;42582604;28839942;5609236;0;53062
FR;1;2022-09-09;763;962;4288;26830;599;3575;27013;0;902;42657359;41531660;26732464;5369371;42583203;28843517;5636249;0;53964
FR;1;2022-09-10;326;460;1670;5585;290;1471;5775;0;203;42657685;41532120;26734134;5374956;42583493;28844988;5642024;0;54167
FR;1;2022-09-11;105;118;309;645;80;290;701;0;17;42657790;41532238;26734443;5375601;42583573;28845278;5642725;0;54184
FR;1;2022-09-12;447;571;2606;12930;395;2224;13209;0;461;42658237;41532809;26737049;5388531;42583968;28847502;5655934;0;54645
FR;1;2022-09-13;576;787;3853;25742;492;3330;25654;0;832;42658813;41533596;26740902;5414273;42584460;28850832;5681588;0;55477
FR;1;2022-09-14;568;691;2861;15688;476;2391;15923;0;537;42659381;41534287;26743763;5429961;42584936;28853223;5697511;0;56014
FR;1;2022-09-15;508;701;3325;23022;472;2803;23114;0;676;42659889;41534988;26747088;5452983;42585408;28856026;5720625;0;56690
FR;1;2022-09-16;713;924;4008;25314;607;3375;25517;0;890;42660602;41535912;26751096;5478297;42586015;28859401;5746142;0;57580
FR;1;2022-09-17;292;402;1390;5975;273;1214;6083;0;227;42660894;41536314;26752486;5484272;42586288;28860615;5752225;0;57807
FR;1;2022-09-18;97;120;310;922;96;278;978;0;33;42660991;41536434;26752796;5485194;42586384;28860893;5753203;0;57840
FR;1;2022-09-19;364;558;2131;12833;359;1827;12987;0;413;42661355;41536992;26754927;5498027;42586743;28862720;5766190;0;58253
FR;1;2022-09-20;553;796;3654;25781;543;3052;25822;0;852;42661908;41537788;26758581;5523808;42587286;28865772;5792012;0;59105
FR;1;2022-09-21;469;677;2623;15861;478;2251;15826;0;560;42662377;41538465;26761204;5539669;42587764;28868023;5807838;0;59665
FR;1;2022-09-22;532;742;3269;22922;483;2667;23111;0;738;42662909;41539207;26764473;5562591;42588247;28870690;5830949;0;60403
FR;1;2022-09-23;753;925;4346;28126;654;3626;28295;0;978;42663662;41540132;26768819;5590717;42588901;28874316;5859244;0;61381
FR;1;2022-09-24;352;532;1581;6690;373;1363;6864;0;299;42664014;41540664;26770400;5597407;42589274;28875679;5866108;0;61680
FR;1;2022-09-25;80;149;321;1071;102;293;1109;0;32;42664094;41540813;26770721;5598478;42589376;28875972;5867217;0;61712
FR;1;2022-09-26;379;631;2169;13027;409;1922;13124;0;408;42664473;41541444;26772890;5611505;42589785;28877894;5880341;0;62120
FR;1;2022-09-27;538;753;3456;25015;527;2791;25211;0;906;42665011;41542197;26776346;5636520;42590312;28880685;5905552;0;63026
FR;1;2022-09-28;514;707;2439;14951;494;2206;15042;0;597;42665525;41542904;26778785;5651471;42590806;28882891;5920594;0;63623
FR;1;2022-09-29;501;686;2974;20328;476;2498;20341;0;767;42666026;41543590;26781759;5671799;42591282;28885389;5940935;0;64390
FR;1;2022-09-30;675;961;3769;24402;661;3152;24651;0;966;42666701;41544551;26785528;5696201;42591943;28888541;5965586;0;65356
FR;1;2022-10-01;335;538;1865;5498;374;1623;5723;0;272;42667036;41545089;26787393;5701699;42592317;28890164;5971309;0;65628
FR;1;2022-10-02;51;115;203;567;78;202;588;0;29;42667087;41545204;26787596;5702266;42592395;28890366;5971897;0;65657
FR;1;2022-10-03;406;635;2173;10000;477;1921;10180;0;487;42667493;41545839;26789769;5712266;42592872;28892287;5982077;0;66144
FR;1;2022-10-04;541;673;2914;18915;445;2459;19005;0;1080;42668034;41546512;26792683;5731181;42593317;28894746;6001082;0;67224
FR;1;2022-10-05;425;678;2077;11089;449;1851;11222;0;721;42668459;41547190;26794760;5742270;42593766;28896597;6012304;0;67945
FR;1;2022-10-06;439;597;2487;15760;420;2052;15944;0;1060;42668898;41547787;26797247;5758030;42594186;28898649;6028248;0;69005
FR;1;2022-10-07;544;734;2687;16053;533;2303;16078;0;1159;42669442;41548521;26799934;5774083;42594719;28900952;6044326;0;70164
FR;1;2022-10-08;232;304;884;3166;234;774;3269;0;291;42669674;41548825;26800818;5777249;42594953;28901726;6047595;0;70455
FR;1;2022-10-09;74;86;149;461;77;133;487;0;50;42669748;41548911;26800967;5777710;42595030;28901859;6048082;0;70505
FR;1;2022-10-10;294;433;1307;4983;342;1225;5077;0;462;42670042;41549344;26802274;5782693;42595372;28903084;6053159;0;70967
FR;1;2022-10-11;316;426;1301;8051;316;1176;8156;0;756;42670358;41549770;26803575;5790744;42595688;28904260;6061315;0;71723
FR;1;2022-10-12;319;416;1045;5174;308;1043;5185;0;519;42670677;41550186;26804620;5795918;42595996;28905303;6066500;0;72242
FR;1;2022-10-13;316;378;1061;6063;287;915;6114;0;624;42670993;41550564;26805681;5801981;42596283;28906218;6072614;0;72866
FR;1;2022-10-14;406;521;1167;6704;432;1040;6772;0;672;42671399;41551085;26806848;5808685;42596715;28907258;6079386;0;73538
FR;1;2022-10-15;195;257;514;1855;210;495;1865;0;226;42671594;41551342;26807362;5810540;42596925;28907753;6081251;0;73764
FR;1;2022-10-16;47;58;109;291;40;116;310;0;48;42671641;41551400;26807471;5810831;42596965;28907869;6081561;0;73812
FR;1;2022-10-17;233;315;732;2651;249;687;2694;0;365;42671874;41551715;26808203;5813482;42597214;28908556;6084255;0;74177
FR;1;2022-10-18;262;309;950;4586;244;828;4683;0;865;42672136;41552024;26809153;5818068;42597458;28909384;6088938;0;75042
FR;1;2022-10-19;273;357;687;3172;289;656;3153;0;500;42672409;41552381;26809840;5821240;42597747;28910040;6092091;0;75542
FR;1;2022-10-20;267;306;878;4347;254;767;4384;0;769;42672676;41552687;26810718;5825587;42598001;28910807;6096475;0;76311
FR;1;2022-10-21;298;397;839;3785;353;733;3858;0;659;42672974;41553084;26811557;5829372;42598354;28911540;6100333;0;76970
FR;1;2022-10-22;135;165;304;1239;144;297;1205;0;208;42673109;41553249;26811861;5830611;42598498;28911837;6101538;0;77178
FR;1;2022-10-23;29;37;64;197;35;58;213;0;25;42673138;41553286;26811925;5830808;42598533;28911895;6101751;0;77203
FR;1;2022-10-24;266;226;473;1590;196;468;1647;0;293;42673404;41553512;26812398;5832398;42598729;28912363;6103398;0;77496
FR;1;2022-10-25;213;251;517;2644;221;439;2698;0;487;42673617;41553763;26812915;5835042;42598950;28912802;6106096;0;77983
FR;1;2022-10-26;229;239;388;1948;221;367;1959;0;451;42673846;41554002;26813303;5836990;42599171;28913169;6108055;0;78434
FR;1;2022-10-27;254;217;475;2152;188;485;2134;0;507;42674100;41554219;26813778;5839142;42599359;28913654;6110189;0;78941
FR;1;2022-10-28;303;303;519;2316;285;456;2381;0;472;42674403;41554522;26814297;5841458;42599644;28914110;6112570;0;79413
FR;1;2022-10-29;93;148;169;708;115;203;700;0;200;42674496;41554670;26814466;5842166;42599759;28914313;6113270;0;79613
FR;1;2022-10-30;37;40;57;181;33;51;187;0;38;42674533;41554710;26814523;5842347;42599792;28914364;6113457;0;79651
FR;1;2022-10-31;131;176;294;796;154;270;863;0;144;42674664;41554886;26814817;5843143;42599946;28914634;6114320;0;79795
FR;1;2022-11-01;23;68;667;88;59;659;107;0;12;42674687;41554954;26815484;5843231;42600005;28915293;6114427;0;79807
FR;1;2022-11-02;240;216;492;959;214;459;1021;0;371;42674927;41555170;26815976;5844190;42600219;28915752;6115448;0;80178
FR;1;2022-11-03;255;219;414;1372;206;373;1410;0;380;42675182;41555389;26816390;5845562;42600425;28916125;6116858;0;80558
FR;1;2022-11-04;220;247;386;1581;227;368;1616;0;434;42675402;41555636;26816776;5847143;42600652;28916493;6118474;0;80992
FR;1;2022-11-05;90;115;231;496;103;212;519;0;111;42675492;41555751;26817007;5847639;42600755;28916705;6118993;0;81103
FR;1;2022-11-06;33;41;31;129;40;34;128;0;32;42675525;41555792;26817038;5847768;42600795;28916739;6119121;0;81135
FR;1;2022-11-07;174;196;243;886;186;239;945;0;218;42675699;41555988;26817281;5848654;42600981;28916978;6120066;0;81353
FR;1;2022-11-08;191;222;364;1669;210;317;1685;0;502;42675890;41556210;26817645;5850323;42601191;28917295;6121751;0;81855
FR;1;2022-11-09;176;200;320;1082;188;284;1121;0;454;42676066;41556410;26817965;5851405;42601379;28917579;6122872;0;82309
FR;1;2022-11-10;193;258;406;1672;244;416;1660;0;573;42676259;41556668;26818371;5853077;42601623;28917995;6124532;0;82882
FR;1;2022-11-11;19;30;91;97;29;77;112;0;41;42676278;41556698;26818462;5853174;42601652;28918072;6124644;0;82923
FR;1;2022-11-12;77;103;145;363;92;142;379;0;99;42676355;41556801;26818607;5853537;42601744;28918214;6125023;0;83022
FR;1;2022-11-13;17;22;19;62;19;23;63;0;26;42676372;41556823;26818626;5853599;42601763;28918237;6125086;0;83048
FR;1;2022-11-14;161;165;227;750;152;228;822;0;234;42676533;41556988;26818853;5854349;42601915;28918465;6125908;0;83282
FR;1;2022-11-15;195;198;291;1264;198;269;1305;0;401;42676728;41557186;26819144;5855613;42602113;28918734;6127213;0;83683
FR;1;2022-11-16;173;202;240;955;195;254;988;0;353;42676901;41557388;26819384;5856568;42602308;28918988;6128201;0;84036
FR;1;2022-11-17;153;165;237;1181;160;212;1186;0;384;42677054;41557553;26819621;5857749;42602468;28919200;6129387;0;84420
FR;1;2022-11-18;219;241;319;1293;234;308;1325;0;407;42677273;41557794;26819940;5859042;42602702;28919508;6130712;0;84827
FR;1;2022-11-19;117;93;155;417;93;117;449;0;98;42677390;41557887;26820095;5859459;42602795;28919625;6131161;0;84925
FR;1;2022-11-20;19;23;20;57;18;22;62;0;19;42677409;41557910;26820115;5859516;42602813;28919647;6131223;0;84944
FR;1;2022-11-21;170;156;230;615;130;248;645;0;205;42677579;41558066;26820345;5860131;42602943;28919895;6131868;0;85149
FR;1;2022-11-22;142;132;274;1062;116;259;1082;0;380;42677721;41558198;26820619;5861193;42603059;28920154;6132950;0;85529
FR;1;2022-11-23;165;152;191;735;133;197;752;0;236;42677886;41558350;26820810;5861928;42603192;28920351;6133702;0;85765
FR;1;2022-11-24;121;147;243;1107;129;243;1118;0;397;42678007;41558497;26821053;5863035;42603321;28920594;6134820;0;86162
FR;1;2022-11-25;190;199;202;1100;190;197;1124;0;315;42678197;41558696;26821255;5864135;42603511;28920791;6135944;0;86477
FR;1;2022-11-26;83;94;83;296;82;96;282;0;111;42678280;41558790;26821338;5864431;42603593;28920887;6136226;0;86588
FR;1;2022-11-27;11;25;12;63;12;26;67;0;48;42678291;41558815;26821350;5864494;42603605;28920913;6136293;0;86636
FR;1;2022-11-28;187;122;161;570;127;154;604;0;238;42678478;41558937;26821511;5865064;42603732;28921067;6136897;0;86874
FR;1;2022-11-29;155;125;204;970;108;195;978;0;386;42678633;41559062;26821715;5866034;42603840;28921262;6137875;0;87260
FR;2;2020-12-27;0;0;0;0;0;0;0;0;0;0;0;0;0;0;0;0;0;0
FR;2;2020-12-28;0;0;0;0;0;0;0;0;0;0;0;0;0;0;0;0;0;0
FR;2;2020-12-29;0;0;0;0;0;0;0;0;0;0;0;0;0;0;0;0;0;0
FR;2;2020-12-30;0;0;0;0;0;0;0;0;0;0;0;0;0;0;0;0;0;0
FR;2;2020-12-31;0;0;0;0;0;0;0;0;0;0;0;0;0;0;0;0;0;0
FR;2;2021-01-01;0;0;0;0;0;0;0;0;0;0;0;0;0;0;0;0;0;0
FR;2;2021-01-02;0;0;0;0;0;0;0;0;0;0;0;0;0;0;0;0;0;0
FR;2;2021-01-03;0;0;0;0;0;0;0;0;0;0;0;0;0;0;0;0;0;0
FR;2;2021-01-04;0;0;0;0;0;0;0;0;0;0;0;0;0;0;0;0;0;0
FR;2;2021-01-05;0;0;0;0;0;0;0;0;0;0;0;0;0;0;0;0;0;0
FR;2;2021-01-06;0;0;0;0;0;0;0;0;0;0;0;0;0;0;0;0;0;0
FR;2;2021-01-07;0;0;0;0;0;0;0;0;0;0;0;0;0;0;0;0;0;0
FR;2;2021-01-08;0;0;0;0;0;0;0;0;0;0;0;0;0;0;0;0;0;0
FR;2;2021-01-09;0;0;0;0;0;0;0;0;0;0;0;0;0;0;0;0;0;0
FR;2;2021-01-10;0;0;0;0;0;0;0;0;0;0;0;0;0;0;0;0;0;0
FR;2;2021-01-11;0;0;0;0;0;0;0;0;0;0;0;0;0;0;0;0;0;0
FR;2;2021-01-12;0;0;0;0;0;0;0;0;0;0;0;0;0;0;0;0;0;0
FR;2;2021-01-13;0;0;0;0;0;0;0;0;0;0;0;0;0;0;0;0;0;0
FR;2;2021-01-14;1653;0;0;0;213;0;0;0;0;1653;0;0;0;213;0;0;0;0
FR;2;2021-01-15;398;0;0;0;28;0;0;0;0;2051;0;0;0;241;0;0;0;0
FR;2;2021-01-16;316;0;0;0;12;0;0;0;0;2367;0;0;0;253;0;0;0;0
FR;2;2021-01-17;84;0;0;0;7;0;0;0;0;2451;0;0;0;260;0;0;0;0
FR;2;2021-01-18;3075;2;0;0;27;0;0;0;0;5526;2;0;0;287;0;0;0;0
FR;2;2021-01-19;4681;2;0;0;31;0;0;0;0;10207;4;0;0;318;0;0;0;0
FR;2;2021-01-20;5137;6;0;0;58;0;0;0;0;15344;10;0;0;376;0;0;0;0
FR;2;2021-01-21;5345;9;0;0;56;0;0;0;0;20689;19;0;0;432;0;0;0;0
FR;2;2021-01-22;5118;17;0;0;69;0;0;0;0;25807;36;0;0;501;0;0;0;0
FR;2;2021-01-23;1874;2;0;0;16;0;0;0;0;27681;38;0;0;517;0;0;0;0
FR;2;2021-01-24;163;2;0;0;8;0;0;0;0;27844;40;0;0;525;0;0;0;0
FR;2;2021-01-25;3814;3;0;0;36;0;0;0;0;31658;43;0;0;561;0;0;0;0
FR;2;2021-01-26;3925;6;0;0;42;0;0;0;0;35583;49;0;0;603;0;0;0;0
FR;2;2021-01-27;3604;4;0;0;37;0;0;0;0;39187;53;0;0;640;0;0;0;0
FR;2;2021-01-28;3755;8;0;0;43;0;0;0;0;42942;61;0;0;683;0;0;0;0
FR;2;2021-01-29;3297;4;0;0;40;0;0;0;0;46239;65;0;0;723;0;0;0;0
FR;2;2021-01-30;1133;3;0;0;16;0;0;0;0;47372;68;0;0;739;0;0;0;0
FR;2;2021-01-31;46;2;0;0;9;0;0;0;0;47418;70;0;0;748;0;0;0;0
FR;2;2021-02-01;3406;11;0;0;44;0;0;0;0;50824;81;0;0;792;0;0;0;0
FR;2;2021-02-02;4494;19;0;0;53;0;0;0;0;55318;100;0;0;845;0;0;0;0
FR;2;2021-02-03;5222;10;0;0;82;0;0;0;0;60540;110;0;0;927;0;0;0;0
FR;2;2021-02-04;4939;11;0;0;36;0;0;0;0;65479;121;0;0;963;0;0;0;0
FR;2;2021-02-05;4815;16;0;0;51;0;0;0;0;70294;137;0;0;1014;0;0;0;0
FR;2;2021-02-06;2044;15;0;0;41;0;0;0;0;72338;152;0;0;1055;0;0;0;0
FR;2;2021-02-07;103;4;0;0;18;0;0;0;0;72441;156;0;0;1073;0;0;0;0
FR;2;2021-02-08;7557;25;0;0;83;0;0;0;0;79998;181;0;0;1156;0;0;0;0
FR;2;2021-02-09;8429;28;0;0;96;0;0;0;0;88427;209;0;0;1252;0;0;0;0
FR;2;2021-02-10;9345;61;0;0;181;0;0;0;0;97772;270;0;0;1433;0;0;0;0
FR;2;2021-02-11;10291;125;0;0;250;0;0;0;0;108063;395;0;0;1683;0;0;0;0
FR;2;2021-02-12;10060;273;0;0;428;0;0;0;0;118123;668;0;0;2111;0;0;0;0
FR;2;2021-02-13;3120;225;0;0;263;0;0;0;0;121243;893;0;0;2374;0;0;0;0
FR;2;2021-02-14;357;11;0;0;21;0;0;0;0;121600;904;0;0;2395;0;0;0;0
FR;2;2021-02-15;3460;3119;0;0;3165;0;0;0;0;125060;4023;0;0;5560;0;0;0;0
FR;2;2021-02-16;5075;4134;0;0;4206;0;0;0;0;130135;8157;0;0;9766;0;0;0;0
FR;2;2021-02-17;4258;4539;0;0;4614;0;0;0;0;134393;12696;0;0;14380;0;0;0;0
FR;2;2021-02-18;5404;5170;0;0;5236;0;0;0;0;139797;17866;0;0;19616;0;0;0;0
FR;2;2021-02-19;5327;4474;0;0;4574;0;0;0;0;145124;22340;0;0;24190;0;0;0;0
FR;2;2021-02-20;1872;1519;0;0;1532;0;0;0;0;146996;23859;0;0;25722;0;0;0;0
FR;2;2021-02-21;244;96;0;0;98;0;0;0;0;147240;23955;0;0;25820;0;0;0;0
FR;2;2021-02-22;3613;3773;0;0;3830;0;0;0;0;150853;27728;0;0;29650;0;0;0;0
FR;2;2021-02-23;4955;3729;0;0;3788;0;0;0;0;155808;31457;0;0;33438;0;0;0;0
FR;2;2021-02-24;5016;3539;0;0;3589;0;0;0;0;160824;34996;0;0;37027;0;0;0;0
FR;2;2021-02-25;5498;3480;0;0;3566;0;0;0;0;166322;38476;0;0;40593;0;0;0;0
FR;2;2021-02-26;4367;3170;0;0;3237;0;0;0;0;170689;41646;0;0;43830;0;0;0;0
FR;2;2021-02-27;1629;1065;0;0;1084;0;0;0;0;172318;42711;0;0;44914;0;0;0;0
FR;2;2021-02-28;179;17;0;0;28;0;0;0;0;172497;42728;0;0;44942;0;0;0;0
FR;2;2021-03-01;5191;3757;0;0;3845;0;0;0;0;177688;46485;0;0;48787;0;0;0;0
FR;2;2021-03-02;6540;4723;0;0;4823;0;0;0;0;184228;51208;0;0;53610;0;0;0;0
FR;2;2021-03-03;6542;4951;0;0;5091;0;0;0;0;190770;56159;0;0;58701;0;0;0;0
FR;2;2021-03-04;8409;4187;0;0;4371;0;0;0;0;199179;60346;0;0;63072;0;0;0;0
FR;2;2021-03-05;8036;4051;0;0;4230;0;0;0;0;207215;64397;0;0;67302;0;0;0;0
FR;2;2021-03-06;4789;1684;0;0;1784;0;0;0;0;212004;66081;0;0;69086;0;0;0;0
FR;2;2021-03-07;2373;32;0;0;76;0;0;0;0;214377;66113;0;0;69162;0;0;0;0
FR;2;2021-03-08;4166;8389;0;0;8544;0;0;0;0;218543;74502;0;0;77706;0;0;0;0
FR;2;2021-03-09;7491;8584;1;0;8838;0;0;0;0;226034;83086;1;0;86544;0;0;0;0
FR;2;2021-03-10;7106;9217;0;0;9440;0;0;0;0;233140;92303;1;0;95984;0;0;0;0
FR;2;2021-03-11;9376;9334;1;0;9649;0;0;0;0;242516;101637;2;0;105633;0;0;0;0
FR;2;2021-03-12;7981;8341;0;0;8641;0;0;0;0;250497;109978;2;0;114274;0;0;0;0
FR;2;2021-03-13;10055;2586;0;0;2903;0;0;0;0;260552;112564;2;0;117177;0;0;0;0
FR;2;2021-03-14;4841;384;0;0;543;0;0;0;0;265393;112948;2;0;117720;0;0;0;0
FR;2;2021-03-15;10915;3481;0;0;3772;0;0;0;0;276308;116429;2;0;121492;0;0;0;0
FR;2;2021-03-16;16768;4688;1;0;5234;0;0;0;0;293076;121117;3;0;126726;0;0;0;0
FR;2;2021-03-17;20240;4008;0;0;4681;0;0;0;0;313316;125125;3;0;131407;0;0;0;0
FR;2;2021-03-18;23370;5113;0;0;5936;0;0;0;0;336686;130238;3;0;137343;0;0;0;0
FR;2;2021-03-19;23311;4651;0;0;5410;0;0;0;0;359997;134889;3;0;142753;0;0;0;0
FR;2;2021-03-20;25451;1577;0;0;2333;0;0;0;0;385448;136466;3;0;145086;0;0;0;0
FR;2;2021-03-21;17672;154;0;0;732;0;0;0;0;403120;136620;3;0;145818;0;0;0;0
FR;2;2021-03-22;17789;3249;0;0;3917;0;0;0;0;420909;139869;3;0;149735;0;0;0;0
FR;2;2021-03-23;22701;4268;0;0;5116;0;0;0;0;443610;144137;3;0;154851;0;0;0;0
FR;2;2021-03-24;23960;5049;0;0;5884;0;0;0;0;467570;149186;3;0;160735;0;0;0;0
FR;2;2021-03-25;26755;5252;1;0;6447;0;0;0;0;494325;154438;4;0;167182;0;0;0;0
FR;2;2021-03-26;26988;4231;0;0;5376;0;0;0;0;521313;158669;4;0;172558;0;0;0;0
FR;2;2021-03-27;15920;1352;0;0;1881;0;0;0;0;537233;160021;4;0;174439;0;0;0;0
FR;2;2021-03-28;10562;124;0;0;416;0;0;0;0;547795;160145;4;0;174855;0;0;0;0
FR;2;2021-03-29;18996;4324;0;0;5025;0;0;0;0;566791;164469;4;0;179880;0;0;0;0
FR;2;2021-03-30;24591;6089;0;0;7027;0;0;0;0;591382;170558;4;0;186907;0;0;0;0
FR;2;2021-03-31;28560;5929;0;0;7221;0;0;0;0;619942;176487;4;0;194128;0;0;0;0
FR;2;2021-04-01;34554;8568;1;0;10259;0;0;0;0;654496;185055;5;0;204387;0;0;0;0
FR;2;2021-04-02;29987;7711;0;0;9137;0;0;0;0;684483;192766;5;0;213524;0;0;0;0
FR;2;2021-04-03;16955;4183;0;0;4866;0;0;0;0;701438;196949;5;0;218390;0;0;0;0
FR;2;2021-04-04;9306;1231;2;0;1639;0;0;0;0;710744;198180;7;0;220029;0;0;0;0
FR;2;2021-04-05;12445;797;0;0;1380;0;0;0;0;723189;198977;7;0;221409;0;0;0;0
FR;2;2021-04-06;27156;7271;0;0;8659;0;0;0;0;750345;206248;7;0;230068;0;0;0;0
FR;2;2021-04-07;30931;7086;1;0;8661;0;0;0;0;781276;213334;8;0;238729;0;0;0;0
FR;2;2021-04-08;36894;8594;1;0;10517;0;0;0;0;818170;221928;9;0;249246;0;0;0;0
FR;2;2021-04-09;33849;8407;28;0;10190;0;0;0;0;852019;230335;37;0;259436;0;0;0;0
FR;2;2021-04-10;19688;9244;1;0;10157;0;0;0;0;871707;239579;38;0;269593;0;0;0;0
FR;2;2021-04-11;7942;4241;1;0;4604;0;0;0;0;879649;243820;39;0;274197;0;0;0;0
FR;2;2021-04-12;17128;11011;0;0;11847;0;0;0;0;896777;254831;39;0;286044;0;0;0;0
FR;2;2021-04-13;19460;16039;1;0;17102;0;0;0;0;916237;270870;40;0;303146;0;0;0;0
FR;2;2021-04-14;18070;16422;7;0;17515;0;0;0;0;934307;287292;47;0;320661;0;0;0;0
FR;2;2021-04-15;22201;21656;27;0;23105;0;0;0;0;956508;308948;74;0;343766;0;0;0;0
FR;2;2021-04-16;20713;20501;45;0;21771;0;0;0;0;977221;329449;119;0;365537;0;0;0;0
FR;2;2021-04-17;13257;22480;5;0;23208;0;0;0;0;990478;351929;124;0;388745;0;0;0;0
FR;2;2021-04-18;5911;14405;6;0;14743;0;0;0;0;996389;366334;130;0;403488;0;0;0;0
FR;2;2021-04-19;16846;16372;24;0;17175;0;0;0;0;1013235;382706;154;0;420663;0;0;0;0
FR;2;2021-04-20;19324;21732;38;0;22792;0;0;0;0;1032559;404438;192;0;443455;0;0;0;0
FR;2;2021-04-21;20291;21808;76;0;22958;0;0;0;0;1052850;426246;268;0;466413;0;0;0;0
FR;2;2021-04-22;23819;24942;41;0;26350;0;0;0;0;1076669;451188;309;0;492763;0;0;0;0
FR;2;2021-04-23;24530;25442;76;0;26949;0;0;0;0;1101199;476630;385;0;519712;0;0;0;0
FR;2;2021-04-24;25304;15059;104;0;16497;0;0;0;0;1126503;491689;489;0;536209;0;0;0;0
FR;2;2021-04-25;9596;8614;5;0;9175;0;0;0;0;1136099;500303;494;0;545384;0;0;0;0
FR;2;2021-04-26;17164;17547;21;0;18432;0;0;0;0;1153263;517850;515;0;563816;0;0;0;0
FR;2;2021-04-27;19245;24127;40;0;25309;0;0;0;0;1172508;541977;555;0;589125;0;0;0;0
FR;2;2021-04-28;22339;26390;112;0;27789;0;0;0;0;1194847;568367;667;0;616914;0;0;0;0
FR;2;2021-04-29;25472;30360;69;0;32049;0;0;0;0;1220319;598727;736;0;648963;0;0;0;0
FR;2;2021-04-30;25533;27913;49;1;29559;0;0;0;0;1245852;626640;785;1;678522;0;0;0;0
FR;2;2021-05-01;14987;9854;6;0;10656;0;0;0;0;1260839;636494;791;1;689178;0;0;0;0
FR;2;2021-05-02;6640;9170;2;0;9514;0;0;0;0;1267479;645664;793;1;698692;0;0;0;0
FR;2;2021-05-03;20021;19161;40;0;20365;0;0;0;0;1287500;664825;833;1;719057;0;0;0;0
FR;2;2021-05-04;18285;29162;33;0;30302;0;0;0;0;1305785;693987;866;1;749359;0;0;0;0
FR;2;2021-05-05;18380;29468;48;0;30762;0;0;0;0;1324165;723455;914;1;780121;0;0;0;0
FR;2;2021-05-06;23547;35377;132;0;36949;0;0;0;0;1347712;758832;1046;1;817070;0;0;0;0
FR;2;2021-05-07;25337;33239;97;0;35095;0;0;0;0;1373049;792071;1143;1;852165;0;0;0;0
FR;2;2021-05-08;21342;10435;14;0;11523;0;0;0;0;1394391;802506;1157;1;863688;0;0;0;0
FR;2;2021-05-09;13167;7686;7;0;8360;0;0;0;0;1407558;810192;1164;1;872048;0;0;0;0
FR;2;2021-05-10;32943;21828;50;0;23684;0;0;0;0;1440501;832020;1214;1;895732;0;0;0;0
FR;2;2021-05-11;43609;20931;101;0;23556;0;0;0;0;1484110;852951;1315;1;919288;0;0;0;0
FR;2;2021-05-12;50056;19691;143;0;22566;0;0;0;0;1534166;872642;1458;1;941854;0;0;0;0
FR;2;2021-05-13;51297;5649;31;0;8519;0;0;0;0;1585463;878291;1489;1;950373;0;0;0;0
FR;2;2021-05-14;61356;12886;132;0;16537;0;0;0;0;1646819;891177;1621;1;966910;0;0;0;0
FR;2;2021-05-15;65934;7104;39;0;10654;0;0;0;0;1712753;898281;1660;1;977564;0;0;0;0
FR;2;2021-05-16;43586;2571;10;0;4941;0;0;0;0;1756339;900852;1670;1;982505;0;0;0;0
FR;2;2021-05-17;44752;12471;114;0;15375;0;0;0;0;1801091;913323;1784;1;997880;0;0;0;0
FR;2;2021-05-18;54646;12272;191;0;15950;0;0;0;0;1855737;925595;1975;1;1013830;0;0;0;0
FR;2;2021-05-19;57176;10506;281;0;14550;0;0;0;0;1912913;936101;2256;1;1028380;0;0;0;0
FR;2;2021-05-20;63443;10801;288;0;14900;0;0;0;0;1976356;946902;2544;1;1043280;0;0;0;0
FR;2;2021-05-21;64300;11617;230;0;16040;0;0;0;0;2040656;958519;2774;1;1059320;0;0;0;0
FR;2;2021-05-22;61488;4525;65;0;8497;0;0;0;0;2102144;963044;2839;1;1067817;0;0;0;0
FR;2;2021-05-23;37534;575;22;0;2912;0;0;0;0;2139678;963619;2861;1;1070729;0;0;0;0
FR;2;2021-05-24;17244;2045;35;0;3252;0;0;0;0;2156922;965664;2896;1;1073981;0;0;0;0
FR;2;2021-05-25;21116;12236;240;0;13842;0;0;0;0;2178038;977900;3136;1;1087823;0;0;0;0
FR;2;2021-05-26;19941;11501;230;0;13025;0;0;0;0;2197979;989401;3366;1;1100848;0;0;0;0
FR;2;2021-05-27;22999;12655;182;0;14393;0;0;0;0;2220978;1002056;3548;1;1115241;0;0;0;0
FR;2;2021-05-28;29394;15012;190;0;17193;0;0;0;0;2250372;1017068;3738;1;1132434;0;0;0;0
FR;2;2021-05-29;30422;8190;57;0;10100;0;0;0;0;2280794;1025258;3795;1;1142534;0;0;0;0
FR;2;2021-05-30;4647;1818;6;0;2153;0;0;0;0;2285441;1027076;3801;1;1144687;0;0;0;0
FR;2;2021-05-31;28589;18745;184;0;20823;0;0;0;0;2314030;1045821;3985;1;1165510;0;0;0;0
FR;2;2021-06-01;45734;19922;224;0;23163;0;0;0;0;2359764;1065743;4209;1;1188673;0;0;0;0
FR;2;2021-06-02;37476;19292;182;0;22297;0;0;0;0;2397240;1085035;4391;1;1210970;0;0;0;0
FR;2;2021-06-03;51278;23157;161;0;27010;0;0;0;0;2448518;1108192;4552;1;1237980;0;0;0;0
FR;2;2021-06-04;65512;24081;217;0;29049;0;0;0;0;2514030;1132273;4769;1;1267029;0;0;0;0
FR;2;2021-06-05;34601;24082;52;0;26934;0;0;0;0;2548631;1156355;4821;1;1293963;0;0;0;0
FR;2;2021-06-06;4956;6196;10;0;6614;0;0;0;0;2553587;1162551;4831;1;1300577;0;0;0;0
FR;2;2021-06-07;28176;23013;150;0;25429;0;0;0;0;2581763;1185564;4981;1;1326006;0;0;0;0
FR;2;2021-06-08;46377;22925;143;0;26887;0;0;0;0;2628140;1208489;5124;1;1352893;0;0;0;0
FR;2;2021-06-09;34293;20954;107;0;24083;0;0;0;0;2662433;1229443;5231;1;1376976;0;0;0;0
FR;2;2021-06-10;42643;19116;95;1;23038;0;0;0;0;2705076;1248559;5326;2;1400014;0;0;0;0
FR;2;2021-06-11;55300;25157;134;0;30257;0;0;0;0;2760376;1273716;5460;2;1430271;0;0;0;0
FR;2;2021-06-12;30561;19786;53;0;22639;0;0;0;0;2790937;1293502;5513;2;1452910;0;0;0;0
FR;2;2021-06-13;3331;9195;13;0;9583;0;0;0;0;2794268;1302697;5526;2;1462493;0;0;0;0
FR;2;2021-06-14;25301;24110;92;0;26694;0;0;0;0;2819569;1326807;5618;2;1489187;0;0;0;0
FR;2;2021-06-15;39047;22826;154;0;26576;0;0;0;0;2858616;1349633;5772;2;1515763;0;0;0;0
FR;2;2021-06-16;30164;21388;135;0;24543;0;0;0;0;2888780;1371021;5907;2;1540306;0;0;0;0
FR;2;2021-06-17;36912;25798;150;0;29661;0;0;0;0;2925692;1396819;6057;2;1569967;0;0;0;0
FR;2;2021-06-18;46859;28855;123;0;33556;0;0;0;0;2972551;1425674;6180;2;1603523;0;0;0;0
FR;2;2021-06-19;24525;24911;39;0;27683;0;0;0;0;2997076;1450585;6219;2;1631206;0;0;0;0
FR;2;2021-06-20;3745;10059;9;0;10556;0;0;0;0;3000821;1460644;6228;2;1641762;0;0;0;0
FR;2;2021-06-21;17529;42847;88;0;44853;0;0;0;0;3018350;1503491;6316;2;1686615;0;0;0;0
FR;2;2021-06-22;28361;49580;110;0;53008;0;0;0;0;3046711;1553071;6426;2;1739623;0;0;0;0
FR;2;2021-06-23;21790;49595;107;1;52442;1;0;0;0;3068501;1602666;6533;3;1792065;1;0;0;0
FR;2;2021-06-24;28378;50299;134;0;54037;0;0;0;0;3096879;1652965;6667;3;1846102;1;0;0;0
FR;2;2021-06-25;33399;60428;128;0;64816;0;0;0;0;3130278;1713393;6795;3;1910918;1;0;0;0
FR;2;2021-06-26;16388;59316;54;1;61703;0;0;0;0;3146666;1772709;6849;4;1972621;1;0;0;0
FR;2;2021-06-27;2566;29315;22;1;29894;0;0;0;0;3149232;1802024;6871;5;2002515;1;0;0;0
FR;2;2021-06-28;12640;54325;84;0;56299;0;0;0;0;3161872;1856349;6955;5;2058814;1;0;0;0
FR;2;2021-06-29;19857;59952;178;0;62900;0;0;0;0;3181729;1916301;7133;5;2121714;1;0;0;0
FR;2;2021-06-30;16331;57987;253;17;60673;0;0;0;0;3198060;1974288;7386;22;2182387;1;0;0;0
FR;2;2021-07-01;20492;59878;228;0;63211;0;0;0;0;3218552;2034166;7614;22;2245598;1;0;0;0
FR;2;2021-07-02;24081;62141;184;0;66357;0;0;0;0;3242633;2096307;7798;22;2311955;1;0;0;0
FR;2;2021-07-03;12119;57121;153;0;59458;0;0;0;0;3254752;2153428;7951;22;2371413;1;0;0;0
FR;2;2021-07-04;1960;23305;18;0;23873;0;0;0;0;3256712;2176733;7969;22;2395286;1;0;0;0
FR;2;2021-07-05;9177;29308;106;0;30946;0;0;0;0;3265889;2206041;8075;22;2426232;1;0;0;0
FR;2;2021-07-06;14582;36239;135;0;38922;0;0;0;0;3280471;2242280;8210;22;2465154;1;0;0;0
FR;2;2021-07-07;14414;33666;139;0;36426;0;0;0;0;3294885;2275946;8349;22;2501580;1;0;0;0
FR;2;2021-07-08;19722;40312;162;0;43974;0;0;0;0;3314607;2316258;8511;22;2545554;1;0;0;0
FR;2;2021-07-09;27103;54311;202;1;59467;0;0;0;0;3341710;2370569;8713;23;2605021;1;0;0;0
FR;2;2021-07-10;13386;33699;107;0;36390;0;0;0;0;3355096;2404268;8820;23;2641411;1;0;0;0
FR;2;2021-07-11;1810;4354;16;0;4783;0;0;0;0;3356906;2408622;8836;23;2646194;1;0;0;0
FR;2;2021-07-12;12971;37295;119;0;39955;0;0;0;0;3369877;2445917;8955;23;2686149;1;0;0;0
FR;2;2021-07-13;37114;53184;152;0;60325;0;0;0;0;3406991;2499101;9107;23;2746474;1;0;0;0
FR;2;2021-07-14;6626;3542;15;0;4890;0;0;0;0;3413617;2502643;9122;23;2751364;1;0;0;0
FR;2;2021-07-15;47242;47028;156;0;55232;0;0;0;0;3460859;2549671;9278;23;2806596;1;0;0;0
FR;2;2021-07-16;64316;55773;188;0;66756;0;0;0;0;3525175;2605444;9466;23;2873352;1;0;0;0
FR;2;2021-07-17;31600;23924;96;0;29385;0;0;0;0;3556775;2629368;9562;23;2902737;1;0;0;0
FR;2;2021-07-18;6089;4829;19;0;5978;0;0;0;0;3562864;2634197;9581;23;2908715;1;0;0;0
FR;2;2021-07-19;33004;28627;94;0;34241;0;0;0;0;3595868;2662824;9675;23;2942956;1;0;0;0
FR;2;2021-07-20;51998;44527;155;0;53172;0;0;0;0;3647866;2707351;9830;23;2996128;1;0;0;0
FR;2;2021-07-21;45255;34680;93;0;42189;0;0;0;0;3693121;2742031;9923;23;3038317;1;0;0;0
FR;2;2021-07-22;56280;41083;128;1;50373;0;0;0;0;3749401;2783114;10051;24;3088690;1;0;0;0
FR;2;2021-07-23;68299;48990;170;0;60281;0;0;0;0;3817700;2832104;10221;24;3148971;1;0;0;0
FR;2;2021-07-24;36179;21603;82;0;27464;0;0;0;0;3853879;2853707;10303;24;3176435;1;0;0;0
FR;2;2021-07-25;6749;2613;10;0;3873;0;0;0;0;3860628;2856320;10313;24;3180308;1;0;0;0
FR;2;2021-07-26;36318;22375;91;1;27886;0;0;0;0;3896946;2878695;10404;25;3208194;1;0;0;0
FR;2;2021-07-27;62388;34586;180;0;43736;0;0;0;0;3959334;2913281;10584;25;3251930;1;0;0;0
FR;2;2021-07-28;55321;26433;132;0;34532;0;0;0;0;4014655;2939714;10716;25;3286462;1;0;0;0
FR;2;2021-07-29;68480;32800;189;0;42489;0;0;0;0;4083135;2972514;10905;25;3328951;1;0;0;0
FR;2;2021-07-30;74464;37801;222;1;48600;0;0;0;0;4157599;3010315;11127;26;3377551;1;0;0;0
FR;2;2021-07-31;34772;16203;105;0;21404;0;0;0;0;4192371;3026518;11232;26;3398955;1;0;0;0
FR;2;2021-08-01;5414;2258;19;0;3122;0;0;0;0;4197785;3028776;11251;26;3402077;1;0;0;0
FR;2;2021-08-02;35885;16177;101;0;21079;0;0;0;0;4233670;3044953;11352;26;3423156;1;0;0;0
FR;2;2021-08-03;55985;28276;142;0;35489;0;0;0;0;4289655;3073229;11494;26;3458645;1;0;0;0
FR;2;2021-08-04;46637;20839;128;1;26960;0;0;0;0;4336292;3094068;11622;27;3485605;1;0;0;0
FR;2;2021-08-05;54637;31564;215;0;38758;0;0;0;0;4390929;3125632;11837;27;3524363;1;0;0;0
FR;2;2021-08-06;58095;42398;242;1;50243;0;0;0;0;4449024;3168030;12079;28;3574606;1;0;0;0
FR;2;2021-08-07;25149;17629;89;0;21327;0;0;0;0;4474173;3185659;12168;28;3595933;1;0;0;0
FR;2;2021-08-08;3838;3652;21;0;4310;0;0;0;0;4478011;3189311;12189;28;3600243;1;0;0;0
FR;2;2021-08-09;29307;21055;92;0;24884;0;0;0;0;4507318;3210366;12281;28;3625127;1;0;0;0
FR;2;2021-08-10;45009;33481;155;0;39251;0;0;0;0;4552327;3243847;12436;28;3664378;1;0;0;0
FR;2;2021-08-11;35275;25150;151;0;29760;0;0;0;0;4587602;3268997;12587;28;3694138;1;0;0;0
FR;2;2021-08-12;41904;35698;163;0;41241;0;0;0;0;4629506;3304695;12750;28;3735379;1;0;0;0
FR;2;2021-08-13;42606;37274;218;0;42973;0;0;0;0;4672112;3341969;12968;28;3778352;1;0;0;0
FR;2;2021-08-14;18524;22161;94;0;24801;0;0;0;0;4690636;3364130;13062;28;3803153;1;0;0;0
FR;2;2021-08-15;3857;3802;17;0;4390;0;0;0;0;4694493;3367932;13079;28;3807543;1;0;0;0
FR;2;2021-08-16;25093;27135;111;0;30463;0;0;0;0;4719586;3395067;13190;28;3838006;1;0;0;0
FR;2;2021-08-17;38261;43415;205;2;48410;0;0;0;0;4757847;3438482;13395;30;3886416;1;0;0;0
FR;2;2021-08-18;32254;36361;195;1;40720;1;0;0;0;4790101;3474843;13590;31;3927136;2;0;0;0
FR;2;2021-08-19;37434;46578;224;0;51792;0;0;0;0;4827535;3521421;13814;31;3978928;2;0;0;0
FR;2;2021-08-20;40568;55643;271;1;61587;0;0;0;0;4868103;3577064;14085;32;4040515;2;0;0;0
FR;2;2021-08-21;18121;24307;116;0;27099;0;0;0;0;4886224;3601371;14201;32;4067614;2;0;0;0
FR;2;2021-08-22;2907;4325;22;1;4860;1;0;0;0;4889131;3605696;14223;33;4072474;3;0;0;0
FR;2;2021-08-23;19248;35154;131;1;38053;0;0;0;0;4908379;3640850;14354;34;4110527;3;0;0;0
FR;2;2021-08-24;31949;56048;236;0;60711;0;0;0;0;4940328;3696898;14590;34;4171238;3;0;0;0
FR;2;2021-08-25;25934;43459;250;0;47419;0;0;0;0;4966262;3740357;14840;34;4218657;3;0;0;0
FR;2;2021-08-26;32362;55825;388;0;60605;0;0;0;0;4998624;3796182;15228;34;4279262;3;0;0;0
FR;2;2021-08-27;37003;65672;477;2;71435;0;0;0;0;5035627;3861854;15705;36;4350697;3;0;0;0
FR;2;2021-08-28;17819;28534;300;0;31610;0;0;0;0;5053446;3890388;16005;36;4382307;3;0;0;0
FR;2;2021-08-29;2656;5017;47;0;5634;0;0;0;0;5056102;3895405;16052;36;4387941;3;0;0;0
FR;2;2021-08-30;18416;37734;400;0;40153;761;0;0;0;5074518;3933139;16452;36;4428094;764;0;0;0
FR;2;2021-08-31;28076;57503;887;4;60950;1553;0;0;0;5102594;3990642;17339;40;4489044;2317;0;0;0
FR;2;2021-09-01;21593;39872;1309;0;42278;2118;0;0;0;5124187;4030514;18648;40;4531322;4435;0;0;0
FR;2;2021-09-02;25485;48656;1962;2;50966;3350;0;0;0;5149672;4079170;20610;42;4582288;7785;0;0;0
FR;2;2021-09-03;33412;64549;2988;3;67542;4874;1;0;0;5183084;4143719;23598;45;4649830;12659;1;0;0
FR;2;2021-09-04;16832;27755;1442;1;29558;2381;0;0;0;5199916;4171474;25040;46;4679388;15040;1;0;0
FR;2;2021-09-05;2262;3603;266;0;3959;412;0;0;0;5202178;4175077;25306;46;4683347;15452;1;0;0
FR;2;2021-09-06;14043;28703;1770;1;29776;2942;0;0;0;5216221;4203780;27076;47;4713123;18394;1;0;0
FR;2;2021-09-07;21108;41093;3021;13;42276;4922;0;0;0;5237329;4244873;30097;60;4755399;23316;1;0;0
FR;2;2021-09-08;17248;31919;2736;6;32746;4497;0;0;0;5254577;4276792;32833;66;4788145;27813;1;0;0
FR;2;2021-09-09;20981;40485;4437;3;41260;6824;0;0;0;5275558;4317277;37270;69;4829405;34637;1;0;0
FR;2;2021-09-10;28201;51279;5285;4;51908;8941;1;0;0;5303759;4368556;42555;73;4881313;43578;2;0;0
FR;2;2021-09-11;13654;22440;2405;5;23138;3979;0;0;0;5317413;4390996;44960;78;4904451;47557;2;0;0
FR;2;2021-09-12;1824;2778;292;0;2971;513;0;0;0;5319237;4393774;45252;78;4907422;48070;2;0;0
FR;2;2021-09-13;11659;21445;2473;4;21721;4040;0;0;0;5330896;4415219;47725;82;4929143;52110;2;0;0
FR;2;2021-09-14;18575;32743;5092;13;31710;9061;2;0;0;5349471;4447962;52817;95;4960853;61171;4;0;0
FR;2;2021-09-15;14914;28252;5169;3;26943;7759;9;0;0;5364385;4476214;57986;98;4987796;68930;13;0;0
FR;2;2021-09-16;16079;32785;6737;12;30177;10537;4;0;0;5380464;4508999;64723;110;5017973;79467;17;0;0
FR;2;2021-09-17;20915;47144;8781;10;42814;14612;7;0;0;5401379;4556143;73504;120;5060787;94079;24;0;0
FR;2;2021-09-18;9857;20962;3803;6;19597;6034;1;0;0;5411236;4577105;77307;126;5080384;100113;25;0;0
FR;2;2021-09-19;1166;2597;396;0;2537;633;0;0;0;5412402;4579702;77703;126;5082921;100746;25;0;0
FR;2;2021-09-20;7499;18715;3856;7;17031;6141;5;0;0;5419901;4598417;81559;133;5099952;106887;30;0;0
FR;2;2021-09-21;11214;29996;6495;5;26548;10744;3;0;0;5431115;4628413;88054;138;5126500;117631;33;0;0
FR;2;2021-09-22;9411;23537;5490;6;21196;8515;8;0;0;5440526;4651950;93544;144;5147696;126146;41;0;0
FR;2;2021-09-23;10729;28900;7881;10;24730;12648;11;0;0;5451255;4680850;101425;154;5172426;138794;52;0;0
FR;2;2021-09-24;15073;42933;10876;18;37277;17239;21;0;0;5466328;4723783;112301;172;5209703;156033;73;0;0
FR;2;2021-09-25;7258;18785;3965;9;17145;6113;4;0;0;5473586;4742568;116266;181;5226848;162146;77;0;0
FR;2;2021-09-26;1080;2551;495;0;2495;631;1;0;0;5474666;4745119;116761;181;5229343;162777;78;0;0
FR;2;2021-09-27;6313;16412;4287;8;14800;6538;2;0;0;5480979;4761531;121048;189;5244143;169315;80;0;0
FR;2;2021-09-28;9241;25556;7769;14;21711;12078;7;0;0;5490220;4787087;128817;203;5265854;181393;87;0;0
FR;2;2021-09-29;8082;20203;6067;25;17611;9260;8;0;0;5498302;4807290;134884;228;5283465;190653;95;0;0
FR;2;2021-09-30;9864;25834;9507;16;21629;14102;5;0;0;5508166;4833124;144391;244;5305094;204755;100;0;0
FR;2;2021-10-01;13976;35726;12918;25;30049;19313;10;0;0;5522142;4868850;157309;269;5335143;224068;110;0;0
FR;2;2021-10-02;6873;15927;4850;7;14230;7040;6;0;0;5529015;4884777;162159;276;5349373;231108;116;0;0
FR;2;2021-10-03;841;1917;492;1;1844;504;0;0;0;5529856;4886694;162651;277;5351217;231612;116;0;0
FR;2;2021-10-04;5825;13897;5515;5;12135;7851;6;0;0;5535681;4900591;168166;282;5363352;239463;122;0;0
FR;2;2021-10-05;9058;22554;11123;19;18525;15734;1;0;0;5544739;4923145;179289;301;5381877;255197;123;0;0
FR;2;2021-10-06;7783;17746;8242;11;15283;11081;4;0;0;5552522;4940891;187531;312;5397160;266278;127;0;0
FR;2;2021-10-07;9203;22202;12384;14;18009;16863;7;0;0;5561725;4963093;199915;326;5415169;283141;134;0;0
FR;2;2021-10-08;13431;32115;17350;27;26510;23594;12;0;0;5575156;4995208;217265;353;5441679;306735;146;0;0
FR;2;2021-10-09;6000;12837;6044;6;11375;7894;7;0;0;5581156;5008045;223309;359;5453054;314629;153;0;0
FR;2;2021-10-10;885;1601;436;2;1539;609;1;0;0;5582041;5009646;223745;361;5454593;315238;154;0;0
FR;2;2021-10-11;5607;11559;6455;17;9942;8832;5;0;0;5587648;5021205;230200;378;5464535;324070;159;0;0
FR;2;2021-10-12;8030;17789;12550;13;13935;16778;9;0;0;5595678;5038994;242750;391;5478470;340848;168;0;0
FR;2;2021-10-13;6944;14855;10255;12;11812;13643;7;0;0;5602622;5053849;253005;403;5490282;354491;175;0;0
FR;2;2021-10-14;8314;17944;14996;13;13567;19473;11;0;0;5610936;5071793;268001;416;5503849;373964;186;0;0
FR;2;2021-10-15;11855;26301;20903;26;19417;27971;4;0;0;5622791;5098094;288904;442;5523266;401935;190;0;0
FR;2;2021-10-16;5140;8737;1819;0;8170;3219;2;0;0;5627931;5106831;290723;442;5531436;405154;192;0;0
FR;2;2021-10-17;651;1154;184;0;1081;359;1;0;0;5628582;5107985;290907;442;5532517;405513;193;0;0
FR;2;2021-10-18;4562;7352;665;2;7249;1640;0;0;0;5633144;5115337;291572;444;5539766;407153;193;0;0
FR;2;2021-10-19;6238;9858;732;5;9660;2037;5;0;0;5639382;5125195;292304;449;5549426;409190;198;0;0
FR;2;2021-10-20;5170;8062;758;3;8180;1678;0;0;0;5644552;5133257;293062;452;5557606;410868;198;0;0
FR;2;2021-10-21;6090;9976;780;5;9837;2103;1;0;0;5650642;5143233;293842;457;5567443;412971;199;0;0
FR;2;2021-10-22;8451;14595;1148;4;14472;2887;2;0;0;5659093;5157828;294990;461;5581915;415858;201;0;0
FR;2;2021-10-23;3845;5994;587;0;6126;1236;3;0;0;5662938;5163822;295577;461;5588041;417094;204;0;0
FR;2;2021-10-24;494;886;101;0;903;205;0;0;0;5663432;5164708;295678;461;5588944;417299;204;0;0
FR;2;2021-10-25;3359;5348;307;1;5523;825;2;0;0;5666791;5170056;295985;462;5594467;418124;206;0;0
FR;2;2021-10-26;4176;7246;1132;4;7134;2023;5;0;0;5670967;5177302;297117;466;5601601;420147;211;0;0
FR;2;2021-10-27;3676;6598;1193;5;6454;1993;1;0;0;5674643;5183900;298310;471;5608055;422140;212;0;0
FR;2;2021-10-28;4598;7693;1735;3;7421;2748;1;0;0;5679241;5191593;300045;474;5615476;424888;213;0;0
FR;2;2021-10-29;5413;11086;2437;4;10699;3683;3;0;0;5684654;5202679;302482;478;5626175;428571;216;0;0
FR;2;2021-10-30;2749;4447;976;1;4453;1438;2;0;0;5687403;5207126;303458;479;5630628;430009;218;0;0
FR;2;2021-10-31;364;535;139;1;544;190;1;0;0;5687767;5207661;303597;480;5631172;430199;219;0;0
FR;2;2021-11-01;429;547;181;0;563;267;1;0;0;5688196;5208208;303778;480;5631735;430466;220;0;0
FR;2;2021-11-02;3293;6758;1183;0;6805;1762;5;0;0;5691489;5214966;304961;480;5638540;432228;225;0;0
FR;2;2021-11-03;3340;6232;1388;2;6319;1968;2;0;0;5694829;5221198;306349;482;5644859;434196;227;0;0
FR;2;2021-11-04;3986;7076;1768;4;7113;2496;3;0;0;5698815;5228274;308117;486;5651972;436692;230;0;0
FR;2;2021-11-05;5234;10504;2867;5;10213;3958;6;0;0;5704049;5238778;310984;491;5662185;440650;236;0;0
FR;2;2021-11-06;2596;4680;1403;0;4641;1817;2;0;0;5706645;5243458;312387;491;5666826;442467;238;0;0
FR;2;2021-11-07;506;866;220;0;873;290;2;0;0;5707151;5244324;312607;491;5667699;442757;240;0;0
FR;2;2021-11-08;2578;5350;1204;3;5268;1677;3;0;0;5709729;5249674;313811;494;5672967;444434;243;0;0
FR;2;2021-11-09;2749;6914;2402;5;6451;3180;2;0;0;5712478;5256588;316213;499;5679418;447614;245;0;0
FR;2;2021-11-10;2590;5675;5113;6;4773;6286;8;0;0;5715068;5262263;321326;505;5684191;453900;253;0;0
FR;2;2021-11-11;444;755;751;2;647;935;3;0;0;5715512;5263018;322077;507;5684838;454835;256;0;0
FR;2;2021-11-12;2953;8090;8975;8;6209;10915;10;0;0;5718465;5271108;331052;515;5691047;465750;266;0;0
FR;2;2021-11-13;1539;3381;3870;7;2724;4542;4;0;0;5720004;5274489;334922;522;5693771;470292;270;0;0
FR;2;2021-11-14;257;591;351;1;489;482;3;0;0;5720261;5275080;335273;523;5694260;470774;273;0;0
FR;2;2021-11-15;1622;3663;4447;8;2917;5329;16;0;0;5721883;5278743;339720;531;5697177;476103;289;0;0
FR;2;2021-11-16;2184;5889;8309;14;4169;10077;16;0;0;5724067;5284632;348029;545;5701346;486180;305;0;0
FR;2;2021-11-17;1741;4526;6630;8;3175;7847;5;0;0;5725808;5289158;354659;553;5704521;494027;310;0;0
FR;2;2021-11-18;2192;5935;9184;10;4029;11019;8;0;0;5728000;5295093;363843;563;5708550;505046;318;0;0
FR;2;2021-11-19;2700;7770;12975;19;4845;15479;12;0;0;5730700;5302863;376818;582;5713395;520525;330;0;0
FR;2;2021-11-20;1566;3337;5180;5;2357;6091;3;0;0;5732266;5306200;381998;587;5715752;526616;333;0;0
FR;2;2021-11-21;249;511;541;0;394;660;3;0;0;5732515;5306711;382539;587;5716146;527276;336;0;0
FR;2;2021-11-22;1278;2585;4481;5;1678;5403;9;0;0;5733793;5309296;387020;592;5717824;532679;345;0;0
FR;2;2021-11-23;1617;4282;8200;9;2546;9912;6;0;0;5735410;5313578;395220;601;5720370;542591;351;0;0
FR;2;2021-11-24;1420;3756;7481;14;2256;8731;9;0;0;5736830;5317334;402701;615;5722626;551322;360;0;0
FR;2;2021-11-25;1813;4873;11473;21;2691;13667;6;0;0;5738643;5322207;414174;636;5725317;564989;366;0;0
FR;2;2021-11-26;2541;7749;22672;31;3830;26082;14;0;0;5741184;5329956;436846;667;5729147;591071;380;0;0
FR;2;2021-11-27;1497;4151;12272;18;2138;14030;12;0;0;5742681;5334107;449118;685;5731285;605101;392;0;0
FR;2;2021-11-28;292;838;1973;3;481;2299;5;0;0;5742973;5334945;451091;688;5731766;607400;397;0;0
FR;2;2021-11-29;1447;4358;15091;23;2025;17258;25;0;0;5744420;5339303;466182;711;5733791;624658;422;0;0
FR;2;2021-11-30;1912;6664;26246;36;2655;29999;22;0;0;5746332;5345967;492428;747;5736446;654657;444;0;0
FR;2;2021-12-01;1916;6046;26203;31;2503;29521;20;0;0;5748248;5352013;518631;778;5738949;684178;464;0;0
FR;2;2021-12-02;1914;6794;37720;52;2133;41969;32;0;0;5750162;5358807;556351;830;5741082;726147;496;0;0
FR;2;2021-12-03;2556;10092;53626;111;3616;59374;30;0;0;5752718;5368899;609977;941;5744698;785521;526;0;0
FR;2;2021-12-04;1849;6291;37119;38;2195;40811;15;0;0;5754567;5375190;647096;979;5746893;826332;541;0;0
FR;2;2021-12-05;458;2252;14263;14;538;15993;7;0;0;5755025;5377442;661359;993;5747431;842325;548;0;0
FR;2;2021-12-06;2487;9872;77717;109;2722;84769;25;0;0;5757512;5387314;739076;1102;5750153;927094;573;0;0
FR;2;2021-12-07;3454;15311;122454;238;3767;133778;37;0;0;5760966;5402625;861530;1340;5753920;1060872;610;0;0
FR;2;2021-12-08;3725;16004;133203;330;3874;145394;54;0;0;5764691;5418629;994733;1670;5757794;1206266;664;0;0
FR;2;2021-12-09;4546;19641;170226;555;4195;185616;59;0;0;5769237;5438270;1164959;2225;5761989;1391882;723;0;0
FR;2;2021-12-10;4675;22832;188689;490;5040;206177;68;0;0;5773912;5461102;1353648;2715;5767029;1598059;791;0;0
FR;2;2021-12-11;3686;16629;132453;239;3692;144901;64;0;0;5777598;5477731;1486101;2954;5770721;1742960;855;0;0
FR;2;2021-12-12;1256;7125;59104;83;1027;65154;11;0;0;5778854;5484856;1545205;3037;5771748;1808114;866;0;0
FR;2;2021-12-13;5529;26832;220706;605;5246;243002;158;0;0;5784383;5511688;1765911;3642;5776994;2051116;1024;0;0
FR;2;2021-12-14;7018;37467;300791;908;6164;332240;187;0;0;5791401;5549155;2066702;4550;5783158;2383356;1211;0;0
FR;2;2021-12-15;6556;36245;285239;957;5894;315874;186;0;0;5797957;5585400;2351941;5507;5789052;2699230;1397;0;0
FR;2;2021-12-16;7764;37927;312156;979;6587;343777;182;0;0;5805721;5623327;2664097;6486;5795639;3043007;1579;0;0
FR;2;2021-12-17;8679;41207;327891;976;8051;360962;230;0;0;5814400;5664534;2991988;7462;5803690;3403969;1809;0;0
FR;2;2021-12-18;6514;26555;212356;448;4918;233667;120;0;0;5820914;5691089;3204344;7910;5808608;3637636;1929;0;0
FR;2;2021-12-19;2602;11420;90217;182;1667;100350;25;0;0;5823516;5702509;3294561;8092;5810275;3737986;1954;0;0
FR;2;2021-12-20;9546;33552;275233;706;6622;303383;206;0;0;5833062;5736061;3569794;8798;5816897;4041369;2160;0;0
FR;2;2021-12-21;11564;38321;309640;968;7397;341440;257;0;0;5844626;5774382;3879434;9766;5824294;4382809;2417;0;0
FR;2;2021-12-22;10459;32793;265121;952;6453;292479;315;0;1;5855085;5807175;4144555;10718;5830747;4675288;2732;0;1
FR;2;2021-12-23;9426;26675;199517;701;5902;221302;228;0;0;5864511;5833850;4344072;11419;5836649;4896590;2960;0;1
FR;2;2021-12-24;2783;7480;43860;140;2041;49562;78;0;0;5867294;5841330;4387932;11559;5838690;4946152;3038;0;1
FR;2;2021-12-25;201;681;2003;10;211;2485;15;0;0;5867495;5842011;4389935;11569;5838901;4948637;3053;0;1
FR;2;2021-12-26;1320;4209;25157;71;1053;28682;72;0;0;5868815;5846220;4415092;11640;5839954;4977319;3125;0;1
FR;2;2021-12-27;8077;29919;218422;659;6635;243349;296;0;0;5876892;5876139;4633514;12299;5846589;5220668;3421;0;1
FR;2;2021-12-28;9836;36313;272102;742;7005;302003;955;0;1;5886728;5912452;4905616;13041;5853594;5522671;4376;0;2
FR;2;2021-12-29;9497;32256;246137;765;6427;272693;1090;0;0;5896225;5944708;5151753;13806;5860021;5795364;5466;0;2
FR;2;2021-12-30;9461;28091;208833;663;5985;231453;1158;0;0;5905686;5972799;5360586;14469;5866006;6026817;6624;0;2
FR;2;2021-12-31;3010;8350;54990;176;2168;61240;392;0;0;5908696;5981149;5415576;14645;5868174;6088057;7016;0;2
FR;2;2022-01-01;230;687;2857;7;204;3350;29;0;0;5908926;5981836;5418433;14652;5868378;6091407;7045;0;2
FR;2;2022-01-02;1503;4854;29521;75;1168;33410;216;0;0;5910429;5986690;5447954;14727;5869546;6124817;7261;0;2
FR;2;2022-01-03;9601;35406;266535;806;8505;293913;1674;0;0;5920030;6022096;5714489;15533;5878051;6418730;8935;0;2
FR;2;2022-01-04;12854;45413;342096;1068;9987;377030;2459;0;1;5932884;6067509;6056585;16601;5888038;6795760;11394;0;3
FR;2;2022-01-05;11273;38645;294199;884;8638;323846;2156;0;2;5944157;6106154;6350784;17485;5896676;7119606;13550;0;5
FR;2;2022-01-06;13655;43494;331951;1298;9947;364747;2981;0;1;5957812;6149648;6682735;18783;5906623;7484353;16531;0;6
FR;2;2022-01-07;14225;47638;361106;1270;11248;396459;3160;0;0;5972037;6197286;7043841;20053;5917871;7880812;19691;0;6
FR;2;2022-01-08;7946;28145;201264;515;7209;221701;1529;0;2;5979983;6225431;7245105;20568;5925080;8102513;21220;0;8
FR;2;2022-01-09;2749;8969;62524;137;2078;69502;493;0;0;5982732;6234400;7307629;20705;5927158;8172015;21713;0;8
FR;2;2022-01-10;10098;31909;232487;858;8913;255056;2458;0;0;5992830;6266309;7540116;21563;5936071;8427071;24171;0;8
FR;2;2022-01-11;11468;36256;265928;1029;10072;290636;3381;0;1;6004298;6302565;7806044;22592;5946143;8717707;27552;0;9
FR;2;2022-01-12;8765;29808;206330;863;8730;226173;2803;0;5;6013063;6332373;8012374;23455;5954873;8943880;30355;0;14
FR;2;2022-01-13;9388;31335;224497;832;9042;244840;3464;0;4;6022451;6363708;8236871;24287;5963915;9188720;33819;0;18
FR;2;2022-01-14;9740;35607;254547;920;9857;277666;3982;0;1;6032191;6399315;8491418;25207;5973772;9466386;37801;0;19
FR;2;2022-01-15;5359;19452;140782;363;5328;153643;1926;0;0;6037550;6418767;8632200;25570;5979100;9620029;39727;0;19
FR;2;2022-01-16;1512;5474;35888;81;1623;39826;424;0;0;6039062;6424241;8668088;25651;5980723;9659855;40151;0;19
FR;2;2022-01-17;5546;19275;135416;601;6610;147258;2264;0;2;6044608;6443516;8803504;26252;5987333;9807113;42415;0;21
FR;2;2022-01-18;6423;21489;148633;647;7524;160460;3313;0;0;6051031;6465005;8952137;26899;5994857;9967573;45728;0;21
FR;2;2022-01-19;4397;16321;105106;551;6217;113702;2409;0;1;6055428;6481326;9057243;27450;6001074;10081275;48137;0;22
FR;2;2022-01-20;4872;17585;115297;603;7075;123692;3110;0;2;6060300;6498911;9172540;28053;6008149;10204967;51247;0;24
FR;2;2022-01-21;5198;20052;137352;679;7180;147770;3455;0;1;6065498;6518963;9309892;28732;6015329;10352737;54702;0;25
FR;2;2022-01-22;3030;10950;74262;260;3959;80328;1427;0;0;6068528;6529913;9384154;28992;6019288;10433065;56129;0;25
FR;2;2022-01-23;724;2716;15242;41;1057;16832;238;0;0;6069252;6532629;9399396;29033;6020345;10449897;56367;0;25
FR;2;2022-01-24;3289;12811;75080;431;5847;81030;1993;0;2;6072541;6545440;9474476;29464;6026192;10530927;58360;0;27
FR;2;2022-01-25;3574;14416;79629;496;6660;85454;2880;0;4;6076115;6559856;9554105;29960;6032852;10616381;61240;0;31
FR;2;2022-01-26;2515;10705;58978;363;5331;63032;1957;0;1;6078630;6570561;9613083;30323;6038183;10679413;63197;0;32
FR;2;2022-01-27;2683;11365;64179;388;5735;67947;2464;0;1;6081313;6581926;9677262;30711;6043918;10747360;65661;0;33
FR;2;2022-01-28;3551;18292;91723;429;8619;98923;3404;0;1;6084864;6600218;9768985;31140;6052537;10846283;69065;0;34
FR;2;2022-01-29;1893;9239;48852;164;4170;52928;1374;0;1;6086757;6609457;9817837;31304;6056707;10899211;70439;0;35
FR;2;2022-01-30;464;2209;9455;38;1051;10585;203;0;0;6087221;6611666;9827292;31342;6057758;10909796;70642;0;35
FR;2;2022-01-31;1888;9563;43833;209;4719;47330;1888;0;2;6089109;6621229;9871125;31551;6062477;10957126;72530;0;37
FR;2;2022-02-01;1915;10034;47030;279;4804;50093;2714;0;0;6091024;6631263;9918155;31830;6067281;11007219;75244;0;37
FR;2;2022-02-02;1614;8993;41119;250;4200;44156;2192;0;1;6092638;6640256;9959274;32080;6071481;11051375;77436;0;38
FR;2;2022-02-03;1725;8942;40526;205;4374;42922;2644;0;2;6094363;6649198;9999800;32285;6075855;11094297;80080;0;40
FR;2;2022-02-04;2151;15188;66647;299;7388;71334;3674;0;1;6096514;6664386;10066447;32584;6083243;11165631;83754;0;41
FR;2;2022-02-05;1360;8525;35946;132;4216;39228;1373;0;0;6097874;6672911;10102393;32716;6087459;11204859;85127;0;41
FR;2;2022-02-06;275;1762;6127;16;840;6898;217;0;0;6098149;6674673;10108520;32732;6088299;11211757;85344;0;41
FR;2;2022-02-07;1351;9557;37756;134;4540;41293;1887;0;2;6099500;6684230;10146276;32866;6092839;11253050;87231;0;43
FR;2;2022-02-08;1299;9832;40954;173;4644;43748;2741;0;1;6100799;6694062;10187230;33039;6097483;11296798;89972;0;44
FR;2;2022-02-09;1160;8840;37040;174;3804;40464;1901;0;2;6101959;6702902;10224270;33213;6101287;11337262;91873;0;46
FR;2;2022-02-10;1029;7998;33837;204;3604;36509;2051;0;1;6102988;6710900;10258107;33417;6104891;11373771;93924;0;47
FR;2;2022-02-11;1391;12085;53346;223;5281;57699;2888;0;0;6104379;6722985;10311453;33640;6110172;11431470;96812;0;47
FR;2;2022-02-12;754;6533;27986;86;2792;30805;1112;0;2;6105133;6729518;10339439;33726;6112964;11462275;97924;0;49
FR;2;2022-02-13;200;1340;4836;20;562;5577;141;0;0;6105333;6730858;10344275;33746;6113526;11467852;98065;0;49
FR;2;2022-02-14;835;6731;30273;91;2598;33232;1398;0;1;6106168;6737589;10374548;33837;6116124;11501084;99463;0;50
FR;2;2022-02-15;774;6472;28049;141;2800;29992;1967;0;2;6106942;6744061;10402597;33978;6118924;11531076;101430;0;52
FR;2;2022-02-16;657;5361;22066;123;2526;23631;1568;0;3;6107599;6749422;10424663;34101;6121450;11554707;102998;0;55
FR;2;2022-02-17;518;3783;14152;98;2128;14617;1406;0;2;6108117;6753205;10438815;34199;6123578;11569324;104404;0;57
FR;2;2022-02-18;723;5368;20442;134;3039;21129;1895;0;0;6108840;6758573;10459257;34333;6126617;11590453;106299;0;57
FR;2;2022-02-19;430;3057;10532;66;1695;11246;753;0;2;6109270;6761630;10469789;34399;6128312;11601699;107052;0;59
FR;2;2022-02-20;102;518;1463;3;314;1611;100;0;0;6109372;6762148;10471252;34402;6128626;11603310;107152;0;59
FR;2;2022-02-21;422;2685;9122;65;1568;9499;930;0;0;6109794;6764833;10480374;34467;6130194;11612809;108082;0;59
FR;2;2022-02-22;392;2567;8894;77;1621;8797;1180;0;0;6110186;6767400;10489268;34544;6131815;11621606;109262;0;59
FR;2;2022-02-23;432;2604;8992;82;1522;9268;1022;0;0;6110618;6770004;10498260;34626;6133337;11630874;110284;0;59
FR;2;2022-02-24;314;2036;6802;82;1250;6830;870;0;0;6110932;6772040;10505062;34708;6134587;11637704;111154;0;59
FR;2;2022-02-25;457;3207;11418;107;1976;11282;1559;0;3;6111389;6775247;10516480;34815;6136563;11648986;112713;0;62
FR;2;2022-02-26;297;1892;6036;49;1161;6343;587;0;1;6111686;6777139;10522516;34864;6137724;11655329;113300;0;63
FR;2;2022-02-27;76;313;907;5;214;950;98;0;0;6111762;6777452;10523423;34869;6137938;11656279;113398;0;63
FR;2;2022-02-28;330;1688;5524;53;1087;5531;732;0;0;6112092;6779140;10528947;34922;6139025;11661810;114130;0;63
FR;2;2022-03-01;278;1569;5481;46;951;5198;964;0;2;6112370;6780709;10534428;34968;6139976;11667008;115094;0;65
FR;2;2022-03-02;298;1445;5247;45;876;5091;815;0;1;6112668;6782154;10539675;35013;6140852;11672099;115909;0;66
FR;2;2022-03-03;225;1111;3708;42;720;3485;668;0;1;6112893;6783265;10543383;35055;6141572;11675584;116577;0;67
FR;2;2022-03-04;243;1468;4859;74;983;4506;949;0;1;6113136;6784733;10548242;35129;6142555;11680090;117526;0;68
FR;2;2022-03-05;174;906;2979;34;612;2723;561;0;0;6113310;6785639;10551221;35163;6143167;11682813;118087;0;68
FR;2;2022-03-06;42;183;280;5;105;320;52;0;0;6113352;6785822;10551501;35168;6143272;11683133;118139;0;68
FR;2;2022-03-07;156;659;1987;70;491;1777;472;0;0;6113508;6786481;10553488;35238;6143763;11684910;118611;0;68
FR;2;2022-03-08;144;669;2273;53;460;1907;620;0;0;6113652;6787150;10555761;35291;6144223;11686817;119231;0;68
FR;2;2022-03-09;154;708;2348;37;473;2050;615;0;0;6113806;6787858;10558109;35328;6144696;11688867;119846;0;68
FR;2;2022-03-10;123;603;1694;35;445;1469;456;0;1;6113929;6788461;10559803;35363;6145141;11690336;120302;0;69
FR;2;2022-03-11;172;756;2769;57;504;2368;737;0;1;6114101;6789217;10562572;35420;6145645;11692704;121039;0;70
FR;2;2022-03-12;149;484;1786;27;331;1555;450;0;0;6114250;6789701;10564358;35447;6145976;11694259;121489;0;70
FR;2;2022-03-13;25;75;203;30;45;204;69;0;0;6114275;6789776;10564561;35477;6146021;11694463;121558;0;70
FR;2;2022-03-14;128;470;1567;529;333;1297;950;0;0;6114403;6790246;10566128;36006;6146354;11695760;122508;0;70
FR;2;2022-03-15;138;440;1713;691;332;1333;1186;0;1;6114541;6790686;10567841;36697;6146686;11697093;123694;0;71
FR;2;2022-03-16;142;476;2013;1615;331;1593;2159;0;2;6114683;6791162;10569854;38312;6147017;11698686;125853;0;73
FR;2;2022-03-17;94;413;1408;1193;273;1144;1577;0;0;6114777;6791575;10571262;39505;6147290;11699830;127430;0;73
FR;2;2022-03-18;147;496;2024;1794;335;1667;2312;0;1;6114924;6792071;10573286;41299;6147625;11701497;129742;0;74
FR;2;2022-03-19;108;321;1210;941;219;1015;1259;0;0;6115032;6792392;10574496;42240;6147844;11702512;131001;0;74
FR;2;2022-03-20;13;77;191;59;39;168;115;0;0;6115045;6792469;10574687;42299;6147883;11702680;131116;0;74
FR;2;2022-03-21;97;307;1214;1484;180;1077;1761;0;1;6115142;6792776;10575901;43783;6148063;11703757;132877;0;75
FR;2;2022-03-22;118;390;1530;1830;244;1291;2218;0;0;6115260;6793166;10577431;45613;6148307;11705048;135095;0;75
FR;2;2022-03-23;139;361;1674;3032;232;1470;3373;0;6;6115399;6793527;10579105;48645;6148539;11706518;138468;0;81
FR;2;2022-03-24;117;293;1183;1547;186;1001;1813;0;8;6115516;6793820;10580288;50192;6148725;11707519;140281;0;89
FR;2;2022-03-25;119;361;1805;2451;238;1475;2837;0;8;6115635;6794181;10582093;52643;6148963;11708994;143118;0;97
FR;2;2022-03-26;79;247;1204;1222;138;952;1531;0;5;6115714;6794428;10583297;53865;6149101;11709946;144649;0;102
FR;2;2022-03-27;19;36;153;100;19;132;144;0;0;6115733;6794464;10583450;53965;6149120;11710078;144793;0;102
FR;2;2022-03-28;94;288;1138;1602;187;995;1834;0;6;6115827;6794752;10584588;55567;6149307;11711073;146627;0;108
FR;2;2022-03-29;108;258;1325;2466;167;1105;2759;0;4;6115935;6795010;10585913;58033;6149474;11712178;149386;0;112
FR;2;2022-03-30;91;312;1488;3184;163;1320;3420;0;2;6116026;6795322;10587401;61217;6149637;11713498;152806;0;114
FR;2;2022-03-31;104;284;1276;2332;172;1091;2616;0;3;6116130;6795606;10588677;63549;6149809;11714589;155422;0;117
FR;2;2022-04-01;123;323;1567;2349;163;1322;2667;0;7;6116253;6795929;10590244;65898;6149972;11715911;158089;0;124
FR;2;2022-04-02;81;161;845;891;83;737;1052;0;1;6116334;6796090;10591089;66789;6150055;11716648;159141;0;125
FR;2;2022-04-03;16;53;128;113;27;142;133;0;1;6116350;6796143;10591217;66902;6150082;11716790;159274;0;126
FR;2;2022-04-04;113;239;988;1445;141;797;1691;0;5;6116463;6796382;10592205;68347;6150223;11717587;160965;0;131
FR;2;2022-04-05;143;298;1316;2911;158;1143;3141;0;17;6116606;6796680;10593521;71258;6150381;11718730;164106;0;148
FR;2;2022-04-06;89;260;1306;2522;128;1130;2686;0;10;6116695;6796940;10594827;73780;6150509;11719860;166792;0;158
FR;2;2022-04-07;120;228;1301;2682;139;1041;2957;0;8;6116815;6797168;10596128;76462;6150648;11720901;169749;0;166
FR;2;2022-04-08;126;340;1633;3341;176;1326;3631;0;12;6116941;6797508;10597761;79803;6150824;11722227;173380;0;178
FR;2;2022-04-09;90;219;899;1046;144;731;1288;0;4;6117031;6797727;10598660;80849;6150968;11722958;174668;0;182
FR;2;2022-04-10;37;48;143;162;45;119;200;0;1;6117068;6797775;10598803;81011;6151013;11723077;174868;0;183
FR;2;2022-04-11;88;195;890;1560;121;780;1718;0;6;6117156;6797970;10599693;82571;6151134;11723857;176586;0;189
FR;2;2022-04-12;176;272;1183;2769;174;1062;2902;0;8;6117332;6798242;10600876;85340;6151308;11724919;179488;0;197
FR;2;2022-04-13;147;230;1125;2469;110;987;2664;0;11;6117479;6798472;10602001;87809;6151418;11725906;182152;0;208
FR;2;2022-04-14;115;226;1085;2677;113;919;2911;0;18;6117594;6798698;10603086;90486;6151531;11726825;185063;0;226
FR;2;2022-04-15;114;257;1215;2292;127;1072;2532;0;7;6117708;6798955;10604301;92778;6151658;11727897;187595;0;233
FR;2;2022-04-16;67;108;548;549;68;459;675;0;9;6117775;6799063;10604849;93327;6151726;11728356;188270;0;242
FR;2;2022-04-17;15;27;57;53;16;53;71;0;0;6117790;6799090;10604906;93380;6151742;11728409;188341;0;242
FR;2;2022-04-18;12;35;120;70;18;115;95;0;0;6117802;6799125;10605026;93450;6151760;11728524;188436;0;242
FR;2;2022-04-19;112;237;1120;1731;149;951;1915;0;9;6117914;6799362;10606146;95181;6151909;11729475;190351;0;251
FR;2;2022-04-20;95;241;1109;2172;125;933;2366;0;14;6118009;6799603;10607255;97353;6152034;11730408;192717;0;265
FR;2;2022-04-21;111;233;982;1912;125;837;2140;0;11;6118120;6799836;10608237;99265;6152159;11731245;194857;0;276
FR;2;2022-04-22;100;276;1242;2091;141;1023;2429;0;11;6118220;6800112;10609479;101356;6152300;11732268;197286;0;287
FR;2;2022-04-23;67;156;644;762;107;573;862;0;8;6118287;6800268;10610123;102118;6152407;11732841;198148;0;295
FR;2;2022-04-24;12;29;101;68;11;79;100;0;0;6118299;6800297;10610224;102186;6152418;11732920;198248;0;295
FR;2;2022-04-25;103;204;821;1315;104;711;1513;0;15;6118402;6800501;10611045;103501;6152522;11733631;199761;0;310
FR;2;2022-04-26;108;184;1041;2017;118;878;2215;0;18;6118510;6800685;10612086;105518;6152640;11734509;201976;0;328
FR;2;2022-04-27;98;179;860;1783;120;764;1805;0;7;6118608;6800864;10612946;107301;6152760;11735273;203781;0;335
FR;2;2022-04-28;93;214;950;1930;128;843;2086;0;12;6118701;6801078;10613896;109231;6152888;11736116;205867;0;347
FR;2;2022-04-29;81;280;1130;1696;131;1040;1874;0;11;6118782;6801358;10615026;110927;6153019;11737156;207741;0;358
FR;2;2022-04-30;65;126;470;539;79;429;627;0;9;6118847;6801484;10615496;111466;6153098;11737585;208368;0;367
FR;2;2022-05-01;23;24;84;49;20;85;61;0;1;6118870;6801508;10615580;111515;6153118;11737670;208429;0;368
FR;2;2022-05-02;115;232;762;1216;141;660;1374;0;5;6118985;6801740;10616342;112731;6153259;11738330;209803;0;373
FR;2;2022-05-03;148;233;999;1778;156;938;1892;0;14;6119133;6801973;10617341;114509;6153415;11739268;211695;0;387
FR;2;2022-05-04;90;226;924;1809;116;867;1820;0;13;6119223;6802199;10618265;116318;6153531;11740135;213515;0;400
FR;2;2022-05-05;127;197;853;1719;146;770;1836;0;9;6119350;6802396;10619118;118037;6153677;11740905;215351;0;409
FR;2;2022-05-06;133;246;1100;1855;139;1016;2052;0;16;6119483;6802642;10620218;119892;6153816;11741921;217403;0;425
FR;2;2022-05-07;40;99;470;504;61;406;593;0;4;6119523;6802741;10620688;120396;6153877;11742327;217996;0;429
FR;2;2022-05-08;48;54;107;70;41;102;100;0;0;6119571;6802795;10620795;120466;6153918;11742429;218096;0;429
FR;2;2022-05-09;101;174;654;985;103;604;1129;0;9;6119672;6802969;10621449;121451;6154021;11743033;219225;0;438
FR;2;2022-05-10;121;251;938;1840;154;893;1964;0;23;6119793;6803220;10622387;123291;6154175;11743926;221189;0;461
FR;2;2022-05-11;101;178;811;1873;116;792;1860;0;8;6119894;6803398;10623198;125164;6154291;11744718;223049;0;469
FR;2;2022-05-12;111;173;845;2095;115;803;2212;0;21;6120005;6803571;10624043;127259;6154406;11745521;225261;0;490
FR;2;2022-05-13;100;233;969;2096;120;899;2272;0;13;6120105;6803804;10625012;129355;6154526;11746420;227533;0;503
FR;2;2022-05-14;76;124;451;553;93;411;632;0;6;6120181;6803928;10625463;129908;6154619;11746831;228165;0;509
FR;2;2022-05-15;24;39;94;88;20;108;95;0;1;6120205;6803967;10625557;129996;6154639;11746939;228260;0;510
FR;2;2022-05-16;102;170;601;924;115;537;1036;0;11;6120307;6804137;10626158;130920;6154754;11747476;229296;0;521
FR;2;2022-05-17;95;184;690;1685;119;658;1737;0;8;6120402;6804321;10626848;132605;6154873;11748134;231033;0;529
FR;2;2022-05-18;80;181;642;1431;97;647;1486;0;10;6120482;6804502;10627490;134036;6154970;11748781;232519;0;539
FR;2;2022-05-19;73;161;708;1831;81;751;1816;0;12;6120555;6804663;10628198;135867;6155051;11749532;234335;0;551
FR;2;2022-05-20;107;180;874;1701;110;779;1849;0;17;6120662;6804843;10629072;137568;6155161;11750311;236184;0;568
FR;2;2022-05-21;48;96;397;517;71;338;581;0;8;6120710;6804939;10629469;138085;6155232;11750649;236765;0;576
FR;2;2022-05-22;8;23;69;37;18;57;56;0;0;6120718;6804962;10629538;138122;6155250;11750706;236821;0;576
FR;2;2022-05-23;86;133;498;932;100;469;968;0;7;6120804;6805095;10630036;139054;6155350;11751175;237789;0;583
FR;2;2022-05-24;87;164;627;1621;102;615;1675;0;17;6120891;6805259;10630663;140675;6155452;11751790;239464;0;600
FR;2;2022-05-25;72;145;539;1148;90;493;1259;0;5;6120963;6805404;10631202;141823;6155542;11752283;240723;0;605
FR;2;2022-05-26;11;31;77;43;13;85;54;0;1;6120974;6805435;10631279;141866;6155555;11752368;240777;0;606
FR;2;2022-05-27;44;123;456;818;67;438;893;0;9;6121018;6805558;10631735;142684;6155622;11752806;241670;0;615
FR;2;2022-05-28;28;60;221;244;29;221;266;0;1;6121046;6805618;10631956;142928;6155651;11753027;241936;0;616
FR;2;2022-05-29;13;34;43;25;22;51;28;0;0;6121059;6805652;10631999;142953;6155673;11753078;241964;0;616
FR;2;2022-05-30;65;108;424;755;59;409;806;0;6;6121124;6805760;10632423;143708;6155732;11753487;242770;0;622
FR;2;2022-05-31;76;135;564;1276;92;511;1302;0;12;6121200;6805895;10632987;144984;6155824;11753998;244072;0;634
FR;2;2022-06-01;59;157;562;1075;83;541;1170;0;6;6121259;6806052;10633549;146059;6155907;11754539;245242;0;640
FR;2;2022-06-02;92;177;625;1413;109;591;1519;0;12;6121351;6806229;10634174;147472;6156016;11755130;246761;0;652
FR;2;2022-06-03;71;155;667;1604;94;593;1693;0;19;6121422;6806384;10634841;149076;6156110;11755723;248454;0;671
FR;2;2022-06-04;69;93;283;433;66;269;475;0;11;6121491;6806477;10635124;149509;6156176;11755992;248929;0;682
FR;2;2022-06-05;12;17;63;57;16;47;74;0;1;6121503;6806494;10635187;149566;6156192;11756039;249003;0;683
FR;2;2022-06-06;11;35;92;75;24;92;80;0;3;6121514;6806529;10635279;149641;6156216;11756131;249083;0;686
FR;2;2022-06-07;99;222;667;1535;155;577;1661;0;10;6121613;6806751;10635946;151176;6156371;11756708;250744;0;696
FR;2;2022-06-08;70;118;475;1166;77;411;1261;0;5;6121683;6806869;10636421;152342;6156448;11757119;252005;0;701
FR;2;2022-06-09;93;166;613;1922;107;571;1927;0;18;6121776;6807035;10637034;154264;6156555;11757690;253932;0;719
FR;2;2022-06-10;91;167;650;1683;107;621;1774;0;23;6121867;6807202;10637684;155947;6156662;11758311;255706;0;742
FR;2;2022-06-11;43;84;287;528;41;258;582;0;5;6121910;6807286;10637971;156475;6156703;11758569;256288;0;747
FR;2;2022-06-12;18;38;58;78;27;60;78;0;0;6121928;6807324;10638029;156553;6156730;11758629;256366;0;747
FR;2;2022-06-13;39;119;393;952;63;378;1018;0;6;6121967;6807443;10638422;157505;6156793;11759007;257384;0;753
FR;2;2022-06-14;68;157;599;2087;101;537;2188;0;14;6122035;6807600;10639021;159592;6156894;11759544;259572;0;767
FR;2;2022-06-15;78;104;520;1503;84;444;1638;0;10;6122113;6807704;10639541;161095;6156978;11759988;261210;0;777
FR;2;2022-06-16;127;127;495;1411;122;422;1526;0;12;6122240;6807831;10640036;162506;6157100;11760410;262736;0;789
FR;2;2022-06-17;73;136;588;1817;86;515;1921;0;16;6122313;6807967;10640624;164323;6157186;11760925;264657;0;805
FR;2;2022-06-18;76;93;224;579;81;196;630;0;4;6122389;6808060;10640848;164902;6157267;11761121;265287;0;809
FR;2;2022-06-19;11;17;53;71;7;41;90;0;2;6122400;6808077;10640901;164973;6157274;11761162;265377;0;811
FR;2;2022-06-20;62;125;401;1027;71;392;1104;0;10;6122462;6808202;10641302;166000;6157345;11761554;266481;0;821
FR;2;2022-06-21;107;115;524;2123;104;453;2160;0;22;6122569;6808317;10641826;168123;6157449;11762007;268641;0;843
FR;2;2022-06-22;39;110;462;1889;57;415;1971;0;25;6122608;6808427;10642288;170012;6157506;11762422;270612;0;868
FR;2;2022-06-23;58;108;537;2281;67;452;2399;0;30;6122666;6808535;10642825;172293;6157573;11762874;273011;0;898
FR;2;2022-06-24;66;122;709;3199;66;571;3339;0;38;6122732;6808657;10643534;175492;6157639;11763445;276350;0;936
FR;2;2022-06-25;30;90;297;987;55;253;1040;0;13;6122762;6808747;10643831;176479;6157694;11763698;277390;0;949
FR;2;2022-06-26;30;27;131;194;29;97;236;0;5;6122792;6808774;10643962;176673;6157723;11763795;277626;0;954
FR;2;2022-06-27;79;137;581;2488;94;482;2621;0;39;6122871;6808911;10644543;179161;6157817;11764277;280247;0;993
FR;2;2022-06-28;109;140;812;4816;81;650;4893;0;54;6122980;6809051;10645355;183977;6157898;11764927;285140;0;1047
FR;2;2022-06-29;73;150;776;4432;80;637;4528;0;56;6123053;6809201;10646131;188409;6157978;11765564;289668;0;1103
FR;2;2022-06-30;72;133;832;5177;71;618;5397;0;79;6123125;6809334;10646963;193586;6158049;11766182;295065;0;1182
FR;2;2022-07-01;112;159;1149;6691;94;849;6943;0;90;6123237;6809493;10648112;200277;6158143;11767031;302008;0;1272
FR;2;2022-07-02;68;132;474;1976;82;392;2067;0;27;6123305;6809625;10648586;202253;6158225;11767423;304075;0;1299
FR;2;2022-07-03;23;30;146;334;21;130;357;0;8;6123328;6809655;10648732;202587;6158246;11767553;304432;0;1307
FR;2;2022-07-04;120;180;775;3785;108;612;3972;0;49;6123448;6809835;10649507;206372;6158354;11768165;308404;0;1356
FR;2;2022-07-05;118;186;1121;6818;119;828;6999;0;85;6123566;6810021;10650628;213190;6158473;11768993;315403;0;1441
FR;2;2022-07-06;92;149;951;5807;91;697;5933;0;84;6123658;6810170;10651579;218997;6158564;11769690;321336;0;1525
FR;2;2022-07-07;81;185;1020;6498;115;750;6730;0;101;6123739;6810355;10652599;225495;6158679;11770440;328066;0;1626
FR;2;2022-07-08;65;122;1095;7044;51;758;7235;0;123;6123804;6810477;10653694;232539;6158730;11771198;335301;0;1749
FR;2;2022-07-09;34;61;418;1869;30;299;1920;0;33;6123838;6810538;10654112;234408;6158760;11771497;337221;0;1782
FR;2;2022-07-10;6;17;96;315;8;82;327;0;5;6123844;6810555;10654208;234723;6158768;11771579;337548;0;1787
FR;2;2022-07-11;68;120;683;3825;75;540;3901;0;67;6123912;6810675;10654891;238548;6158843;11772119;341449;0;1854
FR;2;2022-07-12;102;179;1054;6517;106;809;6725;0;119;6124014;6810854;10655945;245065;6158949;11772928;348174;0;1973
FR;2;2022-07-13;64;126;879;4664;74;591;4830;0;78;6124078;6810980;10656824;249729;6159023;11773519;353004;0;2051
FR;2;2022-07-14;6;13;88;248;8;59;267;0;8;6124084;6810993;10656912;249977;6159031;11773578;353271;0;2059
FR;2;2022-07-15;61;129;739;3792;53;560;3958;0;75;6124145;6811122;10657651;253769;6159084;11774138;357229;0;2134
FR;2;2022-07-16;27;54;289;1029;30;242;1075;0;25;6124172;6811176;10657940;254798;6159114;11774380;358304;0;2159
FR;2;2022-07-17;5;12;77;201;6;66;207;0;6;6124177;6811188;10658017;254999;6159120;11774446;358511;0;2165
FR;2;2022-07-18;57;103;514;2509;61;384;2648;0;59;6124234;6811291;10658531;257508;6159181;11774830;361159;0;2224
FR;2;2022-07-19;66;133;770;4254;72;555;4443;0;72;6124300;6811424;10659301;261762;6159253;11775385;365602;0;2296
FR;2;2022-07-20;59;118;581;3179;68;431;3277;0;87;6124359;6811542;10659882;264941;6159321;11775816;368879;0;2383
FR;2;2022-07-21;60;110;671;3678;73;485;3795;0;105;6124419;6811652;10660553;268619;6159394;11776301;372674;0;2488
FR;2;2022-07-22;51;99;698;3548;48;506;3697;0;80;6124470;6811751;10661251;272167;6159442;11776807;376371;0;2568
FR;2;2022-07-23;39;97;290;1173;52;229;1226;0;37;6124509;6811848;10661541;273340;6159494;11777036;377597;0;2605
FR;2;2022-07-24;14;23;68;201;18;67;203;0;7;6124523;6811871;10661609;273541;6159512;11777103;377800;0;2612
FR;2;2022-07-25;50;71;405;1937;60;300;1999;0;56;6124573;6811942;10662014;275478;6159572;11777403;379799;0;2668
FR;2;2022-07-26;57;133;606;3423;66;477;3496;0;113;6124630;6812075;10662620;278901;6159638;11777880;383295;0;2781
FR;2;2022-07-27;42;81;457;2782;50;361;2801;0;89;6124672;6812156;10663077;281683;6159688;11778241;386096;0;2870
FR;2;2022-07-28;29;75;450;2484;36;357;2488;0;78;6124701;6812231;10663527;284167;6159724;11778598;388584;0;2948
FR;2;2022-07-29;68;88;535;2857;63;347;2978;0;72;6124769;6812319;10664062;287024;6159787;11778945;391562;0;3020
FR;2;2022-07-30;22;38;162;774;31;110;793;0;24;6124791;6812357;10664224;287798;6159818;11779055;392355;0;3044
FR;2;2022-07-31;6;13;27;104;12;21;110;0;2;6124797;6812370;10664251;287902;6159830;11779076;392465;0;3046
FR;2;2022-08-01;38;105;323;1261;73;260;1343;0;29;6124835;6812475;10664574;289163;6159903;11779336;393808;0;3075
FR;2;2022-08-02;49;75;325;2060;50;247;2096;0;78;6124884;6812550;10664899;291223;6159953;11779583;395904;0;3153
FR;2;2022-08-03;29;53;259;1611;25;187;1617;0;57;6124913;6812603;10665158;292834;6159978;11779770;397521;0;3210
FR;2;2022-08-04;40;65;306;1686;39;240;1699;0;66;6124953;6812668;10665464;294520;6160017;11780010;399220;0;3276
FR;2;2022-08-05;33;94;328;1880;67;236;1911;0;60;6124986;6812762;10665792;296400;6160084;11780246;401131;0;3336
FR;2;2022-08-06;22;40;106;365;28;82;372;0;10;6125008;6812802;10665898;296765;6160112;11780328;401503;0;3346
FR;2;2022-08-07;7;8;14;69;5;16;70;0;3;6125015;6812810;10665912;296834;6160117;11780344;401573;0;3349
FR;2;2022-08-08;19;35;218;877;22;146;915;0;33;6125034;6812845;10666130;297711;6160139;11780490;402488;0;3382
FR;2;2022-08-09;29;51;279;1475;40;238;1471;0;49;6125063;6812896;10666409;299186;6160179;11780728;403959;0;3431
FR;2;2022-08-10;15;21;213;1131;18;150;1152;0;46;6125078;6812917;10666622;300317;6160197;11780878;405111;0;3477
FR;2;2022-08-11;21;41;174;1038;26;117;1047;0;40;6125099;6812958;10666796;301355;6160223;11780995;406158;0;3517
FR;2;2022-08-12;36;49;184;1044;37;140;1067;0;35;6125135;6813007;10666980;302399;6160260;11781135;407225;0;3552
FR;2;2022-08-13;9;19;47;149;15;53;137;0;5;6125144;6813026;10667027;302548;6160275;11781188;407362;0;3557
FR;2;2022-08-14;1;2;12;52;1;11;54;0;1;6125145;6813028;10667039;302600;6160276;11781199;407416;0;3558
FR;2;2022-08-15;0;5;32;22;2;21;21;0;3;6125145;6813033;10667071;302622;6160278;11781220;407437;0;3561
FR;2;2022-08-16;27;32;144;681;33;120;678;0;33;6125172;6813065;10667215;303303;6160311;11781340;408115;0;3594
FR;2;2022-08-17;17;26;109;738;18;88;744;0;34;6125189;6813091;10667324;304041;6160329;11781428;408859;0;3628
FR;2;2022-08-18;14;28;159;835;12;106;851;0;42;6125203;6813119;10667483;304876;6160341;11781534;409710;0;3670
FR;2;2022-08-19;8;38;117;705;31;86;706;0;33;6125211;6813157;10667600;305581;6160372;11781620;410416;0;3703
FR;2;2022-08-20;6;26;61;197;16;52;201;0;8;6125217;6813183;10667661;305778;6160388;11781672;410617;0;3711
FR;2;2022-08-21;4;14;15;19;6;13;31;0;0;6125221;6813197;10667676;305797;6160394;11781685;410648;0;3711
FR;2;2022-08-22;11;24;116;395;16;73;451;0;13;6125232;6813221;10667792;306192;6160410;11781758;411099;0;3724
FR;2;2022-08-23;11;41;134;671;22;112;679;0;38;6125243;6813262;10667926;306863;6160432;11781870;411778;0;3762
FR;2;2022-08-24;11;28;87;466;21;80;472;0;18;6125254;6813290;10668013;307329;6160453;11781950;412250;0;3780
FR;2;2022-08-25;8;32;109;481;16;69;516;0;17;6125262;6813322;10668122;307810;6160469;11782019;412766;0;3797
FR;2;2022-08-26;15;46;117;720;36;91;713;0;32;6125277;6813368;10668239;308530;6160505;11782110;413479;0;3829
FR;2;2022-08-27;10;19;47;156;16;42;164;0;2;6125287;6813387;10668286;308686;6160521;11782152;413643;0;3831
FR;2;2022-08-28;1;5;5;15;1;7;16;0;1;6125288;6813392;10668291;308701;6160522;11782159;413659;0;3832
FR;2;2022-08-29;24;43;93;400;29;87;396;0;24;6125312;6813435;10668384;309101;6160551;11782246;414055;0;3856
FR;2;2022-08-30;31;54;154;791;34;119;798;0;29;6125343;6813489;10668538;309892;6160585;11782365;414853;0;3885
FR;2;2022-08-31;19;35;85;392;22;79;393;0;25;6125362;6813524;10668623;310284;6160607;11782444;415246;0;3910
FR;2;2022-09-01;19;42;139;600;24;122;609;0;36;6125381;6813566;10668762;310884;6160631;11782566;415855;0;3946
FR;2;2022-09-02;34;56;146;744;34;158;748;0;32;6125415;6813622;10668908;311628;6160665;11782724;416603;0;3978
FR;2;2022-09-03;17;20;83;205;11;67;213;0;7;6125432;6813642;10668991;311833;6160676;11782791;416816;0;3985
FR;2;2022-09-04;8;5;9;31;2;10;30;0;3;6125440;6813647;10669000;311864;6160678;11782801;416846;0;3988
FR;2;2022-09-05;28;29;125;367;23;96;396;0;24;6125468;6813676;10669125;312231;6160701;11782897;417242;0;4012
FR;2;2022-09-06;43;62;158;761;42;153;767;0;36;6125511;6813738;10669283;312992;6160743;11783050;418009;0;4048
FR;2;2022-09-07;21;20;74;375;16;49;387;0;22;6125532;6813758;10669357;313367;6160759;11783099;418396;0;4070
FR;2;2022-09-08;31;57;109;636;40;100;646;0;22;6125563;6813815;10669466;314003;6160799;11783199;419042;0;4092
FR;2;2022-09-09;18;24;126;751;21;74;744;0;46;6125581;6813839;10669592;314754;6160820;11783273;419786;0;4138
FR;2;2022-09-10;14;24;57;117;16;48;131;0;4;6125595;6813863;10669649;314871;6160836;11783321;419917;0;4142
FR;2;2022-09-11;11;5;10;11;2;12;13;0;0;6125606;6813868;10669659;314882;6160838;11783333;419930;0;4142
FR;2;2022-09-12;20;30;69;340;25;55;352;0;16;6125626;6813898;10669728;315222;6160863;11783388;420282;0;4158
FR;2;2022-09-13;15;34;125;670;13;99;674;0;40;6125641;6813932;10669853;315892;6160876;11783487;420956;0;4198
FR;2;2022-09-14;19;21;81;480;19;59;478;0;36;6125660;6813953;10669934;316372;6160895;11783546;421434;0;4234
FR;2;2022-09-15;22;43;125;486;25;101;493;0;47;6125682;6813996;10670059;316858;6160920;11783647;421927;0;4281
FR;2;2022-09-16;21;30;122;563;17;89;585;0;39;6125703;6814026;10670181;317421;6160937;11783736;422512;0;4320
FR;2;2022-09-17;6;20;56;160;15;52;147;0;13;6125709;6814046;10670237;317581;6160952;11783788;422659;0;4333
FR;2;2022-09-18;4;7;13;37;6;10;37;0;3;6125713;6814053;10670250;317618;6160958;11783798;422696;0;4336
FR;2;2022-09-19;26;24;114;353;16;87;381;0;22;6125739;6814077;10670364;317971;6160974;11783885;423077;0;4358
FR;2;2022-09-20;27;27;117;624;21;84;639;0;38;6125766;6814104;10670481;318595;6160995;11783969;423716;0;4396
FR;2;2022-09-21;15;30;100;393;15;78;418;0;22;6125781;6814134;10670581;318988;6161010;11784047;424134;0;4418
FR;2;2022-09-22;16;39;123;581;18;94;619;0;28;6125797;6814173;10670704;319569;6161028;11784141;424753;0;4446
FR;2;2022-09-23;21;38;135;555;22;111;570;0;39;6125818;6814211;10670839;320124;6161050;11784252;425323;0;4485
FR;2;2022-09-24;10;8;51;190;6;36;201;0;6;6125828;6814219;10670890;320314;6161056;11784288;425524;0;4491
FR;2;2022-09-25;9;11;14;29;11;11;33;0;5;6125837;6814230;10670904;320343;6161067;11784299;425557;0;4496
FR;2;2022-09-26;21;40;103;447;27;79;458;0;20;6125858;6814270;10671007;320790;6161094;11784378;426015;0;4516
FR;2;2022-09-27;29;46;159;906;35;108;861;0;52;6125887;6814316;10671166;321696;6161129;11784486;426876;0;4568
FR;2;2022-09-28;15;31;93;421;18;74;439;0;23;6125902;6814347;10671259;322117;6161147;11784560;427315;0;4591
FR;2;2022-09-29;26;47;114;618;22;110;630;0;33;6125928;6814394;10671373;322735;6161169;11784670;427945;0;4624
FR;2;2022-09-30;24;44;111;520;43;84;533;0;31;6125952;6814438;10671484;323255;6161212;11784754;428478;0;4655
FR;2;2022-10-01;11;20;51;128;20;36;129;0;8;6125963;6814458;10671535;323383;6161232;11784790;428607;0;4663
FR;2;2022-10-02;0;5;8;21;4;5;25;0;2;6125963;6814463;10671543;323404;6161236;11784795;428632;0;4665
FR;2;2022-10-03;22;29;83;291;25;66;305;0;22;6125985;6814492;10671626;323695;6161261;11784861;428937;0;4687
FR;2;2022-10-04;17;21;105;600;19;71;619;0;45;6126002;6814513;10671731;324295;6161280;11784932;429556;0;4732
FR;2;2022-10-05;20;29;75;491;24;67;488;0;54;6126022;6814542;10671806;324786;6161304;11784999;430044;0;4786
FR;2;2022-10-06;30;23;74;442;17;71;428;0;65;6126052;6814565;10671880;325228;6161321;11785070;430472;0;4851
FR;2;2022-10-07;21;29;86;499;26;65;503;0;42;6126073;6814594;10671966;325727;6161347;11785135;430975;0;4893
FR;2;2022-10-08;12;8;23;114;3;24;108;0;12;6126085;6814602;10671989;325841;6161350;11785159;431083;0;4905
FR;2;2022-10-09;1;8;15;17;6;11;22;0;5;6126086;6814610;10672004;325858;6161356;11785170;431105;0;4910
FR;2;2022-10-10;18;24;46;223;22;49;217;0;21;6126104;6814634;10672050;326081;6161378;11785219;431322;0;4931
FR;2;2022-10-11;15;14;47;253;11;38;240;0;52;6126119;6814648;10672097;326334;6161389;11785257;431562;0;4983
FR;2;2022-10-12;8;17;52;290;13;36;305;0;56;6126127;6814665;10672149;326624;6161402;11785293;431867;0;5039
FR;2;2022-10-13;11;14;47;271;9;47;262;0;25;6126138;6814679;10672196;326895;6161411;11785340;432129;0;5064
FR;2;2022-10-14;11;26;35;229;15;39;229;0;29;6126149;6814705;10672231;327124;6161426;11785379;432358;0;5093
FR;2;2022-10-15;4;10;22;111;4;17;113;0;15;6126153;6814715;10672253;327235;6161430;11785396;432471;0;5108
FR;2;2022-10-16;0;5;4;10;5;6;8;0;0;6126153;6814720;10672257;327245;6161435;11785402;432479;0;5108
FR;2;2022-10-17;15;17;31;121;16;26;131;0;29;6126168;6814737;10672288;327366;6161451;11785428;432610;0;5137
FR;2;2022-10-18;13;11;68;181;5;34;217;0;41;6126181;6814748;10672356;327547;6161456;11785462;432827;0;5178
FR;2;2022-10-19;8;17;36;182;12;30;184;0;42;6126189;6814765;10672392;327729;6161468;11785492;433011;0;5220
FR;2;2022-10-20;11;29;41;200;15;40;196;0;52;6126200;6814794;10672433;327929;6161483;11785532;433207;0;5272
FR;2;2022-10-21;5;15;58;232;6;52;221;0;30;6126205;6814809;10672491;328161;6161489;11785584;433428;0;5302
FR;2;2022-10-22;8;7;25;101;2;23;102;0;20;6126213;6814816;10672516;328262;6161491;11785607;433530;0;5322
FR;2;2022-10-23;0;3;1;5;3;0;6;0;2;6126213;6814819;10672517;328267;6161494;11785607;433536;0;5324
FR;2;2022-10-24;12;12;16;109;12;16;112;0;20;6126225;6814831;10672533;328376;6161506;11785623;433648;0;5344
FR;2;2022-10-25;12;7;23;138;6;15;145;0;51;6126237;6814838;10672556;328514;6161512;11785638;433793;0;5395
FR;2;2022-10-26;4;3;16;88;2;10;94;0;27;6126241;6814841;10672572;328602;6161514;11785648;433887;0;5422
FR;2;2022-10-27;7;9;18;86;9;20;69;0;26;6126248;6814850;10672590;328688;6161523;11785668;433956;0;5448
FR;2;2022-10-28;5;3;15;91;3;7;92;0;27;6126253;6814853;10672605;328779;6161526;11785675;434048;0;5475
FR;2;2022-10-29;7;8;18;33;6;14;37;0;8;6126260;6814861;10672623;328812;6161532;11785689;434085;0;5483
FR;2;2022-10-30;3;7;5;8;5;2;5;0;1;6126263;6814868;10672628;328820;6161537;11785691;434090;0;5484
FR;2;2022-10-31;2;8;6;49;6;10;48;0;11;6126265;6814876;10672634;328869;6161543;11785701;434138;0;5495
FR;2;2022-11-01;0;0;7;1;0;5;3;0;0;6126265;6814876;10672641;328870;6161543;11785706;434141;0;5495
FR;2;2022-11-02;5;5;11;44;5;12;44;0;11;6126270;6814881;10672652;328914;6161548;11785718;434185;0;5506
FR;2;2022-11-03;6;7;15;77;6;10;74;0;18;6126276;6814888;10672667;328991;6161554;11785728;434259;0;5524
FR;2;2022-11-04;7;12;13;85;10;13;92;0;10;6126283;6814900;10672680;329076;6161564;11785741;434351;0;5534
FR;2;2022-11-05;0;11;11;38;6;15;35;0;6;6126283;6814911;10672691;329114;6161570;11785756;434386;0;5540
FR;2;2022-11-06;0;1;2;1;0;3;0;0;2;6126283;6814912;10672693;329115;6161570;11785759;434386;0;5542
FR;2;2022-11-07;11;7;14;64;5;13;63;0;20;6126294;6814919;10672707;329179;6161575;11785772;434449;0;5562
FR;2;2022-11-08;10;6;18;58;4;14;65;0;27;6126304;6814925;10672725;329237;6161579;11785786;434514;0;5589
FR;2;2022-11-09;4;5;17;56;2;17;50;0;28;6126308;6814930;10672742;329293;6161581;11785803;434564;0;5617
FR;2;2022-11-10;6;10;17;74;7;14;76;0;14;6126314;6814940;10672759;329367;6161588;11785817;434640;0;5631
FR;2;2022-11-11;0;3;7;3;0;8;4;0;0;6126314;6814943;10672766;329370;6161588;11785825;434644;0;5631
FR;2;2022-11-12;2;5;3;19;4;3;19;0;4;6126316;6814948;10672769;329389;6161592;11785828;434663;0;5635
FR;2;2022-11-13;2;2;3;1;1;4;0;0;0;6126318;6814950;10672772;329390;6161593;11785832;434663;0;5635
FR;2;2022-11-14;4;6;11;29;3;8;33;0;7;6126322;6814956;10672783;329419;6161596;11785840;434696;0;5642
FR;2;2022-11-15;5;12;12;35;13;15;32;0;7;6126327;6814968;10672795;329454;6161609;11785855;434728;0;5649
FR;2;2022-11-16;3;3;2;45;2;2;46;0;18;6126330;6814971;10672797;329499;6161611;11785857;434774;0;5667
FR;2;2022-11-17;2;6;7;51;5;4;50;0;22;6126332;6814977;10672804;329550;6161616;11785861;434824;0;5689
FR;2;2022-11-18;3;4;7;35;4;6;38;0;9;6126335;6814981;10672811;329585;6161620;11785867;434862;0;5698
FR;2;2022-11-19;2;2;0;24;2;1;17;0;4;6126337;6814983;10672811;329609;6161622;11785868;434879;0;5702
FR;2;2022-11-20;0;2;5;3;2;5;1;0;6;6126337;6814985;10672816;329612;6161624;11785873;434880;0;5708
FR;2;2022-11-21;6;6;7;31;3;7;33;0;22;6126343;6814991;10672823;329643;6161627;11785880;434913;0;5730
FR;2;2022-11-22;6;8;18;59;6;19;64;0;71;6126349;6814999;10672841;329702;6161633;11785899;434977;0;5801
FR;2;2022-11-23;7;6;7;66;3;5;71;0;7;6126356;6815005;10672848;329768;6161636;11785904;435048;0;5808
FR;2;2022-11-24;2;2;9;48;2;5;55;0;10;6126358;6815007;10672857;329816;6161638;11785909;435103;0;5818
FR;2;2022-11-25;11;7;7;25;10;9;26;0;7;6126369;6815014;10672864;329841;6161648;11785918;435129;0;5825
FR;2;2022-11-26;0;5;3;7;3;5;6;0;0;6126369;6815019;10672867;329848;6161651;11785923;435135;0;5825
FR;2;2022-11-27;0;0;0;2;0;0;1;0;1;6126369;6815019;10672867;329850;6161651;11785923;435136;0;5826
FR;2;2022-11-28;0;2;7;35;1;5;36;0;5;6126369;6815021;10672874;329885;6161652;11785928;435172;0;5831
FR;2;2022-11-29;1;1;7;24;0;2;29;0;8;6126370;6815022;10672881;329909;6161652;11785930;435201;0;5839
FR;3;2020-12-27;0;0;0;0;0;0;0;0;0;0;0;0;0;0;0;0;0;0
FR;3;2020-12-28;0;0;0;0;0;0;0;0;0;0;0;0;0;0;0;0;0;0
FR;3;2020-12-29;0;0;0;0;0;0;0;0;0;0;0;0;0;0;0;0;0;0
FR;3;2020-12-30;0;0;0;0;0;0;0;0;0;0;0;0;0;0;0;0;0;0
FR;3;2020-12-31;0;0;0;0;0;0;0;0;0;0;0;0;0;0;0;0;0;0
FR;3;2021-01-01;0;0;0;0;0;0;0;0;0;0;0;0;0;0;0;0;0;0
FR;3;2021-01-02;0;0;0;0;0;0;0;0;0;0;0;0;0;0;0;0;0;0
FR;3;2021-01-03;0;0;0;0;0;0;0;0;0;0;0;0;0;0;0;0;0;0
FR;3;2021-01-04;0;0;0;0;0;0;0;0;0;0;0;0;0;0;0;0;0;0
FR;3;2021-01-05;0;0;0;0;0;0;0;0;0;0;0;0;0;0;0;0;0;0
FR;3;2021-01-06;0;0;0;0;0;0;0;0;0;0;0;0;0;0;0;0;0;0
FR;3;2021-01-07;0;0;0;0;0;0;0;0;0;0;0;0;0;0;0;0;0;0
FR;3;2021-01-08;0;0;0;0;0;0;0;0;0;0;0;0;0;0;0;0;0;0
FR;3;2021-01-09;0;0;0;0;0;0;0;0;0;0;0;0;0;0;0;0;0;0
FR;3;2021-01-10;0;0;0;0;0;0;0;0;0;0;0;0;0;0;0;0;0;0
FR;3;2021-01-11;0;0;0;0;0;0;0;0;0;0;0;0;0;0;0;0;0;0
FR;3;2021-01-12;0;0;0;0;0;0;0;0;0;0;0;0;0;0;0;0;0;0
FR;3;2021-01-13;0;0;0;0;0;0;0;0;0;0;0;0;0;0;0;0;0;0
FR;3;2021-01-14;0;0;0;0;0;0;0;0;0;0;0;0;0;0;0;0;0;0
FR;3;2021-01-15;0;0;0;0;0;0;0;0;0;0;0;0;0;0;0;0;0;0
FR;3;2021-01-16;0;0;0;0;0;0;0;0;0;0;0;0;0;0;0;0;0;0
FR;3;2021-01-17;0;0;0;0;0;0;0;0;0;0;0;0;0;0;0;0;0;0
FR;3;2021-01-18;0;0;0;0;0;0;0;0;0;0;0;0;0;0;0;0;0;0
FR;3;2021-01-19;0;0;0;0;0;0;0;0;0;0;0;0;0;0;0;0;0;0
FR;3;2021-01-20;0;0;0;0;0;0;0;0;0;0;0;0;0;0;0;0;0;0
FR;3;2021-01-21;0;0;0;0;0;0;0;0;0;0;0;0;0;0;0;0;0;0
FR;3;2021-01-22;0;0;0;0;0;0;0;0;0;0;0;0;0;0;0;0;0;0
FR;3;2021-01-23;0;0;0;0;0;0;0;0;0;0;0;0;0;0;0;0;0;0
FR;3;2021-01-24;0;0;0;0;0;0;0;0;0;0;0;0;0;0;0;0;0;0
FR;3;2021-01-25;0;0;0;0;0;0;0;0;0;0;0;0;0;0;0;0;0;0
FR;3;2021-01-26;0;0;0;0;0;0;0;0;0;0;0;0;0;0;0;0;0;0
FR;3;2021-01-27;0;0;0;0;0;0;0;0;0;0;0;0;0;0;0;0;0;0
FR;3;2021-01-28;0;0;0;0;0;0;0;0;0;0;0;0;0;0;0;0;0;0
FR;3;2021-01-29;0;0;0;0;0;0;0;0;0;0;0;0;0;0;0;0;0;0
FR;3;2021-01-30;0;0;0;0;0;0;0;0;0;0;0;0;0;0;0;0;0;0
FR;3;2021-01-31;0;0;0;0;0;0;0;0;0;0;0;0;0;0;0;0;0;0
FR;3;2021-02-01;0;0;0;0;0;0;0;0;0;0;0;0;0;0;0;0;0;0
FR;3;2021-02-02;0;0;0;0;0;0;0;0;0;0;0;0;0;0;0;0;0;0
FR;3;2021-02-03;0;0;0;0;0;0;0;0;0;0;0;0;0;0;0;0;0;0
FR;3;2021-02-04;0;0;0;0;0;0;0;0;0;0;0;0;0;0;0;0;0;0
FR;3;2021-02-05;0;0;0;0;0;0;0;0;0;0;0;0;0;0;0;0;0;0
FR;3;2021-02-06;1520;0;0;0;108;0;0;0;0;1520;0;0;0;108;0;0;0;0
FR;3;2021-02-07;1423;1;0;0;86;0;0;0;0;2943;1;0;0;194;0;0;0;0
FR;3;2021-02-08;2789;1;0;0;177;0;0;0;0;5732;2;0;0;371;0;0;0;0
FR;3;2021-02-09;6784;0;0;0;502;0;0;0;0;12516;2;0;0;873;0;0;0;0
FR;3;2021-02-10;9610;0;0;0;695;0;0;0;0;22126;2;0;0;1568;0;0;0;0
FR;3;2021-02-11;13619;3;0;0;919;0;0;0;0;35745;5;0;0;2487;0;0;0;0
FR;3;2021-02-12;13408;0;0;0;908;0;0;0;0;49153;5;0;0;3395;0;0;0;0
FR;3;2021-02-13;3799;1;0;0;218;0;0;0;0;52952;6;0;0;3613;0;0;0;0
FR;3;2021-02-14;975;1;0;0;53;0;0;0;0;53927;7;0;0;3666;0;0;0;0
FR;3;2021-02-15;10495;2;0;0;719;0;0;0;0;64422;9;0;0;4385;0;0;0;0
FR;3;2021-02-16;12554;5;0;0;872;0;0;0;0;76976;14;0;0;5257;0;0;0;0
FR;3;2021-02-17;11158;1;0;0;717;0;0;0;0;88134;15;0;0;5974;0;0;0;0
FR;3;2021-02-18;14943;2;0;0;985;0;0;0;0;103077;17;0;0;6959;0;0;0;0
FR;3;2021-02-19;14365;1;0;0;846;0;0;0;0;117442;18;0;0;7805;0;0;0;0
FR;3;2021-02-20;3330;0;0;0;179;0;0;0;0;120772;18;0;0;7984;0;0;0;0
FR;3;2021-02-21;619;0;0;0;35;0;0;0;0;121391;18;0;0;8019;0;0;0;0
FR;3;2021-02-22;9170;1;0;0;655;0;0;0;0;130561;19;0;0;8674;0;0;0;0
FR;3;2021-02-23;11400;4;0;0;759;0;0;0;0;141961;23;0;0;9433;0;0;0;0
FR;3;2021-02-24;14306;1;0;0;829;0;0;0;0;156267;24;0;0;10262;0;0;0;0
FR;3;2021-02-25;44933;3;0;0;1814;0;0;0;0;201200;27;0;0;12076;0;0;0;0
FR;3;2021-02-26;61890;9;0;0;2202;0;0;0;0;263090;36;0;0;14278;0;0;0;0
FR;3;2021-02-27;34809;12;0;0;1026;0;0;0;0;297899;48;0;0;15304;0;0;0;0
FR;3;2021-02-28;2464;0;0;0;114;0;0;0;0;300363;48;0;0;15418;0;0;0;0
FR;3;2021-03-01;20521;19;0;0;1065;0;0;0;0;320884;67;0;0;16483;0;0;0;0
FR;3;2021-03-02;38875;23;0;0;1788;0;0;0;0;359759;90;0;0;18271;0;0;0;0
FR;3;2021-03-03;48747;20;0;0;2133;0;0;0;0;408506;110;0;0;20404;0;0;0;0
FR;3;2021-03-04;82226;25;0;0;3194;0;0;0;0;490732;135;0;0;23598;0;0;0;0
FR;3;2021-03-05;118132;42;0;0;4692;0;0;0;0;608864;177;0;0;28290;0;0;0;0
FR;3;2021-03-06;120723;62;1;0;3558;0;0;0;0;729587;239;1;0;31848;0;0;0;0
FR;3;2021-03-07;55183;24;0;0;1729;0;0;0;0;784770;263;1;0;33577;0;0;0;0
FR;3;2021-03-08;42813;29;0;0;2073;0;0;0;0;827583;292;1;0;35650;0;0;0;0
FR;3;2021-03-09;78978;49;0;0;3284;0;0;0;0;906561;341;1;0;38934;0;0;0;0
FR;3;2021-03-10;80981;61;0;0;3238;0;0;0;0;987542;402;1;0;42172;0;0;0;0
FR;3;2021-03-11;128447;61;0;0;4761;0;0;0;0;1115989;463;1;0;46933;0;0;0;0
FR;3;2021-03-12;182723;118;0;0;6278;0;0;0;0;1298712;581;1;0;53211;0;0;0;0
FR;3;2021-03-13;132162;82;0;0;3521;0;0;0;0;1430874;663;1;0;56732;0;0;0;0
FR;3;2021-03-14;14057;5;0;0;550;0;0;0;0;1444931;668;1;0;57282;0;0;0;0
FR;3;2021-03-15;52236;77;0;0;2092;0;0;0;0;1497167;745;1;0;59374;0;0;0;0
FR;3;2021-03-16;1217;46;0;0;102;0;0;0;0;1498384;791;1;0;59476;0;0;0;0
FR;3;2021-03-17;950;52;0;0;91;0;0;0;0;1499334;843;1;0;59567;0;0;0;0
FR;3;2021-03-18;1574;38;0;0;98;0;0;0;0;1500908;881;1;0;59665;0;0;0;0
FR;3;2021-03-19;70458;53;0;0;2057;0;0;0;0;1571366;934;1;0;61722;0;0;0;0
FR;3;2021-03-20;65239;48;0;0;1700;0;0;0;0;1636605;982;1;0;63422;0;0;0;0
FR;3;2021-03-21;5761;8;0;0;199;0;0;0;0;1642366;990;1;0;63621;0;0;0;0
FR;3;2021-03-22;37508;47;0;0;1052;0;0;0;0;1679874;1037;1;0;64673;0;0;0;0
FR;3;2021-03-23;84665;85;0;0;2284;0;0;0;0;1764539;1122;1;0;66957;0;0;0;0
FR;3;2021-03-24;90953;94;0;0;2486;0;0;0;0;1855492;1216;1;0;69443;0;0;0;0
FR;3;2021-03-25;150068;140;0;0;3783;0;0;0;0;2005560;1356;1;0;73226;0;0;0;0
FR;3;2021-03-26;165429;159;0;0;4154;0;0;0;0;2170989;1515;1;0;77380;0;0;0;0
FR;3;2021-03-27;68464;102;0;0;2006;0;0;0;0;2239453;1617;1;0;79386;0;0;0;0
FR;3;2021-03-28;6479;20;0;0;237;0;0;0;0;2245932;1637;1;0;79623;0;0;0;0
FR;3;2021-03-29;54168;78;0;0;1476;0;0;0;0;2300100;1715;1;0;81099;0;0;0;0
FR;3;2021-03-30;93181;103;0;0;2564;0;0;0;0;2393281;1818;1;0;83663;0;0;0;0
FR;3;2021-03-31;63543;111;0;0;1966;0;0;0;0;2456824;1929;1;0;85629;0;0;0;0
FR;3;2021-04-01;86134;112;0;0;2492;0;0;0;0;2542958;2041;1;0;88121;0;0;0;0
FR;3;2021-04-02;86913;182;0;0;2762;0;0;0;0;2629871;2223;1;0;90883;0;0;0;0
FR;3;2021-04-03;35875;130;0;0;1160;0;0;0;0;2665746;2353;1;0;92043;0;0;0;0
FR;3;2021-04-04;3576;19;0;0;164;0;0;0;0;2669322;2372;1;0;92207;0;0;0;0
FR;3;2021-04-05;4491;38;0;0;236;0;0;0;0;2673813;2410;1;0;92443;0;0;0;0
FR;3;2021-04-06;29759;100;0;0;1087;0;0;0;0;2703572;2510;1;0;93530;0;0;0;0
FR;3;2021-04-07;32348;102;0;0;1040;0;0;0;0;2735920;2612;1;0;94570;0;0;0;0
FR;3;2021-04-08;78824;263;0;0;2608;0;0;0;0;2814744;2875;1;0;97178;0;0;0;0
FR;3;2021-04-09;161755;441;0;0;5170;0;0;0;0;2976499;3316;1;0;102348;0;0;0;0
FR;3;2021-04-10;75763;360;0;0;2693;0;0;0;0;3052262;3676;1;0;105041;0;0;0;0
FR;3;2021-04-11;7313;46;0;0;304;0;0;0;0;3059575;3722;1;0;105345;0;0;0;0
FR;3;2021-04-12;51482;213;0;0;1734;0;0;0;0;3111057;3935;1;0;107079;0;0;0;0
FR;3;2021-04-13;86233;352;0;0;2899;0;0;0;0;3197290;4287;1;0;109978;0;0;0;0
FR;3;2021-04-14;67844;371;0;0;2422;0;0;0;0;3265134;4658;1;0;112400;0;0;0;0
FR;3;2021-04-15;93238;397;0;0;3435;0;0;0;0;3358372;5055;1;0;115835;0;0;0;0
FR;3;2021-04-16;112526;606;0;0;4322;0;0;0;0;3470898;5661;1;0;120157;0;0;0;0
FR;3;2021-04-17;53319;356;1;0;2262;0;0;0;0;3524217;6017;2;0;122419;0;0;0;0
FR;3;2021-04-18;9749;44;0;0;419;0;0;0;0;3533966;6061;2;0;122838;0;0;0;0
FR;3;2021-04-19;25114;272;0;0;1078;0;0;0;0;3559080;6333;2;0;123916;0;0;0;0
FR;3;2021-04-20;45674;430;0;0;1903;0;0;0;0;3604754;6763;2;0;125819;0;0;0;0
FR;3;2021-04-21;38985;530;0;0;1874;0;0;0;0;3643739;7293;2;0;127693;0;0;0;0
FR;3;2021-04-22;54720;850;0;0;2801;0;0;0;0;3698459;8143;2;0;130494;0;0;0;0
FR;3;2021-04-23;70491;1076;0;0;3679;0;0;0;0;3768950;9219;2;0;134173;0;0;0;0
FR;3;2021-04-24;37250;1081;0;0;2469;0;0;0;0;3806200;10300;2;0;136642;0;0;0;0
FR;3;2021-04-25;6213;156;0;0;443;0;0;0;0;3812413;10456;2;0;137085;0;0;0;0
FR;3;2021-04-26;19787;684;0;0;1418;0;0;0;0;3832200;11140;2;0;138503;0;0;0;0
FR;3;2021-04-27;34484;1305;0;0;2563;0;0;0;0;3866684;12445;2;0;141066;0;0;0;0
FR;3;2021-04-28;28969;2010;0;0;3126;0;0;0;0;3895653;14455;2;0;144192;0;0;0;0
FR;3;2021-04-29;45388;6081;0;0;7898;0;0;0;0;3941041;20536;2;0;152090;0;0;0;0
FR;3;2021-04-30;55465;9060;1;0;11456;0;0;0;0;3996506;29596;3;0;163546;0;0;0;0
FR;3;2021-05-01;9516;2041;0;0;2472;0;0;0;0;4006022;31637;3;0;166018;0;0;0;0
FR;3;2021-05-02;3078;477;0;0;621;0;0;0;0;4009100;32114;3;0;166639;0;0;0;0
FR;3;2021-05-03;13063;3917;0;0;4484;0;0;0;0;4022163;36031;3;0;171123;0;0;0;0
FR;3;2021-05-04;23116;8417;0;0;9479;0;0;0;0;4045279;44448;3;0;180602;0;0;0;0
FR;3;2021-05-05;18761;10783;0;0;11719;0;0;0;0;4064040;55231;3;0;192321;0;0;0;0
FR;3;2021-05-06;34629;21172;0;0;22717;0;0;0;0;4098669;76403;3;0;215038;0;0;0;0
FR;3;2021-05-07;44209;28775;0;0;31075;0;0;0;0;4142878;105178;3;0;246113;0;0;0;0
FR;3;2021-05-08;6785;9201;0;0;9561;0;0;0;0;4149663;114379;3;0;255674;0;0;0;0
FR;3;2021-05-09;1796;2656;0;0;2756;0;0;0;0;4151459;117035;3;0;258430;0;0;0;0
FR;3;2021-05-10;15001;12847;0;0;13536;0;0;0;0;4166460;129882;3;0;271966;0;0;0;0
FR;3;2021-05-11;27100;26178;0;0;27447;0;0;0;0;4193560;156060;3;0;299413;0;0;0;0
FR;3;2021-05-12;17269;28004;0;0;28934;0;0;0;0;4210829;184064;3;0;328347;0;0;0;0
FR;3;2021-05-13;2285;3508;0;0;3628;0;0;0;0;4213114;187572;3;0;331975;0;0;0;0
FR;3;2021-05-14;14520;26017;0;0;26789;0;0;0;0;4227634;213589;3;0;358764;0;0;0;0
FR;3;2021-05-15;7233;21025;0;0;21448;0;0;0;0;4234867;234614;3;0;380212;0;0;0;0
FR;3;2021-05-16;977;2641;0;0;2685;0;0;0;0;4235844;237255;3;0;382897;0;0;0;0
FR;3;2021-05-17;7966;20135;0;0;20571;0;0;0;0;4243810;257390;3;0;403468;0;0;0;0
FR;3;2021-05-18;13416;30067;0;0;30823;0;0;0;0;4257226;287457;3;0;434291;0;0;0;0
FR;3;2021-05-19;9274;30752;0;0;31334;0;0;0;0;4266500;318209;3;0;465625;0;0;0;0
FR;3;2021-05-20;12806;53708;3;0;54625;0;0;0;0;4279306;371917;6;0;520250;0;0;0;0
FR;3;2021-05-21;12768;66064;2;0;66981;0;0;0;0;4292074;437981;8;0;587231;0;0;0;0
FR;3;2021-05-22;4963;33699;1;0;34077;0;0;0;0;4297037;471680;9;0;621308;0;0;0;0
FR;3;2021-05-23;651;2673;0;0;2705;0;0;0;0;4297688;474353;9;0;624013;0;0;0;0
FR;3;2021-05-24;883;4823;0;0;4867;0;0;0;0;4298571;479176;9;0;628880;0;0;0;0
FR;3;2021-05-25;5311;46417;1;0;46811;0;0;0;0;4303882;525593;10;0;675691;0;0;0;0
FR;3;2021-05-26;4980;51961;1;0;52429;0;0;0;0;4308862;577554;11;0;728120;0;0;0;0
FR;3;2021-05-27;6335;78868;3;0;79469;0;0;0;0;4315197;656422;14;0;807589;0;0;0;0
FR;3;2021-05-28;7544;100125;2;0;100909;0;0;0;0;4322741;756547;16;0;908498;0;0;0;0
FR;3;2021-05-29;3349;60984;1;0;61361;0;0;0;0;4326090;817531;17;0;969859;0;0;0;0
FR;3;2021-05-30;550;8110;0;0;8159;0;0;0;0;4326640;825641;17;0;978018;0;0;0;0
FR;3;2021-05-31;2441;35563;3;0;35825;0;0;0;0;4329081;861204;20;0;1013843;0;0;0;0
FR;3;2021-06-01;3412;64849;10;0;65289;0;0;0;0;4332493;926053;30;0;1079132;0;0;0;0
FR;3;2021-06-02;2734;58818;6;0;59145;0;0;0;0;4335227;984871;36;0;1138277;0;0;0;0
FR;3;2021-06-03;3495;87220;10;0;87746;0;0;0;0;4338722;1072091;46;0;1226023;0;0;0;0
FR;3;2021-06-04;4118;105725;22;0;106374;0;0;0;0;4342840;1177816;68;0;1332397;0;0;0;0
FR;3;2021-06-05;1983;52522;4;0;52830;0;0;0;0;4344823;1230338;72;0;1385227;0;0;0;0
FR;3;2021-06-06;510;5301;1;0;5347;0;0;0;0;4345333;1235639;73;0;1390574;0;0;0;0
FR;3;2021-06-07;1485;30772;11;0;30951;0;0;0;0;4346818;1266411;84;0;1421525;0;0;0;0
FR;3;2021-06-08;2062;47392;18;0;47734;0;0;0;0;4348880;1313803;102;0;1469259;0;0;0;0
FR;3;2021-06-09;1794;41905;13;0;42210;0;0;0;0;4350674;1355708;115;0;1511469;0;0;0;0
FR;3;2021-06-10;2256;67720;17;0;68113;0;0;0;0;4352930;1423428;132;0;1579582;0;0;0;0
FR;3;2021-06-11;2484;96619;34;0;97089;0;0;0;0;4355414;1520047;166;0;1676671;0;0;0;0
FR;3;2021-06-12;1177;40623;6;0;40849;0;0;0;0;4356591;1560670;172;0;1717520;0;0;0;0
FR;3;2021-06-13;283;3649;3;0;3684;0;0;0;0;4356874;1564319;175;0;1721204;0;0;0;0
FR;3;2021-06-14;1048;42351;17;0;42514;0;0;0;0;4357922;1606670;192;0;1763718;0;0;0;0
FR;3;2021-06-15;1376;80427;20;0;80722;0;0;0;0;4359298;1687097;212;0;1844440;0;0;0;0
FR;3;2021-06-16;1261;65516;20;0;65785;0;0;0;0;4360559;1752613;232;0;1910225;0;0;0;0
FR;3;2021-06-17;1667;102192;41;0;102572;0;0;0;0;4362226;1854805;273;0;2012797;0;0;0;0
FR;3;2021-06-18;1871;118347;63;0;118800;0;0;0;0;4364097;1973152;336;0;2131597;0;0;0;0
FR;3;2021-06-19;803;39450;22;0;39640;0;0;0;0;4364900;2012602;358;0;2171237;0;0;0;0
FR;3;2021-06-20;161;3227;0;0;3255;0;0;0;0;4365061;2015829;358;0;2174492;0;0;0;0
FR;3;2021-06-21;773;39089;16;0;39247;0;0;0;0;4365834;2054918;374;0;2213739;0;0;0;0
FR;3;2021-06-22;1065;70062;52;0;70330;0;0;0;0;4366899;2124980;426;0;2284069;0;0;0;0
FR;3;2021-06-23;944;50822;39;0;51092;0;0;0;0;4367843;2175802;465;0;2335161;0;0;0;0
FR;3;2021-06-24;1310;77257;48;0;77628;0;0;0;0;4369153;2253059;513;0;2412789;0;0;0;0
FR;3;2021-06-25;1410;90685;73;0;91114;0;0;0;0;4370563;2343744;586;0;2503903;0;0;0;0
FR;3;2021-06-26;631;33105;29;0;33295;0;0;0;0;4371194;2376849;615;0;2537198;0;0;0;0
FR;3;2021-06-27;166;3808;1;0;3832;0;0;0;0;4371360;2380657;616;0;2541030;0;0;0;0
FR;3;2021-06-28;655;30037;27;0;30230;0;0;0;0;4372015;2410694;643;0;2571260;0;0;0;0
FR;3;2021-06-29;856;56529;95;0;56769;0;0;0;0;4372871;2467223;738;0;2628029;0;0;0;0
FR;3;2021-06-30;905;45179;93;0;45451;0;0;0;0;4373776;2512402;831;0;2673480;0;0;0;0
FR;3;2021-07-01;1164;66022;108;0;66374;0;0;0;0;4374940;2578424;939;0;2739854;0;0;0;0
FR;3;2021-07-02;1305;90503;170;0;90978;0;0;0;0;4376245;2668927;1109;0;2830832;0;0;0;0
FR;3;2021-07-03;602;31180;51;0;31382;0;0;0;0;4376847;2700107;1160;0;2862214;0;0;0;0
FR;3;2021-07-04;144;4021;3;0;4051;0;0;0;0;4376991;2704128;1163;0;2866265;0;0;0;0
FR;3;2021-07-05;612;33654;60;0;33852;0;0;0;0;4377603;2737782;1223;0;2900117;0;0;0;0
FR;3;2021-07-06;963;55950;88;0;56264;0;0;0;0;4378566;2793732;1311;0;2956381;0;0;0;0
FR;3;2021-07-07;872;42971;80;0;43267;0;0;0;0;4379438;2836703;1391;0;2999648;0;0;0;0
FR;3;2021-07-08;1127;60774;99;0;61186;0;0;0;0;4380565;2897477;1490;0;3060834;0;0;0;0
FR;3;2021-07-09;1261;68912;128;0;69379;0;0;0;0;4381826;2966389;1618;0;3130213;0;0;0;0
FR;3;2021-07-10;643;25038;59;0;25237;0;0;0;0;4382469;2991427;1677;0;3155450;0;0;0;0
FR;3;2021-07-11;132;3193;4;0;3219;0;0;0;0;4382601;2994620;1681;0;3158669;0;0;0;0
FR;3;2021-07-12;662;23678;59;0;23891;0;0;0;0;4383263;3018298;1740;0;3182560;0;0;0;0
FR;3;2021-07-13;1647;34517;90;0;35005;0;0;0;0;4384910;3052815;1830;0;3217565;0;0;0;0
FR;3;2021-07-14;271;2491;2;0;2548;0;0;0;0;4385181;3055306;1832;0;3220113;0;0;0;0
FR;3;2021-07-15;1940;30476;85;0;31051;0;0;0;0;4387121;3085782;1917;0;3251164;0;0;0;0
FR;3;2021-07-16;2520;38698;122;0;39437;0;0;0;0;4389641;3124480;2039;0;3290601;0;0;0;0
FR;3;2021-07-17;1051;13726;26;0;14033;0;0;0;0;4390692;3138206;2065;0;3304634;0;0;0;0
FR;3;2021-07-18;266;2561;3;0;2609;0;0;0;0;4390958;3140767;2068;0;3307243;0;0;0;0
FR;3;2021-07-19;1280;16944;38;0;17312;0;0;0;0;4392238;3157711;2106;0;3324555;0;0;0;0
FR;3;2021-07-20;1823;26969;98;0;27513;0;0;0;0;4394061;3184680;2204;0;3352068;0;0;0;0
FR;3;2021-07-21;1651;19547;44;0;20052;0;0;0;0;4395712;3204227;2248;0;3372120;0;0;0;0
FR;3;2021-07-22;1856;27658;83;0;28224;0;0;0;0;4397568;3231885;2331;0;3400344;0;0;0;0
FR;3;2021-07-23;2216;30268;117;0;31010;0;0;0;0;4399784;3262153;2448;0;3431354;0;0;0;0
FR;3;2021-07-24;826;6951;25;0;7174;0;0;0;0;4400610;3269104;2473;0;3438528;0;0;0;0
FR;3;2021-07-25;210;1300;1;0;1355;0;0;0;0;4400820;3270404;2474;0;3439883;0;0;0;0
FR;3;2021-07-26;932;10550;28;0;10857;0;0;0;0;4401752;3280954;2502;0;3450740;0;0;0;0
FR;3;2021-07-27;1169;16824;56;0;17191;0;0;0;0;4402921;3297778;2558;0;3467931;0;0;0;0
FR;3;2021-07-28;989;12019;40;0;12331;0;0;0;0;4403910;3309797;2598;0;3480262;0;0;0;0
FR;3;2021-07-29;1127;15727;63;0;16141;0;0;0;0;4405037;3325524;2661;0;3496403;0;0;0;0
FR;3;2021-07-30;1128;18014;79;0;18390;0;0;0;0;4406165;3343538;2740;0;3514793;0;0;0;0
FR;3;2021-07-31;406;3720;15;0;3843;0;0;0;0;4406571;3347258;2755;0;3518636;0;0;0;0
FR;3;2021-08-01;117;456;1;0;478;0;0;0;0;4406688;3347714;2756;0;3519114;0;0;0;0
FR;3;2021-08-02;421;5048;22;0;5169;0;0;0;0;4407109;3352762;2778;0;3524283;0;0;0;0
FR;3;2021-08-03;498;7488;27;0;7625;0;0;0;0;4407607;3360250;2805;0;3531908;0;0;0;0
FR;3;2021-08-04;439;4844;26;0;4990;0;0;0;0;4408046;3365094;2831;0;3536898;0;0;0;0
FR;3;2021-08-05;432;3665;13;0;3776;0;0;0;0;4408478;3368759;2844;0;3540674;0;0;0;0
FR;3;2021-08-06;456;4710;30;0;4812;0;0;0;0;4408934;3373469;2874;0;3545486;0;0;0;0
FR;3;2021-08-07;214;1899;11;0;1945;0;0;0;0;4409148;3375368;2885;0;3547431;0;0;0;0
FR;3;2021-08-08;250;424;2;0;457;0;0;0;0;4409398;3375792;2887;0;3547888;0;0;0;0
FR;3;2021-08-09;318;2401;11;0;2472;0;0;0;0;4409716;3378193;2898;0;3550360;0;0;0;0
FR;3;2021-08-10;368;3772;15;0;3861;0;0;0;0;4410084;3381965;2913;0;3554221;0;0;0;0
FR;3;2021-08-11;291;2659;15;0;2719;0;0;0;0;4410375;3384624;2928;0;3556940;0;0;0;0
FR;3;2021-08-12;279;2584;13;0;2672;0;0;0;0;4410654;3387208;2941;0;3559612;0;0;0;0
FR;3;2021-08-13;278;2263;16;0;2348;0;0;0;0;4410932;3389471;2957;0;3561960;0;0;0;0
FR;3;2021-08-14;172;885;1;0;916;0;0;0;0;4411104;3390356;2958;0;3562876;0;0;0;0
FR;3;2021-08-15;56;176;0;0;185;0;0;0;0;4411160;3390532;2958;0;3563061;0;0;0;0
FR;3;2021-08-16;124;1030;8;0;1068;0;0;0;0;4411284;3391562;2966;0;3564129;0;0;0;0
FR;3;2021-08-17;190;1444;8;0;1485;0;0;0;0;4411474;3393006;2974;0;3565614;0;0;0;0
FR;3;2021-08-18;204;1314;10;0;1356;0;0;0;0;4411678;3394320;2984;0;3566970;0;0;0;0
FR;3;2021-08-19;165;1381;10;0;1429;0;0;0;0;4411843;3395701;2994;0;3568399;0;0;0;0
FR;3;2021-08-20;167;1601;16;0;1664;0;0;0;0;4412010;3397302;3010;0;3570063;0;0;0;0
FR;3;2021-08-21;93;582;2;0;597;0;0;0;0;4412103;3397884;3012;0;3570660;0;0;0;0
FR;3;2021-08-22;42;190;1;0;193;0;0;0;0;4412145;3398074;3013;0;3570853;0;0;0;0
FR;3;2021-08-23;141;896;7;0;941;0;0;0;0;4412286;3398970;3020;0;3571794;0;0;0;0
FR;3;2021-08-24;125;929;10;0;961;0;0;0;0;4412411;3399899;3030;0;3572755;0;0;0;0
FR;3;2021-08-25;137;824;3;0;853;0;0;0;0;4412548;3400723;3033;0;3573608;0;0;0;0
FR;3;2021-08-26;172;831;9;0;879;0;0;0;0;4412720;3401554;3042;0;3574487;0;0;0;0
FR;3;2021-08-27;178;940;9;0;993;0;0;0;0;4412898;3402494;3051;0;3575480;0;0;0;0
FR;3;2021-08-28;101;376;4;0;393;0;0;0;0;4412999;3402870;3055;0;3575873;0;0;0;0
FR;3;2021-08-29;128;129;1;0;162;0;0;0;0;4413127;3402999;3056;0;3576035;0;0;0;0
FR;3;2021-08-30;100;569;0;0;474;112;0;0;0;4413227;3403568;3056;0;3576509;112;0;0;0
FR;3;2021-08-31;134;691;7;0;592;139;0;0;0;4413361;3404259;3063;0;3577101;251;0;0;0
FR;3;2021-09-01;121;462;5;0;381;110;0;0;0;4413482;3404721;3068;0;3577482;361;0;0;0
FR;3;2021-09-02;100;605;22;0;541;105;0;0;0;4413582;3405326;3090;0;3578023;466;0;0;0
FR;3;2021-09-03;116;562;17;0;485;118;0;0;0;4413698;3405888;3107;0;3578508;584;0;0;0
FR;3;2021-09-04;55;295;3;0;255;51;0;0;0;4413753;3406183;3110;0;3578763;635;0;0;0
FR;3;2021-09-05;51;67;5;0;56;26;0;0;0;4413804;3406250;3115;0;3578819;661;0;0;0
FR;3;2021-09-06;118;370;4;0;262;132;0;0;0;4413922;3406620;3119;0;3579081;793;0;0;0
FR;3;2021-09-07;124;437;14;0;352;117;0;0;0;4414046;3407057;3133;0;3579433;910;0;0;0
FR;3;2021-09-08;121;347;2;0;273;91;0;0;0;4414167;3407404;3135;0;3579706;1001;0;0;0
FR;3;2021-09-09;94;381;8;0;301;103;0;0;0;4414261;3407785;3143;0;3580007;1104;0;0;0
FR;3;2021-09-10;101;403;3;0;331;95;0;0;0;4414362;3408188;3146;0;3580338;1199;0;0;0
FR;3;2021-09-11;78;233;4;0;178;65;0;0;0;4414440;3408421;3150;0;3580516;1264;0;0;0
FR;3;2021-09-12;37;48;1;0;37;16;0;0;0;4414477;3408469;3151;0;3580553;1280;0;0;0
FR;3;2021-09-13;75;306;7;0;222;103;1;0;0;4414552;3408775;3158;0;3580775;1383;1;0;0
FR;3;2021-09-14;75;275;6;0;193;96;0;0;0;4414627;3409050;3164;0;3580968;1479;1;0;0
FR;3;2021-09-15;63;255;3;0;260;6;0;0;0;4414690;3409305;3167;0;3581228;1485;1;0;0
FR;3;2021-09-16;65;322;6;0;333;6;0;0;0;4414755;3409627;3173;0;3581561;1491;1;0;0
FR;3;2021-09-17;52;328;3;0;339;7;0;0;0;4414807;3409955;3176;0;3581900;1498;1;0;0
FR;3;2021-09-18;37;173;1;0;177;1;0;0;0;4414844;3410128;3177;0;3582077;1499;1;0;0
FR;3;2021-09-19;29;31;2;0;34;1;0;0;0;4414873;3410159;3179;0;3582111;1500;1;0;0
FR;3;2021-09-20;81;194;0;0;202;1;0;0;0;4414954;3410353;3179;0;3582313;1501;1;0;0
FR;3;2021-09-21;60;275;6;0;278;7;0;0;0;4415014;3410628;3185;0;3582591;1508;1;0;0
FR;3;2021-09-22;65;232;6;0;243;7;0;0;0;4415079;3410860;3191;0;3582834;1515;1;0;0
FR;3;2021-09-23;37;261;11;0;265;7;0;0;0;4415116;3411121;3202;0;3583099;1522;1;0;0
FR;3;2021-09-24;28;321;12;0;319;18;0;0;0;4415144;3411442;3214;0;3583418;1540;1;0;0
FR;3;2021-09-25;31;143;3;0;149;3;0;0;0;4415175;3411585;3217;0;3583567;1543;1;0;0
FR;3;2021-09-26;16;57;1;0;59;1;0;0;0;4415191;3411642;3218;0;3583626;1544;1;0;0
FR;3;2021-09-27;48;289;3;0;292;5;0;0;0;4415239;3411931;3221;0;3583918;1549;1;0;0
FR;3;2021-09-28;49;246;6;0;254;8;0;0;0;4415288;3412177;3227;0;3584172;1557;1;0;0
FR;3;2021-09-29;39;220;10;0;224;15;0;0;0;4415327;3412397;3237;0;3584396;1572;1;0;0
FR;3;2021-09-30;40;203;8;0;207;10;1;0;0;4415367;3412600;3245;0;3584603;1582;2;0;0
FR;3;2021-10-01;23;160;6;0;162;8;0;0;0;4415390;3412760;3251;0;3584765;1590;2;0;0
FR;3;2021-10-02;17;84;0;0;85;0;0;0;0;4415407;3412844;3251;0;3584850;1590;2;0;0
FR;3;2021-10-03;19;18;1;0;18;2;0;0;0;4415426;3412862;3252;0;3584868;1592;2;0;0
FR;3;2021-10-04;33;158;4;0;163;4;0;0;0;4415459;3413020;3256;0;3585031;1596;2;0;0
FR;3;2021-10-05;17;150;10;0;155;12;0;0;0;4415476;3413170;3266;0;3585186;1608;2;0;0
FR;3;2021-10-06;33;144;8;0;152;9;0;0;0;4415509;3413314;3274;0;3585338;1617;2;0;0
FR;3;2021-10-07;19;136;6;0;134;6;0;0;0;4415528;3413450;3280;0;3585472;1623;2;0;0
FR;3;2021-10-08;25;138;10;0;143;9;0;0;0;4415553;3413588;3290;0;3585615;1632;2;0;0
FR;3;2021-10-09;17;73;1;0;74;1;0;0;0;4415570;3413661;3291;0;3585689;1633;2;0;0
FR;3;2021-10-10;13;17;2;0;16;3;0;0;0;4415583;3413678;3293;0;3585705;1636;2;0;0
FR;3;2021-10-11;17;117;4;0;122;5;0;0;0;4415600;3413795;3297;0;3585827;1641;2;0;0
FR;3;2021-10-12;21;102;5;0;102;5;0;0;0;4415621;3413897;3302;0;3585929;1646;2;0;0
FR;3;2021-10-13;25;115;9;0;122;7;0;0;0;4415646;3414012;3311;0;3586051;1653;2;0;0
FR;3;2021-10-14;19;145;3;0;146;4;0;0;0;4415665;3414157;3314;0;3586197;1657;2;0;0
FR;3;2021-10-15;23;141;8;0;141;12;0;0;0;4415688;3414298;3322;0;3586338;1669;2;0;0
FR;3;2021-10-16;13;70;6;0;69;8;0;0;0;4415701;3414368;3328;0;3586407;1677;2;0;0
FR;3;2021-10-17;12;26;0;0;28;0;0;0;0;4415713;3414394;3328;0;3586435;1677;2;0;0
FR;3;2021-10-18;18;112;2;0;117;2;0;0;0;4415731;3414506;3330;0;3586552;1679;2;0;0
FR;3;2021-10-19;18;113;19;0;114;21;0;0;0;4415749;3414619;3349;0;3586666;1700;2;0;0
FR;3;2021-10-20;26;127;6;0;129;7;0;0;0;4415775;3414746;3355;0;3586795;1707;2;0;0
FR;3;2021-10-21;28;127;17;0;127;13;0;0;0;4415803;3414873;3372;0;3586922;1720;2;0;0
FR;3;2021-10-22;24;107;18;0;106;21;0;0;0;4415827;3414980;3390;0;3587028;1741;2;0;0
FR;3;2021-10-23;17;54;3;0;54;2;0;0;0;4415844;3415034;3393;0;3587082;1743;2;0;0
FR;3;2021-10-24;7;36;0;0;34;0;0;0;0;4415851;3415070;3393;0;3587116;1743;2;0;0
FR;3;2021-10-25;26;141;7;0;145;7;0;0;0;4415877;3415211;3400;0;3587261;1750;2;0;0
FR;3;2021-10-26;25;97;22;0;94;19;0;0;0;4415902;3415308;3422;0;3587355;1769;2;0;0
FR;3;2021-10-27;18;95;9;0;96;9;0;0;0;4415920;3415403;3431;0;3587451;1778;2;0;0
FR;3;2021-10-28;23;116;33;0;113;36;0;0;0;4415943;3415519;3464;0;3587564;1814;2;0;0
FR;3;2021-10-29;12;102;64;0;96;54;0;0;0;4415955;3415621;3528;0;3587660;1868;2;0;0
FR;3;2021-10-30;11;62;11;1;62;10;0;0;0;4415966;3415683;3539;1;3587722;1878;2;0;0
FR;3;2021-10-31;8;25;1;0;25;1;0;0;0;4415974;3415708;3540;1;3587747;1879;2;0;0
FR;3;2021-11-01;11;22;2;0;23;1;0;0;0;4415985;3415730;3542;1;3587770;1880;2;0;0
FR;3;2021-11-02;11;102;10;0;102;12;0;0;0;4415996;3415832;3552;1;3587872;1892;2;0;0
FR;3;2021-11-03;20;109;10;0;117;10;0;0;0;4416016;3415941;3562;1;3587989;1902;2;0;0
FR;3;2021-11-04;20;91;5;0;96;4;0;0;0;4416036;3416032;3567;1;3588085;1906;2;0;0
FR;3;2021-11-05;19;122;9;1;128;6;1;0;0;4416055;3416154;3576;2;3588213;1912;3;0;0
FR;3;2021-11-06;11;56;3;0;58;3;0;0;0;4416066;3416210;3579;2;3588271;1915;3;0;0
FR;3;2021-11-07;6;22;1;0;23;1;0;0;0;4416072;3416232;3580;2;3588294;1916;3;0;0
FR;3;2021-11-08;11;128;7;0;133;5;0;0;0;4416083;3416360;3587;2;3588427;1921;3;0;0
FR;3;2021-11-09;15;124;6;0;126;6;0;0;0;4416098;3416484;3593;2;3588553;1927;3;0;0
FR;3;2021-11-10;14;145;14;0;142;15;0;0;0;4416112;3416629;3607;2;3588695;1942;3;0;0
FR;3;2021-11-11;11;50;3;0;52;3;0;0;0;4416123;3416679;3610;2;3588747;1945;3;0;0
FR;3;2021-11-12;15;129;6;0;132;4;0;0;0;4416138;3416808;3616;2;3588879;1949;3;0;0
FR;3;2021-11-13;7;67;9;0;62;10;0;0;0;4416145;3416875;3625;2;3588941;1959;3;0;0
FR;3;2021-11-14;3;24;1;0;24;1;0;0;0;4416148;3416899;3626;2;3588965;1960;3;0;0
FR;3;2021-11-15;5;166;10;0;163;11;0;0;0;4416153;3417065;3636;2;3589128;1971;3;0;0
FR;3;2021-11-16;9;129;11;0;124;10;0;0;0;4416162;3417194;3647;2;3589252;1981;3;0;0
FR;3;2021-11-17;8;137;11;0;138;8;0;0;0;4416170;3417331;3658;2;3589390;1989;3;0;0
FR;3;2021-11-18;15;139;10;0;140;11;0;0;0;4416185;3417470;3668;2;3589530;2000;3;0;0
FR;3;2021-11-19;12;188;22;0;181;27;0;0;0;4416197;3417658;3690;2;3589711;2027;3;0;0
FR;3;2021-11-20;6;102;6;0;103;6;0;0;0;4416203;3417760;3696;2;3589814;2033;3;0;0
FR;3;2021-11-21;3;25;4;0;24;4;0;0;0;4416206;3417785;3700;2;3589838;2037;3;0;0
FR;3;2021-11-22;11;192;11;0;191;11;0;0;0;4416217;3417977;3711;2;3590029;2048;3;0;0
FR;3;2021-11-23;9;189;15;0;187;14;0;0;0;4416226;3418166;3726;2;3590216;2062;3;0;0
FR;3;2021-11-24;10;195;9;0;187;17;0;0;0;4416236;3418361;3735;2;3590403;2079;3;0;0
FR;3;2021-11-25;12;212;11;0;208;11;0;0;0;4416248;3418573;3746;2;3590611;2090;3;0;0
FR;3;2021-11-26;9;272;35;0;271;33;1;0;0;4416257;3418845;3781;2;3590882;2123;4;0;0
FR;3;2021-11-27;8;134;20;0;133;21;0;0;0;4416265;3418979;3801;2;3591015;2144;4;0;0
FR;3;2021-11-28;3;60;7;0;61;7;0;0;0;4416268;3419039;3808;2;3591076;2151;4;0;0
FR;3;2021-11-29;5;238;22;0;232;23;1;0;0;4416273;3419277;3830;2;3591308;2174;5;0;0
FR;3;2021-11-30;7;316;29;0;315;32;0;0;0;4416280;3419593;3859;2;3591623;2206;5;0;0
FR;3;2021-12-01;30;343;37;0;340;39;2;0;0;4416310;3419936;3896;2;3591963;2245;7;0;0
FR;3;2021-12-02;9;371;33;0;367;36;0;0;0;4416319;3420307;3929;2;3592330;2281;7;0;0
FR;3;2021-12-03;6;397;37;0;391;38;0;0;0;4416325;3420704;3966;2;3592721;2319;7;0;0
FR;3;2021-12-04;3;224;26;0;220;28;0;0;0;4416328;3420928;3992;2;3592941;2347;7;0;0
FR;3;2021-12-05;1;65;5;0;65;5;0;0;0;4416329;3420993;3997;2;3593006;2352;7;0;0
FR;3;2021-12-06;7;386;14;0;385;15;0;0;0;4416336;3421379;4011;2;3593391;2367;7;0;0
FR;3;2021-12-07;6;448;20;0;442;24;1;0;0;4416342;3421827;4031;2;3593833;2391;8;0;0
FR;3;2021-12-08;8;410;29;0;402;30;1;0;0;4416350;3422237;4060;2;3594235;2421;9;0;0
FR;3;2021-12-09;3;468;17;0;454;22;1;0;0;4416353;3422705;4077;2;3594689;2443;10;0;0
FR;3;2021-12-10;10;484;29;0;480;25;0;0;0;4416363;3423189;4106;2;3595169;2468;10;0;0
FR;3;2021-12-11;4;315;10;0;312;9;2;0;0;4416367;3423504;4116;2;3595481;2477;12;0;0
FR;3;2021-12-12;1;101;3;0;101;3;0;0;0;4416368;3423605;4119;2;3595582;2480;12;0;0
FR;3;2021-12-13;2;462;19;0;457;21;0;0;0;4416370;3424067;4138;2;3596039;2501;12;0;0
FR;3;2021-12-14;8;589;18;0;577;21;1;0;0;4416378;3424656;4156;2;3596616;2522;13;0;0
FR;3;2021-12-15;9;566;17;0;552;21;0;0;0;4416387;3425222;4173;2;3597168;2543;13;0;0
FR;3;2021-12-16;10;576;19;0;570;18;3;0;0;4416397;3425798;4192;2;3597738;2561;16;0;0
FR;3;2021-12-17;5;648;18;0;644;19;0;0;0;4416402;3426446;4210;2;3598382;2580;16;0;0
FR;3;2021-12-18;4;366;4;0;360;5;1;0;0;4416406;3426812;4214;2;3598742;2585;17;0;0
FR;3;2021-12-19;3;192;2;0;189;2;0;0;0;4416409;3427004;4216;2;3598931;2587;17;0;0
FR;3;2021-12-20;9;607;23;0;601;28;0;0;0;4416418;3427611;4239;2;3599532;2615;17;0;0
FR;3;2021-12-21;3;694;10;0;686;13;2;0;0;4416421;3428305;4249;2;3600218;2628;19;0;0
FR;3;2021-12-22;10;645;9;0;639;10;1;0;0;4416431;3428950;4258;2;3600857;2638;20;0;0
FR;3;2021-12-23;3;572;8;0;570;8;0;0;0;4416434;3429522;4266;2;3601427;2646;20;0;0
FR;3;2021-12-24;2;242;3;0;237;6;0;0;0;4416436;3429764;4269;2;3601664;2652;20;0;0
FR;3;2021-12-25;0;25;0;0;25;0;0;0;0;4416436;3429789;4269;2;3601689;2652;20;0;0
FR;3;2021-12-26;0;92;1;0;92;1;0;0;0;4416436;3429881;4270;2;3601781;2653;20;0;0
FR;3;2021-12-27;7;481;17;0;478;20;1;0;0;4416443;3430362;4287;2;3602259;2673;21;0;0
FR;3;2021-12-28;3;606;6;0;605;5;0;0;0;4416446;3430968;4293;2;3602864;2678;21;0;0
FR;3;2021-12-29;4;518;14;0;512;16;0;0;0;4416450;3431486;4307;2;3603376;2694;21;0;0
FR;3;2021-12-30;3;541;7;0;534;10;2;0;0;4416453;3432027;4314;2;3603910;2704;23;0;0
FR;3;2021-12-31;0;189;5;0;185;7;0;0;0;4416453;3432216;4319;2;3604095;2711;23;0;0
FR;3;2022-01-01;0;26;0;0;24;2;0;0;0;4416453;3432242;4319;2;3604119;2713;23;0;0
FR;3;2022-01-02;0;80;0;0;80;0;0;0;0;4416453;3432322;4319;2;3604199;2713;23;0;0
FR;3;2022-01-03;3;516;17;0;505;21;3;0;0;4416456;3432838;4336;2;3604704;2734;26;0;0
FR;3;2022-01-04;6;558;9;0;556;8;0;0;0;4416462;3433396;4345;2;3605260;2742;26;0;0
FR;3;2022-01-05;5;510;10;0;502;14;1;0;0;4416467;3433906;4355;2;3605762;2756;27;0;0
FR;3;2022-01-06;6;485;9;0;480;10;1;0;0;4416473;3434391;4364;2;3606242;2766;28;0;0
FR;3;2022-01-07;2;510;11;0;504;13;1;0;1;4416475;3434901;4375;2;3606746;2779;29;0;1
FR;3;2022-01-08;4;259;4;0;256;5;0;0;0;4416479;3435160;4379;2;3607002;2784;29;0;1
FR;3;2022-01-09;0;117;0;0;117;0;0;0;0;4416479;3435277;4379;2;3607119;2784;29;0;1
FR;3;2022-01-10;2;442;12;0;440;12;0;0;0;4416481;3435719;4391;2;3607559;2796;29;0;1
FR;3;2022-01-11;3;473;1;0;472;1;0;0;0;4416484;3436192;4392;2;3608031;2797;29;0;1
FR;3;2022-01-12;2;410;9;0;407;10;2;0;0;4416486;3436602;4401;2;3608438;2807;31;0;1
FR;3;2022-01-13;3;394;11;0;392;12;1;0;0;4416489;3436996;4412;2;3608830;2819;32;0;1
FR;3;2022-01-14;4;436;10;0;430;13;1;0;0;4416493;3437432;4422;2;3609260;2832;33;0;1
FR;3;2022-01-15;0;284;2;0;280;3;0;0;0;4416493;3437716;4424;2;3609540;2835;33;0;1
FR;3;2022-01-16;1;109;1;0;107;1;1;0;0;4416494;3437825;4425;2;3609647;2836;34;0;1
FR;3;2022-01-17;2;330;8;0;327;9;1;0;0;4416496;3438155;4433;2;3609974;2845;35;0;1
FR;3;2022-01-18;2;371;1;0;367;2;1;0;0;4416498;3438526;4434;2;3610341;2847;36;0;1
FR;3;2022-01-19;2;327;5;0;321;10;0;0;0;4416500;3438853;4439;2;3610662;2857;36;0;1
FR;3;2022-01-20;1;356;5;0;355;3;2;0;0;4416501;3439209;4444;2;3611017;2860;38;0;1
FR;3;2022-01-21;4;347;5;0;341;7;2;0;0;4416505;3439556;4449;2;3611358;2867;40;0;1
FR;3;2022-01-22;2;227;1;0;223;2;3;0;0;4416507;3439783;4450;2;3611581;2869;43;0;1
FR;3;2022-01-23;0;78;0;0;76;1;1;0;0;4416507;3439861;4450;2;3611657;2870;44;0;1
FR;3;2022-01-24;2;325;1;0;316;6;3;0;0;4416509;3440186;4451;2;3611973;2876;47;0;1
FR;3;2022-01-25;0;176;0;0;173;0;1;0;0;4416509;3440362;4451;2;3612146;2876;48;0;1
FR;3;2022-01-26;0;77;0;0;77;0;0;0;0;4416509;3440439;4451;2;3612223;2876;48;0;1
FR;3;2022-01-27;0;54;0;0;54;0;0;0;0;4416509;3440493;4451;2;3612277;2876;48;0;1
FR;3;2022-01-28;0;118;0;0;117;0;0;0;0;4416509;3440611;4451;2;3612394;2876;48;0;1
FR;3;2022-01-29;0;99;0;0;99;0;0;0;0;4416509;3440710;4451;2;3612493;2876;48;0;1
FR;3;2022-01-30;0;51;0;0;51;0;0;0;0;4416509;3440761;4451;2;3612544;2876;48;0;1
FR;3;2022-01-31;0;91;0;0;91;0;0;0;0;4416509;3440852;4451;2;3612635;2876;48;0;1
FR;3;2022-02-01;0;98;0;0;96;1;0;0;0;4416509;3440950;4451;2;3612731;2877;48;0;1
FR;3;2022-02-02;0;85;0;0;83;0;0;0;0;4416509;3441035;4451;2;3612814;2877;48;0;1
FR;3;2022-02-03;0;94;0;0;92;0;0;0;0;4416509;3441129;4451;2;3612906;2877;48;0;1
FR;3;2022-02-04;0;115;0;0;112;0;1;0;0;4416509;3441244;4451;2;3613018;2877;49;0;1
FR;3;2022-02-05;0;71;0;0;71;0;0;0;0;4416509;3441315;4451;2;3613089;2877;49;0;1
FR;3;2022-02-06;0;11;0;0;11;0;0;0;0;4416509;3441326;4451;2;3613100;2877;49;0;1
FR;3;2022-02-07;0;77;0;0;77;0;0;0;0;4416509;3441403;4451;2;3613177;2877;49;0;1
FR;3;2022-02-08;0;0;0;0;0;0;0;0;0;4416509;3441403;4451;2;3613177;2877;49;0;1
FR;3;2022-02-09;0;0;0;0;0;0;0;0;0;4416509;3441403;4451;2;3613177;2877;49;0;1
FR;3;2022-02-10;0;0;0;0;0;0;0;0;0;4416509;3441403;4451;2;3613177;2877;49;0;1
FR;3;2022-02-11;0;0;0;0;0;0;0;0;0;4416509;3441403;4451;2;3613177;2877;49;0;1
FR;3;2022-02-12;0;0;0;0;0;0;0;0;0;4416509;3441403;4451;2;3613177;2877;49;0;1
FR;3;2022-02-13;0;0;0;0;0;0;0;0;0;4416509;3441403;4451;2;3613177;2877;49;0;1
FR;3;2022-02-14;0;0;0;0;0;0;0;0;0;4416509;3441403;4451;2;3613177;2877;49;0;1
FR;3;2022-02-15;0;0;0;0;0;0;0;0;0;4416509;3441403;4451;2;3613177;2877;49;0;1
FR;3;2022-02-16;0;0;0;0;0;0;0;0;0;4416509;3441403;4451;2;3613177;2877;49;0;1
FR;3;2022-02-17;0;0;0;0;0;0;0;0;0;4416509;3441403;4451;2;3613177;2877;49;0;1
FR;3;2022-02-18;0;0;0;0;0;0;0;0;0;4416509;3441403;4451;2;3613177;2877;49;0;1
FR;3;2022-02-19;0;0;0;0;0;0;0;0;0;4416509;3441403;4451;2;3613177;2877;49;0;1
FR;3;2022-02-20;0;0;0;0;0;0;0;0;0;4416509;3441403;4451;2;3613177;2877;49;0;1
FR;3;2022-02-21;2;0;0;0;0;0;0;0;0;4416511;3441403;4451;2;3613177;2877;49;0;1
FR;3;2022-02-22;0;0;0;0;0;0;0;0;0;4416511;3441403;4451;2;3613177;2877;49;0;1
FR;3;2022-02-23;0;0;0;0;0;0;0;0;0;4416511;3441403;4451;2;3613177;2877;49;0;1
FR;3;2022-02-24;0;0;0;0;0;0;0;0;0;4416511;3441403;4451;2;3613177;2877;49;0;1
FR;3;2022-02-25;0;0;0;0;0;0;0;0;0;4416511;3441403;4451;2;3613177;2877;49;0;1
FR;3;2022-02-26;0;0;0;0;0;0;0;0;0;4416511;3441403;4451;2;3613177;2877;49;0;1
FR;3;2022-02-27;0;0;0;0;0;0;0;0;0;4416511;3441403;4451;2;3613177;2877;49;0;1
FR;3;2022-02-28;1;0;0;0;0;0;0;0;0;4416512;3441403;4451;2;3613177;2877;49;0;1
FR;3;2022-03-01;1;0;0;0;0;0;0;0;0;4416513;3441403;4451;2;3613177;2877;49;0;1
FR;3;2022-03-02;0;0;0;0;0;0;0;0;0;4416513;3441403;4451;2;3613177;2877;49;0;1
FR;3;2022-03-03;0;0;0;0;0;0;0;0;0;4416513;3441403;4451;2;3613177;2877;49;0;1
FR;3;2022-03-04;0;0;0;0;0;0;0;0;0;4416513;3441403;4451;2;3613177;2877;49;0;1
FR;3;2022-03-05;0;0;0;0;0;0;0;0;0;4416513;3441403;4451;2;3613177;2877;49;0;1
FR;3;2022-03-06;1;0;0;0;0;0;0;0;0;4416514;3441403;4451;2;3613177;2877;49;0;1
FR;3;2022-03-07;0;0;0;0;0;0;0;0;0;4416514;3441403;4451;2;3613177;2877;49;0;1
FR;3;2022-03-08;1;0;0;0;0;0;0;0;0;4416515;3441403;4451;2;3613177;2877;49;0;1
FR;3;2022-03-09;0;0;0;0;0;0;0;0;0;4416515;3441403;4451;2;3613177;2877;49;0;1
FR;3;2022-03-10;0;0;0;0;0;0;0;0;0;4416515;3441403;4451;2;3613177;2877;49;0;1
FR;3;2022-03-11;0;0;0;0;0;0;0;0;0;4416515;3441403;4451;2;3613177;2877;49;0;1
FR;3;2022-03-12;0;0;0;0;0;0;0;0;0;4416515;3441403;4451;2;3613177;2877;49;0;1
FR;3;2022-03-13;0;0;0;0;0;0;0;0;0;4416515;3441403;4451;2;3613177;2877;49;0;1
FR;3;2022-03-14;0;0;0;0;0;0;0;0;0;4416515;3441403;4451;2;3613177;2877;49;0;1
FR;3;2022-03-15;0;0;0;0;0;0;0;0;0;4416515;3441403;4451;2;3613177;2877;49;0;1
FR;3;2022-03-16;0;0;0;0;0;0;0;0;0;4416515;3441403;4451;2;3613177;2877;49;0;1
FR;3;2022-03-17;0;0;0;0;0;0;0;0;0;4416515;3441403;4451;2;3613177;2877;49;0;1
FR;3;2022-03-18;0;0;0;0;0;0;0;0;0;4416515;3441403;4451;2;3613177;2877;49;0;1
FR;3;2022-03-19;0;0;0;0;0;0;0;0;0;4416515;3441403;4451;2;3613177;2877;49;0;1
FR;3;2022-03-20;1;0;0;0;0;0;0;0;0;4416516;3441403;4451;2;3613177;2877;49;0;1
FR;3;2022-03-21;0;0;0;0;0;0;0;0;0;4416516;3441403;4451;2;3613177;2877;49;0;1
FR;3;2022-03-22;0;0;0;0;0;0;0;0;0;4416516;3441403;4451;2;3613177;2877;49;0;1
FR;3;2022-03-23;1;0;0;0;0;0;0;0;0;4416517;3441403;4451;2;3613177;2877;49;0;1
FR;3;2022-03-24;0;0;0;0;0;0;0;0;0;4416517;3441403;4451;2;3613177;2877;49;0;1
FR;3;2022-03-25;1;0;0;0;0;0;0;0;0;4416518;3441403;4451;2;3613177;2877;49;0;1
FR;3;2022-03-26;0;0;0;0;0;0;0;0;0;4416518;3441403;4451;2;3613177;2877;49;0;1
FR;3;2022-03-27;0;0;0;0;0;0;0;0;0;4416518;3441403;4451;2;3613177;2877;49;0;1
FR;3;2022-03-28;0;0;0;0;0;0;0;0;0;4416518;3441403;4451;2;3613177;2877;49;0;1
FR;3;2022-03-29;0;0;0;0;0;0;0;0;0;4416518;3441403;4451;2;3613177;2877;49;0;1
FR;3;2022-03-30;0;0;0;0;0;0;0;0;0;4416518;3441403;4451;2;3613177;2877;49;0;1
FR;3;2022-03-31;0;0;0;0;0;0;0;0;0;4416518;3441403;4451;2;3613177;2877;49;0;1
FR;3;2022-04-01;0;0;0;0;0;0;0;0;0;4416518;3441403;4451;2;3613177;2877;49;0;1
FR;3;2022-04-02;0;0;0;0;0;0;0;0;0;4416518;3441403;4451;2;3613177;2877;49;0;1
FR;3;2022-04-03;0;0;0;0;0;0;0;0;0;4416518;3441403;4451;2;3613177;2877;49;0;1
FR;3;2022-04-04;0;0;0;0;0;0;0;0;0;4416518;3441403;4451;2;3613177;2877;49;0;1
FR;3;2022-04-05;0;0;0;0;0;0;0;0;0;4416518;3441403;4451;2;3613177;2877;49;0;1
FR;3;2022-04-06;0;0;0;0;0;0;0;0;0;4416518;3441403;4451;2;3613177;2877;49;0;1
FR;3;2022-04-07;0;0;0;0;0;0;0;0;0;4416518;3441403;4451;2;3613177;2877;49;0;1
FR;3;2022-04-08;0;0;0;0;0;0;0;0;0;4416518;3441403;4451;2;3613177;2877;49;0;1
FR;3;2022-04-09;0;0;0;0;0;0;0;0;0;4416518;3441403;4451;2;3613177;2877;49;0;1
FR;3;2022-04-10;0;0;0;0;0;0;0;0;0;4416518;3441403;4451;2;3613177;2877;49;0;1
FR;3;2022-04-11;0;0;0;0;0;0;0;0;0;4416518;3441403;4451;2;3613177;2877;49;0;1
FR;3;2022-04-12;0;0;0;0;0;0;0;0;0;4416518;3441403;4451;2;3613177;2877;49;0;1
FR;3;2022-04-13;0;0;0;0;0;0;0;0;0;4416518;3441403;4451;2;3613177;2877;49;0;1
FR;3;2022-04-14;0;0;0;0;0;0;0;0;0;4416518;3441403;4451;2;3613177;2877;49;0;1
FR;3;2022-04-15;1;0;0;0;0;0;0;0;0;4416519;3441403;4451;2;3613177;2877;49;0;1
FR;3;2022-04-16;0;0;0;0;0;0;0;0;0;4416519;3441403;4451;2;3613177;2877;49;0;1
FR;3;2022-04-17;0;0;0;0;0;0;0;0;0;4416519;3441403;4451;2;3613177;2877;49;0;1
FR;3;2022-04-18;0;0;0;0;0;0;0;0;0;4416519;3441403;4451;2;3613177;2877;49;0;1
FR;3;2022-04-19;0;0;0;0;0;0;0;0;0;4416519;3441403;4451;2;3613177;2877;49;0;1
FR;3;2022-04-20;0;0;0;0;0;0;0;0;0;4416519;3441403;4451;2;3613177;2877;49;0;1
FR;3;2022-04-21;0;0;0;0;0;0;0;0;0;4416519;3441403;4451;2;3613177;2877;49;0;1
FR;3;2022-04-22;0;0;0;0;0;0;0;0;0;4416519;3441403;4451;2;3613177;2877;49;0;1
FR;3;2022-04-23;0;0;0;0;0;0;0;0;0;4416519;3441403;4451;2;3613177;2877;49;0;1
FR;3;2022-04-24;0;0;0;0;0;0;0;0;0;4416519;3441403;4451;2;3613177;2877;49;0;1
FR;3;2022-04-25;0;0;0;0;0;0;0;0;0;4416519;3441403;4451;2;3613177;2877;49;0;1
FR;3;2022-04-26;0;0;0;0;0;0;0;0;0;4416519;3441403;4451;2;3613177;2877;49;0;1
FR;3;2022-04-27;0;0;0;0;0;0;0;0;0;4416519;3441403;4451;2;3613177;2877;49;0;1
FR;3;2022-04-28;0;0;0;0;0;0;0;0;0;4416519;3441403;4451;2;3613177;2877;49;0;1
FR;3;2022-04-29;0;0;0;0;0;0;0;0;0;4416519;3441403;4451;2;3613177;2877;49;0;1
FR;3;2022-04-30;0;0;0;0;0;0;0;0;0;4416519;3441403;4451;2;3613177;2877;49;0;1
FR;3;2022-05-01;0;0;0;0;0;0;0;0;0;4416519;3441403;4451;2;3613177;2877;49;0;1
FR;3;2022-05-02;0;0;0;0;0;0;0;0;0;4416519;3441403;4451;2;3613177;2877;49;0;1
FR;3;2022-05-03;0;0;0;0;0;0;0;0;0;4416519;3441403;4451;2;3613177;2877;49;0;1
FR;3;2022-05-04;0;0;0;0;0;0;0;0;0;4416519;3441403;4451;2;3613177;2877;49;0;1
FR;3;2022-05-05;0;0;0;0;0;0;0;0;0;4416519;3441403;4451;2;3613177;2877;49;0;1
FR;3;2022-05-06;0;0;0;0;0;0;0;0;0;4416519;3441403;4451;2;3613177;2877;49;0;1
FR;3;2022-05-07;0;0;0;0;0;0;0;0;0;4416519;3441403;4451;2;3613177;2877;49;0;1
FR;3;2022-05-08;0;0;0;0;0;0;0;0;0;4416519;3441403;4451;2;3613177;2877;49;0;1
FR;3;2022-05-09;0;0;0;0;0;0;0;0;0;4416519;3441403;4451;2;3613177;2877;49;0;1
FR;3;2022-05-10;0;0;0;0;0;0;0;0;0;4416519;3441403;4451;2;3613177;2877;49;0;1
FR;3;2022-05-11;0;0;0;0;0;0;0;0;0;4416519;3441403;4451;2;3613177;2877;49;0;1
FR;3;2022-05-12;0;0;0;0;0;0;0;0;0;4416519;3441403;4451;2;3613177;2877;49;0;1
FR;3;2022-05-13;0;0;0;0;0;0;0;0;0;4416519;3441403;4451;2;3613177;2877;49;0;1
FR;3;2022-05-14;1;0;0;0;0;0;0;0;0;4416520;3441403;4451;2;3613177;2877;49;0;1
FR;3;2022-05-15;0;0;0;0;0;0;0;0;0;4416520;3441403;4451;2;3613177;2877;49;0;1
FR;3;2022-05-16;0;0;0;0;0;0;0;0;0;4416520;3441403;4451;2;3613177;2877;49;0;1
FR;3;2022-05-17;0;0;0;0;0;0;0;0;0;4416520;3441403;4451;2;3613177;2877;49;0;1
FR;3;2022-05-18;0;0;0;0;0;0;0;0;0;4416520;3441403;4451;2;3613177;2877;49;0;1
FR;3;2022-05-19;0;0;0;0;0;0;0;0;0;4416520;3441403;4451;2;3613177;2877;49;0;1
FR;3;2022-05-20;0;0;0;0;0;0;0;0;0;4416520;3441403;4451;2;3613177;2877;49;0;1
FR;3;2022-05-21;0;0;0;0;0;0;0;0;0;4416520;3441403;4451;2;3613177;2877;49;0;1
FR;3;2022-05-22;0;0;0;0;0;0;0;0;0;4416520;3441403;4451;2;3613177;2877;49;0;1
FR;3;2022-05-23;0;0;0;0;0;0;0;0;0;4416520;3441403;4451;2;3613177;2877;49;0;1
FR;3;2022-05-24;0;0;0;0;0;0;0;0;0;4416520;3441403;4451;2;3613177;2877;49;0;1
FR;3;2022-05-25;0;0;0;0;0;0;0;0;0;4416520;3441403;4451;2;3613177;2877;49;0;1
FR;3;2022-05-26;0;0;0;0;0;0;0;0;0;4416520;3441403;4451;2;3613177;2877;49;0;1
FR;3;2022-05-27;0;0;0;0;0;0;0;0;0;4416520;3441403;4451;2;3613177;2877;49;0;1
FR;3;2022-05-28;0;0;0;0;0;0;0;0;0;4416520;3441403;4451;2;3613177;2877;49;0;1
FR;3;2022-05-29;0;0;0;0;0;0;0;0;0;4416520;3441403;4451;2;3613177;2877;49;0;1
FR;3;2022-05-30;0;0;0;0;0;0;0;0;0;4416520;3441403;4451;2;3613177;2877;49;0;1
FR;3;2022-05-31;0;0;0;0;0;0;0;0;0;4416520;3441403;4451;2;3613177;2877;49;0;1
FR;3;2022-06-01;0;0;0;0;0;0;0;0;0;4416520;3441403;4451;2;3613177;2877;49;0;1
FR;3;2022-06-02;0;0;0;0;0;0;0;0;0;4416520;3441403;4451;2;3613177;2877;49;0;1
FR;3;2022-06-03;0;0;0;0;0;0;0;0;0;4416520;3441403;4451;2;3613177;2877;49;0;1
FR;3;2022-06-04;0;0;0;0;0;0;0;0;0;4416520;3441403;4451;2;3613177;2877;49;0;1
FR;3;2022-06-05;0;0;0;0;0;0;0;0;0;4416520;3441403;4451;2;3613177;2877;49;0;1
FR;3;2022-06-06;0;0;0;0;0;0;0;0;0;4416520;3441403;4451;2;3613177;2877;49;0;1
FR;3;2022-06-07;0;0;0;0;0;0;0;0;0;4416520;3441403;4451;2;3613177;2877;49;0;1
FR;3;2022-06-08;0;0;0;0;0;0;0;0;0;4416520;3441403;4451;2;3613177;2877;49;0;1
FR;3;2022-06-09;0;0;0;0;0;0;0;0;0;4416520;3441403;4451;2;3613177;2877;49;0;1
FR;3;2022-06-10;0;0;0;0;0;0;0;0;0;4416520;3441403;4451;2;3613177;2877;49;0;1
FR;3;2022-06-11;0;0;0;0;0;0;0;0;0;4416520;3441403;4451;2;3613177;2877;49;0;1
FR;3;2022-06-12;0;0;0;0;0;0;0;0;0;4416520;3441403;4451;2;3613177;2877;49;0;1
FR;3;2022-06-13;1;0;0;0;0;0;0;0;0;4416521;3441403;4451;2;3613177;2877;49;0;1
FR;3;2022-06-14;0;0;0;0;0;0;0;0;0;4416521;3441403;4451;2;3613177;2877;49;0;1
FR;3;2022-06-15;0;0;0;0;0;0;0;0;0;4416521;3441403;4451;2;3613177;2877;49;0;1
FR;3;2022-06-16;0;0;0;0;0;0;0;0;0;4416521;3441403;4451;2;3613177;2877;49;0;1
FR;3;2022-06-17;0;0;0;0;0;0;0;0;0;4416521;3441403;4451;2;3613177;2877;49;0;1
FR;3;2022-06-18;0;0;0;0;0;0;0;0;0;4416521;3441403;4451;2;3613177;2877;49;0;1
FR;3;2022-06-19;0;0;0;0;0;0;0;0;0;4416521;3441403;4451;2;3613177;2877;49;0;1
FR;3;2022-06-20;0;0;0;0;0;0;0;0;0;4416521;3441403;4451;2;3613177;2877;49;0;1
FR;3;2022-06-21;0;0;0;0;0;0;0;0;0;4416521;3441403;4451;2;3613177;2877;49;0;1
FR;3;2022-06-22;0;0;0;0;0;0;0;0;0;4416521;3441403;4451;2;3613177;2877;49;0;1
FR;3;2022-06-23;0;0;0;0;0;0;0;0;0;4416521;3441403;4451;2;3613177;2877;49;0;1
FR;3;2022-06-24;0;0;0;0;0;0;0;0;0;4416521;3441403;4451;2;3613177;2877;49;0;1
FR;3;2022-06-25;0;0;0;0;0;0;0;0;0;4416521;3441403;4451;2;3613177;2877;49;0;1
FR;3;2022-06-26;0;0;0;0;0;0;0;0;0;4416521;3441403;4451;2;3613177;2877;49;0;1
FR;3;2022-06-27;0;0;0;0;0;0;0;0;0;4416521;3441403;4451;2;3613177;2877;49;0;1
FR;3;2022-06-28;0;0;0;0;0;0;0;0;0;4416521;3441403;4451;2;3613177;2877;49;0;1
FR;3;2022-06-29;1;0;0;0;0;0;0;0;0;4416522;3441403;4451;2;3613177;2877;49;0;1
FR;3;2022-06-30;0;0;0;0;0;0;0;0;0;4416522;3441403;4451;2;3613177;2877;49;0;1
FR;3;2022-07-01;0;0;0;0;0;0;0;0;0;4416522;3441403;4451;2;3613177;2877;49;0;1
FR;3;2022-07-02;0;0;0;0;0;0;0;0;0;4416522;3441403;4451;2;3613177;2877;49;0;1
FR;3;2022-07-03;0;0;0;0;0;0;0;0;0;4416522;3441403;4451;2;3613177;2877;49;0;1
FR;3;2022-07-04;0;0;0;0;0;0;0;0;0;4416522;3441403;4451;2;3613177;2877;49;0;1
FR;3;2022-07-05;0;0;0;0;0;0;0;0;0;4416522;3441403;4451;2;3613177;2877;49;0;1
FR;3;2022-07-06;0;0;0;0;0;0;0;0;0;4416522;3441403;4451;2;3613177;2877;49;0;1
FR;3;2022-07-07;0;0;0;0;0;0;0;0;0;4416522;3441403;4451;2;3613177;2877;49;0;1
FR;3;2022-07-08;0;0;0;0;0;0;0;0;0;4416522;3441403;4451;2;3613177;2877;49;0;1
FR;3;2022-07-09;0;0;0;0;0;0;0;0;0;4416522;3441403;4451;2;3613177;2877;49;0;1
FR;3;2022-07-10;0;0;0;0;0;0;0;0;0;4416522;3441403;4451;2;3613177;2877;49;0;1
FR;3;2022-07-11;0;0;0;0;0;0;0;0;0;4416522;3441403;4451;2;3613177;2877;49;0;1
FR;3;2022-07-12;0;0;0;0;0;0;0;0;0;4416522;3441403;4451;2;3613177;2877;49;0;1
FR;3;2022-07-13;0;0;0;0;0;0;0;0;0;4416522;3441403;4451;2;3613177;2877;49;0;1
FR;3;2022-07-14;0;0;0;0;0;0;0;0;0;4416522;3441403;4451;2;3613177;2877;49;0;1
FR;3;2022-07-15;0;0;0;0;0;0;0;0;0;4416522;3441403;4451;2;3613177;2877;49;0;1
FR;3;2022-07-16;0;0;0;0;0;0;0;0;0;4416522;3441403;4451;2;3613177;2877;49;0;1
FR;3;2022-07-17;0;0;0;0;0;0;0;0;0;4416522;3441403;4451;2;3613177;2877;49;0;1
FR;3;2022-07-18;0;0;0;0;0;0;0;0;0;4416522;3441403;4451;2;3613177;2877;49;0;1
FR;3;2022-07-19;0;0;0;0;0;0;0;0;0;4416522;3441403;4451;2;3613177;2877;49;0;1
FR;3;2022-07-20;0;0;0;0;0;0;0;0;0;4416522;3441403;4451;2;3613177;2877;49;0;1
FR;3;2022-07-21;0;0;0;0;0;0;0;0;0;4416522;3441403;4451;2;3613177;2877;49;0;1
FR;3;2022-07-22;0;0;0;0;0;0;0;0;0;4416522;3441403;4451;2;3613177;2877;49;0;1
FR;3;2022-07-23;0;0;0;0;0;0;0;0;0;4416522;3441403;4451;2;3613177;2877;49;0;1
FR;3;2022-07-24;0;0;0;0;0;0;0;0;0;4416522;3441403;4451;2;3613177;2877;49;0;1
FR;3;2022-07-25;0;0;0;0;0;0;0;0;0;4416522;3441403;4451;2;3613177;2877;49;0;1
FR;3;2022-07-26;0;0;0;0;0;0;0;0;0;4416522;3441403;4451;2;3613177;2877;49;0;1
FR;3;2022-07-27;0;0;0;0;0;0;0;0;0;4416522;3441403;4451;2;3613177;2877;49;0;1
FR;3;2022-07-28;0;0;0;0;0;0;0;0;0;4416522;3441403;4451;2;3613177;2877;49;0;1
FR;3;2022-07-29;0;0;0;0;0;0;0;0;0;4416522;3441403;4451;2;3613177;2877;49;0;1
FR;3;2022-07-30;0;0;0;0;0;0;0;0;0;4416522;3441403;4451;2;3613177;2877;49;0;1
FR;3;2022-07-31;0;0;0;0;0;0;0;0;0;4416522;3441403;4451;2;3613177;2877;49;0;1
FR;3;2022-08-01;0;0;0;0;0;0;0;0;0;4416522;3441403;4451;2;3613177;2877;49;0;1
FR;3;2022-08-02;0;0;0;0;0;0;0;0;0;4416522;3441403;4451;2;3613177;2877;49;0;1
FR;3;2022-08-03;0;0;0;0;0;0;0;0;0;4416522;3441403;4451;2;3613177;2877;49;0;1
FR;3;2022-08-04;0;0;0;0;0;0;0;0;0;4416522;3441403;4451;2;3613177;2877;49;0;1
FR;3;2022-08-05;0;0;0;0;0;0;0;0;0;4416522;3441403;4451;2;3613177;2877;49;0;1
FR;3;2022-08-06;0;0;0;0;0;0;0;0;0;4416522;3441403;4451;2;3613177;2877;49;0;1
FR;3;2022-08-07;0;0;0;0;0;0;0;0;0;4416522;3441403;4451;2;3613177;2877;49;0;1
FR;3;2022-08-08;0;0;0;0;0;0;0;0;0;4416522;3441403;4451;2;3613177;2877;49;0;1
FR;3;2022-08-09;0;0;0;0;0;0;0;0;0;4416522;3441403;4451;2;3613177;2877;49;0;1
FR;3;2022-08-10;0;0;0;0;0;0;0;0;0;4416522;3441403;4451;2;3613177;2877;49;0;1
FR;3;2022-08-11;0;0;0;0;0;0;0;0;0;4416522;3441403;4451;2;3613177;2877;49;0;1
FR;3;2022-08-12;0;0;0;0;0;0;0;0;0;4416522;3441403;4451;2;3613177;2877;49;0;1
FR;3;2022-08-13;0;0;0;0;0;0;0;0;0;4416522;3441403;4451;2;3613177;2877;49;0;1
FR;3;2022-08-14;0;0;0;0;0;0;0;0;0;4416522;3441403;4451;2;3613177;2877;49;0;1
FR;3;2022-08-15;0;0;0;0;0;0;0;0;0;4416522;3441403;4451;2;3613177;2877;49;0;1
FR;3;2022-08-16;0;0;0;0;0;0;0;0;0;4416522;3441403;4451;2;3613177;2877;49;0;1
FR;3;2022-08-17;0;0;0;0;0;0;0;0;0;4416522;3441403;4451;2;3613177;2877;49;0;1
FR;3;2022-08-18;0;0;0;0;0;0;0;0;0;4416522;3441403;4451;2;3613177;2877;49;0;1
FR;3;2022-08-19;0;0;0;0;0;0;0;0;0;4416522;3441403;4451;2;3613177;2877;49;0;1
FR;3;2022-08-20;0;0;0;0;0;0;0;0;0;4416522;3441403;4451;2;3613177;2877;49;0;1
FR;3;2022-08-21;0;0;0;0;0;0;0;0;0;4416522;3441403;4451;2;3613177;2877;49;0;1
FR;3;2022-08-22;0;0;0;0;0;0;0;0;0;4416522;3441403;4451;2;3613177;2877;49;0;1
FR;3;2022-08-23;0;0;0;0;0;0;0;0;0;4416522;3441403;4451;2;3613177;2877;49;0;1
FR;3;2022-08-24;0;0;0;0;0;0;0;0;0;4416522;3441403;4451;2;3613177;2877;49;0;1
FR;3;2022-08-25;0;0;0;0;0;0;0;0;0;4416522;3441403;4451;2;3613177;2877;49;0;1
FR;3;2022-08-26;0;0;0;0;0;0;0;0;0;4416522;3441403;4451;2;3613177;2877;49;0;1
FR;3;2022-08-27;0;0;0;0;0;0;0;0;0;4416522;3441403;4451;2;3613177;2877;49;0;1
FR;3;2022-08-28;0;0;0;0;0;0;0;0;0;4416522;3441403;4451;2;3613177;2877;49;0;1
FR;3;2022-08-29;0;0;0;0;0;0;0;0;0;4416522;3441403;4451;2;3613177;2877;49;0;1
FR;3;2022-08-30;0;0;0;0;0;0;0;0;0;4416522;3441403;4451;2;3613177;2877;49;0;1
FR;3;2022-08-31;0;0;0;0;0;0;0;0;0;4416522;3441403;4451;2;3613177;2877;49;0;1
FR;3;2022-09-01;0;0;0;0;0;0;0;0;0;4416522;3441403;4451;2;3613177;2877;49;0;1
FR;3;2022-09-02;0;0;0;0;0;0;0;0;0;4416522;3441403;4451;2;3613177;2877;49;0;1
FR;3;2022-09-03;0;0;0;0;0;0;0;0;0;4416522;3441403;4451;2;3613177;2877;49;0;1
FR;3;2022-09-04;0;0;0;0;0;0;0;0;0;4416522;3441403;4451;2;3613177;2877;49;0;1
FR;3;2022-09-05;0;0;0;0;0;0;0;0;0;4416522;3441403;4451;2;3613177;2877;49;0;1
FR;3;2022-09-06;0;0;0;0;0;0;0;0;0;4416522;3441403;4451;2;3613177;2877;49;0;1
FR;3;2022-09-07;0;0;0;0;0;0;0;0;0;4416522;3441403;4451;2;3613177;2877;49;0;1
FR;3;2022-09-08;0;0;0;0;0;0;0;0;0;4416522;3441403;4451;2;3613177;2877;49;0;1
FR;3;2022-09-09;0;0;0;0;0;0;0;0;0;4416522;3441403;4451;2;3613177;2877;49;0;1
FR;3;2022-09-10;0;0;0;0;0;0;0;0;0;4416522;3441403;4451;2;3613177;2877;49;0;1
FR;3;2022-09-11;0;0;0;0;0;0;0;0;0;4416522;3441403;4451;2;3613177;2877;49;0;1
FR;3;2022-09-12;0;0;0;0;0;0;0;0;0;4416522;3441403;4451;2;3613177;2877;49;0;1
FR;3;2022-09-13;0;0;0;0;0;0;0;0;0;4416522;3441403;4451;2;3613177;2877;49;0;1
FR;3;2022-09-14;0;0;0;0;0;0;0;0;0;4416522;3441403;4451;2;3613177;2877;49;0;1
FR;3;2022-09-15;0;0;0;0;0;0;0;0;0;4416522;3441403;4451;2;3613177;2877;49;0;1
FR;3;2022-09-16;0;0;0;0;0;0;0;0;0;4416522;3441403;4451;2;3613177;2877;49;0;1
FR;3;2022-09-17;0;0;0;0;0;0;0;0;0;4416522;3441403;4451;2;3613177;2877;49;0;1
FR;3;2022-09-18;0;0;0;0;0;0;0;0;0;4416522;3441403;4451;2;3613177;2877;49;0;1
FR;3;2022-09-19;0;0;0;0;0;0;0;0;0;4416522;3441403;4451;2;3613177;2877;49;0;1
FR;3;2022-09-20;0;0;0;0;0;0;0;0;0;4416522;3441403;4451;2;3613177;2877;49;0;1
FR;3;2022-09-21;0;0;0;0;0;0;0;0;0;4416522;3441403;4451;2;3613177;2877;49;0;1
FR;3;2022-09-22;0;0;0;0;0;0;0;0;0;4416522;3441403;4451;2;3613177;2877;49;0;1
FR;3;2022-09-23;0;0;0;0;0;0;0;0;0;4416522;3441403;4451;2;3613177;2877;49;0;1
FR;3;2022-09-24;0;0;0;0;0;0;0;0;0;4416522;3441403;4451;2;3613177;2877;49;0;1
FR;3;2022-09-25;0;0;0;0;0;0;0;0;0;4416522;3441403;4451;2;3613177;2877;49;0;1
FR;3;2022-09-26;0;0;0;0;0;0;0;0;0;4416522;3441403;4451;2;3613177;2877;49;0;1
FR;3;2022-09-27;0;0;0;0;0;0;0;0;0;4416522;3441403;4451;2;3613177;2877;49;0;1
FR;3;2022-09-28;0;0;0;0;0;0;0;0;0;4416522;3441403;4451;2;3613177;2877;49;0;1
FR;3;2022-09-29;0;0;0;0;0;0;0;0;0;4416522;3441403;4451;2;3613177;2877;49;0;1
FR;3;2022-09-30;0;0;0;0;0;0;0;0;0;4416522;3441403;4451;2;3613177;2877;49;0;1
FR;3;2022-10-01;0;0;0;0;0;0;0;0;0;4416522;3441403;4451;2;3613177;2877;49;0;1
FR;3;2022-10-02;0;0;0;0;0;0;0;0;0;4416522;3441403;4451;2;3613177;2877;49;0;1
FR;3;2022-10-03;0;0;0;0;0;0;0;0;0;4416522;3441403;4451;2;3613177;2877;49;0;1
FR;3;2022-10-04;0;0;0;0;0;0;0;0;0;4416522;3441403;4451;2;3613177;2877;49;0;1
FR;3;2022-10-05;0;0;0;0;0;0;0;0;0;4416522;3441403;4451;2;3613177;2877;49;0;1
FR;3;2022-10-06;0;0;0;0;0;0;0;0;0;4416522;3441403;4451;2;3613177;2877;49;0;1
FR;3;2022-10-07;0;0;0;0;0;0;0;0;0;4416522;3441403;4451;2;3613177;2877;49;0;1
FR;3;2022-10-08;0;0;0;0;0;0;0;0;0;4416522;3441403;4451;2;3613177;2877;49;0;1
FR;3;2022-10-09;0;0;0;0;0;0;0;0;0;4416522;3441403;4451;2;3613177;2877;49;0;1
FR;3;2022-10-10;0;0;0;0;0;0;0;0;0;4416522;3441403;4451;2;3613177;2877;49;0;1
FR;3;2022-10-11;0;0;0;0;0;0;0;0;0;4416522;3441403;4451;2;3613177;2877;49;0;1
FR;3;2022-10-12;0;0;0;0;0;0;0;0;0;4416522;3441403;4451;2;3613177;2877;49;0;1
FR;3;2022-10-13;0;0;0;0;0;0;0;0;0;4416522;3441403;4451;2;3613177;2877;49;0;1
FR;3;2022-10-14;0;0;0;0;0;0;0;0;0;4416522;3441403;4451;2;3613177;2877;49;0;1
FR;3;2022-10-15;0;0;0;0;0;0;0;0;0;4416522;3441403;4451;2;3613177;2877;49;0;1
FR;3;2022-10-16;0;0;0;0;0;0;0;0;0;4416522;3441403;4451;2;3613177;2877;49;0;1
FR;3;2022-10-17;0;0;0;0;0;0;0;0;0;4416522;3441403;4451;2;3613177;2877;49;0;1
FR;3;2022-10-18;0;0;0;0;0;0;0;0;0;4416522;3441403;4451;2;3613177;2877;49;0;1
FR;3;2022-10-19;0;0;0;0;0;0;0;0;0;4416522;3441403;4451;2;3613177;2877;49;0;1
FR;3;2022-10-20;0;0;0;0;0;0;0;0;0;4416522;3441403;4451;2;3613177;2877;49;0;1
FR;3;2022-10-21;0;0;0;0;0;0;0;0;0;4416522;3441403;4451;2;3613177;2877;49;0;1
FR;3;2022-10-22;0;0;0;0;0;0;0;0;0;4416522;3441403;4451;2;3613177;2877;49;0;1
FR;3;2022-10-23;0;0;0;0;0;0;0;0;0;4416522;3441403;4451;2;3613177;2877;49;0;1
FR;3;2022-10-24;0;0;0;0;0;0;0;0;0;4416522;3441403;4451;2;3613177;2877;49;0;1
FR;3;2022-10-25;0;0;0;0;0;0;0;0;0;4416522;3441403;4451;2;3613177;2877;49;0;1
FR;3;2022-10-26;0;0;0;0;0;0;0;0;0;4416522;3441403;4451;2;3613177;2877;49;0;1
FR;3;2022-10-27;0;0;0;0;0;0;0;0;0;4416522;3441403;4451;2;3613177;2877;49;0;1
FR;3;2022-10-28;0;0;0;0;0;0;0;0;0;4416522;3441403;4451;2;3613177;2877;49;0;1
FR;3;2022-10-29;0;0;0;0;0;0;0;0;0;4416522;3441403;4451;2;3613177;2877;49;0;1
FR;3;2022-10-30;0;0;0;0;0;0;0;0;0;4416522;3441403;4451;2;3613177;2877;49;0;1
FR;3;2022-10-31;0;0;0;0;0;0;0;0;0;4416522;3441403;4451;2;3613177;2877;49;0;1
FR;3;2022-11-01;0;0;0;0;0;0;0;0;0;4416522;3441403;4451;2;3613177;2877;49;0;1
FR;3;2022-11-02;0;0;0;0;0;0;0;0;0;4416522;3441403;4451;2;3613177;2877;49;0;1
FR;3;2022-11-03;0;0;0;0;0;0;0;0;0;4416522;3441403;4451;2;3613177;2877;49;0;1
FR;3;2022-11-04;0;0;0;0;0;0;0;0;0;4416522;3441403;4451;2;3613177;2877;49;0;1
FR;3;2022-11-05;0;0;0;0;0;0;0;0;0;4416522;3441403;4451;2;3613177;2877;49;0;1
FR;3;2022-11-06;0;0;0;0;0;0;0;0;0;4416522;3441403;4451;2;3613177;2877;49;0;1
FR;3;2022-11-07;0;0;0;0;0;0;0;0;0;4416522;3441403;4451;2;3613177;2877;49;0;1
FR;3;2022-11-08;1;0;0;0;0;0;0;0;0;4416523;3441403;4451;2;3613177;2877;49;0;1
FR;3;2022-11-09;0;0;0;0;0;0;0;0;0;4416523;3441403;4451;2;3613177;2877;49;0;1
FR;3;2022-11-10;0;0;0;0;0;0;0;0;0;4416523;3441403;4451;2;3613177;2877;49;0;1
FR;3;2022-11-11;0;0;0;0;0;0;0;0;0;4416523;3441403;4451;2;3613177;2877;49;0;1
FR;3;2022-11-12;0;0;0;0;0;0;0;0;0;4416523;3441403;4451;2;3613177;2877;49;0;1
FR;3;2022-11-13;0;0;0;0;0;0;0;0;0;4416523;3441403;4451;2;3613177;2877;49;0;1
FR;3;2022-11-14;0;0;0;0;0;0;0;0;0;4416523;3441403;4451;2;3613177;2877;49;0;1
FR;3;2022-11-15;0;0;0;0;0;0;0;0;0;4416523;3441403;4451;2;3613177;2877;49;0;1
FR;3;2022-11-16;0;0;0;0;0;0;0;0;0;4416523;3441403;4451;2;3613177;2877;49;0;1
FR;3;2022-11-17;0;0;0;0;0;0;0;0;0;4416523;3441403;4451;2;3613177;2877;49;0;1
FR;3;2022-11-18;0;0;0;0;0;0;0;0;0;4416523;3441403;4451;2;3613177;2877;49;0;1
FR;3;2022-11-19;0;0;0;0;0;0;0;0;0;4416523;3441403;4451;2;3613177;2877;49;0;1
FR;3;2022-11-20;0;0;0;0;0;0;0;0;0;4416523;3441403;4451;2;3613177;2877;49;0;1
FR;3;2022-11-21;0;0;0;0;0;0;0;0;0;4416523;3441403;4451;2;3613177;2877;49;0;1
FR;3;2022-11-22;0;0;0;0;0;0;0;0;0;4416523;3441403;4451;2;3613177;2877;49;0;1
FR;3;2022-11-23;0;0;0;0;0;0;0;0;0;4416523;3441403;4451;2;3613177;2877;49;0;1
FR;3;2022-11-24;0;0;0;0;0;0;0;0;0;4416523;3441403;4451;2;3613177;2877;49;0;1
FR;3;2022-11-25;0;0;0;0;0;0;0;0;0;4416523;3441403;4451;2;3613177;2877;49;0;1
FR;3;2022-11-26;0;0;0;0;0;0;0;0;0;4416523;3441403;4451;2;3613177;2877;49;0;1
FR;3;2022-11-27;0;0;0;0;0;0;0;0;0;4416523;3441403;4451;2;3613177;2877;49;0;1
FR;3;2022-11-28;0;0;0;0;0;0;0;0;0;4416523;3441403;4451;2;3613177;2877;49;0;1
FR;3;2022-11-29;0;0;0;0;0;0;0;0;0;4416523;3441403;4451;2;3613177;2877;49;0;1
FR;4;2020-12-27;0;0;0;0;0;0;0;0;0;0;0;0;0;0;0;0;0;0
FR;4;2020-12-28;0;0;0;0;0;0;0;0;0;0;0;0;0;0;0;0;0;0
FR;4;2020-12-29;0;0;0;0;0;0;0;0;0;0;0;0;0;0;0;0;0;0
FR;4;2020-12-30;0;0;0;0;0;0;0;0;0;0;0;0;0;0;0;0;0;0
FR;4;2020-12-31;0;0;0;0;0;0;0;0;0;0;0;0;0;0;0;0;0;0
FR;4;2021-01-01;0;0;0;0;0;0;0;0;0;0;0;0;0;0;0;0;0;0
FR;4;2021-01-02;0;0;0;0;0;0;0;0;0;0;0;0;0;0;0;0;0;0
FR;4;2021-01-03;0;0;0;0;0;0;0;0;0;0;0;0;0;0;0;0;0;0
FR;4;2021-01-04;0;0;0;0;0;0;0;0;0;0;0;0;0;0;0;0;0;0
FR;4;2021-01-05;0;0;0;0;0;0;0;0;0;0;0;0;0;0;0;0;0;0
FR;4;2021-01-06;0;0;0;0;0;0;0;0;0;0;0;0;0;0;0;0;0;0
FR;4;2021-01-07;0;0;0;0;0;0;0;0;0;0;0;0;0;0;0;0;0;0
FR;4;2021-01-08;0;0;0;0;0;0;0;0;0;0;0;0;0;0;0;0;0;0
FR;4;2021-01-09;0;0;0;0;0;0;0;0;0;0;0;0;0;0;0;0;0;0
FR;4;2021-01-10;0;0;0;0;0;0;0;0;0;0;0;0;0;0;0;0;0;0
FR;4;2021-01-11;0;0;0;0;0;0;0;0;0;0;0;0;0;0;0;0;0;0
FR;4;2021-01-12;0;0;0;0;0;0;0;0;0;0;0;0;0;0;0;0;0;0
FR;4;2021-01-13;0;0;0;0;0;0;0;0;0;0;0;0;0;0;0;0;0;0
FR;4;2021-01-14;0;0;0;0;0;0;0;0;0;0;0;0;0;0;0;0;0;0
FR;4;2021-01-15;0;0;0;0;0;0;0;0;0;0;0;0;0;0;0;0;0;0
FR;4;2021-01-16;0;0;0;0;0;0;0;0;0;0;0;0;0;0;0;0;0;0
FR;4;2021-01-17;0;0;0;0;0;0;0;0;0;0;0;0;0;0;0;0;0;0
FR;4;2021-01-18;0;0;0;0;0;0;0;0;0;0;0;0;0;0;0;0;0;0
FR;4;2021-01-19;0;0;0;0;0;0;0;0;0;0;0;0;0;0;0;0;0;0
FR;4;2021-01-20;0;0;0;0;0;0;0;0;0;0;0;0;0;0;0;0;0;0
FR;4;2021-01-21;0;0;0;0;0;0;0;0;0;0;0;0;0;0;0;0;0;0
FR;4;2021-01-22;0;0;0;0;0;0;0;0;0;0;0;0;0;0;0;0;0;0
FR;4;2021-01-23;0;0;0;0;0;0;0;0;0;0;0;0;0;0;0;0;0;0
FR;4;2021-01-24;0;0;0;0;0;0;0;0;0;0;0;0;0;0;0;0;0;0
FR;4;2021-01-25;0;0;0;0;0;0;0;0;0;0;0;0;0;0;0;0;0;0
FR;4;2021-01-26;0;0;0;0;0;0;0;0;0;0;0;0;0;0;0;0;0;0
FR;4;2021-01-27;0;0;0;0;0;0;0;0;0;0;0;0;0;0;0;0;0;0
FR;4;2021-01-28;0;0;0;0;0;0;0;0;0;0;0;0;0;0;0;0;0;0
FR;4;2021-01-29;0;0;0;0;0;0;0;0;0;0;0;0;0;0;0;0;0;0
FR;4;2021-01-30;0;0;0;0;0;0;0;0;0;0;0;0;0;0;0;0;0;0
FR;4;2021-01-31;0;0;0;0;0;0;0;0;0;0;0;0;0;0;0;0;0;0
FR;4;2021-02-01;0;0;0;0;0;0;0;0;0;0;0;0;0;0;0;0;0;0
FR;4;2021-02-02;0;0;0;0;0;0;0;0;0;0;0;0;0;0;0;0;0;0
FR;4;2021-02-03;0;0;0;0;0;0;0;0;0;0;0;0;0;0;0;0;0;0
FR;4;2021-02-04;0;0;0;0;0;0;0;0;0;0;0;0;0;0;0;0;0;0
FR;4;2021-02-05;0;0;0;0;0;0;0;0;0;0;0;0;0;0;0;0;0;0
FR;4;2021-02-06;0;0;0;0;0;0;0;0;0;0;0;0;0;0;0;0;0;0
FR;4;2021-02-07;0;0;0;0;0;0;0;0;0;0;0;0;0;0;0;0;0;0
FR;4;2021-02-08;0;0;0;0;0;0;0;0;0;0;0;0;0;0;0;0;0;0
FR;4;2021-02-09;0;0;0;0;0;0;0;0;0;0;0;0;0;0;0;0;0;0
FR;4;2021-02-10;0;0;0;0;0;0;0;0;0;0;0;0;0;0;0;0;0;0
FR;4;2021-02-11;0;0;0;0;0;0;0;0;0;0;0;0;0;0;0;0;0;0
FR;4;2021-02-12;0;0;0;0;0;0;0;0;0;0;0;0;0;0;0;0;0;0
FR;4;2021-02-13;0;0;0;0;0;0;0;0;0;0;0;0;0;0;0;0;0;0
FR;4;2021-02-14;0;0;0;0;0;0;0;0;0;0;0;0;0;0;0;0;0;0
FR;4;2021-02-15;0;0;0;0;0;0;0;0;0;0;0;0;0;0;0;0;0;0
FR;4;2021-02-16;0;0;0;0;0;0;0;0;0;0;0;0;0;0;0;0;0;0
FR;4;2021-02-17;0;0;0;0;0;0;0;0;0;0;0;0;0;0;0;0;0;0
FR;4;2021-02-18;0;0;0;0;0;0;0;0;0;0;0;0;0;0;0;0;0;0
FR;4;2021-02-19;0;0;0;0;0;0;0;0;0;0;0;0;0;0;0;0;0;0
FR;4;2021-02-20;0;0;0;0;0;0;0;0;0;0;0;0;0;0;0;0;0;0
FR;4;2021-02-21;0;0;0;0;0;0;0;0;0;0;0;0;0;0;0;0;0;0
FR;4;2021-02-22;0;0;0;0;0;0;0;0;0;0;0;0;0;0;0;0;0;0
FR;4;2021-02-23;0;0;0;0;0;0;0;0;0;0;0;0;0;0;0;0;0;0
FR;4;2021-02-24;0;0;0;0;0;0;0;0;0;0;0;0;0;0;0;0;0;0
FR;4;2021-02-25;0;0;0;0;0;0;0;0;0;0;0;0;0;0;0;0;0;0
FR;4;2021-02-26;0;0;0;0;0;0;0;0;0;0;0;0;0;0;0;0;0;0
FR;4;2021-02-27;0;0;0;0;0;0;0;0;0;0;0;0;0;0;0;0;0;0
FR;4;2021-02-28;0;0;0;0;0;0;0;0;0;0;0;0;0;0;0;0;0;0
FR;4;2021-03-01;0;0;0;0;0;0;0;0;0;0;0;0;0;0;0;0;0;0
FR;4;2021-03-02;0;0;0;0;0;0;0;0;0;0;0;0;0;0;0;0;0;0
FR;4;2021-03-03;0;0;0;0;0;0;0;0;0;0;0;0;0;0;0;0;0;0
FR;4;2021-03-04;0;0;0;0;0;0;0;0;0;0;0;0;0;0;0;0;0;0
FR;4;2021-03-05;0;0;0;0;0;0;0;0;0;0;0;0;0;0;0;0;0;0
FR;4;2021-03-06;0;0;0;0;0;0;0;0;0;0;0;0;0;0;0;0;0;0
FR;4;2021-03-07;0;0;0;0;0;0;0;0;0;0;0;0;0;0;0;0;0;0
FR;4;2021-03-08;0;0;0;0;0;0;0;0;0;0;0;0;0;0;0;0;0;0
FR;4;2021-03-09;0;0;0;0;0;0;0;0;0;0;0;0;0;0;0;0;0;0
FR;4;2021-03-10;0;0;0;0;0;0;0;0;0;0;0;0;0;0;0;0;0;0
FR;4;2021-03-11;0;0;0;0;0;0;0;0;0;0;0;0;0;0;0;0;0;0
FR;4;2021-03-12;0;0;0;0;0;0;0;0;0;0;0;0;0;0;0;0;0;0
FR;4;2021-03-13;0;0;0;0;0;0;0;0;0;0;0;0;0;0;0;0;0;0
FR;4;2021-03-14;0;0;0;0;0;0;0;0;0;0;0;0;0;0;0;0;0;0
FR;4;2021-03-15;0;0;0;0;0;0;0;0;0;0;0;0;0;0;0;0;0;0
FR;4;2021-03-16;0;0;0;0;0;0;0;0;0;0;0;0;0;0;0;0;0;0
FR;4;2021-03-17;0;0;0;0;0;0;0;0;0;0;0;0;0;0;0;0;0;0
FR;4;2021-03-18;0;0;0;0;0;0;0;0;0;0;0;0;0;0;0;0;0;0
FR;4;2021-03-19;0;0;0;0;0;0;0;0;0;0;0;0;0;0;0;0;0;0
FR;4;2021-03-20;0;0;0;0;0;0;0;0;0;0;0;0;0;0;0;0;0;0
FR;4;2021-03-21;0;0;0;0;0;0;0;0;0;0;0;0;0;0;0;0;0;0
FR;4;2021-03-22;0;0;0;0;0;0;0;0;0;0;0;0;0;0;0;0;0;0
FR;4;2021-03-23;0;0;0;0;0;0;0;0;0;0;0;0;0;0;0;0;0;0
FR;4;2021-03-24;0;0;0;0;0;0;0;0;0;0;0;0;0;0;0;0;0;0
FR;4;2021-03-25;0;0;0;0;0;0;0;0;0;0;0;0;0;0;0;0;0;0
FR;4;2021-03-26;0;0;0;0;0;0;0;0;0;0;0;0;0;0;0;0;0;0
FR;4;2021-03-27;0;0;0;0;0;0;0;0;0;0;0;0;0;0;0;0;0;0
FR;4;2021-03-28;0;0;0;0;0;0;0;0;0;0;0;0;0;0;0;0;0;0
FR;4;2021-03-29;0;0;0;0;0;0;0;0;0;0;0;0;0;0;0;0;0;0
FR;4;2021-03-30;0;0;0;0;0;0;0;0;0;0;0;0;0;0;0;0;0;0
FR;4;2021-03-31;0;0;0;0;0;0;0;0;0;0;0;0;0;0;0;0;0;0
FR;4;2021-04-01;0;0;0;0;0;0;0;0;0;0;0;0;0;0;0;0;0;0
FR;4;2021-04-02;0;0;0;0;0;0;0;0;0;0;0;0;0;0;0;0;0;0
FR;4;2021-04-03;0;0;0;0;0;0;0;0;0;0;0;0;0;0;0;0;0;0
FR;4;2021-04-04;0;0;0;0;0;0;0;0;0;0;0;0;0;0;0;0;0;0
FR;4;2021-04-05;0;0;0;0;0;0;0;0;0;0;0;0;0;0;0;0;0;0
FR;4;2021-04-06;0;0;0;0;0;0;0;0;0;0;0;0;0;0;0;0;0;0
FR;4;2021-04-07;0;0;0;0;0;0;0;0;0;0;0;0;0;0;0;0;0;0
FR;4;2021-04-08;0;0;0;0;0;0;0;0;0;0;0;0;0;0;0;0;0;0
FR;4;2021-04-09;0;0;0;0;0;0;0;0;0;0;0;0;0;0;0;0;0;0
FR;4;2021-04-10;0;0;0;0;0;0;0;0;0;0;0;0;0;0;0;0;0;0
FR;4;2021-04-11;0;0;0;0;0;0;0;0;0;0;0;0;0;0;0;0;0;0
FR;4;2021-04-12;0;0;0;0;0;0;0;0;0;0;0;0;0;0;0;0;0;0
FR;4;2021-04-13;0;0;0;0;0;0;0;0;0;0;0;0;0;0;0;0;0;0
FR;4;2021-04-14;0;0;0;0;0;0;0;0;0;0;0;0;0;0;0;0;0;0
FR;4;2021-04-15;0;0;0;0;0;0;0;0;0;0;0;0;0;0;0;0;0;0
FR;4;2021-04-16;0;0;0;0;0;0;0;0;0;0;0;0;0;0;0;0;0;0
FR;4;2021-04-17;0;0;0;0;0;0;0;0;0;0;0;0;0;0;0;0;0;0
FR;4;2021-04-18;0;0;0;0;0;0;0;0;0;0;0;0;0;0;0;0;0;0
FR;4;2021-04-19;0;0;0;0;0;0;0;0;0;0;0;0;0;0;0;0;0;0
FR;4;2021-04-20;0;0;0;0;0;0;0;0;0;0;0;0;0;0;0;0;0;0
FR;4;2021-04-21;0;0;0;0;0;0;0;0;0;0;0;0;0;0;0;0;0;0
FR;4;2021-04-22;0;0;0;0;0;0;0;0;0;0;0;0;0;0;0;0;0;0
FR;4;2021-04-23;3760;0;0;0;3713;0;0;0;0;3760;0;0;0;3713;0;0;0;0
FR;4;2021-04-24;1569;1;0;0;1558;0;0;0;0;5329;1;0;0;5271;0;0;0;0
FR;4;2021-04-25;125;0;0;0;125;0;0;0;0;5454;1;0;0;5396;0;0;0;0
FR;4;2021-04-26;2871;1;0;0;2860;0;0;0;0;8325;2;0;0;8256;0;0;0;0
FR;4;2021-04-27;9520;3;0;0;9501;0;0;0;0;17845;5;0;0;17757;0;0;0;0
FR;4;2021-04-28;9909;6;0;0;9884;0;0;0;0;27754;11;0;0;27641;0;0;0;0
FR;4;2021-04-29;15996;8;0;0;15980;0;0;0;0;43750;19;0;0;43621;0;0;0;0
FR;4;2021-04-30;19234;10;0;0;19204;0;0;0;0;62984;29;0;0;62825;0;0;0;0
FR;4;2021-05-01;1993;6;0;0;1991;0;0;0;0;64977;35;0;0;64816;0;0;0;0
FR;4;2021-05-02;484;0;0;0;481;0;0;0;0;65461;35;0;0;65297;0;0;0;0
FR;4;2021-05-03;5065;2;0;0;5059;0;0;0;0;70526;37;0;0;70356;0;0;0;0
FR;4;2021-05-04;8408;11;0;0;8396;0;0;0;0;78934;48;0;0;78752;0;0;0;0
FR;4;2021-05-05;6189;7;0;0;6184;0;0;0;0;85123;55;0;0;84936;0;0;0;0
FR;4;2021-05-06;11387;11;0;0;11384;0;0;0;0;96510;66;0;0;96320;0;0;0;0
FR;4;2021-05-07;19125;9;0;0;19086;0;0;0;0;115635;75;0;0;115406;0;0;0;0
FR;4;2021-05-08;2378;6;0;0;2382;0;0;0;0;118013;81;0;0;117788;0;0;0;0
FR;4;2021-05-09;689;3;0;0;690;0;0;0;0;118702;84;0;0;118478;0;0;0;0
FR;4;2021-05-10;7244;5;1;0;7241;0;0;0;0;125946;89;1;0;125719;0;0;0;0
FR;4;2021-05-11;14325;12;0;0;14305;0;0;0;0;140271;101;1;0;140024;0;0;0;0
FR;4;2021-05-12;10174;15;0;0;10177;0;0;0;0;150445;116;1;0;150201;0;0;0;0
FR;4;2021-05-13;1583;4;0;0;1584;0;0;0;0;152028;120;1;0;151785;0;0;0;0
FR;4;2021-05-14;7767;7;0;0;7761;0;0;0;0;159795;127;1;0;159546;0;0;0;0
FR;4;2021-05-15;3721;8;1;0;3720;0;0;0;0;163516;135;2;0;163266;0;0;0;0
FR;4;2021-05-16;417;1;0;0;417;0;0;0;0;163933;136;2;0;163683;0;0;0;0
FR;4;2021-05-17;4479;6;0;0;4478;0;0;0;0;168412;142;2;0;168161;0;0;0;0
FR;4;2021-05-18;8767;10;0;0;8767;0;0;0;0;177179;152;2;0;176928;0;0;0;0
FR;4;2021-05-19;5697;7;0;0;5699;0;0;0;0;182876;159;2;0;182627;0;0;0;0
FR;4;2021-05-20;9485;8;0;0;9477;0;0;0;0;192361;167;2;0;192104;0;0;0;0
FR;4;2021-05-21;12809;30;0;0;12815;0;0;0;0;205170;197;2;0;204919;0;0;0;0
FR;4;2021-05-22;5060;15;0;0;5067;0;0;0;0;210230;212;2;0;209986;0;0;0;0
FR;4;2021-05-23;497;4;0;0;500;0;0;0;0;210727;216;2;0;210486;0;0;0;0
FR;4;2021-05-24;1059;7;0;0;1063;0;0;0;0;211786;223;2;0;211549;0;0;0;0
FR;4;2021-05-25;7633;16;0;0;7639;0;0;0;0;219419;239;2;0;219188;0;0;0;0
FR;4;2021-05-26;7729;16;0;0;7738;0;0;0;0;227148;255;2;0;226926;0;0;0;0
FR;4;2021-05-27;14335;35;0;0;14342;0;0;0;0;241483;290;2;0;241268;0;0;0;0
FR;4;2021-05-28;26593;82;1;0;26633;0;0;0;0;268076;372;3;0;267901;0;0;0;0
FR;4;2021-05-29;11385;18;0;0;11386;0;0;0;0;279461;390;3;0;279287;0;0;0;0
FR;4;2021-05-30;973;7;0;0;972;0;0;0;0;280434;397;3;0;280259;0;0;0;0
FR;4;2021-05-31;12697;21;0;0;12696;0;0;0;0;293131;418;3;0;292955;0;0;0;0
FR;4;2021-06-01;20270;48;1;0;20289;0;0;0;0;313401;466;4;0;313244;0;0;0;0
FR;4;2021-06-02;14522;33;0;0;14535;0;0;0;0;327923;499;4;0;327779;0;0;0;0
FR;4;2021-06-03;19434;24;1;0;19432;0;0;0;0;347357;523;5;0;347211;0;0;0;0
FR;4;2021-06-04;22516;48;0;0;22534;0;0;0;0;369873;571;5;0;369745;0;0;0;0
FR;4;2021-06-05;9714;32;0;0;9717;0;0;0;0;379587;603;5;0;379462;0;0;0;0
FR;4;2021-06-06;1040;1;0;0;1036;0;0;0;0;380627;604;5;0;380498;0;0;0;0
FR;4;2021-06-07;9228;19;0;0;9235;0;0;0;0;389855;623;5;0;389733;0;0;0;0
FR;4;2021-06-08;14612;32;0;0;14622;0;0;0;0;404467;655;5;0;404355;0;0;0;0
FR;4;2021-06-09;12211;25;0;0;12219;0;0;0;0;416678;680;5;0;416574;0;0;0;0
FR;4;2021-06-10;15405;30;0;0;15413;0;0;0;0;432083;710;5;0;431987;0;0;0;0
FR;4;2021-06-11;16987;57;0;0;17014;0;0;0;0;449070;767;5;0;449001;0;0;0;0
FR;4;2021-06-12;7451;27;0;0;7476;0;0;0;0;456521;794;5;0;456477;0;0;0;0
FR;4;2021-06-13;908;3;0;0;910;0;0;0;0;457429;797;5;0;457387;0;0;0;0
FR;4;2021-06-14;6649;27;0;0;6660;0;0;0;0;464078;824;5;0;464047;0;0;0;0
FR;4;2021-06-15;10892;39;0;0;10909;0;0;0;0;474970;863;5;0;474956;0;0;0;0
FR;4;2021-06-16;8909;16;0;0;8917;0;0;0;0;483879;879;5;0;483873;0;0;0;0
FR;4;2021-06-17;10899;37;0;0;10911;0;0;0;0;494778;916;5;0;494784;0;0;0;0
FR;4;2021-06-18;12424;45;0;0;12451;0;0;0;0;507202;961;5;0;507235;0;0;0;0
FR;4;2021-06-19;5567;25;0;0;5587;0;0;0;0;512769;986;5;0;512822;0;0;0;0
FR;4;2021-06-20;824;5;0;0;828;0;0;0;0;513593;991;5;0;513650;0;0;0;0
FR;4;2021-06-21;5101;21;0;0;5101;0;0;0;0;518694;1012;5;0;518751;0;0;0;0
FR;4;2021-06-22;7913;29;2;0;7930;0;0;0;0;526607;1041;7;0;526681;0;0;0;0
FR;4;2021-06-23;7103;42;2;0;7130;0;0;0;0;533710;1083;9;0;533811;0;0;0;0
FR;4;2021-06-24;8654;46;1;0;8686;0;0;0;0;542364;1129;10;0;542497;0;0;0;0
FR;4;2021-06-25;10174;41;2;0;10206;0;0;0;0;552538;1170;12;0;552703;0;0;0;0
FR;4;2021-06-26;4852;21;0;0;4869;0;0;0;0;557390;1191;12;0;557572;0;0;0;0
FR;4;2021-06-27;766;4;0;0;768;0;0;0;0;558156;1195;12;0;558340;0;0;0;0
FR;4;2021-06-28;4833;16;1;0;4841;0;0;0;0;562989;1211;13;0;563181;0;0;0;0
FR;4;2021-06-29;7110;28;2;0;7119;0;0;0;0;570099;1239;15;0;570300;0;0;0;0
FR;4;2021-06-30;6725;40;2;0;6753;0;0;0;0;576824;1279;17;0;577053;0;0;0;0
FR;4;2021-07-01;8209;42;0;0;8231;0;0;0;0;585033;1321;17;0;585284;0;0;0;0
FR;4;2021-07-02;9428;53;1;0;9468;0;0;0;0;594461;1374;18;0;594752;0;0;0;0
FR;4;2021-07-03;4846;20;0;0;4861;0;0;0;0;599307;1394;18;0;599613;0;0;0;0
FR;4;2021-07-04;689;5;0;0;691;0;0;0;0;599996;1399;18;0;600304;0;0;0;0
FR;4;2021-07-05;4771;19;2;0;4782;0;0;0;0;604767;1418;20;0;605086;0;0;0;0
FR;4;2021-07-06;7728;29;4;0;7741;0;0;0;0;612495;1447;24;0;612827;0;0;0;0
FR;4;2021-07-07;7084;34;2;0;7097;0;0;0;0;619579;1481;26;0;619924;0;0;0;0
FR;4;2021-07-08;9231;40;2;0;9254;0;0;0;0;628810;1521;28;0;629178;0;0;0;0
FR;4;2021-07-09;10278;34;1;0;10301;0;0;0;0;639088;1555;29;0;639479;0;0;0;0
FR;4;2021-07-10;4639;14;2;0;4645;0;0;0;0;643727;1569;31;0;644124;0;0;0;0
FR;4;2021-07-11;582;4;1;0;580;0;0;0;0;644309;1573;32;0;644704;0;0;0;0
FR;4;2021-07-12;5875;29;0;0;5897;0;0;0;0;650184;1602;32;0;650601;0;0;0;0
FR;4;2021-07-13;14231;29;0;0;14249;0;0;0;0;664415;1631;32;0;664850;0;0;0;0
FR;4;2021-07-14;2289;15;0;0;2289;0;0;0;0;666704;1646;32;0;667139;0;0;0;0
FR;4;2021-07-15;18237;36;0;0;18254;0;0;0;0;684941;1682;32;0;685393;0;0;0;0
FR;4;2021-07-16;22836;71;2;0;22886;0;0;0;0;707777;1753;34;0;708279;0;0;0;0
FR;4;2021-07-17;9738;20;0;0;9747;0;0;0;0;717515;1773;34;0;718026;0;0;0;0
FR;4;2021-07-18;1358;4;0;0;1360;0;0;0;0;718873;1777;34;0;719386;0;0;0;0
FR;4;2021-07-19;12989;30;1;0;13014;0;0;0;0;731862;1807;35;0;732400;0;0;0;0
FR;4;2021-07-20;17343;26;1;0;17359;0;0;0;0;749205;1833;36;0;749759;0;0;0;0
FR;4;2021-07-21;15617;33;0;0;15637;0;0;0;0;764822;1866;36;0;765396;0;0;0;0
FR;4;2021-07-22;18244;44;2;0;18268;0;0;0;0;783066;1910;38;0;783664;0;0;0;0
FR;4;2021-07-23;20417;57;7;0;20450;0;0;0;0;803483;1967;45;0;804114;0;0;0;0
FR;4;2021-07-24;9289;32;0;0;9303;0;0;0;0;812772;1999;45;0;813417;0;0;0;0
FR;4;2021-07-25;1354;9;0;0;1356;0;0;0;0;814126;2008;45;0;814773;0;0;0;0
FR;4;2021-07-26;11041;23;0;0;11048;0;0;0;0;825167;2031;45;0;825821;0;0;0;0
FR;4;2021-07-27;14684;35;3;0;14704;0;0;0;0;839851;2066;48;0;840525;0;0;0;0
FR;4;2021-07-28;12933;26;2;0;12950;0;0;0;0;852784;2092;50;0;853475;0;0;0;0
FR;4;2021-07-29;14093;54;4;0;14134;0;0;0;0;866877;2146;54;0;867609;0;0;0;0
FR;4;2021-07-30;15500;46;2;0;15531;0;0;0;0;882377;2192;56;0;883140;0;0;0;0
FR;4;2021-07-31;6843;14;2;0;6853;0;0;0;0;889220;2206;58;0;889993;0;0;0;0
FR;4;2021-08-01;906;1;0;0;901;0;0;0;0;890126;2207;58;0;890894;0;0;0;0
FR;4;2021-08-02;7918;31;0;0;7919;0;0;0;0;898044;2238;58;0;898813;0;0;0;0
FR;4;2021-08-03;10799;31;2;0;10795;0;0;0;0;908843;2269;60;0;909608;0;0;0;0
FR;4;2021-08-04;9747;29;0;0;9746;0;0;0;0;918590;2298;60;0;919354;0;0;0;0
FR;4;2021-08-05;9825;42;0;0;9831;0;0;0;0;928415;2340;60;0;929185;0;0;0;0
FR;4;2021-08-06;10200;31;3;0;10197;0;0;0;0;938615;2371;63;0;939382;0;0;0;0
FR;4;2021-08-07;5100;30;1;0;5116;0;0;0;0;943715;2401;64;0;944498;0;0;0;0
FR;4;2021-08-08;1219;13;0;0;1222;0;0;0;0;944934;2414;64;0;945720;0;0;0;0
FR;4;2021-08-09;6349;31;0;0;6342;0;0;0;0;951283;2445;64;0;952062;0;0;0;0
FR;4;2021-08-10;8751;18;0;0;8723;0;0;0;0;960034;2463;64;0;960785;0;0;0;0
FR;4;2021-08-11;7944;34;4;0;7933;0;0;0;0;967978;2497;68;0;968718;0;0;0;0
FR;4;2021-08-12;8585;31;1;0;8573;0;0;0;0;976563;2528;69;0;977291;0;0;0;0
FR;4;2021-08-13;7558;25;0;1;7545;0;0;0;0;984121;2553;69;1;984836;0;0;0;0
FR;4;2021-08-14;3791;20;0;0;3775;0;0;0;0;987912;2573;69;1;988611;0;0;0;0
FR;4;2021-08-15;771;5;0;0;773;0;0;0;0;988683;2578;69;1;989384;0;0;0;0
FR;4;2021-08-16;4008;17;0;0;4002;0;0;0;0;992691;2595;69;1;993386;0;0;0;0
FR;4;2021-08-17;5630;17;1;0;5620;0;0;0;0;998321;2612;70;1;999006;0;0;0;0
FR;4;2021-08-18;5166;37;0;0;5183;0;0;0;0;1003487;2649;70;1;1004189;0;0;0;0
FR;4;2021-08-19;5486;33;3;0;5500;0;0;0;0;1008973;2682;73;1;1009689;0;0;0;0
FR;4;2021-08-20;5224;25;1;0;5234;0;0;0;0;1014197;2707;74;1;1014923;0;0;0;0
FR;4;2021-08-21;2310;21;1;0;2326;0;0;0;0;1016507;2728;75;1;1017249;0;0;0;0
FR;4;2021-08-22;414;2;0;0;415;0;0;0;0;1016921;2730;75;1;1017664;0;0;0;0
FR;4;2021-08-23;2932;20;1;0;2939;0;0;0;0;1019853;2750;76;1;1020603;0;0;0;0
FR;4;2021-08-24;3758;15;0;0;3761;0;0;0;0;1023611;2765;76;1;1024364;0;0;0;0
FR;4;2021-08-25;3542;25;1;0;3558;0;0;0;0;1027153;2790;77;1;1027922;0;0;0;0
FR;4;2021-08-26;3715;21;2;0;3727;0;0;0;0;1030868;2811;79;1;1031649;0;0;0;0
FR;4;2021-08-27;3617;31;2;0;3635;0;0;0;0;1034485;2842;81;1;1035284;0;0;0;0
FR;4;2021-08-28;1726;10;1;0;1731;0;0;0;0;1036211;2852;82;1;1037015;0;0;0;0
FR;4;2021-08-29;385;7;1;0;389;0;0;0;0;1036596;2859;83;1;1037404;0;0;0;0
FR;4;2021-08-30;2009;25;0;0;2018;15;0;0;0;1038605;2884;83;1;1039422;15;0;0;0
FR;4;2021-08-31;2485;21;0;0;2492;14;0;0;0;1041090;2905;83;1;1041914;29;0;0;0
FR;4;2021-09-01;2085;38;1;0;2096;21;0;0;0;1043175;2943;84;1;1044010;50;0;0;0
FR;4;2021-09-02;2306;31;4;0;2319;18;0;0;0;1045481;2974;88;1;1046329;68;0;0;0
FR;4;2021-09-03;2363;44;5;0;2373;36;0;0;0;1047844;3018;93;1;1048702;104;0;0;0
FR;4;2021-09-04;1373;18;0;0;1380;9;0;0;0;1049217;3036;93;1;1050082;113;0;0;0
FR;4;2021-09-05;433;2;0;0;433;2;0;0;0;1049650;3038;93;1;1050515;115;0;0;0
FR;4;2021-09-06;1713;62;0;0;1751;23;0;0;0;1051363;3100;93;1;1052266;138;0;0;0
FR;4;2021-09-07;1679;18;0;0;1688;8;0;0;0;1053042;3118;93;1;1053954;146;0;0;0
FR;4;2021-09-08;1286;26;3;0;1291;19;0;0;0;1054328;3144;96;1;1055245;165;0;0;0
FR;4;2021-09-09;1390;23;2;0;1401;9;0;0;0;1055718;3167;98;1;1056646;174;0;0;0
FR;4;2021-09-10;1521;31;2;0;1525;23;1;0;0;1057239;3198;100;1;1058171;197;1;0;0
FR;4;2021-09-11;745;11;0;0;748;3;0;0;0;1057984;3209;100;1;1058919;200;1;0;0
FR;4;2021-09-12;169;4;0;0;170;3;0;0;0;1058153;3213;100;1;1059089;203;1;0;0
FR;4;2021-09-13;1322;22;1;0;1325;16;0;0;0;1059475;3235;101;1;1060414;219;1;0;0
FR;4;2021-09-14;1503;9;2;0;1506;6;0;0;0;1060978;3244;103;1;1061920;225;1;0;0
FR;4;2021-09-15;1095;28;1;0;1098;25;0;0;0;1062073;3272;104;1;1063018;250;1;0;0
FR;4;2021-09-16;1105;22;2;0;1109;15;0;0;0;1063178;3294;106;1;1064127;265;1;0;0
FR;4;2021-09-17;897;21;1;0;904;12;0;0;0;1064075;3315;107;1;1065031;277;1;0;0
FR;4;2021-09-18;464;6;1;0;465;5;0;0;0;1064539;3321;108;1;1065496;282;1;0;0
FR;4;2021-09-19;182;3;0;0;183;2;0;0;0;1064721;3324;108;1;1065679;284;1;0;0
FR;4;2021-09-20;452;19;0;0;458;13;0;0;0;1065173;3343;108;1;1066137;297;1;0;0
FR;4;2021-09-21;432;11;0;0;434;7;0;0;0;1065605;3354;108;1;1066571;304;1;0;0
FR;4;2021-09-22;374;19;2;0;381;13;0;0;0;1065979;3373;110;1;1066952;317;1;0;0
FR;4;2021-09-23;485;15;1;0;486;14;0;0;0;1066464;3388;111;1;1067438;331;1;0;0
FR;4;2021-09-24;413;13;2;0;417;9;0;0;0;1066877;3401;113;1;1067855;340;1;0;0
FR;4;2021-09-25;280;10;1;0;281;5;0;0;0;1067157;3411;114;1;1068136;345;1;0;0
FR;4;2021-09-26;74;2;0;0;75;1;0;0;0;1067231;3413;114;1;1068211;346;1;0;0
FR;4;2021-09-27;266;10;1;0;267;8;0;0;0;1067497;3423;115;1;1068478;354;1;0;0
FR;4;2021-09-28;318;8;0;0;318;8;0;0;0;1067815;3431;115;1;1068796;362;1;0;0
FR;4;2021-09-29;375;19;1;0;377;13;0;0;0;1068190;3450;116;1;1069173;375;1;0;0
FR;4;2021-09-30;364;41;0;0;378;22;0;0;0;1068554;3491;116;1;1069551;397;1;0;0
FR;4;2021-10-01;411;56;0;0;413;50;0;0;0;1068965;3547;116;1;1069964;447;1;0;0
FR;4;2021-10-02;196;22;1;0;198;13;0;0;0;1069161;3569;117;1;1070162;460;1;0;0
FR;4;2021-10-03;85;1;0;0;86;0;0;0;0;1069246;3570;117;1;1070248;460;1;0;0
FR;4;2021-10-04;361;20;1;0;365;16;0;0;0;1069607;3590;118;1;1070613;476;1;0;0
FR;4;2021-10-05;286;19;2;0;288;15;0;0;0;1069893;3609;120;1;1070901;491;1;0;0
FR;4;2021-10-06;249;23;1;0;254;18;0;0;0;1070142;3632;121;1;1071155;509;1;0;0
FR;4;2021-10-07;267;25;2;0;272;13;0;0;0;1070409;3657;123;1;1071427;522;1;0;0
FR;4;2021-10-08;356;24;2;0;359;20;0;0;0;1070765;3681;125;1;1071786;542;1;0;0
FR;4;2021-10-09;194;6;6;0;195;7;0;0;0;1070959;3687;131;1;1071981;549;1;0;0
FR;4;2021-10-10;97;3;2;0;99;3;0;0;0;1071056;3690;133;1;1072080;552;1;0;0
FR;4;2021-10-11;251;15;1;0;252;14;0;0;0;1071307;3705;134;1;1072332;566;1;0;0
FR;4;2021-10-12;209;14;0;0;209;13;0;0;0;1071516;3719;134;1;1072541;579;1;0;0
FR;4;2021-10-13;221;28;1;0;224;25;0;0;0;1071737;3747;135;1;1072765;604;1;0;0
FR;4;2021-10-14;315;21;4;0;319;15;0;0;0;1072052;3768;139;1;1073084;619;1;0;0
FR;4;2021-10-15;322;24;5;0;323;25;0;0;0;1072374;3792;144;1;1073407;644;1;0;0
FR;4;2021-10-16;166;6;2;0;166;6;0;0;0;1072540;3798;146;1;1073573;650;1;0;0
FR;4;2021-10-17;70;2;0;0;71;1;0;0;0;1072610;3800;146;1;1073644;651;1;0;0
FR;4;2021-10-18;281;16;1;0;283;13;0;0;0;1072891;3816;147;1;1073927;664;1;0;0
FR;4;2021-10-19;215;14;2;0;215;15;0;0;0;1073106;3830;149;1;1074142;679;1;0;0
FR;4;2021-10-20;231;27;4;0;234;15;0;0;0;1073337;3857;153;1;1074376;694;1;0;0
FR;4;2021-10-21;243;17;0;0;245;13;0;0;0;1073580;3874;153;1;1074621;707;1;0;0
FR;4;2021-10-22;217;25;2;0;219;20;1;0;0;1073797;3899;155;1;1074840;727;2;0;0
FR;4;2021-10-23;116;16;1;0;117;15;0;0;0;1073913;3915;156;1;1074957;742;2;0;0
FR;4;2021-10-24;38;4;0;0;38;1;0;0;0;1073951;3919;156;1;1074995;743;2;0;0
FR;4;2021-10-25;217;7;2;0;217;9;0;0;0;1074168;3926;158;1;1075212;752;2;0;0
FR;4;2021-10-26;200;14;0;0;202;12;0;0;0;1074368;3940;158;1;1075414;764;2;0;0
FR;4;2021-10-27;196;12;4;0;196;12;2;0;0;1074564;3952;162;1;1075610;776;4;0;0
FR;4;2021-10-28;184;18;5;0;184;22;0;0;0;1074748;3970;167;1;1075794;798;4;0;0
FR;4;2021-10-29;225;17;2;0;226;15;0;0;0;1074973;3987;169;1;1076020;813;4;0;0
FR;4;2021-10-30;102;2;1;0;103;2;0;0;0;1075075;3989;170;1;1076123;815;4;0;0
FR;4;2021-10-31;59;3;2;0;60;3;0;0;0;1075134;3992;172;1;1076183;818;4;0;0
FR;4;2021-11-01;75;27;4;0;76;24;3;0;0;1075209;4019;176;1;1076259;842;7;0;0
FR;4;2021-11-02;161;21;2;0;162;21;0;0;0;1075370;4040;178;1;1076421;863;7;0;0
FR;4;2021-11-03;130;20;8;1;131;18;6;0;0;1075500;4060;186;2;1076552;881;13;0;0
FR;4;2021-11-04;186;15;1;0;187;12;1;0;0;1075686;4075;187;2;1076739;893;14;0;0
FR;4;2021-11-05;130;17;1;0;131;16;0;0;0;1075816;4092;188;2;1076870;909;14;0;0
FR;4;2021-11-06;80;6;1;0;80;6;0;0;0;1075896;4098;189;2;1076950;915;14;0;0
FR;4;2021-11-07;81;2;2;0;81;4;0;0;0;1075977;4100;191;2;1077031;919;14;0;0
FR;4;2021-11-08;161;20;1;0;162;20;0;0;0;1076138;4120;192;2;1077193;939;14;0;0
FR;4;2021-11-09;158;14;3;0;158;16;0;0;0;1076296;4134;195;2;1077351;955;14;0;0
FR;4;2021-11-10;121;30;6;0;121;32;2;0;0;1076417;4164;201;2;1077472;987;16;0;0
FR;4;2021-11-11;99;10;1;0;99;11;0;0;0;1076516;4174;202;2;1077571;998;16;0;0
FR;4;2021-11-12;106;19;2;0;107;18;1;0;0;1076622;4193;204;2;1077678;1016;17;0;0
FR;4;2021-11-13;74;15;2;0;75;14;0;0;0;1076696;4208;206;2;1077753;1030;17;0;0
FR;4;2021-11-14;55;5;4;0;56;8;0;0;0;1076751;4213;210;2;1077809;1038;17;0;0
FR;4;2021-11-15;99;26;2;0;101;24;2;0;0;1076850;4239;212;2;1077910;1062;19;0;0
FR;4;2021-11-16;107;13;3;0;107;16;0;0;0;1076957;4252;215;2;1078017;1078;19;0;0
FR;4;2021-11-17;120;30;4;0;120;30;1;0;0;1077077;4282;219;2;1078137;1108;20;0;0
FR;4;2021-11-18;101;34;14;0;103;43;1;0;0;1077178;4316;233;2;1078240;1151;21;0;0
FR;4;2021-11-19;87;21;3;0;87;22;1;0;0;1077265;4337;236;2;1078327;1173;22;0;0
FR;4;2021-11-20;77;8;1;0;77;8;0;0;0;1077342;4345;237;2;1078404;1181;22;0;0
FR;4;2021-11-21;68;7;2;0;68;9;0;0;0;1077410;4352;239;2;1078472;1190;22;0;0
FR;4;2021-11-22;107;28;9;0;108;33;2;0;0;1077517;4380;248;2;1078580;1223;24;0;0
FR;4;2021-11-23;77;31;6;0;78;29;2;0;0;1077594;4411;254;2;1078658;1252;26;0;0
FR;4;2021-11-24;89;23;11;0;91;24;4;0;0;1077683;4434;265;2;1078749;1276;30;0;0
FR;4;2021-11-25;93;28;17;0;94;33;5;0;0;1077776;4462;282;2;1078843;1309;35;0;0
FR;4;2021-11-26;85;43;12;0;89;45;3;0;0;1077861;4505;294;2;1078932;1354;38;0;0
FR;4;2021-11-27;41;22;15;0;41;25;10;0;0;1077902;4527;309;2;1078973;1379;48;0;0
FR;4;2021-11-28;50;8;0;0;51;7;0;0;0;1077952;4535;309;2;1079024;1386;48;0;0
FR;4;2021-11-29;90;31;16;0;90;40;2;0;0;1078042;4566;325;2;1079114;1426;50;0;0
FR;4;2021-11-30;75;37;12;0;75;41;2;0;0;1078117;4603;337;2;1079189;1467;52;0;0
FR;4;2021-12-01;88;60;19;0;88;67;11;0;0;1078205;4663;356;2;1079277;1534;63;0;0
FR;4;2021-12-02;109;48;21;0;113;56;3;0;0;1078314;4711;377;2;1079390;1590;66;0;0
FR;4;2021-12-03;101;36;15;0;101;44;4;0;0;1078415;4747;392;2;1079491;1634;70;0;0
FR;4;2021-12-04;72;31;18;0;74;44;1;0;0;1078487;4778;410;2;1079565;1678;71;0;0
FR;4;2021-12-05;62;7;1;0;63;7;0;0;0;1078549;4785;411;2;1079628;1685;71;0;0
FR;4;2021-12-06;109;46;19;0;109;59;3;0;0;1078658;4831;430;2;1079737;1744;74;0;0
FR;4;2021-12-07;82;37;9;0;85;36;3;0;0;1078740;4868;439;2;1079822;1780;77;0;0
FR;4;2021-12-08;70;31;17;0;72;38;7;0;0;1078810;4899;456;2;1079894;1818;84;0;0
FR;4;2021-12-09;64;32;10;1;64;39;3;0;0;1078874;4931;466;3;1079958;1857;87;0;0
FR;4;2021-12-10;63;64;20;0;64;68;10;0;0;1078937;4995;486;3;1080022;1925;97;0;0
FR;4;2021-12-11;28;34;7;0;28;34;3;0;0;1078965;5029;493;3;1080050;1959;100;0;0
FR;4;2021-12-12;27;11;3;0;27;14;0;0;0;1078992;5040;496;3;1080077;1973;100;0;0
FR;4;2021-12-13;73;40;14;0;75;49;2;0;0;1079065;5080;510;3;1080152;2022;102;0;0
FR;4;2021-12-14;61;43;17;0;62;54;2;0;0;1079126;5123;527;3;1080214;2076;104;0;0
FR;4;2021-12-15;68;64;28;0;68;84;6;0;0;1079194;5187;555;3;1080282;2160;110;0;0
FR;4;2021-12-16;34;45;19;0;35;58;4;0;0;1079228;5232;574;3;1080317;2218;114;0;0
FR;4;2021-12-17;39;55;12;0;39;60;6;0;0;1079267;5287;586;3;1080356;2278;120;0;0
FR;4;2021-12-18;49;30;2;0;50;31;0;0;0;1079316;5317;588;3;1080406;2309;120;0;0
FR;4;2021-12-19;16;4;1;0;17;4;0;0;0;1079332;5321;589;3;1080423;2313;120;0;0
FR;4;2021-12-20;43;38;10;0;44;41;6;0;0;1079375;5359;599;3;1080467;2354;126;0;0
FR;4;2021-12-21;30;32;16;0;32;38;5;0;0;1079405;5391;615;3;1080499;2392;131;0;0
FR;4;2021-12-22;37;37;10;0;37;38;7;0;0;1079442;5428;625;3;1080536;2430;138;0;0
FR;4;2021-12-23;39;45;8;0;39;49;2;0;0;1079481;5473;633;3;1080575;2479;140;0;0
FR;4;2021-12-24;23;27;10;0;24;31;4;0;0;1079504;5500;643;3;1080599;2510;144;0;0
FR;4;2021-12-25;7;3;3;0;7;4;2;0;0;1079511;5503;646;3;1080606;2514;146;0;0
FR;4;2021-12-26;5;3;1;0;6;2;0;0;0;1079516;5506;647;3;1080612;2516;146;0;0
FR;4;2021-12-27;31;41;9;0;32;43;4;0;0;1079547;5547;656;3;1080644;2559;150;0;0
FR;4;2021-12-28;26;28;7;0;28;29;4;0;0;1079573;5575;663;3;1080672;2588;154;0;0
FR;4;2021-12-29;54;25;11;0;55;30;5;0;0;1079627;5600;674;3;1080727;2618;159;0;0
FR;4;2021-12-30;46;19;12;0;49;22;5;0;0;1079673;5619;686;3;1080776;2640;164;0;0
FR;4;2021-12-31;19;6;8;0;20;11;2;0;0;1079692;5625;694;3;1080796;2651;166;0;0
FR;4;2022-01-01;5;4;4;0;5;6;1;0;0;1079697;5629;698;3;1080801;2657;167;0;0
FR;4;2022-01-02;40;5;16;0;40;20;1;0;0;1079737;5634;714;3;1080841;2677;168;0;0
FR;4;2022-01-03;43;55;22;1;45;62;10;0;0;1079780;5689;736;4;1080886;2739;178;0;0
FR;4;2022-01-04;37;28;15;0;38;33;7;0;0;1079817;5717;751;4;1080924;2772;185;0;0
FR;4;2022-01-05;51;22;19;0;57;25;9;0;0;1079868;5739;770;4;1080981;2797;194;0;0
FR;4;2022-01-06;49;22;24;0;49;38;8;0;0;1079917;5761;794;4;1081030;2835;202;0;0
FR;4;2022-01-07;30;20;15;0;32;20;12;0;0;1079947;5781;809;4;1081062;2855;214;0;0
FR;4;2022-01-08;12;6;10;0;13;12;3;0;0;1079959;5787;819;4;1081075;2867;217;0;0
FR;4;2022-01-09;19;2;3;0;20;4;0;0;0;1079978;5789;822;4;1081095;2871;217;0;0
FR;4;2022-01-10;49;22;19;0;49;36;4;0;0;1080027;5811;841;4;1081144;2907;221;0;0
FR;4;2022-01-11;29;31;12;0;33;35;1;0;0;1080056;5842;853;4;1081177;2942;222;0;0
FR;4;2022-01-12;33;21;13;0;35;23;9;0;0;1080089;5863;866;4;1081212;2965;231;0;0
FR;4;2022-01-13;53;20;27;0;54;38;8;0;0;1080142;5883;893;4;1081266;3003;239;0;0
FR;4;2022-01-14;24;29;13;0;25;32;7;0;0;1080166;5912;906;4;1081291;3035;246;0;0
FR;4;2022-01-15;13;6;8;0;14;12;1;0;0;1080179;5918;914;4;1081305;3047;247;0;0
FR;4;2022-01-16;12;9;14;0;12;22;1;0;0;1080191;5927;928;4;1081317;3069;248;0;0
FR;4;2022-01-17;27;19;12;0;27;25;5;0;0;1080218;5946;940;4;1081344;3094;253;0;0
FR;4;2022-01-18;17;13;9;0;17;19;3;0;0;1080235;5959;949;4;1081361;3113;256;0;0
FR;4;2022-01-19;31;23;13;0;31;34;1;0;0;1080266;5982;962;4;1081392;3147;257;0;0
FR;4;2022-01-20;33;34;13;0;35;39;5;0;0;1080299;6016;975;4;1081427;3186;262;0;0
FR;4;2022-01-21;11;12;20;1;11;17;15;0;1;1080310;6028;995;5;1081438;3203;277;0;1
FR;4;2022-01-22;30;13;3;0;30;14;2;0;0;1080340;6041;998;5;1081468;3217;279;0;1
FR;4;2022-01-23;8;2;5;0;8;7;0;0;0;1080348;6043;1003;5;1081476;3224;279;0;1
FR;4;2022-01-24;14;21;8;0;15;27;1;0;0;1080362;6064;1011;5;1081491;3251;280;0;1
FR;4;2022-01-25;22;32;10;1;23;38;3;0;0;1080384;6096;1021;6;1081514;3289;283;0;1
FR;4;2022-01-26;19;16;9;1;20;21;3;0;0;1080403;6112;1030;7;1081534;3310;286;0;1
FR;4;2022-01-27;21;18;8;0;22;24;1;0;0;1080424;6130;1038;7;1081556;3334;287;0;1
FR;4;2022-01-28;13;23;8;0;14;26;4;0;0;1080437;6153;1046;7;1081570;3360;291;0;1
FR;4;2022-01-29;17;6;5;0;17;10;0;0;0;1080454;6159;1051;7;1081587;3370;291;0;1
FR;4;2022-01-30;18;3;1;0;18;4;0;0;0;1080472;6162;1052;7;1081605;3374;291;0;1
FR;4;2022-01-31;22;27;8;0;22;31;2;0;0;1080494;6189;1060;7;1081627;3405;293;0;1
FR;4;2022-02-01;13;22;12;0;14;23;9;0;0;1080507;6211;1072;7;1081641;3428;302;0;1
FR;4;2022-02-02;18;11;13;2;18;19;7;0;0;1080525;6222;1085;9;1081659;3447;309;0;1
FR;4;2022-02-03;15;24;10;0;17;28;4;0;0;1080540;6246;1095;9;1081676;3475;313;0;1
FR;4;2022-02-04;7;5;7;0;7;9;3;0;0;1080547;6251;1102;9;1081683;3484;316;0;1
FR;4;2022-02-05;7;14;1;0;8;13;1;0;0;1080554;6265;1103;9;1081691;3497;317;0;1
FR;4;2022-02-06;7;4;4;0;7;7;1;0;0;1080561;6269;1107;9;1081698;3504;318;0;1
FR;4;2022-02-07;15;19;8;0;17;19;6;0;0;1080576;6288;1115;9;1081715;3523;324;0;1
FR;4;2022-02-08;19;21;13;1;21;22;10;0;0;1080595;6309;1128;10;1081736;3545;334;0;1
FR;4;2022-02-09;17;11;9;0;18;16;2;0;0;1080612;6320;1137;10;1081754;3561;336;0;1
FR;4;2022-02-10;22;23;10;0;23;25;7;0;0;1080634;6343;1147;10;1081777;3586;343;0;1
FR;4;2022-02-11;18;15;8;0;18;20;3;0;0;1080652;6358;1155;10;1081795;3606;346;0;1
FR;4;2022-02-12;24;6;2;0;26;6;0;0;0;1080676;6364;1157;10;1081821;3612;346;0;1
FR;4;2022-02-13;7;3;3;0;7;6;0;0;0;1080683;6367;1160;10;1081828;3618;346;0;1
FR;4;2022-02-14;20;10;10;0;20;16;4;0;0;1080703;6377;1170;10;1081848;3634;350;0;1
FR;4;2022-02-15;18;7;1;0;18;7;0;0;0;1080721;6384;1171;10;1081866;3641;350;0;1
FR;4;2022-02-16;16;10;11;0;16;17;3;0;0;1080737;6394;1182;10;1081882;3658;353;0;1
FR;4;2022-02-17;11;4;4;0;11;6;2;0;0;1080748;6398;1186;10;1081893;3664;355;0;1
FR;4;2022-02-18;16;15;8;0;16;21;2;0;0;1080764;6413;1194;10;1081909;3685;357;0;1
FR;4;2022-02-19;16;4;2;0;17;5;0;0;0;1080780;6417;1196;10;1081926;3690;357;0;1
FR;4;2022-02-20;8;3;0;0;9;2;0;0;0;1080788;6420;1196;10;1081935;3692;357;0;1
FR;4;2022-02-21;23;4;4;0;23;6;2;0;0;1080811;6424;1200;10;1081958;3698;359;0;1
FR;4;2022-02-22;8;5;10;0;9;10;4;0;0;1080819;6429;1210;10;1081967;3708;363;0;1
FR;4;2022-02-23;17;6;10;0;17;10;5;0;0;1080836;6435;1220;10;1081984;3718;368;0;1
FR;4;2022-02-24;11;5;3;0;11;6;2;0;0;1080847;6440;1223;10;1081995;3724;370;0;1
FR;4;2022-02-25;15;5;7;0;15;6;6;0;0;1080862;6445;1230;10;1082010;3730;376;0;1
FR;4;2022-02-26;27;3;0;0;27;3;0;0;0;1080889;6448;1230;10;1082037;3733;376;0;1
FR;4;2022-02-27;9;0;1;0;9;1;0;0;0;1080898;6448;1231;10;1082046;3734;376;0;1
FR;4;2022-02-28;18;3;2;0;19;3;1;0;0;1080916;6451;1233;10;1082065;3737;377;0;1
FR;4;2022-03-01;8;4;7;0;8;5;5;0;0;1080924;6455;1240;10;1082073;3742;382;0;1
FR;4;2022-03-02;15;2;4;0;15;5;1;0;0;1080939;6457;1244;10;1082088;3747;383;0;1
FR;4;2022-03-03;17;5;3;0;17;6;1;0;0;1080956;6462;1247;10;1082105;3753;384;0;1
FR;4;2022-03-04;7;7;2;1;7;5;3;0;0;1080963;6469;1249;11;1082112;3758;387;0;1
FR;4;2022-03-05;9;2;0;0;9;2;0;0;0;1080972;6471;1249;11;1082121;3760;387;0;1
FR;4;2022-03-06;4;0;1;0;4;1;0;0;0;1080976;6471;1250;11;1082125;3761;387;0;1
FR;4;2022-03-07;10;4;2;0;10;3;2;0;0;1080986;6475;1252;11;1082135;3764;389;0;1
FR;4;2022-03-08;14;3;0;0;14;3;0;0;0;1081000;6478;1252;11;1082149;3767;389;0;1
FR;4;2022-03-09;8;7;2;0;10;7;0;0;0;1081008;6485;1254;11;1082159;3774;389;0;1
FR;4;2022-03-10;5;1;6;0;5;3;4;0;0;1081013;6486;1260;11;1082164;3777;393;0;1
FR;4;2022-03-11;10;4;5;0;12;2;5;0;0;1081023;6490;1265;11;1082176;3779;398;0;1
FR;4;2022-03-12;10;2;0;0;11;0;0;0;0;1081033;6492;1265;11;1082187;3779;398;0;1
FR;4;2022-03-13;6;2;1;0;7;2;0;0;0;1081039;6494;1266;11;1082194;3781;398;0;1
FR;4;2022-03-14;4;3;1;0;5;3;0;0;0;1081043;6497;1267;11;1082199;3784;398;0;1
FR;4;2022-03-15;7;6;3;0;9;5;2;0;0;1081050;6503;1270;11;1082208;3789;400;0;1
FR;4;2022-03-16;7;3;3;0;7;3;3;0;0;1081057;6506;1273;11;1082215;3792;403;0;1
FR;4;2022-03-17;3;4;1;0;3;5;0;0;0;1081060;6510;1274;11;1082218;3797;403;0;1
FR;4;2022-03-18;9;3;0;0;9;3;0;0;0;1081069;6513;1274;11;1082227;3800;403;0;1
FR;4;2022-03-19;1;1;1;0;1;2;0;0;0;1081070;6514;1275;11;1082228;3802;403;0;1
FR;4;2022-03-20;2;0;2;0;2;1;1;0;0;1081072;6514;1277;11;1082230;3803;404;0;1
FR;4;2022-03-21;6;3;1;0;6;4;0;0;0;1081078;6517;1278;11;1082236;3807;404;0;1
FR;4;2022-03-22;4;2;2;0;4;3;1;0;0;1081082;6519;1280;11;1082240;3810;405;0;1
FR;4;2022-03-23;6;4;5;0;6;8;1;0;0;1081088;6523;1285;11;1082246;3818;406;0;1
FR;4;2022-03-24;2;5;3;1;2;7;2;0;0;1081090;6528;1288;12;1082248;3825;408;0;1
FR;4;2022-03-25;3;1;2;0;3;1;2;0;0;1081093;6529;1290;12;1082251;3826;410;0;1
FR;4;2022-03-26;5;5;0;0;5;5;0;0;0;1081098;6534;1290;12;1082256;3831;410;0;1
FR;4;2022-03-27;1;0;3;0;1;2;1;0;0;1081099;6534;1293;12;1082257;3833;411;0;1
FR;4;2022-03-28;6;1;3;0;7;3;0;0;0;1081105;6535;1296;12;1082264;3836;411;0;1
FR;4;2022-03-29;9;0;4;1;9;0;2;0;0;1081114;6535;1300;13;1082273;3836;413;0;1
FR;4;2022-03-30;3;4;0;0;3;4;0;0;0;1081117;6539;1300;13;1082276;3840;413;0;1
FR;4;2022-03-31;3;3;2;1;3;4;1;0;0;1081120;6542;1302;14;1082279;3844;414;0;1
FR;4;2022-04-01;14;3;5;0;14;6;2;0;0;1081134;6545;1307;14;1082293;3850;416;0;1
FR;4;2022-04-02;4;4;0;0;5;3;0;0;0;1081138;6549;1307;14;1082298;3853;416;0;1
FR;4;2022-04-03;0;1;0;0;0;1;0;0;0;1081138;6550;1307;14;1082298;3854;416;0;1
FR;4;2022-04-04;4;4;4;0;5;5;2;0;0;1081142;6554;1311;14;1082303;3859;418;0;1
FR;4;2022-04-05;4;3;2;1;5;3;2;0;0;1081146;6557;1313;15;1082308;3862;420;0;1
FR;4;2022-04-06;6;0;0;0;6;0;0;0;0;1081152;6557;1313;15;1082314;3862;420;0;1
FR;4;2022-04-07;3;2;3;2;3;5;0;0;0;1081155;6559;1316;17;1082317;3867;420;0;1
FR;4;2022-04-08;4;2;1;0;4;2;1;0;0;1081159;6561;1317;17;1082321;3869;421;0;1
FR;4;2022-04-09;0;0;1;1;0;1;1;0;0;1081159;6561;1318;18;1082321;3870;422;0;1
FR;4;2022-04-10;2;2;0;0;2;2;0;0;0;1081161;6563;1318;18;1082323;3872;422;0;1
FR;4;2022-04-11;4;3;4;0;4;5;2;0;0;1081165;6566;1322;18;1082327;3877;424;0;1
FR;4;2022-04-12;5;1;4;0;5;2;3;0;0;1081170;6567;1326;18;1082332;3879;427;0;1
FR;4;2022-04-13;5;8;2;0;5;10;0;0;0;1081175;6575;1328;18;1082337;3889;427;0;1
FR;4;2022-04-14;6;4;2;1;7;5;1;0;0;1081181;6579;1330;19;1082344;3894;428;0;1
FR;4;2022-04-15;6;10;1;0;6;11;0;0;0;1081187;6589;1331;19;1082350;3905;428;0;1
FR;4;2022-04-16;1;0;0;0;1;0;0;0;0;1081188;6589;1331;19;1082351;3905;428;0;1
FR;4;2022-04-17;3;2;1;0;3;3;0;0;0;1081191;6591;1332;19;1082354;3908;428;0;1
FR;4;2022-04-18;2;2;6;0;2;4;4;0;0;1081193;6593;1338;19;1082356;3912;432;0;1
FR;4;2022-04-19;2;0;1;0;2;0;1;0;0;1081195;6593;1339;19;1082358;3912;433;0;1
FR;4;2022-04-20;14;4;1;1;15;3;1;0;0;1081209;6597;1340;20;1082373;3915;434;0;1
FR;4;2022-04-21;7;1;0;0;7;1;0;0;0;1081216;6598;1340;20;1082380;3916;434;0;1
FR;4;2022-04-22;1;1;2;0;1;2;1;0;0;1081217;6599;1342;20;1082381;3918;435;0;1
FR;4;2022-04-23;2;3;3;0;2;6;0;0;0;1081219;6602;1345;20;1082383;3924;435;0;1
FR;4;2022-04-24;0;3;0;0;0;3;0;0;0;1081219;6605;1345;20;1082383;3927;435;0;1
FR;4;2022-04-25;3;5;3;0;3;8;0;0;0;1081222;6610;1348;20;1082386;3935;435;0;1
FR;4;2022-04-26;5;6;1;0;5;6;1;0;0;1081227;6616;1349;20;1082391;3941;436;0;1
FR;4;2022-04-27;4;1;1;1;5;1;1;0;0;1081231;6617;1350;21;1082396;3942;437;0;1
FR;4;2022-04-28;3;5;5;1;3;7;4;0;0;1081234;6622;1355;22;1082399;3949;441;0;1
FR;4;2022-04-29;6;3;0;0;6;2;0;0;0;1081240;6625;1355;22;1082405;3951;441;0;1
FR;4;2022-04-30;2;1;1;0;2;2;0;0;0;1081242;6626;1356;22;1082407;3953;441;0;1
FR;4;2022-05-01;0;0;0;0;0;0;0;0;0;1081242;6626;1356;22;1082407;3953;441;0;1
FR;4;2022-05-02;5;16;6;0;5;19;3;0;0;1081247;6642;1362;22;1082412;3972;444;0;1
FR;4;2022-05-03;2;6;2;0;2;7;1;0;0;1081249;6648;1364;22;1082414;3979;445;0;1
FR;4;2022-05-04;7;4;1;0;7;4;1;0;0;1081256;6652;1365;22;1082421;3983;446;0;1
FR;4;2022-05-05;2;2;1;1;3;1;2;0;0;1081258;6654;1366;23;1082424;3984;448;0;1
FR;4;2022-05-06;5;3;1;0;6;2;1;0;0;1081263;6657;1367;23;1082430;3986;449;0;1
FR;4;2022-05-07;0;0;0;0;0;0;0;0;0;1081263;6657;1367;23;1082430;3986;449;0;1
FR;4;2022-05-08;1;1;0;0;1;1;0;0;0;1081264;6658;1367;23;1082431;3987;449;0;1
FR;4;2022-05-09;5;1;0;0;5;1;0;0;0;1081269;6659;1367;23;1082436;3988;449;0;1
FR;4;2022-05-10;3;1;0;2;3;3;0;0;0;1081272;6660;1367;25;1082439;3991;449;0;1
FR;4;2022-05-11;3;2;4;0;3;5;1;0;0;1081275;6662;1371;25;1082442;3996;450;0;1
FR;4;2022-05-12;7;4;2;1;7;5;1;0;1;1081282;6666;1373;26;1082449;4001;451;0;2
FR;4;2022-05-13;1;0;2;0;1;2;0;0;0;1081283;6666;1375;26;1082450;4003;451;0;2
FR;4;2022-05-14;0;2;0;0;0;2;0;0;0;1081283;6668;1375;26;1082450;4005;451;0;2
FR;4;2022-05-15;2;2;0;0;4;0;0;0;0;1081285;6670;1375;26;1082454;4005;451;0;2
FR;4;2022-05-16;5;2;2;0;5;2;2;0;0;1081290;6672;1377;26;1082459;4007;453;0;2
FR;4;2022-05-17;5;1;2;0;5;3;0;0;0;1081295;6673;1379;26;1082464;4010;453;0;2
FR;4;2022-05-18;3;6;0;0;3;6;0;0;0;1081298;6679;1379;26;1082467;4016;453;0;2
FR;4;2022-05-19;2;3;3;0;2;5;1;0;0;1081300;6682;1382;26;1082469;4021;454;0;2
FR;4;2022-05-20;4;2;3;0;4;2;3;0;0;1081304;6684;1385;26;1082473;4023;457;0;2
FR;4;2022-05-21;2;0;1;0;2;1;0;0;0;1081306;6684;1386;26;1082475;4024;457;0;2
FR;4;2022-05-22;0;0;1;0;0;1;0;0;0;1081306;6684;1387;26;1082475;4025;457;0;2
FR;4;2022-05-23;0;0;2;0;0;0;2;0;0;1081306;6684;1389;26;1082475;4025;459;0;2
FR;4;2022-05-24;2;4;1;0;2;5;0;0;0;1081308;6688;1390;26;1082477;4030;459;0;2
FR;4;2022-05-25;1;3;1;0;3;2;0;0;0;1081309;6691;1391;26;1082480;4032;459;0;2
FR;4;2022-05-26;5;0;1;0;5;1;0;0;0;1081314;6691;1392;26;1082485;4033;459;0;2
FR;4;2022-05-27;0;2;1;1;0;3;1;0;0;1081314;6693;1393;27;1082485;4036;460;0;2
FR;4;2022-05-28;1;0;0;0;1;0;0;0;0;1081315;6693;1393;27;1082486;4036;460;0;2
FR;4;2022-05-29;1;0;1;0;1;1;0;0;0;1081316;6693;1394;27;1082487;4037;460;0;2
FR;4;2022-05-30;3;4;2;0;3;5;1;0;0;1081319;6697;1396;27;1082490;4042;461;0;2
FR;4;2022-05-31;2;1;0;0;2;1;0;0;0;1081321;6698;1396;27;1082492;4043;461;0;2
FR;4;2022-06-01;3;11;7;0;3;15;3;0;0;1081324;6709;1403;27;1082495;4058;464;0;2
FR;4;2022-06-02;5;6;3;0;5;7;2;0;0;1081329;6715;1406;27;1082500;4065;466;0;2
FR;4;2022-06-03;2;6;4;1;2;7;4;0;0;1081331;6721;1410;28;1082502;4072;470;0;2
FR;4;2022-06-04;0;1;1;0;0;1;1;0;0;1081331;6722;1411;28;1082502;4073;471;0;2
FR;4;2022-06-05;0;0;0;0;0;0;0;0;0;1081331;6722;1411;28;1082502;4073;471;0;2
FR;4;2022-06-06;7;0;3;0;7;2;1;0;0;1081338;6722;1414;28;1082509;4075;472;0;2
FR;4;2022-06-07;5;2;0;1;5;2;1;0;0;1081343;6724;1414;29;1082514;4077;473;0;2
FR;4;2022-06-08;0;4;3;0;0;7;0;0;0;1081343;6728;1417;29;1082514;4084;473;0;2
FR;4;2022-06-09;1;2;0;0;2;1;0;0;0;1081344;6730;1417;29;1082516;4085;473;0;2
FR;4;2022-06-10;3;0;3;0;3;1;2;0;0;1081347;6730;1420;29;1082519;4086;475;0;2
FR;4;2022-06-11;1;0;0;0;1;0;0;0;0;1081348;6730;1420;29;1082520;4086;475;0;2
FR;4;2022-06-12;4;0;0;0;4;0;0;0;0;1081352;6730;1420;29;1082524;4086;475;0;2
FR;4;2022-06-13;5;2;3;0;6;2;1;0;0;1081357;6732;1423;29;1082530;4088;476;0;2
FR;4;2022-06-14;4;3;0;0;5;2;0;0;0;1081361;6735;1423;29;1082535;4090;476;0;2
FR;4;2022-06-15;8;3;4;0;8;3;4;0;0;1081369;6738;1427;29;1082543;4093;480;0;2
FR;4;2022-06-16;2;3;1;1;3;2;1;0;1;1081371;6741;1428;30;1082546;4095;481;0;3
FR;4;2022-06-17;6;1;0;0;6;1;0;0;0;1081377;6742;1428;30;1082552;4096;481;0;3
FR;4;2022-06-18;0;0;0;0;0;0;0;0;0;1081377;6742;1428;30;1082552;4096;481;0;3
FR;4;2022-06-19;3;0;0;0;3;0;0;0;0;1081380;6742;1428;30;1082555;4096;481;0;3
FR;4;2022-06-20;4;2;2;1;4;3;2;0;0;1081384;6744;1430;31;1082559;4099;483;0;3
FR;4;2022-06-21;5;2;3;1;6;3;2;0;0;1081389;6746;1433;32;1082565;4102;485;0;3
FR;4;2022-06-22;3;2;0;3;4;1;1;0;0;1081392;6748;1433;35;1082569;4103;486;0;3
FR;4;2022-06-23;3;3;3;0;3;5;1;0;0;1081395;6751;1436;35;1082572;4108;487;0;3
FR;4;2022-06-24;3;0;2;0;3;0;2;0;0;1081398;6751;1438;35;1082575;4108;489;0;3
FR;4;2022-06-25;1;0;1;1;1;1;1;0;0;1081399;6751;1439;36;1082576;4109;490;0;3
FR;4;2022-06-26;0;0;1;0;0;1;0;0;0;1081399;6751;1440;36;1082576;4110;490;0;3
FR;4;2022-06-27;2;2;0;3;2;2;3;0;0;1081401;6753;1440;39;1082578;4112;493;0;3
FR;4;2022-06-28;0;4;2;1;0;5;2;0;0;1081401;6757;1442;40;1082578;4117;495;0;3
FR;4;2022-06-29;1;2;0;0;1;2;0;0;0;1081402;6759;1442;40;1082579;4119;495;0;3
FR;4;2022-06-30;2;0;0;0;2;0;0;0;0;1081404;6759;1442;40;1082581;4119;495;0;3
FR;4;2022-07-01;2;4;8;0;2;4;8;0;0;1081406;6763;1450;40;1082583;4123;503;0;3
FR;4;2022-07-02;0;1;0;0;1;0;0;0;0;1081406;6764;1450;40;1082584;4123;503;0;3
FR;4;2022-07-03;0;0;0;0;0;0;0;0;0;1081406;6764;1450;40;1082584;4123;503;0;3
FR;4;2022-07-04;3;1;0;0;3;1;0;0;0;1081409;6765;1450;40;1082587;4124;503;0;3
FR;4;2022-07-05;2;0;2;0;2;2;0;0;0;1081411;6765;1452;40;1082589;4126;503;0;3
FR;4;2022-07-06;5;0;1;1;5;0;1;0;1;1081416;6765;1453;41;1082594;4126;504;0;4
FR;4;2022-07-07;1;0;2;1;1;0;3;0;0;1081417;6765;1455;42;1082595;4126;507;0;4
FR;4;2022-07-08;3;1;0;0;3;1;0;0;0;1081420;6766;1455;42;1082598;4127;507;0;4
FR;4;2022-07-09;2;2;1;0;2;3;0;0;0;1081422;6768;1456;42;1082600;4130;507;0;4
FR;4;2022-07-10;2;0;1;0;2;0;0;0;0;1081424;6768;1457;42;1082602;4130;507;0;4
FR;4;2022-07-11;2;0;2;0;2;0;1;0;0;1081426;6768;1459;42;1082604;4130;508;0;4
FR;4;2022-07-12;0;0;2;0;0;2;0;0;0;1081426;6768;1461;42;1082604;4132;508;0;4
FR;4;2022-07-13;2;2;3;0;2;2;3;0;0;1081428;6770;1464;42;1082606;4134;511;0;4
FR;4;2022-07-14;4;0;1;0;4;0;1;0;0;1081432;6770;1465;42;1082610;4134;512;0;4
FR;4;2022-07-15;11;2;0;0;11;2;0;0;0;1081443;6772;1465;42;1082621;4136;512;0;4
FR;4;2022-07-16;4;0;0;2;4;0;2;0;0;1081447;6772;1465;44;1082625;4136;514;0;4
FR;4;2022-07-17;1;0;1;0;1;0;1;0;0;1081448;6772;1466;44;1082626;4136;515;0;4
FR;4;2022-07-18;3;2;2;0;3;2;2;0;0;1081451;6774;1468;44;1082629;4138;517;0;4
FR;4;2022-07-19;4;0;1;0;4;1;0;0;0;1081455;6774;1469;44;1082633;4139;517;0;4
FR;4;2022-07-20;10;0;1;0;10;1;0;0;0;1081465;6774;1470;44;1082643;4140;517;0;4
FR;4;2022-07-21;2;1;1;0;2;1;1;0;0;1081467;6775;1471;44;1082645;4141;518;0;4
FR;4;2022-07-22;4;0;3;0;4;1;2;0;0;1081471;6775;1474;44;1082649;4142;520;0;4
FR;4;2022-07-23;1;2;0;0;1;1;0;0;0;1081472;6777;1474;44;1082650;4143;520;0;4
FR;4;2022-07-24;0;0;0;0;0;0;0;0;0;1081472;6777;1474;44;1082650;4143;520;0;4
FR;4;2022-07-25;5;0;2;0;5;2;0;0;0;1081477;6777;1476;44;1082655;4145;520;0;4
FR;4;2022-07-26;2;0;0;0;2;0;0;0;0;1081479;6777;1476;44;1082657;4145;520;0;4
FR;4;2022-07-27;2;1;0;0;2;0;0;0;0;1081481;6778;1476;44;1082659;4145;520;0;4
FR;4;2022-07-28;11;0;0;0;11;0;0;0;0;1081492;6778;1476;44;1082670;4145;520;0;4
FR;4;2022-07-29;3;0;1;0;3;0;1;0;0;1081495;6778;1477;44;1082673;4145;521;0;4
FR;4;2022-07-30;4;0;2;0;4;0;2;0;0;1081499;6778;1479;44;1082677;4145;523;0;4
FR;4;2022-07-31;0;0;0;0;0;0;0;0;0;1081499;6778;1479;44;1082677;4145;523;0;4
FR;4;2022-08-01;1;0;2;0;1;1;1;0;0;1081500;6778;1481;44;1082678;4146;524;0;4
FR;4;2022-08-02;6;0;0;0;6;0;0;0;0;1081506;6778;1481;44;1082684;4146;524;0;4
FR;4;2022-08-03;0;2;1;0;0;2;1;0;0;1081506;6780;1482;44;1082684;4148;525;0;4
FR;4;2022-08-04;3;2;0;1;3;2;1;0;0;1081509;6782;1482;45;1082687;4150;526;0;4
FR;4;2022-08-05;2;0;1;0;2;0;1;0;0;1081511;6782;1483;45;1082689;4150;527;0;4
FR;4;2022-08-06;2;0;0;0;2;0;0;0;0;1081513;6782;1483;45;1082691;4150;527;0;4
FR;4;2022-08-07;4;0;0;0;4;0;0;0;0;1081517;6782;1483;45;1082695;4150;527;0;4
FR;4;2022-08-08;1;0;1;1;1;1;1;0;0;1081518;6782;1484;46;1082696;4151;528;0;4
FR;4;2022-08-09;1;1;1;2;1;2;2;0;0;1081519;6783;1485;48;1082697;4153;530;0;4
FR;4;2022-08-10;5;1;1;0;6;1;0;0;0;1081524;6784;1486;48;1082703;4154;530;0;4
FR;4;2022-08-11;2;0;1;0;2;1;0;0;0;1081526;6784;1487;48;1082705;4155;530;0;4
FR;4;2022-08-12;4;0;1;0;4;0;1;0;0;1081530;6784;1488;48;1082709;4155;531;0;4
FR;4;2022-08-13;1;0;0;0;1;0;0;0;0;1081531;6784;1488;48;1082710;4155;531;0;4
FR;4;2022-08-14;0;0;0;0;0;0;0;0;0;1081531;6784;1488;48;1082710;4155;531;0;4
FR;4;2022-08-15;1;2;3;0;1;2;3;0;0;1081532;6786;1491;48;1082711;4157;534;0;4
FR;4;2022-08-16;0;0;1;0;0;1;0;0;0;1081532;6786;1492;48;1082711;4158;534;0;4
FR;4;2022-08-17;2;0;0;0;2;0;0;0;0;1081534;6786;1492;48;1082713;4158;534;0;4
FR;4;2022-08-18;2;0;0;0;2;0;0;0;0;1081536;6786;1492;48;1082715;4158;534;0;4
FR;4;2022-08-19;5;0;0;0;5;0;0;0;0;1081541;6786;1492;48;1082720;4158;534;0;4
FR;4;2022-08-20;1;0;0;0;1;0;0;0;0;1081542;6786;1492;48;1082721;4158;534;0;4
FR;4;2022-08-21;1;0;0;0;1;0;0;0;0;1081543;6786;1492;48;1082722;4158;534;0;4
FR;4;2022-08-22;4;9;0;0;4;9;0;0;0;1081547;6795;1492;48;1082726;4167;534;0;4
FR;4;2022-08-23;3;3;3;0;3;4;2;0;0;1081550;6798;1495;48;1082729;4171;536;0;4
FR;4;2022-08-24;5;0;0;1;5;0;1;0;0;1081555;6798;1495;49;1082734;4171;537;0;4
FR;4;2022-08-25;1;3;1;0;1;3;1;0;0;1081556;6801;1496;49;1082735;4174;538;0;4
FR;4;2022-08-26;2;0;0;1;2;0;1;0;0;1081558;6801;1496;50;1082737;4174;539;0;4
FR;4;2022-08-27;1;0;0;0;1;0;0;0;0;1081559;6801;1496;50;1082738;4174;539;0;4
FR;4;2022-08-28;0;0;0;0;0;0;0;0;0;1081559;6801;1496;50;1082738;4174;539;0;4
FR;4;2022-08-29;6;0;0;0;6;0;0;0;0;1081565;6801;1496;50;1082744;4174;539;0;4
FR;4;2022-08-30;4;0;0;0;4;0;0;0;0;1081569;6801;1496;50;1082748;4174;539;0;4
FR;4;2022-08-31;2;1;0;0;2;1;0;0;0;1081571;6802;1496;50;1082750;4175;539;0;4
FR;4;2022-09-01;2;8;2;0;3;7;2;0;0;1081573;6810;1498;50;1082753;4182;541;0;4
FR;4;2022-09-02;1;1;1;0;1;2;0;0;0;1081574;6811;1499;50;1082754;4184;541;0;4
FR;4;2022-09-03;3;0;0;0;3;0;0;0;0;1081577;6811;1499;50;1082757;4184;541;0;4
FR;4;2022-09-04;1;0;0;0;1;0;0;0;0;1081578;6811;1499;50;1082758;4184;541;0;4
FR;4;2022-09-05;2;2;0;0;2;2;0;0;0;1081580;6813;1499;50;1082760;4186;541;0;4
FR;4;2022-09-06;1;0;0;0;1;0;0;0;0;1081581;6813;1499;50;1082761;4186;541;0;4
FR;4;2022-09-07;1;0;1;1;1;1;1;0;0;1081582;6813;1500;51;1082762;4187;542;0;4
FR;4;2022-09-08;3;0;0;0;3;0;0;0;0;1081585;6813;1500;51;1082765;4187;542;0;4
FR;4;2022-09-09;2;0;0;0;2;0;0;0;0;1081587;6813;1500;51;1082767;4187;542;0;4
FR;4;2022-09-10;0;0;0;3;0;1;2;0;0;1081587;6813;1500;54;1082767;4188;544;0;4
FR;4;2022-09-11;2;0;0;0;2;0;0;0;0;1081589;6813;1500;54;1082769;4188;544;0;4
FR;4;2022-09-12;1;1;1;0;1;1;1;0;0;1081590;6814;1501;54;1082770;4189;545;0;4
FR;4;2022-09-13;1;0;0;0;1;0;0;0;0;1081591;6814;1501;54;1082771;4189;545;0;4
FR;4;2022-09-14;1;0;0;0;1;0;0;0;0;1081592;6814;1501;54;1082772;4189;545;0;4
FR;4;2022-09-15;3;0;0;0;3;0;0;0;0;1081595;6814;1501;54;1082775;4189;545;0;4
FR;4;2022-09-16;0;0;0;0;0;0;0;0;0;1081595;6814;1501;54;1082775;4189;545;0;4
FR;4;2022-09-17;2;0;0;0;2;0;0;0;0;1081597;6814;1501;54;1082777;4189;545;0;4
FR;4;2022-09-18;0;1;0;0;0;1;0;0;0;1081597;6815;1501;54;1082777;4190;545;0;4
FR;4;2022-09-19;2;0;2;0;2;2;0;0;0;1081599;6815;1503;54;1082779;4192;545;0;4
FR;4;2022-09-20;3;0;0;0;3;0;0;0;0;1081602;6815;1503;54;1082782;4192;545;0;4
FR;4;2022-09-21;2;1;0;0;2;1;0;0;0;1081604;6816;1503;54;1082784;4193;545;0;4
FR;4;2022-09-22;1;1;0;0;1;1;0;0;0;1081605;6817;1503;54;1082785;4194;545;0;4
FR;4;2022-09-23;2;3;0;0;3;2;0;0;0;1081607;6820;1503;54;1082788;4196;545;0;4
FR;4;2022-09-24;1;0;0;0;1;0;0;0;0;1081608;6820;1503;54;1082789;4196;545;0;4
FR;4;2022-09-25;0;0;0;0;0;0;0;0;0;1081608;6820;1503;54;1082789;4196;545;0;4
FR;4;2022-09-26;2;0;1;0;2;0;1;0;0;1081610;6820;1504;54;1082791;4196;546;0;4
FR;4;2022-09-27;0;0;0;1;0;0;1;0;0;1081610;6820;1504;55;1082791;4196;547;0;4
FR;4;2022-09-28;3;0;2;0;3;2;0;0;0;1081613;6820;1506;55;1082794;4198;547;0;4
FR;4;2022-09-29;3;0;1;1;3;1;1;0;0;1081616;6820;1507;56;1082797;4199;548;0;4
FR;4;2022-09-30;1;0;0;0;1;0;0;0;0;1081617;6820;1507;56;1082798;4199;548;0;4
FR;4;2022-10-01;1;1;0;0;2;0;0;0;0;1081618;6821;1507;56;1082800;4199;548;0;4
FR;4;2022-10-02;0;0;0;0;0;0;0;0;0;1081618;6821;1507;56;1082800;4199;548;0;4
FR;4;2022-10-03;3;2;1;0;4;2;0;0;0;1081621;6823;1508;56;1082804;4201;548;0;4
FR;4;2022-10-04;2;0;0;0;2;0;0;0;0;1081623;6823;1508;56;1082806;4201;548;0;4
FR;4;2022-10-05;0;1;0;0;0;1;0;0;0;1081623;6824;1508;56;1082806;4202;548;0;4
FR;4;2022-10-06;1;0;0;0;1;0;0;0;0;1081624;6824;1508;56;1082807;4202;548;0;4
FR;4;2022-10-07;3;0;1;0;3;0;1;0;0;1081627;6824;1509;56;1082810;4202;549;0;4
FR;4;2022-10-08;3;1;0;0;3;0;0;0;0;1081630;6825;1509;56;1082813;4202;549;0;4
FR;4;2022-10-09;0;0;0;0;0;0;0;0;0;1081630;6825;1509;56;1082813;4202;549;0;4
FR;4;2022-10-10;4;0;1;3;4;1;1;0;2;1081634;6825;1510;59;1082817;4203;550;0;6
FR;4;2022-10-11;1;2;0;0;1;1;0;0;0;1081635;6827;1510;59;1082818;4204;550;0;6
FR;4;2022-10-12;0;0;0;0;0;0;0;0;0;1081635;6827;1510;59;1082818;4204;550;0;6
FR;4;2022-10-13;5;0;0;0;5;0;0;0;0;1081640;6827;1510;59;1082823;4204;550;0;6
FR;4;2022-10-14;1;0;0;0;1;0;0;0;0;1081641;6827;1510;59;1082824;4204;550;0;6
FR;4;2022-10-15;0;1;0;0;0;1;0;0;0;1081641;6828;1510;59;1082824;4205;550;0;6
FR;4;2022-10-16;0;0;0;0;0;0;0;0;0;1081641;6828;1510;59;1082824;4205;550;0;6
FR;4;2022-10-17;2;0;1;0;2;1;0;0;0;1081643;6828;1511;59;1082826;4206;550;0;6
FR;4;2022-10-18;1;0;0;1;1;0;1;0;0;1081644;6828;1511;60;1082827;4206;551;0;6
FR;4;2022-10-19;1;0;0;2;1;0;2;0;3;1081645;6828;1511;62;1082828;4206;553;0;9
FR;4;2022-10-20;4;1;0;0;4;1;0;0;0;1081649;6829;1511;62;1082832;4207;553;0;9
FR;4;2022-10-21;1;0;0;0;1;0;0;0;0;1081650;6829;1511;62;1082833;4207;553;0;9
FR;4;2022-10-22;1;0;0;0;1;0;0;0;0;1081651;6829;1511;62;1082834;4207;553;0;9
FR;4;2022-10-23;0;0;0;0;0;0;0;0;0;1081651;6829;1511;62;1082834;4207;553;0;9
FR;4;2022-10-24;0;0;0;0;0;0;0;0;0;1081651;6829;1511;62;1082834;4207;553;0;9
FR;4;2022-10-25;1;0;0;0;1;0;0;0;0;1081652;6829;1511;62;1082835;4207;553;0;9
FR;4;2022-10-26;2;1;0;0;2;1;0;0;0;1081654;6830;1511;62;1082837;4208;553;0;9
FR;4;2022-10-27;3;1;1;0;3;0;1;0;0;1081657;6831;1512;62;1082840;4208;554;0;9
FR;4;2022-10-28;0;0;0;0;0;0;0;0;0;1081657;6831;1512;62;1082840;4208;554;0;9
FR;4;2022-10-29;1;0;0;3;1;0;3;0;3;1081658;6831;1512;65;1082841;4208;557;0;12
FR;4;2022-10-30;1;0;0;0;1;0;0;0;0;1081659;6831;1512;65;1082842;4208;557;0;12
FR;4;2022-10-31;0;0;0;0;0;0;0;0;0;1081659;6831;1512;65;1082842;4208;557;0;12
FR;4;2022-11-01;1;3;0;0;1;3;0;0;0;1081660;6834;1512;65;1082843;4211;557;0;12
FR;4;2022-11-02;0;0;2;2;0;1;3;0;0;1081660;6834;1514;67;1082843;4212;560;0;12
FR;4;2022-11-03;1;0;0;0;1;0;0;0;0;1081661;6834;1514;67;1082844;4212;560;0;12
FR;4;2022-11-04;4;1;0;0;4;0;0;0;0;1081665;6835;1514;67;1082848;4212;560;0;12
FR;4;2022-11-05;0;0;0;0;0;0;0;0;0;1081665;6835;1514;67;1082848;4212;560;0;12
FR;4;2022-11-06;1;0;0;0;1;0;0;0;0;1081666;6835;1514;67;1082849;4212;560;0;12
FR;4;2022-11-07;2;0;0;0;2;0;0;0;0;1081668;6835;1514;67;1082851;4212;560;0;12
FR;4;2022-11-08;7;0;0;0;7;0;0;0;0;1081675;6835;1514;67;1082858;4212;560;0;12
FR;4;2022-11-09;0;0;0;0;0;0;0;0;0;1081675;6835;1514;67;1082858;4212;560;0;12
FR;4;2022-11-10;0;0;0;0;0;0;0;0;0;1081675;6835;1514;67;1082858;4212;560;0;12
FR;4;2022-11-11;0;0;0;0;0;0;0;0;0;1081675;6835;1514;67;1082858;4212;560;0;12
FR;4;2022-11-12;2;0;0;0;2;0;0;0;0;1081677;6835;1514;67;1082860;4212;560;0;12
FR;4;2022-11-13;0;0;0;0;0;0;0;0;0;1081677;6835;1514;67;1082860;4212;560;0;12
FR;4;2022-11-14;0;0;0;0;0;0;0;0;0;1081677;6835;1514;67;1082860;4212;560;0;12
FR;4;2022-11-15;3;0;0;0;3;0;0;0;0;1081680;6835;1514;67;1082863;4212;560;0;12
FR;4;2022-11-16;1;1;0;0;1;1;0;0;0;1081681;6836;1514;67;1082864;4213;560;0;12
FR;4;2022-11-17;0;0;0;0;0;0;0;0;0;1081681;6836;1514;67;1082864;4213;560;0;12
FR;4;2022-11-18;2;0;2;0;2;0;2;0;0;1081683;6836;1516;67;1082866;4213;562;0;12
FR;4;2022-11-19;0;0;0;0;0;0;0;0;0;1081683;6836;1516;67;1082866;4213;562;0;12
FR;4;2022-11-20;0;0;0;0;0;0;0;0;0;1081683;6836;1516;67;1082866;4213;562;0;12
FR;4;2022-11-21;0;0;0;0;0;0;0;0;0;1081683;6836;1516;67;1082866;4213;562;0;12
FR;4;2022-11-22;0;0;0;0;0;0;0;0;0;1081683;6836;1516;67;1082866;4213;562;0;12
FR;4;2022-11-23;1;0;0;0;1;0;0;0;1;1081684;6836;1516;67;1082867;4213;562;0;13
FR;4;2022-11-24;0;0;0;0;0;0;0;0;0;1081684;6836;1516;67;1082867;4213;562;0;13
FR;4;2022-11-25;3;0;0;0;3;0;0;0;0;1081687;6836;1516;67;1082870;4213;562;0;13
FR;4;2022-11-26;0;0;0;0;0;0;0;0;0;1081687;6836;1516;67;1082870;4213;562;0;13
FR;4;2022-11-27;0;0;0;0;0;0;0;0;0;1081687;6836;1516;67;1082870;4213;562;0;13
FR;4;2022-11-28;3;0;0;0;3;0;0;0;0;1081690;6836;1516;67;1082873;4213;562;0;13
FR;4;2022-11-29;0;0;0;0;0;0;0;0;0;1081690;6836;1516;67;1082873;4213;562;0;13
FR;5;2020-12-27;0;0;0;0;0;0;0;0;0;0;0;0;0;0;0;0;0;0
FR;5;2020-12-28;0;0;0;0;0;0;0;0;0;0;0;0;0;0;0;0;0;0
FR;5;2020-12-29;0;0;0;0;0;0;0;0;0;0;0;0;0;0;0;0;0;0
FR;5;2020-12-30;0;0;0;0;0;0;0;0;0;0;0;0;0;0;0;0;0;0
FR;5;2020-12-31;0;0;0;0;0;0;0;0;0;0;0;0;0;0;0;0;0;0
FR;5;2021-01-01;0;0;0;0;0;0;0;0;0;0;0;0;0;0;0;0;0;0
FR;5;2021-01-02;0;0;0;0;0;0;0;0;0;0;0;0;0;0;0;0;0;0
FR;5;2021-01-03;0;0;0;0;0;0;0;0;0;0;0;0;0;0;0;0;0;0
FR;5;2021-01-04;0;0;0;0;0;0;0;0;0;0;0;0;0;0;0;0;0;0
FR;5;2021-01-05;0;0;0;0;0;0;0;0;0;0;0;0;0;0;0;0;0;0
FR;5;2021-01-06;0;0;0;0;0;0;0;0;0;0;0;0;0;0;0;0;0;0
FR;5;2021-01-07;0;0;0;0;0;0;0;0;0;0;0;0;0;0;0;0;0;0
FR;5;2021-01-08;0;0;0;0;0;0;0;0;0;0;0;0;0;0;0;0;0;0
FR;5;2021-01-09;0;0;0;0;0;0;0;0;0;0;0;0;0;0;0;0;0;0
FR;5;2021-01-10;0;0;0;0;0;0;0;0;0;0;0;0;0;0;0;0;0;0
FR;5;2021-01-11;0;0;0;0;0;0;0;0;0;0;0;0;0;0;0;0;0;0
FR;5;2021-01-12;0;0;0;0;0;0;0;0;0;0;0;0;0;0;0;0;0;0
FR;5;2021-01-13;0;0;0;0;0;0;0;0;0;0;0;0;0;0;0;0;0;0
FR;5;2021-01-14;0;0;0;0;0;0;0;0;0;0;0;0;0;0;0;0;0;0
FR;5;2021-01-15;0;0;0;0;0;0;0;0;0;0;0;0;0;0;0;0;0;0
FR;5;2021-01-16;0;0;0;0;0;0;0;0;0;0;0;0;0;0;0;0;0;0
FR;5;2021-01-17;0;0;0;0;0;0;0;0;0;0;0;0;0;0;0;0;0;0
FR;5;2021-01-18;0;0;0;0;0;0;0;0;0;0;0;0;0;0;0;0;0;0
FR;5;2021-01-19;0;0;0;0;0;0;0;0;0;0;0;0;0;0;0;0;0;0
FR;5;2021-01-20;0;0;0;0;0;0;0;0;0;0;0;0;0;0;0;0;0;0
FR;5;2021-01-21;0;0;0;0;0;0;0;0;0;0;0;0;0;0;0;0;0;0
FR;5;2021-01-22;0;0;0;0;0;0;0;0;0;0;0;0;0;0;0;0;0;0
FR;5;2021-01-23;0;0;0;0;0;0;0;0;0;0;0;0;0;0;0;0;0;0
FR;5;2021-01-24;0;0;0;0;0;0;0;0;0;0;0;0;0;0;0;0;0;0
FR;5;2021-01-25;0;0;0;0;0;0;0;0;0;0;0;0;0;0;0;0;0;0
FR;5;2021-01-26;0;0;0;0;0;0;0;0;0;0;0;0;0;0;0;0;0;0
FR;5;2021-01-27;0;0;0;0;0;0;0;0;0;0;0;0;0;0;0;0;0;0
FR;5;2021-01-28;0;0;0;0;0;0;0;0;0;0;0;0;0;0;0;0;0;0
FR;5;2021-01-29;0;0;0;0;0;0;0;0;0;0;0;0;0;0;0;0;0;0
FR;5;2021-01-30;0;0;0;0;0;0;0;0;0;0;0;0;0;0;0;0;0;0
FR;5;2021-01-31;0;0;0;0;0;0;0;0;0;0;0;0;0;0;0;0;0;0
FR;5;2021-02-01;0;0;0;0;0;0;0;0;0;0;0;0;0;0;0;0;0;0
FR;5;2021-02-02;0;0;0;0;0;0;0;0;0;0;0;0;0;0;0;0;0;0
FR;5;2021-02-03;0;0;0;0;0;0;0;0;0;0;0;0;0;0;0;0;0;0
FR;5;2021-02-04;0;0;0;0;0;0;0;0;0;0;0;0;0;0;0;0;0;0
FR;5;2021-02-05;0;0;0;0;0;0;0;0;0;0;0;0;0;0;0;0;0;0
FR;5;2021-02-06;0;0;0;0;0;0;0;0;0;0;0;0;0;0;0;0;0;0
FR;5;2021-02-07;0;0;0;0;0;0;0;0;0;0;0;0;0;0;0;0;0;0
FR;5;2021-02-08;0;0;0;0;0;0;0;0;0;0;0;0;0;0;0;0;0;0
FR;5;2021-02-09;0;0;0;0;0;0;0;0;0;0;0;0;0;0;0;0;0;0
FR;5;2021-02-10;0;0;0;0;0;0;0;0;0;0;0;0;0;0;0;0;0;0
FR;5;2021-02-11;0;0;0;0;0;0;0;0;0;0;0;0;0;0;0;0;0;0
FR;5;2021-02-12;0;0;0;0;0;0;0;0;0;0;0;0;0;0;0;0;0;0
FR;5;2021-02-13;0;0;0;0;0;0;0;0;0;0;0;0;0;0;0;0;0;0
FR;5;2021-02-14;0;0;0;0;0;0;0;0;0;0;0;0;0;0;0;0;0;0
FR;5;2021-02-15;0;0;0;0;0;0;0;0;0;0;0;0;0;0;0;0;0;0
FR;5;2021-02-16;0;0;0;0;0;0;0;0;0;0;0;0;0;0;0;0;0;0
FR;5;2021-02-17;0;0;0;0;0;0;0;0;0;0;0;0;0;0;0;0;0;0
FR;5;2021-02-18;0;0;0;0;0;0;0;0;0;0;0;0;0;0;0;0;0;0
FR;5;2021-02-19;0;0;0;0;0;0;0;0;0;0;0;0;0;0;0;0;0;0
FR;5;2021-02-20;0;0;0;0;0;0;0;0;0;0;0;0;0;0;0;0;0;0
FR;5;2021-02-21;0;0;0;0;0;0;0;0;0;0;0;0;0;0;0;0;0;0
FR;5;2021-02-22;0;0;0;0;0;0;0;0;0;0;0;0;0;0;0;0;0;0
FR;5;2021-02-23;0;0;0;0;0;0;0;0;0;0;0;0;0;0;0;0;0;0
FR;5;2021-02-24;0;0;0;0;0;0;0;0;0;0;0;0;0;0;0;0;0;0
FR;5;2021-02-25;0;0;0;0;0;0;0;0;0;0;0;0;0;0;0;0;0;0
FR;5;2021-02-26;0;0;0;0;0;0;0;0;0;0;0;0;0;0;0;0;0;0
FR;5;2021-02-27;0;0;0;0;0;0;0;0;0;0;0;0;0;0;0;0;0;0
FR;5;2021-02-28;0;0;0;0;0;0;0;0;0;0;0;0;0;0;0;0;0;0
FR;5;2021-03-01;0;0;0;0;0;0;0;0;0;0;0;0;0;0;0;0;0;0
FR;5;2021-03-02;0;0;0;0;0;0;0;0;0;0;0;0;0;0;0;0;0;0
FR;5;2021-03-03;0;0;0;0;0;0;0;0;0;0;0;0;0;0;0;0;0;0
FR;5;2021-03-04;0;0;0;0;0;0;0;0;0;0;0;0;0;0;0;0;0;0
FR;5;2021-03-05;0;0;0;0;0;0;0;0;0;0;0;0;0;0;0;0;0;0
FR;5;2021-03-06;0;0;0;0;0;0;0;0;0;0;0;0;0;0;0;0;0;0
FR;5;2021-03-07;0;0;0;0;0;0;0;0;0;0;0;0;0;0;0;0;0;0
FR;5;2021-03-08;0;0;0;0;0;0;0;0;0;0;0;0;0;0;0;0;0;0
FR;5;2021-03-09;0;0;0;0;0;0;0;0;0;0;0;0;0;0;0;0;0;0
FR;5;2021-03-10;0;0;0;0;0;0;0;0;0;0;0;0;0;0;0;0;0;0
FR;5;2021-03-11;0;0;0;0;0;0;0;0;0;0;0;0;0;0;0;0;0;0
FR;5;2021-03-12;0;0;0;0;0;0;0;0;0;0;0;0;0;0;0;0;0;0
FR;5;2021-03-13;0;0;0;0;0;0;0;0;0;0;0;0;0;0;0;0;0;0
FR;5;2021-03-14;0;0;0;0;0;0;0;0;0;0;0;0;0;0;0;0;0;0
FR;5;2021-03-15;0;0;0;0;0;0;0;0;0;0;0;0;0;0;0;0;0;0
FR;5;2021-03-16;0;0;0;0;0;0;0;0;0;0;0;0;0;0;0;0;0;0
FR;5;2021-03-17;0;0;0;0;0;0;0;0;0;0;0;0;0;0;0;0;0;0
FR;5;2021-03-18;0;0;0;0;0;0;0;0;0;0;0;0;0;0;0;0;0;0
FR;5;2021-03-19;0;0;0;0;0;0;0;0;0;0;0;0;0;0;0;0;0;0
FR;5;2021-03-20;0;0;0;0;0;0;0;0;0;0;0;0;0;0;0;0;0;0
FR;5;2021-03-21;0;0;0;0;0;0;0;0;0;0;0;0;0;0;0;0;0;0
FR;5;2021-03-22;0;0;0;0;0;0;0;0;0;0;0;0;0;0;0;0;0;0
FR;5;2021-03-23;0;0;0;0;0;0;0;0;0;0;0;0;0;0;0;0;0;0
FR;5;2021-03-24;0;0;0;0;0;0;0;0;0;0;0;0;0;0;0;0;0;0
FR;5;2021-03-25;0;0;0;0;0;0;0;0;0;0;0;0;0;0;0;0;0;0
FR;5;2021-03-26;0;0;0;0;0;0;0;0;0;0;0;0;0;0;0;0;0;0
FR;5;2021-03-27;0;0;0;0;0;0;0;0;0;0;0;0;0;0;0;0;0;0
FR;5;2021-03-28;0;0;0;0;0;0;0;0;0;0;0;0;0;0;0;0;0;0
FR;5;2021-03-29;0;0;0;0;0;0;0;0;0;0;0;0;0;0;0;0;0;0
FR;5;2021-03-30;0;0;0;0;0;0;0;0;0;0;0;0;0;0;0;0;0;0
FR;5;2021-03-31;0;0;0;0;0;0;0;0;0;0;0;0;0;0;0;0;0;0
FR;5;2021-04-01;0;0;0;0;0;0;0;0;0;0;0;0;0;0;0;0;0;0
FR;5;2021-04-02;0;0;0;0;0;0;0;0;0;0;0;0;0;0;0;0;0;0
FR;5;2021-04-03;0;0;0;0;0;0;0;0;0;0;0;0;0;0;0;0;0;0
FR;5;2021-04-04;0;0;0;0;0;0;0;0;0;0;0;0;0;0;0;0;0;0
FR;5;2021-04-05;0;0;0;0;0;0;0;0;0;0;0;0;0;0;0;0;0;0
FR;5;2021-04-06;0;0;0;0;0;0;0;0;0;0;0;0;0;0;0;0;0;0
FR;5;2021-04-07;0;0;0;0;0;0;0;0;0;0;0;0;0;0;0;0;0;0
FR;5;2021-04-08;0;0;0;0;0;0;0;0;0;0;0;0;0;0;0;0;0;0
FR;5;2021-04-09;0;0;0;0;0;0;0;0;0;0;0;0;0;0;0;0;0;0
FR;5;2021-04-10;0;0;0;0;0;0;0;0;0;0;0;0;0;0;0;0;0;0
FR;5;2021-04-11;0;0;0;0;0;0;0;0;0;0;0;0;0;0;0;0;0;0
FR;5;2021-04-12;0;0;0;0;0;0;0;0;0;0;0;0;0;0;0;0;0;0
FR;5;2021-04-13;0;0;0;0;0;0;0;0;0;0;0;0;0;0;0;0;0;0
FR;5;2021-04-14;0;0;0;0;0;0;0;0;0;0;0;0;0;0;0;0;0;0
FR;5;2021-04-15;0;0;0;0;0;0;0;0;0;0;0;0;0;0;0;0;0;0
FR;5;2021-04-16;0;0;0;0;0;0;0;0;0;0;0;0;0;0;0;0;0;0
FR;5;2021-04-17;0;0;0;0;0;0;0;0;0;0;0;0;0;0;0;0;0;0
FR;5;2021-04-18;0;0;0;0;0;0;0;0;0;0;0;0;0;0;0;0;0;0
FR;5;2021-04-19;0;0;0;0;0;0;0;0;0;0;0;0;0;0;0;0;0;0
FR;5;2021-04-20;0;0;0;0;0;0;0;0;0;0;0;0;0;0;0;0;0;0
FR;5;2021-04-21;0;0;0;0;0;0;0;0;0;0;0;0;0;0;0;0;0;0
FR;5;2021-04-22;0;0;0;0;0;0;0;0;0;0;0;0;0;0;0;0;0;0
FR;5;2021-04-23;0;0;0;0;0;0;0;0;0;0;0;0;0;0;0;0;0;0
FR;5;2021-04-24;0;0;0;0;0;0;0;0;0;0;0;0;0;0;0;0;0;0
FR;5;2021-04-25;0;0;0;0;0;0;0;0;0;0;0;0;0;0;0;0;0;0
FR;5;2021-04-26;0;0;0;0;0;0;0;0;0;0;0;0;0;0;0;0;0;0
FR;5;2021-04-27;0;0;0;0;0;0;0;0;0;0;0;0;0;0;0;0;0;0
FR;5;2021-04-28;0;0;0;0;0;0;0;0;0;0;0;0;0;0;0;0;0;0
FR;5;2021-04-29;0;0;0;0;0;0;0;0;0;0;0;0;0;0;0;0;0;0
FR;5;2021-04-30;0;0;0;0;0;0;0;0;0;0;0;0;0;0;0;0;0;0
FR;5;2021-05-01;0;0;0;0;0;0;0;0;0;0;0;0;0;0;0;0;0;0
FR;5;2021-05-02;0;0;0;0;0;0;0;0;0;0;0;0;0;0;0;0;0;0
FR;5;2021-05-03;0;0;0;0;0;0;0;0;0;0;0;0;0;0;0;0;0;0
FR;5;2021-05-04;0;0;0;0;0;0;0;0;0;0;0;0;0;0;0;0;0;0
FR;5;2021-05-05;0;0;0;0;0;0;0;0;0;0;0;0;0;0;0;0;0;0
FR;5;2021-05-06;0;0;0;0;0;0;0;0;0;0;0;0;0;0;0;0;0;0
FR;5;2021-05-07;0;0;0;0;0;0;0;0;0;0;0;0;0;0;0;0;0;0
FR;5;2021-05-08;0;0;0;0;0;0;0;0;0;0;0;0;0;0;0;0;0;0
FR;5;2021-05-09;0;0;0;0;0;0;0;0;0;0;0;0;0;0;0;0;0;0
FR;5;2021-05-10;0;0;0;0;0;0;0;0;0;0;0;0;0;0;0;0;0;0
FR;5;2021-05-11;0;0;0;0;0;0;0;0;0;0;0;0;0;0;0;0;0;0
FR;5;2021-05-12;0;0;0;0;0;0;0;0;0;0;0;0;0;0;0;0;0;0
FR;5;2021-05-13;0;0;0;0;0;0;0;0;0;0;0;0;0;0;0;0;0;0
FR;5;2021-05-14;0;0;0;0;0;0;0;0;0;0;0;0;0;0;0;0;0;0
FR;5;2021-05-15;0;0;0;0;0;0;0;0;0;0;0;0;0;0;0;0;0;0
FR;5;2021-05-16;0;0;0;0;0;0;0;0;0;0;0;0;0;0;0;0;0;0
FR;5;2021-05-17;0;0;0;0;0;0;0;0;0;0;0;0;0;0;0;0;0;0
FR;5;2021-05-18;0;0;0;0;0;0;0;0;0;0;0;0;0;0;0;0;0;0
FR;5;2021-05-19;0;0;0;0;0;0;0;0;0;0;0;0;0;0;0;0;0;0
FR;5;2021-05-20;0;0;0;0;0;0;0;0;0;0;0;0;0;0;0;0;0;0
FR;5;2021-05-21;0;0;0;0;0;0;0;0;0;0;0;0;0;0;0;0;0;0
FR;5;2021-05-22;0;0;0;0;0;0;0;0;0;0;0;0;0;0;0;0;0;0
FR;5;2021-05-23;0;0;0;0;0;0;0;0;0;0;0;0;0;0;0;0;0;0
FR;5;2021-05-24;0;0;0;0;0;0;0;0;0;0;0;0;0;0;0;0;0;0
FR;5;2021-05-25;0;0;0;0;0;0;0;0;0;0;0;0;0;0;0;0;0;0
FR;5;2021-05-26;0;0;0;0;0;0;0;0;0;0;0;0;0;0;0;0;0;0
FR;5;2021-05-27;0;0;0;0;0;0;0;0;0;0;0;0;0;0;0;0;0;0
FR;5;2021-05-28;0;0;0;0;0;0;0;0;0;0;0;0;0;0;0;0;0;0
FR;5;2021-05-29;0;0;0;0;0;0;0;0;0;0;0;0;0;0;0;0;0;0
FR;5;2021-05-30;0;0;0;0;0;0;0;0;0;0;0;0;0;0;0;0;0;0
FR;5;2021-05-31;0;0;0;0;0;0;0;0;0;0;0;0;0;0;0;0;0;0
FR;5;2021-06-01;0;0;0;0;0;0;0;0;0;0;0;0;0;0;0;0;0;0
FR;5;2021-06-02;0;0;0;0;0;0;0;0;0;0;0;0;0;0;0;0;0;0
FR;5;2021-06-03;0;0;0;0;0;0;0;0;0;0;0;0;0;0;0;0;0;0
FR;5;2021-06-04;0;0;0;0;0;0;0;0;0;0;0;0;0;0;0;0;0;0
FR;5;2021-06-05;0;0;0;0;0;0;0;0;0;0;0;0;0;0;0;0;0;0
FR;5;2021-06-06;0;0;0;0;0;0;0;0;0;0;0;0;0;0;0;0;0;0
FR;5;2021-06-07;0;0;0;0;0;0;0;0;0;0;0;0;0;0;0;0;0;0
FR;5;2021-06-08;0;0;0;0;0;0;0;0;0;0;0;0;0;0;0;0;0;0
FR;5;2021-06-09;0;0;0;0;0;0;0;0;0;0;0;0;0;0;0;0;0;0
FR;5;2021-06-10;0;0;0;0;0;0;0;0;0;0;0;0;0;0;0;0;0;0
FR;5;2021-06-11;0;0;0;0;0;0;0;0;0;0;0;0;0;0;0;0;0;0
FR;5;2021-06-12;0;0;0;0;0;0;0;0;0;0;0;0;0;0;0;0;0;0
FR;5;2021-06-13;0;0;0;0;0;0;0;0;0;0;0;0;0;0;0;0;0;0
FR;5;2021-06-14;0;0;0;0;0;0;0;0;0;0;0;0;0;0;0;0;0;0
FR;5;2021-06-15;0;0;0;0;0;0;0;0;0;0;0;0;0;0;0;0;0;0
FR;5;2021-06-16;0;0;0;0;0;0;0;0;0;0;0;0;0;0;0;0;0;0
FR;5;2021-06-17;0;0;0;0;0;0;0;0;0;0;0;0;0;0;0;0;0;0
FR;5;2021-06-18;0;0;0;0;0;0;0;0;0;0;0;0;0;0;0;0;0;0
FR;5;2021-06-19;0;0;0;0;0;0;0;0;0;0;0;0;0;0;0;0;0;0
FR;5;2021-06-20;0;0;0;0;0;0;0;0;0;0;0;0;0;0;0;0;0;0
FR;5;2021-06-21;0;0;0;0;0;0;0;0;0;0;0;0;0;0;0;0;0;0
FR;5;2021-06-22;0;0;0;0;0;0;0;0;0;0;0;0;0;0;0;0;0;0
FR;5;2021-06-23;0;0;0;0;0;0;0;0;0;0;0;0;0;0;0;0;0;0
FR;5;2021-06-24;0;0;0;0;0;0;0;0;0;0;0;0;0;0;0;0;0;0
FR;5;2021-06-25;0;0;0;0;0;0;0;0;0;0;0;0;0;0;0;0;0;0
FR;5;2021-06-26;0;0;0;0;0;0;0;0;0;0;0;0;0;0;0;0;0;0
FR;5;2021-06-27;0;0;0;0;0;0;0;0;0;0;0;0;0;0;0;0;0;0
FR;5;2021-06-28;0;0;0;0;0;0;0;0;0;0;0;0;0;0;0;0;0;0
FR;5;2021-06-29;0;0;0;0;0;0;0;0;0;0;0;0;0;0;0;0;0;0
FR;5;2021-06-30;0;0;0;0;0;0;0;0;0;0;0;0;0;0;0;0;0;0
FR;5;2021-07-01;0;0;0;0;0;0;0;0;0;0;0;0;0;0;0;0;0;0
FR;5;2021-07-02;0;0;0;0;0;0;0;0;0;0;0;0;0;0;0;0;0;0
FR;5;2021-07-03;0;0;0;0;0;0;0;0;0;0;0;0;0;0;0;0;0;0
FR;5;2021-07-04;0;0;0;0;0;0;0;0;0;0;0;0;0;0;0;0;0;0
FR;5;2021-07-05;0;0;0;0;0;0;0;0;0;0;0;0;0;0;0;0;0;0
FR;5;2021-07-06;0;0;0;0;0;0;0;0;0;0;0;0;0;0;0;0;0;0
FR;5;2021-07-07;0;0;0;0;0;0;0;0;0;0;0;0;0;0;0;0;0;0
FR;5;2021-07-08;0;0;0;0;0;0;0;0;0;0;0;0;0;0;0;0;0;0
FR;5;2021-07-09;0;0;0;0;0;0;0;0;0;0;0;0;0;0;0;0;0;0
FR;5;2021-07-10;0;0;0;0;0;0;0;0;0;0;0;0;0;0;0;0;0;0
FR;5;2021-07-11;0;0;0;0;0;0;0;0;0;0;0;0;0;0;0;0;0;0
FR;5;2021-07-12;0;0;0;0;0;0;0;0;0;0;0;0;0;0;0;0;0;0
FR;5;2021-07-13;0;0;0;0;0;0;0;0;0;0;0;0;0;0;0;0;0;0
FR;5;2021-07-14;0;0;0;0;0;0;0;0;0;0;0;0;0;0;0;0;0;0
FR;5;2021-07-15;0;0;0;0;0;0;0;0;0;0;0;0;0;0;0;0;0;0
FR;5;2021-07-16;0;0;0;0;0;0;0;0;0;0;0;0;0;0;0;0;0;0
FR;5;2021-07-17;0;0;0;0;0;0;0;0;0;0;0;0;0;0;0;0;0;0
FR;5;2021-07-18;0;0;0;0;0;0;0;0;0;0;0;0;0;0;0;0;0;0
FR;5;2021-07-19;0;0;0;0;0;0;0;0;0;0;0;0;0;0;0;0;0;0
FR;5;2021-07-20;0;0;0;0;0;0;0;0;0;0;0;0;0;0;0;0;0;0
FR;5;2021-07-21;0;0;0;0;0;0;0;0;0;0;0;0;0;0;0;0;0;0
FR;5;2021-07-22;0;0;0;0;0;0;0;0;0;0;0;0;0;0;0;0;0;0
FR;5;2021-07-23;0;0;0;0;0;0;0;0;0;0;0;0;0;0;0;0;0;0
FR;5;2021-07-24;0;0;0;0;0;0;0;0;0;0;0;0;0;0;0;0;0;0
FR;5;2021-07-25;0;0;0;0;0;0;0;0;0;0;0;0;0;0;0;0;0;0
FR;5;2021-07-26;0;0;0;0;0;0;0;0;0;0;0;0;0;0;0;0;0;0
FR;5;2021-07-27;0;0;0;0;0;0;0;0;0;0;0;0;0;0;0;0;0;0
FR;5;2021-07-28;0;0;0;0;0;0;0;0;0;0;0;0;0;0;0;0;0;0
FR;5;2021-07-29;0;0;0;0;0;0;0;0;0;0;0;0;0;0;0;0;0;0
FR;5;2021-07-30;0;0;0;0;0;0;0;0;0;0;0;0;0;0;0;0;0;0
FR;5;2021-07-31;0;0;0;0;0;0;0;0;0;0;0;0;0;0;0;0;0;0
FR;5;2021-08-01;0;0;0;0;0;0;0;0;0;0;0;0;0;0;0;0;0;0
FR;5;2021-08-02;0;0;0;0;0;0;0;0;0;0;0;0;0;0;0;0;0;0
FR;5;2021-08-03;0;0;0;0;0;0;0;0;0;0;0;0;0;0;0;0;0;0
FR;5;2021-08-04;0;0;0;0;0;0;0;0;0;0;0;0;0;0;0;0;0;0
FR;5;2021-08-05;0;0;0;0;0;0;0;0;0;0;0;0;0;0;0;0;0;0
FR;5;2021-08-06;0;0;0;0;0;0;0;0;0;0;0;0;0;0;0;0;0;0
FR;5;2021-08-07;0;0;0;0;0;0;0;0;0;0;0;0;0;0;0;0;0;0
FR;5;2021-08-08;0;0;0;0;0;0;0;0;0;0;0;0;0;0;0;0;0;0
FR;5;2021-08-09;0;0;0;0;0;0;0;0;0;0;0;0;0;0;0;0;0;0
FR;5;2021-08-10;0;0;0;0;0;0;0;0;0;0;0;0;0;0;0;0;0;0
FR;5;2021-08-11;0;0;0;0;0;0;0;0;0;0;0;0;0;0;0;0;0;0
FR;5;2021-08-12;0;0;0;0;0;0;0;0;0;0;0;0;0;0;0;0;0;0
FR;5;2021-08-13;0;0;0;0;0;0;0;0;0;0;0;0;0;0;0;0;0;0
FR;5;2021-08-14;0;0;0;0;0;0;0;0;0;0;0;0;0;0;0;0;0;0
FR;5;2021-08-15;0;0;0;0;0;0;0;0;0;0;0;0;0;0;0;0;0;0
FR;5;2021-08-16;0;0;0;0;0;0;0;0;0;0;0;0;0;0;0;0;0;0
FR;5;2021-08-17;0;0;0;0;0;0;0;0;0;0;0;0;0;0;0;0;0;0
FR;5;2021-08-18;0;0;0;0;0;0;0;0;0;0;0;0;0;0;0;0;0;0
FR;5;2021-08-19;0;0;0;0;0;0;0;0;0;0;0;0;0;0;0;0;0;0
FR;5;2021-08-20;0;0;0;0;0;0;0;0;0;0;0;0;0;0;0;0;0;0
FR;5;2021-08-21;0;0;0;0;0;0;0;0;0;0;0;0;0;0;0;0;0;0
FR;5;2021-08-22;0;0;0;0;0;0;0;0;0;0;0;0;0;0;0;0;0;0
FR;5;2021-08-23;0;0;0;0;0;0;0;0;0;0;0;0;0;0;0;0;0;0
FR;5;2021-08-24;0;0;0;0;0;0;0;0;0;0;0;0;0;0;0;0;0;0
FR;5;2021-08-25;0;0;0;0;0;0;0;0;0;0;0;0;0;0;0;0;0;0
FR;5;2021-08-26;0;0;0;0;0;0;0;0;0;0;0;0;0;0;0;0;0;0
FR;5;2021-08-27;0;0;0;0;0;0;0;0;0;0;0;0;0;0;0;0;0;0
FR;5;2021-08-28;0;0;0;0;0;0;0;0;0;0;0;0;0;0;0;0;0;0
FR;5;2021-08-29;0;0;0;0;0;0;0;0;0;0;0;0;0;0;0;0;0;0
FR;5;2021-08-30;0;0;0;0;0;0;0;0;0;0;0;0;0;0;0;0;0;0
FR;5;2021-08-31;0;0;0;0;0;0;0;0;0;0;0;0;0;0;0;0;0;0
FR;5;2021-09-01;0;0;0;0;0;0;0;0;0;0;0;0;0;0;0;0;0;0
FR;5;2021-09-02;0;0;0;0;0;0;0;0;0;0;0;0;0;0;0;0;0;0
FR;5;2021-09-03;0;0;0;0;0;0;0;0;0;0;0;0;0;0;0;0;0;0
FR;5;2021-09-04;0;0;0;0;0;0;0;0;0;0;0;0;0;0;0;0;0;0
FR;5;2021-09-05;0;0;0;0;0;0;0;0;0;0;0;0;0;0;0;0;0;0
FR;5;2021-09-06;0;0;0;0;0;0;0;0;0;0;0;0;0;0;0;0;0;0
FR;5;2021-09-07;0;0;0;0;0;0;0;0;0;0;0;0;0;0;0;0;0;0
FR;5;2021-09-08;0;0;0;0;0;0;0;0;0;0;0;0;0;0;0;0;0;0
FR;5;2021-09-09;0;0;0;0;0;0;0;0;0;0;0;0;0;0;0;0;0;0
FR;5;2021-09-10;0;0;0;0;0;0;0;0;0;0;0;0;0;0;0;0;0;0
FR;5;2021-09-11;0;0;0;0;0;0;0;0;0;0;0;0;0;0;0;0;0;0
FR;5;2021-09-12;0;0;0;0;0;0;0;0;0;0;0;0;0;0;0;0;0;0
FR;5;2021-09-13;0;0;0;0;0;0;0;0;0;0;0;0;0;0;0;0;0;0
FR;5;2021-09-14;0;0;0;0;0;0;0;0;0;0;0;0;0;0;0;0;0;0
FR;5;2021-09-15;0;0;0;0;0;0;0;0;0;0;0;0;0;0;0;0;0;0
FR;5;2021-09-16;0;0;0;0;0;0;0;0;0;0;0;0;0;0;0;0;0;0
FR;5;2021-09-17;0;0;0;0;0;0;0;0;0;0;0;0;0;0;0;0;0;0
FR;5;2021-09-18;0;0;0;0;0;0;0;0;0;0;0;0;0;0;0;0;0;0
FR;5;2021-09-19;0;0;0;0;0;0;0;0;0;0;0;0;0;0;0;0;0;0
FR;5;2021-09-20;0;0;0;0;0;0;0;0;0;0;0;0;0;0;0;0;0;0
FR;5;2021-09-21;0;0;0;0;0;0;0;0;0;0;0;0;0;0;0;0;0;0
FR;5;2021-09-22;0;0;0;0;0;0;0;0;0;0;0;0;0;0;0;0;0;0
FR;5;2021-09-23;0;0;0;0;0;0;0;0;0;0;0;0;0;0;0;0;0;0
FR;5;2021-09-24;0;0;0;0;0;0;0;0;0;0;0;0;0;0;0;0;0;0
FR;5;2021-09-25;0;0;0;0;0;0;0;0;0;0;0;0;0;0;0;0;0;0
FR;5;2021-09-26;0;0;0;0;0;0;0;0;0;0;0;0;0;0;0;0;0;0
FR;5;2021-09-27;0;0;0;0;0;0;0;0;0;0;0;0;0;0;0;0;0;0
FR;5;2021-09-28;0;0;0;0;0;0;0;0;0;0;0;0;0;0;0;0;0;0
FR;5;2021-09-29;0;0;0;0;0;0;0;0;0;0;0;0;0;0;0;0;0;0
FR;5;2021-09-30;0;0;0;0;0;0;0;0;0;0;0;0;0;0;0;0;0;0
FR;5;2021-10-01;0;0;0;0;0;0;0;0;0;0;0;0;0;0;0;0;0;0
FR;5;2021-10-02;0;0;0;0;0;0;0;0;0;0;0;0;0;0;0;0;0;0
FR;5;2021-10-03;0;0;0;0;0;0;0;0;0;0;0;0;0;0;0;0;0;0
FR;5;2021-10-04;0;0;0;0;0;0;0;0;0;0;0;0;0;0;0;0;0;0
FR;5;2021-10-05;0;0;0;0;0;0;0;0;0;0;0;0;0;0;0;0;0;0
FR;5;2021-10-06;0;0;0;0;0;0;0;0;0;0;0;0;0;0;0;0;0;0
FR;5;2021-10-07;0;0;0;0;0;0;0;0;0;0;0;0;0;0;0;0;0;0
FR;5;2021-10-08;0;0;0;0;0;0;0;0;0;0;0;0;0;0;0;0;0;0
FR;5;2021-10-09;0;0;0;0;0;0;0;0;0;0;0;0;0;0;0;0;0;0
FR;5;2021-10-10;0;0;0;0;0;0;0;0;0;0;0;0;0;0;0;0;0;0
FR;5;2021-10-11;0;0;0;0;0;0;0;0;0;0;0;0;0;0;0;0;0;0
FR;5;2021-10-12;0;0;0;0;0;0;0;0;0;0;0;0;0;0;0;0;0;0
FR;5;2021-10-13;0;0;0;0;0;0;0;0;0;0;0;0;0;0;0;0;0;0
FR;5;2021-10-14;0;0;0;0;0;0;0;0;0;0;0;0;0;0;0;0;0;0
FR;5;2021-10-15;0;0;0;0;0;0;0;0;0;0;0;0;0;0;0;0;0;0
FR;5;2021-10-16;0;0;0;0;0;0;0;0;0;0;0;0;0;0;0;0;0;0
FR;5;2021-10-17;0;0;0;0;0;0;0;0;0;0;0;0;0;0;0;0;0;0
FR;5;2021-10-18;0;0;0;0;0;0;0;0;0;0;0;0;0;0;0;0;0;0
FR;5;2021-10-19;0;0;0;0;0;0;0;0;0;0;0;0;0;0;0;0;0;0
FR;5;2021-10-20;0;0;0;0;0;0;0;0;0;0;0;0;0;0;0;0;0;0
FR;5;2021-10-21;0;0;0;0;0;0;0;0;0;0;0;0;0;0;0;0;0;0
FR;5;2021-10-22;0;0;0;0;0;0;0;0;0;0;0;0;0;0;0;0;0;0
FR;5;2021-10-23;0;0;0;0;0;0;0;0;0;0;0;0;0;0;0;0;0;0
FR;5;2021-10-24;0;0;0;0;0;0;0;0;0;0;0;0;0;0;0;0;0;0
FR;5;2021-10-25;0;0;0;0;0;0;0;0;0;0;0;0;0;0;0;0;0;0
FR;5;2021-10-26;0;0;0;0;0;0;0;0;0;0;0;0;0;0;0;0;0;0
FR;5;2021-10-27;0;0;0;0;0;0;0;0;0;0;0;0;0;0;0;0;0;0
FR;5;2021-10-28;0;0;0;0;0;0;0;0;0;0;0;0;0;0;0;0;0;0
FR;5;2021-10-29;0;0;0;0;0;0;0;0;0;0;0;0;0;0;0;0;0;0
FR;5;2021-10-30;0;0;0;0;0;0;0;0;0;0;0;0;0;0;0;0;0;0
FR;5;2021-10-31;0;0;0;0;0;0;0;0;0;0;0;0;0;0;0;0;0;0
FR;5;2021-11-01;0;0;0;0;0;0;0;0;0;0;0;0;0;0;0;0;0;0
FR;5;2021-11-02;0;0;0;0;0;0;0;0;0;0;0;0;0;0;0;0;0;0
FR;5;2021-11-03;0;0;0;0;0;0;0;0;0;0;0;0;0;0;0;0;0;0
FR;5;2021-11-04;0;0;0;0;0;0;0;0;0;0;0;0;0;0;0;0;0;0
FR;5;2021-11-05;0;0;0;0;0;0;0;0;0;0;0;0;0;0;0;0;0;0
FR;5;2021-11-06;0;0;0;0;0;0;0;0;0;0;0;0;0;0;0;0;0;0
FR;5;2021-11-07;0;0;0;0;0;0;0;0;0;0;0;0;0;0;0;0;0;0
FR;5;2021-11-08;0;0;0;0;0;0;0;0;0;0;0;0;0;0;0;0;0;0
FR;5;2021-11-09;0;0;0;0;0;0;0;0;0;0;0;0;0;0;0;0;0;0
FR;5;2021-11-10;0;0;0;0;0;0;0;0;0;0;0;0;0;0;0;0;0;0
FR;5;2021-11-11;0;0;0;0;0;0;0;0;0;0;0;0;0;0;0;0;0;0
FR;5;2021-11-12;0;0;0;0;0;0;0;0;0;0;0;0;0;0;0;0;0;0
FR;5;2021-11-13;0;0;0;0;0;0;0;0;0;0;0;0;0;0;0;0;0;0
FR;5;2021-11-14;0;0;0;0;0;0;0;0;0;0;0;0;0;0;0;0;0;0
FR;5;2021-11-15;0;0;0;0;0;0;0;0;0;0;0;0;0;0;0;0;0;0
FR;5;2021-11-16;0;0;0;0;0;0;0;0;0;0;0;0;0;0;0;0;0;0
FR;5;2021-11-17;0;0;0;0;0;0;0;0;0;0;0;0;0;0;0;0;0;0
FR;5;2021-11-18;0;0;0;0;0;0;0;0;0;0;0;0;0;0;0;0;0;0
FR;5;2021-11-19;0;0;0;0;0;0;0;0;0;0;0;0;0;0;0;0;0;0
FR;5;2021-11-20;0;0;0;0;0;0;0;0;0;0;0;0;0;0;0;0;0;0
FR;5;2021-11-21;0;0;0;0;0;0;0;0;0;0;0;0;0;0;0;0;0;0
FR;5;2021-11-22;0;0;0;0;0;0;0;0;0;0;0;0;0;0;0;0;0;0
FR;5;2021-11-23;0;0;0;0;0;0;0;0;0;0;0;0;0;0;0;0;0;0
FR;5;2021-11-24;0;0;0;0;0;0;0;0;0;0;0;0;0;0;0;0;0;0
FR;5;2021-11-25;0;0;0;0;0;0;0;0;0;0;0;0;0;0;0;0;0;0
FR;5;2021-11-26;0;0;0;0;0;0;0;0;0;0;0;0;0;0;0;0;0;0
FR;5;2021-11-27;0;0;0;0;0;0;0;0;0;0;0;0;0;0;0;0;0;0
FR;5;2021-11-28;0;0;0;0;0;0;0;0;0;0;0;0;0;0;0;0;0;0
FR;5;2021-11-29;0;0;0;0;0;0;0;0;0;0;0;0;0;0;0;0;0;0
FR;5;2021-11-30;0;0;0;0;0;0;0;0;0;0;0;0;0;0;0;0;0;0
FR;5;2021-12-01;0;0;0;0;0;0;0;0;0;0;0;0;0;0;0;0;0;0
FR;5;2021-12-02;0;0;0;0;0;0;0;0;0;0;0;0;0;0;0;0;0;0
FR;5;2021-12-03;0;0;0;0;0;0;0;0;0;0;0;0;0;0;0;0;0;0
FR;5;2021-12-04;0;0;0;0;0;0;0;0;0;0;0;0;0;0;0;0;0;0
FR;5;2021-12-05;0;0;0;0;0;0;0;0;0;0;0;0;0;0;0;0;0;0
FR;5;2021-12-06;0;0;0;0;0;0;0;0;0;0;0;0;0;0;0;0;0;0
FR;5;2021-12-07;0;0;0;0;0;0;0;0;0;0;0;0;0;0;0;0;0;0
FR;5;2021-12-08;0;0;0;0;0;0;0;0;0;0;0;0;0;0;0;0;0;0
FR;5;2021-12-09;0;0;0;0;0;0;0;0;0;0;0;0;0;0;0;0;0;0
FR;5;2021-12-10;0;0;0;0;0;0;0;0;0;0;0;0;0;0;0;0;0;0
FR;5;2021-12-11;0;0;0;0;0;0;0;0;0;0;0;0;0;0;0;0;0;0
FR;5;2021-12-12;0;0;0;0;0;0;0;0;0;0;0;0;0;0;0;0;0;0
FR;5;2021-12-13;0;0;0;0;0;0;0;0;0;0;0;0;0;0;0;0;0;0
FR;5;2021-12-14;33;45;77;0;27;88;1;0;0;33;45;77;0;27;88;1;0;0
FR;5;2021-12-15;196;44;37;0;42;49;0;0;0;229;89;114;0;69;137;1;0;0
FR;5;2021-12-16;181;21;44;0;38;48;0;0;0;410;110;158;0;107;185;1;0;0
FR;5;2021-12-17;312;16;72;0;34;74;2;0;0;722;126;230;0;141;259;3;0;0
FR;5;2021-12-18;766;24;22;0;67;29;0;0;0;1488;150;252;0;208;288;3;0;0
FR;5;2021-12-19;586;15;15;0;67;17;0;0;0;2074;165;267;0;275;305;3;0;0
FR;5;2021-12-20;1223;31;35;0;133;38;2;0;0;3297;196;302;0;408;343;5;0;0
FR;5;2021-12-21;1535;22;54;1;140;60;0;0;0;4832;218;356;1;548;403;5;0;0
FR;5;2021-12-22;4069;40;37;0;420;46;2;0;0;8901;258;393;1;968;449;7;0;0
FR;5;2021-12-23;3042;16;21;0;304;25;0;0;0;11943;274;414;1;1272;474;7;0;0
FR;5;2021-12-24;761;18;9;0;103;14;0;0;0;12704;292;423;1;1375;488;7;0;0
FR;5;2021-12-25;61;5;2;0;9;3;0;0;0;12765;297;425;1;1384;491;7;0;0
FR;5;2021-12-26;623;6;3;0;101;4;0;0;0;13388;303;428;1;1485;495;7;0;0
FR;5;2021-12-27;4085;25;21;0;456;23;1;0;0;17473;328;449;1;1941;518;8;0;0
FR;5;2021-12-28;5204;23;41;1;511;43;2;0;0;22677;351;490;2;2452;561;10;0;0
FR;5;2021-12-29;8106;34;66;2;886;69;1;0;0;30783;385;556;4;3338;630;11;0;0
FR;5;2021-12-30;5173;18;33;0;525;39;0;0;0;35956;403;589;4;3863;669;11;0;0
FR;5;2021-12-31;1553;8;10;0;181;11;0;0;0;37509;411;599;4;4044;680;11;0;0
FR;5;2022-01-01;185;2;2;0;24;3;0;0;0;37694;413;601;4;4068;683;11;0;0
FR;5;2022-01-02;1489;1;1;0;149;1;0;0;0;39183;414;602;4;4217;684;11;0;0
FR;5;2022-01-03;3066;36;34;0;320;33;1;0;0;42249;450;636;4;4537;717;12;0;0
FR;5;2022-01-04;3034;39;33;0;320;42;3;0;0;45283;489;669;4;4857;759;15;0;0
FR;5;2022-01-05;19323;203;97;1;2108;108;0;0;0;64606;692;766;5;6965;867;15;0;0
FR;5;2022-01-06;3748;134;122;0;507;142;2;0;0;68354;826;888;5;7472;1009;17;0;0
FR;5;2022-01-07;5007;202;48;2;702;56;1;0;0;73361;1028;936;7;8174;1065;18;0;0
FR;5;2022-01-08;13659;514;45;0;1997;52;0;0;0;87020;1542;981;7;10171;1117;18;0;0
FR;5;2022-01-09;5754;399;15;0;1111;20;1;0;0;92774;1941;996;7;11282;1137;19;0;0
FR;5;2022-01-10;3455;326;25;0;731;29;0;0;0;96229;2267;1021;7;12013;1166;19;0;0
FR;5;2022-01-11;3671;284;38;0;662;41;1;0;0;99900;2551;1059;7;12675;1207;20;0;0
FR;5;2022-01-12;22651;3005;89;0;5290;112;2;0;0;122551;5556;1148;7;17965;1319;22;0;0
FR;5;2022-01-13;4039;622;29;0;1051;31;2;0;0;126590;6178;1177;7;19016;1350;24;0;0
FR;5;2022-01-14;4843;582;44;0;1114;51;1;0;0;131433;6760;1221;7;20130;1401;25;0;0
FR;5;2022-01-15;14686;1746;38;3;3369;49;3;0;0;146119;8506;1259;10;23499;1450;28;0;0
FR;5;2022-01-16;4727;666;3;0;1259;5;0;0;0;150846;9172;1262;10;24758;1455;28;0;0
FR;5;2022-01-17;2297;718;26;0;986;29;0;0;0;153143;9890;1288;10;25744;1484;28;0;0
FR;5;2022-01-18;2431;870;30;0;1141;40;0;0;0;155574;10760;1318;10;26885;1524;28;0;0
FR;5;2022-01-19;18482;6423;74;2;8359;142;3;0;0;174056;17183;1392;12;35244;1666;31;0;0
FR;5;2022-01-20;1920;1068;25;0;1296;34;2;0;0;175976;18251;1417;12;36540;1700;33;0;0
FR;5;2022-01-21;3077;1372;47;1;1675;59;2;0;0;179053;19623;1464;13;38215;1759;35;0;0
FR;5;2022-01-22;10720;3454;33;1;4670;43;1;0;0;189773;23077;1497;14;42885;1802;36;0;0
FR;5;2022-01-23;2629;1415;6;0;1788;10;0;0;0;192402;24492;1503;14;44673;1812;36;0;0
FR;5;2022-01-24;1161;1340;19;0;1446;23;1;0;0;193563;25832;1522;14;46119;1835;37;0;0
FR;5;2022-01-25;1220;1549;20;2;1681;31;3;0;0;194783;27381;1542;16;47800;1866;40;0;0
FR;5;2022-01-26;10751;12029;50;1;13296;89;1;0;1;205534;39410;1592;17;61096;1955;41;0;1
FR;5;2022-01-27;1291;1692;10;0;1837;17;0;0;0;206825;41102;1602;17;62933;1972;41;0;1
FR;5;2022-01-28;1699;3347;16;0;3567;19;1;0;0;208524;44449;1618;17;66500;1991;42;0;1
FR;5;2022-01-29;6241;8041;68;0;8855;96;2;0;0;214765;52490;1686;17;75355;2087;44;0;1
FR;5;2022-01-30;1509;2950;5;0;3185;18;0;0;0;216274;55440;1691;17;78540;2105;44;0;1
FR;5;2022-01-31;589;1773;23;0;1837;24;3;0;0;216863;57213;1714;17;80377;2129;47;0;1
FR;5;2022-02-01;712;1706;10;0;1791;15;0;0;0;217575;58919;1724;17;82168;2144;47;0;1
FR;5;2022-02-02;6958;15655;52;0;16603;94;0;0;0;224533;74574;1776;17;98771;2238;47;0;1
FR;5;2022-02-03;491;1691;14;0;1748;13;5;0;0;225024;76265;1790;17;100519;2251;52;0;1
FR;5;2022-02-04;945;3002;19;0;3123;31;0;0;0;225969;79267;1809;17;103642;2282;52;0;1
FR;5;2022-02-05;3535;8919;23;0;9516;37;0;0;0;229504;88186;1832;17;113158;2319;52;0;1
FR;5;2022-02-06;737;2397;10;0;2556;19;0;0;0;230241;90583;1842;17;115714;2338;52;0;1
FR;5;2022-02-07;884;1596;23;0;1714;25;2;0;0;231125;92179;1865;17;117428;2363;54;0;1
FR;5;2022-02-08;723;1287;18;0;1407;20;2;0;0;231848;93466;1883;17;118835;2383;56;0;1
FR;5;2022-02-09;4544;12879;44;0;13606;76;1;0;0;236392;106345;1927;17;132441;2459;57;0;1
FR;5;2022-02-10;646;1059;14;0;1166;15;0;0;0;237038;107404;1941;17;133607;2474;57;0;1
FR;5;2022-02-11;793;2032;16;0;2163;21;1;0;0;237831;109436;1957;17;135770;2495;58;0;1
FR;5;2022-02-12;2286;6812;33;0;7279;53;0;0;0;240117;116248;1990;17;143049;2548;58;0;1
FR;5;2022-02-13;464;1540;8;0;1653;8;1;0;0;240581;117788;1998;17;144702;2556;59;0;1
FR;5;2022-02-14;678;1288;10;0;1407;13;1;0;0;241259;119076;2008;17;146109;2569;60;0;1
FR;5;2022-02-15;482;886;9;0;968;14;1;0;0;241741;119962;2017;17;147077;2583;61;0;1
FR;5;2022-02-16;2980;9123;41;1;9675;58;2;0;0;244721;129085;2058;18;156752;2641;63;0;1
FR;5;2022-02-17;436;809;6;0;876;7;1;0;0;245157;129894;2064;18;157628;2648;64;0;1
FR;5;2022-02-18;649;1408;13;0;1535;17;0;0;0;245806;131302;2077;18;159163;2665;64;0;1
FR;5;2022-02-19;1373;4315;16;0;4623;28;0;0;0;247179;135617;2093;18;163786;2693;64;0;1
FR;5;2022-02-20;247;879;6;0;941;8;0;0;0;247426;136496;2099;18;164727;2701;64;0;1
FR;5;2022-02-21;221;607;2;0;661;4;1;0;0;247647;137103;2101;18;165388;2705;65;0;1
FR;5;2022-02-22;262;545;17;0;592;17;1;0;0;247909;137648;2118;18;165980;2722;66;0;1
FR;5;2022-02-23;1909;6926;23;1;7346;43;0;0;0;249818;144574;2141;19;173326;2765;66;0;1
FR;5;2022-02-24;182;374;6;1;421;7;1;0;0;250000;144948;2147;20;173747;2772;67;0;1
FR;5;2022-02-25;336;950;13;0;1027;12;2;0;0;250336;145898;2160;20;174774;2784;69;0;1
FR;5;2022-02-26;972;3071;11;0;3333;15;2;0;0;251308;148969;2171;20;178107;2799;71;0;1
FR;5;2022-02-27;151;506;0;0;549;3;0;0;0;251459;149475;2171;20;178656;2802;71;0;1
FR;5;2022-02-28;162;369;1;0;408;1;0;0;0;251621;149844;2172;20;179064;2803;71;0;1
FR;5;2022-03-01;130;280;6;0;315;7;1;0;0;251751;150124;2178;20;179379;2810;72;0;1
FR;5;2022-03-02;1241;4156;28;3;4496;40;3;0;0;252992;154280;2206;23;183875;2850;75;0;1
FR;5;2022-03-03;121;251;5;0;271;10;1;0;0;253113;154531;2211;23;184146;2860;76;0;1
FR;5;2022-03-04;197;488;13;0;538;14;2;0;0;253310;155019;2224;23;184684;2874;78;0;1
FR;5;2022-03-05;677;1990;8;0;2244;16;2;0;0;253987;157009;2232;23;186928;2890;80;0;1
FR;5;2022-03-06;108;260;0;0;310;0;0;0;0;254095;157269;2232;23;187238;2890;80;0;1
FR;5;2022-03-07;71;228;5;0;254;3;2;0;0;254166;157497;2237;23;187492;2893;82;0;1
FR;5;2022-03-08;46;134;7;1;141;8;3;0;0;254212;157631;2244;24;187633;2901;85;0;1
FR;5;2022-03-09;910;3078;24;0;3407;36;0;0;0;255122;160709;2268;24;191040;2937;85;0;1
FR;5;2022-03-10;82;202;9;0;215;13;3;0;0;255204;160911;2277;24;191255;2950;88;0;1
FR;5;2022-03-11;148;369;13;1;427;15;0;0;0;255352;161280;2290;25;191682;2965;88;0;1
FR;5;2022-03-12;758;1613;13;1;1976;30;0;0;0;256110;162893;2303;26;193658;2995;88;0;1
FR;5;2022-03-13;78;100;0;0;133;0;0;0;0;256188;162993;2303;26;193791;2995;88;0;1
FR;5;2022-03-14;67;119;7;1;139;7;1;0;0;256255;163112;2310;27;193930;3002;89;0;1
FR;5;2022-03-15;83;99;4;0;119;7;1;0;0;256338;163211;2314;27;194049;3009;90;0;1
FR;5;2022-03-16;882;1827;15;3;2228;36;7;0;0;257220;165038;2329;30;196277;3045;97;0;1
FR;5;2022-03-17;68;123;8;4;151;10;4;0;0;257288;165161;2337;34;196428;3055;101;0;1
FR;5;2022-03-18;172;318;13;4;390;18;4;0;0;257460;165479;2350;38;196818;3073;105;0;1
FR;5;2022-03-19;751;1163;12;5;1554;33;8;0;0;258211;166642;2362;43;198372;3106;113;0;1
FR;5;2022-03-20;45;93;1;0;119;1;0;0;0;258256;166735;2363;43;198491;3107;113;0;1
FR;5;2022-03-21;71;120;10;6;136;15;8;0;0;258327;166855;2373;49;198627;3122;121;0;1
FR;5;2022-03-22;56;119;8;7;143;9;6;0;0;258383;166974;2381;56;198770;3131;127;0;1
FR;5;2022-03-23;805;1461;14;8;1878;36;9;0;0;259188;168435;2395;64;200648;3167;136;0;1
FR;5;2022-03-24;70;93;8;7;118;7;10;0;0;259258;168528;2403;71;200766;3174;146;0;1
FR;5;2022-03-25;222;293;14;8;388;18;9;0;0;259480;168821;2417;79;201154;3192;155;0;1
FR;5;2022-03-26;707;853;12;5;1273;26;6;0;1;260187;169674;2429;84;202427;3218;161;0;2
FR;5;2022-03-27;75;81;0;0;124;3;0;0;0;260262;169755;2429;84;202551;3221;161;0;2
FR;5;2022-03-28;81;93;1;2;132;3;2;0;0;260343;169848;2430;86;202683;3224;163;0;2
FR;5;2022-03-29;71;82;10;4;113;12;5;0;0;260414;169930;2440;90;202796;3236;168;0;2
FR;5;2022-03-30;823;1116;16;13;1606;29;14;0;0;261237;171046;2456;103;204402;3265;182;0;2
FR;5;2022-03-31;102;125;1;4;173;6;4;0;0;261339;171171;2457;107;204575;3271;186;0;2
FR;5;2022-04-01;114;86;7;12;135;11;12;0;1;261453;171257;2464;119;204710;3282;198;0;3
FR;5;2022-04-02;330;349;3;3;535;15;4;0;0;261783;171606;2467;122;205245;3297;202;0;3
FR;5;2022-04-03;54;59;1;0;88;1;0;0;0;261837;171665;2468;122;205333;3298;202;0;3
FR;5;2022-04-04;40;57;4;1;70;8;2;0;0;261877;171722;2472;123;205403;3306;204;0;3
FR;5;2022-04-05;52;60;6;6;75;9;5;0;0;261929;171782;2478;129;205478;3315;209;0;3
FR;5;2022-04-06;421;439;7;14;678;16;14;0;0;262350;172221;2485;143;206156;3331;223;0;3
FR;5;2022-04-07;45;69;5;7;89;7;10;0;0;262395;172290;2490;150;206245;3338;233;0;3
FR;5;2022-04-08;134;112;12;13;174;14;15;0;0;262529;172402;2502;163;206419;3352;248;0;3
FR;5;2022-04-09;311;324;2;5;511;17;5;0;0;262840;172726;2504;168;206930;3369;253;0;3
FR;5;2022-04-10;44;31;2;0;61;2;1;0;0;262884;172757;2506;168;206991;3371;254;0;3
FR;5;2022-04-11;50;60;3;2;78;4;3;0;0;262934;172817;2509;170;207069;3375;257;0;3
FR;5;2022-04-12;59;54;3;3;78;5;3;0;0;262993;172871;2512;173;207147;3380;260;0;3
FR;5;2022-04-13;382;413;3;8;606;16;8;0;0;263375;173284;2515;181;207753;3396;268;0;3
FR;5;2022-04-14;48;51;5;5;68;9;3;0;0;263423;173335;2520;186;207821;3405;271;0;3
FR;5;2022-04-15;91;109;4;4;150;5;6;0;0;263514;173444;2524;190;207971;3410;277;0;3
FR;5;2022-04-16;188;184;2;1;265;13;1;0;0;263702;173628;2526;191;208236;3423;278;0;3
FR;5;2022-04-17;12;11;1;0;17;1;0;0;0;263714;173639;2527;191;208253;3424;278;0;3
FR;5;2022-04-18;9;10;2;0;11;3;1;0;0;263723;173649;2529;191;208264;3427;279;0;3
FR;5;2022-04-19;75;71;6;1;96;6;4;0;0;263798;173720;2535;192;208360;3433;283;0;3
FR;5;2022-04-20;361;349;9;6;522;12;7;0;0;264159;174069;2544;198;208882;3445;290;0;3
FR;5;2022-04-21;42;64;9;10;71;12;14;0;0;264201;174133;2553;208;208953;3457;304;0;3
FR;5;2022-04-22;113;96;5;4;144;5;5;0;0;264314;174229;2558;212;209097;3462;309;0;3
FR;5;2022-04-23;209;193;4;2;284;11;3;0;0;264523;174422;2562;214;209381;3473;312;0;3
FR;5;2022-04-24;37;35;0;0;50;3;0;0;0;264560;174457;2562;214;209431;3476;312;0;3
FR;5;2022-04-25;69;65;1;1;102;4;1;0;0;264629;174522;2563;215;209533;3480;313;0;3
FR;5;2022-04-26;60;63;2;1;85;5;1;0;0;264689;174585;2565;216;209618;3485;314;0;3
FR;5;2022-04-27;335;316;3;7;463;14;8;0;0;265024;174901;2568;223;210081;3499;322;0;3
FR;5;2022-04-28;81;54;4;5;81;8;7;0;0;265105;174955;2572;228;210162;3507;329;0;3
FR;5;2022-04-29;117;84;5;19;117;12;17;0;0;265222;175039;2577;247;210279;3519;346;0;3
FR;5;2022-04-30;183;114;2;3;184;10;4;0;0;265405;175153;2579;250;210463;3529;350;0;3
FR;5;2022-05-01;11;7;0;0;11;0;0;0;0;265416;175160;2579;250;210474;3529;350;0;3
FR;5;2022-05-02;52;28;4;5;48;2;7;0;0;265468;175188;2583;255;210522;3531;357;0;3
FR;5;2022-05-03;84;57;2;4;84;11;4;0;0;265552;175245;2585;259;210606;3542;361;0;3
FR;5;2022-05-04;278;205;1;2;324;7;2;0;0;265830;175450;2586;261;210930;3549;363;0;3
FR;5;2022-05-05;62;32;3;4;46;5;4;0;0;265892;175482;2589;265;210976;3554;367;0;3
FR;5;2022-05-06;105;65;2;3;106;5;3;0;0;265997;175547;2591;268;211082;3559;370;0;3
FR;5;2022-05-07;171;117;2;10;180;13;7;0;0;266168;175664;2593;278;211262;3572;377;0;3
FR;5;2022-05-08;8;8;0;0;9;2;0;0;0;266176;175672;2593;278;211271;3574;377;0;3
FR;5;2022-05-09;44;34;15;3;51;16;4;0;0;266220;175706;2608;281;211322;3590;381;0;3
FR;5;2022-05-10;54;49;3;4;67;5;5;0;0;266274;175755;2611;285;211389;3595;386;0;3
FR;5;2022-05-11;326;237;12;7;344;21;11;0;0;266600;175992;2623;292;211733;3616;397;0;3
FR;5;2022-05-12;46;34;2;2;46;2;3;0;0;266646;176026;2625;294;211779;3618;400;0;3
FR;5;2022-05-13;109;83;3;8;119;8;7;0;0;266755;176109;2628;302;211898;3626;407;0;3
FR;5;2022-05-14;209;131;0;1;212;8;0;0;0;266964;176240;2628;303;212110;3634;407;0;3
FR;5;2022-05-15;22;9;2;0;18;1;1;0;0;266986;176249;2630;303;212128;3635;408;0;3
FR;5;2022-05-16;52;34;4;5;53;4;5;0;0;267038;176283;2634;308;212181;3639;413;0;3
FR;5;2022-05-17;72;40;5;0;68;2;3;0;0;267110;176323;2639;308;212249;3641;416;0;3
FR;5;2022-05-18;289;215;4;4;330;8;6;0;0;267399;176538;2643;312;212579;3649;422;0;3
FR;5;2022-05-19;45;35;5;3;42;3;4;0;0;267444;176573;2648;315;212621;3652;426;0;3
FR;5;2022-05-20;76;63;3;10;92;1;11;0;0;267520;176636;2651;325;212713;3653;437;0;3
FR;5;2022-05-21;242;166;2;3;268;17;1;0;0;267762;176802;2653;328;212981;3670;438;0;3
FR;5;2022-05-22;20;14;2;5;20;2;6;0;0;267782;176816;2655;333;213001;3672;444;0;3
FR;5;2022-05-23;42;31;4;3;42;6;3;0;0;267824;176847;2659;336;213043;3678;447;0;3
FR;5;2022-05-24;47;45;3;2;60;5;2;0;0;267871;176892;2662;338;213103;3683;449;0;3
FR;5;2022-05-25;329;257;4;1;385;16;1;0;0;268200;177149;2666;339;213488;3699;450;0;3
FR;5;2022-05-26;17;5;0;1;9;2;0;0;1;268217;177154;2666;340;213497;3701;450;0;4
FR;5;2022-05-27;99;54;4;4;89;9;3;0;0;268316;177208;2670;344;213586;3710;453;0;4
FR;5;2022-05-28;100;78;5;3;106;10;3;0;0;268416;177286;2675;347;213692;3720;456;0;4
FR;5;2022-05-29;14;14;1;0;18;2;0;0;0;268430;177300;2676;347;213710;3722;456;0;4
FR;5;2022-05-30;56;41;2;1;54;2;2;0;0;268486;177341;2678;348;213764;3724;458;0;4
FR;5;2022-05-31;57;43;1;8;62;1;8;0;0;268543;177384;2679;356;213826;3725;466;0;4
FR;5;2022-06-01;257;241;9;2;301;25;5;0;0;268800;177625;2688;358;214127;3750;471;0;4
FR;5;2022-06-02;63;61;5;0;73;9;1;0;0;268863;177686;2693;358;214200;3759;472;0;4
FR;5;2022-06-03;82;71;4;5;88;10;6;0;0;268945;177757;2697;363;214288;3769;478;0;4
FR;5;2022-06-04;157;109;2;1;187;9;1;0;0;269102;177866;2699;364;214475;3778;479;0;4
FR;5;2022-06-05;18;11;0;0;21;1;0;0;0;269120;177877;2699;364;214496;3779;479;0;4
FR;5;2022-06-06;16;9;0;1;12;0;1;0;0;269136;177886;2699;365;214508;3779;480;0;4
FR;5;2022-06-07;50;56;1;1;76;2;1;0;0;269186;177942;2700;366;214584;3781;481;0;4
FR;5;2022-06-08;283;225;3;4;332;17;2;0;0;269469;178167;2703;370;214916;3798;483;0;4
FR;5;2022-06-09;52;41;6;3;57;7;2;0;1;269521;178208;2709;373;214973;3805;485;0;5
FR;5;2022-06-10;81;72;1;1;105;6;1;0;0;269602;178280;2710;374;215078;3811;486;0;5
FR;5;2022-06-11;173;141;3;3;202;10;4;0;0;269775;178421;2713;377;215280;3821;490;0;5
FR;5;2022-06-12;17;16;0;0;19;2;0;0;0;269792;178437;2713;377;215299;3823;490;0;5
FR;5;2022-06-13;56;47;9;3;70;10;6;0;0;269848;178484;2722;380;215369;3833;496;0;5
FR;5;2022-06-14;59;56;1;4;64;6;4;0;0;269907;178540;2723;384;215433;3839;500;0;5
FR;5;2022-06-15;266;260;5;2;363;27;1;0;0;270173;178800;2728;386;215796;3866;501;0;5
FR;5;2022-06-16;47;30;5;2;44;5;2;0;0;270220;178830;2733;388;215840;3871;503;0;5
FR;5;2022-06-17;100;67;5;5;102;10;5;0;0;270320;178897;2738;393;215942;3881;508;0;5
FR;5;2022-06-18;146;95;10;2;152;26;2;0;1;270466;178992;2748;395;216094;3907;510;0;6
FR;5;2022-06-19;26;15;0;1;18;4;1;0;0;270492;179007;2748;396;216112;3911;511;0;6
FR;5;2022-06-20;56;50;8;0;62;11;2;0;0;270548;179057;2756;396;216174;3922;513;0;6
FR;5;2022-06-21;52;73;5;3;90;7;5;0;1;270600;179130;2761;399;216264;3929;518;0;7
FR;5;2022-06-22;224;247;7;9;347;33;10;0;0;270824;179377;2768;408;216611;3962;528;0;7
FR;5;2022-06-23;50;38;2;5;43;6;6;0;0;270874;179415;2770;413;216654;3968;534;0;7
FR;5;2022-06-24;91;70;12;5;101;16;8;0;0;270965;179485;2782;418;216755;3984;542;0;7
FR;5;2022-06-25;154;124;3;7;185;14;8;0;1;271119;179609;2785;425;216940;3998;550;0;8
FR;5;2022-06-26;26;19;2;0;29;5;0;0;0;271145;179628;2787;425;216969;4003;550;0;8
FR;5;2022-06-27;57;60;5;7;78;11;9;0;0;271202;179688;2792;432;217047;4014;559;0;8
FR;5;2022-06-28;70;49;8;2;69;14;5;0;0;271272;179737;2800;434;217116;4028;564;0;8
FR;5;2022-06-29;297;268;9;21;391;34;23;0;0;271569;180005;2809;455;217507;4062;587;0;8
FR;5;2022-06-30;89;57;10;12;89;17;11;0;0;271658;180062;2819;467;217596;4079;598;0;8
FR;5;2022-07-01;127;65;7;11;118;12;11;0;2;271785;180127;2826;478;217714;4091;609;0;10
FR;5;2022-07-02;191;132;4;0;209;22;0;0;0;271976;180259;2830;478;217923;4113;609;0;10
FR;5;2022-07-03;30;25;1;0;36;4;0;0;0;272006;180284;2831;478;217959;4117;609;0;10
FR;5;2022-07-04;103;64;2;5;102;6;5;0;1;272109;180348;2833;483;218061;4123;614;0;11
FR;5;2022-07-05;104;72;3;8;107;13;8;0;1;272213;180420;2836;491;218168;4136;622;0;12
FR;5;2022-07-06;277;168;9;36;289;27;36;0;0;272490;180588;2845;527;218457;4163;658;0;12
FR;5;2022-07-07;88;68;6;9;88;13;11;0;0;272578;180656;2851;536;218545;4176;669;0;12
FR;5;2022-07-08;152;120;7;14;146;25;13;0;1;272730;180776;2858;550;218691;4201;682;0;13
FR;5;2022-07-09;116;68;1;8;100;10;8;0;0;272846;180844;2859;558;218791;4211;690;0;13
FR;5;2022-07-10;15;6;0;0;10;1;0;0;0;272861;180850;2859;558;218801;4212;690;0;13
FR;5;2022-07-11;92;72;10;2;98;19;3;0;0;272953;180922;2869;560;218899;4231;693;0;13
FR;5;2022-07-12;67;63;5;10;81;7;12;0;0;273020;180985;2874;570;218980;4238;705;0;13
FR;5;2022-07-13;169;118;10;19;196;16;23;0;0;273189;181103;2884;589;219176;4254;728;0;13
FR;5;2022-07-14;8;4;0;0;7;0;0;0;0;273197;181107;2884;589;219183;4254;728;0;13
FR;5;2022-07-15;74;66;5;14;86;15;15;0;0;273271;181173;2889;603;219269;4269;743;0;13
FR;5;2022-07-16;54;44;3;0;71;3;2;0;0;273325;181217;2892;603;219340;4272;745;0;13
FR;5;2022-07-17;10;7;3;0;10;2;2;0;0;273335;181224;2895;603;219350;4274;747;0;13
FR;5;2022-07-18;60;47;0;4;70;4;3;0;0;273395;181271;2895;607;219420;4278;750;0;13
FR;5;2022-07-19;63;42;5;3;63;7;4;0;0;273458;181313;2900;610;219483;4285;754;0;13
FR;5;2022-07-20;119;106;4;11;141;14;9;0;0;273577;181419;2904;621;219624;4299;763;0;13
FR;5;2022-07-21;38;43;2;10;52;5;10;0;0;273615;181462;2906;631;219676;4304;773;0;13
FR;5;2022-07-22;48;69;11;13;75;23;11;0;1;273663;181531;2917;644;219751;4327;784;0;14
FR;5;2022-07-23;59;78;2;1;95;11;2;0;0;273722;181609;2919;645;219846;4338;786;0;14
FR;5;2022-07-24;11;9;3;1;12;3;1;0;0;273733;181618;2922;646;219858;4341;787;0;14
FR;5;2022-07-25;53;48;2;7;57;8;8;0;0;273786;181666;2924;653;219915;4349;795;0;14
FR;5;2022-07-26;58;52;5;41;70;6;44;0;0;273844;181718;2929;694;219985;4355;839;0;14
FR;5;2022-07-27;106;118;4;4;161;13;4;0;0;273950;181836;2933;698;220146;4368;843;0;14
FR;5;2022-07-28;39;35;2;2;47;6;1;0;0;273989;181871;2935;700;220193;4374;844;0;14
FR;5;2022-07-29;56;74;3;14;90;8;10;0;0;274045;181945;2938;714;220283;4382;854;0;14
FR;5;2022-07-30;55;53;5;1;75;7;2;0;0;274100;181998;2943;715;220358;4389;856;0;14
FR;5;2022-07-31;7;11;1;0;13;1;0;0;0;274107;182009;2944;715;220371;4390;856;0;14
FR;5;2022-08-01;39;53;1;2;62;6;2;0;0;274146;182062;2945;717;220433;4396;858;0;14
FR;5;2022-08-02;32;43;8;7;47;8;7;0;1;274178;182105;2953;724;220480;4404;865;0;15
FR;5;2022-08-03;54;51;4;10;70;9;8;0;0;274232;182156;2957;734;220550;4413;873;0;15
FR;5;2022-08-04;20;18;1;6;22;1;6;0;0;274252;182174;2958;740;220572;4414;879;0;15
FR;5;2022-08-05;35;26;3;3;39;3;3;0;0;274287;182200;2961;743;220611;4417;882;0;15
FR;5;2022-08-06;23;26;1;0;31;1;0;0;0;274310;182226;2962;743;220642;4418;882;0;15
FR;5;2022-08-07;2;2;1;0;1;1;1;0;0;274312;182228;2963;743;220643;4419;883;0;15
FR;5;2022-08-08;26;19;1;2;24;2;1;0;0;274338;182247;2964;745;220667;4421;884;0;15
FR;5;2022-08-09;26;28;3;3;35;3;3;0;0;274364;182275;2967;748;220702;4424;887;0;15
FR;5;2022-08-10;47;47;2;0;56;5;0;0;0;274411;182322;2969;748;220758;4429;887;0;15
FR;5;2022-08-11;19;36;2;2;42;5;2;0;0;274430;182358;2971;750;220800;4434;889;0;15
FR;5;2022-08-12;27;28;2;0;39;2;0;0;0;274457;182386;2973;750;220839;4436;889;0;15
FR;5;2022-08-13;16;18;0;0;24;0;0;0;0;274473;182404;2973;750;220863;4436;889;0;15
FR;5;2022-08-14;2;3;0;0;4;0;0;0;0;274475;182407;2973;750;220867;4436;889;0;15
FR;5;2022-08-15;2;5;0;0;5;0;0;0;0;274477;182412;2973;750;220872;4436;889;0;15
FR;5;2022-08-16;33;26;3;0;28;6;0;0;0;274510;182438;2976;750;220900;4442;889;0;15
FR;5;2022-08-17;52;55;2;1;71;1;1;0;0;274562;182493;2978;751;220971;4443;890;0;15
FR;5;2022-08-18;26;18;8;17;25;10;16;0;0;274588;182511;2986;768;220996;4453;906;0;15
FR;5;2022-08-19;25;33;1;2;41;2;2;0;0;274613;182544;2987;770;221037;4455;908;0;15
FR;5;2022-08-20;25;27;2;1;33;4;2;0;0;274638;182571;2989;771;221070;4459;910;0;15
FR;5;2022-08-21;7;4;1;0;7;1;0;0;0;274645;182575;2990;771;221077;4460;910;0;15
FR;5;2022-08-22;39;26;1;6;42;2;5;0;1;274684;182601;2991;777;221119;4462;915;0;16
FR;5;2022-08-23;27;26;1;1;32;2;1;0;0;274711;182627;2992;778;221151;4464;916;0;16
FR;5;2022-08-24;50;43;0;0;62;0;0;0;0;274761;182670;2992;778;221213;4464;916;0;16
FR;5;2022-08-25;27;26;3;1;31;2;0;0;1;274788;182696;2995;779;221244;4466;916;0;17
FR;5;2022-08-26;48;39;7;2;58;5;4;0;0;274836;182735;3002;781;221302;4471;920;0;17
FR;5;2022-08-27;46;28;1;0;46;3;1;0;0;274882;182763;3003;781;221348;4474;921;0;17
FR;5;2022-08-28;5;6;0;0;6;0;0;0;0;274887;182769;3003;781;221354;4474;921;0;17
FR;5;2022-08-29;58;44;1;1;66;4;1;0;0;274945;182813;3004;782;221420;4478;922;0;17
FR;5;2022-08-30;43;23;12;29;40;10;30;0;1;274988;182836;3016;811;221460;4488;952;0;18
FR;5;2022-08-31;53;47;6;1;58;11;1;0;0;275041;182883;3022;812;221518;4499;953;0;18
FR;5;2022-09-01;14;8;1;4;13;1;4;0;0;275055;182891;3023;816;221531;4500;957;0;18
FR;5;2022-09-02;42;22;8;2;34;9;3;0;0;275097;182913;3031;818;221565;4509;960;0;18
FR;5;2022-09-03;69;37;2;0;58;2;0;0;0;275166;182950;3033;818;221623;4511;960;0;18
FR;5;2022-09-04;12;7;1;0;8;3;0;0;0;275178;182957;3034;818;221631;4514;960;0;18
FR;5;2022-09-05;7;4;1;0;4;1;0;0;0;275185;182961;3035;818;221635;4515;960;0;18
FR;5;2022-09-06;21;14;3;15;17;2;14;0;2;275206;182975;3038;833;221652;4517;974;0;20
FR;5;2022-09-07;79;53;1;1;77;3;1;0;0;275285;183028;3039;834;221729;4520;975;0;20
FR;5;2022-09-08;9;4;0;4;7;0;4;0;0;275294;183032;3039;838;221736;4520;979;0;20
FR;5;2022-09-09;40;11;9;2;14;10;3;0;0;275334;183043;3048;840;221750;4530;982;0;20
FR;5;2022-09-10;40;45;1;1;50;8;1;0;0;275374;183088;3049;841;221800;4538;983;0;20
FR;5;2022-09-11;3;3;0;0;3;1;0;0;0;275377;183091;3049;841;221803;4539;983;0;20
FR;5;2022-09-12;7;5;2;2;7;2;2;0;0;275384;183096;3051;843;221810;4541;985;0;20
FR;5;2022-09-13;9;6;0;1;4;3;1;0;0;275393;183102;3051;844;221814;4544;986;0;20
FR;5;2022-09-14;52;46;4;7;54;9;6;0;0;275445;183148;3055;851;221868;4553;992;0;20
FR;5;2022-09-15;11;13;2;3;11;5;3;0;0;275456;183161;3057;854;221879;4558;995;0;20
FR;5;2022-09-16;25;33;1;4;38;3;3;0;0;275481;183194;3058;858;221917;4561;998;0;20
FR;5;2022-09-17;60;43;1;1;51;5;1;0;0;275541;183237;3059;859;221968;4566;999;0;20
FR;5;2022-09-18;9;6;0;1;10;1;0;0;0;275550;183243;3059;860;221978;4567;999;0;20
FR;5;2022-09-19;22;17;2;1;20;5;2;0;0;275572;183260;3061;861;221998;4572;1001;0;20
FR;5;2022-09-20;15;11;3;3;15;1;4;0;0;275587;183271;3064;864;222013;4573;1005;0;20
FR;5;2022-09-21;68;45;9;0;65;13;0;0;0;275655;183316;3073;864;222078;4586;1005;0;20
FR;5;2022-09-22;12;6;4;24;6;4;23;0;1;275667;183322;3077;888;222084;4590;1028;0;21
FR;5;2022-09-23;20;24;2;3;22;8;3;0;0;275687;183346;3079;891;222106;4598;1031;0;21
FR;5;2022-09-24;44;51;1;8;65;5;8;0;0;275731;183397;3080;899;222171;4603;1039;0;21
FR;5;2022-09-25;6;12;0;0;13;1;0;0;0;275737;183409;3080;899;222184;4604;1039;0;21
FR;5;2022-09-26;15;7;0;2;12;0;1;0;1;275752;183416;3080;901;222196;4604;1040;0;22
FR;5;2022-09-27;7;12;4;9;14;4;9;0;1;275759;183428;3084;910;222210;4608;1049;0;23
FR;5;2022-09-28;65;64;5;0;88;7;0;0;0;275824;183492;3089;910;222298;4615;1049;0;23
FR;5;2022-09-29;17;9;1;0;15;1;1;0;1;275841;183501;3090;910;222313;4616;1050;0;24
FR;5;2022-09-30;28;44;2;2;51;4;3;0;0;275869;183545;3092;912;222364;4620;1053;0;24
FR;5;2022-10-01;39;35;5;5;48;8;7;0;0;275908;183580;3097;917;222412;4628;1060;0;24
FR;5;2022-10-02;1;9;1;0;10;1;0;0;0;275909;183589;3098;917;222422;4629;1060;0;24
FR;5;2022-10-03;7;6;3;0;5;4;0;0;0;275916;183595;3101;917;222427;4633;1060;0;24
FR;5;2022-10-04;11;8;0;3;11;1;3;0;0;275927;183603;3101;920;222438;4634;1063;0;24
FR;5;2022-10-05;57;61;2;2;78;13;2;0;0;275984;183664;3103;922;222516;4647;1065;0;24
FR;5;2022-10-06;12;10;0;4;15;1;4;0;0;275996;183674;3103;926;222531;4648;1069;0;24
FR;5;2022-10-07;21;31;1;0;34;5;0;0;0;276017;183705;3104;926;222565;4653;1069;0;24
FR;5;2022-10-08;33;51;1;0;54;7;0;0;0;276050;183756;3105;926;222619;4660;1069;0;24
FR;5;2022-10-09;7;10;0;0;11;1;0;0;0;276057;183766;3105;926;222630;4661;1069;0;24
FR;5;2022-10-10;14;6;0;1;8;1;1;0;0;276071;183772;3105;927;222638;4662;1070;0;24
FR;5;2022-10-11;6;13;2;1;14;2;2;0;0;276077;183785;3107;928;222652;4664;1072;0;24
FR;5;2022-10-12;39;57;3;2;69;8;2;0;0;276116;183842;3110;930;222721;4672;1074;0;24
FR;5;2022-10-13;11;16;2;0;18;4;0;0;0;276127;183858;3112;930;222739;4676;1074;0;24
FR;5;2022-10-14;21;21;1;0;20;5;0;0;0;276148;183879;3113;930;222759;4681;1074;0;24
FR;5;2022-10-15;19;26;10;0;24;11;2;0;0;276167;183905;3123;930;222783;4692;1076;0;24
FR;5;2022-10-16;3;1;0;0;1;1;0;0;0;276170;183906;3123;930;222784;4693;1076;0;24
FR;5;2022-10-17;8;8;2;1;8;3;1;0;2;276178;183914;3125;931;222792;4696;1077;0;26
FR;5;2022-10-18;6;7;0;2;8;0;2;0;0;276184;183921;3125;933;222800;4696;1079;0;26
FR;5;2022-10-19;38;42;8;0;51;11;0;0;1;276222;183963;3133;933;222851;4707;1079;0;27
FR;5;2022-10-20;18;15;2;1;16;3;1;0;0;276240;183978;3135;934;222867;4710;1080;0;27
FR;5;2022-10-21;22;15;6;0;19;8;1;0;2;276262;183993;3141;934;222886;4718;1081;0;29
FR;5;2022-10-22;34;28;2;12;31;5;12;0;0;276296;184021;3143;946;222917;4723;1093;0;29
FR;5;2022-10-23;9;3;0;0;4;0;0;0;0;276305;184024;3143;946;222921;4723;1093;0;29
FR;5;2022-10-24;14;7;6;7;9;9;8;0;0;276319;184031;3149;953;222930;4732;1101;0;29
FR;5;2022-10-25;12;9;6;3;9;8;3;0;2;276331;184040;3155;956;222939;4740;1104;0;31
FR;5;2022-10-26;34;22;6;0;29;10;0;0;0;276365;184062;3161;956;222968;4750;1104;0;31
FR;5;2022-10-27;16;4;4;0;11;4;0;0;0;276381;184066;3165;956;222979;4754;1104;0;31
FR;5;2022-10-28;19;13;5;3;14;6;4;0;0;276400;184079;3170;959;222993;4760;1108;0;31
FR;5;2022-10-29;21;13;0;0;17;3;0;0;0;276421;184092;3170;959;223010;4763;1108;0;31
FR;5;2022-10-30;1;4;2;0;4;3;0;0;0;276422;184096;3172;959;223014;4766;1108;0;31
FR;5;2022-10-31;14;11;2;1;12;3;1;0;0;276436;184107;3174;960;223026;4769;1109;0;31
FR;5;2022-11-01;1;1;0;1;1;0;1;0;0;276437;184108;3174;961;223027;4769;1110;0;31
FR;5;2022-11-02;23;17;5;4;23;5;5;0;0;276460;184125;3179;965;223050;4774;1115;0;31
FR;5;2022-11-03;22;4;1;1;11;1;1;0;0;276482;184129;3180;966;223061;4775;1116;0;31
FR;5;2022-11-04;19;17;1;0;17;2;0;0;0;276501;184146;3181;966;223078;4777;1116;0;31
FR;5;2022-11-05;25;16;1;0;21;1;0;0;0;276526;184162;3182;966;223099;4778;1116;0;31
FR;5;2022-11-06;1;7;0;0;7;0;0;0;0;276527;184169;3182;966;223106;4778;1116;0;31
FR;5;2022-11-07;4;3;3;0;3;3;0;0;0;276531;184172;3185;966;223109;4781;1116;0;31
FR;5;2022-11-08;11;7;1;2;8;1;1;0;0;276542;184179;3186;968;223117;4782;1117;0;31
FR;5;2022-11-09;28;29;6;1;32;6;1;0;0;276570;184208;3192;969;223149;4788;1118;0;31
FR;5;2022-11-10;11;16;1;0;17;1;0;0;0;276581;184224;3193;969;223166;4789;1118;0;31
FR;5;2022-11-11;2;4;0;1;6;0;1;0;0;276583;184228;3193;970;223172;4789;1119;0;31
FR;5;2022-11-12;19;10;5;9;18;6;9;0;2;276602;184238;3198;979;223190;4795;1128;0;33
FR;5;2022-11-13;2;2;0;1;2;0;1;0;0;276604;184240;3198;980;223192;4795;1129;0;33
FR;5;2022-11-14;8;10;0;1;9;3;0;0;0;276612;184250;3198;981;223201;4798;1129;0;33
FR;5;2022-11-15;8;6;4;3;6;4;3;0;0;276620;184256;3202;984;223207;4802;1132;0;33
FR;5;2022-11-16;29;28;2;1;32;5;0;0;0;276649;184284;3204;985;223239;4807;1132;0;33
FR;5;2022-11-17;6;15;2;0;15;3;0;0;0;276655;184299;3206;985;223254;4810;1132;0;33
FR;5;2022-11-18;15;17;6;0;18;8;0;0;0;276670;184316;3212;985;223272;4818;1132;0;33
FR;5;2022-11-19;18;27;2;0;27;6;0;0;0;276688;184343;3214;985;223299;4824;1132;0;33
FR;5;2022-11-20;6;3;0;0;4;0;0;0;0;276694;184346;3214;985;223303;4824;1132;0;33
FR;5;2022-11-21;8;5;0;2;4;2;1;0;0;276702;184351;3214;987;223307;4826;1133;0;33
FR;5;2022-11-22;9;3;0;1;4;0;1;0;0;276711;184354;3214;988;223311;4826;1134;0;33
FR;5;2022-11-23;34;24;6;1;24;13;0;0;0;276745;184378;3220;989;223335;4839;1134;0;33
FR;5;2022-11-24;3;7;2;1;8;1;2;0;0;276748;184385;3222;990;223343;4840;1136;0;33
FR;5;2022-11-25;14;20;1;0;24;2;0;0;1;276762;184405;3223;990;223367;4842;1136;0;34
FR;5;2022-11-26;21;19;4;0;19;8;0;0;0;276783;184424;3227;990;223386;4850;1136;0;34
FR;5;2022-11-27;7;0;1;0;2;1;0;0;0;276790;184424;3228;990;223388;4851;1136;0;34
FR;5;2022-11-28;7;11;3;0;11;5;0;0;0;276797;184435;3231;990;223399;4856;1136;0;34
FR;5;2022-11-29;9;9;1;0;11;3;0;0;1;276806;184444;3232;990;223410;4859;1136;0;35
FR;6;2020-12-27;0;0;0;0;0;0;0;0;0;0;0;0;0;0;0;0;0;0
FR;6;2020-12-28;0;0;0;0;0;0;0;0;0;0;0;0;0;0;0;0;0;0
FR;6;2020-12-29;0;0;0;0;0;0;0;0;0;0;0;0;0;0;0;0;0;0
FR;6;2020-12-30;0;0;0;0;0;0;0;0;0;0;0;0;0;0;0;0;0;0
FR;6;2020-12-31;0;0;0;0;0;0;0;0;0;0;0;0;0;0;0;0;0;0
FR;6;2021-01-01;0;0;0;0;0;0;0;0;0;0;0;0;0;0;0;0;0;0
FR;6;2021-01-02;0;0;0;0;0;0;0;0;0;0;0;0;0;0;0;0;0;0
FR;6;2021-01-03;0;0;0;0;0;0;0;0;0;0;0;0;0;0;0;0;0;0
FR;6;2021-01-04;0;0;0;0;0;0;0;0;0;0;0;0;0;0;0;0;0;0
FR;6;2021-01-05;0;0;0;0;0;0;0;0;0;0;0;0;0;0;0;0;0;0
FR;6;2021-01-06;0;0;0;0;0;0;0;0;0;0;0;0;0;0;0;0;0;0
FR;6;2021-01-07;0;0;0;0;0;0;0;0;0;0;0;0;0;0;0;0;0;0
FR;6;2021-01-08;0;0;0;0;0;0;0;0;0;0;0;0;0;0;0;0;0;0
FR;6;2021-01-09;0;0;0;0;0;0;0;0;0;0;0;0;0;0;0;0;0;0
FR;6;2021-01-10;0;0;0;0;0;0;0;0;0;0;0;0;0;0;0;0;0;0
FR;6;2021-01-11;0;0;0;0;0;0;0;0;0;0;0;0;0;0;0;0;0;0
FR;6;2021-01-12;0;0;0;0;0;0;0;0;0;0;0;0;0;0;0;0;0;0
FR;6;2021-01-13;0;0;0;0;0;0;0;0;0;0;0;0;0;0;0;0;0;0
FR;6;2021-01-14;0;0;0;0;0;0;0;0;0;0;0;0;0;0;0;0;0;0
FR;6;2021-01-15;0;0;0;0;0;0;0;0;0;0;0;0;0;0;0;0;0;0
FR;6;2021-01-16;0;0;0;0;0;0;0;0;0;0;0;0;0;0;0;0;0;0
FR;6;2021-01-17;0;0;0;0;0;0;0;0;0;0;0;0;0;0;0;0;0;0
FR;6;2021-01-18;0;0;0;0;0;0;0;0;0;0;0;0;0;0;0;0;0;0
FR;6;2021-01-19;0;0;0;0;0;0;0;0;0;0;0;0;0;0;0;0;0;0
FR;6;2021-01-20;0;0;0;0;0;0;0;0;0;0;0;0;0;0;0;0;0;0
FR;6;2021-01-21;0;0;0;0;0;0;0;0;0;0;0;0;0;0;0;0;0;0
FR;6;2021-01-22;0;0;0;0;0;0;0;0;0;0;0;0;0;0;0;0;0;0
FR;6;2021-01-23;0;0;0;0;0;0;0;0;0;0;0;0;0;0;0;0;0;0
FR;6;2021-01-24;0;0;0;0;0;0;0;0;0;0;0;0;0;0;0;0;0;0
FR;6;2021-01-25;0;0;0;0;0;0;0;0;0;0;0;0;0;0;0;0;0;0
FR;6;2021-01-26;0;0;0;0;0;0;0;0;0;0;0;0;0;0;0;0;0;0
FR;6;2021-01-27;0;0;0;0;0;0;0;0;0;0;0;0;0;0;0;0;0;0
FR;6;2021-01-28;0;0;0;0;0;0;0;0;0;0;0;0;0;0;0;0;0;0
FR;6;2021-01-29;0;0;0;0;0;0;0;0;0;0;0;0;0;0;0;0;0;0
FR;6;2021-01-30;0;0;0;0;0;0;0;0;0;0;0;0;0;0;0;0;0;0
FR;6;2021-01-31;0;0;0;0;0;0;0;0;0;0;0;0;0;0;0;0;0;0
FR;6;2021-02-01;0;0;0;0;0;0;0;0;0;0;0;0;0;0;0;0;0;0
FR;6;2021-02-02;0;0;0;0;0;0;0;0;0;0;0;0;0;0;0;0;0;0
FR;6;2021-02-03;0;0;0;0;0;0;0;0;0;0;0;0;0;0;0;0;0;0
FR;6;2021-02-04;0;0;0;0;0;0;0;0;0;0;0;0;0;0;0;0;0;0
FR;6;2021-02-05;0;0;0;0;0;0;0;0;0;0;0;0;0;0;0;0;0;0
FR;6;2021-02-06;0;0;0;0;0;0;0;0;0;0;0;0;0;0;0;0;0;0
FR;6;2021-02-07;0;0;0;0;0;0;0;0;0;0;0;0;0;0;0;0;0;0
FR;6;2021-02-08;0;0;0;0;0;0;0;0;0;0;0;0;0;0;0;0;0;0
FR;6;2021-02-09;0;0;0;0;0;0;0;0;0;0;0;0;0;0;0;0;0;0
FR;6;2021-02-10;0;0;0;0;0;0;0;0;0;0;0;0;0;0;0;0;0;0
FR;6;2021-02-11;0;0;0;0;0;0;0;0;0;0;0;0;0;0;0;0;0;0
FR;6;2021-02-12;0;0;0;0;0;0;0;0;0;0;0;0;0;0;0;0;0;0
FR;6;2021-02-13;0;0;0;0;0;0;0;0;0;0;0;0;0;0;0;0;0;0
FR;6;2021-02-14;0;0;0;0;0;0;0;0;0;0;0;0;0;0;0;0;0;0
FR;6;2021-02-15;0;0;0;0;0;0;0;0;0;0;0;0;0;0;0;0;0;0
FR;6;2021-02-16;0;0;0;0;0;0;0;0;0;0;0;0;0;0;0;0;0;0
FR;6;2021-02-17;0;0;0;0;0;0;0;0;0;0;0;0;0;0;0;0;0;0
FR;6;2021-02-18;0;0;0;0;0;0;0;0;0;0;0;0;0;0;0;0;0;0
FR;6;2021-02-19;0;0;0;0;0;0;0;0;0;0;0;0;0;0;0;0;0;0
FR;6;2021-02-20;0;0;0;0;0;0;0;0;0;0;0;0;0;0;0;0;0;0
FR;6;2021-02-21;0;0;0;0;0;0;0;0;0;0;0;0;0;0;0;0;0;0
FR;6;2021-02-22;0;0;0;0;0;0;0;0;0;0;0;0;0;0;0;0;0;0
FR;6;2021-02-23;0;0;0;0;0;0;0;0;0;0;0;0;0;0;0;0;0;0
FR;6;2021-02-24;0;0;0;0;0;0;0;0;0;0;0;0;0;0;0;0;0;0
FR;6;2021-02-25;0;0;0;0;0;0;0;0;0;0;0;0;0;0;0;0;0;0
FR;6;2021-02-26;0;0;0;0;0;0;0;0;0;0;0;0;0;0;0;0;0;0
FR;6;2021-02-27;0;0;0;0;0;0;0;0;0;0;0;0;0;0;0;0;0;0
FR;6;2021-02-28;0;0;0;0;0;0;0;0;0;0;0;0;0;0;0;0;0;0
FR;6;2021-03-01;0;0;0;0;0;0;0;0;0;0;0;0;0;0;0;0;0;0
FR;6;2021-03-02;0;0;0;0;0;0;0;0;0;0;0;0;0;0;0;0;0;0
FR;6;2021-03-03;0;0;0;0;0;0;0;0;0;0;0;0;0;0;0;0;0;0
FR;6;2021-03-04;0;0;0;0;0;0;0;0;0;0;0;0;0;0;0;0;0;0
FR;6;2021-03-05;0;0;0;0;0;0;0;0;0;0;0;0;0;0;0;0;0;0
FR;6;2021-03-06;0;0;0;0;0;0;0;0;0;0;0;0;0;0;0;0;0;0
FR;6;2021-03-07;0;0;0;0;0;0;0;0;0;0;0;0;0;0;0;0;0;0
FR;6;2021-03-08;0;0;0;0;0;0;0;0;0;0;0;0;0;0;0;0;0;0
FR;6;2021-03-09;0;0;0;0;0;0;0;0;0;0;0;0;0;0;0;0;0;0
FR;6;2021-03-10;0;0;0;0;0;0;0;0;0;0;0;0;0;0;0;0;0;0
FR;6;2021-03-11;0;0;0;0;0;0;0;0;0;0;0;0;0;0;0;0;0;0
FR;6;2021-03-12;0;0;0;0;0;0;0;0;0;0;0;0;0;0;0;0;0;0
FR;6;2021-03-13;0;0;0;0;0;0;0;0;0;0;0;0;0;0;0;0;0;0
FR;6;2021-03-14;0;0;0;0;0;0;0;0;0;0;0;0;0;0;0;0;0;0
FR;6;2021-03-15;0;0;0;0;0;0;0;0;0;0;0;0;0;0;0;0;0;0
FR;6;2021-03-16;0;0;0;0;0;0;0;0;0;0;0;0;0;0;0;0;0;0
FR;6;2021-03-17;0;0;0;0;0;0;0;0;0;0;0;0;0;0;0;0;0;0
FR;6;2021-03-18;0;0;0;0;0;0;0;0;0;0;0;0;0;0;0;0;0;0
FR;6;2021-03-19;0;0;0;0;0;0;0;0;0;0;0;0;0;0;0;0;0;0
FR;6;2021-03-20;0;0;0;0;0;0;0;0;0;0;0;0;0;0;0;0;0;0
FR;6;2021-03-21;0;0;0;0;0;0;0;0;0;0;0;0;0;0;0;0;0;0
FR;6;2021-03-22;0;0;0;0;0;0;0;0;0;0;0;0;0;0;0;0;0;0
FR;6;2021-03-23;0;0;0;0;0;0;0;0;0;0;0;0;0;0;0;0;0;0
FR;6;2021-03-24;0;0;0;0;0;0;0;0;0;0;0;0;0;0;0;0;0;0
FR;6;2021-03-25;0;0;0;0;0;0;0;0;0;0;0;0;0;0;0;0;0;0
FR;6;2021-03-26;0;0;0;0;0;0;0;0;0;0;0;0;0;0;0;0;0;0
FR;6;2021-03-27;0;0;0;0;0;0;0;0;0;0;0;0;0;0;0;0;0;0
FR;6;2021-03-28;0;0;0;0;0;0;0;0;0;0;0;0;0;0;0;0;0;0
FR;6;2021-03-29;0;0;0;0;0;0;0;0;0;0;0;0;0;0;0;0;0;0
FR;6;2021-03-30;0;0;0;0;0;0;0;0;0;0;0;0;0;0;0;0;0;0
FR;6;2021-03-31;0;0;0;0;0;0;0;0;0;0;0;0;0;0;0;0;0;0
FR;6;2021-04-01;0;0;0;0;0;0;0;0;0;0;0;0;0;0;0;0;0;0
FR;6;2021-04-02;0;0;0;0;0;0;0;0;0;0;0;0;0;0;0;0;0;0
FR;6;2021-04-03;0;0;0;0;0;0;0;0;0;0;0;0;0;0;0;0;0;0
FR;6;2021-04-04;0;0;0;0;0;0;0;0;0;0;0;0;0;0;0;0;0;0
FR;6;2021-04-05;0;0;0;0;0;0;0;0;0;0;0;0;0;0;0;0;0;0
FR;6;2021-04-06;0;0;0;0;0;0;0;0;0;0;0;0;0;0;0;0;0;0
FR;6;2021-04-07;0;0;0;0;0;0;0;0;0;0;0;0;0;0;0;0;0;0
FR;6;2021-04-08;0;0;0;0;0;0;0;0;0;0;0;0;0;0;0;0;0;0
FR;6;2021-04-09;0;0;0;0;0;0;0;0;0;0;0;0;0;0;0;0;0;0
FR;6;2021-04-10;0;0;0;0;0;0;0;0;0;0;0;0;0;0;0;0;0;0
FR;6;2021-04-11;0;0;0;0;0;0;0;0;0;0;0;0;0;0;0;0;0;0
FR;6;2021-04-12;0;0;0;0;0;0;0;0;0;0;0;0;0;0;0;0;0;0
FR;6;2021-04-13;0;0;0;0;0;0;0;0;0;0;0;0;0;0;0;0;0;0
FR;6;2021-04-14;0;0;0;0;0;0;0;0;0;0;0;0;0;0;0;0;0;0
FR;6;2021-04-15;0;0;0;0;0;0;0;0;0;0;0;0;0;0;0;0;0;0
FR;6;2021-04-16;0;0;0;0;0;0;0;0;0;0;0;0;0;0;0;0;0;0
FR;6;2021-04-17;0;0;0;0;0;0;0;0;0;0;0;0;0;0;0;0;0;0
FR;6;2021-04-18;0;0;0;0;0;0;0;0;0;0;0;0;0;0;0;0;0;0
FR;6;2021-04-19;0;0;0;0;0;0;0;0;0;0;0;0;0;0;0;0;0;0
FR;6;2021-04-20;0;0;0;0;0;0;0;0;0;0;0;0;0;0;0;0;0;0
FR;6;2021-04-21;0;0;0;0;0;0;0;0;0;0;0;0;0;0;0;0;0;0
FR;6;2021-04-22;0;0;0;0;0;0;0;0;0;0;0;0;0;0;0;0;0;0
FR;6;2021-04-23;0;0;0;0;0;0;0;0;0;0;0;0;0;0;0;0;0;0
FR;6;2021-04-24;0;0;0;0;0;0;0;0;0;0;0;0;0;0;0;0;0;0
FR;6;2021-04-25;0;0;0;0;0;0;0;0;0;0;0;0;0;0;0;0;0;0
FR;6;2021-04-26;0;0;0;0;0;0;0;0;0;0;0;0;0;0;0;0;0;0
FR;6;2021-04-27;0;0;0;0;0;0;0;0;0;0;0;0;0;0;0;0;0;0
FR;6;2021-04-28;0;0;0;0;0;0;0;0;0;0;0;0;0;0;0;0;0;0
FR;6;2021-04-29;0;0;0;0;0;0;0;0;0;0;0;0;0;0;0;0;0;0
FR;6;2021-04-30;0;0;0;0;0;0;0;0;0;0;0;0;0;0;0;0;0;0
FR;6;2021-05-01;0;0;0;0;0;0;0;0;0;0;0;0;0;0;0;0;0;0
FR;6;2021-05-02;0;0;0;0;0;0;0;0;0;0;0;0;0;0;0;0;0;0
FR;6;2021-05-03;0;0;0;0;0;0;0;0;0;0;0;0;0;0;0;0;0;0
FR;6;2021-05-04;0;0;0;0;0;0;0;0;0;0;0;0;0;0;0;0;0;0
FR;6;2021-05-05;0;0;0;0;0;0;0;0;0;0;0;0;0;0;0;0;0;0
FR;6;2021-05-06;0;0;0;0;0;0;0;0;0;0;0;0;0;0;0;0;0;0
FR;6;2021-05-07;0;0;0;0;0;0;0;0;0;0;0;0;0;0;0;0;0;0
FR;6;2021-05-08;0;0;0;0;0;0;0;0;0;0;0;0;0;0;0;0;0;0
FR;6;2021-05-09;0;0;0;0;0;0;0;0;0;0;0;0;0;0;0;0;0;0
FR;6;2021-05-10;0;0;0;0;0;0;0;0;0;0;0;0;0;0;0;0;0;0
FR;6;2021-05-11;0;0;0;0;0;0;0;0;0;0;0;0;0;0;0;0;0;0
FR;6;2021-05-12;0;0;0;0;0;0;0;0;0;0;0;0;0;0;0;0;0;0
FR;6;2021-05-13;0;0;0;0;0;0;0;0;0;0;0;0;0;0;0;0;0;0
FR;6;2021-05-14;0;0;0;0;0;0;0;0;0;0;0;0;0;0;0;0;0;0
FR;6;2021-05-15;0;0;0;0;0;0;0;0;0;0;0;0;0;0;0;0;0;0
FR;6;2021-05-16;0;0;0;0;0;0;0;0;0;0;0;0;0;0;0;0;0;0
FR;6;2021-05-17;0;0;0;0;0;0;0;0;0;0;0;0;0;0;0;0;0;0
FR;6;2021-05-18;0;0;0;0;0;0;0;0;0;0;0;0;0;0;0;0;0;0
FR;6;2021-05-19;0;0;0;0;0;0;0;0;0;0;0;0;0;0;0;0;0;0
FR;6;2021-05-20;0;0;0;0;0;0;0;0;0;0;0;0;0;0;0;0;0;0
FR;6;2021-05-21;0;0;0;0;0;0;0;0;0;0;0;0;0;0;0;0;0;0
FR;6;2021-05-22;0;0;0;0;0;0;0;0;0;0;0;0;0;0;0;0;0;0
FR;6;2021-05-23;0;0;0;0;0;0;0;0;0;0;0;0;0;0;0;0;0;0
FR;6;2021-05-24;0;0;0;0;0;0;0;0;0;0;0;0;0;0;0;0;0;0
FR;6;2021-05-25;0;0;0;0;0;0;0;0;0;0;0;0;0;0;0;0;0;0
FR;6;2021-05-26;0;0;0;0;0;0;0;0;0;0;0;0;0;0;0;0;0;0
FR;6;2021-05-27;0;0;0;0;0;0;0;0;0;0;0;0;0;0;0;0;0;0
FR;6;2021-05-28;0;0;0;0;0;0;0;0;0;0;0;0;0;0;0;0;0;0
FR;6;2021-05-29;0;0;0;0;0;0;0;0;0;0;0;0;0;0;0;0;0;0
FR;6;2021-05-30;0;0;0;0;0;0;0;0;0;0;0;0;0;0;0;0;0;0
FR;6;2021-05-31;0;0;0;0;0;0;0;0;0;0;0;0;0;0;0;0;0;0
FR;6;2021-06-01;0;0;0;0;0;0;0;0;0;0;0;0;0;0;0;0;0;0
FR;6;2021-06-02;0;0;0;0;0;0;0;0;0;0;0;0;0;0;0;0;0;0
FR;6;2021-06-03;0;0;0;0;0;0;0;0;0;0;0;0;0;0;0;0;0;0
FR;6;2021-06-04;0;0;0;0;0;0;0;0;0;0;0;0;0;0;0;0;0;0
FR;6;2021-06-05;0;0;0;0;0;0;0;0;0;0;0;0;0;0;0;0;0;0
FR;6;2021-06-06;0;0;0;0;0;0;0;0;0;0;0;0;0;0;0;0;0;0
FR;6;2021-06-07;0;0;0;0;0;0;0;0;0;0;0;0;0;0;0;0;0;0
FR;6;2021-06-08;0;0;0;0;0;0;0;0;0;0;0;0;0;0;0;0;0;0
FR;6;2021-06-09;0;0;0;0;0;0;0;0;0;0;0;0;0;0;0;0;0;0
FR;6;2021-06-10;0;0;0;0;0;0;0;0;0;0;0;0;0;0;0;0;0;0
FR;6;2021-06-11;0;0;0;0;0;0;0;0;0;0;0;0;0;0;0;0;0;0
FR;6;2021-06-12;0;0;0;0;0;0;0;0;0;0;0;0;0;0;0;0;0;0
FR;6;2021-06-13;0;0;0;0;0;0;0;0;0;0;0;0;0;0;0;0;0;0
FR;6;2021-06-14;0;0;0;0;0;0;0;0;0;0;0;0;0;0;0;0;0;0
FR;6;2021-06-15;0;0;0;0;0;0;0;0;0;0;0;0;0;0;0;0;0;0
FR;6;2021-06-16;0;0;0;0;0;0;0;0;0;0;0;0;0;0;0;0;0;0
FR;6;2021-06-17;0;0;0;0;0;0;0;0;0;0;0;0;0;0;0;0;0;0
FR;6;2021-06-18;0;0;0;0;0;0;0;0;0;0;0;0;0;0;0;0;0;0
FR;6;2021-06-19;0;0;0;0;0;0;0;0;0;0;0;0;0;0;0;0;0;0
FR;6;2021-06-20;0;0;0;0;0;0;0;0;0;0;0;0;0;0;0;0;0;0
FR;6;2021-06-21;0;0;0;0;0;0;0;0;0;0;0;0;0;0;0;0;0;0
FR;6;2021-06-22;0;0;0;0;0;0;0;0;0;0;0;0;0;0;0;0;0;0
FR;6;2021-06-23;0;0;0;0;0;0;0;0;0;0;0;0;0;0;0;0;0;0
FR;6;2021-06-24;0;0;0;0;0;0;0;0;0;0;0;0;0;0;0;0;0;0
FR;6;2021-06-25;0;0;0;0;0;0;0;0;0;0;0;0;0;0;0;0;0;0
FR;6;2021-06-26;0;0;0;0;0;0;0;0;0;0;0;0;0;0;0;0;0;0
FR;6;2021-06-27;0;0;0;0;0;0;0;0;0;0;0;0;0;0;0;0;0;0
FR;6;2021-06-28;0;0;0;0;0;0;0;0;0;0;0;0;0;0;0;0;0;0
FR;6;2021-06-29;0;0;0;0;0;0;0;0;0;0;0;0;0;0;0;0;0;0
FR;6;2021-06-30;0;0;0;0;0;0;0;0;0;0;0;0;0;0;0;0;0;0
FR;6;2021-07-01;0;0;0;0;0;0;0;0;0;0;0;0;0;0;0;0;0;0
FR;6;2021-07-02;0;0;0;0;0;0;0;0;0;0;0;0;0;0;0;0;0;0
FR;6;2021-07-03;0;0;0;0;0;0;0;0;0;0;0;0;0;0;0;0;0;0
FR;6;2021-07-04;0;0;0;0;0;0;0;0;0;0;0;0;0;0;0;0;0;0
FR;6;2021-07-05;0;0;0;0;0;0;0;0;0;0;0;0;0;0;0;0;0;0
FR;6;2021-07-06;0;0;0;0;0;0;0;0;0;0;0;0;0;0;0;0;0;0
FR;6;2021-07-07;0;0;0;0;0;0;0;0;0;0;0;0;0;0;0;0;0;0
FR;6;2021-07-08;0;0;0;0;0;0;0;0;0;0;0;0;0;0;0;0;0;0
FR;6;2021-07-09;0;0;0;0;0;0;0;0;0;0;0;0;0;0;0;0;0;0
FR;6;2021-07-10;0;0;0;0;0;0;0;0;0;0;0;0;0;0;0;0;0;0
FR;6;2021-07-11;0;0;0;0;0;0;0;0;0;0;0;0;0;0;0;0;0;0
FR;6;2021-07-12;0;0;0;0;0;0;0;0;0;0;0;0;0;0;0;0;0;0
FR;6;2021-07-13;0;0;0;0;0;0;0;0;0;0;0;0;0;0;0;0;0;0
FR;6;2021-07-14;0;0;0;0;0;0;0;0;0;0;0;0;0;0;0;0;0;0
FR;6;2021-07-15;0;0;0;0;0;0;0;0;0;0;0;0;0;0;0;0;0;0
FR;6;2021-07-16;0;0;0;0;0;0;0;0;0;0;0;0;0;0;0;0;0;0
FR;6;2021-07-17;0;0;0;0;0;0;0;0;0;0;0;0;0;0;0;0;0;0
FR;6;2021-07-18;0;0;0;0;0;0;0;0;0;0;0;0;0;0;0;0;0;0
FR;6;2021-07-19;0;0;0;0;0;0;0;0;0;0;0;0;0;0;0;0;0;0
FR;6;2021-07-20;0;0;0;0;0;0;0;0;0;0;0;0;0;0;0;0;0;0
FR;6;2021-07-21;0;0;0;0;0;0;0;0;0;0;0;0;0;0;0;0;0;0
FR;6;2021-07-22;0;0;0;0;0;0;0;0;0;0;0;0;0;0;0;0;0;0
FR;6;2021-07-23;0;0;0;0;0;0;0;0;0;0;0;0;0;0;0;0;0;0
FR;6;2021-07-24;0;0;0;0;0;0;0;0;0;0;0;0;0;0;0;0;0;0
FR;6;2021-07-25;0;0;0;0;0;0;0;0;0;0;0;0;0;0;0;0;0;0
FR;6;2021-07-26;0;0;0;0;0;0;0;0;0;0;0;0;0;0;0;0;0;0
FR;6;2021-07-27;0;0;0;0;0;0;0;0;0;0;0;0;0;0;0;0;0;0
FR;6;2021-07-28;0;0;0;0;0;0;0;0;0;0;0;0;0;0;0;0;0;0
FR;6;2021-07-29;0;0;0;0;0;0;0;0;0;0;0;0;0;0;0;0;0;0
FR;6;2021-07-30;0;0;0;0;0;0;0;0;0;0;0;0;0;0;0;0;0;0
FR;6;2021-07-31;0;0;0;0;0;0;0;0;0;0;0;0;0;0;0;0;0;0
FR;6;2021-08-01;0;0;0;0;0;0;0;0;0;0;0;0;0;0;0;0;0;0
FR;6;2021-08-02;0;0;0;0;0;0;0;0;0;0;0;0;0;0;0;0;0;0
FR;6;2021-08-03;0;0;0;0;0;0;0;0;0;0;0;0;0;0;0;0;0;0
FR;6;2021-08-04;0;0;0;0;0;0;0;0;0;0;0;0;0;0;0;0;0;0
FR;6;2021-08-05;0;0;0;0;0;0;0;0;0;0;0;0;0;0;0;0;0;0
FR;6;2021-08-06;0;0;0;0;0;0;0;0;0;0;0;0;0;0;0;0;0;0
FR;6;2021-08-07;0;0;0;0;0;0;0;0;0;0;0;0;0;0;0;0;0;0
FR;6;2021-08-08;0;0;0;0;0;0;0;0;0;0;0;0;0;0;0;0;0;0
FR;6;2021-08-09;0;0;0;0;0;0;0;0;0;0;0;0;0;0;0;0;0;0
FR;6;2021-08-10;0;0;0;0;0;0;0;0;0;0;0;0;0;0;0;0;0;0
FR;6;2021-08-11;0;0;0;0;0;0;0;0;0;0;0;0;0;0;0;0;0;0
FR;6;2021-08-12;0;0;0;0;0;0;0;0;0;0;0;0;0;0;0;0;0;0
FR;6;2021-08-13;0;0;0;0;0;0;0;0;0;0;0;0;0;0;0;0;0;0
FR;6;2021-08-14;0;0;0;0;0;0;0;0;0;0;0;0;0;0;0;0;0;0
FR;6;2021-08-15;0;0;0;0;0;0;0;0;0;0;0;0;0;0;0;0;0;0
FR;6;2021-08-16;0;0;0;0;0;0;0;0;0;0;0;0;0;0;0;0;0;0
FR;6;2021-08-17;0;0;0;0;0;0;0;0;0;0;0;0;0;0;0;0;0;0
FR;6;2021-08-18;0;0;0;0;0;0;0;0;0;0;0;0;0;0;0;0;0;0
FR;6;2021-08-19;0;0;0;0;0;0;0;0;0;0;0;0;0;0;0;0;0;0
FR;6;2021-08-20;0;0;0;0;0;0;0;0;0;0;0;0;0;0;0;0;0;0
FR;6;2021-08-21;0;0;0;0;0;0;0;0;0;0;0;0;0;0;0;0;0;0
FR;6;2021-08-22;0;0;0;0;0;0;0;0;0;0;0;0;0;0;0;0;0;0
FR;6;2021-08-23;0;0;0;0;0;0;0;0;0;0;0;0;0;0;0;0;0;0
FR;6;2021-08-24;0;0;0;0;0;0;0;0;0;0;0;0;0;0;0;0;0;0
FR;6;2021-08-25;0;0;0;0;0;0;0;0;0;0;0;0;0;0;0;0;0;0
FR;6;2021-08-26;0;0;0;0;0;0;0;0;0;0;0;0;0;0;0;0;0;0
FR;6;2021-08-27;0;0;0;0;0;0;0;0;0;0;0;0;0;0;0;0;0;0
FR;6;2021-08-28;0;0;0;0;0;0;0;0;0;0;0;0;0;0;0;0;0;0
FR;6;2021-08-29;0;0;0;0;0;0;0;0;0;0;0;0;0;0;0;0;0;0
FR;6;2021-08-30;0;0;0;0;0;0;0;0;0;0;0;0;0;0;0;0;0;0
FR;6;2021-08-31;0;0;0;0;0;0;0;0;0;0;0;0;0;0;0;0;0;0
FR;6;2021-09-01;0;0;0;0;0;0;0;0;0;0;0;0;0;0;0;0;0;0
FR;6;2021-09-02;0;0;0;0;0;0;0;0;0;0;0;0;0;0;0;0;0;0
FR;6;2021-09-03;0;0;0;0;0;0;0;0;0;0;0;0;0;0;0;0;0;0
FR;6;2021-09-04;0;0;0;0;0;0;0;0;0;0;0;0;0;0;0;0;0;0
FR;6;2021-09-05;0;0;0;0;0;0;0;0;0;0;0;0;0;0;0;0;0;0
FR;6;2021-09-06;0;0;0;0;0;0;0;0;0;0;0;0;0;0;0;0;0;0
FR;6;2021-09-07;0;0;0;0;0;0;0;0;0;0;0;0;0;0;0;0;0;0
FR;6;2021-09-08;0;0;0;0;0;0;0;0;0;0;0;0;0;0;0;0;0;0
FR;6;2021-09-09;0;0;0;0;0;0;0;0;0;0;0;0;0;0;0;0;0;0
FR;6;2021-09-10;0;0;0;0;0;0;0;0;0;0;0;0;0;0;0;0;0;0
FR;6;2021-09-11;0;0;0;0;0;0;0;0;0;0;0;0;0;0;0;0;0;0
FR;6;2021-09-12;0;0;0;0;0;0;0;0;0;0;0;0;0;0;0;0;0;0
FR;6;2021-09-13;0;0;0;0;0;0;0;0;0;0;0;0;0;0;0;0;0;0
FR;6;2021-09-14;0;0;0;0;0;0;0;0;0;0;0;0;0;0;0;0;0;0
FR;6;2021-09-15;0;0;0;0;0;0;0;0;0;0;0;0;0;0;0;0;0;0
FR;6;2021-09-16;0;0;0;0;0;0;0;0;0;0;0;0;0;0;0;0;0;0
FR;6;2021-09-17;0;0;0;0;0;0;0;0;0;0;0;0;0;0;0;0;0;0
FR;6;2021-09-18;0;0;0;0;0;0;0;0;0;0;0;0;0;0;0;0;0;0
FR;6;2021-09-19;0;0;0;0;0;0;0;0;0;0;0;0;0;0;0;0;0;0
FR;6;2021-09-20;0;0;0;0;0;0;0;0;0;0;0;0;0;0;0;0;0;0
FR;6;2021-09-21;0;0;0;0;0;0;0;0;0;0;0;0;0;0;0;0;0;0
FR;6;2021-09-22;0;0;0;0;0;0;0;0;0;0;0;0;0;0;0;0;0;0
FR;6;2021-09-23;0;0;0;0;0;0;0;0;0;0;0;0;0;0;0;0;0;0
FR;6;2021-09-24;0;0;0;0;0;0;0;0;0;0;0;0;0;0;0;0;0;0
FR;6;2021-09-25;0;0;0;0;0;0;0;0;0;0;0;0;0;0;0;0;0;0
FR;6;2021-09-26;0;0;0;0;0;0;0;0;0;0;0;0;0;0;0;0;0;0
FR;6;2021-09-27;0;0;0;0;0;0;0;0;0;0;0;0;0;0;0;0;0;0
FR;6;2021-09-28;0;0;0;0;0;0;0;0;0;0;0;0;0;0;0;0;0;0
FR;6;2021-09-29;0;0;0;0;0;0;0;0;0;0;0;0;0;0;0;0;0;0
FR;6;2021-09-30;0;0;0;0;0;0;0;0;0;0;0;0;0;0;0;0;0;0
FR;6;2021-10-01;0;0;0;0;0;0;0;0;0;0;0;0;0;0;0;0;0;0
FR;6;2021-10-02;0;0;0;0;0;0;0;0;0;0;0;0;0;0;0;0;0;0
FR;6;2021-10-03;0;0;0;0;0;0;0;0;0;0;0;0;0;0;0;0;0;0
FR;6;2021-10-04;0;0;0;0;0;0;0;0;0;0;0;0;0;0;0;0;0;0
FR;6;2021-10-05;0;0;0;0;0;0;0;0;0;0;0;0;0;0;0;0;0;0
FR;6;2021-10-06;0;0;0;0;0;0;0;0;0;0;0;0;0;0;0;0;0;0
FR;6;2021-10-07;0;0;0;0;0;0;0;0;0;0;0;0;0;0;0;0;0;0
FR;6;2021-10-08;0;0;0;0;0;0;0;0;0;0;0;0;0;0;0;0;0;0
FR;6;2021-10-09;0;0;0;0;0;0;0;0;0;0;0;0;0;0;0;0;0;0
FR;6;2021-10-10;0;0;0;0;0;0;0;0;0;0;0;0;0;0;0;0;0;0
FR;6;2021-10-11;0;0;0;0;0;0;0;0;0;0;0;0;0;0;0;0;0;0
FR;6;2021-10-12;0;0;0;0;0;0;0;0;0;0;0;0;0;0;0;0;0;0
FR;6;2021-10-13;0;0;0;0;0;0;0;0;0;0;0;0;0;0;0;0;0;0
FR;6;2021-10-14;0;0;0;0;0;0;0;0;0;0;0;0;0;0;0;0;0;0
FR;6;2021-10-15;0;0;0;0;0;0;0;0;0;0;0;0;0;0;0;0;0;0
FR;6;2021-10-16;0;0;0;0;0;0;0;0;0;0;0;0;0;0;0;0;0;0
FR;6;2021-10-17;0;0;0;0;0;0;0;0;0;0;0;0;0;0;0;0;0;0
FR;6;2021-10-18;0;0;0;0;0;0;0;0;0;0;0;0;0;0;0;0;0;0
FR;6;2021-10-19;0;0;0;0;0;0;0;0;0;0;0;0;0;0;0;0;0;0
FR;6;2021-10-20;0;0;0;0;0;0;0;0;0;0;0;0;0;0;0;0;0;0
FR;6;2021-10-21;0;0;0;0;0;0;0;0;0;0;0;0;0;0;0;0;0;0
FR;6;2021-10-22;0;0;0;0;0;0;0;0;0;0;0;0;0;0;0;0;0;0
FR;6;2021-10-23;0;0;0;0;0;0;0;0;0;0;0;0;0;0;0;0;0;0
FR;6;2021-10-24;0;0;0;0;0;0;0;0;0;0;0;0;0;0;0;0;0;0
FR;6;2021-10-25;0;0;0;0;0;0;0;0;0;0;0;0;0;0;0;0;0;0
FR;6;2021-10-26;0;0;0;0;0;0;0;0;0;0;0;0;0;0;0;0;0;0
FR;6;2021-10-27;0;0;0;0;0;0;0;0;0;0;0;0;0;0;0;0;0;0
FR;6;2021-10-28;0;0;0;0;0;0;0;0;0;0;0;0;0;0;0;0;0;0
FR;6;2021-10-29;0;0;0;0;0;0;0;0;0;0;0;0;0;0;0;0;0;0
FR;6;2021-10-30;0;0;0;0;0;0;0;0;0;0;0;0;0;0;0;0;0;0
FR;6;2021-10-31;0;0;0;0;0;0;0;0;0;0;0;0;0;0;0;0;0;0
FR;6;2021-11-01;0;0;0;0;0;0;0;0;0;0;0;0;0;0;0;0;0;0
FR;6;2021-11-02;0;0;0;0;0;0;0;0;0;0;0;0;0;0;0;0;0;0
FR;6;2021-11-03;0;0;0;0;0;0;0;0;0;0;0;0;0;0;0;0;0;0
FR;6;2021-11-04;0;0;0;0;0;0;0;0;0;0;0;0;0;0;0;0;0;0
FR;6;2021-11-05;0;0;0;0;0;0;0;0;0;0;0;0;0;0;0;0;0;0
FR;6;2021-11-06;0;0;0;0;0;0;0;0;0;0;0;0;0;0;0;0;0;0
FR;6;2021-11-07;0;0;0;0;0;0;0;0;0;0;0;0;0;0;0;0;0;0
FR;6;2021-11-08;0;0;0;0;0;0;0;0;0;0;0;0;0;0;0;0;0;0
FR;6;2021-11-09;0;0;0;0;0;0;0;0;0;0;0;0;0;0;0;0;0;0
FR;6;2021-11-10;0;0;0;0;0;0;0;0;0;0;0;0;0;0;0;0;0;0
FR;6;2021-11-11;0;0;0;0;0;0;0;0;0;0;0;0;0;0;0;0;0;0
FR;6;2021-11-12;0;0;0;0;0;0;0;0;0;0;0;0;0;0;0;0;0;0
FR;6;2021-11-13;0;0;0;0;0;0;0;0;0;0;0;0;0;0;0;0;0;0
FR;6;2021-11-14;0;0;0;0;0;0;0;0;0;0;0;0;0;0;0;0;0;0
FR;6;2021-11-15;0;0;0;0;0;0;0;0;0;0;0;0;0;0;0;0;0;0
FR;6;2021-11-16;0;0;0;0;0;0;0;0;0;0;0;0;0;0;0;0;0;0
FR;6;2021-11-17;0;0;0;0;0;0;0;0;0;0;0;0;0;0;0;0;0;0
FR;6;2021-11-18;0;0;0;0;0;0;0;0;0;0;0;0;0;0;0;0;0;0
FR;6;2021-11-19;0;0;0;0;0;0;0;0;0;0;0;0;0;0;0;0;0;0
FR;6;2021-11-20;0;0;0;0;0;0;0;0;0;0;0;0;0;0;0;0;0;0
FR;6;2021-11-21;0;0;0;0;0;0;0;0;0;0;0;0;0;0;0;0;0;0
FR;6;2021-11-22;0;0;0;0;0;0;0;0;0;0;0;0;0;0;0;0;0;0
FR;6;2021-11-23;0;0;0;0;0;0;0;0;0;0;0;0;0;0;0;0;0;0
FR;6;2021-11-24;0;0;0;0;0;0;0;0;0;0;0;0;0;0;0;0;0;0
FR;6;2021-11-25;0;0;0;0;0;0;0;0;0;0;0;0;0;0;0;0;0;0
FR;6;2021-11-26;0;0;0;0;0;0;0;0;0;0;0;0;0;0;0;0;0;0
FR;6;2021-11-27;0;0;0;0;0;0;0;0;0;0;0;0;0;0;0;0;0;0
FR;6;2021-11-28;0;0;0;0;0;0;0;0;0;0;0;0;0;0;0;0;0;0
FR;6;2021-11-29;0;0;0;0;0;0;0;0;0;0;0;0;0;0;0;0;0;0
FR;6;2021-11-30;0;0;0;0;0;0;0;0;0;0;0;0;0;0;0;0;0;0
FR;6;2021-12-01;0;0;0;0;0;0;0;0;0;0;0;0;0;0;0;0;0;0
FR;6;2021-12-02;0;0;0;0;0;0;0;0;0;0;0;0;0;0;0;0;0;0
FR;6;2021-12-03;0;0;0;0;0;0;0;0;0;0;0;0;0;0;0;0;0;0
FR;6;2021-12-04;0;0;0;0;0;0;0;0;0;0;0;0;0;0;0;0;0;0
FR;6;2021-12-05;0;0;0;0;0;0;0;0;0;0;0;0;0;0;0;0;0;0
FR;6;2021-12-06;0;0;0;0;0;0;0;0;0;0;0;0;0;0;0;0;0;0
FR;6;2021-12-07;0;0;0;0;0;0;0;0;0;0;0;0;0;0;0;0;0;0
FR;6;2021-12-08;0;0;0;0;0;0;0;0;0;0;0;0;0;0;0;0;0;0
FR;6;2021-12-09;0;0;0;0;0;0;0;0;0;0;0;0;0;0;0;0;0;0
FR;6;2021-12-10;0;0;0;0;0;0;0;0;0;0;0;0;0;0;0;0;0;0
FR;6;2021-12-11;0;0;0;0;0;0;0;0;0;0;0;0;0;0;0;0;0;0
FR;6;2021-12-12;0;0;0;0;0;0;0;0;0;0;0;0;0;0;0;0;0;0
FR;6;2021-12-13;0;0;0;0;0;0;0;0;0;0;0;0;0;0;0;0;0;0
FR;6;2021-12-14;0;0;0;0;0;0;0;0;0;0;0;0;0;0;0;0;0;0
FR;6;2021-12-15;0;0;0;0;0;0;0;0;0;0;0;0;0;0;0;0;0;0
FR;6;2021-12-16;0;0;0;0;0;0;0;0;0;0;0;0;0;0;0;0;0;0
FR;6;2021-12-17;0;0;0;0;0;0;0;0;0;0;0;0;0;0;0;0;0;0
FR;6;2021-12-18;0;0;0;0;0;0;0;0;0;0;0;0;0;0;0;0;0;0
FR;6;2021-12-19;0;0;0;0;0;0;0;0;0;0;0;0;0;0;0;0;0;0
FR;6;2021-12-20;0;0;0;0;0;0;0;0;0;0;0;0;0;0;0;0;0;0
FR;6;2021-12-21;0;0;0;0;0;0;0;0;0;0;0;0;0;0;0;0;0;0
FR;6;2021-12-22;0;0;0;0;0;0;0;0;0;0;0;0;0;0;0;0;0;0
FR;6;2021-12-23;0;0;0;0;0;0;0;0;0;0;0;0;0;0;0;0;0;0
FR;6;2021-12-24;0;0;0;0;0;0;0;0;0;0;0;0;0;0;0;0;0;0
FR;6;2021-12-25;0;0;0;0;0;0;0;0;0;0;0;0;0;0;0;0;0;0
FR;6;2021-12-26;0;0;0;0;0;0;0;0;0;0;0;0;0;0;0;0;0;0
FR;6;2021-12-27;0;0;0;0;0;0;0;0;0;0;0;0;0;0;0;0;0;0
FR;6;2021-12-28;0;0;0;0;0;0;0;0;0;0;0;0;0;0;0;0;0;0
FR;6;2021-12-29;0;0;0;0;0;0;0;0;0;0;0;0;0;0;0;0;0;0
FR;6;2021-12-30;0;0;0;0;0;0;0;0;0;0;0;0;0;0;0;0;0;0
FR;6;2021-12-31;0;0;0;0;0;0;0;0;0;0;0;0;0;0;0;0;0;0
FR;6;2022-01-01;0;0;0;0;0;0;0;0;0;0;0;0;0;0;0;0;0;0
FR;6;2022-01-02;0;0;0;0;0;0;0;0;0;0;0;0;0;0;0;0;0;0
FR;6;2022-01-03;0;0;0;0;0;0;0;0;0;0;0;0;0;0;0;0;0;0
FR;6;2022-01-04;0;0;0;0;0;0;0;0;0;0;0;0;0;0;0;0;0;0
FR;6;2022-01-05;0;0;0;0;0;0;0;0;0;0;0;0;0;0;0;0;0;0
FR;6;2022-01-06;0;0;0;0;0;0;0;0;0;0;0;0;0;0;0;0;0;0
FR;6;2022-01-07;0;0;0;0;0;0;0;0;0;0;0;0;0;0;0;0;0;0
FR;6;2022-01-08;0;0;0;0;0;0;0;0;0;0;0;0;0;0;0;0;0;0
FR;6;2022-01-09;0;0;0;0;0;0;0;0;0;0;0;0;0;0;0;0;0;0
FR;6;2022-01-10;0;0;0;0;0;0;0;0;0;0;0;0;0;0;0;0;0;0
FR;6;2022-01-11;0;0;0;0;0;0;0;0;0;0;0;0;0;0;0;0;0;0
FR;6;2022-01-12;0;0;0;0;0;0;0;0;0;0;0;0;0;0;0;0;0;0
FR;6;2022-01-13;0;0;0;0;0;0;0;0;0;0;0;0;0;0;0;0;0;0
FR;6;2022-01-14;0;0;0;0;0;0;0;0;0;0;0;0;0;0;0;0;0;0
FR;6;2022-01-15;0;0;0;0;0;0;0;0;0;0;0;0;0;0;0;0;0;0
FR;6;2022-01-16;0;0;0;0;0;0;0;0;0;0;0;0;0;0;0;0;0;0
FR;6;2022-01-17;0;0;0;0;0;0;0;0;0;0;0;0;0;0;0;0;0;0
FR;6;2022-01-18;0;0;0;0;0;0;0;0;0;0;0;0;0;0;0;0;0;0
FR;6;2022-01-19;0;0;0;0;0;0;0;0;0;0;0;0;0;0;0;0;0;0
FR;6;2022-01-20;0;0;0;0;0;0;0;0;0;0;0;0;0;0;0;0;0;0
FR;6;2022-01-21;0;0;0;0;0;0;0;0;0;0;0;0;0;0;0;0;0;0
FR;6;2022-01-22;0;0;0;0;0;0;0;0;0;0;0;0;0;0;0;0;0;0
FR;6;2022-01-23;0;0;0;0;0;0;0;0;0;0;0;0;0;0;0;0;0;0
FR;6;2022-01-24;0;0;0;0;0;0;0;0;0;0;0;0;0;0;0;0;0;0
FR;6;2022-01-25;0;0;0;0;0;0;0;0;0;0;0;0;0;0;0;0;0;0
FR;6;2022-01-26;0;0;0;0;0;0;0;0;0;0;0;0;0;0;0;0;0;0
FR;6;2022-01-27;0;0;0;0;0;0;0;0;0;0;0;0;0;0;0;0;0;0
FR;6;2022-01-28;0;0;0;0;0;0;0;0;0;0;0;0;0;0;0;0;0;0
FR;6;2022-01-29;0;0;0;0;0;0;0;0;0;0;0;0;0;0;0;0;0;0
FR;6;2022-01-30;0;0;0;0;0;0;0;0;0;0;0;0;0;0;0;0;0;0
FR;6;2022-01-31;0;0;0;0;0;0;0;0;0;0;0;0;0;0;0;0;0;0
FR;6;2022-02-01;0;0;0;0;0;0;0;0;0;0;0;0;0;0;0;0;0;0
FR;6;2022-02-02;0;0;0;0;0;0;0;0;0;0;0;0;0;0;0;0;0;0
FR;6;2022-02-03;0;0;0;0;0;0;0;0;0;0;0;0;0;0;0;0;0;0
FR;6;2022-02-04;0;0;0;0;0;0;0;0;0;0;0;0;0;0;0;0;0;0
FR;6;2022-02-05;0;0;0;0;0;0;0;0;0;0;0;0;0;0;0;0;0;0
FR;6;2022-02-06;0;0;0;0;0;0;0;0;0;0;0;0;0;0;0;0;0;0
FR;6;2022-02-07;0;0;0;0;0;0;0;0;0;0;0;0;0;0;0;0;0;0
FR;6;2022-02-08;0;0;0;0;0;0;0;0;0;0;0;0;0;0;0;0;0;0
FR;6;2022-02-09;0;0;0;0;0;0;0;0;0;0;0;0;0;0;0;0;0;0
FR;6;2022-02-10;0;0;0;0;0;0;0;0;0;0;0;0;0;0;0;0;0;0
FR;6;2022-02-11;0;0;0;0;0;0;0;0;0;0;0;0;0;0;0;0;0;0
FR;6;2022-02-12;0;0;0;0;0;0;0;0;0;0;0;0;0;0;0;0;0;0
FR;6;2022-02-13;0;0;0;0;0;0;0;0;0;0;0;0;0;0;0;0;0;0
FR;6;2022-02-14;0;0;0;0;0;0;0;0;0;0;0;0;0;0;0;0;0;0
FR;6;2022-02-15;0;0;0;0;0;0;0;0;0;0;0;0;0;0;0;0;0;0
FR;6;2022-02-16;0;0;0;0;0;0;0;0;0;0;0;0;0;0;0;0;0;0
FR;6;2022-02-17;0;0;0;0;0;0;0;0;0;0;0;0;0;0;0;0;0;0
FR;6;2022-02-18;0;0;0;0;0;0;0;0;0;0;0;0;0;0;0;0;0;0
FR;6;2022-02-19;0;0;0;0;0;0;0;0;0;0;0;0;0;0;0;0;0;0
FR;6;2022-02-20;0;0;0;0;0;0;0;0;0;0;0;0;0;0;0;0;0;0
FR;6;2022-02-21;0;0;0;0;0;0;0;0;0;0;0;0;0;0;0;0;0;0
FR;6;2022-02-22;0;0;0;0;0;0;0;0;0;0;0;0;0;0;0;0;0;0
FR;6;2022-02-23;0;0;0;0;0;0;0;0;0;0;0;0;0;0;0;0;0;0
FR;6;2022-02-24;0;0;0;0;0;0;0;0;0;0;0;0;0;0;0;0;0;0
FR;6;2022-02-25;0;0;0;0;0;0;0;0;0;0;0;0;0;0;0;0;0;0
FR;6;2022-02-26;1;0;0;0;0;0;0;0;0;1;0;0;0;0;0;0;0;0
FR;6;2022-02-27;0;0;0;0;0;0;0;0;0;1;0;0;0;0;0;0;0;0
FR;6;2022-02-28;0;0;0;0;0;0;0;0;0;1;0;0;0;0;0;0;0;0
FR;6;2022-03-01;3;0;0;0;0;0;0;0;0;4;0;0;0;0;0;0;0;0
FR;6;2022-03-02;97;9;2;0;15;7;0;0;0;101;9;2;0;15;7;0;0;0
FR;6;2022-03-03;0;0;0;0;0;0;0;0;0;101;9;2;0;15;7;0;0;0
FR;6;2022-03-04;92;4;0;0;8;4;0;0;0;193;13;2;0;23;11;0;0;0
FR;6;2022-03-05;391;23;2;0;59;14;0;0;0;584;36;4;0;82;25;0;0;0
FR;6;2022-03-06;7;1;0;0;2;0;0;0;0;591;37;4;0;84;25;0;0;0
FR;6;2022-03-07;337;19;0;0;51;13;0;0;0;928;56;4;0;135;38;0;0;0
FR;6;2022-03-08;230;14;0;0;47;5;0;0;0;1158;70;4;0;182;43;0;0;0
FR;6;2022-03-09;519;29;2;0;83;21;1;0;0;1677;99;6;0;265;64;1;0;0
FR;6;2022-03-10;206;19;0;1;54;12;1;0;0;1883;118;6;1;319;76;2;0;0
FR;6;2022-03-11;331;22;6;0;53;21;0;0;0;2214;140;12;1;372;97;2;0;0
FR;6;2022-03-12;518;25;1;0;83;20;0;0;0;2732;165;13;1;455;117;2;0;0
FR;6;2022-03-13;40;2;0;0;2;1;0;0;0;2772;167;13;1;457;118;2;0;0
FR;6;2022-03-14;201;4;2;0;39;3;1;0;0;2973;171;15;1;496;121;3;0;0
FR;6;2022-03-15;112;11;2;0;29;9;0;0;0;3085;182;17;1;525;130;3;0;0
FR;6;2022-03-16;310;17;1;1;49;14;1;0;0;3395;199;18;2;574;144;4;0;0
FR;6;2022-03-17;117;6;1;2;14;4;2;0;0;3512;205;19;4;588;148;6;0;0
FR;6;2022-03-18;215;10;0;0;40;6;0;0;0;3727;215;19;4;628;154;6;0;0
FR;6;2022-03-19;307;19;2;0;89;9;0;0;0;4034;234;21;4;717;163;6;0;0
FR;6;2022-03-20;15;5;0;0;5;1;0;0;0;4049;239;21;4;722;164;6;0;0
FR;6;2022-03-21;132;23;1;0;47;4;0;0;0;4181;262;22;4;769;168;6;0;0
FR;6;2022-03-22;97;15;0;0;34;4;0;0;0;4278;277;22;4;803;172;6;0;0
FR;6;2022-03-23;226;108;3;0;154;14;1;0;0;4504;385;25;4;957;186;7;0;0
FR;6;2022-03-24;100;15;1;3;32;4;3;0;0;4604;400;26;7;989;190;10;0;0
FR;6;2022-03-25;203;141;2;1;177;15;2;0;0;4807;541;28;8;1166;205;12;0;0
FR;6;2022-03-26;331;295;7;1;382;19;1;0;0;5138;836;35;9;1548;224;13;0;0
FR;6;2022-03-27;32;30;1;0;37;1;1;0;0;5170;866;36;9;1585;225;14;0;0
FR;6;2022-03-28;201;208;8;1;234;17;3;0;0;5371;1074;44;10;1819;242;17;0;0
FR;6;2022-03-29;124;189;12;2;206;12;9;0;0;5495;1263;56;12;2025;254;26;0;0
FR;6;2022-03-30;305;476;10;2;548;22;6;0;0;5800;1739;66;14;2573;276;32;0;0
FR;6;2022-03-31;123;140;10;0;160;14;5;0;0;5923;1879;76;14;2733;290;37;0;0
FR;6;2022-04-01;195;150;11;2;178;23;3;0;0;6118;2029;87;16;2911;313;40;0;0
FR;6;2022-04-02;206;241;9;1;280;13;8;0;0;6324;2270;96;17;3191;326;48;0;0
FR;6;2022-04-03;17;21;0;0;26;1;0;0;0;6341;2291;96;17;3217;327;48;0;0
FR;6;2022-04-04;137;114;6;1;131;9;5;0;0;6478;2405;102;18;3348;336;53;0;0
FR;6;2022-04-05;146;88;15;1;105;11;8;0;0;6624;2493;117;19;3453;347;61;0;0
FR;6;2022-04-06;204;245;22;26;291;27;33;0;0;6828;2738;139;45;3744;374;94;0;0
FR;6;2022-04-07;127;96;15;9;115;17;14;0;0;6955;2834;154;54;3859;391;108;0;0
FR;6;2022-04-08;199;171;16;3;214;17;9;0;1;7154;3005;170;57;4073;408;117;0;1
FR;6;2022-04-09;145;139;6;12;171;13;4;0;0;7299;3144;176;69;4244;421;121;0;1
FR;6;2022-04-10;10;20;3;0;25;1;3;0;0;7309;3164;179;69;4269;422;124;0;1
FR;6;2022-04-11;101;106;4;0;128;5;3;0;0;7410;3270;183;69;4397;427;127;0;1
FR;6;2022-04-12;136;75;5;8;114;10;10;0;0;7546;3345;188;77;4511;437;137;0;1
FR;6;2022-04-13;162;175;7;5;208;13;8;0;0;7708;3520;195;82;4719;450;145;0;1
FR;6;2022-04-14;100;103;5;10;121;8;10;0;0;7808;3623;200;92;4840;458;155;0;1
FR;6;2022-04-15;158;149;11;7;167;19;14;0;1;7966;3772;211;99;5007;477;169;0;2
FR;6;2022-04-16;127;132;5;0;162;14;2;0;0;8093;3904;216;99;5169;491;171;0;2
FR;6;2022-04-17;8;9;4;0;10;4;0;0;0;8101;3913;220;99;5179;495;171;0;2
FR;6;2022-04-18;8;15;3;0;15;4;0;0;0;8109;3928;223;99;5194;499;171;0;2
FR;6;2022-04-19;97;112;4;3;130;3;7;0;0;8206;4040;227;102;5324;502;178;0;2
FR;6;2022-04-20;178;227;8;7;269;15;3;0;0;8384;4267;235;109;5593;517;181;0;2
FR;6;2022-04-21;111;93;8;4;110;11;7;0;0;8495;4360;243;113;5703;528;188;0;2
FR;6;2022-04-22;138;160;13;12;190;13;13;0;0;8633;4520;256;125;5893;541;201;0;2
FR;6;2022-04-23;106;129;1;1;161;7;1;0;0;8739;4649;257;126;6054;548;202;0;2
FR;6;2022-04-24;5;21;1;0;22;0;1;0;0;8744;4670;258;126;6076;548;203;0;2
FR;6;2022-04-25;91;128;3;8;151;11;9;0;0;8835;4798;261;134;6227;559;212;0;2
FR;6;2022-04-26;101;128;19;2;152;17;13;0;0;8936;4926;280;136;6379;576;225;0;2
FR;6;2022-04-27;197;159;21;1;222;27;11;0;1;9133;5085;301;137;6601;603;236;0;3
FR;6;2022-04-28;109;87;7;1;123;8;7;0;0;9242;5172;308;138;6724;611;243;0;3
FR;6;2022-04-29;191;169;16;2;215;20;6;0;0;9433;5341;324;140;6939;631;249;0;3
FR;6;2022-04-30;133;125;7;1;168;24;2;0;0;9566;5466;331;141;7107;655;251;0;3
FR;6;2022-05-01;7;6;0;0;8;0;0;0;0;9573;5472;331;141;7115;655;251;0;3
FR;6;2022-05-02;94;65;3;4;88;3;4;0;0;9667;5537;334;145;7203;658;255;0;3
FR;6;2022-05-03;136;93;11;2;125;7;9;0;0;9803;5630;345;147;7328;665;264;0;3
FR;6;2022-05-04;167;118;25;12;161;29;12;0;1;9970;5748;370;159;7489;694;276;0;4
FR;6;2022-05-05;101;70;8;3;96;12;6;0;0;10071;5818;378;162;7585;706;282;0;4
FR;6;2022-05-06;152;110;10;9;155;16;11;0;0;10223;5928;388;171;7740;722;293;0;4
FR;6;2022-05-07;139;93;13;3;136;23;8;0;0;10362;6021;401;174;7876;745;301;0;4
FR;6;2022-05-08;20;8;6;5;16;7;5;0;0;10382;6029;407;179;7892;752;306;0;4
FR;6;2022-05-09;86;78;9;7;95;13;6;0;0;10468;6107;416;186;7987;765;312;0;4
FR;6;2022-05-10;112;80;15;7;110;12;13;0;0;10580;6187;431;193;8097;777;325;0;4
FR;6;2022-05-11;130;124;11;14;163;20;6;0;0;10710;6311;442;207;8260;797;331;0;4
FR;6;2022-05-12;105;76;7;5;96;15;6;0;1;10815;6387;449;212;8356;812;337;0;5
FR;6;2022-05-13;155;97;17;21;137;22;16;0;0;10970;6484;466;233;8493;834;353;0;5
FR;6;2022-05-14;81;60;6;7;84;15;2;0;0;11051;6544;472;240;8577;849;355;0;5
FR;6;2022-05-15;12;7;0;0;14;0;0;0;0;11063;6551;472;240;8591;849;355;0;5
FR;6;2022-05-16;65;54;6;2;69;12;3;0;0;11128;6605;478;242;8660;861;358;0;5
FR;6;2022-05-17;123;77;5;7;92;11;8;0;0;11251;6682;483;249;8752;872;366;0;5
FR;6;2022-05-18;131;116;5;1;159;13;3;0;0;11382;6798;488;250;8911;885;369;0;5
FR;6;2022-05-19;124;57;6;8;96;9;8;0;0;11506;6855;494;258;9007;894;377;0;5
FR;6;2022-05-20;125;115;13;3;151;18;10;0;0;11631;6970;507;261;9158;912;387;0;5
FR;6;2022-05-21;92;69;14;3;93;12;8;0;0;11723;7039;521;264;9251;924;395;0;5
FR;6;2022-05-22;19;12;5;0;21;4;1;0;0;11742;7051;526;264;9272;928;396;0;5
FR;6;2022-05-23;77;72;4;2;90;7;2;0;0;11819;7123;530;266;9362;935;398;0;5
FR;6;2022-05-24;117;98;8;2;132;16;4;0;0;11936;7221;538;268;9494;951;402;0;5
FR;6;2022-05-25;139;129;6;3;170;11;6;0;0;12075;7350;544;271;9664;962;408;0;5
FR;6;2022-05-26;7;9;3;0;5;9;0;0;0;12082;7359;547;271;9669;971;408;0;5
FR;6;2022-05-27;127;105;15;11;136;18;18;0;1;12209;7464;562;282;9805;989;426;0;6
FR;6;2022-05-28;53;75;1;5;89;8;5;0;0;12262;7539;563;287;9894;997;431;0;6
FR;6;2022-05-29;8;10;0;0;10;1;0;0;0;12270;7549;563;287;9904;998;431;0;6
FR;6;2022-05-30;70;70;7;4;86;4;9;0;0;12340;7619;570;291;9990;1002;440;0;6
FR;6;2022-05-31;87;102;10;2;121;14;7;0;0;12427;7721;580;293;10111;1016;447;0;6
FR;6;2022-06-01;97;89;10;1;111;11;6;0;0;12524;7810;590;294;10222;1027;453;0;6
FR;6;2022-06-02;91;60;6;3;80;9;6;0;0;12615;7870;596;297;10302;1036;459;0;6
FR;6;2022-06-03;126;102;13;7;129;21;8;0;0;12741;7972;609;304;10431;1057;467;0;6
FR;6;2022-06-04;63;51;10;0;64;12;3;0;0;12804;8023;619;304;10495;1069;470;0;6
FR;6;2022-06-05;16;15;2;1;18;4;1;0;0;12820;8038;621;305;10513;1073;471;0;6
FR;6;2022-06-06;9;6;0;0;8;0;0;0;0;12829;8044;621;305;10521;1073;471;0;6
FR;6;2022-06-07;79;90;3;4;117;8;6;0;0;12908;8134;624;309;10638;1081;477;0;6
FR;6;2022-06-08;92;110;13;5;130;20;6;0;0;13000;8244;637;314;10768;1101;483;0;6
FR;6;2022-06-09;75;81;15;3;106;15;8;0;0;13075;8325;652;317;10874;1116;491;0;6
FR;6;2022-06-10;116;93;26;10;121;22;13;0;0;13191;8418;678;327;10995;1138;504;0;6
FR;6;2022-06-11;83;62;6;10;82;12;11;0;0;13274;8480;684;337;11077;1150;515;0;6
FR;6;2022-06-12;6;14;1;0;16;2;0;0;0;13280;8494;685;337;11093;1152;515;0;6
FR;6;2022-06-13;74;59;18;1;68;7;4;0;0;13354;8553;703;338;11161;1159;519;0;6
FR;6;2022-06-14;98;100;8;5;116;16;8;0;0;13452;8653;711;343;11277;1175;527;0;6
FR;6;2022-06-15;80;86;7;8;114;15;10;0;0;13532;8739;718;351;11391;1190;537;0;6
FR;6;2022-06-16;53;40;11;7;45;14;6;0;0;13585;8779;729;358;11436;1204;543;0;6
FR;6;2022-06-17;86;85;3;13;109;11;5;0;0;13671;8864;732;371;11545;1215;548;0;6
FR;6;2022-06-18;71;61;13;0;86;21;1;0;0;13742;8925;745;371;11631;1236;549;0;6
FR;6;2022-06-19;6;6;3;0;7;4;1;0;0;13748;8931;748;371;11638;1240;550;0;6
FR;6;2022-06-20;42;41;4;1;55;6;1;0;0;13790;8972;752;372;11693;1246;551;0;6
FR;6;2022-06-21;59;73;10;7;82;17;7;0;0;13849;9045;762;379;11775;1263;558;0;6
FR;6;2022-06-22;86;85;8;2;98;17;3;0;0;13935;9130;770;381;11873;1280;561;0;6
FR;6;2022-06-23;64;39;13;7;41;15;10;0;0;13999;9169;783;388;11914;1295;571;0;6
FR;6;2022-06-24;77;85;7;14;95;20;16;0;0;14076;9254;790;402;12009;1315;587;0;6
FR;6;2022-06-25;67;61;4;3;77;8;5;0;0;14143;9315;794;405;12086;1323;592;0;6
FR;6;2022-06-26;6;7;1;0;10;1;0;0;0;14149;9322;795;405;12096;1324;592;0;6
FR;6;2022-06-27;51;50;4;9;62;12;7;0;0;14200;9372;799;414;12158;1336;599;0;6
FR;6;2022-06-28;68;47;6;3;53;15;5;0;0;14268;9419;805;417;12211;1351;604;0;6
FR;6;2022-06-29;98;117;26;37;115;19;35;0;5;14366;9536;831;454;12326;1370;639;0;11
FR;6;2022-06-30;84;60;33;10;61;12;7;0;0;14450;9596;864;464;12387;1382;646;0;11
FR;6;2022-07-01;115;94;25;33;102;18;27;0;1;14565;9690;889;497;12489;1400;673;0;12
FR;6;2022-07-02;58;67;26;2;64;37;6;0;0;14623;9757;915;499;12553;1437;679;0;12
FR;6;2022-07-03;11;4;4;3;5;4;3;0;0;14634;9761;919;502;12558;1441;682;0;12
FR;6;2022-07-04;61;43;3;23;55;13;20;0;0;14695;9804;922;525;12613;1454;702;0;12
FR;6;2022-07-05;65;53;19;67;60;27;63;0;0;14760;9857;941;592;12673;1481;765;0;12
FR;6;2022-07-06;94;64;7;11;77;12;17;0;0;14854;9921;948;603;12750;1493;782;0;12
FR;6;2022-07-07;99;79;42;37;99;14;34;0;4;14953;10000;990;640;12849;1507;816;0;16
FR;6;2022-07-08;139;87;42;27;116;10;25;0;3;15092;10087;1032;667;12965;1517;841;0;19
FR;6;2022-07-09;53;51;16;29;51;27;33;0;1;15145;10138;1048;696;13016;1544;874;0;20
FR;6;2022-07-10;3;7;8;0;9;9;0;0;0;15148;10145;1056;696;13025;1553;874;0;20
FR;6;2022-07-11;54;44;5;4;47;12;4;0;0;15202;10189;1061;700;13072;1565;878;0;20
FR;6;2022-07-12;70;72;12;23;87;12;27;0;0;15272;10261;1073;723;13159;1577;905;0;20
FR;6;2022-07-13;84;65;14;21;71;25;22;0;0;15356;10326;1087;744;13230;1602;927;0;20
FR;6;2022-07-14;4;3;1;0;4;1;0;0;0;15360;10329;1088;744;13234;1603;927;0;20
FR;6;2022-07-15;74;59;9;57;85;16;45;0;0;15434;10388;1097;801;13319;1619;972;0;20
FR;6;2022-07-16;27;31;17;0;37;17;3;0;0;15461;10419;1114;801;13356;1636;975;0;20
FR;6;2022-07-17;3;7;0;0;8;0;0;0;0;15464;10426;1114;801;13364;1636;975;0;20
FR;6;2022-07-18;37;62;11;14;60;15;14;0;6;15501;10488;1125;815;13424;1651;989;0;26
FR;6;2022-07-19;54;48;4;19;60;6;21;0;1;15555;10536;1129;834;13484;1657;1010;0;27
FR;6;2022-07-20;53;70;7;22;75;11;27;0;0;15608;10606;1136;856;13559;1668;1037;0;27
FR;6;2022-07-21;51;60;4;7;55;11;9;0;0;15659;10666;1140;863;13614;1679;1046;0;27
FR;6;2022-07-22;55;74;7;26;82;8;16;0;2;15714;10740;1147;889;13696;1687;1062;0;29
FR;6;2022-07-23;38;40;6;10;40;6;9;0;1;15752;10780;1153;899;13736;1693;1071;0;30
FR;6;2022-07-24;11;14;1;3;19;3;3;0;0;15763;10794;1154;902;13755;1696;1074;0;30
FR;6;2022-07-25;60;44;8;12;41;9;13;0;1;15823;10838;1162;914;13796;1705;1087;0;31
FR;6;2022-07-26;47;64;14;6;62;10;13;0;0;15870;10902;1176;920;13858;1715;1100;0;31
FR;6;2022-07-27;54;78;15;11;81;17;15;0;8;15924;10980;1191;931;13939;1732;1115;0;39
FR;6;2022-07-28;30;48;4;6;50;8;7;0;1;15954;11028;1195;937;13989;1740;1122;0;40
FR;6;2022-07-29;43;71;10;38;60;24;36;0;1;15997;11099;1205;975;14049;1764;1158;0;41
FR;6;2022-07-30;26;48;4;15;49;7;15;0;0;16023;11147;1209;990;14098;1771;1173;0;41
FR;6;2022-07-31;0;1;1;0;1;0;1;0;0;16023;11148;1210;990;14099;1771;1174;0;41
FR;6;2022-08-01;39;36;14;8;32;10;6;0;1;16062;11184;1224;998;14131;1781;1180;0;42
FR;6;2022-08-02;37;46;10;14;52;6;16;0;0;16099;11230;1234;1012;14183;1787;1196;0;42
FR;6;2022-08-03;29;52;7;16;52;11;19;0;0;16128;11282;1241;1028;14235;1798;1215;0;42
FR;6;2022-08-04;25;21;4;9;20;6;10;0;1;16153;11303;1245;1037;14255;1804;1225;0;43
FR;6;2022-08-05;43;45;1;7;53;5;7;0;0;16196;11348;1246;1044;14308;1809;1232;0;43
FR;6;2022-08-06;17;27;1;3;33;2;4;0;0;16213;11375;1247;1047;14341;1811;1236;0;43
FR;6;2022-08-07;1;2;0;0;2;0;0;0;0;16214;11377;1247;1047;14343;1811;1236;0;43
FR;6;2022-08-08;24;33;1;0;40;1;0;0;0;16238;11410;1248;1047;14383;1812;1236;0;43
FR;6;2022-08-09;22;30;6;3;29;3;3;0;0;16260;11440;1254;1050;14412;1815;1239;0;43
FR;6;2022-08-10;32;36;5;9;38;5;9;0;5;16292;11476;1259;1059;14450;1820;1248;0;48
FR;6;2022-08-11;33;33;1;1;40;1;0;0;1;16325;11509;1260;1060;14490;1821;1248;0;49
FR;6;2022-08-12;50;44;6;2;50;15;3;0;1;16375;11553;1266;1062;14540;1836;1251;0;50
FR;6;2022-08-13;9;20;0;0;22;1;0;0;0;16384;11573;1266;1062;14562;1837;1251;0;50
FR;6;2022-08-14;3;1;0;0;2;0;0;0;0;16387;11574;1266;1062;14564;1837;1251;0;50
FR;6;2022-08-15;2;3;1;0;4;0;1;0;0;16389;11577;1267;1062;14568;1837;1252;0;50
FR;6;2022-08-16;35;66;21;7;66;7;2;0;0;16424;11643;1288;1069;14634;1844;1254;0;50
FR;6;2022-08-17;32;44;10;9;41;10;6;0;7;16456;11687;1298;1078;14675;1854;1260;0;57
FR;6;2022-08-18;29;55;14;4;61;4;0;0;1;16485;11742;1312;1082;14736;1858;1260;0;58
FR;6;2022-08-19;30;45;5;4;47;3;2;0;1;16515;11787;1317;1086;14783;1861;1262;0;59
FR;6;2022-08-20;26;29;3;0;29;8;1;0;0;16541;11816;1320;1086;14812;1869;1263;0;59
FR;6;2022-08-21;1;5;2;0;5;0;0;0;0;16542;11821;1322;1086;14817;1869;1263;0;59
FR;6;2022-08-22;20;42;15;1;45;0;0;0;0;16562;11863;1337;1087;14862;1869;1263;0;59
FR;6;2022-08-23;34;45;6;7;48;6;4;0;2;16596;11908;1343;1094;14910;1875;1267;0;61
FR;6;2022-08-24;34;30;6;3;36;6;2;0;3;16630;11938;1349;1097;14946;1881;1269;0;64
FR;6;2022-08-25;25;27;1;1;29;5;1;0;0;16655;11965;1350;1098;14975;1886;1270;0;64
FR;6;2022-08-26;38;44;4;4;52;7;7;0;0;16693;12009;1354;1102;15027;1893;1277;0;64
FR;6;2022-08-27;19;21;7;3;22;8;4;0;0;16712;12030;1361;1105;15049;1901;1281;0;64
FR;6;2022-08-28;6;3;0;6;3;1;1;0;4;16718;12033;1361;1111;15052;1902;1282;0;68
FR;6;2022-08-29;26;22;2;6;29;3;6;0;0;16744;12055;1363;1117;15081;1905;1288;0;68
FR;6;2022-08-30;28;35;4;12;33;8;13;0;0;16772;12090;1367;1129;15114;1913;1301;0;68
FR;6;2022-08-31;35;38;2;11;46;3;12;0;0;16807;12128;1369;1140;15160;1916;1313;0;68
FR;6;2022-09-01;16;11;5;1;12;4;3;0;0;16823;12139;1374;1141;15172;1920;1316;0;68
FR;6;2022-09-02;19;14;2;1;13;3;2;0;0;16842;12153;1376;1142;15185;1923;1318;0;68
FR;6;2022-09-03;10;3;1;5;4;2;5;0;0;16852;12156;1377;1147;15189;1925;1323;0;68
FR;6;2022-09-04;4;1;0;0;1;0;0;0;0;16856;12157;1377;1147;15190;1925;1323;0;68
FR;6;2022-09-05;8;7;0;0;10;0;0;0;0;16864;12164;1377;1147;15200;1925;1323;0;68
FR;6;2022-09-06;7;9;7;12;8;6;15;0;0;16871;12173;1384;1159;15208;1931;1338;0;68
FR;6;2022-09-07;3;8;1;0;8;1;0;0;0;16874;12181;1385;1159;15216;1932;1338;0;68
FR;6;2022-09-08;6;4;0;2;3;1;2;0;0;16880;12185;1385;1161;15219;1933;1340;0;68
FR;6;2022-09-09;7;9;2;7;9;3;8;0;0;16887;12194;1387;1168;15228;1936;1348;0;68
FR;6;2022-09-10;3;4;1;0;3;1;1;0;0;16890;12198;1388;1168;15231;1937;1349;0;68
FR;6;2022-09-11;1;3;0;0;3;0;0;0;0;16891;12201;1388;1168;15234;1937;1349;0;68
FR;6;2022-09-12;10;4;1;0;3;3;0;0;0;16901;12205;1389;1168;15237;1940;1349;0;68
FR;6;2022-09-13;7;2;3;0;2;2;2;0;0;16908;12207;1392;1168;15239;1942;1351;0;68
FR;6;2022-09-14;9;8;2;0;7;4;0;0;0;16917;12215;1394;1168;15246;1946;1351;0;68
FR;6;2022-09-15;8;13;5;5;9;9;3;0;2;16925;12228;1399;1173;15255;1955;1354;0;70
FR;6;2022-09-16;25;38;1;1;45;3;1;0;2;16950;12266;1400;1174;15300;1958;1355;0;72
FR;6;2022-09-17;24;22;0;6;24;5;3;0;2;16974;12288;1400;1180;15324;1963;1358;0;74
FR;6;2022-09-18;5;4;0;0;4;1;0;0;0;16979;12292;1400;1180;15328;1964;1358;0;74
FR;6;2022-09-19;30;30;2;1;31;5;1;0;0;17009;12322;1402;1181;15359;1969;1359;0;74
FR;6;2022-09-20;34;25;1;4;29;6;2;0;1;17043;12347;1403;1185;15388;1975;1361;0;75
FR;6;2022-09-21;21;9;3;3;7;7;5;0;3;17064;12356;1406;1188;15395;1982;1366;0;78
FR;6;2022-09-22;19;28;1;22;32;3;21;0;1;17083;12384;1407;1210;15427;1985;1387;0;79
FR;6;2022-09-23;28;41;5;9;47;9;2;0;0;17111;12425;1412;1219;15474;1994;1389;0;79
FR;6;2022-09-24;16;16;4;2;21;6;2;0;0;17127;12441;1416;1221;15495;2000;1391;0;79
FR;6;2022-09-25;3;14;0;0;14;1;0;0;0;17130;12455;1416;1221;15509;2001;1391;0;79
FR;6;2022-09-26;16;13;0;18;12;5;18;0;2;17146;12468;1416;1239;15521;2006;1409;0;81
FR;6;2022-09-27;32;19;2;3;23;4;4;0;0;17178;12487;1418;1242;15544;2010;1413;0;81
FR;6;2022-09-28;27;10;9;11;16;5;17;0;2;17205;12497;1427;1253;15560;2015;1430;0;83
FR;6;2022-09-29;13;13;10;34;16;6;33;0;7;17218;12510;1437;1287;15576;2021;1463;0;90
FR;6;2022-09-30;34;24;5;6;33;5;3;0;0;17252;12534;1442;1293;15609;2026;1466;0;90
FR;6;2022-10-01;15;12;5;8;9;8;8;0;2;17267;12546;1447;1301;15618;2034;1474;0;92
FR;6;2022-10-02;3;0;0;0;1;0;0;0;0;17270;12546;1447;1301;15619;2034;1474;0;92
FR;6;2022-10-03;11;10;3;5;11;4;6;0;0;17281;12556;1450;1306;15630;2038;1480;0;92
FR;6;2022-10-04;19;17;4;28;21;3;30;0;3;17300;12573;1454;1334;15651;2041;1510;0;95
FR;6;2022-10-05;11;12;3;2;9;7;4;0;0;17311;12585;1457;1336;15660;2048;1514;0;95
FR;6;2022-10-06;19;13;4;6;17;2;10;0;0;17330;12598;1461;1342;15677;2050;1524;0;95
FR;6;2022-10-07;27;26;5;24;25;10;16;0;5;17357;12624;1466;1366;15702;2060;1540;0;100
FR;6;2022-10-08;18;13;0;0;16;0;0;0;0;17375;12637;1466;1366;15718;2060;1540;0;100
FR;6;2022-10-09;7;3;4;27;3;4;30;0;6;17382;12640;1470;1393;15721;2064;1570;0;106
FR;6;2022-10-10;15;14;1;16;16;6;13;0;0;17397;12654;1471;1409;15737;2070;1583;0;106
FR;6;2022-10-11;21;23;3;11;21;8;13;0;3;17418;12677;1474;1420;15758;2078;1596;0;109
FR;6;2022-10-12;20;16;7;19;18;3;24;0;7;17438;12693;1481;1439;15776;2081;1620;0;116
FR;6;2022-10-13;28;14;2;36;22;0;38;0;6;17466;12707;1483;1475;15798;2081;1658;0;122
FR;6;2022-10-14;29;23;5;49;23;11;45;0;13;17495;12730;1488;1524;15821;2092;1703;0;135
FR;6;2022-10-15;13;9;0;22;8;4;21;0;6;17508;12739;1488;1546;15829;2096;1724;0;141
FR;6;2022-10-16;4;4;0;6;2;2;6;0;0;17512;12743;1488;1552;15831;2098;1730;0;141
FR;6;2022-10-17;14;14;2;10;14;1;12;0;2;17526;12757;1490;1562;15845;2099;1742;0;143
FR;6;2022-10-18;12;19;9;26;19;4;18;0;11;17538;12776;1499;1588;15864;2103;1760;0;154
FR;6;2022-10-19;10;20;6;16;20;5;19;0;5;17548;12796;1505;1604;15884;2108;1779;0;159
FR;6;2022-10-20;16;15;12;57;18;5;67;0;13;17564;12811;1517;1661;15902;2113;1846;0;172
FR;6;2022-10-21;16;21;9;34;22;11;37;0;10;17580;12832;1526;1695;15924;2124;1883;0;182
FR;6;2022-10-22;19;14;1;4;17;3;4;0;0;17599;12846;1527;1699;15941;2127;1887;0;182
FR;6;2022-10-23;3;2;1;0;3;0;1;0;0;17602;12848;1528;1699;15944;2127;1888;0;182
FR;6;2022-10-24;12;14;2;7;14;6;5;0;2;17614;12862;1530;1706;15958;2133;1893;0;184
FR;6;2022-10-25;20;13;6;17;16;7;19;0;4;17634;12875;1536;1723;15974;2140;1912;0;188
FR;6;2022-10-26;17;9;4;13;12;4;15;0;5;17651;12884;1540;1736;15986;2144;1927;0;193
FR;6;2022-10-27;20;7;8;37;10;6;36;0;14;17671;12891;1548;1773;15996;2150;1963;0;207
FR;6;2022-10-28;21;27;3;4;28;6;5;0;1;17692;12918;1551;1777;16024;2156;1968;0;208
FR;6;2022-10-29;7;11;5;11;10;6;14;0;12;17699;12929;1556;1788;16034;2162;1982;0;220
FR;6;2022-10-30;2;5;0;0;5;0;0;0;0;17701;12934;1556;1788;16039;2162;1982;0;220
FR;6;2022-10-31;18;14;2;13;17;4;12;0;3;17719;12948;1558;1801;16056;2166;1994;0;223
FR;6;2022-11-01;2;1;1;0;1;1;0;0;0;17721;12949;1559;1801;16057;2167;1994;0;223
FR;6;2022-11-02;15;25;9;21;26;11;19;0;12;17736;12974;1568;1822;16083;2178;2013;0;235
FR;6;2022-11-03;17;17;11;39;20;8;43;0;9;17753;12991;1579;1861;16103;2186;2056;0;244
FR;6;2022-11-04;19;22;9;16;25;5;16;0;10;17772;13013;1588;1877;16128;2191;2072;0;254
FR;6;2022-11-05;9;14;2;4;15;4;6;0;0;17781;13027;1590;1881;16143;2195;2078;0;254
FR;6;2022-11-06;5;1;0;0;1;0;0;0;0;17786;13028;1590;1881;16144;2195;2078;0;254
FR;6;2022-11-07;18;10;6;17;13;4;18;0;11;17804;13038;1596;1898;16157;2199;2096;0;265
FR;6;2022-11-08;18;10;2;3;8;5;5;0;4;17822;13048;1598;1901;16165;2204;2101;0;269
FR;6;2022-11-09;16;22;1;6;21;4;5;0;4;17838;13070;1599;1907;16186;2208;2106;0;273
FR;6;2022-11-10;10;10;4;12;8;5;11;0;10;17848;13080;1603;1919;16194;2213;2117;0;283
FR;6;2022-11-11;3;1;0;0;1;1;0;0;0;17851;13081;1603;1919;16195;2214;2117;0;283
FR;6;2022-11-12;4;11;1;7;11;2;5;0;9;17855;13092;1604;1926;16206;2216;2122;0;292
FR;6;2022-11-13;1;1;0;1;1;0;1;0;0;17856;13093;1604;1927;16207;2216;2123;0;292
FR;6;2022-11-14;13;10;7;32;15;8;33;0;14;17869;13103;1611;1959;16222;2224;2156;0;306
FR;6;2022-11-15;7;18;1;11;16;4;7;0;1;17876;13121;1612;1970;16238;2228;2163;0;307
FR;6;2022-11-16;16;15;9;32;17;3;42;0;9;17892;13136;1621;2002;16255;2231;2205;0;316
FR;6;2022-11-17;10;8;1;29;8;2;28;0;5;17902;13144;1622;2031;16263;2233;2233;0;321
FR;6;2022-11-18;18;12;5;23;16;4;25;0;7;17920;13156;1627;2054;16279;2237;2258;0;328
FR;6;2022-11-19;5;12;0;2;10;3;2;0;1;17925;13168;1627;2056;16289;2240;2260;0;329
FR;6;2022-11-20;2;1;2;0;1;2;0;0;0;17927;13169;1629;2056;16290;2242;2260;0;329
FR;6;2022-11-21;21;11;1;14;13;5;11;0;3;17948;13180;1630;2070;16303;2247;2271;0;332
FR;6;2022-11-22;14;9;0;4;11;1;3;0;1;17962;13189;1630;2074;16314;2248;2274;0;333
FR;6;2022-11-23;14;15;15;23;17;9;31;0;8;17976;13204;1645;2097;16331;2257;2305;0;341
FR;6;2022-11-24;14;17;1;10;19;4;10;0;7;17990;13221;1646;2107;16350;2261;2315;0;348
FR;6;2022-11-25;23;14;5;48;14;5;47;0;5;18013;13235;1651;2155;16364;2266;2362;0;353
FR;6;2022-11-26;9;5;2;4;3;2;5;0;1;18022;13240;1653;2159;16367;2268;2367;0;354
FR;6;2022-11-27;1;4;0;0;4;0;0;0;0;18023;13244;1653;2159;16371;2268;2367;0;354
FR;6;2022-11-28;9;11;6;22;11;3;24;0;11;18032;13255;1659;2181;16382;2271;2391;0;365
FR;6;2022-11-29;15;10;1;11;13;1;8;0;6;18047;13265;1660;2192;16395;2272;2399;0;371
FR;8;2020-12-27;0;0;0;0;0;0;0;0;0;0;0;0;0;0;0;0;0;0
FR;8;2020-12-28;0;0;0;0;0;0;0;0;0;0;0;0;0;0;0;0;0;0
FR;8;2020-12-29;0;0;0;0;0;0;0;0;0;0;0;0;0;0;0;0;0;0
FR;8;2020-12-30;0;0;0;0;0;0;0;0;0;0;0;0;0;0;0;0;0;0
FR;8;2020-12-31;0;0;0;0;0;0;0;0;0;0;0;0;0;0;0;0;0;0
FR;8;2021-01-01;0;0;0;0;0;0;0;0;0;0;0;0;0;0;0;0;0;0
FR;8;2021-01-02;0;0;0;0;0;0;0;0;0;0;0;0;0;0;0;0;0;0
FR;8;2021-01-03;0;0;0;0;0;0;0;0;0;0;0;0;0;0;0;0;0;0
FR;8;2021-01-04;0;0;0;0;0;0;0;0;0;0;0;0;0;0;0;0;0;0
FR;8;2021-01-05;0;0;0;0;0;0;0;0;0;0;0;0;0;0;0;0;0;0
FR;8;2021-01-06;0;0;0;0;0;0;0;0;0;0;0;0;0;0;0;0;0;0
FR;8;2021-01-07;0;0;0;0;0;0;0;0;0;0;0;0;0;0;0;0;0;0
FR;8;2021-01-08;0;0;0;0;0;0;0;0;0;0;0;0;0;0;0;0;0;0
FR;8;2021-01-09;0;0;0;0;0;0;0;0;0;0;0;0;0;0;0;0;0;0
FR;8;2021-01-10;0;0;0;0;0;0;0;0;0;0;0;0;0;0;0;0;0;0
FR;8;2021-01-11;0;0;0;0;0;0;0;0;0;0;0;0;0;0;0;0;0;0
FR;8;2021-01-12;0;0;0;0;0;0;0;0;0;0;0;0;0;0;0;0;0;0
FR;8;2021-01-13;0;0;0;0;0;0;0;0;0;0;0;0;0;0;0;0;0;0
FR;8;2021-01-14;0;0;0;0;0;0;0;0;0;0;0;0;0;0;0;0;0;0
FR;8;2021-01-15;0;0;0;0;0;0;0;0;0;0;0;0;0;0;0;0;0;0
FR;8;2021-01-16;0;0;0;0;0;0;0;0;0;0;0;0;0;0;0;0;0;0
FR;8;2021-01-17;0;0;0;0;0;0;0;0;0;0;0;0;0;0;0;0;0;0
FR;8;2021-01-18;0;0;0;0;0;0;0;0;0;0;0;0;0;0;0;0;0;0
FR;8;2021-01-19;0;0;0;0;0;0;0;0;0;0;0;0;0;0;0;0;0;0
FR;8;2021-01-20;0;0;0;0;0;0;0;0;0;0;0;0;0;0;0;0;0;0
FR;8;2021-01-21;0;0;0;0;0;0;0;0;0;0;0;0;0;0;0;0;0;0
FR;8;2021-01-22;0;0;0;0;0;0;0;0;0;0;0;0;0;0;0;0;0;0
FR;8;2021-01-23;0;0;0;0;0;0;0;0;0;0;0;0;0;0;0;0;0;0
FR;8;2021-01-24;0;0;0;0;0;0;0;0;0;0;0;0;0;0;0;0;0;0
FR;8;2021-01-25;0;0;0;0;0;0;0;0;0;0;0;0;0;0;0;0;0;0
FR;8;2021-01-26;0;0;0;0;0;0;0;0;0;0;0;0;0;0;0;0;0;0
FR;8;2021-01-27;0;0;0;0;0;0;0;0;0;0;0;0;0;0;0;0;0;0
FR;8;2021-01-28;0;0;0;0;0;0;0;0;0;0;0;0;0;0;0;0;0;0
FR;8;2021-01-29;0;0;0;0;0;0;0;0;0;0;0;0;0;0;0;0;0;0
FR;8;2021-01-30;0;0;0;0;0;0;0;0;0;0;0;0;0;0;0;0;0;0
FR;8;2021-01-31;0;0;0;0;0;0;0;0;0;0;0;0;0;0;0;0;0;0
FR;8;2021-02-01;0;0;0;0;0;0;0;0;0;0;0;0;0;0;0;0;0;0
FR;8;2021-02-02;0;0;0;0;0;0;0;0;0;0;0;0;0;0;0;0;0;0
FR;8;2021-02-03;0;0;0;0;0;0;0;0;0;0;0;0;0;0;0;0;0;0
FR;8;2021-02-04;0;0;0;0;0;0;0;0;0;0;0;0;0;0;0;0;0;0
FR;8;2021-02-05;0;0;0;0;0;0;0;0;0;0;0;0;0;0;0;0;0;0
FR;8;2021-02-06;0;0;0;0;0;0;0;0;0;0;0;0;0;0;0;0;0;0
FR;8;2021-02-07;0;0;0;0;0;0;0;0;0;0;0;0;0;0;0;0;0;0
FR;8;2021-02-08;0;0;0;0;0;0;0;0;0;0;0;0;0;0;0;0;0;0
FR;8;2021-02-09;0;0;0;0;0;0;0;0;0;0;0;0;0;0;0;0;0;0
FR;8;2021-02-10;0;0;0;0;0;0;0;0;0;0;0;0;0;0;0;0;0;0
FR;8;2021-02-11;0;0;0;0;0;0;0;0;0;0;0;0;0;0;0;0;0;0
FR;8;2021-02-12;0;0;0;0;0;0;0;0;0;0;0;0;0;0;0;0;0;0
FR;8;2021-02-13;0;0;0;0;0;0;0;0;0;0;0;0;0;0;0;0;0;0
FR;8;2021-02-14;0;0;0;0;0;0;0;0;0;0;0;0;0;0;0;0;0;0
FR;8;2021-02-15;0;0;0;0;0;0;0;0;0;0;0;0;0;0;0;0;0;0
FR;8;2021-02-16;0;0;0;0;0;0;0;0;0;0;0;0;0;0;0;0;0;0
FR;8;2021-02-17;0;0;0;0;0;0;0;0;0;0;0;0;0;0;0;0;0;0
FR;8;2021-02-18;0;0;0;0;0;0;0;0;0;0;0;0;0;0;0;0;0;0
FR;8;2021-02-19;0;0;0;0;0;0;0;0;0;0;0;0;0;0;0;0;0;0
FR;8;2021-02-20;0;0;0;0;0;0;0;0;0;0;0;0;0;0;0;0;0;0
FR;8;2021-02-21;0;0;0;0;0;0;0;0;0;0;0;0;0;0;0;0;0;0
FR;8;2021-02-22;0;0;0;0;0;0;0;0;0;0;0;0;0;0;0;0;0;0
FR;8;2021-02-23;0;0;0;0;0;0;0;0;0;0;0;0;0;0;0;0;0;0
FR;8;2021-02-24;0;0;0;0;0;0;0;0;0;0;0;0;0;0;0;0;0;0
FR;8;2021-02-25;0;0;0;0;0;0;0;0;0;0;0;0;0;0;0;0;0;0
FR;8;2021-02-26;0;0;0;0;0;0;0;0;0;0;0;0;0;0;0;0;0;0
FR;8;2021-02-27;0;0;0;0;0;0;0;0;0;0;0;0;0;0;0;0;0;0
FR;8;2021-02-28;0;0;0;0;0;0;0;0;0;0;0;0;0;0;0;0;0;0
FR;8;2021-03-01;0;0;0;0;0;0;0;0;0;0;0;0;0;0;0;0;0;0
FR;8;2021-03-02;0;0;0;0;0;0;0;0;0;0;0;0;0;0;0;0;0;0
FR;8;2021-03-03;0;0;0;0;0;0;0;0;0;0;0;0;0;0;0;0;0;0
FR;8;2021-03-04;0;0;0;0;0;0;0;0;0;0;0;0;0;0;0;0;0;0
FR;8;2021-03-05;0;0;0;0;0;0;0;0;0;0;0;0;0;0;0;0;0;0
FR;8;2021-03-06;0;0;0;0;0;0;0;0;0;0;0;0;0;0;0;0;0;0
FR;8;2021-03-07;0;0;0;0;0;0;0;0;0;0;0;0;0;0;0;0;0;0
FR;8;2021-03-08;0;0;0;0;0;0;0;0;0;0;0;0;0;0;0;0;0;0
FR;8;2021-03-09;0;0;0;0;0;0;0;0;0;0;0;0;0;0;0;0;0;0
FR;8;2021-03-10;0;0;0;0;0;0;0;0;0;0;0;0;0;0;0;0;0;0
FR;8;2021-03-11;0;0;0;0;0;0;0;0;0;0;0;0;0;0;0;0;0;0
FR;8;2021-03-12;0;0;0;0;0;0;0;0;0;0;0;0;0;0;0;0;0;0
FR;8;2021-03-13;0;0;0;0;0;0;0;0;0;0;0;0;0;0;0;0;0;0
FR;8;2021-03-14;0;0;0;0;0;0;0;0;0;0;0;0;0;0;0;0;0;0
FR;8;2021-03-15;0;0;0;0;0;0;0;0;0;0;0;0;0;0;0;0;0;0
FR;8;2021-03-16;0;0;0;0;0;0;0;0;0;0;0;0;0;0;0;0;0;0
FR;8;2021-03-17;0;0;0;0;0;0;0;0;0;0;0;0;0;0;0;0;0;0
FR;8;2021-03-18;0;0;0;0;0;0;0;0;0;0;0;0;0;0;0;0;0;0
FR;8;2021-03-19;0;0;0;0;0;0;0;0;0;0;0;0;0;0;0;0;0;0
FR;8;2021-03-20;0;0;0;0;0;0;0;0;0;0;0;0;0;0;0;0;0;0
FR;8;2021-03-21;0;0;0;0;0;0;0;0;0;0;0;0;0;0;0;0;0;0
FR;8;2021-03-22;0;0;0;0;0;0;0;0;0;0;0;0;0;0;0;0;0;0
FR;8;2021-03-23;0;0;0;0;0;0;0;0;0;0;0;0;0;0;0;0;0;0
FR;8;2021-03-24;0;0;0;0;0;0;0;0;0;0;0;0;0;0;0;0;0;0
FR;8;2021-03-25;0;0;0;0;0;0;0;0;0;0;0;0;0;0;0;0;0;0
FR;8;2021-03-26;0;0;0;0;0;0;0;0;0;0;0;0;0;0;0;0;0;0
FR;8;2021-03-27;0;0;0;0;0;0;0;0;0;0;0;0;0;0;0;0;0;0
FR;8;2021-03-28;0;0;0;0;0;0;0;0;0;0;0;0;0;0;0;0;0;0
FR;8;2021-03-29;0;0;0;0;0;0;0;0;0;0;0;0;0;0;0;0;0;0
FR;8;2021-03-30;0;0;0;0;0;0;0;0;0;0;0;0;0;0;0;0;0;0
FR;8;2021-03-31;0;0;0;0;0;0;0;0;0;0;0;0;0;0;0;0;0;0
FR;8;2021-04-01;0;0;0;0;0;0;0;0;0;0;0;0;0;0;0;0;0;0
FR;8;2021-04-02;0;0;0;0;0;0;0;0;0;0;0;0;0;0;0;0;0;0
FR;8;2021-04-03;0;0;0;0;0;0;0;0;0;0;0;0;0;0;0;0;0;0
FR;8;2021-04-04;0;0;0;0;0;0;0;0;0;0;0;0;0;0;0;0;0;0
FR;8;2021-04-05;0;0;0;0;0;0;0;0;0;0;0;0;0;0;0;0;0;0
FR;8;2021-04-06;0;0;0;0;0;0;0;0;0;0;0;0;0;0;0;0;0;0
FR;8;2021-04-07;0;0;0;0;0;0;0;0;0;0;0;0;0;0;0;0;0;0
FR;8;2021-04-08;0;0;0;0;0;0;0;0;0;0;0;0;0;0;0;0;0;0
FR;8;2021-04-09;0;0;0;0;0;0;0;0;0;0;0;0;0;0;0;0;0;0
FR;8;2021-04-10;0;0;0;0;0;0;0;0;0;0;0;0;0;0;0;0;0;0
FR;8;2021-04-11;0;0;0;0;0;0;0;0;0;0;0;0;0;0;0;0;0;0
FR;8;2021-04-12;0;0;0;0;0;0;0;0;0;0;0;0;0;0;0;0;0;0
FR;8;2021-04-13;0;0;0;0;0;0;0;0;0;0;0;0;0;0;0;0;0;0
FR;8;2021-04-14;0;0;0;0;0;0;0;0;0;0;0;0;0;0;0;0;0;0
FR;8;2021-04-15;0;0;0;0;0;0;0;0;0;0;0;0;0;0;0;0;0;0
FR;8;2021-04-16;0;0;0;0;0;0;0;0;0;0;0;0;0;0;0;0;0;0
FR;8;2021-04-17;0;0;0;0;0;0;0;0;0;0;0;0;0;0;0;0;0;0
FR;8;2021-04-18;0;0;0;0;0;0;0;0;0;0;0;0;0;0;0;0;0;0
FR;8;2021-04-19;0;0;0;0;0;0;0;0;0;0;0;0;0;0;0;0;0;0
FR;8;2021-04-20;0;0;0;0;0;0;0;0;0;0;0;0;0;0;0;0;0;0
FR;8;2021-04-21;0;0;0;0;0;0;0;0;0;0;0;0;0;0;0;0;0;0
FR;8;2021-04-22;0;0;0;0;0;0;0;0;0;0;0;0;0;0;0;0;0;0
FR;8;2021-04-23;0;0;0;0;0;0;0;0;0;0;0;0;0;0;0;0;0;0
FR;8;2021-04-24;0;0;0;0;0;0;0;0;0;0;0;0;0;0;0;0;0;0
FR;8;2021-04-25;0;0;0;0;0;0;0;0;0;0;0;0;0;0;0;0;0;0
FR;8;2021-04-26;0;0;0;0;0;0;0;0;0;0;0;0;0;0;0;0;0;0
FR;8;2021-04-27;0;0;0;0;0;0;0;0;0;0;0;0;0;0;0;0;0;0
FR;8;2021-04-28;0;0;0;0;0;0;0;0;0;0;0;0;0;0;0;0;0;0
FR;8;2021-04-29;0;0;0;0;0;0;0;0;0;0;0;0;0;0;0;0;0;0
FR;8;2021-04-30;0;0;0;0;0;0;0;0;0;0;0;0;0;0;0;0;0;0
FR;8;2021-05-01;0;0;0;0;0;0;0;0;0;0;0;0;0;0;0;0;0;0
FR;8;2021-05-02;0;0;0;0;0;0;0;0;0;0;0;0;0;0;0;0;0;0
FR;8;2021-05-03;0;0;0;0;0;0;0;0;0;0;0;0;0;0;0;0;0;0
FR;8;2021-05-04;0;0;0;0;0;0;0;0;0;0;0;0;0;0;0;0;0;0
FR;8;2021-05-05;0;0;0;0;0;0;0;0;0;0;0;0;0;0;0;0;0;0
FR;8;2021-05-06;0;0;0;0;0;0;0;0;0;0;0;0;0;0;0;0;0;0
FR;8;2021-05-07;0;0;0;0;0;0;0;0;0;0;0;0;0;0;0;0;0;0
FR;8;2021-05-08;0;0;0;0;0;0;0;0;0;0;0;0;0;0;0;0;0;0
FR;8;2021-05-09;0;0;0;0;0;0;0;0;0;0;0;0;0;0;0;0;0;0
FR;8;2021-05-10;0;0;0;0;0;0;0;0;0;0;0;0;0;0;0;0;0;0
FR;8;2021-05-11;0;0;0;0;0;0;0;0;0;0;0;0;0;0;0;0;0;0
FR;8;2021-05-12;0;0;0;0;0;0;0;0;0;0;0;0;0;0;0;0;0;0
FR;8;2021-05-13;0;0;0;0;0;0;0;0;0;0;0;0;0;0;0;0;0;0
FR;8;2021-05-14;0;0;0;0;0;0;0;0;0;0;0;0;0;0;0;0;0;0
FR;8;2021-05-15;0;0;0;0;0;0;0;0;0;0;0;0;0;0;0;0;0;0
FR;8;2021-05-16;0;0;0;0;0;0;0;0;0;0;0;0;0;0;0;0;0;0
FR;8;2021-05-17;0;0;0;0;0;0;0;0;0;0;0;0;0;0;0;0;0;0
FR;8;2021-05-18;0;0;0;0;0;0;0;0;0;0;0;0;0;0;0;0;0;0
FR;8;2021-05-19;0;0;0;0;0;0;0;0;0;0;0;0;0;0;0;0;0;0
FR;8;2021-05-20;0;0;0;0;0;0;0;0;0;0;0;0;0;0;0;0;0;0
FR;8;2021-05-21;0;0;0;0;0;0;0;0;0;0;0;0;0;0;0;0;0;0
FR;8;2021-05-22;0;0;0;0;0;0;0;0;0;0;0;0;0;0;0;0;0;0
FR;8;2021-05-23;0;0;0;0;0;0;0;0;0;0;0;0;0;0;0;0;0;0
FR;8;2021-05-24;0;0;0;0;0;0;0;0;0;0;0;0;0;0;0;0;0;0
FR;8;2021-05-25;0;0;0;0;0;0;0;0;0;0;0;0;0;0;0;0;0;0
FR;8;2021-05-26;0;0;0;0;0;0;0;0;0;0;0;0;0;0;0;0;0;0
FR;8;2021-05-27;0;0;0;0;0;0;0;0;0;0;0;0;0;0;0;0;0;0
FR;8;2021-05-28;0;0;0;0;0;0;0;0;0;0;0;0;0;0;0;0;0;0
FR;8;2021-05-29;0;0;0;0;0;0;0;0;0;0;0;0;0;0;0;0;0;0
FR;8;2021-05-30;0;0;0;0;0;0;0;0;0;0;0;0;0;0;0;0;0;0
FR;8;2021-05-31;0;0;0;0;0;0;0;0;0;0;0;0;0;0;0;0;0;0
FR;8;2021-06-01;0;0;0;0;0;0;0;0;0;0;0;0;0;0;0;0;0;0
FR;8;2021-06-02;0;0;0;0;0;0;0;0;0;0;0;0;0;0;0;0;0;0
FR;8;2021-06-03;0;0;0;0;0;0;0;0;0;0;0;0;0;0;0;0;0;0
FR;8;2021-06-04;0;0;0;0;0;0;0;0;0;0;0;0;0;0;0;0;0;0
FR;8;2021-06-05;0;0;0;0;0;0;0;0;0;0;0;0;0;0;0;0;0;0
FR;8;2021-06-06;0;0;0;0;0;0;0;0;0;0;0;0;0;0;0;0;0;0
FR;8;2021-06-07;0;0;0;0;0;0;0;0;0;0;0;0;0;0;0;0;0;0
FR;8;2021-06-08;0;0;0;0;0;0;0;0;0;0;0;0;0;0;0;0;0;0
FR;8;2021-06-09;0;0;0;0;0;0;0;0;0;0;0;0;0;0;0;0;0;0
FR;8;2021-06-10;0;0;0;0;0;0;0;0;0;0;0;0;0;0;0;0;0;0
FR;8;2021-06-11;0;0;0;0;0;0;0;0;0;0;0;0;0;0;0;0;0;0
FR;8;2021-06-12;0;0;0;0;0;0;0;0;0;0;0;0;0;0;0;0;0;0
FR;8;2021-06-13;0;0;0;0;0;0;0;0;0;0;0;0;0;0;0;0;0;0
FR;8;2021-06-14;0;0;0;0;0;0;0;0;0;0;0;0;0;0;0;0;0;0
FR;8;2021-06-15;0;0;0;0;0;0;0;0;0;0;0;0;0;0;0;0;0;0
FR;8;2021-06-16;0;0;0;0;0;0;0;0;0;0;0;0;0;0;0;0;0;0
FR;8;2021-06-17;0;0;0;0;0;0;0;0;0;0;0;0;0;0;0;0;0;0
FR;8;2021-06-18;0;0;0;0;0;0;0;0;0;0;0;0;0;0;0;0;0;0
FR;8;2021-06-19;0;0;0;0;0;0;0;0;0;0;0;0;0;0;0;0;0;0
FR;8;2021-06-20;0;0;0;0;0;0;0;0;0;0;0;0;0;0;0;0;0;0
FR;8;2021-06-21;0;0;0;0;0;0;0;0;0;0;0;0;0;0;0;0;0;0
FR;8;2021-06-22;0;0;0;0;0;0;0;0;0;0;0;0;0;0;0;0;0;0
FR;8;2021-06-23;0;0;0;0;0;0;0;0;0;0;0;0;0;0;0;0;0;0
FR;8;2021-06-24;0;0;0;0;0;0;0;0;0;0;0;0;0;0;0;0;0;0
FR;8;2021-06-25;0;0;0;0;0;0;0;0;0;0;0;0;0;0;0;0;0;0
FR;8;2021-06-26;0;0;0;0;0;0;0;0;0;0;0;0;0;0;0;0;0;0
FR;8;2021-06-27;0;0;0;0;0;0;0;0;0;0;0;0;0;0;0;0;0;0
FR;8;2021-06-28;0;0;0;0;0;0;0;0;0;0;0;0;0;0;0;0;0;0
FR;8;2021-06-29;0;0;0;0;0;0;0;0;0;0;0;0;0;0;0;0;0;0
FR;8;2021-06-30;0;0;0;0;0;0;0;0;0;0;0;0;0;0;0;0;0;0
FR;8;2021-07-01;0;0;0;0;0;0;0;0;0;0;0;0;0;0;0;0;0;0
FR;8;2021-07-02;0;0;0;0;0;0;0;0;0;0;0;0;0;0;0;0;0;0
FR;8;2021-07-03;0;0;0;0;0;0;0;0;0;0;0;0;0;0;0;0;0;0
FR;8;2021-07-04;0;0;0;0;0;0;0;0;0;0;0;0;0;0;0;0;0;0
FR;8;2021-07-05;0;0;0;0;0;0;0;0;0;0;0;0;0;0;0;0;0;0
FR;8;2021-07-06;0;0;0;0;0;0;0;0;0;0;0;0;0;0;0;0;0;0
FR;8;2021-07-07;0;0;0;0;0;0;0;0;0;0;0;0;0;0;0;0;0;0
FR;8;2021-07-08;0;0;0;0;0;0;0;0;0;0;0;0;0;0;0;0;0;0
FR;8;2021-07-09;0;0;0;0;0;0;0;0;0;0;0;0;0;0;0;0;0;0
FR;8;2021-07-10;0;0;0;0;0;0;0;0;0;0;0;0;0;0;0;0;0;0
FR;8;2021-07-11;0;0;0;0;0;0;0;0;0;0;0;0;0;0;0;0;0;0
FR;8;2021-07-12;0;0;0;0;0;0;0;0;0;0;0;0;0;0;0;0;0;0
FR;8;2021-07-13;0;0;0;0;0;0;0;0;0;0;0;0;0;0;0;0;0;0
FR;8;2021-07-14;0;0;0;0;0;0;0;0;0;0;0;0;0;0;0;0;0;0
FR;8;2021-07-15;0;0;0;0;0;0;0;0;0;0;0;0;0;0;0;0;0;0
FR;8;2021-07-16;0;0;0;0;0;0;0;0;0;0;0;0;0;0;0;0;0;0
FR;8;2021-07-17;0;0;0;0;0;0;0;0;0;0;0;0;0;0;0;0;0;0
FR;8;2021-07-18;0;0;0;0;0;0;0;0;0;0;0;0;0;0;0;0;0;0
FR;8;2021-07-19;0;0;0;0;0;0;0;0;0;0;0;0;0;0;0;0;0;0
FR;8;2021-07-20;0;0;0;0;0;0;0;0;0;0;0;0;0;0;0;0;0;0
FR;8;2021-07-21;0;0;0;0;0;0;0;0;0;0;0;0;0;0;0;0;0;0
FR;8;2021-07-22;0;0;0;0;0;0;0;0;0;0;0;0;0;0;0;0;0;0
FR;8;2021-07-23;0;0;0;0;0;0;0;0;0;0;0;0;0;0;0;0;0;0
FR;8;2021-07-24;0;0;0;0;0;0;0;0;0;0;0;0;0;0;0;0;0;0
FR;8;2021-07-25;0;0;0;0;0;0;0;0;0;0;0;0;0;0;0;0;0;0
FR;8;2021-07-26;0;0;0;0;0;0;0;0;0;0;0;0;0;0;0;0;0;0
FR;8;2021-07-27;0;0;0;0;0;0;0;0;0;0;0;0;0;0;0;0;0;0
FR;8;2021-07-28;0;0;0;0;0;0;0;0;0;0;0;0;0;0;0;0;0;0
FR;8;2021-07-29;0;0;0;0;0;0;0;0;0;0;0;0;0;0;0;0;0;0
FR;8;2021-07-30;0;0;0;0;0;0;0;0;0;0;0;0;0;0;0;0;0;0
FR;8;2021-07-31;0;0;0;0;0;0;0;0;0;0;0;0;0;0;0;0;0;0
FR;8;2021-08-01;0;0;0;0;0;0;0;0;0;0;0;0;0;0;0;0;0;0
FR;8;2021-08-02;0;0;0;0;0;0;0;0;0;0;0;0;0;0;0;0;0;0
FR;8;2021-08-03;0;0;0;0;0;0;0;0;0;0;0;0;0;0;0;0;0;0
FR;8;2021-08-04;0;0;0;0;0;0;0;0;0;0;0;0;0;0;0;0;0;0
FR;8;2021-08-05;0;0;0;0;0;0;0;0;0;0;0;0;0;0;0;0;0;0
FR;8;2021-08-06;0;0;0;0;0;0;0;0;0;0;0;0;0;0;0;0;0;0
FR;8;2021-08-07;0;0;0;0;0;0;0;0;0;0;0;0;0;0;0;0;0;0
FR;8;2021-08-08;0;0;0;0;0;0;0;0;0;0;0;0;0;0;0;0;0;0
FR;8;2021-08-09;0;0;0;0;0;0;0;0;0;0;0;0;0;0;0;0;0;0
FR;8;2021-08-10;0;0;0;0;0;0;0;0;0;0;0;0;0;0;0;0;0;0
FR;8;2021-08-11;0;0;0;0;0;0;0;0;0;0;0;0;0;0;0;0;0;0
FR;8;2021-08-12;0;0;0;0;0;0;0;0;0;0;0;0;0;0;0;0;0;0
FR;8;2021-08-13;0;0;0;0;0;0;0;0;0;0;0;0;0;0;0;0;0;0
FR;8;2021-08-14;0;0;0;0;0;0;0;0;0;0;0;0;0;0;0;0;0;0
FR;8;2021-08-15;0;0;0;0;0;0;0;0;0;0;0;0;0;0;0;0;0;0
FR;8;2021-08-16;0;0;0;0;0;0;0;0;0;0;0;0;0;0;0;0;0;0
FR;8;2021-08-17;0;0;0;0;0;0;0;0;0;0;0;0;0;0;0;0;0;0
FR;8;2021-08-18;0;0;0;0;0;0;0;0;0;0;0;0;0;0;0;0;0;0
FR;8;2021-08-19;0;0;0;0;0;0;0;0;0;0;0;0;0;0;0;0;0;0
FR;8;2021-08-20;0;0;0;0;0;0;0;0;0;0;0;0;0;0;0;0;0;0
FR;8;2021-08-21;0;0;0;0;0;0;0;0;0;0;0;0;0;0;0;0;0;0
FR;8;2021-08-22;0;0;0;0;0;0;0;0;0;0;0;0;0;0;0;0;0;0
FR;8;2021-08-23;0;0;0;0;0;0;0;0;0;0;0;0;0;0;0;0;0;0
FR;8;2021-08-24;0;0;0;0;0;0;0;0;0;0;0;0;0;0;0;0;0;0
FR;8;2021-08-25;0;0;0;0;0;0;0;0;0;0;0;0;0;0;0;0;0;0
FR;8;2021-08-26;0;0;0;0;0;0;0;0;0;0;0;0;0;0;0;0;0;0
FR;8;2021-08-27;0;0;0;0;0;0;0;0;0;0;0;0;0;0;0;0;0;0
FR;8;2021-08-28;0;0;0;0;0;0;0;0;0;0;0;0;0;0;0;0;0;0
FR;8;2021-08-29;0;0;0;0;0;0;0;0;0;0;0;0;0;0;0;0;0;0
FR;8;2021-08-30;0;0;0;0;0;0;0;0;0;0;0;0;0;0;0;0;0;0
FR;8;2021-08-31;0;0;0;0;0;0;0;0;0;0;0;0;0;0;0;0;0;0
FR;8;2021-09-01;0;0;0;0;0;0;0;0;0;0;0;0;0;0;0;0;0;0
FR;8;2021-09-02;0;0;0;0;0;0;0;0;0;0;0;0;0;0;0;0;0;0
FR;8;2021-09-03;0;0;0;0;0;0;0;0;0;0;0;0;0;0;0;0;0;0
FR;8;2021-09-04;0;0;0;0;0;0;0;0;0;0;0;0;0;0;0;0;0;0
FR;8;2021-09-05;0;0;0;0;0;0;0;0;0;0;0;0;0;0;0;0;0;0
FR;8;2021-09-06;0;0;0;0;0;0;0;0;0;0;0;0;0;0;0;0;0;0
FR;8;2021-09-07;0;0;0;0;0;0;0;0;0;0;0;0;0;0;0;0;0;0
FR;8;2021-09-08;0;0;0;0;0;0;0;0;0;0;0;0;0;0;0;0;0;0
FR;8;2021-09-09;0;0;0;0;0;0;0;0;0;0;0;0;0;0;0;0;0;0
FR;8;2021-09-10;0;0;0;0;0;0;0;0;0;0;0;0;0;0;0;0;0;0
FR;8;2021-09-11;0;0;0;0;0;0;0;0;0;0;0;0;0;0;0;0;0;0
FR;8;2021-09-12;0;0;0;0;0;0;0;0;0;0;0;0;0;0;0;0;0;0
FR;8;2021-09-13;0;0;0;0;0;0;0;0;0;0;0;0;0;0;0;0;0;0
FR;8;2021-09-14;0;0;0;0;0;0;0;0;0;0;0;0;0;0;0;0;0;0
FR;8;2021-09-15;0;0;0;0;0;0;0;0;0;0;0;0;0;0;0;0;0;0
FR;8;2021-09-16;0;0;0;0;0;0;0;0;0;0;0;0;0;0;0;0;0;0
FR;8;2021-09-17;0;0;0;0;0;0;0;0;0;0;0;0;0;0;0;0;0;0
FR;8;2021-09-18;0;0;0;0;0;0;0;0;0;0;0;0;0;0;0;0;0;0
FR;8;2021-09-19;0;0;0;0;0;0;0;0;0;0;0;0;0;0;0;0;0;0
FR;8;2021-09-20;0;0;0;0;0;0;0;0;0;0;0;0;0;0;0;0;0;0
FR;8;2021-09-21;0;0;0;0;0;0;0;0;0;0;0;0;0;0;0;0;0;0
FR;8;2021-09-22;0;0;0;0;0;0;0;0;0;0;0;0;0;0;0;0;0;0
FR;8;2021-09-23;0;0;0;0;0;0;0;0;0;0;0;0;0;0;0;0;0;0
FR;8;2021-09-24;0;0;0;0;0;0;0;0;0;0;0;0;0;0;0;0;0;0
FR;8;2021-09-25;0;0;0;0;0;0;0;0;0;0;0;0;0;0;0;0;0;0
FR;8;2021-09-26;0;0;0;0;0;0;0;0;0;0;0;0;0;0;0;0;0;0
FR;8;2021-09-27;0;0;0;0;0;0;0;0;0;0;0;0;0;0;0;0;0;0
FR;8;2021-09-28;0;0;0;0;0;0;0;0;0;0;0;0;0;0;0;0;0;0
FR;8;2021-09-29;0;0;0;0;0;0;0;0;0;0;0;0;0;0;0;0;0;0
FR;8;2021-09-30;0;0;0;0;0;0;0;0;0;0;0;0;0;0;0;0;0;0
FR;8;2021-10-01;0;0;0;0;0;0;0;0;0;0;0;0;0;0;0;0;0;0
FR;8;2021-10-02;0;0;0;0;0;0;0;0;0;0;0;0;0;0;0;0;0;0
FR;8;2021-10-03;0;0;0;0;0;0;0;0;0;0;0;0;0;0;0;0;0;0
FR;8;2021-10-04;0;0;0;0;0;0;0;0;0;0;0;0;0;0;0;0;0;0
FR;8;2021-10-05;0;0;0;0;0;0;0;0;0;0;0;0;0;0;0;0;0;0
FR;8;2021-10-06;0;0;0;0;0;0;0;0;0;0;0;0;0;0;0;0;0;0
FR;8;2021-10-07;0;0;0;0;0;0;0;0;0;0;0;0;0;0;0;0;0;0
FR;8;2021-10-08;0;0;0;0;0;0;0;0;0;0;0;0;0;0;0;0;0;0
FR;8;2021-10-09;0;0;0;0;0;0;0;0;0;0;0;0;0;0;0;0;0;0
FR;8;2021-10-10;0;0;0;0;0;0;0;0;0;0;0;0;0;0;0;0;0;0
FR;8;2021-10-11;0;0;0;0;0;0;0;0;0;0;0;0;0;0;0;0;0;0
FR;8;2021-10-12;0;0;0;0;0;0;0;0;0;0;0;0;0;0;0;0;0;0
FR;8;2021-10-13;0;0;0;0;0;0;0;0;0;0;0;0;0;0;0;0;0;0
FR;8;2021-10-14;0;0;0;0;0;0;0;0;0;0;0;0;0;0;0;0;0;0
FR;8;2021-10-15;0;0;0;0;0;0;0;0;0;0;0;0;0;0;0;0;0;0
FR;8;2021-10-16;0;0;0;0;0;0;0;0;0;0;0;0;0;0;0;0;0;0
FR;8;2021-10-17;0;0;0;0;0;0;0;0;0;0;0;0;0;0;0;0;0;0
FR;8;2021-10-18;0;0;0;0;0;0;0;0;0;0;0;0;0;0;0;0;0;0
FR;8;2021-10-19;0;0;0;0;0;0;0;0;0;0;0;0;0;0;0;0;0;0
FR;8;2021-10-20;0;0;0;0;0;0;0;0;0;0;0;0;0;0;0;0;0;0
FR;8;2021-10-21;0;0;0;0;0;0;0;0;0;0;0;0;0;0;0;0;0;0
FR;8;2021-10-22;0;0;0;0;0;0;0;0;0;0;0;0;0;0;0;0;0;0
FR;8;2021-10-23;0;0;0;0;0;0;0;0;0;0;0;0;0;0;0;0;0;0
FR;8;2021-10-24;0;0;0;0;0;0;0;0;0;0;0;0;0;0;0;0;0;0
FR;8;2021-10-25;0;0;0;0;0;0;0;0;0;0;0;0;0;0;0;0;0;0
FR;8;2021-10-26;0;0;0;0;0;0;0;0;0;0;0;0;0;0;0;0;0;0
FR;8;2021-10-27;0;0;0;0;0;0;0;0;0;0;0;0;0;0;0;0;0;0
FR;8;2021-10-28;0;0;0;0;0;0;0;0;0;0;0;0;0;0;0;0;0;0
FR;8;2021-10-29;0;0;0;0;0;0;0;0;0;0;0;0;0;0;0;0;0;0
FR;8;2021-10-30;0;0;0;0;0;0;0;0;0;0;0;0;0;0;0;0;0;0
FR;8;2021-10-31;0;0;0;0;0;0;0;0;0;0;0;0;0;0;0;0;0;0
FR;8;2021-11-01;0;0;0;0;0;0;0;0;0;0;0;0;0;0;0;0;0;0
FR;8;2021-11-02;0;0;0;0;0;0;0;0;0;0;0;0;0;0;0;0;0;0
FR;8;2021-11-03;0;0;0;0;0;0;0;0;0;0;0;0;0;0;0;0;0;0
FR;8;2021-11-04;0;0;0;0;0;0;0;0;0;0;0;0;0;0;0;0;0;0
FR;8;2021-11-05;0;0;0;0;0;0;0;0;0;0;0;0;0;0;0;0;0;0
FR;8;2021-11-06;0;0;0;0;0;0;0;0;0;0;0;0;0;0;0;0;0;0
FR;8;2021-11-07;0;0;0;0;0;0;0;0;0;0;0;0;0;0;0;0;0;0
FR;8;2021-11-08;0;0;0;0;0;0;0;0;0;0;0;0;0;0;0;0;0;0
FR;8;2021-11-09;0;0;0;0;0;0;0;0;0;0;0;0;0;0;0;0;0;0
FR;8;2021-11-10;0;0;0;0;0;0;0;0;0;0;0;0;0;0;0;0;0;0
FR;8;2021-11-11;0;0;0;0;0;0;0;0;0;0;0;0;0;0;0;0;0;0
FR;8;2021-11-12;0;0;0;0;0;0;0;0;0;0;0;0;0;0;0;0;0;0
FR;8;2021-11-13;0;0;0;0;0;0;0;0;0;0;0;0;0;0;0;0;0;0
FR;8;2021-11-14;0;0;0;0;0;0;0;0;0;0;0;0;0;0;0;0;0;0
FR;8;2021-11-15;0;0;0;0;0;0;0;0;0;0;0;0;0;0;0;0;0;0
FR;8;2021-11-16;0;0;0;0;0;0;0;0;0;0;0;0;0;0;0;0;0;0
FR;8;2021-11-17;0;0;0;0;0;0;0;0;0;0;0;0;0;0;0;0;0;0
FR;8;2021-11-18;0;0;0;0;0;0;0;0;0;0;0;0;0;0;0;0;0;0
FR;8;2021-11-19;0;0;0;0;0;0;0;0;0;0;0;0;0;0;0;0;0;0
FR;8;2021-11-20;0;0;0;0;0;0;0;0;0;0;0;0;0;0;0;0;0;0
FR;8;2021-11-21;0;0;0;0;0;0;0;0;0;0;0;0;0;0;0;0;0;0
FR;8;2021-11-22;0;0;0;0;0;0;0;0;0;0;0;0;0;0;0;0;0;0
FR;8;2021-11-23;0;0;0;0;0;0;0;0;0;0;0;0;0;0;0;0;0;0
FR;8;2021-11-24;0;0;0;0;0;0;0;0;0;0;0;0;0;0;0;0;0;0
FR;8;2021-11-25;0;0;0;0;0;0;0;0;0;0;0;0;0;0;0;0;0;0
FR;8;2021-11-26;0;0;0;0;0;0;0;0;0;0;0;0;0;0;0;0;0;0
FR;8;2021-11-27;0;0;0;0;0;0;0;0;0;0;0;0;0;0;0;0;0;0
FR;8;2021-11-28;0;0;0;0;0;0;0;0;0;0;0;0;0;0;0;0;0;0
FR;8;2021-11-29;0;0;0;0;0;0;0;0;0;0;0;0;0;0;0;0;0;0
FR;8;2021-11-30;0;0;0;0;0;0;0;0;0;0;0;0;0;0;0;0;0;0
FR;8;2021-12-01;0;0;0;0;0;0;0;0;0;0;0;0;0;0;0;0;0;0
FR;8;2021-12-02;0;0;0;0;0;0;0;0;0;0;0;0;0;0;0;0;0;0
FR;8;2021-12-03;0;0;0;0;0;0;0;0;0;0;0;0;0;0;0;0;0;0
FR;8;2021-12-04;0;0;0;0;0;0;0;0;0;0;0;0;0;0;0;0;0;0
FR;8;2021-12-05;0;0;0;0;0;0;0;0;0;0;0;0;0;0;0;0;0;0
FR;8;2021-12-06;0;0;0;0;0;0;0;0;0;0;0;0;0;0;0;0;0;0
FR;8;2021-12-07;0;0;0;0;0;0;0;0;0;0;0;0;0;0;0;0;0;0
FR;8;2021-12-08;0;0;0;0;0;0;0;0;0;0;0;0;0;0;0;0;0;0
FR;8;2021-12-09;0;0;0;0;0;0;0;0;0;0;0;0;0;0;0;0;0;0
FR;8;2021-12-10;0;0;0;0;0;0;0;0;0;0;0;0;0;0;0;0;0;0
FR;8;2021-12-11;0;0;0;0;0;0;0;0;0;0;0;0;0;0;0;0;0;0
FR;8;2021-12-12;0;0;0;0;0;0;0;0;0;0;0;0;0;0;0;0;0;0
FR;8;2021-12-13;0;0;0;0;0;0;0;0;0;0;0;0;0;0;0;0;0;0
FR;8;2021-12-14;0;0;0;0;0;0;0;0;0;0;0;0;0;0;0;0;0;0
FR;8;2021-12-15;0;0;0;0;0;0;0;0;0;0;0;0;0;0;0;0;0;0
FR;8;2021-12-16;0;0;0;0;0;0;0;0;0;0;0;0;0;0;0;0;0;0
FR;8;2021-12-17;0;0;0;0;0;0;0;0;0;0;0;0;0;0;0;0;0;0
FR;8;2021-12-18;0;0;0;0;0;0;0;0;0;0;0;0;0;0;0;0;0;0
FR;8;2021-12-19;0;0;0;0;0;0;0;0;0;0;0;0;0;0;0;0;0;0
FR;8;2021-12-20;0;0;0;0;0;0;0;0;0;0;0;0;0;0;0;0;0;0
FR;8;2021-12-21;0;0;0;0;0;0;0;0;0;0;0;0;0;0;0;0;0;0
FR;8;2021-12-22;0;0;0;0;0;0;0;0;0;0;0;0;0;0;0;0;0;0
FR;8;2021-12-23;0;0;0;0;0;0;0;0;0;0;0;0;0;0;0;0;0;0
FR;8;2021-12-24;0;0;0;0;0;0;0;0;0;0;0;0;0;0;0;0;0;0
FR;8;2021-12-25;0;0;0;0;0;0;0;0;0;0;0;0;0;0;0;0;0;0
FR;8;2021-12-26;0;0;0;0;0;0;0;0;0;0;0;0;0;0;0;0;0;0
FR;8;2021-12-27;0;0;0;0;0;0;0;0;0;0;0;0;0;0;0;0;0;0
FR;8;2021-12-28;0;0;0;0;0;0;0;0;0;0;0;0;0;0;0;0;0;0
FR;8;2021-12-29;0;0;0;0;0;0;0;0;0;0;0;0;0;0;0;0;0;0
FR;8;2021-12-30;0;0;0;0;0;0;0;0;0;0;0;0;0;0;0;0;0;0
FR;8;2021-12-31;0;0;0;0;0;0;0;0;0;0;0;0;0;0;0;0;0;0
FR;8;2022-01-01;0;0;0;0;0;0;0;0;0;0;0;0;0;0;0;0;0;0
FR;8;2022-01-02;0;0;0;0;0;0;0;0;0;0;0;0;0;0;0;0;0;0
FR;8;2022-01-03;0;0;0;0;0;0;0;0;0;0;0;0;0;0;0;0;0;0
FR;8;2022-01-04;0;0;0;0;0;0;0;0;0;0;0;0;0;0;0;0;0;0
FR;8;2022-01-05;0;0;0;0;0;0;0;0;0;0;0;0;0;0;0;0;0;0
FR;8;2022-01-06;0;0;0;0;0;0;0;0;0;0;0;0;0;0;0;0;0;0
FR;8;2022-01-07;0;0;0;0;0;0;0;0;0;0;0;0;0;0;0;0;0;0
FR;8;2022-01-08;0;0;0;0;0;0;0;0;0;0;0;0;0;0;0;0;0;0
FR;8;2022-01-09;0;0;0;0;0;0;0;0;0;0;0;0;0;0;0;0;0;0
FR;8;2022-01-10;0;0;0;0;0;0;0;0;0;0;0;0;0;0;0;0;0;0
FR;8;2022-01-11;0;0;0;0;0;0;0;0;0;0;0;0;0;0;0;0;0;0
FR;8;2022-01-12;0;0;0;0;0;0;0;0;0;0;0;0;0;0;0;0;0;0
FR;8;2022-01-13;0;0;0;0;0;0;0;0;0;0;0;0;0;0;0;0;0;0
FR;8;2022-01-14;0;0;0;0;0;0;0;0;0;0;0;0;0;0;0;0;0;0
FR;8;2022-01-15;0;0;0;0;0;0;0;0;0;0;0;0;0;0;0;0;0;0
FR;8;2022-01-16;0;0;0;0;0;0;0;0;0;0;0;0;0;0;0;0;0;0
FR;8;2022-01-17;0;0;0;0;0;0;0;0;0;0;0;0;0;0;0;0;0;0
FR;8;2022-01-18;0;0;0;0;0;0;0;0;0;0;0;0;0;0;0;0;0;0
FR;8;2022-01-19;0;0;0;0;0;0;0;0;0;0;0;0;0;0;0;0;0;0
FR;8;2022-01-20;0;0;0;0;0;0;0;0;0;0;0;0;0;0;0;0;0;0
FR;8;2022-01-21;0;0;0;0;0;0;0;0;0;0;0;0;0;0;0;0;0;0
FR;8;2022-01-22;0;0;0;0;0;0;0;0;0;0;0;0;0;0;0;0;0;0
FR;8;2022-01-23;0;0;0;0;0;0;0;0;0;0;0;0;0;0;0;0;0;0
FR;8;2022-01-24;0;0;0;0;0;0;0;0;0;0;0;0;0;0;0;0;0;0
FR;8;2022-01-25;0;0;0;0;0;0;0;0;0;0;0;0;0;0;0;0;0;0
FR;8;2022-01-26;0;0;0;0;0;0;0;0;0;0;0;0;0;0;0;0;0;0
FR;8;2022-01-27;0;0;0;0;0;0;0;0;0;0;0;0;0;0;0;0;0;0
FR;8;2022-01-28;0;0;0;0;0;0;0;0;0;0;0;0;0;0;0;0;0;0
FR;8;2022-01-29;0;0;0;0;0;0;0;0;0;0;0;0;0;0;0;0;0;0
FR;8;2022-01-30;0;0;0;0;0;0;0;0;0;0;0;0;0;0;0;0;0;0
FR;8;2022-01-31;0;0;0;0;0;0;0;0;0;0;0;0;0;0;0;0;0;0
FR;8;2022-02-01;0;0;0;0;0;0;0;0;0;0;0;0;0;0;0;0;0;0
FR;8;2022-02-02;0;0;0;0;0;0;0;0;0;0;0;0;0;0;0;0;0;0
FR;8;2022-02-03;0;0;0;0;0;0;0;0;0;0;0;0;0;0;0;0;0;0
FR;8;2022-02-04;0;0;0;0;0;0;0;0;0;0;0;0;0;0;0;0;0;0
FR;8;2022-02-05;0;0;0;0;0;0;0;0;0;0;0;0;0;0;0;0;0;0
FR;8;2022-02-06;0;0;0;0;0;0;0;0;0;0;0;0;0;0;0;0;0;0
FR;8;2022-02-07;0;0;0;0;0;0;0;0;0;0;0;0;0;0;0;0;0;0
FR;8;2022-02-08;0;0;0;0;0;0;0;0;0;0;0;0;0;0;0;0;0;0
FR;8;2022-02-09;0;0;0;0;0;0;0;0;0;0;0;0;0;0;0;0;0;0
FR;8;2022-02-10;0;0;0;0;0;0;0;0;0;0;0;0;0;0;0;0;0;0
FR;8;2022-02-11;0;0;0;0;0;0;0;0;0;0;0;0;0;0;0;0;0;0
FR;8;2022-02-12;0;0;0;0;0;0;0;0;0;0;0;0;0;0;0;0;0;0
FR;8;2022-02-13;0;0;0;0;0;0;0;0;0;0;0;0;0;0;0;0;0;0
FR;8;2022-02-14;0;0;0;0;0;0;0;0;0;0;0;0;0;0;0;0;0;0
FR;8;2022-02-15;0;0;0;0;0;0;0;0;0;0;0;0;0;0;0;0;0;0
FR;8;2022-02-16;0;0;0;0;0;0;0;0;0;0;0;0;0;0;0;0;0;0
FR;8;2022-02-17;0;0;0;0;0;0;0;0;0;0;0;0;0;0;0;0;0;0
FR;8;2022-02-18;0;0;0;0;0;0;0;0;0;0;0;0;0;0;0;0;0;0
FR;8;2022-02-19;0;0;0;0;0;0;0;0;0;0;0;0;0;0;0;0;0;0
FR;8;2022-02-20;0;0;0;0;0;0;0;0;0;0;0;0;0;0;0;0;0;0
FR;8;2022-02-21;0;0;0;0;0;0;0;0;0;0;0;0;0;0;0;0;0;0
FR;8;2022-02-22;0;0;0;0;0;0;0;0;0;0;0;0;0;0;0;0;0;0
FR;8;2022-02-23;0;0;0;0;0;0;0;0;0;0;0;0;0;0;0;0;0;0
FR;8;2022-02-24;0;0;0;0;0;0;0;0;0;0;0;0;0;0;0;0;0;0
FR;8;2022-02-25;0;0;0;0;0;0;0;0;0;0;0;0;0;0;0;0;0;0
FR;8;2022-02-26;0;0;0;0;0;0;0;0;0;0;0;0;0;0;0;0;0;0
FR;8;2022-02-27;0;0;0;0;0;0;0;0;0;0;0;0;0;0;0;0;0;0
FR;8;2022-02-28;0;0;0;0;0;0;0;0;0;0;0;0;0;0;0;0;0;0
FR;8;2022-03-01;0;0;0;0;0;0;0;0;0;0;0;0;0;0;0;0;0;0
FR;8;2022-03-02;0;0;0;0;0;0;0;0;0;0;0;0;0;0;0;0;0;0
FR;8;2022-03-03;0;0;0;0;0;0;0;0;0;0;0;0;0;0;0;0;0;0
FR;8;2022-03-04;0;0;0;0;0;0;0;0;0;0;0;0;0;0;0;0;0;0
FR;8;2022-03-05;0;0;0;0;0;0;0;0;0;0;0;0;0;0;0;0;0;0
FR;8;2022-03-06;0;0;0;0;0;0;0;0;0;0;0;0;0;0;0;0;0;0
FR;8;2022-03-07;0;0;0;0;0;0;0;0;0;0;0;0;0;0;0;0;0;0
FR;8;2022-03-08;0;0;0;0;0;0;0;0;0;0;0;0;0;0;0;0;0;0
FR;8;2022-03-09;0;0;0;0;0;0;0;0;0;0;0;0;0;0;0;0;0;0
FR;8;2022-03-10;0;0;0;0;0;0;0;0;0;0;0;0;0;0;0;0;0;0
FR;8;2022-03-11;0;0;0;0;0;0;0;0;0;0;0;0;0;0;0;0;0;0
FR;8;2022-03-12;0;0;0;0;0;0;0;0;0;0;0;0;0;0;0;0;0;0
FR;8;2022-03-13;0;0;0;0;0;0;0;0;0;0;0;0;0;0;0;0;0;0
FR;8;2022-03-14;0;0;0;0;0;0;0;0;0;0;0;0;0;0;0;0;0;0
FR;8;2022-03-15;0;0;0;0;0;0;0;0;0;0;0;0;0;0;0;0;0;0
FR;8;2022-03-16;0;0;0;0;0;0;0;0;0;0;0;0;0;0;0;0;0;0
FR;8;2022-03-17;0;0;0;0;0;0;0;0;0;0;0;0;0;0;0;0;0;0
FR;8;2022-03-18;0;0;0;0;0;0;0;0;0;0;0;0;0;0;0;0;0;0
FR;8;2022-03-19;0;0;0;0;0;0;0;0;0;0;0;0;0;0;0;0;0;0
FR;8;2022-03-20;0;0;0;0;0;0;0;0;0;0;0;0;0;0;0;0;0;0
FR;8;2022-03-21;0;0;0;0;0;0;0;0;0;0;0;0;0;0;0;0;0;0
FR;8;2022-03-22;0;0;0;0;0;0;0;0;0;0;0;0;0;0;0;0;0;0
FR;8;2022-03-23;0;0;0;0;0;0;0;0;0;0;0;0;0;0;0;0;0;0
FR;8;2022-03-24;0;0;0;0;0;0;0;0;0;0;0;0;0;0;0;0;0;0
FR;8;2022-03-25;0;0;0;0;0;0;0;0;0;0;0;0;0;0;0;0;0;0
FR;8;2022-03-26;0;0;0;0;0;0;0;0;0;0;0;0;0;0;0;0;0;0
FR;8;2022-03-27;0;0;0;0;0;0;0;0;0;0;0;0;0;0;0;0;0;0
FR;8;2022-03-28;0;0;0;0;0;0;0;0;0;0;0;0;0;0;0;0;0;0
FR;8;2022-03-29;0;0;0;0;0;0;0;0;0;0;0;0;0;0;0;0;0;0
FR;8;2022-03-30;0;0;0;0;0;0;0;0;0;0;0;0;0;0;0;0;0;0
FR;8;2022-03-31;0;0;0;0;0;0;0;0;0;0;0;0;0;0;0;0;0;0
FR;8;2022-04-01;0;0;0;0;0;0;0;0;0;0;0;0;0;0;0;0;0;0
FR;8;2022-04-02;0;0;0;0;0;0;0;0;0;0;0;0;0;0;0;0;0;0
FR;8;2022-04-03;0;0;0;0;0;0;0;0;0;0;0;0;0;0;0;0;0;0
FR;8;2022-04-04;0;0;0;0;0;0;0;0;0;0;0;0;0;0;0;0;0;0
FR;8;2022-04-05;0;0;0;0;0;0;0;0;0;0;0;0;0;0;0;0;0;0
FR;8;2022-04-06;0;0;0;0;0;0;0;0;0;0;0;0;0;0;0;0;0;0
FR;8;2022-04-07;0;0;0;0;0;0;0;0;0;0;0;0;0;0;0;0;0;0
FR;8;2022-04-08;0;0;0;0;0;0;0;0;0;0;0;0;0;0;0;0;0;0
FR;8;2022-04-09;0;0;0;0;0;0;0;0;0;0;0;0;0;0;0;0;0;0
FR;8;2022-04-10;0;0;0;0;0;0;0;0;0;0;0;0;0;0;0;0;0;0
FR;8;2022-04-11;0;0;0;0;0;0;0;0;0;0;0;0;0;0;0;0;0;0
FR;8;2022-04-12;0;0;0;0;0;0;0;0;0;0;0;0;0;0;0;0;0;0
FR;8;2022-04-13;0;0;0;0;0;0;0;0;0;0;0;0;0;0;0;0;0;0
FR;8;2022-04-14;0;0;0;0;0;0;0;0;0;0;0;0;0;0;0;0;0;0
FR;8;2022-04-15;0;0;0;0;0;0;0;0;0;0;0;0;0;0;0;0;0;0
FR;8;2022-04-16;0;0;0;0;0;0;0;0;0;0;0;0;0;0;0;0;0;0
FR;8;2022-04-17;0;0;0;0;0;0;0;0;0;0;0;0;0;0;0;0;0;0
FR;8;2022-04-18;0;0;0;0;0;0;0;0;0;0;0;0;0;0;0;0;0;0
FR;8;2022-04-19;0;0;0;0;0;0;0;0;0;0;0;0;0;0;0;0;0;0
FR;8;2022-04-20;0;0;0;0;0;0;0;0;0;0;0;0;0;0;0;0;0;0
FR;8;2022-04-21;0;0;0;0;0;0;0;0;0;0;0;0;0;0;0;0;0;0
FR;8;2022-04-22;0;0;0;0;0;0;0;0;0;0;0;0;0;0;0;0;0;0
FR;8;2022-04-23;0;0;0;0;0;0;0;0;0;0;0;0;0;0;0;0;0;0
FR;8;2022-04-24;0;0;0;0;0;0;0;0;0;0;0;0;0;0;0;0;0;0
FR;8;2022-04-25;0;0;0;0;0;0;0;0;0;0;0;0;0;0;0;0;0;0
FR;8;2022-04-26;0;0;0;0;0;0;0;0;0;0;0;0;0;0;0;0;0;0
FR;8;2022-04-27;0;0;0;0;0;0;0;0;0;0;0;0;0;0;0;0;0;0
FR;8;2022-04-28;0;0;0;0;0;0;0;0;0;0;0;0;0;0;0;0;0;0
FR;8;2022-04-29;0;0;0;0;0;0;0;0;0;0;0;0;0;0;0;0;0;0
FR;8;2022-04-30;0;0;0;0;0;0;0;0;0;0;0;0;0;0;0;0;0;0
FR;8;2022-05-01;0;0;0;0;0;0;0;0;0;0;0;0;0;0;0;0;0;0
FR;8;2022-05-02;0;0;0;0;0;0;0;0;0;0;0;0;0;0;0;0;0;0
FR;8;2022-05-03;0;0;0;0;0;0;0;0;0;0;0;0;0;0;0;0;0;0
FR;8;2022-05-04;0;0;0;0;0;0;0;0;0;0;0;0;0;0;0;0;0;0
FR;8;2022-05-05;0;0;0;0;0;0;0;0;0;0;0;0;0;0;0;0;0;0
FR;8;2022-05-06;0;0;0;0;0;0;0;0;0;0;0;0;0;0;0;0;0;0
FR;8;2022-05-07;0;0;0;0;0;0;0;0;0;0;0;0;0;0;0;0;0;0
FR;8;2022-05-08;0;0;0;0;0;0;0;0;0;0;0;0;0;0;0;0;0;0
FR;8;2022-05-09;0;0;0;0;0;0;0;0;0;0;0;0;0;0;0;0;0;0
FR;8;2022-05-10;0;0;0;0;0;0;0;0;0;0;0;0;0;0;0;0;0;0
FR;8;2022-05-11;0;0;0;0;0;0;0;0;0;0;0;0;0;0;0;0;0;0
FR;8;2022-05-12;0;0;0;0;0;0;0;0;0;0;0;0;0;0;0;0;0;0
FR;8;2022-05-13;0;0;0;0;0;0;0;0;0;0;0;0;0;0;0;0;0;0
FR;8;2022-05-14;0;0;0;0;0;0;0;0;0;0;0;0;0;0;0;0;0;0
FR;8;2022-05-15;0;0;0;0;0;0;0;0;0;0;0;0;0;0;0;0;0;0
FR;8;2022-05-16;0;0;0;0;0;0;0;0;0;0;0;0;0;0;0;0;0;0
FR;8;2022-05-17;0;0;0;0;0;0;0;0;0;0;0;0;0;0;0;0;0;0
FR;8;2022-05-18;0;0;0;0;0;0;0;0;0;0;0;0;0;0;0;0;0;0
FR;8;2022-05-19;0;0;0;0;0;0;0;0;0;0;0;0;0;0;0;0;0;0
FR;8;2022-05-20;0;0;0;0;0;0;0;0;0;0;0;0;0;0;0;0;0;0
FR;8;2022-05-21;0;0;0;0;0;0;0;0;0;0;0;0;0;0;0;0;0;0
FR;8;2022-05-22;0;0;0;0;0;0;0;0;0;0;0;0;0;0;0;0;0;0
FR;8;2022-05-23;0;0;0;0;0;0;0;0;0;0;0;0;0;0;0;0;0;0
FR;8;2022-05-24;0;0;0;0;0;0;0;0;0;0;0;0;0;0;0;0;0;0
FR;8;2022-05-25;0;0;0;0;0;0;0;0;0;0;0;0;0;0;0;0;0;0
FR;8;2022-05-26;0;0;0;0;0;0;0;0;0;0;0;0;0;0;0;0;0;0
FR;8;2022-05-27;0;0;0;0;0;0;0;0;0;0;0;0;0;0;0;0;0;0
FR;8;2022-05-28;0;0;0;0;0;0;0;0;0;0;0;0;0;0;0;0;0;0
FR;8;2022-05-29;0;0;0;0;0;0;0;0;0;0;0;0;0;0;0;0;0;0
FR;8;2022-05-30;0;0;0;0;0;0;0;0;0;0;0;0;0;0;0;0;0;0
FR;8;2022-05-31;0;0;0;0;0;0;0;0;0;0;0;0;0;0;0;0;0;0
FR;8;2022-06-01;0;0;0;0;0;0;0;0;0;0;0;0;0;0;0;0;0;0
FR;8;2022-06-02;0;0;0;0;0;0;0;0;0;0;0;0;0;0;0;0;0;0
FR;8;2022-06-03;0;0;0;0;0;0;0;0;0;0;0;0;0;0;0;0;0;0
FR;8;2022-06-04;0;0;0;0;0;0;0;0;0;0;0;0;0;0;0;0;0;0
FR;8;2022-06-05;0;0;0;0;0;0;0;0;0;0;0;0;0;0;0;0;0;0
FR;8;2022-06-06;0;0;0;0;0;0;0;0;0;0;0;0;0;0;0;0;0;0
FR;8;2022-06-07;0;0;0;0;0;0;0;0;0;0;0;0;0;0;0;0;0;0
FR;8;2022-06-08;0;0;0;0;0;0;0;0;0;0;0;0;0;0;0;0;0;0
FR;8;2022-06-09;0;0;0;0;0;0;0;0;0;0;0;0;0;0;0;0;0;0
FR;8;2022-06-10;0;0;0;0;0;0;0;0;0;0;0;0;0;0;0;0;0;0
FR;8;2022-06-11;0;0;0;0;0;0;0;0;0;0;0;0;0;0;0;0;0;0
FR;8;2022-06-12;0;0;0;0;0;0;0;0;0;0;0;0;0;0;0;0;0;0
FR;8;2022-06-13;0;0;0;0;0;0;0;0;0;0;0;0;0;0;0;0;0;0
FR;8;2022-06-14;0;0;0;0;0;0;0;0;0;0;0;0;0;0;0;0;0;0
FR;8;2022-06-15;0;0;0;0;0;0;0;0;0;0;0;0;0;0;0;0;0;0
FR;8;2022-06-16;0;0;0;0;0;0;0;0;0;0;0;0;0;0;0;0;0;0
FR;8;2022-06-17;0;0;0;0;0;0;0;0;0;0;0;0;0;0;0;0;0;0
FR;8;2022-06-18;0;0;0;0;0;0;0;0;0;0;0;0;0;0;0;0;0;0
FR;8;2022-06-19;0;0;0;0;0;0;0;0;0;0;0;0;0;0;0;0;0;0
FR;8;2022-06-20;0;0;0;0;0;0;0;0;0;0;0;0;0;0;0;0;0;0
FR;8;2022-06-21;0;0;0;0;0;0;0;0;0;0;0;0;0;0;0;0;0;0
FR;8;2022-06-22;0;0;0;0;0;0;0;0;0;0;0;0;0;0;0;0;0;0
FR;8;2022-06-23;0;0;0;0;0;0;0;0;0;0;0;0;0;0;0;0;0;0
FR;8;2022-06-24;0;0;0;0;0;0;0;0;0;0;0;0;0;0;0;0;0;0
FR;8;2022-06-25;0;0;0;0;0;0;0;0;0;0;0;0;0;0;0;0;0;0
FR;8;2022-06-26;0;0;0;0;0;0;0;0;0;0;0;0;0;0;0;0;0;0
FR;8;2022-06-27;0;0;0;0;0;0;0;0;0;0;0;0;0;0;0;0;0;0
FR;8;2022-06-28;0;0;0;0;0;0;0;0;0;0;0;0;0;0;0;0;0;0
FR;8;2022-06-29;0;0;0;0;0;0;0;0;0;0;0;0;0;0;0;0;0;0
FR;8;2022-06-30;0;0;0;0;0;0;0;0;0;0;0;0;0;0;0;0;0;0
FR;8;2022-07-01;0;0;0;0;0;0;0;0;0;0;0;0;0;0;0;0;0;0
FR;8;2022-07-02;0;0;0;0;0;0;0;0;0;0;0;0;0;0;0;0;0;0
FR;8;2022-07-03;0;0;0;0;0;0;0;0;0;0;0;0;0;0;0;0;0;0
FR;8;2022-07-04;0;0;0;0;0;0;0;0;0;0;0;0;0;0;0;0;0;0
FR;8;2022-07-05;0;0;0;0;0;0;0;0;0;0;0;0;0;0;0;0;0;0
FR;8;2022-07-06;0;0;0;0;0;0;0;0;0;0;0;0;0;0;0;0;0;0
FR;8;2022-07-07;0;0;0;0;0;0;0;0;0;0;0;0;0;0;0;0;0;0
FR;8;2022-07-08;0;0;0;0;0;0;0;0;0;0;0;0;0;0;0;0;0;0
FR;8;2022-07-09;0;0;0;0;0;0;0;0;0;0;0;0;0;0;0;0;0;0
FR;8;2022-07-10;0;0;0;0;0;0;0;0;0;0;0;0;0;0;0;0;0;0
FR;8;2022-07-11;0;0;0;0;0;0;0;0;0;0;0;0;0;0;0;0;0;0
FR;8;2022-07-12;0;0;0;0;0;0;0;0;0;0;0;0;0;0;0;0;0;0
FR;8;2022-07-13;0;0;0;0;0;0;0;0;0;0;0;0;0;0;0;0;0;0
FR;8;2022-07-14;0;0;0;0;0;0;0;0;0;0;0;0;0;0;0;0;0;0
FR;8;2022-07-15;0;0;0;0;0;0;0;0;0;0;0;0;0;0;0;0;0;0
FR;8;2022-07-16;0;0;0;0;0;0;0;0;0;0;0;0;0;0;0;0;0;0
FR;8;2022-07-17;0;0;0;0;0;0;0;0;0;0;0;0;0;0;0;0;0;0
FR;8;2022-07-18;0;0;0;0;0;0;0;0;0;0;0;0;0;0;0;0;0;0
FR;8;2022-07-19;0;0;0;0;0;0;0;0;0;0;0;0;0;0;0;0;0;0
FR;8;2022-07-20;0;0;0;0;0;0;0;0;0;0;0;0;0;0;0;0;0;0
FR;8;2022-07-21;0;0;0;0;0;0;0;0;0;0;0;0;0;0;0;0;0;0
FR;8;2022-07-22;0;0;0;0;0;0;0;0;0;0;0;0;0;0;0;0;0;0
FR;8;2022-07-23;0;0;0;0;0;0;0;0;0;0;0;0;0;0;0;0;0;0
FR;8;2022-07-24;0;0;0;0;0;0;0;0;0;0;0;0;0;0;0;0;0;0
FR;8;2022-07-25;0;0;0;0;0;0;0;0;0;0;0;0;0;0;0;0;0;0
FR;8;2022-07-26;0;0;0;0;0;0;0;0;0;0;0;0;0;0;0;0;0;0
FR;8;2022-07-27;0;0;0;0;0;0;0;0;0;0;0;0;0;0;0;0;0;0
FR;8;2022-07-28;0;0;0;0;0;0;0;0;0;0;0;0;0;0;0;0;0;0
FR;8;2022-07-29;0;0;0;0;0;0;0;0;0;0;0;0;0;0;0;0;0;0
FR;8;2022-07-30;0;0;0;0;0;0;0;0;0;0;0;0;0;0;0;0;0;0
FR;8;2022-07-31;0;0;0;0;0;0;0;0;0;0;0;0;0;0;0;0;0;0
FR;8;2022-08-01;0;0;0;0;0;0;0;0;0;0;0;0;0;0;0;0;0;0
FR;8;2022-08-02;0;0;0;0;0;0;0;0;0;0;0;0;0;0;0;0;0;0
FR;8;2022-08-03;0;0;0;0;0;0;0;0;0;0;0;0;0;0;0;0;0;0
FR;8;2022-08-04;0;0;0;0;0;0;0;0;0;0;0;0;0;0;0;0;0;0
FR;8;2022-08-05;0;0;0;0;0;0;0;0;0;0;0;0;0;0;0;0;0;0
FR;8;2022-08-06;0;0;0;0;0;0;0;0;0;0;0;0;0;0;0;0;0;0
FR;8;2022-08-07;0;0;0;0;0;0;0;0;0;0;0;0;0;0;0;0;0;0
FR;8;2022-08-08;0;0;0;0;0;0;0;0;0;0;0;0;0;0;0;0;0;0
FR;8;2022-08-09;0;0;0;0;0;0;0;0;0;0;0;0;0;0;0;0;0;0
FR;8;2022-08-10;0;0;0;0;0;0;0;0;0;0;0;0;0;0;0;0;0;0
FR;8;2022-08-11;0;0;0;0;0;0;0;0;0;0;0;0;0;0;0;0;0;0
FR;8;2022-08-12;0;0;0;0;0;0;0;0;0;0;0;0;0;0;0;0;0;0
FR;8;2022-08-13;0;0;0;0;0;0;0;0;0;0;0;0;0;0;0;0;0;0
FR;8;2022-08-14;0;0;0;0;0;0;0;0;0;0;0;0;0;0;0;0;0;0
FR;8;2022-08-15;0;0;0;0;0;0;0;0;0;0;0;0;0;0;0;0;0;0
FR;8;2022-08-16;0;0;0;0;0;0;0;0;0;0;0;0;0;0;0;0;0;0
FR;8;2022-08-17;0;0;0;0;0;0;0;0;0;0;0;0;0;0;0;0;0;0
FR;8;2022-08-18;0;0;0;0;0;0;0;0;0;0;0;0;0;0;0;0;0;0
FR;8;2022-08-19;0;0;0;0;0;0;0;0;0;0;0;0;0;0;0;0;0;0
FR;8;2022-08-20;0;0;0;0;0;0;0;0;0;0;0;0;0;0;0;0;0;0
FR;8;2022-08-21;0;0;0;0;0;0;0;0;0;0;0;0;0;0;0;0;0;0
FR;8;2022-08-22;0;0;0;0;0;0;0;0;0;0;0;0;0;0;0;0;0;0
FR;8;2022-08-23;0;0;0;0;0;0;0;0;0;0;0;0;0;0;0;0;0;0
FR;8;2022-08-24;0;0;0;0;0;0;0;0;0;0;0;0;0;0;0;0;0;0
FR;8;2022-08-25;0;0;0;0;0;0;0;0;0;0;0;0;0;0;0;0;0;0
FR;8;2022-08-26;0;0;0;0;0;0;0;0;0;0;0;0;0;0;0;0;0;0
FR;8;2022-08-27;0;0;0;0;0;0;0;0;0;0;0;0;0;0;0;0;0;0
FR;8;2022-08-28;0;0;0;0;0;0;0;0;0;0;0;0;0;0;0;0;0;0
FR;8;2022-08-29;0;0;0;0;0;0;0;0;0;0;0;0;0;0;0;0;0;0
FR;8;2022-08-30;0;0;0;0;0;0;0;0;0;0;0;0;0;0;0;0;0;0
FR;8;2022-08-31;0;0;0;0;0;0;0;0;0;0;0;0;0;0;0;0;0;0
FR;8;2022-09-01;0;0;0;0;0;0;0;0;0;0;0;0;0;0;0;0;0;0
FR;8;2022-09-02;0;0;0;0;0;0;0;0;0;0;0;0;0;0;0;0;0;0
FR;8;2022-09-03;0;0;0;0;0;0;0;0;0;0;0;0;0;0;0;0;0;0
FR;8;2022-09-04;0;0;0;0;0;0;0;0;0;0;0;0;0;0;0;0;0;0
FR;8;2022-09-05;0;0;0;0;0;0;0;0;0;0;0;0;0;0;0;0;0;0
FR;8;2022-09-06;0;0;0;0;0;0;0;0;0;0;0;0;0;0;0;0;0;0
FR;8;2022-09-07;0;0;0;0;0;0;0;0;0;0;0;0;0;0;0;0;0;0
FR;8;2022-09-08;0;0;0;0;0;0;0;0;0;0;0;0;0;0;0;0;0;0
FR;8;2022-09-09;0;0;0;0;0;0;0;0;0;0;0;0;0;0;0;0;0;0
FR;8;2022-09-10;0;0;0;0;0;0;0;0;0;0;0;0;0;0;0;0;0;0
FR;8;2022-09-11;0;0;0;0;0;0;0;0;0;0;0;0;0;0;0;0;0;0
FR;8;2022-09-12;0;0;0;0;0;0;0;0;0;0;0;0;0;0;0;0;0;0
FR;8;2022-09-13;0;0;0;0;0;0;0;0;0;0;0;0;0;0;0;0;0;0
FR;8;2022-09-14;0;0;0;0;0;0;0;0;0;0;0;0;0;0;0;0;0;0
FR;8;2022-09-15;0;0;0;0;0;0;0;0;0;0;0;0;0;0;0;0;0;0
FR;8;2022-09-16;0;0;0;0;0;0;0;0;0;0;0;0;0;0;0;0;0;0
FR;8;2022-09-17;0;0;0;0;0;0;0;0;0;0;0;0;0;0;0;0;0;0
FR;8;2022-09-18;0;0;0;0;0;0;0;0;0;0;0;0;0;0;0;0;0;0
FR;8;2022-09-19;0;0;0;0;0;0;0;0;0;0;0;0;0;0;0;0;0;0
FR;8;2022-09-20;0;0;0;0;0;0;0;0;0;0;0;0;0;0;0;0;0;0
FR;8;2022-09-21;0;0;0;0;0;0;0;0;0;0;0;0;0;0;0;0;0;0
FR;8;2022-09-22;0;0;0;0;0;0;0;0;0;0;0;0;0;0;0;0;0;0
FR;8;2022-09-23;0;0;0;0;0;0;0;0;0;0;0;0;0;0;0;0;0;0
FR;8;2022-09-24;0;0;0;0;0;0;0;0;0;0;0;0;0;0;0;0;0;0
FR;8;2022-09-25;0;0;0;0;0;0;0;0;0;0;0;0;0;0;0;0;0;0
FR;8;2022-09-26;0;0;0;0;0;0;0;0;0;0;0;0;0;0;0;0;0;0
FR;8;2022-09-27;0;0;0;0;0;0;0;0;0;0;0;0;0;0;0;0;0;0
FR;8;2022-09-28;0;0;0;0;0;0;0;0;0;0;0;0;0;0;0;0;0;0
FR;8;2022-09-29;0;0;0;0;0;0;0;0;0;0;0;0;0;0;0;0;0;0
FR;8;2022-09-30;0;0;0;0;0;0;0;0;0;0;0;0;0;0;0;0;0;0
FR;8;2022-10-01;0;0;0;0;0;0;0;0;0;0;0;0;0;0;0;0;0;0
FR;8;2022-10-02;0;0;0;0;0;0;0;0;0;0;0;0;0;0;0;0;0;0
FR;8;2022-10-03;0;0;0;0;0;0;0;0;0;0;0;0;0;0;0;0;0;0
FR;8;2022-10-04;0;0;0;0;0;0;0;0;0;0;0;0;0;0;0;0;0;0
FR;8;2022-10-05;0;0;0;0;0;0;0;0;0;0;0;0;0;0;0;0;0;0
FR;8;2022-10-06;7;17;110;856;8;80;861;1051;110;7;17;110;856;8;80;861;1051;110
FR;8;2022-10-07;68;101;842;8005;62;699;8057;9833;1070;75;118;952;8861;70;779;8918;10884;1180
FR;8;2022-10-08;35;115;610;4052;50;516;4104;5304;675;110;233;1562;12913;120;1295;13022;16188;1855
FR;8;2022-10-09;17;22;145;883;13;132;911;1231;184;127;255;1707;13796;133;1427;13933;17419;2039
FR;8;2022-10-10;114;192;1340;12673;106;1025;12906;16164;2213;241;447;3047;26469;239;2452;26839;33583;4252
FR;8;2022-10-11;174;261;2474;26835;136;2009;27108;33845;4692;415;708;5521;53304;375;4461;53947;67428;8944
FR;8;2022-10-12;149;254;1828;18191;147;1439;18425;23418;3530;564;962;7349;71495;522;5900;72372;90846;12474
FR;8;2022-10-13;204;275;2502;28006;172;1899;28379;35511;5205;768;1237;9851;99501;694;7799;100751;126357;17679
FR;8;2022-10-14;253;419;3271;36209;240;2554;36641;45523;6286;1021;1656;13122;135710;934;10353;137392;171880;23965
FR;8;2022-10-15;102;181;1197;8794;78;998;8922;11769;1829;1123;1837;14319;144504;1012;11351;146314;183649;25794
FR;8;2022-10-16;34;54;247;1519;26;214;1554;2173;400;1157;1891;14566;146023;1038;11565;147868;185822;26194
FR;8;2022-10-17;156;306;2092;21722;171;1619;22024;28149;4484;1313;2197;16658;167745;1209;13184;169892;213971;30678
FR;8;2022-10-18;265;346;3350;37776;223;2649;38156;50657;9780;1578;2543;20008;205521;1432;15833;208048;264628;40458
FR;8;2022-10-19;189;312;2623;28186;180;2177;28508;38471;7727;1767;2855;22631;233707;1612;18010;236556;303099;48185
FR;8;2022-10-20;249;363;3573;41059;221;2627;41690;55448;11046;2016;3218;26204;274766;1833;20637;278246;358547;59231
FR;8;2022-10-21;324;489;4441;49331;277;3456;49931;66174;12690;2340;3707;30645;324097;2110;24093;328177;424721;71921
FR;8;2022-10-22;121;167;1226;10637;109;920;10825;14702;2939;2461;3874;31871;334734;2219;25013;339002;439423;74860
FR;8;2022-10-23;48;52;266;1750;47;197;1829;2594;567;2509;3926;32137;336484;2266;25210;340831;442017;75427
FR;8;2022-10-24;228;310;2467;23974;172;2059;24281;33416;7026;2737;4236;34604;360458;2438;27269;365112;475433;82453
FR;8;2022-10-25;306;409;4067;43278;253;3125;43877;61012;13907;3043;4645;38671;403736;2691;30394;408989;536445;96360
FR;8;2022-10-26;218;338;2853;28519;180;2346;28833;40946;9680;3261;4983;41524;432255;2871;32740;437822;577391;106040
FR;8;2022-10-27;272;412;3310;36030;240;2619;36524;50924;11717;3533;5395;44834;468285;3111;35359;474346;628315;117757
FR;8;2022-10-28;323;460;3816;39256;254;2849;39993;54698;11789;3856;5855;48650;507541;3365;38208;514339;683013;129546
FR;8;2022-10-29;108;165;1070;8209;94;798;8354;11820;2651;3964;6020;49720;515750;3459;39006;522693;694833;132197
FR;8;2022-10-30;40;52;208;1328;37;179;1372;2020;465;4004;6072;49928;517078;3496;39185;524065;696853;132662
FR;8;2022-10-31;195;250;1652;14443;136;1263;14704;20936;4952;4199;6322;51580;531521;3632;40448;538769;717789;137614
FR;8;2022-11-01;23;36;123;910;19;149;915;1490;424;4222;6358;51703;532431;3651;40597;539684;719279;138038
FR;8;2022-11-02;189;367;2357;23142;200;1960;23516;34633;9091;4411;6725;54060;555573;3851;42557;563200;753912;147129
FR;8;2022-11-03;304;411;3447;36540;249;2569;37195;53808;13948;4715;7136;57507;592113;4100;45126;600395;807720;161077
FR;8;2022-11-04;347;489;3765;40044;251;2960;40560;57678;14047;5062;7625;61272;632157;4351;48086;640955;865398;175124
FR;8;2022-11-05;111;182;1093;8714;117;840;8870;12784;3039;5173;7807;62365;640871;4468;48926;649825;878182;178163
FR;8;2022-11-06;40;55;220;1376;35;205;1405;2175;555;5213;7862;62585;642247;4503;49131;651230;880357;178718
FR;8;2022-11-07;216;274;2280;24403;199;1757;24957;36798;10017;5429;8136;64865;666650;4702;50888;676187;917155;188735
FR;8;2022-11-08;331;492;4292;47988;289;3219;48900;70520;18243;5760;8628;69157;714638;4991;54107;725087;987675;206978
FR;8;2022-11-09;248;359;2822;28925;204;2214;29607;43876;11977;6008;8987;71979;743563;5195;56321;754694;1031551;218955
FR;8;2022-11-10;353;524;3915;39890;294;2978;40804;59658;15745;6361;9511;75894;783453;5489;59299;795498;1091209;234700
FR;8;2022-11-11;37;63;236;1448;30;200;1491;2584;880;6398;9574;76130;784901;5519;59499;796989;1093793;235580
FR;8;2022-11-12;83;165;880;6406;79;685;6612;9841;2526;6481;9739;77010;791307;5598;60184;803601;1103634;238106
FR;8;2022-11-13;35;54;210;1094;34;171;1142;1888;569;6516;9793;77220;792401;5632;60355;804743;1105522;238675
FR;8;2022-11-14;219;296;2195;22090;156;1692;22612;34403;10027;6735;10089;79415;814491;5788;62047;827355;1139925;248702
FR;8;2022-11-15;328;411;3705;41831;244;2795;42741;63690;18025;7063;10500;83120;856322;6032;64842;870096;1203615;266727
FR;8;2022-11-16;286;342;2558;25983;208;2103;26412;40610;12014;7349;10842;85678;882305;6240;66945;896508;1244225;278741
FR;8;2022-11-17;351;412;3317;36352;268;2540;36899;55364;15834;7700;11254;88995;918657;6508;69485;933407;1299589;294575
FR;8;2022-11-18;327;453;4008;41791;268;2915;42612;62631;17001;8027;11707;93003;960448;6776;72400;976019;1362220;311576
FR;8;2022-11-19;113;173;1187;8856;108;816;9047;13597;3699;8140;11880;94190;969304;6884;73216;985066;1375817;315275
FR;8;2022-11-20;33;46;253;1546;32;204;1618;2577;751;8173;11926;94443;970850;6916;73420;986684;1378394;316026
FR;8;2022-11-21;199;294;2005;19642;167;1506;20158;31097;9372;8372;12220;96448;990492;7083;74926;1006842;1409491;325398
FR;8;2022-11-22;322;379;3340;36468;226;2514;36990;56022;16409;8694;12599;99788;1026960;7309;77440;1043832;1465513;341807
FR;8;2022-11-23;204;299;2303;23632;162;1875;24016;37428;11465;8898;12898;102091;1050592;7471;79315;1067848;1502941;353272
FR;8;2022-11-24;325;360;3210;33804;215;2431;34380;52677;15776;9223;13258;105301;1084396;7686;81746;1102228;1555618;369048
FR;8;2022-11-25;292;400;3536;36769;259;2523;37592;56129;15896;9515;13658;108837;1121165;7945;84269;1139820;1611747;384944
FR;8;2022-11-26;158;188;1156;8624;121;872;8793;13378;3682;9673;13846;109993;1129789;8066;85141;1148613;1625125;388626
FR;8;2022-11-27;42;35;218;1483;30;170;1496;2354;679;9715;13881;110211;1131272;8096;85311;1150109;1627479;389305
FR;8;2022-11-28;160;276;2171;22442;152;1594;23005;35210;10549;9875;14157;112382;1153714;8248;86905;1173114;1662689;399854
FR;8;2022-11-29;259;389;3705;41658;182;2710;42326;64640;19494;10134;14546;116087;1195372;8430;89615;1215440;1727329;419348
FR;9;2020-12-27;0;0;0;0;0;0;0;0;0;0;0;0;0;0;0;0;0;0
FR;9;2020-12-28;0;0;0;0;0;0;0;0;0;0;0;0;0;0;0;0;0;0
FR;9;2020-12-29;0;0;0;0;0;0;0;0;0;0;0;0;0;0;0;0;0;0
FR;9;2020-12-30;0;0;0;0;0;0;0;0;0;0;0;0;0;0;0;0;0;0
FR;9;2020-12-31;0;0;0;0;0;0;0;0;0;0;0;0;0;0;0;0;0;0
FR;9;2021-01-01;0;0;0;0;0;0;0;0;0;0;0;0;0;0;0;0;0;0
FR;9;2021-01-02;0;0;0;0;0;0;0;0;0;0;0;0;0;0;0;0;0;0
FR;9;2021-01-03;0;0;0;0;0;0;0;0;0;0;0;0;0;0;0;0;0;0
FR;9;2021-01-04;0;0;0;0;0;0;0;0;0;0;0;0;0;0;0;0;0;0
FR;9;2021-01-05;0;0;0;0;0;0;0;0;0;0;0;0;0;0;0;0;0;0
FR;9;2021-01-06;0;0;0;0;0;0;0;0;0;0;0;0;0;0;0;0;0;0
FR;9;2021-01-07;0;0;0;0;0;0;0;0;0;0;0;0;0;0;0;0;0;0
FR;9;2021-01-08;0;0;0;0;0;0;0;0;0;0;0;0;0;0;0;0;0;0
FR;9;2021-01-09;0;0;0;0;0;0;0;0;0;0;0;0;0;0;0;0;0;0
FR;9;2021-01-10;0;0;0;0;0;0;0;0;0;0;0;0;0;0;0;0;0;0
FR;9;2021-01-11;0;0;0;0;0;0;0;0;0;0;0;0;0;0;0;0;0;0
FR;9;2021-01-12;0;0;0;0;0;0;0;0;0;0;0;0;0;0;0;0;0;0
FR;9;2021-01-13;0;0;0;0;0;0;0;0;0;0;0;0;0;0;0;0;0;0
FR;9;2021-01-14;0;0;0;0;0;0;0;0;0;0;0;0;0;0;0;0;0;0
FR;9;2021-01-15;0;0;0;0;0;0;0;0;0;0;0;0;0;0;0;0;0;0
FR;9;2021-01-16;0;0;0;0;0;0;0;0;0;0;0;0;0;0;0;0;0;0
FR;9;2021-01-17;0;0;0;0;0;0;0;0;0;0;0;0;0;0;0;0;0;0
FR;9;2021-01-18;0;0;0;0;0;0;0;0;0;0;0;0;0;0;0;0;0;0
FR;9;2021-01-19;0;0;0;0;0;0;0;0;0;0;0;0;0;0;0;0;0;0
FR;9;2021-01-20;0;0;0;0;0;0;0;0;0;0;0;0;0;0;0;0;0;0
FR;9;2021-01-21;0;0;0;0;0;0;0;0;0;0;0;0;0;0;0;0;0;0
FR;9;2021-01-22;0;0;0;0;0;0;0;0;0;0;0;0;0;0;0;0;0;0
FR;9;2021-01-23;0;0;0;0;0;0;0;0;0;0;0;0;0;0;0;0;0;0
FR;9;2021-01-24;0;0;0;0;0;0;0;0;0;0;0;0;0;0;0;0;0;0
FR;9;2021-01-25;0;0;0;0;0;0;0;0;0;0;0;0;0;0;0;0;0;0
FR;9;2021-01-26;0;0;0;0;0;0;0;0;0;0;0;0;0;0;0;0;0;0
FR;9;2021-01-27;0;0;0;0;0;0;0;0;0;0;0;0;0;0;0;0;0;0
FR;9;2021-01-28;0;0;0;0;0;0;0;0;0;0;0;0;0;0;0;0;0;0
FR;9;2021-01-29;0;0;0;0;0;0;0;0;0;0;0;0;0;0;0;0;0;0
FR;9;2021-01-30;0;0;0;0;0;0;0;0;0;0;0;0;0;0;0;0;0;0
FR;9;2021-01-31;0;0;0;0;0;0;0;0;0;0;0;0;0;0;0;0;0;0
FR;9;2021-02-01;0;0;0;0;0;0;0;0;0;0;0;0;0;0;0;0;0;0
FR;9;2021-02-02;0;0;0;0;0;0;0;0;0;0;0;0;0;0;0;0;0;0
FR;9;2021-02-03;0;0;0;0;0;0;0;0;0;0;0;0;0;0;0;0;0;0
FR;9;2021-02-04;0;0;0;0;0;0;0;0;0;0;0;0;0;0;0;0;0;0
FR;9;2021-02-05;0;0;0;0;0;0;0;0;0;0;0;0;0;0;0;0;0;0
FR;9;2021-02-06;0;0;0;0;0;0;0;0;0;0;0;0;0;0;0;0;0;0
FR;9;2021-02-07;0;0;0;0;0;0;0;0;0;0;0;0;0;0;0;0;0;0
FR;9;2021-02-08;0;0;0;0;0;0;0;0;0;0;0;0;0;0;0;0;0;0
FR;9;2021-02-09;0;0;0;0;0;0;0;0;0;0;0;0;0;0;0;0;0;0
FR;9;2021-02-10;0;0;0;0;0;0;0;0;0;0;0;0;0;0;0;0;0;0
FR;9;2021-02-11;0;0;0;0;0;0;0;0;0;0;0;0;0;0;0;0;0;0
FR;9;2021-02-12;0;0;0;0;0;0;0;0;0;0;0;0;0;0;0;0;0;0
FR;9;2021-02-13;0;0;0;0;0;0;0;0;0;0;0;0;0;0;0;0;0;0
FR;9;2021-02-14;0;0;0;0;0;0;0;0;0;0;0;0;0;0;0;0;0;0
FR;9;2021-02-15;0;0;0;0;0;0;0;0;0;0;0;0;0;0;0;0;0;0
FR;9;2021-02-16;0;0;0;0;0;0;0;0;0;0;0;0;0;0;0;0;0;0
FR;9;2021-02-17;0;0;0;0;0;0;0;0;0;0;0;0;0;0;0;0;0;0
FR;9;2021-02-18;0;0;0;0;0;0;0;0;0;0;0;0;0;0;0;0;0;0
FR;9;2021-02-19;0;0;0;0;0;0;0;0;0;0;0;0;0;0;0;0;0;0
FR;9;2021-02-20;0;0;0;0;0;0;0;0;0;0;0;0;0;0;0;0;0;0
FR;9;2021-02-21;0;0;0;0;0;0;0;0;0;0;0;0;0;0;0;0;0;0
FR;9;2021-02-22;0;0;0;0;0;0;0;0;0;0;0;0;0;0;0;0;0;0
FR;9;2021-02-23;0;0;0;0;0;0;0;0;0;0;0;0;0;0;0;0;0;0
FR;9;2021-02-24;0;0;0;0;0;0;0;0;0;0;0;0;0;0;0;0;0;0
FR;9;2021-02-25;0;0;0;0;0;0;0;0;0;0;0;0;0;0;0;0;0;0
FR;9;2021-02-26;0;0;0;0;0;0;0;0;0;0;0;0;0;0;0;0;0;0
FR;9;2021-02-27;0;0;0;0;0;0;0;0;0;0;0;0;0;0;0;0;0;0
FR;9;2021-02-28;0;0;0;0;0;0;0;0;0;0;0;0;0;0;0;0;0;0
FR;9;2021-03-01;0;0;0;0;0;0;0;0;0;0;0;0;0;0;0;0;0;0
FR;9;2021-03-02;0;0;0;0;0;0;0;0;0;0;0;0;0;0;0;0;0;0
FR;9;2021-03-03;0;0;0;0;0;0;0;0;0;0;0;0;0;0;0;0;0;0
FR;9;2021-03-04;0;0;0;0;0;0;0;0;0;0;0;0;0;0;0;0;0;0
FR;9;2021-03-05;0;0;0;0;0;0;0;0;0;0;0;0;0;0;0;0;0;0
FR;9;2021-03-06;0;0;0;0;0;0;0;0;0;0;0;0;0;0;0;0;0;0
FR;9;2021-03-07;0;0;0;0;0;0;0;0;0;0;0;0;0;0;0;0;0;0
FR;9;2021-03-08;0;0;0;0;0;0;0;0;0;0;0;0;0;0;0;0;0;0
FR;9;2021-03-09;0;0;0;0;0;0;0;0;0;0;0;0;0;0;0;0;0;0
FR;9;2021-03-10;0;0;0;0;0;0;0;0;0;0;0;0;0;0;0;0;0;0
FR;9;2021-03-11;0;0;0;0;0;0;0;0;0;0;0;0;0;0;0;0;0;0
FR;9;2021-03-12;0;0;0;0;0;0;0;0;0;0;0;0;0;0;0;0;0;0
FR;9;2021-03-13;0;0;0;0;0;0;0;0;0;0;0;0;0;0;0;0;0;0
FR;9;2021-03-14;0;0;0;0;0;0;0;0;0;0;0;0;0;0;0;0;0;0
FR;9;2021-03-15;0;0;0;0;0;0;0;0;0;0;0;0;0;0;0;0;0;0
FR;9;2021-03-16;0;0;0;0;0;0;0;0;0;0;0;0;0;0;0;0;0;0
FR;9;2021-03-17;0;0;0;0;0;0;0;0;0;0;0;0;0;0;0;0;0;0
FR;9;2021-03-18;0;0;0;0;0;0;0;0;0;0;0;0;0;0;0;0;0;0
FR;9;2021-03-19;0;0;0;0;0;0;0;0;0;0;0;0;0;0;0;0;0;0
FR;9;2021-03-20;0;0;0;0;0;0;0;0;0;0;0;0;0;0;0;0;0;0
FR;9;2021-03-21;0;0;0;0;0;0;0;0;0;0;0;0;0;0;0;0;0;0
FR;9;2021-03-22;0;0;0;0;0;0;0;0;0;0;0;0;0;0;0;0;0;0
FR;9;2021-03-23;0;0;0;0;0;0;0;0;0;0;0;0;0;0;0;0;0;0
FR;9;2021-03-24;0;0;0;0;0;0;0;0;0;0;0;0;0;0;0;0;0;0
FR;9;2021-03-25;0;0;0;0;0;0;0;0;0;0;0;0;0;0;0;0;0;0
FR;9;2021-03-26;0;0;0;0;0;0;0;0;0;0;0;0;0;0;0;0;0;0
FR;9;2021-03-27;0;0;0;0;0;0;0;0;0;0;0;0;0;0;0;0;0;0
FR;9;2021-03-28;0;0;0;0;0;0;0;0;0;0;0;0;0;0;0;0;0;0
FR;9;2021-03-29;0;0;0;0;0;0;0;0;0;0;0;0;0;0;0;0;0;0
FR;9;2021-03-30;0;0;0;0;0;0;0;0;0;0;0;0;0;0;0;0;0;0
FR;9;2021-03-31;0;0;0;0;0;0;0;0;0;0;0;0;0;0;0;0;0;0
FR;9;2021-04-01;0;0;0;0;0;0;0;0;0;0;0;0;0;0;0;0;0;0
FR;9;2021-04-02;0;0;0;0;0;0;0;0;0;0;0;0;0;0;0;0;0;0
FR;9;2021-04-03;0;0;0;0;0;0;0;0;0;0;0;0;0;0;0;0;0;0
FR;9;2021-04-04;0;0;0;0;0;0;0;0;0;0;0;0;0;0;0;0;0;0
FR;9;2021-04-05;0;0;0;0;0;0;0;0;0;0;0;0;0;0;0;0;0;0
FR;9;2021-04-06;0;0;0;0;0;0;0;0;0;0;0;0;0;0;0;0;0;0
FR;9;2021-04-07;0;0;0;0;0;0;0;0;0;0;0;0;0;0;0;0;0;0
FR;9;2021-04-08;0;0;0;0;0;0;0;0;0;0;0;0;0;0;0;0;0;0
FR;9;2021-04-09;0;0;0;0;0;0;0;0;0;0;0;0;0;0;0;0;0;0
FR;9;2021-04-10;0;0;0;0;0;0;0;0;0;0;0;0;0;0;0;0;0;0
FR;9;2021-04-11;0;0;0;0;0;0;0;0;0;0;0;0;0;0;0;0;0;0
FR;9;2021-04-12;0;0;0;0;0;0;0;0;0;0;0;0;0;0;0;0;0;0
FR;9;2021-04-13;0;0;0;0;0;0;0;0;0;0;0;0;0;0;0;0;0;0
FR;9;2021-04-14;0;0;0;0;0;0;0;0;0;0;0;0;0;0;0;0;0;0
FR;9;2021-04-15;0;0;0;0;0;0;0;0;0;0;0;0;0;0;0;0;0;0
FR;9;2021-04-16;0;0;0;0;0;0;0;0;0;0;0;0;0;0;0;0;0;0
FR;9;2021-04-17;0;0;0;0;0;0;0;0;0;0;0;0;0;0;0;0;0;0
FR;9;2021-04-18;0;0;0;0;0;0;0;0;0;0;0;0;0;0;0;0;0;0
FR;9;2021-04-19;0;0;0;0;0;0;0;0;0;0;0;0;0;0;0;0;0;0
FR;9;2021-04-20;0;0;0;0;0;0;0;0;0;0;0;0;0;0;0;0;0;0
FR;9;2021-04-21;0;0;0;0;0;0;0;0;0;0;0;0;0;0;0;0;0;0
FR;9;2021-04-22;0;0;0;0;0;0;0;0;0;0;0;0;0;0;0;0;0;0
FR;9;2021-04-23;0;0;0;0;0;0;0;0;0;0;0;0;0;0;0;0;0;0
FR;9;2021-04-24;0;0;0;0;0;0;0;0;0;0;0;0;0;0;0;0;0;0
FR;9;2021-04-25;0;0;0;0;0;0;0;0;0;0;0;0;0;0;0;0;0;0
FR;9;2021-04-26;0;0;0;0;0;0;0;0;0;0;0;0;0;0;0;0;0;0
FR;9;2021-04-27;0;0;0;0;0;0;0;0;0;0;0;0;0;0;0;0;0;0
FR;9;2021-04-28;0;0;0;0;0;0;0;0;0;0;0;0;0;0;0;0;0;0
FR;9;2021-04-29;0;0;0;0;0;0;0;0;0;0;0;0;0;0;0;0;0;0
FR;9;2021-04-30;0;0;0;0;0;0;0;0;0;0;0;0;0;0;0;0;0;0
FR;9;2021-05-01;0;0;0;0;0;0;0;0;0;0;0;0;0;0;0;0;0;0
FR;9;2021-05-02;0;0;0;0;0;0;0;0;0;0;0;0;0;0;0;0;0;0
FR;9;2021-05-03;0;0;0;0;0;0;0;0;0;0;0;0;0;0;0;0;0;0
FR;9;2021-05-04;0;0;0;0;0;0;0;0;0;0;0;0;0;0;0;0;0;0
FR;9;2021-05-05;0;0;0;0;0;0;0;0;0;0;0;0;0;0;0;0;0;0
FR;9;2021-05-06;0;0;0;0;0;0;0;0;0;0;0;0;0;0;0;0;0;0
FR;9;2021-05-07;0;0;0;0;0;0;0;0;0;0;0;0;0;0;0;0;0;0
FR;9;2021-05-08;0;0;0;0;0;0;0;0;0;0;0;0;0;0;0;0;0;0
FR;9;2021-05-09;0;0;0;0;0;0;0;0;0;0;0;0;0;0;0;0;0;0
FR;9;2021-05-10;0;0;0;0;0;0;0;0;0;0;0;0;0;0;0;0;0;0
FR;9;2021-05-11;0;0;0;0;0;0;0;0;0;0;0;0;0;0;0;0;0;0
FR;9;2021-05-12;0;0;0;0;0;0;0;0;0;0;0;0;0;0;0;0;0;0
FR;9;2021-05-13;0;0;0;0;0;0;0;0;0;0;0;0;0;0;0;0;0;0
FR;9;2021-05-14;0;0;0;0;0;0;0;0;0;0;0;0;0;0;0;0;0;0
FR;9;2021-05-15;0;0;0;0;0;0;0;0;0;0;0;0;0;0;0;0;0;0
FR;9;2021-05-16;0;0;0;0;0;0;0;0;0;0;0;0;0;0;0;0;0;0
FR;9;2021-05-17;0;0;0;0;0;0;0;0;0;0;0;0;0;0;0;0;0;0
FR;9;2021-05-18;0;0;0;0;0;0;0;0;0;0;0;0;0;0;0;0;0;0
FR;9;2021-05-19;0;0;0;0;0;0;0;0;0;0;0;0;0;0;0;0;0;0
FR;9;2021-05-20;0;0;0;0;0;0;0;0;0;0;0;0;0;0;0;0;0;0
FR;9;2021-05-21;0;0;0;0;0;0;0;0;0;0;0;0;0;0;0;0;0;0
FR;9;2021-05-22;0;0;0;0;0;0;0;0;0;0;0;0;0;0;0;0;0;0
FR;9;2021-05-23;0;0;0;0;0;0;0;0;0;0;0;0;0;0;0;0;0;0
FR;9;2021-05-24;0;0;0;0;0;0;0;0;0;0;0;0;0;0;0;0;0;0
FR;9;2021-05-25;0;0;0;0;0;0;0;0;0;0;0;0;0;0;0;0;0;0
FR;9;2021-05-26;0;0;0;0;0;0;0;0;0;0;0;0;0;0;0;0;0;0
FR;9;2021-05-27;0;0;0;0;0;0;0;0;0;0;0;0;0;0;0;0;0;0
FR;9;2021-05-28;0;0;0;0;0;0;0;0;0;0;0;0;0;0;0;0;0;0
FR;9;2021-05-29;0;0;0;0;0;0;0;0;0;0;0;0;0;0;0;0;0;0
FR;9;2021-05-30;0;0;0;0;0;0;0;0;0;0;0;0;0;0;0;0;0;0
FR;9;2021-05-31;0;0;0;0;0;0;0;0;0;0;0;0;0;0;0;0;0;0
FR;9;2021-06-01;0;0;0;0;0;0;0;0;0;0;0;0;0;0;0;0;0;0
FR;9;2021-06-02;0;0;0;0;0;0;0;0;0;0;0;0;0;0;0;0;0;0
FR;9;2021-06-03;0;0;0;0;0;0;0;0;0;0;0;0;0;0;0;0;0;0
FR;9;2021-06-04;0;0;0;0;0;0;0;0;0;0;0;0;0;0;0;0;0;0
FR;9;2021-06-05;0;0;0;0;0;0;0;0;0;0;0;0;0;0;0;0;0;0
FR;9;2021-06-06;0;0;0;0;0;0;0;0;0;0;0;0;0;0;0;0;0;0
FR;9;2021-06-07;0;0;0;0;0;0;0;0;0;0;0;0;0;0;0;0;0;0
FR;9;2021-06-08;0;0;0;0;0;0;0;0;0;0;0;0;0;0;0;0;0;0
FR;9;2021-06-09;0;0;0;0;0;0;0;0;0;0;0;0;0;0;0;0;0;0
FR;9;2021-06-10;0;0;0;0;0;0;0;0;0;0;0;0;0;0;0;0;0;0
FR;9;2021-06-11;0;0;0;0;0;0;0;0;0;0;0;0;0;0;0;0;0;0
FR;9;2021-06-12;0;0;0;0;0;0;0;0;0;0;0;0;0;0;0;0;0;0
FR;9;2021-06-13;0;0;0;0;0;0;0;0;0;0;0;0;0;0;0;0;0;0
FR;9;2021-06-14;0;0;0;0;0;0;0;0;0;0;0;0;0;0;0;0;0;0
FR;9;2021-06-15;0;0;0;0;0;0;0;0;0;0;0;0;0;0;0;0;0;0
FR;9;2021-06-16;0;0;0;0;0;0;0;0;0;0;0;0;0;0;0;0;0;0
FR;9;2021-06-17;0;0;0;0;0;0;0;0;0;0;0;0;0;0;0;0;0;0
FR;9;2021-06-18;0;0;0;0;0;0;0;0;0;0;0;0;0;0;0;0;0;0
FR;9;2021-06-19;0;0;0;0;0;0;0;0;0;0;0;0;0;0;0;0;0;0
FR;9;2021-06-20;0;0;0;0;0;0;0;0;0;0;0;0;0;0;0;0;0;0
FR;9;2021-06-21;0;0;0;0;0;0;0;0;0;0;0;0;0;0;0;0;0;0
FR;9;2021-06-22;0;0;0;0;0;0;0;0;0;0;0;0;0;0;0;0;0;0
FR;9;2021-06-23;0;0;0;0;0;0;0;0;0;0;0;0;0;0;0;0;0;0
FR;9;2021-06-24;0;0;0;0;0;0;0;0;0;0;0;0;0;0;0;0;0;0
FR;9;2021-06-25;0;0;0;0;0;0;0;0;0;0;0;0;0;0;0;0;0;0
FR;9;2021-06-26;0;0;0;0;0;0;0;0;0;0;0;0;0;0;0;0;0;0
FR;9;2021-06-27;0;0;0;0;0;0;0;0;0;0;0;0;0;0;0;0;0;0
FR;9;2021-06-28;0;0;0;0;0;0;0;0;0;0;0;0;0;0;0;0;0;0
FR;9;2021-06-29;0;0;0;0;0;0;0;0;0;0;0;0;0;0;0;0;0;0
FR;9;2021-06-30;0;0;0;0;0;0;0;0;0;0;0;0;0;0;0;0;0;0
FR;9;2021-07-01;0;0;0;0;0;0;0;0;0;0;0;0;0;0;0;0;0;0
FR;9;2021-07-02;0;0;0;0;0;0;0;0;0;0;0;0;0;0;0;0;0;0
FR;9;2021-07-03;0;0;0;0;0;0;0;0;0;0;0;0;0;0;0;0;0;0
FR;9;2021-07-04;0;0;0;0;0;0;0;0;0;0;0;0;0;0;0;0;0;0
FR;9;2021-07-05;0;0;0;0;0;0;0;0;0;0;0;0;0;0;0;0;0;0
FR;9;2021-07-06;0;0;0;0;0;0;0;0;0;0;0;0;0;0;0;0;0;0
FR;9;2021-07-07;0;0;0;0;0;0;0;0;0;0;0;0;0;0;0;0;0;0
FR;9;2021-07-08;0;0;0;0;0;0;0;0;0;0;0;0;0;0;0;0;0;0
FR;9;2021-07-09;0;0;0;0;0;0;0;0;0;0;0;0;0;0;0;0;0;0
FR;9;2021-07-10;0;0;0;0;0;0;0;0;0;0;0;0;0;0;0;0;0;0
FR;9;2021-07-11;0;0;0;0;0;0;0;0;0;0;0;0;0;0;0;0;0;0
FR;9;2021-07-12;0;0;0;0;0;0;0;0;0;0;0;0;0;0;0;0;0;0
FR;9;2021-07-13;0;0;0;0;0;0;0;0;0;0;0;0;0;0;0;0;0;0
FR;9;2021-07-14;0;0;0;0;0;0;0;0;0;0;0;0;0;0;0;0;0;0
FR;9;2021-07-15;0;0;0;0;0;0;0;0;0;0;0;0;0;0;0;0;0;0
FR;9;2021-07-16;0;0;0;0;0;0;0;0;0;0;0;0;0;0;0;0;0;0
FR;9;2021-07-17;0;0;0;0;0;0;0;0;0;0;0;0;0;0;0;0;0;0
FR;9;2021-07-18;0;0;0;0;0;0;0;0;0;0;0;0;0;0;0;0;0;0
FR;9;2021-07-19;0;0;0;0;0;0;0;0;0;0;0;0;0;0;0;0;0;0
FR;9;2021-07-20;0;0;0;0;0;0;0;0;0;0;0;0;0;0;0;0;0;0
FR;9;2021-07-21;0;0;0;0;0;0;0;0;0;0;0;0;0;0;0;0;0;0
FR;9;2021-07-22;0;0;0;0;0;0;0;0;0;0;0;0;0;0;0;0;0;0
FR;9;2021-07-23;0;0;0;0;0;0;0;0;0;0;0;0;0;0;0;0;0;0
FR;9;2021-07-24;0;0;0;0;0;0;0;0;0;0;0;0;0;0;0;0;0;0
FR;9;2021-07-25;0;0;0;0;0;0;0;0;0;0;0;0;0;0;0;0;0;0
FR;9;2021-07-26;0;0;0;0;0;0;0;0;0;0;0;0;0;0;0;0;0;0
FR;9;2021-07-27;0;0;0;0;0;0;0;0;0;0;0;0;0;0;0;0;0;0
FR;9;2021-07-28;0;0;0;0;0;0;0;0;0;0;0;0;0;0;0;0;0;0
FR;9;2021-07-29;0;0;0;0;0;0;0;0;0;0;0;0;0;0;0;0;0;0
FR;9;2021-07-30;0;0;0;0;0;0;0;0;0;0;0;0;0;0;0;0;0;0
FR;9;2021-07-31;0;0;0;0;0;0;0;0;0;0;0;0;0;0;0;0;0;0
FR;9;2021-08-01;0;0;0;0;0;0;0;0;0;0;0;0;0;0;0;0;0;0
FR;9;2021-08-02;0;0;0;0;0;0;0;0;0;0;0;0;0;0;0;0;0;0
FR;9;2021-08-03;0;0;0;0;0;0;0;0;0;0;0;0;0;0;0;0;0;0
FR;9;2021-08-04;0;0;0;0;0;0;0;0;0;0;0;0;0;0;0;0;0;0
FR;9;2021-08-05;0;0;0;0;0;0;0;0;0;0;0;0;0;0;0;0;0;0
FR;9;2021-08-06;0;0;0;0;0;0;0;0;0;0;0;0;0;0;0;0;0;0
FR;9;2021-08-07;0;0;0;0;0;0;0;0;0;0;0;0;0;0;0;0;0;0
FR;9;2021-08-08;0;0;0;0;0;0;0;0;0;0;0;0;0;0;0;0;0;0
FR;9;2021-08-09;0;0;0;0;0;0;0;0;0;0;0;0;0;0;0;0;0;0
FR;9;2021-08-10;0;0;0;0;0;0;0;0;0;0;0;0;0;0;0;0;0;0
FR;9;2021-08-11;0;0;0;0;0;0;0;0;0;0;0;0;0;0;0;0;0;0
FR;9;2021-08-12;0;0;0;0;0;0;0;0;0;0;0;0;0;0;0;0;0;0
FR;9;2021-08-13;0;0;0;0;0;0;0;0;0;0;0;0;0;0;0;0;0;0
FR;9;2021-08-14;0;0;0;0;0;0;0;0;0;0;0;0;0;0;0;0;0;0
FR;9;2021-08-15;0;0;0;0;0;0;0;0;0;0;0;0;0;0;0;0;0;0
FR;9;2021-08-16;0;0;0;0;0;0;0;0;0;0;0;0;0;0;0;0;0;0
FR;9;2021-08-17;0;0;0;0;0;0;0;0;0;0;0;0;0;0;0;0;0;0
FR;9;2021-08-18;0;0;0;0;0;0;0;0;0;0;0;0;0;0;0;0;0;0
FR;9;2021-08-19;0;0;0;0;0;0;0;0;0;0;0;0;0;0;0;0;0;0
FR;9;2021-08-20;0;0;0;0;0;0;0;0;0;0;0;0;0;0;0;0;0;0
FR;9;2021-08-21;0;0;0;0;0;0;0;0;0;0;0;0;0;0;0;0;0;0
FR;9;2021-08-22;0;0;0;0;0;0;0;0;0;0;0;0;0;0;0;0;0;0
FR;9;2021-08-23;0;0;0;0;0;0;0;0;0;0;0;0;0;0;0;0;0;0
FR;9;2021-08-24;0;0;0;0;0;0;0;0;0;0;0;0;0;0;0;0;0;0
FR;9;2021-08-25;0;0;0;0;0;0;0;0;0;0;0;0;0;0;0;0;0;0
FR;9;2021-08-26;0;0;0;0;0;0;0;0;0;0;0;0;0;0;0;0;0;0
FR;9;2021-08-27;0;0;0;0;0;0;0;0;0;0;0;0;0;0;0;0;0;0
FR;9;2021-08-28;0;0;0;0;0;0;0;0;0;0;0;0;0;0;0;0;0;0
FR;9;2021-08-29;0;0;0;0;0;0;0;0;0;0;0;0;0;0;0;0;0;0
FR;9;2021-08-30;0;0;0;0;0;0;0;0;0;0;0;0;0;0;0;0;0;0
FR;9;2021-08-31;0;0;0;0;0;0;0;0;0;0;0;0;0;0;0;0;0;0
FR;9;2021-09-01;0;0;0;0;0;0;0;0;0;0;0;0;0;0;0;0;0;0
FR;9;2021-09-02;0;0;0;0;0;0;0;0;0;0;0;0;0;0;0;0;0;0
FR;9;2021-09-03;0;0;0;0;0;0;0;0;0;0;0;0;0;0;0;0;0;0
FR;9;2021-09-04;0;0;0;0;0;0;0;0;0;0;0;0;0;0;0;0;0;0
FR;9;2021-09-05;0;0;0;0;0;0;0;0;0;0;0;0;0;0;0;0;0;0
FR;9;2021-09-06;0;0;0;0;0;0;0;0;0;0;0;0;0;0;0;0;0;0
FR;9;2021-09-07;0;0;0;0;0;0;0;0;0;0;0;0;0;0;0;0;0;0
FR;9;2021-09-08;0;0;0;0;0;0;0;0;0;0;0;0;0;0;0;0;0;0
FR;9;2021-09-09;0;0;0;0;0;0;0;0;0;0;0;0;0;0;0;0;0;0
FR;9;2021-09-10;0;0;0;0;0;0;0;0;0;0;0;0;0;0;0;0;0;0
FR;9;2021-09-11;0;0;0;0;0;0;0;0;0;0;0;0;0;0;0;0;0;0
FR;9;2021-09-12;0;0;0;0;0;0;0;0;0;0;0;0;0;0;0;0;0;0
FR;9;2021-09-13;0;0;0;0;0;0;0;0;0;0;0;0;0;0;0;0;0;0
FR;9;2021-09-14;0;0;0;0;0;0;0;0;0;0;0;0;0;0;0;0;0;0
FR;9;2021-09-15;0;0;0;0;0;0;0;0;0;0;0;0;0;0;0;0;0;0
FR;9;2021-09-16;0;0;0;0;0;0;0;0;0;0;0;0;0;0;0;0;0;0
FR;9;2021-09-17;0;0;0;0;0;0;0;0;0;0;0;0;0;0;0;0;0;0
FR;9;2021-09-18;0;0;0;0;0;0;0;0;0;0;0;0;0;0;0;0;0;0
FR;9;2021-09-19;0;0;0;0;0;0;0;0;0;0;0;0;0;0;0;0;0;0
FR;9;2021-09-20;0;0;0;0;0;0;0;0;0;0;0;0;0;0;0;0;0;0
FR;9;2021-09-21;0;0;0;0;0;0;0;0;0;0;0;0;0;0;0;0;0;0
FR;9;2021-09-22;0;0;0;0;0;0;0;0;0;0;0;0;0;0;0;0;0;0
FR;9;2021-09-23;0;0;0;0;0;0;0;0;0;0;0;0;0;0;0;0;0;0
FR;9;2021-09-24;0;0;0;0;0;0;0;0;0;0;0;0;0;0;0;0;0;0
FR;9;2021-09-25;0;0;0;0;0;0;0;0;0;0;0;0;0;0;0;0;0;0
FR;9;2021-09-26;0;0;0;0;0;0;0;0;0;0;0;0;0;0;0;0;0;0
FR;9;2021-09-27;0;0;0;0;0;0;0;0;0;0;0;0;0;0;0;0;0;0
FR;9;2021-09-28;0;0;0;0;0;0;0;0;0;0;0;0;0;0;0;0;0;0
FR;9;2021-09-29;0;0;0;0;0;0;0;0;0;0;0;0;0;0;0;0;0;0
FR;9;2021-09-30;0;0;0;0;0;0;0;0;0;0;0;0;0;0;0;0;0;0
FR;9;2021-10-01;0;0;0;0;0;0;0;0;0;0;0;0;0;0;0;0;0;0
FR;9;2021-10-02;0;0;0;0;0;0;0;0;0;0;0;0;0;0;0;0;0;0
FR;9;2021-10-03;0;0;0;0;0;0;0;0;0;0;0;0;0;0;0;0;0;0
FR;9;2021-10-04;0;0;0;0;0;0;0;0;0;0;0;0;0;0;0;0;0;0
FR;9;2021-10-05;0;0;0;0;0;0;0;0;0;0;0;0;0;0;0;0;0;0
FR;9;2021-10-06;0;0;0;0;0;0;0;0;0;0;0;0;0;0;0;0;0;0
FR;9;2021-10-07;0;0;0;0;0;0;0;0;0;0;0;0;0;0;0;0;0;0
FR;9;2021-10-08;0;0;0;0;0;0;0;0;0;0;0;0;0;0;0;0;0;0
FR;9;2021-10-09;0;0;0;0;0;0;0;0;0;0;0;0;0;0;0;0;0;0
FR;9;2021-10-10;0;0;0;0;0;0;0;0;0;0;0;0;0;0;0;0;0;0
FR;9;2021-10-11;0;0;0;0;0;0;0;0;0;0;0;0;0;0;0;0;0;0
FR;9;2021-10-12;0;0;0;0;0;0;0;0;0;0;0;0;0;0;0;0;0;0
FR;9;2021-10-13;0;0;0;0;0;0;0;0;0;0;0;0;0;0;0;0;0;0
FR;9;2021-10-14;0;0;0;0;0;0;0;0;0;0;0;0;0;0;0;0;0;0
FR;9;2021-10-15;0;0;0;0;0;0;0;0;0;0;0;0;0;0;0;0;0;0
FR;9;2021-10-16;0;0;0;0;0;0;0;0;0;0;0;0;0;0;0;0;0;0
FR;9;2021-10-17;0;0;0;0;0;0;0;0;0;0;0;0;0;0;0;0;0;0
FR;9;2021-10-18;0;0;0;0;0;0;0;0;0;0;0;0;0;0;0;0;0;0
FR;9;2021-10-19;0;0;0;0;0;0;0;0;0;0;0;0;0;0;0;0;0;0
FR;9;2021-10-20;0;0;0;0;0;0;0;0;0;0;0;0;0;0;0;0;0;0
FR;9;2021-10-21;0;0;0;0;0;0;0;0;0;0;0;0;0;0;0;0;0;0
FR;9;2021-10-22;0;0;0;0;0;0;0;0;0;0;0;0;0;0;0;0;0;0
FR;9;2021-10-23;0;0;0;0;0;0;0;0;0;0;0;0;0;0;0;0;0;0
FR;9;2021-10-24;0;0;0;0;0;0;0;0;0;0;0;0;0;0;0;0;0;0
FR;9;2021-10-25;0;0;0;0;0;0;0;0;0;0;0;0;0;0;0;0;0;0
FR;9;2021-10-26;0;0;0;0;0;0;0;0;0;0;0;0;0;0;0;0;0;0
FR;9;2021-10-27;0;0;0;0;0;0;0;0;0;0;0;0;0;0;0;0;0;0
FR;9;2021-10-28;0;0;0;0;0;0;0;0;0;0;0;0;0;0;0;0;0;0
FR;9;2021-10-29;0;0;0;0;0;0;0;0;0;0;0;0;0;0;0;0;0;0
FR;9;2021-10-30;0;0;0;0;0;0;0;0;0;0;0;0;0;0;0;0;0;0
FR;9;2021-10-31;0;0;0;0;0;0;0;0;0;0;0;0;0;0;0;0;0;0
FR;9;2021-11-01;0;0;0;0;0;0;0;0;0;0;0;0;0;0;0;0;0;0
FR;9;2021-11-02;0;0;0;0;0;0;0;0;0;0;0;0;0;0;0;0;0;0
FR;9;2021-11-03;0;0;0;0;0;0;0;0;0;0;0;0;0;0;0;0;0;0
FR;9;2021-11-04;0;0;0;0;0;0;0;0;0;0;0;0;0;0;0;0;0;0
FR;9;2021-11-05;0;0;0;0;0;0;0;0;0;0;0;0;0;0;0;0;0;0
FR;9;2021-11-06;0;0;0;0;0;0;0;0;0;0;0;0;0;0;0;0;0;0
FR;9;2021-11-07;0;0;0;0;0;0;0;0;0;0;0;0;0;0;0;0;0;0
FR;9;2021-11-08;0;0;0;0;0;0;0;0;0;0;0;0;0;0;0;0;0;0
FR;9;2021-11-09;0;0;0;0;0;0;0;0;0;0;0;0;0;0;0;0;0;0
FR;9;2021-11-10;0;0;0;0;0;0;0;0;0;0;0;0;0;0;0;0;0;0
FR;9;2021-11-11;0;0;0;0;0;0;0;0;0;0;0;0;0;0;0;0;0;0
FR;9;2021-11-12;0;0;0;0;0;0;0;0;0;0;0;0;0;0;0;0;0;0
FR;9;2021-11-13;0;0;0;0;0;0;0;0;0;0;0;0;0;0;0;0;0;0
FR;9;2021-11-14;0;0;0;0;0;0;0;0;0;0;0;0;0;0;0;0;0;0
FR;9;2021-11-15;0;0;0;0;0;0;0;0;0;0;0;0;0;0;0;0;0;0
FR;9;2021-11-16;0;0;0;0;0;0;0;0;0;0;0;0;0;0;0;0;0;0
FR;9;2021-11-17;0;0;0;0;0;0;0;0;0;0;0;0;0;0;0;0;0;0
FR;9;2021-11-18;0;0;0;0;0;0;0;0;0;0;0;0;0;0;0;0;0;0
FR;9;2021-11-19;0;0;0;0;0;0;0;0;0;0;0;0;0;0;0;0;0;0
FR;9;2021-11-20;0;0;0;0;0;0;0;0;0;0;0;0;0;0;0;0;0;0
FR;9;2021-11-21;0;0;0;0;0;0;0;0;0;0;0;0;0;0;0;0;0;0
FR;9;2021-11-22;0;0;0;0;0;0;0;0;0;0;0;0;0;0;0;0;0;0
FR;9;2021-11-23;0;0;0;0;0;0;0;0;0;0;0;0;0;0;0;0;0;0
FR;9;2021-11-24;0;0;0;0;0;0;0;0;0;0;0;0;0;0;0;0;0;0
FR;9;2021-11-25;0;0;0;0;0;0;0;0;0;0;0;0;0;0;0;0;0;0
FR;9;2021-11-26;0;0;0;0;0;0;0;0;0;0;0;0;0;0;0;0;0;0
FR;9;2021-11-27;0;0;0;0;0;0;0;0;0;0;0;0;0;0;0;0;0;0
FR;9;2021-11-28;0;0;0;0;0;0;0;0;0;0;0;0;0;0;0;0;0;0
FR;9;2021-11-29;0;0;0;0;0;0;0;0;0;0;0;0;0;0;0;0;0;0
FR;9;2021-11-30;0;0;0;0;0;0;0;0;0;0;0;0;0;0;0;0;0;0
FR;9;2021-12-01;0;0;0;0;0;0;0;0;0;0;0;0;0;0;0;0;0;0
FR;9;2021-12-02;0;0;0;0;0;0;0;0;0;0;0;0;0;0;0;0;0;0
FR;9;2021-12-03;0;0;0;0;0;0;0;0;0;0;0;0;0;0;0;0;0;0
FR;9;2021-12-04;0;0;0;0;0;0;0;0;0;0;0;0;0;0;0;0;0;0
FR;9;2021-12-05;0;0;0;0;0;0;0;0;0;0;0;0;0;0;0;0;0;0
FR;9;2021-12-06;0;0;0;0;0;0;0;0;0;0;0;0;0;0;0;0;0;0
FR;9;2021-12-07;0;0;0;0;0;0;0;0;0;0;0;0;0;0;0;0;0;0
FR;9;2021-12-08;0;0;0;0;0;0;0;0;0;0;0;0;0;0;0;0;0;0
FR;9;2021-12-09;0;0;0;0;0;0;0;0;0;0;0;0;0;0;0;0;0;0
FR;9;2021-12-10;0;0;0;0;0;0;0;0;0;0;0;0;0;0;0;0;0;0
FR;9;2021-12-11;0;0;0;0;0;0;0;0;0;0;0;0;0;0;0;0;0;0
FR;9;2021-12-12;0;0;0;0;0;0;0;0;0;0;0;0;0;0;0;0;0;0
FR;9;2021-12-13;0;0;0;0;0;0;0;0;0;0;0;0;0;0;0;0;0;0
FR;9;2021-12-14;0;0;0;0;0;0;0;0;0;0;0;0;0;0;0;0;0;0
FR;9;2021-12-15;0;0;0;0;0;0;0;0;0;0;0;0;0;0;0;0;0;0
FR;9;2021-12-16;0;0;0;0;0;0;0;0;0;0;0;0;0;0;0;0;0;0
FR;9;2021-12-17;0;0;0;0;0;0;0;0;0;0;0;0;0;0;0;0;0;0
FR;9;2021-12-18;0;0;0;0;0;0;0;0;0;0;0;0;0;0;0;0;0;0
FR;9;2021-12-19;0;0;0;0;0;0;0;0;0;0;0;0;0;0;0;0;0;0
FR;9;2021-12-20;0;0;0;0;0;0;0;0;0;0;0;0;0;0;0;0;0;0
FR;9;2021-12-21;0;0;0;0;0;0;0;0;0;0;0;0;0;0;0;0;0;0
FR;9;2021-12-22;0;0;0;0;0;0;0;0;0;0;0;0;0;0;0;0;0;0
FR;9;2021-12-23;0;0;0;0;0;0;0;0;0;0;0;0;0;0;0;0;0;0
FR;9;2021-12-24;0;0;0;0;0;0;0;0;0;0;0;0;0;0;0;0;0;0
FR;9;2021-12-25;0;0;0;0;0;0;0;0;0;0;0;0;0;0;0;0;0;0
FR;9;2021-12-26;0;0;0;0;0;0;0;0;0;0;0;0;0;0;0;0;0;0
FR;9;2021-12-27;0;0;0;0;0;0;0;0;0;0;0;0;0;0;0;0;0;0
FR;9;2021-12-28;0;0;0;0;0;0;0;0;0;0;0;0;0;0;0;0;0;0
FR;9;2021-12-29;0;0;0;0;0;0;0;0;0;0;0;0;0;0;0;0;0;0
FR;9;2021-12-30;0;0;0;0;0;0;0;0;0;0;0;0;0;0;0;0;0;0
FR;9;2021-12-31;0;0;0;0;0;0;0;0;0;0;0;0;0;0;0;0;0;0
FR;9;2022-01-01;0;0;0;0;0;0;0;0;0;0;0;0;0;0;0;0;0;0
FR;9;2022-01-02;0;0;0;0;0;0;0;0;0;0;0;0;0;0;0;0;0;0
FR;9;2022-01-03;0;0;0;0;0;0;0;0;0;0;0;0;0;0;0;0;0;0
FR;9;2022-01-04;0;0;0;0;0;0;0;0;0;0;0;0;0;0;0;0;0;0
FR;9;2022-01-05;0;0;0;0;0;0;0;0;0;0;0;0;0;0;0;0;0;0
FR;9;2022-01-06;0;0;0;0;0;0;0;0;0;0;0;0;0;0;0;0;0;0
FR;9;2022-01-07;0;0;0;0;0;0;0;0;0;0;0;0;0;0;0;0;0;0
FR;9;2022-01-08;0;0;0;0;0;0;0;0;0;0;0;0;0;0;0;0;0;0
FR;9;2022-01-09;0;0;0;0;0;0;0;0;0;0;0;0;0;0;0;0;0;0
FR;9;2022-01-10;0;0;0;0;0;0;0;0;0;0;0;0;0;0;0;0;0;0
FR;9;2022-01-11;0;0;0;0;0;0;0;0;0;0;0;0;0;0;0;0;0;0
FR;9;2022-01-12;0;0;0;0;0;0;0;0;0;0;0;0;0;0;0;0;0;0
FR;9;2022-01-13;0;0;0;0;0;0;0;0;0;0;0;0;0;0;0;0;0;0
FR;9;2022-01-14;0;0;0;0;0;0;0;0;0;0;0;0;0;0;0;0;0;0
FR;9;2022-01-15;0;0;0;0;0;0;0;0;0;0;0;0;0;0;0;0;0;0
FR;9;2022-01-16;0;0;0;0;0;0;0;0;0;0;0;0;0;0;0;0;0;0
FR;9;2022-01-17;0;0;0;0;0;0;0;0;0;0;0;0;0;0;0;0;0;0
FR;9;2022-01-18;0;0;0;0;0;0;0;0;0;0;0;0;0;0;0;0;0;0
FR;9;2022-01-19;0;0;0;0;0;0;0;0;0;0;0;0;0;0;0;0;0;0
FR;9;2022-01-20;0;0;0;0;0;0;0;0;0;0;0;0;0;0;0;0;0;0
FR;9;2022-01-21;0;0;0;0;0;0;0;0;0;0;0;0;0;0;0;0;0;0
FR;9;2022-01-22;0;0;0;0;0;0;0;0;0;0;0;0;0;0;0;0;0;0
FR;9;2022-01-23;0;0;0;0;0;0;0;0;0;0;0;0;0;0;0;0;0;0
FR;9;2022-01-24;0;0;0;0;0;0;0;0;0;0;0;0;0;0;0;0;0;0
FR;9;2022-01-25;0;0;0;0;0;0;0;0;0;0;0;0;0;0;0;0;0;0
FR;9;2022-01-26;0;0;0;0;0;0;0;0;0;0;0;0;0;0;0;0;0;0
FR;9;2022-01-27;0;0;0;0;0;0;0;0;0;0;0;0;0;0;0;0;0;0
FR;9;2022-01-28;0;0;0;0;0;0;0;0;0;0;0;0;0;0;0;0;0;0
FR;9;2022-01-29;0;0;0;0;0;0;0;0;0;0;0;0;0;0;0;0;0;0
FR;9;2022-01-30;0;0;0;0;0;0;0;0;0;0;0;0;0;0;0;0;0;0
FR;9;2022-01-31;0;0;0;0;0;0;0;0;0;0;0;0;0;0;0;0;0;0
FR;9;2022-02-01;0;0;0;0;0;0;0;0;0;0;0;0;0;0;0;0;0;0
FR;9;2022-02-02;0;0;0;0;0;0;0;0;0;0;0;0;0;0;0;0;0;0
FR;9;2022-02-03;0;0;0;0;0;0;0;0;0;0;0;0;0;0;0;0;0;0
FR;9;2022-02-04;0;0;0;0;0;0;0;0;0;0;0;0;0;0;0;0;0;0
FR;9;2022-02-05;0;0;0;0;0;0;0;0;0;0;0;0;0;0;0;0;0;0
FR;9;2022-02-06;0;0;0;0;0;0;0;0;0;0;0;0;0;0;0;0;0;0
FR;9;2022-02-07;0;0;0;0;0;0;0;0;0;0;0;0;0;0;0;0;0;0
FR;9;2022-02-08;0;0;0;0;0;0;0;0;0;0;0;0;0;0;0;0;0;0
FR;9;2022-02-09;0;0;0;0;0;0;0;0;0;0;0;0;0;0;0;0;0;0
FR;9;2022-02-10;0;0;0;0;0;0;0;0;0;0;0;0;0;0;0;0;0;0
FR;9;2022-02-11;0;0;0;0;0;0;0;0;0;0;0;0;0;0;0;0;0;0
FR;9;2022-02-12;0;0;0;0;0;0;0;0;0;0;0;0;0;0;0;0;0;0
FR;9;2022-02-13;0;0;0;0;0;0;0;0;0;0;0;0;0;0;0;0;0;0
FR;9;2022-02-14;0;0;0;0;0;0;0;0;0;0;0;0;0;0;0;0;0;0
FR;9;2022-02-15;0;0;0;0;0;0;0;0;0;0;0;0;0;0;0;0;0;0
FR;9;2022-02-16;0;0;0;0;0;0;0;0;0;0;0;0;0;0;0;0;0;0
FR;9;2022-02-17;0;0;0;0;0;0;0;0;0;0;0;0;0;0;0;0;0;0
FR;9;2022-02-18;0;0;0;0;0;0;0;0;0;0;0;0;0;0;0;0;0;0
FR;9;2022-02-19;0;0;0;0;0;0;0;0;0;0;0;0;0;0;0;0;0;0
FR;9;2022-02-20;0;0;0;0;0;0;0;0;0;0;0;0;0;0;0;0;0;0
FR;9;2022-02-21;0;0;0;0;0;0;0;0;0;0;0;0;0;0;0;0;0;0
FR;9;2022-02-22;0;0;0;0;0;0;0;0;0;0;0;0;0;0;0;0;0;0
FR;9;2022-02-23;0;0;0;0;0;0;0;0;0;0;0;0;0;0;0;0;0;0
FR;9;2022-02-24;0;0;0;0;0;0;0;0;0;0;0;0;0;0;0;0;0;0
FR;9;2022-02-25;0;0;0;0;0;0;0;0;0;0;0;0;0;0;0;0;0;0
FR;9;2022-02-26;0;0;0;0;0;0;0;0;0;0;0;0;0;0;0;0;0;0
FR;9;2022-02-27;0;0;0;0;0;0;0;0;0;0;0;0;0;0;0;0;0;0
FR;9;2022-02-28;0;0;0;0;0;0;0;0;0;0;0;0;0;0;0;0;0;0
FR;9;2022-03-01;0;0;0;0;0;0;0;0;0;0;0;0;0;0;0;0;0;0
FR;9;2022-03-02;0;0;0;0;0;0;0;0;0;0;0;0;0;0;0;0;0;0
FR;9;2022-03-03;0;0;0;0;0;0;0;0;0;0;0;0;0;0;0;0;0;0
FR;9;2022-03-04;0;0;0;0;0;0;0;0;0;0;0;0;0;0;0;0;0;0
FR;9;2022-03-05;0;0;0;0;0;0;0;0;0;0;0;0;0;0;0;0;0;0
FR;9;2022-03-06;0;0;0;0;0;0;0;0;0;0;0;0;0;0;0;0;0;0
FR;9;2022-03-07;0;0;0;0;0;0;0;0;0;0;0;0;0;0;0;0;0;0
FR;9;2022-03-08;0;0;0;0;0;0;0;0;0;0;0;0;0;0;0;0;0;0
FR;9;2022-03-09;0;0;0;0;0;0;0;0;0;0;0;0;0;0;0;0;0;0
FR;9;2022-03-10;0;0;0;0;0;0;0;0;0;0;0;0;0;0;0;0;0;0
FR;9;2022-03-11;0;0;0;0;0;0;0;0;0;0;0;0;0;0;0;0;0;0
FR;9;2022-03-12;0;0;0;0;0;0;0;0;0;0;0;0;0;0;0;0;0;0
FR;9;2022-03-13;0;0;0;0;0;0;0;0;0;0;0;0;0;0;0;0;0;0
FR;9;2022-03-14;0;0;0;0;0;0;0;0;0;0;0;0;0;0;0;0;0;0
FR;9;2022-03-15;0;0;0;0;0;0;0;0;0;0;0;0;0;0;0;0;0;0
FR;9;2022-03-16;0;0;0;0;0;0;0;0;0;0;0;0;0;0;0;0;0;0
FR;9;2022-03-17;0;0;0;0;0;0;0;0;0;0;0;0;0;0;0;0;0;0
FR;9;2022-03-18;0;0;0;0;0;0;0;0;0;0;0;0;0;0;0;0;0;0
FR;9;2022-03-19;0;0;0;0;0;0;0;0;0;0;0;0;0;0;0;0;0;0
FR;9;2022-03-20;0;0;0;0;0;0;0;0;0;0;0;0;0;0;0;0;0;0
FR;9;2022-03-21;0;0;0;0;0;0;0;0;0;0;0;0;0;0;0;0;0;0
FR;9;2022-03-22;0;0;0;0;0;0;0;0;0;0;0;0;0;0;0;0;0;0
FR;9;2022-03-23;0;0;0;0;0;0;0;0;0;0;0;0;0;0;0;0;0;0
FR;9;2022-03-24;0;0;0;0;0;0;0;0;0;0;0;0;0;0;0;0;0;0
FR;9;2022-03-25;0;0;0;0;0;0;0;0;0;0;0;0;0;0;0;0;0;0
FR;9;2022-03-26;0;0;0;0;0;0;0;0;0;0;0;0;0;0;0;0;0;0
FR;9;2022-03-27;0;0;0;0;0;0;0;0;0;0;0;0;0;0;0;0;0;0
FR;9;2022-03-28;0;0;0;0;0;0;0;0;0;0;0;0;0;0;0;0;0;0
FR;9;2022-03-29;0;0;0;0;0;0;0;0;0;0;0;0;0;0;0;0;0;0
FR;9;2022-03-30;0;0;0;0;0;0;0;0;0;0;0;0;0;0;0;0;0;0
FR;9;2022-03-31;0;0;0;0;0;0;0;0;0;0;0;0;0;0;0;0;0;0
FR;9;2022-04-01;0;0;0;0;0;0;0;0;0;0;0;0;0;0;0;0;0;0
FR;9;2022-04-02;0;0;0;0;0;0;0;0;0;0;0;0;0;0;0;0;0;0
FR;9;2022-04-03;0;0;0;0;0;0;0;0;0;0;0;0;0;0;0;0;0;0
FR;9;2022-04-04;0;0;0;0;0;0;0;0;0;0;0;0;0;0;0;0;0;0
FR;9;2022-04-05;0;0;0;0;0;0;0;0;0;0;0;0;0;0;0;0;0;0
FR;9;2022-04-06;0;0;0;0;0;0;0;0;0;0;0;0;0;0;0;0;0;0
FR;9;2022-04-07;0;0;0;0;0;0;0;0;0;0;0;0;0;0;0;0;0;0
FR;9;2022-04-08;0;0;0;0;0;0;0;0;0;0;0;0;0;0;0;0;0;0
FR;9;2022-04-09;0;0;0;0;0;0;0;0;0;0;0;0;0;0;0;0;0;0
FR;9;2022-04-10;0;0;0;0;0;0;0;0;0;0;0;0;0;0;0;0;0;0
FR;9;2022-04-11;0;0;0;0;0;0;0;0;0;0;0;0;0;0;0;0;0;0
FR;9;2022-04-12;0;0;0;0;0;0;0;0;0;0;0;0;0;0;0;0;0;0
FR;9;2022-04-13;0;0;0;0;0;0;0;0;0;0;0;0;0;0;0;0;0;0
FR;9;2022-04-14;0;0;0;0;0;0;0;0;0;0;0;0;0;0;0;0;0;0
FR;9;2022-04-15;0;0;0;0;0;0;0;0;0;0;0;0;0;0;0;0;0;0
FR;9;2022-04-16;0;0;0;0;0;0;0;0;0;0;0;0;0;0;0;0;0;0
FR;9;2022-04-17;0;0;0;0;0;0;0;0;0;0;0;0;0;0;0;0;0;0
FR;9;2022-04-18;0;0;0;0;0;0;0;0;0;0;0;0;0;0;0;0;0;0
FR;9;2022-04-19;0;0;0;0;0;0;0;0;0;0;0;0;0;0;0;0;0;0
FR;9;2022-04-20;0;0;0;0;0;0;0;0;0;0;0;0;0;0;0;0;0;0
FR;9;2022-04-21;0;0;0;0;0;0;0;0;0;0;0;0;0;0;0;0;0;0
FR;9;2022-04-22;0;0;0;0;0;0;0;0;0;0;0;0;0;0;0;0;0;0
FR;9;2022-04-23;0;0;0;0;0;0;0;0;0;0;0;0;0;0;0;0;0;0
FR;9;2022-04-24;0;0;0;0;0;0;0;0;0;0;0;0;0;0;0;0;0;0
FR;9;2022-04-25;0;0;0;0;0;0;0;0;0;0;0;0;0;0;0;0;0;0
FR;9;2022-04-26;0;0;0;0;0;0;0;0;0;0;0;0;0;0;0;0;0;0
FR;9;2022-04-27;0;0;0;0;0;0;0;0;0;0;0;0;0;0;0;0;0;0
FR;9;2022-04-28;0;0;0;0;0;0;0;0;0;0;0;0;0;0;0;0;0;0
FR;9;2022-04-29;0;0;0;0;0;0;0;0;0;0;0;0;0;0;0;0;0;0
FR;9;2022-04-30;0;0;0;0;0;0;0;0;0;0;0;0;0;0;0;0;0;0
FR;9;2022-05-01;0;0;0;0;0;0;0;0;0;0;0;0;0;0;0;0;0;0
FR;9;2022-05-02;0;0;0;0;0;0;0;0;0;0;0;0;0;0;0;0;0;0
FR;9;2022-05-03;0;0;0;0;0;0;0;0;0;0;0;0;0;0;0;0;0;0
FR;9;2022-05-04;0;0;0;0;0;0;0;0;0;0;0;0;0;0;0;0;0;0
FR;9;2022-05-05;0;0;0;0;0;0;0;0;0;0;0;0;0;0;0;0;0;0
FR;9;2022-05-06;0;0;0;0;0;0;0;0;0;0;0;0;0;0;0;0;0;0
FR;9;2022-05-07;0;0;0;0;0;0;0;0;0;0;0;0;0;0;0;0;0;0
FR;9;2022-05-08;0;0;0;0;0;0;0;0;0;0;0;0;0;0;0;0;0;0
FR;9;2022-05-09;0;0;0;0;0;0;0;0;0;0;0;0;0;0;0;0;0;0
FR;9;2022-05-10;0;0;0;0;0;0;0;0;0;0;0;0;0;0;0;0;0;0
FR;9;2022-05-11;0;0;0;0;0;0;0;0;0;0;0;0;0;0;0;0;0;0
FR;9;2022-05-12;0;0;0;0;0;0;0;0;0;0;0;0;0;0;0;0;0;0
FR;9;2022-05-13;0;0;0;0;0;0;0;0;0;0;0;0;0;0;0;0;0;0
FR;9;2022-05-14;0;0;0;0;0;0;0;0;0;0;0;0;0;0;0;0;0;0
FR;9;2022-05-15;0;0;0;0;0;0;0;0;0;0;0;0;0;0;0;0;0;0
FR;9;2022-05-16;0;0;0;0;0;0;0;0;0;0;0;0;0;0;0;0;0;0
FR;9;2022-05-17;0;0;0;0;0;0;0;0;0;0;0;0;0;0;0;0;0;0
FR;9;2022-05-18;0;0;0;0;0;0;0;0;0;0;0;0;0;0;0;0;0;0
FR;9;2022-05-19;0;0;0;0;0;0;0;0;0;0;0;0;0;0;0;0;0;0
FR;9;2022-05-20;0;0;0;0;0;0;0;0;0;0;0;0;0;0;0;0;0;0
FR;9;2022-05-21;0;0;0;0;0;0;0;0;0;0;0;0;0;0;0;0;0;0
FR;9;2022-05-22;0;0;0;0;0;0;0;0;0;0;0;0;0;0;0;0;0;0
FR;9;2022-05-23;0;0;0;0;0;0;0;0;0;0;0;0;0;0;0;0;0;0
FR;9;2022-05-24;0;0;0;0;0;0;0;0;0;0;0;0;0;0;0;0;0;0
FR;9;2022-05-25;0;0;0;0;0;0;0;0;0;0;0;0;0;0;0;0;0;0
FR;9;2022-05-26;0;0;0;0;0;0;0;0;0;0;0;0;0;0;0;0;0;0
FR;9;2022-05-27;0;0;0;0;0;0;0;0;0;0;0;0;0;0;0;0;0;0
FR;9;2022-05-28;0;0;0;0;0;0;0;0;0;0;0;0;0;0;0;0;0;0
FR;9;2022-05-29;0;0;0;0;0;0;0;0;0;0;0;0;0;0;0;0;0;0
FR;9;2022-05-30;0;0;0;0;0;0;0;0;0;0;0;0;0;0;0;0;0;0
FR;9;2022-05-31;0;0;0;0;0;0;0;0;0;0;0;0;0;0;0;0;0;0
FR;9;2022-06-01;0;0;0;0;0;0;0;0;0;0;0;0;0;0;0;0;0;0
FR;9;2022-06-02;0;0;0;0;0;0;0;0;0;0;0;0;0;0;0;0;0;0
FR;9;2022-06-03;0;0;0;0;0;0;0;0;0;0;0;0;0;0;0;0;0;0
FR;9;2022-06-04;0;0;0;0;0;0;0;0;0;0;0;0;0;0;0;0;0;0
FR;9;2022-06-05;0;0;0;0;0;0;0;0;0;0;0;0;0;0;0;0;0;0
FR;9;2022-06-06;0;0;0;0;0;0;0;0;0;0;0;0;0;0;0;0;0;0
FR;9;2022-06-07;0;0;0;0;0;0;0;0;0;0;0;0;0;0;0;0;0;0
FR;9;2022-06-08;0;0;0;0;0;0;0;0;0;0;0;0;0;0;0;0;0;0
FR;9;2022-06-09;0;0;0;0;0;0;0;0;0;0;0;0;0;0;0;0;0;0
FR;9;2022-06-10;0;0;0;0;0;0;0;0;0;0;0;0;0;0;0;0;0;0
FR;9;2022-06-11;0;0;0;0;0;0;0;0;0;0;0;0;0;0;0;0;0;0
FR;9;2022-06-12;0;0;0;0;0;0;0;0;0;0;0;0;0;0;0;0;0;0
FR;9;2022-06-13;0;0;0;0;0;0;0;0;0;0;0;0;0;0;0;0;0;0
FR;9;2022-06-14;0;0;0;0;0;0;0;0;0;0;0;0;0;0;0;0;0;0
FR;9;2022-06-15;0;0;0;0;0;0;0;0;0;0;0;0;0;0;0;0;0;0
FR;9;2022-06-16;0;0;0;0;0;0;0;0;0;0;0;0;0;0;0;0;0;0
FR;9;2022-06-17;0;0;0;0;0;0;0;0;0;0;0;0;0;0;0;0;0;0
FR;9;2022-06-18;0;0;0;0;0;0;0;0;0;0;0;0;0;0;0;0;0;0
FR;9;2022-06-19;0;0;0;0;0;0;0;0;0;0;0;0;0;0;0;0;0;0
FR;9;2022-06-20;0;0;0;0;0;0;0;0;0;0;0;0;0;0;0;0;0;0
FR;9;2022-06-21;0;0;0;0;0;0;0;0;0;0;0;0;0;0;0;0;0;0
FR;9;2022-06-22;0;0;0;0;0;0;0;0;0;0;0;0;0;0;0;0;0;0
FR;9;2022-06-23;0;0;0;0;0;0;0;0;0;0;0;0;0;0;0;0;0;0
FR;9;2022-06-24;0;0;0;0;0;0;0;0;0;0;0;0;0;0;0;0;0;0
FR;9;2022-06-25;0;0;0;0;0;0;0;0;0;0;0;0;0;0;0;0;0;0
FR;9;2022-06-26;0;0;0;0;0;0;0;0;0;0;0;0;0;0;0;0;0;0
FR;9;2022-06-27;0;0;0;0;0;0;0;0;0;0;0;0;0;0;0;0;0;0
FR;9;2022-06-28;0;0;0;0;0;0;0;0;0;0;0;0;0;0;0;0;0;0
FR;9;2022-06-29;0;0;0;0;0;0;0;0;0;0;0;0;0;0;0;0;0;0
FR;9;2022-06-30;0;0;0;0;0;0;0;0;0;0;0;0;0;0;0;0;0;0
FR;9;2022-07-01;0;0;0;0;0;0;0;0;0;0;0;0;0;0;0;0;0;0
FR;9;2022-07-02;0;0;0;0;0;0;0;0;0;0;0;0;0;0;0;0;0;0
FR;9;2022-07-03;0;0;0;0;0;0;0;0;0;0;0;0;0;0;0;0;0;0
FR;9;2022-07-04;0;0;0;0;0;0;0;0;0;0;0;0;0;0;0;0;0;0
FR;9;2022-07-05;0;0;0;0;0;0;0;0;0;0;0;0;0;0;0;0;0;0
FR;9;2022-07-06;0;0;0;0;0;0;0;0;0;0;0;0;0;0;0;0;0;0
FR;9;2022-07-07;0;0;0;0;0;0;0;0;0;0;0;0;0;0;0;0;0;0
FR;9;2022-07-08;0;0;0;0;0;0;0;0;0;0;0;0;0;0;0;0;0;0
FR;9;2022-07-09;0;0;0;0;0;0;0;0;0;0;0;0;0;0;0;0;0;0
FR;9;2022-07-10;0;0;0;0;0;0;0;0;0;0;0;0;0;0;0;0;0;0
FR;9;2022-07-11;0;0;0;0;0;0;0;0;0;0;0;0;0;0;0;0;0;0
FR;9;2022-07-12;0;0;0;0;0;0;0;0;0;0;0;0;0;0;0;0;0;0
FR;9;2022-07-13;0;0;0;0;0;0;0;0;0;0;0;0;0;0;0;0;0;0
FR;9;2022-07-14;0;0;0;0;0;0;0;0;0;0;0;0;0;0;0;0;0;0
FR;9;2022-07-15;0;0;0;0;0;0;0;0;0;0;0;0;0;0;0;0;0;0
FR;9;2022-07-16;0;0;0;0;0;0;0;0;0;0;0;0;0;0;0;0;0;0
FR;9;2022-07-17;0;0;0;0;0;0;0;0;0;0;0;0;0;0;0;0;0;0
FR;9;2022-07-18;0;0;0;0;0;0;0;0;0;0;0;0;0;0;0;0;0;0
FR;9;2022-07-19;0;0;0;0;0;0;0;0;0;0;0;0;0;0;0;0;0;0
FR;9;2022-07-20;0;0;0;0;0;0;0;0;0;0;0;0;0;0;0;0;0;0
FR;9;2022-07-21;0;0;0;0;0;0;0;0;0;0;0;0;0;0;0;0;0;0
FR;9;2022-07-22;0;0;0;0;0;0;0;0;0;0;0;0;0;0;0;0;0;0
FR;9;2022-07-23;0;0;0;0;0;0;0;0;0;0;0;0;0;0;0;0;0;0
FR;9;2022-07-24;0;0;0;0;0;0;0;0;0;0;0;0;0;0;0;0;0;0
FR;9;2022-07-25;0;0;0;0;0;0;0;0;0;0;0;0;0;0;0;0;0;0
FR;9;2022-07-26;0;0;0;0;0;0;0;0;0;0;0;0;0;0;0;0;0;0
FR;9;2022-07-27;0;0;0;0;0;0;0;0;0;0;0;0;0;0;0;0;0;0
FR;9;2022-07-28;0;0;0;0;0;0;0;0;0;0;0;0;0;0;0;0;0;0
FR;9;2022-07-29;0;0;0;0;0;0;0;0;0;0;0;0;0;0;0;0;0;0
FR;9;2022-07-30;0;0;0;0;0;0;0;0;0;0;0;0;0;0;0;0;0;0
FR;9;2022-07-31;0;0;0;0;0;0;0;0;0;0;0;0;0;0;0;0;0;0
FR;9;2022-08-01;0;0;0;0;0;0;0;0;0;0;0;0;0;0;0;0;0;0
FR;9;2022-08-02;0;0;0;0;0;0;0;0;0;0;0;0;0;0;0;0;0;0
FR;9;2022-08-03;0;0;0;0;0;0;0;0;0;0;0;0;0;0;0;0;0;0
FR;9;2022-08-04;0;0;0;0;0;0;0;0;0;0;0;0;0;0;0;0;0;0
FR;9;2022-08-05;0;0;0;0;0;0;0;0;0;0;0;0;0;0;0;0;0;0
FR;9;2022-08-06;0;0;0;0;0;0;0;0;0;0;0;0;0;0;0;0;0;0
FR;9;2022-08-07;0;0;0;0;0;0;0;0;0;0;0;0;0;0;0;0;0;0
FR;9;2022-08-08;0;0;0;0;0;0;0;0;0;0;0;0;0;0;0;0;0;0
FR;9;2022-08-09;0;0;0;0;0;0;0;0;0;0;0;0;0;0;0;0;0;0
FR;9;2022-08-10;0;0;0;0;0;0;0;0;0;0;0;0;0;0;0;0;0;0
FR;9;2022-08-11;0;0;0;0;0;0;0;0;0;0;0;0;0;0;0;0;0;0
FR;9;2022-08-12;0;0;0;0;0;0;0;0;0;0;0;0;0;0;0;0;0;0
FR;9;2022-08-13;0;0;0;0;0;0;0;0;0;0;0;0;0;0;0;0;0;0
FR;9;2022-08-14;0;0;0;0;0;0;0;0;0;0;0;0;0;0;0;0;0;0
FR;9;2022-08-15;0;0;0;0;0;0;0;0;0;0;0;0;0;0;0;0;0;0
FR;9;2022-08-16;0;0;0;0;0;0;0;0;0;0;0;0;0;0;0;0;0;0
FR;9;2022-08-17;0;0;0;0;0;0;0;0;0;0;0;0;0;0;0;0;0;0
FR;9;2022-08-18;0;0;0;0;0;0;0;0;0;0;0;0;0;0;0;0;0;0
FR;9;2022-08-19;0;0;0;0;0;0;0;0;0;0;0;0;0;0;0;0;0;0
FR;9;2022-08-20;0;0;0;0;0;0;0;0;0;0;0;0;0;0;0;0;0;0
FR;9;2022-08-21;0;0;0;0;0;0;0;0;0;0;0;0;0;0;0;0;0;0
FR;9;2022-08-22;0;0;0;0;0;0;0;0;0;0;0;0;0;0;0;0;0;0
FR;9;2022-08-23;0;0;0;0;0;0;0;0;0;0;0;0;0;0;0;0;0;0
FR;9;2022-08-24;0;0;0;0;0;0;0;0;0;0;0;0;0;0;0;0;0;0
FR;9;2022-08-25;0;0;0;0;0;0;0;0;0;0;0;0;0;0;0;0;0;0
FR;9;2022-08-26;0;0;0;0;0;0;0;0;0;0;0;0;0;0;0;0;0;0
FR;9;2022-08-27;0;0;0;0;0;0;0;0;0;0;0;0;0;0;0;0;0;0
FR;9;2022-08-28;0;0;0;0;0;0;0;0;0;0;0;0;0;0;0;0;0;0
FR;9;2022-08-29;0;0;0;0;0;0;0;0;0;0;0;0;0;0;0;0;0;0
FR;9;2022-08-30;0;0;0;0;0;0;0;0;0;0;0;0;0;0;0;0;0;0
FR;9;2022-08-31;0;0;0;0;0;0;0;0;0;0;0;0;0;0;0;0;0;0
FR;9;2022-09-01;0;0;0;0;0;0;0;0;0;0;0;0;0;0;0;0;0;0
FR;9;2022-09-02;0;0;0;0;0;0;0;0;0;0;0;0;0;0;0;0;0;0
FR;9;2022-09-03;0;0;0;0;0;0;0;0;0;0;0;0;0;0;0;0;0;0
FR;9;2022-09-04;0;0;0;0;0;0;0;0;0;0;0;0;0;0;0;0;0;0
FR;9;2022-09-05;0;0;0;0;0;0;0;0;0;0;0;0;0;0;0;0;0;0
FR;9;2022-09-06;0;0;0;0;0;0;0;0;0;0;0;0;0;0;0;0;0;0
FR;9;2022-09-07;0;0;0;0;0;0;0;0;0;0;0;0;0;0;0;0;0;0
FR;9;2022-09-08;0;0;0;0;0;0;0;0;0;0;0;0;0;0;0;0;0;0
FR;9;2022-09-09;0;0;0;0;0;0;0;0;0;0;0;0;0;0;0;0;0;0
FR;9;2022-09-10;0;0;0;0;0;0;0;0;0;0;0;0;0;0;0;0;0;0
FR;9;2022-09-11;0;0;0;0;0;0;0;0;0;0;0;0;0;0;0;0;0;0
FR;9;2022-09-12;0;0;0;0;0;0;0;0;0;0;0;0;0;0;0;0;0;0
FR;9;2022-09-13;0;0;0;0;0;0;0;0;0;0;0;0;0;0;0;0;0;0
FR;9;2022-09-14;0;0;0;0;0;0;0;0;0;0;0;0;0;0;0;0;0;0
FR;9;2022-09-15;0;0;0;0;0;0;0;0;0;0;0;0;0;0;0;0;0;0
FR;9;2022-09-16;0;0;0;0;0;0;0;0;0;0;0;0;0;0;0;0;0;0
FR;9;2022-09-17;0;0;0;0;0;0;0;0;0;0;0;0;0;0;0;0;0;0
FR;9;2022-09-18;0;0;0;0;0;0;0;0;0;0;0;0;0;0;0;0;0;0
FR;9;2022-09-19;0;0;0;0;0;0;0;0;0;0;0;0;0;0;0;0;0;0
FR;9;2022-09-20;0;0;0;0;0;0;0;0;0;0;0;0;0;0;0;0;0;0
FR;9;2022-09-21;0;0;0;0;0;0;0;0;0;0;0;0;0;0;0;0;0;0
FR;9;2022-09-22;0;0;0;0;0;0;0;0;0;0;0;0;0;0;0;0;0;0
FR;9;2022-09-23;0;0;0;0;0;0;0;0;0;0;0;0;0;0;0;0;0;0
FR;9;2022-09-24;0;0;0;0;0;0;0;0;0;0;0;0;0;0;0;0;0;0
FR;9;2022-09-25;0;0;0;0;0;0;0;0;0;0;0;0;0;0;0;0;0;0
FR;9;2022-09-26;0;0;0;0;0;0;0;0;0;0;0;0;0;0;0;0;0;0
FR;9;2022-09-27;0;0;0;0;0;0;0;0;0;0;0;0;0;0;0;0;0;0
FR;9;2022-09-28;0;0;0;0;0;0;0;0;0;0;0;0;0;0;0;0;0;0
FR;9;2022-09-29;1;1;8;31;0;6;33;40;1;1;1;8;31;0;6;33;40;1
FR;9;2022-09-30;4;12;60;605;6;47;612;712;51;5;13;68;636;6;53;645;752;52
FR;9;2022-10-01;9;1;43;327;2;26;335;396;35;14;14;111;963;8;79;980;1148;87
FR;9;2022-10-02;1;1;5;50;0;4;51;66;11;15;15;116;1013;8;83;1031;1214;98
FR;9;2022-10-03;10;16;150;1713;10;129;1706;2072;234;25;31;266;2726;18;212;2737;3286;332
FR;9;2022-10-04;20;48;353;3951;18;228;4019;4700;449;45;79;619;6677;36;440;6756;7986;781
FR;9;2022-10-05;27;19;269;2996;16;203;3009;3654;433;72;98;888;9673;52;643;9765;11640;1214
FR;9;2022-10-06;23;34;399;4598;17;300;4631;5609;673;95;132;1287;14271;69;943;14396;17249;1887
FR;9;2022-10-07;29;50;499;5701;19;384;5715;7024;923;124;182;1786;19972;88;1327;20111;24273;2810
FR;9;2022-10-08;10;18;128;1088;8;86;1106;1386;190;134;200;1914;21060;96;1413;21217;25659;3000
FR;9;2022-10-09;1;7;22;197;1;29;198;277;50;135;207;1936;21257;97;1442;21415;25936;3050
FR;9;2022-10-10;11;26;207;2572;14;181;2576;3296;533;146;233;2143;23829;111;1623;23991;29232;3583
FR;9;2022-10-11;32;40;426;5041;27;314;5022;6197;851;178;273;2569;28870;138;1937;29013;35429;4434
FR;9;2022-10-12;22;26;297;2984;16;212;3042;3827;571;200;299;2866;31854;154;2149;32055;39256;5005
FR;9;2022-10-13;24;42;374;3978;16;244;4035;5024;739;224;341;3240;35832;170;2393;36090;44280;5744
FR;9;2022-10-14;27;26;381;4426;12;293;4410;5553;839;251;367;3621;40258;182;2686;40500;49833;6583
FR;9;2022-10-15;13;8;101;1051;7;79;1028;1307;198;264;375;3722;41309;189;2765;41528;51140;6781
FR;9;2022-10-16;4;1;9;131;2;12;125;167;28;268;376;3731;41440;191;2777;41653;51307;6809
FR;9;2022-10-17;4;22;165;1873;11;127;1881;2490;475;272;398;3896;43313;202;2904;43534;53797;7284
FR;9;2022-10-18;35;28;314;3425;16;225;3435;4621;952;307;426;4210;46738;218;3129;46969;58418;8236
FR;9;2022-10-19;20;19;259;2676;16;171;2706;3711;819;327;445;4469;49414;234;3300;49675;62129;9055
FR;9;2022-10-20;21;22;308;3623;9;232;3624;4796;932;348;467;4777;53037;243;3532;53299;66925;9987
FR;9;2022-10-21;14;31;324;3520;10;225;3539;4632;860;362;498;5101;56557;253;3757;56838;71557;10847
FR;9;2022-10-22;10;11;90;913;8;62;918;1190;205;372;509;5191;57470;261;3819;57756;72747;11052
FR;9;2022-10-23;2;2;17;99;2;10;104;147;33;374;511;5208;57569;263;3829;57860;72894;11085
FR;9;2022-10-24;7;17;158;1360;6;104;1429;1933;395;381;528;5366;58929;269;3933;59289;74827;11480
FR;9;2022-10-25;18;22;227;2837;16;188;2846;3907;870;399;550;5593;61766;285;4121;62135;78734;12350
FR;9;2022-10-26;14;16;161;1792;13;122;1799;2506;583;413;566;5754;63558;298;4243;63934;81240;12933
FR;9;2022-10-27;9;26;231;2291;15;174;2324;3171;662;422;592;5985;65849;313;4417;66258;84411;13595
FR;9;2022-10-28;18;27;223;2261;17;149;2298;3133;679;440;619;6208;68110;330;4566;68556;87544;14274
FR;9;2022-10-29;11;8;54;503;5;46;493;658;118;451;627;6262;68613;335;4612;69049;88202;14392
FR;9;2022-10-30;2;1;8;58;1;8;58;82;16;453;628;6270;68671;336;4620;69107;88284;14408
FR;9;2022-10-31;13;5;105;658;9;57;693;984;232;466;633;6375;69329;345;4677;69800;89268;14640
FR;9;2022-11-01;1;1;15;43;0;11;49;71;11;467;634;6390;69372;345;4688;69849;89339;14651
FR;9;2022-11-02;7;12;102;1017;4;76;1035;1566;451;474;646;6492;70389;349;4764;70884;90905;15102
FR;9;2022-11-03;17;17;155;1582;15;90;1630;2324;594;491;663;6647;71971;364;4854;72514;93229;15696
FR;9;2022-11-04;21;18;192;1738;14;119;1787;2512;601;512;681;6839;73709;378;4973;74301;95741;16297
FR;9;2022-11-05;8;10;58;403;9;39;424;573;107;520;691;6897;74112;387;5012;74725;96314;16404
FR;9;2022-11-06;5;4;5;61;6;2;60;87;25;525;695;6902;74173;393;5014;74785;96401;16429
FR;9;2022-11-07;16;19;81;881;16;80;912;1420;422;541;714;6983;75054;409;5094;75697;97821;16851
FR;9;2022-11-08;10;18;164;1782;12;132;1780;2583;666;551;732;7147;76836;421;5226;77477;100404;17517
FR;9;2022-11-09;16;16;112;1256;9;98;1306;1860;451;567;748;7259;78092;430;5324;78783;102264;17968
FR;9;2022-11-10;12;21;152;1579;13;131;1576;2223;513;579;769;7411;79671;443;5455;80359;104487;18481
FR;9;2022-11-11;1;1;13;81;1;6;83;123;34;580;770;7424;79752;444;5461;80442;104610;18515
FR;9;2022-11-12;4;8;42;255;7;19;272;389;97;584;778;7466;80007;451;5480;80714;104999;18612
FR;9;2022-11-13;2;0;4;30;0;4;31;51;16;586;778;7470;80037;451;5484;80745;105050;18628
FR;9;2022-11-14;11;12;56;701;11;44;716;1101;338;597;790;7526;80738;462;5528;81461;106151;18966
FR;9;2022-11-15;15;17;146;1299;8;102;1310;2014;597;612;807;7672;82037;470;5630;82771;108165;19563
FR;9;2022-11-16;10;4;99;972;7;58;991;1477;424;622;811;7771;83009;477;5688;83762;109642;19987
FR;9;2022-11-17;7;15;121;1065;10;74;1087;1631;465;629;826;7892;84074;487;5762;84849;111273;20452
FR;9;2022-11-18;7;16;117;1426;5;74;1442;1993;475;636;842;8009;85500;492;5836;86291;113266;20927
FR;9;2022-11-19;3;5;48;348;1;26;332;469;106;639;847;8057;85848;493;5862;86623;113735;21033
FR;9;2022-11-20;1;0;5;37;0;3;35;54;16;640;847;8062;85885;493;5865;86658;113789;21049
FR;9;2022-11-21;7;12;64;579;5;47;581;883;248;647;859;8126;86464;498;5912;87239;114672;21297
FR;9;2022-11-22;14;12;111;1003;13;66;1034;1512;411;661;871;8237;87467;511;5978;88273;116184;21708
FR;9;2022-11-23;6;8;65;673;3;31;701;1091;354;667;879;8302;88140;514;6009;88974;117275;22062
FR;9;2022-11-24;8;18;91;914;14;66;932;1387;384;675;897;8393;89054;528;6075;89906;118662;22446
FR;9;2022-11-25;7;9;103;1136;7;78;1155;1664;430;682;906;8496;90190;535;6153;91061;120326;22876
FR;9;2022-11-26;6;6;32;213;7;23;205;298;66;688;912;8528;90403;542;6176;91266;120624;22942
FR;9;2022-11-27;1;1;6;42;0;2;46;82;34;689;913;8534;90445;542;6178;91312;120706;22976
FR;9;2022-11-28;4;6;93;641;7;54;666;991;267;693;919;8627;91086;549;6232;91978;121697;23243
FR;9;2022-11-29;3;16;124;1230;5;73;1259;1803;466;696;935;8751;92316;554;6305;93237;123500;23709
FR;0;2020-12-27;612;0;0;0;55;0;0;0;0;612;0;0;0;55;0;0;0;0
FR;0;2020-12-28;694;1;0;0;42;0;0;0;0;1306;1;0;0;97;0;0;0;0
FR;0;2020-12-29;387;0;0;0;19;0;0;0;0;1693;1;0;0;116;0;0;0;0
FR;0;2020-12-30;448;0;0;0;18;0;0;0;0;2141;1;0;0;134;0;0;0;0
FR;0;2020-12-31;445;1;0;0;23;0;0;0;0;2586;2;0;0;157;0;0;0;0
FR;0;2021-01-01;1173;2;0;0;64;0;0;0;0;3759;4;0;0;221;0;0;0;0
FR;0;2021-01-02;366;3;0;0;28;0;0;0;0;4125;7;0;0;249;0;0;0;0
FR;0;2021-01-03;409;0;0;0;24;0;0;0;0;4534;7;0;0;273;0;0;0;0
FR;0;2021-01-04;2123;4;0;0;50;0;0;0;0;6657;11;0;0;323;0;0;0;0
FR;0;2021-01-05;7758;5;0;0;129;0;0;0;0;14415;16;0;0;452;0;0;0;0
FR;0;2021-01-06;12463;22;0;0;126;0;0;0;0;26878;38;0;0;578;0;0;0;0
FR;0;2021-01-07;29472;20;0;0;158;0;0;0;0;56350;58;0;0;736;0;0;0;0
FR;0;2021-01-08;37158;25;0;0;199;0;0;0;0;93508;83;0;0;935;0;0;0;0
FR;0;2021-01-09;11217;9;0;0;77;0;0;0;0;104725;92;0;0;1012;0;0;0;0
FR;0;2021-01-10;6009;7;0;0;27;0;0;0;0;110734;99;0;0;1039;0;0;0;0
FR;0;2021-01-11;39950;30;0;0;226;0;0;0;0;150684;129;0;0;1265;0;0;0;0
FR;0;2021-01-12;62151;25;0;0;299;0;0;0;0;212835;154;0;0;1564;0;0;0;0
FR;0;2021-01-13;65133;51;0;0;431;0;0;0;0;277968;205;0;0;1995;0;0;0;0
FR;0;2021-01-14;83113;197;0;0;1172;0;0;0;0;361081;402;0;0;3167;0;0;0;0
FR;0;2021-01-15;69017;81;0;0;553;0;0;0;0;430098;483;0;0;3720;0;0;0;0
FR;0;2021-01-16;20217;72;0;0;183;0;0;0;0;450315;555;0;0;3903;0;0;0;0
FR;0;2021-01-17;10988;50;0;0;133;0;0;0;0;461303;605;0;0;4036;0;0;0;0
FR;0;2021-01-18;85915;175;0;0;614;0;0;0;0;547218;780;0;0;4650;0;0;0;0
FR;0;2021-01-19;130610;201;0;0;861;0;0;0;0;677828;981;0;0;5511;0;0;0;0
FR;0;2021-01-20;137562;192;0;0;847;0;0;0;0;815390;1173;0;0;6358;0;0;0;0
FR;0;2021-01-21;158416;193;0;0;945;0;0;0;0;973806;1366;0;0;7303;0;0;0;0
FR;0;2021-01-22;121075;244;0;0;840;0;0;0;0;1094881;1610;0;0;8143;0;0;0;0
FR;0;2021-01-23;38486;75;0;0;212;0;0;0;0;1133367;1685;0;0;8355;0;0;0;0
FR;0;2021-01-24;9748;114;0;0;179;0;0;0;0;1143115;1799;0;0;8534;0;0;0;0
FR;0;2021-01-25;78247;1401;0;0;1756;0;0;0;0;1221362;3200;0;0;10290;0;0;0;0
FR;0;2021-01-26;100385;3607;1;0;4086;0;0;0;0;1321747;6807;1;0;14376;0;0;0;0
FR;0;2021-01-27;107259;6319;0;0;7039;0;0;0;0;1429006;13126;1;0;21415;0;0;0;0
FR;0;2021-01-28;124369;16108;0;0;16930;0;0;0;0;1553375;29234;1;0;38345;0;0;0;0
FR;0;2021-01-29;92191;18555;0;0;19126;0;0;0;0;1645566;47789;1;0;57471;0;0;0;0
FR;0;2021-01-30;29128;4484;0;0;4615;0;0;0;0;1674694;52273;1;0;62086;0;0;0;0
FR;0;2021-01-31;5239;1864;0;0;1906;0;0;0;0;1679933;54137;1;0;63992;0;0;0;0
FR;0;2021-02-01;53144;22583;0;0;22839;0;0;0;0;1733077;76720;1;0;86831;0;0;0;0
FR;0;2021-02-02;72326;37570;0;0;38062;0;0;0;0;1805403;114290;1;0;124893;0;0;0;0
FR;0;2021-02-03;72316;39671;0;0;40158;0;0;0;0;1877719;153961;1;0;165051;0;0;0;0
FR;0;2021-02-04;82086;54191;0;0;54773;0;0;0;0;1959805;208152;1;0;219824;0;0;0;0
FR;0;2021-02-05;68244;47544;0;0;47960;0;0;0;0;2028049;255696;1;0;267784;0;0;0;0
FR;0;2021-02-06;22990;11245;0;0;11480;0;0;0;0;2051039;266941;1;0;279264;0;0;0;0
FR;0;2021-02-07;5195;5890;0;0;6013;0;0;0;0;2056234;272831;1;0;285277;0;0;0;0
FR;0;2021-02-08;46849;48385;0;0;48830;0;0;0;0;2103083;321216;1;0;334107;0;0;0;0
FR;0;2021-02-09;66027;77457;0;0;78532;0;0;0;0;2169110;398673;1;0;412639;0;0;0;0
FR;0;2021-02-10;71032;82261;0;0;83525;0;0;0;0;2240142;480934;1;0;496164;0;0;0;0
FR;0;2021-02-11;87297;104652;0;0;106546;0;0;0;0;2327439;585586;1;0;602710;0;0;0;0
FR;0;2021-02-12;79344;75617;0;0;77335;0;0;0;0;2406783;661203;1;0;680045;0;0;0;0
FR;0;2021-02-13;22386;19522;0;0;19882;0;0;0;0;2429169;680725;1;0;699927;0;0;0;0
FR;0;2021-02-14;5079;7346;0;0;7469;0;0;0;0;2434248;688071;1;0;707396;0;0;0;0
FR;0;2021-02-15;38118;76706;0;0;77676;0;0;0;0;2472366;764777;1;0;785072;0;0;0;0
FR;0;2021-02-16;50409;100045;0;0;101347;0;0;0;0;2522775;864822;1;0;886419;0;0;0;0
FR;0;2021-02-17;50546;106445;20;0;107843;0;0;0;0;2573321;971267;21;0;994262;0;0;0;0
FR;0;2021-02-18;69803;122951;0;0;124954;0;0;0;0;2643124;1094218;21;0;1119216;0;0;0;0
FR;0;2021-02-19;65080;91913;1;0;93769;0;0;0;0;2708204;1186131;22;0;1212985;0;0;0;0
FR;0;2021-02-20;18596;28604;0;0;28956;0;0;0;0;2726800;1214735;22;0;1241941;0;0;0;0
FR;0;2021-02-21;3327;6124;0;0;6227;0;0;0;0;2730127;1220859;22;0;1248168;0;0;0;0
FR;0;2021-02-22;37506;73168;2;0;74144;0;0;0;0;2767633;1294027;24;0;1322312;0;0;0;0
FR;0;2021-02-23;53790;85159;1;0;86636;0;0;0;0;2821423;1379186;25;0;1408948;0;0;0;0
FR;0;2021-02-24;60025;82665;1;0;84217;0;0;0;0;2881448;1461851;26;0;1493165;0;0;0;0
FR;0;2021-02-25;100595;91446;1;0;94406;0;0;0;0;2982043;1553297;27;0;1587571;0;0;0;0
FR;0;2021-02-26;113484;70768;1;0;73877;0;0;0;0;3095527;1624065;28;0;1661448;0;0;0;0
FR;0;2021-02-27;52122;22379;1;0;23616;0;0;0;0;3147649;1646444;29;0;1685064;0;0;0;0
FR;0;2021-02-28;6207;4138;2;0;4334;0;0;0;0;3153856;1650582;31;0;1689398;0;0;0;0
FR;0;2021-03-01;65922;53955;1;0;55799;0;0;0;0;3219778;1704537;32;0;1745197;0;0;0;0
FR;0;2021-03-02;101403;67092;3;0;70120;0;0;0;0;3321181;1771629;35;0;1815317;0;0;0;0
FR;0;2021-03-03;116542;65556;0;0;69223;0;0;0;0;3437723;1837185;35;0;1884540;0;0;0;0
FR;0;2021-03-04;163646;72132;3;0;77688;0;0;0;0;3601369;1909317;38;0;1962228;0;0;0;0
FR;0;2021-03-05;200944;62779;3;0;69489;0;0;0;0;3802313;1972096;41;0;2031717;0;0;0;0
FR;0;2021-03-06;207976;17510;3;0;22813;0;0;0;0;4010289;1989606;44;0;2054530;0;0;0;0
FR;0;2021-03-07;121284;4258;1;0;7551;0;0;0;0;4131573;1993864;45;0;2062081;0;0;0;0
FR;0;2021-03-08;107164;49792;2;0;53263;0;0;0;0;4238737;2043656;47;0;2115344;0;0;0;0
FR;0;2021-03-09;172469;56244;2;0;61715;0;0;0;0;4411206;2099900;49;0;2177059;0;0;0;0
FR;0;2021-03-10;179026;57080;5;0;62740;0;0;0;0;4590232;2156980;54;0;2239799;0;0;0;0
FR;0;2021-03-11;242918;63976;2;0;72050;0;0;0;0;4833150;2220956;56;0;2311849;0;0;0;0
FR;0;2021-03-12;294852;53397;1;0;62846;0;0;0;0;5128002;2274353;57;0;2374695;0;0;0;0
FR;0;2021-03-13;231427;15267;1;0;21241;0;0;0;0;5359429;2289620;58;0;2395936;0;0;0;0
FR;0;2021-03-14;63357;3138;1;0;5175;0;0;0;0;5422786;2292758;59;0;2401111;0;0;0;0
FR;0;2021-03-15;158680;31673;3;0;36314;0;0;0;0;5581466;2324431;62;0;2437425;0;0;0;0
FR;0;2021-03-16;141584;38931;6;0;43061;0;0;0;0;5723050;2363362;68;0;2480486;0;0;0;0
FR;0;2021-03-17;150507;37723;4;0;42481;0;0;0;0;5873557;2401085;72;0;2522967;0;0;0;0
FR;0;2021-03-18;167854;44444;5;0;49991;0;0;0;0;6041411;2445529;77;0;2572958;0;0;0;0
FR;0;2021-03-19;230033;36838;2;0;44193;0;0;0;0;6271444;2482367;79;0;2617151;0;0;0;0
FR;0;2021-03-20;166708;11415;1;0;16038;0;0;0;0;6438152;2493782;80;0;2633189;0;0;0;0
FR;0;2021-03-21;49949;2215;1;0;3972;0;0;0;0;6488101;2495997;81;0;2637161;0;0;0;0
FR;0;2021-03-22;170070;33657;2;0;39148;0;0;0;0;6658171;2529654;83;0;2676309;0;0;0;0
FR;0;2021-03-23;250415;42396;1;0;50215;0;0;0;0;6908586;2572050;84;0;2726524;0;0;0;0
FR;0;2021-03-24;256926;43539;0;0;51607;0;0;0;0;7165512;2615589;84;0;2778131;0;0;0;0
FR;0;2021-03-25;341844;45207;5;0;56193;0;0;0;0;7507356;2660796;89;0;2834324;0;0;0;0
FR;0;2021-03-26;358829;41854;5;1;53597;0;0;0;0;7866185;2702650;94;1;2887921;0;0;0;0
FR;0;2021-03-27;195282;16912;1;0;23352;0;0;0;0;8061467;2719562;95;1;2911273;0;0;0;0
FR;0;2021-03-28;59346;4437;3;0;6500;0;0;0;0;8120813;2723999;98;1;2917773;0;0;0;0
FR;0;2021-03-29;202998;53530;4;0;60275;0;0;0;0;8323811;2777529;102;1;2978048;0;0;0;0
FR;0;2021-03-30;285505;69919;5;0;80315;0;0;0;0;8609316;2847448;107;1;3058363;0;0;0;0
FR;0;2021-03-31;263063;73866;4;0;84535;0;0;0;0;8872379;2921314;111;1;3142898;0;0;0;0
FR;0;2021-04-01;315540;92142;11;0;105694;0;0;0;0;9187919;3013456;122;1;3248592;0;0;0;0
FR;0;2021-04-02;281366;94372;7;0;106174;0;0;0;0;9469285;3107828;129;1;3354766;0;0;0;0
FR;0;2021-04-03;141083;62476;6;0;67720;0;0;0;0;9610368;3170304;135;1;3422486;0;0;0;0
FR;0;2021-04-04;46541;18971;2;0;21018;0;0;0;0;9656909;3189275;137;1;3443504;0;0;0;0
FR;0;2021-04-05;63353;10502;11;0;13154;0;0;0;0;9720262;3199777;148;1;3456658;0;0;0;0
FR;0;2021-04-06;217245;112323;17;0;121130;0;0;0;0;9937507;3312100;165;1;3577788;0;0;0;0
FR;0;2021-04-07;260291;115284;17;0;126599;0;0;0;0;10197798;3427384;182;1;3704387;0;0;0;0
FR;0;2021-04-08;337879;122766;14;0;138359;0;0;0;0;10535677;3550150;196;1;3842746;0;0;0;0
FR;0;2021-04-09;410190;116731;49;0;134107;0;0;0;0;10945867;3666881;245;1;3976853;0;0;0;0
FR;0;2021-04-10;212644;82846;15;0;91222;0;0;0;0;11158511;3749727;260;1;4068075;0;0;0;0
FR;0;2021-04-11;56152;34187;7;0;36711;0;0;0;0;11214663;3783914;267;1;4104786;0;0;0;0
FR;0;2021-04-12;237094;115708;46;0;125280;0;0;0;0;11451757;3899622;313;1;4230066;0;0;0;0
FR;0;2021-04-13;309517;144237;98;1;157163;0;0;0;0;11761274;4043859;411;2;4387229;0;0;0;0
FR;0;2021-04-14;294564;139669;215;0;153022;0;0;0;0;12055838;4183528;626;2;4540251;0;0;0;0
FR;0;2021-04-15;337143;149986;340;0;165493;0;0;0;0;12392981;4333514;966;2;4705744;0;0;0;0
FR;0;2021-04-16;339323;146782;354;0;161422;0;0;0;0;12732304;4480296;1320;2;4867166;0;0;0;0
FR;0;2021-04-17;188678;89983;109;0;97666;0;0;0;0;12920982;4570279;1429;2;4964832;0;0;0;0
FR;0;2021-04-18;51626;35439;47;0;37857;0;0;0;0;12972608;4605718;1476;2;5002689;0;0;0;0
FR;0;2021-04-19;205724;138223;456;0;147348;0;0;0;0;13178332;4743941;1932;2;5150037;0;0;0;0
FR;0;2021-04-20;254449;171700;569;0;183330;0;0;0;0;13432781;4915641;2501;2;5333367;0;0;0;0
FR;0;2021-04-21;253297;169778;836;0;181779;0;0;0;0;13686078;5085419;3337;2;5515146;0;0;0;0
FR;0;2021-04-22;287592;190080;818;0;204663;0;0;0;0;13973670;5275499;4155;2;5719809;0;0;0;0
FR;0;2021-04-23;297752;184345;747;0;203170;0;0;0;0;14271422;5459844;4902;2;5922979;0;0;0;0
FR;0;2021-04-24;190466;111914;252;0;122358;0;0;0;0;14461888;5571758;5154;2;6045337;0;0;0;0
FR;0;2021-04-25;69567;38821;51;0;42551;0;0;0;0;14531455;5610579;5205;2;6087888;0;0;0;0
FR;0;2021-04-26;220982;158011;563;0;171188;0;0;0;0;14752437;5768590;5768;2;6259076;0;0;0;0
FR;0;2021-04-27;284631;187825;941;0;211128;0;0;0;0;15037068;5956415;6709;2;6470204;0;0;0;0
FR;0;2021-04-28;299541;184321;1426;1;209388;1;0;0;0;15336609;6140736;8135;3;6679592;1;0;0;0
FR;0;2021-04-29;357170;197741;1280;0;232812;0;0;0;0;15693779;6338477;9415;3;6912404;1;0;0;0
FR;0;2021-04-30;372238;185723;1123;1;225059;0;0;0;0;16066017;6524200;10538;4;7137463;1;0;0;0
FR;0;2021-05-01;167656;52488;179;0;63734;0;0;0;0;16233673;6576688;10717;4;7201197;1;0;0;0
FR;0;2021-05-02;91760;37835;83;0;43556;0;0;0;0;16325433;6614523;10800;4;7244753;1;0;0;0
FR;0;2021-05-03;288948;166254;843;0;186761;0;0;0;0;16614381;6780777;11643;4;7431514;1;0;0;0
FR;0;2021-05-04;315710;225244;1235;0;251392;0;0;0;0;16930091;7006021;12878;4;7682906;1;0;0;0
FR;0;2021-05-05;327235;226038;1315;0;251093;0;0;0;0;17257326;7232059;14193;4;7933999;1;0;0;0
FR;0;2021-05-06;379555;240690;1634;0;274940;0;0;0;0;17636881;7472749;15827;4;8208939;1;0;0;0
FR;0;2021-05-07;372786;258306;1223;0;299360;0;0;0;0;18009667;7731055;17050;4;8508299;1;0;0;0
FR;0;2021-05-08;222171;70482;299;0;85688;0;0;0;0;18231838;7801537;17349;4;8593987;1;0;0;0
FR;0;2021-05-09;129712;45026;243;0;53658;0;0;0;0;18361550;7846563;17592;4;8647645;1;0;0;0
FR;0;2021-05-10;313408;229424;1237;0;255193;0;0;0;0;18674958;8075987;18829;4;8902838;1;0;0;0
FR;0;2021-05-11;403931;258155;1566;0;296561;0;0;0;0;19078889;8334142;20395;4;9199399;1;0;0;0
FR;0;2021-05-12;434146;233660;1543;0;269925;0;0;0;0;19513035;8567802;21938;4;9469324;1;0;0;0
FR;0;2021-05-13;338621;56604;432;0;78101;0;0;0;0;19851656;8624406;22370;4;9547425;1;0;0;0
FR;0;2021-05-14;454157;167430;1126;0;203010;0;0;0;0;20305813;8791836;23496;4;9750435;1;0;0;0
FR;0;2021-05-15;374993;94300;444;0;120687;0;0;0;0;20680806;8886136;23940;4;9871122;1;0;0;0
FR;0;2021-05-16;202762;20684;168;0;34080;0;0;0;0;20883568;8906820;24108;4;9905202;1;0;0;0
FR;0;2021-05-17;376132;148788;1555;0;178573;0;0;0;0;21259700;9055608;25663;4;10083775;1;0;0;0
FR;0;2021-05-18;460179;153860;1990;0;193000;0;0;0;0;21719879;9209468;27653;4;10276775;1;0;0;0
FR;0;2021-05-19;467425;143090;2464;0;180350;0;0;0;0;22187304;9352558;30117;4;10457125;1;0;0;0
FR;0;2021-05-20;507562;160258;2339;0;204234;0;0;0;0;22694866;9512816;32456;4;10661359;1;0;0;0
FR;0;2021-05-21;489693;175032;1996;0;221568;0;0;0;0;23184559;9687848;34452;4;10882927;1;0;0;0
FR;0;2021-05-22;347208;80157;670;0;108586;0;0;0;0;23531767;9768005;35122;4;10991513;1;0;0;0
FR;0;2021-05-23;161700;14248;246;0;26716;0;0;0;0;23693467;9782253;35368;4;11018229;1;0;0;0
FR;0;2021-05-24;263204;33132;604;0;52969;0;0;0;0;23956671;9815385;35972;4;11071198;1;0;0;0
FR;0;2021-05-25;400291;190218;2355;1;226787;0;0;0;0;24356962;10005603;38327;5;11297985;1;0;0;0
FR;0;2021-05-26;413475;190376;2225;0;228431;0;0;0;0;24770437;10195979;40552;5;11526416;1;0;0;0
FR;0;2021-05-27;449831;219729;2163;0;266866;0;0;0;0;25220268;10415708;42715;5;11793282;1;0;0;0
FR;0;2021-05-28;429571;260734;1894;0;318818;0;0;0;0;25649839;10676442;44609;5;12112100;1;0;0;0
FR;0;2021-05-29;298996;150220;585;0;183069;0;0;0;0;25948835;10826662;45194;5;12295169;1;0;0;0
FR;0;2021-05-30;107147;32517;164;0;42099;0;0;0;0;26055982;10859179;45358;5;12337268;1;0;0;0
FR;0;2021-05-31;358050;203383;1471;1;241657;1;0;0;0;26414032;11062562;46829;6;12578925;2;0;0;0
FR;0;2021-06-01;431064;251266;1967;1;302893;1;0;0;0;26845096;11313828;48796;7;12881818;3;0;0;0
FR;0;2021-06-02;420129;232165;1985;0;279531;0;0;0;0;27265225;11545993;50781;7;13161349;3;0;0;0
FR;0;2021-06-03;465640;257774;1825;0;312529;0;0;0;0;27730865;11803767;52606;7;13473878;3;0;0;0
FR;0;2021-06-04;456267;305562;1734;1;362939;1;0;0;0;28187132;12109329;54340;8;13836817;4;0;0;0
FR;0;2021-06-05;304813;189359;653;0;222563;0;0;0;0;28491945;12298688;54993;8;14059380;4;0;0;0
FR;0;2021-06-06;133320;49048;226;0;61187;0;0;0;0;28625265;12347736;55219;8;14120567;4;0;0;0
FR;0;2021-06-07;340000;261557;1526;0;298648;0;0;0;0;28965265;12609293;56745;8;14419215;4;0;0;0
FR;0;2021-06-08;393907;291251;1804;0;338103;0;0;0;0;29359172;12900544;58549;8;14757318;4;0;0;0
FR;0;2021-06-09;384892;274247;1733;0;318662;0;0;0;0;29744064;13174791;60282;8;15075980;4;0;0;0
FR;0;2021-06-10;404207;287493;1726;1;336920;0;0;0;0;30148271;13462284;62008;9;15412900;4;0;0;0
FR;0;2021-06-11;386677;356613;1467;1;407033;0;0;0;0;30534948;13818897;63475;10;15819933;4;0;0;0
FR;0;2021-06-12;283278;211055;496;0;243192;0;0;0;0;30818226;14029952;63971;10;16063125;4;0;0;0
FR;0;2021-06-13;104891;73852;204;0;84842;0;0;0;0;30923117;14103804;64175;10;16147967;4;0;0;0
FR;0;2021-06-14;240850;354376;1427;1;383535;0;0;0;0;31163967;14458180;65602;11;16531502;4;0;0;0
FR;0;2021-06-15;308183;384727;1574;1;423476;0;0;0;0;31472150;14842907;67176;12;16954978;4;0;0;0
FR;0;2021-06-16;313993;357499;1418;1;395246;0;0;0;0;31786143;15200406;68594;13;17350224;4;0;0;0
FR;0;2021-06-17;317700;372928;1430;1;414094;0;0;0;0;32103843;15573334;70024;14;17764318;4;0;0;0
FR;0;2021-06-18;321761;442582;1340;1;485949;0;0;0;0;32425604;16015916;71364;15;18250267;4;0;0;0
FR;0;2021-06-19;224351;273930;449;0;301106;0;0;0;0;32649955;16289846;71813;15;18551373;4;0;0;0
FR;0;2021-06-20;74443;102358;129;0;111545;0;0;0;0;32724398;16392204;71942;15;18662918;4;0;0;0
FR;0;2021-06-21;195785;401657;1038;1;427597;1;0;0;0;32920183;16793861;72980;16;19090515;5;0;0;0
FR;0;2021-06-22;223213;467582;1266;10;500221;1;0;0;0;33143396;17261443;74246;26;19590736;6;0;0;0
FR;0;2021-06-23;234050;439987;1197;1;474084;1;0;0;0;33377446;17701430;75443;27;20064820;7;0;0;0
FR;0;2021-06-24;241877;409613;1359;0;447100;0;0;0;0;33619323;18111043;76802;27;20511920;7;0;0;0
FR;0;2021-06-25;227652;522886;1401;0;561861;0;0;0;0;33846975;18633929;78203;27;21073781;7;0;0;0
FR;0;2021-06-26;153271;370892;587;1;395676;0;0;0;0;34000246;19004821;78790;28;21469457;7;0;0;0
FR;0;2021-06-27;55907;156016;169;1;164929;0;0;0;0;34056153;19160837;78959;29;21634386;7;0;0;0
FR;0;2021-06-28;154794;452598;1177;0;478184;0;0;0;0;34210947;19613435;80136;29;22112570;7;0;0;0
FR;0;2021-06-29;182728;507465;2123;0;538880;0;0;0;0;34393675;20120900;82259;29;22651450;7;0;0;0
FR;0;2021-06-30;204023;485066;2014;21;519356;2;0;0;0;34597698;20605966;84273;50;23170806;9;0;0;0
FR;0;2021-07-01;231415;458299;2224;5;498283;1;0;0;0;34829113;21064265;86497;55;23669089;10;0;0;0
FR;0;2021-07-02;228697;520074;2120;5;562405;2;0;0;0;35057810;21584339;88617;60;24231494;12;0;0;0
FR;0;2021-07-03;142046;368741;908;3;395239;1;0;0;0;35199856;21953080;89525;63;24626733;13;0;0;0
FR;0;2021-07-04;56758;141035;265;0;150739;0;0;0;0;35256614;22094115;89790;63;24777472;13;0;0;0
FR;0;2021-07-05;168524;418799;1668;8;448755;1;0;0;0;35425138;22512914;91458;71;25226227;14;0;0;0
FR;0;2021-07-06;196784;474543;1830;45;511173;8;0;0;0;35621922;22987457;93288;116;25737400;22;0;0;0
FR;0;2021-07-07;213214;439069;1879;25;477554;4;0;0;0;35835136;23426526;95167;141;26214954;26;0;0;0
FR;0;2021-07-08;231657;424150;2089;20;468121;4;0;0;0;36066793;23850676;97256;161;26683075;30;0;0;0
FR;0;2021-07-09;228623;511048;2185;4;557382;2;0;0;0;36295416;24361724;99441;165;27240457;32;0;0;0
FR;0;2021-07-10;148626;339900;986;1;368857;1;0;0;0;36444042;24701624;100427;166;27609314;33;0;0;0
FR;0;2021-07-11;60206;110074;283;0;120996;0;0;0;0;36504248;24811698;100710;166;27730310;33;0;0;0
FR;0;2021-07-12;169430;477891;1763;4;512677;0;0;0;0;36673678;25289589;102473;170;28242987;33;0;0;0
FR;0;2021-07-13;287269;526858;2049;8;585917;1;0;0;0;36960947;25816447;104522;178;28828904;34;0;0;0
FR;0;2021-07-14;181110;157453;435;0;186781;0;0;0;0;37142057;25973900;104957;178;29015685;34;0;0;0
FR;0;2021-07-15;347111;501825;2099;1;571847;0;0;0;0;37489168;26475725;107056;179;29587532;34;0;0;0
FR;0;2021-07-16;380115;495276;2023;3;574516;1;0;0;0;37869283;26971001;109079;182;30162048;35;0;0;0
FR;0;2021-07-17;259739;319684;877;1;368667;0;0;0;0;38129022;27290685;109956;183;30530715;35;0;0;0
FR;0;2021-07-18;109729;114599;310;0;133050;0;0;0;0;38238751;27405284;110266;183;30663765;35;0;0;0
FR;0;2021-07-19;285500;424182;1630;3;479234;0;0;0;0;38524251;27829466;111896;186;31142999;35;0;0;0
FR;0;2021-07-20;376929;451525;1723;0;523907;0;0;0;0;38901180;28280991;113619;186;31666906;35;0;0;0
FR;0;2021-07-21;395817;407146;1549;4;482180;1;0;0;0;39296997;28688137;115168;190;32149086;36;0;0;0
FR;0;2021-07-22;441061;387492;1715;4;472033;2;0;0;0;39738058;29075629;116883;194;32621119;38;0;0;0
FR;0;2021-07-23;440337;422289;1883;4;510311;1;0;0;0;40178395;29497918;118766;198;33131430;39;0;0;0
FR;0;2021-07-24;285256;269354;804;1;322060;0;0;0;0;40463651;29767272;119570;199;33453490;39;0;0;0
FR;0;2021-07-25;121116;79934;234;0;100301;0;0;0;0;40584767;29847206;119804;199;33553791;39;0;0;0
FR;0;2021-07-26;347435;322408;1614;3;385018;1;0;0;0;40932202;30169614;121418;202;33938809;40;0;0;0
FR;0;2021-07-27;464080;319490;1698;4;400682;1;0;0;0;41396282;30489104;123116;206;34339491;41;0;0;0
FR;0;2021-07-28;459447;289476;1636;4;367154;1;0;0;0;41855729;30778580;124752;210;34706645;42;0;0;0
FR;0;2021-07-29;489842;276294;1796;2;357242;0;0;0;0;42345571;31054874;126548;212;35063887;42;0;0;0
FR;0;2021-07-30;461839;302483;1941;5;381036;1;0;0;0;42807410;31357357;128489;217;35444923;43;0;0;0
FR;0;2021-07-31;285406;185040;915;1;231564;0;0;0;0;43092816;31542397;129404;218;35676487;43;0;0;0
FR;0;2021-08-01;112036;49926;253;0;65717;0;0;0;0;43204852;31592323;129657;218;35742204;43;0;0;0
FR;0;2021-08-02;341634;234139;1602;2;284894;0;0;0;0;43546486;31826462;131259;220;36027098;43;0;0;0
FR;0;2021-08-03;398622;244579;1728;2;304717;1;0;0;0;43945108;32071041;132987;222;36331815;44;0;0;0
FR;0;2021-08-04;384866;209627;1593;6;265824;3;0;0;0;44329974;32280668;134580;228;36597639;47;0;0;0
FR;0;2021-08-05;366180;228445;1711;0;281887;0;0;0;0;44696154;32509113;136291;228;36879526;47;0;0;0
FR;0;2021-08-06;359738;271313;1835;4;326779;0;0;0;0;45055892;32780426;138126;232;37206305;47;0;0;0
FR;0;2021-08-07;213126;178334;756;5;210100;1;0;0;0;45269018;32958760;138882;237;37416405;48;0;0;0
FR;0;2021-08-08;74194;63190;276;0;73629;0;0;0;0;45343212;33021950;139158;237;37490034;48;0;0;0
FR;0;2021-08-09;258764;258775;1548;4;297754;2;0;0;0;45601976;33280725;140706;241;37787788;50;0;0;0
FR;0;2021-08-10;306874;277257;1663;2;323707;1;0;0;0;45908850;33557982;142369;243;38111495;51;0;0;0
FR;0;2021-08-11;279751;259663;1441;5;301788;0;0;0;0;46188601;33817645;143810;248;38413283;51;0;0;0
FR;0;2021-08-12;271554;278146;1665;3;320481;0;0;0;0;46460155;34095791;145475;251;38733764;51;0;0;0
FR;0;2021-08-13;252163;278089;1594;3;316987;2;0;0;0;46712318;34373880;147069;254;39050751;53;0;0;0
FR;0;2021-08-14;145352;197118;740;0;219088;0;0;0;0;46857670;34570998;147809;254;39269839;53;0;0;0
FR;0;2021-08-15;39392;50105;218;1;55695;0;0;0;0;46897062;34621103;148027;255;39325534;53;0;0;0
FR;0;2021-08-16;186187;317616;1542;0;345601;0;0;0;0;47083249;34938719;149569;255;39671135;53;0;0;0
FR;0;2021-08-17;215695;335954;1636;7;369054;0;0;0;0;47298944;35274673;151205;262;40040189;53;0;0;0
FR;0;2021-08-18;199059;324459;1598;7;354694;4;0;0;0;47498003;35599132;152803;269;40394883;57;0;0;0
FR;0;2021-08-19;192038;325492;1641;1;356119;0;0;0;0;47690041;35924624;154444;270;40751002;57;0;0;0
FR;0;2021-08-20;186473;366270;1820;3;396793;2;0;0;0;47876514;36290894;156264;273;41147795;59;0;0;0
FR;0;2021-08-21;104804;238120;708;0;254580;0;0;0;0;47981318;36529014;156972;273;41402375;59;0;0;0
FR;0;2021-08-22;31944;87214;256;1;92175;1;0;0;0;48013262;36616228;157228;274;41494550;60;0;0;0
FR;0;2021-08-23;140982;357049;1561;3;379706;1;0;0;0;48154244;36973277;158789;277;41874256;61;0;0;0
FR;0;2021-08-24;162503;376692;1850;5;403017;1;0;0;0;48316747;37349969;160639;282;42277273;62;0;0;0
FR;0;2021-08-25;151148;350788;2033;8;375571;2;0;0;0;48467895;37700757;162672;290;42652844;64;0;0;0
FR;0;2021-08-26;142881;342763;2561;10;367663;0;0;0;0;48610776;38043520;165233;300;43020507;64;0;0;0
FR;0;2021-08-27;148454;388278;2790;11;415091;2;0;0;0;48759230;38431798;168023;311;43435598;66;0;0;0
FR;0;2021-08-28;90668;249609;1407;0;264997;0;0;0;0;48849898;38681407;169430;311;43700595;66;0;0;0
FR;0;2021-08-29;27321;83352;518;1;88293;0;0;0;0;48877219;38764759;169948;312;43788888;66;0;0;0
FR;0;2021-08-30;117423;324628;4713;6;342440;5871;0;0;0;48994642;39089387;174661;318;44131328;5937;0;0;0
FR;0;2021-08-31;128819;334490;10188;19;353976;11797;2;0;0;49123461;39423877;184849;337;44485304;17734;2;0;0
FR;0;2021-09-01;136144;285680;22433;8;302484;24388;1;0;0;49259605;39709557;207282;345;44787788;42122;3;0;0
FR;0;2021-09-02;114657;247212;26518;20;262175;28981;0;0;0;49374262;39956769;233800;365;45049963;71103;3;0;0
FR;0;2021-09-03;118314;292662;29965;24;309375;33054;2;0;0;49492576;40249431;263765;389;45359338;104157;5;0;0
FR;0;2021-09-04;89889;217782;12585;12;230521;14145;7;0;0;49582465;40467213;276350;401;45589859;118302;12;0;0
FR;0;2021-09-05;21359;44820;4395;2;48309;4714;0;0;0;49603824;40512033;280745;403;45638168;123016;12;0;0
FR;0;2021-09-06;75688;180574;31955;16;190784;34300;2;0;0;49679512;40692607;312700;419;45828952;157316;14;0;0
FR;0;2021-09-07;80311;181207;33246;43;191146;36276;2;0;0;49759823;40873814;345946;462;46020098;193592;16;0;0
FR;0;2021-09-08;90998;206070;29666;28;216610;32549;4;0;0;49850821;41079884;375612;490;46236708;226141;20;0;0
FR;0;2021-09-09;76951;165341;33078;27;174190;36680;5;0;0;49927772;41245225;408690;517;46410898;262821;25;0;0
FR;0;2021-09-10;96040;203794;35740;28;214970;40733;7;0;0;50023812;41449019;444430;545;46625868;303554;32;0;0
FR;0;2021-09-11;67166;169313;12140;19;178209;14393;0;0;0;50090978;41618332;456570;564;46804077;317947;32;0;0
FR;0;2021-09-12;12826;32102;2780;1;34156;3184;2;0;0;50103804;41650434;459350;565;46838233;321131;34;0;0
FR;0;2021-09-13;64565;126214;41241;35;134282;44227;18;0;0;50168369;41776648;500591;600;46972515;365358;52;0;0
FR;0;2021-09-14;73493;129043;56377;80;135887;62364;37;0;0;50241862;41905691;556968;680;47108402;427722;89;0;0
FR;0;2021-09-15;76647;167785;55668;58;174744;54843;78;0;0;50318509;42073476;612636;738;47283146;482565;167;0;0
FR;0;2021-09-16;63886;114524;60096;82;117912;60157;76;0;0;50382395;42188000;672732;820;47401058;542722;243;0;0
FR;0;2021-09-17;75086;156834;53857;71;159742;57327;71;0;0;50457481;42344834;726589;891;47560800;600049;314;0;0
FR;0;2021-09-18;48234;139638;15600;25;144330;17315;21;0;0;50505715;42484472;742189;916;47705130;617364;335;0;0
FR;0;2021-09-19;7908;23667;2439;1;24893;2618;1;0;0;50513623;42508139;744628;917;47730023;619982;336;0;0
FR;0;2021-09-20;44573;93789;50084;72;96281;50340;39;0;0;50558196;42601928;794712;989;47826304;670322;375;0;0
FR;0;2021-09-21;45903;98402;62761;77;98416;63488;84;0;0;50604099;42700330;857473;1066;47924720;733810;459;0;0
FR;0;2021-09-22;48685;142390;55373;82;144848;55449;49;0;0;50652784;42842720;912846;1148;48069568;789259;508;0;0
FR;0;2021-09-23;43288;92081;62399;95;91287;63580;97;0;0;50696072;42934801;975245;1243;48160855;852839;605;0;0
FR;0;2021-09-24;52311;133311;54563;107;132423;59216;80;0;0;50748383;43068112;1029808;1350;48293278;912055;685;0;0
FR;0;2021-09-25;35219;115634;16276;36;118635;18303;23;0;0;50783602;43183746;1046084;1386;48411913;930358;708;0;0
FR;0;2021-09-26;5556;17804;2272;5;18688;2330;5;0;0;50789158;43201550;1048356;1391;48430601;932688;713;0;0
FR;0;2021-09-27;33979;76925;47203;97;78815;48185;84;0;1;50823137;43278475;1095559;1488;48509416;980873;797;0;1
FR;0;2021-09-28;36520;75240;54974;90;74342;56568;53;0;0;50859657;43353715;1150533;1578;48583758;1037441;850;0;1
FR;0;2021-09-29;44421;100743;53366;112;102902;54896;47;0;0;50904078;43454458;1203899;1690;48686660;1092337;897;0;1
FR;0;2021-09-30;36343;72968;57040;96;71478;59594;63;0;0;50940421;43527426;1260939;1786;48758138;1151931;960;0;1
FR;0;2021-10-01;61707;102875;57823;108;101453;63980;31;0;0;51002128;43630301;1318762;1894;48859591;1215911;991;0;1
FR;0;2021-10-02;39469;78439;20964;39;81739;23369;14;0;0;51041597;43708740;1339726;1933;48941330;1239280;1005;0;1
FR;0;2021-10-03;5286;10495;2533;4;11259;2540;4;0;0;51046883;43719235;1342259;1937;48952589;1241820;1009;0;1
FR;0;2021-10-04;35195;58499;52626;84;59511;54840;40;0;0;51082078;43777734;1394885;2021;49012100;1296660;1049;0;1
FR;0;2021-10-05;33926;64381;61024;135;62137;65086;53;0;0;51116004;43842115;1455909;2156;49074237;1361746;1102;0;1
FR;0;2021-10-06;42720;79298;65758;113;80196;68357;32;0;0;51158724;43921413;1521667;2269;49154433;1430103;1134;0;1
FR;0;2021-10-07;30569;62266;65433;89;59509;68850;44;0;0;51189293;43983679;1587100;2358;49213942;1498953;1178;0;1
FR;0;2021-10-08;49476;91924;77767;110;89901;84775;44;0;0;51238769;44075603;1664867;2468;49303843;1583728;1222;0;1
FR;0;2021-10-09;33677;60923;31546;35;64131;33922;17;0;0;51272446;44136526;1696413;2503;49367974;1617650;1239;0;1
FR;0;2021-10-10;4720;7432;3195;9;7943;3477;2;0;0;51277166;44143958;1699608;2512;49375917;1621127;1241;0;1
FR;0;2021-10-11;30729;49925;61045;105;50637;64110;55;0;0;51307895;44193883;1760653;2617;49426554;1685237;1296;0;1
FR;0;2021-10-12;31639;54499;70624;141;51357;76015;29;0;0;51339534;44248382;1831277;2758;49477911;1761252;1325;0;1
FR;0;2021-10-13;40159;62826;74436;137;62802;79362;32;0;1;51379693;44311208;1905713;2895;49540713;1840614;1357;0;2
FR;0;2021-10-14;30360;52886;68771;116;49720;73847;36;0;0;51410053;44364094;1974484;3011;49590433;1914461;1393;0;2
FR;0;2021-10-15;44949;75245;93244;191;70366;103017;33;0;0;51455002;44439339;2067728;3202;49660799;2017478;1426;0;2
FR;0;2021-10-16;31329;44101;36697;44;46715;39651;17;0;0;51486331;44483440;2104425;3246;49707514;2057129;1443;0;2
FR;0;2021-10-17;3891;5232;3601;2;5673;3678;4;0;0;51490222;44488672;2108026;3248;49713187;2060807;1447;0;2
FR;0;2021-10-18;29187;42370;67506;134;42587;71365;31;0;0;51519409;44531042;2175532;3382;49755774;2132172;1478;0;2
FR;0;2021-10-19;27190;45571;76415;140;43240;81654;48;0;0;51546599;44576613;2251947;3522;49799014;2213826;1526;0;2
FR;0;2021-10-20;35340;52428;96947;181;51841;101558;50;0;0;51581939;44629041;2348894;3703;49850855;2315384;1576;0;2
FR;0;2021-10-21;26162;45184;83978;112;41993;89159;35;0;0;51608101;44674225;2432872;3815;49892848;2404543;1611;0;2
FR;0;2021-10-22;38446;62500;104916;200;59388;112622;69;0;0;51646547;44736725;2537788;4015;49952236;2517165;1680;0;2
FR;0;2021-10-23;27030;41210;45463;57;42438;48633;16;0;0;51673577;44777935;2583251;4072;49994674;2565798;1696;0;2
FR;0;2021-10-24;2945;4774;3684;6;5018;3925;1;0;0;51676522;44782709;2586935;4078;49999692;2569723;1697;0;2
FR;0;2021-10-25;26098;36245;82342;144;35532;86665;41;0;0;51702620;44818954;2669277;4222;50035224;2656388;1738;0;2
FR;0;2021-10-26;23766;35031;87269;166;32205;92396;37;0;0;51726386;44853985;2756546;4388;50067429;2748784;1775;0;2
FR;0;2021-10-27;30106;46340;109014;257;44082;114724;57;0;0;51756492;44900325;2865560;4645;50111511;2863508;1832;0;2
FR;0;2021-10-28;23605;34946;88730;153;31233;94508;42;0;0;51780097;44935271;2954290;4798;50142744;2958016;1874;0;2
FR;0;2021-10-29;31579;51481;117334;206;46547;125403;58;0;0;51811676;44986752;3071624;5004;50189291;3083419;1932;0;2
FR;0;2021-10-30;20571;33225;50358;76;32931;53405;22;0;0;51832247;45019977;3121982;5080;50222222;3136824;1954;0;2
FR;0;2021-10-31;2517;3737;3593;3;3848;3879;3;0;0;51834764;45023714;3125575;5083;50226070;3140703;1957;0;2
FR;0;2021-11-01;8527;4864;3218;3;5014;3582;10;0;0;51843291;45028578;3128793;5086;50231084;3144285;1967;0;2
FR;0;2021-11-02;26373;40107;93596;156;36266;99631;46;0;1;51869664;45068685;3222389;5242;50267350;3243916;2013;0;3
FR;0;2021-11-03;30123;47934;118912;220;43609;125866;70;0;0;51899787;45116619;3341301;5462;50310959;3369782;2083;0;3
FR;0;2021-11-04;23816;37505;107587;217;31610;114472;49;0;0;51923603;45154124;3448888;5679;50342569;3484254;2132;0;3
FR;0;2021-11-05;32404;52963;141660;236;44700;151421;58;0;0;51956007;45207087;3590548;5915;50387269;3635675;2190;0;3
FR;0;2021-11-06;21546;34564;64891;123;32407;68321;29;0;0;51977553;45241651;3655439;6038;50419676;3703996;2219;0;3
FR;0;2021-11-07;2425;4175;5202;6;4012;5598;7;0;0;51979978;45245826;3660641;6044;50423688;3709594;2226;0;3
FR;0;2021-11-08;20626;37765;127216;227;30974;134339;54;0;0;52000604;45283591;3787857;6271;50454662;3843933;2280;0;3
FR;0;2021-11-09;22438;44691;161719;339;32918;172301;76;0;0;52023042;45328282;3949576;6610;50487580;4016234;2356;0;3
FR;0;2021-11-10;31611;54959;187040;446;44101;198859;99;0;0;52054653;45383241;4136616;7056;50531681;4215093;2455;0;3
FR;0;2021-11-11;4742;6762;12988;28;5913;13977;17;0;0;52059395;45390003;4149604;7084;50537594;4229070;2472;0;3
FR;0;2021-11-12;29095;55095;183805;252;41786;197435;97;0;0;52088490;45445098;4333409;7336;50579380;4426505;2569;0;3
FR;0;2021-11-13;20353;32615;80721;118;28252;86342;47;0;0;52108843;45477713;4414130;7454;50607632;4512847;2616;0;3
FR;0;2021-11-14;2363;3871;7179;6;3372;7845;9;0;0;52111206;45481584;4421309;7460;50611004;4520692;2625;0;3
FR;0;2021-11-15;20512;38627;160887;313;27866;171608;84;0;0;52131718;45520211;4582196;7773;50638870;4692300;2709;0;3
FR;0;2021-11-16;23660;43929;200448;394;27820;215121;122;0;1;52155378;45564140;4782644;8167;50666690;4907421;2831;0;4
FR;0;2021-11-17;30536;50284;199883;406;36507;212929;104;0;0;52185914;45614424;4982527;8573;50703197;5120350;2935;0;4
FR;0;2021-11-18;23449;45684;191719;468;29439;205653;101;0;0;52209363;45660108;5174246;9041;50732636;5326003;3036;0;4
FR;0;2021-11-19;33688;61334;243256;551;39985;262252;155;0;0;52243051;45721442;5417502;9592;50772621;5588255;3191;0;4
FR;0;2021-11-20;25414;36681;102179;206;29290;109740;51;0;0;52268465;45758123;5519681;9798;50801911;5697995;3242;0;4
FR;0;2021-11-21;2659;4463;9670;19;3443;10615;19;0;0;52271124;45762586;5529351;9817;50805354;5708610;3261;0;4
FR;0;2021-11-22;22817;33179;180413;471;18976;194896;89;0;0;52293941;45795765;5709764;10288;50824330;5903506;3350;0;4
FR;0;2021-11-23;25726;45521;229454;549;24191;247923;85;0;0;52319667;45841286;5939218;10837;50848521;6151429;3435;0;4
FR;0;2021-11-24;31816;53687;224872;715;34582;243318;79;0;0;52351483;45894973;6164090;11552;50883103;6394747;3514;0;4
FR;0;2021-11-25;25649;49190;255984;739;25137;277853;112;0;0;52377132;45944163;6420074;12291;50908240;6672600;3626;0;4
FR;0;2021-11-26;33258;74776;379536;867;37544;414733;170;0;0;52410390;46018939;6799610;13158;50945784;7087333;3796;0;4
FR;0;2021-11-27;23507;49641;214948;390;28551;236733;138;0;0;52433897;46068580;7014558;13548;50974335;7324066;3934;0;4
FR;0;2021-11-28;3524;10495;56772;66;4088;63329;42;0;0;52437421;46079075;7071330;13614;50978423;7387395;3976;0;4
FR;0;2021-11-29;19440;54128;341526;864;23209;371810;177;0;0;52456861;46133203;7412856;14478;51001632;7759205;4153;0;4
FR;0;2021-11-30;24779;71927;457439;988;26987;500847;284;0;0;52481640;46205130;7870295;15466;51028619;8260052;4437;0;4
FR;0;2021-12-01;27374;75679;469161;1162;31552;511392;303;0;0;52509014;46280809;8339456;16628;51060171;8771444;4740;0;4
FR;0;2021-12-02;22103;71719;527185;1280;21238;574989;306;0;0;52531117;46352528;8866641;17908;51081409;9346433;5046;0;4
FR;0;2021-12-03;25561;92997;596460;1420;34578;651228;340;0;0;52556678;46445525;9463101;19328;51115987;9997661;5386;0;4
FR;0;2021-12-04;18321;60459;336267;692;25812;369848;202;0;0;52574999;46505984;9799368;20020;51141799;10367509;5588;0;4
FR;0;2021-12-05;4155;16155;95801;157;4898;107055;91;0;0;52579154;46522139;9895169;20177;51146697;10474564;5679;0;4
FR;0;2021-12-06;28427;72873;493205;1175;25434;540023;382;0;0;52607581;46595012;10388374;21352;51172131;11014587;6061;0;4
FR;0;2021-12-07;23540;91375;645470;1773;28740;706432;413;0;0;52631121;46686387;11033844;23125;51200871;11721019;6474;0;4
FR;0;2021-12-08;25502;92130;591679;1874;35138;647584;440;0;0;52656623;46778517;11625523;24999;51236009;12368603;6914;0;4
FR;0;2021-12-09;24063;94186;663195;2181;29207;726572;459;0;0;52680686;46872703;12288718;27180;51265216;13095175;7373;0;4
FR;0;2021-12-10;28058;111061;736127;2075;38166;806297;466;0;1;52708744;46983764;13024845;29255;51303382;13901472;7839;0;5
FR;0;2021-12-11;20251;76162;435220;990;30081;480427;349;0;0;52728995;47059926;13460065;30245;51333463;14381899;8188;0;5
FR;0;2021-12-12;5660;23183;142331;262;6443;159224;107;0;0;52734655;47083109;13602396;30507;51339906;14541123;8295;0;5
FR;0;2021-12-13;21357;90914;587736;1699;29863;649352;394;0;0;52756012;47174023;14190132;32206;51369769;15190475;8689;0;5
FR;0;2021-12-14;27981;118430;765682;2654;35651;847634;694;0;1;52783993;47292453;14955814;34860;51405420;16038109;9383;0;6
FR;0;2021-12-15;28444;114386;694414;2266;39735;769195;503;0;1;52812437;47406839;15650228;37126;51445155;16807304;9886;0;7
FR;0;2021-12-16;28036;115840;764115;2556;35335;844543;512;0;0;52840473;47522679;16414343;39682;51480490;17651847;10398;0;7
FR;0;2021-12-17;31649;128500;807937;2712;43589;892099;609;0;0;52872122;47651179;17222280;42394;51524079;18543946;11007;0;7
FR;0;2021-12-18;24937;81640;470010;1179;30167;522255;351;0;0;52897059;47732819;17692290;43573;51554246;19066201;11358;0;7
FR;0;2021-12-19;8759;28635;169418;376;7891;191080;141;0;0;52905818;47761454;17861708;43949;51562137;19257281;11499;0;7
FR;0;2021-12-20;31755;97333;591551;1787;34081;658803;496;0;0;52937573;47858787;18453259;45736;51596218;19916084;11995;0;7
FR;0;2021-12-21;39459;112131;682479;2392;39015;759637;599;0;0;52977032;47970918;19135738;48128;51635233;20675721;12594;0;7
FR;0;2021-12-22;39557;99373;575818;2169;37297;642174;687;0;2;53016589;48070291;19711556;50297;51672530;21317895;13281;0;9
FR;0;2021-12-23;33782;79556;441045;1657;30290;494419;590;0;0;53050371;48149847;20152601;51954;51702820;21812314;13871;0;9
FR;0;2021-12-24;10696;26102;111039;398;11697;126679;236;0;1;53061067;48175949;20263640;52352;51714517;21938993;14107;0;10
FR;0;2021-12-25;777;3595;7596;25;2059;9030;72;0;0;53061844;48179544;20271236;52377;51716576;21948023;14179;0;10
FR;0;2021-12-26;4697;11890;52104;142;4750;60146;169;0;0;53066541;48191434;20323340;52519;51721326;22008169;14348;0;10
FR;0;2021-12-27;30509;84041;453586;1364;33160;509214;666;0;0;53097050;48275475;20776926;53883;51754486;22517383;15014;0;10
FR;0;2021-12-28;38369;98981;564192;1769;35269;632288;1556;0;2;53135419;48374456;21341118;55652;51789755;23149671;16570;0;12
FR;0;2021-12-29;39878;88343;501236;1687;33247;561035;1742;0;1;53175297;48462799;21842354;57339;51823002;23710706;18312;0;13
FR;0;2021-12-30;35924;75196;421049;1521;29626;471158;1882;0;0;53211221;48537995;22263403;58860;51852628;24181864;20194;0;13
FR;0;2021-12-31;12049;25129;116886;405;11308;131679;741;0;0;53223270;48563124;22380289;59265;51863936;24313543;20935;0;13
FR;0;2022-01-01;1577;3217;8523;37;1798;9940;102;0;0;53224847;48566341;22388812;59302;51865734;24323483;21037;0;13
FR;0;2022-01-02;6116;13018;58429;125;5111;66962;408;0;0;53230963;48579359;22447241;59427;51870845;24390445;21445;0;13
FR;0;2022-01-03;37927;90262;494849;1596;36978;551738;2646;0;1;53268890;48669621;22942090;61023;51907823;24942183;24091;0;14
FR;0;2022-01-04;42069;111115;641414;2306;40787;714398;3841;0;3;53310959;48780736;23583504;63329;51948610;25656581;27932;0;17
FR;0;2022-01-05;61168;103709;569208;1984;43899;634249;3429;0;2;53372127;48884445;24152712;65313;51992509;26290830;31361;0;19
FR;0;2022-01-06;44293;110382;638994;2697;40309;711485;4555;0;2;53416420;48994827;24791706;68010;52032818;27002315;35916;0;21
FR;0;2022-01-07;50827;123428;711015;2810;46948;790527;4997;0;2;53467247;49118255;25502721;70820;52079766;27792842;40913;0;23
FR;0;2022-01-08;45009;80319;423818;1213;35087;472887;2445;0;3;53512256;49198574;25926539;72033;52114853;28265729;43358;0;26
FR;0;2022-01-09;15612;26650;128567;300;11515;145669;829;0;0;53527868;49225224;26055106;72333;52126368;28411398;44187;0;26
FR;0;2022-01-10;35393;93388;469346;1813;43124;522751;3720;0;1;53563261;49318612;26524452;74146;52169492;28934149;47907;0;27
FR;0;2022-01-11;41932;100550;548269;2306;42501;608538;5214;0;2;53605193;49419162;27072721;76452;52211993;29542687;53121;0;29
FR;0;2022-01-12;60404;95794;452702;1968;49580;504363;4497;0;8;53665597;49514956;27525423;78420;52261573;30047050;57618;0;37
FR;0;2022-01-13;38262;92597;487363;2085;40632;541046;5469;0;8;53703859;49607553;28012786;80505;52302205;30588096;63087;0;45
FR;0;2022-01-14;42578;103424;568624;2286;43614;629031;6465;0;2;53746437;49710977;28581410;82791;52345819;31217127;69552;0;47
FR;0;2022-01-15;39421;65939;340143;985;31485;377571;3292;0;1;53785858;49776916;28921553;83776;52377304;31594698;72844;0;48
FR;0;2022-01-16;11411;19248;87432;216;9041;99416;763;0;0;53797269;49796164;29008985;83992;52386345;31694114;73607;0;48
FR;0;2022-01-17;24739;60095;320288;1382;28125;354150;3960;0;4;53822008;49856259;29329273;85374;52414470;32048264;77567;0;52
FR;0;2022-01-18;28325;68753;361098;1801;32062;397567;5773;0;1;53850333;49925012;29690371;87175;52446532;32445831;83340;0;53
FR;0;2022-01-19;43220;67103;281305;1450;40442;311078;4387;0;5;53893553;49992115;29971676;88625;52486974;32756909;87727;0;58
FR;0;2022-01-20;23664;59661;299024;1741;29595;328513;5631;0;4;53917217;50051776;30270700;90366;52516569;33085422;93358;0;62
FR;0;2022-01-21;28205;68861;366382;2086;33146;401203;6582;0;3;53945422;50120637;30637082;92452;52549715;33486625;99940;0;65
FR;0;2022-01-22;27624;48010;218794;839;27338;241775;2838;0;2;53973046;50168647;30855876;93291;52577053;33728400;102778;0;67
FR;0;2022-01-23;6738;12985;48680;173;7509;55169;591;0;1;53979784;50181632;30904556;93464;52584562;33783569;103369;0;68
FR;0;2022-01-24;16271;47499;217324;1141;25436;239344;4099;0;3;53996055;50229131;31121880;94605;52609998;34022913;107468;0;71
FR;0;2022-01-25;19029;54387;243065;1547;28843;267095;6064;0;5;54015084;50283518;31364945;96152;52638841;34290008;113532;0;76
FR;0;2022-01-26;28147;60538;209291;1298;41366;229502;4479;0;3;54043231;50344056;31574236;97450;52680207;34519510;118011;0;79
FR;0;2022-01-27;16334;46441;207649;1277;26148;225992;5691;0;4;54059565;50390497;31781885;98727;52706355;34745502;123702;0;83
FR;0;2022-01-28;21586;78750;290064;1572;45018;321378;7413;0;4;54081151;50469247;32071949;100299;52751373;35066880;131115;0;87
FR;0;2022-01-29;18419;52886;184131;689;32767;204582;3255;0;2;54099570;50522133;32256080;100988;52784140;35271462;134370;0;89
FR;0;2022-01-30;4476;14492;39142;124;9141;45066;638;0;1;54104046;50536625;32295222;101112;52793281;35316528;135008;0;90
FR;0;2022-01-31;11257;43957;148206;742;26163;164757;4234;0;5;54115303;50580582;32443428;101854;52819444;35481285;139242;0;95
FR;0;2022-02-01;13633;48352;174127;1144;27360;191380;7060;0;1;54128936;50628934;32617555;102998;52846804;35672665;146302;0;96
FR;0;2022-02-02;20631;66359;171538;1034;46186;190108;5979;0;10;54149567;50695293;32789093;104032;52892990;35862773;152281;0;106
FR;0;2022-02-03;11506;44809;157564;989;25339;173314;6952;0;6;54161073;50740102;32946657;105021;52918329;36036087;159233;0;112
FR;0;2022-02-04;14625;66753;239255;1266;36349;264134;9175;0;6;54175698;50806855;33185912;106287;52954678;36300221;168408;0;118
FR;0;2022-02-05;12897;51474;153555;523;31991;172319;3803;0;3;54188595;50858329;33339467;106810;52986669;36472540;172211;0;121
FR;0;2022-02-06;2725;12177;28893;101;7289;33832;662;0;0;54191320;50870506;33368360;106911;52993958;36506372;172873;0;121
FR;0;2022-02-07;9585;46679;156887;593;24545;176312;5294;0;6;54200905;50917185;33525247;107504;53018503;36682684;178167;0;127
FR;0;2022-02-08;9801;43092;166640;867;20957;184433;7053;0;6;54210706;50960277;33691887;108371;53039460;36867117;185220;0;133
FR;0;2022-02-09;14373;58248;172346;873;35347;193053;5785;0;9;54225079;51018525;33864233;109244;53074807;37060170;191005;0;142
FR;0;2022-02-10;8718;39177;150236;878;18653;166712;6501;0;2;54233797;51057702;34014469;110122;53093460;37226882;197506;0;144
FR;0;2022-02-11;10857;55677;218505;1101;25822;243099;8322;0;3;54244654;51113379;34232974;111223;53119282;37469981;205828;0;147
FR;0;2022-02-12;8404;40956;134724;465;22625;151752;3507;0;4;54253058;51154335;34367698;111688;53141907;37621733;209335;0;151
FR;0;2022-02-13;1930;8601;26564;86;4409;30924;544;0;3;54254988;51162936;34394262;111774;53146316;37652657;209879;0;154
FR;0;2022-02-14;6989;35249;148378;485;14660;166373;4787;0;5;54261977;51198185;34542640;112259;53160976;37819030;214666;0;159
FR;0;2022-02-15;7064;36223;146983;752;15992;162569;6850;0;3;54269041;51234408;34689623;113011;53176968;37981599;221516;0;162
FR;0;2022-02-16;9409;42976;132538;720;25961;146757;5725;0;6;54278450;51277384;34822161;113731;53202929;38128356;227241;0;168
FR;0;2022-02-17;5578;24328;87304;585;13134;94878;5404;0;5;54284028;51301712;34909465;114316;53216063;38223234;232645;0;173
FR;0;2022-02-18;6993;33578;119665;806;18749;129329;7415;0;2;54291021;51335290;35029130;115122;53234812;38352563;240060;0;175
FR;0;2022-02-19;5368;24553;70028;370;15903;77338;3019;0;2;54296389;51359843;35099158;115492;53250715;38429901;243079;0;177
FR;0;2022-02-20;1147;4656;12174;39;2913;13953;460;0;1;54297536;51364499;35111332;115531;53253628;38443854;243539;0;178
FR;0;2022-02-21;4094;17885;61956;351;10163;67184;4059;0;2;54301630;51382384;35173288;115882;53263791;38511038;247598;0;180
FR;0;2022-02-22;4458;18656;60835;577;11257;64476;5254;0;1;54306088;51401040;35234123;116459;53275048;38575514;252852;0;181
FR;0;2022-02-23;6590;27357;66496;591;19626;71892;4595;0;3;54312678;51428397;35300619;117050;53294674;38647406;257447;0;184
FR;0;2022-02-24;3849;15528;50424;519;9488;53244;4533;0;2;54316527;51443925;35351043;117569;53304162;38700650;261980;0;186
FR;0;2022-02-25;5281;24070;76360;803;15045;80093;7334;0;7;54321808;51467995;35427403;118372;53319207;38780743;269314;0;193
FR;0;2022-02-26;3990;17767;47416;359;12169;51483;3083;0;3;54325798;51485762;35474819;118731;53331376;38832226;272397;0;196
FR;0;2022-02-27;880;3009;8035;47;1978;8946;529;0;0;54326678;51488771;35482854;118778;53333354;38841172;272926;0;196
FR;0;2022-02-28;3123;12550;40485;359;7586;42919;3857;0;0;54329801;51501321;35523339;119137;53340940;38884091;276783;0;196
FR;0;2022-03-01;3999;12605;44195;437;7631;44867;5517;0;6;54333800;51513926;35567534;119574;53348571;38928958;282300;0;202
FR;0;2022-03-02;5325;17794;47138;445;12850;49071;4927;0;2;54339125;51531720;35614672;120019;53361421;38978029;287227;0;204
FR;0;2022-03-03;2818;9347;29894;368;6244;30017;4047;0;2;54341943;51541067;35644566;120387;53367665;39008046;291274;0;206
FR;0;2022-03-04;3223;12440;40308;667;8439;39458;6230;0;4;54345166;51553507;35684874;121054;53376104;39047504;297504;0;210
FR;0;2022-03-05;3071;9281;24955;314;7125;25118;3133;0;1;54348237;51562788;35709829;121368;53383229;39072622;300637;0;211
FR;0;2022-03-06;520;1399;3198;43;1022;3441;379;0;0;54348757;51564187;35713027;121411;53384251;39076063;301016;0;211
FR;0;2022-03-07;2336;5626;18431;315;3846;17699;3307;0;4;54351093;51569813;35731458;121726;53388097;39093762;304323;0;215
FR;0;2022-03-08;2141;6075;19447;363;4329;17918;4094;0;3;54353234;51575888;35750905;122089;53392426;39111680;308417;0;218
FR;0;2022-03-09;3578;10498;22183;407;8724;21281;4036;0;4;54356812;51586386;35773088;122496;53401150;39132961;312453;0;222
FR;0;2022-03-10;1822;5824;16994;344;4369;15822;3406;0;3;54358634;51592210;35790082;122840;53405519;39148783;315859;0;225
FR;0;2022-03-11;2414;7556;24500;542;5434;22268;5476;0;2;54361048;51599766;35814582;123382;53410953;39171051;321335;0;227
FR;0;2022-03-12;2681;6775;17161;308;5495;16516;3134;0;2;54363729;51606541;35831743;123690;53416448;39187567;324469;0;229
FR;0;2022-03-13;402;791;2324;149;599;2273;537;0;0;54364131;51607332;35834067;123839;53417047;39189840;325006;0;229
FR;0;2022-03-14;1547;4273;14981;4409;2808;13836;7291;0;8;54365678;51611605;35849048;128248;53419855;39203676;332297;0;237
FR;0;2022-03-15;1742;6295;16377;7552;4811;14608;11029;0;9;54367420;51617900;35865425;135800;53424666;39218284;343326;0;246
FR;0;2022-03-16;3034;7404;19425;13137;6207;18102;16294;0;8;54370454;51625304;35884850;148937;53430873;39236386;359620;0;254
FR;0;2022-03-17;1453;3985;13144;10847;2803;11987;13312;0;8;54371907;51629289;35897994;159784;53433676;39248373;372932;0;262
FR;0;2022-03-18;2270;5755;20004;18302;4097;18100;22034;0;15;54374177;51635044;35917998;178086;53437773;39266473;394966;0;277
FR;0;2022-03-19;2293;4803;13115;9401;4138;12417;11405;0;6;54376470;51639847;35931113;187487;53441911;39278890;406371;0;283
FR;0;2022-03-20;300;734;1918;1073;526;1929;1340;0;2;54376770;51640581;35933031;188560;53442437;39280819;407711;0;285
FR;0;2022-03-21;1392;3217;12719;14950;2153;11942;16910;0;11;54378162;51643798;35945750;203510;53444590;39292761;424621;0;296
FR;0;2022-03-22;1514;3735;13797;20550;2575;12552;22841;0;5;54379676;51647533;35959547;224060;53447165;39305313;447462;0;301
FR;0;2022-03-23;2683;6288;17723;23152;5219;17239;25265;0;40;54382359;51653821;35977270;247212;53452384;39322552;472727;0;341
FR;0;2022-03-24;1405;3156;11593;17610;2247;10679;19384;0;23;54383764;51656977;35988863;264822;53454631;39333231;492111;0;364
FR;0;2022-03-25;2082;5155;18569;27760;3682;16907;30794;0;31;54385846;51662132;36007432;292582;53458313;39350138;522905;0;395
FR;0;2022-03-26;2230;4412;12078;12678;3859;11518;14400;0;26;54388076;51666544;36019510;305260;53462172;39361656;537305;0;421
FR;0;2022-03-27;360;693;1908;1481;514;1942;1738;0;1;54388436;51667237;36021418;306741;53462686;39363598;539043;0;422
FR;0;2022-03-28;1464;3072;11125;17490;2109;10616;19067;0;16;54389900;51670309;36032543;324231;53464795;39374214;558110;0;438
FR;0;2022-03-29;1454;3269;12905;27576;2084;12051;29273;0;34;54391354;51673578;36045448;351807;53466879;39386265;587383;0;472
FR;0;2022-03-30;2852;5501;15683;27412;4686;15075;29328;0;21;54394206;51679079;36061131;379219;53471565;39401340;616711;0;493
FR;0;2022-03-31;1611;3563;12981;25005;2545;12314;26621;0;43;54395817;51682642;36074112;404224;53474110;39413654;643332;0;536
FR;0;2022-04-01;2677;4582;20072;30891;2964;18713;33485;0;60;54398494;51687224;36094184;435115;53477074;39432367;676817;0;596
FR;0;2022-04-02;1530;2641;9047;10121;2007;8707;11292;0;29;54400024;51689865;36103231;445236;53479081;39441074;688109;0;625
FR;0;2022-04-03;290;513;1561;1170;358;1578;1381;0;2;54400314;51690378;36104792;446406;53479439;39442652;689490;0;627
FR;0;2022-04-04;2514;2882;12369;19121;1895;11575;20596;0;35;54402828;51693260;36117161;465527;53481334;39454227;710086;0;662
FR;0;2022-04-05;2382;3156;14338;34117;2036;13188;35737;0;84;54405210;51696416;36131499;499644;53483370;39467415;745823;0;746
FR;0;2022-04-06;2513;3941;13537;26485;3008;12805;27959;0;72;54407723;51700357;36145036;526129;53486378;39480220;773782;0;818
FR;0;2022-04-07;1721;3127;13673;33769;1978;12883;35127;0;76;54409444;51703484;36158709;559898;53488356;39493103;808909;0;894
FR;0;2022-04-08;2112;4253;19220;43968;2586;17827;46335;0;89;54411556;51707737;36177929;603866;53490942;39510930;855244;0;983
FR;0;2022-04-09;1366;2678;9312;13563;1900;8864;14797;0;30;54412922;51710415;36187241;617429;53492842;39519794;870041;0;1013
FR;0;2022-04-10;293;733;1982;2015;530;2002;2278;0;7;54413215;51711148;36189223;619444;53493372;39521796;872319;0;1020
FR;0;2022-04-11;1316;2609;11865;23894;1625;11473;25166;0;74;54414531;51713757;36201088;643338;53494997;39533269;897485;0;1094
FR;0;2022-04-12;1702;3044;14012;40896;1929;13384;41784;0;127;54416233;51716801;36215100;684234;53496926;39546653;939269;0;1221
FR;0;2022-04-13;1967;3702;13406;33098;2700;13027;34066;0;96;54418200;51720503;36228506;717332;53499626;39559680;973335;0;1317
FR;0;2022-04-14;1492;2942;13211;36309;1874;13064;36979;0;106;54419692;51723445;36241717;753641;53501500;39572744;1010314;0;1423
FR;0;2022-04-15;1862;3702;15629;35563;2450;14906;37212;0;115;54421554;51727147;36257346;789204;53503950;39587650;1047526;0;1538
FR;0;2022-04-16;1041;1828;6398;8537;1258;6254;9426;0;40;54422595;51728975;36263744;797741;53505208;39593904;1056952;0;1578
FR;0;2022-04-17;193;337;992;1173;221;1035;1241;0;7;54422788;51729312;36264736;798914;53505429;39594939;1058193;0;1585
FR;0;2022-04-18;196;529;2765;1072;330;2784;1286;0;5;54422984;51729841;36267501;799986;53505759;39597723;1059479;0;1590
FR;0;2022-04-19;1536;3010;12915;29663;1854;12474;30710;0;78;54424520;51732851;36280416;829649;53507613;39610197;1090189;0;1668
FR;0;2022-04-20;1995;3458;13302;29040;2571;12979;30066;0;95;54426515;51736309;36293718;858689;53510184;39623176;1120255;0;1763
FR;0;2022-04-21;1512;2850;12545;35155;1822;12616;35749;0;118;54428027;51739159;36306263;893844;53512006;39635792;1156004;0;1881
FR;0;2022-04-22;1863;3612;16473;37601;2386;15833;39139;0;131;54429890;51742771;36322736;931445;53514392;39651625;1195143;0;2012
FR;0;2022-04-23;1144;2062;7384;10656;1470;7235;11441;0;38;54431034;51744833;36330120;942101;53515862;39658860;1206584;0;2050
FR;0;2022-04-24;250;461;1475;1588;320;1413;1844;0;7;54431284;51745294;36331595;943689;53516182;39660273;1208428;0;2057
FR;0;2022-04-25;1302;2532;10680;21051;1611;10489;22071;0;79;54432586;51747826;36342275;964740;53517793;39670762;1230499;0;2136
FR;0;2022-04-26;1622;3002;13662;38584;1961;13107;39379;0;181;54434208;51750828;36355937;1003324;53519754;39683869;1269878;0;2317
FR;0;2022-04-27;1962;3059;11535;30992;2269;11591;31413;0;130;54436170;51753887;36367472;1034316;53522023;39695460;1301291;0;2447
FR;0;2022-04-28;1566;2764;12525;36203;1846;12267;36519;0;139;54437736;51756651;36379997;1070519;53523869;39707727;1337810;0;2586
FR;0;2022-04-29;2006;4802;15548;37240;3610;14923;38708;0;164;54439742;51761453;36395545;1107759;53527479;39722650;1376518;0;2750
FR;0;2022-04-30;1214;2354;6925;9712;1851;6752;10603;0;44;54440956;51763807;36402470;1117471;53529330;39729402;1387121;0;2794
FR;0;2022-05-01;218;323;914;997;228;908;1138;0;6;54441174;51764130;36403384;1118468;53529558;39730310;1388259;0;2800
FR;0;2022-05-02;1966;2937;11149;18157;2033;10982;19002;0;69;54443140;51767067;36414533;1136625;53531591;39741292;1407261;0;2869
FR;0;2022-05-03;1953;3258;13716;34670;2122;13557;35592;0;163;54445093;51770325;36428249;1171295;53533713;39754849;1442853;0;3032
FR;0;2022-05-04;1907;3289;12180;25623;2290;12296;26173;0;110;54447000;51773614;36440429;1196918;53536003;39767145;1469026;0;3142
FR;0;2022-05-05;1766;2955;13046;33567;1932;12894;34236;0;178;54448766;51776569;36453475;1230485;53537935;39780039;1503262;0;3320
FR;0;2022-05-06;2209;3653;15345;36780;2313;14853;38243;0;182;54450975;51780222;36468820;1267265;53540248;39794892;1541505;0;3502
FR;0;2022-05-07;1204;1779;6461;9610;1253;6452;10335;0;48;54452179;51782001;36475281;1276875;53541501;39801344;1551840;0;3550
FR;0;2022-05-08;267;399;1172;1546;288;1233;1652;0;8;54452446;51782400;36476453;1278421;53541789;39802577;1553492;0;3558
FR;0;2022-05-09;1365;2298;9924;20254;1406;9794;21171;0;102;54453811;51784698;36486377;1298675;53543195;39812371;1574663;0;3660
FR;0;2022-05-10;1770;3327;13572;38973;2189;13127;40001;0;200;54455581;51788025;36499949;1337648;53545384;39825498;1614664;0;3860
FR;0;2022-05-11;1992;3007;10745;27913;2311;10690;28419;0;149;54457573;51791032;36510694;1365561;53547695;39836188;1643083;0;4009
FR;0;2022-05-12;1587;2710;11371;35685;1779;11042;36447;0;211;54459160;51793742;36522065;1401246;53549474;39847230;1679530;0;4220
FR;0;2022-05-13;1973;3214;13751;37867;2056;13338;39132;0;162;54461133;51796956;36535816;1439113;53551530;39860568;1718662;0;4382
FR;0;2022-05-14;1148;1636;5937;10774;1195;5800;11362;0;57;54462281;51798592;36541753;1449887;53552725;39866368;1730024;0;4439
FR;0;2022-05-15;280;473;1278;1438;297;1361;1591;0;6;54462561;51799065;36543031;1451325;53553022;39867729;1731615;0;4445
FR;0;2022-05-16;1193;2035;8684;21036;1237;8681;21573;0;128;54463754;51801100;36551715;1472361;53554259;39876410;1753188;0;4573
FR;0;2022-05-17;1586;2595;11818;37868;1661;11397;38706;0;180;54465340;51803695;36563533;1510229;53555920;39887807;1791894;0;4753
FR;0;2022-05-18;1810;2648;9686;27152;1951;9660;27769;0;109;54467150;51806343;36573219;1537381;53557871;39897467;1819663;0;4862
FR;0;2022-05-19;1442;2649;10572;35830;1623;10713;36018;0;162;54468592;51808992;36583791;1573211;53559494;39908180;1855681;0;5024
FR;0;2022-05-20;1873;3111;13418;39354;2071;12908;40372;0;168;54470465;51812103;36597209;1612565;53561565;39921088;1896053;0;5192
FR;0;2022-05-21;1158;1705;5660;9897;1299;5532;10533;0;45;54471623;51813808;36602869;1622462;53562864;39926620;1906586;0;5237
FR;0;2022-05-22;238;341;1027;1437;262;1015;1580;0;10;54471861;51814149;36603896;1623899;53563126;39927635;1908166;0;5247
FR;0;2022-05-23;1172;2117;8876;20343;1399;8826;20997;0;86;54473033;51816266;36612772;1644242;53564525;39936461;1929163;0;5333
FR;0;2022-05-24;1537;2755;11358;38868;1728;11228;39499;0;190;54474570;51819021;36624130;1683110;53566253;39947689;1968662;0;5523
FR;0;2022-05-25;1812;2829;9341;24838;2070;9475;25315;0;116;54476382;51821850;36633471;1707948;53568323;39957164;1993977;0;5639
FR;0;2022-05-26;209;421;1661;1198;285;1672;1337;0;29;54476591;51822271;36635132;1709146;53568608;39958836;1995314;0;5668
FR;0;2022-05-27;1382;2465;9258;21286;1657;9000;22318;0;94;54477973;51824736;36644390;1730432;53570265;39967836;2017632;0;5762
FR;0;2022-05-28;668;1263;3915;6790;842;3965;7200;0;38;54478641;51825999;36648305;1737222;53571107;39971801;2024832;0;5800
FR;0;2022-05-29;157;315;751;918;200;772;1030;0;4;54478798;51826314;36649056;1738140;53571307;39972573;2025862;0;5804
FR;0;2022-05-30;1024;1951;6993;19294;1233;7010;19806;0;91;54479822;51828265;36656049;1757434;53572540;39979583;2045668;0;5895
FR;0;2022-05-31;1489;2497;9816;35653;1628;9637;36284;0;171;54481311;51830762;36665865;1793087;53574168;39989220;2081952;0;6066
FR;0;2022-06-01;1725;3091;11017;24525;2236;10883;25478;0;121;54483036;51833853;36676882;1817612;53576404;40000103;2107430;0;6187
FR;0;2022-06-02;1474;2607;11303;35550;1708;10858;36497;0;173;54484510;51836460;36688185;1853162;53578112;40010961;2143927;0;6360
FR;0;2022-06-03;1724;3065;13388;38713;2035;12751;39984;0;176;54486234;51839525;36701573;1891875;53580147;40023712;2183911;0;6536
FR;0;2022-06-04;970;1515;5042;9110;1075;5113;9646;0;73;54487204;51841040;36706615;1900985;53581222;40028825;2193557;0;6609
FR;0;2022-06-05;176;333;875;1106;205;884;1228;0;4;54487380;51841373;36707490;1902091;53581427;40029709;2194785;0;6613
FR;0;2022-06-06;476;1177;2116;1271;1004;2129;1452;0;12;54487856;51842550;36709606;1903362;53582431;40031838;2196237;0;6625
FR;0;2022-06-07;1389;2693;9849;35580;1771;9428;36806;0;153;54489245;51845243;36719455;1938942;53584202;40041266;2233043;0;6778
FR;0;2022-06-08;1557;2695;9163;28717;1943;9004;29684;0;112;54490802;51847938;36728618;1967659;53586145;40050270;2262727;0;6890
FR;0;2022-06-09;1287;2434;10614;39481;1548;10259;40256;0;167;54492089;51850372;36739232;2007140;53587693;40060529;2302983;0;7057
FR;0;2022-06-10;1626;2983;13074;44792;1951;12620;46131;0;224;54493715;51853355;36752306;2051932;53589644;40073149;2349114;0;7281
FR;0;2022-06-11;957;1736;5434;11621;1120;5466;12207;0;54;54494672;51855091;36757740;2063553;53590764;40078615;2361321;0;7335
FR;0;2022-06-12;197;441;1072;1761;252;1133;1863;0;11;54494869;51855532;36758812;2065314;53591016;40079748;2363184;0;7346
FR;0;2022-06-13;1085;2055;7429;23179;1329;7260;24092;0;90;54495954;51857587;36766241;2088493;53592345;40087008;2387276;0;7436
FR;0;2022-06-14;1314;2515;10447;44934;1564;9803;46130;0;200;54497268;51860102;36776688;2133427;53593909;40096811;2433406;0;7636
FR;0;2022-06-15;1508;2445;9318;30878;1915;8949;31574;0;178;54498776;51862547;36786006;2164305;53595824;40105760;2464980;0;7814
FR;0;2022-06-16;1179;2030;9907;39914;1262;9318;40934;0;201;54499955;51864577;36795913;2204219;53597086;40115078;2505914;0;8015
FR;0;2022-06-17;1485;2840;12470;46623;1764;11894;47847;0;239;54501440;51867417;36808383;2250842;53598850;40126972;2553761;0;8254
FR;0;2022-06-18;853;1522;4563;11124;1033;4497;11718;0;67;54502293;51868939;36812946;2261966;53599883;40131469;2565479;0;8321
FR;0;2022-06-19;183;363;1058;1615;208;1130;1701;0;14;54502476;51869302;36814004;2263581;53600091;40132599;2567180;0;8335
FR;0;2022-06-20;1021;1919;8904;26067;1191;8563;27011;0;153;54503497;51871221;36822908;2289648;53601282;40141162;2594191;0;8488
FR;0;2022-06-21;1324;2396;10302;49883;1530;9330;51271;0;264;54504821;51873617;36833210;2339531;53602812;40150492;2645462;0;8752
FR;0;2022-06-22;1386;2497;8910;39044;1786;8416;39989;0;256;54506207;51876114;36842120;2378575;53604598;40158908;2685451;0;9008
FR;0;2022-06-23;1226;2356;10674;55078;1351;9882;56208;0;320;54507433;51878470;36852794;2433653;53605949;40168790;2741659;0;9328
FR;0;2022-06-24;1485;2982;13643;69167;1737;12303;70987;0;405;54508918;51881452;36866437;2502820;53607686;40181093;2812646;0;9733
FR;0;2022-06-25;936;1777;6230;19914;1107;5984;20767;0;176;54509854;51883229;36872667;2522734;53608793;40187077;2833413;0;9909
FR;0;2022-06-26;229;460;1953;3688;260;1817;3967;0;39;54510083;51883689;36874620;2526422;53609053;40188894;2837380;0;9948
FR;0;2022-06-27;1128;2015;10492;48476;1171;9633;49744;0;339;54511211;51885704;36885112;2574898;53610224;40198527;2887124;0;10287
FR;0;2022-06-28;1453;2808;14661;91350;1575;13081;93118;0;623;54512664;51888512;36899773;2666248;53611799;40211608;2980242;0;10910
FR;0;2022-06-29;1707;2824;12291;71871;1838;11238;73014;0;548;54514371;51891336;36912064;2738119;53613637;40222846;3053256;0;11458
FR;0;2022-06-30;1524;2702;14388;95151;1622;12467;97166;0;724;54515895;51894038;36926452;2833270;53615259;40235313;3150422;0;12182
FR;0;2022-07-01;1989;3791;21488;115920;2298;18841;118564;0;952;54517884;51897829;36947940;2949190;53617557;40254154;3268986;0;13134
FR;0;2022-07-02;1082;1855;8523;35748;1099;7701;36868;0;342;54518966;51899684;36956463;2984938;53618656;40261855;3305854;0;13476
FR;0;2022-07-03;290;538;2091;6452;316;1893;6802;0;78;54519256;51900222;36958554;2991390;53618972;40263748;3312656;0;13554
FR;0;2022-07-04;1653;3226;14696;79206;2086;12969;81282;0;639;54520909;51903448;36973250;3070596;53621058;40276717;3393938;0;14193
FR;0;2022-07-05;1709;3117;18826;133230;1748;16003;135522;0;1144;54522618;51906565;36992076;3203826;53622806;40292720;3529460;0;15337
FR;0;2022-07-06;1818;2766;15848;99559;1824;13636;101127;0;900;54524436;51909331;37007924;3303385;53624630;40306356;3630587;0;16237
FR;0;2022-07-07;1707;2864;17994;126015;1700;14770;128344;0;1180;54526143;51912195;37025918;3429400;53626330;40321126;3758931;0;17417
FR;0;2022-07-08;1886;3143;20748;137068;1840;16759;140065;0;1346;54528029;51915338;37046666;3566468;53628170;40337885;3898996;0;18763
FR;0;2022-07-09;865;1454;7737;37920;869;6683;38763;0;426;54528894;51916792;37054403;3604388;53629039;40344568;3937759;0;19189
FR;0;2022-07-10;263;525;2344;7002;278;2124;7392;0;94;54529157;51917317;37056747;3611390;53629317;40346692;3945151;0;19283
FR;0;2022-07-11;1428;2453;15014;88260;1375;12500;90453;0;801;54530585;51919770;37071761;3699650;53630692;40359192;4035604;0;20084
FR;0;2022-07-12;1792;3090;20525;143936;1683;16718;146637;0;1604;54532377;51922860;37092286;3843586;53632375;40375910;4182241;0;21688
FR;0;2022-07-13;1729;2722;15686;94522;1635;13260;96383;0;1080;54534106;51925582;37107972;3938108;53634010;40389170;4278624;0;22768
FR;0;2022-07-14;182;366;1952;5533;214;1831;5700;0;82;54534288;51925948;37109924;3943641;53634224;40391001;4284324;0;22850
FR;0;2022-07-15;1476;2551;15112;84438;1412;12594;86597;0;1034;54535764;51928499;37125036;4028079;53635636;40403595;4370921;0;23884
FR;0;2022-07-16;617;1176;5946;24974;681;5153;25665;0;327;54536381;51929675;37130982;4053053;53636317;40408748;4396586;0;24211
FR;0;2022-07-17;177;389;1736;4661;213;1566;4933;0;66;54536558;51930064;37132718;4057714;53636530;40410314;4401519;0;24277
FR;0;2022-07-18;1130;2240;11820;61794;1329;9968;63658;0;779;54537688;51932304;37144538;4119508;53637859;40420282;4465177;0;25056
FR;0;2022-07-19;1415;2341;15467;103668;1379;12289;105860;0;1441;54539103;51934645;37160005;4223176;53639238;40432571;4571037;0;26497
FR;0;2022-07-20;1416;2284;12952;77553;1450;10729;79138;0;1051;54540519;51936929;37172957;4300729;53640688;40443300;4650175;0;27548
FR;0;2022-07-21;1280;2158;13083;88221;1355;10487;89702;0;1315;54541799;51939087;37186040;4388950;53642043;40453787;4739877;0;28863
FR;0;2022-07-22;1396;2445;14799;89457;1434;11942;91334;0;1347;54543195;51941532;37200839;4478407;53643477;40465729;4831211;0;30210
FR;0;2022-07-23;670;1301;5529;22476;812;4852;23072;0;412;54543865;51942833;37206368;4500883;53644289;40470581;4854283;0;30622
FR;0;2022-07-24;183;349;1397;3900;197;1238;4128;0;72;54544048;51943182;37207765;4504783;53644486;40471819;4858411;0;30694
FR;0;2022-07-25;1052;1785;9485;48060;1136;7833;49499;0;736;54545100;51944967;37217250;4552843;53645622;40479652;4907910;0;31430
FR;0;2022-07-26;1287;2204;13298;85410;1309;10823;87107;0;1310;54546387;51947171;37230548;4638253;53646931;40490475;4995017;0;32740
FR;0;2022-07-27;1217;1999;10224;61225;1328;8511;62437;0;969;54547604;51949170;37240772;4699478;53648259;40498986;5057454;0;33709
FR;0;2022-07-28;1088;1859;10305;64375;1248;8213;65609;0;1046;54548692;51951029;37251077;4763853;53649507;40507199;5123063;0;34755
FR;0;2022-07-29;1281;2043;10988;65814;1349;8746;67242;0;1139;54549973;51953072;37262065;4829667;53650856;40515945;5190305;0;35894
FR;0;2022-07-30;498;853;3517;15275;587;2970;15655;0;303;54550471;51953925;37265582;4844942;53651443;40518915;5205960;0;36197
FR;0;2022-07-31;151;288;929;2437;184;788;2587;0;49;54550622;51954213;37266511;4847379;53651627;40519703;5208547;0;36246
FR;0;2022-08-01;836;1517;7580;30228;1109;6375;31302;0;547;54551458;51955730;37274091;4877607;53652736;40526078;5239849;0;36793
FR;0;2022-08-02;1020;1631;8564;56099;1131;6880;56783;0;1169;54552478;51957361;37282655;4933706;53653867;40532958;5296632;0;37962
FR;0;2022-08-03;832;1249;6406;38665;881;5127;39400;0;702;54553310;51958610;37289061;4972371;53654748;40538085;5336032;0;38664
FR;0;2022-08-04;728;1179;6565;43127;774;5294;43698;0;916;54554038;51959789;37295626;5015498;53655522;40543379;5379730;0;39580
FR;0;2022-08-05;849;1354;7087;44929;958;5661;45598;0;993;54554887;51961143;37302713;5060427;53656480;40549040;5425328;0;40573
FR;0;2022-08-06;338;553;2098;9366;394;1756;9566;0;226;54555225;51961696;37304811;5069793;53656874;40550796;5434894;0;40799
FR;0;2022-08-07;102;155;535;1621;111;453;1700;0;38;54555327;51961851;37305346;5071414;53656985;40551249;5436594;0;40837
FR;0;2022-08-08;558;965;4012;22091;723;3270;22534;0;490;54555885;51962816;37309358;5093505;53657708;40554519;5459128;0;41327
FR;0;2022-08-09;684;1133;5963;39933;820;4793;40423;0;842;54556569;51963949;37315321;5133438;53658528;40559312;5499551;0;42169
FR;0;2022-08-10;629;1109;4653;28034;823;3789;28374;0;650;54557198;51965058;37319974;5161472;53659351;40563101;5527925;0;42819
FR;0;2022-08-11;613;1020;4479;29226;733;3698;29562;0;676;54557811;51966078;37324453;5190698;53660084;40566799;5557487;0;43495
FR;0;2022-08-12;705;1140;4739;28202;823;3911;28638;0;702;54558516;51967218;37329192;5218900;53660907;40570710;5586125;0;44197
FR;0;2022-08-13;211;406;1294;5253;305;1116;5412;0;121;54558727;51967624;37330486;5224153;53661212;40571826;5591537;0;44318
FR;0;2022-08-14;70;120;287;923;103;245;995;0;25;54558797;51967744;37330773;5225076;53661315;40572071;5592532;0;44343
FR;0;2022-08-15;81;178;603;562;144;551;616;0;19;54558878;51967922;37331376;5225638;53661459;40572622;5593148;0;44362
FR;0;2022-08-16;617;1051;3951;22171;813;3345;22364;0;616;54559495;51968973;37335327;5247809;53662272;40575967;5615512;0;44978
FR;0;2022-08-17;628;1010;3884;22857;783;3288;23104;0;619;54560123;51969983;37339211;5270666;53663055;40579255;5638616;0;45597
FR;0;2022-08-18;610;975;4084;26284;776;3226;26512;0;673;54560733;51970958;37343295;5296950;53663831;40582481;5665128;0;46270
FR;0;2022-08-19;601;1150;4480;27220;857;3682;27525;0;766;54561334;51972108;37347775;5324170;53664688;40586163;5692653;0;47036
FR;0;2022-08-20;289;490;1352;5567;388;1166;5727;0;145;54561623;51972598;37349127;5329737;53665076;40587329;5698380;0;47181
FR;0;2022-08-21;94;133;299;1008;94;263;1041;0;27;54561717;51972731;37349426;5330745;53665170;40587592;5699421;0;47208
FR;0;2022-08-22;545;975;3271;15344;750;2793;15675;0;426;54562262;51973706;37352697;5346089;53665920;40590385;5715096;0;47634
FR;0;2022-08-23;710;1170;4292;28989;845;3607;29073;0;870;54562972;51974876;37356989;5375078;53666765;40593992;5744169;0;48504
FR;0;2022-08-24;656;928;3489;19528;769;2852;19717;0;608;54563628;51975804;37360478;5394606;53667534;40596844;5763886;0;49112
FR;0;2022-08-25;621;1008;3930;23394;718;3278;23659;0;672;54564249;51976812;37364408;5418000;53668252;40600122;5787545;0;49784
FR;0;2022-08-26;848;1250;4472;25877;943;3663;26251;0;777;54565097;51978062;37368880;5443877;53669195;40603785;5813796;0;50561
FR;0;2022-08-27;292;495;1377;5462;356;1243;5526;0;194;54565389;51978557;37370257;5449339;53669551;40605028;5819322;0;50755
FR;0;2022-08-28;123;159;303;919;114;288;964;0;38;54565512;51978716;37370560;5450258;53669665;40605316;5820286;0;50793
FR;0;2022-08-29;616;962;3068;14632;762;2605;14948;0;432;54566128;51979678;37373628;5464890;53670427;40607921;5835234;0;51225
FR;0;2022-08-30;842;1205;4787;28525;882;3908;28853;0;822;54566970;51980883;37378415;5493415;53671309;40611829;5864087;0;52047
FR;0;2022-08-31;687;944;3192;17625;727;2703;17889;0;507;54567657;51981827;37381607;5511040;53672036;40614532;5881976;0;52554
FR;0;2022-09-01;717;976;4467;22460;688;3811;22734;0;622;54568374;51982803;37386074;5533500;53672724;40618343;5904710;0;53176
FR;0;2022-09-02;864;1133;5034;28607;815;4246;28899;0;914;54569238;51983936;37391108;5562107;53673539;40622589;5933609;0;54090
FR;0;2022-09-03;415;557;1915;6079;412;1657;6320;0;181;54569653;51984493;37393023;5568186;53673951;40624246;5939929;0;54271
FR;0;2022-09-04;131;149;351;873;85;347;942;0;24;54569784;51984642;37393374;5569059;53674036;40624593;5940871;0;54295
FR;0;2022-09-05;613;688;3128;16049;509;2605;16361;0;523;54570397;51985330;37396502;5585108;53674545;40627198;5957232;0;54818
FR;0;2022-09-06;791;1009;4723;31833;641;3855;32064;0;1039;54571188;51986339;37401225;5616941;53675186;40631053;5989296;0;55857
FR;0;2022-09-07;640;763;2993;16815;542;2472;16964;0;572;54571828;51987102;37404218;5633756;53675728;40633525;6006260;0;56429
FR;0;2022-09-08;615;847;3799;24840;578;3133;24928;0;818;54572443;51987949;37408017;5658596;53676306;40636658;6031188;0;57247
FR;0;2022-09-09;830;1006;4425;27590;645;3662;27768;0;948;54573273;51988955;37412442;5686186;53676951;40640320;6058956;0;58195
FR;0;2022-09-10;383;533;1729;5706;359;1529;5910;0;207;54573656;51989488;37414171;5691892;53677310;40641849;6064866;0;58402
FR;0;2022-09-11;122;129;319;656;90;303;714;0;17;54573778;51989617;37414490;5692548;53677400;40642152;6065580;0;58419
FR;0;2022-09-12;485;611;2679;13272;431;2285;13564;0;477;54574263;51990228;37417169;5705820;53677831;40644437;6079144;0;58896
FR;0;2022-09-13;608;829;3981;26413;512;3434;26331;0;872;54574871;51991057;37421150;5732233;53678343;40647871;6105475;0;59768
FR;0;2022-09-14;649;766;2948;16175;557;2463;16407;0;573;54575520;51991823;37424098;5748408;53678900;40650334;6121882;0;60341
FR;0;2022-09-15;552;770;3457;23516;520;2918;23613;0;725;54576072;51992593;37427555;5771924;53679420;40653252;6145495;0;61066
FR;0;2022-09-16;784;1025;4132;25882;707;3470;26106;0;931;54576856;51993618;37431687;5797806;53680127;40656722;6171601;0;61997
FR;0;2022-09-17;384;487;1447;6142;365;1276;6234;0;242;54577240;51994105;37433134;5803948;53680492;40657998;6177835;0;62239
FR;0;2022-09-18;115;138;323;960;116;291;1015;0;36;54577355;51994243;37433457;5804908;53680608;40658289;6178850;0;62275
FR;0;2022-09-19;444;629;2251;13188;428;1926;13371;0;435;54577799;51994872;37435708;5818096;53681036;40660215;6192221;0;62710
FR;0;2022-09-20;632;859;3775;26412;611;3143;26467;0;891;54578431;51995731;37439483;5844508;53681647;40663358;6218688;0;63601
FR;0;2022-09-21;575;762;2735;16257;567;2350;16249;0;585;54579006;51996493;37442218;5860765;53682214;40665708;6234937;0;64186
FR;0;2022-09-22;580;816;3397;23549;540;2769;23774;0;768;54579586;51997309;37445615;5884314;53682754;40668477;6258711;0;64954
FR;0;2022-09-23;824;1031;4488;28693;748;3756;28870;0;1017;54580410;51998340;37450103;5913007;53683502;40672233;6287581;0;65971
FR;0;2022-09-24;423;607;1637;6890;466;1410;7075;0;305;54580833;51998947;37451740;5919897;53683968;40673643;6294656;0;66276
FR;0;2022-09-25;98;186;335;1100;140;306;1142;0;37;54580931;51999133;37452075;5920997;53684108;40673949;6295798;0;66313
FR;0;2022-09-26;433;691;2273;13494;462;2006;13602;0;431;54581364;51999824;37454348;5934491;53684570;40675955;6309400;0;66744
FR;0;2022-09-27;606;830;3621;25934;599;2907;26086;0;959;54581970;52000654;37457969;5960425;53685169;40678862;6335486;0;67703
FR;0;2022-09-28;624;812;2548;15383;619;2294;15498;0;622;54582594;52001466;37460517;5975808;53685788;40681156;6350984;0;68325
FR;0;2022-09-29;561;756;3108;21012;532;2622;21039;40;809;54583155;52002222;37463625;5996820;53686320;40683778;6372023;40;69134
FR;0;2022-09-30;766;1085;3947;25535;795;3292;25802;712;1048;54583921;52003307;37467572;6022355;53687115;40687070;6397825;752;70182
FR;0;2022-10-01;410;607;1969;5966;455;1701;6202;396;317;54584331;52003914;37469541;6028321;53687570;40688771;6404027;1148;70499
FR;0;2022-10-02;56;130;217;638;93;212;664;66;42;54584387;52004044;37469758;6028959;53687663;40688983;6404691;1214;70541
FR;0;2022-10-03;459;698;2413;12009;532;2126;12197;2072;743;54584846;52004742;37472171;6040968;53688195;40691109;6416888;3286;71284
FR;0;2022-10-04;610;767;3376;23497;516;2762;23676;4700;1577;54585456;52005509;37475547;6064465;53688711;40693871;6440564;7986;72861
FR;0;2022-10-05;540;800;2426;14580;576;2142;14725;3654;1208;54585996;52006309;37477973;6079045;53689287;40696013;6455289;11640;74069
FR;0;2022-10-06;531;694;3074;21666;495;2506;21878;6660;1908;54586527;52007003;37481047;6100711;53689782;40698519;6477167;18300;75977
FR;0;2022-10-07;713;971;4121;30282;702;3466;30370;16857;3199;54587240;52007974;37485168;6130993;53690484;40701985;6507537;35157;79176
FR;0;2022-10-08;343;510;1646;8420;368;1407;8587;6690;1168;54587583;52008484;37486814;6139413;53690852;40703392;6516124;41847;80344
FR;0;2022-10-09;107;136;335;1585;111;310;1648;1508;295;54587690;52008620;37487149;6140998;53690963;40703702;6517772;43355;80639
FR;0;2022-10-10;470;695;2902;20471;512;2488;20791;19460;3231;54588160;52009315;37490051;6161469;53691475;40706190;6538563;62815;83870
FR;0;2022-10-11;565;779;4253;40192;526;3548;40541;40042;6354;54588725;52010094;37494304;6201661;53692001;40709738;6579104;102857;90224
FR;0;2022-10-12;557;786;3232;26660;571;2741;26983;27245;4683;54589282;52010880;37497536;6228321;53692572;40712479;6606087;130102;94907
FR;0;2022-10-13;599;739;3988;38354;529;3109;38828;40535;6599;54589881;52011619;37501524;6266675;53693101;40715588;6644915;170637;101506
FR;0;2022-10-14;748;1036;4860;47617;743;3942;48097;51076;7839;54590629;52012655;37506384;6314292;53693844;40719530;6693012;221713;109345
FR;0;2022-10-15;346;492;1844;11833;331;1605;11951;13076;2274;54590975;52013147;37508228;6326125;53694175;40721135;6704963;234789;111619
FR;0;2022-10-16;92;123;369;1957;76;351;2003;2340;476;54591067;52013270;37508597;6328082;53694251;40721486;6706966;237129;112095
FR;0;2022-10-17;432;682;3025;26378;471;2464;26743;30639;5357;54591499;52013952;37511622;6354460;53694722;40723950;6733709;267768;117452
FR;0;2022-10-18;594;720;4691;45997;516;3740;46512;55278;11649;54592093;52014672;37516313;6400457;53695238;40727690;6780221;323046;129101
FR;0;2022-10-19;539;767;3619;34234;569;3050;34572;42182;9097;54592632;52015439;37519932;6434691;53695807;40730740;6814793;365228;138198
FR;0;2022-10-20;586;751;4814;49287;537;3675;49962;60244;12812;54593218;52016190;37524746;6483978;53696344;40734415;6864755;425472;151010
FR;0;2022-10-21;680;968;5677;56902;688;4485;57587;70806;14251;54593898;52017158;37530423;6540880;53697032;40738900;6922342;496278;165261
FR;0;2022-10-22;328;392;1648;12906;312;1310;13066;15892;3372;54594226;52017550;37532071;6553786;53697344;40740210;6935408;512170;168633
FR;0;2022-10-23;91;99;349;2051;94;265;2153;2741;627;54594317;52017649;37532420;6555837;53697438;40740475;6937561;514911;169260
FR;0;2022-10-24;539;586;3122;27047;409;2662;27482;35349;7736;54594856;52018235;37535542;6582884;53697847;40743137;6965043;550260;176996
FR;0;2022-10-25;582;711;4846;48917;522;3782;49588;64919;15321;54595438;52018946;37540388;6631801;53698369;40746919;7014631;615179;192317
FR;0;2022-10-26;518;628;3428;32360;459;2860;32700;43452;10746;54595956;52019574;37543816;6664161;53698828;40749779;7047331;658631;203063
FR;0;2022-10-27;581;676;4047;40596;476;3308;41088;54095;12926;54596537;52020250;37547863;6704757;53699304;40753087;7088419;712726;215989
FR;0;2022-10-28;689;833;4581;43931;601;3473;44773;57831;12968;54597226;52021083;37552444;6748688;53699905;40756560;7133192;770557;228957
FR;0;2022-10-29;248;353;1316;9467;248;1070;9601;12478;2992;54597474;52021436;37553760;6758155;53700153;40757630;7142793;783035;231949
FR;0;2022-10-30;86;109;280;1575;86;243;1622;2102;520;54597560;52021545;37554040;6759730;53700239;40757873;7144415;785137;232469
FR;0;2022-10-31;373;464;2061;15960;334;1607;16321;21920;5342;54597933;52022009;37556101;6775690;53700573;40759480;7160736;807057;237811
FR;0;2022-11-01;51;110;813;1043;81;828;1075;1561;447;54597984;52022119;37556914;6776733;53700654;40760308;7161811;808618;238258
FR;0;2022-11-02;479;642;2978;25189;472;2524;25643;36199;9936;54598463;52022761;37559892;6801922;53701126;40762832;7187454;844817;248194
FR;0;2022-11-03;622;675;4043;39611;508;3051;40353;56132;14949;54599085;52023436;37563935;6841533;53701634;40765883;7227807;900949;263143
FR;0;2022-11-04;637;806;4366;43464;548;3467;44071;60190;15102;54599722;52024242;37568301;6884997;53702182;40769350;7271878;961139;278245
FR;0;2022-11-05;243;348;1396;9655;271;1111;9854;13357;3263;54599965;52024590;37569697;6894652;53702453;40770461;7281732;974496;281508
FR;0;2022-11-06;85;109;258;1567;90;244;1593;2262;614;54600050;52024699;37569955;6896219;53702543;40770705;7283325;976758;282122
FR;0;2022-11-07;441;509;2627;26251;424;2096;26895;38218;10688;54600491;52025208;37572582;6922470;53702967;40772801;7310220;1014976;292810
FR;0;2022-11-08;579;755;4841;51502;538;3688;52436;73103;19442;54601070;52025963;37577423;6973972;53703505;40776489;7362656;1088079;312252
FR;0;2022-11-09;488;631;3278;31326;456;2623;32090;45736;12914;54601558;52026594;37580701;7005298;53703961;40779112;7394746;1133815;325166
FR;0;2022-11-10;585;839;4495;43227;583;3545;44127;61881;16855;54602143;52027433;37585196;7048525;53704544;40782657;7438873;1195696;342021
FR;0;2022-11-11;62;102;347;1630;67;292;1691;2707;955;54602205;52027535;37585543;7050155;53704611;40782949;7440564;1198403;342976
FR;0;2022-11-12;191;302;1076;7059;213;857;7296;10230;2737;54602396;52027837;37586619;7057214;53704824;40783806;7447860;1208633;345713
FR;0;2022-11-13;59;81;236;1189;57;202;1238;1939;611;54602455;52027918;37586855;7058403;53704881;40784008;7449098;1210572;346324
FR;0;2022-11-14;416;499;2496;23603;346;1983;24216;35504;10620;54602871;52028417;37589351;7082006;53705227;40785991;7473314;1246076;356944
FR;0;2022-11-15;561;662;4159;44443;488;3189;45398;65704;19031;54603432;52029079;37593510;7126449;53705715;40789180;7518712;1311780;375975
FR;0;2022-11-16;518;595;2910;27988;462;2426;28479;42087;12818;54603950;52029674;37596420;7154437;53706177;40791606;7547191;1353867;388793
FR;0;2022-11-17;529;621;3685;38678;466;2835;39250;56995;16710;54604479;52030295;37600105;7193115;53706643;40794441;7586441;1410862;405503
FR;0;2022-11-18;591;743;4464;44568;547;3315;45444;64624;17899;54605070;52031038;37604569;7237683;53707190;40797756;7631885;1475486;423402
FR;0;2022-11-19;258;312;1392;9647;241;969;9847;14066;3908;54605328;52031350;37605961;7247330;53707431;40798725;7641732;1489552;427310
FR;0;2022-11-20;61;75;285;1643;57;236;1716;2631;792;54605389;52031425;37606246;7248973;53707488;40798961;7643448;1492183;428102
FR;0;2022-11-21;411;484;2307;20883;322;1815;21429;31980;9850;54605800;52031909;37608553;7269856;53707810;40800776;7664877;1524163;437952
FR;0;2022-11-22;507;543;3743;38597;376;2859;39174;57534;17272;54606307;52032452;37612296;7308453;53708186;40803635;7704051;1581697;455224
FR;0;2022-11-23;431;504;2587;25130;343;2130;25571;38519;12071;54606738;52032956;37614883;7333583;53708529;40805765;7729622;1620216;467295
FR;0;2022-11-24;473;551;3556;35884;387;2750;36497;54064;16574;54607211;52033507;37618439;7369467;53708916;40808515;7766119;1674280;483869
FR;0;2022-11-25;540;649;3854;39078;507;2814;39944;57793;16654;54607751;52034156;37622293;7408545;53709423;40811329;7806063;1732073;500523
FR;0;2022-11-26;277;317;1280;9144;235;1006;9291;13676;3860;54608028;52034473;37623573;7417689;53709658;40812335;7815354;1745749;504383
FR;0;2022-11-27;62;65;237;1590;48;199;1610;2436;762;54608090;52034538;37623810;7419279;53709706;40812534;7816964;1748185;505145
FR;0;2022-11-28;370;428;2441;23710;312;1815;24335;36201;11070;54608460;52034966;37626251;7442989;53710018;40814349;7841299;1784386;516215
FR;0;2022-11-29;442;550;4042;43893;319;2984;44600;66443;20361;54608902;52035516;37630293;7486882;53710337;40817333;7885899;1850829;536576
