fra;vaccin;jour;n_dose1;n_dose2;n_dose3;n_dose4;n_rappel;n_cum_dose1;n_cum_dose2;n_cum_dose3;n_cum_dose4;n_cum_rappel
FR;1;2020-12-27;600;0;0;0;0;600;0;0;0;0
FR;1;2020-12-28;656;0;0;0;0;1256;0;0;0;0
FR;1;2020-12-29;371;0;0;0;0;1627;0;0;0;0
FR;1;2020-12-30;435;0;0;0;0;2062;0;0;0;0
FR;1;2020-12-31;395;0;0;0;0;2457;0;0;0;0
FR;1;2021-01-01;1133;1;0;0;0;3590;1;0;0;0
FR;1;2021-01-02;355;3;0;0;0;3945;4;0;0;0
FR;1;2021-01-03;398;0;0;0;0;4343;4;0;0;0
FR;1;2021-01-04;2079;1;0;0;0;6422;5;0;0;0
FR;1;2021-01-05;7418;2;0;0;0;13840;7;0;0;0
FR;1;2021-01-06;12388;9;0;0;0;26228;16;0;0;0
FR;1;2021-01-07;29441;9;0;0;0;55669;25;0;0;0
FR;1;2021-01-08;37114;7;0;0;0;92783;32;0;0;0
FR;1;2021-01-09;11207;3;0;0;0;103990;35;0;0;0
FR;1;2021-01-10;5994;2;0;0;0;109984;37;0;0;0
FR;1;2021-01-11;39917;14;0;0;0;149901;51;0;0;0
FR;1;2021-01-12;62118;12;0;0;0;212019;63;0;0;0
FR;1;2021-01-13;65088;25;0;0;0;277107;88;0;0;0
FR;1;2021-01-14;81429;55;0;0;0;358536;143;0;0;0
FR;1;2021-01-15;68587;21;0;0;0;427123;164;0;0;0
FR;1;2021-01-16;19893;73;0;0;0;447016;237;0;0;0
FR;1;2021-01-17;10896;45;0;0;0;457912;282;0;0;0
FR;1;2021-01-18;82782;164;0;0;0;540694;446;0;0;0
FR;1;2021-01-19;125891;163;0;0;0;666585;609;0;0;0
FR;1;2021-01-20;132378;164;0;0;0;798963;773;0;0;0
FR;1;2021-01-21;153028;150;0;0;0;951991;923;0;0;0
FR;1;2021-01-22;115918;193;0;0;0;1067909;1116;0;0;0
FR;1;2021-01-23;36596;61;0;0;0;1104505;1177;0;0;0
FR;1;2021-01-24;9578;68;0;0;0;1114083;1245;0;0;0
FR;1;2021-01-25;74403;1260;0;0;0;1188486;2505;0;0;0
FR;1;2021-01-26;96430;3244;1;0;0;1284916;5749;1;0;0
FR;1;2021-01-27;103619;5853;0;0;0;1388535;11602;1;0;0
FR;1;2021-01-28;120572;14774;0;0;0;1509107;26376;1;0;0
FR;1;2021-01-29;88873;17552;0;0;0;1597980;43928;1;0;0
FR;1;2021-01-30;27978;4250;0;0;0;1625958;48178;1;0;0
FR;1;2021-01-31;5176;1726;0;0;0;1631134;49904;1;0;0
FR;1;2021-02-01;49700;21395;0;0;0;1680834;71299;1;0;0
FR;1;2021-02-02;67784;35289;0;0;0;1748618;106588;1;0;0
FR;1;2021-02-03;67057;37528;0;0;0;1815675;144116;1;0;0
FR;1;2021-02-04;77108;51027;0;0;0;1892783;195143;1;0;0
FR;1;2021-02-05;63401;45782;0;0;0;1956184;240925;1;0;0
FR;1;2021-02-06;19398;10691;0;0;0;1975582;251616;1;0;0
FR;1;2021-02-07;3657;5219;0;0;0;1979239;256835;1;0;0
FR;1;2021-02-08;36479;46680;0;0;0;2015718;303515;1;0;0
FR;1;2021-02-09;50783;73475;0;0;0;2066501;376990;1;0;0
FR;1;2021-02-10;52031;78276;0;0;0;2118532;455266;1;0;0
FR;1;2021-02-11;63345;100196;0;0;0;2181877;555462;1;0;0
FR;1;2021-02-12;55833;74365;0;0;0;2237710;629827;1;0;0
FR;1;2021-02-13;15450;19352;0;0;0;2253160;649179;1;0;0
FR;1;2021-02-14;3743;7153;0;0;0;2256903;656332;1;0;0
FR;1;2021-02-15;24125;73592;0;0;0;2281028;729924;1;0;0
FR;1;2021-02-16;32749;96536;0;0;0;2313777;826460;1;0;0
FR;1;2021-02-17;35086;99600;1;0;0;2348863;926060;2;0;0
FR;1;2021-02-18;49417;114430;0;0;0;2398280;1040490;2;0;0
FR;1;2021-02-19;45360;86564;1;0;0;2443640;1127054;3;0;0
FR;1;2021-02-20;13374;27113;0;0;0;2457014;1154167;3;0;0
FR;1;2021-02-21;2452;6269;0;0;0;2459466;1160436;3;0;0
FR;1;2021-02-22;24700;69430;2;0;0;2484166;1229866;5;0;0
FR;1;2021-02-23;37408;80657;1;0;0;2521574;1310523;6;0;0
FR;1;2021-02-24;40667;77964;1;0;0;2562241;1388487;7;0;0
FR;1;2021-02-25;50129;87869;1;0;0;2612370;1476356;8;0;0
FR;1;2021-02-26;47178;67696;0;0;0;2659548;1544052;8;0;0
FR;1;2021-02-27;15667;21073;0;0;0;2675215;1565125;8;0;0
FR;1;2021-02-28;3551;4310;1;0;0;2678766;1569435;9;0;0
FR;1;2021-03-01;40135;49431;1;0;0;2718901;1618866;10;0;0
FR;1;2021-03-02;55944;61695;2;0;0;2774845;1680561;12;0;0
FR;1;2021-03-03;61191;60580;0;0;0;2836036;1741141;12;0;0
FR;1;2021-03-04;72961;65740;3;0;0;2908997;1806881;15;0;0
FR;1;2021-03-05;74718;59076;3;0;0;2983715;1865957;18;0;0
FR;1;2021-03-06;82423;16021;2;0;0;3066138;1881978;20;0;0
FR;1;2021-03-07;63699;5119;1;0;0;3129837;1887097;21;0;0
FR;1;2021-03-08;60133;42223;2;0;0;3189970;1929320;23;0;0
FR;1;2021-03-09;85947;47982;1;0;0;3275917;1977302;24;0;0
FR;1;2021-03-10;90859;47934;5;0;0;3366776;2025236;29;0;0
FR;1;2021-03-11;105025;53952;1;0;0;3471801;2079188;30;0;0
FR;1;2021-03-12;104075;45089;1;0;0;3575876;2124277;31;0;0
FR;1;2021-03-13;89172;12709;1;0;0;3665048;2136986;32;0;0
FR;1;2021-03-14;44440;2976;1;0;0;3709488;2139962;33;0;0
FR;1;2021-03-15;95467;28850;3;0;0;3804955;2168812;36;0;0
FR;1;2021-03-16;123563;34648;5;0;0;3928518;2203460;41;0;0
FR;1;2021-03-17;129265;34323;4;0;0;4057783;2237783;45;0;0
FR;1;2021-03-18;142842;39602;5;0;0;4200625;2277385;50;0;0
FR;1;2021-03-19;136204;32656;2;0;0;4336829;2310041;52;0;0
FR;1;2021-03-20;75971;10057;1;0;0;4412800;2320098;53;0;0
FR;1;2021-03-21;26492;2393;1;0;0;4439292;2322491;54;0;0
FR;1;2021-03-22;114710;30943;2;0;0;4554002;2353434;56;0;0
FR;1;2021-03-23;142990;38154;1;0;0;4696992;2391588;57;0;0
FR;1;2021-03-24;141949;38684;0;0;0;4838941;2430272;57;0;0
FR;1;2021-03-25;164958;39575;4;0;0;5003899;2469847;61;0;0
FR;1;2021-03-26;166351;37500;4;0;0;5170250;2507347;65;0;0
FR;1;2021-03-27;110859;15268;1;0;0;5281109;2522615;66;0;0
FR;1;2021-03-28;42287;3837;3;0;0;5323396;2526452;69;0;0
FR;1;2021-03-29;129782;49756;4;0;0;5453178;2576208;73;0;0
FR;1;2021-03-30;167662;63500;4;0;0;5620840;2639708;77;0;0
FR;1;2021-03-31;170874;67045;4;0;0;5791714;2706753;81;0;0
FR;1;2021-04-01;194696;80133;11;0;0;5986410;2786886;92;0;0
FR;1;2021-04-02;164400;84684;7;0;0;6150810;2871570;99;0;0
FR;1;2021-04-03;88217;58024;5;0;0;6239027;2929594;104;0;0
FR;1;2021-04-04;33530;17707;0;0;0;6272557;2947301;104;0;0
FR;1;2021-04-05;46372;10026;11;0;0;6318929;2957327;115;0;0
FR;1;2021-04-06;160243;101696;16;0;0;6479172;3059023;131;0;0
FR;1;2021-04-07;196911;108156;16;0;0;6676083;3167179;147;0;0
FR;1;2021-04-08;222033;112489;13;0;0;6898116;3279668;160;0;0
FR;1;2021-04-09;214491;107291;21;0;0;7112607;3386959;181;0;0
FR;1;2021-04-10;117139;73231;14;0;0;7229746;3460190;195;0;0
FR;1;2021-04-11;40869;30164;6;0;0;7270615;3490354;201;0;0
FR;1;2021-04-12;168396;103787;45;0;0;7439011;3594141;246;0;0
FR;1;2021-04-13;203741;128078;97;1;0;7642752;3722219;343;1;0
FR;1;2021-04-14;208530;122698;206;0;0;7851282;3844917;549;1;0
FR;1;2021-04-15;221590;126833;311;0;0;8072872;3971750;860;1;0
FR;1;2021-04-16;205992;125075;307;0;0;8278864;4096825;1167;1;0
FR;1;2021-04-17;122053;67315;102;0;0;8400917;4164140;1269;1;0
FR;1;2021-04-18;35952;20983;40;0;0;8436869;4185123;1309;1;0
FR;1;2021-04-19;163699;121704;429;0;0;8600568;4306827;1738;1;0
FR;1;2021-04-20;189345;148627;530;0;0;8789913;4455454;2268;1;0
FR;1;2021-04-21;193900;146705;756;0;0;8983813;4602159;3024;1;0
FR;1;2021-04-22;208885;162796;777;0;0;9192698;4764955;3801;1;0
FR;1;2021-04-23;198906;156911;669;0;0;9391604;4921866;4470;1;0
FR;1;2021-04-24;126299;95437;147;0;0;9517903;5017303;4617;1;0
FR;1;2021-04-25;53560;30049;46;0;0;9571463;5047352;4663;1;0
FR;1;2021-04-26;181071;138228;539;0;0;9752534;5185580;5202;1;0
FR;1;2021-04-27;221289;161794;899;0;0;9973823;5347374;6101;1;0
FR;1;2021-04-28;238222;154952;1309;1;1;10212045;5502326;7410;2;1
FR;1;2021-04-29;270212;160155;1206;0;0;10482257;5662481;8616;2;1
FR;1;2021-04-30;271915;148012;1069;0;0;10754172;5810493;9685;2;1
FR;1;2021-05-01;141104;40665;172;0;0;10895276;5851158;9857;2;1
FR;1;2021-05-02;81453;28099;81;0;0;10976729;5879257;9938;2;1
FR;1;2021-05-03;250654;145678;797;0;0;11227383;6024935;10735;2;1
FR;1;2021-05-04;265746;186802;1197;0;0;11493129;6211737;11932;2;1
FR;1;2021-05-05;283763;184639;1263;0;0;11776892;6396376;13195;2;1
FR;1;2021-05-06;309844;183086;1497;0;0;12086736;6579462;14692;2;1
FR;1;2021-05-07;284000;195523;1125;0;0;12370736;6774985;15817;2;1
FR;1;2021-05-08;191625;48425;283;0;0;12562361;6823410;16100;2;1
FR;1;2021-05-09;114011;35994;236;0;0;12676372;6859404;16336;2;1
FR;1;2021-05-10;258071;193959;1181;0;0;12934443;7053363;17517;2;1
FR;1;2021-05-11;318771;211034;1461;0;0;13253214;7264397;18978;2;1
FR;1;2021-05-12;356523;185702;1398;0;0;13609737;7450099;20376;2;1
FR;1;2021-05-13;283369;47730;399;0;0;13893106;7497829;20775;2;1
FR;1;2021-05-14;370419;128576;988;0;0;14263525;7626405;21763;2;1
FR;1;2021-05-15;298041;66075;402;0;0;14561566;7692480;22165;2;1
FR;1;2021-05-16;157728;15542;158;0;0;14719294;7708022;22323;2;1
FR;1;2021-05-17;318814;116371;1435;0;0;15038108;7824393;23758;2;1
FR;1;2021-05-18;383215;111129;1794;0;0;15421323;7935522;25552;2;1
FR;1;2021-05-19;395158;102628;2171;0;0;15816481;8038150;27723;2;1
FR;1;2021-05-20;421669;96157;2041;0;0;16238150;8134307;29764;2;1
FR;1;2021-05-21;399708;97184;1754;0;0;16637858;8231491;31518;2;1
FR;1;2021-05-22;275637;42029;602;0;0;16913495;8273520;32120;2;1
FR;1;2021-05-23;122958;11174;224;0;0;17036453;8284694;32344;2;1
FR;1;2021-05-24;243957;26226;564;0;0;17280410;8310920;32908;2;1
FR;1;2021-05-25;366107;131643;2107;1;0;17646517;8442563;35015;3;1
FR;1;2021-05-26;380725;125731;1985;0;0;18027242;8568294;37000;3;1
FR;1;2021-05-27;406032;127974;1969;0;0;18433274;8696268;38969;3;1
FR;1;2021-05-28;365926;145293;1696;0;0;18799200;8841561;40665;3;1
FR;1;2021-05-29;253791;80834;524;0;0;19052991;8922395;41189;3;1
FR;1;2021-05-30;100928;22534;157;0;0;19153919;8944929;41346;3;1
FR;1;2021-05-31;314198;148798;1279;1;1;19468117;9093727;42625;4;2
FR;1;2021-06-01;361310;166509;1722;1;1;19829427;9260236;44347;5;3
FR;1;2021-06-02;364428;153102;1789;0;0;20193855;9413338;46136;5;3
FR;1;2021-06-03;390046;147530;1647;0;0;20583901;9560868;47783;5;3
FR;1;2021-06-04;363342;175548;1492;1;1;20947243;9736416;49275;6;4
FR;1;2021-06-05;258438;112666;596;0;0;21205681;9849082;49871;6;4
FR;1;2021-06-06;126726;37548;215;0;0;21332407;9886630;50086;6;4
FR;1;2021-06-07;299861;207819;1359;0;0;21632268;10094449;51445;6;4
FR;1;2021-06-08;330503;220761;1633;0;0;21962771;10315210;53078;6;4
FR;1;2021-06-09;336329;212249;1604;0;0;22299100;10527459;54682;6;4
FR;1;2021-06-10;343650;201912;1606;0;0;22642750;10729371;56288;6;4
FR;1;2021-06-11;311709;235260;1289;0;0;22954459;10964631;57577;6;4
FR;1;2021-06-12;244011;150655;431;0;0;23198470;11115286;58008;6;4
FR;1;2021-06-13;100309;60990;188;0;0;23298779;11176276;58196;6;4
FR;1;2021-06-14;207662;288877;1314;1;0;23506441;11465153;59510;7;4
FR;1;2021-06-15;256662;282150;1389;1;0;23763103;11747303;60899;8;4
FR;1;2021-06-16;273494;270605;1260;1;0;24036597;12017908;62159;9;4
FR;1;2021-06-17;268068;244610;1229;1;0;24304665;12262518;63388;10;4
FR;1;2021-06-18;260406;295641;1147;1;0;24565071;12558159;64535;11;4
FR;1;2021-06-19;193407;209466;386;0;0;24758478;12767625;64921;11;4
FR;1;2021-06-20;69643;89153;117;0;0;24828121;12856778;65038;11;4
FR;1;2021-06-21;172183;319805;928;1;1;25000304;13176583;65966;12;5
FR;1;2021-06-22;185658;347830;1094;10;2;25185962;13524413;67060;22;7
FR;1;2021-06-23;204030;339494;1048;0;0;25389992;13863907;68108;22;7
FR;1;2021-06-24;203386;282096;1164;0;0;25593378;14146003;69272;22;7
FR;1;2021-06-25;182478;371772;1196;0;0;25775856;14517775;70468;22;7
FR;1;2021-06-26;131332;278280;502;0;0;25907188;14796055;70970;22;7
FR;1;2021-06-27;52372;122941;145;0;0;25959560;14918996;71115;22;7
FR;1;2021-06-28;136491;368211;1056;0;0;26096051;15287207;72171;22;7
FR;1;2021-06-29;154734;390670;1849;0;0;26250785;15677877;74020;22;7
FR;1;2021-06-30;179889;378804;1661;4;2;26430674;16056681;75681;26;9
FR;1;2021-07-01;201206;332181;1886;5;1;26631880;16388862;77567;31;10
FR;1;2021-07-02;193386;367668;1764;5;3;26825266;16756530;79331;36;13
FR;1;2021-07-03;124348;280454;704;3;1;26949614;17036984;80035;39;14
FR;1;2021-07-04;53897;113694;244;0;0;27003511;17150678;80279;39;14
FR;1;2021-07-05;153608;356063;1499;8;2;27157119;17506741;81778;47;16
FR;1;2021-07-06;173248;382527;1600;45;8;27330367;17889268;83378;92;24
FR;1;2021-07-07;190500;362551;1656;24;5;27520867;18251819;85034;116;29
FR;1;2021-07-08;201331;323129;1825;20;7;27722198;18574948;86859;136;36
FR;1;2021-07-09;189680;387334;1851;3;2;27911878;18962282;88710;139;38
FR;1;2021-07-10;129850;281118;814;1;1;28041728;19243400;89524;140;39
FR;1;2021-07-11;57617;102495;260;0;0;28099345;19345895;89784;140;39
FR;1;2021-07-12;149440;417029;1573;4;0;28248785;19762924;91357;144;39
FR;1;2021-07-13;234040;439488;1804;8;2;28482825;20202412;93161;152;41
FR;1;2021-07-14;171703;151552;416;0;0;28654528;20353964;93577;152;41
FR;1;2021-07-15;279412;424774;1856;1;0;28933940;20778738;95433;153;41
FR;1;2021-07-16;290215;401260;1709;3;1;29224155;21179998;97142;156;42
FR;1;2021-07-17;217258;282120;754;1;0;29441413;21462118;97896;157;42
FR;1;2021-07-18;101955;107313;288;0;0;29543368;21569431;98184;157;42
FR;1;2021-07-19;238043;379302;1495;3;0;29781411;21948733;99679;160;42
FR;1;2021-07-20;305560;380822;1467;0;0;30086971;22329555;101146;160;42
FR;1;2021-07-21;333107;353505;1412;4;2;30420078;22683060;102558;164;44
FR;1;2021-07-22;364429;319359;1501;3;2;30784507;23002419;104059;167;46
FR;1;2021-07-23;348262;343732;1586;4;2;31132769;23346151;105645;171;48
FR;1;2021-07-24;238899;241016;696;1;0;31371668;23587167;106341;172;48
FR;1;2021-07-25;112738;76057;215;0;0;31484406;23663224;106556;172;48
FR;1;2021-07-26;298981;290165;1495;2;2;31783387;23953389;108051;174;50
FR;1;2021-07-27;385682;268803;1457;4;2;32169069;24222192;109508;178;52
FR;1;2021-07-28;390076;251496;1460;4;2;32559145;24473688;110968;182;54
FR;1;2021-07-29;405974;228324;1538;2;1;32965119;24702012;112506;184;55
FR;1;2021-07-30;370570;247057;1633;4;1;33335689;24949069;114139;188;56
FR;1;2021-07-31;243339;165113;793;1;0;33579028;25114182;114932;189;56
FR;1;2021-08-01;105512;47248;232;0;0;33684540;25161430;115164;189;56
FR;1;2021-08-02;296981;213246;1475;2;0;33981521;25374676;116639;191;56
FR;1;2021-08-03;331082;209297;1544;2;1;34312603;25583973;118183;193;57
FR;1;2021-08-04;327745;184384;1436;5;3;34640348;25768357;119619;198;60
FR;1;2021-08-05;301074;193581;1482;0;0;34941422;25961938;121101;198;60
FR;1;2021-08-06;290804;224585;1558;3;1;35232226;26186523;122659;201;61
FR;1;2021-08-07;182572;158830;654;4;3;35414798;26345353;123313;205;64
FR;1;2021-08-08;68832;59138;247;0;0;35483630;26404491;123560;205;64
FR;1;2021-08-09;222608;235990;1437;4;3;35706238;26640481;124997;209;67
FR;1;2021-08-10;252460;240812;1486;2;1;35958698;26881293;126483;211;68
FR;1;2021-08-11;235990;232454;1268;5;1;36194688;27113747;127751;216;69
FR;1;2021-08-12;220555;240274;1482;3;1;36415243;27354021;129233;219;70
FR;1;2021-08-13;201601;238552;1354;2;2;36616844;27592573;130587;221;72
FR;1;2021-08-14;122806;174168;645;0;0;36739650;27766741;131232;221;72
FR;1;2021-08-15;34648;46124;198;1;0;36774298;27812865;131430;222;72
FR;1;2021-08-16;156791;289890;1420;0;0;36931089;28102755;132850;222;72
FR;1;2021-08-17;171488;291653;1419;5;1;37102577;28394408;134269;227;73
FR;1;2021-08-18;161271;287100;1386;6;3;37263848;28681508;135655;233;76
FR;1;2021-08-19;148773;277733;1394;1;0;37412621;28959241;137049;234;76
FR;1;2021-08-20;140370;308753;1522;2;2;37552991;29267994;138571;236;78
FR;1;2021-08-21;84219;213260;586;0;0;37637210;29481254;139157;236;78
FR;1;2021-08-22;28537;82692;229;0;0;37665747;29563946;139386;236;78
FR;1;2021-08-23;118563;321183;1418;2;1;37784310;29885129;140804;238;79
FR;1;2021-08-24;126567;319919;1597;5;1;37910877;30205048;142401;243;80
FR;1;2021-08-25;121442;306577;1775;8;3;38032319;30511625;144176;251;83
FR;1;2021-08-26;106485;286197;2155;10;1;38138804;30797822;146331;261;84
FR;1;2021-08-27;107565;321233;2299;8;3;38246369;31119055;148630;269;87
FR;1;2021-08-28;70946;220684;1100;0;0;38317315;31339739;149730;269;87
FR;1;2021-08-29;24130;78143;464;1;0;38341445;31417882;150194;270;87
FR;1;2021-08-30;96798;286566;4307;6;5159;38438243;31704448;154501;276;5246
FR;1;2021-08-31;98028;276497;9270;14;10179;38536271;31980945;163771;290;15425
FR;1;2021-09-01;111660;245359;21092;7;22052;38647931;32226304;184863;297;37477
FR;1;2021-09-02;84517;198010;24519;11;25418;38732448;32424314;209382;308;62895
FR;1;2021-09-03;82142;227640;26940;20;27969;38814590;32651954;236322;328;90864
FR;1;2021-09-04;71509;189709;11138;11;11639;38886099;32841663;247460;339;102503
FR;1;2021-09-05;18588;41191;4120;2;4287;38904687;32882854;251580;341;106790
FR;1;2021-09-06;59405;151637;30167;15;31099;38964092;33034491;281747;356;137889
FR;1;2021-09-07;57083;139713;30197;27;31089;39021175;33174204;311944;383;168978
FR;1;2021-09-08;70595;173867;26913;20;27831;39091770;33348071;338857;403;196809
FR;1;2021-09-09;53745;124519;28590;23;29612;39145515;33472590;367447;426;226421
FR;1;2021-09-10;65580;152072;30424;22;31536;39211095;33624662;397871;448;257957
FR;1;2021-09-11;52079;146607;9719;14;10255;39263174;33771269;407590;462;268212
FR;1;2021-09-12;10739;29243;2481;2;2631;39273913;33800512;410071;464;270843
FR;1;2021-09-13;51307;104590;38719;27;39824;39325220;33905102;448790;491;310667
FR;1;2021-09-14;53126;96077;51240;65;52775;39378346;34001179;500030;556;363442
FR;1;2021-09-15;60299;139279;50442;55;46932;39438645;34140458;550472;611;410374
FR;1;2021-09-16;46494;81421;53275;72;49442;39485139;34221879;603747;683;459816
FR;1;2021-09-17;53061;109391;45032;60;42614;39538200;34331270;648779;743;502430
FR;1;2021-09-18;37815;118464;11789;19;11249;39576015;34449734;660568;762;513679
FR;1;2021-09-19;6472;21027;2034;1;1971;39582487;34470761;662602;763;515650
FR;1;2021-09-20;36406;74906;46156;66;44054;39618893;34545667;708758;829;559704
FR;1;2021-09-21;34101;68164;56191;71;52546;39652994;34613831;764949;900;612250
FR;1;2021-09-22;38708;118470;49807;77;46767;39691702;34732301;814756;977;659017
FR;1;2021-09-23;31886;62812;54439;87;50753;39723588;34795113;869195;1064;709770
FR;1;2021-09-24;36653;89979;43622;92;41847;39760241;34885092;912817;1156;751617
FR;1;2021-09-25;27613;96560;12296;27;12156;39787854;34981652;925113;1183;763773
FR;1;2021-09-26;4354;15203;1769;5;1695;39792208;34996855;926882;1188;765468
FR;1;2021-09-27;27294;60226;42872;89;41541;39819502;35057081;969754;1277;807009
FR;1;2021-09-28;26832;49415;47133;75;44306;39846334;35106496;1016887;1352;851315
FR;1;2021-09-29;35811;80396;47232;87;45498;39882145;35186892;1064119;1439;896813
FR;1;2021-09-30;25940;46712;47466;79;45321;39908085;35233604;1111585;1518;942134
FR;1;2021-10-01;46915;64847;44847;83;44389;39955000;35298451;1156432;1601;986523
FR;1;2021-10-02;32294;62297;16097;32;16289;39987294;35360748;1172529;1633;1002812
FR;1;2021-10-03;4309;8585;2027;3;2022;39991603;35369333;1174556;1636;1004834
FR;1;2021-10-04;28636;44401;47075;79;46881;40020239;35413734;1221631;1715;1051715
FR;1;2021-10-05;24105;41609;49817;116;49149;40044344;35455343;1271448;1831;1100864
FR;1;2021-10-06;34250;61247;57432;102;57097;40078594;35516590;1328880;1933;1157961
FR;1;2021-10-07;20878;39746;52977;75;51795;40099472;35556336;1381857;2008;1209756
FR;1;2021-10-08;34797;59541;60344;83;61021;40134269;35615877;1442201;2091;1270777
FR;1;2021-10-09;27390;47928;25464;29;25961;40161659;35663805;1467665;2120;1296738
FR;1;2021-10-10;3583;5764;2746;7;2846;40165242;35669569;1470411;2127;1299584
FR;1;2021-10-11;24635;38155;54557;88;55166;40189877;35707724;1524968;2215;1354750
FR;1;2021-10-12;22988;36564;58013;126;59065;40212865;35744288;1582981;2341;1413815
FR;1;2021-10-13;32740;47747;64138;124;65586;40245605;35792035;1647119;2465;1479401
FR;1;2021-10-14;21557;34698;53712;103;54263;40267162;35826733;1700831;2568;1533664
FR;1;2021-10-15;32509;48714;72286;165;74890;40299671;35875447;1773117;2733;1608554
FR;1;2021-10-16;25931;35255;34853;44;36380;40325602;35910702;1807970;2777;1644934
FR;1;2021-10-17;3093;4064;3404;2;3314;40328695;35914766;1811374;2779;1648248
FR;1;2021-10-18;22906;34902;66796;131;69638;40351601;35949668;1878170;2910;1717886
FR;1;2021-10-19;20511;33613;75619;136;79501;40372112;35983281;1953789;3046;1797387
FR;1;2021-10-20;29764;44109;96127;177;99717;40401876;36027390;2049916;3223;1897104
FR;1;2021-10-21;19509;35054;83104;107;86951;40421385;36062444;2133020;3330;1984055
FR;1;2021-10-22;29492;47512;103680;195;109539;40450877;36109956;2236700;3525;2093594
FR;1;2021-10-23;22969;35133;44843;57;47341;40473846;36145089;2281543;3582;2140935
FR;1;2021-10-24;2372;3862;3578;6;3733;40476218;36148951;2285121;3588;2144668
FR;1;2021-10-25;22375;30788;81976;143;85734;40498593;36179739;2367097;3731;2230402
FR;1;2021-10-26;19288;27639;86049;162;90249;40517881;36207378;2453146;3893;2320651
FR;1;2021-10-27;26110;39656;107739;252;112566;40543991;36247034;2560885;4145;2433217
FR;1;2021-10-28;18514;27015;86884;151;91553;40562505;36274049;2647769;4296;2524770
FR;1;2021-10-29;25844;39936;114770;200;121473;40588349;36313985;2762539;4496;2646243
FR;1;2021-10-30;17632;28558;49330;75;51896;40605981;36342543;2811869;4571;2698139
FR;1;2021-10-31;2051;3212;3442;2;3678;40608032;36345755;2815311;4573;2701817
FR;1;2021-11-01;7642;4171;3015;3;3260;40615674;36349926;2818326;4576;2705077
FR;1;2021-11-02;21708;33180;92322;157;97640;40637382;36383106;2910648;4733;2802717
FR;1;2021-11-03;26180;41438;117415;215;123743;40663562;36424544;3028063;4948;2926460
FR;1;2021-11-04;19426;30267;105715;213;111792;40682988;36454811;3133778;5161;3038252
FR;1;2021-11-05;26822;42232;138692;227;147248;40709810;36497043;3272470;5388;3185500
FR;1;2021-11-06;18751;29827;63428;123;66388;40728561;36526870;3335898;5511;3251888
FR;1;2021-11-07;1785;3363;4946;6;5289;40730346;36530233;3340844;5517;3257177
FR;1;2021-11-08;17451;32284;125890;224;132418;40747797;36562517;3466734;5741;3389595
FR;1;2021-11-09;19133;37713;159192;335;168882;40766930;36600230;3625926;6076;3558477
FR;1;2021-11-10;28522;49040;181795;440;192303;40795452;36649270;3807721;6516;3750780
FR;1;2021-11-11;3648;5786;12177;26;12985;40799100;36655056;3819898;6542;3763765
FR;1;2021-11-12;25903;46871;174726;242;186313;40825003;36701927;3994624;6784;3950078
FR;1;2021-11-13;18651;29243;76787;111;81722;40843654;36731170;4071411;6895;4031800
FR;1;2021-11-14;2005;3337;6809;5;7384;40845659;36734507;4078220;6900;4039184
FR;1;2021-11-15;18499;34878;156306;303;166056;40864158;36769385;4234526;7203;4205240
FR;1;2021-11-16;20936;37866;191977;377;204718;40885094;36807251;4426503;7580;4409958
FR;1;2021-11-17;28391;45734;193132;399;204896;40913485;36852985;4619635;7979;4614854
FR;1;2021-11-18;20977;38290;182362;457;194317;40934462;36891275;4801997;8436;4809171
FR;1;2021-11-19;30740;53358;230112;529;246511;40965202;36944633;5032109;8965;5055682
FR;1;2021-11-20;23637;33268;96933;201;103562;40988839;36977901;5129042;9166;5159244
FR;1;2021-11-21;2311;4028;9090;18;9971;40991150;36981929;5138132;9184;5169215
FR;1;2021-11-22;21312;30417;175775;465;189275;41012462;37012346;5313907;9649;5358490
FR;1;2021-11-23;23815;41114;221061;538;237724;41036277;37053460;5534968;10187;5596214
FR;1;2021-11-24;30219;49709;217243;702;234335;41066496;37103169;5752211;10889;5830549
FR;1;2021-11-25;23448;43891;244325;719;263879;41089944;37147060;5996536;11608;6094428
FR;1;2021-11-26;30555;66551;356640;831;388353;41120499;37213611;6353176;12439;6482781
FR;1;2021-11-27;21698;45324;202535;372;222505;41142197;37258935;6555711;12811;6705286
FR;1;2021-11-28;3134;9689;54745;63;61033;41145331;37268624;6610456;12874;6766319
FR;1;2021-11-29;17840;49466;326244;841;354194;41163171;37318090;6936700;13715;7120513
FR;1;2021-11-30;22658;64957;430995;948;470568;41185829;37383047;7367695;14663;7591081
FR;1;2021-12-01;24556;69312;442716;1130;481534;41210385;37452359;7810411;15793;8072615
FR;1;2021-12-02;19884;64340;489230;1225;532662;41230269;37516699;8299641;17018;8605277
FR;1;2021-12-03;22753;81748;542584;1304;591537;41253022;37598447;8842225;18322;9196814
FR;1;2021-12-04;16355;53903;299006;653;328832;41269377;37652350;9141231;18975;9525646
FR;1;2021-12-05;3621;13909;81490;143;91057;41272998;37666259;9222721;19118;9616703
FR;1;2021-12-06;18128;62758;415284;1063;454987;41291126;37729017;9638005;20181;10071690
FR;1;2021-12-07;19714;75788;522776;1531;572362;41310840;37804805;10160781;21712;10644052
FR;1;2021-12-08;21491;75572;458195;1543;501889;41332331;37880377;10618976;23255;11145941
FR;1;2021-12-09;19348;74002;492730;1625;540578;41351679;37954379;11111706;24880;11686519
FR;1;2021-12-10;22768;87585;547225;1583;599813;41374447;38041964;11658931;26463;12286332
FR;1;2021-12-11;16500;58995;302661;746;335410;41390947;38100959;11961592;27209;12621742
FR;1;2021-12-12;4338;15986;83171;179;94075;41395285;38116945;12044763;27388;12715817
FR;1;2021-12-13;15414;63777;366796;1094;406164;41410699;38180722;12411559;28482;13121981
FR;1;2021-12-14;20169;80222;464517;1738;515000;41430868;38260944;12876076;30220;13636981
FR;1;2021-12-15;21305;77352;408889;1308;452950;41452173;38338296;13284965;31528;14089931
FR;1;2021-12-16;19870;77320;451645;1574;500428;41472043;38415616;13736610;33102;14590359
FR;1;2021-12-17;22459;86681;479761;1733;530891;41494502;38502297;14216371;34835;15121250
FR;1;2021-12-18;17576;54681;257544;730;288461;41512078;38556978;14473915;35565;15409711
FR;1;2021-12-19;5537;17133;79125;194;90749;41517615;38574111;14553040;35759;15500460
FR;1;2021-12-20;20752;63071;316071;1081;355134;41538367;38637182;14869111;36840;15855594
FR;1;2021-12-21;26060;73153;372597;1420;417945;41564427;38710335;15241708;38260;16273539
FR;1;2021-12-22;24864;65888;310491;1215;349455;41589291;38776223;15552199;39475;16622994
FR;1;2021-12-23;21210;52312;241368;953;272966;41610501;38828535;15793567;40428;16895960
FR;1;2021-12-24;7088;18239;67096;256;77023;41617589;38846774;15860663;40684;16972983
FR;1;2021-12-25;497;2765;5566;15;6530;41618086;38849539;15866229;40699;16979513
FR;1;2021-12-26;2749;7601;26918;70;31443;41620835;38857140;15893147;40769;17010956
FR;1;2021-12-27;18060;53483;235004;707;265683;41638895;38910623;16128151;41476;17276639
FR;1;2021-12-28;23201;61896;291930;1024;330111;41662096;38972519;16420081;42500;17606750
FR;1;2021-12-29;22170;55475;254896;918;288119;41684266;39027994;16674977;43418;17894869
FR;1;2021-12-30;21197;46196;212076;857;239541;41705463;39074190;16887053;44275;18134410
FR;1;2021-12-31;7329;16605;61824;229;70356;41712792;39090795;16948877;44504;18204766
FR;1;2022-01-01;803;2471;5640;29;6573;41713595;39093266;16954517;44533;18211339
FR;1;2022-01-02;3037;8072;28859;50;33516;41716632;39101338;16983376;44583;18244855
FR;1;2022-01-03;19422;53460;228078;784;257443;41736054;39154798;17211454;45367;18502298
FR;1;2022-01-04;24694;64674;299124;1234;337143;41760748;39219472;17510578;46601;18839441
FR;1;2022-01-05;29361;63667;274746;1098;310065;41790109;39283139;17785324;47699;19149506
FR;1;2022-01-06;26397;65876;306774;1395;346407;41816506;39349015;18092098;49094;19495913
FR;1;2022-01-07;31204;74498;349722;1536;393784;41847710;39423513;18441820;50630;19889697
FR;1;2022-01-08;23306;51375;222451;695;251092;41871016;39474888;18664271;51325;20140789
FR;1;2022-01-09;7072;17207;66002;163;76151;41878088;39492095;18730273;51488;20216940
FR;1;2022-01-10;21290;54105;236668;951;266941;41899378;39546200;18966941;52439;20483881
FR;1;2022-01-11;26394;62690;282169;1276;317693;41925772;39608890;19249110;53715;20801574
FR;1;2022-01-12;28582;61972;246125;1103;277885;41954354;39670862;19495235;54818;21079459
FR;1;2022-01-13;24324;59772;262673;1252;296026;41978678;39730634;19757908;56070;21375485
FR;1;2022-01-14;27722;66481;313874;1364;351149;42006400;39797115;20071782;57434;21726634
FR;1;2022-01-15;19246;44285;199250;618;223819;42025646;39841400;20271032;58052;21950453
FR;1;2022-01-16;5132;12995;51490;135;59571;42030778;39854395;20322522;58187;22010024
FR;1;2022-01-17;16702;39608;184760;779;206815;42047480;39894003;20507282;58966;22216839
FR;1;2022-01-18;19210;45490;212322;1150;236943;42066690;39939493;20719604;60116;22453782
FR;1;2022-01-19;20087;43805;176008;895;197135;42086777;39983298;20895612;61011;22650917
FR;1;2022-01-20;16547;40282;183549;1136;204623;42103324;40023580;21079161;62147;22855540
FR;1;2022-01-21;19681;46938;228860;1401;253277;42123005;40070518;21308021;63548;23108817
FR;1;2022-01-22;13825;33116;144456;578;161354;42136830;40103634;21452477;64126;23270171
FR;1;2022-01-23;3340;8817;33397;130;38331;42140170;40112451;21485874;64256;23308502
FR;1;2022-01-24;11715;32530;142141;706;158227;42151885;40144981;21628015;64962;23466729
FR;1;2022-01-25;14074;37782;163320;1049;181507;42165959;40182763;21791335;66011;23648236
FR;1;2022-01-26;14795;37069;150174;930;166223;42180754;40219832;21941509;66941;23814459
FR;1;2022-01-27;12265;32626;143362;881;157826;42193019;40252458;22084871;67822;23972285
FR;1;2022-01-28;16200;53802;198218;1143;222446;42209219;40306260;22283089;68965;24194731
FR;1;2022-01-29;10254;35434;135166;522;151540;42219473;40341694;22418255;69487;24346271
FR;1;2022-01-30;2473;9326;29660;86;34465;42221946;40351020;22447915;69573;24380736
FR;1;2022-01-31;8713;32313;104284;530;117379;42230659;40383333;22552199;70103;24498115
FR;1;2022-02-01;10052;36139;127001;862;141199;42240711;40419472;22679200;70965;24639314
FR;1;2022-02-02;11145;40930;130269;779;145806;42251856;40460402;22809469;71744;24785120
FR;1;2022-02-03;8683;33204;116928;780;130323;42260539;40493606;22926397;72524;24915443
FR;1;2022-02-04;11350;48034;172500;965;192770;42271889;40541640;23098897;73489;25108213
FR;1;2022-02-05;7701;33917;117540;391;133046;42279590;40575557;23216437;73880;25241259
FR;1;2022-02-06;1688;8065;22731;83;26906;42281278;40583622;23239168;73963;25268165
FR;1;2022-02-07;6988;35303;119022;450;134958;42288266;40618925;23358190;74413;25403123
FR;1;2022-02-08;7528;31426;125586;693;140553;42295794;40650351;23483776;75106;25543676
FR;1;2022-02-09;8401;35901;135192;692;152392;42304195;40686252;23618968;75798;25696068
FR;1;2022-02-10;6530;29075;116270;673;129997;42310725;40715327;23735238;76471;25826065
FR;1;2022-02-11;8525;41238;165047;874;185246;42319250;40756565;23900285;77345;26011311
FR;1;2022-02-12;5282;27512;106665;378;120835;42324532;40784077;24006950;77723;26132146
FR;1;2022-02-13;1217;5691;21702;61;25313;42325749;40789768;24028652;77784;26157459
FR;1;2022-02-14;5344;27025;118017;387;133033;42331093;40816793;24146669;78171;26290492
FR;1;2022-02-15;5565;27986;118813;609;132389;42336658;40844779;24265482;78780;26422881
FR;1;2022-02-16;5624;27955;110352;593;122941;42342282;40872734;24375834;79373;26545822
FR;1;2022-02-17;4385;18969;73075;486;80114;42346667;40891703;24448909;79859;26625936
FR;1;2022-02-18;5476;26341;99121;668;108049;42352143;40918044;24548030;80527;26733985
FR;1;2022-02-19;3523;17068;59451;303;66022;42355666;40935112;24607481;80830;26800007
FR;1;2022-02-20;778;3217;10682;35;12303;42356444;40938329;24618163;80865;26812310
FR;1;2022-02-21;3343;14447;52782;286;57623;42359787;40952776;24670945;81151;26869933
FR;1;2022-02-22;3695;15319;51857;496;55575;42363482;40968095;24722802;81647;26925508
FR;1;2022-02-23;4147;17525;57432;508;62522;42367629;40985620;24780234;82155;26988030
FR;1;2022-02-24;3216;12632;43548;433;46315;42370845;40998252;24823782;82588;27034345
FR;1;2022-02-25;4354;19308;64819;693;68672;42375199;41017560;24888601;83281;27103017
FR;1;2022-02-26;2673;12511;41335;307;45086;42377872;41030071;24929936;83588;27148103
FR;1;2022-02-27;636;2166;7113;42;7978;42378508;41032237;24937049;83630;27156081
FR;1;2022-02-28;2552;9990;34906;300;37326;42381060;41042227;24971955;83930;27193407
FR;1;2022-03-01;2656;10269;38618;389;39524;42383716;41052496;25010573;84319;27232931
FR;1;2022-03-02;3395;11768;41783;389;43825;42387111;41064264;25052356;84708;27276756
FR;1;2022-03-03;2273;7354;26080;298;26385;42389384;41071618;25078436;85006;27303141
FR;1;2022-03-04;2637;10137;35379;574;34850;42392021;41081755;25113815;85580;27337991
FR;1;2022-03-05;1653;6279;21932;277;22318;42393674;41088034;25135747;85857;27360309
FR;1;2022-03-06;346;934;2913;37;3110;42394020;41088968;25138660;85894;27363419
FR;1;2022-03-07;1342;4523;16394;244;15848;42395362;41093491;25155054;86138;27379267
FR;1;2022-03-08;1503;5028;17098;304;15916;42396865;41098519;25172152;86442;27395183
FR;1;2022-03-09;1842;6332;19738;365;19088;42398707;41104851;25191890;86807;27414271
FR;1;2022-03-10;1272;4128;15160;303;14160;42399979;41108979;25207050;87110;27428431
FR;1;2022-03-11;1686;6093;21652;479;19796;42401665;41115072;25228702;87589;27448227
FR;1;2022-03-12;1222;4582;15338;274;14881;42402887;41119654;25244040;87863;27463108
FR;1;2022-03-13;239;599;2085;115;2031;42403126;41120253;25246125;87978;27465139
FR;1;2022-03-14;1049;3497;13332;3873;12456;42404175;41123750;25259457;91851;27477595
FR;1;2022-03-15;1234;3773;14481;6859;12955;42405409;41127523;25273938;98710;27490550
FR;1;2022-03-16;1584;4651;17266;11512;16311;42406993;41132174;25291204;110222;27506861
FR;1;2022-03-17;1079;3075;11641;9637;10730;42408072;41135249;25302845;119859;27517591
FR;1;2022-03-18;1647;4636;17869;16475;16295;42409719;41139885;25320714;136334;27533886
FR;1;2022-03-19;1103;3162;11856;8447;11324;42410822;41143047;25332570;144781;27545210
FR;1;2022-03-20;212;525;1685;1002;1716;42411034;41143572;25334255;145783;27546926
FR;1;2022-03-21;1030;2659;11433;13438;10779;42412064;41146231;25345688;159221;27557705
FR;1;2022-03-22;1157;3012;12182;18676;11166;42413221;41149243;25357870;177897;27568871
FR;1;2022-03-23;1451;4021;15310;20077;14926;42414672;41153264;25373180;197974;27583797
FR;1;2022-03-24;1049;2475;10261;16001;9513;42415721;41155739;25383441;213975;27593310
FR;1;2022-03-25;1484;3957;16594;25269;15251;42417205;41159696;25400035;239244;27608561
FR;1;2022-03-26;1091;2823;10804;11423;10462;42418296;41162519;25410839;250667;27619023
FR;1;2022-03-27;227;534;1714;1373;1766;42418523;41163053;25412553;252040;27620789
FR;1;2022-03-28;1023;2304;9882;15812;9461;42419546;41165357;25422435;267852;27630250
FR;1;2022-03-29;1100;2682;11453;24989;10792;42420646;41168039;25433888;292841;27641042
FR;1;2022-03-30;1575;3437;14043;24049;13551;42422221;41171476;25447931;316890;27654593
FR;1;2022-03-31;1247;2539;11241;22475;10733;42423468;41174015;25459172;339365;27665326
FR;1;2022-04-01;1597;3665;18260;28363;17115;42425065;41177680;25477432;367728;27682441
FR;1;2022-04-02;855;1838;8122;9187;7871;42425920;41179518;25485554;376915;27690312
FR;1;2022-04-03;176;357;1420;1055;1419;42426096;41179875;25486974;377970;27691731
FR;1;2022-04-04;993;2070;10925;17471;10285;42427089;41181945;25497899;395441;27702016
FR;1;2022-04-05;1216;2433;12736;30913;11753;42428305;41184378;25510635;426354;27713769
FR;1;2022-04-06;1279;2646;11801;23573;11218;42429584;41187024;25522436;449927;27724987
FR;1;2022-04-07;1102;2435;12029;30544;11501;42430686;41189459;25534465;480471;27736488
FR;1;2022-04-08;1529;3403;17286;40036;16188;42432215;41192862;25551751;520507;27752676
FR;1;2022-04-09;784;1955;8323;12443;8019;42432999;41194817;25560074;532950;27760695
FR;1;2022-04-10;171;442;1792;1827;1824;42433170;41195259;25561866;534777;27762519
FR;1;2022-04-11;914;2044;10464;21986;10191;42434084;41197303;25572330;556763;27772710
FR;1;2022-04-12;1160;2336;12450;37347;11940;42435244;41199639;25584780;594110;27784650
FR;1;2022-04-13;1124;2521;11616;29882;11328;42436368;41202160;25596396;623992;27795978
FR;1;2022-04-14;1129;2221;11328;32774;11287;42437497;41204381;25607724;656766;27807265
FR;1;2022-04-15;1351;2627;13485;32661;12826;42438848;41207008;25621209;689427;27820091
FR;1;2022-04-16;633;1370;5665;7940;5589;42439481;41208378;25626874;697367;27825680
FR;1;2022-04-17;143;263;917;1065;954;42439624;41208641;25627791;698432;27826634
FR;1;2022-04-18;95;243;1269;943;1301;42439719;41208884;25629060;699375;27827935
FR;1;2022-04-19;1152;2411;11002;27221;10605;42440871;41211295;25640062;726596;27838540
FR;1;2022-04-20;1218;2380;10681;26075;10496;42442089;41213675;25650743;752671;27849036
FR;1;2022-04-21;1176;2249;10633;32024;10754;42443265;41215924;25661376;784695;27859790
FR;1;2022-04-22;1424;2767;13237;34523;12820;42444689;41218691;25674613;819218;27872610
FR;1;2022-04-23;700;1472;6106;9762;6017;42445389;41220163;25680719;828980;27878627
FR;1;2022-04-24;179;336;1274;1464;1232;42445568;41220499;25681993;830444;27879859
FR;1;2022-04-25;943;1851;8017;18842;7895;42446511;41222350;25690010;849286;27887754
FR;1;2022-04-26;1229;2434;11541;34887;11052;42447740;41224784;25701551;884173;27898806
FR;1;2022-04-27;1215;2262;9823;27346;9838;42448955;41227046;25711374;911519;27908644
FR;1;2022-04-28;1162;2099;10128;31711;9926;42450117;41229145;25721502;943230;27918570
FR;1;2022-04-29;1471;2653;12792;33242;12175;42451588;41231798;25734294;976472;27930745
FR;1;2022-04-30;725;1288;5594;8695;5420;42452313;41233086;25739888;985167;27936165
FR;1;2022-05-01;113;218;665;769;676;42452426;41233304;25740553;985936;27936841
FR;2;2020-12-27;0;0;0;0;0;0;0;0;0;0
FR;2;2020-12-28;0;0;0;0;0;0;0;0;0;0
FR;2;2020-12-29;0;0;0;0;0;0;0;0;0;0
FR;2;2020-12-30;0;0;0;0;0;0;0;0;0;0
FR;2;2020-12-31;0;0;0;0;0;0;0;0;0;0
FR;2;2021-01-01;0;0;0;0;0;0;0;0;0;0
FR;2;2021-01-02;0;0;0;0;0;0;0;0;0;0
FR;2;2021-01-03;0;0;0;0;0;0;0;0;0;0
FR;2;2021-01-04;0;0;0;0;0;0;0;0;0;0
FR;2;2021-01-05;0;0;0;0;0;0;0;0;0;0
FR;2;2021-01-06;0;0;0;0;0;0;0;0;0;0
FR;2;2021-01-07;0;0;0;0;0;0;0;0;0;0
FR;2;2021-01-08;0;0;0;0;0;0;0;0;0;0
FR;2;2021-01-09;0;0;0;0;0;0;0;0;0;0
FR;2;2021-01-10;0;0;0;0;0;0;0;0;0;0
FR;2;2021-01-11;0;0;0;0;0;0;0;0;0;0
FR;2;2021-01-12;0;0;0;0;0;0;0;0;0;0
FR;2;2021-01-13;0;0;0;0;0;0;0;0;0;0
FR;2;2021-01-14;1695;0;0;0;0;1695;0;0;0;0
FR;2;2021-01-15;393;0;0;0;0;2088;0;0;0;0
FR;2;2021-01-16;314;0;0;0;0;2402;0;0;0;0
FR;2;2021-01-17;80;0;0;0;0;2482;0;0;0;0
FR;2;2021-01-18;3073;1;0;0;0;5555;1;0;0;0
FR;2;2021-01-19;4675;0;0;0;0;10230;1;0;0;0
FR;2;2021-01-20;5135;4;0;0;0;15365;5;0;0;0
FR;2;2021-01-21;5336;7;0;0;0;20701;12;0;0;0
FR;2;2021-01-22;5115;3;0;0;0;25816;15;0;0;0
FR;2;2021-01-23;1864;0;0;0;0;27680;15;0;0;0
FR;2;2021-01-24;160;1;0;0;0;27840;16;0;0;0
FR;2;2021-01-25;3811;3;0;0;0;31651;19;0;0;0
FR;2;2021-01-26;3916;1;0;0;0;35567;20;0;0;0
FR;2;2021-01-27;3597;1;0;0;0;39164;21;0;0;0
FR;2;2021-01-28;3745;5;0;0;0;42909;26;0;0;0
FR;2;2021-01-29;3291;2;0;0;0;46200;28;0;0;0
FR;2;2021-01-30;1130;1;0;0;0;47330;29;0;0;0
FR;2;2021-01-31;45;1;0;0;0;47375;30;0;0;0
FR;2;2021-02-01;3399;2;0;0;0;50774;32;0;0;0
FR;2;2021-02-02;4487;9;0;0;0;55261;41;0;0;0
FR;2;2021-02-03;5216;6;0;0;0;60477;47;0;0;0
FR;2;2021-02-04;4928;9;0;0;0;65405;56;0;0;0
FR;2;2021-02-05;4810;13;0;0;0;70215;69;0;0;0
FR;2;2021-02-06;2037;10;0;0;0;72252;79;0;0;0
FR;2;2021-02-07;99;4;0;0;0;72351;83;0;0;0
FR;2;2021-02-08;7552;19;0;0;0;79903;102;0;0;0
FR;2;2021-02-09;8420;25;0;0;0;88323;127;0;0;0
FR;2;2021-02-10;9335;56;0;0;0;97658;183;0;0;0
FR;2;2021-02-11;10275;92;0;0;0;107933;275;0;0;0
FR;2;2021-02-12;10050;258;0;0;0;117983;533;0;0;0
FR;2;2021-02-13;3117;225;0;0;0;121100;758;0;0;0
FR;2;2021-02-14;351;7;0;0;0;121451;765;0;0;0
FR;2;2021-02-15;3454;3089;0;0;0;124905;3854;0;0;0
FR;2;2021-02-16;5064;4001;0;0;0;129969;7855;0;0;0
FR;2;2021-02-17;4251;4455;0;0;0;134220;12310;0;0;0
FR;2;2021-02-18;5399;5112;0;0;0;139619;17422;0;0;0
FR;2;2021-02-19;5323;4383;0;0;0;144942;21805;0;0;0
FR;2;2021-02-20;1866;1507;0;0;0;146808;23312;0;0;0
FR;2;2021-02-21;242;87;0;0;0;147050;23399;0;0;0
FR;2;2021-02-22;3610;3737;0;0;0;150660;27136;0;0;0
FR;2;2021-02-23;4951;3692;0;0;0;155611;30828;0;0;0
FR;2;2021-02-24;5007;3481;0;0;0;160618;34309;0;0;0
FR;2;2021-02-25;5481;3449;0;0;0;166099;37758;0;0;0
FR;2;2021-02-26;4355;3143;0;0;0;170454;40901;0;0;0
FR;2;2021-02-27;1623;1051;0;0;0;172077;41952;0;0;0
FR;2;2021-02-28;176;28;0;0;0;172253;41980;0;0;0
FR;2;2021-03-01;5174;3727;0;0;0;177427;45707;0;0;0
FR;2;2021-03-02;6527;4720;0;0;0;183954;50427;0;0;0
FR;2;2021-03-03;6531;4912;0;0;0;190485;55339;0;0;0
FR;2;2021-03-04;8394;4029;0;0;0;198879;59368;0;0;0
FR;2;2021-03-05;8024;4059;0;0;0;206903;63427;0;0;0
FR;2;2021-03-06;4783;1685;0;0;0;211686;65112;0;0;0
FR;2;2021-03-07;2371;31;0;0;0;214057;65143;0;0;0
FR;2;2021-03-08;4164;8322;0;0;0;218221;73465;0;0;0
FR;2;2021-03-09;7484;8475;1;0;0;225705;81940;1;0;0
FR;2;2021-03-10;7097;9124;0;0;0;232802;91064;1;0;0
FR;2;2021-03-11;9372;9216;1;0;0;242174;100280;2;0;0
FR;2;2021-03-12;7970;8207;0;0;0;250144;108487;2;0;0
FR;2;2021-03-13;10045;2542;0;0;0;260189;111029;2;0;0
FR;2;2021-03-14;4838;404;0;0;0;265027;111433;2;0;0
FR;2;2021-03-15;10904;3497;0;0;0;275931;114930;2;0;0
FR;2;2021-03-16;16756;4642;1;0;0;292687;119572;3;0;0
FR;2;2021-03-17;20220;3968;0;0;0;312907;123540;3;0;0
FR;2;2021-03-18;23363;4940;0;0;0;336270;128480;3;0;0
FR;2;2021-03-19;23295;4554;0;0;0;359565;133034;3;0;0
FR;2;2021-03-20;25441;1553;0;0;0;385006;134587;3;0;0
FR;2;2021-03-21;17668;148;0;0;0;402674;134735;3;0;0
FR;2;2021-03-22;17783;3120;0;0;0;420457;137855;3;0;0
FR;2;2021-03-23;22684;4197;0;0;0;443141;142052;3;0;0
FR;2;2021-03-24;23955;5009;0;0;0;467096;147061;3;0;0
FR;2;2021-03-25;26736;5075;1;0;0;493832;152136;4;0;0
FR;2;2021-03-26;26974;4200;0;0;0;520806;156336;4;0;0
FR;2;2021-03-27;15915;1340;0;0;0;536721;157676;4;0;0
FR;2;2021-03-28;10561;112;0;0;0;547282;157788;4;0;0
FR;2;2021-03-29;18982;4286;0;0;0;566264;162074;4;0;0
FR;2;2021-03-30;24574;6024;0;0;0;590838;168098;4;0;0
FR;2;2021-03-31;28551;5937;0;0;0;619389;174035;4;0;0
FR;2;2021-04-01;34546;8489;1;0;0;653935;182524;5;0;0
FR;2;2021-04-02;29975;7670;0;0;0;683910;190194;5;0;0
FR;2;2021-04-03;16952;3704;0;0;0;700862;193898;5;0;0
FR;2;2021-04-04;9305;983;2;0;0;710167;194881;7;0;0
FR;2;2021-04-05;12437;807;0;0;0;722604;195688;7;0;0
FR;2;2021-04-06;27140;7001;0;0;0;749744;202689;7;0;0
FR;2;2021-04-07;30924;7153;1;0;0;780668;209842;8;0;0
FR;2;2021-04-08;36878;8755;1;0;0;817546;218597;9;0;0
FR;2;2021-04-09;33829;8562;28;0;0;851375;227159;37;0;0
FR;2;2021-04-10;19677;9027;1;0;0;871052;236186;38;0;0
FR;2;2021-04-11;7941;4255;1;0;0;878993;240441;39;0;0
FR;2;2021-04-12;17121;11165;0;0;0;896114;251606;39;0;0
FR;2;2021-04-13;19447;16251;1;0;0;915561;267857;40;0;0
FR;2;2021-04-14;18058;16274;7;0;0;933619;284131;47;0;0
FR;2;2021-04-15;22184;20834;26;0;0;955803;304965;73;0;0
FR;2;2021-04-16;20704;20102;45;0;0;976507;325067;118;0;0
FR;2;2021-04-17;13251;22433;5;0;0;989758;347500;123;0;0
FR;2;2021-04-18;5906;14389;6;0;0;995664;361889;129;0;0
FR;2;2021-04-19;16829;16262;24;0;0;1012493;378151;153;0;0
FR;2;2021-04-20;19313;21577;38;0;0;1031806;399728;191;0;0
FR;2;2021-04-21;20281;21683;76;0;0;1052087;421411;267;0;0
FR;2;2021-04-22;23808;24852;41;0;0;1075895;446263;308;0;0
FR;2;2021-04-23;24512;25347;76;0;0;1100407;471610;384;0;0
FR;2;2021-04-24;25300;15099;103;0;0;1125707;486709;487;0;0
FR;2;2021-04-25;9592;8594;5;0;0;1135299;495303;492;0;0
FR;2;2021-04-26;17157;17224;21;0;0;1152456;512527;513;0;0
FR;2;2021-04-27;19239;24260;40;0;0;1171695;536787;553;0;0
FR;2;2021-04-28;22331;26200;112;0;0;1194026;562987;665;0;0
FR;2;2021-04-29;25466;30135;69;0;0;1219492;593122;734;0;0
FR;2;2021-04-30;25529;27743;49;1;0;1245021;620865;783;1;0
FR;2;2021-05-01;14980;9873;6;0;0;1260001;630738;789;1;0
FR;2;2021-05-02;6635;9173;2;0;0;1266636;639911;791;1;0
FR;2;2021-05-03;20012;19260;40;0;0;1286648;659171;831;1;0
FR;2;2021-05-04;18280;29026;33;0;0;1304928;688197;864;1;0
FR;2;2021-05-05;18359;29373;48;0;0;1323287;717570;912;1;0
FR;2;2021-05-06;23537;35229;131;0;0;1346824;752799;1043;1;0
FR;2;2021-05-07;25322;33203;97;0;0;1372146;786002;1140;1;0
FR;2;2021-05-08;21334;9750;14;0;0;1393480;795752;1154;1;0
FR;2;2021-05-09;13161;7858;7;0;0;1406641;803610;1161;1;0
FR;2;2021-05-10;32936;22154;49;0;0;1439577;825764;1210;1;0
FR;2;2021-05-11;43592;21031;101;0;0;1483169;846795;1311;1;0
FR;2;2021-05-12;50036;19869;143;0;0;1533205;866664;1454;1;0
FR;2;2021-05-13;51287;5757;31;0;0;1584492;872421;1485;1;0
FR;2;2021-05-14;61339;12924;132;0;0;1645831;885345;1617;1;0
FR;2;2021-05-15;65921;7138;39;0;0;1711752;892483;1656;1;0
FR;2;2021-05-16;43579;2567;10;0;0;1755331;895050;1666;1;0
FR;2;2021-05-17;44744;12565;113;0;0;1800075;907615;1779;1;0
FR;2;2021-05-18;54633;12235;191;0;0;1854708;919850;1970;1;0
FR;2;2021-05-19;57161;10599;281;0;0;1911869;930449;2251;1;0
FR;2;2021-05-20;63429;10836;286;0;0;1975298;941285;2537;1;0
FR;2;2021-05-21;64284;11643;230;0;0;2039582;952928;2767;1;0
FR;2;2021-05-22;61477;4505;65;0;0;2101059;957433;2832;1;0
FR;2;2021-05-23;37529;570;22;0;0;2138588;958003;2854;1;0
FR;2;2021-05-24;17235;2033;34;0;0;2155823;960036;2888;1;0
FR;2;2021-05-25;21101;12228;239;0;0;2176924;972264;3127;1;0
FR;2;2021-05-26;19931;11448;229;0;0;2196855;983712;3356;1;0
FR;2;2021-05-27;22991;12663;182;0;0;2219846;996375;3538;1;0
FR;2;2021-05-28;29386;14944;190;0;0;2249232;1011319;3728;1;0
FR;2;2021-05-29;30415;8175;57;0;0;2279647;1019494;3785;1;0
FR;2;2021-05-30;4646;1814;6;0;0;2284293;1021308;3791;1;0
FR;2;2021-05-31;28584;18718;183;0;0;2312877;1040026;3974;1;0
FR;2;2021-06-01;45710;20014;223;0;0;2358587;1060040;4197;1;0
FR;2;2021-06-02;37460;19294;181;0;0;2396047;1079334;4378;1;0
FR;2;2021-06-03;51269;23335;161;0;0;2447316;1102669;4539;1;0
FR;2;2021-06-04;65511;24051;215;0;0;2512827;1126720;4754;1;0
FR;2;2021-06-05;34597;24026;51;0;0;2547424;1150746;4805;1;0
FR;2;2021-06-06;4948;6198;10;0;0;2552372;1156944;4815;1;0
FR;2;2021-06-07;28164;23049;146;0;0;2580536;1179993;4961;1;0
FR;2;2021-06-08;46367;22924;143;0;0;2626903;1202917;5104;1;0
FR;2;2021-06-09;34283;20921;107;0;0;2661186;1223838;5211;1;0
FR;2;2021-06-10;42633;19135;95;1;0;2703819;1242973;5306;2;0
FR;2;2021-06-11;55285;25218;134;0;0;2759104;1268191;5440;2;0
FR;2;2021-06-12;30559;19775;53;0;0;2789663;1287966;5493;2;0
FR;2;2021-06-13;3328;9187;13;0;0;2792991;1297153;5506;2;0
FR;2;2021-06-14;25294;24164;92;0;0;2818285;1321317;5598;2;0
FR;2;2021-06-15;39029;22852;154;0;0;2857314;1344169;5752;2;0
FR;2;2021-06-16;30157;21451;134;0;0;2887471;1365620;5886;2;0
FR;2;2021-06-17;36903;25866;150;0;0;2924374;1391486;6036;2;0
FR;2;2021-06-18;46844;28801;122;0;0;2971218;1420287;6158;2;0
FR;2;2021-06-19;24523;24891;39;0;0;2995741;1445178;6197;2;0
FR;2;2021-06-20;3739;10062;10;0;0;2999480;1455240;6207;2;0
FR;2;2021-06-21;17521;42837;87;0;0;3017001;1498077;6294;2;0
FR;2;2021-06-22;28354;49544;110;0;0;3045355;1547621;6404;2;0
FR;2;2021-06-23;21787;49556;106;1;1;3067142;1597177;6510;3;1
FR;2;2021-06-24;28374;50283;133;0;0;3095516;1647460;6643;3;1
FR;2;2021-06-25;33395;60390;127;0;0;3128911;1707850;6770;3;1
FR;2;2021-06-26;16378;59242;54;1;0;3145289;1767092;6824;4;1
FR;2;2021-06-27;2564;29322;22;1;0;3147853;1796414;6846;5;1
FR;2;2021-06-28;12635;54336;81;0;0;3160488;1850750;6927;5;1
FR;2;2021-06-29;19839;59887;178;0;0;3180327;1910637;7105;5;1
FR;2;2021-06-30;16318;57860;252;17;0;3196645;1968497;7357;22;1
FR;2;2021-07-01;20478;59891;227;0;0;3217123;2028388;7584;22;1
FR;2;2021-07-02;24069;62124;183;0;0;3241192;2090512;7767;22;1
FR;2;2021-07-03;12111;57085;153;0;0;3253303;2147597;7920;22;1
FR;2;2021-07-04;1958;23310;18;0;0;3255261;2170907;7938;22;1
FR;2;2021-07-05;9169;29365;106;0;0;3264430;2200272;8044;22;1
FR;2;2021-07-06;14574;36198;135;0;0;3279004;2236470;8179;22;1
FR;2;2021-07-07;14402;33671;139;0;0;3293406;2270141;8318;22;1
FR;2;2021-07-08;19709;40291;162;0;0;3313115;2310432;8480;22;1
FR;2;2021-07-09;27091;54268;202;1;0;3340206;2364700;8682;23;1
FR;2;2021-07-10;13382;33660;107;0;0;3353588;2398360;8789;23;1
FR;2;2021-07-11;1805;4340;16;0;0;3355393;2402700;8805;23;1
FR;2;2021-07-12;12960;37277;118;0;0;3368353;2439977;8923;23;1
FR;2;2021-07-13;37106;53225;150;0;0;3405459;2493202;9073;23;1
FR;2;2021-07-14;6605;3567;15;0;0;3412064;2496769;9088;23;1
FR;2;2021-07-15;47225;47026;156;0;0;3459289;2543795;9244;23;1
FR;2;2021-07-16;64306;55816;187;0;0;3523595;2599611;9431;23;1
FR;2;2021-07-17;31591;23929;96;0;0;3555186;2623540;9527;23;1
FR;2;2021-07-18;6087;4889;19;0;0;3561273;2628429;9546;23;1
FR;2;2021-07-19;32985;28679;94;0;0;3594258;2657108;9640;23;1
FR;2;2021-07-20;51987;44567;155;0;0;3646245;2701675;9795;23;1
FR;2;2021-07-21;45244;34765;93;0;0;3691489;2736440;9888;23;1
FR;2;2021-07-22;56271;41092;128;1;0;3747760;2777532;10016;24;1
FR;2;2021-07-23;68273;49087;170;0;0;3816033;2826619;10186;24;1
FR;2;2021-07-24;36165;21581;82;0;0;3852198;2848200;10268;24;1
FR;2;2021-07-25;6739;2655;10;0;0;3858937;2850855;10278;24;1
FR;2;2021-07-26;36294;22457;91;1;0;3895231;2873312;10369;25;1
FR;2;2021-07-27;62348;34628;180;0;0;3957579;2907940;10549;25;1
FR;2;2021-07-28;55291;26456;132;0;0;4012870;2934396;10681;25;1
FR;2;2021-07-29;68447;32777;189;0;0;4081317;2967173;10870;25;1
FR;2;2021-07-30;74431;37785;222;1;1;4155748;3004958;11092;26;2
FR;2;2021-07-31;34746;16187;104;0;0;4190494;3021145;11196;26;2
FR;2;2021-08-01;5395;2286;19;0;0;4195889;3023431;11215;26;2
FR;2;2021-08-02;35858;16202;101;0;0;4231747;3039633;11316;26;2
FR;2;2021-08-03;55954;28287;142;0;0;4287701;3067920;11458;26;2
FR;2;2021-08-04;46616;20858;128;0;0;4334317;3088778;11586;26;2
FR;2;2021-08-05;54612;31588;215;0;0;4388929;3120366;11801;26;2
FR;2;2021-08-06;58074;42391;242;1;0;4447003;3162757;12043;27;2
FR;2;2021-08-07;25132;17601;89;0;0;4472135;3180358;12132;27;2
FR;2;2021-08-08;3832;3667;21;0;0;4475967;3184025;12153;27;2
FR;2;2021-08-09;29288;21132;91;0;0;4505255;3205157;12244;27;2
FR;2;2021-08-10;44986;33516;154;0;0;4550241;3238673;12398;27;2
FR;2;2021-08-11;35262;25170;151;0;0;4585503;3263843;12549;27;2
FR;2;2021-08-12;41889;35731;162;0;0;4627392;3299574;12711;27;2
FR;2;2021-08-13;42584;37039;218;0;0;4669976;3336613;12929;27;2
FR;2;2021-08-14;18506;22258;93;0;0;4688482;3358871;13022;27;2
FR;2;2021-08-15;3810;3816;17;0;0;4692292;3362687;13039;27;2
FR;2;2021-08-16;25076;27210;110;0;0;4717368;3389897;13149;27;2
FR;2;2021-08-17;38247;43485;205;2;0;4755615;3433382;13354;29;2
FR;2;2021-08-18;32243;36373;194;1;1;4787858;3469755;13548;30;3
FR;2;2021-08-19;37427;46585;224;0;0;4825285;3516340;13772;30;3
FR;2;2021-08-20;40552;55602;269;1;0;4865837;3571942;14041;31;3
FR;2;2021-08-21;18116;24300;113;0;0;4883953;3596242;14154;31;3
FR;2;2021-08-22;2901;4322;22;1;1;4886854;3600564;14176;32;4
FR;2;2021-08-23;19238;35158;131;1;1;4906092;3635722;14307;33;5
FR;2;2021-08-24;31938;56027;235;0;0;4938030;3691749;14542;33;5
FR;2;2021-08-25;25925;43434;250;0;0;4963955;3735183;14792;33;5
FR;2;2021-08-26;32347;55787;387;0;0;4996302;3790970;15179;33;5
FR;2;2021-08-27;36992;65579;478;3;1;5033294;3856549;15657;36;6
FR;2;2021-08-28;17812;28467;300;0;0;5051106;3885016;15957;36;6
FR;2;2021-08-29;2655;5041;47;0;0;5053761;3890057;16004;36;6
FR;2;2021-08-30;18409;37742;399;0;758;5072170;3927799;16403;36;764
FR;2;2021-08-31;28076;57500;882;4;1536;5100246;3985299;17285;40;2300
FR;2;2021-09-01;21588;39830;1307;0;2088;5121834;4025129;18592;40;4388
FR;2;2021-09-02;25474;48602;1959;2;3283;5147308;4073731;20551;42;7671
FR;2;2021-09-03;33405;64473;2986;3;4824;5180713;4138204;23537;45;12495
FR;2;2021-09-04;16825;27695;1442;1;2348;5197538;4165899;24979;46;14843
FR;2;2021-09-05;2258;3606;264;0;413;5199796;4169505;25243;46;15256
FR;2;2021-09-06;14031;28733;1769;1;2932;5213827;4198238;27012;47;18188
FR;2;2021-09-07;21102;41059;3020;13;4857;5234929;4239297;30032;60;23045
FR;2;2021-09-08;17240;31921;2732;6;4462;5252169;4271218;32764;66;27507
FR;2;2021-09-09;20973;40441;4432;3;6752;5273142;4311659;37196;69;34259
FR;2;2021-09-10;28194;51123;5281;4;8804;5301336;4362782;42477;73;43063
FR;2;2021-09-11;13651;22348;2402;5;3929;5314987;4385130;44879;78;46992
FR;2;2021-09-12;1822;2795;283;0;505;5316809;4387925;45162;78;47497
FR;2;2021-09-13;11656;21446;2466;4;4001;5328465;4409371;47628;82;51498
FR;2;2021-09-14;18565;32768;5084;13;9023;5347030;4442139;52712;95;60521
FR;2;2021-09-15;14910;28281;5163;3;7784;5361940;4470420;57875;98;68305
FR;2;2021-09-16;16068;32768;6733;14;10527;5378008;4503188;64608;112;78832
FR;2;2021-09-17;20909;47075;8774;10;14566;5398917;4550263;73382;122;93398
FR;2;2021-09-18;9852;20929;3802;6;6022;5408769;4571192;77184;128;99420
FR;2;2021-09-19;1164;2651;395;0;647;5409933;4573843;77579;128;100067
FR;2;2021-09-20;7491;18798;3851;7;6153;5417424;4592641;81430;135;106220
FR;2;2021-09-21;11206;30000;6494;5;10740;5428630;4622641;87924;140;116960
FR;2;2021-09-22;9405;23555;5491;7;8512;5438035;4646196;93415;147;125472
FR;2;2021-09-23;10721;28861;7879;9;12634;5448756;4675057;101294;156;138106
FR;2;2021-09-24;15061;42846;10871;18;17173;5463817;4717903;112165;174;155279
FR;2;2021-09-25;7258;18723;3961;10;6081;5471075;4736626;116126;184;161360
FR;2;2021-09-26;1079;2561;494;0;636;5472154;4739187;116620;184;161996
FR;2;2021-09-27;6311;16453;4285;7;6550;5478465;4755640;120905;191;168546
FR;2;2021-09-28;9237;25547;7768;13;12068;5487702;4781187;128673;204;180614
FR;2;2021-09-29;8078;20205;6066;25;9257;5495780;4801392;134739;229;189871
FR;2;2021-09-30;9863;25778;9502;16;14076;5505643;4827170;144241;245;203947
FR;2;2021-10-01;13966;35627;12911;25;19225;5519609;4862797;157152;270;223172
FR;2;2021-10-02;6874;15870;4842;6;7000;5526483;4878667;161994;276;230172
FR;2;2021-10-03;841;1950;491;1;512;5527324;4880617;162485;277;230684
FR;2;2021-10-04;5817;13913;5514;5;7852;5533141;4894530;167999;282;238536
FR;2;2021-10-05;9050;22548;11121;19;15714;5542191;4917078;179120;301;254250
FR;2;2021-10-06;7777;17746;8238;11;11065;5549968;4934824;187358;312;265315
FR;2;2021-10-07;9191;22168;12376;15;16828;5559159;4956992;199734;327;282143
FR;2;2021-10-08;13424;32043;17344;27;23522;5572583;4989035;217078;354;305665
FR;2;2021-10-09;5998;12821;6040;6;7873;5578581;5001856;223118;360;313538
FR;2;2021-10-10;883;1639;436;2;633;5579464;5003495;223554;362;314171
FR;2;2021-10-11;5603;11605;6454;17;8837;5585067;5015100;230008;379;323008
FR;2;2021-10-12;8033;17751;12534;13;16725;5593100;5032851;242542;392;339733
FR;2;2021-10-13;6942;14851;10245;11;13603;5600042;5047702;252787;403;353336
FR;2;2021-10-14;8310;17941;14988;13;19450;5608352;5065643;267775;416;372786
FR;2;2021-10-15;11844;26273;20899;26;27936;5620196;5091916;288674;442;400722
FR;2;2021-10-16;5136;8728;1815;0;3204;5625332;5100644;290489;442;403926
FR;2;2021-10-17;650;1195;184;0;377;5625982;5101839;290673;442;404303
FR;2;2021-10-18;4556;7425;661;2;1674;5630538;5109264;291334;444;405977
FR;2;2021-10-19;6237;9899;729;5;2058;5636775;5119163;292063;449;408035
FR;2;2021-10-20;5160;8106;756;3;1686;5641935;5127269;292819;452;409721
FR;2;2021-10-21;6089;9972;779;5;2100;5648024;5137241;293598;457;411821
FR;2;2021-10-22;8444;14561;1144;4;2867;5656468;5151802;294742;461;414688
FR;2;2021-10-23;3840;5993;582;0;1232;5660308;5157795;295324;461;415920
FR;2;2021-10-24;494;889;100;0;204;5660802;5158684;295424;461;416124
FR;2;2021-10-25;3357;5376;300;1;827;5664159;5164060;295724;462;416951
FR;2;2021-10-26;4172;7256;1124;4;2004;5668331;5171316;296848;466;418955
FR;2;2021-10-27;3672;6627;1193;5;2000;5672003;5177943;298041;471;420955
FR;2;2021-10-28;4596;7693;1725;3;2740;5676599;5185636;299766;474;423695
FR;2;2021-10-29;5405;11075;2430;4;3665;5682004;5196711;302196;478;427360
FR;2;2021-10-30;2747;4429;972;1;1425;5684751;5201140;303168;479;428785
FR;2;2021-10-31;363;542;139;1;187;5685114;5201682;303307;480;428972
FR;2;2021-11-01;416;558;172;0;263;5685530;5202240;303479;480;429235
FR;2;2021-11-02;3286;6766;1179;0;1757;5688816;5209006;304658;480;430992
FR;2;2021-11-03;3336;6258;1383;2;1964;5692152;5215264;306041;482;432956
FR;2;2021-11-04;3985;7100;1758;4;2489;5696137;5222364;307799;486;435445
FR;2;2021-11-05;5225;10507;2863;5;3942;5701362;5232871;310662;491;439387
FR;2;2021-11-06;2591;4660;1396;0;1807;5703953;5237531;312058;491;441194
FR;2;2021-11-07;508;869;216;0;287;5704461;5238400;312274;491;441481
FR;2;2021-11-08;2575;5377;1200;3;1681;5707036;5243777;313474;494;443162
FR;2;2021-11-09;2749;6956;2391;6;3173;5709785;5250733;315865;500;446335
FR;2;2021-11-10;2584;5720;5090;6;6266;5712369;5256453;320955;506;452601
FR;2;2021-11-11;433;745;730;2;914;5712802;5257198;321685;508;453515
FR;2;2021-11-12;2950;8109;8959;8;10894;5715752;5265307;330644;516;464409
FR;2;2021-11-13;1530;3373;3865;7;4525;5717282;5268680;334509;523;468934
FR;2;2021-11-14;254;610;347;1;486;5717536;5269290;334856;524;469420
FR;2;2021-11-15;1619;3700;4434;9;5322;5719155;5272990;339290;533;474742
FR;2;2021-11-16;2182;5949;8287;14;10060;5721337;5278939;347577;547;484802
FR;2;2021-11-17;1739;4571;6618;8;7834;5723076;5283510;354195;555;492636
FR;2;2021-11-18;2188;5942;9169;11;10991;5725264;5289452;363364;566;503627
FR;2;2021-11-19;2696;7807;12958;19;15465;5727960;5297259;376322;585;519092
FR;2;2021-11-20;1564;3325;5166;5;6067;5729524;5300584;381488;590;525159
FR;2;2021-11-21;246;520;540;0;666;5729770;5301104;382028;590;525825
FR;2;2021-11-22;1275;2627;4469;5;5402;5731045;5303731;386497;595;531227
FR;2;2021-11-23;1613;4309;8185;9;9885;5732658;5308040;394682;604;541112
FR;2;2021-11-24;1418;3801;7459;14;8712;5734076;5311841;402141;618;549824
FR;2;2021-11-25;1812;4903;11443;21;13646;5735888;5316744;413584;639;563470
FR;2;2021-11-26;2537;7775;22646;31;26060;5738425;5324519;436230;670;589530
FR;2;2021-11-27;1498;4135;12255;18;13988;5739923;5328654;448485;688;603518
FR;2;2021-11-28;291;843;1965;3;2288;5740214;5329497;450450;691;605806
FR;2;2021-11-29;1444;4391;15072;23;17240;5741658;5333888;465522;714;623046
FR;2;2021-11-30;1911;6754;26220;36;29976;5743569;5340642;491742;750;653022
FR;2;2021-12-01;1902;6104;26182;29;29502;5745471;5346746;517924;779;682524
FR;2;2021-12-02;1907;6836;37681;52;41922;5747378;5353582;555605;831;724446
FR;2;2021-12-03;2549;10096;53585;112;59302;5749927;5363678;609190;943;783748
FR;2;2021-12-04;1848;6294;37087;38;40757;5751775;5369972;646277;981;824505
FR;2;2021-12-05;458;2280;14250;14;15991;5752233;5372252;660527;995;840496
FR;2;2021-12-06;2457;9890;77680;109;84727;5754690;5382142;738207;1104;925223
FR;2;2021-12-07;3444;15335;122404;238;133685;5758134;5397477;860611;1342;1058908
FR;2;2021-12-08;3717;16057;133168;330;145369;5761851;5413534;993779;1672;1204277
FR;2;2021-12-09;4543;19623;170139;554;185491;5766394;5433157;1163918;2226;1389768
FR;2;2021-12-10;4668;22810;188603;489;206029;5771062;5455967;1352521;2715;1595797
FR;2;2021-12-11;3681;16620;132420;238;144850;5774743;5472587;1484941;2953;1740647
FR;2;2021-12-12;1257;7137;59078;83;65128;5776000;5479724;1544019;3036;1805775
FR;2;2021-12-13;5525;26852;220646;604;242924;5781525;5506576;1764665;3640;2048699
FR;2;2021-12-14;7015;37514;300704;910;332162;5788540;5544090;2065369;4550;2380861
FR;2;2021-12-15;6559;36239;285162;955;315757;5795099;5580329;2350531;5505;2696618
FR;2;2021-12-16;7763;37930;312090;981;343677;5802862;5618259;2662621;6486;3040295
FR;2;2021-12-17;8682;41231;327823;975;360888;5811544;5659490;2990444;7461;3401183
FR;2;2021-12-18;6515;26560;212314;448;233611;5818059;5686050;3202758;7909;3634794
FR;2;2021-12-19;2599;11491;90200;184;100381;5820658;5697541;3292958;8093;3735175
FR;2;2021-12-20;9549;33611;275144;706;303315;5830207;5731152;3568102;8799;4038490
FR;2;2021-12-21;11554;38318;309582;969;341364;5841761;5769470;3877684;9768;4379854
FR;2;2021-12-22;10455;32859;265074;952;292458;5852216;5802329;4142758;10720;4672312
FR;2;2021-12-23;9425;26710;199449;700;221254;5861641;5829039;4342207;11420;4893566
FR;2;2021-12-24;2780;7496;43843;140;49557;5864421;5836535;4386050;11560;4943123
FR;2;2021-12-25;201;701;2000;10;2496;5864622;5837236;4388050;11570;4945619
FR;2;2021-12-26;1322;4217;25146;71;28680;5865944;5841453;4413196;11641;4974299
FR;2;2021-12-27;8074;29935;218376;660;243292;5874018;5871388;4631572;12301;5217591
FR;2;2021-12-28;9840;36343;272061;741;301951;5883858;5907731;4903633;13042;5519542
FR;2;2021-12-29;9493;32281;246097;766;272661;5893351;5940012;5149730;13808;5792203
FR;2;2021-12-30;9450;28133;208802;662;231464;5902801;5968145;5358532;14470;6023667
FR;2;2021-12-31;3008;8390;54975;177;61242;5905809;5976535;5413507;14647;6084909
FR;2;2022-01-01;227;693;2849;7;3342;5906036;5977228;5416356;14654;6088251
FR;2;2022-01-02;1505;4852;29504;74;33389;5907541;5982080;5445860;14728;6121640
FR;2;2022-01-03;9578;35358;266497;807;293852;5917119;6017438;5712357;15535;6415492
FR;2;2022-01-04;12842;45364;342056;1067;376935;5929961;6062802;6054413;16602;6792427
FR;2;2022-01-05;11272;38663;294131;885;323798;5941233;6101465;6348544;17487;7116225
FR;2;2022-01-06;13650;43491;331921;1296;364702;5954883;6144956;6680465;18783;7480927
FR;2;2022-01-07;14218;47608;361065;1268;396375;5969101;6192564;7041530;20051;7877302
FR;2;2022-01-08;7946;28143;201248;515;221676;5977047;6220707;7242778;20566;8098978
FR;2;2022-01-09;2748;9018;62517;137;69532;5979795;6229725;7305295;20703;8168510
FR;2;2022-01-10;10086;31916;232436;857;255028;5989881;6261641;7537731;21560;8423538
FR;2;2022-01-11;11470;36258;265862;1030;290561;6001351;6297899;7803593;22590;8714099
FR;2;2022-01-12;8761;29839;206293;862;226171;6010112;6327738;8009886;23452;8940270
FR;2;2022-01-13;9387;31343;224457;831;244803;6019499;6359081;8234343;24283;9185073
FR;2;2022-01-14;9741;35660;254510;919;277669;6029240;6394741;8488853;25202;9462742
FR;2;2022-01-15;5356;19454;140763;359;153633;6034596;6414195;8629616;25561;9616375
FR;2;2022-01-16;1512;5524;35868;80;39847;6036108;6419719;8665484;25641;9656222
FR;2;2022-01-17;5546;19301;135379;601;147242;6041654;6439020;8800863;26242;9803464
FR;2;2022-01-18;6417;21533;148604;648;160472;6048071;6460553;8949467;26890;9963936
FR;2;2022-01-19;4388;16366;105079;552;113694;6052459;6476919;9054546;27442;10077630
FR;2;2022-01-20;4865;17597;115272;603;123671;6057324;6494516;9169818;28045;10201301
FR;2;2022-01-21;5193;20062;137323;677;147737;6062517;6514578;9307141;28722;10349038
FR;2;2022-01-22;3025;10967;74254;259;80329;6065542;6525545;9381395;28981;10429367
FR;2;2022-01-23;722;2744;15236;41;16842;6066264;6528289;9396631;29022;10446209
FR;2;2022-01-24;3292;12831;75054;430;81012;6069556;6541120;9471685;29452;10527221
FR;2;2022-01-25;3574;14435;79609;495;85446;6073130;6555555;9551294;29947;10612667
FR;2;2022-01-26;2515;10654;58956;363;62984;6075645;6566209;9610250;30310;10675651
FR;2;2022-01-27;2683;11231;64162;388;67900;6078328;6577440;9674412;30698;10743551
FR;2;2022-01-28;3543;18423;91709;430;98962;6081871;6595863;9766121;31128;10842513
FR;2;2022-01-29;1889;9260;48834;164;52919;6083760;6605123;9814955;31292;10895432
FR;2;2022-01-30;466;2245;9453;38;10608;6084226;6607368;9824408;31330;10906040
FR;2;2022-01-31;1887;9600;43814;208;47343;6086113;6616968;9868222;31538;10953383
FR;2;2022-02-01;1911;10048;47017;278;50101;6088024;6627016;9915239;31816;11003484
FR;2;2022-02-02;1605;9037;41098;251;44172;6089629;6636053;9956337;32067;11047656
FR;2;2022-02-03;1720;8938;40505;204;42907;6091349;6644991;9996842;32271;11090563
FR;2;2022-02-04;2152;15224;66622;297;71346;6093501;6660215;10063464;32568;11161909
FR;2;2022-02-05;1362;8541;35932;131;39230;6094863;6668756;10099396;32699;11201139
FR;2;2022-02-06;274;1783;6123;16;6898;6095137;6670539;10105519;32715;11208037
FR;2;2022-02-07;1350;9611;37743;133;41303;6096487;6680150;10143262;32848;11249340
FR;2;2022-02-08;1297;9808;40924;173;43706;6097784;6689958;10184186;33021;11293046
FR;2;2022-02-09;1160;8807;37030;172;40448;6098944;6698765;10221216;33193;11333494
FR;2;2022-02-10;1021;7978;33830;203;36498;6099965;6706743;10255046;33396;11369992
FR;2;2022-02-11;1390;12076;53334;222;57679;6101355;6718819;10308380;33618;11427671
FR;2;2022-02-12;749;6526;27983;83;30800;6102104;6725345;10336363;33701;11458471
FR;2;2022-02-13;199;1334;4833;20;5573;6102303;6726679;10341196;33721;11464044
FR;2;2022-02-14;833;6723;30260;89;33222;6103136;6733402;10371456;33810;11497266
FR;2;2022-02-15;771;6445;28043;141;29981;6103907;6739847;10399499;33951;11527247
FR;2;2022-02-16;656;5338;22040;123;23599;6104563;6745185;10421539;34074;11550846
FR;2;2022-02-17;513;3769;14140;98;14604;6105076;6748954;10435679;34172;11565450
FR;2;2022-02-18;720;5359;20426;134;21123;6105796;6754313;10456105;34306;11586573
FR;2;2022-02-19;429;3045;10527;66;11241;6106225;6757358;10466632;34372;11597814
FR;2;2022-02-20;101;512;1455;3;1603;6106326;6757870;10468087;34375;11599417
FR;2;2022-02-21;420;2681;9115;65;9491;6106746;6760551;10477202;34440;11608908
FR;2;2022-02-22;390;2561;8887;75;8788;6107136;6763112;10486089;34515;11617696
FR;2;2022-02-23;432;2597;8985;82;9264;6107568;6765709;10495074;34597;11626960
FR;2;2022-02-24;313;2026;6795;81;6822;6107881;6767735;10501869;34678;11633782
FR;2;2022-02-25;455;3191;11411;108;11272;6108336;6770926;10513280;34786;11645054
FR;2;2022-02-26;293;1888;6034;49;6339;6108629;6772814;10519314;34835;11651393
FR;2;2022-02-27;75;311;905;5;947;6108704;6773125;10520219;34840;11652340
FR;2;2022-02-28;330;1675;5514;50;5520;6109034;6774800;10525733;34890;11657860
FR;2;2022-03-01;274;1553;5471;44;5188;6109308;6776353;10531204;34934;11663048
FR;2;2022-03-02;297;1428;5242;43;5082;6109605;6777781;10536446;34977;11668130
FR;2;2022-03-03;224;1100;3701;41;3476;6109829;6778881;10540147;35018;11671606
FR;2;2022-03-04;239;1461;4849;73;4494;6110068;6780342;10544996;35091;11676100
FR;2;2022-03-05;167;902;2972;32;2715;6110235;6781244;10547968;35123;11678815
FR;2;2022-03-06;37;179;270;5;311;6110272;6781423;10548238;35128;11679126
FR;2;2022-03-07;155;652;1980;68;1771;6110427;6782075;10550218;35196;11680897
FR;2;2022-03-08;142;652;2270;49;1901;6110569;6782727;10552488;35245;11682798
FR;2;2022-03-09;150;694;2339;36;2038;6110719;6783421;10554827;35281;11684836
FR;2;2022-03-10;119;589;1680;34;1451;6110838;6784010;10556507;35315;11686287
FR;2;2022-03-11;171;754;2768;57;2368;6111009;6784764;10559275;35372;11688655
FR;2;2022-03-12;142;479;1783;27;1552;6111151;6785243;10561058;35399;11690207
FR;2;2022-03-13;25;73;201;29;202;6111176;6785316;10561259;35428;11690409
FR;2;2022-03-14;124;460;1551;529;1283;6111300;6785776;10562810;35957;11691692
FR;2;2022-03-15;139;414;1703;688;1318;6111439;6786190;10564513;36645;11693010
FR;2;2022-03-16;139;458;2007;1611;1583;6111578;6786648;10566520;38256;11694593
FR;2;2022-03-17;93;411;1403;1192;1141;6111671;6787059;10567923;39448;11695734
FR;2;2022-03-18;143;489;2014;1787;1657;6111814;6787548;10569937;41235;11697391
FR;2;2022-03-19;108;318;1209;940;1013;6111922;6787866;10571146;42175;11698404
FR;2;2022-03-20;12;76;190;59;166;6111934;6787942;10571336;42234;11698570
FR;2;2022-03-21;96;300;1208;1481;1072;6112030;6788242;10572544;43715;11699642
FR;2;2022-03-22;118;383;1525;1827;1289;6112148;6788625;10574069;45542;11700931
FR;2;2022-03-23;137;342;1658;3028;1448;6112285;6788967;10575727;48570;11702379
FR;2;2022-03-24;113;286;1175;1546;990;6112398;6789253;10576902;50116;11703369
FR;2;2022-03-25;119;358;1786;2449;1457;6112517;6789611;10578688;52565;11704826
FR;2;2022-03-26;71;244;1198;1220;946;6112588;6789855;10579886;53785;11705772
FR;2;2022-03-27;19;36;150;98;130;6112607;6789891;10580036;53883;11705902
FR;2;2022-03-28;93;282;1132;1588;991;6112700;6790173;10581168;55471;11706893
FR;2;2022-03-29;104;256;1321;2460;1102;6112804;6790429;10582489;57931;11707995
FR;2;2022-03-30;90;312;1478;3166;1314;6112894;6790741;10583967;61097;11709309
FR;2;2022-03-31;103;277;1255;2312;1069;6112997;6791018;10585222;63409;11710378
FR;2;2022-04-01;114;313;1549;2339;1304;6113111;6791331;10586771;65748;11711682
FR;2;2022-04-02;68;159;842;888;735;6113179;6791490;10587613;66636;11712417
FR;2;2022-04-03;16;52;125;111;139;6113195;6791542;10587738;66747;11712556
FR;2;2022-04-04;104;223;973;1427;780;6113299;6791765;10588711;68174;11713336
FR;2;2022-04-05;137;284;1287;2859;1121;6113436;6792049;10589998;71033;11714457
FR;2;2022-04-06;86;242;1296;2473;1109;6113522;6792291;10591294;73506;11715566
FR;2;2022-04-07;117;214;1277;2660;1022;6113639;6792505;10592571;76166;11716588
FR;2;2022-04-08;120;326;1609;3206;1309;6113759;6792831;10594180;79372;11717897
FR;2;2022-04-09;90;218;890;1044;726;6113849;6793049;10595070;80416;11718623
FR;2;2022-04-10;34;40;141;162;114;6113883;6793089;10595211;80578;11718737
FR;2;2022-04-11;83;181;850;1482;757;6113966;6793270;10596061;82060;11719494
FR;2;2022-04-12;180;258;1156;2628;1030;6114146;6793528;10597217;84688;11720524
FR;2;2022-04-13;140;218;1090;2334;949;6114286;6793746;10598307;87022;11721473
FR;2;2022-04-14;110;214;1061;2621;890;6114396;6793960;10599368;89643;11722363
FR;2;2022-04-15;108;233;1151;2244;1012;6114504;6794193;10600519;91887;11723375
FR;2;2022-04-16;62;109;533;541;445;6114566;6794302;10601052;92428;11723820
FR;2;2022-04-17;13;26;57;53;53;6114579;6794328;10601109;92481;11723873
FR;2;2022-04-18;10;27;82;62;79;6114589;6794355;10601191;92543;11723952
FR;2;2022-04-19;108;229;1082;1664;915;6114697;6794584;10602273;94207;11724867
FR;2;2022-04-20;91;229;1051;2065;881;6114788;6794813;10603324;96272;11725748
FR;2;2022-04-21;108;226;954;1792;815;6114896;6795039;10604278;98064;11726563
FR;2;2022-04-22;92;255;1157;1999;944;6114988;6795294;10605435;100063;11727507
FR;2;2022-04-23;64;147;633;754;556;6115052;6795441;10606068;100817;11728063
FR;2;2022-04-24;10;27;97;68;75;6115062;6795468;10606165;100885;11728138
FR;2;2022-04-25;99;186;721;1189;639;6115161;6795654;10606886;102074;11728777
FR;2;2022-04-26;96;175;988;1771;829;6115257;6795829;10607874;103845;11729606
FR;2;2022-04-27;89;171;808;1593;715;6115346;6796000;10608682;105438;11730321
FR;2;2022-04-28;80;189;860;1623;750;6115426;6796189;10609542;107061;11731071
FR;2;2022-04-29;67;249;1029;1571;936;6115493;6796438;10610571;108632;11732007
FR;2;2022-04-30;56;101;422;514;377;6115549;6796539;10610993;109146;11732384
FR;2;2022-05-01;7;15;51;40;46;6115556;6796554;10611044;109186;11732430
FR;3;2020-12-27;0;0;0;0;0;0;0;0;0;0
FR;3;2020-12-28;0;0;0;0;0;0;0;0;0;0
FR;3;2020-12-29;0;0;0;0;0;0;0;0;0;0
FR;3;2020-12-30;0;0;0;0;0;0;0;0;0;0
FR;3;2020-12-31;0;0;0;0;0;0;0;0;0;0
FR;3;2021-01-01;0;0;0;0;0;0;0;0;0;0
FR;3;2021-01-02;0;0;0;0;0;0;0;0;0;0
FR;3;2021-01-03;0;0;0;0;0;0;0;0;0;0
FR;3;2021-01-04;0;0;0;0;0;0;0;0;0;0
FR;3;2021-01-05;0;0;0;0;0;0;0;0;0;0
FR;3;2021-01-06;0;0;0;0;0;0;0;0;0;0
FR;3;2021-01-07;0;0;0;0;0;0;0;0;0;0
FR;3;2021-01-08;0;0;0;0;0;0;0;0;0;0
FR;3;2021-01-09;0;0;0;0;0;0;0;0;0;0
FR;3;2021-01-10;0;0;0;0;0;0;0;0;0;0
FR;3;2021-01-11;0;0;0;0;0;0;0;0;0;0
FR;3;2021-01-12;0;0;0;0;0;0;0;0;0;0
FR;3;2021-01-13;0;0;0;0;0;0;0;0;0;0
FR;3;2021-01-14;0;0;0;0;0;0;0;0;0;0
FR;3;2021-01-15;0;0;0;0;0;0;0;0;0;0
FR;3;2021-01-16;0;0;0;0;0;0;0;0;0;0
FR;3;2021-01-17;0;0;0;0;0;0;0;0;0;0
FR;3;2021-01-18;0;0;0;0;0;0;0;0;0;0
FR;3;2021-01-19;0;0;0;0;0;0;0;0;0;0
FR;3;2021-01-20;0;0;0;0;0;0;0;0;0;0
FR;3;2021-01-21;0;0;0;0;0;0;0;0;0;0
FR;3;2021-01-22;0;0;0;0;0;0;0;0;0;0
FR;3;2021-01-23;0;0;0;0;0;0;0;0;0;0
FR;3;2021-01-24;0;0;0;0;0;0;0;0;0;0
FR;3;2021-01-25;0;0;0;0;0;0;0;0;0;0
FR;3;2021-01-26;0;0;0;0;0;0;0;0;0;0
FR;3;2021-01-27;0;0;0;0;0;0;0;0;0;0
FR;3;2021-01-28;0;0;0;0;0;0;0;0;0;0
FR;3;2021-01-29;0;0;0;0;0;0;0;0;0;0
FR;3;2021-01-30;0;0;0;0;0;0;0;0;0;0
FR;3;2021-01-31;0;0;0;0;0;0;0;0;0;0
FR;3;2021-02-01;0;0;0;0;0;0;0;0;0;0
FR;3;2021-02-02;0;0;0;0;0;0;0;0;0;0
FR;3;2021-02-03;0;0;0;0;0;0;0;0;0;0
FR;3;2021-02-04;0;0;0;0;0;0;0;0;0;0
FR;3;2021-02-05;0;0;0;0;0;0;0;0;0;0
FR;3;2021-02-06;1686;0;0;0;0;1686;0;0;0;0
FR;3;2021-02-07;1422;0;0;0;0;3108;0;0;0;0
FR;3;2021-02-08;2782;0;0;0;0;5890;0;0;0;0
FR;3;2021-02-09;6782;0;0;0;0;12672;0;0;0;0
FR;3;2021-02-10;9603;0;0;0;0;22275;0;0;0;0
FR;3;2021-02-11;13608;0;0;0;0;35883;0;0;0;0
FR;3;2021-02-12;13395;0;0;0;0;49278;0;0;0;0
FR;3;2021-02-13;3781;1;0;0;0;53059;1;0;0;0
FR;3;2021-02-14;972;0;0;0;0;54031;1;0;0;0
FR;3;2021-02-15;10480;0;0;0;0;64511;1;0;0;0
FR;3;2021-02-16;12542;1;0;0;0;77053;2;0;0;0
FR;3;2021-02-17;11149;0;0;0;0;88202;2;0;0;0
FR;3;2021-02-18;14933;2;0;0;0;103135;4;0;0;0
FR;3;2021-02-19;14359;1;0;0;0;117494;5;0;0;0
FR;3;2021-02-20;3329;0;0;0;0;120823;5;0;0;0
FR;3;2021-02-21;618;0;0;0;0;121441;5;0;0;0
FR;3;2021-02-22;9161;0;0;0;0;130602;5;0;0;0
FR;3;2021-02-23;11394;1;0;0;0;141996;6;0;0;0
FR;3;2021-02-24;14298;0;0;0;0;156294;6;0;0;0
FR;3;2021-02-25;44927;1;0;0;0;201221;7;0;0;0
FR;3;2021-02-26;61883;2;0;0;0;263104;9;0;0;0
FR;3;2021-02-27;34801;5;0;0;0;297905;14;0;0;0
FR;3;2021-02-28;2463;0;0;0;0;300368;14;0;0;0
FR;3;2021-03-01;20506;9;0;0;0;320874;23;0;0;0
FR;3;2021-03-02;38860;18;0;0;0;359734;41;0;0;0
FR;3;2021-03-03;48727;17;0;0;0;408461;58;0;0;0
FR;3;2021-03-04;82214;20;0;0;0;490675;78;0;0;0
FR;3;2021-03-05;118121;39;0;0;0;608796;117;0;0;0
FR;3;2021-03-06;120707;51;1;0;0;729503;168;1;0;0
FR;3;2021-03-07;55175;27;0;0;0;784678;195;1;0;0
FR;3;2021-03-08;42806;24;0;0;0;827484;219;1;0;0
FR;3;2021-03-09;78966;40;0;0;0;906450;259;1;0;0
FR;3;2021-03-10;80963;46;0;0;0;987413;305;1;0;0
FR;3;2021-03-11;128417;51;0;0;0;1115830;356;1;0;0
FR;3;2021-03-12;182718;82;0;0;0;1298548;438;1;0;0
FR;3;2021-03-13;132139;61;0;0;0;1430687;499;1;0;0
FR;3;2021-03-14;14054;4;0;0;0;1444741;503;1;0;0
FR;3;2021-03-15;52223;41;0;0;0;1496964;544;1;0;0
FR;3;2021-03-16;1209;22;0;0;0;1498173;566;1;0;0
FR;3;2021-03-17;941;25;0;0;0;1499114;591;1;0;0
FR;3;2021-03-18;1564;9;0;0;0;1500678;600;1;0;0
FR;3;2021-03-19;70446;46;0;0;0;1571124;646;1;0;0
FR;3;2021-03-20;65224;42;0;0;0;1636348;688;1;0;0
FR;3;2021-03-21;5754;4;0;0;0;1642102;692;1;0;0
FR;3;2021-03-22;37495;34;0;0;0;1679597;726;1;0;0
FR;3;2021-03-23;84650;61;0;0;0;1764247;787;1;0;0
FR;3;2021-03-24;90933;93;0;0;0;1855180;880;1;0;0
FR;3;2021-03-25;150041;124;0;0;0;2005221;1004;1;0;0
FR;3;2021-03-26;165412;152;0;0;0;2170633;1156;1;0;0
FR;3;2021-03-27;68455;96;0;0;0;2239088;1252;1;0;0
FR;3;2021-03-28;6469;19;0;0;0;2245557;1271;1;0;0
FR;3;2021-03-29;54157;70;0;0;0;2299714;1341;1;0;0
FR;3;2021-03-30;93158;96;0;0;0;2392872;1437;1;0;0
FR;3;2021-03-31;63519;87;0;0;0;2456391;1524;1;0;0
FR;3;2021-04-01;86120;103;0;0;0;2542511;1627;1;0;0
FR;3;2021-04-02;86887;148;0;0;0;2629398;1775;1;0;0
FR;3;2021-04-03;35870;114;0;0;0;2665268;1889;1;0;0
FR;3;2021-04-04;3570;15;0;0;0;2668838;1904;1;0;0
FR;3;2021-04-05;4483;28;0;0;0;2673321;1932;1;0;0
FR;3;2021-04-06;29739;81;0;0;0;2703060;2013;1;0;0
FR;3;2021-04-07;32334;76;0;0;0;2735394;2089;1;0;0
FR;3;2021-04-08;78809;238;0;0;0;2814203;2327;1;0;0
FR;3;2021-04-09;161744;410;0;0;0;2975947;2737;1;0;0
FR;3;2021-04-10;75752;331;0;0;0;3051699;3068;1;0;0
FR;3;2021-04-11;7307;44;0;0;0;3059006;3112;1;0;0
FR;3;2021-04-12;51464;202;0;0;0;3110470;3314;1;0;0
FR;3;2021-04-13;86216;315;0;0;0;3196686;3629;1;0;0
FR;3;2021-04-14;67833;339;0;0;0;3264519;3968;1;0;0
FR;3;2021-04-15;93220;368;0;0;0;3357739;4336;1;0;0
FR;3;2021-04-16;112514;572;0;0;0;3470253;4908;1;0;0
FR;3;2021-04-17;53311;322;1;0;0;3523564;5230;2;0;0
FR;3;2021-04-18;9741;34;0;0;0;3533305;5264;2;0;0
FR;3;2021-04-19;25101;233;0;0;0;3558406;5497;2;0;0
FR;3;2021-04-20;45669;392;0;0;0;3604075;5889;2;0;0
FR;3;2021-04-21;38966;463;0;0;0;3643041;6352;2;0;0
FR;3;2021-04-22;54700;779;0;0;0;3697741;7131;2;0;0
FR;3;2021-04-23;70480;1012;0;0;0;3768221;8143;2;0;0
FR;3;2021-04-24;37240;982;0;0;0;3805461;9125;2;0;0
FR;3;2021-04-25;6202;154;0;0;0;3811663;9279;2;0;0
FR;3;2021-04-26;19781;650;0;0;0;3831444;9929;2;0;0
FR;3;2021-04-27;34468;1254;0;0;0;3865912;11183;2;0;0
FR;3;2021-04-28;28960;1933;0;0;0;3894872;13116;2;0;0
FR;3;2021-04-29;45376;5949;0;0;0;3940248;19065;2;0;0
FR;3;2021-04-30;55450;8924;1;0;0;3995698;27989;3;0;0
FR;3;2021-05-01;9510;1967;0;0;0;4005208;29956;3;0;0
FR;3;2021-05-02;3070;488;0;0;0;4008278;30444;3;0;0
FR;3;2021-05-03;13056;3879;0;0;0;4021334;34323;3;0;0
FR;3;2021-05-04;23108;8402;0;0;0;4044442;42725;3;0;0
FR;3;2021-05-05;18749;10588;0;0;0;4063191;53313;3;0;0
FR;3;2021-05-06;34616;20879;0;0;0;4097807;74192;3;0;0
FR;3;2021-05-07;44201;28403;0;0;0;4142008;102595;3;0;0
FR;3;2021-05-08;6781;8874;0;0;0;4148789;111469;3;0;0
FR;3;2021-05-09;1792;2649;0;0;0;4150581;114118;3;0;0
FR;3;2021-05-10;14988;12561;0;0;0;4165569;126679;3;0;0
FR;3;2021-05-11;27092;25739;0;0;0;4192661;152418;3;0;0
FR;3;2021-05-12;17267;27455;0;0;0;4209928;179873;3;0;0
FR;3;2021-05-13;2277;3476;0;0;0;4212205;183349;3;0;0
FR;3;2021-05-14;14509;25726;0;0;0;4226714;209075;3;0;0
FR;3;2021-05-15;7230;20755;0;0;0;4233944;229830;3;0;0
FR;3;2021-05-16;974;2672;0;0;0;4234918;232502;3;0;0
FR;3;2021-05-17;7959;19924;0;0;0;4242877;252426;3;0;0
FR;3;2021-05-18;13407;29635;0;0;0;4256284;282061;3;0;0
FR;3;2021-05-19;9262;31711;0;0;0;4265546;313772;3;0;0
FR;3;2021-05-20;12801;53198;3;0;0;4278347;366970;6;0;0
FR;3;2021-05-21;12759;65486;2;0;0;4291106;432456;8;0;0
FR;3;2021-05-22;4959;33279;1;0;0;4296065;465735;9;0;0
FR;3;2021-05-23;649;2670;0;0;0;4296714;468405;9;0;0
FR;3;2021-05-24;877;4922;0;0;0;4297591;473327;9;0;0
FR;3;2021-05-25;5296;45180;1;0;0;4302887;518507;10;0;0
FR;3;2021-05-26;4966;51052;1;0;0;4307853;569559;11;0;0
FR;3;2021-05-27;6321;77812;3;0;0;4314174;647371;14;0;0
FR;3;2021-05-28;7539;99065;2;0;0;4321713;746436;16;0;0
FR;3;2021-05-29;3343;60262;1;0;0;4325056;806698;17;0;0
FR;3;2021-05-30;545;8233;0;0;0;4325601;814931;17;0;0
FR;3;2021-05-31;2434;35929;3;0;0;4328035;850860;20;0;0
FR;3;2021-06-01;3396;64751;10;0;0;4331431;915611;30;0;0
FR;3;2021-06-02;2725;58301;6;0;0;4334156;973912;36;0;0
FR;3;2021-06-03;3490;87502;10;0;0;4337646;1061414;46;0;0
FR;3;2021-06-04;4110;105061;22;0;0;4341756;1166475;68;0;0
FR;3;2021-06-05;1976;52225;4;0;0;4343732;1218700;72;0;0
FR;3;2021-06-06;504;5387;1;0;0;4344236;1224087;73;0;0
FR;3;2021-06-07;1466;31109;11;0;0;4345702;1255196;84;0;0
FR;3;2021-06-08;2044;47244;18;0;0;4347746;1302440;102;0;0
FR;3;2021-06-09;1785;42342;13;0;0;4349531;1344782;115;0;0
FR;3;2021-06-10;2241;67905;17;0;0;4351772;1412687;132;0;0
FR;3;2021-06-11;2469;96698;34;0;0;4354241;1509385;166;0;0
FR;3;2021-06-12;1173;40826;6;0;0;4355414;1550211;172;0;0
FR;3;2021-06-13;276;3811;3;0;0;4355690;1554022;175;0;0
FR;3;2021-06-14;1038;42630;17;0;0;4356728;1596652;192;0;0
FR;3;2021-06-15;1362;80610;20;0;0;4358090;1677262;212;0;0
FR;3;2021-06-16;1253;65705;19;0;0;4359343;1742967;231;0;0
FR;3;2021-06-17;1658;101786;41;0;0;4361001;1844753;272;0;0
FR;3;2021-06-18;1868;117893;61;0;0;4362869;1962646;333;0;0
FR;3;2021-06-19;800;39370;22;0;0;4363669;2002016;355;0;0
FR;3;2021-06-20;158;3380;0;0;0;4363827;2005396;355;0;0
FR;3;2021-06-21;767;39253;16;0;0;4364594;2044649;371;0;0
FR;3;2021-06-22;1060;69959;52;0;0;4365654;2114608;423;0;0
FR;3;2021-06-23;941;50818;39;0;0;4366595;2165426;462;0;0
FR;3;2021-06-24;1304;77139;48;0;0;4367899;2242565;510;0;0
FR;3;2021-06-25;1400;89955;73;0;0;4369299;2332520;583;0;0
FR;3;2021-06-26;625;33121;29;0;0;4369924;2365641;612;0;0
FR;3;2021-06-27;164;4001;1;0;0;4370088;2369642;613;0;0
FR;3;2021-06-28;647;30409;27;0;0;4370735;2400051;640;0;0
FR;3;2021-06-29;851;56162;95;0;0;4371586;2456213;735;0;0
FR;3;2021-06-30;900;45058;93;0;0;4372486;2501271;828;0;0
FR;3;2021-07-01;1159;65657;108;0;0;4373645;2566928;936;0;0
FR;3;2021-07-02;1297;90369;170;0;0;4374942;2657297;1106;0;0
FR;3;2021-07-03;600;31183;52;0;0;4375542;2688480;1158;0;0
FR;3;2021-07-04;141;4256;3;0;0;4375683;2692736;1161;0;0
FR;3;2021-07-05;608;33900;60;0;0;4376291;2726636;1221;0;0
FR;3;2021-07-06;956;56059;88;0;0;4377247;2782695;1309;0;0
FR;3;2021-07-07;869;43042;79;0;0;4378116;2825737;1388;0;0
FR;3;2021-07-08;1123;60708;99;0;0;4379239;2886445;1487;0;0
FR;3;2021-07-09;1258;68801;128;0;0;4380497;2955246;1615;0;0
FR;3;2021-07-10;639;25051;59;0;0;4381136;2980297;1674;0;0
FR;3;2021-07-11;127;3297;4;0;0;4381263;2983594;1678;0;0
FR;3;2021-07-12;659;23883;59;0;0;4381922;3007477;1737;0;0
FR;3;2021-07-13;1644;34730;90;0;0;4383566;3042207;1827;0;0
FR;3;2021-07-14;261;2635;2;0;0;4383827;3044842;1829;0;0
FR;3;2021-07-15;1931;30673;85;0;0;4385758;3075515;1914;0;0
FR;3;2021-07-16;2520;38864;122;0;0;4388278;3114379;2036;0;0
FR;3;2021-07-17;1046;13751;26;0;0;4389324;3128130;2062;0;0
FR;3;2021-07-18;262;2611;3;0;0;4389586;3130741;2065;0;0
FR;3;2021-07-19;1272;17209;37;0;0;4390858;3147950;2102;0;0
FR;3;2021-07-20;1822;27145;98;0;0;4392680;3175095;2200;0;0
FR;3;2021-07-21;1645;19724;44;0;0;4394325;3194819;2244;0;0
FR;3;2021-07-22;1847;27760;82;0;0;4396172;3222579;2326;0;0
FR;3;2021-07-23;2212;30450;117;0;0;4398384;3253029;2443;0;0
FR;3;2021-07-24;822;7011;25;0;0;4399206;3260040;2468;0;0
FR;3;2021-07-25;208;1347;1;0;0;4399414;3261387;2469;0;0
FR;3;2021-07-26;921;10714;28;0;0;4400335;3272101;2497;0;0
FR;3;2021-07-27;1164;16949;56;0;0;4401499;3289050;2553;0;0
FR;3;2021-07-28;988;12115;40;0;0;4402487;3301165;2593;0;0
FR;3;2021-07-29;1126;15841;63;0;0;4403613;3317006;2656;0;0
FR;3;2021-07-30;1125;18106;79;0;0;4404738;3335112;2735;0;0
FR;3;2021-07-31;407;3741;15;0;0;4405145;3338853;2750;0;0
FR;3;2021-08-01;112;483;1;0;0;4405257;3339336;2751;0;0
FR;3;2021-08-02;418;5156;22;0;0;4405675;3344492;2773;0;0
FR;3;2021-08-03;486;7593;27;0;0;4406161;3352085;2800;0;0
FR;3;2021-08-04;435;4892;26;0;0;4406596;3356977;2826;0;0
FR;3;2021-08-05;428;3742;12;0;0;4407024;3360719;2838;0;0
FR;3;2021-08-06;451;4798;30;0;0;4407475;3365517;2868;0;0
FR;3;2021-08-07;214;1923;11;0;0;4407689;3367440;2879;0;0
FR;3;2021-08-08;245;433;2;0;0;4407934;3367873;2881;0;0
FR;3;2021-08-09;311;2509;11;0;0;4408245;3370382;2892;0;0
FR;3;2021-08-10;359;3887;15;0;0;4408604;3374269;2907;0;0
FR;3;2021-08-11;285;2722;15;0;0;4408889;3376991;2922;0;0
FR;3;2021-08-12;276;2630;12;0;0;4409165;3379621;2934;0;0
FR;3;2021-08-13;276;2268;16;0;0;4409441;3381889;2950;0;0
FR;3;2021-08-14;169;920;1;0;0;4409610;3382809;2951;0;0
FR;3;2021-08-15;55;171;0;0;0;4409665;3382980;2951;0;0
FR;3;2021-08-16;123;1092;8;0;0;4409788;3384072;2959;0;0
FR;3;2021-08-17;186;1506;8;0;0;4409974;3385578;2967;0;0
FR;3;2021-08-18;198;1373;10;0;0;4410172;3386951;2977;0;0
FR;3;2021-08-19;165;1424;10;0;0;4410337;3388375;2987;0;0
FR;3;2021-08-20;163;1635;16;0;0;4410500;3390010;3003;0;0
FR;3;2021-08-21;93;585;2;0;0;4410593;3390595;3005;0;0
FR;3;2021-08-22;39;189;1;0;0;4410632;3390784;3006;0;0
FR;3;2021-08-23;140;933;7;0;0;4410772;3391717;3013;0;0
FR;3;2021-08-24;123;962;10;0;0;4410895;3392679;3023;0;0
FR;3;2021-08-25;136;844;2;0;0;4411031;3393523;3025;0;0
FR;3;2021-08-26;168;872;9;0;0;4411199;3394395;3034;0;0
FR;3;2021-08-27;172;964;9;0;0;4411371;3395359;3043;0;0
FR;3;2021-08-28;98;373;4;0;0;4411469;3395732;3047;0;0
FR;3;2021-08-29;126;133;1;0;0;4411595;3395865;3048;0;0
FR;3;2021-08-30;96;601;0;0;136;4411691;3396466;3048;0;136
FR;3;2021-08-31;127;720;7;0;157;4411818;3397186;3055;0;293
FR;3;2021-09-01;113;483;5;0;126;4411931;3397669;3060;0;419
FR;3;2021-09-02;99;634;22;0;122;4412030;3398303;3082;0;541
FR;3;2021-09-03;114;589;17;0;127;4412144;3398892;3099;0;668
FR;3;2021-09-04;51;298;3;0;58;4412195;3399190;3102;0;726
FR;3;2021-09-05;51;68;5;0;29;4412246;3399258;3107;0;755
FR;3;2021-09-06;113;397;4;0;145;4412359;3399655;3111;0;900
FR;3;2021-09-07;122;478;14;0;132;4412481;3400133;3125;0;1032
FR;3;2021-09-08;115;372;2;0;104;4412596;3400505;3127;0;1136
FR;3;2021-09-09;91;399;8;0;115;4412687;3400904;3135;0;1251
FR;3;2021-09-10;100;426;3;0;105;4412787;3401330;3138;0;1356
FR;3;2021-09-11;73;238;4;0;65;4412860;3401568;3142;0;1421
FR;3;2021-09-12;36;48;1;0;17;4412896;3401616;3143;0;1438
FR;3;2021-09-13;68;327;7;0;112;4412964;3401943;3150;0;1550
FR;3;2021-09-14;68;294;6;0;108;4413032;3402237;3156;0;1658
FR;3;2021-09-15;59;266;3;0;6;4413091;3402503;3159;0;1664
FR;3;2021-09-16;59;345;5;0;5;4413150;3402848;3164;0;1669
FR;3;2021-09-17;49;349;3;0;7;4413199;3403197;3167;0;1676
FR;3;2021-09-18;35;175;1;0;1;4413234;3403372;3168;0;1677
FR;3;2021-09-19;27;32;2;0;1;4413261;3403404;3170;0;1678
FR;3;2021-09-20;79;215;0;0;1;4413340;3403619;3170;0;1679
FR;3;2021-09-21;56;288;6;0;7;4413396;3403907;3176;0;1686
FR;3;2021-09-22;62;231;6;0;7;4413458;3404138;3182;0;1693
FR;3;2021-09-23;34;272;10;0;6;4413492;3404410;3192;0;1699
FR;3;2021-09-24;23;322;12;0;19;4413515;3404732;3204;0;1718
FR;3;2021-09-25;29;153;3;0;3;4413544;3404885;3207;0;1721
FR;3;2021-09-26;15;55;1;0;1;4413559;3404940;3208;0;1722
FR;3;2021-09-27;39;291;3;0;5;4413598;3405231;3211;0;1727
FR;3;2021-09-28;49;255;6;0;10;4413647;3405486;3217;0;1737
FR;3;2021-09-29;34;222;10;0;13;4413681;3405708;3227;0;1750
FR;3;2021-09-30;38;202;8;0;10;4413719;3405910;3235;0;1760
FR;3;2021-10-01;17;170;5;0;6;4413736;3406080;3240;0;1766
FR;3;2021-10-02;14;91;0;0;0;4413750;3406171;3240;0;1766
FR;3;2021-10-03;18;20;1;0;2;4413768;3406191;3241;0;1768
FR;3;2021-10-04;30;164;4;0;4;4413798;3406355;3245;0;1772
FR;3;2021-10-05;16;155;10;0;13;4413814;3406510;3255;0;1785
FR;3;2021-10-06;30;160;7;0;8;4413844;3406670;3262;0;1793
FR;3;2021-10-07;17;144;6;0;6;4413861;3406814;3268;0;1799
FR;3;2021-10-08;20;144;10;0;9;4413881;3406958;3278;0;1808
FR;3;2021-10-09;12;73;1;0;1;4413893;3407031;3279;0;1809
FR;3;2021-10-10;9;16;2;0;2;4413902;3407047;3281;0;1811
FR;3;2021-10-11;14;126;4;0;5;4413916;3407173;3285;0;1816
FR;3;2021-10-12;16;118;4;0;4;4413932;3407291;3289;0;1820
FR;3;2021-10-13;23;121;7;0;5;4413955;3407412;3296;0;1825
FR;3;2021-10-14;16;161;3;0;4;4413971;3407573;3299;0;1829
FR;3;2021-10-15;21;156;8;0;11;4413992;3407729;3307;0;1840
FR;3;2021-10-16;10;80;6;0;8;4414002;3407809;3313;0;1848
FR;3;2021-10-17;9;24;0;0;0;4414011;3407833;3313;0;1848
FR;3;2021-10-18;17;129;2;0;1;4414028;3407962;3315;0;1849
FR;3;2021-10-19;16;127;19;0;21;4414044;3408089;3334;0;1870
FR;3;2021-10-20;20;132;5;0;6;4414064;3408221;3339;0;1876
FR;3;2021-10-21;23;137;17;0;13;4414087;3408358;3356;0;1889
FR;3;2021-10-22;17;129;16;0;20;4414104;3408487;3372;0;1909
FR;3;2021-10-23;12;58;2;0;1;4414116;3408545;3374;0;1910
FR;3;2021-10-24;7;29;0;0;0;4414123;3408574;3374;0;1910
FR;3;2021-10-25;21;155;6;0;6;4414144;3408729;3380;0;1916
FR;3;2021-10-26;18;118;22;0;19;4414162;3408847;3402;0;1935
FR;3;2021-10-27;15;118;9;0;9;4414177;3408965;3411;0;1944
FR;3;2021-10-28;19;127;33;0;36;4414196;3409092;3444;0;1980
FR;3;2021-10-29;10;125;64;0;54;4414206;3409217;3508;0;2034
FR;3;2021-10-30;8;71;11;1;10;4414214;3409288;3519;1;2044
FR;3;2021-10-31;5;23;1;0;1;4414219;3409311;3520;1;2045
FR;3;2021-11-01;6;22;2;0;1;4414225;3409333;3522;1;2046
FR;3;2021-11-02;9;108;8;0;10;4414234;3409441;3530;1;2056
FR;3;2021-11-03;19;124;10;0;10;4414253;3409565;3540;1;2066
FR;3;2021-11-04;15;99;3;0;2;4414268;3409664;3543;1;2068
FR;3;2021-11-05;17;148;8;1;5;4414285;3409812;3551;2;2073
FR;3;2021-11-06;6;67;3;0;3;4414291;3409879;3554;2;2076
FR;3;2021-11-07;6;21;1;0;1;4414297;3409900;3555;2;2077
FR;3;2021-11-08;11;144;7;0;5;4414308;3410044;3562;2;2082
FR;3;2021-11-09;9;153;5;0;5;4414317;3410197;3567;2;2087
FR;3;2021-11-10;11;188;13;0;15;4414328;3410385;3580;2;2102
FR;3;2021-11-11;8;54;3;0;3;4414336;3410439;3583;2;2105
FR;3;2021-11-12;9;161;6;0;4;4414345;3410600;3589;2;2109
FR;3;2021-11-13;5;80;8;0;10;4414350;3410680;3597;2;2119
FR;3;2021-11-14;2;20;0;0;0;4414352;3410700;3597;2;2119
FR;3;2021-11-15;4;195;9;0;9;4414356;3410895;3606;2;2128
FR;3;2021-11-16;2;170;11;0;10;4414358;3411065;3617;2;2138
FR;3;2021-11-17;6;185;10;0;7;4414364;3411250;3627;2;2145
FR;3;2021-11-18;10;180;10;0;11;4414374;3411430;3637;2;2156
FR;3;2021-11-19;5;235;22;0;27;4414379;3411665;3659;2;2183
FR;3;2021-11-20;6;120;5;0;5;4414385;3411785;3664;2;2188
FR;3;2021-11-21;3;28;3;0;3;4414388;3411813;3667;2;2191
FR;3;2021-11-22;10;240;10;0;10;4414398;3412053;3677;2;2201
FR;3;2021-11-23;6;236;15;0;14;4414404;3412289;3692;2;2215
FR;3;2021-11-24;5;246;9;0;17;4414409;3412535;3701;2;2232
FR;3;2021-11-25;9;289;11;0;10;4414418;3412824;3712;2;2242
FR;3;2021-11-26;5;374;34;0;31;4414423;3413198;3746;2;2273
FR;3;2021-11-27;6;176;19;0;20;4414429;3413374;3765;2;2293
FR;3;2021-11-28;2;64;7;0;7;4414431;3413438;3772;2;2300
FR;3;2021-11-29;4;329;19;0;20;4414435;3413767;3791;2;2320
FR;3;2021-11-30;5;420;26;0;29;4414440;3414187;3817;2;2349
FR;3;2021-12-01;18;470;32;0;33;4414458;3414657;3849;2;2382
FR;3;2021-12-02;9;498;33;0;36;4414467;3415155;3882;2;2418
FR;3;2021-12-03;3;570;37;0;38;4414470;3415725;3919;2;2456
FR;3;2021-12-04;3;282;26;0;28;4414473;3416007;3945;2;2484
FR;3;2021-12-05;1;83;5;0;5;4414474;3416090;3950;2;2489
FR;3;2021-12-06;5;512;14;0;16;4414479;3416602;3964;2;2505
FR;3;2021-12-07;4;610;20;0;24;4414483;3417212;3984;2;2529
FR;3;2021-12-08;3;543;29;0;30;4414486;3417755;4013;2;2559
FR;3;2021-12-09;3;591;17;0;22;4414489;3418346;4030;2;2581
FR;3;2021-12-10;9;635;29;0;25;4414498;3418981;4059;2;2606
FR;3;2021-12-11;4;391;10;0;9;4414502;3419372;4069;2;2615
FR;3;2021-12-12;1;121;3;0;3;4414503;3419493;4072;2;2618
FR;3;2021-12-13;2;603;19;0;21;4414505;3420096;4091;2;2639
FR;3;2021-12-14;7;766;18;0;21;4414512;3420862;4109;2;2660
FR;3;2021-12-15;9;725;17;0;21;4414521;3421587;4126;2;2681
FR;3;2021-12-16;9;735;19;0;18;4414530;3422322;4145;2;2699
FR;3;2021-12-17;4;800;18;0;19;4414534;3423122;4163;2;2718
FR;3;2021-12-18;4;413;4;0;5;4414538;3423535;4167;2;2723
FR;3;2021-12-19;3;206;2;0;2;4414541;3423741;4169;2;2725
FR;3;2021-12-20;8;724;23;0;28;4414549;3424465;4192;2;2753
FR;3;2021-12-21;3;813;10;0;13;4414552;3425278;4202;2;2766
FR;3;2021-12-22;6;762;9;0;10;4414558;3426040;4211;2;2776
FR;3;2021-12-23;1;653;9;0;8;4414559;3426693;4220;2;2784
FR;3;2021-12-24;2;272;3;0;6;4414561;3426965;4223;2;2790
FR;3;2021-12-25;0;25;0;0;0;4414561;3426990;4223;2;2790
FR;3;2021-12-26;0;95;1;0;1;4414561;3427085;4224;2;2791
FR;3;2021-12-27;7;543;17;0;19;4414568;3427628;4241;2;2810
FR;3;2021-12-28;1;691;6;0;5;4414569;3428319;4247;2;2815
FR;3;2021-12-29;4;575;14;0;16;4414573;3428894;4261;2;2831
FR;3;2021-12-30;1;601;7;0;10;4414574;3429495;4268;2;2841
FR;3;2021-12-31;0;207;5;0;6;4414574;3429702;4273;2;2847
FR;3;2022-01-01;0;27;0;0;2;4414574;3429729;4273;2;2849
FR;3;2022-01-02;0;82;0;0;0;4414574;3429811;4273;2;2849
FR;3;2022-01-03;3;564;17;0;20;4414577;3430375;4290;2;2869
FR;3;2022-01-04;6;624;9;0;8;4414583;3430999;4299;2;2877
FR;3;2022-01-05;4;554;10;0;14;4414587;3431553;4309;2;2891
FR;3;2022-01-06;5;549;9;0;12;4414592;3432102;4318;2;2903
FR;3;2022-01-07;2;577;11;0;14;4414594;3432679;4329;2;2917
FR;3;2022-01-08;2;285;4;0;5;4414596;3432964;4333;2;2922
FR;3;2022-01-09;0;118;0;0;0;4414596;3433082;4333;2;2922
FR;3;2022-01-10;2;479;12;0;12;4414598;3433561;4345;2;2934
FR;3;2022-01-11;2;533;1;0;1;4414600;3434094;4346;2;2935
FR;3;2022-01-12;2;446;9;0;10;4414602;3434540;4355;2;2945
FR;3;2022-01-13;3;426;11;0;12;4414605;3434966;4366;2;2957
FR;3;2022-01-14;3;478;10;0;12;4414608;3435444;4376;2;2969
FR;3;2022-01-15;0;298;2;0;3;4414608;3435742;4378;2;2972
FR;3;2022-01-16;0;116;1;0;1;4414608;3435858;4379;2;2973
FR;3;2022-01-17;2;351;8;0;10;4414610;3436209;4387;2;2983
FR;3;2022-01-18;2;416;1;0;2;4414612;3436625;4388;2;2985
FR;3;2022-01-19;1;350;5;0;10;4414613;3436975;4393;2;2995
FR;3;2022-01-20;1;379;5;0;3;4414614;3437354;4398;2;2998
FR;3;2022-01-21;2;376;5;0;8;4414616;3437730;4403;2;3006
FR;3;2022-01-22;2;232;1;0;2;4414618;3437962;4404;2;3008
FR;3;2022-01-23;0;82;0;0;1;4414618;3438044;4404;2;3009
FR;3;2022-01-24;2;351;1;0;6;4414620;3438395;4405;2;3015
FR;3;2022-01-25;0;193;0;0;0;4414620;3438588;4405;2;3015
FR;3;2022-01-26;0;89;0;0;0;4414620;3438677;4405;2;3015
FR;3;2022-01-27;0;59;0;0;0;4414620;3438736;4405;2;3015
FR;3;2022-01-28;0;134;0;0;0;4414620;3438870;4405;2;3015
FR;3;2022-01-29;0;110;0;0;0;4414620;3438980;4405;2;3015
FR;3;2022-01-30;0;51;0;0;0;4414620;3439031;4405;2;3015
FR;3;2022-01-31;0;98;0;0;0;4414620;3439129;4405;2;3015
FR;3;2022-02-01;0;108;0;0;1;4414620;3439237;4405;2;3016
FR;3;2022-02-02;0;97;0;0;0;4414620;3439334;4405;2;3016
FR;3;2022-02-03;0;101;0;0;0;4414620;3439435;4405;2;3016
FR;3;2022-02-04;0;124;0;0;0;4414620;3439559;4405;2;3016
FR;3;2022-02-05;0;73;0;0;0;4414620;3439632;4405;2;3016
FR;3;2022-02-06;0;11;0;0;0;4414620;3439643;4405;2;3016
FR;3;2022-02-07;0;89;0;0;1;4414620;3439732;4405;2;3017
FR;3;2022-02-08;0;0;0;0;0;4414620;3439732;4405;2;3017
FR;3;2022-02-09;0;0;0;0;0;4414620;3439732;4405;2;3017
FR;3;2022-02-10;0;0;0;0;0;4414620;3439732;4405;2;3017
FR;3;2022-02-11;0;0;0;0;0;4414620;3439732;4405;2;3017
FR;3;2022-02-12;0;0;0;0;0;4414620;3439732;4405;2;3017
FR;3;2022-02-13;0;0;0;0;0;4414620;3439732;4405;2;3017
FR;3;2022-02-14;0;0;0;0;0;4414620;3439732;4405;2;3017
FR;3;2022-02-15;0;0;0;0;0;4414620;3439732;4405;2;3017
FR;3;2022-02-16;0;0;0;0;0;4414620;3439732;4405;2;3017
FR;3;2022-02-17;0;0;0;0;0;4414620;3439732;4405;2;3017
FR;3;2022-02-18;0;0;0;0;0;4414620;3439732;4405;2;3017
FR;3;2022-02-19;0;0;0;0;0;4414620;3439732;4405;2;3017
FR;3;2022-02-20;0;0;0;0;0;4414620;3439732;4405;2;3017
FR;3;2022-02-21;2;0;0;0;0;4414622;3439732;4405;2;3017
FR;3;2022-02-22;0;0;0;0;0;4414622;3439732;4405;2;3017
FR;3;2022-02-23;0;0;0;0;0;4414622;3439732;4405;2;3017
FR;3;2022-02-24;0;0;0;0;0;4414622;3439732;4405;2;3017
FR;3;2022-02-25;0;0;0;0;0;4414622;3439732;4405;2;3017
FR;3;2022-02-26;0;0;0;0;0;4414622;3439732;4405;2;3017
FR;3;2022-02-27;0;0;0;0;0;4414622;3439732;4405;2;3017
FR;3;2022-02-28;1;0;0;0;0;4414623;3439732;4405;2;3017
FR;3;2022-03-01;1;0;0;0;0;4414624;3439732;4405;2;3017
FR;3;2022-03-02;0;0;0;0;0;4414624;3439732;4405;2;3017
FR;3;2022-03-03;0;0;0;0;0;4414624;3439732;4405;2;3017
FR;3;2022-03-04;0;0;0;0;0;4414624;3439732;4405;2;3017
FR;3;2022-03-05;0;0;0;0;0;4414624;3439732;4405;2;3017
FR;3;2022-03-06;1;0;0;0;0;4414625;3439732;4405;2;3017
FR;3;2022-03-07;0;0;0;0;0;4414625;3439732;4405;2;3017
FR;3;2022-03-08;1;0;0;0;0;4414626;3439732;4405;2;3017
FR;3;2022-03-09;0;0;0;0;0;4414626;3439732;4405;2;3017
FR;3;2022-03-10;0;0;0;0;0;4414626;3439732;4405;2;3017
FR;3;2022-03-11;0;0;0;0;0;4414626;3439732;4405;2;3017
FR;3;2022-03-12;0;0;0;0;0;4414626;3439732;4405;2;3017
FR;3;2022-03-13;0;0;0;0;0;4414626;3439732;4405;2;3017
FR;3;2022-03-14;0;0;0;0;0;4414626;3439732;4405;2;3017
FR;3;2022-03-15;0;0;0;0;0;4414626;3439732;4405;2;3017
FR;3;2022-03-16;0;0;0;0;0;4414626;3439732;4405;2;3017
FR;3;2022-03-17;0;0;0;0;0;4414626;3439732;4405;2;3017
FR;3;2022-03-18;0;0;0;0;0;4414626;3439732;4405;2;3017
FR;3;2022-03-19;0;0;0;0;0;4414626;3439732;4405;2;3017
FR;3;2022-03-20;1;0;0;0;0;4414627;3439732;4405;2;3017
FR;3;2022-03-21;0;0;0;0;0;4414627;3439732;4405;2;3017
FR;3;2022-03-22;0;0;0;0;0;4414627;3439732;4405;2;3017
FR;3;2022-03-23;1;0;0;0;0;4414628;3439732;4405;2;3017
FR;3;2022-03-24;0;0;0;0;0;4414628;3439732;4405;2;3017
FR;3;2022-03-25;1;0;0;0;0;4414629;3439732;4405;2;3017
FR;3;2022-03-26;0;0;0;0;0;4414629;3439732;4405;2;3017
FR;3;2022-03-27;0;0;0;0;0;4414629;3439732;4405;2;3017
FR;3;2022-03-28;0;0;0;0;0;4414629;3439732;4405;2;3017
FR;3;2022-03-29;0;0;0;0;0;4414629;3439732;4405;2;3017
FR;3;2022-03-30;0;0;0;0;0;4414629;3439732;4405;2;3017
FR;3;2022-03-31;0;0;0;0;0;4414629;3439732;4405;2;3017
FR;3;2022-04-01;0;0;0;0;0;4414629;3439732;4405;2;3017
FR;3;2022-04-02;0;0;0;0;0;4414629;3439732;4405;2;3017
FR;3;2022-04-03;0;0;0;0;0;4414629;3439732;4405;2;3017
FR;3;2022-04-04;0;0;0;0;0;4414629;3439732;4405;2;3017
FR;3;2022-04-05;0;0;0;0;0;4414629;3439732;4405;2;3017
FR;3;2022-04-06;0;0;0;0;0;4414629;3439732;4405;2;3017
FR;3;2022-04-07;0;0;0;0;0;4414629;3439732;4405;2;3017
FR;3;2022-04-08;0;0;0;0;0;4414629;3439732;4405;2;3017
FR;3;2022-04-09;0;0;0;0;0;4414629;3439732;4405;2;3017
FR;3;2022-04-10;0;0;0;0;0;4414629;3439732;4405;2;3017
FR;3;2022-04-11;0;0;0;0;0;4414629;3439732;4405;2;3017
FR;3;2022-04-12;0;0;0;0;0;4414629;3439732;4405;2;3017
FR;3;2022-04-13;0;0;0;0;0;4414629;3439732;4405;2;3017
FR;3;2022-04-14;0;0;0;0;0;4414629;3439732;4405;2;3017
FR;3;2022-04-15;1;0;0;0;0;4414630;3439732;4405;2;3017
FR;3;2022-04-16;0;0;0;0;0;4414630;3439732;4405;2;3017
FR;3;2022-04-17;0;0;0;0;0;4414630;3439732;4405;2;3017
FR;3;2022-04-18;0;0;0;0;0;4414630;3439732;4405;2;3017
FR;3;2022-04-19;0;0;0;0;0;4414630;3439732;4405;2;3017
FR;3;2022-04-20;0;0;0;0;0;4414630;3439732;4405;2;3017
FR;3;2022-04-21;0;0;0;0;0;4414630;3439732;4405;2;3017
FR;3;2022-04-22;0;0;0;0;0;4414630;3439732;4405;2;3017
FR;3;2022-04-23;0;0;0;0;0;4414630;3439732;4405;2;3017
FR;3;2022-04-24;0;0;0;0;0;4414630;3439732;4405;2;3017
FR;3;2022-04-25;0;0;0;0;0;4414630;3439732;4405;2;3017
FR;3;2022-04-26;0;0;0;0;0;4414630;3439732;4405;2;3017
FR;3;2022-04-27;0;0;0;0;0;4414630;3439732;4405;2;3017
FR;3;2022-04-28;0;0;0;0;0;4414630;3439732;4405;2;3017
FR;3;2022-04-29;0;0;0;0;0;4414630;3439732;4405;2;3017
FR;3;2022-04-30;0;0;0;0;0;4414630;3439732;4405;2;3017
FR;3;2022-05-01;0;0;0;0;0;4414630;3439732;4405;2;3017
FR;4;2020-12-27;0;0;0;0;0;0;0;0;0;0
FR;4;2020-12-28;0;0;0;0;0;0;0;0;0;0
FR;4;2020-12-29;0;0;0;0;0;0;0;0;0;0
FR;4;2020-12-30;0;0;0;0;0;0;0;0;0;0
FR;4;2020-12-31;0;0;0;0;0;0;0;0;0;0
FR;4;2021-01-01;0;0;0;0;0;0;0;0;0;0
FR;4;2021-01-02;0;0;0;0;0;0;0;0;0;0
FR;4;2021-01-03;0;0;0;0;0;0;0;0;0;0
FR;4;2021-01-04;0;0;0;0;0;0;0;0;0;0
FR;4;2021-01-05;0;0;0;0;0;0;0;0;0;0
FR;4;2021-01-06;0;0;0;0;0;0;0;0;0;0
FR;4;2021-01-07;0;0;0;0;0;0;0;0;0;0
FR;4;2021-01-08;0;0;0;0;0;0;0;0;0;0
FR;4;2021-01-09;0;0;0;0;0;0;0;0;0;0
FR;4;2021-01-10;0;0;0;0;0;0;0;0;0;0
FR;4;2021-01-11;0;0;0;0;0;0;0;0;0;0
FR;4;2021-01-12;0;0;0;0;0;0;0;0;0;0
FR;4;2021-01-13;0;0;0;0;0;0;0;0;0;0
FR;4;2021-01-14;0;0;0;0;0;0;0;0;0;0
FR;4;2021-01-15;0;0;0;0;0;0;0;0;0;0
FR;4;2021-01-16;0;0;0;0;0;0;0;0;0;0
FR;4;2021-01-17;0;0;0;0;0;0;0;0;0;0
FR;4;2021-01-18;0;0;0;0;0;0;0;0;0;0
FR;4;2021-01-19;0;0;0;0;0;0;0;0;0;0
FR;4;2021-01-20;0;0;0;0;0;0;0;0;0;0
FR;4;2021-01-21;0;0;0;0;0;0;0;0;0;0
FR;4;2021-01-22;0;0;0;0;0;0;0;0;0;0
FR;4;2021-01-23;0;0;0;0;0;0;0;0;0;0
FR;4;2021-01-24;0;0;0;0;0;0;0;0;0;0
FR;4;2021-01-25;0;0;0;0;0;0;0;0;0;0
FR;4;2021-01-26;0;0;0;0;0;0;0;0;0;0
FR;4;2021-01-27;0;0;0;0;0;0;0;0;0;0
FR;4;2021-01-28;0;0;0;0;0;0;0;0;0;0
FR;4;2021-01-29;0;0;0;0;0;0;0;0;0;0
FR;4;2021-01-30;0;0;0;0;0;0;0;0;0;0
FR;4;2021-01-31;0;0;0;0;0;0;0;0;0;0
FR;4;2021-02-01;0;0;0;0;0;0;0;0;0;0
FR;4;2021-02-02;0;0;0;0;0;0;0;0;0;0
FR;4;2021-02-03;0;0;0;0;0;0;0;0;0;0
FR;4;2021-02-04;0;0;0;0;0;0;0;0;0;0
FR;4;2021-02-05;0;0;0;0;0;0;0;0;0;0
FR;4;2021-02-06;0;0;0;0;0;0;0;0;0;0
FR;4;2021-02-07;0;0;0;0;0;0;0;0;0;0
FR;4;2021-02-08;0;0;0;0;0;0;0;0;0;0
FR;4;2021-02-09;0;0;0;0;0;0;0;0;0;0
FR;4;2021-02-10;0;0;0;0;0;0;0;0;0;0
FR;4;2021-02-11;0;0;0;0;0;0;0;0;0;0
FR;4;2021-02-12;0;0;0;0;0;0;0;0;0;0
FR;4;2021-02-13;0;0;0;0;0;0;0;0;0;0
FR;4;2021-02-14;0;0;0;0;0;0;0;0;0;0
FR;4;2021-02-15;0;0;0;0;0;0;0;0;0;0
FR;4;2021-02-16;0;0;0;0;0;0;0;0;0;0
FR;4;2021-02-17;0;0;0;0;0;0;0;0;0;0
FR;4;2021-02-18;0;0;0;0;0;0;0;0;0;0
FR;4;2021-02-19;0;0;0;0;0;0;0;0;0;0
FR;4;2021-02-20;0;0;0;0;0;0;0;0;0;0
FR;4;2021-02-21;0;0;0;0;0;0;0;0;0;0
FR;4;2021-02-22;0;0;0;0;0;0;0;0;0;0
FR;4;2021-02-23;0;0;0;0;0;0;0;0;0;0
FR;4;2021-02-24;0;0;0;0;0;0;0;0;0;0
FR;4;2021-02-25;0;0;0;0;0;0;0;0;0;0
FR;4;2021-02-26;0;0;0;0;0;0;0;0;0;0
FR;4;2021-02-27;0;0;0;0;0;0;0;0;0;0
FR;4;2021-02-28;0;0;0;0;0;0;0;0;0;0
FR;4;2021-03-01;0;0;0;0;0;0;0;0;0;0
FR;4;2021-03-02;0;0;0;0;0;0;0;0;0;0
FR;4;2021-03-03;0;0;0;0;0;0;0;0;0;0
FR;4;2021-03-04;0;0;0;0;0;0;0;0;0;0
FR;4;2021-03-05;0;0;0;0;0;0;0;0;0;0
FR;4;2021-03-06;0;0;0;0;0;0;0;0;0;0
FR;4;2021-03-07;0;0;0;0;0;0;0;0;0;0
FR;4;2021-03-08;0;0;0;0;0;0;0;0;0;0
FR;4;2021-03-09;0;0;0;0;0;0;0;0;0;0
FR;4;2021-03-10;0;0;0;0;0;0;0;0;0;0
FR;4;2021-03-11;0;0;0;0;0;0;0;0;0;0
FR;4;2021-03-12;0;0;0;0;0;0;0;0;0;0
FR;4;2021-03-13;0;0;0;0;0;0;0;0;0;0
FR;4;2021-03-14;0;0;0;0;0;0;0;0;0;0
FR;4;2021-03-15;0;0;0;0;0;0;0;0;0;0
FR;4;2021-03-16;0;0;0;0;0;0;0;0;0;0
FR;4;2021-03-17;0;0;0;0;0;0;0;0;0;0
FR;4;2021-03-18;0;0;0;0;0;0;0;0;0;0
FR;4;2021-03-19;0;0;0;0;0;0;0;0;0;0
FR;4;2021-03-20;0;0;0;0;0;0;0;0;0;0
FR;4;2021-03-21;0;0;0;0;0;0;0;0;0;0
FR;4;2021-03-22;0;0;0;0;0;0;0;0;0;0
FR;4;2021-03-23;0;0;0;0;0;0;0;0;0;0
FR;4;2021-03-24;0;0;0;0;0;0;0;0;0;0
FR;4;2021-03-25;0;0;0;0;0;0;0;0;0;0
FR;4;2021-03-26;0;0;0;0;0;0;0;0;0;0
FR;4;2021-03-27;0;0;0;0;0;0;0;0;0;0
FR;4;2021-03-28;0;0;0;0;0;0;0;0;0;0
FR;4;2021-03-29;0;0;0;0;0;0;0;0;0;0
FR;4;2021-03-30;0;0;0;0;0;0;0;0;0;0
FR;4;2021-03-31;0;0;0;0;0;0;0;0;0;0
FR;4;2021-04-01;0;0;0;0;0;0;0;0;0;0
FR;4;2021-04-02;0;0;0;0;0;0;0;0;0;0
FR;4;2021-04-03;0;0;0;0;0;0;0;0;0;0
FR;4;2021-04-04;0;0;0;0;0;0;0;0;0;0
FR;4;2021-04-05;0;0;0;0;0;0;0;0;0;0
FR;4;2021-04-06;0;0;0;0;0;0;0;0;0;0
FR;4;2021-04-07;0;0;0;0;0;0;0;0;0;0
FR;4;2021-04-08;0;0;0;0;0;0;0;0;0;0
FR;4;2021-04-09;0;0;0;0;0;0;0;0;0;0
FR;4;2021-04-10;0;0;0;0;0;0;0;0;0;0
FR;4;2021-04-11;0;0;0;0;0;0;0;0;0;0
FR;4;2021-04-12;0;0;0;0;0;0;0;0;0;0
FR;4;2021-04-13;0;0;0;0;0;0;0;0;0;0
FR;4;2021-04-14;0;0;0;0;0;0;0;0;0;0
FR;4;2021-04-15;0;0;0;0;0;0;0;0;0;0
FR;4;2021-04-16;0;0;0;0;0;0;0;0;0;0
FR;4;2021-04-17;0;0;0;0;0;0;0;0;0;0
FR;4;2021-04-18;0;0;0;0;0;0;0;0;0;0
FR;4;2021-04-19;0;0;0;0;0;0;0;0;0;0
FR;4;2021-04-20;0;0;0;0;0;0;0;0;0;0
FR;4;2021-04-21;0;0;0;0;0;0;0;0;0;0
FR;4;2021-04-22;0;0;0;0;0;0;0;0;0;0
FR;4;2021-04-23;4048;0;0;0;0;4048;0;0;0;0
FR;4;2021-04-24;1569;0;0;0;0;5617;0;0;0;0
FR;4;2021-04-25;125;0;0;0;0;5742;0;0;0;0
FR;4;2021-04-26;2869;1;0;0;0;8611;1;0;0;0
FR;4;2021-04-27;9519;3;0;0;0;18130;4;0;0;0
FR;4;2021-04-28;9904;6;0;0;0;28034;10;0;0;0
FR;4;2021-04-29;15991;8;0;0;0;44025;18;0;0;0
FR;4;2021-04-30;19227;10;0;0;0;63252;28;0;0;0
FR;4;2021-05-01;1990;6;0;0;0;65242;34;0;0;0
FR;4;2021-05-02;482;0;0;0;0;65724;34;0;0;0
FR;4;2021-05-03;5057;2;0;0;0;70781;36;0;0;0
FR;4;2021-05-04;8397;10;0;0;0;79178;46;0;0;0
FR;4;2021-05-05;6179;7;0;0;0;85357;53;0;0;0
FR;4;2021-05-06;11378;11;0;0;0;96735;64;0;0;0
FR;4;2021-05-07;19117;9;0;0;0;115852;73;0;0;0
FR;4;2021-05-08;2376;6;0;0;0;118228;79;0;0;0
FR;4;2021-05-09;685;3;0;0;0;118913;82;0;0;0
FR;4;2021-05-10;7238;5;1;0;0;126151;87;1;0;0
FR;4;2021-05-11;14312;12;0;0;0;140463;99;1;0;0
FR;4;2021-05-12;10158;15;0;0;0;150621;114;1;0;0
FR;4;2021-05-13;1578;3;0;0;0;152199;117;1;0;0
FR;4;2021-05-14;7756;6;0;0;0;159955;123;1;0;0
FR;4;2021-05-15;3716;8;1;0;0;163671;131;2;0;0
FR;4;2021-05-16;417;1;0;0;0;164088;132;2;0;0
FR;4;2021-05-17;4474;6;0;0;0;168562;138;2;0;0
FR;4;2021-05-18;8750;10;0;0;0;177312;148;2;0;0
FR;4;2021-05-19;5689;7;0;0;0;183001;155;2;0;0
FR;4;2021-05-20;9476;7;0;0;0;192477;162;2;0;0
FR;4;2021-05-21;12785;29;0;0;0;205262;191;2;0;0
FR;4;2021-05-22;5055;15;0;0;0;210317;206;2;0;0
FR;4;2021-05-23;494;4;0;0;0;210811;210;2;0;0
FR;4;2021-05-24;1052;7;0;0;0;211863;217;2;0;0
FR;4;2021-05-25;7618;15;0;0;0;219481;232;2;0;0
FR;4;2021-05-26;7721;16;0;0;0;227202;248;2;0;0
FR;4;2021-05-27;14329;35;0;0;0;241531;283;2;0;0
FR;4;2021-05-28;26580;82;1;0;0;268111;365;3;0;0
FR;4;2021-05-29;11381;18;0;0;0;279492;383;3;0;0
FR;4;2021-05-30;970;6;0;0;0;280462;389;3;0;0
FR;4;2021-05-31;12685;21;0;0;0;293147;410;3;0;0
FR;4;2021-06-01;20245;46;1;0;0;313392;456;4;0;0
FR;4;2021-06-02;14514;33;0;0;0;327906;489;4;0;0
FR;4;2021-06-03;19407;24;1;0;0;347313;513;5;0;0
FR;4;2021-06-04;22506;47;0;0;0;369819;560;5;0;0
FR;4;2021-06-05;9712;32;0;0;0;379531;592;5;0;0
FR;4;2021-06-06;1038;0;0;0;0;380569;592;5;0;0
FR;4;2021-06-07;9224;19;0;0;0;389793;611;5;0;0
FR;4;2021-06-08;14607;31;0;0;0;404400;642;5;0;0
FR;4;2021-06-09;12200;25;0;0;0;416600;667;5;0;0
FR;4;2021-06-10;15397;30;0;0;0;431997;697;5;0;0
FR;4;2021-06-11;16976;56;0;0;0;448973;753;5;0;0
FR;4;2021-06-12;7444;27;0;0;0;456417;780;5;0;0
FR;4;2021-06-13;908;2;0;0;0;457325;782;5;0;0
FR;4;2021-06-14;6648;25;0;0;0;463973;807;5;0;0
FR;4;2021-06-15;10881;37;0;0;0;474854;844;5;0;0
FR;4;2021-06-16;8904;15;0;0;0;483758;859;5;0;0
FR;4;2021-06-17;10896;36;0;0;0;494654;895;5;0;0
FR;4;2021-06-18;12418;45;0;0;0;507072;940;5;0;0
FR;4;2021-06-19;5566;25;0;0;0;512638;965;5;0;0
FR;4;2021-06-20;817;5;0;0;0;513455;970;5;0;0
FR;4;2021-06-21;5081;20;0;0;0;518536;990;5;0;0
FR;4;2021-06-22;7906;27;2;0;0;526442;1017;7;0;0
FR;4;2021-06-23;7088;39;2;0;0;533530;1056;9;0;0
FR;4;2021-06-24;8645;45;1;0;0;542175;1101;10;0;0
FR;4;2021-06-25;10172;39;2;0;0;552347;1140;12;0;0
FR;4;2021-06-26;4841;21;0;0;0;557188;1161;12;0;0
FR;4;2021-06-27;760;3;0;0;0;557948;1164;12;0;0
FR;4;2021-06-28;4818;16;1;0;0;562766;1180;13;0;0
FR;4;2021-06-29;7096;27;2;0;0;569862;1207;15;0;0
FR;4;2021-06-30;6705;39;2;0;0;576567;1246;17;0;0
FR;4;2021-07-01;8188;40;0;0;0;584755;1286;17;0;0
FR;4;2021-07-02;9411;52;1;0;0;594166;1338;18;0;0
FR;4;2021-07-03;4841;19;0;0;0;599007;1357;18;0;0
FR;4;2021-07-04;686;5;0;0;0;599693;1362;18;0;0
FR;4;2021-07-05;4765;19;2;0;0;604458;1381;20;0;0
FR;4;2021-07-06;7715;28;4;0;0;612173;1409;24;0;0
FR;4;2021-07-07;7066;34;2;0;0;619239;1443;26;0;0
FR;4;2021-07-08;9218;39;2;0;0;628457;1482;28;0;0
FR;4;2021-07-09;10273;33;1;0;0;638730;1515;29;0;0
FR;4;2021-07-10;4635;14;2;0;0;643365;1529;31;0;0
FR;4;2021-07-11;582;4;1;0;0;643947;1533;32;0;0
FR;4;2021-07-12;5868;29;0;0;0;649815;1562;32;0;0
FR;4;2021-07-13;14229;29;0;0;0;664044;1591;32;0;0
FR;4;2021-07-14;2282;14;0;0;0;666326;1605;32;0;0
FR;4;2021-07-15;18229;36;0;0;0;684555;1641;32;0;0
FR;4;2021-07-16;22816;70;2;0;0;707371;1711;34;0;0
FR;4;2021-07-17;9733;20;0;0;0;717104;1731;34;0;0
FR;4;2021-07-18;1353;4;0;0;0;718457;1735;34;0;0
FR;4;2021-07-19;12975;28;1;0;0;731432;1763;35;0;0
FR;4;2021-07-20;17328;26;1;0;0;748760;1789;36;0;0
FR;4;2021-07-21;15603;33;0;0;0;764363;1822;36;0;0
FR;4;2021-07-22;18237;44;2;0;0;782600;1866;38;0;0
FR;4;2021-07-23;20403;58;7;0;0;803003;1924;45;0;0
FR;4;2021-07-24;9278;32;0;0;0;812281;1956;45;0;0
FR;4;2021-07-25;1345;8;0;0;0;813626;1964;45;0;0
FR;4;2021-07-26;11027;20;0;0;0;824653;1984;45;0;0
FR;4;2021-07-27;14659;35;3;0;0;839312;2019;48;0;0
FR;4;2021-07-28;12919;26;2;0;0;852231;2045;50;0;0
FR;4;2021-07-29;14076;54;4;0;0;866307;2099;54;0;0
FR;4;2021-07-30;15476;45;2;0;0;881783;2144;56;0;0
FR;4;2021-07-31;6821;14;2;0;0;888604;2158;58;0;0
FR;4;2021-08-01;902;1;0;0;0;889506;2159;58;0;0
FR;4;2021-08-02;7896;29;0;0;0;897402;2188;58;0;0
FR;4;2021-08-03;10786;32;2;0;0;908188;2220;60;0;0
FR;4;2021-08-04;9724;29;0;0;0;917912;2249;60;0;0
FR;4;2021-08-05;9807;41;0;0;0;927719;2290;60;0;0
FR;4;2021-08-06;10178;31;3;0;0;937897;2321;63;0;0
FR;4;2021-08-07;5086;30;1;0;0;942983;2351;64;0;0
FR;4;2021-08-08;1214;13;0;0;0;944197;2364;64;0;0
FR;4;2021-08-09;6332;31;0;0;0;950529;2395;64;0;0
FR;4;2021-08-10;8739;19;0;0;0;959268;2414;64;0;0
FR;4;2021-08-11;7928;33;3;0;0;967196;2447;67;0;0
FR;4;2021-08-12;8581;29;1;0;0;975777;2476;68;0;0
FR;4;2021-08-13;7541;24;0;1;0;983318;2500;68;1;0
FR;4;2021-08-14;3782;20;0;0;0;987100;2520;68;1;0
FR;4;2021-08-15;769;5;0;0;0;987869;2525;68;1;0
FR;4;2021-08-16;4003;16;0;0;0;991872;2541;68;1;0
FR;4;2021-08-17;5614;16;1;0;0;997486;2557;69;1;0
FR;4;2021-08-18;5157;34;0;0;0;1002643;2591;69;1;0
FR;4;2021-08-19;5472;34;3;0;0;1008115;2625;72;1;0
FR;4;2021-08-20;5202;23;1;0;0;1013317;2648;73;1;0
FR;4;2021-08-21;2307;21;1;0;0;1015624;2669;74;1;0
FR;4;2021-08-22;401;2;0;0;0;1016025;2671;74;1;0
FR;4;2021-08-23;2921;19;1;0;0;1018946;2690;75;1;0
FR;4;2021-08-24;3743;15;0;0;0;1022689;2705;75;1;0
FR;4;2021-08-25;3535;25;0;0;0;1026224;2730;75;1;0
FR;4;2021-08-26;3699;20;2;0;0;1029923;2750;77;1;0
FR;4;2021-08-27;3601;31;2;0;0;1033524;2781;79;1;0
FR;4;2021-08-28;1722;9;1;0;0;1035246;2790;80;1;0
FR;4;2021-08-29;388;7;1;0;0;1035634;2797;81;1;0
FR;4;2021-08-30;2007;24;0;0;14;1037641;2821;81;1;14
FR;4;2021-08-31;2476;20;0;0;13;1040117;2841;81;1;27
FR;4;2021-09-01;2076;38;1;0;21;1042193;2879;82;1;48
FR;4;2021-09-02;2300;31;4;0;18;1044493;2910;86;1;66
FR;4;2021-09-03;2356;44;5;0;32;1046849;2954;91;1;98
FR;4;2021-09-04;1373;17;0;0;7;1048222;2971;91;1;105
FR;4;2021-09-05;428;2;0;0;2;1048650;2973;91;1;107
FR;4;2021-09-06;1703;62;0;0;23;1050353;3035;91;1;130
FR;4;2021-09-07;1672;18;0;0;8;1052025;3053;91;1;138
FR;4;2021-09-08;1279;27;3;1;20;1053304;3080;94;2;158
FR;4;2021-09-09;1385;23;2;0;9;1054689;3103;96;2;167
FR;4;2021-09-10;1515;31;2;0;23;1056204;3134;98;2;190
FR;4;2021-09-11;736;11;0;0;3;1056940;3145;98;2;193
FR;4;2021-09-12;168;4;0;0;2;1057108;3149;98;2;195
FR;4;2021-09-13;1313;21;1;0;15;1058421;3170;99;2;210
FR;4;2021-09-14;1497;9;2;0;6;1059918;3179;101;2;216
FR;4;2021-09-15;1090;27;1;0;24;1061008;3206;102;2;240
FR;4;2021-09-16;1095;22;2;0;15;1062103;3228;104;2;255
FR;4;2021-09-17;890;21;1;0;12;1062993;3249;105;2;267
FR;4;2021-09-18;462;6;1;0;5;1063455;3255;106;2;272
FR;4;2021-09-19;182;3;0;0;2;1063637;3258;106;2;274
FR;4;2021-09-20;442;18;0;0;12;1064079;3276;106;2;286
FR;4;2021-09-21;422;11;0;0;7;1064501;3287;106;2;293
FR;4;2021-09-22;372;19;2;0;13;1064873;3306;108;2;306
FR;4;2021-09-23;477;16;1;0;15;1065350;3322;109;2;321
FR;4;2021-09-24;408;13;2;0;9;1065758;3335;111;2;330
FR;4;2021-09-25;281;9;1;0;4;1066039;3344;112;2;334
FR;4;2021-09-26;72;2;0;0;1;1066111;3346;112;2;335
FR;4;2021-09-27;260;10;1;0;8;1066371;3356;113;2;343
FR;4;2021-09-28;314;8;0;0;8;1066685;3364;113;2;351
FR;4;2021-09-29;370;19;1;0;13;1067055;3383;114;2;364
FR;4;2021-09-30;359;40;0;0;21;1067414;3423;114;2;385
FR;4;2021-10-01;405;48;0;0;42;1067819;3471;114;2;427
FR;4;2021-10-02;194;22;1;0;13;1068013;3493;115;2;440
FR;4;2021-10-03;84;1;0;0;0;1068097;3494;115;2;440
FR;4;2021-10-04;354;19;1;0;15;1068451;3513;116;2;455
FR;4;2021-10-05;274;19;2;0;15;1068725;3532;118;2;470
FR;4;2021-10-06;242;21;1;0;17;1068967;3553;119;2;487
FR;4;2021-10-07;254;25;2;0;13;1069221;3578;121;2;500
FR;4;2021-10-08;351;23;2;0;19;1069572;3601;123;2;519
FR;4;2021-10-09;191;6;6;0;7;1069763;3607;129;2;526
FR;4;2021-10-10;95;3;2;0;3;1069858;3610;131;2;529
FR;4;2021-10-11;243;14;1;0;13;1070101;3624;132;2;542
FR;4;2021-10-12;202;14;0;0;13;1070303;3638;132;2;555
FR;4;2021-10-13;218;27;1;0;24;1070521;3665;133;2;579
FR;4;2021-10-14;307;21;4;0;15;1070828;3686;137;2;594
FR;4;2021-10-15;321;24;5;0;25;1071149;3710;142;2;619
FR;4;2021-10-16;163;6;2;0;6;1071312;3716;144;2;625
FR;4;2021-10-17;70;2;0;0;1;1071382;3718;144;2;626
FR;4;2021-10-18;276;16;1;0;12;1071658;3734;145;2;638
FR;4;2021-10-19;209;14;2;0;15;1071867;3748;147;2;653
FR;4;2021-10-20;224;27;3;0;14;1072091;3775;150;2;667
FR;4;2021-10-21;233;17;0;0;13;1072324;3792;150;2;680
FR;4;2021-10-22;209;26;2;0;21;1072533;3818;152;2;701
FR;4;2021-10-23;115;16;1;0;15;1072648;3834;153;2;716
FR;4;2021-10-24;37;4;0;0;1;1072685;3838;153;2;717
FR;4;2021-10-25;209;7;2;0;9;1072894;3845;155;2;726
FR;4;2021-10-26;196;14;0;0;12;1073090;3859;155;2;738
FR;4;2021-10-27;190;11;4;0;11;1073280;3870;159;2;749
FR;4;2021-10-28;180;18;4;0;21;1073460;3888;163;2;770
FR;4;2021-10-29;219;16;2;0;14;1073679;3904;165;2;784
FR;4;2021-10-30;101;2;1;0;2;1073780;3906;166;2;786
FR;4;2021-10-31;55;3;2;0;3;1073835;3909;168;2;789
FR;4;2021-11-01;74;27;4;0;24;1073909;3936;172;2;813
FR;4;2021-11-02;152;20;2;0;21;1074061;3956;174;2;834
FR;4;2021-11-03;128;20;8;1;18;1074189;3976;182;3;852
FR;4;2021-11-04;175;13;1;0;10;1074364;3989;183;3;862
FR;4;2021-11-05;123;17;1;0;16;1074487;4006;184;3;878
FR;4;2021-11-06;77;6;1;0;6;1074564;4012;185;3;884
FR;4;2021-11-07;74;2;2;0;4;1074638;4014;187;3;888
FR;4;2021-11-08;158;20;1;0;20;1074796;4034;188;3;908
FR;4;2021-11-09;151;14;3;0;16;1074947;4048;191;3;924
FR;4;2021-11-10;113;27;6;0;29;1075060;4075;197;3;953
FR;4;2021-11-11;81;10;0;0;10;1075141;4085;197;3;963
FR;4;2021-11-12;97;18;2;0;17;1075238;4103;199;3;980
FR;4;2021-11-13;73;15;2;0;14;1075311;4118;201;3;994
FR;4;2021-11-14;52;5;3;0;7;1075363;4123;204;3;1001
FR;4;2021-11-15;97;26;2;0;24;1075460;4149;206;3;1025
FR;4;2021-11-16;99;12;2;0;14;1075559;4161;208;3;1039
FR;4;2021-11-17;115;29;4;0;29;1075674;4190;212;3;1068
FR;4;2021-11-18;97;34;10;0;39;1075771;4224;222;3;1107
FR;4;2021-11-19;78;19;3;0;20;1075849;4243;225;3;1127
FR;4;2021-11-20;74;6;1;0;6;1075923;4249;226;3;1133
FR;4;2021-11-21;61;7;2;0;9;1075984;4256;228;3;1142
FR;4;2021-11-22;100;27;6;0;29;1076084;4283;234;3;1171
FR;4;2021-11-23;71;28;5;0;25;1076155;4311;239;3;1196
FR;4;2021-11-24;85;23;9;0;22;1076240;4334;248;3;1218
FR;4;2021-11-25;84;28;14;0;30;1076324;4362;262;3;1248
FR;4;2021-11-26;80;42;12;0;44;1076404;4404;274;3;1292
FR;4;2021-11-27;35;22;16;0;24;1076439;4426;290;3;1316
FR;4;2021-11-28;47;8;0;0;7;1076486;4434;290;3;1323
FR;4;2021-11-29;80;31;14;0;38;1076566;4465;304;3;1361
FR;4;2021-11-30;72;36;12;0;40;1076638;4501;316;3;1401
FR;4;2021-12-01;75;59;19;0;66;1076713;4560;335;3;1467
FR;4;2021-12-02;97;49;19;0;54;1076810;4609;354;3;1521
FR;4;2021-12-03;98;36;15;0;44;1076908;4645;369;3;1565
FR;4;2021-12-04;69;31;18;0;44;1076977;4676;387;3;1609
FR;4;2021-12-05;59;5;1;0;6;1077036;4681;388;3;1615
FR;4;2021-12-06;94;45;21;0;60;1077130;4726;409;3;1675
FR;4;2021-12-07;76;33;9;0;33;1077206;4759;418;3;1708
FR;4;2021-12-08;65;29;18;0;34;1077271;4788;436;3;1742
FR;4;2021-12-09;59;32;10;0;38;1077330;4820;446;3;1780
FR;4;2021-12-10;59;62;21;0;67;1077389;4882;467;3;1847
FR;4;2021-12-11;24;33;7;0;33;1077413;4915;474;3;1880
FR;4;2021-12-12;22;10;2;0;12;1077435;4925;476;3;1892
FR;4;2021-12-13;65;39;13;0;48;1077500;4964;489;3;1940
FR;4;2021-12-14;54;43;15;0;52;1077554;5007;504;3;1992
FR;4;2021-12-15;58;62;28;0;82;1077612;5069;532;3;2074
FR;4;2021-12-16;30;44;18;0;56;1077642;5113;550;3;2130
FR;4;2021-12-17;37;55;12;0;60;1077679;5168;562;3;2190
FR;4;2021-12-18;48;29;2;0;30;1077727;5197;564;3;2220
FR;4;2021-12-19;15;4;1;0;4;1077742;5201;565;3;2224
FR;4;2021-12-20;35;38;12;0;43;1077777;5239;577;3;2267
FR;4;2021-12-21;25;30;14;0;35;1077802;5269;591;3;2302
FR;4;2021-12-22;35;35;10;0;36;1077837;5304;601;3;2338
FR;4;2021-12-23;39;43;8;0;47;1077876;5347;609;3;2385
FR;4;2021-12-24;23;25;10;0;29;1077899;5372;619;3;2414
FR;4;2021-12-25;6;3;3;0;4;1077905;5375;622;3;2418
FR;4;2021-12-26;4;3;1;0;2;1077909;5378;623;3;2420
FR;4;2021-12-27;26;42;9;0;43;1077935;5420;632;3;2463
FR;4;2021-12-28;24;28;8;0;29;1077959;5448;640;3;2492
FR;4;2021-12-29;47;23;10;0;27;1078006;5471;650;3;2519
FR;4;2021-12-30;38;16;12;0;19;1078044;5487;662;3;2538
FR;4;2021-12-31;18;5;8;0;10;1078062;5492;670;3;2548
FR;4;2022-01-01;5;4;4;0;6;1078067;5496;674;3;2554
FR;4;2022-01-02;40;4;14;0;17;1078107;5500;688;3;2571
FR;4;2022-01-03;37;50;19;1;54;1078144;5550;707;4;2625
FR;4;2022-01-04;28;26;12;0;28;1078172;5576;719;4;2653
FR;4;2022-01-05;42;19;16;0;20;1078214;5595;735;4;2673
FR;4;2022-01-06;43;19;21;0;32;1078257;5614;756;4;2705
FR;4;2022-01-07;22;19;15;0;19;1078279;5633;771;4;2724
FR;4;2022-01-08;8;5;9;0;11;1078287;5638;780;4;2735
FR;4;2022-01-09;16;2;1;0;2;1078303;5640;781;4;2737
FR;4;2022-01-10;37;23;16;0;34;1078340;5663;797;4;2771
FR;4;2022-01-11;22;30;13;0;33;1078362;5693;810;4;2804
FR;4;2022-01-12;30;17;12;0;18;1078392;5710;822;4;2822
FR;4;2022-01-13;47;18;26;0;34;1078439;5728;848;4;2856
FR;4;2022-01-14;20;28;12;0;30;1078459;5756;860;4;2886
FR;4;2022-01-15;10;6;7;0;11;1078469;5762;867;4;2897
FR;4;2022-01-16;9;8;10;0;17;1078478;5770;877;4;2914
FR;4;2022-01-17;23;17;11;0;22;1078501;5787;888;4;2936
FR;4;2022-01-18;15;13;7;0;17;1078516;5800;895;4;2953
FR;4;2022-01-19;27;21;9;0;28;1078543;5821;904;4;2981
FR;4;2022-01-20;29;33;11;0;36;1078572;5854;915;4;3017
FR;4;2022-01-21;7;12;18;1;15;1078579;5866;933;5;3032
FR;4;2022-01-22;29;9;2;0;9;1078608;5875;935;5;3041
FR;4;2022-01-23;6;2;4;0;6;1078614;5877;939;5;3047
FR;4;2022-01-24;14;20;8;0;27;1078628;5897;947;5;3074
FR;4;2022-01-25;20;30;8;1;34;1078648;5927;955;6;3108
FR;4;2022-01-26;17;15;6;1;16;1078665;5942;961;7;3124
FR;4;2022-01-27;18;18;5;0;21;1078683;5960;966;7;3145
FR;4;2022-01-28;12;23;7;0;25;1078695;5983;973;7;3170
FR;4;2022-01-29;14;6;3;0;8;1078709;5989;976;7;3178
FR;4;2022-01-30;16;2;0;0;2;1078725;5991;976;7;3180
FR;4;2022-01-31;18;26;6;0;29;1078743;6017;982;7;3209
FR;4;2022-02-01;9;19;11;0;19;1078752;6036;993;7;3228
FR;4;2022-02-02;16;11;9;2;15;1078768;6047;1002;9;3243
FR;4;2022-02-03;10;21;9;0;24;1078778;6068;1011;9;3267
FR;4;2022-02-04;6;5;7;0;9;1078784;6073;1018;9;3276
FR;4;2022-02-05;6;14;1;0;13;1078790;6087;1019;9;3289
FR;4;2022-02-06;5;2;1;0;2;1078795;6089;1020;9;3291
FR;4;2022-02-07;11;19;6;0;19;1078806;6108;1026;9;3310
FR;4;2022-02-08;14;18;12;1;19;1078820;6126;1038;10;3329
FR;4;2022-02-09;13;10;7;0;13;1078833;6136;1045;10;3342
FR;4;2022-02-10;18;22;8;0;22;1078851;6158;1053;10;3364
FR;4;2022-02-11;17;14;7;0;18;1078868;6172;1060;10;3382
FR;4;2022-02-12;23;7;1;0;6;1078891;6179;1061;10;3388
FR;4;2022-02-13;7;3;3;0;6;1078898;6182;1064;10;3394
FR;4;2022-02-14;17;10;7;0;13;1078915;6192;1071;10;3407
FR;4;2022-02-15;16;7;1;0;7;1078931;6199;1072;10;3414
FR;4;2022-02-16;10;9;10;0;15;1078941;6208;1082;10;3429
FR;4;2022-02-17;10;3;4;0;5;1078951;6211;1086;10;3434
FR;4;2022-02-18;16;13;6;0;17;1078967;6224;1092;10;3451
FR;4;2022-02-19;16;2;1;0;3;1078983;6226;1093;10;3454
FR;4;2022-02-20;6;2;0;0;1;1078989;6228;1093;10;3455
FR;4;2022-02-21;22;3;2;0;3;1079011;6231;1095;10;3458
FR;4;2022-02-22;8;4;8;0;8;1079019;6235;1103;10;3466
FR;4;2022-02-23;15;6;6;0;6;1079034;6241;1109;10;3472
FR;4;2022-02-24;7;3;2;0;3;1079041;6244;1111;10;3475
FR;4;2022-02-25;15;4;7;0;5;1079056;6248;1118;10;3480
FR;4;2022-02-26;26;3;0;0;3;1079082;6251;1118;10;3483
FR;4;2022-02-27;9;0;1;0;1;1079091;6251;1119;10;3484
FR;4;2022-02-28;14;3;2;0;3;1079105;6254;1121;10;3487
FR;4;2022-03-01;6;2;7;0;3;1079111;6256;1128;10;3490
FR;4;2022-03-02;8;2;3;0;4;1079119;6258;1131;10;3494
FR;4;2022-03-03;11;3;1;0;2;1079130;6261;1132;10;3496
FR;4;2022-03-04;6;6;2;1;5;1079136;6267;1134;11;3501
FR;4;2022-03-05;8;2;0;0;2;1079144;6269;1134;11;3503
FR;4;2022-03-06;4;0;1;0;1;1079148;6269;1135;11;3504
FR;4;2022-03-07;9;4;1;0;3;1079157;6273;1136;11;3507
FR;4;2022-03-08;13;1;0;0;1;1079170;6274;1136;11;3508
FR;4;2022-03-09;7;3;2;0;4;1079177;6277;1138;11;3512
FR;4;2022-03-10;5;1;5;0;2;1079182;6278;1143;11;3514
FR;4;2022-03-11;7;2;5;0;1;1079189;6280;1148;11;3515
FR;4;2022-03-12;9;2;0;0;0;1079198;6282;1148;11;3515
FR;4;2022-03-13;5;0;0;0;0;1079203;6282;1148;11;3515
FR;4;2022-03-14;3;1;0;0;1;1079206;6283;1148;11;3516
FR;4;2022-03-15;5;3;1;0;1;1079211;6286;1149;11;3517
FR;4;2022-03-16;5;2;3;0;2;1079216;6288;1152;11;3519
FR;4;2022-03-17;0;1;1;0;2;1079216;6289;1153;11;3521
FR;4;2022-03-18;6;2;0;0;2;1079222;6291;1153;11;3523
FR;4;2022-03-19;1;0;0;0;0;1079223;6291;1153;11;3523
FR;4;2022-03-20;2;0;0;0;0;1079225;6291;1153;11;3523
FR;4;2022-03-21;5;2;0;0;2;1079230;6293;1153;11;3525
FR;4;2022-03-22;2;2;0;0;2;1079232;6295;1153;11;3527
FR;4;2022-03-23;6;3;3;0;5;1079238;6298;1156;11;3532
FR;4;2022-03-24;2;4;2;1;4;1079240;6302;1158;12;3536
FR;4;2022-03-25;3;1;2;0;1;1079243;6303;1160;12;3537
FR;4;2022-03-26;5;5;0;0;5;1079248;6308;1160;12;3542
FR;4;2022-03-27;0;0;1;0;0;1079248;6308;1161;12;3542
FR;4;2022-03-28;4;1;0;0;0;1079252;6309;1161;12;3542
FR;4;2022-03-29;7;0;4;1;0;1079259;6309;1165;13;3542
FR;4;2022-03-30;0;4;0;0;4;1079259;6313;1165;13;3546
FR;4;2022-03-31;1;1;1;1;1;1079260;6314;1166;14;3547
FR;4;2022-04-01;12;2;4;0;4;1079272;6316;1170;14;3551
FR;4;2022-04-02;3;2;0;0;1;1079275;6318;1170;14;3552
FR;4;2022-04-03;0;0;0;0;0;1079275;6318;1170;14;3552
FR;4;2022-04-04;3;2;2;0;1;1079278;6320;1172;14;3553
FR;4;2022-04-05;3;3;0;1;1;1079281;6323;1172;15;3554
FR;4;2022-04-06;3;0;0;0;0;1079284;6323;1172;15;3554
FR;4;2022-04-07;3;2;1;2;3;1079287;6325;1173;17;3557
FR;4;2022-04-08;4;2;0;0;2;1079291;6327;1173;17;3559
FR;4;2022-04-09;0;0;1;0;0;1079291;6327;1174;17;3559
FR;4;2022-04-10;0;2;1;0;2;1079291;6329;1175;17;3561
FR;4;2022-04-11;2;2;3;0;4;1079293;6331;1178;17;3565
FR;4;2022-04-12;2;0;1;0;1;1079295;6331;1179;17;3566
FR;4;2022-04-13;1;1;1;0;2;1079296;6332;1180;17;3568
FR;4;2022-04-14;3;1;0;1;1;1079299;6333;1180;18;3569
FR;4;2022-04-15;0;0;0;0;0;1079299;6333;1180;18;3569
FR;4;2022-04-16;0;0;0;0;0;1079299;6333;1180;18;3569
FR;4;2022-04-17;1;0;0;0;0;1079300;6333;1180;18;3569
FR;4;2022-04-18;0;0;2;0;0;1079300;6333;1182;18;3569
FR;4;2022-04-19;1;0;0;0;0;1079301;6333;1182;18;3569
FR;4;2022-04-20;12;2;0;0;0;1079313;6335;1182;18;3569
FR;4;2022-04-21;5;0;0;0;0;1079318;6335;1182;18;3569
FR;4;2022-04-22;1;0;0;0;0;1079319;6335;1182;18;3569
FR;4;2022-04-23;1;0;1;0;1;1079320;6335;1183;18;3570
FR;4;2022-04-24;0;0;0;0;0;1079320;6335;1183;18;3570
FR;4;2022-04-25;2;4;2;0;6;1079322;6339;1185;18;3576
FR;4;2022-04-26;2;0;1;0;0;1079324;6339;1186;18;3576
FR;4;2022-04-27;3;0;0;0;0;1079327;6339;1186;18;3576
FR;4;2022-04-28;2;3;4;0;3;1079329;6342;1190;18;3579
FR;4;2022-04-29;2;2;0;0;1;1079331;6344;1190;18;3580
FR;4;2022-04-30;0;1;0;0;1;1079331;6345;1190;18;3581
FR;4;2022-05-01;0;0;0;0;0;1079331;6345;1190;18;3581
FR;5;2020-12-27;0;0;0;0;0;0;0;0;0;0
FR;5;2020-12-28;0;0;0;0;0;0;0;0;0;0
FR;5;2020-12-29;0;0;0;0;0;0;0;0;0;0
FR;5;2020-12-30;0;0;0;0;0;0;0;0;0;0
FR;5;2020-12-31;0;0;0;0;0;0;0;0;0;0
FR;5;2021-01-01;0;0;0;0;0;0;0;0;0;0
FR;5;2021-01-02;0;0;0;0;0;0;0;0;0;0
FR;5;2021-01-03;0;0;0;0;0;0;0;0;0;0
FR;5;2021-01-04;0;0;0;0;0;0;0;0;0;0
FR;5;2021-01-05;0;0;0;0;0;0;0;0;0;0
FR;5;2021-01-06;0;0;0;0;0;0;0;0;0;0
FR;5;2021-01-07;0;0;0;0;0;0;0;0;0;0
FR;5;2021-01-08;0;0;0;0;0;0;0;0;0;0
FR;5;2021-01-09;0;0;0;0;0;0;0;0;0;0
FR;5;2021-01-10;0;0;0;0;0;0;0;0;0;0
FR;5;2021-01-11;0;0;0;0;0;0;0;0;0;0
FR;5;2021-01-12;0;0;0;0;0;0;0;0;0;0
FR;5;2021-01-13;0;0;0;0;0;0;0;0;0;0
FR;5;2021-01-14;0;0;0;0;0;0;0;0;0;0
FR;5;2021-01-15;0;0;0;0;0;0;0;0;0;0
FR;5;2021-01-16;0;0;0;0;0;0;0;0;0;0
FR;5;2021-01-17;0;0;0;0;0;0;0;0;0;0
FR;5;2021-01-18;0;0;0;0;0;0;0;0;0;0
FR;5;2021-01-19;0;0;0;0;0;0;0;0;0;0
FR;5;2021-01-20;0;0;0;0;0;0;0;0;0;0
FR;5;2021-01-21;0;0;0;0;0;0;0;0;0;0
FR;5;2021-01-22;0;0;0;0;0;0;0;0;0;0
FR;5;2021-01-23;0;0;0;0;0;0;0;0;0;0
FR;5;2021-01-24;0;0;0;0;0;0;0;0;0;0
FR;5;2021-01-25;0;0;0;0;0;0;0;0;0;0
FR;5;2021-01-26;0;0;0;0;0;0;0;0;0;0
FR;5;2021-01-27;0;0;0;0;0;0;0;0;0;0
FR;5;2021-01-28;0;0;0;0;0;0;0;0;0;0
FR;5;2021-01-29;0;0;0;0;0;0;0;0;0;0
FR;5;2021-01-30;0;0;0;0;0;0;0;0;0;0
FR;5;2021-01-31;0;0;0;0;0;0;0;0;0;0
FR;5;2021-02-01;0;0;0;0;0;0;0;0;0;0
FR;5;2021-02-02;0;0;0;0;0;0;0;0;0;0
FR;5;2021-02-03;0;0;0;0;0;0;0;0;0;0
FR;5;2021-02-04;0;0;0;0;0;0;0;0;0;0
FR;5;2021-02-05;0;0;0;0;0;0;0;0;0;0
FR;5;2021-02-06;0;0;0;0;0;0;0;0;0;0
FR;5;2021-02-07;0;0;0;0;0;0;0;0;0;0
FR;5;2021-02-08;0;0;0;0;0;0;0;0;0;0
FR;5;2021-02-09;0;0;0;0;0;0;0;0;0;0
FR;5;2021-02-10;0;0;0;0;0;0;0;0;0;0
FR;5;2021-02-11;0;0;0;0;0;0;0;0;0;0
FR;5;2021-02-12;0;0;0;0;0;0;0;0;0;0
FR;5;2021-02-13;0;0;0;0;0;0;0;0;0;0
FR;5;2021-02-14;0;0;0;0;0;0;0;0;0;0
FR;5;2021-02-15;0;0;0;0;0;0;0;0;0;0
FR;5;2021-02-16;0;0;0;0;0;0;0;0;0;0
FR;5;2021-02-17;0;0;0;0;0;0;0;0;0;0
FR;5;2021-02-18;0;0;0;0;0;0;0;0;0;0
FR;5;2021-02-19;0;0;0;0;0;0;0;0;0;0
FR;5;2021-02-20;0;0;0;0;0;0;0;0;0;0
FR;5;2021-02-21;0;0;0;0;0;0;0;0;0;0
FR;5;2021-02-22;0;0;0;0;0;0;0;0;0;0
FR;5;2021-02-23;0;0;0;0;0;0;0;0;0;0
FR;5;2021-02-24;0;0;0;0;0;0;0;0;0;0
FR;5;2021-02-25;0;0;0;0;0;0;0;0;0;0
FR;5;2021-02-26;0;0;0;0;0;0;0;0;0;0
FR;5;2021-02-27;0;0;0;0;0;0;0;0;0;0
FR;5;2021-02-28;0;0;0;0;0;0;0;0;0;0
FR;5;2021-03-01;0;0;0;0;0;0;0;0;0;0
FR;5;2021-03-02;0;0;0;0;0;0;0;0;0;0
FR;5;2021-03-03;0;0;0;0;0;0;0;0;0;0
FR;5;2021-03-04;0;0;0;0;0;0;0;0;0;0
FR;5;2021-03-05;0;0;0;0;0;0;0;0;0;0
FR;5;2021-03-06;0;0;0;0;0;0;0;0;0;0
FR;5;2021-03-07;0;0;0;0;0;0;0;0;0;0
FR;5;2021-03-08;0;0;0;0;0;0;0;0;0;0
FR;5;2021-03-09;0;0;0;0;0;0;0;0;0;0
FR;5;2021-03-10;0;0;0;0;0;0;0;0;0;0
FR;5;2021-03-11;0;0;0;0;0;0;0;0;0;0
FR;5;2021-03-12;0;0;0;0;0;0;0;0;0;0
FR;5;2021-03-13;0;0;0;0;0;0;0;0;0;0
FR;5;2021-03-14;0;0;0;0;0;0;0;0;0;0
FR;5;2021-03-15;0;0;0;0;0;0;0;0;0;0
FR;5;2021-03-16;0;0;0;0;0;0;0;0;0;0
FR;5;2021-03-17;0;0;0;0;0;0;0;0;0;0
FR;5;2021-03-18;0;0;0;0;0;0;0;0;0;0
FR;5;2021-03-19;0;0;0;0;0;0;0;0;0;0
FR;5;2021-03-20;0;0;0;0;0;0;0;0;0;0
FR;5;2021-03-21;0;0;0;0;0;0;0;0;0;0
FR;5;2021-03-22;0;0;0;0;0;0;0;0;0;0
FR;5;2021-03-23;0;0;0;0;0;0;0;0;0;0
FR;5;2021-03-24;0;0;0;0;0;0;0;0;0;0
FR;5;2021-03-25;0;0;0;0;0;0;0;0;0;0
FR;5;2021-03-26;0;0;0;0;0;0;0;0;0;0
FR;5;2021-03-27;0;0;0;0;0;0;0;0;0;0
FR;5;2021-03-28;0;0;0;0;0;0;0;0;0;0
FR;5;2021-03-29;0;0;0;0;0;0;0;0;0;0
FR;5;2021-03-30;0;0;0;0;0;0;0;0;0;0
FR;5;2021-03-31;0;0;0;0;0;0;0;0;0;0
FR;5;2021-04-01;0;0;0;0;0;0;0;0;0;0
FR;5;2021-04-02;0;0;0;0;0;0;0;0;0;0
FR;5;2021-04-03;0;0;0;0;0;0;0;0;0;0
FR;5;2021-04-04;0;0;0;0;0;0;0;0;0;0
FR;5;2021-04-05;0;0;0;0;0;0;0;0;0;0
FR;5;2021-04-06;0;0;0;0;0;0;0;0;0;0
FR;5;2021-04-07;0;0;0;0;0;0;0;0;0;0
FR;5;2021-04-08;0;0;0;0;0;0;0;0;0;0
FR;5;2021-04-09;0;0;0;0;0;0;0;0;0;0
FR;5;2021-04-10;0;0;0;0;0;0;0;0;0;0
FR;5;2021-04-11;0;0;0;0;0;0;0;0;0;0
FR;5;2021-04-12;0;0;0;0;0;0;0;0;0;0
FR;5;2021-04-13;0;0;0;0;0;0;0;0;0;0
FR;5;2021-04-14;0;0;0;0;0;0;0;0;0;0
FR;5;2021-04-15;0;0;0;0;0;0;0;0;0;0
FR;5;2021-04-16;0;0;0;0;0;0;0;0;0;0
FR;5;2021-04-17;0;0;0;0;0;0;0;0;0;0
FR;5;2021-04-18;0;0;0;0;0;0;0;0;0;0
FR;5;2021-04-19;0;0;0;0;0;0;0;0;0;0
FR;5;2021-04-20;0;0;0;0;0;0;0;0;0;0
FR;5;2021-04-21;0;0;0;0;0;0;0;0;0;0
FR;5;2021-04-22;0;0;0;0;0;0;0;0;0;0
FR;5;2021-04-23;0;0;0;0;0;0;0;0;0;0
FR;5;2021-04-24;0;0;0;0;0;0;0;0;0;0
FR;5;2021-04-25;0;0;0;0;0;0;0;0;0;0
FR;5;2021-04-26;0;0;0;0;0;0;0;0;0;0
FR;5;2021-04-27;0;0;0;0;0;0;0;0;0;0
FR;5;2021-04-28;0;0;0;0;0;0;0;0;0;0
FR;5;2021-04-29;0;0;0;0;0;0;0;0;0;0
FR;5;2021-04-30;0;0;0;0;0;0;0;0;0;0
FR;5;2021-05-01;0;0;0;0;0;0;0;0;0;0
FR;5;2021-05-02;0;0;0;0;0;0;0;0;0;0
FR;5;2021-05-03;0;0;0;0;0;0;0;0;0;0
FR;5;2021-05-04;0;0;0;0;0;0;0;0;0;0
FR;5;2021-05-05;0;0;0;0;0;0;0;0;0;0
FR;5;2021-05-06;0;0;0;0;0;0;0;0;0;0
FR;5;2021-05-07;0;0;0;0;0;0;0;0;0;0
FR;5;2021-05-08;0;0;0;0;0;0;0;0;0;0
FR;5;2021-05-09;0;0;0;0;0;0;0;0;0;0
FR;5;2021-05-10;0;0;0;0;0;0;0;0;0;0
FR;5;2021-05-11;0;0;0;0;0;0;0;0;0;0
FR;5;2021-05-12;0;0;0;0;0;0;0;0;0;0
FR;5;2021-05-13;0;0;0;0;0;0;0;0;0;0
FR;5;2021-05-14;0;0;0;0;0;0;0;0;0;0
FR;5;2021-05-15;0;0;0;0;0;0;0;0;0;0
FR;5;2021-05-16;0;0;0;0;0;0;0;0;0;0
FR;5;2021-05-17;0;0;0;0;0;0;0;0;0;0
FR;5;2021-05-18;0;0;0;0;0;0;0;0;0;0
FR;5;2021-05-19;0;0;0;0;0;0;0;0;0;0
FR;5;2021-05-20;0;0;0;0;0;0;0;0;0;0
FR;5;2021-05-21;0;0;0;0;0;0;0;0;0;0
FR;5;2021-05-22;0;0;0;0;0;0;0;0;0;0
FR;5;2021-05-23;0;0;0;0;0;0;0;0;0;0
FR;5;2021-05-24;0;0;0;0;0;0;0;0;0;0
FR;5;2021-05-25;0;0;0;0;0;0;0;0;0;0
FR;5;2021-05-26;0;0;0;0;0;0;0;0;0;0
FR;5;2021-05-27;0;0;0;0;0;0;0;0;0;0
FR;5;2021-05-28;0;0;0;0;0;0;0;0;0;0
FR;5;2021-05-29;0;0;0;0;0;0;0;0;0;0
FR;5;2021-05-30;0;0;0;0;0;0;0;0;0;0
FR;5;2021-05-31;0;0;0;0;0;0;0;0;0;0
FR;5;2021-06-01;0;0;0;0;0;0;0;0;0;0
FR;5;2021-06-02;0;0;0;0;0;0;0;0;0;0
FR;5;2021-06-03;0;0;0;0;0;0;0;0;0;0
FR;5;2021-06-04;0;0;0;0;0;0;0;0;0;0
FR;5;2021-06-05;0;0;0;0;0;0;0;0;0;0
FR;5;2021-06-06;0;0;0;0;0;0;0;0;0;0
FR;5;2021-06-07;0;0;0;0;0;0;0;0;0;0
FR;5;2021-06-08;0;0;0;0;0;0;0;0;0;0
FR;5;2021-06-09;0;0;0;0;0;0;0;0;0;0
FR;5;2021-06-10;0;0;0;0;0;0;0;0;0;0
FR;5;2021-06-11;0;0;0;0;0;0;0;0;0;0
FR;5;2021-06-12;0;0;0;0;0;0;0;0;0;0
FR;5;2021-06-13;0;0;0;0;0;0;0;0;0;0
FR;5;2021-06-14;0;0;0;0;0;0;0;0;0;0
FR;5;2021-06-15;0;0;0;0;0;0;0;0;0;0
FR;5;2021-06-16;0;0;0;0;0;0;0;0;0;0
FR;5;2021-06-17;0;0;0;0;0;0;0;0;0;0
FR;5;2021-06-18;0;0;0;0;0;0;0;0;0;0
FR;5;2021-06-19;0;0;0;0;0;0;0;0;0;0
FR;5;2021-06-20;0;0;0;0;0;0;0;0;0;0
FR;5;2021-06-21;0;0;0;0;0;0;0;0;0;0
FR;5;2021-06-22;0;0;0;0;0;0;0;0;0;0
FR;5;2021-06-23;0;0;0;0;0;0;0;0;0;0
FR;5;2021-06-24;0;0;0;0;0;0;0;0;0;0
FR;5;2021-06-25;0;0;0;0;0;0;0;0;0;0
FR;5;2021-06-26;0;0;0;0;0;0;0;0;0;0
FR;5;2021-06-27;0;0;0;0;0;0;0;0;0;0
FR;5;2021-06-28;0;0;0;0;0;0;0;0;0;0
FR;5;2021-06-29;0;0;0;0;0;0;0;0;0;0
FR;5;2021-06-30;0;0;0;0;0;0;0;0;0;0
FR;5;2021-07-01;0;0;0;0;0;0;0;0;0;0
FR;5;2021-07-02;0;0;0;0;0;0;0;0;0;0
FR;5;2021-07-03;0;0;0;0;0;0;0;0;0;0
FR;5;2021-07-04;0;0;0;0;0;0;0;0;0;0
FR;5;2021-07-05;0;0;0;0;0;0;0;0;0;0
FR;5;2021-07-06;0;0;0;0;0;0;0;0;0;0
FR;5;2021-07-07;0;0;0;0;0;0;0;0;0;0
FR;5;2021-07-08;0;0;0;0;0;0;0;0;0;0
FR;5;2021-07-09;0;0;0;0;0;0;0;0;0;0
FR;5;2021-07-10;0;0;0;0;0;0;0;0;0;0
FR;5;2021-07-11;0;0;0;0;0;0;0;0;0;0
FR;5;2021-07-12;0;0;0;0;0;0;0;0;0;0
FR;5;2021-07-13;0;0;0;0;0;0;0;0;0;0
FR;5;2021-07-14;0;0;0;0;0;0;0;0;0;0
FR;5;2021-07-15;0;0;0;0;0;0;0;0;0;0
FR;5;2021-07-16;0;0;0;0;0;0;0;0;0;0
FR;5;2021-07-17;0;0;0;0;0;0;0;0;0;0
FR;5;2021-07-18;0;0;0;0;0;0;0;0;0;0
FR;5;2021-07-19;0;0;0;0;0;0;0;0;0;0
FR;5;2021-07-20;0;0;0;0;0;0;0;0;0;0
FR;5;2021-07-21;0;0;0;0;0;0;0;0;0;0
FR;5;2021-07-22;0;0;0;0;0;0;0;0;0;0
FR;5;2021-07-23;0;0;0;0;0;0;0;0;0;0
FR;5;2021-07-24;0;0;0;0;0;0;0;0;0;0
FR;5;2021-07-25;0;0;0;0;0;0;0;0;0;0
FR;5;2021-07-26;0;0;0;0;0;0;0;0;0;0
FR;5;2021-07-27;0;0;0;0;0;0;0;0;0;0
FR;5;2021-07-28;0;0;0;0;0;0;0;0;0;0
FR;5;2021-07-29;0;0;0;0;0;0;0;0;0;0
FR;5;2021-07-30;0;0;0;0;0;0;0;0;0;0
FR;5;2021-07-31;0;0;0;0;0;0;0;0;0;0
FR;5;2021-08-01;0;0;0;0;0;0;0;0;0;0
FR;5;2021-08-02;0;0;0;0;0;0;0;0;0;0
FR;5;2021-08-03;0;0;0;0;0;0;0;0;0;0
FR;5;2021-08-04;0;0;0;0;0;0;0;0;0;0
FR;5;2021-08-05;0;0;0;0;0;0;0;0;0;0
FR;5;2021-08-06;0;0;0;0;0;0;0;0;0;0
FR;5;2021-08-07;0;0;0;0;0;0;0;0;0;0
FR;5;2021-08-08;0;0;0;0;0;0;0;0;0;0
FR;5;2021-08-09;0;0;0;0;0;0;0;0;0;0
FR;5;2021-08-10;0;0;0;0;0;0;0;0;0;0
FR;5;2021-08-11;0;0;0;0;0;0;0;0;0;0
FR;5;2021-08-12;0;0;0;0;0;0;0;0;0;0
FR;5;2021-08-13;0;0;0;0;0;0;0;0;0;0
FR;5;2021-08-14;0;0;0;0;0;0;0;0;0;0
FR;5;2021-08-15;0;0;0;0;0;0;0;0;0;0
FR;5;2021-08-16;0;0;0;0;0;0;0;0;0;0
FR;5;2021-08-17;0;0;0;0;0;0;0;0;0;0
FR;5;2021-08-18;0;0;0;0;0;0;0;0;0;0
FR;5;2021-08-19;0;0;0;0;0;0;0;0;0;0
FR;5;2021-08-20;0;0;0;0;0;0;0;0;0;0
FR;5;2021-08-21;0;0;0;0;0;0;0;0;0;0
FR;5;2021-08-22;0;0;0;0;0;0;0;0;0;0
FR;5;2021-08-23;0;0;0;0;0;0;0;0;0;0
FR;5;2021-08-24;0;0;0;0;0;0;0;0;0;0
FR;5;2021-08-25;0;0;0;0;0;0;0;0;0;0
FR;5;2021-08-26;0;0;0;0;0;0;0;0;0;0
FR;5;2021-08-27;0;0;0;0;0;0;0;0;0;0
FR;5;2021-08-28;0;0;0;0;0;0;0;0;0;0
FR;5;2021-08-29;0;0;0;0;0;0;0;0;0;0
FR;5;2021-08-30;0;0;0;0;0;0;0;0;0;0
FR;5;2021-08-31;0;0;0;0;0;0;0;0;0;0
FR;5;2021-09-01;0;0;0;0;0;0;0;0;0;0
FR;5;2021-09-02;0;0;0;0;0;0;0;0;0;0
FR;5;2021-09-03;0;0;0;0;0;0;0;0;0;0
FR;5;2021-09-04;0;0;0;0;0;0;0;0;0;0
FR;5;2021-09-05;0;0;0;0;0;0;0;0;0;0
FR;5;2021-09-06;0;0;0;0;0;0;0;0;0;0
FR;5;2021-09-07;0;0;0;0;0;0;0;0;0;0
FR;5;2021-09-08;0;0;0;0;0;0;0;0;0;0
FR;5;2021-09-09;0;0;0;0;0;0;0;0;0;0
FR;5;2021-09-10;0;0;0;0;0;0;0;0;0;0
FR;5;2021-09-11;0;0;0;0;0;0;0;0;0;0
FR;5;2021-09-12;0;0;0;0;0;0;0;0;0;0
FR;5;2021-09-13;0;0;0;0;0;0;0;0;0;0
FR;5;2021-09-14;0;0;0;0;0;0;0;0;0;0
FR;5;2021-09-15;0;0;0;0;0;0;0;0;0;0
FR;5;2021-09-16;0;0;0;0;0;0;0;0;0;0
FR;5;2021-09-17;0;0;0;0;0;0;0;0;0;0
FR;5;2021-09-18;0;0;0;0;0;0;0;0;0;0
FR;5;2021-09-19;0;0;0;0;0;0;0;0;0;0
FR;5;2021-09-20;0;0;0;0;0;0;0;0;0;0
FR;5;2021-09-21;0;0;0;0;0;0;0;0;0;0
FR;5;2021-09-22;0;0;0;0;0;0;0;0;0;0
FR;5;2021-09-23;0;0;0;0;0;0;0;0;0;0
FR;5;2021-09-24;0;0;0;0;0;0;0;0;0;0
FR;5;2021-09-25;0;0;0;0;0;0;0;0;0;0
FR;5;2021-09-26;0;0;0;0;0;0;0;0;0;0
FR;5;2021-09-27;0;0;0;0;0;0;0;0;0;0
FR;5;2021-09-28;0;0;0;0;0;0;0;0;0;0
FR;5;2021-09-29;0;0;0;0;0;0;0;0;0;0
FR;5;2021-09-30;0;0;0;0;0;0;0;0;0;0
FR;5;2021-10-01;0;0;0;0;0;0;0;0;0;0
FR;5;2021-10-02;0;0;0;0;0;0;0;0;0;0
FR;5;2021-10-03;0;0;0;0;0;0;0;0;0;0
FR;5;2021-10-04;0;0;0;0;0;0;0;0;0;0
FR;5;2021-10-05;0;0;0;0;0;0;0;0;0;0
FR;5;2021-10-06;0;0;0;0;0;0;0;0;0;0
FR;5;2021-10-07;0;0;0;0;0;0;0;0;0;0
FR;5;2021-10-08;0;0;0;0;0;0;0;0;0;0
FR;5;2021-10-09;0;0;0;0;0;0;0;0;0;0
FR;5;2021-10-10;0;0;0;0;0;0;0;0;0;0
FR;5;2021-10-11;0;0;0;0;0;0;0;0;0;0
FR;5;2021-10-12;0;0;0;0;0;0;0;0;0;0
FR;5;2021-10-13;0;0;0;0;0;0;0;0;0;0
FR;5;2021-10-14;0;0;0;0;0;0;0;0;0;0
FR;5;2021-10-15;0;0;0;0;0;0;0;0;0;0
FR;5;2021-10-16;0;0;0;0;0;0;0;0;0;0
FR;5;2021-10-17;0;0;0;0;0;0;0;0;0;0
FR;5;2021-10-18;0;0;0;0;0;0;0;0;0;0
FR;5;2021-10-19;0;0;0;0;0;0;0;0;0;0
FR;5;2021-10-20;0;0;0;0;0;0;0;0;0;0
FR;5;2021-10-21;0;0;0;0;0;0;0;0;0;0
FR;5;2021-10-22;0;0;0;0;0;0;0;0;0;0
FR;5;2021-10-23;0;0;0;0;0;0;0;0;0;0
FR;5;2021-10-24;0;0;0;0;0;0;0;0;0;0
FR;5;2021-10-25;0;0;0;0;0;0;0;0;0;0
FR;5;2021-10-26;0;0;0;0;0;0;0;0;0;0
FR;5;2021-10-27;0;0;0;0;0;0;0;0;0;0
FR;5;2021-10-28;0;0;0;0;0;0;0;0;0;0
FR;5;2021-10-29;0;0;0;0;0;0;0;0;0;0
FR;5;2021-10-30;0;0;0;0;0;0;0;0;0;0
FR;5;2021-10-31;0;0;0;0;0;0;0;0;0;0
FR;5;2021-11-01;0;0;0;0;0;0;0;0;0;0
FR;5;2021-11-02;0;0;0;0;0;0;0;0;0;0
FR;5;2021-11-03;0;0;0;0;0;0;0;0;0;0
FR;5;2021-11-04;0;0;0;0;0;0;0;0;0;0
FR;5;2021-11-05;0;0;0;0;0;0;0;0;0;0
FR;5;2021-11-06;0;0;0;0;0;0;0;0;0;0
FR;5;2021-11-07;0;0;0;0;0;0;0;0;0;0
FR;5;2021-11-08;0;0;0;0;0;0;0;0;0;0
FR;5;2021-11-09;0;0;0;0;0;0;0;0;0;0
FR;5;2021-11-10;0;0;0;0;0;0;0;0;0;0
FR;5;2021-11-11;0;0;0;0;0;0;0;0;0;0
FR;5;2021-11-12;0;0;0;0;0;0;0;0;0;0
FR;5;2021-11-13;0;0;0;0;0;0;0;0;0;0
FR;5;2021-11-14;0;0;0;0;0;0;0;0;0;0
FR;5;2021-11-15;0;0;0;0;0;0;0;0;0;0
FR;5;2021-11-16;0;0;0;0;0;0;0;0;0;0
FR;5;2021-11-17;0;0;0;0;0;0;0;0;0;0
FR;5;2021-11-18;0;0;0;0;0;0;0;0;0;0
FR;5;2021-11-19;0;0;0;0;0;0;0;0;0;0
FR;5;2021-11-20;0;0;0;0;0;0;0;0;0;0
FR;5;2021-11-21;0;0;0;0;0;0;0;0;0;0
FR;5;2021-11-22;0;0;0;0;0;0;0;0;0;0
FR;5;2021-11-23;0;0;0;0;0;0;0;0;0;0
FR;5;2021-11-24;0;0;0;0;0;0;0;0;0;0
FR;5;2021-11-25;0;0;0;0;0;0;0;0;0;0
FR;5;2021-11-26;0;0;0;0;0;0;0;0;0;0
FR;5;2021-11-27;0;0;0;0;0;0;0;0;0;0
FR;5;2021-11-28;0;0;0;0;0;0;0;0;0;0
FR;5;2021-11-29;0;0;0;0;0;0;0;0;0;0
FR;5;2021-11-30;0;0;0;0;0;0;0;0;0;0
FR;5;2021-12-01;0;0;0;0;0;0;0;0;0;0
FR;5;2021-12-02;0;0;0;0;0;0;0;0;0;0
FR;5;2021-12-03;0;0;0;0;0;0;0;0;0;0
FR;5;2021-12-04;0;0;0;0;0;0;0;0;0;0
FR;5;2021-12-05;0;0;0;0;0;0;0;0;0;0
FR;5;2021-12-06;0;0;0;0;0;0;0;0;0;0
FR;5;2021-12-07;0;0;0;0;0;0;0;0;0;0
FR;5;2021-12-08;0;0;0;0;0;0;0;0;0;0
FR;5;2021-12-09;0;0;0;0;0;0;0;0;0;0
FR;5;2021-12-10;0;0;0;0;0;0;0;0;0;0
FR;5;2021-12-11;0;0;0;0;0;0;0;0;0;0
FR;5;2021-12-12;0;0;0;0;0;0;0;0;0;0
FR;5;2021-12-13;0;0;0;0;0;0;0;0;0;0
FR;5;2021-12-14;29;45;77;0;88;29;45;77;0;88
FR;5;2021-12-15;196;44;37;0;49;225;89;114;0;137
FR;5;2021-12-16;180;21;44;0;48;405;110;158;0;185
FR;5;2021-12-17;310;16;72;0;74;715;126;230;0;259
FR;5;2021-12-18;763;24;22;0;29;1478;150;252;0;288
FR;5;2021-12-19;586;15;15;0;17;2064;165;267;0;305
FR;5;2021-12-20;1223;31;35;0;38;3287;196;302;0;343
FR;5;2021-12-21;1535;22;54;1;60;4822;218;356;1;403
FR;5;2021-12-22;4069;40;37;0;46;8891;258;393;1;449
FR;5;2021-12-23;3041;16;21;0;25;11932;274;414;1;474
FR;5;2021-12-24;759;18;9;0;15;12691;292;423;1;489
FR;5;2021-12-25;61;5;1;0;2;12752;297;424;1;491
FR;5;2021-12-26;623;6;3;0;4;13375;303;427;1;495
FR;5;2021-12-27;4080;25;21;0;23;17455;328;448;1;518
FR;5;2021-12-28;5201;23;41;1;43;22656;351;489;2;561
FR;5;2021-12-29;8102;34;65;2;68;30758;385;554;4;629
FR;5;2021-12-30;5171;18;33;0;39;35929;403;587;4;668
FR;5;2021-12-31;1553;8;10;0;11;37482;411;597;4;679
FR;5;2022-01-01;185;2;2;0;3;37667;413;599;4;682
FR;5;2022-01-02;1489;1;1;0;1;39156;414;600;4;683
FR;5;2022-01-03;3057;36;33;0;32;42213;450;633;4;715
FR;5;2022-01-04;3034;39;33;0;42;45247;489;666;4;757
FR;5;2022-01-05;19312;203;97;1;108;64559;692;763;5;865
FR;5;2022-01-06;3742;133;122;0;142;68301;825;885;5;1007
FR;5;2022-01-07;5007;200;48;2;56;73308;1025;933;7;1063
FR;5;2022-01-08;13653;513;45;0;52;86961;1538;978;7;1115
FR;5;2022-01-09;5755;399;15;0;20;92716;1937;993;7;1135
FR;5;2022-01-10;3452;326;25;0;29;96168;2263;1018;7;1164
FR;5;2022-01-11;3667;284;38;0;41;99835;2547;1056;7;1205
FR;5;2022-01-12;22652;3003;90;0;113;122487;5550;1146;7;1318
FR;5;2022-01-13;4035;622;30;0;32;126522;6172;1176;7;1350
FR;5;2022-01-14;4843;581;43;0;50;131365;6753;1219;7;1400
FR;5;2022-01-15;14680;1746;38;3;49;146045;8499;1257;10;1449
FR;5;2022-01-16;4728;666;3;0;5;150773;9165;1260;10;1454
FR;5;2022-01-17;2294;715;26;0;29;153067;9880;1286;10;1483
FR;5;2022-01-18;2429;870;30;0;40;155496;10750;1316;10;1523
FR;5;2022-01-19;18480;6419;74;2;142;173976;17169;1390;12;1665
FR;5;2022-01-20;1920;1067;25;0;34;175896;18236;1415;12;1699
FR;5;2022-01-21;3074;1371;47;1;59;178970;19607;1462;13;1758
FR;5;2022-01-22;10721;3454;33;1;43;189691;23061;1495;14;1801
FR;5;2022-01-23;2628;1415;5;0;9;192319;24476;1500;14;1810
FR;5;2022-01-24;1159;1340;19;0;23;193478;25816;1519;14;1833
FR;5;2022-01-25;1219;1548;19;2;29;194697;27364;1538;16;1862
FR;5;2022-01-26;10750;12015;50;1;89;205447;39379;1588;17;1951
FR;5;2022-01-27;1291;1691;10;0;17;206738;41070;1598;17;1968
FR;5;2022-01-28;1695;3347;16;0;19;208433;44417;1614;17;1987
FR;5;2022-01-29;6237;8040;68;0;96;214670;52457;1682;17;2083
FR;5;2022-01-30;1509;2950;5;0;18;216179;55407;1687;17;2101
FR;5;2022-01-31;588;1773;23;0;24;216767;57180;1710;17;2125
FR;5;2022-02-01;712;1702;10;0;15;217479;58882;1720;17;2140
FR;5;2022-02-02;6957;15653;52;0;94;224436;74535;1772;17;2234
FR;5;2022-02-03;488;1690;13;0;12;224924;76225;1785;17;2246
FR;5;2022-02-04;941;3001;19;0;31;225865;79226;1804;17;2277
FR;5;2022-02-05;3532;8915;23;0;37;229397;88141;1827;17;2314
FR;5;2022-02-06;737;2397;10;0;19;230134;90538;1837;17;2333
FR;5;2022-02-07;883;1595;22;0;24;231017;92133;1859;17;2357
FR;5;2022-02-08;722;1285;18;0;20;231739;93418;1877;17;2377
FR;5;2022-02-09;4535;12875;44;0;76;236274;106293;1921;17;2453
FR;5;2022-02-10;646;1058;13;0;14;236920;107351;1934;17;2467
FR;5;2022-02-11;793;2026;16;0;21;237713;109377;1950;17;2488
FR;5;2022-02-12;2285;6811;33;0;53;239998;116188;1983;17;2541
FR;5;2022-02-13;465;1539;8;0;8;240463;117727;1991;17;2549
FR;5;2022-02-14;678;1288;10;0;13;241141;119015;2001;17;2562
FR;5;2022-02-15;482;885;9;0;14;241623;119900;2010;17;2576
FR;5;2022-02-16;2978;9123;41;1;58;244601;129023;2051;18;2634
FR;5;2022-02-17;435;805;6;0;7;245036;129828;2057;18;2641
FR;5;2022-02-18;650;1407;13;0;17;245686;131235;2070;18;2658
FR;5;2022-02-19;1371;4314;16;0;28;247057;135549;2086;18;2686
FR;5;2022-02-20;247;879;6;0;8;247304;136428;2092;18;2694
FR;5;2022-02-21;221;607;2;0;4;247525;137035;2094;18;2698
FR;5;2022-02-22;259;544;17;0;17;247784;137579;2111;18;2715
FR;5;2022-02-23;1908;6923;22;1;42;249692;144502;2133;19;2757
FR;5;2022-02-24;182;373;5;1;5;249874;144875;2138;20;2762
FR;5;2022-02-25;335;949;13;0;12;250209;145824;2151;20;2774
FR;5;2022-02-26;972;3066;10;0;14;251181;148890;2161;20;2788
FR;5;2022-02-27;147;506;0;0;3;251328;149396;2161;20;2791
FR;5;2022-02-28;161;369;1;0;1;251489;149765;2162;20;2792
FR;5;2022-03-01;128;279;6;0;7;251617;150044;2168;20;2799
FR;5;2022-03-02;1240;4150;28;3;40;252857;154194;2196;23;2839
FR;5;2022-03-03;121;250;6;0;9;252978;154444;2202;23;2848
FR;5;2022-03-04;192;488;13;0;14;253170;154932;2215;23;2862
FR;5;2022-03-05;676;1990;8;0;16;253846;156922;2223;23;2878
FR;5;2022-03-06;107;260;0;0;0;253953;157182;2223;23;2878
FR;5;2022-03-07;70;228;5;0;3;254023;157410;2228;23;2881
FR;5;2022-03-08;46;130;7;1;7;254069;157540;2235;24;2888
FR;5;2022-03-09;909;3076;23;0;35;254978;160616;2258;24;2923
FR;5;2022-03-10;82;200;7;0;10;255060;160816;2265;24;2933
FR;5;2022-03-11;147;369;13;1;15;255207;161185;2278;25;2948
FR;5;2022-03-12;758;1613;13;1;30;255965;162798;2291;26;2978
FR;5;2022-03-13;76;100;0;0;0;256041;162898;2291;26;2978
FR;5;2022-03-14;67;118;7;1;7;256108;163016;2298;27;2985
FR;5;2022-03-15;83;99;3;0;6;256191;163115;2301;27;2991
FR;5;2022-03-16;884;1822;15;3;34;257075;164937;2316;30;3025
FR;5;2022-03-17;66;123;8;4;10;257141;165060;2324;34;3035
FR;5;2022-03-18;172;318;13;4;18;257313;165378;2337;38;3053
FR;5;2022-03-19;749;1162;12;5;33;258062;166540;2349;43;3086
FR;5;2022-03-20;44;92;1;0;1;258106;166632;2350;43;3087
FR;5;2022-03-21;71;119;10;6;15;258177;166751;2360;49;3102
FR;5;2022-03-22;56;118;8;8;8;258233;166869;2368;57;3110
FR;5;2022-03-23;802;1460;14;8;36;259035;168329;2382;65;3146
FR;5;2022-03-24;68;93;8;7;7;259103;168422;2390;72;3153
FR;5;2022-03-25;222;289;14;8;18;259325;168711;2404;80;3171
FR;5;2022-03-26;706;851;12;5;26;260031;169562;2416;85;3197
FR;5;2022-03-27;74;78;0;0;3;260105;169640;2416;85;3200
FR;5;2022-03-28;80;91;1;2;3;260185;169731;2417;87;3203
FR;5;2022-03-29;71;82;10;4;12;260256;169813;2427;91;3215
FR;5;2022-03-30;820;1115;15;13;28;261076;170928;2442;104;3243
FR;5;2022-03-31;102;124;1;4;6;261178;171052;2443;108;3249
FR;5;2022-04-01;107;86;7;12;11;261285;171138;2450;120;3260
FR;5;2022-04-02;328;348;3;3;14;261613;171486;2453;123;3274
FR;5;2022-04-03;54;59;1;0;1;261667;171545;2454;123;3275
FR;5;2022-04-04;35;57;4;1;8;261702;171602;2458;124;3283
FR;5;2022-04-05;50;60;6;6;9;261752;171662;2464;130;3292
FR;5;2022-04-06;421;438;6;15;15;262173;172100;2470;145;3307
FR;5;2022-04-07;45;68;5;7;7;262218;172168;2475;152;3314
FR;5;2022-04-08;130;109;12;14;15;262348;172277;2487;166;3329
FR;5;2022-04-09;309;321;2;4;16;262657;172598;2489;170;3345
FR;5;2022-04-10;43;31;2;0;2;262700;172629;2491;170;3347
FR;5;2022-04-11;48;60;3;2;4;262748;172689;2494;172;3351
FR;5;2022-04-12;57;54;3;3;5;262805;172743;2497;175;3356
FR;5;2022-04-13;382;413;3;8;16;263187;173156;2500;183;3372
FR;5;2022-04-14;47;48;5;5;9;263234;173204;2505;188;3381
FR;5;2022-04-15;90;107;3;5;4;263324;173311;2508;193;3385
FR;5;2022-04-16;188;183;2;1;13;263512;173494;2510;194;3398
FR;5;2022-04-17;12;10;1;0;1;263524;173504;2511;194;3399
FR;5;2022-04-18;8;8;2;0;2;263532;173512;2513;194;3401
FR;5;2022-04-19;72;69;5;1;5;263604;173581;2518;195;3406
FR;5;2022-04-20;357;349;9;6;12;263961;173930;2527;201;3418
FR;5;2022-04-21;41;63;9;10;12;264002;173993;2536;211;3430
FR;5;2022-04-22;114;96;5;4;5;264116;174089;2541;215;3435
FR;5;2022-04-23;207;192;3;2;10;264323;174281;2544;217;3445
FR;5;2022-04-24;37;35;0;0;3;264360;174316;2544;217;3448
FR;5;2022-04-25;66;62;2;1;5;264426;174378;2546;218;3453
FR;5;2022-04-26;58;60;2;1;5;264484;174438;2548;219;3458
FR;5;2022-04-27;331;316;2;7;14;264815;174754;2550;226;3472
FR;5;2022-04-28;73;54;4;5;8;264888;174808;2554;231;3480
FR;5;2022-04-29;117;78;4;18;11;265005;174886;2558;249;3491
FR;5;2022-04-30;177;114;0;1;9;265182;175000;2558;250;3500
FR;5;2022-05-01;9;3;0;0;0;265191;175003;2558;250;3500
FR;6;2020-12-27;0;0;0;0;0;0;0;0;0;0
FR;6;2020-12-28;0;0;0;0;0;0;0;0;0;0
FR;6;2020-12-29;0;0;0;0;0;0;0;0;0;0
FR;6;2020-12-30;0;0;0;0;0;0;0;0;0;0
FR;6;2020-12-31;0;0;0;0;0;0;0;0;0;0
FR;6;2021-01-01;0;0;0;0;0;0;0;0;0;0
FR;6;2021-01-02;0;0;0;0;0;0;0;0;0;0
FR;6;2021-01-03;0;0;0;0;0;0;0;0;0;0
FR;6;2021-01-04;0;0;0;0;0;0;0;0;0;0
FR;6;2021-01-05;0;0;0;0;0;0;0;0;0;0
FR;6;2021-01-06;0;0;0;0;0;0;0;0;0;0
FR;6;2021-01-07;0;0;0;0;0;0;0;0;0;0
FR;6;2021-01-08;0;0;0;0;0;0;0;0;0;0
FR;6;2021-01-09;0;0;0;0;0;0;0;0;0;0
FR;6;2021-01-10;0;0;0;0;0;0;0;0;0;0
FR;6;2021-01-11;0;0;0;0;0;0;0;0;0;0
FR;6;2021-01-12;0;0;0;0;0;0;0;0;0;0
FR;6;2021-01-13;0;0;0;0;0;0;0;0;0;0
FR;6;2021-01-14;0;0;0;0;0;0;0;0;0;0
FR;6;2021-01-15;0;0;0;0;0;0;0;0;0;0
FR;6;2021-01-16;0;0;0;0;0;0;0;0;0;0
FR;6;2021-01-17;0;0;0;0;0;0;0;0;0;0
FR;6;2021-01-18;0;0;0;0;0;0;0;0;0;0
FR;6;2021-01-19;0;0;0;0;0;0;0;0;0;0
FR;6;2021-01-20;0;0;0;0;0;0;0;0;0;0
FR;6;2021-01-21;0;0;0;0;0;0;0;0;0;0
FR;6;2021-01-22;0;0;0;0;0;0;0;0;0;0
FR;6;2021-01-23;0;0;0;0;0;0;0;0;0;0
FR;6;2021-01-24;0;0;0;0;0;0;0;0;0;0
FR;6;2021-01-25;0;0;0;0;0;0;0;0;0;0
FR;6;2021-01-26;0;0;0;0;0;0;0;0;0;0
FR;6;2021-01-27;0;0;0;0;0;0;0;0;0;0
FR;6;2021-01-28;0;0;0;0;0;0;0;0;0;0
FR;6;2021-01-29;0;0;0;0;0;0;0;0;0;0
FR;6;2021-01-30;0;0;0;0;0;0;0;0;0;0
FR;6;2021-01-31;0;0;0;0;0;0;0;0;0;0
FR;6;2021-02-01;0;0;0;0;0;0;0;0;0;0
FR;6;2021-02-02;0;0;0;0;0;0;0;0;0;0
FR;6;2021-02-03;0;0;0;0;0;0;0;0;0;0
FR;6;2021-02-04;0;0;0;0;0;0;0;0;0;0
FR;6;2021-02-05;0;0;0;0;0;0;0;0;0;0
FR;6;2021-02-06;0;0;0;0;0;0;0;0;0;0
FR;6;2021-02-07;0;0;0;0;0;0;0;0;0;0
FR;6;2021-02-08;0;0;0;0;0;0;0;0;0;0
FR;6;2021-02-09;0;0;0;0;0;0;0;0;0;0
FR;6;2021-02-10;0;0;0;0;0;0;0;0;0;0
FR;6;2021-02-11;0;0;0;0;0;0;0;0;0;0
FR;6;2021-02-12;0;0;0;0;0;0;0;0;0;0
FR;6;2021-02-13;0;0;0;0;0;0;0;0;0;0
FR;6;2021-02-14;0;0;0;0;0;0;0;0;0;0
FR;6;2021-02-15;0;0;0;0;0;0;0;0;0;0
FR;6;2021-02-16;0;0;0;0;0;0;0;0;0;0
FR;6;2021-02-17;0;0;0;0;0;0;0;0;0;0
FR;6;2021-02-18;0;0;0;0;0;0;0;0;0;0
FR;6;2021-02-19;0;0;0;0;0;0;0;0;0;0
FR;6;2021-02-20;0;0;0;0;0;0;0;0;0;0
FR;6;2021-02-21;0;0;0;0;0;0;0;0;0;0
FR;6;2021-02-22;0;0;0;0;0;0;0;0;0;0
FR;6;2021-02-23;0;0;0;0;0;0;0;0;0;0
FR;6;2021-02-24;0;0;0;0;0;0;0;0;0;0
FR;6;2021-02-25;0;0;0;0;0;0;0;0;0;0
FR;6;2021-02-26;0;0;0;0;0;0;0;0;0;0
FR;6;2021-02-27;0;0;0;0;0;0;0;0;0;0
FR;6;2021-02-28;0;0;0;0;0;0;0;0;0;0
FR;6;2021-03-01;0;0;0;0;0;0;0;0;0;0
FR;6;2021-03-02;0;0;0;0;0;0;0;0;0;0
FR;6;2021-03-03;0;0;0;0;0;0;0;0;0;0
FR;6;2021-03-04;0;0;0;0;0;0;0;0;0;0
FR;6;2021-03-05;0;0;0;0;0;0;0;0;0;0
FR;6;2021-03-06;0;0;0;0;0;0;0;0;0;0
FR;6;2021-03-07;0;0;0;0;0;0;0;0;0;0
FR;6;2021-03-08;0;0;0;0;0;0;0;0;0;0
FR;6;2021-03-09;0;0;0;0;0;0;0;0;0;0
FR;6;2021-03-10;0;0;0;0;0;0;0;0;0;0
FR;6;2021-03-11;0;0;0;0;0;0;0;0;0;0
FR;6;2021-03-12;0;0;0;0;0;0;0;0;0;0
FR;6;2021-03-13;0;0;0;0;0;0;0;0;0;0
FR;6;2021-03-14;0;0;0;0;0;0;0;0;0;0
FR;6;2021-03-15;0;0;0;0;0;0;0;0;0;0
FR;6;2021-03-16;0;0;0;0;0;0;0;0;0;0
FR;6;2021-03-17;0;0;0;0;0;0;0;0;0;0
FR;6;2021-03-18;0;0;0;0;0;0;0;0;0;0
FR;6;2021-03-19;0;0;0;0;0;0;0;0;0;0
FR;6;2021-03-20;0;0;0;0;0;0;0;0;0;0
FR;6;2021-03-21;0;0;0;0;0;0;0;0;0;0
FR;6;2021-03-22;0;0;0;0;0;0;0;0;0;0
FR;6;2021-03-23;0;0;0;0;0;0;0;0;0;0
FR;6;2021-03-24;0;0;0;0;0;0;0;0;0;0
FR;6;2021-03-25;0;0;0;0;0;0;0;0;0;0
FR;6;2021-03-26;0;0;0;0;0;0;0;0;0;0
FR;6;2021-03-27;0;0;0;0;0;0;0;0;0;0
FR;6;2021-03-28;0;0;0;0;0;0;0;0;0;0
FR;6;2021-03-29;0;0;0;0;0;0;0;0;0;0
FR;6;2021-03-30;0;0;0;0;0;0;0;0;0;0
FR;6;2021-03-31;0;0;0;0;0;0;0;0;0;0
FR;6;2021-04-01;0;0;0;0;0;0;0;0;0;0
FR;6;2021-04-02;0;0;0;0;0;0;0;0;0;0
FR;6;2021-04-03;0;0;0;0;0;0;0;0;0;0
FR;6;2021-04-04;0;0;0;0;0;0;0;0;0;0
FR;6;2021-04-05;0;0;0;0;0;0;0;0;0;0
FR;6;2021-04-06;0;0;0;0;0;0;0;0;0;0
FR;6;2021-04-07;0;0;0;0;0;0;0;0;0;0
FR;6;2021-04-08;0;0;0;0;0;0;0;0;0;0
FR;6;2021-04-09;0;0;0;0;0;0;0;0;0;0
FR;6;2021-04-10;0;0;0;0;0;0;0;0;0;0
FR;6;2021-04-11;0;0;0;0;0;0;0;0;0;0
FR;6;2021-04-12;0;0;0;0;0;0;0;0;0;0
FR;6;2021-04-13;0;0;0;0;0;0;0;0;0;0
FR;6;2021-04-14;0;0;0;0;0;0;0;0;0;0
FR;6;2021-04-15;0;0;0;0;0;0;0;0;0;0
FR;6;2021-04-16;0;0;0;0;0;0;0;0;0;0
FR;6;2021-04-17;0;0;0;0;0;0;0;0;0;0
FR;6;2021-04-18;0;0;0;0;0;0;0;0;0;0
FR;6;2021-04-19;0;0;0;0;0;0;0;0;0;0
FR;6;2021-04-20;0;0;0;0;0;0;0;0;0;0
FR;6;2021-04-21;0;0;0;0;0;0;0;0;0;0
FR;6;2021-04-22;0;0;0;0;0;0;0;0;0;0
FR;6;2021-04-23;0;0;0;0;0;0;0;0;0;0
FR;6;2021-04-24;0;0;0;0;0;0;0;0;0;0
FR;6;2021-04-25;0;0;0;0;0;0;0;0;0;0
FR;6;2021-04-26;0;0;0;0;0;0;0;0;0;0
FR;6;2021-04-27;0;0;0;0;0;0;0;0;0;0
FR;6;2021-04-28;0;0;0;0;0;0;0;0;0;0
FR;6;2021-04-29;0;0;0;0;0;0;0;0;0;0
FR;6;2021-04-30;0;0;0;0;0;0;0;0;0;0
FR;6;2021-05-01;0;0;0;0;0;0;0;0;0;0
FR;6;2021-05-02;0;0;0;0;0;0;0;0;0;0
FR;6;2021-05-03;0;0;0;0;0;0;0;0;0;0
FR;6;2021-05-04;0;0;0;0;0;0;0;0;0;0
FR;6;2021-05-05;0;0;0;0;0;0;0;0;0;0
FR;6;2021-05-06;0;0;0;0;0;0;0;0;0;0
FR;6;2021-05-07;0;0;0;0;0;0;0;0;0;0
FR;6;2021-05-08;0;0;0;0;0;0;0;0;0;0
FR;6;2021-05-09;0;0;0;0;0;0;0;0;0;0
FR;6;2021-05-10;0;0;0;0;0;0;0;0;0;0
FR;6;2021-05-11;0;0;0;0;0;0;0;0;0;0
FR;6;2021-05-12;0;0;0;0;0;0;0;0;0;0
FR;6;2021-05-13;0;0;0;0;0;0;0;0;0;0
FR;6;2021-05-14;0;0;0;0;0;0;0;0;0;0
FR;6;2021-05-15;0;0;0;0;0;0;0;0;0;0
FR;6;2021-05-16;0;0;0;0;0;0;0;0;0;0
FR;6;2021-05-17;0;0;0;0;0;0;0;0;0;0
FR;6;2021-05-18;0;0;0;0;0;0;0;0;0;0
FR;6;2021-05-19;0;0;0;0;0;0;0;0;0;0
FR;6;2021-05-20;0;0;0;0;0;0;0;0;0;0
FR;6;2021-05-21;0;0;0;0;0;0;0;0;0;0
FR;6;2021-05-22;0;0;0;0;0;0;0;0;0;0
FR;6;2021-05-23;0;0;0;0;0;0;0;0;0;0
FR;6;2021-05-24;0;0;0;0;0;0;0;0;0;0
FR;6;2021-05-25;0;0;0;0;0;0;0;0;0;0
FR;6;2021-05-26;0;0;0;0;0;0;0;0;0;0
FR;6;2021-05-27;0;0;0;0;0;0;0;0;0;0
FR;6;2021-05-28;0;0;0;0;0;0;0;0;0;0
FR;6;2021-05-29;0;0;0;0;0;0;0;0;0;0
FR;6;2021-05-30;0;0;0;0;0;0;0;0;0;0
FR;6;2021-05-31;0;0;0;0;0;0;0;0;0;0
FR;6;2021-06-01;0;0;0;0;0;0;0;0;0;0
FR;6;2021-06-02;0;0;0;0;0;0;0;0;0;0
FR;6;2021-06-03;0;0;0;0;0;0;0;0;0;0
FR;6;2021-06-04;0;0;0;0;0;0;0;0;0;0
FR;6;2021-06-05;0;0;0;0;0;0;0;0;0;0
FR;6;2021-06-06;0;0;0;0;0;0;0;0;0;0
FR;6;2021-06-07;0;0;0;0;0;0;0;0;0;0
FR;6;2021-06-08;0;0;0;0;0;0;0;0;0;0
FR;6;2021-06-09;0;0;0;0;0;0;0;0;0;0
FR;6;2021-06-10;0;0;0;0;0;0;0;0;0;0
FR;6;2021-06-11;0;0;0;0;0;0;0;0;0;0
FR;6;2021-06-12;0;0;0;0;0;0;0;0;0;0
FR;6;2021-06-13;0;0;0;0;0;0;0;0;0;0
FR;6;2021-06-14;0;0;0;0;0;0;0;0;0;0
FR;6;2021-06-15;0;0;0;0;0;0;0;0;0;0
FR;6;2021-06-16;0;0;0;0;0;0;0;0;0;0
FR;6;2021-06-17;0;0;0;0;0;0;0;0;0;0
FR;6;2021-06-18;0;0;0;0;0;0;0;0;0;0
FR;6;2021-06-19;0;0;0;0;0;0;0;0;0;0
FR;6;2021-06-20;0;0;0;0;0;0;0;0;0;0
FR;6;2021-06-21;0;0;0;0;0;0;0;0;0;0
FR;6;2021-06-22;0;0;0;0;0;0;0;0;0;0
FR;6;2021-06-23;0;0;0;0;0;0;0;0;0;0
FR;6;2021-06-24;0;0;0;0;0;0;0;0;0;0
FR;6;2021-06-25;0;0;0;0;0;0;0;0;0;0
FR;6;2021-06-26;0;0;0;0;0;0;0;0;0;0
FR;6;2021-06-27;0;0;0;0;0;0;0;0;0;0
FR;6;2021-06-28;0;0;0;0;0;0;0;0;0;0
FR;6;2021-06-29;0;0;0;0;0;0;0;0;0;0
FR;6;2021-06-30;0;0;0;0;0;0;0;0;0;0
FR;6;2021-07-01;0;0;0;0;0;0;0;0;0;0
FR;6;2021-07-02;0;0;0;0;0;0;0;0;0;0
FR;6;2021-07-03;0;0;0;0;0;0;0;0;0;0
FR;6;2021-07-04;0;0;0;0;0;0;0;0;0;0
FR;6;2021-07-05;0;0;0;0;0;0;0;0;0;0
FR;6;2021-07-06;0;0;0;0;0;0;0;0;0;0
FR;6;2021-07-07;0;0;0;0;0;0;0;0;0;0
FR;6;2021-07-08;0;0;0;0;0;0;0;0;0;0
FR;6;2021-07-09;0;0;0;0;0;0;0;0;0;0
FR;6;2021-07-10;0;0;0;0;0;0;0;0;0;0
FR;6;2021-07-11;0;0;0;0;0;0;0;0;0;0
FR;6;2021-07-12;0;0;0;0;0;0;0;0;0;0
FR;6;2021-07-13;0;0;0;0;0;0;0;0;0;0
FR;6;2021-07-14;0;0;0;0;0;0;0;0;0;0
FR;6;2021-07-15;0;0;0;0;0;0;0;0;0;0
FR;6;2021-07-16;0;0;0;0;0;0;0;0;0;0
FR;6;2021-07-17;0;0;0;0;0;0;0;0;0;0
FR;6;2021-07-18;0;0;0;0;0;0;0;0;0;0
FR;6;2021-07-19;0;0;0;0;0;0;0;0;0;0
FR;6;2021-07-20;0;0;0;0;0;0;0;0;0;0
FR;6;2021-07-21;0;0;0;0;0;0;0;0;0;0
FR;6;2021-07-22;0;0;0;0;0;0;0;0;0;0
FR;6;2021-07-23;0;0;0;0;0;0;0;0;0;0
FR;6;2021-07-24;0;0;0;0;0;0;0;0;0;0
FR;6;2021-07-25;0;0;0;0;0;0;0;0;0;0
FR;6;2021-07-26;0;0;0;0;0;0;0;0;0;0
FR;6;2021-07-27;0;0;0;0;0;0;0;0;0;0
FR;6;2021-07-28;0;0;0;0;0;0;0;0;0;0
FR;6;2021-07-29;0;0;0;0;0;0;0;0;0;0
FR;6;2021-07-30;0;0;0;0;0;0;0;0;0;0
FR;6;2021-07-31;0;0;0;0;0;0;0;0;0;0
FR;6;2021-08-01;0;0;0;0;0;0;0;0;0;0
FR;6;2021-08-02;0;0;0;0;0;0;0;0;0;0
FR;6;2021-08-03;0;0;0;0;0;0;0;0;0;0
FR;6;2021-08-04;0;0;0;0;0;0;0;0;0;0
FR;6;2021-08-05;0;0;0;0;0;0;0;0;0;0
FR;6;2021-08-06;0;0;0;0;0;0;0;0;0;0
FR;6;2021-08-07;0;0;0;0;0;0;0;0;0;0
FR;6;2021-08-08;0;0;0;0;0;0;0;0;0;0
FR;6;2021-08-09;0;0;0;0;0;0;0;0;0;0
FR;6;2021-08-10;0;0;0;0;0;0;0;0;0;0
FR;6;2021-08-11;0;0;0;0;0;0;0;0;0;0
FR;6;2021-08-12;0;0;0;0;0;0;0;0;0;0
FR;6;2021-08-13;0;0;0;0;0;0;0;0;0;0
FR;6;2021-08-14;0;0;0;0;0;0;0;0;0;0
FR;6;2021-08-15;0;0;0;0;0;0;0;0;0;0
FR;6;2021-08-16;0;0;0;0;0;0;0;0;0;0
FR;6;2021-08-17;0;0;0;0;0;0;0;0;0;0
FR;6;2021-08-18;0;0;0;0;0;0;0;0;0;0
FR;6;2021-08-19;0;0;0;0;0;0;0;0;0;0
FR;6;2021-08-20;0;0;0;0;0;0;0;0;0;0
FR;6;2021-08-21;0;0;0;0;0;0;0;0;0;0
FR;6;2021-08-22;0;0;0;0;0;0;0;0;0;0
FR;6;2021-08-23;0;0;0;0;0;0;0;0;0;0
FR;6;2021-08-24;0;0;0;0;0;0;0;0;0;0
FR;6;2021-08-25;0;0;0;0;0;0;0;0;0;0
FR;6;2021-08-26;0;0;0;0;0;0;0;0;0;0
FR;6;2021-08-27;0;0;0;0;0;0;0;0;0;0
FR;6;2021-08-28;0;0;0;0;0;0;0;0;0;0
FR;6;2021-08-29;0;0;0;0;0;0;0;0;0;0
FR;6;2021-08-30;0;0;0;0;0;0;0;0;0;0
FR;6;2021-08-31;0;0;0;0;0;0;0;0;0;0
FR;6;2021-09-01;0;0;0;0;0;0;0;0;0;0
FR;6;2021-09-02;0;0;0;0;0;0;0;0;0;0
FR;6;2021-09-03;0;0;0;0;0;0;0;0;0;0
FR;6;2021-09-04;0;0;0;0;0;0;0;0;0;0
FR;6;2021-09-05;0;0;0;0;0;0;0;0;0;0
FR;6;2021-09-06;0;0;0;0;0;0;0;0;0;0
FR;6;2021-09-07;0;0;0;0;0;0;0;0;0;0
FR;6;2021-09-08;0;0;0;0;0;0;0;0;0;0
FR;6;2021-09-09;0;0;0;0;0;0;0;0;0;0
FR;6;2021-09-10;0;0;0;0;0;0;0;0;0;0
FR;6;2021-09-11;0;0;0;0;0;0;0;0;0;0
FR;6;2021-09-12;0;0;0;0;0;0;0;0;0;0
FR;6;2021-09-13;0;0;0;0;0;0;0;0;0;0
FR;6;2021-09-14;0;0;0;0;0;0;0;0;0;0
FR;6;2021-09-15;0;0;0;0;0;0;0;0;0;0
FR;6;2021-09-16;0;0;0;0;0;0;0;0;0;0
FR;6;2021-09-17;0;0;0;0;0;0;0;0;0;0
FR;6;2021-09-18;0;0;0;0;0;0;0;0;0;0
FR;6;2021-09-19;0;0;0;0;0;0;0;0;0;0
FR;6;2021-09-20;0;0;0;0;0;0;0;0;0;0
FR;6;2021-09-21;0;0;0;0;0;0;0;0;0;0
FR;6;2021-09-22;0;0;0;0;0;0;0;0;0;0
FR;6;2021-09-23;0;0;0;0;0;0;0;0;0;0
FR;6;2021-09-24;0;0;0;0;0;0;0;0;0;0
FR;6;2021-09-25;0;0;0;0;0;0;0;0;0;0
FR;6;2021-09-26;0;0;0;0;0;0;0;0;0;0
FR;6;2021-09-27;0;0;0;0;0;0;0;0;0;0
FR;6;2021-09-28;0;0;0;0;0;0;0;0;0;0
FR;6;2021-09-29;0;0;0;0;0;0;0;0;0;0
FR;6;2021-09-30;0;0;0;0;0;0;0;0;0;0
FR;6;2021-10-01;0;0;0;0;0;0;0;0;0;0
FR;6;2021-10-02;0;0;0;0;0;0;0;0;0;0
FR;6;2021-10-03;0;0;0;0;0;0;0;0;0;0
FR;6;2021-10-04;0;0;0;0;0;0;0;0;0;0
FR;6;2021-10-05;0;0;0;0;0;0;0;0;0;0
FR;6;2021-10-06;0;0;0;0;0;0;0;0;0;0
FR;6;2021-10-07;0;0;0;0;0;0;0;0;0;0
FR;6;2021-10-08;0;0;0;0;0;0;0;0;0;0
FR;6;2021-10-09;0;0;0;0;0;0;0;0;0;0
FR;6;2021-10-10;0;0;0;0;0;0;0;0;0;0
FR;6;2021-10-11;0;0;0;0;0;0;0;0;0;0
FR;6;2021-10-12;0;0;0;0;0;0;0;0;0;0
FR;6;2021-10-13;0;0;0;0;0;0;0;0;0;0
FR;6;2021-10-14;0;0;0;0;0;0;0;0;0;0
FR;6;2021-10-15;0;0;0;0;0;0;0;0;0;0
FR;6;2021-10-16;0;0;0;0;0;0;0;0;0;0
FR;6;2021-10-17;0;0;0;0;0;0;0;0;0;0
FR;6;2021-10-18;0;0;0;0;0;0;0;0;0;0
FR;6;2021-10-19;0;0;0;0;0;0;0;0;0;0
FR;6;2021-10-20;0;0;0;0;0;0;0;0;0;0
FR;6;2021-10-21;0;0;0;0;0;0;0;0;0;0
FR;6;2021-10-22;0;0;0;0;0;0;0;0;0;0
FR;6;2021-10-23;0;0;0;0;0;0;0;0;0;0
FR;6;2021-10-24;0;0;0;0;0;0;0;0;0;0
FR;6;2021-10-25;0;0;0;0;0;0;0;0;0;0
FR;6;2021-10-26;0;0;0;0;0;0;0;0;0;0
FR;6;2021-10-27;0;0;0;0;0;0;0;0;0;0
FR;6;2021-10-28;0;0;0;0;0;0;0;0;0;0
FR;6;2021-10-29;0;0;0;0;0;0;0;0;0;0
FR;6;2021-10-30;0;0;0;0;0;0;0;0;0;0
FR;6;2021-10-31;0;0;0;0;0;0;0;0;0;0
FR;6;2021-11-01;0;0;0;0;0;0;0;0;0;0
FR;6;2021-11-02;0;0;0;0;0;0;0;0;0;0
FR;6;2021-11-03;0;0;0;0;0;0;0;0;0;0
FR;6;2021-11-04;0;0;0;0;0;0;0;0;0;0
FR;6;2021-11-05;0;0;0;0;0;0;0;0;0;0
FR;6;2021-11-06;0;0;0;0;0;0;0;0;0;0
FR;6;2021-11-07;0;0;0;0;0;0;0;0;0;0
FR;6;2021-11-08;0;0;0;0;0;0;0;0;0;0
FR;6;2021-11-09;0;0;0;0;0;0;0;0;0;0
FR;6;2021-11-10;0;0;0;0;0;0;0;0;0;0
FR;6;2021-11-11;0;0;0;0;0;0;0;0;0;0
FR;6;2021-11-12;0;0;0;0;0;0;0;0;0;0
FR;6;2021-11-13;0;0;0;0;0;0;0;0;0;0
FR;6;2021-11-14;0;0;0;0;0;0;0;0;0;0
FR;6;2021-11-15;0;0;0;0;0;0;0;0;0;0
FR;6;2021-11-16;0;0;0;0;0;0;0;0;0;0
FR;6;2021-11-17;0;0;0;0;0;0;0;0;0;0
FR;6;2021-11-18;0;0;0;0;0;0;0;0;0;0
FR;6;2021-11-19;0;0;0;0;0;0;0;0;0;0
FR;6;2021-11-20;0;0;0;0;0;0;0;0;0;0
FR;6;2021-11-21;0;0;0;0;0;0;0;0;0;0
FR;6;2021-11-22;0;0;0;0;0;0;0;0;0;0
FR;6;2021-11-23;0;0;0;0;0;0;0;0;0;0
FR;6;2021-11-24;0;0;0;0;0;0;0;0;0;0
FR;6;2021-11-25;0;0;0;0;0;0;0;0;0;0
FR;6;2021-11-26;0;0;0;0;0;0;0;0;0;0
FR;6;2021-11-27;0;0;0;0;0;0;0;0;0;0
FR;6;2021-11-28;0;0;0;0;0;0;0;0;0;0
FR;6;2021-11-29;0;0;0;0;0;0;0;0;0;0
FR;6;2021-11-30;0;0;0;0;0;0;0;0;0;0
FR;6;2021-12-01;0;0;0;0;0;0;0;0;0;0
FR;6;2021-12-02;0;0;0;0;0;0;0;0;0;0
FR;6;2021-12-03;0;0;0;0;0;0;0;0;0;0
FR;6;2021-12-04;0;0;0;0;0;0;0;0;0;0
FR;6;2021-12-05;0;0;0;0;0;0;0;0;0;0
FR;6;2021-12-06;0;0;0;0;0;0;0;0;0;0
FR;6;2021-12-07;0;0;0;0;0;0;0;0;0;0
FR;6;2021-12-08;0;0;0;0;0;0;0;0;0;0
FR;6;2021-12-09;0;0;0;0;0;0;0;0;0;0
FR;6;2021-12-10;0;0;0;0;0;0;0;0;0;0
FR;6;2021-12-11;0;0;0;0;0;0;0;0;0;0
FR;6;2021-12-12;0;0;0;0;0;0;0;0;0;0
FR;6;2021-12-13;0;0;0;0;0;0;0;0;0;0
FR;6;2021-12-14;0;0;0;0;0;0;0;0;0;0
FR;6;2021-12-15;0;0;0;0;0;0;0;0;0;0
FR;6;2021-12-16;0;0;0;0;0;0;0;0;0;0
FR;6;2021-12-17;0;0;0;0;0;0;0;0;0;0
FR;6;2021-12-18;0;0;0;0;0;0;0;0;0;0
FR;6;2021-12-19;0;0;0;0;0;0;0;0;0;0
FR;6;2021-12-20;0;0;0;0;0;0;0;0;0;0
FR;6;2021-12-21;0;0;0;0;0;0;0;0;0;0
FR;6;2021-12-22;0;0;0;0;0;0;0;0;0;0
FR;6;2021-12-23;0;0;0;0;0;0;0;0;0;0
FR;6;2021-12-24;0;0;0;0;0;0;0;0;0;0
FR;6;2021-12-25;0;0;0;0;0;0;0;0;0;0
FR;6;2021-12-26;0;0;0;0;0;0;0;0;0;0
FR;6;2021-12-27;0;0;0;0;0;0;0;0;0;0
FR;6;2021-12-28;0;0;0;0;0;0;0;0;0;0
FR;6;2021-12-29;0;0;0;0;0;0;0;0;0;0
FR;6;2021-12-30;0;0;0;0;0;0;0;0;0;0
FR;6;2021-12-31;0;0;0;0;0;0;0;0;0;0
FR;6;2022-01-01;0;0;0;0;0;0;0;0;0;0
FR;6;2022-01-02;0;0;0;0;0;0;0;0;0;0
FR;6;2022-01-03;0;0;0;0;0;0;0;0;0;0
FR;6;2022-01-04;0;0;0;0;0;0;0;0;0;0
FR;6;2022-01-05;0;0;0;0;0;0;0;0;0;0
FR;6;2022-01-06;0;0;0;0;0;0;0;0;0;0
FR;6;2022-01-07;0;0;0;0;0;0;0;0;0;0
FR;6;2022-01-08;0;0;0;0;0;0;0;0;0;0
FR;6;2022-01-09;0;0;0;0;0;0;0;0;0;0
FR;6;2022-01-10;0;0;0;0;0;0;0;0;0;0
FR;6;2022-01-11;0;0;0;0;0;0;0;0;0;0
FR;6;2022-01-12;0;0;0;0;0;0;0;0;0;0
FR;6;2022-01-13;0;0;0;0;0;0;0;0;0;0
FR;6;2022-01-14;0;0;0;0;0;0;0;0;0;0
FR;6;2022-01-15;0;0;0;0;0;0;0;0;0;0
FR;6;2022-01-16;0;0;0;0;0;0;0;0;0;0
FR;6;2022-01-17;0;0;0;0;0;0;0;0;0;0
FR;6;2022-01-18;0;0;0;0;0;0;0;0;0;0
FR;6;2022-01-19;0;0;0;0;0;0;0;0;0;0
FR;6;2022-01-20;0;0;0;0;0;0;0;0;0;0
FR;6;2022-01-21;0;0;0;0;0;0;0;0;0;0
FR;6;2022-01-22;0;0;0;0;0;0;0;0;0;0
FR;6;2022-01-23;0;0;0;0;0;0;0;0;0;0
FR;6;2022-01-24;0;0;0;0;0;0;0;0;0;0
FR;6;2022-01-25;0;0;0;0;0;0;0;0;0;0
FR;6;2022-01-26;0;0;0;0;0;0;0;0;0;0
FR;6;2022-01-27;0;0;0;0;0;0;0;0;0;0
FR;6;2022-01-28;0;0;0;0;0;0;0;0;0;0
FR;6;2022-01-29;0;0;0;0;0;0;0;0;0;0
FR;6;2022-01-30;0;0;0;0;0;0;0;0;0;0
FR;6;2022-01-31;0;0;0;0;0;0;0;0;0;0
FR;6;2022-02-01;0;0;0;0;0;0;0;0;0;0
FR;6;2022-02-02;0;0;0;0;0;0;0;0;0;0
FR;6;2022-02-03;0;0;0;0;0;0;0;0;0;0
FR;6;2022-02-04;0;0;0;0;0;0;0;0;0;0
FR;6;2022-02-05;0;0;0;0;0;0;0;0;0;0
FR;6;2022-02-06;0;0;0;0;0;0;0;0;0;0
FR;6;2022-02-07;0;0;0;0;0;0;0;0;0;0
FR;6;2022-02-08;0;0;0;0;0;0;0;0;0;0
FR;6;2022-02-09;0;0;0;0;0;0;0;0;0;0
FR;6;2022-02-10;0;0;0;0;0;0;0;0;0;0
FR;6;2022-02-11;0;0;0;0;0;0;0;0;0;0
FR;6;2022-02-12;0;0;0;0;0;0;0;0;0;0
FR;6;2022-02-13;0;0;0;0;0;0;0;0;0;0
FR;6;2022-02-14;0;0;0;0;0;0;0;0;0;0
FR;6;2022-02-15;0;0;0;0;0;0;0;0;0;0
FR;6;2022-02-16;0;0;0;0;0;0;0;0;0;0
FR;6;2022-02-17;0;0;0;0;0;0;0;0;0;0
FR;6;2022-02-18;0;0;0;0;0;0;0;0;0;0
FR;6;2022-02-19;0;0;0;0;0;0;0;0;0;0
FR;6;2022-02-20;0;0;0;0;0;0;0;0;0;0
FR;6;2022-02-21;0;0;0;0;0;0;0;0;0;0
FR;6;2022-02-22;0;0;0;0;0;0;0;0;0;0
FR;6;2022-02-23;0;0;0;0;0;0;0;0;0;0
FR;6;2022-02-24;0;0;0;0;0;0;0;0;0;0
FR;6;2022-02-25;0;0;0;0;0;0;0;0;0;0
FR;6;2022-02-26;0;0;0;0;0;0;0;0;0;0
FR;6;2022-02-27;0;0;0;0;0;0;0;0;0;0
FR;6;2022-02-28;0;0;0;0;0;0;0;0;0;0
FR;6;2022-03-01;1;0;0;0;0;1;0;0;0;0
FR;6;2022-03-02;97;9;2;0;7;98;9;2;0;7
FR;6;2022-03-03;0;0;0;0;0;98;9;2;0;7
FR;6;2022-03-04;91;4;0;0;4;189;13;2;0;11
FR;6;2022-03-05;391;23;2;0;14;580;36;4;0;25
FR;6;2022-03-06;7;1;0;0;0;587;37;4;0;25
FR;6;2022-03-07;337;19;0;0;13;924;56;4;0;38
FR;6;2022-03-08;230;14;0;0;5;1154;70;4;0;43
FR;6;2022-03-09;519;29;2;0;21;1673;99;6;0;64
FR;6;2022-03-10;206;18;0;1;12;1879;117;6;1;76
FR;6;2022-03-11;328;21;6;0;21;2207;138;12;1;97
FR;6;2022-03-12;518;25;1;0;20;2725;163;13;1;117
FR;6;2022-03-13;40;2;0;0;1;2765;165;13;1;118
FR;6;2022-03-14;201;4;2;0;3;2966;169;15;1;121
FR;6;2022-03-15;112;11;2;0;9;3078;180;17;1;130
FR;6;2022-03-16;310;16;1;1;14;3388;196;18;2;144
FR;6;2022-03-17;117;6;1;2;4;3505;202;19;4;148
FR;6;2022-03-18;214;11;0;0;6;3719;213;19;4;154
FR;6;2022-03-19;306;19;2;0;9;4025;232;21;4;163
FR;6;2022-03-20;15;5;0;0;1;4040;237;21;4;164
FR;6;2022-03-21;131;23;1;0;4;4171;260;22;4;168
FR;6;2022-03-22;97;15;0;0;4;4268;275;22;4;172
FR;6;2022-03-23;226;108;3;0;14;4494;383;25;4;186
FR;6;2022-03-24;99;14;1;3;4;4593;397;26;7;190
FR;6;2022-03-25;203;141;2;1;15;4796;538;28;8;205
FR;6;2022-03-26;332;295;7;1;19;5128;833;35;9;224
FR;6;2022-03-27;32;30;1;0;1;5160;863;36;9;225
FR;6;2022-03-28;200;208;8;1;17;5360;1071;44;10;242
FR;6;2022-03-29;126;188;12;2;12;5486;1259;56;12;254
FR;6;2022-03-30;305;475;10;2;22;5791;1734;66;14;276
FR;6;2022-03-31;124;140;9;0;13;5915;1874;75;14;289
FR;6;2022-04-01;194;150;11;2;23;6109;2024;86;16;312
FR;6;2022-04-02;205;241;9;1;13;6314;2265;95;17;325
FR;6;2022-04-03;17;21;0;0;1;6331;2286;95;17;326
FR;6;2022-04-04;130;114;6;1;9;6461;2400;101;18;335
FR;6;2022-04-05;145;88;15;1;11;6606;2488;116;19;346
FR;6;2022-04-06;202;245;22;26;27;6808;2733;138;45;373
FR;6;2022-04-07;127;96;15;5;17;6935;2829;153;50;390
FR;6;2022-04-08;199;170;16;3;17;7134;2999;169;53;407
FR;6;2022-04-09;145;139;6;12;13;7279;3138;175;65;420
FR;6;2022-04-10;10;20;3;0;1;7289;3158;178;65;421
FR;6;2022-04-11;99;106;4;0;5;7388;3264;182;65;426
FR;6;2022-04-12;131;75;5;8;10;7519;3339;187;73;436
FR;6;2022-04-13;160;174;7;5;13;7679;3513;194;78;449
FR;6;2022-04-14;100;103;5;10;8;7779;3616;199;88;457
FR;6;2022-04-15;159;148;11;7;19;7938;3764;210;95;476
FR;6;2022-04-16;126;132;5;0;14;8064;3896;215;95;490
FR;6;2022-04-17;8;9;4;0;4;8072;3905;219;95;494
FR;6;2022-04-18;8;15;0;0;1;8080;3920;219;95;495
FR;6;2022-04-19;97;112;4;3;3;8177;4032;223;98;498
FR;6;2022-04-20;172;228;8;7;15;8349;4260;231;105;513
FR;6;2022-04-21;111;93;8;4;11;8460;4353;239;109;524
FR;6;2022-04-22;135;159;12;12;12;8595;4512;251;121;536
FR;6;2022-04-23;104;129;1;1;7;8699;4641;252;122;543
FR;6;2022-04-24;5;21;0;0;0;8704;4662;252;122;543
FR;6;2022-04-25;90;128;3;8;11;8794;4790;255;130;554
FR;6;2022-04-26;100;127;17;2;15;8894;4917;272;132;569
FR;6;2022-04-27;194;157;20;1;26;9088;5074;292;133;595
FR;6;2022-04-28;107;87;5;1;8;9195;5161;297;134;603
FR;6;2022-04-29;186;167;16;2;20;9381;5328;313;136;623
FR;6;2022-04-30;129;124;7;1;24;9510;5452;320;137;647
FR;6;2022-05-01;7;5;0;0;0;9517;5457;320;137;647
FR;0;2020-12-27;600;0;0;0;0;600;0;0;0;0
FR;0;2020-12-28;656;0;0;0;0;1256;0;0;0;0
FR;0;2020-12-29;371;0;0;0;0;1627;0;0;0;0
FR;0;2020-12-30;435;0;0;0;0;2062;0;0;0;0
FR;0;2020-12-31;395;0;0;0;0;2457;0;0;0;0
FR;0;2021-01-01;1133;1;0;0;0;3590;1;0;0;0
FR;0;2021-01-02;355;3;0;0;0;3945;4;0;0;0
FR;0;2021-01-03;398;0;0;0;0;4343;4;0;0;0
FR;0;2021-01-04;2079;1;0;0;0;6422;5;0;0;0
FR;0;2021-01-05;7418;2;0;0;0;13840;7;0;0;0
FR;0;2021-01-06;12388;9;0;0;0;26228;16;0;0;0
FR;0;2021-01-07;29441;9;0;0;0;55669;25;0;0;0
FR;0;2021-01-08;37114;7;0;0;0;92783;32;0;0;0
FR;0;2021-01-09;11207;3;0;0;0;103990;35;0;0;0
FR;0;2021-01-10;5994;2;0;0;0;109984;37;0;0;0
FR;0;2021-01-11;39917;14;0;0;0;149901;51;0;0;0
FR;0;2021-01-12;62118;12;0;0;0;212019;63;0;0;0
FR;0;2021-01-13;65088;25;0;0;0;277107;88;0;0;0
FR;0;2021-01-14;83124;55;0;0;0;360231;143;0;0;0
FR;0;2021-01-15;68980;21;0;0;0;429211;164;0;0;0
FR;0;2021-01-16;20207;73;0;0;0;449418;237;0;0;0
FR;0;2021-01-17;10976;45;0;0;0;460394;282;0;0;0
FR;0;2021-01-18;85855;165;0;0;0;546249;447;0;0;0
FR;0;2021-01-19;130566;163;0;0;0;676815;610;0;0;0
FR;0;2021-01-20;137513;168;0;0;0;814328;778;0;0;0
FR;0;2021-01-21;158364;157;0;0;0;972692;935;0;0;0
FR;0;2021-01-22;121033;196;0;0;0;1093725;1131;0;0;0
FR;0;2021-01-23;38460;61;0;0;0;1132185;1192;0;0;0
FR;0;2021-01-24;9738;69;0;0;0;1141923;1261;0;0;0
FR;0;2021-01-25;78214;1263;0;0;0;1220137;2524;0;0;0
FR;0;2021-01-26;100346;3245;1;0;0;1320483;5769;1;0;0
FR;0;2021-01-27;107216;5854;0;0;0;1427699;11623;1;0;0
FR;0;2021-01-28;124317;14779;0;0;0;1552016;26402;1;0;0
FR;0;2021-01-29;92164;17554;0;0;0;1644180;43956;1;0;0
FR;0;2021-01-30;29108;4251;0;0;0;1673288;48207;1;0;0
FR;0;2021-01-31;5221;1727;0;0;0;1678509;49934;1;0;0
FR;0;2021-02-01;53099;21397;0;0;0;1731608;71331;1;0;0
FR;0;2021-02-02;72271;35298;0;0;0;1803879;106629;1;0;0
FR;0;2021-02-03;72273;37534;0;0;0;1876152;144163;1;0;0
FR;0;2021-02-04;82036;51036;0;0;0;1958188;195199;1;0;0
FR;0;2021-02-05;68211;45795;0;0;0;2026399;240994;1;0;0
FR;0;2021-02-06;23121;10701;0;0;0;2049520;251695;1;0;0
FR;0;2021-02-07;5178;5223;0;0;0;2054698;256918;1;0;0
FR;0;2021-02-08;46813;46699;0;0;0;2101511;303617;1;0;0
FR;0;2021-02-09;65985;73500;0;0;0;2167496;377117;1;0;0
FR;0;2021-02-10;70969;78332;0;0;0;2238465;455449;1;0;0
FR;0;2021-02-11;87228;100288;0;0;0;2325693;555737;1;0;0
FR;0;2021-02-12;79278;74623;0;0;0;2404971;630360;1;0;0
FR;0;2021-02-13;22348;19578;0;0;0;2427319;649938;1;0;0
FR;0;2021-02-14;5066;7160;0;0;0;2432385;657098;1;0;0
FR;0;2021-02-15;38059;76681;0;0;0;2470444;733779;1;0;0
FR;0;2021-02-16;50355;100538;0;0;0;2520799;834317;1;0;0
FR;0;2021-02-17;50486;104055;1;0;0;2571285;938372;2;0;0
FR;0;2021-02-18;69749;119544;0;0;0;2641034;1057916;2;0;0
FR;0;2021-02-19;65042;90948;1;0;0;2706076;1148864;3;0;0
FR;0;2021-02-20;18569;28620;0;0;0;2724645;1177484;3;0;0
FR;0;2021-02-21;3312;6356;0;0;0;2727957;1183840;3;0;0
FR;0;2021-02-22;37471;73167;2;0;0;2765428;1257007;5;0;0
FR;0;2021-02-23;53753;84350;1;0;0;2819181;1341357;6;0;0
FR;0;2021-02-24;59972;81445;1;0;0;2879153;1422802;7;0;0
FR;0;2021-02-25;100537;91319;1;0;0;2979690;1514121;8;0;0
FR;0;2021-02-26;113416;70841;0;0;0;3093106;1584962;8;0;0
FR;0;2021-02-27;52091;22129;0;0;0;3145197;1607091;8;0;0
FR;0;2021-02-28;6190;4338;1;0;0;3151387;1611429;9;0;0
FR;0;2021-03-01;65815;53167;1;0;0;3217202;1664596;10;0;0
FR;0;2021-03-02;101331;66433;2;0;0;3318533;1731029;12;0;0
FR;0;2021-03-03;116449;65509;0;0;0;3434982;1796538;12;0;0
FR;0;2021-03-04;163569;69789;3;0;0;3598551;1866327;15;0;0
FR;0;2021-03-05;200863;63174;3;0;0;3799414;1929501;18;0;0
FR;0;2021-03-06;207913;17757;3;0;0;4007327;1947258;21;0;0
FR;0;2021-03-07;121245;5177;1;0;0;4128572;1952435;22;0;0
FR;0;2021-03-08;107103;50569;2;0;0;4235675;2003004;24;0;0
FR;0;2021-03-09;172397;56497;2;0;0;4408072;2059501;26;0;0
FR;0;2021-03-10;178919;57104;5;0;0;4586991;2116605;31;0;0
FR;0;2021-03-11;242814;63219;2;0;0;4829805;2179824;33;0;0
FR;0;2021-03-12;294763;53378;1;0;0;5124568;2233202;34;0;0
FR;0;2021-03-13;231357;15312;1;0;0;5355925;2248514;35;0;0
FR;0;2021-03-14;63332;3384;1;0;0;5419257;2251898;36;0;0
FR;0;2021-03-15;158594;32388;3;0;0;5577851;2284286;39;0;0
FR;0;2021-03-16;141528;39312;6;0;0;5719379;2323598;45;0;0
FR;0;2021-03-17;150426;38316;4;0;0;5869805;2361914;49;0;0
FR;0;2021-03-18;167769;44551;5;0;0;6037574;2406465;54;0;0
FR;0;2021-03-19;229945;37256;2;0;0;6267519;2443721;56;0;0
FR;0;2021-03-20;166636;11652;1;0;0;6434155;2455373;57;0;0
FR;0;2021-03-21;49914;2545;1;0;0;6484069;2457918;58;0;0
FR;0;2021-03-22;169988;34097;2;0;0;6654057;2492015;60;0;0
FR;0;2021-03-23;250324;42412;1;0;0;6904381;2534427;61;0;0
FR;0;2021-03-24;256837;43786;0;0;0;7161218;2578213;61;0;0
FR;0;2021-03-25;341735;44774;5;0;0;7502953;2622987;66;0;0
FR;0;2021-03-26;358737;41852;4;0;0;7861690;2664839;70;0;0
FR;0;2021-03-27;195229;16704;1;0;0;8056919;2681543;71;0;0
FR;0;2021-03-28;59317;3968;3;0;0;8116236;2685511;74;0;0
FR;0;2021-03-29;202921;54112;4;0;0;8319157;2739623;78;0;0
FR;0;2021-03-30;285394;69620;4;0;0;8604551;2809243;82;0;0
FR;0;2021-03-31;262944;73069;4;0;0;8867495;2882312;86;0;0
FR;0;2021-04-01;315362;88725;12;0;0;9182857;2971037;98;0;0
FR;0;2021-04-02;281262;92502;7;0;0;9464119;3063539;105;0;0
FR;0;2021-04-03;141039;61842;5;0;0;9605158;3125381;110;0;0
FR;0;2021-04-04;46405;18705;2;0;0;9651563;3144086;112;0;0
FR;0;2021-04-05;63292;10861;11;0;0;9714855;3154947;123;0;0
FR;0;2021-04-06;217122;108778;16;0;0;9931977;3263725;139;0;0
FR;0;2021-04-07;260169;115385;17;0;0;10192146;3379110;156;0;0
FR;0;2021-04-08;337720;121482;14;0;0;10529866;3500592;170;0;0
FR;0;2021-04-09;410064;116264;49;0;0;10939930;3616856;219;0;0
FR;0;2021-04-10;212568;82589;15;0;0;11152498;3699445;234;0;0
FR;0;2021-04-11;56117;34463;7;0;0;11208615;3733908;241;0;0
FR;0;2021-04-12;236981;115154;45;0;0;11445596;3849062;286;0;0
FR;0;2021-04-13;309404;144644;98;1;0;11755000;3993706;384;1;0
FR;0;2021-04-14;294421;139311;213;0;0;12049421;4133017;597;1;0
FR;0;2021-04-15;336994;148035;337;0;0;12386415;4281052;934;1;0
FR;0;2021-04-16;339210;145749;352;0;0;12725625;4426801;1286;1;0
FR;0;2021-04-17;188615;90070;108;0;0;12914240;4516871;1394;1;0
FR;0;2021-04-18;51599;35406;46;0;0;12965839;4552277;1440;1;0
FR;0;2021-04-19;205629;138199;453;0;0;13171468;4690476;1893;1;0
FR;0;2021-04-20;254327;170596;568;0;0;13425795;4861072;2461;1;0
FR;0;2021-04-21;253147;168851;832;0;0;13678942;5029923;3293;1;0
FR;0;2021-04-22;287393;188427;818;0;0;13966335;5218350;4111;1;0
FR;0;2021-04-23;297946;183270;745;0;0;14264281;5401620;4856;1;0
FR;0;2021-04-24;190408;111518;250;0;0;14454689;5513138;5106;1;0
FR;0;2021-04-25;69479;38797;51;0;0;14524168;5551935;5157;1;0
FR;0;2021-04-26;220878;156103;560;0;0;14745046;5708038;5717;1;0
FR;0;2021-04-27;284515;187311;939;0;0;15029561;5895349;6656;1;0
FR;0;2021-04-28;299417;183091;1421;1;1;15328978;6078440;8077;2;1
FR;0;2021-04-29;357045;196247;1275;0;0;15686023;6274687;9352;2;1
FR;0;2021-04-30;372121;184689;1119;1;0;16058144;6459376;10471;3;1
FR;0;2021-05-01;167584;52511;178;0;0;16225728;6511887;10649;3;1
FR;0;2021-05-02;91640;37760;83;0;0;16317368;6549647;10732;3;1
FR;0;2021-05-03;288779;168819;837;0;0;16606147;6718466;11569;3;1
FR;0;2021-05-04;315531;224240;1230;0;0;16921678;6942706;12799;3;1
FR;0;2021-05-05;327050;224607;1311;0;0;17248728;7167313;14110;3;1
FR;0;2021-05-06;379375;239205;1628;0;0;17628103;7406518;15738;3;1
FR;0;2021-05-07;372640;257139;1222;0;0;18000743;7663657;16960;3;1
FR;0;2021-05-08;222116;67055;297;0;0;18222859;7730712;17257;3;1
FR;0;2021-05-09;129649;46504;243;0;0;18352508;7777216;17500;3;1
FR;0;2021-05-10;313233;228679;1231;0;0;18665741;8005895;18731;3;1
FR;0;2021-05-11;403767;257816;1562;0;0;19069508;8263711;20293;3;1
FR;0;2021-05-12;433984;233041;1541;0;0;19503492;8496752;21834;3;1
FR;0;2021-05-13;338511;56966;430;0;0;19842003;8553718;22264;3;1
FR;0;2021-05-14;454023;167232;1120;0;0;20296026;8720950;23384;3;1
FR;0;2021-05-15;374908;93976;442;0;0;20670934;8814926;23826;3;1
FR;0;2021-05-16;202698;20782;168;0;0;20873632;8835708;23994;3;1
FR;0;2021-05-17;375991;148866;1548;0;0;21249623;8984574;25542;3;1
FR;0;2021-05-18;460005;153009;1985;0;0;21709628;9137583;27527;3;1
FR;0;2021-05-19;467270;144945;2452;0;0;22176898;9282528;29979;3;1
FR;0;2021-05-20;507375;160198;2330;0;0;22684273;9442726;32309;3;1
FR;0;2021-05-21;489536;174342;1986;0;0;23173809;9617068;34295;3;1
FR;0;2021-05-22;347128;79828;668;0;0;23520937;9696896;34963;3;1
FR;0;2021-05-23;161630;14418;246;0;0;23682567;9711314;35209;3;1
FR;0;2021-05-24;263121;33188;598;0;0;23945688;9744502;35807;3;1
FR;0;2021-05-25;400122;189066;2347;1;0;24345810;9933568;38154;4;1
FR;0;2021-05-26;413343;188247;2215;0;0;24759153;10121815;40369;4;1
FR;0;2021-05-27;449673;218485;2154;0;0;25208826;10340300;42523;4;1
FR;0;2021-05-28;429431;259384;1889;0;0;25638257;10599684;44412;4;1
FR;0;2021-05-29;298930;149289;582;0;0;25937187;10748973;44994;4;1
FR;0;2021-05-30;107089;32587;163;0;0;26044276;10781560;45157;4;1
FR;0;2021-05-31;357901;203466;1465;1;1;26402177;10985026;46622;5;2
FR;0;2021-06-01;430661;251320;1956;1;1;26832838;11236346;48578;6;3
FR;0;2021-06-02;419127;230730;1976;0;0;27251965;11467076;50554;6;3
FR;0;2021-06-03;464212;258391;1819;0;0;27716177;11725467;52373;6;3
FR;0;2021-06-04;455469;304707;1729;1;1;28171646;12030174;54102;7;4
FR;0;2021-06-05;304723;188949;651;0;0;28476369;12219123;54753;7;4
FR;0;2021-06-06;133216;49133;226;0;0;28609585;12268256;54979;7;4
FR;0;2021-06-07;338715;261996;1516;0;0;28948300;12530252;56495;7;4
FR;0;2021-06-08;393521;290960;1794;0;0;29341821;12821212;58289;7;4
FR;0;2021-06-09;384597;275537;1724;0;0;29726418;13096749;60013;7;4
FR;0;2021-06-10;403921;288982;1718;1;0;30130339;13385731;61731;8;4
FR;0;2021-06-11;386439;357232;1457;0;0;30516778;13742963;63188;8;4
FR;0;2021-06-12;283187;211283;490;0;0;30799965;13954246;63678;8;4
FR;0;2021-06-13;104821;73990;204;0;0;30904786;14028236;63882;8;4
FR;0;2021-06-14;240642;355696;1423;1;0;31145428;14383932;65305;9;4
FR;0;2021-06-15;307934;385649;1563;1;0;31453362;14769581;66868;10;4
FR;0;2021-06-16;313808;357776;1413;1;0;31767170;15127357;68281;11;4
FR;0;2021-06-17;317525;372298;1420;1;0;32084695;15499655;69701;12;4
FR;0;2021-06-18;321536;442380;1330;1;0;32406231;15942035;71031;13;4
FR;0;2021-06-19;224296;273752;447;0;0;32630527;16215787;71478;13;4
FR;0;2021-06-20;74357;102600;127;0;0;32704884;16318387;71605;13;4
FR;0;2021-06-21;195552;401915;1031;1;1;32900436;16720302;72636;14;5
FR;0;2021-06-22;222978;467360;1258;10;2;33123414;17187662;73894;24;7
FR;0;2021-06-23;233846;439907;1195;1;1;33357260;17627569;75089;25;8
FR;0;2021-06-24;241709;409563;1346;0;0;33598969;18037132;76435;25;8
FR;0;2021-06-25;227445;522156;1398;0;0;33826414;18559288;77833;25;8
FR;0;2021-06-26;153176;370664;585;1;0;33979590;18929952;78418;26;8
FR;0;2021-06-27;55860;156267;168;1;0;34035450;19086219;78586;27;8
FR;0;2021-06-28;154591;452972;1165;0;0;34190041;19539191;79751;27;8
FR;0;2021-06-29;182520;506746;2124;0;0;34372561;20045937;81875;27;8
FR;0;2021-06-30;203812;481761;2008;21;2;34576373;20527698;83883;48;10
FR;0;2021-07-01;231031;457769;2221;5;1;34807404;20985467;86104;53;11
FR;0;2021-07-02;228163;520213;2118;5;3;35035567;21505680;88222;58;14
FR;0;2021-07-03;141900;368741;909;3;1;35177467;21874421;89131;61;15
FR;0;2021-07-04;56682;141265;265;0;0;35234149;22015686;89396;61;15
FR;0;2021-07-05;168150;419347;1667;8;2;35402299;22435033;91063;69;17
FR;0;2021-07-06;196493;474812;1827;45;8;35598792;22909845;92890;114;25
FR;0;2021-07-07;212837;439298;1876;24;5;35811629;23349143;94766;138;30
FR;0;2021-07-08;231381;424167;2088;20;7;36043010;23773310;96854;158;37
FR;0;2021-07-09;228302;510436;2182;4;2;36271312;24283746;99036;162;39
FR;0;2021-07-10;148506;339843;982;1;1;36419818;24623589;100018;163;40
FR;0;2021-07-11;60131;110136;281;0;0;36479949;24733725;100299;163;40
FR;0;2021-07-12;168927;478218;1750;4;0;36648876;25211943;102049;167;40
FR;0;2021-07-13;287019;527472;2044;8;2;36935895;25739415;104093;175;42
FR;0;2021-07-14;180851;157768;433;0;0;37116746;25897183;104526;175;42
FR;0;2021-07-15;346797;502509;2097;1;0;37463543;26399692;106623;176;42
FR;0;2021-07-16;379857;496010;2020;3;1;37843400;26895702;108643;179;43
FR;0;2021-07-17;259628;319820;876;1;0;38103028;27215522;109519;180;43
FR;0;2021-07-18;109657;114817;310;0;0;38212685;27330339;109829;180;43
FR;0;2021-07-19;285275;425218;1627;3;0;38497960;27755557;111456;183;43
FR;0;2021-07-20;376697;452560;1721;0;0;38874657;28208117;113177;183;43
FR;0;2021-07-21;395599;408027;1549;4;2;39270256;28616144;114726;187;45
FR;0;2021-07-22;440784;388255;1713;4;2;39711040;29004399;116439;191;47
FR;0;2021-07-23;439150;423327;1880;4;2;40150190;29427726;118319;195;49
FR;0;2021-07-24;285164;269640;803;1;0;40435354;29697366;119122;196;49
FR;0;2021-07-25;121030;80067;226;0;0;40556384;29777433;119348;196;49
FR;0;2021-07-26;347223;323356;1614;3;2;40903607;30100789;120962;199;51
FR;0;2021-07-27;463853;320415;1696;4;2;41367460;30421204;122658;203;53
FR;0;2021-07-28;459274;290093;1634;4;2;41826734;30711297;124292;207;55
FR;0;2021-07-29;489623;276996;1794;2;1;42316357;30988293;126086;209;56
FR;0;2021-07-30;461602;302993;1936;5;2;42777959;31291286;128022;214;58
FR;0;2021-07-31;285313;185055;914;1;0;43063272;31476341;128936;215;58
FR;0;2021-08-01;111921;50018;252;0;0;43175193;31526359;129188;215;58
FR;0;2021-08-02;341153;234633;1598;2;0;43516346;31760992;130786;217;58
FR;0;2021-08-03;398308;245209;1715;2;1;43914654;32006201;132501;219;59
FR;0;2021-08-04;384520;210163;1590;5;3;44299174;32216364;134091;224;62
FR;0;2021-08-05;365921;228952;1709;0;0;44665095;32445316;135800;224;62
FR;0;2021-08-06;359507;271805;1833;4;1;45024602;32717121;137633;228;63
FR;0;2021-08-07;213004;178384;755;4;3;45237606;32895505;138388;232;66
FR;0;2021-08-08;74123;63251;270;0;0;45311729;32958756;138658;232;66
FR;0;2021-08-09;258539;259662;1539;4;3;45570268;33218418;140197;236;69
FR;0;2021-08-10;306544;278234;1655;2;1;45876812;33496652;141852;238;70
FR;0;2021-08-11;279465;260379;1437;5;1;46156277;33757031;143289;243;71
FR;0;2021-08-12;271301;278664;1657;3;1;46427578;34035695;144946;246;72
FR;0;2021-08-13;252002;277883;1588;3;2;46679580;34313578;146534;249;74
FR;0;2021-08-14;145263;197366;739;0;0;46824843;34510944;147273;249;74
FR;0;2021-08-15;39282;50116;215;1;0;46864125;34561060;147488;250;74
FR;0;2021-08-16;185993;318208;1538;0;0;47050118;34879268;149026;250;74
FR;0;2021-08-17;215535;336660;1633;7;1;47265653;35215928;150659;257;75
FR;0;2021-08-18;198869;324880;1590;7;4;47464522;35540808;152249;264;79
FR;0;2021-08-19;191837;325776;1631;1;0;47656359;35866584;153880;265;79
FR;0;2021-08-20;186287;366013;1808;3;2;47842646;36232597;155688;268;81
FR;0;2021-08-21;104735;238166;702;0;0;47947381;36470763;156390;268;81
FR;0;2021-08-22;31878;87205;252;1;1;47979259;36557968;156642;269;82
FR;0;2021-08-23;140862;357293;1557;3;2;48120121;36915261;158199;272;84
FR;0;2021-08-24;162371;376923;1842;5;1;48282492;37292184;160041;277;85
FR;0;2021-08-25;151038;350880;2027;8;3;48433530;37643064;162068;285;88
FR;0;2021-08-26;142699;342876;2553;10;1;48576229;37985940;164621;295;89
FR;0;2021-08-27;148330;387807;2788;11;4;48724559;38373747;167409;306;93
FR;0;2021-08-28;90578;249533;1405;0;0;48815137;38623280;168814;306;93
FR;0;2021-08-29;27299;83324;513;1;0;48842436;38706604;169327;307;93
FR;0;2021-08-30;117310;324933;4706;6;6067;48959746;39031537;174033;313;6160
FR;0;2021-08-31;128707;334737;10159;18;11885;49088453;39366274;184192;331;18045
FR;0;2021-09-01;135437;285710;22405;7;24287;49223890;39651984;206597;338;42332
FR;0;2021-09-02;112390;247277;26504;13;28841;49336280;39899261;233101;351;71173
FR;0;2021-09-03;118017;292746;29948;23;32952;49454297;40192007;263049;374;104125
FR;0;2021-09-04;89758;217719;12583;12;14052;49544055;40409726;275632;386;118177
FR;0;2021-09-05;21325;44867;4389;2;4731;49565380;40454593;280021;388;122908
FR;0;2021-09-06;75252;180829;31940;16;34199;49640632;40635422;311961;404;157107
FR;0;2021-09-07;79979;181268;33231;40;36086;49720611;40816690;345192;444;193193
FR;0;2021-09-08;89229;206187;29650;27;32417;49809840;41022877;374842;471;225610
FR;0;2021-09-09;76194;165382;33032;26;36488;49886034;41188259;407874;497;262098
FR;0;2021-09-10;95389;203652;35710;26;40468;49981423;41391911;443584;523;302566
FR;0;2021-09-11;66539;169204;12125;19;14252;50047962;41561115;455709;542;316818
FR;0;2021-09-12;12765;32090;2765;2;3155;50060727;41593205;458474;544;319973
FR;0;2021-09-13;64344;126384;41193;31;43952;50125071;41719589;499667;575;363925
FR;0;2021-09-14;73256;129148;56332;78;61912;50198327;41848737;555999;653;425837
FR;0;2021-09-15;76358;167853;55609;58;54746;50274685;42016590;611608;711;480583
FR;0;2021-09-16;63716;114556;60015;86;59989;50338401;42131146;671623;797;540572
FR;0;2021-09-17;74909;156836;53810;70;57199;50413310;42287982;725433;867;597771
FR;0;2021-09-18;48164;139574;15593;25;17277;50461474;42427556;741026;892;615048
FR;0;2021-09-19;7845;23713;2431;1;2621;50469319;42451269;743457;893;617669
FR;0;2021-09-20;44418;93937;50007;73;50220;50513737;42545206;793464;966;667889
FR;0;2021-09-21;45785;98463;62691;76;63300;50559522;42643669;856155;1042;731189
FR;0;2021-09-22;48547;142275;55306;84;55299;50608069;42785944;911461;1126;786488
FR;0;2021-09-23;43118;91961;62329;96;63408;50651187;42877905;973790;1222;849896
FR;0;2021-09-24;52145;133160;54507;110;59048;50703332;43011065;1028297;1332;908944
FR;0;2021-09-25;35181;115445;16261;37;18244;50738513;43126510;1044558;1369;927188
FR;0;2021-09-26;5520;17821;2264;5;2333;50744033;43144331;1046822;1374;929521
FR;0;2021-09-27;33904;76980;47161;96;48104;50777937;43221311;1093983;1470;977625
FR;0;2021-09-28;36432;75225;54907;88;56392;50814369;43296536;1148890;1558;1034017
FR;0;2021-09-29;44293;100842;53309;112;54781;50858662;43397378;1202199;1670;1088798
FR;0;2021-09-30;36200;72732;56976;95;59428;50894862;43470110;1259175;1765;1148226
FR;0;2021-10-01;61303;100692;57763;108;63662;50956165;43570802;1316938;1873;1211888
FR;0;2021-10-02;39376;78280;20940;38;23302;50995541;43649082;1337878;1911;1235190
FR;0;2021-10-03;5252;10556;2519;4;2536;51000793;43659638;1340397;1915;1237726
FR;0;2021-10-04;34837;58497;52594;84;54752;51035630;43718135;1392991;1999;1292478
FR;0;2021-10-05;33445;64331;60950;135;64891;51069075;43782466;1453941;2134;1357369
FR;0;2021-10-06;42299;79174;65678;113;68187;51111374;43861640;1519619;2247;1425556
FR;0;2021-10-07;30340;62083;65361;90;68642;51141714;43923723;1584980;2337;1494198
FR;0;2021-10-08;48592;91751;77700;110;84571;51190306;44015474;1662680;2447;1578769
FR;0;2021-10-09;33591;60828;31511;35;33842;51223897;44076302;1694191;2482;1612611
FR;0;2021-10-10;4570;7422;3186;9;3484;51228467;44083724;1697377;2491;1616095
FR;0;2021-10-11;30495;49900;61016;105;64021;51258962;44133624;1758393;2596;1680116
FR;0;2021-10-12;31239;54447;70551;139;75807;51290201;44188071;1828944;2735;1755923
FR;0;2021-10-13;39923;62746;74391;135;79218;51330124;44250817;1903335;2870;1835141
FR;0;2021-10-14;30190;52821;68707;116;73732;51360314;44303638;1972042;2986;1908873
FR;0;2021-10-15;44695;75167;93198;191;102862;51405009;44378805;2065240;3177;2011735
FR;0;2021-10-16;31240;44069;36676;44;39598;51436249;44422874;2101916;3221;2051333
FR;0;2021-10-17;3822;5285;3588;2;3692;51440071;44428159;2105504;3223;2055025
FR;0;2021-10-18;27755;42472;67460;133;71325;51467826;44470631;2172964;3356;2126350
FR;0;2021-10-19;26973;43653;76369;141;81595;51494799;44514284;2249333;3497;2207945
FR;0;2021-10-20;35168;52374;96891;180;101423;51529967;44566658;2346224;3677;2309368
FR;0;2021-10-21;25854;45180;83900;112;89077;51555821;44611838;2430124;3789;2398445
FR;0;2021-10-22;38162;62228;104842;199;112447;51593983;44674066;2534966;3988;2510892
FR;0;2021-10-23;26936;41200;45428;57;48589;51620919;44715266;2580394;4045;2559481
FR;0;2021-10-24;2910;4784;3678;6;3938;51623829;44720050;2584072;4051;2563419
FR;0;2021-10-25;25962;36326;82284;144;86576;51649791;44756376;2666356;4195;2649995
FR;0;2021-10-26;23674;35027;87195;166;92284;51673465;44791403;2753551;4361;2742279
FR;0;2021-10-27;29987;46412;108945;257;114586;51703452;44837815;2862496;4618;2856865
FR;0;2021-10-28;23309;34853;88646;154;94350;51726761;44872668;2951142;4772;2951215
FR;0;2021-10-29;31478;51152;117266;204;125206;51758239;44923820;3068408;4976;3076421
FR;0;2021-10-30;20488;33060;50314;77;53333;51778727;44956880;3118722;5053;3129754
FR;0;2021-10-31;2474;3780;3584;3;3869;51781201;44960660;3122306;5056;3133623
FR;0;2021-11-01;8138;4778;3193;3;3548;51789339;44965438;3125499;5059;3137171
FR;0;2021-11-02;25155;40074;93511;157;99428;51814494;45005512;3219010;5216;3236599
FR;0;2021-11-03;29663;47840;118816;218;125735;51844157;45053352;3337826;5434;3362334
FR;0;2021-11-04;23601;37479;107477;217;114293;51867758;45090831;3445303;5651;3476627
FR;0;2021-11-05;32187;52904;141564;233;151211;51899945;45143735;3586867;5884;3627838
FR;0;2021-11-06;21425;34560;64828;123;68204;51921370;45178295;3651695;6007;3696042
FR;0;2021-11-07;2373;4255;5165;6;5581;51923743;45182550;3656860;6013;3701623
FR;0;2021-11-08;20195;37825;127098;227;134124;51943938;45220375;3783958;6240;3835747
FR;0;2021-11-09;22042;44836;161591;341;172076;51965980;45265211;3945549;6581;4007823
FR;0;2021-11-10;31230;54975;186904;446;198613;51997210;45320186;4132453;7027;4206436
FR;0;2021-11-11;4170;6595;12910;28;13912;52001380;45326781;4145363;7055;4220348
FR;0;2021-11-12;28959;55159;183693;250;197228;52030339;45381940;4329056;7305;4417576
FR;0;2021-11-13;20259;32711;80662;118;86271;52050598;45414651;4409718;7423;4503847
FR;0;2021-11-14;2313;3972;7159;6;7877;52052911;45418623;4416877;7429;4511724
FR;0;2021-11-15;20219;38799;160751;312;171411;52073130;45457422;4577628;7741;4683135
FR;0;2021-11-16;23219;43997;200277;391;214802;52096349;45501419;4777905;8132;4897937
FR;0;2021-11-17;30251;50519;199764;407;212766;52126600;45551938;4977669;8539;5110703
FR;0;2021-11-18;23272;44446;191551;468;205358;52149872;45596384;5169220;9007;5316061
FR;0;2021-11-19;33519;61419;243095;548;262023;52183391;45657803;5412315;9555;5578084
FR;0;2021-11-20;25281;36719;102105;206;109640;52208672;45694522;5514420;9761;5687724
FR;0;2021-11-21;2621;4583;9635;18;10649;52211293;45699105;5524055;9779;5698373
FR;0;2021-11-22;22697;33311;180260;470;194716;52233990;45732416;5704315;10249;5893089
FR;0;2021-11-23;25505;45687;229266;547;247648;52259495;45778103;5933581;10796;6140737
FR;0;2021-11-24;31727;53779;224720;716;243086;52291222;45831882;6158301;11512;6383823
FR;0;2021-11-25;25353;49111;255793;740;277565;52316575;45880993;6414094;12252;6661388
FR;0;2021-11-26;33177;74742;379332;862;414488;52349752;45955735;6793426;13114;7075876
FR;0;2021-11-27;23237;49657;214825;390;236537;52372989;46005392;7008251;13504;7312413
FR;0;2021-11-28;3474;10604;56717;66;63335;52376463;46015996;7064968;13570;7375748
FR;0;2021-11-29;19368;54217;341349;864;371492;52395831;46070213;7406317;14434;7747240
FR;0;2021-11-30;24646;72167;457253;984;500613;52420477;46142380;7863570;15418;8247853
FR;0;2021-12-01;26551;75945;468949;1159;511135;52447028;46218325;8332519;16577;8758988
FR;0;2021-12-02;21897;71723;526963;1277;574674;52468925;46290048;8859482;17854;9333662
FR;0;2021-12-03;25403;92450;596221;1416;650921;52494328;46382498;9455703;19270;9984583
FR;0;2021-12-04;18275;60510;336137;691;369661;52512603;46443008;9791840;19961;10354244
FR;0;2021-12-05;4139;16277;95746;157;107059;52516742;46459285;9887586;20118;10461303
FR;0;2021-12-06;20684;73205;492999;1172;539790;52537426;46532490;10380585;21290;11001093
FR;0;2021-12-07;23238;91766;645209;1769;706104;52560664;46624256;11025794;23059;11707197
FR;0;2021-12-08;25276;92201;591410;1873;647322;52585940;46716457;11617204;24932;12354519
FR;0;2021-12-09;23953;94248;662896;2179;726129;52609893;46810705;12280100;27111;13080648
FR;0;2021-12-10;27504;111092;735878;2072;805934;52637397;46921797;13015978;29183;13886582
FR;0;2021-12-11;20209;76039;435098;984;480302;52657606;46997836;13451076;30167;14366884
FR;0;2021-12-12;5618;23254;142254;262;159218;52663224;47021090;13593330;30429;14526102
FR;0;2021-12-13;21006;91271;587474;1698;649157;52684230;47112361;14180804;32127;15175259
FR;0;2021-12-14;27274;118590;765331;2648;847323;52711504;47230951;14946135;34775;16022582
FR;0;2021-12-15;28127;114422;694133;2263;768859;52739631;47345373;15640268;37038;16791441
FR;0;2021-12-16;27852;116050;763816;2555;844227;52767483;47461423;16404084;39593;17635668
FR;0;2021-12-17;31492;128783;807686;2708;891932;52798975;47590206;17211770;42301;18527600
FR;0;2021-12-18;24906;81707;469886;1178;522136;52823881;47671913;17681656;43479;19049736
FR;0;2021-12-19;8740;28849;169343;378;191153;52832621;47700762;17850999;43857;19240889
FR;0;2021-12-20;31567;97475;591285;1787;658558;52864188;47798237;18442284;45644;19899447
FR;0;2021-12-21;39177;112336;682257;2390;759417;52903365;47910573;19124541;48034;20658864
FR;0;2021-12-22;39429;99584;575621;2167;642005;52942794;48010157;19700162;50201;21300869
FR;0;2021-12-23;33716;79734;440855;1653;494300;52976510;48089891;20141017;51854;21795169
FR;0;2021-12-24;10652;26050;110961;396;126630;52987162;48115941;20251978;52250;21921799
FR;0;2021-12-25;765;3499;7570;25;9032;52987927;48119440;20259548;52275;21930831
FR;0;2021-12-26;4698;11922;52069;141;60130;52992625;48131362;20311617;52416;21990961
FR;0;2021-12-27;30247;84028;453427;1367;509060;53022872;48215390;20765044;53783;22500021
FR;0;2021-12-28;38267;98981;564046;1766;632139;53061139;48314371;21329090;55549;23132160
FR;0;2021-12-29;39816;88388;501082;1686;560891;53100955;48402759;21830172;57235;23693051
FR;0;2021-12-30;35857;74964;420930;1519;471073;53136812;48477723;22251102;58754;24164124
FR;0;2021-12-31;11908;25215;116822;406;131625;53148720;48502938;22367924;59160;24295749
FR;0;2022-01-01;1220;3197;8495;36;9926;53149940;48506135;22376419;59196;24305675
FR;0;2022-01-02;6071;13011;58378;124;66923;53156011;48519146;22434797;59320;24372598
FR;0;2022-01-03;32097;89468;494644;1592;551401;53188108;48608614;22929441;60912;24923999
FR;0;2022-01-04;40604;110727;641234;2301;714156;53228712;48719341;23570675;63213;25638155
FR;0;2022-01-05;59991;103106;569000;1984;634005;53288703;48822447;24139675;65197;26272160
FR;0;2022-01-06;43837;110068;638847;2691;711295;53332540;48932515;24778522;67888;26983455
FR;0;2022-01-07;50453;122902;710861;2806;790248;53382993;49055417;25489383;70694;27773703
FR;0;2022-01-08;44915;80321;423757;1210;472836;53427908;49135738;25913140;71904;28246539
FR;0;2022-01-09;15591;26744;128535;300;145705;53443499;49162482;26041675;72204;28392244
FR;0;2022-01-10;34867;86849;469157;1808;522044;53478366;49249331;26510832;74012;28914288
FR;0;2022-01-11;41555;99795;548083;2306;608329;53519921;49349126;27058915;76318;29522617
FR;0;2022-01-12;60027;95277;452529;1965;504197;53579948;49444403;27511444;78283;30026814
FR;0;2022-01-13;37796;92181;487197;2083;540907;53617744;49536584;27998641;80366;30567721
FR;0;2022-01-14;42329;103228;568449;2283;628910;53660073;49639812;28567090;82649;31196631
FR;0;2022-01-15;39292;65789;340060;980;377515;53699365;49705601;28907150;83629;31574146
FR;0;2022-01-16;11381;19309;87372;215;99441;53710746;49724910;28994522;83844;31673587
FR;0;2022-01-17;24567;59992;320184;1380;354118;53735313;49784902;29314706;85224;32027705
FR;0;2022-01-18;28073;68322;360964;1798;397474;53763386;49853224;29675670;87022;32425179
FR;0;2022-01-19;42983;66961;281175;1449;311009;53806369;49920185;29956845;88471;32736188
FR;0;2022-01-20;23362;59358;298862;1739;328367;53829731;49979543;30255707;90210;33064555
FR;0;2022-01-21;27957;68759;366253;2080;401096;53857688;50048302;30621960;92290;33465651
FR;0;2022-01-22;27602;47778;218746;838;241737;53885290;50096080;30840706;93128;33707388
FR;0;2022-01-23;6696;13060;48642;171;55189;53891986;50109140;30889348;93299;33762577
FR;0;2022-01-24;16182;47072;217223;1136;239295;53908168;50156212;31106571;94435;34001872
FR;0;2022-01-25;18887;53988;242956;1547;267016;53927055;50210200;31349527;95982;34268888
FR;0;2022-01-26;28077;59842;209186;1295;229312;53955132;50270042;31558713;97277;34498200
FR;0;2022-01-27;16257;45625;207539;1269;225764;53971389;50315667;31766252;98546;34723964
FR;0;2022-01-28;21450;75729;289950;1573;321452;53992839;50391396;32056202;100119;35045416
FR;0;2022-01-29;18394;52850;184071;686;204563;54011233;50444246;32240273;100805;35249979
FR;0;2022-01-30;4464;14574;39118;124;45093;54015697;50458820;32279391;100929;35295072
FR;0;2022-01-31;11206;43810;148127;738;164775;54026903;50502630;32427518;101667;35459847
FR;0;2022-02-01;12684;48016;174039;1140;191335;54039587;50550646;32601557;102807;35651182
FR;0;2022-02-02;19723;65728;171428;1032;190087;54059310;50616374;32772985;103839;35841269
FR;0;2022-02-03;10901;43954;157455;984;173266;54070211;50660328;32930440;104823;36014535
FR;0;2022-02-04;14449;66388;239148;1262;264156;54084660;50726716;33169588;106085;36278691
FR;0;2022-02-05;12601;51460;153496;522;172326;54097261;50778176;33323084;106607;36451017
FR;0;2022-02-06;2704;12258;28865;99;33825;54099965;50790434;33351949;106706;36484842
FR;0;2022-02-07;9232;46617;156793;583;176305;54109197;50837051;33508742;107289;36661147
FR;0;2022-02-08;9561;42537;166540;867;184298;54118758;50879588;33675282;108156;36845445
FR;0;2022-02-09;14109;57593;172273;864;192929;54132867;50937181;33847555;109020;37038374
FR;0;2022-02-10;8215;38133;150121;876;166531;54141082;50975314;33997676;109896;37204905
FR;0;2022-02-11;10725;55354;218404;1096;242964;54151807;51030668;34216080;110992;37447869
FR;0;2022-02-12;8339;40856;134682;461;151694;54160146;51071524;34350762;111453;37599563
FR;0;2022-02-13;1888;8567;26546;81;30900;54162034;51080091;34377308;111534;37630463
FR;0;2022-02-14;6872;35046;148294;476;166281;54168906;51115137;34525602;112010;37796744
FR;0;2022-02-15;6834;35323;146866;750;162391;54175740;51150460;34672468;112760;37959135
FR;0;2022-02-16;9268;42425;132443;717;146613;54185008;51192885;34804911;113477;38105748
FR;0;2022-02-17;5343;23546;87225;584;94730;54190351;51216431;34892136;114061;38200478
FR;0;2022-02-18;6862;33120;119566;802;129206;54197213;51249551;35011702;114863;38329684
FR;0;2022-02-19;5339;24429;69995;369;77294;54202552;51273980;35081697;115232;38406978
FR;0;2022-02-20;1132;4610;12143;38;13915;54203684;51278590;35093840;115270;38420893
FR;0;2022-02-21;4008;17738;61901;351;67121;54207692;51296328;35155741;115621;38488014
FR;0;2022-02-22;4352;18428;60769;571;64388;54212044;51314756;35216510;116192;38552402
FR;0;2022-02-23;6502;27051;66445;591;71834;54218546;51341807;35282955;116783;38624236
FR;0;2022-02-24;3718;15034;50350;515;53145;54222264;51356841;35333305;117298;38677381
FR;0;2022-02-25;5159;23452;76250;801;79961;54227423;51380293;35409555;118099;38757342
FR;0;2022-02-26;3964;17468;47379;356;51442;54231387;51397761;35456934;118455;38808784
FR;0;2022-02-27;867;2983;8019;47;8929;54232254;51400744;35464953;118502;38817713
FR;0;2022-02-28;3058;12037;40423;350;42850;54235312;51412781;35505376;118852;38860563
FR;0;2022-03-01;3066;12103;44102;433;44722;54238378;51424884;35549478;119285;38905285
FR;0;2022-03-02;5037;17357;47058;435;48958;54243415;51442241;35596536;119720;38954243
FR;0;2022-03-03;2629;8707;29788;339;29872;54246044;51450948;35626324;120059;38984115
FR;0;2022-03-04;3165;12096;40243;648;39367;54249209;51463044;35666567;120707;39023482
FR;0;2022-03-05;2895;9196;24914;309;25065;54252104;51472240;35691481;121016;39048547
FR;0;2022-03-06;502;1374;3184;42;3422;54252606;51473614;35694665;121058;39051969
FR;0;2022-03-07;1913;5426;18380;312;17638;54254519;51479040;35713045;121370;39069607
FR;0;2022-03-08;1935;5825;19375;354;17830;54256454;51484865;35732420;121724;39087437
FR;0;2022-03-09;3427;10134;22104;401;21186;54259881;51494999;35754524;122125;39108623
FR;0;2022-03-10;1684;4936;16852;338;15635;54261565;51499935;35771376;122463;39124258
FR;0;2022-03-11;2339;7239;24444;537;22201;54263904;51507174;35795820;123000;39146459
FR;0;2022-03-12;2649;6701;17135;302;16483;54266553;51513875;35812955;123302;39162942
FR;0;2022-03-13;385;774;2286;144;2234;54266938;51514649;35815241;123446;39165176
FR;0;2022-03-14;1444;4080;14892;4403;13750;54268382;51518729;35830133;127849;39178926
FR;0;2022-03-15;1573;4300;16190;7547;14289;54269955;51523029;35846323;135396;39193215
FR;0;2022-03-16;2922;6949;19292;13127;17944;54272877;51529978;35865615;148523;39211159
FR;0;2022-03-17;1355;3616;13054;10835;11887;54274232;51533594;35878669;159358;39223046
FR;0;2022-03-18;2182;5456;19896;18266;17978;54276414;51539050;35898565;177624;39241024
FR;0;2022-03-19;2267;4661;13079;9392;12379;54278681;51543711;35911644;187016;39253403
FR;0;2022-03-20;286;698;1876;1061;1884;54278967;51544409;35913520;188077;39255287
FR;0;2022-03-21;1333;3103;12652;14925;11872;54280300;51547512;35926172;203002;39267159
FR;0;2022-03-22;1430;3530;13715;20511;12469;54281730;51551042;35939887;223513;39279628
FR;0;2022-03-23;2623;5934;16988;23113;16429;54284353;51556976;35956875;246626;39296057
FR;0;2022-03-24;1331;2872;11447;17558;10518;54285684;51559848;35968322;264184;39306575
FR;0;2022-03-25;2032;4746;18398;27727;16742;54287716;51564594;35986720;291911;39323317
FR;0;2022-03-26;2205;4218;12021;12649;11458;54289921;51568812;35998741;304560;39334775
FR;0;2022-03-27;352;678;1866;1471;1900;54290273;51569490;36000607;306031;39336675
FR;0;2022-03-28;1400;2886;11023;17403;10472;54291673;51572376;36011630;323434;39347147
FR;0;2022-03-29;1408;3208;12800;27456;11918;54293081;51575584;36024430;350890;39359065
FR;0;2022-03-30;2790;5343;15546;27230;14919;54295871;51580927;36039976;378120;39373984
FR;0;2022-03-31;1577;3081;12507;24792;11822;54297448;51584008;36052483;402912;39385806
FR;0;2022-04-01;2024;4216;19831;30716;18457;54299472;51588224;36072314;433628;39404263
FR;0;2022-04-02;1459;2588;8976;10079;8634;54300931;51590812;36081290;443707;39412897
FR;0;2022-04-03;263;489;1546;1166;1560;54301194;51591301;36082836;444873;39414457
FR;0;2022-04-04;1265;2466;11910;18900;11083;54302459;51593767;36094746;463773;39425540
FR;0;2022-04-05;1551;2868;14044;33780;12895;54304010;51596635;36108790;497553;39438435
FR;0;2022-04-06;1991;3571;13125;26087;12369;54306001;51600206;36121915;523640;39450804
FR;0;2022-04-07;1394;2815;13327;33218;12550;54307395;51603021;36135242;556858;39463354
FR;0;2022-04-08;1982;4010;18923;43259;17531;54309377;51607031;36154165;600117;39480885
FR;0;2022-04-09;1328;2633;9222;13503;8774;54310705;51609664;36163387;613620;39489659
FR;0;2022-04-10;258;535;1939;1989;1943;54310963;51610199;36165326;615609;39491602
FR;0;2022-04-11;1146;2393;11324;23470;10961;54312109;51612592;36176650;639079;39502563
FR;0;2022-04-12;1530;2723;13615;39986;12986;54313639;51615315;36190265;679065;39515549
FR;0;2022-04-13;1807;3327;12717;32229;12308;54315446;51618642;36202982;711294;39527857
FR;0;2022-04-14;1389;2587;12399;35411;12195;54316835;51621229;36215381;746705;39540052
FR;0;2022-04-15;1709;3115;14650;34917;13861;54318544;51624344;36230031;781622;39553913
FR;0;2022-04-16;1009;1794;6205;8482;6061;54319553;51626138;36236236;790104;39559974
FR;0;2022-04-17;177;308;979;1118;1012;54319730;51626446;36237215;791222;39560986
FR;0;2022-04-18;121;293;1355;1005;1383;54319851;51626739;36238570;792227;39562369
FR;0;2022-04-19;1430;2821;12093;28889;11528;54321281;51629560;36250663;821116;39573897
FR;0;2022-04-20;1850;3188;11749;28153;11404;54323131;51632748;36262412;849269;39585301
FR;0;2022-04-21;1441;2631;11604;33830;11592;54324572;51635379;36274016;883099;39596893
FR;0;2022-04-22;1766;3277;14411;36538;13781;54326338;51638656;36288427;919637;39610674
FR;0;2022-04-23;1076;1940;6744;10519;6591;54327414;51640596;36295171;930156;39617265
FR;0;2022-04-24;231;419;1371;1532;1310;54327645;51641015;36296542;931688;39618575
FR;0;2022-04-25;1200;2231;8745;20040;8556;54328845;51643246;36305287;951728;39627131
FR;0;2022-04-26;1485;2796;12549;36661;11901;54330330;51646042;36317836;988389;39639032
FR;0;2022-04-27;1832;2906;10653;28947;10593;54332162;51648948;36328489;1017336;39649625
FR;0;2022-04-28;1424;2432;11001;33340;10695;54333586;51651380;36339490;1050676;39660320
FR;0;2022-04-29;1843;3149;13841;34833;13143;54335429;51654529;36353331;1085509;39673463
FR;0;2022-04-30;1087;1628;6023;9211;5831;54336516;51656157;36359354;1094720;39679294
FR;0;2022-05-01;136;241;716;809;722;54336652;51656398;36360070;1095529;39680016
