fra;vaccin;jour;n_dose1;n_dose2;n_dose3;n_dose4;n_rappel;n_cum_dose1;n_cum_dose2;n_cum_dose3;n_cum_dose4;n_cum_rappel
FR;1;2020-12-27;609;0;0;0;0;609;0;0;0;0
FR;1;2020-12-28;681;1;0;0;0;1290;1;0;0;0
FR;1;2020-12-29;382;0;0;0;0;1672;1;0;0;0
FR;1;2020-12-30;442;0;0;0;0;2114;1;0;0;0
FR;1;2020-12-31;439;1;0;0;0;2553;2;0;0;0
FR;1;2021-01-01;1151;2;0;0;0;3704;4;0;0;0
FR;1;2021-01-02;362;3;0;0;0;4066;7;0;0;0
FR;1;2021-01-03;402;0;0;0;0;4468;7;0;0;0
FR;1;2021-01-04;2103;3;0;0;0;6571;10;0;0;0
FR;1;2021-01-05;7746;3;0;0;0;14317;13;0;0;0
FR;1;2021-01-06;12454;16;0;0;0;26771;29;0;0;0
FR;1;2021-01-07;29459;16;0;0;0;56230;45;0;0;0
FR;1;2021-01-08;37140;16;0;0;0;93370;61;0;0;0
FR;1;2021-01-09;11212;7;0;0;0;104582;68;0;0;0
FR;1;2021-01-10;6003;5;0;0;0;110585;73;0;0;0
FR;1;2021-01-11;39933;20;0;0;0;150518;93;0;0;0
FR;1;2021-01-12;62135;19;0;0;0;212653;112;0;0;0
FR;1;2021-01-13;65116;39;0;0;0;277769;151;0;0;0
FR;1;2021-01-14;81447;132;0;0;0;359216;283;0;0;0
FR;1;2021-01-15;68607;51;0;0;0;427823;334;0;0;0
FR;1;2021-01-16;19898;73;0;0;0;447721;407;0;0;0
FR;1;2021-01-17;10902;50;0;0;0;458623;457;0;0;0
FR;1;2021-01-18;82824;167;0;0;0;541447;624;0;0;0
FR;1;2021-01-19;125915;184;0;0;0;667362;808;0;0;0
FR;1;2021-01-20;132407;181;0;0;0;799769;989;0;0;0
FR;1;2021-01-21;153053;168;0;0;0;952822;1157;0;0;0
FR;1;2021-01-22;115941;216;0;0;0;1068763;1373;0;0;0
FR;1;2021-01-23;36606;68;0;0;0;1105369;1441;0;0;0
FR;1;2021-01-24;9583;96;0;0;0;1114952;1537;0;0;0
FR;1;2021-01-25;74422;1322;0;0;0;1189374;2859;0;0;0
FR;1;2021-01-26;96451;3443;1;0;0;1285825;6302;1;0;0
FR;1;2021-01-27;103638;6064;0;0;0;1389463;12366;1;0;0
FR;1;2021-01-28;120596;15414;0;0;0;1510059;27780;1;0;0
FR;1;2021-01-29;88890;18038;0;0;0;1598949;45818;1;0;0
FR;1;2021-01-30;27991;4388;0;0;0;1626940;50206;1;0;0
FR;1;2021-01-31;5187;1801;0;0;0;1632127;52007;1;0;0
FR;1;2021-02-01;49715;21890;0;0;0;1681842;73897;1;0;0
FR;1;2021-02-02;67810;36506;0;0;0;1749652;110403;1;0;0
FR;1;2021-02-03;67082;38772;0;0;0;1816734;149175;1;0;0
FR;1;2021-02-04;77133;52715;0;0;0;1893867;201890;1;0;0
FR;1;2021-02-05;63415;46704;0;0;0;1957282;248594;1;0;0
FR;1;2021-02-06;19418;10978;0;0;0;1976700;259572;1;0;0
FR;1;2021-02-07;3662;5547;0;0;0;1980362;265119;1;0;0
FR;1;2021-02-08;36492;47501;0;0;0;2016854;312620;1;0;0
FR;1;2021-02-09;50797;75782;0;0;0;2067651;388402;1;0;0
FR;1;2021-02-10;52061;80530;0;0;0;2119712;468932;1;0;0
FR;1;2021-02-11;63371;102622;0;0;0;2183083;571554;1;0;0
FR;1;2021-02-12;55855;75146;0;0;0;2238938;646700;1;0;0
FR;1;2021-02-13;15462;19383;0;0;0;2254400;666083;1;0;0
FR;1;2021-02-14;3746;7340;0;0;0;2258146;673423;1;0;0
FR;1;2021-02-15;24140;73715;0;0;0;2282286;747138;1;0;0
FR;1;2021-02-16;32772;96494;0;0;0;2315058;843632;1;0;0
FR;1;2021-02-17;35114;101053;20;0;0;2350172;944685;21;0;0
FR;1;2021-02-18;49440;116561;0;0;0;2399612;1061246;21;0;0
FR;1;2021-02-19;45376;87121;1;0;0;2444988;1148367;22;0;0
FR;1;2021-02-20;13386;27175;0;0;0;2458374;1175542;22;0;0
FR;1;2021-02-21;2456;6104;0;0;0;2460830;1181646;22;0;0
FR;1;2021-02-22;24717;69588;2;0;0;2485547;1251234;24;0;0
FR;1;2021-02-23;37427;81230;1;0;0;2522974;1332464;25;0;0
FR;1;2021-02-24;40696;78726;1;0;0;2563670;1411190;26;0;0
FR;1;2021-02-25;50156;87972;1;0;0;2613826;1499162;27;0;0
FR;1;2021-02-26;47212;67590;1;0;0;2661038;1566752;28;0;0
FR;1;2021-02-27;15674;21239;1;0;0;2676712;1587991;29;0;0
FR;1;2021-02-28;3554;4201;2;0;0;2680266;1592192;31;0;0
FR;1;2021-03-01;40175;49960;1;0;0;2720441;1642152;32;0;0
FR;1;2021-03-02;55972;62212;3;0;0;2776413;1704364;35;0;0
FR;1;2021-03-03;61237;60485;0;0;0;2837650;1764849;35;0;0
FR;1;2021-03-04;72989;67126;3;0;0;2910639;1831975;38;0;0
FR;1;2021-03-05;74760;58790;3;0;0;2985399;1890765;41;0;0
FR;1;2021-03-06;82454;15894;2;0;0;3067853;1906659;43;0;0
FR;1;2021-03-07;63723;4591;1;0;0;3131576;1911250;44;0;0
FR;1;2021-03-08;60163;41702;2;0;0;3191739;1952952;46;0;0
FR;1;2021-03-09;85984;47775;1;0;0;3277723;2000727;47;0;0
FR;1;2021-03-10;90904;47924;5;0;0;3368627;2048651;52;0;0
FR;1;2021-03-11;105068;54452;1;0;0;3473695;2103103;53;0;0
FR;1;2021-03-12;104114;45050;1;0;0;3577809;2148153;54;0;0
FR;1;2021-03-13;89194;12639;1;0;0;3667003;2160792;55;0;0
FR;1;2021-03-14;44451;2817;1;0;0;3711454;2163609;56;0;0
FR;1;2021-03-15;95504;28434;3;0;0;3806958;2192043;59;0;0
FR;1;2021-03-16;123586;34307;5;0;0;3930544;2226350;64;0;0
FR;1;2021-03-17;129298;33927;4;0;0;4059842;2260277;68;0;0
FR;1;2021-03-18;142885;39406;5;0;0;4202727;2299683;73;0;0
FR;1;2021-03-19;136231;32373;2;0;0;4338958;2332056;75;0;0
FR;1;2021-03-20;75991;9887;1;0;0;4414949;2341943;76;0;0
FR;1;2021-03-21;26509;2171;1;0;0;4441458;2344114;77;0;0
FR;1;2021-03-22;114751;30673;2;0;0;4556209;2374787;79;0;0
FR;1;2021-03-23;143027;38064;1;0;0;4699236;2412851;80;0;0
FR;1;2021-03-24;141994;38501;0;0;0;4841230;2451352;80;0;0
FR;1;2021-03-25;164993;39666;4;0;0;5006223;2491018;84;0;0
FR;1;2021-03-26;166390;37544;5;1;0;5172613;2528562;89;1;0
FR;1;2021-03-27;110877;15399;1;0;0;5283490;2543961;90;1;0
FR;1;2021-03-28;42302;4162;3;0;0;5325792;2548123;93;1;0
FR;1;2021-03-29;129809;49328;4;0;0;5455601;2597451;97;1;0
FR;1;2021-03-30;167714;63714;5;0;0;5623315;2661165;102;1;0
FR;1;2021-03-31;170923;67537;4;0;0;5794238;2728702;106;1;0
FR;1;2021-04-01;194777;82287;10;0;0;5989015;2810989;116;1;0
FR;1;2021-04-02;164438;85871;7;0;0;6153453;2896860;123;1;0
FR;1;2021-04-03;88239;58101;5;0;0;6241692;2954961;128;1;0
FR;1;2021-04-04;33653;17711;0;0;0;6275345;2972672;128;1;0
FR;1;2021-04-05;46397;9817;11;0;0;6321742;2982489;139;1;0
FR;1;2021-04-06;160297;103626;17;0;0;6482039;3086115;156;1;0
FR;1;2021-04-07;196971;108070;16;0;0;6679010;3194185;172;1;0
FR;1;2021-04-08;222109;113342;13;0;0;6901119;3307527;185;1;0
FR;1;2021-04-09;214543;107783;21;0;0;7115662;3415310;206;1;0
FR;1;2021-04-10;117171;73229;14;0;0;7232833;3488539;220;1;0
FR;1;2021-04-11;40887;30021;6;0;0;7273720;3518560;226;1;0
FR;1;2021-04-12;168459;104282;46;0;0;7442179;3622842;272;1;0
FR;1;2021-04-13;203789;127944;97;1;0;7645968;3750786;369;2;0
FR;1;2021-04-14;208602;122697;207;0;0;7854570;3873483;576;2;0
FR;1;2021-04-15;221658;127605;311;0;0;8076228;4001088;887;2;0
FR;1;2021-04-16;206044;125326;308;0;0;8282272;4126414;1195;2;0
FR;1;2021-04-17;122080;67141;103;0;0;8404352;4193555;1298;2;0
FR;1;2021-04-18;35961;20947;41;0;0;8440313;4214502;1339;2;0
FR;1;2021-04-19;163736;121619;432;0;0;8604049;4336121;1771;2;0
FR;1;2021-04-20;189408;149181;531;0;0;8793457;4485302;2302;2;0
FR;1;2021-04-21;193984;147160;759;0;0;8987441;4632462;3061;2;0
FR;1;2021-04-22;209017;163613;776;0;0;9196458;4796075;3837;2;0
FR;1;2021-04-23;198941;157383;671;0;0;9395399;4953458;4508;2;0
FR;1;2021-04-24;126325;95605;148;0;0;9521724;5049063;4656;2;0
FR;1;2021-04-25;53625;30031;46;0;0;9575349;5079094;4702;2;0
FR;1;2021-04-26;181128;139130;541;0;0;9756477;5218224;5243;2;0
FR;1;2021-04-27;221354;162143;900;0;0;9977831;5380367;6143;2;0
FR;1;2021-04-28;238283;155464;1312;1;1;10216114;5535831;7455;3;1
FR;1;2021-04-29;270268;160836;1208;0;0;10486382;5696667;8663;3;1
FR;1;2021-04-30;271967;148429;1071;0;0;10758349;5845096;9734;3;1
FR;1;2021-05-01;141137;40609;172;0;0;10899486;5885705;9906;3;1
FR;1;2021-05-02;81538;28124;81;0;0;10981024;5913829;9987;3;1
FR;1;2021-05-03;250762;144225;802;0;0;11231786;6058054;10789;3;1
FR;1;2021-05-04;265853;187281;1199;0;0;11497639;6245335;11988;3;1
FR;1;2021-05-05;283857;185334;1266;0;0;11781496;6430669;13254;3;1
FR;1;2021-05-06;309945;183729;1501;0;0;12091441;6614398;14755;3;1
FR;1;2021-05-07;284078;195983;1125;0;0;12375519;6810381;15880;3;1
FR;1;2021-05-08;191652;49811;285;0;0;12567171;6860192;16165;3;1
FR;1;2021-05-09;114049;35262;236;0;0;12681220;6895454;16401;3;1
FR;1;2021-05-10;258194;194361;1184;0;0;12939414;7089815;17585;3;1
FR;1;2021-05-11;318869;210953;1463;0;0;13258283;7300768;19048;3;1
FR;1;2021-05-12;356606;185822;1399;0;0;13614889;7486590;20447;3;1
FR;1;2021-05-13;283433;47561;400;0;0;13898322;7534151;20847;3;1
FR;1;2021-05-14;370477;128540;994;0;0;14268799;7662691;21841;3;1
FR;1;2021-05-15;298078;66139;403;0;0;14566877;7728830;22244;3;1
FR;1;2021-05-16;157768;15490;158;0;0;14724645;7744320;22402;3;1
FR;1;2021-05-17;318917;116184;1439;0;0;15043562;7860504;23841;3;1
FR;1;2021-05-18;383308;111342;1797;0;0;15426870;7971846;25638;3;1
FR;1;2021-05-19;395247;102157;2178;0;0;15822117;8074003;27816;3;1
FR;1;2021-05-20;421783;95924;2045;0;0;16243900;8169927;29861;3;1
FR;1;2021-05-21;399792;97240;1762;0;0;16643692;8267167;31623;3;1
FR;1;2021-05-22;275675;41927;602;0;0;16919367;8309094;32225;3;1
FR;1;2021-05-23;123009;11057;224;0;0;17042376;8320151;32449;3;1
FR;1;2021-05-24;244002;26258;569;0;0;17286378;8346409;33018;3;1
FR;1;2021-05-25;366217;131568;2110;1;0;17652595;8477977;35128;4;1
FR;1;2021-05-26;380804;126371;1991;0;0;18033399;8604348;37119;4;1
FR;1;2021-05-27;406128;128073;1976;0;0;18439527;8732421;39095;4;1
FR;1;2021-05-28;366009;145386;1699;0;0;18805536;8877807;40794;4;1
FR;1;2021-05-29;253821;80925;526;0;0;19059357;8958732;41320;4;1
FR;1;2021-05-30;100974;22571;157;0;0;19160331;8981303;41477;4;1
FR;1;2021-05-31;314302;148910;1281;1;1;19474633;9130213;42758;5;2
FR;1;2021-06-01;361597;166526;1726;1;1;19836230;9296739;44484;6;3
FR;1;2021-06-02;365355;153582;1796;0;0;20201585;9450321;46280;6;3
FR;1;2021-06-03;391383;147547;1651;0;0;20592968;9597868;47931;6;3
FR;1;2021-06-04;364040;175605;1495;1;1;20957008;9773473;49426;7;4
FR;1;2021-06-05;258498;112676;596;0;0;21215506;9886149;50022;7;4
FR;1;2021-06-06;126795;37529;215;0;0;21342301;9923678;50237;7;4
FR;1;2021-06-07;300878;207817;1365;0;0;21643179;10131495;51602;7;4
FR;1;2021-06-08;330744;220724;1642;0;0;21973923;10352219;53244;7;4
FR;1;2021-06-09;336526;211837;1609;0;0;22310449;10564056;54853;7;4
FR;1;2021-06-10;343849;201407;1612;0;0;22654298;10765463;56465;7;4
FR;1;2021-06-11;311863;234975;1299;0;0;22966161;11000438;57764;7;4
FR;1;2021-06-12;244061;150614;434;0;0;23210222;11151052;58198;7;4
FR;1;2021-06-13;100363;60995;188;0;0;23310585;11212047;58386;7;4
FR;1;2021-06-14;207826;288198;1317;1;0;23518411;11500245;59703;8;4
FR;1;2021-06-15;256823;281755;1394;1;0;23775234;11782000;61097;9;4
FR;1;2021-06-16;273633;270568;1263;1;0;24048867;12052568;62360;10;4
FR;1;2021-06-17;268188;244822;1235;1;0;24317055;12297390;63595;11;4
FR;1;2021-06-18;260583;295474;1152;1;0;24577638;12592864;64747;12;4
FR;1;2021-06-19;193441;209492;388;0;0;24771079;12802356;65135;12;4
FR;1;2021-06-20;69699;89120;117;0;0;24840778;12891476;65252;12;4
FR;1;2021-06-21;172344;319766;933;1;1;25013122;13211242;66185;13;5
FR;1;2021-06-22;185843;347852;1100;10;2;25198965;13559094;67285;23;7
FR;1;2021-06-23;204182;339528;1049;0;0;25403147;13898622;68334;23;7
FR;1;2021-06-24;203512;282043;1171;0;0;25606659;14180665;69505;23;7
FR;1;2021-06-25;182646;371775;1197;0;0;25789305;14552440;70702;23;7
FR;1;2021-06-26;131376;278390;504;0;0;25920681;14830830;71206;23;7
FR;1;2021-06-27;52398;122897;145;0;0;25973079;14953727;71351;23;7
FR;1;2021-06-28;136637;368182;1061;0;0;26109716;15321909;72412;23;7
FR;1;2021-06-29;154866;390874;1849;0;0;26264582;15712783;74261;23;7
FR;1;2021-06-30;180033;381574;1666;4;2;26444615;16094357;75927;27;9
FR;1;2021-07-01;201456;332257;1887;5;1;26646071;16426614;77814;32;10
FR;1;2021-07-02;193762;367525;1765;5;2;26839833;16794139;79579;37;12
FR;1;2021-07-03;124474;280429;704;3;1;26964307;17074568;80283;40;13
FR;1;2021-07-04;53946;113693;244;0;0;27018253;17188261;80527;40;13
FR;1;2021-07-05;153917;355953;1500;8;2;27172170;17544214;82027;48;15
FR;1;2021-07-06;173472;382407;1602;45;8;27345642;17926621;83629;93;23
FR;1;2021-07-07;190775;362475;1657;25;4;27536417;18289096;85286;118;27
FR;1;2021-07-08;201544;323084;1826;20;6;27737961;18612180;87112;138;33
FR;1;2021-07-09;189925;387853;1853;3;2;27927886;19000033;88965;141;35
FR;1;2021-07-10;129931;281166;814;1;1;28057817;19281199;89779;142;36
FR;1;2021-07-11;57665;102524;262;0;0;28115482;19383723;90041;142;36
FR;1;2021-07-12;149699;416960;1581;4;0;28265181;19800683;91622;146;36
FR;1;2021-07-13;234238;439309;1805;8;1;28499419;20239992;93427;154;37
FR;1;2021-07-14;171884;151454;418;0;0;28671303;20391446;93845;154;37
FR;1;2021-07-15;279651;424564;1858;1;0;28950954;20816010;95703;155;37
FR;1;2021-07-16;290399;400951;1711;3;1;29241353;21216961;97414;158;38
FR;1;2021-07-17;217331;282051;754;1;0;29458684;21499012;98168;159;38
FR;1;2021-07-18;101985;107248;288;0;0;29560669;21606260;98456;159;38
FR;1;2021-07-19;238171;378863;1497;3;0;29798840;21985123;99953;162;38
FR;1;2021-07-20;305715;380385;1469;0;0;30104555;22365508;101422;162;38
FR;1;2021-07-21;333241;353125;1412;4;2;30437796;22718633;102834;166;40
FR;1;2021-07-22;364638;318998;1502;3;2;30802434;23037631;104336;169;42
FR;1;2021-07-23;349387;343318;1588;4;1;31151821;23380949;105924;173;43
FR;1;2021-07-24;238951;240866;697;1;0;31390772;23621815;106621;174;43
FR;1;2021-07-25;112792;76033;223;0;0;31503564;23697848;106844;174;43
FR;1;2021-07-26;299135;289729;1495;2;2;31802699;23987577;108339;176;45
FR;1;2021-07-27;385813;268365;1457;4;2;32188512;24255942;109796;180;47
FR;1;2021-07-28;390180;251194;1461;4;2;32578692;24507136;111257;184;49
FR;1;2021-07-29;406065;227991;1538;2;0;32984757;24735127;112795;186;49
FR;1;2021-07-30;370651;246803;1638;4;1;33355408;24981930;114433;190;50
FR;1;2021-07-31;243368;165124;793;1;0;33598776;25147054;115226;191;50
FR;1;2021-08-01;105550;47218;232;0;0;33704326;25194272;115458;191;50
FR;1;2021-08-02;297116;213089;1479;2;0;34001442;25407361;116937;193;50
FR;1;2021-08-03;331276;208935;1550;2;1;34332718;25616296;118487;195;51
FR;1;2021-08-04;327946;184156;1438;5;3;34660664;25800452;119925;200;54
FR;1;2021-08-05;301210;193383;1482;0;0;34961874;25993835;121407;200;54
FR;1;2021-08-06;290903;224367;1560;3;1;35252777;26218202;122967;203;55
FR;1;2021-08-07;182627;158812;654;4;3;35435404;26377014;123621;207;58
FR;1;2021-08-08;68858;59121;251;0;0;35504262;26436135;123872;207;58
FR;1;2021-08-09;222706;235603;1443;4;3;35726968;26671738;125315;211;61
FR;1;2021-08-10;252657;240295;1489;2;1;35979625;26912033;126804;213;62
FR;1;2021-08-11;236152;232042;1271;5;1;36215777;27144075;128075;218;63
FR;1;2021-08-12;220718;240049;1487;3;1;36436495;27384124;129562;221;64
FR;1;2021-08-13;201668;238600;1357;2;2;36638163;27622724;130919;223;66
FR;1;2021-08-14;122834;174075;645;0;0;36760997;27796799;131564;223;66
FR;1;2021-08-15;34674;46131;199;1;0;36795671;27842930;131763;224;66
FR;1;2021-08-16;156903;289678;1421;0;0;36952574;28132608;133184;224;66
FR;1;2021-08-17;171555;291328;1422;5;1;37124129;28423936;134606;229;67
FR;1;2021-08-18;161373;286889;1392;6;3;37285502;28710825;135998;235;70
FR;1;2021-08-19;148887;277634;1400;1;0;37434389;28988459;137398;236;70
FR;1;2021-08-20;140463;309140;1531;2;2;37574852;29297599;138929;238;72
FR;1;2021-08-21;84257;213209;586;0;0;37659109;29510808;139515;238;72
FR;1;2021-08-22;28552;82695;232;0;0;37687661;29593503;139747;238;72
FR;1;2021-08-23;118614;321076;1422;2;1;37806275;29914579;141169;240;73
FR;1;2021-08-24;126620;319811;1602;5;1;37932895;30234390;142771;245;74
FR;1;2021-08-25;121491;306526;1779;8;3;38054386;30540916;144550;253;77
FR;1;2021-08-26;106575;286142;2161;10;0;38160961;30827058;146711;263;77
FR;1;2021-08-27;107619;321680;2301;9;3;38268580;31148738;149012;272;80
FR;1;2021-08-28;71001;220707;1099;0;0;38339581;31369445;150111;272;80
FR;1;2021-08-29;24140;78187;469;1;0;38363721;31447632;150580;273;80
FR;1;2021-08-30;96835;286460;4311;6;5088;38460556;31734092;154891;279;5168
FR;1;2021-08-31;98049;276344;9291;15;10127;38558605;32010436;164182;294;15295
FR;1;2021-09-01;112173;245346;21113;7;22130;38670778;32255782;185295;301;37425
FR;1;2021-09-02;86191;197980;24525;18;25483;38756969;32453762;209820;319;62908
FR;1;2021-09-03;82379;227594;26952;21;28016;38839348;32681356;236772;340;90924
FR;1;2021-09-04;71613;189731;11140;11;11682;38910961;32871087;247912;351;102606
FR;1;2021-09-05;18607;41159;4124;2;4280;38929568;32912246;252036;353;106886
FR;1;2021-09-06;59524;151532;30177;15;31187;38989092;33063778;282213;368;138073
FR;1;2021-09-07;57355;139715;30206;30;31206;39046447;33203493;312419;398;169279
FR;1;2021-09-08;72306;173833;26922;22;27920;39118753;33377326;339341;420;197199
FR;1;2021-09-09;54404;124516;28614;24;29675;39173157;33501842;367955;444;226874
FR;1;2021-09-10;66107;152102;30442;24;31617;39239264;33653944;398397;468;258491
FR;1;2021-09-11;52639;146624;9729;14;10336;39291903;33800568;408126;482;268827
FR;1;2021-09-12;10792;29266;2484;1;2643;39302695;33829834;410610;483;271470
FR;1;2021-09-13;51451;104503;38743;30;40003;39354146;33934337;449353;513;311473
FR;1;2021-09-14;53274;96040;51265;66;53038;39407420;34030377;500618;579;364511
FR;1;2021-09-15;60488;139295;50479;55;47017;39467908;34169672;551097;634;411528
FR;1;2021-09-16;46575;81437;53320;71;49525;39514483;34251109;604417;705;461053
FR;1;2021-09-17;53164;109355;45060;61;42663;39567647;34360464;649477;766;503716
FR;1;2021-09-18;37854;118496;11796;19;11267;39605501;34478960;661273;785;514983
FR;1;2021-09-19;6503;21034;2038;1;1976;39612004;34499994;663311;786;516959
FR;1;2021-09-20;36484;74898;46219;65;44158;39648488;34574892;709530;851;561117
FR;1;2021-09-21;34163;68146;56249;71;52667;39682651;34643038;765779;922;613784
FR;1;2021-09-22;38805;118600;49865;76;46862;39721456;34761638;815644;998;660646
FR;1;2021-09-23;31986;62889;54485;85;50869;39753442;34824527;870129;1083;711515
FR;1;2021-09-24;36759;90105;43653;89;41911;39790201;34914632;913782;1172;753426
FR;1;2021-09-25;27638;96684;12301;27;12174;39817839;35011316;926083;1199;765600
FR;1;2021-09-26;4372;15190;1772;5;1695;39822211;35026506;927855;1204;767295
FR;1;2021-09-27;27332;60229;42899;89;41604;39849543;35086735;970754;1293;808899
FR;1;2021-09-28;26879;49462;47181;75;44430;39876422;35136197;1017935;1368;853329
FR;1;2021-09-29;35885;80374;47261;87;45562;39912307;35216571;1065196;1455;898891
FR;1;2021-09-30;26037;46869;47516;80;45422;39938344;35263440;1112712;1535;944313
FR;1;2021-10-01;47267;66351;44880;83;44555;39985611;35329791;1157592;1618;988868
FR;1;2021-10-02;32362;62401;16111;32;16312;40017973;35392192;1173703;1650;1005180
FR;1;2021-10-03;4337;8562;2035;3;2030;40022310;35400754;1175738;1653;1007210
FR;1;2021-10-04;28908;44453;47091;79;46932;40051218;35445207;1222829;1732;1054142
FR;1;2021-10-05;24488;41642;49866;116;49243;40075706;35486849;1272695;1848;1103385
FR;1;2021-10-06;34617;61399;57484;102;57198;40110323;35548248;1330179;1950;1160583
FR;1;2021-10-07;21029;39912;53027;75;51940;40131352;35588160;1383206;2025;1212523
FR;1;2021-10-08;35603;59657;60382;83;61110;40166955;35647817;1443588;2108;1273633
FR;1;2021-10-09;27438;48010;25486;29;26001;40194393;35695827;1469074;2137;1299634
FR;1;2021-10-10;3706;5807;2752;7;2858;40198099;35701634;1471826;2144;1302492
FR;1;2021-10-11;24814;38195;54577;88;55228;40222913;35739829;1526403;2232;1357720
FR;1;2021-10-12;23320;36576;58052;127;59158;40246233;35776405;1584455;2359;1416878
FR;1;2021-10-13;32901;47848;64161;124;65662;40279134;35824253;1648616;2483;1482540
FR;1;2021-10-14;21660;34784;53749;103;54326;40300794;35859037;1702365;2586;1536866
FR;1;2021-10-15;32674;48806;72316;165;74967;40333468;35907843;1774681;2751;1611833
FR;1;2021-10-16;25981;35290;34863;44;36402;40359449;35943133;1809544;2795;1648235
FR;1;2021-10-17;3104;4051;3408;2;3312;40362553;35947184;1812952;2797;1651547
FR;1;2021-10-18;24002;34919;66821;131;69690;40386555;35982103;1879773;2928;1721237
FR;1;2021-10-19;20681;35620;75647;135;79539;40407236;36017723;1955420;3063;1800776
FR;1;2021-10-20;29862;44236;96168;178;99818;40437098;36061959;2051588;3241;1900594
FR;1;2021-10-21;19735;35058;83155;107;86997;40456833;36097017;2134743;3348;1987591
FR;1;2021-10-22;29714;47738;103720;196;109642;40486547;36144755;2238463;3544;2097233
FR;1;2021-10-23;23026;35158;44864;57;47374;40509573;36179913;2283327;3601;2144607
FR;1;2021-10-24;2377;3859;3580;6;3726;40511950;36183772;2286907;3607;2148333
FR;1;2021-10-25;22409;30757;82008;143;85785;40534359;36214529;2368915;3750;2234118
FR;1;2021-10-26;19321;27674;86088;162;90305;40553680;36242203;2455003;3912;2324423
FR;1;2021-10-27;26179;39658;107792;252;112661;40579859;36281861;2562795;4164;2437084
FR;1;2021-10-28;18773;27125;86927;150;91652;40598632;36308986;2649722;4314;2528736
FR;1;2021-10-29;25917;40279;114808;200;121589;40624549;36349265;2764530;4514;2650325
FR;1;2021-10-30;17689;28718;49356;74;51935;40642238;36377983;2813886;4588;2702260
FR;1;2021-10-31;2059;3180;3446;2;3682;40644297;36381163;2817332;4590;2705942
FR;1;2021-11-01;7887;4261;3027;3;3282;40652184;36385424;2820359;4593;2709224
FR;1;2021-11-02;22320;33234;92378;156;97761;40674504;36418658;2912737;4749;2806985
FR;1;2021-11-03;26565;41625;117471;215;123855;40701069;36460283;3030208;4964;2930840
FR;1;2021-11-04;19576;30338;105786;213;111896;40720645;36490621;3135994;5177;3042736
FR;1;2021-11-05;26969;42332;138755;229;147377;40747614;36532953;3274749;5406;3190113
FR;1;2021-11-06;18830;29837;63469;123;66468;40766444;36562790;3338218;5529;3256581
FR;1;2021-11-07;1803;3304;4966;6;5297;40768247;36566094;3343184;5535;3261878
FR;1;2021-11-08;17830;32294;125972;224;132584;40786077;36598388;3469156;5759;3394462
FR;1;2021-11-09;19467;37700;159266;334;169026;40805544;36636088;3628422;6093;3563488
FR;1;2021-11-10;28835;49180;181865;440;192450;40834379;36685268;3810287;6533;3755938
FR;1;2021-11-11;4065;5949;12214;26;13016;40838444;36691217;3822501;6559;3768954
FR;1;2021-11-12;25992;46893;174790;244;186429;40864436;36738110;3997291;6803;3955383
FR;1;2021-11-13;18721;29224;76814;111;81759;40883157;36767334;4074105;6914;4037142
FR;1;2021-11-14;2037;3271;6816;5;7361;40885194;36770605;4080921;6919;4044503
FR;1;2021-11-15;18737;34834;156382;304;166190;40903931;36805439;4237303;7223;4210693
FR;1;2021-11-16;21317;37926;192082;378;204905;40925248;36843365;4429385;7601;4415598
FR;1;2021-11-17;28618;45666;193197;398;204992;40953866;36889031;4622582;7999;4620590
FR;1;2021-11-18;21113;39323;182457;458;194473;40974979;36928354;4805039;8457;4815063
FR;1;2021-11-19;30867;53448;230206;530;246651;41005846;36981802;5035245;8987;5061714
FR;1;2021-11-20;23751;33276;96970;201;103620;41029597;37015078;5132215;9188;5165334
FR;1;2021-11-21;2325;3977;9104;19;9962;41031922;37019055;5141319;9207;5175296
FR;1;2021-11-22;21397;30467;175866;465;189400;41053319;37049522;5317185;9672;5364696
FR;1;2021-11-23;24003;41101;221148;540;237868;41077322;37090623;5538333;10212;5602564
FR;1;2021-11-24;30282;49783;217298;701;234442;41107604;37140406;5755631;10913;5837006
FR;1;2021-11-25;23655;44041;244430;719;264033;41131259;37184447;6000061;11632;6101039
FR;1;2021-11-26;30612;66794;356757;833;388464;41161871;37251241;6356818;12465;6489503
FR;1;2021-11-27;21907;45397;202591;371;222593;41183778;37296638;6559409;12836;6712096
FR;1;2021-11-28;3159;9625;54776;63;61020;41186937;37306263;6614185;12899;6773116
FR;1;2021-11-29;17870;49537;326329;839;354373;41204807;37355800;6940514;13738;7127489
FR;1;2021-11-30;22752;64982;431094;952;470700;41227559;37420782;7371608;14690;7598189
FR;1;2021-12-01;25265;69365;442829;1129;481707;41252824;37490147;7814437;15819;8079896
FR;1;2021-12-02;20048;64600;489327;1228;532800;41272872;37554747;8303764;17047;8612696
FR;1;2021-12-03;22876;82196;542694;1308;591724;41295748;37636943;8846458;18355;9204420
FR;1;2021-12-04;16387;53971;299058;652;328909;41312135;37690914;9145516;19007;9533329
FR;1;2021-12-05;3631;13892;81512;143;91056;41315766;37704806;9227028;19150;9624385
FR;1;2021-12-06;25013;62681;415390;1064;455105;41340779;37767487;9642418;20214;10079490
FR;1;2021-12-07;19974;75720;522898;1534;572498;41360753;37843207;10165316;21748;10651988
FR;1;2021-12-08;21676;75812;458312;1544;502017;41382429;37919019;10623628;23292;11154005
FR;1;2021-12-09;19431;74082;492855;1626;540734;41401860;37993101;11116483;24918;11694739
FR;1;2021-12-10;23296;87796;547345;1585;599960;41425156;38080897;11663828;26503;12294699
FR;1;2021-12-11;16530;59170;302715;748;335461;41441686;38140067;11966543;27251;12630160
FR;1;2021-12-12;4349;16000;83198;179;94063;41446035;38156067;12049741;27430;12724223
FR;1;2021-12-13;15739;63768;366900;1093;406222;41461774;38219835;12416641;28523;13130445
FR;1;2021-12-14;20787;80424;464642;1745;515111;41482561;38300259;12881283;30268;13645556
FR;1;2021-12-15;21578;77550;409011;1309;453086;41504139;38377809;13290294;31577;14098642
FR;1;2021-12-16;20027;77405;451781;1578;500549;41524166;38455214;13742075;33155;14599191
FR;1;2021-12-17;22598;86765;479878;1733;530958;41546764;38541979;14221953;34888;15130149
FR;1;2021-12-18;17599;54715;257588;730;288488;41564363;38596694;14479541;35618;15418637
FR;1;2021-12-19;5549;17086;79152;194;90724;41569912;38613780;14558693;35812;15509361
FR;1;2021-12-20;20899;63221;316183;1080;355262;41590811;38677001;14874876;36892;15864623
FR;1;2021-12-21;26316;73182;372693;1420;418039;41617127;38750183;15247569;38312;16282662
FR;1;2021-12-22;24943;66007;310579;1216;349562;41642070;38816190;15558148;39528;16632224
FR;1;2021-12-23;21257;52403;241444;954;273026;41663327;38868593;15799592;40482;16905250
FR;1;2021-12-24;7117;18361;67138;258;77055;41670444;38886954;15866730;40740;16982305
FR;1;2021-12-25;505;2833;5579;15;6533;41670949;38889787;15872309;40755;16988838
FR;1;2021-12-26;2749;7589;26933;71;31452;41673698;38897376;15899242;40826;17020290
FR;1;2021-12-27;18251;53616;235074;706;265734;41691949;38950992;16134316;41532;17286024
FR;1;2021-12-28;23287;62070;292007;1026;330196;41715236;39013062;16426323;42558;17616220
FR;1;2021-12-29;22206;55592;254960;919;288181;41737442;39068654;16681283;43477;17904401
FR;1;2021-12-30;21233;46594;212132;858;239607;41758675;39115248;16893415;44335;18144008
FR;1;2021-12-31;7463;16608;61852;229;70390;41766138;39131856;16955267;44564;18214398
FR;1;2022-01-01;1053;2492;5654;30;6584;41767191;39134348;16960921;44594;18220982
FR;1;2022-01-02;3058;8057;28886;50;33523;41770249;39142405;16989807;44644;18254505
FR;1;2022-01-03;22966;54234;228198;786;257650;41793215;39196639;17218005;45430;18512155
FR;1;2022-01-04;25791;65045;299209;1238;337259;41819006;39261684;17517214;46668;18849414
FR;1;2022-01-05;30147;64196;274825;1096;310180;41849153;39325880;17792039;47764;19159594
FR;1;2022-01-06;26756;66211;306856;1397;346496;41875909;39392091;18098895;49161;19506090
FR;1;2022-01-07;31544;74991;349803;1535;393949;41907453;39467082;18448698;50696;19900039
FR;1;2022-01-08;23380;51407;222477;697;251101;41930833;39518489;18671175;51393;20151140
FR;1;2022-01-09;7077;17147;66017;163;76136;41937910;39535636;18737192;51556;20227276
FR;1;2022-01-10;21718;60659;236748;953;267594;41959628;39596295;18973940;52509;20494870
FR;1;2022-01-11;26648;63506;282248;1277;317793;41986276;39659801;19256188;53786;20812663
FR;1;2022-01-12;28872;62486;246211;1104;278000;42015148;39722287;19502399;54890;21090663
FR;1;2022-01-13;24708;60178;262764;1253;296107;42039856;39782465;19765163;56143;21386770
FR;1;2022-01-14;27935;66690;313953;1366;351216;42067791;39849155;20079116;57509;21737986
FR;1;2022-01-15;19327;44388;199293;619;223863;42087118;39893543;20278409;58128;21961849
FR;1;2022-01-16;5142;12959;51514;135;59569;42092260;39906502;20329923;58263;22021418
FR;1;2022-01-17;16836;39770;184805;780;206849;42109096;39946272;20514728;59043;22228267
FR;1;2022-01-18;19411;45938;212386;1152;237002;42128507;39992210;20727114;60195;22465269
FR;1;2022-01-19;20279;44005;176076;897;197184;42148786;40036215;20903190;61092;22662453
FR;1;2022-01-20;16768;40584;183642;1136;204716;42165554;40076799;21086832;62228;22867169
FR;1;2022-01-21;19891;47110;228937;1406;253342;42185445;40123909;21315769;63634;23120511
FR;1;2022-01-22;13835;33345;144483;578;161375;42199280;40157254;21460252;64212;23281886
FR;1;2022-01-23;3350;8781;33419;131;38328;42202630;40166035;21493671;64343;23320214
FR;1;2022-01-24;11793;32984;142182;708;158241;42214423;40199019;21635853;65051;23478455
FR;1;2022-01-25;14195;38258;163365;1048;181547;42228618;40237277;21799218;66099;23660002
FR;1;2022-01-26;14858;37647;150231;932;166320;42243476;40274924;21949449;67031;23826322
FR;1;2022-01-27;12324;33192;143433;886;157943;42255800;40308116;22092882;67917;23984265
FR;1;2022-01-28;16303;55807;198292;1145;222439;42272103;40363923;22291174;69062;24206704
FR;1;2022-01-29;10263;35434;135192;524;151541;42282366;40399357;22426366;69586;24358245
FR;1;2022-01-30;2479;9274;29677;86;34470;42284845;40408631;22456043;69672;24392715
FR;1;2022-01-31;8750;32404;104329;531;117393;42293595;40441035;22560372;70203;24510108
FR;1;2022-02-01;10741;36447;127048;863;141243;42304336;40477482;22687420;71066;24651351
FR;1;2022-02-02;11811;41533;130339;782;145860;42316147;40519015;22817759;71848;24797211
FR;1;2022-02-03;9180;33903;116991;784;130362;42325327;40552918;22934750;72632;24927573
FR;1;2022-02-04;11503;48193;172556;966;192780;42336830;40601111;23107306;73598;25120353
FR;1;2022-02-05;7983;33957;117568;391;133053;42344813;40635068;23224874;73989;25253406
FR;1;2022-02-06;1695;8015;22745;85;26910;42346508;40643083;23247619;74074;25280316
FR;1;2022-02-07;7270;35454;119070;452;134979;42353778;40678537;23366689;74526;25415295
FR;1;2022-02-08;7659;31866;125623;693;140607;42361437;40710403;23492312;75219;25555902
FR;1;2022-02-09;8581;36446;135236;696;152473;42370018;40746849;23627548;75915;25708375
FR;1;2022-02-10;6920;29799;116346;673;130128;42376938;40776648;23743894;76588;25838503
FR;1;2022-02-11;8648;41491;165101;877;185321;42385586;40818139;23908995;77465;26023824
FR;1;2022-02-12;5316;27573;106689;378;120867;42390902;40845712;24015684;77843;26144691
FR;1;2022-02-13;1227;5711;21714;65;25329;42392129;40851423;24037398;77908;26170020
FR;1;2022-02-14;5440;27174;118063;392;133089;42397569;40878597;24155461;78300;26303109
FR;1;2022-02-15;5701;28740;118894;610;132519;42403270;40907337;24274355;78910;26435628
FR;1;2022-02-16;5714;28417;110403;596;123035;42408984;40935754;24384758;79506;26558663
FR;1;2022-02-17;4555;19668;73118;487;80215;42413539;40955422;24457876;79993;26638878
FR;1;2022-02-18;5594;26739;99174;670;108133;42419133;40982161;24557050;80663;26747011
FR;1;2022-02-19;3547;17161;59472;304;66050;42422680;40999322;24616522;80967;26813061
FR;1;2022-02-20;787;3248;10697;36;12322;42423467;41002570;24627219;81003;26825383
FR;1;2022-02-21;3415;14579;52813;286;57662;42426882;41017149;24680032;81289;26883045
FR;1;2022-02-22;3777;15505;51888;499;55621;42430659;41032654;24731920;81788;26938666
FR;1;2022-02-23;4204;17782;57462;508;62564;42434863;41050436;24789382;82296;27001230
FR;1;2022-02-24;3312;13028;43602;435;46392;42438175;41063464;24832984;82731;27047622
FR;1;2022-02-25;4462;19768;64890;695;68758;42442637;41083232;24897874;83426;27116380
FR;1;2022-02-26;2689;12793;41357;310;45110;42445326;41096025;24939231;83736;27161490
FR;1;2022-02-27;644;2182;7122;42;7987;42445970;41098207;24946353;83778;27169477
FR;1;2022-02-28;2606;10445;34942;304;37368;42448576;41108652;24981295;84082;27206845
FR;1;2022-03-01;3293;10645;38684;390;39630;42451869;41119297;25019979;84472;27246475
FR;1;2022-03-02;3602;12102;41836;395;43904;42455471;41131399;25061815;84867;27290379
FR;1;2022-03-03;2385;7901;26158;324;26488;42457856;41139300;25087973;85191;27316867
FR;1;2022-03-04;2675;10384;35417;589;34910;42460531;41149684;25123390;85780;27351777
FR;1;2022-03-05;1814;6335;21958;278;22351;42462345;41156019;25145348;86058;27374128
FR;1;2022-03-06;353;950;2914;38;3117;42462698;41156969;25148262;86096;27377245
FR;1;2022-03-07;1681;4678;16426;245;15892;42464379;41161647;25164688;86341;27393137
FR;1;2022-03-08;1632;5215;17151;307;15977;42466011;41166862;25181839;86648;27409114
FR;1;2022-03-09;1918;6637;19800;368;19156;42467929;41173499;25201639;87016;27428270
FR;1;2022-03-10;1334;4731;15264;306;14301;42469263;41178230;25216903;87322;27442571
FR;1;2022-03-11;1722;6375;21697;481;19847;42470985;41184605;25238600;87803;27462418
FR;1;2022-03-12;1227;4644;15359;278;14908;42472212;41189249;25253959;88081;27477326
FR;1;2022-03-13;242;607;2116;118;2063;42472454;41189856;25256075;88199;27479389
FR;1;2022-03-14;1110;3642;13386;3877;12508;42473564;41193498;25269461;92076;27491897
FR;1;2022-03-15;1312;4843;14633;6861;13204;42474876;41198341;25284094;98937;27505101
FR;1;2022-03-16;1641;4943;17378;11515;16434;42476517;41203284;25301472;110452;27521535
FR;1;2022-03-17;1128;3376;11707;9643;10807;42477645;41206660;25313179;120095;27532342
FR;1;2022-03-18;1687;4904;17945;16489;16381;42479332;41211564;25331124;136584;27548723
FR;1;2022-03-19;1120;3294;11886;8452;11354;42480452;41214858;25343010;145036;27560077
FR;1;2022-03-20;221;555;1722;1013;1757;42480673;41215413;25344732;146049;27561834
FR;1;2022-03-21;1056;2749;11486;13445;10832;42481729;41218162;25356218;159494;27572666
FR;1;2022-03-22;1200;3190;12244;18686;11234;42482929;41221352;25368462;178180;27583900
FR;1;2022-03-23;1481;4279;16006;20102;15686;42484410;41225631;25384468;198282;27599586
FR;1;2022-03-24;1090;2694;10383;16032;9637;42485500;41228325;25394851;214314;27609223
FR;1;2022-03-25;1508;4263;16713;25292;15360;42487008;41232588;25411564;239606;27624583
FR;1;2022-03-26;1102;3005;10849;11448;10510;42488110;41235593;25422413;251054;27635093
FR;1;2022-03-27;231;541;1746;1380;1798;42488341;41236134;25424159;252434;27636891
FR;1;2022-03-28;1050;2471;9962;15877;9585;42489391;41238605;25434121;268311;27646476
FR;1;2022-03-29;1121;2727;11543;25080;10905;42490512;41241332;25445664;293391;27657381
FR;1;2022-03-30;1613;3522;14152;24167;13688;42492125;41244854;25459816;317558;27671069
FR;1;2022-03-31;1275;2835;11681;22620;11189;42493400;41247689;25471497;340178;27682258
FR;1;2022-04-01;2160;3989;18446;28492;17308;42495560;41251678;25489943;368670;27699566
FR;1;2022-04-02;903;1868;8187;9212;7934;42496463;41253546;25498130;377882;27707500
FR;1;2022-04-03;197;370;1432;1054;1433;42496660;41253916;25499562;378936;27708933
FR;1;2022-04-04;1391;2352;11338;17641;10717;42498051;41256268;25510900;396577;27719650
FR;1;2022-04-05;1349;2609;12977;31145;12000;42499400;41258877;25523877;427722;27731650
FR;1;2022-04-06;1362;2843;12177;23862;11604;42500762;41261720;25536054;451584;27743254
FR;1;2022-04-07;1165;2640;12320;31012;11783;42501927;41264360;25548374;482596;27755037
FR;1;2022-04-08;1575;3571;17533;40555;16443;42503502;41267931;25565907;523151;27771480
FR;1;2022-04-09;814;1982;8394;12485;8091;42504316;41269913;25574301;535636;27779571
FR;1;2022-04-10;193;490;1830;1833;1872;42504509;41270403;25576131;537469;27781443
FR;1;2022-04-11;984;2192;10947;22271;10657;42505493;41272595;25587078;559740;27792100
FR;1;2022-04-12;1252;2463;12789;38003;12274;42506745;41275058;25599867;597743;27804374
FR;1;2022-04-13;1211;2718;12241;30567;11971;42507956;41277776;25612108;628310;27816345
FR;1;2022-04-14;1194;2421;12062;33545;12065;42509150;41280197;25624170;661855;27828410
FR;1;2022-04-15;1462;2890;14372;33184;13748;42510612;41283087;25638542;695039;27842158
FR;1;2022-04-16;654;1389;5833;7975;5753;42511266;41284476;25644375;703014;27847911
FR;1;2022-04-17;153;273;929;1118;971;42511419;41284749;25645304;704132;27848882
FR;1;2022-04-18;134;425;2633;998;2657;42511553;41285174;25647937;705130;27851539
FR;1;2022-04-19;1211;2557;11760;27777;11459;42512764;41287731;25659697;732907;27862998
FR;1;2022-04-20;1312;2593;12154;26805;11988;42514076;41290324;25671851;759712;27874986
FR;1;2022-04-21;1215;2406;11509;33106;11674;42515291;41292730;25683360;792818;27886660
FR;1;2022-04-22;1494;3034;15186;35409;14772;42516785;41295764;25698546;828227;27901432
FR;1;2022-04-23;753;1563;6727;9883;6633;42517538;41297327;25705273;838110;27908065
FR;1;2022-04-24;194;359;1371;1520;1324;42517732;41297686;25706644;839630;27909389
FR;1;2022-04-25;1005;2085;9847;19621;9747;42518737;41299771;25716491;859251;27919136
FR;1;2022-04-26;1309;2592;12582;36528;12187;42520046;41302363;25729073;895779;27931323
FR;1;2022-04-27;1296;2385;10629;29141;10769;42521342;41304748;25739702;924920;27942092
FR;1;2022-04-28;1260;2325;11538;34103;11364;42522602;41307073;25751240;959023;27953456
FR;1;2022-04-29;1585;3325;14384;35461;13817;42524187;41310398;25765624;994484;27967273
FR;1;2022-04-30;819;1443;6435;9151;6278;42525006;41311841;25772059;1003635;27973551
FR;1;2022-05-01;175;277;818;947;813;42525181;41312118;25772877;1004582;27974364
FR;1;2022-05-02;1044;2309;10328;16849;10217;42526225;41314427;25783205;1021431;27984581
FR;1;2022-05-03;1442;2767;12679;32761;12574;42527667;41317194;25795884;1054192;27997155
FR;1;2022-05-04;1320;2594;11185;23732;11342;42528987;41319788;25807069;1077924;28008497
FR;1;2022-05-05;1364;2467;12143;31627;12039;42530351;41322255;25819212;1109551;28020536
FR;1;2022-05-06;1698;3182;14192;34813;13755;42532049;41325437;25833404;1144364;28034291
FR;1;2022-05-07;840;1456;5963;9085;5996;42532889;41326893;25839367;1153449;28040287
FR;1;2022-05-08;186;323;1057;1457;1118;42533075;41327216;25840424;1154906;28041405
FR;1;2022-05-09;1043;1947;9224;19206;9134;42534118;41329163;25849648;1174112;28050539
FR;1;2022-05-10;1403;2603;12539;36927;12124;42535521;41331766;25862187;1211039;28062663
FR;1;2022-05-11;1392;2295;9864;25904;9773;42536913;41334061;25872051;1236943;28072436
FR;1;2022-05-12;1274;2319;10455;33459;10151;42538187;41336380;25882506;1270402;28082587
FR;1;2022-05-13;1590;2749;12740;35596;12381;42539777;41339129;25895246;1305998;28094968
FR;1;2022-05-14;770;1296;5476;10205;5357;42540547;41340425;25900722;1316203;28100325
FR;1;2022-05-15;218;391;1177;1344;1240;42540765;41340816;25901899;1317547;28101565
FR;1;2022-05-16;946;1707;8043;20016;8094;42541711;41342523;25909942;1337563;28109659
FR;1;2022-05-17;1265;2227;11098;36030;10694;42542976;41344750;25921040;1373593;28120353
FR;1;2022-05-18;1276;2052;8999;25609;8952;42544252;41346802;25930039;1399202;28129305
FR;1;2022-05-19;1168;2325;9812;33852;9901;42545420;41349127;25939851;1433054;28139206
FR;1;2022-05-20;1548;2694;12488;37589;12065;42546968;41351821;25952339;1470643;28151271
FR;1;2022-05-21;772;1356;5239;9371;5157;42547740;41353177;25957578;1480014;28156428
FR;1;2022-05-22;190;282;945;1388;945;42547930;41353459;25958523;1481402;28157373
FR;1;2022-05-23;944;1793;8357;19367;8314;42548874;41355252;25966880;1500769;28165687
FR;1;2022-05-24;1269;2405;10688;37065;10538;42550143;41357657;25977568;1537834;28176225
FR;1;2022-05-25;1256;2231;8778;23625;8934;42551399;41359888;25986346;1561459;28185159
FR;1;2022-05-26;156;307;1568;1144;1562;42551555;41360195;25987914;1562603;28186721
FR;1;2022-05-27;1091;2122;8755;20419;8510;42552646;41362317;25996669;1583022;28195231
FR;1;2022-05-28;482;1030;3680;6530;3717;42553128;41363347;26000349;1589552;28198948
FR;1;2022-05-29;115;255;702;890;712;42553243;41363602;26001051;1590442;28199660
FR;1;2022-05-30;806;1699;6542;18500;6567;42554049;41365301;26007593;1608942;28206227
FR;1;2022-05-31;1253;2138;9216;34274;9093;42555302;41367439;26016809;1643216;28215320
FR;1;2022-06-01;1219;2310;10395;23287;10228;42556521;41369749;26027204;1666503;28225548
FR;1;2022-06-02;1194;2224;10644;34016;10202;42557715;41371973;26037848;1700519;28235750
FR;1;2022-06-03;1354;2668;12675;37052;12100;42559069;41374641;26050523;1737571;28247850
FR;1;2022-06-04;664;1253;4738;8666;4813;42559733;41375894;26055261;1746237;28252663
FR;1;2022-06-05;126;279;806;1045;828;42559859;41376173;26056067;1747282;28253491
FR;1;2022-06-06;159;445;1981;1170;1959;42560018;41376618;26058048;1748452;28255450
FR;1;2022-06-07;1115;2233;9143;33995;8805;42561133;41378851;26067191;1782447;28264255
FR;1;2022-06-08;1075;2163;8646;27512;8526;42562208;41381014;26075837;1809959;28272781
FR;1;2022-06-09;1041;2093;9945;37447;9614;42563249;41383107;26085782;1847406;28282395
FR;1;2022-06-10;1305;2519;12353;42995;11925;42564554;41385626;26098135;1890401;28294320
FR;1;2022-06-11;648;1432;5126;11067;5170;42565202;41387058;26103261;1901468;28299490
FR;1;2022-06-12;146;358;1006;1678;1064;42565348;41387416;26104267;1903146;28300554
FR;1;2022-06-13;880;1734;6988;22169;6839;42566228;41389150;26111255;1925315;28307393
FR;1;2022-06-14;1066;2110;9786;42701;9187;42567294;41391260;26121041;1968016;28316580
FR;1;2022-06-15;1027;1876;8710;29318;8392;42568321;41393136;26129751;1997334;28324972
FR;1;2022-06-16;918;1771;9334;38366;8815;42569239;41394907;26139085;2035700;28333787
FR;1;2022-06-17;1188;2503;11838;44695;11320;42570427;41397410;26150923;2080395;28345107
FR;1;2022-06-18;552;1251;4308;10534;4244;42570979;41398661;26155231;2090929;28349351
FR;1;2022-06-19;132;314;997;1539;1075;42571111;41398975;26156228;2092468;28350426
FR;1;2022-06-20;833;1654;8438;24982;8102;42571944;41400629;26164666;2117450;28358528
FR;1;2022-06-21;1083;2095;9734;47682;8823;42573027;41402724;26174400;2165132;28367351
FR;1;2022-06-22;1008;1978;8396;37027;7891;42574035;41404702;26182796;2202159;28375242
FR;1;2022-06-23;1032;2100;10070;52714;9341;42575067;41406802;26192866;2254873;28384583
FR;1;2022-06-24;1225;2661;12835;65786;11626;42576292;41409463;26205701;2320659;28396209
FR;1;2022-06-25;666;1486;5903;18894;5688;42576958;41410949;26211604;2339553;28401897
FR;1;2022-06-26;163;395;1805;3491;1696;42577121;41411344;26213409;2343044;28403593
FR;1;2022-06-27;918;1746;9846;45868;9072;42578039;41413090;26223255;2388912;28412665
FR;1;2022-06-28;1190;2540;13801;86343;12362;42579229;41415630;26237056;2475255;28425027
FR;1;2022-06-29;1211;2264;11428;67236;10492;42580440;41417894;26248484;2542491;28435519
FR;1;2022-06-30;1253;2323;13435;89786;11755;42581693;41420217;26261919;2632277;28447274
FR;1;2022-07-01;1536;3088;19563;108979;17219;42583229;41423305;26281482;2741256;28464493
FR;1;2022-07-02;731;1504;7636;33721;6881;42583960;41424809;26289118;2774977;28471374
FR;1;2022-07-03;222;469;1921;6052;1732;42584182;41425278;26291039;2781029;28473106
FR;1;2022-07-04;1181;2277;13657;75297;12040;42585363;41427555;26304696;2856326;28485146
FR;1;2022-07-05;1371;2696;17444;125922;14896;42586734;41430251;26322140;2982248;28500042
FR;1;2022-07-06;1313;2277;14701;93351;12697;42588047;41432528;26336841;3075599;28512739
FR;1;2022-07-07;1394;2455;16730;119082;13801;42589441;41434983;26353571;3194681;28526540
FR;1;2022-07-08;1492;2771;19366;129571;15750;42590933;41437754;26372937;3324252;28542290
FR;1;2022-07-09;649;1255;7239;35826;6272;42591582;41439009;26380176;3360078;28548562
FR;1;2022-07-10;220;466;2226;6659;2018;42591802;41439475;26382402;3366737;28550580
FR;1;2022-07-11;1150;2128;14078;84085;11685;42592952;41441603;26396480;3450822;28562265
FR;1;2022-07-12;1496;2705;19162;136876;15588;42594448;41444308;26415642;3587698;28577853
FR;1;2022-07-13;1351;2288;14492;89337;12364;42595799;41446596;26430134;3677035;28590217
FR;1;2022-07-14;148;284;1749;5222;1656;42595947;41446880;26431883;3682257;28591873
FR;1;2022-07-15;1216;2197;13650;80227;11329;42597163;41449077;26445533;3762484;28603202
FR;1;2022-07-16;497;1008;5431;23816;4695;42597660;41450085;26450964;3786300;28607897
FR;1;2022-07-17;152;327;1583;4409;1428;42597812;41450412;26452547;3790709;28609325
FR;1;2022-07-18;905;1852;10466;58965;8772;42598717;41452264;26463013;3849674;28618097
FR;1;2022-07-19;1199;2066;14414;99066;11467;42599916;41454330;26477427;3948740;28629564
FR;1;2022-07-20;1125;1895;11774;73940;9722;42601041;41456225;26489201;4022680;28639286
FR;1;2022-07-21;1087;1855;11990;83860;9611;42602128;41458080;26501191;4106540;28648897
FR;1;2022-07-22;1189;2094;13463;85156;10836;42603317;41460174;26514654;4191696;28659733
FR;1;2022-07-23;508;1019;4950;21069;4321;42603825;41461193;26519604;4212765;28664054
FR;1;2022-07-24;134;296;1276;3615;1116;42603959;41461489;26520880;4216380;28665170
FR;1;2022-07-25;827;1516;8557;45561;7031;42604786;41463005;26529437;4261941;28672201
FR;1;2022-07-26;1084;1875;12250;80725;9807;42605870;41464880;26541687;4342666;28682008
FR;1;2022-07-27;957;1617;9287;57063;7693;42606827;41466497;26550974;4399729;28689701
FR;1;2022-07-28;868;1490;9147;59248;7191;42607695;41467987;26560121;4458977;28696892
FR;2;2020-12-27;0;0;0;0;0;0;0;0;0;0
FR;2;2020-12-28;0;0;0;0;0;0;0;0;0;0
FR;2;2020-12-29;0;0;0;0;0;0;0;0;0;0
FR;2;2020-12-30;0;0;0;0;0;0;0;0;0;0
FR;2;2020-12-31;0;0;0;0;0;0;0;0;0;0
FR;2;2021-01-01;0;0;0;0;0;0;0;0;0;0
FR;2;2021-01-02;0;0;0;0;0;0;0;0;0;0
FR;2;2021-01-03;0;0;0;0;0;0;0;0;0;0
FR;2;2021-01-04;0;0;0;0;0;0;0;0;0;0
FR;2;2021-01-05;0;0;0;0;0;0;0;0;0;0
FR;2;2021-01-06;0;0;0;0;0;0;0;0;0;0
FR;2;2021-01-07;0;0;0;0;0;0;0;0;0;0
FR;2;2021-01-08;0;0;0;0;0;0;0;0;0;0
FR;2;2021-01-09;0;0;0;0;0;0;0;0;0;0
FR;2;2021-01-10;0;0;0;0;0;0;0;0;0;0
FR;2;2021-01-11;0;0;0;0;0;0;0;0;0;0
FR;2;2021-01-12;0;0;0;0;0;0;0;0;0;0
FR;2;2021-01-13;0;0;0;0;0;0;0;0;0;0
FR;2;2021-01-14;1670;0;0;0;0;1670;0;0;0;0
FR;2;2021-01-15;398;0;0;0;0;2068;0;0;0;0
FR;2;2021-01-16;316;0;0;0;0;2384;0;0;0;0
FR;2;2021-01-17;83;0;0;0;0;2467;0;0;0;0
FR;2;2021-01-18;3074;2;0;0;0;5541;2;0;0;0
FR;2;2021-01-19;4680;0;0;0;0;10221;2;0;0;0
FR;2;2021-01-20;5135;6;0;0;0;15356;8;0;0;0
FR;2;2021-01-21;5343;9;0;0;0;20699;17;0;0;0
FR;2;2021-01-22;5119;13;0;0;0;25818;30;0;0;0
FR;2;2021-01-23;1870;1;0;0;0;27688;31;0;0;0
FR;2;2021-01-24;162;2;0;0;0;27850;33;0;0;0
FR;2;2021-01-25;3813;3;0;0;0;31663;36;0;0;0
FR;2;2021-01-26;3921;5;0;0;0;35584;41;0;0;0
FR;2;2021-01-27;3600;2;0;0;0;39184;43;0;0;0
FR;2;2021-01-28;3752;8;0;0;0;42936;51;0;0;0
FR;2;2021-01-29;3294;3;0;0;0;46230;54;0;0;0
FR;2;2021-01-30;1130;2;0;0;0;47360;56;0;0;0
FR;2;2021-01-31;45;2;0;0;0;47405;58;0;0;0
FR;2;2021-02-01;3404;8;0;0;0;50809;66;0;0;0
FR;2;2021-02-02;4491;13;0;0;0;55300;79;0;0;0
FR;2;2021-02-03;5220;7;0;0;0;60520;86;0;0;0
FR;2;2021-02-04;4935;11;0;0;0;65455;97;0;0;0
FR;2;2021-02-05;4812;14;0;0;0;70267;111;0;0;0
FR;2;2021-02-06;2040;14;0;0;0;72307;125;0;0;0
FR;2;2021-02-07;101;4;0;0;0;72408;129;0;0;0
FR;2;2021-02-08;7555;23;0;0;0;79963;152;0;0;0
FR;2;2021-02-09;8424;27;0;0;0;88387;179;0;0;0
FR;2;2021-02-10;9341;58;0;0;0;97728;237;0;0;0
FR;2;2021-02-11;10284;114;0;0;0;108012;351;0;0;0
FR;2;2021-02-12;10055;268;0;0;0;118067;619;0;0;0
FR;2;2021-02-13;3120;224;0;0;0;121187;843;0;0;0
FR;2;2021-02-14;355;9;0;0;0;121542;852;0;0;0
FR;2;2021-02-15;3458;3109;0;0;0;125000;3961;0;0;0
FR;2;2021-02-16;5071;4095;0;0;0;130071;8056;0;0;0
FR;2;2021-02-17;4256;4510;0;0;0;134327;12566;0;0;0
FR;2;2021-02-18;5402;5145;0;0;0;139729;17711;0;0;0
FR;2;2021-02-19;5327;4435;0;0;0;145056;22146;0;0;0
FR;2;2021-02-20;1869;1517;0;0;0;146925;23663;0;0;0
FR;2;2021-02-21;244;95;0;0;0;147169;23758;0;0;0
FR;2;2021-02-22;3613;3766;0;0;0;150782;27524;0;0;0
FR;2;2021-02-23;4954;3722;0;0;0;155736;31246;0;0;0
FR;2;2021-02-24;5014;3512;0;0;0;160750;34758;0;0;0
FR;2;2021-02-25;5489;3468;0;0;0;166239;38226;0;0;0
FR;2;2021-02-26;4364;3164;0;0;0;170603;41390;0;0;0
FR;2;2021-02-27;1624;1060;0;0;0;172227;42450;0;0;0
FR;2;2021-02-28;177;23;0;0;0;172404;42473;0;0;0
FR;2;2021-03-01;5183;3722;0;0;0;177587;46195;0;0;0
FR;2;2021-03-02;6532;4733;0;0;0;184119;50928;0;0;0
FR;2;2021-03-03;6538;4942;0;0;0;190657;55870;0;0;0
FR;2;2021-03-04;8403;4118;0;0;0;199060;59988;0;0;0
FR;2;2021-03-05;8031;4065;0;0;0;207091;64053;0;0;0
FR;2;2021-03-06;4785;1680;0;0;0;211876;65733;0;0;0
FR;2;2021-03-07;2372;30;0;0;0;214248;65763;0;0;0
FR;2;2021-03-08;4166;8368;0;0;0;218414;74131;0;0;0
FR;2;2021-03-09;7491;8547;1;0;0;225905;82678;1;0;0
FR;2;2021-03-10;7102;9165;0;0;0;233007;91843;1;0;0
FR;2;2021-03-11;9377;9281;1;0;0;242384;101124;2;0;0
FR;2;2021-03-12;7975;8290;0;0;0;250359;109414;2;0;0
FR;2;2021-03-13;10049;2574;0;0;0;260408;111988;2;0;0
FR;2;2021-03-14;4840;391;0;0;0;265248;112379;2;0;0
FR;2;2021-03-15;10910;3491;0;0;0;276158;115870;2;0;0
FR;2;2021-03-16;16764;4667;1;0;0;292922;120537;3;0;0
FR;2;2021-03-17;20234;3985;0;0;0;313156;124522;3;0;0
FR;2;2021-03-18;23371;5039;0;0;0;336527;129561;3;0;0
FR;2;2021-03-19;23304;4630;0;0;0;359831;134191;3;0;0
FR;2;2021-03-20;25448;1580;0;0;0;385279;135771;3;0;0
FR;2;2021-03-21;17670;153;0;0;0;402949;135924;3;0;0
FR;2;2021-03-22;17786;3194;0;0;0;420735;139118;3;0;0
FR;2;2021-03-23;22691;4225;0;0;0;443426;143343;3;0;0
FR;2;2021-03-24;23958;5045;0;0;0;467384;148388;3;0;0
FR;2;2021-03-25;26750;5165;1;0;0;494134;153553;4;0;0
FR;2;2021-03-26;26982;4223;0;0;0;521116;157776;4;0;0
FR;2;2021-03-27;15919;1352;0;0;0;537035;159128;4;0;0
FR;2;2021-03-28;10561;136;0;0;0;547596;159264;4;0;0
FR;2;2021-03-29;18991;4313;0;0;0;566587;163577;4;0;0
FR;2;2021-03-30;24582;6067;0;0;0;591169;169644;4;0;0
FR;2;2021-03-31;28560;5927;0;0;0;619729;175571;4;0;0
FR;2;2021-04-01;34547;8544;1;0;0;654276;184115;5;0;0
FR;2;2021-04-02;29980;7692;0;0;0;684256;191807;5;0;0
FR;2;2021-04-03;16954;3992;0;0;0;701210;195799;5;0;0
FR;2;2021-04-04;9305;1137;2;0;0;710515;196936;7;0;0
FR;2;2021-04-05;12444;801;0;0;0;722959;197737;7;0;0
FR;2;2021-04-06;27148;7148;0;0;0;750107;204885;7;0;0
FR;2;2021-04-07;30929;7129;1;0;0;781036;212014;8;0;0
FR;2;2021-04-08;36888;8665;1;0;0;817924;220679;9;0;0
FR;2;2021-04-09;33840;8465;28;0;0;851764;229144;37;0;0
FR;2;2021-04-10;19681;9162;1;0;0;871445;238306;38;0;0
FR;2;2021-04-11;7942;4250;1;0;0;879387;242556;39;0;0
FR;2;2021-04-12;17122;11067;0;0;0;896509;253623;39;0;0
FR;2;2021-04-13;19452;16054;1;0;0;915961;269677;40;0;0
FR;2;2021-04-14;18064;16362;7;0;0;934025;286039;47;0;0
FR;2;2021-04-15;22196;21390;27;0;0;956221;307429;74;0;0
FR;2;2021-04-16;20707;20370;45;0;0;976928;327799;119;0;0
FR;2;2021-04-17;13255;22467;5;0;0;990183;350266;124;0;0
FR;2;2021-04-18;5908;14397;6;0;0;996091;364663;130;0;0
FR;2;2021-04-19;16837;16310;24;0;0;1012928;380973;154;0;0
FR;2;2021-04-20;19323;21641;38;0;0;1032251;402614;192;0;0
FR;2;2021-04-21;20286;21751;76;0;0;1052537;424365;268;0;0
FR;2;2021-04-22;23816;24892;41;0;0;1076353;449257;309;0;0
FR;2;2021-04-23;24524;25390;76;0;0;1100877;474647;385;0;0
FR;2;2021-04-24;25304;15063;104;0;0;1126181;489710;489;0;0
FR;2;2021-04-25;9595;8604;5;0;0;1135776;498314;494;0;0
FR;2;2021-04-26;17159;17405;21;0;0;1152935;515719;515;0;0
FR;2;2021-04-27;19242;24131;40;0;0;1172177;539850;555;0;0
FR;2;2021-04-28;22335;26314;112;0;0;1194512;566164;667;0;0
FR;2;2021-04-29;25471;30276;69;0;0;1219983;596440;736;0;0
FR;2;2021-04-30;25531;27850;49;1;0;1245514;624290;785;1;0
FR;2;2021-05-01;14985;9859;6;0;0;1260499;634149;791;1;0
FR;2;2021-05-02;6637;9172;2;0;0;1267136;643321;793;1;0
FR;2;2021-05-03;20016;19203;40;0;0;1287152;662524;833;1;0
FR;2;2021-05-04;18282;29082;33;0;0;1305434;691606;866;1;0
FR;2;2021-05-05;18370;29427;48;0;0;1323804;721033;914;1;0
FR;2;2021-05-06;23543;35294;131;0;0;1347347;756327;1045;1;0
FR;2;2021-05-07;25330;33218;97;0;0;1372677;789545;1142;1;0
FR;2;2021-05-08;21339;10164;14;0;0;1394016;799709;1156;1;0
FR;2;2021-05-09;13165;7766;7;0;0;1407181;807475;1163;1;0
FR;2;2021-05-10;32939;21956;49;0;0;1440120;829431;1212;1;0
FR;2;2021-05-11;43600;20974;101;0;0;1483720;850405;1313;1;0
FR;2;2021-05-12;50047;19742;143;0;0;1533767;870147;1456;1;0
FR;2;2021-05-13;51293;5680;31;0;0;1585060;875827;1487;1;0
FR;2;2021-05-14;61347;12895;132;0;0;1646407;888722;1619;1;0
FR;2;2021-05-15;65932;7124;39;0;0;1712339;895846;1658;1;0
FR;2;2021-05-16;43584;2572;10;0;0;1755923;898418;1668;1;0
FR;2;2021-05-17;44745;12522;114;0;0;1800668;910940;1782;1;0
FR;2;2021-05-18;54641;12255;191;0;0;1855309;923195;1973;1;0
FR;2;2021-05-19;57174;10565;281;0;0;1912483;933760;2254;1;0
FR;2;2021-05-20;63434;10828;288;0;0;1975917;944588;2542;1;0
FR;2;2021-05-21;64295;11629;230;0;0;2040212;956217;2772;1;0
FR;2;2021-05-22;61481;4513;65;0;0;2101693;960730;2837;1;0
FR;2;2021-05-23;37533;571;22;0;0;2139226;961301;2859;1;0
FR;2;2021-05-24;17238;2041;35;0;0;2156464;963342;2894;1;0
FR;2;2021-05-25;21110;12209;240;0;0;2177574;975551;3134;1;0
FR;2;2021-05-26;19937;11467;229;0;0;2197511;987018;3363;1;0
FR;2;2021-05-27;22997;12651;182;0;0;2220508;999669;3545;1;0
FR;2;2021-05-28;29391;14984;190;0;0;2249899;1014653;3735;1;0
FR;2;2021-05-29;30420;8186;57;0;0;2280319;1022839;3792;1;0
FR;2;2021-05-30;4647;1815;6;0;0;2284966;1024654;3798;1;0
FR;2;2021-05-31;28589;18730;184;0;0;2313555;1043384;3982;1;0
FR;2;2021-06-01;45720;19955;224;0;0;2359275;1063339;4206;1;0
FR;2;2021-06-02;37471;19240;182;0;0;2396746;1082579;4388;1;0
FR;2;2021-06-03;51277;23240;161;0;0;2448023;1105819;4549;1;0
FR;2;2021-06-04;65512;24059;215;0;0;2513535;1129878;4764;1;0
FR;2;2021-06-05;34598;24056;52;0;0;2548133;1153934;4816;1;0
FR;2;2021-06-06;4954;6191;10;0;0;2553087;1160125;4826;1;0
FR;2;2021-06-07;28173;23031;149;0;0;2581260;1183156;4975;1;0
FR;2;2021-06-08;46375;22904;143;0;0;2627635;1206060;5118;1;0
FR;2;2021-06-09;34288;20938;107;0;0;2661923;1226998;5225;1;0
FR;2;2021-06-10;42639;19117;95;1;0;2704562;1246115;5320;2;0
FR;2;2021-06-11;55297;25180;134;0;0;2759859;1271295;5454;2;0
FR;2;2021-06-12;30559;19773;53;0;0;2790418;1291068;5507;2;0
FR;2;2021-06-13;3330;9188;13;0;0;2793748;1300256;5520;2;0
FR;2;2021-06-14;25299;24140;92;0;0;2819047;1324396;5612;2;0
FR;2;2021-06-15;39042;22833;154;0;0;2858089;1347229;5766;2;0
FR;2;2021-06-16;30161;21404;135;0;0;2888250;1368633;5901;2;0
FR;2;2021-06-17;36909;25829;150;0;0;2925159;1394462;6051;2;0
FR;2;2021-06-18;46853;28850;122;0;0;2972012;1423312;6173;2;0
FR;2;2021-06-19;24525;24897;39;0;0;2996537;1448209;6212;2;0
FR;2;2021-06-20;3741;10061;9;0;0;3000278;1458270;6221;2;0
FR;2;2021-06-21;17527;42840;88;0;0;3017805;1501110;6309;2;0
FR;2;2021-06-22;28359;49564;110;0;0;3046164;1550674;6419;2;0
FR;2;2021-06-23;21788;49583;107;1;1;3067952;1600257;6526;3;1
FR;2;2021-06-24;28376;50279;133;0;0;3096328;1650536;6659;3;1
FR;2;2021-06-25;33400;60413;128;0;0;3129728;1710949;6787;3;1
FR;2;2021-06-26;16384;59285;54;1;0;3146112;1770234;6841;4;1
FR;2;2021-06-27;2566;29310;22;1;0;3148678;1799544;6863;5;1
FR;2;2021-06-28;12640;54325;83;0;0;3161318;1853869;6946;5;1
FR;2;2021-06-29;19848;59920;178;0;0;3181166;1913789;7124;5;1
FR;2;2021-06-30;16326;57960;253;17;0;3197492;1971749;7377;22;1
FR;2;2021-07-01;20490;59885;228;0;0;3217982;2031634;7605;22;1
FR;2;2021-07-02;24073;62137;184;0;0;3242055;2093771;7789;22;1
FR;2;2021-07-03;12112;57100;153;0;0;3254167;2150871;7942;22;1
FR;2;2021-07-04;1958;23303;18;0;0;3256125;2174174;7960;22;1
FR;2;2021-07-05;9174;29357;106;0;0;3265299;2203531;8066;22;1
FR;2;2021-07-06;14578;36218;135;0;0;3279877;2239749;8201;22;1
FR;2;2021-07-07;14410;33669;139;0;0;3294287;2273418;8340;22;1
FR;2;2021-07-08;19717;40306;162;0;0;3314004;2313724;8502;22;1
FR;2;2021-07-09;27099;54292;202;1;0;3341103;2368016;8704;23;1
FR;2;2021-07-10;13386;33682;107;0;0;3354489;2401698;8811;23;1
FR;2;2021-07-11;1807;4363;16;0;0;3356296;2406061;8827;23;1
FR;2;2021-07-12;12965;37292;119;0;0;3369261;2443353;8946;23;1
FR;2;2021-07-13;37112;53183;150;0;0;3406373;2496536;9096;23;1
FR;2;2021-07-14;6618;3554;15;0;0;3412991;2500090;9111;23;1
FR;2;2021-07-15;47239;47026;156;0;0;3460230;2547116;9267;23;1
FR;2;2021-07-16;64307;55793;187;0;0;3524537;2602909;9454;23;1
FR;2;2021-07-17;31597;23926;96;0;0;3556134;2626835;9550;23;1
FR;2;2021-07-18;6087;4847;19;0;0;3562221;2631682;9569;23;1
FR;2;2021-07-19;33000;28653;94;0;0;3595221;2660335;9663;23;1
FR;2;2021-07-20;51993;44532;155;0;0;3647214;2704867;9818;23;1
FR;2;2021-07-21;45248;34712;93;0;0;3692462;2739579;9911;23;1
FR;2;2021-07-22;56278;41088;128;1;0;3748740;2780667;10039;24;1
FR;2;2021-07-23;68288;49012;170;0;0;3817028;2829679;10209;24;1
FR;2;2021-07-24;36170;21591;82;0;0;3853198;2851270;10291;24;1
FR;2;2021-07-25;6745;2634;10;0;0;3859943;2853904;10301;24;1
FR;2;2021-07-26;36309;22425;91;1;0;3896252;2876329;10392;25;1
FR;2;2021-07-27;62376;34595;180;0;0;3958628;2910924;10572;25;1
FR;2;2021-07-28;55312;26429;132;0;0;4013940;2937353;10704;25;1
FR;2;2021-07-29;68468;32800;189;0;0;4082408;2970153;10893;25;1
FR;2;2021-07-30;74450;37782;222;1;0;4156858;3007935;11115;26;1
FR;2;2021-07-31;34763;16203;104;0;0;4191621;3024138;11219;26;1
FR;2;2021-08-01;5410;2270;19;0;0;4197031;3026408;11238;26;1
FR;2;2021-08-02;35874;16196;101;0;0;4232905;3042604;11339;26;1
FR;2;2021-08-03;55975;28280;142;0;0;4288880;3070884;11481;26;1
FR;2;2021-08-04;46626;20850;128;1;0;4335506;3091734;11609;27;1
FR;2;2021-08-05;54629;31586;215;0;0;4390135;3123320;11824;27;1
FR;2;2021-08-06;58092;42397;242;1;0;4448227;3165717;12066;28;1
FR;2;2021-08-07;25145;17612;89;0;0;4473372;3183329;12155;28;1
FR;2;2021-08-08;3836;3656;21;0;0;4477208;3186985;12176;28;1
FR;2;2021-08-09;29304;21098;92;0;0;4506512;3208083;12268;28;1
FR;2;2021-08-10;44998;33487;155;0;0;4551510;3241570;12423;28;1
FR;2;2021-08-11;35270;25170;151;0;0;4586780;3266740;12574;28;1
FR;2;2021-08-12;41899;35714;162;0;0;4628679;3302454;12736;28;1
FR;2;2021-08-13;42594;37176;218;0;0;4671273;3339630;12954;28;1
FR;2;2021-08-14;18513;22200;93;0;0;4689786;3361830;13047;28;1
FR;2;2021-08-15;3840;3803;17;0;0;4693626;3365633;13064;28;1
FR;2;2021-08-16;25084;27167;110;0;0;4718710;3392800;13174;28;1
FR;2;2021-08-17;38256;43445;205;2;0;4756966;3436245;13379;30;1
FR;2;2021-08-18;32250;36374;195;1;1;4789216;3472619;13574;31;2
FR;2;2021-08-19;37433;46576;224;0;0;4826649;3519195;13798;31;2
FR;2;2021-08-20;40562;55618;269;1;0;4867211;3574813;14067;32;2
FR;2;2021-08-21;18121;24309;116;0;0;4885332;3599122;14183;32;2
FR;2;2021-08-22;2906;4322;22;1;1;4888238;3603444;14205;33;3
FR;2;2021-08-23;19246;35156;131;1;0;4907484;3638600;14336;34;3
FR;2;2021-08-24;31945;56045;236;0;0;4939429;3694645;14572;34;3
FR;2;2021-08-25;25932;43454;250;0;0;4965361;3738099;14822;34;3
FR;2;2021-08-26;32356;55815;387;0;0;4997717;3793914;15209;34;3
FR;2;2021-08-27;36999;65636;478;2;0;5034716;3859550;15687;36;3
FR;2;2021-08-28;17819;28506;300;0;0;5052535;3888056;15987;36;3
FR;2;2021-08-29;2654;5030;47;0;0;5055189;3893086;16034;36;3
FR;2;2021-08-30;18414;37734;400;0;757;5073603;3930820;16434;36;760
FR;2;2021-08-31;28075;57489;887;4;1542;5101678;3988309;17321;40;2302
FR;2;2021-09-01;21592;39857;1309;0;2111;5123270;4028166;18630;40;4413
FR;2;2021-09-02;25482;48648;1962;2;3323;5148752;4076814;20592;42;7736
FR;2;2021-09-03;33408;64508;2988;3;4849;5182160;4141322;23580;45;12585
FR;2;2021-09-04;16832;27718;1442;1;2368;5198992;4169040;25022;46;14953
FR;2;2021-09-05;2262;3608;266;0;412;5201254;4172648;25288;46;15365
FR;2;2021-09-06;14039;28713;1769;1;2944;5215293;4201361;27057;47;18309
FR;2;2021-09-07;21106;41077;3020;13;4884;5236399;4242438;30077;60;23193
FR;2;2021-09-08;17244;31930;2732;6;4486;5253643;4274368;32809;66;27679
FR;2;2021-09-09;20977;40467;4432;3;6792;5274620;4314835;37241;69;34471
FR;2;2021-09-10;28203;51203;5285;4;8872;5302823;4366038;42526;73;43343
FR;2;2021-09-11;13655;22412;2404;5;3964;5316478;4388450;44930;78;47307
FR;2;2021-09-12;1822;2777;289;0;510;5318300;4391227;45219;78;47817
FR;2;2021-09-13;11657;21433;2471;4;4016;5329957;4412660;47690;82;51833
FR;2;2021-09-14;18572;32765;5085;13;9062;5348529;4445425;52775;95;60895
FR;2;2021-09-15;14911;28264;5169;3;7775;5363440;4473689;57944;98;68670
FR;2;2021-09-16;16075;32778;6736;12;10529;5379515;4506467;64680;110;79199
FR;2;2021-09-17;20910;47118;8780;10;14598;5400425;4553585;73460;120;93797
FR;2;2021-09-18;9856;20942;3803;6;6032;5410281;4574527;77263;126;99829
FR;2;2021-09-19;1165;2620;396;0;637;5411446;4577147;77659;126;100466
FR;2;2021-09-20;7494;18758;3853;7;6144;5418940;4595905;81512;133;106610
FR;2;2021-09-21;11212;30003;6495;5;10743;5430152;4625908;88007;138;117353
FR;2;2021-09-22;9407;23531;5491;6;8512;5439559;4649439;93498;144;125865
FR;2;2021-09-23;10726;28900;7880;9;12642;5450285;4678339;101378;153;138507
FR;2;2021-09-24;15070;42909;10875;18;17219;5465355;4721248;112253;171;155726
FR;2;2021-09-25;7259;18767;3964;9;6105;5472614;4740015;116217;180;161831
FR;2;2021-09-26;1079;2557;495;0;633;5473693;4742572;116712;180;162464
FR;2;2021-09-27;6313;16429;4285;8;6536;5480006;4759001;120997;188;169000
FR;2;2021-09-28;9238;25544;7768;14;12066;5489244;4784545;128765;202;181066
FR;2;2021-09-29;8081;20205;6068;25;9261;5497325;4804750;134833;227;190327
FR;2;2021-09-30;9864;25820;9506;16;14094;5507189;4830570;144339;243;204421
FR;2;2021-10-01;13972;35697;12916;25;19284;5521161;4866267;157255;268;223705
FR;2;2021-10-02;6874;15902;4847;7;7020;5528035;4882169;162102;275;230725
FR;2;2021-10-03;841;1921;492;1;506;5528876;4884090;162594;276;231231
FR;2;2021-10-04;5821;13909;5518;5;7861;5534697;4897999;168112;281;239092
FR;2;2021-10-05;9053;22537;11121;19;15721;5543750;4920536;179233;300;254813
FR;2;2021-10-06;7782;17747;8241;11;11077;5551532;4938283;187474;311;265890
FR;2;2021-10-07;9197;22192;12381;15;16854;5560729;4960475;199855;326;282744
FR;2;2021-10-08;13429;32070;17348;27;23550;5574158;4992545;217203;353;306294
FR;2;2021-10-09;5999;12846;6042;6;7896;5580157;5005391;223245;359;314190
FR;2;2021-10-10;884;1621;436;2;624;5581041;5007012;223681;361;314814
FR;2;2021-10-11;5604;11573;6455;17;8830;5586645;5018585;230136;378;323644
FR;2;2021-10-12;8032;17780;12543;13;16757;5594677;5036365;242679;391;340401
FR;2;2021-10-13;6942;14847;10252;12;13627;5601619;5051212;252931;403;354028
FR;2;2021-10-14;8310;17931;14993;13;19455;5609929;5069143;267924;416;373483
FR;2;2021-10-15;11852;26311;20903;26;27970;5621781;5095454;288827;442;401453
FR;2;2021-10-16;5140;8736;1818;0;3209;5626921;5104190;290645;442;404662
FR;2;2021-10-17;651;1166;184;0;367;5627572;5105356;290829;442;405029
FR;2;2021-10-18;4561;7379;662;2;1649;5632133;5112735;291491;444;406678
FR;2;2021-10-19;6236;9877;730;5;2045;5638369;5122612;292221;449;408723
FR;2;2021-10-20;5165;8065;758;3;1678;5643534;5130677;292979;452;410401
FR;2;2021-10-21;6089;9966;778;5;2102;5649623;5140643;293757;457;412503
FR;2;2021-10-22;8450;14593;1148;4;2883;5658073;5155236;294905;461;415386
FR;2;2021-10-23;3844;5998;586;0;1232;5661917;5161234;295491;461;416618
FR;2;2021-10-24;494;888;100;0;204;5662411;5162122;295591;461;416822
FR;2;2021-10-25;3357;5359;306;1;829;5665768;5167481;295897;462;417651
FR;2;2021-10-26;4176;7258;1130;4;2013;5669944;5174739;297027;466;419664
FR;2;2021-10-27;3676;6613;1193;5;1996;5673620;5181352;298220;471;421660
FR;2;2021-10-28;4597;7699;1729;3;2746;5678217;5189051;299949;474;424406
FR;2;2021-10-29;5408;11081;2435;4;3673;5683625;5200132;302384;478;428079
FR;2;2021-10-30;2749;4443;975;1;1436;5686374;5204575;303359;479;429515
FR;2;2021-10-31;364;535;139;1;190;5686738;5205110;303498;480;429705
FR;2;2021-11-01;427;552;177;0;266;5687165;5205662;303675;480;429971
FR;2;2021-11-02;3291;6753;1183;0;1759;5690456;5212415;304858;480;431730
FR;2;2021-11-03;3340;6232;1386;2;1966;5693796;5218647;306244;482;433696
FR;2;2021-11-04;3986;7085;1764;4;2491;5697782;5225732;308008;486;436187
FR;2;2021-11-05;5230;10505;2867;5;3950;5703012;5236237;310875;491;440137
FR;2;2021-11-06;2594;4679;1401;0;1813;5705606;5240916;312276;491;441950
FR;2;2021-11-07;506;863;220;0;287;5706112;5241779;312496;491;442237
FR;2;2021-11-08;2578;5358;1201;3;1675;5708690;5247137;313697;494;443912
FR;2;2021-11-09;2750;6935;2398;5;3181;5711440;5254072;316095;499;447093
FR;2;2021-11-10;2588;5693;5107;6;6285;5714028;5259765;321202;505;453378
FR;2;2021-11-11;443;749;742;2;922;5714471;5260514;321944;507;454300
FR;2;2021-11-12;2952;8107;8970;8;10912;5717423;5268621;330914;515;465212
FR;2;2021-11-13;1538;3380;3867;7;4534;5718961;5272001;334781;522;469746
FR;2;2021-11-14;257;593;351;1;486;5719218;5272594;335132;523;470232
FR;2;2021-11-15;1622;3675;4442;9;5331;5720840;5276269;339574;532;475563
FR;2;2021-11-16;2184;5918;8304;14;10077;5723024;5282187;347878;546;485640
FR;2;2021-11-17;1739;4543;6626;8;7844;5724763;5286730;354504;554;493484
FR;2;2021-11-18;2192;5937;9178;11;11009;5726955;5292667;363682;565;504493
FR;2;2021-11-19;2698;7795;12969;19;15474;5729653;5300462;376651;584;519967
FR;2;2021-11-20;1564;3337;5173;5;6081;5731217;5303799;381824;589;526048
FR;2;2021-11-21;246;519;540;0;662;5731463;5304318;382364;589;526710
FR;2;2021-11-22;1277;2603;4478;5;5405;5732740;5306921;386842;594;532115
FR;2;2021-11-23;1615;4308;8196;9;9911;5734355;5311229;395038;603;542026
FR;2;2021-11-24;1417;3768;7472;14;8728;5735772;5314997;402510;617;550754
FR;2;2021-11-25;1812;4886;11460;21;13657;5737584;5319883;413970;638;564411
FR;2;2021-11-26;2540;7765;22662;31;26074;5740124;5327648;436632;669;590485
FR;2;2021-11-27;1497;4158;12267;18;14023;5741621;5331806;448899;687;604508
FR;2;2021-11-28;292;843;1970;3;2295;5741913;5332649;450869;690;606803
FR;2;2021-11-29;1444;4364;15082;23;17250;5743357;5337013;465951;713;624053
FR;2;2021-11-30;1911;6723;26233;36;29987;5745268;5343736;492184;749;654040
FR;2;2021-12-01;1910;6068;26196;30;29522;5747178;5349804;518380;779;683562
FR;2;2021-12-02;1909;6818;37701;52;41945;5749087;5356622;556081;831;725507
FR;2;2021-12-03;2552;10096;53610;111;59348;5751639;5366718;609691;942;784855
FR;2;2021-12-04;1848;6305;37108;38;40795;5753487;5373023;646799;980;825650
FR;2;2021-12-05;458;2254;14255;14;15986;5753945;5375277;661054;994;841636
FR;2;2021-12-06;2484;9887;77703;109;84756;5756429;5385164;738757;1103;926392
FR;2;2021-12-07;3456;15338;122426;238;133737;5759885;5400502;861183;1341;1060129
FR;2;2021-12-08;3723;16024;133188;330;145372;5763608;5416526;994371;1671;1205501
FR;2;2021-12-09;4548;19633;170184;553;185560;5768156;5436159;1164555;2224;1391061
FR;2;2021-12-10;4671;22839;188637;490;206102;5772827;5458998;1353192;2714;1597163
FR;2;2021-12-11;3683;16631;132435;239;144873;5776510;5475629;1485627;2953;1742036
FR;2;2021-12-12;1257;7124;59085;83;65131;5777767;5482753;1544712;3036;1807167
FR;2;2021-12-13;5528;26852;220676;605;242968;5783295;5509605;1765388;3641;2050135
FR;2;2021-12-14;7017;37501;300749;909;332209;5790312;5547106;2066137;4550;2382344
FR;2;2021-12-15;6558;36235;285211;956;315816;5796870;5583341;2351348;5506;2698160
FR;2;2021-12-16;7762;37925;312125;980;343728;5804632;5621266;2663473;6486;3041888
FR;2;2021-12-17;8676;41249;327865;976;360958;5813308;5662515;2991338;7462;3402846
FR;2;2021-12-18;6514;26559;212334;448;233644;5819822;5689074;3203672;7910;3636490
FR;2;2021-12-19;2602;11464;90207;182;100361;5822424;5700538;3293879;8092;3736851
FR;2;2021-12-20;9549;33587;275201;706;303361;5831973;5734125;3569080;8798;4040212
FR;2;2021-12-21;11563;38331;309616;968;341413;5843536;5772456;3878696;9766;4381625
FR;2;2021-12-22;10457;32830;265100;952;292473;5853993;5805286;4143796;10718;4674098
FR;2;2021-12-23;9426;26692;199489;700;221280;5863419;5831978;4343285;11418;4895378
FR;2;2021-12-24;2783;7495;43855;140;49562;5866202;5839473;4387140;11558;4944940
FR;2;2021-12-25;201;688;2002;10;2492;5866403;5840161;4389142;11568;4947432
FR;2;2021-12-26;1320;4207;25155;71;28679;5867723;5844368;4414297;11639;4976111
FR;2;2021-12-27;8074;29930;218404;659;243331;5875797;5874298;4632701;12298;5219442
FR;2;2021-12-28;9839;36324;272081;742;301968;5885636;5910622;4904782;13040;5521410
FR;2;2021-12-29;9497;32261;246124;766;272683;5895133;5942883;5150906;13806;5794093
FR;2;2021-12-30;9462;28115;208824;662;231465;5904595;5970998;5359730;14468;6025558
FR;2;2021-12-31;3009;8360;54988;176;61238;5907604;5979358;5414718;14644;6086796
FR;2;2022-01-01;227;690;2851;7;3346;5907831;5980048;5417569;14651;6090142
FR;2;2022-01-02;1504;4855;29511;75;33400;5909335;5984903;5447080;14726;6123542
FR;2;2022-01-03;9589;35398;266517;806;293880;5918924;6020301;5713597;15532;6417422
FR;2;2022-01-04;12847;45422;342079;1068;377004;5931771;6065723;6055676;16600;6794426
FR;2;2022-01-05;11270;38654;294172;885;323814;5943041;6104377;6349848;17485;7118240
FR;2;2022-01-06;13653;43516;331939;1298;364732;5956694;6147893;6681787;18783;7482972
FR;2;2022-01-07;14223;47620;361089;1270;396418;5970917;6195513;7042876;20053;7879390
FR;2;2022-01-08;7948;28157;201259;515;221706;5978865;6223670;7244135;20568;8101096
FR;2;2022-01-09;2749;8990;62522;137;69520;5981614;6232660;7306657;20705;8170616
FR;2;2022-01-10;10094;31923;232461;857;255038;5991708;6264583;7539118;21562;8425654
FR;2;2022-01-11;11468;36242;265901;1029;290586;6003176;6300825;7805019;22591;8716240
FR;2;2022-01-12;8761;29821;206315;863;226173;6011937;6330646;8011334;23454;8942413
FR;2;2022-01-13;9387;31346;224480;832;244826;6021324;6361992;8235814;24286;9187239
FR;2;2022-01-14;9742;35637;254534;920;277666;6031066;6397629;8490348;25206;9464905
FR;2;2022-01-15;5358;19451;140777;363;153634;6036424;6417080;8631125;25569;9618539
FR;2;2022-01-16;1511;5497;35879;81;39835;6037935;6422577;8667004;25650;9658374
FR;2;2022-01-17;5546;19282;135405;601;147248;6043481;6441859;8802409;26251;9805622
FR;2;2022-01-18;6420;21522;148620;648;160472;6049901;6463381;8951029;26899;9966094
FR;2;2022-01-19;4389;16332;105090;552;113696;6054290;6479713;9056119;27451;10079790
FR;2;2022-01-20;4870;17596;115288;603;123685;6059160;6497309;9171407;28054;10203475
FR;2;2022-01-21;5197;20073;137332;679;147758;6064357;6517382;9308739;28733;10351233
FR;2;2022-01-22;3030;10954;74260;260;80326;6067387;6528336;9382999;28993;10431559
FR;2;2022-01-23;724;2728;15241;41;16835;6068111;6531064;9398240;29034;10448394
FR;2;2022-01-24;3291;12823;75067;430;81028;6071402;6543887;9473307;29464;10529422
FR;2;2022-01-25;3573;14429;79621;496;85451;6074975;6558316;9552928;29960;10614873
FR;2;2022-01-26;2514;10685;58968;363;63003;6077489;6569001;9611896;30323;10677876
FR;2;2022-01-27;2680;11325;64176;388;67920;6080169;6580326;9676072;30711;10745796
FR;2;2022-01-28;3550;18338;91714;429;98944;6083719;6598664;9767786;31140;10844740
FR;2;2022-01-29;1895;9238;48846;164;52927;6085614;6607902;9816632;31304;10897667
FR;2;2022-01-30;464;2235;9453;38;10602;6086078;6610137;9826085;31342;10908269
FR;2;2022-01-31;1889;9578;43825;208;47336;6087967;6619715;9869910;31550;10955605
FR;2;2022-02-01;1916;10050;47026;279;50108;6089883;6629765;9916936;31829;11005713
FR;2;2022-02-02;1611;9017;41109;250;44171;6091494;6638782;9958045;32079;11049884
FR;2;2022-02-03;1724;8949;40514;205;42918;6093218;6647731;9998559;32284;11092802
FR;2;2022-02-04;2153;15212;66640;299;71346;6095371;6662943;10065199;32583;11164148
FR;2;2022-02-05;1360;8525;35943;132;39229;6096731;6671468;10101142;32715;11203377
FR;2;2022-02-06;275;1770;6124;16;6898;6097006;6673238;10107266;32731;11210275
FR;2;2022-02-07;1350;9578;37749;134;41298;6098356;6682816;10145015;32865;11251573
FR;2;2022-02-08;1300;9825;40948;173;43740;6099656;6692641;10185963;33038;11295313
FR;2;2022-02-09;1160;8828;37039;174;40459;6100816;6701469;10223002;33212;11335772
FR;2;2022-02-10;1025;7991;33834;204;36505;6101841;6709460;10256836;33416;11372277
FR;2;2022-02-11;1390;12083;53341;223;57693;6103231;6721543;10310177;33639;11429970
FR;2;2022-02-12;752;6533;27985;83;30804;6103983;6728076;10338162;33722;11460774
FR;2;2022-02-13;200;1339;4833;20;5574;6104183;6729415;10342995;33742;11466348
FR;2;2022-02-14;834;6728;30270;90;33229;6105017;6736143;10373265;33832;11499577
FR;2;2022-02-15;773;6463;28046;141;29989;6105790;6742606;10401311;33973;11529566
FR;2;2022-02-16;655;5358;22059;123;23624;6106445;6747964;10423370;34096;11553190
FR;2;2022-02-17;518;3778;14146;98;14612;6106963;6751742;10437516;34194;11567802
FR;2;2022-02-18;722;5365;20436;134;21127;6107685;6757107;10457952;34328;11588929
FR;2;2022-02-19;429;3054;10529;66;11244;6108114;6760161;10468481;34394;11600173
FR;2;2022-02-20;102;515;1458;3;1605;6108216;6760676;10469939;34397;11601778
FR;2;2022-02-21;422;2684;9122;65;9499;6108638;6763360;10479061;34462;11611277
FR;2;2022-02-22;390;2564;8892;76;8794;6109028;6765924;10487953;34538;11620071
FR;2;2022-02-23;431;2602;8990;82;9268;6109459;6768526;10496943;34620;11629339
FR;2;2022-02-24;314;2032;6800;81;6828;6109773;6770558;10503743;34701;11636167
FR;2;2022-02-25;457;3203;11417;108;11281;6110230;6773761;10515160;34809;11647448
FR;2;2022-02-26;296;1892;6034;49;6339;6110526;6775653;10521194;34858;11653787
FR;2;2022-02-27;76;313;905;5;948;6110602;6775966;10522099;34863;11654735
FR;2;2022-02-28;330;1687;5523;53;5531;6110932;6777653;10527622;34916;11660266
FR;2;2022-03-01;277;1563;5477;45;5195;6111209;6779216;10533099;34961;11665461
FR;2;2022-03-02;298;1437;5245;45;5089;6111507;6780653;10538344;35006;11670550
FR;2;2022-03-03;225;1110;3707;42;3484;6111732;6781763;10542051;35048;11674034
FR;2;2022-03-04;243;1468;4856;73;4503;6111975;6783231;10546907;35121;11678537
FR;2;2022-03-05;173;904;2979;32;2723;6112148;6784135;10549886;35153;11681260
FR;2;2022-03-06;42;182;279;5;319;6112190;6784317;10550165;35158;11681579
FR;2;2022-03-07;156;656;1986;70;1775;6112346;6784973;10552151;35228;11683354
FR;2;2022-03-08;144;660;2272;51;1904;6112490;6785633;10554423;35279;11685258
FR;2;2022-03-09;154;706;2346;37;2046;6112644;6786339;10556769;35316;11687304
FR;2;2022-03-10;121;602;1691;35;1466;6112765;6786941;10558460;35351;11688770
FR;2;2022-03-11;171;755;2767;57;2366;6112936;6787696;10561227;35408;11691136
FR;2;2022-03-12;147;484;1784;27;1553;6113083;6788180;10563011;35435;11692689
FR;2;2022-03-13;25;75;202;29;203;6113108;6788255;10563213;35464;11692892
FR;2;2022-03-14;128;468;1565;529;1294;6113236;6788723;10564778;35993;11694186
FR;2;2022-03-15;138;434;1710;689;1328;6113374;6789157;10566488;36682;11695514
FR;2;2022-03-16;141;475;2013;1611;1593;6113515;6789632;10568501;38293;11697107
FR;2;2022-03-17;93;413;1408;1193;1144;6113608;6790045;10569909;39486;11698251
FR;2;2022-03-18;145;492;2018;1792;1660;6113753;6790537;10571927;41278;11699911
FR;2;2022-03-19;108;319;1210;941;1015;6113861;6790856;10573137;42219;11700926
FR;2;2022-03-20;13;77;191;59;168;6113874;6790933;10573328;42278;11701094
FR;2;2022-03-21;96;305;1213;1483;1076;6113970;6791238;10574541;43761;11702170
FR;2;2022-03-22;117;388;1530;1829;1291;6114087;6791626;10576071;45590;11703461
FR;2;2022-03-23;139;360;1669;3032;1465;6114226;6791986;10577740;48622;11704926
FR;2;2022-03-24;116;293;1183;1547;1000;6114342;6792279;10578923;50169;11705926
FR;2;2022-03-25;119;361;1803;2449;1473;6114461;6792640;10580726;52618;11707399
FR;2;2022-03-26;77;247;1203;1222;952;6114538;6792887;10581929;53840;11708351
FR;2;2022-03-27;19;36;153;100;132;6114557;6792923;10582082;53940;11708483
FR;2;2022-03-28;94;287;1136;1601;995;6114651;6793210;10583218;55541;11709478
FR;2;2022-03-29;108;257;1324;2464;1104;6114759;6793467;10584542;58005;11710582
FR;2;2022-03-30;91;312;1487;3183;1319;6114850;6793779;10586029;61188;11711901
FR;2;2022-03-31;104;283;1274;2329;1088;6114954;6794062;10587303;63517;11712989
FR;2;2022-04-01;121;323;1567;2343;1322;6115075;6794385;10588870;65860;11714311
FR;2;2022-04-02;72;161;845;891;737;6115147;6794546;10589715;66751;11715048
FR;2;2022-04-03;16;53;128;112;142;6115163;6794599;10589843;66863;11715190
FR;2;2022-04-04;110;234;986;1438;794;6115273;6794833;10590829;68301;11715984
FR;2;2022-04-05;143;290;1314;2886;1141;6115416;6795123;10592143;71187;11717125
FR;2;2022-04-06;88;249;1304;2520;1127;6115504;6795372;10593447;73707;11718252
FR;2;2022-04-07;120;217;1299;2681;1039;6115624;6795589;10594746;76388;11719291
FR;2;2022-04-08;125;334;1624;3231;1322;6115749;6795923;10596370;79619;11720613
FR;2;2022-04-09;90;219;899;1045;731;6115839;6796142;10597269;80664;11721344
FR;2;2022-04-10;37;47;143;162;119;6115876;6796189;10597412;80826;11721463
FR;2;2022-04-11;86;188;885;1531;774;6115962;6796377;10598297;82357;11722237
FR;2;2022-04-12;176;267;1179;2737;1058;6116138;6796644;10599476;85094;11723295
FR;2;2022-04-13;145;229;1125;2451;985;6116283;6796873;10600601;87545;11724280
FR;2;2022-04-14;114;220;1084;2673;916;6116397;6797093;10601685;90218;11725196
FR;2;2022-04-15;113;245;1196;2275;1065;6116510;6797338;10602881;92493;11726261
FR;2;2022-04-16;65;108;541;545;452;6116575;6797446;10603422;93038;11726713
FR;2;2022-04-17;15;26;57;53;53;6116590;6797472;10603479;93091;11726766
FR;2;2022-04-18;12;35;119;70;114;6116602;6797507;10603598;93161;11726880
FR;2;2022-04-19;112;237;1116;1707;948;6116714;6797744;10604714;94868;11727828
FR;2;2022-04-20;95;240;1099;2145;930;6116809;6797984;10605813;97013;11728758
FR;2;2022-04-21;111;231;981;1907;837;6116920;6798215;10606794;98920;11729595
FR;2;2022-04-22;97;270;1241;2086;1023;6117017;6798485;10608035;101006;11730618
FR;2;2022-04-23;66;155;644;762;573;6117083;6798640;10608679;101768;11731191
FR;2;2022-04-24;12;29;101;68;79;6117095;6798669;10608780;101836;11731270
FR;2;2022-04-25;103;203;820;1314;709;6117198;6798872;10609600;103150;11731979
FR;2;2022-04-26;109;183;1039;1998;877;6117307;6799055;10610639;105148;11732856
FR;2;2022-04-27;96;177;857;1757;760;6117403;6799232;10611496;106905;11733616
FR;2;2022-04-28;91;215;948;1902;842;6117494;6799447;10612444;108807;11734458
FR;2;2022-04-29;81;279;1129;1691;1037;6117575;6799726;10613573;110498;11735495
FR;2;2022-04-30;65;126;470;538;429;6117640;6799852;10614043;111036;11735924
FR;2;2022-05-01;20;24;84;48;85;6117660;6799876;10614127;111084;11736009
FR;2;2022-05-02;115;224;762;1206;658;6117775;6800100;10614889;112290;11736667
FR;2;2022-05-03;148;228;996;1767;935;6117923;6800328;10615885;114057;11737602
FR;2;2022-05-04;88;222;923;1809;866;6118011;6800550;10616808;115866;11738468
FR;2;2022-05-05;126;195;851;1697;768;6118137;6800745;10617659;117563;11739236
FR;2;2022-05-06;133;243;1098;1848;1012;6118270;6800988;10618757;119411;11740248
FR;2;2022-05-07;40;97;470;504;406;6118310;6801085;10619227;119915;11740654
FR;2;2022-05-08;45;53;106;70;100;6118355;6801138;10619333;119985;11740754
FR;2;2022-05-09;101;173;652;984;603;6118456;6801311;10619985;120969;11741357
FR;2;2022-05-10;120;243;937;1830;893;6118576;6801554;10620922;122799;11742250
FR;2;2022-05-11;100;170;810;1871;789;6118676;6801724;10621732;124670;11743039
FR;2;2022-05-12;110;166;839;2093;800;6118786;6801890;10622571;126763;11743839
FR;2;2022-05-13;100;232;967;2089;896;6118886;6802122;10623538;128852;11744735
FR;2;2022-05-14;76;117;451;554;409;6118962;6802239;10623989;129406;11745144
FR;2;2022-05-15;24;37;93;87;107;6118986;6802276;10624082;129493;11745251
FR;2;2022-05-16;103;170;599;921;537;6119089;6802446;10624681;130414;11745788
FR;2;2022-05-17;95;183;688;1685;656;6119184;6802629;10625369;132099;11746444
FR;2;2022-05-18;80;180;640;1421;645;6119264;6802809;10626009;133520;11747089
FR;2;2022-05-19;69;159;707;1822;750;6119333;6802968;10626716;135342;11747839
FR;2;2022-05-20;107;177;871;1699;777;6119440;6803145;10627587;137041;11748616
FR;2;2022-05-21;47;96;396;517;338;6119487;6803241;10627983;137558;11748954
FR;2;2022-05-22;8;23;69;37;57;6119495;6803264;10628052;137595;11749011
FR;2;2022-05-23;85;131;498;930;469;6119580;6803395;10628550;138525;11749480
FR;2;2022-05-24;87;161;625;1610;613;6119667;6803556;10629175;140135;11750093
FR;2;2022-05-25;71;141;538;1143;491;6119738;6803697;10629713;141278;11750584
FR;2;2022-05-26;8;30;77;41;85;6119746;6803727;10629790;141319;11750669
FR;2;2022-05-27;44;121;456;817;438;6119790;6803848;10630246;142136;11751107
FR;2;2022-05-28;28;60;220;243;220;6119818;6803908;10630466;142379;11751327
FR;2;2022-05-29;13;34;43;25;51;6119831;6803942;10630509;142404;11751378
FR;2;2022-05-30;65;108;418;720;404;6119896;6804050;10630927;143124;11751782
FR;2;2022-05-31;76;133;558;1276;508;6119972;6804183;10631485;144400;11752290
FR;2;2022-06-01;59;152;555;1074;534;6120031;6804335;10632040;145474;11752824
FR;2;2022-06-02;92;170;624;1400;589;6120123;6804505;10632664;146874;11753413
FR;2;2022-06-03;70;155;665;1603;592;6120193;6804660;10633329;148477;11754005
FR;2;2022-06-04;68;92;279;432;265;6120261;6804752;10633608;148909;11754270
FR;2;2022-06-05;12;17;62;57;47;6120273;6804769;10633670;148966;11754317
FR;2;2022-06-06;11;25;91;75;90;6120284;6804794;10633761;149041;11754407
FR;2;2022-06-07;98;218;662;1531;575;6120382;6805012;10634423;150572;11754982
FR;2;2022-06-08;69;116;476;1164;409;6120451;6805128;10634899;151736;11755391
FR;2;2022-06-09;91;164;608;1917;566;6120542;6805292;10635507;153653;11755957
FR;2;2022-06-10;86;165;647;1682;618;6120628;6805457;10636154;155335;11756575
FR;2;2022-06-11;42;82;286;527;257;6120670;6805539;10636440;155862;11756832
FR;2;2022-06-12;18;38;58;78;60;6120688;6805577;10636498;155940;11756892
FR;2;2022-06-13;35;117;388;948;373;6120723;6805694;10636886;156888;11757265
FR;2;2022-06-14;65;154;596;2086;533;6120788;6805848;10637482;158974;11757798
FR;2;2022-06-15;76;102;517;1495;441;6120864;6805950;10637999;160469;11758239
FR;2;2022-06-16;127;126;493;1410;420;6120991;6806076;10638492;161879;11758659
FR;2;2022-06-17;71;131;584;1815;510;6121062;6806207;10639076;163694;11759169
FR;2;2022-06-18;75;92;224;578;196;6121137;6806299;10639300;164272;11759365
FR;2;2022-06-19;11;14;53;71;41;6121148;6806313;10639353;164343;11759406
FR;2;2022-06-20;61;124;397;1027;388;6121209;6806437;10639750;165370;11759794
FR;2;2022-06-21;106;115;523;2121;453;6121315;6806552;10640273;167491;11760247
FR;2;2022-06-22;39;105;457;1888;410;6121354;6806657;10640730;169379;11760657
FR;2;2022-06-23;56;108;535;2282;450;6121410;6806765;10641265;171661;11761107
FR;2;2022-06-24;65;121;705;3193;568;6121475;6806886;10641970;174854;11761675
FR;2;2022-06-25;29;89;294;986;250;6121504;6806975;10642264;175840;11761925
FR;2;2022-06-26;30;27;131;194;96;6121534;6807002;10642395;176034;11762021
FR;2;2022-06-27;79;136;578;2472;480;6121613;6807138;10642973;178506;11762501
FR;2;2022-06-28;110;138;811;4812;649;6121723;6807276;10643784;183318;11763150
FR;2;2022-06-29;72;147;771;4367;629;6121795;6807423;10644555;187685;11763779
FR;2;2022-06-30;71;133;828;5175;617;6121866;6807556;10645383;192860;11764396
FR;2;2022-07-01;106;153;1119;6672;816;6121972;6807709;10646502;199532;11765212
FR;2;2022-07-02;64;130;458;1973;380;6122036;6807839;10646960;201505;11765592
FR;2;2022-07-03;23;30;144;333;128;6122059;6807869;10647104;201838;11765720
FR;2;2022-07-04;117;175;764;3772;599;6122176;6808044;10647868;205610;11766319
FR;2;2022-07-05;113;184;1113;6805;819;6122289;6808228;10648981;212415;11767138
FR;2;2022-07-06;92;147;943;5796;689;6122381;6808375;10649924;218211;11767827
FR;2;2022-07-07;79;183;1016;6489;744;6122460;6808558;10650940;224700;11768571
FR;2;2022-07-08;62;122;1083;7023;746;6122522;6808680;10652023;231723;11769317
FR;2;2022-07-09;33;61;416;1868;298;6122555;6808741;10652439;233591;11769615
FR;2;2022-07-10;6;17;96;311;82;6122561;6808758;10652535;233902;11769697
FR;2;2022-07-11;68;117;665;3800;523;6122629;6808875;10653200;237702;11770220
FR;2;2022-07-12;98;176;1043;6497;798;6122727;6809051;10654243;244199;11771018
FR;2;2022-07-13;59;125;871;4645;577;6122786;6809176;10655114;248844;11771595
FR;2;2022-07-14;6;12;79;247;51;6122792;6809188;10655193;249091;11771646
FR;2;2022-07-15;58;125;719;3778;543;6122850;6809313;10655912;252869;11772189
FR;2;2022-07-16;27;49;282;1024;234;6122877;6809362;10656194;253893;11772423
FR;2;2022-07-17;5;12;77;200;66;6122882;6809374;10656271;254093;11772489
FR;2;2022-07-18;53;100;492;2505;364;6122935;6809474;10656763;256598;11772853
FR;2;2022-07-19;65;131;763;4233;551;6123000;6809605;10657526;260831;11773404
FR;2;2022-07-20;54;116;568;3175;416;6123054;6809721;10658094;264006;11773820
FR;2;2022-07-21;59;105;654;3667;472;6123113;6809826;10658748;267673;11774292
FR;2;2022-07-22;45;90;669;3476;475;6123158;6809916;10659417;271149;11774767
FR;2;2022-07-23;37;88;279;1152;215;6123195;6810004;10659696;272301;11774982
FR;2;2022-07-24;12;23;64;200;64;6123207;6810027;10659760;272501;11775046
FR;2;2022-07-25;48;69;376;1906;273;6123255;6810096;10660136;274407;11775319
FR;2;2022-07-26;58;124;586;3398;458;6123313;6810220;10660722;277805;11775777
FR;2;2022-07-27;42;80;429;2754;343;6123355;6810300;10661151;280559;11776120
FR;2;2022-07-28;29;68;426;2294;335;6123384;6810368;10661577;282853;11776455
FR;3;2020-12-27;0;0;0;0;0;0;0;0;0;0
FR;3;2020-12-28;0;0;0;0;0;0;0;0;0;0
FR;3;2020-12-29;0;0;0;0;0;0;0;0;0;0
FR;3;2020-12-30;0;0;0;0;0;0;0;0;0;0
FR;3;2020-12-31;0;0;0;0;0;0;0;0;0;0
FR;3;2021-01-01;0;0;0;0;0;0;0;0;0;0
FR;3;2021-01-02;0;0;0;0;0;0;0;0;0;0
FR;3;2021-01-03;0;0;0;0;0;0;0;0;0;0
FR;3;2021-01-04;0;0;0;0;0;0;0;0;0;0
FR;3;2021-01-05;0;0;0;0;0;0;0;0;0;0
FR;3;2021-01-06;0;0;0;0;0;0;0;0;0;0
FR;3;2021-01-07;0;0;0;0;0;0;0;0;0;0
FR;3;2021-01-08;0;0;0;0;0;0;0;0;0;0
FR;3;2021-01-09;0;0;0;0;0;0;0;0;0;0
FR;3;2021-01-10;0;0;0;0;0;0;0;0;0;0
FR;3;2021-01-11;0;0;0;0;0;0;0;0;0;0
FR;3;2021-01-12;0;0;0;0;0;0;0;0;0;0
FR;3;2021-01-13;0;0;0;0;0;0;0;0;0;0
FR;3;2021-01-14;0;0;0;0;0;0;0;0;0;0
FR;3;2021-01-15;0;0;0;0;0;0;0;0;0;0
FR;3;2021-01-16;0;0;0;0;0;0;0;0;0;0
FR;3;2021-01-17;0;0;0;0;0;0;0;0;0;0
FR;3;2021-01-18;0;0;0;0;0;0;0;0;0;0
FR;3;2021-01-19;0;0;0;0;0;0;0;0;0;0
FR;3;2021-01-20;0;0;0;0;0;0;0;0;0;0
FR;3;2021-01-21;0;0;0;0;0;0;0;0;0;0
FR;3;2021-01-22;0;0;0;0;0;0;0;0;0;0
FR;3;2021-01-23;0;0;0;0;0;0;0;0;0;0
FR;3;2021-01-24;0;0;0;0;0;0;0;0;0;0
FR;3;2021-01-25;0;0;0;0;0;0;0;0;0;0
FR;3;2021-01-26;0;0;0;0;0;0;0;0;0;0
FR;3;2021-01-27;0;0;0;0;0;0;0;0;0;0
FR;3;2021-01-28;0;0;0;0;0;0;0;0;0;0
FR;3;2021-01-29;0;0;0;0;0;0;0;0;0;0
FR;3;2021-01-30;0;0;0;0;0;0;0;0;0;0
FR;3;2021-01-31;0;0;0;0;0;0;0;0;0;0
FR;3;2021-02-01;0;0;0;0;0;0;0;0;0;0
FR;3;2021-02-02;0;0;0;0;0;0;0;0;0;0
FR;3;2021-02-03;0;0;0;0;0;0;0;0;0;0
FR;3;2021-02-04;0;0;0;0;0;0;0;0;0;0
FR;3;2021-02-05;0;0;0;0;0;0;0;0;0;0
FR;3;2021-02-06;1595;0;0;0;0;1595;0;0;0;0
FR;3;2021-02-07;1423;1;0;0;0;3018;1;0;0;0
FR;3;2021-02-08;2786;1;0;0;0;5804;2;0;0;0
FR;3;2021-02-09;6782;0;0;0;0;12586;2;0;0;0
FR;3;2021-02-10;9607;0;0;0;0;22193;2;0;0;0
FR;3;2021-02-11;13618;1;0;0;0;35811;3;0;0;0
FR;3;2021-02-12;13404;0;0;0;0;49215;3;0;0;0
FR;3;2021-02-13;3793;1;0;0;0;53008;4;0;0;0
FR;3;2021-02-14;974;0;0;0;0;53982;4;0;0;0
FR;3;2021-02-15;10491;1;0;0;0;64473;5;0;0;0
FR;3;2021-02-16;12549;4;0;0;0;77022;9;0;0;0
FR;3;2021-02-17;11154;0;0;0;0;88176;9;0;0;0
FR;3;2021-02-18;14942;2;0;0;0;103118;11;0;0;0
FR;3;2021-02-19;14359;1;0;0;0;117477;12;0;0;0
FR;3;2021-02-20;3330;0;0;0;0;120807;12;0;0;0
FR;3;2021-02-21;618;0;0;0;0;121425;12;0;0;0
FR;3;2021-02-22;9166;0;0;0;0;130591;12;0;0;0
FR;3;2021-02-23;11395;2;0;0;0;141986;14;0;0;0
FR;3;2021-02-24;14303;1;0;0;0;156289;15;0;0;0
FR;3;2021-02-25;44931;2;0;0;0;201220;17;0;0;0
FR;3;2021-02-26;61886;5;0;0;0;263106;22;0;0;0
FR;3;2021-02-27;34803;10;0;0;0;297909;32;0;0;0
FR;3;2021-02-28;2463;0;0;0;0;300372;32;0;0;0
FR;3;2021-03-01;20517;14;0;0;0;320889;46;0;0;0
FR;3;2021-03-02;38867;21;0;0;0;359756;67;0;0;0
FR;3;2021-03-03;48740;15;0;0;0;408496;82;0;0;0
FR;3;2021-03-04;82221;20;0;0;0;490717;102;0;0;0
FR;3;2021-03-05;118129;40;0;0;0;608846;142;0;0;0
FR;3;2021-03-06;120713;62;1;0;0;729559;204;1;0;0
FR;3;2021-03-07;55180;25;0;0;0;784739;229;1;0;0
FR;3;2021-03-08;42811;25;0;0;0;827550;254;1;0;0
FR;3;2021-03-09;78971;49;0;0;0;906521;303;1;0;0
FR;3;2021-03-10;80978;48;0;0;0;987499;351;1;0;0
FR;3;2021-03-11;128437;59;0;0;0;1115936;410;1;0;0
FR;3;2021-03-12;182720;101;0;0;0;1298656;511;1;0;0
FR;3;2021-03-13;132150;72;0;0;0;1430806;583;1;0;0
FR;3;2021-03-14;14056;5;0;0;0;1444862;588;1;0;0
FR;3;2021-03-15;52231;59;0;0;0;1497093;647;1;0;0
FR;3;2021-03-16;1215;41;0;0;0;1498308;688;1;0;0
FR;3;2021-03-17;944;42;0;0;0;1499252;730;1;0;0
FR;3;2021-03-18;1568;29;0;0;0;1500820;759;1;0;0
FR;3;2021-03-19;70453;50;0;0;0;1571273;809;1;0;0
FR;3;2021-03-20;65232;45;0;0;0;1636505;854;1;0;0
FR;3;2021-03-21;5759;8;0;0;0;1642264;862;1;0;0
FR;3;2021-03-22;37501;42;0;0;0;1679765;904;1;0;0
FR;3;2021-03-23;84658;71;0;0;0;1764423;975;1;0;0
FR;3;2021-03-24;90942;97;0;0;0;1855365;1072;1;0;0
FR;3;2021-03-25;150057;133;0;0;0;2005422;1205;1;0;0
FR;3;2021-03-26;165424;153;0;0;0;2170846;1358;1;0;0
FR;3;2021-03-27;68457;102;0;0;0;2239303;1460;1;0;0
FR;3;2021-03-28;6474;21;0;0;0;2245777;1481;1;0;0
FR;3;2021-03-29;54164;73;0;0;0;2299941;1554;1;0;0
FR;3;2021-03-30;93171;102;0;0;0;2393112;1656;1;0;0
FR;3;2021-03-31;63532;101;0;0;0;2456644;1757;1;0;0
FR;3;2021-04-01;86130;107;0;0;0;2542774;1864;1;0;0
FR;3;2021-04-02;86903;170;0;0;0;2629677;2034;1;0;0
FR;3;2021-04-03;35875;125;0;0;0;2665552;2159;1;0;0
FR;3;2021-04-04;3572;18;0;0;0;2669124;2177;1;0;0
FR;3;2021-04-05;4489;32;0;0;0;2673613;2209;1;0;0
FR;3;2021-04-06;29751;94;0;0;0;2703364;2303;1;0;0
FR;3;2021-04-07;32340;87;0;0;0;2735704;2390;1;0;0
FR;3;2021-04-08;78817;247;0;0;0;2814521;2637;1;0;0
FR;3;2021-04-09;161751;424;0;0;0;2976272;3061;1;0;0
FR;3;2021-04-10;75760;348;0;0;0;3052032;3409;1;0;0
FR;3;2021-04-11;7311;46;0;0;0;3059343;3455;1;0;0
FR;3;2021-04-12;51477;213;0;0;0;3110820;3668;1;0;0
FR;3;2021-04-13;86229;336;0;0;0;3197049;4004;1;0;0
FR;3;2021-04-14;67839;360;0;0;0;3264888;4364;1;0;0
FR;3;2021-04-15;93234;384;0;0;0;3358122;4748;1;0;0
FR;3;2021-04-16;112521;596;0;0;0;3470643;5344;1;0;0
FR;3;2021-04-17;53315;337;1;0;0;3523958;5681;2;0;0
FR;3;2021-04-18;9745;39;0;0;0;3533703;5720;2;0;0
FR;3;2021-04-19;25106;258;0;0;0;3558809;5978;2;0;0
FR;3;2021-04-20;45672;413;0;0;0;3604481;6391;2;0;0
FR;3;2021-04-21;38977;487;0;0;0;3643458;6878;2;0;0
FR;3;2021-04-22;54707;817;0;0;0;3698165;7695;2;0;0
FR;3;2021-04-23;70489;1038;0;0;0;3768654;8733;2;0;0
FR;3;2021-04-24;37244;1044;0;0;0;3805898;9777;2;0;0
FR;3;2021-04-25;6209;151;0;0;0;3812107;9928;2;0;0
FR;3;2021-04-26;19786;673;0;0;0;3831893;10601;2;0;0
FR;3;2021-04-27;34479;1277;0;0;0;3866372;11878;2;0;0
FR;3;2021-04-28;28967;1977;0;0;0;3895339;13855;2;0;0
FR;3;2021-04-29;45382;6021;0;0;0;3940721;19876;2;0;0
FR;3;2021-04-30;55462;8990;1;0;0;3996183;28866;3;0;0
FR;3;2021-05-01;9512;2017;0;0;0;4005695;30883;3;0;0
FR;3;2021-05-02;3074;480;0;0;0;4008769;31363;3;0;0
FR;3;2021-05-03;13062;3889;0;0;0;4021831;35252;3;0;0
FR;3;2021-05-04;23114;8458;0;0;0;4044945;43710;3;0;0
FR;3;2021-05-05;18758;10693;0;0;0;4063703;54403;3;0;0
FR;3;2021-05-06;34627;21041;0;0;0;4098330;75444;3;0;0
FR;3;2021-05-07;44202;28633;0;0;0;4142532;104077;3;0;0
FR;3;2021-05-08;6786;9145;0;0;0;4149318;113222;3;0;0
FR;3;2021-05-09;1795;2663;0;0;0;4151113;115885;3;0;0
FR;3;2021-05-10;14993;12773;0;0;0;4166106;128658;3;0;0
FR;3;2021-05-11;27093;26012;0;0;0;4193199;154670;3;0;0
FR;3;2021-05-12;17267;27796;0;0;0;4210466;182466;3;0;0
FR;3;2021-05-13;2281;3495;0;0;0;4212747;185961;3;0;0
FR;3;2021-05-14;14517;25950;0;0;0;4227264;211911;3;0;0
FR;3;2021-05-15;7233;20906;0;0;0;4234497;232817;3;0;0
FR;3;2021-05-16;976;2650;0;0;0;4235473;235467;3;0;0
FR;3;2021-05-17;7962;20037;0;0;0;4243435;255504;3;0;0
FR;3;2021-05-18;13412;29899;0;0;0;4256847;285403;3;0;0
FR;3;2021-05-19;9270;31063;0;0;0;4266117;316466;3;0;0
FR;3;2021-05-20;12803;53544;3;0;0;4278920;370010;6;0;0
FR;3;2021-05-21;12762;65848;2;0;0;4291682;435858;8;0;0
FR;3;2021-05-22;4963;33526;1;0;0;4296645;469384;9;0;0
FR;3;2021-05-23;651;2667;0;0;0;4297296;472051;9;0;0
FR;3;2021-05-24;883;4876;0;0;0;4298179;476927;9;0;0
FR;3;2021-05-25;5307;46001;1;0;0;4303486;522928;10;0;0
FR;3;2021-05-26;4974;51606;1;0;0;4308460;574534;11;0;0
FR;3;2021-05-27;6328;78492;3;0;0;4314788;653026;14;0;0
FR;3;2021-05-28;7542;99645;2;0;0;4322330;752671;16;0;0
FR;3;2021-05-29;3348;60715;1;0;0;4325678;813386;17;0;0
FR;3;2021-05-30;548;8170;0;0;0;4326226;821556;17;0;0
FR;3;2021-05-31;2440;35667;3;0;0;4328666;857223;20;0;0
FR;3;2021-06-01;3404;64835;10;0;0;4332070;922058;30;0;0
FR;3;2021-06-02;2730;58520;6;0;0;4334800;980578;36;0;0
FR;3;2021-06-03;3495;87405;10;0;0;4338295;1067983;46;0;0
FR;3;2021-06-04;4114;105485;22;0;0;4342409;1173468;68;0;0
FR;3;2021-06-05;1981;52423;4;0;0;4344390;1225891;72;0;0
FR;3;2021-06-06;506;5315;1;0;0;4344896;1231206;73;0;0
FR;3;2021-06-07;1475;30891;11;0;0;4346371;1262097;84;0;0
FR;3;2021-06-08;2058;47307;18;0;0;4348429;1309404;102;0;0
FR;3;2021-06-09;1794;42028;13;0;0;4350223;1351432;115;0;0
FR;3;2021-06-10;2247;67742;17;0;0;4352470;1419174;132;0;0
FR;3;2021-06-11;2479;96639;34;0;0;4354949;1515813;166;0;0
FR;3;2021-06-12;1176;40686;6;0;0;4356125;1556499;172;0;0
FR;3;2021-06-13;281;3707;3;0;0;4356406;1560206;175;0;0
FR;3;2021-06-14;1043;42472;17;0;0;4357449;1602678;192;0;0
FR;3;2021-06-15;1368;80491;20;0;0;4358817;1683169;212;0;0
FR;3;2021-06-16;1257;65545;20;0;0;4360074;1748714;232;0;0
FR;3;2021-06-17;1663;102032;41;0;0;4361737;1850746;273;0;0
FR;3;2021-06-18;1870;118195;62;0;0;4363607;1968941;335;0;0
FR;3;2021-06-19;802;39421;22;0;0;4364409;2008362;357;0;0
FR;3;2021-06-20;159;3273;0;0;0;4364568;2011635;357;0;0
FR;3;2021-06-21;771;39145;16;0;0;4365339;2050780;373;0;0
FR;3;2021-06-22;1064;69993;52;0;0;4366403;2120773;425;0;0
FR;3;2021-06-23;941;50820;39;0;0;4367344;2171593;464;0;0
FR;3;2021-06-24;1311;77171;48;0;0;4368655;2248764;512;0;0
FR;3;2021-06-25;1403;90353;73;0;0;4370058;2339117;585;0;0
FR;3;2021-06-26;629;33112;29;0;0;4370687;2372229;614;0;0
FR;3;2021-06-27;166;3901;1;0;0;4370853;2376130;615;0;0
FR;3;2021-06-28;649;30214;27;0;0;4371502;2406344;642;0;0
FR;3;2021-06-29;854;56341;95;0;0;4372356;2462685;737;0;0
FR;3;2021-06-30;904;45105;93;0;0;4373260;2507790;830;0;0
FR;3;2021-07-01;1162;65866;108;0;0;4374422;2573656;938;0;0
FR;3;2021-07-02;1304;90424;170;0;0;4375726;2664080;1108;0;0
FR;3;2021-07-03;602;31182;51;0;0;4376328;2695262;1159;0;0
FR;3;2021-07-04;143;4139;3;0;0;4376471;2699401;1162;0;0
FR;3;2021-07-05;610;33737;60;0;0;4377081;2733138;1222;0;0
FR;3;2021-07-06;959;55985;88;0;0;4378040;2789123;1310;0;0
FR;3;2021-07-07;870;42999;80;0;0;4378910;2832122;1390;0;0
FR;3;2021-07-08;1123;60734;99;0;0;4380033;2892856;1489;0;0
FR;3;2021-07-09;1259;68849;128;0;0;4381292;2961705;1617;0;0
FR;3;2021-07-10;643;25043;59;0;0;4381935;2986748;1676;0;0
FR;3;2021-07-11;129;3233;4;0;0;4382064;2989981;1680;0;0
FR;3;2021-07-12;661;23783;59;0;0;4382725;3013764;1739;0;0
FR;3;2021-07-13;1647;34618;90;0;0;4384372;3048382;1829;0;0
FR;3;2021-07-14;267;2543;2;0;0;4384639;3050925;1831;0;0
FR;3;2021-07-15;1937;30562;85;0;0;4386576;3081487;1916;0;0
FR;3;2021-07-16;2520;38748;122;0;0;4389096;3120235;2038;0;0
FR;3;2021-07-17;1048;13725;26;0;0;4390144;3133960;2064;0;0
FR;3;2021-07-18;264;2566;3;0;0;4390408;3136526;2067;0;0
FR;3;2021-07-19;1276;17047;37;0;0;4391684;3153573;2104;0;0
FR;3;2021-07-20;1823;27029;98;0;0;4393507;3180602;2202;0;0
FR;3;2021-07-21;1650;19619;44;0;0;4395157;3200221;2246;0;0
FR;3;2021-07-22;1854;27681;83;0;0;4397011;3227902;2329;0;0
FR;3;2021-07-23;2215;30359;117;0;0;4399226;3258261;2446;0;0
FR;3;2021-07-24;825;6960;25;0;0;4400051;3265221;2471;0;0
FR;3;2021-07-25;210;1313;1;0;0;4400261;3266534;2472;0;0
FR;3;2021-07-26;928;10606;28;0;0;4401189;3277140;2500;0;0
FR;3;2021-07-27;1168;16884;56;0;0;4402357;3294024;2556;0;0
FR;3;2021-07-28;988;12027;40;0;0;4403345;3306051;2596;0;0
FR;3;2021-07-29;1127;15762;63;0;0;4404472;3321813;2659;0;0
FR;3;2021-07-30;1128;18018;79;0;0;4405600;3339831;2738;0;0
FR;3;2021-07-31;406;3742;15;0;0;4406006;3343573;2753;0;0
FR;3;2021-08-01;114;467;1;0;0;4406120;3344040;2754;0;0
FR;3;2021-08-02;421;5095;22;0;0;4406541;3349135;2776;0;0
FR;3;2021-08-03;493;7535;27;0;0;4407034;3356670;2803;0;0
FR;3;2021-08-04;435;4860;26;0;0;4407469;3361530;2829;0;0
FR;3;2021-08-05;429;3686;13;0;0;4407898;3365216;2842;0;0
FR;3;2021-08-06;456;4751;30;0;0;4408354;3369967;2872;0;0
FR;3;2021-08-07;214;1911;11;0;0;4408568;3371878;2883;0;0
FR;3;2021-08-08;249;430;2;0;0;4408817;3372308;2885;0;0
FR;3;2021-08-09;316;2442;11;0;0;4409133;3374750;2896;0;0
FR;3;2021-08-10;368;3816;15;0;0;4409501;3378566;2911;0;0
FR;3;2021-08-11;289;2691;15;0;0;4409790;3381257;2926;0;0
FR;3;2021-08-12;277;2606;12;0;0;4410067;3383863;2938;0;0
FR;3;2021-08-13;277;2266;16;0;0;4410344;3386129;2954;0;0
FR;3;2021-08-14;172;906;1;0;0;4410516;3387035;2955;0;0
FR;3;2021-08-15;55;174;0;0;0;4410571;3387209;2955;0;0
FR;3;2021-08-16;123;1055;8;0;0;4410694;3388264;2963;0;0
FR;3;2021-08-17;186;1464;8;0;0;4410880;3389728;2971;0;0
FR;3;2021-08-18;202;1333;10;0;0;4411082;3391061;2981;0;0
FR;3;2021-08-19;165;1392;10;0;0;4411247;3392453;2991;0;0
FR;3;2021-08-20;167;1617;16;0;0;4411414;3394070;3007;0;0
FR;3;2021-08-21;93;586;2;0;0;4411507;3394656;3009;0;0
FR;3;2021-08-22;42;186;1;0;0;4411549;3394842;3010;0;0
FR;3;2021-08-23;141;916;7;0;0;4411690;3395758;3017;0;0
FR;3;2021-08-24;124;949;10;0;0;4411814;3396707;3027;0;0
FR;3;2021-08-25;137;834;3;0;0;4411951;3397541;3030;0;0
FR;3;2021-08-26;172;852;9;0;0;4412123;3398393;3039;0;0
FR;3;2021-08-27;177;948;9;0;0;4412300;3399341;3048;0;0
FR;3;2021-08-28;99;370;4;0;0;4412399;3399711;3052;0;0
FR;3;2021-08-29;128;135;1;0;0;4412527;3399846;3053;0;0
FR;3;2021-08-30;99;587;0;0;126;4412626;3400433;3053;0;126
FR;3;2021-08-31;131;696;7;0;144;4412757;3401129;3060;0;270
FR;3;2021-09-01;120;466;5;0;114;4412877;3401595;3065;0;384
FR;3;2021-09-02;100;621;22;0;113;4412977;3402216;3087;0;497
FR;3;2021-09-03;115;576;17;0;123;4413092;3402792;3104;0;620
FR;3;2021-09-04;54;299;3;0;55;4413146;3403091;3107;0;675
FR;3;2021-09-05;51;67;5;0;28;4413197;3403158;3112;0;703
FR;3;2021-09-06;116;382;4;0;141;4413313;3403540;3116;0;844
FR;3;2021-09-07;123;455;14;0;124;4413436;3403995;3130;0;968
FR;3;2021-09-08;120;354;2;0;94;4413556;3404349;3132;0;1062
FR;3;2021-09-09;93;388;8;0;109;4413649;3404737;3140;0;1171
FR;3;2021-09-10;100;411;3;0;98;4413749;3405148;3143;0;1269
FR;3;2021-09-11;76;233;4;0;65;4413825;3405381;3147;0;1334
FR;3;2021-09-12;37;46;1;0;17;4413862;3405427;3148;0;1351
FR;3;2021-09-13;72;309;7;0;104;4413934;3405736;3155;0;1455
FR;3;2021-09-14;72;283;6;0;100;4414006;3406019;3161;0;1555
FR;3;2021-09-15;61;258;3;0;6;4414067;3406277;3164;0;1561
FR;3;2021-09-16;61;328;5;0;5;4414128;3406605;3169;0;1566
FR;3;2021-09-17;52;336;3;0;7;4414180;3406941;3172;0;1573
FR;3;2021-09-18;36;176;1;0;1;4414216;3407117;3173;0;1574
FR;3;2021-09-19;27;31;2;0;1;4414243;3407148;3175;0;1575
FR;3;2021-09-20;81;198;0;0;1;4414324;3407346;3175;0;1576
FR;3;2021-09-21;59;287;6;0;7;4414383;3407633;3181;0;1583
FR;3;2021-09-22;64;230;6;0;7;4414447;3407863;3187;0;1590
FR;3;2021-09-23;37;266;11;0;7;4414484;3408129;3198;0;1597
FR;3;2021-09-24;27;321;12;0;19;4414511;3408450;3210;0;1616
FR;3;2021-09-25;31;146;3;0;3;4414542;3408596;3213;0;1619
FR;3;2021-09-26;16;57;1;0;1;4414558;3408653;3214;0;1620
FR;3;2021-09-27;41;293;3;0;5;4414599;3408946;3217;0;1625
FR;3;2021-09-28;49;251;6;0;10;4414648;3409197;3223;0;1635
FR;3;2021-09-29;35;227;10;0;14;4414683;3409424;3233;0;1649
FR;3;2021-09-30;39;198;8;0;10;4414722;3409622;3241;0;1659
FR;3;2021-10-01;19;164;6;0;7;4414741;3409786;3247;0;1666
FR;3;2021-10-02;16;87;0;0;0;4414757;3409873;3247;0;1666
FR;3;2021-10-03;19;17;1;0;2;4414776;3409890;3248;0;1668
FR;3;2021-10-04;31;158;4;0;4;4414807;3410048;3252;0;1672
FR;3;2021-10-05;16;150;10;0;13;4414823;3410198;3262;0;1685
FR;3;2021-10-06;31;152;8;0;9;4414854;3410350;3270;0;1694
FR;3;2021-10-07;19;135;6;0;6;4414873;3410485;3276;0;1700
FR;3;2021-10-08;22;141;10;0;9;4414895;3410626;3286;0;1709
FR;3;2021-10-09;14;72;1;0;1;4414909;3410698;3287;0;1710
FR;3;2021-10-10;13;17;2;0;2;4414922;3410715;3289;0;1712
FR;3;2021-10-11;15;120;4;0;5;4414937;3410835;3293;0;1717
FR;3;2021-10-12;18;105;5;0;5;4414955;3410940;3298;0;1722
FR;3;2021-10-13;23;115;8;0;6;4414978;3411055;3306;0;1728
FR;3;2021-10-14;17;156;3;0;4;4414995;3411211;3309;0;1732
FR;3;2021-10-15;23;152;8;0;11;4415018;3411363;3317;0;1743
FR;3;2021-10-16;11;77;6;0;8;4415029;3411440;3323;0;1751
FR;3;2021-10-17;12;24;0;0;0;4415041;3411464;3323;0;1751
FR;3;2021-10-18;18;120;2;0;2;4415059;3411584;3325;0;1753
FR;3;2021-10-19;16;117;19;0;21;4415075;3411701;3344;0;1774
FR;3;2021-10-20;23;129;6;0;7;4415098;3411830;3350;0;1781
FR;3;2021-10-21;27;129;17;0;13;4415125;3411959;3367;0;1794
FR;3;2021-10-22;22;119;16;0;20;4415147;3412078;3383;0;1814
FR;3;2021-10-23;12;58;2;0;1;4415159;3412136;3385;0;1815
FR;3;2021-10-24;7;35;0;0;0;4415166;3412171;3385;0;1815
FR;3;2021-10-25;23;149;7;0;7;4415189;3412320;3392;0;1822
FR;3;2021-10-26;22;107;22;0;19;4415211;3412427;3414;0;1841
FR;3;2021-10-27;17;107;9;0;9;4415228;3412534;3423;0;1850
FR;3;2021-10-28;20;118;33;0;36;4415248;3412652;3456;0;1886
FR;3;2021-10-29;11;112;64;0;54;4415259;3412764;3520;0;1940
FR;3;2021-10-30;9;65;11;1;10;4415268;3412829;3531;1;1950
FR;3;2021-10-31;7;23;1;0;1;4415275;3412852;3532;1;1951
FR;3;2021-11-01;8;21;2;0;1;4415283;3412873;3534;1;1952
FR;3;2021-11-02;9;103;10;0;12;4415292;3412976;3544;1;1964
FR;3;2021-11-03;19;111;10;0;10;4415311;3413087;3554;1;1974
FR;3;2021-11-04;18;91;4;0;3;4415329;3413178;3558;1;1977
FR;3;2021-11-05;19;130;8;1;5;4415348;3413308;3566;2;1982
FR;3;2021-11-06;9;63;3;0;3;4415357;3413371;3569;2;1985
FR;3;2021-11-07;6;21;1;0;1;4415363;3413392;3570;2;1986
FR;3;2021-11-08;11;134;7;0;5;4415374;3413526;3577;2;1991
FR;3;2021-11-09;12;139;5;0;5;4415386;3413665;3582;2;1996
FR;3;2021-11-10;13;166;14;0;15;4415399;3413831;3596;2;2011
FR;3;2021-11-11;11;49;3;0;3;4415410;3413880;3599;2;2014
FR;3;2021-11-12;12;145;6;0;4;4415422;3414025;3605;2;2018
FR;3;2021-11-13;7;71;9;0;10;4415429;3414096;3614;2;2028
FR;3;2021-11-14;3;24;0;0;0;4415432;3414120;3614;2;2028
FR;3;2021-11-15;5;184;10;0;11;4415437;3414304;3624;2;2039
FR;3;2021-11-16;5;147;11;0;10;4415442;3414451;3635;2;2049
FR;3;2021-11-17;7;164;10;0;7;4415449;3414615;3645;2;2056
FR;3;2021-11-18;13;158;10;0;11;4415462;3414773;3655;2;2067
FR;3;2021-11-19;10;210;22;0;27;4415472;3414983;3677;2;2094
FR;3;2021-11-20;6;105;6;0;6;4415478;3415088;3683;2;2100
FR;3;2021-11-21;3;25;3;0;3;4415481;3415113;3686;2;2103
FR;3;2021-11-22;11;209;11;0;11;4415492;3415322;3697;2;2114
FR;3;2021-11-23;8;209;15;0;14;4415500;3415531;3712;2;2128
FR;3;2021-11-24;6;215;9;0;17;4415506;3415746;3721;2;2145
FR;3;2021-11-25;10;247;11;0;11;4415516;3415993;3732;2;2156
FR;3;2021-11-26;7;315;35;0;33;4415523;3416308;3767;2;2189
FR;3;2021-11-27;8;149;20;0;21;4415531;3416457;3787;2;2210
FR;3;2021-11-28;3;63;7;0;7;4415534;3416520;3794;2;2217
FR;3;2021-11-29;5;274;20;0;21;4415539;3416794;3814;2;2238
FR;3;2021-11-30;5;362;27;0;30;4415544;3417156;3841;2;2268
FR;3;2021-12-01;22;396;35;0;37;4415566;3417552;3876;2;2305
FR;3;2021-12-02;9;417;33;0;36;4415575;3417969;3909;2;2341
FR;3;2021-12-03;4;481;37;0;38;4415579;3418450;3946;2;2379
FR;3;2021-12-04;3;250;26;0;28;4415582;3418700;3972;2;2407
FR;3;2021-12-05;1;69;5;0;5;4415583;3418769;3977;2;2412
FR;3;2021-12-06;5;439;14;0;15;4415588;3419208;3991;2;2427
FR;3;2021-12-07;4;513;20;0;24;4415592;3419721;4011;2;2451
FR;3;2021-12-08;6;467;29;0;30;4415598;3420188;4040;2;2481
FR;3;2021-12-09;3;537;17;0;22;4415601;3420725;4057;2;2503
FR;3;2021-12-10;10;544;29;0;25;4415611;3421269;4086;2;2528
FR;3;2021-12-11;4;346;10;0;9;4415615;3421615;4096;2;2537
FR;3;2021-12-12;1;113;3;0;3;4415616;3421728;4099;2;2540
FR;3;2021-12-13;2;521;19;0;21;4415618;3422249;4118;2;2561
FR;3;2021-12-14;7;668;18;0;21;4415625;3422917;4136;2;2582
FR;3;2021-12-15;9;632;17;0;21;4415634;3423549;4153;2;2603
FR;3;2021-12-16;10;649;19;0;18;4415644;3424198;4172;2;2621
FR;3;2021-12-17;5;728;18;0;19;4415649;3424926;4190;2;2640
FR;3;2021-12-18;4;385;4;0;5;4415653;3425311;4194;2;2645
FR;3;2021-12-19;3;194;2;0;2;4415656;3425505;4196;2;2647
FR;3;2021-12-20;8;665;23;0;28;4415664;3426170;4219;2;2675
FR;3;2021-12-21;3;754;10;0;13;4415667;3426924;4229;2;2688
FR;3;2021-12-22;9;700;9;0;10;4415676;3427624;4238;2;2698
FR;3;2021-12-23;2;611;8;0;8;4415678;3428235;4246;2;2706
FR;3;2021-12-24;2;253;3;0;6;4415680;3428488;4249;2;2712
FR;3;2021-12-25;0;25;0;0;0;4415680;3428513;4249;2;2712
FR;3;2021-12-26;0;92;1;0;1;4415680;3428605;4250;2;2713
FR;3;2021-12-27;7;509;17;0;20;4415687;3429114;4267;2;2733
FR;3;2021-12-28;1;659;6;0;5;4415688;3429773;4273;2;2738
FR;3;2021-12-29;4;544;14;0;16;4415692;3430317;4287;2;2754
FR;3;2021-12-30;3;571;7;0;10;4415695;3430888;4294;2;2764
FR;3;2021-12-31;0;198;5;0;7;4415695;3431086;4299;2;2771
FR;3;2022-01-01;0;26;0;0;2;4415695;3431112;4299;2;2773
FR;3;2022-01-02;0;80;0;0;0;4415695;3431192;4299;2;2773
FR;3;2022-01-03;4;544;17;0;21;4415699;3431736;4316;2;2794
FR;3;2022-01-04;6;598;9;0;8;4415705;3432334;4325;2;2802
FR;3;2022-01-05;4;535;10;0;14;4415709;3432869;4335;2;2816
FR;3;2022-01-06;5;520;9;0;10;4415714;3433389;4344;2;2826
FR;3;2022-01-07;2;546;11;0;13;4415716;3433935;4355;2;2839
FR;3;2022-01-08;4;268;4;0;5;4415720;3434203;4359;2;2844
FR;3;2022-01-09;0;117;0;0;0;4415720;3434320;4359;2;2844
FR;3;2022-01-10;2;463;12;0;12;4415722;3434783;4371;2;2856
FR;3;2022-01-11;2;513;1;0;1;4415724;3435296;4372;2;2857
FR;3;2022-01-12;2;431;9;0;10;4415726;3435727;4381;2;2867
FR;3;2022-01-13;3;408;11;0;12;4415729;3436135;4392;2;2879
FR;3;2022-01-14;3;456;10;0;13;4415732;3436591;4402;2;2892
FR;3;2022-01-15;0;291;2;0;3;4415732;3436882;4404;2;2895
FR;3;2022-01-16;1;115;1;0;1;4415733;3436997;4405;2;2896
FR;3;2022-01-17;2;339;8;0;9;4415735;3437336;4413;2;2905
FR;3;2022-01-18;2;394;1;0;2;4415737;3437730;4414;2;2907
FR;3;2022-01-19;2;340;5;0;10;4415739;3438070;4419;2;2917
FR;3;2022-01-20;1;370;5;0;3;4415740;3438440;4424;2;2920
FR;3;2022-01-21;4;361;5;0;7;4415744;3438801;4429;2;2927
FR;3;2022-01-22;2;230;1;0;2;4415746;3439031;4430;2;2929
FR;3;2022-01-23;0;81;0;0;1;4415746;3439112;4430;2;2930
FR;3;2022-01-24;2;338;1;0;6;4415748;3439450;4431;2;2936
FR;3;2022-01-25;0;185;0;0;0;4415748;3439635;4431;2;2936
FR;3;2022-01-26;0;83;0;0;0;4415748;3439718;4431;2;2936
FR;3;2022-01-27;0;54;0;0;0;4415748;3439772;4431;2;2936
FR;3;2022-01-28;0;128;0;0;0;4415748;3439900;4431;2;2936
FR;3;2022-01-29;0;105;0;0;0;4415748;3440005;4431;2;2936
FR;3;2022-01-30;0;51;0;0;0;4415748;3440056;4431;2;2936
FR;3;2022-01-31;0;96;0;0;0;4415748;3440152;4431;2;2936
FR;3;2022-02-01;0;104;0;0;1;4415748;3440256;4431;2;2937
FR;3;2022-02-02;0;93;0;0;0;4415748;3440349;4431;2;2937
FR;3;2022-02-03;0;100;0;0;0;4415748;3440449;4431;2;2937
FR;3;2022-02-04;0;122;0;0;0;4415748;3440571;4431;2;2937
FR;3;2022-02-05;0;73;0;0;0;4415748;3440644;4431;2;2937
FR;3;2022-02-06;0;11;0;0;0;4415748;3440655;4431;2;2937
FR;3;2022-02-07;0;88;0;0;1;4415748;3440743;4431;2;2938
FR;3;2022-02-08;0;0;0;0;0;4415748;3440743;4431;2;2938
FR;3;2022-02-09;0;0;0;0;0;4415748;3440743;4431;2;2938
FR;3;2022-02-10;0;0;0;0;0;4415748;3440743;4431;2;2938
FR;3;2022-02-11;0;0;0;0;0;4415748;3440743;4431;2;2938
FR;3;2022-02-12;0;0;0;0;0;4415748;3440743;4431;2;2938
FR;3;2022-02-13;0;0;0;0;0;4415748;3440743;4431;2;2938
FR;3;2022-02-14;0;0;0;0;0;4415748;3440743;4431;2;2938
FR;3;2022-02-15;0;0;0;0;0;4415748;3440743;4431;2;2938
FR;3;2022-02-16;0;0;0;0;0;4415748;3440743;4431;2;2938
FR;3;2022-02-17;0;0;0;0;0;4415748;3440743;4431;2;2938
FR;3;2022-02-18;0;0;0;0;0;4415748;3440743;4431;2;2938
FR;3;2022-02-19;0;0;0;0;0;4415748;3440743;4431;2;2938
FR;3;2022-02-20;0;0;0;0;0;4415748;3440743;4431;2;2938
FR;3;2022-02-21;2;0;0;0;0;4415750;3440743;4431;2;2938
FR;3;2022-02-22;0;0;0;0;0;4415750;3440743;4431;2;2938
FR;3;2022-02-23;0;0;0;0;0;4415750;3440743;4431;2;2938
FR;3;2022-02-24;0;0;0;0;0;4415750;3440743;4431;2;2938
FR;3;2022-02-25;0;0;0;0;0;4415750;3440743;4431;2;2938
FR;3;2022-02-26;0;0;0;0;0;4415750;3440743;4431;2;2938
FR;3;2022-02-27;0;0;0;0;0;4415750;3440743;4431;2;2938
FR;3;2022-02-28;1;0;0;0;0;4415751;3440743;4431;2;2938
FR;3;2022-03-01;1;0;0;0;0;4415752;3440743;4431;2;2938
FR;3;2022-03-02;0;0;0;0;0;4415752;3440743;4431;2;2938
FR;3;2022-03-03;0;0;0;0;0;4415752;3440743;4431;2;2938
FR;3;2022-03-04;0;0;0;0;0;4415752;3440743;4431;2;2938
FR;3;2022-03-05;0;0;0;0;0;4415752;3440743;4431;2;2938
FR;3;2022-03-06;1;0;0;0;0;4415753;3440743;4431;2;2938
FR;3;2022-03-07;0;0;0;0;0;4415753;3440743;4431;2;2938
FR;3;2022-03-08;1;0;0;0;0;4415754;3440743;4431;2;2938
FR;3;2022-03-09;0;0;0;0;0;4415754;3440743;4431;2;2938
FR;3;2022-03-10;0;0;0;0;0;4415754;3440743;4431;2;2938
FR;3;2022-03-11;0;0;0;0;0;4415754;3440743;4431;2;2938
FR;3;2022-03-12;0;0;0;0;0;4415754;3440743;4431;2;2938
FR;3;2022-03-13;0;0;0;0;0;4415754;3440743;4431;2;2938
FR;3;2022-03-14;0;0;0;0;0;4415754;3440743;4431;2;2938
FR;3;2022-03-15;0;0;0;0;0;4415754;3440743;4431;2;2938
FR;3;2022-03-16;0;0;0;0;0;4415754;3440743;4431;2;2938
FR;3;2022-03-17;0;0;0;0;0;4415754;3440743;4431;2;2938
FR;3;2022-03-18;0;0;0;0;0;4415754;3440743;4431;2;2938
FR;3;2022-03-19;0;0;0;0;0;4415754;3440743;4431;2;2938
FR;3;2022-03-20;1;0;0;0;0;4415755;3440743;4431;2;2938
FR;3;2022-03-21;0;0;0;0;0;4415755;3440743;4431;2;2938
FR;3;2022-03-22;0;0;0;0;0;4415755;3440743;4431;2;2938
FR;3;2022-03-23;1;0;0;0;0;4415756;3440743;4431;2;2938
FR;3;2022-03-24;0;0;0;0;0;4415756;3440743;4431;2;2938
FR;3;2022-03-25;1;0;0;0;0;4415757;3440743;4431;2;2938
FR;3;2022-03-26;0;0;0;0;0;4415757;3440743;4431;2;2938
FR;3;2022-03-27;0;0;0;0;0;4415757;3440743;4431;2;2938
FR;3;2022-03-28;0;0;0;0;0;4415757;3440743;4431;2;2938
FR;3;2022-03-29;0;0;0;0;0;4415757;3440743;4431;2;2938
FR;3;2022-03-30;0;0;0;0;0;4415757;3440743;4431;2;2938
FR;3;2022-03-31;0;0;0;0;0;4415757;3440743;4431;2;2938
FR;3;2022-04-01;0;0;0;0;0;4415757;3440743;4431;2;2938
FR;3;2022-04-02;0;0;0;0;0;4415757;3440743;4431;2;2938
FR;3;2022-04-03;0;0;0;0;0;4415757;3440743;4431;2;2938
FR;3;2022-04-04;0;0;0;0;0;4415757;3440743;4431;2;2938
FR;3;2022-04-05;0;0;0;0;0;4415757;3440743;4431;2;2938
FR;3;2022-04-06;0;0;0;0;0;4415757;3440743;4431;2;2938
FR;3;2022-04-07;0;0;0;0;0;4415757;3440743;4431;2;2938
FR;3;2022-04-08;0;0;0;0;0;4415757;3440743;4431;2;2938
FR;3;2022-04-09;0;0;0;0;0;4415757;3440743;4431;2;2938
FR;3;2022-04-10;0;0;0;0;0;4415757;3440743;4431;2;2938
FR;3;2022-04-11;0;0;0;0;0;4415757;3440743;4431;2;2938
FR;3;2022-04-12;0;0;0;0;0;4415757;3440743;4431;2;2938
FR;3;2022-04-13;0;0;0;0;0;4415757;3440743;4431;2;2938
FR;3;2022-04-14;0;0;0;0;0;4415757;3440743;4431;2;2938
FR;3;2022-04-15;1;0;0;0;0;4415758;3440743;4431;2;2938
FR;3;2022-04-16;0;0;0;0;0;4415758;3440743;4431;2;2938
FR;3;2022-04-17;0;0;0;0;0;4415758;3440743;4431;2;2938
FR;3;2022-04-18;0;0;0;0;0;4415758;3440743;4431;2;2938
FR;3;2022-04-19;0;0;0;0;0;4415758;3440743;4431;2;2938
FR;3;2022-04-20;0;0;0;0;0;4415758;3440743;4431;2;2938
FR;3;2022-04-21;0;0;0;0;0;4415758;3440743;4431;2;2938
FR;3;2022-04-22;0;0;0;0;0;4415758;3440743;4431;2;2938
FR;3;2022-04-23;0;0;0;0;0;4415758;3440743;4431;2;2938
FR;3;2022-04-24;0;0;0;0;0;4415758;3440743;4431;2;2938
FR;3;2022-04-25;0;0;0;0;0;4415758;3440743;4431;2;2938
FR;3;2022-04-26;0;0;0;0;0;4415758;3440743;4431;2;2938
FR;3;2022-04-27;0;0;0;0;0;4415758;3440743;4431;2;2938
FR;3;2022-04-28;0;0;0;0;0;4415758;3440743;4431;2;2938
FR;3;2022-04-29;0;0;0;0;0;4415758;3440743;4431;2;2938
FR;3;2022-04-30;0;0;0;0;0;4415758;3440743;4431;2;2938
FR;3;2022-05-01;0;0;0;0;0;4415758;3440743;4431;2;2938
FR;3;2022-05-02;0;0;0;0;0;4415758;3440743;4431;2;2938
FR;3;2022-05-03;0;0;0;0;0;4415758;3440743;4431;2;2938
FR;3;2022-05-04;0;0;0;0;0;4415758;3440743;4431;2;2938
FR;3;2022-05-05;0;0;0;0;0;4415758;3440743;4431;2;2938
FR;3;2022-05-06;0;0;0;0;0;4415758;3440743;4431;2;2938
FR;3;2022-05-07;0;0;0;0;0;4415758;3440743;4431;2;2938
FR;3;2022-05-08;0;0;0;0;0;4415758;3440743;4431;2;2938
FR;3;2022-05-09;0;0;0;0;0;4415758;3440743;4431;2;2938
FR;3;2022-05-10;0;0;0;0;0;4415758;3440743;4431;2;2938
FR;3;2022-05-11;0;0;0;0;0;4415758;3440743;4431;2;2938
FR;3;2022-05-12;0;0;0;0;0;4415758;3440743;4431;2;2938
FR;3;2022-05-13;0;0;0;0;0;4415758;3440743;4431;2;2938
FR;3;2022-05-14;1;0;0;0;0;4415759;3440743;4431;2;2938
FR;3;2022-05-15;0;0;0;0;0;4415759;3440743;4431;2;2938
FR;3;2022-05-16;0;0;0;0;0;4415759;3440743;4431;2;2938
FR;3;2022-05-17;0;0;0;0;0;4415759;3440743;4431;2;2938
FR;3;2022-05-18;0;0;0;0;0;4415759;3440743;4431;2;2938
FR;3;2022-05-19;0;0;0;0;0;4415759;3440743;4431;2;2938
FR;3;2022-05-20;0;0;0;0;0;4415759;3440743;4431;2;2938
FR;3;2022-05-21;0;0;0;0;0;4415759;3440743;4431;2;2938
FR;3;2022-05-22;0;0;0;0;0;4415759;3440743;4431;2;2938
FR;3;2022-05-23;0;0;0;0;0;4415759;3440743;4431;2;2938
FR;3;2022-05-24;0;0;0;0;0;4415759;3440743;4431;2;2938
FR;3;2022-05-25;0;0;0;0;0;4415759;3440743;4431;2;2938
FR;3;2022-05-26;0;0;0;0;0;4415759;3440743;4431;2;2938
FR;3;2022-05-27;0;0;0;0;0;4415759;3440743;4431;2;2938
FR;3;2022-05-28;0;0;0;0;0;4415759;3440743;4431;2;2938
FR;3;2022-05-29;0;0;0;0;0;4415759;3440743;4431;2;2938
FR;3;2022-05-30;0;0;0;0;0;4415759;3440743;4431;2;2938
FR;3;2022-05-31;0;0;0;0;0;4415759;3440743;4431;2;2938
FR;3;2022-06-01;0;0;0;0;0;4415759;3440743;4431;2;2938
FR;3;2022-06-02;0;0;0;0;0;4415759;3440743;4431;2;2938
FR;3;2022-06-03;0;0;0;0;0;4415759;3440743;4431;2;2938
FR;3;2022-06-04;0;0;0;0;0;4415759;3440743;4431;2;2938
FR;3;2022-06-05;0;0;0;0;0;4415759;3440743;4431;2;2938
FR;3;2022-06-06;0;0;0;0;0;4415759;3440743;4431;2;2938
FR;3;2022-06-07;0;0;0;0;0;4415759;3440743;4431;2;2938
FR;3;2022-06-08;0;0;0;0;0;4415759;3440743;4431;2;2938
FR;3;2022-06-09;0;0;0;0;0;4415759;3440743;4431;2;2938
FR;3;2022-06-10;0;0;0;0;0;4415759;3440743;4431;2;2938
FR;3;2022-06-11;0;0;0;0;0;4415759;3440743;4431;2;2938
FR;3;2022-06-12;0;0;0;0;0;4415759;3440743;4431;2;2938
FR;3;2022-06-13;1;0;0;0;0;4415760;3440743;4431;2;2938
FR;3;2022-06-14;0;0;0;0;0;4415760;3440743;4431;2;2938
FR;3;2022-06-15;0;0;0;0;0;4415760;3440743;4431;2;2938
FR;3;2022-06-16;0;0;0;0;0;4415760;3440743;4431;2;2938
FR;3;2022-06-17;0;0;0;0;0;4415760;3440743;4431;2;2938
FR;3;2022-06-18;0;0;0;0;0;4415760;3440743;4431;2;2938
FR;3;2022-06-19;0;0;0;0;0;4415760;3440743;4431;2;2938
FR;3;2022-06-20;0;0;0;0;0;4415760;3440743;4431;2;2938
FR;3;2022-06-21;0;0;0;0;0;4415760;3440743;4431;2;2938
FR;3;2022-06-22;0;0;0;0;0;4415760;3440743;4431;2;2938
FR;3;2022-06-23;0;0;0;0;0;4415760;3440743;4431;2;2938
FR;3;2022-06-24;0;0;0;0;0;4415760;3440743;4431;2;2938
FR;3;2022-06-25;0;0;0;0;0;4415760;3440743;4431;2;2938
FR;3;2022-06-26;0;0;0;0;0;4415760;3440743;4431;2;2938
FR;3;2022-06-27;0;0;0;0;0;4415760;3440743;4431;2;2938
FR;3;2022-06-28;0;0;0;0;0;4415760;3440743;4431;2;2938
FR;3;2022-06-29;1;0;0;0;0;4415761;3440743;4431;2;2938
FR;3;2022-06-30;0;0;0;0;0;4415761;3440743;4431;2;2938
FR;3;2022-07-01;0;0;0;0;0;4415761;3440743;4431;2;2938
FR;3;2022-07-02;0;0;0;0;0;4415761;3440743;4431;2;2938
FR;3;2022-07-03;0;0;0;0;0;4415761;3440743;4431;2;2938
FR;3;2022-07-04;0;0;0;0;0;4415761;3440743;4431;2;2938
FR;3;2022-07-05;0;0;0;0;0;4415761;3440743;4431;2;2938
FR;3;2022-07-06;0;0;0;0;0;4415761;3440743;4431;2;2938
FR;3;2022-07-07;0;0;0;0;0;4415761;3440743;4431;2;2938
FR;3;2022-07-08;0;0;0;0;0;4415761;3440743;4431;2;2938
FR;3;2022-07-09;0;0;0;0;0;4415761;3440743;4431;2;2938
FR;3;2022-07-10;0;0;0;0;0;4415761;3440743;4431;2;2938
FR;3;2022-07-11;0;0;0;0;0;4415761;3440743;4431;2;2938
FR;3;2022-07-12;0;0;0;0;0;4415761;3440743;4431;2;2938
FR;3;2022-07-13;0;0;0;0;0;4415761;3440743;4431;2;2938
FR;3;2022-07-14;0;0;0;0;0;4415761;3440743;4431;2;2938
FR;3;2022-07-15;0;0;0;0;0;4415761;3440743;4431;2;2938
FR;3;2022-07-16;0;0;0;0;0;4415761;3440743;4431;2;2938
FR;3;2022-07-17;0;0;0;0;0;4415761;3440743;4431;2;2938
FR;3;2022-07-18;0;0;0;0;0;4415761;3440743;4431;2;2938
FR;3;2022-07-19;0;0;0;0;0;4415761;3440743;4431;2;2938
FR;3;2022-07-20;0;0;0;0;0;4415761;3440743;4431;2;2938
FR;3;2022-07-21;0;0;0;0;0;4415761;3440743;4431;2;2938
FR;3;2022-07-22;0;0;0;0;0;4415761;3440743;4431;2;2938
FR;3;2022-07-23;0;0;0;0;0;4415761;3440743;4431;2;2938
FR;3;2022-07-24;0;0;0;0;0;4415761;3440743;4431;2;2938
FR;3;2022-07-25;0;0;0;0;0;4415761;3440743;4431;2;2938
FR;3;2022-07-26;0;0;0;0;0;4415761;3440743;4431;2;2938
FR;3;2022-07-27;0;0;0;0;0;4415761;3440743;4431;2;2938
FR;3;2022-07-28;0;0;0;0;0;4415761;3440743;4431;2;2938
FR;4;2020-12-27;0;0;0;0;0;0;0;0;0;0
FR;4;2020-12-28;0;0;0;0;0;0;0;0;0;0
FR;4;2020-12-29;0;0;0;0;0;0;0;0;0;0
FR;4;2020-12-30;0;0;0;0;0;0;0;0;0;0
FR;4;2020-12-31;0;0;0;0;0;0;0;0;0;0
FR;4;2021-01-01;0;0;0;0;0;0;0;0;0;0
FR;4;2021-01-02;0;0;0;0;0;0;0;0;0;0
FR;4;2021-01-03;0;0;0;0;0;0;0;0;0;0
FR;4;2021-01-04;0;0;0;0;0;0;0;0;0;0
FR;4;2021-01-05;0;0;0;0;0;0;0;0;0;0
FR;4;2021-01-06;0;0;0;0;0;0;0;0;0;0
FR;4;2021-01-07;0;0;0;0;0;0;0;0;0;0
FR;4;2021-01-08;0;0;0;0;0;0;0;0;0;0
FR;4;2021-01-09;0;0;0;0;0;0;0;0;0;0
FR;4;2021-01-10;0;0;0;0;0;0;0;0;0;0
FR;4;2021-01-11;0;0;0;0;0;0;0;0;0;0
FR;4;2021-01-12;0;0;0;0;0;0;0;0;0;0
FR;4;2021-01-13;0;0;0;0;0;0;0;0;0;0
FR;4;2021-01-14;0;0;0;0;0;0;0;0;0;0
FR;4;2021-01-15;0;0;0;0;0;0;0;0;0;0
FR;4;2021-01-16;0;0;0;0;0;0;0;0;0;0
FR;4;2021-01-17;0;0;0;0;0;0;0;0;0;0
FR;4;2021-01-18;0;0;0;0;0;0;0;0;0;0
FR;4;2021-01-19;0;0;0;0;0;0;0;0;0;0
FR;4;2021-01-20;0;0;0;0;0;0;0;0;0;0
FR;4;2021-01-21;0;0;0;0;0;0;0;0;0;0
FR;4;2021-01-22;0;0;0;0;0;0;0;0;0;0
FR;4;2021-01-23;0;0;0;0;0;0;0;0;0;0
FR;4;2021-01-24;0;0;0;0;0;0;0;0;0;0
FR;4;2021-01-25;0;0;0;0;0;0;0;0;0;0
FR;4;2021-01-26;0;0;0;0;0;0;0;0;0;0
FR;4;2021-01-27;0;0;0;0;0;0;0;0;0;0
FR;4;2021-01-28;0;0;0;0;0;0;0;0;0;0
FR;4;2021-01-29;0;0;0;0;0;0;0;0;0;0
FR;4;2021-01-30;0;0;0;0;0;0;0;0;0;0
FR;4;2021-01-31;0;0;0;0;0;0;0;0;0;0
FR;4;2021-02-01;0;0;0;0;0;0;0;0;0;0
FR;4;2021-02-02;0;0;0;0;0;0;0;0;0;0
FR;4;2021-02-03;0;0;0;0;0;0;0;0;0;0
FR;4;2021-02-04;0;0;0;0;0;0;0;0;0;0
FR;4;2021-02-05;0;0;0;0;0;0;0;0;0;0
FR;4;2021-02-06;0;0;0;0;0;0;0;0;0;0
FR;4;2021-02-07;0;0;0;0;0;0;0;0;0;0
FR;4;2021-02-08;0;0;0;0;0;0;0;0;0;0
FR;4;2021-02-09;0;0;0;0;0;0;0;0;0;0
FR;4;2021-02-10;0;0;0;0;0;0;0;0;0;0
FR;4;2021-02-11;0;0;0;0;0;0;0;0;0;0
FR;4;2021-02-12;0;0;0;0;0;0;0;0;0;0
FR;4;2021-02-13;0;0;0;0;0;0;0;0;0;0
FR;4;2021-02-14;0;0;0;0;0;0;0;0;0;0
FR;4;2021-02-15;0;0;0;0;0;0;0;0;0;0
FR;4;2021-02-16;0;0;0;0;0;0;0;0;0;0
FR;4;2021-02-17;0;0;0;0;0;0;0;0;0;0
FR;4;2021-02-18;0;0;0;0;0;0;0;0;0;0
FR;4;2021-02-19;0;0;0;0;0;0;0;0;0;0
FR;4;2021-02-20;0;0;0;0;0;0;0;0;0;0
FR;4;2021-02-21;0;0;0;0;0;0;0;0;0;0
FR;4;2021-02-22;0;0;0;0;0;0;0;0;0;0
FR;4;2021-02-23;0;0;0;0;0;0;0;0;0;0
FR;4;2021-02-24;0;0;0;0;0;0;0;0;0;0
FR;4;2021-02-25;0;0;0;0;0;0;0;0;0;0
FR;4;2021-02-26;0;0;0;0;0;0;0;0;0;0
FR;4;2021-02-27;0;0;0;0;0;0;0;0;0;0
FR;4;2021-02-28;0;0;0;0;0;0;0;0;0;0
FR;4;2021-03-01;0;0;0;0;0;0;0;0;0;0
FR;4;2021-03-02;0;0;0;0;0;0;0;0;0;0
FR;4;2021-03-03;0;0;0;0;0;0;0;0;0;0
FR;4;2021-03-04;0;0;0;0;0;0;0;0;0;0
FR;4;2021-03-05;0;0;0;0;0;0;0;0;0;0
FR;4;2021-03-06;0;0;0;0;0;0;0;0;0;0
FR;4;2021-03-07;0;0;0;0;0;0;0;0;0;0
FR;4;2021-03-08;0;0;0;0;0;0;0;0;0;0
FR;4;2021-03-09;0;0;0;0;0;0;0;0;0;0
FR;4;2021-03-10;0;0;0;0;0;0;0;0;0;0
FR;4;2021-03-11;0;0;0;0;0;0;0;0;0;0
FR;4;2021-03-12;0;0;0;0;0;0;0;0;0;0
FR;4;2021-03-13;0;0;0;0;0;0;0;0;0;0
FR;4;2021-03-14;0;0;0;0;0;0;0;0;0;0
FR;4;2021-03-15;0;0;0;0;0;0;0;0;0;0
FR;4;2021-03-16;0;0;0;0;0;0;0;0;0;0
FR;4;2021-03-17;0;0;0;0;0;0;0;0;0;0
FR;4;2021-03-18;0;0;0;0;0;0;0;0;0;0
FR;4;2021-03-19;0;0;0;0;0;0;0;0;0;0
FR;4;2021-03-20;0;0;0;0;0;0;0;0;0;0
FR;4;2021-03-21;0;0;0;0;0;0;0;0;0;0
FR;4;2021-03-22;0;0;0;0;0;0;0;0;0;0
FR;4;2021-03-23;0;0;0;0;0;0;0;0;0;0
FR;4;2021-03-24;0;0;0;0;0;0;0;0;0;0
FR;4;2021-03-25;0;0;0;0;0;0;0;0;0;0
FR;4;2021-03-26;0;0;0;0;0;0;0;0;0;0
FR;4;2021-03-27;0;0;0;0;0;0;0;0;0;0
FR;4;2021-03-28;0;0;0;0;0;0;0;0;0;0
FR;4;2021-03-29;0;0;0;0;0;0;0;0;0;0
FR;4;2021-03-30;0;0;0;0;0;0;0;0;0;0
FR;4;2021-03-31;0;0;0;0;0;0;0;0;0;0
FR;4;2021-04-01;0;0;0;0;0;0;0;0;0;0
FR;4;2021-04-02;0;0;0;0;0;0;0;0;0;0
FR;4;2021-04-03;0;0;0;0;0;0;0;0;0;0
FR;4;2021-04-04;0;0;0;0;0;0;0;0;0;0
FR;4;2021-04-05;0;0;0;0;0;0;0;0;0;0
FR;4;2021-04-06;0;0;0;0;0;0;0;0;0;0
FR;4;2021-04-07;0;0;0;0;0;0;0;0;0;0
FR;4;2021-04-08;0;0;0;0;0;0;0;0;0;0
FR;4;2021-04-09;0;0;0;0;0;0;0;0;0;0
FR;4;2021-04-10;0;0;0;0;0;0;0;0;0;0
FR;4;2021-04-11;0;0;0;0;0;0;0;0;0;0
FR;4;2021-04-12;0;0;0;0;0;0;0;0;0;0
FR;4;2021-04-13;0;0;0;0;0;0;0;0;0;0
FR;4;2021-04-14;0;0;0;0;0;0;0;0;0;0
FR;4;2021-04-15;0;0;0;0;0;0;0;0;0;0
FR;4;2021-04-16;0;0;0;0;0;0;0;0;0;0
FR;4;2021-04-17;0;0;0;0;0;0;0;0;0;0
FR;4;2021-04-18;0;0;0;0;0;0;0;0;0;0
FR;4;2021-04-19;0;0;0;0;0;0;0;0;0;0
FR;4;2021-04-20;0;0;0;0;0;0;0;0;0;0
FR;4;2021-04-21;0;0;0;0;0;0;0;0;0;0
FR;4;2021-04-22;0;0;0;0;0;0;0;0;0;0
FR;4;2021-04-23;3886;0;0;0;0;3886;0;0;0;0
FR;4;2021-04-24;1569;0;0;0;0;5455;0;0;0;0
FR;4;2021-04-25;125;0;0;0;0;5580;0;0;0;0
FR;4;2021-04-26;2869;1;0;0;0;8449;1;0;0;0
FR;4;2021-04-27;9520;3;0;0;0;17969;4;0;0;0
FR;4;2021-04-28;9905;6;0;0;0;27874;10;0;0;0
FR;4;2021-04-29;15992;8;0;0;0;43866;18;0;0;0
FR;4;2021-04-30;19232;10;0;0;0;63098;28;0;0;0
FR;4;2021-05-01;1994;6;0;0;0;65092;34;0;0;0
FR;4;2021-05-02;482;0;0;0;0;65574;34;0;0;0
FR;4;2021-05-03;5064;2;0;0;0;70638;36;0;0;0
FR;4;2021-05-04;8400;11;0;0;0;79038;47;0;0;0
FR;4;2021-05-05;6185;7;0;0;0;85223;54;0;0;0
FR;4;2021-05-06;11381;11;0;0;0;96604;65;0;0;0
FR;4;2021-05-07;19123;9;0;0;0;115727;74;0;0;0
FR;4;2021-05-08;2378;6;0;0;0;118105;80;0;0;0
FR;4;2021-05-09;686;3;0;0;0;118791;83;0;0;0
FR;4;2021-05-10;7241;5;1;0;0;126032;88;1;0;0
FR;4;2021-05-11;14317;12;0;0;0;140349;100;1;0;0
FR;4;2021-05-12;10169;15;0;0;0;150518;115;1;0;0
FR;4;2021-05-13;1580;3;0;0;0;152098;118;1;0;0
FR;4;2021-05-14;7765;7;0;0;0;159863;125;1;0;0
FR;4;2021-05-15;3718;8;1;0;0;163581;133;2;0;0
FR;4;2021-05-16;417;1;0;0;0;163998;134;2;0;0
FR;4;2021-05-17;4477;6;0;0;0;168475;140;2;0;0
FR;4;2021-05-18;8758;10;0;0;0;177233;150;2;0;0
FR;4;2021-05-19;5692;7;0;0;0;182925;157;2;0;0
FR;4;2021-05-20;9483;7;0;0;0;192408;164;2;0;0
FR;4;2021-05-21;12797;30;0;0;0;205205;194;2;0;0
FR;4;2021-05-22;5056;15;0;0;0;210261;209;2;0;0
FR;4;2021-05-23;494;4;0;0;0;210755;213;2;0;0
FR;4;2021-05-24;1058;7;0;0;0;211813;220;2;0;0
FR;4;2021-05-25;7625;16;0;0;0;219438;236;2;0;0
FR;4;2021-05-26;7726;16;0;0;0;227164;252;2;0;0
FR;4;2021-05-27;14330;35;0;0;0;241494;287;2;0;0
FR;4;2021-05-28;26588;82;1;0;0;268082;369;3;0;0
FR;4;2021-05-29;11385;18;0;0;0;279467;387;3;0;0
FR;4;2021-05-30;972;6;0;0;0;280439;393;3;0;0
FR;4;2021-05-31;12690;21;0;0;0;293129;414;3;0;0
FR;4;2021-06-01;20259;47;1;0;0;313388;461;4;0;0
FR;4;2021-06-02;14520;33;0;0;0;327908;494;4;0;0
FR;4;2021-06-03;19422;24;1;0;0;347330;518;5;0;0
FR;4;2021-06-04;22515;47;0;0;0;369845;565;5;0;0
FR;4;2021-06-05;9713;32;0;0;0;379558;597;5;0;0
FR;4;2021-06-06;1039;1;0;0;0;380597;598;5;0;0
FR;4;2021-06-07;9226;19;0;0;0;389823;617;5;0;0
FR;4;2021-06-08;14612;31;0;0;0;404435;648;5;0;0
FR;4;2021-06-09;12205;25;0;0;0;416640;673;5;0;0
FR;4;2021-06-10;15401;30;0;0;0;432041;703;5;0;0
FR;4;2021-06-11;16982;56;0;0;0;449023;759;5;0;0
FR;4;2021-06-12;7448;27;0;0;0;456471;786;5;0;0
FR;4;2021-06-13;907;3;0;0;0;457378;789;5;0;0
FR;4;2021-06-14;6648;26;0;0;0;464026;815;5;0;0
FR;4;2021-06-15;10887;37;0;0;0;474913;852;5;0;0
FR;4;2021-06-16;8908;16;0;0;0;483821;868;5;0;0
FR;4;2021-06-17;10896;37;0;0;0;494717;905;5;0;0
FR;4;2021-06-18;12421;45;0;0;0;507138;950;5;0;0
FR;4;2021-06-19;5568;25;0;0;0;512706;975;5;0;0
FR;4;2021-06-20;822;5;0;0;0;513528;980;5;0;0
FR;4;2021-06-21;5096;20;0;0;0;518624;1000;5;0;0
FR;4;2021-06-22;7907;28;2;0;0;526531;1028;7;0;0
FR;4;2021-06-23;7099;40;2;0;0;533630;1068;9;0;0
FR;4;2021-06-24;8648;46;1;0;0;542278;1114;10;0;0
FR;4;2021-06-25;10171;39;2;0;0;552449;1153;12;0;0
FR;4;2021-06-26;4844;21;0;0;0;557293;1174;12;0;0
FR;4;2021-06-27;763;4;0;0;0;558056;1178;12;0;0
FR;4;2021-06-28;4824;16;1;0;0;562880;1194;13;0;0
FR;4;2021-06-29;7103;28;2;0;0;569983;1222;15;0;0
FR;4;2021-06-30;6717;39;2;0;0;576700;1261;17;0;0
FR;4;2021-07-01;8199;41;0;0;0;584899;1302;17;0;0
FR;4;2021-07-02;9420;52;1;0;0;594319;1354;18;0;0
FR;4;2021-07-03;4846;19;0;0;0;599165;1373;18;0;0
FR;4;2021-07-04;687;5;0;0;0;599852;1378;18;0;0
FR;4;2021-07-05;4770;19;2;0;0;604622;1397;20;0;0
FR;4;2021-07-06;7723;28;4;0;0;612345;1425;24;0;0
FR;4;2021-07-07;7074;34;2;0;0;619419;1459;26;0;0
FR;4;2021-07-08;9227;40;2;0;0;628646;1499;28;0;0
FR;4;2021-07-09;10278;34;1;0;0;638924;1533;29;0;0
FR;4;2021-07-10;4635;14;2;0;0;643559;1547;31;0;0
FR;4;2021-07-11;582;4;1;0;0;644141;1551;32;0;0
FR;4;2021-07-12;5872;29;0;0;0;650013;1580;32;0;0
FR;4;2021-07-13;14233;29;0;0;0;664246;1609;32;0;0
FR;4;2021-07-14;2288;15;0;0;0;666534;1624;32;0;0
FR;4;2021-07-15;18235;36;0;0;0;684769;1660;32;0;0
FR;4;2021-07-16;22831;71;2;0;0;707600;1731;34;0;0
FR;4;2021-07-17;9735;20;0;0;0;717335;1751;34;0;0
FR;4;2021-07-18;1355;4;0;0;0;718690;1755;34;0;0
FR;4;2021-07-19;12989;30;1;0;0;731679;1785;35;0;0
FR;4;2021-07-20;17340;26;1;0;0;749019;1811;36;0;0
FR;4;2021-07-21;15614;33;0;0;0;764633;1844;36;0;0
FR;4;2021-07-22;18241;44;2;0;0;782874;1888;38;0;0
FR;4;2021-07-23;20413;57;7;0;0;803287;1945;45;0;0
FR;4;2021-07-24;9289;32;0;0;0;812576;1977;45;0;0
FR;4;2021-07-25;1353;8;0;0;0;813929;1985;45;0;0
FR;4;2021-07-26;11036;22;0;0;0;824965;2007;45;0;0
FR;4;2021-07-27;14674;35;3;0;0;839639;2042;48;0;0
FR;4;2021-07-28;12929;26;2;0;0;852568;2068;50;0;0
FR;4;2021-07-29;14085;54;4;0;0;866653;2122;54;0;0
FR;4;2021-07-30;15493;46;2;0;0;882146;2168;56;0;0
FR;4;2021-07-31;6836;14;2;0;0;888982;2182;58;0;0
FR;4;2021-08-01;904;1;0;0;0;889886;2183;58;0;0
FR;4;2021-08-02;7913;30;0;0;0;897799;2213;58;0;0
FR;4;2021-08-03;10794;32;2;0;0;908593;2245;60;0;0
FR;4;2021-08-04;9738;29;0;0;0;918331;2274;60;0;0
FR;4;2021-08-05;9819;41;0;0;0;928150;2315;60;0;0
FR;4;2021-08-06;10195;31;3;0;0;938345;2346;63;0;0
FR;4;2021-08-07;5096;30;1;0;0;943441;2376;64;0;0
FR;4;2021-08-08;1219;13;0;0;0;944660;2389;64;0;0
FR;4;2021-08-09;6337;31;0;0;0;950997;2420;64;0;0
FR;4;2021-08-10;8746;18;0;0;0;959743;2438;64;0;0
FR;4;2021-08-11;7938;34;4;0;0;967681;2472;68;0;0
FR;4;2021-08-12;8585;30;1;0;0;976266;2502;69;0;0
FR;4;2021-08-13;7555;25;0;1;0;983821;2527;69;1;0
FR;4;2021-08-14;3791;20;0;0;0;987612;2547;69;1;0
FR;4;2021-08-15;770;5;0;0;0;988382;2552;69;1;0
FR;4;2021-08-16;4005;17;0;0;0;992387;2569;69;1;0
FR;4;2021-08-17;5624;17;1;0;0;998011;2586;70;1;0
FR;4;2021-08-18;5166;37;0;0;0;1003177;2623;70;1;0
FR;4;2021-08-19;5482;33;3;0;0;1008659;2656;73;1;0
FR;4;2021-08-20;5216;25;1;0;0;1013875;2681;74;1;0
FR;4;2021-08-21;2309;21;1;0;0;1016184;2702;75;1;0
FR;4;2021-08-22;404;2;0;0;0;1016588;2704;75;1;0
FR;4;2021-08-23;2928;19;1;0;0;1019516;2723;76;1;0
FR;4;2021-08-24;3752;15;0;0;0;1023268;2738;76;1;0
FR;4;2021-08-25;3540;25;1;0;0;1026808;2763;77;1;0
FR;4;2021-08-26;3710;20;2;0;0;1030518;2783;79;1;0
FR;4;2021-08-27;3613;31;2;0;0;1034131;2814;81;1;0
FR;4;2021-08-28;1725;10;1;0;0;1035856;2824;82;1;0
FR;4;2021-08-29;387;7;1;0;0;1036243;2831;83;1;0
FR;4;2021-08-30;2009;25;0;0;15;1038252;2856;83;1;15
FR;4;2021-08-31;2484;21;0;0;14;1040736;2877;83;1;29
FR;4;2021-09-01;2081;38;1;0;21;1042817;2915;84;1;50
FR;4;2021-09-02;2303;31;4;0;18;1045120;2946;88;1;68
FR;4;2021-09-03;2361;44;5;0;35;1047481;2990;93;1;103
FR;4;2021-09-04;1374;17;0;0;8;1048855;3007;93;1;111
FR;4;2021-09-05;432;2;0;0;2;1049287;3009;93;1;113
FR;4;2021-09-06;1711;61;0;0;22;1050998;3070;93;1;135
FR;4;2021-09-07;1676;18;1;0;9;1052674;3088;94;1;144
FR;4;2021-09-08;1281;26;3;0;19;1053955;3114;97;1;163
FR;4;2021-09-09;1387;23;2;0;9;1055342;3137;99;1;172
FR;4;2021-09-10;1521;31;2;0;23;1056863;3168;101;1;195
FR;4;2021-09-11;742;11;0;0;3;1057605;3179;101;1;198
FR;4;2021-09-12;169;4;0;0;3;1057774;3183;101;1;201
FR;4;2021-09-13;1320;22;1;0;16;1059094;3205;102;1;217
FR;4;2021-09-14;1501;9;2;0;6;1060595;3214;104;1;223
FR;4;2021-09-15;1095;27;1;0;24;1061690;3241;105;1;247
FR;4;2021-09-16;1102;22;2;0;15;1062792;3263;107;1;262
FR;4;2021-09-17;894;21;1;0;12;1063686;3284;108;1;274
FR;4;2021-09-18;464;6;1;0;5;1064150;3290;109;1;279
FR;4;2021-09-19;182;3;0;0;2;1064332;3293;109;1;281
FR;4;2021-09-20;452;19;0;0;13;1064784;3312;109;1;294
FR;4;2021-09-21;425;11;0;0;7;1065209;3323;109;1;301
FR;4;2021-09-22;373;19;2;0;13;1065582;3342;111;1;314
FR;4;2021-09-23;481;16;1;0;15;1066063;3358;112;1;329
FR;4;2021-09-24;411;13;2;0;9;1066474;3371;114;1;338
FR;4;2021-09-25;280;10;1;0;5;1066754;3381;115;1;343
FR;4;2021-09-26;74;2;0;0;1;1066828;3383;115;1;344
FR;4;2021-09-27;262;10;1;0;8;1067090;3393;116;1;352
FR;4;2021-09-28;317;8;0;0;8;1067407;3401;116;1;360
FR;4;2021-09-29;374;18;1;0;12;1067781;3419;117;1;372
FR;4;2021-09-30;363;40;0;0;21;1068144;3459;117;1;393
FR;4;2021-10-01;411;51;0;0;45;1068555;3510;117;1;438
FR;4;2021-10-02;196;22;1;0;13;1068751;3532;118;1;451
FR;4;2021-10-03;85;1;0;0;0;1068836;3533;118;1;451
FR;4;2021-10-04;361;20;1;0;16;1069197;3553;119;1;467
FR;4;2021-10-05;278;19;2;0;15;1069475;3572;121;1;482
FR;4;2021-10-06;246;22;1;0;18;1069721;3594;122;1;500
FR;4;2021-10-07;259;25;2;0;13;1069980;3619;124;1;513
FR;4;2021-10-08;354;24;2;0;20;1070334;3643;126;1;533
FR;4;2021-10-09;193;6;6;0;7;1070527;3649;132;1;540
FR;4;2021-10-10;95;3;2;0;3;1070622;3652;134;1;543
FR;4;2021-10-11;247;15;1;0;14;1070869;3667;135;1;557
FR;4;2021-10-12;207;14;0;0;13;1071076;3681;135;1;570
FR;4;2021-10-13;219;28;1;0;25;1071295;3709;136;1;595
FR;4;2021-10-14;310;21;4;0;15;1071605;3730;140;1;610
FR;4;2021-10-15;322;24;5;0;25;1071927;3754;145;1;635
FR;4;2021-10-16;166;6;2;0;6;1072093;3760;147;1;641
FR;4;2021-10-17;70;2;0;0;1;1072163;3762;147;1;642
FR;4;2021-10-18;279;15;1;0;12;1072442;3777;148;1;654
FR;4;2021-10-19;213;14;2;0;15;1072655;3791;150;1;669
FR;4;2021-10-20;227;27;4;0;15;1072882;3818;154;1;684
FR;4;2021-10-21;240;17;0;0;13;1073122;3835;154;1;697
FR;4;2021-10-22;212;25;2;0;20;1073334;3860;156;1;717
FR;4;2021-10-23;116;16;1;0;15;1073450;3876;157;1;732
FR;4;2021-10-24;38;4;0;0;1;1073488;3880;157;1;733
FR;4;2021-10-25;213;7;2;0;9;1073701;3887;159;1;742
FR;4;2021-10-26;196;14;0;0;12;1073897;3901;159;1;754
FR;4;2021-10-27;194;11;4;0;11;1074091;3912;163;1;765
FR;4;2021-10-28;183;18;4;0;21;1074274;3930;167;1;786
FR;4;2021-10-29;222;15;2;0;13;1074496;3945;169;1;799
FR;4;2021-10-30;102;2;1;0;2;1074598;3947;170;1;801
FR;4;2021-10-31;56;3;2;0;3;1074654;3950;172;1;804
FR;4;2021-11-01;75;27;4;0;24;1074729;3977;176;1;828
FR;4;2021-11-02;157;20;2;0;21;1074886;3997;178;1;849
FR;4;2021-11-03;129;20;8;1;18;1075015;4017;186;2;867
FR;4;2021-11-04;182;15;1;0;12;1075197;4032;187;2;879
FR;4;2021-11-05;129;17;1;0;16;1075326;4049;188;2;895
FR;4;2021-11-06;79;6;1;0;6;1075405;4055;189;2;901
FR;4;2021-11-07;78;2;2;0;4;1075483;4057;191;2;905
FR;4;2021-11-08;159;20;1;0;20;1075642;4077;192;2;925
FR;4;2021-11-09;156;14;3;0;16;1075798;4091;195;2;941
FR;4;2021-11-10;117;29;6;0;31;1075915;4120;201;2;972
FR;4;2021-11-11;94;10;0;0;10;1076009;4130;201;2;982
FR;4;2021-11-12;103;19;2;0;18;1076112;4149;203;2;1000
FR;4;2021-11-13;74;15;2;0;14;1076186;4164;205;2;1014
FR;4;2021-11-14;54;5;4;0;8;1076240;4169;209;2;1022
FR;4;2021-11-15;98;26;2;0;24;1076338;4195;211;2;1046
FR;4;2021-11-16;104;13;2;0;15;1076442;4208;213;2;1061
FR;4;2021-11-17;119;30;4;0;30;1076561;4238;217;2;1091
FR;4;2021-11-18;100;34;13;0;42;1076661;4272;230;2;1133
FR;4;2021-11-19;84;19;3;0;20;1076745;4291;233;2;1153
FR;4;2021-11-20;75;8;1;0;8;1076820;4299;234;2;1161
FR;4;2021-11-21;63;7;2;0;9;1076883;4306;236;2;1170
FR;4;2021-11-22;106;27;9;0;32;1076989;4333;245;2;1202
FR;4;2021-11-23;76;31;5;0;28;1077065;4364;250;2;1230
FR;4;2021-11-24;87;23;11;0;24;1077152;4387;261;2;1254
FR;4;2021-11-25;89;28;14;0;30;1077241;4415;275;2;1284
FR;4;2021-11-26;83;43;12;0;45;1077324;4458;287;2;1329
FR;4;2021-11-27;39;22;15;0;25;1077363;4480;302;2;1354
FR;4;2021-11-28;48;8;0;0;7;1077411;4488;302;2;1361
FR;4;2021-11-29;87;31;16;0;40;1077498;4519;318;2;1401
FR;4;2021-11-30;72;36;12;0;40;1077570;4555;330;2;1441
FR;4;2021-12-01;87;60;19;0;67;1077657;4615;349;2;1508
FR;4;2021-12-02;103;48;19;0;53;1077760;4663;368;2;1561
FR;4;2021-12-03;100;36;15;0;44;1077860;4699;383;2;1605
FR;4;2021-12-04;71;31;18;0;44;1077931;4730;401;2;1649
FR;4;2021-12-05;62;6;1;0;7;1077993;4736;402;2;1656
FR;4;2021-12-06;103;46;20;0;60;1078096;4782;422;2;1716
FR;4;2021-12-07;80;35;9;0;34;1078176;4817;431;2;1750
FR;4;2021-12-08;69;29;16;0;35;1078245;4846;447;2;1785
FR;4;2021-12-09;61;32;10;0;38;1078306;4878;457;2;1823
FR;4;2021-12-10;63;64;20;0;68;1078369;4942;477;2;1891
FR;4;2021-12-11;28;34;7;0;34;1078397;4976;484;2;1925
FR;4;2021-12-12;24;10;3;0;13;1078421;4986;487;2;1938
FR;4;2021-12-13;71;40;13;0;48;1078492;5026;500;2;1986
FR;4;2021-12-14;59;43;17;0;54;1078551;5069;517;2;2040
FR;4;2021-12-15;63;64;28;0;84;1078614;5133;545;2;2124
FR;4;2021-12-16;32;44;19;0;57;1078646;5177;564;2;2181
FR;4;2021-12-17;40;55;12;0;60;1078686;5232;576;2;2241
FR;4;2021-12-18;48;29;2;0;30;1078734;5261;578;2;2271
FR;4;2021-12-19;15;4;1;0;4;1078749;5265;579;2;2275
FR;4;2021-12-20;39;38;10;0;41;1078788;5303;589;2;2316
FR;4;2021-12-21;27;30;15;0;36;1078815;5333;604;2;2352
FR;4;2021-12-22;36;37;10;0;38;1078851;5370;614;2;2390
FR;4;2021-12-23;39;45;8;0;49;1078890;5415;622;2;2439
FR;4;2021-12-24;23;26;10;0;30;1078913;5441;632;2;2469
FR;4;2021-12-25;6;3;3;0;4;1078919;5444;635;2;2473
FR;4;2021-12-26;4;3;1;0;2;1078923;5447;636;2;2475
FR;4;2021-12-27;28;41;9;0;43;1078951;5488;645;2;2518
FR;4;2021-12-28;24;28;7;0;29;1078975;5516;652;2;2547
FR;4;2021-12-29;49;25;10;0;29;1079024;5541;662;2;2576
FR;4;2021-12-30;42;18;12;0;21;1079066;5559;674;2;2597
FR;4;2021-12-31;18;6;8;0;11;1079084;5565;682;2;2608
FR;4;2022-01-01;5;4;4;0;6;1079089;5569;686;2;2614
FR;4;2022-01-02;40;5;16;0;20;1079129;5574;702;2;2634
FR;4;2022-01-03;40;54;21;1;60;1079169;5628;723;3;2694
FR;4;2022-01-04;32;27;13;0;30;1079201;5655;736;3;2724
FR;4;2022-01-05;47;21;18;0;23;1079248;5676;754;3;2747
FR;4;2022-01-06;48;21;23;0;36;1079296;5697;777;3;2783
FR;4;2022-01-07;28;20;15;0;20;1079324;5717;792;3;2803
FR;4;2022-01-08;9;6;10;0;12;1079333;5723;802;3;2815
FR;4;2022-01-09;18;2;3;0;4;1079351;5725;805;3;2819
FR;4;2022-01-10;41;22;19;0;36;1079392;5747;824;3;2855
FR;4;2022-01-11;26;30;12;0;34;1079418;5777;836;3;2889
FR;4;2022-01-12;32;21;13;0;23;1079450;5798;849;3;2912
FR;4;2022-01-13;51;19;27;0;37;1079501;5817;876;3;2949
FR;4;2022-01-14;23;28;13;0;31;1079524;5845;889;3;2980
FR;4;2022-01-15;12;6;8;0;12;1079536;5851;897;3;2992
FR;4;2022-01-16;11;9;11;0;19;1079547;5860;908;3;3011
FR;4;2022-01-17;24;18;12;0;24;1079571;5878;920;3;3035
FR;4;2022-01-18;16;13;8;0;18;1079587;5891;928;3;3053
FR;4;2022-01-19;30;23;10;0;31;1079617;5914;938;3;3084
FR;4;2022-01-20;31;34;11;0;37;1079648;5948;949;3;3121
FR;4;2022-01-21;9;12;19;1;16;1079657;5960;968;4;3137
FR;4;2022-01-22;30;9;2;0;9;1079687;5969;970;4;3146
FR;4;2022-01-23;7;2;4;0;6;1079694;5971;974;4;3152
FR;4;2022-01-24;14;21;8;0;27;1079708;5992;982;4;3179
FR;4;2022-01-25;20;31;8;1;35;1079728;6023;990;5;3214
FR;4;2022-01-26;19;14;7;1;16;1079747;6037;997;6;3230
FR;4;2022-01-27;20;18;6;0;22;1079767;6055;1003;6;3252
FR;4;2022-01-28;13;23;8;0;26;1079780;6078;1011;6;3278
FR;4;2022-01-29;16;6;5;0;10;1079796;6084;1016;6;3288
FR;4;2022-01-30;16;3;1;0;4;1079812;6087;1017;6;3292
FR;4;2022-01-31;20;27;8;0;31;1079832;6114;1025;6;3323
FR;4;2022-02-01;9;20;11;0;20;1079841;6134;1036;6;3343
FR;4;2022-02-02;17;11;11;2;17;1079858;6145;1047;8;3360
FR;4;2022-02-03;13;23;9;0;26;1079871;6168;1056;8;3386
FR;4;2022-02-04;7;5;7;0;9;1079878;6173;1063;8;3395
FR;4;2022-02-05;7;14;1;0;13;1079885;6187;1064;8;3408
FR;4;2022-02-06;6;3;2;0;4;1079891;6190;1066;8;3412
FR;4;2022-02-07;15;19;7;0;19;1079906;6209;1073;8;3431
FR;4;2022-02-08;16;20;13;1;21;1079922;6229;1086;9;3452
FR;4;2022-02-09;16;11;8;0;15;1079938;6240;1094;9;3467
FR;4;2022-02-10;18;23;9;0;24;1079956;6263;1103;9;3491
FR;4;2022-02-11;18;14;8;0;19;1079974;6277;1111;9;3510
FR;4;2022-02-12;23;6;2;0;6;1079997;6283;1113;9;3516
FR;4;2022-02-13;7;3;3;0;6;1080004;6286;1116;9;3522
FR;4;2022-02-14;19;10;9;0;15;1080023;6296;1125;9;3537
FR;4;2022-02-15;17;7;1;0;7;1080040;6303;1126;9;3544
FR;4;2022-02-16;15;9;10;0;15;1080055;6312;1136;9;3559
FR;4;2022-02-17;11;4;4;0;6;1080066;6316;1140;9;3565
FR;4;2022-02-18;17;15;7;0;20;1080083;6331;1147;9;3585
FR;4;2022-02-19;16;3;2;0;4;1080099;6334;1149;9;3589
FR;4;2022-02-20;7;3;0;0;2;1080106;6337;1149;9;3591
FR;4;2022-02-21;22;3;3;0;4;1080128;6340;1152;9;3595
FR;4;2022-02-22;8;4;10;0;9;1080136;6344;1162;9;3604
FR;4;2022-02-23;16;6;9;0;9;1080152;6350;1171;9;3613
FR;4;2022-02-24;10;5;3;0;6;1080162;6355;1174;9;3619
FR;4;2022-02-25;15;5;7;0;6;1080177;6360;1181;9;3625
FR;4;2022-02-26;26;3;0;0;3;1080203;6363;1181;9;3628
FR;4;2022-02-27;9;0;1;0;1;1080212;6363;1182;9;3629
FR;4;2022-02-28;17;3;2;0;3;1080229;6366;1184;9;3632
FR;4;2022-03-01;7;2;7;0;3;1080236;6368;1191;9;3635
FR;4;2022-03-02;12;2;4;0;5;1080248;6370;1195;9;3640
FR;4;2022-03-03;16;5;1;0;4;1080264;6375;1196;9;3644
FR;4;2022-03-04;7;7;2;1;5;1080271;6382;1198;10;3649
FR;4;2022-03-05;9;2;0;0;2;1080280;6384;1198;10;3651
FR;4;2022-03-06;4;0;1;0;1;1080284;6384;1199;10;3652
FR;4;2022-03-07;10;4;1;0;3;1080294;6388;1200;10;3655
FR;4;2022-03-08;13;3;0;0;3;1080307;6391;1200;10;3658
FR;4;2022-03-09;8;6;2;0;7;1080315;6397;1202;10;3665
FR;4;2022-03-10;5;1;5;0;2;1080320;6398;1207;10;3667
FR;4;2022-03-11;8;4;5;0;2;1080328;6402;1212;10;3669
FR;4;2022-03-12;9;2;0;0;0;1080337;6404;1212;10;3669
FR;4;2022-03-13;5;1;1;0;2;1080342;6405;1213;10;3671
FR;4;2022-03-14;4;1;1;0;2;1080346;6406;1214;10;3673
FR;4;2022-03-15;6;3;2;0;2;1080352;6409;1216;10;3675
FR;4;2022-03-16;7;3;3;0;3;1080359;6412;1219;10;3678
FR;4;2022-03-17;3;4;1;0;5;1080362;6416;1220;10;3683
FR;4;2022-03-18;9;3;0;0;3;1080371;6419;1220;10;3686
FR;4;2022-03-19;1;1;0;0;1;1080372;6420;1220;10;3687
FR;4;2022-03-20;2;0;2;0;1;1080374;6420;1222;10;3688
FR;4;2022-03-21;5;3;1;0;4;1080379;6423;1223;10;3692
FR;4;2022-03-22;3;2;2;0;3;1080382;6425;1225;10;3695
FR;4;2022-03-23;6;4;4;0;7;1080388;6429;1229;10;3702
FR;4;2022-03-24;2;4;3;1;5;1080390;6433;1232;11;3707
FR;4;2022-03-25;3;1;2;0;1;1080393;6434;1234;11;3708
FR;4;2022-03-26;5;5;0;0;5;1080398;6439;1234;11;3713
FR;4;2022-03-27;1;0;2;0;1;1080399;6439;1236;11;3714
FR;4;2022-03-28;5;1;3;0;3;1080404;6440;1239;11;3717
FR;4;2022-03-29;8;0;4;1;0;1080412;6440;1243;12;3717
FR;4;2022-03-30;3;4;0;0;4;1080415;6444;1243;12;3721
FR;4;2022-03-31;2;3;1;1;3;1080417;6447;1244;13;3724
FR;4;2022-04-01;13;2;5;0;5;1080430;6449;1249;13;3729
FR;4;2022-04-02;4;4;0;0;3;1080434;6453;1249;13;3732
FR;4;2022-04-03;0;0;0;0;0;1080434;6453;1249;13;3732
FR;4;2022-04-04;4;4;3;0;4;1080438;6457;1252;13;3736
FR;4;2022-04-05;3;3;1;1;2;1080441;6460;1253;14;3738
FR;4;2022-04-06;4;0;0;0;0;1080445;6460;1253;14;3738
FR;4;2022-04-07;3;2;3;2;5;1080448;6462;1256;16;3743
FR;4;2022-04-08;4;1;1;0;1;1080452;6463;1257;16;3744
FR;4;2022-04-09;0;0;1;1;1;1080452;6463;1258;17;3745
FR;4;2022-04-10;1;2;0;0;2;1080453;6465;1258;17;3747
FR;4;2022-04-11;3;3;4;0;5;1080456;6468;1262;17;3752
FR;4;2022-04-12;3;1;4;0;2;1080459;6469;1266;17;3754
FR;4;2022-04-13;4;7;2;0;9;1080463;6476;1268;17;3763
FR;4;2022-04-14;6;4;2;1;5;1080469;6480;1270;18;3768
FR;4;2022-04-15;5;8;1;0;9;1080474;6488;1271;18;3777
FR;4;2022-04-16;1;0;0;0;0;1080475;6488;1271;18;3777
FR;4;2022-04-17;2;1;0;0;1;1080477;6489;1271;18;3778
FR;4;2022-04-18;2;2;5;0;3;1080479;6491;1276;18;3781
FR;4;2022-04-19;2;0;1;0;0;1080481;6491;1277;18;3781
FR;4;2022-04-20;13;4;1;0;3;1080494;6495;1278;18;3784
FR;4;2022-04-21;5;1;0;0;1;1080499;6496;1278;18;3785
FR;4;2022-04-22;1;1;2;0;2;1080500;6497;1280;18;3787
FR;4;2022-04-23;2;3;3;0;6;1080502;6500;1283;18;3793
FR;4;2022-04-24;0;2;0;0;2;1080502;6502;1283;18;3795
FR;4;2022-04-25;3;4;3;0;7;1080505;6506;1286;18;3802
FR;4;2022-04-26;5;6;1;0;6;1080510;6512;1287;18;3808
FR;4;2022-04-27;4;1;1;1;1;1080514;6513;1288;19;3809
FR;4;2022-04-28;3;5;5;0;6;1080517;6518;1293;19;3815
FR;4;2022-04-29;4;3;0;0;2;1080521;6521;1293;19;3817
FR;4;2022-04-30;0;1;1;0;2;1080521;6522;1294;19;3819
FR;4;2022-05-01;0;0;0;0;0;1080521;6522;1294;19;3819
FR;4;2022-05-02;4;16;6;0;19;1080525;6538;1300;19;3838
FR;4;2022-05-03;2;5;2;0;6;1080527;6543;1302;19;3844
FR;4;2022-05-04;7;4;1;0;4;1080534;6547;1303;19;3848
FR;4;2022-05-05;2;2;1;1;1;1080536;6549;1304;20;3849
FR;4;2022-05-06;2;1;1;0;1;1080538;6550;1305;20;3850
FR;4;2022-05-07;0;0;0;0;0;1080538;6550;1305;20;3850
FR;4;2022-05-08;1;1;0;0;1;1080539;6551;1305;20;3851
FR;4;2022-05-09;5;0;0;0;0;1080544;6551;1305;20;3851
FR;4;2022-05-10;1;1;0;2;3;1080545;6552;1305;22;3854
FR;4;2022-05-11;3;2;3;0;5;1080548;6554;1308;22;3859
FR;4;2022-05-12;6;3;1;1;4;1080554;6557;1309;23;3863
FR;4;2022-05-13;0;0;2;0;2;1080554;6557;1311;23;3865
FR;4;2022-05-14;0;2;0;0;2;1080554;6559;1311;23;3867
FR;4;2022-05-15;1;2;0;0;0;1080555;6561;1311;23;3867
FR;4;2022-05-16;5;2;2;0;2;1080560;6563;1313;23;3869
FR;4;2022-05-17;5;1;2;0;3;1080565;6564;1315;23;3872
FR;4;2022-05-18;2;5;0;0;5;1080567;6569;1315;23;3877
FR;4;2022-05-19;2;2;3;0;4;1080569;6571;1318;23;3881
FR;4;2022-05-20;3;1;3;0;1;1080572;6572;1321;23;3882
FR;4;2022-05-21;2;0;1;0;1;1080574;6572;1322;23;3883
FR;4;2022-05-22;0;0;1;0;1;1080574;6572;1323;23;3884
FR;4;2022-05-23;0;0;2;0;0;1080574;6572;1325;23;3884
FR;4;2022-05-24;1;4;0;0;4;1080575;6576;1325;23;3888
FR;4;2022-05-25;1;3;0;0;1;1080576;6579;1325;23;3889
FR;4;2022-05-26;2;0;0;0;0;1080578;6579;1325;23;3889
FR;4;2022-05-27;0;1;0;1;1;1080578;6580;1325;24;3890
FR;4;2022-05-28;1;0;0;0;0;1080579;6580;1325;24;3890
FR;4;2022-05-29;1;0;0;0;0;1080580;6580;1325;24;3890
FR;4;2022-05-30;2;4;2;0;5;1080582;6584;1327;24;3895
FR;4;2022-05-31;2;1;0;0;1;1080584;6585;1327;24;3896
FR;4;2022-06-01;1;11;7;0;15;1080585;6596;1334;24;3911
FR;4;2022-06-02;1;5;2;0;5;1080586;6601;1336;24;3916
FR;4;2022-06-03;1;5;4;1;6;1080587;6606;1340;25;3922
FR;4;2022-06-04;0;1;1;0;1;1080587;6607;1341;25;3923
FR;4;2022-06-05;0;0;0;0;0;1080587;6607;1341;25;3923
FR;4;2022-06-06;5;0;2;0;1;1080592;6607;1343;25;3924
FR;4;2022-06-07;3;1;0;1;1;1080595;6608;1343;26;3925
FR;4;2022-06-08;0;3;3;0;6;1080595;6611;1346;26;3931
FR;4;2022-06-09;1;2;0;0;1;1080596;6613;1346;26;3932
FR;4;2022-06-10;2;0;3;0;1;1080598;6613;1349;26;3933
FR;4;2022-06-11;0;0;0;0;0;1080598;6613;1349;26;3933
FR;4;2022-06-12;4;0;0;0;0;1080602;6613;1349;26;3933
FR;4;2022-06-13;3;2;2;0;1;1080605;6615;1351;26;3934
FR;4;2022-06-14;3;2;0;0;2;1080608;6617;1351;26;3936
FR;4;2022-06-15;6;0;4;0;0;1080614;6617;1355;26;3936
FR;4;2022-06-16;1;2;1;1;1;1080615;6619;1356;27;3937
FR;4;2022-06-17;2;1;0;0;1;1080617;6620;1356;27;3938
FR;4;2022-06-18;0;0;0;0;0;1080617;6620;1356;27;3938
FR;4;2022-06-19;0;0;0;0;0;1080617;6620;1356;27;3938
FR;4;2022-06-20;4;2;2;0;3;1080621;6622;1358;27;3941
FR;4;2022-06-21;3;2;3;1;3;1080624;6624;1361;28;3944
FR;4;2022-06-22;2;1;0;0;1;1080626;6625;1361;28;3945
FR;4;2022-06-23;3;3;3;0;5;1080629;6628;1364;28;3950
FR;4;2022-06-24;2;0;2;0;0;1080631;6628;1366;28;3950
FR;4;2022-06-25;1;0;0;1;0;1080632;6628;1366;29;3950
FR;4;2022-06-26;0;0;1;0;1;1080632;6628;1367;29;3951
FR;4;2022-06-27;1;2;0;3;2;1080633;6630;1367;32;3953
FR;4;2022-06-28;0;4;2;1;5;1080633;6634;1369;33;3958
FR;4;2022-06-29;1;1;0;0;1;1080634;6635;1369;33;3959
FR;4;2022-06-30;1;0;0;0;0;1080635;6635;1369;33;3959
FR;4;2022-07-01;2;1;5;0;1;1080637;6636;1374;33;3960
FR;4;2022-07-02;0;1;0;0;0;1080637;6637;1374;33;3960
FR;4;2022-07-03;0;0;0;0;0;1080637;6637;1374;33;3960
FR;4;2022-07-04;2;0;0;0;0;1080639;6637;1374;33;3960
FR;4;2022-07-05;1;0;0;0;0;1080640;6637;1374;33;3960
FR;4;2022-07-06;5;0;0;0;0;1080645;6637;1374;33;3960
FR;4;2022-07-07;1;0;2;1;0;1080646;6637;1376;34;3960
FR;4;2022-07-08;2;1;0;0;1;1080648;6638;1376;34;3961
FR;4;2022-07-09;2;2;1;0;3;1080650;6640;1377;34;3964
FR;4;2022-07-10;2;0;0;0;0;1080652;6640;1377;34;3964
FR;4;2022-07-11;2;0;2;0;0;1080654;6640;1379;34;3964
FR;4;2022-07-12;0;0;1;0;1;1080654;6640;1380;34;3965
FR;4;2022-07-13;2;2;3;0;2;1080656;6642;1383;34;3967
FR;4;2022-07-14;0;0;1;0;0;1080656;6642;1384;34;3967
FR;4;2022-07-15;5;1;0;0;1;1080661;6643;1384;34;3968
FR;4;2022-07-16;1;0;0;2;0;1080662;6643;1384;36;3968
FR;4;2022-07-17;0;0;0;0;0;1080662;6643;1384;36;3968
FR;4;2022-07-18;0;0;0;0;0;1080662;6643;1384;36;3968
FR;4;2022-07-19;2;0;0;0;0;1080664;6643;1384;36;3968
FR;4;2022-07-20;9;0;0;0;0;1080673;6643;1384;36;3968
FR;4;2022-07-21;2;1;1;0;1;1080675;6644;1385;36;3969
FR;4;2022-07-22;3;0;0;0;0;1080678;6644;1385;36;3969
FR;4;2022-07-23;1;2;0;0;1;1080679;6646;1385;36;3970
FR;4;2022-07-24;0;0;0;0;0;1080679;6646;1385;36;3970
FR;4;2022-07-25;2;0;0;0;0;1080681;6646;1385;36;3970
FR;4;2022-07-26;1;0;0;0;0;1080682;6646;1385;36;3970
FR;4;2022-07-27;2;1;0;0;0;1080684;6647;1385;36;3970
FR;4;2022-07-28;3;0;0;0;0;1080687;6647;1385;36;3970
FR;5;2020-12-27;0;0;0;0;0;0;0;0;0;0
FR;5;2020-12-28;0;0;0;0;0;0;0;0;0;0
FR;5;2020-12-29;0;0;0;0;0;0;0;0;0;0
FR;5;2020-12-30;0;0;0;0;0;0;0;0;0;0
FR;5;2020-12-31;0;0;0;0;0;0;0;0;0;0
FR;5;2021-01-01;0;0;0;0;0;0;0;0;0;0
FR;5;2021-01-02;0;0;0;0;0;0;0;0;0;0
FR;5;2021-01-03;0;0;0;0;0;0;0;0;0;0
FR;5;2021-01-04;0;0;0;0;0;0;0;0;0;0
FR;5;2021-01-05;0;0;0;0;0;0;0;0;0;0
FR;5;2021-01-06;0;0;0;0;0;0;0;0;0;0
FR;5;2021-01-07;0;0;0;0;0;0;0;0;0;0
FR;5;2021-01-08;0;0;0;0;0;0;0;0;0;0
FR;5;2021-01-09;0;0;0;0;0;0;0;0;0;0
FR;5;2021-01-10;0;0;0;0;0;0;0;0;0;0
FR;5;2021-01-11;0;0;0;0;0;0;0;0;0;0
FR;5;2021-01-12;0;0;0;0;0;0;0;0;0;0
FR;5;2021-01-13;0;0;0;0;0;0;0;0;0;0
FR;5;2021-01-14;0;0;0;0;0;0;0;0;0;0
FR;5;2021-01-15;0;0;0;0;0;0;0;0;0;0
FR;5;2021-01-16;0;0;0;0;0;0;0;0;0;0
FR;5;2021-01-17;0;0;0;0;0;0;0;0;0;0
FR;5;2021-01-18;0;0;0;0;0;0;0;0;0;0
FR;5;2021-01-19;0;0;0;0;0;0;0;0;0;0
FR;5;2021-01-20;0;0;0;0;0;0;0;0;0;0
FR;5;2021-01-21;0;0;0;0;0;0;0;0;0;0
FR;5;2021-01-22;0;0;0;0;0;0;0;0;0;0
FR;5;2021-01-23;0;0;0;0;0;0;0;0;0;0
FR;5;2021-01-24;0;0;0;0;0;0;0;0;0;0
FR;5;2021-01-25;0;0;0;0;0;0;0;0;0;0
FR;5;2021-01-26;0;0;0;0;0;0;0;0;0;0
FR;5;2021-01-27;0;0;0;0;0;0;0;0;0;0
FR;5;2021-01-28;0;0;0;0;0;0;0;0;0;0
FR;5;2021-01-29;0;0;0;0;0;0;0;0;0;0
FR;5;2021-01-30;0;0;0;0;0;0;0;0;0;0
FR;5;2021-01-31;0;0;0;0;0;0;0;0;0;0
FR;5;2021-02-01;0;0;0;0;0;0;0;0;0;0
FR;5;2021-02-02;0;0;0;0;0;0;0;0;0;0
FR;5;2021-02-03;0;0;0;0;0;0;0;0;0;0
FR;5;2021-02-04;0;0;0;0;0;0;0;0;0;0
FR;5;2021-02-05;0;0;0;0;0;0;0;0;0;0
FR;5;2021-02-06;0;0;0;0;0;0;0;0;0;0
FR;5;2021-02-07;0;0;0;0;0;0;0;0;0;0
FR;5;2021-02-08;0;0;0;0;0;0;0;0;0;0
FR;5;2021-02-09;0;0;0;0;0;0;0;0;0;0
FR;5;2021-02-10;0;0;0;0;0;0;0;0;0;0
FR;5;2021-02-11;0;0;0;0;0;0;0;0;0;0
FR;5;2021-02-12;0;0;0;0;0;0;0;0;0;0
FR;5;2021-02-13;0;0;0;0;0;0;0;0;0;0
FR;5;2021-02-14;0;0;0;0;0;0;0;0;0;0
FR;5;2021-02-15;0;0;0;0;0;0;0;0;0;0
FR;5;2021-02-16;0;0;0;0;0;0;0;0;0;0
FR;5;2021-02-17;0;0;0;0;0;0;0;0;0;0
FR;5;2021-02-18;0;0;0;0;0;0;0;0;0;0
FR;5;2021-02-19;0;0;0;0;0;0;0;0;0;0
FR;5;2021-02-20;0;0;0;0;0;0;0;0;0;0
FR;5;2021-02-21;0;0;0;0;0;0;0;0;0;0
FR;5;2021-02-22;0;0;0;0;0;0;0;0;0;0
FR;5;2021-02-23;0;0;0;0;0;0;0;0;0;0
FR;5;2021-02-24;0;0;0;0;0;0;0;0;0;0
FR;5;2021-02-25;0;0;0;0;0;0;0;0;0;0
FR;5;2021-02-26;0;0;0;0;0;0;0;0;0;0
FR;5;2021-02-27;0;0;0;0;0;0;0;0;0;0
FR;5;2021-02-28;0;0;0;0;0;0;0;0;0;0
FR;5;2021-03-01;0;0;0;0;0;0;0;0;0;0
FR;5;2021-03-02;0;0;0;0;0;0;0;0;0;0
FR;5;2021-03-03;0;0;0;0;0;0;0;0;0;0
FR;5;2021-03-04;0;0;0;0;0;0;0;0;0;0
FR;5;2021-03-05;0;0;0;0;0;0;0;0;0;0
FR;5;2021-03-06;0;0;0;0;0;0;0;0;0;0
FR;5;2021-03-07;0;0;0;0;0;0;0;0;0;0
FR;5;2021-03-08;0;0;0;0;0;0;0;0;0;0
FR;5;2021-03-09;0;0;0;0;0;0;0;0;0;0
FR;5;2021-03-10;0;0;0;0;0;0;0;0;0;0
FR;5;2021-03-11;0;0;0;0;0;0;0;0;0;0
FR;5;2021-03-12;0;0;0;0;0;0;0;0;0;0
FR;5;2021-03-13;0;0;0;0;0;0;0;0;0;0
FR;5;2021-03-14;0;0;0;0;0;0;0;0;0;0
FR;5;2021-03-15;0;0;0;0;0;0;0;0;0;0
FR;5;2021-03-16;0;0;0;0;0;0;0;0;0;0
FR;5;2021-03-17;0;0;0;0;0;0;0;0;0;0
FR;5;2021-03-18;0;0;0;0;0;0;0;0;0;0
FR;5;2021-03-19;0;0;0;0;0;0;0;0;0;0
FR;5;2021-03-20;0;0;0;0;0;0;0;0;0;0
FR;5;2021-03-21;0;0;0;0;0;0;0;0;0;0
FR;5;2021-03-22;0;0;0;0;0;0;0;0;0;0
FR;5;2021-03-23;0;0;0;0;0;0;0;0;0;0
FR;5;2021-03-24;0;0;0;0;0;0;0;0;0;0
FR;5;2021-03-25;0;0;0;0;0;0;0;0;0;0
FR;5;2021-03-26;0;0;0;0;0;0;0;0;0;0
FR;5;2021-03-27;0;0;0;0;0;0;0;0;0;0
FR;5;2021-03-28;0;0;0;0;0;0;0;0;0;0
FR;5;2021-03-29;0;0;0;0;0;0;0;0;0;0
FR;5;2021-03-30;0;0;0;0;0;0;0;0;0;0
FR;5;2021-03-31;0;0;0;0;0;0;0;0;0;0
FR;5;2021-04-01;0;0;0;0;0;0;0;0;0;0
FR;5;2021-04-02;0;0;0;0;0;0;0;0;0;0
FR;5;2021-04-03;0;0;0;0;0;0;0;0;0;0
FR;5;2021-04-04;0;0;0;0;0;0;0;0;0;0
FR;5;2021-04-05;0;0;0;0;0;0;0;0;0;0
FR;5;2021-04-06;0;0;0;0;0;0;0;0;0;0
FR;5;2021-04-07;0;0;0;0;0;0;0;0;0;0
FR;5;2021-04-08;0;0;0;0;0;0;0;0;0;0
FR;5;2021-04-09;0;0;0;0;0;0;0;0;0;0
FR;5;2021-04-10;0;0;0;0;0;0;0;0;0;0
FR;5;2021-04-11;0;0;0;0;0;0;0;0;0;0
FR;5;2021-04-12;0;0;0;0;0;0;0;0;0;0
FR;5;2021-04-13;0;0;0;0;0;0;0;0;0;0
FR;5;2021-04-14;0;0;0;0;0;0;0;0;0;0
FR;5;2021-04-15;0;0;0;0;0;0;0;0;0;0
FR;5;2021-04-16;0;0;0;0;0;0;0;0;0;0
FR;5;2021-04-17;0;0;0;0;0;0;0;0;0;0
FR;5;2021-04-18;0;0;0;0;0;0;0;0;0;0
FR;5;2021-04-19;0;0;0;0;0;0;0;0;0;0
FR;5;2021-04-20;0;0;0;0;0;0;0;0;0;0
FR;5;2021-04-21;0;0;0;0;0;0;0;0;0;0
FR;5;2021-04-22;0;0;0;0;0;0;0;0;0;0
FR;5;2021-04-23;0;0;0;0;0;0;0;0;0;0
FR;5;2021-04-24;0;0;0;0;0;0;0;0;0;0
FR;5;2021-04-25;0;0;0;0;0;0;0;0;0;0
FR;5;2021-04-26;0;0;0;0;0;0;0;0;0;0
FR;5;2021-04-27;0;0;0;0;0;0;0;0;0;0
FR;5;2021-04-28;0;0;0;0;0;0;0;0;0;0
FR;5;2021-04-29;0;0;0;0;0;0;0;0;0;0
FR;5;2021-04-30;0;0;0;0;0;0;0;0;0;0
FR;5;2021-05-01;0;0;0;0;0;0;0;0;0;0
FR;5;2021-05-02;0;0;0;0;0;0;0;0;0;0
FR;5;2021-05-03;0;0;0;0;0;0;0;0;0;0
FR;5;2021-05-04;0;0;0;0;0;0;0;0;0;0
FR;5;2021-05-05;0;0;0;0;0;0;0;0;0;0
FR;5;2021-05-06;0;0;0;0;0;0;0;0;0;0
FR;5;2021-05-07;0;0;0;0;0;0;0;0;0;0
FR;5;2021-05-08;0;0;0;0;0;0;0;0;0;0
FR;5;2021-05-09;0;0;0;0;0;0;0;0;0;0
FR;5;2021-05-10;0;0;0;0;0;0;0;0;0;0
FR;5;2021-05-11;0;0;0;0;0;0;0;0;0;0
FR;5;2021-05-12;0;0;0;0;0;0;0;0;0;0
FR;5;2021-05-13;0;0;0;0;0;0;0;0;0;0
FR;5;2021-05-14;0;0;0;0;0;0;0;0;0;0
FR;5;2021-05-15;0;0;0;0;0;0;0;0;0;0
FR;5;2021-05-16;0;0;0;0;0;0;0;0;0;0
FR;5;2021-05-17;0;0;0;0;0;0;0;0;0;0
FR;5;2021-05-18;0;0;0;0;0;0;0;0;0;0
FR;5;2021-05-19;0;0;0;0;0;0;0;0;0;0
FR;5;2021-05-20;0;0;0;0;0;0;0;0;0;0
FR;5;2021-05-21;0;0;0;0;0;0;0;0;0;0
FR;5;2021-05-22;0;0;0;0;0;0;0;0;0;0
FR;5;2021-05-23;0;0;0;0;0;0;0;0;0;0
FR;5;2021-05-24;0;0;0;0;0;0;0;0;0;0
FR;5;2021-05-25;0;0;0;0;0;0;0;0;0;0
FR;5;2021-05-26;0;0;0;0;0;0;0;0;0;0
FR;5;2021-05-27;0;0;0;0;0;0;0;0;0;0
FR;5;2021-05-28;0;0;0;0;0;0;0;0;0;0
FR;5;2021-05-29;0;0;0;0;0;0;0;0;0;0
FR;5;2021-05-30;0;0;0;0;0;0;0;0;0;0
FR;5;2021-05-31;0;0;0;0;0;0;0;0;0;0
FR;5;2021-06-01;0;0;0;0;0;0;0;0;0;0
FR;5;2021-06-02;0;0;0;0;0;0;0;0;0;0
FR;5;2021-06-03;0;0;0;0;0;0;0;0;0;0
FR;5;2021-06-04;0;0;0;0;0;0;0;0;0;0
FR;5;2021-06-05;0;0;0;0;0;0;0;0;0;0
FR;5;2021-06-06;0;0;0;0;0;0;0;0;0;0
FR;5;2021-06-07;0;0;0;0;0;0;0;0;0;0
FR;5;2021-06-08;0;0;0;0;0;0;0;0;0;0
FR;5;2021-06-09;0;0;0;0;0;0;0;0;0;0
FR;5;2021-06-10;0;0;0;0;0;0;0;0;0;0
FR;5;2021-06-11;0;0;0;0;0;0;0;0;0;0
FR;5;2021-06-12;0;0;0;0;0;0;0;0;0;0
FR;5;2021-06-13;0;0;0;0;0;0;0;0;0;0
FR;5;2021-06-14;0;0;0;0;0;0;0;0;0;0
FR;5;2021-06-15;0;0;0;0;0;0;0;0;0;0
FR;5;2021-06-16;0;0;0;0;0;0;0;0;0;0
FR;5;2021-06-17;0;0;0;0;0;0;0;0;0;0
FR;5;2021-06-18;0;0;0;0;0;0;0;0;0;0
FR;5;2021-06-19;0;0;0;0;0;0;0;0;0;0
FR;5;2021-06-20;0;0;0;0;0;0;0;0;0;0
FR;5;2021-06-21;0;0;0;0;0;0;0;0;0;0
FR;5;2021-06-22;0;0;0;0;0;0;0;0;0;0
FR;5;2021-06-23;0;0;0;0;0;0;0;0;0;0
FR;5;2021-06-24;0;0;0;0;0;0;0;0;0;0
FR;5;2021-06-25;0;0;0;0;0;0;0;0;0;0
FR;5;2021-06-26;0;0;0;0;0;0;0;0;0;0
FR;5;2021-06-27;0;0;0;0;0;0;0;0;0;0
FR;5;2021-06-28;0;0;0;0;0;0;0;0;0;0
FR;5;2021-06-29;0;0;0;0;0;0;0;0;0;0
FR;5;2021-06-30;0;0;0;0;0;0;0;0;0;0
FR;5;2021-07-01;0;0;0;0;0;0;0;0;0;0
FR;5;2021-07-02;0;0;0;0;0;0;0;0;0;0
FR;5;2021-07-03;0;0;0;0;0;0;0;0;0;0
FR;5;2021-07-04;0;0;0;0;0;0;0;0;0;0
FR;5;2021-07-05;0;0;0;0;0;0;0;0;0;0
FR;5;2021-07-06;0;0;0;0;0;0;0;0;0;0
FR;5;2021-07-07;0;0;0;0;0;0;0;0;0;0
FR;5;2021-07-08;0;0;0;0;0;0;0;0;0;0
FR;5;2021-07-09;0;0;0;0;0;0;0;0;0;0
FR;5;2021-07-10;0;0;0;0;0;0;0;0;0;0
FR;5;2021-07-11;0;0;0;0;0;0;0;0;0;0
FR;5;2021-07-12;0;0;0;0;0;0;0;0;0;0
FR;5;2021-07-13;0;0;0;0;0;0;0;0;0;0
FR;5;2021-07-14;0;0;0;0;0;0;0;0;0;0
FR;5;2021-07-15;0;0;0;0;0;0;0;0;0;0
FR;5;2021-07-16;0;0;0;0;0;0;0;0;0;0
FR;5;2021-07-17;0;0;0;0;0;0;0;0;0;0
FR;5;2021-07-18;0;0;0;0;0;0;0;0;0;0
FR;5;2021-07-19;0;0;0;0;0;0;0;0;0;0
FR;5;2021-07-20;0;0;0;0;0;0;0;0;0;0
FR;5;2021-07-21;0;0;0;0;0;0;0;0;0;0
FR;5;2021-07-22;0;0;0;0;0;0;0;0;0;0
FR;5;2021-07-23;0;0;0;0;0;0;0;0;0;0
FR;5;2021-07-24;0;0;0;0;0;0;0;0;0;0
FR;5;2021-07-25;0;0;0;0;0;0;0;0;0;0
FR;5;2021-07-26;0;0;0;0;0;0;0;0;0;0
FR;5;2021-07-27;0;0;0;0;0;0;0;0;0;0
FR;5;2021-07-28;0;0;0;0;0;0;0;0;0;0
FR;5;2021-07-29;0;0;0;0;0;0;0;0;0;0
FR;5;2021-07-30;0;0;0;0;0;0;0;0;0;0
FR;5;2021-07-31;0;0;0;0;0;0;0;0;0;0
FR;5;2021-08-01;0;0;0;0;0;0;0;0;0;0
FR;5;2021-08-02;0;0;0;0;0;0;0;0;0;0
FR;5;2021-08-03;0;0;0;0;0;0;0;0;0;0
FR;5;2021-08-04;0;0;0;0;0;0;0;0;0;0
FR;5;2021-08-05;0;0;0;0;0;0;0;0;0;0
FR;5;2021-08-06;0;0;0;0;0;0;0;0;0;0
FR;5;2021-08-07;0;0;0;0;0;0;0;0;0;0
FR;5;2021-08-08;0;0;0;0;0;0;0;0;0;0
FR;5;2021-08-09;0;0;0;0;0;0;0;0;0;0
FR;5;2021-08-10;0;0;0;0;0;0;0;0;0;0
FR;5;2021-08-11;0;0;0;0;0;0;0;0;0;0
FR;5;2021-08-12;0;0;0;0;0;0;0;0;0;0
FR;5;2021-08-13;0;0;0;0;0;0;0;0;0;0
FR;5;2021-08-14;0;0;0;0;0;0;0;0;0;0
FR;5;2021-08-15;0;0;0;0;0;0;0;0;0;0
FR;5;2021-08-16;0;0;0;0;0;0;0;0;0;0
FR;5;2021-08-17;0;0;0;0;0;0;0;0;0;0
FR;5;2021-08-18;0;0;0;0;0;0;0;0;0;0
FR;5;2021-08-19;0;0;0;0;0;0;0;0;0;0
FR;5;2021-08-20;0;0;0;0;0;0;0;0;0;0
FR;5;2021-08-21;0;0;0;0;0;0;0;0;0;0
FR;5;2021-08-22;0;0;0;0;0;0;0;0;0;0
FR;5;2021-08-23;0;0;0;0;0;0;0;0;0;0
FR;5;2021-08-24;0;0;0;0;0;0;0;0;0;0
FR;5;2021-08-25;0;0;0;0;0;0;0;0;0;0
FR;5;2021-08-26;0;0;0;0;0;0;0;0;0;0
FR;5;2021-08-27;0;0;0;0;0;0;0;0;0;0
FR;5;2021-08-28;0;0;0;0;0;0;0;0;0;0
FR;5;2021-08-29;0;0;0;0;0;0;0;0;0;0
FR;5;2021-08-30;0;0;0;0;0;0;0;0;0;0
FR;5;2021-08-31;0;0;0;0;0;0;0;0;0;0
FR;5;2021-09-01;0;0;0;0;0;0;0;0;0;0
FR;5;2021-09-02;0;0;0;0;0;0;0;0;0;0
FR;5;2021-09-03;0;0;0;0;0;0;0;0;0;0
FR;5;2021-09-04;0;0;0;0;0;0;0;0;0;0
FR;5;2021-09-05;0;0;0;0;0;0;0;0;0;0
FR;5;2021-09-06;0;0;0;0;0;0;0;0;0;0
FR;5;2021-09-07;0;0;0;0;0;0;0;0;0;0
FR;5;2021-09-08;0;0;0;0;0;0;0;0;0;0
FR;5;2021-09-09;0;0;0;0;0;0;0;0;0;0
FR;5;2021-09-10;0;0;0;0;0;0;0;0;0;0
FR;5;2021-09-11;0;0;0;0;0;0;0;0;0;0
FR;5;2021-09-12;0;0;0;0;0;0;0;0;0;0
FR;5;2021-09-13;0;0;0;0;0;0;0;0;0;0
FR;5;2021-09-14;0;0;0;0;0;0;0;0;0;0
FR;5;2021-09-15;0;0;0;0;0;0;0;0;0;0
FR;5;2021-09-16;0;0;0;0;0;0;0;0;0;0
FR;5;2021-09-17;0;0;0;0;0;0;0;0;0;0
FR;5;2021-09-18;0;0;0;0;0;0;0;0;0;0
FR;5;2021-09-19;0;0;0;0;0;0;0;0;0;0
FR;5;2021-09-20;0;0;0;0;0;0;0;0;0;0
FR;5;2021-09-21;0;0;0;0;0;0;0;0;0;0
FR;5;2021-09-22;0;0;0;0;0;0;0;0;0;0
FR;5;2021-09-23;0;0;0;0;0;0;0;0;0;0
FR;5;2021-09-24;0;0;0;0;0;0;0;0;0;0
FR;5;2021-09-25;0;0;0;0;0;0;0;0;0;0
FR;5;2021-09-26;0;0;0;0;0;0;0;0;0;0
FR;5;2021-09-27;0;0;0;0;0;0;0;0;0;0
FR;5;2021-09-28;0;0;0;0;0;0;0;0;0;0
FR;5;2021-09-29;0;0;0;0;0;0;0;0;0;0
FR;5;2021-09-30;0;0;0;0;0;0;0;0;0;0
FR;5;2021-10-01;0;0;0;0;0;0;0;0;0;0
FR;5;2021-10-02;0;0;0;0;0;0;0;0;0;0
FR;5;2021-10-03;0;0;0;0;0;0;0;0;0;0
FR;5;2021-10-04;0;0;0;0;0;0;0;0;0;0
FR;5;2021-10-05;0;0;0;0;0;0;0;0;0;0
FR;5;2021-10-06;0;0;0;0;0;0;0;0;0;0
FR;5;2021-10-07;0;0;0;0;0;0;0;0;0;0
FR;5;2021-10-08;0;0;0;0;0;0;0;0;0;0
FR;5;2021-10-09;0;0;0;0;0;0;0;0;0;0
FR;5;2021-10-10;0;0;0;0;0;0;0;0;0;0
FR;5;2021-10-11;0;0;0;0;0;0;0;0;0;0
FR;5;2021-10-12;0;0;0;0;0;0;0;0;0;0
FR;5;2021-10-13;0;0;0;0;0;0;0;0;0;0
FR;5;2021-10-14;0;0;0;0;0;0;0;0;0;0
FR;5;2021-10-15;0;0;0;0;0;0;0;0;0;0
FR;5;2021-10-16;0;0;0;0;0;0;0;0;0;0
FR;5;2021-10-17;0;0;0;0;0;0;0;0;0;0
FR;5;2021-10-18;0;0;0;0;0;0;0;0;0;0
FR;5;2021-10-19;0;0;0;0;0;0;0;0;0;0
FR;5;2021-10-20;0;0;0;0;0;0;0;0;0;0
FR;5;2021-10-21;0;0;0;0;0;0;0;0;0;0
FR;5;2021-10-22;0;0;0;0;0;0;0;0;0;0
FR;5;2021-10-23;0;0;0;0;0;0;0;0;0;0
FR;5;2021-10-24;0;0;0;0;0;0;0;0;0;0
FR;5;2021-10-25;0;0;0;0;0;0;0;0;0;0
FR;5;2021-10-26;0;0;0;0;0;0;0;0;0;0
FR;5;2021-10-27;0;0;0;0;0;0;0;0;0;0
FR;5;2021-10-28;0;0;0;0;0;0;0;0;0;0
FR;5;2021-10-29;0;0;0;0;0;0;0;0;0;0
FR;5;2021-10-30;0;0;0;0;0;0;0;0;0;0
FR;5;2021-10-31;0;0;0;0;0;0;0;0;0;0
FR;5;2021-11-01;0;0;0;0;0;0;0;0;0;0
FR;5;2021-11-02;0;0;0;0;0;0;0;0;0;0
FR;5;2021-11-03;0;0;0;0;0;0;0;0;0;0
FR;5;2021-11-04;0;0;0;0;0;0;0;0;0;0
FR;5;2021-11-05;0;0;0;0;0;0;0;0;0;0
FR;5;2021-11-06;0;0;0;0;0;0;0;0;0;0
FR;5;2021-11-07;0;0;0;0;0;0;0;0;0;0
FR;5;2021-11-08;0;0;0;0;0;0;0;0;0;0
FR;5;2021-11-09;0;0;0;0;0;0;0;0;0;0
FR;5;2021-11-10;0;0;0;0;0;0;0;0;0;0
FR;5;2021-11-11;0;0;0;0;0;0;0;0;0;0
FR;5;2021-11-12;0;0;0;0;0;0;0;0;0;0
FR;5;2021-11-13;0;0;0;0;0;0;0;0;0;0
FR;5;2021-11-14;0;0;0;0;0;0;0;0;0;0
FR;5;2021-11-15;0;0;0;0;0;0;0;0;0;0
FR;5;2021-11-16;0;0;0;0;0;0;0;0;0;0
FR;5;2021-11-17;0;0;0;0;0;0;0;0;0;0
FR;5;2021-11-18;0;0;0;0;0;0;0;0;0;0
FR;5;2021-11-19;0;0;0;0;0;0;0;0;0;0
FR;5;2021-11-20;0;0;0;0;0;0;0;0;0;0
FR;5;2021-11-21;0;0;0;0;0;0;0;0;0;0
FR;5;2021-11-22;0;0;0;0;0;0;0;0;0;0
FR;5;2021-11-23;0;0;0;0;0;0;0;0;0;0
FR;5;2021-11-24;0;0;0;0;0;0;0;0;0;0
FR;5;2021-11-25;0;0;0;0;0;0;0;0;0;0
FR;5;2021-11-26;0;0;0;0;0;0;0;0;0;0
FR;5;2021-11-27;0;0;0;0;0;0;0;0;0;0
FR;5;2021-11-28;0;0;0;0;0;0;0;0;0;0
FR;5;2021-11-29;0;0;0;0;0;0;0;0;0;0
FR;5;2021-11-30;0;0;0;0;0;0;0;0;0;0
FR;5;2021-12-01;0;0;0;0;0;0;0;0;0;0
FR;5;2021-12-02;0;0;0;0;0;0;0;0;0;0
FR;5;2021-12-03;0;0;0;0;0;0;0;0;0;0
FR;5;2021-12-04;0;0;0;0;0;0;0;0;0;0
FR;5;2021-12-05;0;0;0;0;0;0;0;0;0;0
FR;5;2021-12-06;0;0;0;0;0;0;0;0;0;0
FR;5;2021-12-07;0;0;0;0;0;0;0;0;0;0
FR;5;2021-12-08;0;0;0;0;0;0;0;0;0;0
FR;5;2021-12-09;0;0;0;0;0;0;0;0;0;0
FR;5;2021-12-10;0;0;0;0;0;0;0;0;0;0
FR;5;2021-12-11;0;0;0;0;0;0;0;0;0;0
FR;5;2021-12-12;0;0;0;0;0;0;0;0;0;0
FR;5;2021-12-13;0;0;0;0;0;0;0;0;0;0
FR;5;2021-12-14;33;45;77;0;88;33;45;77;0;88
FR;5;2021-12-15;196;44;37;0;49;229;89;114;0;137
FR;5;2021-12-16;181;21;44;0;48;410;110;158;0;185
FR;5;2021-12-17;311;16;72;0;74;721;126;230;0;259
FR;5;2021-12-18;765;24;22;0;29;1486;150;252;0;288
FR;5;2021-12-19;586;15;15;0;17;2072;165;267;0;305
FR;5;2021-12-20;1223;31;35;0;38;3295;196;302;0;343
FR;5;2021-12-21;1537;22;54;1;60;4832;218;356;1;403
FR;5;2021-12-22;4069;40;37;0;46;8901;258;393;1;449
FR;5;2021-12-23;3042;16;21;0;25;11943;274;414;1;474
FR;5;2021-12-24;761;19;9;0;15;12704;293;423;1;489
FR;5;2021-12-25;61;5;2;0;3;12765;298;425;1;492
FR;5;2021-12-26;623;6;3;0;4;13388;304;428;1;496
FR;5;2021-12-27;4081;25;21;0;23;17469;329;449;1;519
FR;5;2021-12-28;5204;23;41;1;43;22673;352;490;2;562
FR;5;2021-12-29;8107;34;66;2;69;30780;386;556;4;631
FR;5;2021-12-30;5173;18;33;0;39;35953;404;589;4;670
FR;5;2021-12-31;1553;8;10;0;11;37506;412;599;4;681
FR;5;2022-01-01;185;2;2;0;3;37691;414;601;4;684
FR;5;2022-01-02;1489;1;1;0;1;39180;415;602;4;685
FR;5;2022-01-03;3062;36;33;0;32;42242;451;635;4;717
FR;5;2022-01-04;3033;39;33;0;42;45275;490;668;4;759
FR;5;2022-01-05;19323;203;97;1;108;64598;693;765;5;867
FR;5;2022-01-06;3746;133;122;0;142;68344;826;887;5;1009
FR;5;2022-01-07;5007;202;48;2;56;73351;1028;935;7;1065
FR;5;2022-01-08;13658;514;45;0;52;87009;1542;980;7;1117
FR;5;2022-01-09;5754;399;15;0;20;92763;1941;995;7;1137
FR;5;2022-01-10;3455;326;25;0;29;96218;2267;1020;7;1166
FR;5;2022-01-11;3672;284;38;0;41;99890;2551;1058;7;1207
FR;5;2022-01-12;22652;3005;90;0;113;122542;5556;1148;7;1320
FR;5;2022-01-13;4037;622;30;0;32;126579;6178;1178;7;1352
FR;5;2022-01-14;4843;582;44;0;51;131422;6760;1222;7;1403
FR;5;2022-01-15;14685;1746;38;3;49;146107;8506;1260;10;1452
FR;5;2022-01-16;4727;666;3;0;5;150834;9172;1263;10;1457
FR;5;2022-01-17;2297;716;26;0;29;153131;9888;1289;10;1486
FR;5;2022-01-18;2430;870;30;0;40;155561;10758;1319;10;1526
FR;5;2022-01-19;18482;6423;74;2;142;174043;17181;1393;12;1668
FR;5;2022-01-20;1920;1068;25;0;34;175963;18249;1418;12;1702
FR;5;2022-01-21;3076;1372;47;1;59;179039;19621;1465;13;1761
FR;5;2022-01-22;10721;3454;33;1;43;189760;23075;1498;14;1804
FR;5;2022-01-23;2629;1415;6;0;10;192389;24490;1504;14;1814
FR;5;2022-01-24;1160;1340;19;0;23;193549;25830;1523;14;1837
FR;5;2022-01-25;1220;1548;19;2;29;194769;27378;1542;16;1866
FR;5;2022-01-26;10752;12027;50;1;89;205521;39405;1592;17;1955
FR;5;2022-01-27;1292;1693;10;0;17;206813;41098;1602;17;1972
FR;5;2022-01-28;1699;3347;16;0;19;208512;44445;1618;17;1991
FR;5;2022-01-29;6238;8040;68;0;96;214750;52485;1686;17;2087
FR;5;2022-01-30;1509;2950;5;0;18;216259;55435;1691;17;2105
FR;5;2022-01-31;589;1773;23;0;24;216848;57208;1714;17;2129
FR;5;2022-02-01;712;1706;10;0;15;217560;58914;1724;17;2144
FR;5;2022-02-02;6957;15656;52;0;94;224517;74570;1776;17;2238
FR;5;2022-02-03;491;1690;14;0;13;225008;76260;1790;17;2251
FR;5;2022-02-04;945;3002;19;0;31;225953;79262;1809;17;2282
FR;5;2022-02-05;3535;8917;23;0;37;229488;88179;1832;17;2319
FR;5;2022-02-06;737;2397;10;0;19;230225;90576;1842;17;2338
FR;5;2022-02-07;884;1596;22;0;24;231109;92172;1864;17;2362
FR;5;2022-02-08;722;1287;18;0;20;231831;93459;1882;17;2382
FR;5;2022-02-09;4541;12877;44;0;76;236372;106336;1926;17;2458
FR;5;2022-02-10;646;1059;14;0;15;237018;107395;1940;17;2473
FR;5;2022-02-11;793;2031;16;0;21;237811;109426;1956;17;2494
FR;5;2022-02-12;2286;6811;33;0;53;240097;116237;1989;17;2547
FR;5;2022-02-13;464;1540;8;0;8;240561;117777;1997;17;2555
FR;5;2022-02-14;678;1288;10;0;13;241239;119065;2007;17;2568
FR;5;2022-02-15;482;886;9;0;14;241721;119951;2016;17;2582
FR;5;2022-02-16;2980;9123;41;1;58;244701;129074;2057;18;2640
FR;5;2022-02-17;436;809;6;0;7;245137;129883;2063;18;2647
FR;5;2022-02-18;649;1408;13;0;17;245786;131291;2076;18;2664
FR;5;2022-02-19;1373;4315;16;0;28;247159;135606;2092;18;2692
FR;5;2022-02-20;247;879;6;0;8;247406;136485;2098;18;2700
FR;5;2022-02-21;221;607;2;0;4;247627;137092;2100;18;2704
FR;5;2022-02-22;262;545;17;0;17;247889;137637;2117;18;2721
FR;5;2022-02-23;1909;6926;23;1;43;249798;144563;2140;19;2764
FR;5;2022-02-24;182;374;6;1;7;249980;144937;2146;20;2771
FR;5;2022-02-25;336;950;13;0;12;250316;145887;2159;20;2783
FR;5;2022-02-26;972;3070;10;0;14;251288;148957;2169;20;2797
FR;5;2022-02-27;149;506;0;0;3;251437;149463;2169;20;2800
FR;5;2022-02-28;162;369;1;0;1;251599;149832;2170;20;2801
FR;5;2022-03-01;130;280;6;0;7;251729;150112;2176;20;2808
FR;5;2022-03-02;1240;4156;28;3;40;252969;154268;2204;23;2848
FR;5;2022-03-03;121;251;5;0;10;253090;154519;2209;23;2858
FR;5;2022-03-04;194;488;13;0;14;253284;155007;2222;23;2872
FR;5;2022-03-05;677;1990;8;0;16;253961;156997;2230;23;2888
FR;5;2022-03-06;108;260;0;0;0;254069;157257;2230;23;2888
FR;5;2022-03-07;71;228;5;0;3;254140;157485;2235;23;2891
FR;5;2022-03-08;46;130;7;1;7;254186;157615;2242;24;2898
FR;5;2022-03-09;910;3078;24;0;36;255096;160693;2266;24;2934
FR;5;2022-03-10;82;202;8;0;12;255178;160895;2274;24;2946
FR;5;2022-03-11;148;369;13;1;15;255326;161264;2287;25;2961
FR;5;2022-03-12;758;1613;13;1;30;256084;162877;2300;26;2991
FR;5;2022-03-13;78;100;0;0;0;256162;162977;2300;26;2991
FR;5;2022-03-14;67;119;7;1;7;256229;163096;2307;27;2998
FR;5;2022-03-15;83;99;4;0;7;256312;163195;2311;27;3005
FR;5;2022-03-16;883;1827;15;3;36;257195;165022;2326;30;3041
FR;5;2022-03-17;68;123;8;4;10;257263;165145;2334;34;3051
FR;5;2022-03-18;172;318;13;4;18;257435;165463;2347;38;3069
FR;5;2022-03-19;751;1163;12;5;33;258186;166626;2359;43;3102
FR;5;2022-03-20;45;93;1;0;1;258231;166719;2360;43;3103
FR;5;2022-03-21;71;120;10;6;15;258302;166839;2370;49;3118
FR;5;2022-03-22;56;119;8;8;9;258358;166958;2378;57;3127
FR;5;2022-03-23;805;1461;14;8;36;259163;168419;2392;65;3163
FR;5;2022-03-24;70;93;8;7;7;259233;168512;2400;72;3170
FR;5;2022-03-25;222;291;14;8;18;259455;168803;2414;80;3188
FR;5;2022-03-26;707;853;12;5;26;260162;169656;2426;85;3214
FR;5;2022-03-27;75;80;0;0;3;260237;169736;2426;85;3217
FR;5;2022-03-28;81;91;1;2;3;260318;169827;2427;87;3220
FR;5;2022-03-29;71;82;10;4;12;260389;169909;2437;91;3232
FR;5;2022-03-30;823;1116;16;13;29;261212;171025;2453;104;3261
FR;5;2022-03-31;102;125;1;4;6;261314;171150;2454;108;3267
FR;5;2022-04-01;112;86;7;12;11;261426;171236;2461;120;3278
FR;5;2022-04-02;330;349;3;3;15;261756;171585;2464;123;3293
FR;5;2022-04-03;54;59;1;0;1;261810;171644;2465;123;3294
FR;5;2022-04-04;40;57;4;1;8;261850;171701;2469;124;3302
FR;5;2022-04-05;52;60;6;7;9;261902;171761;2475;131;3311
FR;5;2022-04-06;421;439;7;15;16;262323;172200;2482;146;3327
FR;5;2022-04-07;45;68;5;7;7;262368;172268;2487;153;3334
FR;5;2022-04-08;133;112;12;13;14;262501;172380;2499;166;3348
FR;5;2022-04-09;311;324;2;5;17;262812;172704;2501;171;3365
FR;5;2022-04-10;43;31;2;0;2;262855;172735;2503;171;3367
FR;5;2022-04-11;50;60;3;2;4;262905;172795;2506;173;3371
FR;5;2022-04-12;59;54;3;3;5;262964;172849;2509;176;3376
FR;5;2022-04-13;382;413;3;8;16;263346;173262;2512;184;3392
FR;5;2022-04-14;48;48;5;5;9;263394;173310;2517;189;3401
FR;5;2022-04-15;91;109;4;4;5;263485;173419;2521;193;3406
FR;5;2022-04-16;188;184;2;1;13;263673;173603;2523;194;3419
FR;5;2022-04-17;12;11;1;0;1;263685;173614;2524;194;3420
FR;5;2022-04-18;8;10;2;0;3;263693;173624;2526;194;3423
FR;5;2022-04-19;75;71;6;1;6;263768;173695;2532;195;3429
FR;5;2022-04-20;361;349;9;6;12;264129;174044;2541;201;3441
FR;5;2022-04-21;42;64;9;10;12;264171;174108;2550;211;3453
FR;5;2022-04-22;113;96;5;4;5;264284;174204;2555;215;3458
FR;5;2022-04-23;209;193;3;2;10;264493;174397;2558;217;3468
FR;5;2022-04-24;37;35;0;0;3;264530;174432;2558;217;3471
FR;5;2022-04-25;69;65;1;1;4;264599;174497;2559;218;3475
FR;5;2022-04-26;60;63;2;1;5;264659;174560;2561;219;3480
FR;5;2022-04-27;335;316;2;7;14;264994;174876;2563;226;3494
FR;5;2022-04-28;80;54;4;5;8;265074;174930;2567;231;3502
FR;5;2022-04-29;117;84;5;18;12;265191;175014;2572;249;3514
FR;5;2022-04-30;183;114;2;3;10;265374;175128;2574;252;3524
FR;5;2022-05-01;11;7;0;0;0;265385;175135;2574;252;3524
FR;5;2022-05-02;51;29;4;5;2;265436;175164;2578;257;3526
FR;5;2022-05-03;84;57;2;5;11;265520;175221;2580;262;3537
FR;5;2022-05-04;278;205;1;2;7;265798;175426;2581;264;3544
FR;5;2022-05-05;62;32;3;4;5;265860;175458;2584;268;3549
FR;5;2022-05-06;105;65;2;3;5;265965;175523;2586;271;3554
FR;5;2022-05-07;171;117;3;10;13;266136;175640;2589;281;3567
FR;5;2022-05-08;8;8;0;0;2;266144;175648;2589;281;3569
FR;5;2022-05-09;44;34;15;3;16;266188;175682;2604;284;3585
FR;5;2022-05-10;54;49;3;4;5;266242;175731;2607;288;3590
FR;5;2022-05-11;327;237;12;7;21;266569;175968;2619;295;3611
FR;5;2022-05-12;46;34;2;3;2;266615;176002;2621;298;3613
FR;5;2022-05-13;109;83;3;8;9;266724;176085;2624;306;3622
FR;5;2022-05-14;209;131;0;1;8;266933;176216;2624;307;3630
FR;5;2022-05-15;22;9;2;0;1;266955;176225;2626;307;3631
FR;5;2022-05-16;52;34;4;5;4;267007;176259;2630;312;3635
FR;5;2022-05-17;72;40;5;0;2;267079;176299;2635;312;3637
FR;5;2022-05-18;289;214;4;4;8;267368;176513;2639;316;3645
FR;5;2022-05-19;44;35;5;3;3;267412;176548;2644;319;3648
FR;5;2022-05-20;76;63;3;10;1;267488;176611;2647;329;3649
FR;5;2022-05-21;242;166;2;3;17;267730;176777;2649;332;3666
FR;5;2022-05-22;20;14;2;5;2;267750;176791;2651;337;3668
FR;5;2022-05-23;42;30;4;3;6;267792;176821;2655;340;3674
FR;5;2022-05-24;47;45;3;2;5;267839;176866;2658;342;3679
FR;5;2022-05-25;329;256;4;1;16;268168;177122;2662;343;3695
FR;5;2022-05-26;17;5;0;1;2;268185;177127;2662;344;3697
FR;5;2022-05-27;99;54;4;4;9;268284;177181;2666;348;3706
FR;5;2022-05-28;99;78;5;3;10;268383;177259;2671;351;3716
FR;5;2022-05-29;14;14;1;0;2;268397;177273;2672;351;3718
FR;5;2022-05-30;56;41;2;1;2;268453;177314;2674;352;3720
FR;5;2022-05-31;57;43;1;8;1;268510;177357;2675;360;3721
FR;5;2022-06-01;257;241;9;2;25;268767;177598;2684;362;3746
FR;5;2022-06-02;63;61;5;0;9;268830;177659;2689;362;3755
FR;5;2022-06-03;81;71;4;5;10;268911;177730;2693;367;3765
FR;5;2022-06-04;156;109;2;1;9;269067;177839;2695;368;3774
FR;5;2022-06-05;17;11;0;0;1;269084;177850;2695;368;3775
FR;5;2022-06-06;15;9;0;0;0;269099;177859;2695;368;3775
FR;5;2022-06-07;49;56;1;1;2;269148;177915;2696;369;3777
FR;5;2022-06-08;282;225;3;4;17;269430;178140;2699;373;3794
FR;5;2022-06-09;52;41;6;3;7;269482;178181;2705;376;3801
FR;5;2022-06-10;80;72;1;1;6;269562;178253;2706;377;3807
FR;5;2022-06-11;172;141;3;3;10;269734;178394;2709;380;3817
FR;5;2022-06-12;17;16;0;0;2;269751;178410;2709;380;3819
FR;5;2022-06-13;56;47;9;3;10;269807;178457;2718;383;3829
FR;5;2022-06-14;59;56;1;3;6;269866;178513;2719;386;3835
FR;5;2022-06-15;266;260;5;2;27;270132;178773;2724;388;3862
FR;5;2022-06-16;47;29;5;2;5;270179;178802;2729;390;3867
FR;5;2022-06-17;98;67;5;5;10;270277;178869;2734;395;3877
FR;5;2022-06-18;144;95;10;2;26;270421;178964;2744;397;3903
FR;5;2022-06-19;26;15;0;1;4;270447;178979;2744;398;3907
FR;5;2022-06-20;56;49;8;0;11;270503;179028;2752;398;3918
FR;5;2022-06-21;51;73;5;3;7;270554;179101;2757;401;3925
FR;5;2022-06-22;222;246;7;8;33;270776;179347;2764;409;3958
FR;5;2022-06-23;50;36;2;5;6;270826;179383;2766;414;3964
FR;5;2022-06-24;91;70;14;5;16;270917;179453;2780;419;3980
FR;5;2022-06-25;154;124;3;7;14;271071;179577;2783;426;3994
FR;5;2022-06-26;26;19;2;0;5;271097;179596;2785;426;3999
FR;5;2022-06-27;57;60;5;7;11;271154;179656;2790;433;4010
FR;5;2022-06-28;70;49;8;2;14;271224;179705;2798;435;4024
FR;5;2022-06-29;297;267;9;20;34;271521;179972;2807;455;4058
FR;5;2022-06-30;85;57;9;12;16;271606;180029;2816;467;4074
FR;5;2022-07-01;123;64;7;11;11;271729;180093;2823;478;4085
FR;5;2022-07-02;191;129;4;0;22;271920;180222;2827;478;4107
FR;5;2022-07-03;30;25;1;0;4;271950;180247;2828;478;4111
FR;5;2022-07-04;101;63;2;5;6;272051;180310;2830;483;4117
FR;5;2022-07-05;103;72;3;8;13;272154;180382;2833;491;4130
FR;5;2022-07-06;279;168;9;36;27;272433;180550;2842;527;4157
FR;5;2022-07-07;86;68;6;9;13;272519;180618;2848;536;4170
FR;5;2022-07-08;151;120;7;14;25;272670;180738;2855;550;4195
FR;5;2022-07-09;114;68;1;8;10;272784;180806;2856;558;4205
FR;5;2022-07-10;15;6;0;0;1;272799;180812;2856;558;4206
FR;5;2022-07-11;91;71;10;2;19;272890;180883;2866;560;4225
FR;5;2022-07-12;66;61;5;9;7;272956;180944;2871;569;4232
FR;5;2022-07-13;165;117;10;19;16;273121;181061;2881;588;4248
FR;5;2022-07-14;8;4;0;0;0;273129;181065;2881;588;4248
FR;5;2022-07-15;73;66;5;14;15;273202;181131;2886;602;4263
FR;5;2022-07-16;54;44;3;0;3;273256;181175;2889;602;4266
FR;5;2022-07-17;10;7;0;0;1;273266;181182;2889;602;4267
FR;5;2022-07-18;60;46;0;5;3;273326;181228;2889;607;4270
FR;5;2022-07-19;62;42;3;3;5;273388;181270;2892;610;4275
FR;5;2022-07-20;118;106;4;11;14;273506;181376;2896;621;4289
FR;5;2022-07-21;37;41;2;10;5;273543;181417;2898;631;4294
FR;5;2022-07-22;44;65;11;14;23;273587;181482;2909;645;4317
FR;5;2022-07-23;58;79;2;1;11;273645;181561;2911;646;4328
FR;5;2022-07-24;11;9;1;1;1;273656;181570;2912;647;4329
FR;5;2022-07-25;53;48;2;7;8;273709;181618;2914;654;4337
FR;5;2022-07-26;57;49;5;41;6;273766;181667;2919;695;4343
FR;5;2022-07-27;105;116;4;3;13;273871;181783;2923;698;4356
FR;5;2022-07-28;39;34;2;2;6;273910;181817;2925;700;4362
FR;6;2020-12-27;0;0;0;0;0;0;0;0;0;0
FR;6;2020-12-28;0;0;0;0;0;0;0;0;0;0
FR;6;2020-12-29;0;0;0;0;0;0;0;0;0;0
FR;6;2020-12-30;0;0;0;0;0;0;0;0;0;0
FR;6;2020-12-31;0;0;0;0;0;0;0;0;0;0
FR;6;2021-01-01;0;0;0;0;0;0;0;0;0;0
FR;6;2021-01-02;0;0;0;0;0;0;0;0;0;0
FR;6;2021-01-03;0;0;0;0;0;0;0;0;0;0
FR;6;2021-01-04;0;0;0;0;0;0;0;0;0;0
FR;6;2021-01-05;0;0;0;0;0;0;0;0;0;0
FR;6;2021-01-06;0;0;0;0;0;0;0;0;0;0
FR;6;2021-01-07;0;0;0;0;0;0;0;0;0;0
FR;6;2021-01-08;0;0;0;0;0;0;0;0;0;0
FR;6;2021-01-09;0;0;0;0;0;0;0;0;0;0
FR;6;2021-01-10;0;0;0;0;0;0;0;0;0;0
FR;6;2021-01-11;0;0;0;0;0;0;0;0;0;0
FR;6;2021-01-12;0;0;0;0;0;0;0;0;0;0
FR;6;2021-01-13;0;0;0;0;0;0;0;0;0;0
FR;6;2021-01-14;0;0;0;0;0;0;0;0;0;0
FR;6;2021-01-15;0;0;0;0;0;0;0;0;0;0
FR;6;2021-01-16;0;0;0;0;0;0;0;0;0;0
FR;6;2021-01-17;0;0;0;0;0;0;0;0;0;0
FR;6;2021-01-18;0;0;0;0;0;0;0;0;0;0
FR;6;2021-01-19;0;0;0;0;0;0;0;0;0;0
FR;6;2021-01-20;0;0;0;0;0;0;0;0;0;0
FR;6;2021-01-21;0;0;0;0;0;0;0;0;0;0
FR;6;2021-01-22;0;0;0;0;0;0;0;0;0;0
FR;6;2021-01-23;0;0;0;0;0;0;0;0;0;0
FR;6;2021-01-24;0;0;0;0;0;0;0;0;0;0
FR;6;2021-01-25;0;0;0;0;0;0;0;0;0;0
FR;6;2021-01-26;0;0;0;0;0;0;0;0;0;0
FR;6;2021-01-27;0;0;0;0;0;0;0;0;0;0
FR;6;2021-01-28;0;0;0;0;0;0;0;0;0;0
FR;6;2021-01-29;0;0;0;0;0;0;0;0;0;0
FR;6;2021-01-30;0;0;0;0;0;0;0;0;0;0
FR;6;2021-01-31;0;0;0;0;0;0;0;0;0;0
FR;6;2021-02-01;0;0;0;0;0;0;0;0;0;0
FR;6;2021-02-02;0;0;0;0;0;0;0;0;0;0
FR;6;2021-02-03;0;0;0;0;0;0;0;0;0;0
FR;6;2021-02-04;0;0;0;0;0;0;0;0;0;0
FR;6;2021-02-05;0;0;0;0;0;0;0;0;0;0
FR;6;2021-02-06;0;0;0;0;0;0;0;0;0;0
FR;6;2021-02-07;0;0;0;0;0;0;0;0;0;0
FR;6;2021-02-08;0;0;0;0;0;0;0;0;0;0
FR;6;2021-02-09;0;0;0;0;0;0;0;0;0;0
FR;6;2021-02-10;0;0;0;0;0;0;0;0;0;0
FR;6;2021-02-11;0;0;0;0;0;0;0;0;0;0
FR;6;2021-02-12;0;0;0;0;0;0;0;0;0;0
FR;6;2021-02-13;0;0;0;0;0;0;0;0;0;0
FR;6;2021-02-14;0;0;0;0;0;0;0;0;0;0
FR;6;2021-02-15;0;0;0;0;0;0;0;0;0;0
FR;6;2021-02-16;0;0;0;0;0;0;0;0;0;0
FR;6;2021-02-17;0;0;0;0;0;0;0;0;0;0
FR;6;2021-02-18;0;0;0;0;0;0;0;0;0;0
FR;6;2021-02-19;0;0;0;0;0;0;0;0;0;0
FR;6;2021-02-20;0;0;0;0;0;0;0;0;0;0
FR;6;2021-02-21;0;0;0;0;0;0;0;0;0;0
FR;6;2021-02-22;0;0;0;0;0;0;0;0;0;0
FR;6;2021-02-23;0;0;0;0;0;0;0;0;0;0
FR;6;2021-02-24;0;0;0;0;0;0;0;0;0;0
FR;6;2021-02-25;0;0;0;0;0;0;0;0;0;0
FR;6;2021-02-26;0;0;0;0;0;0;0;0;0;0
FR;6;2021-02-27;0;0;0;0;0;0;0;0;0;0
FR;6;2021-02-28;0;0;0;0;0;0;0;0;0;0
FR;6;2021-03-01;0;0;0;0;0;0;0;0;0;0
FR;6;2021-03-02;0;0;0;0;0;0;0;0;0;0
FR;6;2021-03-03;0;0;0;0;0;0;0;0;0;0
FR;6;2021-03-04;0;0;0;0;0;0;0;0;0;0
FR;6;2021-03-05;0;0;0;0;0;0;0;0;0;0
FR;6;2021-03-06;0;0;0;0;0;0;0;0;0;0
FR;6;2021-03-07;0;0;0;0;0;0;0;0;0;0
FR;6;2021-03-08;0;0;0;0;0;0;0;0;0;0
FR;6;2021-03-09;0;0;0;0;0;0;0;0;0;0
FR;6;2021-03-10;0;0;0;0;0;0;0;0;0;0
FR;6;2021-03-11;0;0;0;0;0;0;0;0;0;0
FR;6;2021-03-12;0;0;0;0;0;0;0;0;0;0
FR;6;2021-03-13;0;0;0;0;0;0;0;0;0;0
FR;6;2021-03-14;0;0;0;0;0;0;0;0;0;0
FR;6;2021-03-15;0;0;0;0;0;0;0;0;0;0
FR;6;2021-03-16;0;0;0;0;0;0;0;0;0;0
FR;6;2021-03-17;0;0;0;0;0;0;0;0;0;0
FR;6;2021-03-18;0;0;0;0;0;0;0;0;0;0
FR;6;2021-03-19;0;0;0;0;0;0;0;0;0;0
FR;6;2021-03-20;0;0;0;0;0;0;0;0;0;0
FR;6;2021-03-21;0;0;0;0;0;0;0;0;0;0
FR;6;2021-03-22;0;0;0;0;0;0;0;0;0;0
FR;6;2021-03-23;0;0;0;0;0;0;0;0;0;0
FR;6;2021-03-24;0;0;0;0;0;0;0;0;0;0
FR;6;2021-03-25;0;0;0;0;0;0;0;0;0;0
FR;6;2021-03-26;0;0;0;0;0;0;0;0;0;0
FR;6;2021-03-27;0;0;0;0;0;0;0;0;0;0
FR;6;2021-03-28;0;0;0;0;0;0;0;0;0;0
FR;6;2021-03-29;0;0;0;0;0;0;0;0;0;0
FR;6;2021-03-30;0;0;0;0;0;0;0;0;0;0
FR;6;2021-03-31;0;0;0;0;0;0;0;0;0;0
FR;6;2021-04-01;0;0;0;0;0;0;0;0;0;0
FR;6;2021-04-02;0;0;0;0;0;0;0;0;0;0
FR;6;2021-04-03;0;0;0;0;0;0;0;0;0;0
FR;6;2021-04-04;0;0;0;0;0;0;0;0;0;0
FR;6;2021-04-05;0;0;0;0;0;0;0;0;0;0
FR;6;2021-04-06;0;0;0;0;0;0;0;0;0;0
FR;6;2021-04-07;0;0;0;0;0;0;0;0;0;0
FR;6;2021-04-08;0;0;0;0;0;0;0;0;0;0
FR;6;2021-04-09;0;0;0;0;0;0;0;0;0;0
FR;6;2021-04-10;0;0;0;0;0;0;0;0;0;0
FR;6;2021-04-11;0;0;0;0;0;0;0;0;0;0
FR;6;2021-04-12;0;0;0;0;0;0;0;0;0;0
FR;6;2021-04-13;0;0;0;0;0;0;0;0;0;0
FR;6;2021-04-14;0;0;0;0;0;0;0;0;0;0
FR;6;2021-04-15;0;0;0;0;0;0;0;0;0;0
FR;6;2021-04-16;0;0;0;0;0;0;0;0;0;0
FR;6;2021-04-17;0;0;0;0;0;0;0;0;0;0
FR;6;2021-04-18;0;0;0;0;0;0;0;0;0;0
FR;6;2021-04-19;0;0;0;0;0;0;0;0;0;0
FR;6;2021-04-20;0;0;0;0;0;0;0;0;0;0
FR;6;2021-04-21;0;0;0;0;0;0;0;0;0;0
FR;6;2021-04-22;0;0;0;0;0;0;0;0;0;0
FR;6;2021-04-23;0;0;0;0;0;0;0;0;0;0
FR;6;2021-04-24;0;0;0;0;0;0;0;0;0;0
FR;6;2021-04-25;0;0;0;0;0;0;0;0;0;0
FR;6;2021-04-26;0;0;0;0;0;0;0;0;0;0
FR;6;2021-04-27;0;0;0;0;0;0;0;0;0;0
FR;6;2021-04-28;0;0;0;0;0;0;0;0;0;0
FR;6;2021-04-29;0;0;0;0;0;0;0;0;0;0
FR;6;2021-04-30;0;0;0;0;0;0;0;0;0;0
FR;6;2021-05-01;0;0;0;0;0;0;0;0;0;0
FR;6;2021-05-02;0;0;0;0;0;0;0;0;0;0
FR;6;2021-05-03;0;0;0;0;0;0;0;0;0;0
FR;6;2021-05-04;0;0;0;0;0;0;0;0;0;0
FR;6;2021-05-05;0;0;0;0;0;0;0;0;0;0
FR;6;2021-05-06;0;0;0;0;0;0;0;0;0;0
FR;6;2021-05-07;0;0;0;0;0;0;0;0;0;0
FR;6;2021-05-08;0;0;0;0;0;0;0;0;0;0
FR;6;2021-05-09;0;0;0;0;0;0;0;0;0;0
FR;6;2021-05-10;0;0;0;0;0;0;0;0;0;0
FR;6;2021-05-11;0;0;0;0;0;0;0;0;0;0
FR;6;2021-05-12;0;0;0;0;0;0;0;0;0;0
FR;6;2021-05-13;0;0;0;0;0;0;0;0;0;0
FR;6;2021-05-14;0;0;0;0;0;0;0;0;0;0
FR;6;2021-05-15;0;0;0;0;0;0;0;0;0;0
FR;6;2021-05-16;0;0;0;0;0;0;0;0;0;0
FR;6;2021-05-17;0;0;0;0;0;0;0;0;0;0
FR;6;2021-05-18;0;0;0;0;0;0;0;0;0;0
FR;6;2021-05-19;0;0;0;0;0;0;0;0;0;0
FR;6;2021-05-20;0;0;0;0;0;0;0;0;0;0
FR;6;2021-05-21;0;0;0;0;0;0;0;0;0;0
FR;6;2021-05-22;0;0;0;0;0;0;0;0;0;0
FR;6;2021-05-23;0;0;0;0;0;0;0;0;0;0
FR;6;2021-05-24;0;0;0;0;0;0;0;0;0;0
FR;6;2021-05-25;0;0;0;0;0;0;0;0;0;0
FR;6;2021-05-26;0;0;0;0;0;0;0;0;0;0
FR;6;2021-05-27;0;0;0;0;0;0;0;0;0;0
FR;6;2021-05-28;0;0;0;0;0;0;0;0;0;0
FR;6;2021-05-29;0;0;0;0;0;0;0;0;0;0
FR;6;2021-05-30;0;0;0;0;0;0;0;0;0;0
FR;6;2021-05-31;0;0;0;0;0;0;0;0;0;0
FR;6;2021-06-01;0;0;0;0;0;0;0;0;0;0
FR;6;2021-06-02;0;0;0;0;0;0;0;0;0;0
FR;6;2021-06-03;0;0;0;0;0;0;0;0;0;0
FR;6;2021-06-04;0;0;0;0;0;0;0;0;0;0
FR;6;2021-06-05;0;0;0;0;0;0;0;0;0;0
FR;6;2021-06-06;0;0;0;0;0;0;0;0;0;0
FR;6;2021-06-07;0;0;0;0;0;0;0;0;0;0
FR;6;2021-06-08;0;0;0;0;0;0;0;0;0;0
FR;6;2021-06-09;0;0;0;0;0;0;0;0;0;0
FR;6;2021-06-10;0;0;0;0;0;0;0;0;0;0
FR;6;2021-06-11;0;0;0;0;0;0;0;0;0;0
FR;6;2021-06-12;0;0;0;0;0;0;0;0;0;0
FR;6;2021-06-13;0;0;0;0;0;0;0;0;0;0
FR;6;2021-06-14;0;0;0;0;0;0;0;0;0;0
FR;6;2021-06-15;0;0;0;0;0;0;0;0;0;0
FR;6;2021-06-16;0;0;0;0;0;0;0;0;0;0
FR;6;2021-06-17;0;0;0;0;0;0;0;0;0;0
FR;6;2021-06-18;0;0;0;0;0;0;0;0;0;0
FR;6;2021-06-19;0;0;0;0;0;0;0;0;0;0
FR;6;2021-06-20;0;0;0;0;0;0;0;0;0;0
FR;6;2021-06-21;0;0;0;0;0;0;0;0;0;0
FR;6;2021-06-22;0;0;0;0;0;0;0;0;0;0
FR;6;2021-06-23;0;0;0;0;0;0;0;0;0;0
FR;6;2021-06-24;0;0;0;0;0;0;0;0;0;0
FR;6;2021-06-25;0;0;0;0;0;0;0;0;0;0
FR;6;2021-06-26;0;0;0;0;0;0;0;0;0;0
FR;6;2021-06-27;0;0;0;0;0;0;0;0;0;0
FR;6;2021-06-28;0;0;0;0;0;0;0;0;0;0
FR;6;2021-06-29;0;0;0;0;0;0;0;0;0;0
FR;6;2021-06-30;0;0;0;0;0;0;0;0;0;0
FR;6;2021-07-01;0;0;0;0;0;0;0;0;0;0
FR;6;2021-07-02;0;0;0;0;0;0;0;0;0;0
FR;6;2021-07-03;0;0;0;0;0;0;0;0;0;0
FR;6;2021-07-04;0;0;0;0;0;0;0;0;0;0
FR;6;2021-07-05;0;0;0;0;0;0;0;0;0;0
FR;6;2021-07-06;0;0;0;0;0;0;0;0;0;0
FR;6;2021-07-07;0;0;0;0;0;0;0;0;0;0
FR;6;2021-07-08;0;0;0;0;0;0;0;0;0;0
FR;6;2021-07-09;0;0;0;0;0;0;0;0;0;0
FR;6;2021-07-10;0;0;0;0;0;0;0;0;0;0
FR;6;2021-07-11;0;0;0;0;0;0;0;0;0;0
FR;6;2021-07-12;0;0;0;0;0;0;0;0;0;0
FR;6;2021-07-13;0;0;0;0;0;0;0;0;0;0
FR;6;2021-07-14;0;0;0;0;0;0;0;0;0;0
FR;6;2021-07-15;0;0;0;0;0;0;0;0;0;0
FR;6;2021-07-16;0;0;0;0;0;0;0;0;0;0
FR;6;2021-07-17;0;0;0;0;0;0;0;0;0;0
FR;6;2021-07-18;0;0;0;0;0;0;0;0;0;0
FR;6;2021-07-19;0;0;0;0;0;0;0;0;0;0
FR;6;2021-07-20;0;0;0;0;0;0;0;0;0;0
FR;6;2021-07-21;0;0;0;0;0;0;0;0;0;0
FR;6;2021-07-22;0;0;0;0;0;0;0;0;0;0
FR;6;2021-07-23;0;0;0;0;0;0;0;0;0;0
FR;6;2021-07-24;0;0;0;0;0;0;0;0;0;0
FR;6;2021-07-25;0;0;0;0;0;0;0;0;0;0
FR;6;2021-07-26;0;0;0;0;0;0;0;0;0;0
FR;6;2021-07-27;0;0;0;0;0;0;0;0;0;0
FR;6;2021-07-28;0;0;0;0;0;0;0;0;0;0
FR;6;2021-07-29;0;0;0;0;0;0;0;0;0;0
FR;6;2021-07-30;0;0;0;0;0;0;0;0;0;0
FR;6;2021-07-31;0;0;0;0;0;0;0;0;0;0
FR;6;2021-08-01;0;0;0;0;0;0;0;0;0;0
FR;6;2021-08-02;0;0;0;0;0;0;0;0;0;0
FR;6;2021-08-03;0;0;0;0;0;0;0;0;0;0
FR;6;2021-08-04;0;0;0;0;0;0;0;0;0;0
FR;6;2021-08-05;0;0;0;0;0;0;0;0;0;0
FR;6;2021-08-06;0;0;0;0;0;0;0;0;0;0
FR;6;2021-08-07;0;0;0;0;0;0;0;0;0;0
FR;6;2021-08-08;0;0;0;0;0;0;0;0;0;0
FR;6;2021-08-09;0;0;0;0;0;0;0;0;0;0
FR;6;2021-08-10;0;0;0;0;0;0;0;0;0;0
FR;6;2021-08-11;0;0;0;0;0;0;0;0;0;0
FR;6;2021-08-12;0;0;0;0;0;0;0;0;0;0
FR;6;2021-08-13;0;0;0;0;0;0;0;0;0;0
FR;6;2021-08-14;0;0;0;0;0;0;0;0;0;0
FR;6;2021-08-15;0;0;0;0;0;0;0;0;0;0
FR;6;2021-08-16;0;0;0;0;0;0;0;0;0;0
FR;6;2021-08-17;0;0;0;0;0;0;0;0;0;0
FR;6;2021-08-18;0;0;0;0;0;0;0;0;0;0
FR;6;2021-08-19;0;0;0;0;0;0;0;0;0;0
FR;6;2021-08-20;0;0;0;0;0;0;0;0;0;0
FR;6;2021-08-21;0;0;0;0;0;0;0;0;0;0
FR;6;2021-08-22;0;0;0;0;0;0;0;0;0;0
FR;6;2021-08-23;0;0;0;0;0;0;0;0;0;0
FR;6;2021-08-24;0;0;0;0;0;0;0;0;0;0
FR;6;2021-08-25;0;0;0;0;0;0;0;0;0;0
FR;6;2021-08-26;0;0;0;0;0;0;0;0;0;0
FR;6;2021-08-27;0;0;0;0;0;0;0;0;0;0
FR;6;2021-08-28;0;0;0;0;0;0;0;0;0;0
FR;6;2021-08-29;0;0;0;0;0;0;0;0;0;0
FR;6;2021-08-30;0;0;0;0;0;0;0;0;0;0
FR;6;2021-08-31;0;0;0;0;0;0;0;0;0;0
FR;6;2021-09-01;0;0;0;0;0;0;0;0;0;0
FR;6;2021-09-02;0;0;0;0;0;0;0;0;0;0
FR;6;2021-09-03;0;0;0;0;0;0;0;0;0;0
FR;6;2021-09-04;0;0;0;0;0;0;0;0;0;0
FR;6;2021-09-05;0;0;0;0;0;0;0;0;0;0
FR;6;2021-09-06;0;0;0;0;0;0;0;0;0;0
FR;6;2021-09-07;0;0;0;0;0;0;0;0;0;0
FR;6;2021-09-08;0;0;0;0;0;0;0;0;0;0
FR;6;2021-09-09;0;0;0;0;0;0;0;0;0;0
FR;6;2021-09-10;0;0;0;0;0;0;0;0;0;0
FR;6;2021-09-11;0;0;0;0;0;0;0;0;0;0
FR;6;2021-09-12;0;0;0;0;0;0;0;0;0;0
FR;6;2021-09-13;0;0;0;0;0;0;0;0;0;0
FR;6;2021-09-14;0;0;0;0;0;0;0;0;0;0
FR;6;2021-09-15;0;0;0;0;0;0;0;0;0;0
FR;6;2021-09-16;0;0;0;0;0;0;0;0;0;0
FR;6;2021-09-17;0;0;0;0;0;0;0;0;0;0
FR;6;2021-09-18;0;0;0;0;0;0;0;0;0;0
FR;6;2021-09-19;0;0;0;0;0;0;0;0;0;0
FR;6;2021-09-20;0;0;0;0;0;0;0;0;0;0
FR;6;2021-09-21;0;0;0;0;0;0;0;0;0;0
FR;6;2021-09-22;0;0;0;0;0;0;0;0;0;0
FR;6;2021-09-23;0;0;0;0;0;0;0;0;0;0
FR;6;2021-09-24;0;0;0;0;0;0;0;0;0;0
FR;6;2021-09-25;0;0;0;0;0;0;0;0;0;0
FR;6;2021-09-26;0;0;0;0;0;0;0;0;0;0
FR;6;2021-09-27;0;0;0;0;0;0;0;0;0;0
FR;6;2021-09-28;0;0;0;0;0;0;0;0;0;0
FR;6;2021-09-29;0;0;0;0;0;0;0;0;0;0
FR;6;2021-09-30;0;0;0;0;0;0;0;0;0;0
FR;6;2021-10-01;0;0;0;0;0;0;0;0;0;0
FR;6;2021-10-02;0;0;0;0;0;0;0;0;0;0
FR;6;2021-10-03;0;0;0;0;0;0;0;0;0;0
FR;6;2021-10-04;0;0;0;0;0;0;0;0;0;0
FR;6;2021-10-05;0;0;0;0;0;0;0;0;0;0
FR;6;2021-10-06;0;0;0;0;0;0;0;0;0;0
FR;6;2021-10-07;0;0;0;0;0;0;0;0;0;0
FR;6;2021-10-08;0;0;0;0;0;0;0;0;0;0
FR;6;2021-10-09;0;0;0;0;0;0;0;0;0;0
FR;6;2021-10-10;0;0;0;0;0;0;0;0;0;0
FR;6;2021-10-11;0;0;0;0;0;0;0;0;0;0
FR;6;2021-10-12;0;0;0;0;0;0;0;0;0;0
FR;6;2021-10-13;0;0;0;0;0;0;0;0;0;0
FR;6;2021-10-14;0;0;0;0;0;0;0;0;0;0
FR;6;2021-10-15;0;0;0;0;0;0;0;0;0;0
FR;6;2021-10-16;0;0;0;0;0;0;0;0;0;0
FR;6;2021-10-17;0;0;0;0;0;0;0;0;0;0
FR;6;2021-10-18;0;0;0;0;0;0;0;0;0;0
FR;6;2021-10-19;0;0;0;0;0;0;0;0;0;0
FR;6;2021-10-20;0;0;0;0;0;0;0;0;0;0
FR;6;2021-10-21;0;0;0;0;0;0;0;0;0;0
FR;6;2021-10-22;0;0;0;0;0;0;0;0;0;0
FR;6;2021-10-23;0;0;0;0;0;0;0;0;0;0
FR;6;2021-10-24;0;0;0;0;0;0;0;0;0;0
FR;6;2021-10-25;0;0;0;0;0;0;0;0;0;0
FR;6;2021-10-26;0;0;0;0;0;0;0;0;0;0
FR;6;2021-10-27;0;0;0;0;0;0;0;0;0;0
FR;6;2021-10-28;0;0;0;0;0;0;0;0;0;0
FR;6;2021-10-29;0;0;0;0;0;0;0;0;0;0
FR;6;2021-10-30;0;0;0;0;0;0;0;0;0;0
FR;6;2021-10-31;0;0;0;0;0;0;0;0;0;0
FR;6;2021-11-01;0;0;0;0;0;0;0;0;0;0
FR;6;2021-11-02;0;0;0;0;0;0;0;0;0;0
FR;6;2021-11-03;0;0;0;0;0;0;0;0;0;0
FR;6;2021-11-04;0;0;0;0;0;0;0;0;0;0
FR;6;2021-11-05;0;0;0;0;0;0;0;0;0;0
FR;6;2021-11-06;0;0;0;0;0;0;0;0;0;0
FR;6;2021-11-07;0;0;0;0;0;0;0;0;0;0
FR;6;2021-11-08;0;0;0;0;0;0;0;0;0;0
FR;6;2021-11-09;0;0;0;0;0;0;0;0;0;0
FR;6;2021-11-10;0;0;0;0;0;0;0;0;0;0
FR;6;2021-11-11;0;0;0;0;0;0;0;0;0;0
FR;6;2021-11-12;0;0;0;0;0;0;0;0;0;0
FR;6;2021-11-13;0;0;0;0;0;0;0;0;0;0
FR;6;2021-11-14;0;0;0;0;0;0;0;0;0;0
FR;6;2021-11-15;0;0;0;0;0;0;0;0;0;0
FR;6;2021-11-16;0;0;0;0;0;0;0;0;0;0
FR;6;2021-11-17;0;0;0;0;0;0;0;0;0;0
FR;6;2021-11-18;0;0;0;0;0;0;0;0;0;0
FR;6;2021-11-19;0;0;0;0;0;0;0;0;0;0
FR;6;2021-11-20;0;0;0;0;0;0;0;0;0;0
FR;6;2021-11-21;0;0;0;0;0;0;0;0;0;0
FR;6;2021-11-22;0;0;0;0;0;0;0;0;0;0
FR;6;2021-11-23;0;0;0;0;0;0;0;0;0;0
FR;6;2021-11-24;0;0;0;0;0;0;0;0;0;0
FR;6;2021-11-25;0;0;0;0;0;0;0;0;0;0
FR;6;2021-11-26;0;0;0;0;0;0;0;0;0;0
FR;6;2021-11-27;0;0;0;0;0;0;0;0;0;0
FR;6;2021-11-28;0;0;0;0;0;0;0;0;0;0
FR;6;2021-11-29;0;0;0;0;0;0;0;0;0;0
FR;6;2021-11-30;0;0;0;0;0;0;0;0;0;0
FR;6;2021-12-01;0;0;0;0;0;0;0;0;0;0
FR;6;2021-12-02;0;0;0;0;0;0;0;0;0;0
FR;6;2021-12-03;0;0;0;0;0;0;0;0;0;0
FR;6;2021-12-04;0;0;0;0;0;0;0;0;0;0
FR;6;2021-12-05;0;0;0;0;0;0;0;0;0;0
FR;6;2021-12-06;0;0;0;0;0;0;0;0;0;0
FR;6;2021-12-07;0;0;0;0;0;0;0;0;0;0
FR;6;2021-12-08;0;0;0;0;0;0;0;0;0;0
FR;6;2021-12-09;0;0;0;0;0;0;0;0;0;0
FR;6;2021-12-10;0;0;0;0;0;0;0;0;0;0
FR;6;2021-12-11;0;0;0;0;0;0;0;0;0;0
FR;6;2021-12-12;0;0;0;0;0;0;0;0;0;0
FR;6;2021-12-13;0;0;0;0;0;0;0;0;0;0
FR;6;2021-12-14;0;0;0;0;0;0;0;0;0;0
FR;6;2021-12-15;0;0;0;0;0;0;0;0;0;0
FR;6;2021-12-16;0;0;0;0;0;0;0;0;0;0
FR;6;2021-12-17;0;0;0;0;0;0;0;0;0;0
FR;6;2021-12-18;0;0;0;0;0;0;0;0;0;0
FR;6;2021-12-19;0;0;0;0;0;0;0;0;0;0
FR;6;2021-12-20;0;0;0;0;0;0;0;0;0;0
FR;6;2021-12-21;0;0;0;0;0;0;0;0;0;0
FR;6;2021-12-22;0;0;0;0;0;0;0;0;0;0
FR;6;2021-12-23;0;0;0;0;0;0;0;0;0;0
FR;6;2021-12-24;0;0;0;0;0;0;0;0;0;0
FR;6;2021-12-25;0;0;0;0;0;0;0;0;0;0
FR;6;2021-12-26;0;0;0;0;0;0;0;0;0;0
FR;6;2021-12-27;0;0;0;0;0;0;0;0;0;0
FR;6;2021-12-28;0;0;0;0;0;0;0;0;0;0
FR;6;2021-12-29;0;0;0;0;0;0;0;0;0;0
FR;6;2021-12-30;0;0;0;0;0;0;0;0;0;0
FR;6;2021-12-31;0;0;0;0;0;0;0;0;0;0
FR;6;2022-01-01;0;0;0;0;0;0;0;0;0;0
FR;6;2022-01-02;0;0;0;0;0;0;0;0;0;0
FR;6;2022-01-03;0;0;0;0;0;0;0;0;0;0
FR;6;2022-01-04;0;0;0;0;0;0;0;0;0;0
FR;6;2022-01-05;0;0;0;0;0;0;0;0;0;0
FR;6;2022-01-06;0;0;0;0;0;0;0;0;0;0
FR;6;2022-01-07;0;0;0;0;0;0;0;0;0;0
FR;6;2022-01-08;0;0;0;0;0;0;0;0;0;0
FR;6;2022-01-09;0;0;0;0;0;0;0;0;0;0
FR;6;2022-01-10;0;0;0;0;0;0;0;0;0;0
FR;6;2022-01-11;0;0;0;0;0;0;0;0;0;0
FR;6;2022-01-12;0;0;0;0;0;0;0;0;0;0
FR;6;2022-01-13;0;0;0;0;0;0;0;0;0;0
FR;6;2022-01-14;0;0;0;0;0;0;0;0;0;0
FR;6;2022-01-15;0;0;0;0;0;0;0;0;0;0
FR;6;2022-01-16;0;0;0;0;0;0;0;0;0;0
FR;6;2022-01-17;0;0;0;0;0;0;0;0;0;0
FR;6;2022-01-18;0;0;0;0;0;0;0;0;0;0
FR;6;2022-01-19;0;0;0;0;0;0;0;0;0;0
FR;6;2022-01-20;0;0;0;0;0;0;0;0;0;0
FR;6;2022-01-21;0;0;0;0;0;0;0;0;0;0
FR;6;2022-01-22;0;0;0;0;0;0;0;0;0;0
FR;6;2022-01-23;0;0;0;0;0;0;0;0;0;0
FR;6;2022-01-24;0;0;0;0;0;0;0;0;0;0
FR;6;2022-01-25;0;0;0;0;0;0;0;0;0;0
FR;6;2022-01-26;0;0;0;0;0;0;0;0;0;0
FR;6;2022-01-27;0;0;0;0;0;0;0;0;0;0
FR;6;2022-01-28;0;0;0;0;0;0;0;0;0;0
FR;6;2022-01-29;0;0;0;0;0;0;0;0;0;0
FR;6;2022-01-30;0;0;0;0;0;0;0;0;0;0
FR;6;2022-01-31;0;0;0;0;0;0;0;0;0;0
FR;6;2022-02-01;0;0;0;0;0;0;0;0;0;0
FR;6;2022-02-02;0;0;0;0;0;0;0;0;0;0
FR;6;2022-02-03;0;0;0;0;0;0;0;0;0;0
FR;6;2022-02-04;0;0;0;0;0;0;0;0;0;0
FR;6;2022-02-05;0;0;0;0;0;0;0;0;0;0
FR;6;2022-02-06;0;0;0;0;0;0;0;0;0;0
FR;6;2022-02-07;0;0;0;0;0;0;0;0;0;0
FR;6;2022-02-08;0;0;0;0;0;0;0;0;0;0
FR;6;2022-02-09;0;0;0;0;0;0;0;0;0;0
FR;6;2022-02-10;0;0;0;0;0;0;0;0;0;0
FR;6;2022-02-11;0;0;0;0;0;0;0;0;0;0
FR;6;2022-02-12;0;0;0;0;0;0;0;0;0;0
FR;6;2022-02-13;0;0;0;0;0;0;0;0;0;0
FR;6;2022-02-14;0;0;0;0;0;0;0;0;0;0
FR;6;2022-02-15;0;0;0;0;0;0;0;0;0;0
FR;6;2022-02-16;0;0;0;0;0;0;0;0;0;0
FR;6;2022-02-17;0;0;0;0;0;0;0;0;0;0
FR;6;2022-02-18;0;0;0;0;0;0;0;0;0;0
FR;6;2022-02-19;0;0;0;0;0;0;0;0;0;0
FR;6;2022-02-20;0;0;0;0;0;0;0;0;0;0
FR;6;2022-02-21;0;0;0;0;0;0;0;0;0;0
FR;6;2022-02-22;0;0;0;0;0;0;0;0;0;0
FR;6;2022-02-23;0;0;0;0;0;0;0;0;0;0
FR;6;2022-02-24;0;0;0;0;0;0;0;0;0;0
FR;6;2022-02-25;0;0;0;0;0;0;0;0;0;0
FR;6;2022-02-26;1;0;0;0;0;1;0;0;0;0
FR;6;2022-02-27;0;0;0;0;0;1;0;0;0;0
FR;6;2022-02-28;0;0;0;0;0;1;0;0;0;0
FR;6;2022-03-01;3;0;0;0;0;4;0;0;0;0
FR;6;2022-03-02;97;9;2;0;7;101;9;2;0;7
FR;6;2022-03-03;0;0;0;0;0;101;9;2;0;7
FR;6;2022-03-04;91;4;0;0;4;192;13;2;0;11
FR;6;2022-03-05;391;23;2;0;14;583;36;4;0;25
FR;6;2022-03-06;7;1;0;0;0;590;37;4;0;25
FR;6;2022-03-07;337;19;0;0;13;927;56;4;0;38
FR;6;2022-03-08;230;14;0;0;5;1157;70;4;0;43
FR;6;2022-03-09;519;29;2;0;21;1676;99;6;0;64
FR;6;2022-03-10;206;19;0;1;12;1882;118;6;1;76
FR;6;2022-03-11;328;21;6;0;21;2210;139;12;1;97
FR;6;2022-03-12;518;25;1;0;20;2728;164;13;1;117
FR;6;2022-03-13;40;2;0;0;1;2768;166;13;1;118
FR;6;2022-03-14;201;4;2;0;3;2969;170;15;1;121
FR;6;2022-03-15;112;11;2;0;9;3081;181;17;1;130
FR;6;2022-03-16;310;17;1;1;14;3391;198;18;2;144
FR;6;2022-03-17;117;6;1;2;4;3508;204;19;4;148
FR;6;2022-03-18;215;10;0;0;6;3723;214;19;4;154
FR;6;2022-03-19;307;19;2;0;9;4030;233;21;4;163
FR;6;2022-03-20;15;5;0;0;1;4045;238;21;4;164
FR;6;2022-03-21;132;23;1;0;4;4177;261;22;4;168
FR;6;2022-03-22;97;15;0;0;4;4274;276;22;4;172
FR;6;2022-03-23;226;108;3;0;14;4500;384;25;4;186
FR;6;2022-03-24;100;15;1;3;4;4600;399;26;7;190
FR;6;2022-03-25;203;141;2;1;15;4803;540;28;8;205
FR;6;2022-03-26;331;295;7;1;19;5134;835;35;9;224
FR;6;2022-03-27;32;30;1;0;1;5166;865;36;9;225
FR;6;2022-03-28;200;208;8;1;17;5366;1073;44;10;242
FR;6;2022-03-29;124;189;12;2;12;5490;1262;56;12;254
FR;6;2022-03-30;305;476;10;2;22;5795;1738;66;14;276
FR;6;2022-03-31;123;140;10;0;14;5918;1878;76;14;290
FR;6;2022-04-01;195;150;11;2;23;6113;2028;87;16;313
FR;6;2022-04-02;205;241;9;1;13;6318;2269;96;17;326
FR;6;2022-04-03;17;21;0;0;1;6335;2290;96;17;327
FR;6;2022-04-04;137;114;6;1;9;6472;2404;102;18;336
FR;6;2022-04-05;145;88;15;1;11;6617;2492;117;19;347
FR;6;2022-04-06;204;245;22;26;27;6821;2737;139;45;374
FR;6;2022-04-07;127;96;15;9;17;6948;2833;154;54;391
FR;6;2022-04-08;199;170;16;3;17;7147;3003;170;57;408
FR;6;2022-04-09;145;139;6;12;13;7292;3142;176;69;421
FR;6;2022-04-10;10;20;3;0;1;7302;3162;179;69;422
FR;6;2022-04-11;101;106;4;0;5;7403;3268;183;69;427
FR;6;2022-04-12;136;75;5;8;10;7539;3343;188;77;437
FR;6;2022-04-13;162;175;7;5;13;7701;3518;195;82;450
FR;6;2022-04-14;100;103;5;10;8;7801;3621;200;92;458
FR;6;2022-04-15;159;148;11;7;19;7960;3769;211;99;477
FR;6;2022-04-16;127;132;5;0;14;8087;3901;216;99;491
FR;6;2022-04-17;8;9;4;0;4;8095;3910;220;99;495
FR;6;2022-04-18;8;15;3;0;4;8103;3925;223;99;499
FR;6;2022-04-19;97;112;4;3;3;8200;4037;227;102;502
FR;6;2022-04-20;177;227;8;7;15;8377;4264;235;109;517
FR;6;2022-04-21;111;93;8;4;11;8488;4357;243;113;528
FR;6;2022-04-22;138;160;13;12;13;8626;4517;256;125;541
FR;6;2022-04-23;106;129;1;1;7;8732;4646;257;126;548
FR;6;2022-04-24;5;21;1;0;0;8737;4667;258;126;548
FR;6;2022-04-25;91;128;3;8;11;8828;4795;261;134;559
FR;6;2022-04-26;101;128;18;2;16;8929;4923;279;136;575
FR;6;2022-04-27;197;159;21;1;27;9126;5082;300;137;602
FR;6;2022-04-28;109;87;7;1;8;9235;5169;307;138;610
FR;6;2022-04-29;191;168;16;2;20;9426;5337;323;140;630
FR;6;2022-04-30;133;125;7;1;24;9559;5462;330;141;654
FR;6;2022-05-01;7;6;0;0;0;9566;5468;330;141;654
FR;6;2022-05-02;94;65;3;4;3;9660;5533;333;145;657
FR;6;2022-05-03;136;92;11;2;7;9796;5625;344;147;664
FR;6;2022-05-04;167;118;25;12;29;9963;5743;369;159;693
FR;6;2022-05-05;101;70;8;3;12;10064;5813;377;162;705
FR;6;2022-05-06;152;110;10;9;16;10216;5923;387;171;721
FR;6;2022-05-07;138;93;13;3;23;10354;6016;400;174;744
FR;6;2022-05-08;20;8;6;5;7;10374;6024;406;179;751
FR;6;2022-05-09;86;78;9;7;13;10460;6102;415;186;764
FR;6;2022-05-10;111;80;15;7;12;10571;6182;430;193;776
FR;6;2022-05-11;130;124;11;14;20;10701;6306;441;207;796
FR;6;2022-05-12;105;76;7;5;15;10806;6382;448;212;811
FR;6;2022-05-13;154;95;17;21;20;10960;6477;465;233;831
FR;6;2022-05-14;81;60;6;7;15;11041;6537;471;240;846
FR;6;2022-05-15;12;7;0;0;0;11053;6544;471;240;846
FR;6;2022-05-16;64;54;6;2;12;11117;6598;477;242;858
FR;6;2022-05-17;123;77;5;7;11;11240;6675;482;249;869
FR;6;2022-05-18;131;116;5;1;13;11371;6791;487;250;882
FR;6;2022-05-19;124;57;6;8;9;11495;6848;493;258;891
FR;6;2022-05-20;127;115;13;3;18;11622;6963;506;261;909
FR;6;2022-05-21;92;69;14;3;12;11714;7032;520;264;921
FR;6;2022-05-22;19;12;5;0;4;11733;7044;525;264;925
FR;6;2022-05-23;77;72;4;2;7;11810;7116;529;266;932
FR;6;2022-05-24;116;98;8;2;16;11926;7214;537;268;948
FR;6;2022-05-25;139;129;6;3;11;12065;7343;543;271;959
FR;6;2022-05-26;7;9;3;0;9;12072;7352;546;271;968
FR;6;2022-05-27;127;105;15;11;18;12199;7457;561;282;986
FR;6;2022-05-28;53;75;1;5;8;12252;7532;562;287;994
FR;6;2022-05-29;8;10;0;0;1;12260;7542;562;287;995
FR;6;2022-05-30;70;70;7;4;4;12330;7612;569;291;999
FR;6;2022-05-31;87;102;10;2;14;12417;7714;579;293;1013
FR;6;2022-06-01;97;89;10;1;11;12514;7803;589;294;1024
FR;6;2022-06-02;91;60;6;3;9;12605;7863;595;297;1033
FR;6;2022-06-03;126;102;13;7;21;12731;7965;608;304;1054
FR;6;2022-06-04;63;51;10;0;12;12794;8016;618;304;1066
FR;6;2022-06-05;16;15;2;1;4;12810;8031;620;305;1070
FR;6;2022-06-06;9;6;0;0;0;12819;8037;620;305;1070
FR;6;2022-06-07;79;90;3;4;8;12898;8127;623;309;1078
FR;6;2022-06-08;92;110;13;5;20;12990;8237;636;314;1098
FR;6;2022-06-09;75;81;15;3;15;13065;8318;651;317;1113
FR;6;2022-06-10;116;93;26;10;22;13181;8411;677;327;1135
FR;6;2022-06-11;83;62;6;10;12;13264;8473;683;337;1147
FR;6;2022-06-12;6;14;1;0;2;13270;8487;684;337;1149
FR;6;2022-06-13;74;59;18;1;7;13344;8546;702;338;1156
FR;6;2022-06-14;98;100;8;5;16;13442;8646;710;343;1172
FR;6;2022-06-15;80;85;7;8;15;13522;8731;717;351;1187
FR;6;2022-06-16;53;40;11;7;14;13575;8771;728;358;1201
FR;6;2022-06-17;85;84;3;13;11;13660;8855;731;371;1212
FR;6;2022-06-18;71;61;13;0;21;13731;8916;744;371;1233
FR;6;2022-06-19;6;6;3;0;4;13737;8922;747;371;1237
FR;6;2022-06-20;42;41;4;1;6;13779;8963;751;372;1243
FR;6;2022-06-21;59;73;10;7;17;13838;9036;761;379;1260
FR;6;2022-06-22;86;85;8;2;17;13924;9121;769;381;1277
FR;6;2022-06-23;64;39;13;7;15;13988;9160;782;388;1292
FR;6;2022-06-24;77;85;7;14;20;14065;9245;789;402;1312
FR;6;2022-06-25;67;61;4;3;8;14132;9306;793;405;1320
FR;6;2022-06-26;6;7;1;0;1;14138;9313;794;405;1321
FR;6;2022-06-27;53;50;4;9;12;14191;9363;798;414;1333
FR;6;2022-06-28;68;47;5;3;15;14259;9410;803;417;1348
FR;6;2022-06-29;97;117;26;37;19;14356;9527;829;454;1367
FR;6;2022-06-30;84;59;33;10;12;14440;9586;862;464;1379
FR;6;2022-07-01;113;94;25;33;18;14553;9680;887;497;1397
FR;6;2022-07-02;57;67;26;2;37;14610;9747;913;499;1434
FR;6;2022-07-03;11;4;4;3;4;14621;9751;917;502;1438
FR;6;2022-07-04;61;43;3;23;13;14682;9794;920;525;1451
FR;6;2022-07-05;65;53;19;67;27;14747;9847;939;592;1478
FR;6;2022-07-06;94;64;7;11;12;14841;9911;946;603;1490
FR;6;2022-07-07;93;79;42;37;14;14934;9990;988;640;1504
FR;6;2022-07-08;136;87;42;27;10;15070;10077;1030;667;1514
FR;6;2022-07-09;53;50;16;29;26;15123;10127;1046;696;1540
FR;6;2022-07-10;3;7;8;0;9;15126;10134;1054;696;1549
FR;6;2022-07-11;54;44;5;4;12;15180;10178;1059;700;1561
FR;6;2022-07-12;69;72;12;22;12;15249;10250;1071;722;1573
FR;6;2022-07-13;83;64;14;21;25;15332;10314;1085;743;1598
FR;6;2022-07-14;4;3;1;0;1;15336;10317;1086;743;1599
FR;6;2022-07-15;74;59;9;57;16;15410;10376;1095;800;1615
FR;6;2022-07-16;26;32;17;0;17;15436;10408;1112;800;1632
FR;6;2022-07-17;3;7;0;0;0;15439;10415;1112;800;1632
FR;6;2022-07-18;37;60;11;14;15;15476;10475;1123;814;1647
FR;6;2022-07-19;54;48;4;19;6;15530;10523;1127;833;1653
FR;6;2022-07-20;53;70;7;22;11;15583;10593;1134;855;1664
FR;6;2022-07-21;49;58;4;5;11;15632;10651;1138;860;1675
FR;6;2022-07-22;54;72;6;24;7;15686;10723;1144;884;1682
FR;6;2022-07-23;38;39;6;10;6;15724;10762;1150;894;1688
FR;6;2022-07-24;11;14;1;3;3;15735;10776;1151;897;1691
FR;6;2022-07-25;59;43;8;12;8;15794;10819;1159;909;1699
FR;6;2022-07-26;47;64;14;6;10;15841;10883;1173;915;1709
FR;6;2022-07-27;53;76;15;10;17;15894;10959;1188;925;1726
FR;6;2022-07-28;27;42;3;5;7;15921;11001;1191;930;1733
FR;0;2020-12-27;609;0;0;0;0;609;0;0;0;0
FR;0;2020-12-28;681;1;0;0;0;1290;1;0;0;0
FR;0;2020-12-29;382;0;0;0;0;1672;1;0;0;0
FR;0;2020-12-30;442;0;0;0;0;2114;1;0;0;0
FR;0;2020-12-31;439;1;0;0;0;2553;2;0;0;0
FR;0;2021-01-01;1151;2;0;0;0;3704;4;0;0;0
FR;0;2021-01-02;362;3;0;0;0;4066;7;0;0;0
FR;0;2021-01-03;402;0;0;0;0;4468;7;0;0;0
FR;0;2021-01-04;2103;3;0;0;0;6571;10;0;0;0
FR;0;2021-01-05;7746;3;0;0;0;14317;13;0;0;0
FR;0;2021-01-06;12454;16;0;0;0;26771;29;0;0;0
FR;0;2021-01-07;29459;16;0;0;0;56230;45;0;0;0
FR;0;2021-01-08;37140;16;0;0;0;93370;61;0;0;0
FR;0;2021-01-09;11212;7;0;0;0;104582;68;0;0;0
FR;0;2021-01-10;6003;5;0;0;0;110585;73;0;0;0
FR;0;2021-01-11;39933;20;0;0;0;150518;93;0;0;0
FR;0;2021-01-12;62135;19;0;0;0;212653;112;0;0;0
FR;0;2021-01-13;65116;39;0;0;0;277769;151;0;0;0
FR;0;2021-01-14;83117;132;0;0;0;360886;283;0;0;0
FR;0;2021-01-15;69005;51;0;0;0;429891;334;0;0;0
FR;0;2021-01-16;20214;73;0;0;0;450105;407;0;0;0
FR;0;2021-01-17;10985;50;0;0;0;461090;457;0;0;0
FR;0;2021-01-18;85898;169;0;0;0;546988;626;0;0;0
FR;0;2021-01-19;130595;184;0;0;0;677583;810;0;0;0
FR;0;2021-01-20;137542;187;0;0;0;815125;997;0;0;0
FR;0;2021-01-21;158396;177;0;0;0;973521;1174;0;0;0
FR;0;2021-01-22;121060;229;0;0;0;1094581;1403;0;0;0
FR;0;2021-01-23;38476;69;0;0;0;1133057;1472;0;0;0
FR;0;2021-01-24;9745;98;0;0;0;1142802;1570;0;0;0
FR;0;2021-01-25;78235;1325;0;0;0;1221037;2895;0;0;0
FR;0;2021-01-26;100372;3448;1;0;0;1321409;6343;1;0;0
FR;0;2021-01-27;107238;6066;0;0;0;1428647;12409;1;0;0
FR;0;2021-01-28;124348;15422;0;0;0;1552995;27831;1;0;0
FR;0;2021-01-29;92184;18041;0;0;0;1645179;45872;1;0;0
FR;0;2021-01-30;29121;4390;0;0;0;1674300;50262;1;0;0
FR;0;2021-01-31;5232;1803;0;0;0;1679532;52065;1;0;0
FR;0;2021-02-01;53119;21898;0;0;0;1732651;73963;1;0;0
FR;0;2021-02-02;72301;36519;0;0;0;1804952;110482;1;0;0
FR;0;2021-02-03;72302;38779;0;0;0;1877254;149261;1;0;0
FR;0;2021-02-04;82068;52726;0;0;0;1959322;201987;1;0;0
FR;0;2021-02-05;68227;46718;0;0;0;2027549;248705;1;0;0
FR;0;2021-02-06;23053;10992;0;0;0;2050602;259697;1;0;0
FR;0;2021-02-07;5186;5552;0;0;0;2055788;265249;1;0;0
FR;0;2021-02-08;46833;47525;0;0;0;2102621;312774;1;0;0
FR;0;2021-02-09;66003;75809;0;0;0;2168624;388583;1;0;0
FR;0;2021-02-10;71009;80588;0;0;0;2239633;469171;1;0;0
FR;0;2021-02-11;87273;102737;0;0;0;2326906;571908;1;0;0
FR;0;2021-02-12;79314;75414;0;0;0;2406220;647322;1;0;0
FR;0;2021-02-13;22375;19608;0;0;0;2428595;666930;1;0;0
FR;0;2021-02-14;5075;7349;0;0;0;2433670;674279;1;0;0
FR;0;2021-02-15;38089;76825;0;0;0;2471759;751104;1;0;0
FR;0;2021-02-16;50392;100593;0;0;0;2522151;851697;1;0;0
FR;0;2021-02-17;50524;105563;20;0;0;2572675;957260;21;0;0
FR;0;2021-02-18;69784;121708;0;0;0;2642459;1078968;21;0;0
FR;0;2021-02-19;65062;91557;1;0;0;2707521;1170525;22;0;0
FR;0;2021-02-20;18585;28692;0;0;0;2726106;1199217;22;0;0
FR;0;2021-02-21;3318;6199;0;0;0;2729424;1205416;22;0;0
FR;0;2021-02-22;37496;73354;2;0;0;2766920;1278770;24;0;0
FR;0;2021-02-23;53776;84954;1;0;0;2820696;1363724;25;0;0
FR;0;2021-02-24;60013;82239;1;0;0;2880709;1445963;26;0;0
FR;0;2021-02-25;100576;91442;1;0;0;2981285;1537405;27;0;0
FR;0;2021-02-26;113462;70759;1;0;0;3094747;1608164;28;0;0
FR;0;2021-02-27;52101;22309;1;0;0;3146848;1630473;29;0;0
FR;0;2021-02-28;6194;4224;2;0;0;3153042;1634697;31;0;0
FR;0;2021-03-01;65875;53696;1;0;0;3218917;1688393;32;0;0
FR;0;2021-03-02;101371;66966;3;0;0;3320288;1755359;35;0;0
FR;0;2021-03-03;116515;65442;0;0;0;3436803;1820801;35;0;0
FR;0;2021-03-04;163613;71264;3;0;0;3600416;1892065;38;0;0
FR;0;2021-03-05;200920;62895;3;0;0;3801336;1954960;41;0;0
FR;0;2021-03-06;207952;17636;3;0;0;4009288;1972596;44;0;0
FR;0;2021-03-07;121275;4646;1;0;0;4130563;1977242;45;0;0
FR;0;2021-03-08;107140;50095;2;0;0;4237703;2027337;47;0;0
FR;0;2021-03-09;172446;56371;2;0;0;4410149;2083708;49;0;0
FR;0;2021-03-10;178984;57137;5;0;0;4589133;2140845;54;0;0
FR;0;2021-03-11;242882;63792;2;0;0;4832015;2204637;56;0;0
FR;0;2021-03-12;294809;53441;1;0;0;5126824;2258078;57;0;0
FR;0;2021-03-13;231394;15285;1;0;0;5358218;2273363;58;0;0
FR;0;2021-03-14;63347;3213;1;0;0;5421565;2276576;59;0;0
FR;0;2021-03-15;158645;31984;3;0;0;5580210;2308560;62;0;0
FR;0;2021-03-16;141565;39015;6;0;0;5721775;2347575;68;0;0
FR;0;2021-03-17;150476;37954;4;0;0;5872251;2385529;72;0;0
FR;0;2021-03-18;167824;44474;5;0;0;6040075;2430003;77;0;0
FR;0;2021-03-19;229988;37053;2;0;0;6270063;2467056;79;0;0
FR;0;2021-03-20;166671;11512;1;0;0;6436734;2478568;80;0;0
FR;0;2021-03-21;49938;2332;1;0;0;6486672;2480900;81;0;0
FR;0;2021-03-22;170038;33909;2;0;0;6656710;2514809;83;0;0
FR;0;2021-03-23;250376;42360;1;0;0;6907086;2557169;84;0;0
FR;0;2021-03-24;256894;43643;0;0;0;7163980;2600812;84;0;0
FR;0;2021-03-25;341800;44964;5;0;0;7505780;2645776;89;0;0
FR;0;2021-03-26;358796;41920;5;1;0;7864576;2687696;94;1;0
FR;0;2021-03-27;195253;16853;1;0;0;8059829;2704549;95;1;0
FR;0;2021-03-28;59337;4319;3;0;0;8119166;2708868;98;1;0
FR;0;2021-03-29;202964;53714;4;0;0;8322130;2762582;102;1;0
FR;0;2021-03-30;285467;69883;5;0;0;8607597;2832465;107;1;0
FR;0;2021-03-31;263015;73565;4;0;0;8870612;2906030;111;1;0
FR;0;2021-04-01;315455;90938;11;0;0;9186067;2996968;122;1;0
FR;0;2021-04-02;281321;93733;7;0;0;9467388;3090701;129;1;0
FR;0;2021-04-03;141068;62218;5;0;0;9608456;3152919;134;1;0
FR;0;2021-04-04;46530;18866;2;0;0;9654986;3171785;136;1;0
FR;0;2021-04-05;63330;10650;11;0;0;9718316;3182435;147;1;0
FR;0;2021-04-06;217196;110868;17;0;0;9935512;3293303;164;1;0
FR;0;2021-04-07;260240;115286;17;0;0;10195752;3408589;181;1;0
FR;0;2021-04-08;337814;122254;14;0;0;10533566;3530843;195;1;0
FR;0;2021-04-09;410134;116673;49;0;0;10943700;3647516;244;1;0
FR;0;2021-04-10;212612;82739;15;0;0;11156312;3730255;259;1;0
FR;0;2021-04-11;56140;34317;7;0;0;11212452;3764572;266;1;0
FR;0;2021-04-12;237058;115562;46;0;0;11449510;3880134;312;1;0
FR;0;2021-04-13;309470;144334;98;1;0;11758980;4024468;410;2;0
FR;0;2021-04-14;294505;139419;214;0;0;12053485;4163887;624;2;0
FR;0;2021-04-15;337088;149379;338;0;0;12390573;4313266;962;2;0
FR;0;2021-04-16;339272;146292;353;0;0;12729845;4459558;1315;2;0
FR;0;2021-04-17;188650;89945;109;0;0;12918495;4549503;1424;2;0
FR;0;2021-04-18;51614;35383;47;0;0;12970109;4584886;1471;2;0
FR;0;2021-04-19;205679;138187;456;0;0;13175788;4723073;1927;2;0
FR;0;2021-04-20;254403;171235;569;0;0;13430191;4894308;2496;2;0
FR;0;2021-04-21;253247;169398;835;0;0;13683438;5063706;3331;2;0
FR;0;2021-04-22;287540;189322;817;0;0;13970978;5253028;4148;2;0
FR;0;2021-04-23;297840;183811;747;0;0;14268818;5436839;4895;2;0
FR;0;2021-04-24;190442;111712;252;0;0;14459260;5548551;5147;2;0
FR;0;2021-04-25;69554;38786;51;0;0;14528814;5587337;5198;2;0
FR;0;2021-04-26;220942;157209;562;0;0;14749756;5744546;5760;2;0
FR;0;2021-04-27;284595;187554;940;0;0;15034351;5932100;6700;2;0
FR;0;2021-04-28;299490;183761;1424;1;1;15333841;6115861;8124;3;1
FR;0;2021-04-29;357113;197141;1277;0;0;15690954;6313002;9401;3;1
FR;0;2021-04-30;372192;185279;1121;1;0;16063146;6498281;10522;4;1
FR;0;2021-05-01;167628;52491;178;0;0;16230774;6550772;10700;4;1
FR;0;2021-05-02;91731;37776;83;0;0;16322505;6588548;10783;4;1
FR;0;2021-05-03;288904;167319;842;0;0;16611409;6755867;11625;4;1
FR;0;2021-05-04;315649;224832;1232;0;0;16927058;6980699;12857;4;1
FR;0;2021-05-05;327170;225461;1314;0;0;17254228;7206160;14171;4;1
FR;0;2021-05-06;379496;240075;1632;0;0;17633724;7446235;15803;4;1
FR;0;2021-05-07;372733;257844;1222;0;0;18006457;7704079;17025;4;1
FR;0;2021-05-08;222155;69126;299;0;0;18228612;7773205;17324;4;1
FR;0;2021-05-09;129695;45694;243;0;0;18358307;7818899;17567;4;1
FR;0;2021-05-10;313367;229095;1234;0;0;18671674;8047994;18801;4;1
FR;0;2021-05-11;403879;257951;1564;0;0;19075553;8305945;20365;4;1
FR;0;2021-05-12;434089;233375;1542;0;0;19509642;8539320;21907;4;1
FR;0;2021-05-13;338587;56739;431;0;0;19848229;8596059;22338;4;1
FR;0;2021-05-14;454106;167392;1126;0;0;20302335;8763451;23464;4;1
FR;0;2021-05-15;374961;94177;443;0;0;20677296;8857628;23907;4;1
FR;0;2021-05-16;202745;20713;168;0;0;20880041;8878341;24075;4;1
FR;0;2021-05-17;376101;148749;1553;0;0;21256142;9027090;25628;4;1
FR;0;2021-05-18;460119;153506;1988;0;0;21716261;9180596;27616;4;1
FR;0;2021-05-19;467383;143792;2459;0;0;22183644;9324388;30075;4;1
FR;0;2021-05-20;507503;160303;2336;0;0;22691147;9484691;32411;4;1
FR;0;2021-05-21;489646;174747;1994;0;0;23180793;9659438;34405;4;1
FR;0;2021-05-22;347175;79981;668;0;0;23527968;9739419;35073;4;1
FR;0;2021-05-23;161687;14299;246;0;0;23689655;9753718;35319;4;1
FR;0;2021-05-24;263181;33182;604;0;0;23952836;9786900;35923;4;1
FR;0;2021-05-25;400259;189794;2351;1;0;24353095;9976694;38274;5;1
FR;0;2021-05-26;413441;189460;2221;0;0;24766536;10166154;40495;5;1
FR;0;2021-05-27;449783;219252;2161;0;0;25216319;10385406;42656;5;1
FR;0;2021-05-28;429530;260097;1892;0;0;25645849;10645503;44548;5;1
FR;0;2021-05-29;298974;149844;584;0;0;25944823;10795347;45132;5;1
FR;0;2021-05-30;107141;32562;163;0;0;26051964;10827909;45295;5;1
FR;0;2021-05-31;358021;203328;1468;1;1;26409985;11031237;46763;6;2
FR;0;2021-06-01;430980;251363;1961;1;1;26840965;11282600;48724;7;3
FR;0;2021-06-02;420076;231375;1984;0;0;27261041;11513975;50708;7;3
FR;0;2021-06-03;465577;258216;1823;0;0;27726618;11772191;52531;7;3
FR;0;2021-06-04;456181;305196;1732;1;1;28182799;12077387;54263;8;4
FR;0;2021-06-05;304790;189187;652;0;0;28487589;12266574;54915;8;4
FR;0;2021-06-06;133294;49036;226;0;0;28620883;12315610;55141;8;4
FR;0;2021-06-07;339752;261758;1525;0;0;28960635;12577368;56666;8;4
FR;0;2021-06-08;393789;290966;1803;0;0;29354424;12868334;58469;8;4
FR;0;2021-06-09;384813;274828;1729;0;0;29739237;13143162;60198;8;4
FR;0;2021-06-10;404136;288296;1724;1;0;30143373;13431458;61922;9;4
FR;0;2021-06-11;386621;356850;1467;0;0;30529994;13788308;63389;9;4
FR;0;2021-06-12;283244;211100;493;0;0;30813238;13999408;63882;9;4
FR;0;2021-06-13;104881;73893;204;0;0;30918119;14073301;64086;9;4
FR;0;2021-06-14;240816;354836;1426;1;0;31158935;14428137;65512;10;4
FR;0;2021-06-15;308120;385116;1568;1;0;31467055;14813253;67080;11;4
FR;0;2021-06-16;313959;357533;1418;1;0;31781014;15170786;68498;12;4
FR;0;2021-06-17;317656;372720;1426;1;0;32098670;15543506;69924;13;4
FR;0;2021-06-18;321727;442564;1336;1;0;32420397;15986070;71260;14;4
FR;0;2021-06-19;224336;273835;449;0;0;32644733;16259905;71709;14;4
FR;0;2021-06-20;74421;102459;126;0;0;32719154;16362364;71835;14;4
FR;0;2021-06-21;195738;401771;1037;1;1;32914892;16764135;72872;15;5
FR;0;2021-06-22;223173;467437;1264;10;2;33138065;17231572;74136;25;7
FR;0;2021-06-23;234010;439971;1197;1;1;33372075;17671543;75333;26;8
FR;0;2021-06-24;241847;409539;1353;0;0;33613922;18081082;76686;26;8
FR;0;2021-06-25;227620;522580;1400;0;0;33841542;18603662;78086;26;8
FR;0;2021-06-26;153233;370808;587;1;0;33994775;18974470;78673;27;8
FR;0;2021-06-27;55893;156112;168;1;0;34050668;19130582;78841;28;8
FR;0;2021-06-28;154750;452737;1172;0;0;34205418;19583319;80013;28;8
FR;0;2021-06-29;182671;507163;2124;0;0;34388089;20090482;82137;28;8
FR;0;2021-06-30;203980;484678;2014;21;2;34592069;20575160;84151;49;10
FR;0;2021-07-01;231307;458049;2223;5;1;34823376;21033209;86374;54;11
FR;0;2021-07-02;228559;520138;2120;5;2;35051935;21553347;88494;59;13
FR;0;2021-07-03;142034;368730;908;3;1;35193969;21922077;89402;62;14
FR;0;2021-07-04;56734;141140;265;0;0;35250703;22063217;89667;62;14
FR;0;2021-07-05;168471;419066;1668;8;2;35419174;22482283;91335;70;16
FR;0;2021-07-06;196732;474638;1829;45;8;35615906;22956921;93164;115;24
FR;0;2021-07-07;213129;439177;1878;25;4;35829035;23396098;95042;140;28
FR;0;2021-07-08;231611;424164;2089;20;6;36060646;23820262;97131;160;34
FR;0;2021-07-09;228561;511028;2184;4;2;36289207;24331290;99315;164;36
FR;0;2021-07-10;148595;339905;982;1;1;36437802;24671195;100297;165;37
FR;0;2021-07-11;60183;110124;283;0;0;36497985;24781319;100580;165;37
FR;0;2021-07-12;169197;478064;1759;4;0;36667182;25259383;102339;169;37
FR;0;2021-07-13;287230;527139;2045;8;1;36954412;25786522;104384;177;38
FR;0;2021-07-14;181057;157566;435;0;0;37135469;25944088;104819;177;38
FR;0;2021-07-15;347062;502188;2099;1;0;37482531;26446276;106918;178;38
FR;0;2021-07-16;380057;495563;2022;3;1;37862588;26941839;108940;181;39
FR;0;2021-07-17;259711;319722;876;1;0;38122299;27261561;109816;182;39
FR;0;2021-07-18;109691;114665;310;0;0;38231990;27376226;110126;182;39
FR;0;2021-07-19;285436;424593;1629;3;0;38517426;27800819;111755;185;39
FR;0;2021-07-20;376871;451972;1723;0;0;38894297;28252791;113478;185;39
FR;0;2021-07-21;395753;407489;1549;4;2;39290050;28660280;115027;189;41
FR;0;2021-07-22;441011;387811;1715;4;2;39731061;29048091;116742;193;43
FR;0;2021-07-23;440303;422746;1882;4;1;40171364;29470837;118624;197;44
FR;0;2021-07-24;285235;269449;804;1;0;40456599;29740286;119428;198;44
FR;0;2021-07-25;121100;79988;234;0;0;40577699;29820274;119662;198;44
FR;0;2021-07-26;347408;322782;1614;3;2;40925107;30143056;121276;201;46
FR;0;2021-07-27;464031;319879;1696;4;2;41389138;30462935;122972;205;48
FR;0;2021-07-28;459409;289676;1635;4;2;41848547;30752611;124607;209;50
FR;0;2021-07-29;489745;276607;1794;2;0;42338292;31029218;126401;211;50
FR;0;2021-07-30;461722;302649;1941;5;1;42800014;31331867;128342;216;51
FR;0;2021-07-31;285373;185083;914;1;0;43085387;31516950;129256;217;51
FR;0;2021-08-01;111978;49956;252;0;0;43197365;31566906;129508;217;51
FR;0;2021-08-02;341324;234410;1602;2;0;43538689;31801316;131110;219;51
FR;0;2021-08-03;398538;244782;1721;2;1;43937227;32046098;132831;221;52
FR;0;2021-08-04;384745;209895;1592;6;3;44321972;32255993;134423;227;55
FR;0;2021-08-05;366087;228696;1710;0;0;44688059;32484689;136133;227;55
FR;0;2021-08-06;359646;271546;1835;4;1;45047705;32756235;137968;231;56
FR;0;2021-08-07;213082;178365;755;4;3;45260787;32934600;138723;235;59
FR;0;2021-08-08;74162;63220;274;0;0;45334949;32997820;138997;235;59
FR;0;2021-08-09;258663;259174;1546;4;3;45593612;33256994;140543;239;62
FR;0;2021-08-10;306769;277616;1659;2;1;45900381;33534610;142202;241;63
FR;0;2021-08-11;279649;259937;1441;5;1;46180030;33794547;143643;246;64
FR;0;2021-08-12;271479;278399;1662;3;1;46451509;34072946;145305;249;65
FR;0;2021-08-13;252094;278067;1591;3;2;46703603;34351013;146896;252;67
FR;0;2021-08-14;145310;197201;739;0;0;46848913;34548214;147635;252;67
FR;0;2021-08-15;39339;50113;216;1;0;46888252;34598327;147851;253;67
FR;0;2021-08-16;186115;317917;1539;0;0;47074367;34916244;149390;253;67
FR;0;2021-08-17;215621;336254;1636;7;1;47289988;35252498;151026;260;68
FR;0;2021-08-18;198991;324633;1597;7;4;47488979;35577131;152623;267;72
FR;0;2021-08-19;191967;325635;1637;1;0;47680946;35902766;154260;268;72
FR;0;2021-08-20;186408;366400;1817;3;2;47867354;36269166;156077;271;74
FR;0;2021-08-21;104780;238125;705;0;0;47972134;36507291;156782;271;74
FR;0;2021-08-22;31904;87205;255;1;1;48004038;36594496;157037;272;75
FR;0;2021-08-23;140929;357167;1561;3;1;48144967;36951663;158598;275;76
FR;0;2021-08-24;162441;376820;1848;5;1;48307408;37328483;160446;280;77
FR;0;2021-08-25;151100;350839;2033;8;3;48458508;37679322;162479;288;80
FR;0;2021-08-26;142813;342829;2559;10;0;48601321;38022151;165038;298;80
FR;0;2021-08-27;148408;388295;2790;11;3;48749729;38410446;167828;309;83
FR;0;2021-08-28;90644;249593;1404;0;0;48840373;38660039;169232;309;83
FR;0;2021-08-29;27309;83359;518;1;0;48867682;38743398;169750;310;83
FR;0;2021-08-30;117357;324806;4711;6;5986;48985039;39068204;174461;316;6069
FR;0;2021-08-31;128739;334550;10185;19;11827;49113778;39402754;184646;335;17896
FR;0;2021-09-01;135966;285707;22428;7;24376;49249744;39688461;207074;342;42272
FR;0;2021-09-02;114076;247280;26513;20;28937;49363820;39935741;233587;362;71209
FR;0;2021-09-03;118263;292722;29962;24;33023;49482083;40228463;263549;386;104232
FR;0;2021-09-04;89873;217765;12585;12;14113;49571956;40446228;276134;398;118345
FR;0;2021-09-05;21352;44836;4395;2;4722;49593308;40491064;280529;400;123067
FR;0;2021-09-06;75390;180688;31950;16;34294;49668698;40671752;312479;416;157361
FR;0;2021-09-07;80260;181265;33241;43;36223;49748958;40853017;345720;459;193584
FR;0;2021-09-08;90951;206143;29659;28;32519;49839909;41059160;375379;487;226103
FR;0;2021-09-09;76861;165394;33056;27;36585;49916770;41224554;408435;514;262688
FR;0;2021-09-10;95931;203747;35732;28;40610;50012701;41428301;444167;542;303298
FR;0;2021-09-11;67112;169280;12137;19;14368;50079813;41597581;456304;561;317666
FR;0;2021-09-12;12820;32093;2774;1;3173;50092633;41629674;459078;562;320839
FR;0;2021-09-13;64500;126267;41222;34;44139;50157133;41755941;500300;596;364978
FR;0;2021-09-14;73419;129097;56358;79;62206;50230552;41885038;556658;675;427184
FR;0;2021-09-15;76555;167844;55652;58;54822;50307107;42052882;612310;733;482006
FR;0;2021-09-16;63813;114565;60063;83;60074;50370920;42167447;672373;816;542080
FR;0;2021-09-17;75020;156830;53844;71;57280;50445940;42324277;726217;887;599360
FR;0;2021-09-18;48210;139620;15601;25;17305;50494150;42463897;741818;912;616665
FR;0;2021-09-19;7877;23688;2436;1;2616;50502027;42487585;744254;913;619281
FR;0;2021-09-20;44511;93873;50072;72;50316;50546538;42581458;794326;985;669597
FR;0;2021-09-21;45859;98447;62750;76;63424;50592397;42679905;857076;1061;733021
FR;0;2021-09-22;48649;142380;55364;82;55394;50641046;42822285;912440;1143;788415
FR;0;2021-09-23;43230;92071;62377;94;63533;50684276;42914356;974817;1237;851948
FR;0;2021-09-24;52267;133348;54542;107;59158;50736543;43047704;1029359;1344;911106
FR;0;2021-09-25;35208;115607;16269;36;18287;50771751;43163311;1045628;1380;929393
FR;0;2021-09-26;5541;17806;2268;5;2330;50777292;43181117;1047896;1385;931723
FR;0;2021-09-27;33948;76961;47188;97;48153;50811240;43258078;1095084;1482;979876
FR;0;2021-09-28;36483;75265;54955;89;56514;50847723;43333343;1150039;1571;1036390
FR;0;2021-09-29;44375;100824;53340;112;54849;50892098;43434167;1203379;1683;1091239
FR;0;2021-09-30;36303;72927;57030;96;59547;50928401;43507094;1260409;1779;1150786
FR;0;2021-10-01;61669;102263;57802;108;63891;50990070;43609357;1318211;1887;1214677
FR;0;2021-10-02;39448;78412;20959;39;23345;51029518;43687769;1339170;1926;1238022
FR;0;2021-10-03;5282;10501;2528;4;2538;51034800;43698270;1341698;1930;1240560
FR;0;2021-10-04;35121;58540;52614;84;54813;51069921;43756810;1394312;2014;1295373
FR;0;2021-10-05;33835;64348;60999;135;64992;51103756;43821158;1455311;2149;1360365
FR;0;2021-10-06;42676;79320;65734;113;68302;51146432;43900478;1521045;2262;1428667
FR;0;2021-10-07;30504;62264;65416;90;68813;51176936;43962742;1586461;2352;1497480
FR;0;2021-10-08;49408;91892;77742;110;84689;51226344;44054634;1664203;2462;1582169
FR;0;2021-10-09;33644;60934;31535;35;33905;51259988;44115568;1695738;2497;1616074
FR;0;2021-10-10;4698;7448;3192;9;3487;51264686;44123016;1698930;2506;1619561
FR;0;2021-10-11;30680;49903;61037;105;64077;51295366;44172919;1759967;2611;1683638
FR;0;2021-10-12;31577;54475;70600;140;75933;51326943;44227394;1830567;2751;1759571
FR;0;2021-10-13;40085;62838;74422;136;79320;51367028;44290232;1904989;2887;1838891
FR;0;2021-10-14;30297;52892;68749;116;73800;51397325;44343124;1973738;3003;1912691
FR;0;2021-10-15;44871;75293;93232;191;102973;51442196;44418417;2066970;3194;2015664
FR;0;2021-10-16;31298;44109;36689;44;39625;51473494;44462526;2103659;3238;2055289
FR;0;2021-10-17;3837;5243;3592;2;3680;51477331;44467769;2107251;3240;2058969
FR;0;2021-10-18;28860;42433;67486;133;71353;51506191;44510202;2174737;3373;2130322
FR;0;2021-10-19;27146;45628;76398;140;81620;51533337;44555830;2251135;3513;2211942
FR;0;2021-10-20;35277;52457;96936;181;101518;51568614;44608287;2348071;3694;2313460
FR;0;2021-10-21;26091;45170;83950;112;89125;51594705;44653457;2432021;3806;2402585
FR;0;2021-10-22;38398;62475;104886;200;112565;51633103;44715932;2536907;4006;2515150
FR;0;2021-10-23;26998;41230;45453;57;48622;51660101;44757162;2582360;4063;2563772
FR;0;2021-10-24;2916;4786;3680;6;3931;51663017;44761948;2586040;4069;2567703
FR;0;2021-10-25;26002;36272;82323;144;86630;51689019;44798220;2668363;4213;2654333
FR;0;2021-10-26;23715;35053;87240;166;92349;51712734;44833273;2755603;4379;2746682
FR;0;2021-10-27;30066;46389;108998;257;114677;51742800;44879662;2864601;4636;2861359
FR;0;2021-10-28;23573;34960;88693;153;94455;51766373;44914622;2953294;4789;2955814
FR;0;2021-10-29;31558;51487;117309;204;125329;51797931;44966109;3070603;4993;3081143
FR;0;2021-10-30;20549;33228;50343;76;53383;51818480;44999337;3120946;5069;3134526
FR;0;2021-10-31;2486;3741;3588;3;3876;51820966;45003078;3124534;5072;3138402
FR;0;2021-11-01;8397;4861;3210;3;3573;51829363;45007939;3127744;5075;3141975
FR;0;2021-11-02;25777;40110;93573;156;99553;51855140;45048049;3221317;5231;3241528
FR;0;2021-11-03;30053;47988;118875;218;125849;51885193;45096037;3340192;5449;3367377
FR;0;2021-11-04;23762;37529;107555;217;114402;51908955;45133566;3447747;5666;3481779
FR;0;2021-11-05;32347;52984;141631;235;151348;51941302;45186550;3589378;5901;3633127
FR;0;2021-11-06;21512;34585;64874;123;68290;51962814;45221135;3654252;6024;3701417
FR;0;2021-11-07;2393;4190;5189;6;5589;51965207;45225325;3659441;6030;3707006
FR;0;2021-11-08;20578;37806;127181;227;134284;51985785;45263131;3786622;6257;3841290
FR;0;2021-11-09;22385;44788;161672;339;172228;52008170;45307919;3948294;6596;4013518
FR;0;2021-11-10;31553;55068;186992;446;198781;52039723;45362987;4135286;7042;4212299
FR;0;2021-11-11;4613;6757;12959;28;13951;52044336;45369744;4148245;7070;4226250
FR;0;2021-11-12;29059;55164;183768;252;197363;52073395;45424908;4332013;7322;4423613
FR;0;2021-11-13;20340;32690;80692;118;86317;52093735;45457598;4412705;7440;4509930
FR;0;2021-11-14;2351;3893;7171;6;7855;52096086;45461491;4419876;7446;4517785
FR;0;2021-11-15;20462;38719;160836;313;171556;52116548;45500210;4580712;7759;4689341
FR;0;2021-11-16;23610;44004;200399;392;215007;52140158;45544214;4781111;8151;4904348
FR;0;2021-11-17;30483;50403;199837;406;212873;52170641;45594617;4980948;8557;5117221
FR;0;2021-11-18;23418;45452;191658;469;205535;52194059;45640069;5172606;9026;5322756
FR;0;2021-11-19;33659;61472;243200;549;262172;52227718;45701541;5415806;9575;5584928
FR;0;2021-11-20;25396;36726;102150;206;109715;52253114;45738267;5517956;9781;5694643
FR;0;2021-11-21;2637;4528;9649;19;10636;52255751;45742795;5527605;9800;5705279
FR;0;2021-11-22;22791;33306;180364;470;194848;52278542;45776101;5707969;10270;5900127
FR;0;2021-11-23;25702;45649;229364;549;247821;52304244;45821750;5937333;10819;6147948
FR;0;2021-11-24;31792;53789;224790;715;243211;52336036;45875539;6162123;11534;6391159
FR;0;2021-11-25;25566;49202;255915;740;277731;52361602;45924741;6418038;12274;6668890
FR;0;2021-11-26;33242;74917;379466;864;414616;52394844;45999658;6797504;13138;7083506
FR;0;2021-11-27;23451;49726;214893;389;236662;52418295;46049384;7012397;13527;7320168
FR;0;2021-11-28;3502;10539;56753;66;63329;52421797;46059923;7069150;13593;7383497
FR;0;2021-11-29;19406;54206;341447;862;371684;52441203;46114129;7410597;14455;7755181
FR;0;2021-11-30;24740;72103;457366;988;500757;52465943;46186232;7867963;15443;8255938
FR;0;2021-12-01;27284;75889;469079;1159;511333;52493227;46262121;8337042;16602;8767271
FR;0;2021-12-02;22069;71883;527080;1280;574834;52515296;46334004;8864122;17882;9342105
FR;0;2021-12-03;25532;92809;596356;1419;651154;52540828;46426813;9460478;19301;9993259
FR;0;2021-12-04;18309;60557;336210;690;369776;52559137;46487370;9796688;19991;10363035
FR;0;2021-12-05;4152;16221;95773;157;107054;52563289;46503591;9892461;20148;10470089
FR;0;2021-12-06;27605;73053;493127;1173;539936;52590894;46576644;10385588;21321;11010025
FR;0;2021-12-07;23514;91606;645353;1772;706293;52614408;46668250;11030941;23093;11716318
FR;0;2021-12-08;25474;92332;591545;1874;647454;52639882;46760582;11622486;24967;12363772
FR;0;2021-12-09;24043;94284;663066;2179;726354;52663925;46854866;12285552;27146;13090126
FR;0;2021-12-10;28040;111243;736031;2075;806155;52691965;46966109;13021583;29221;13896281
FR;0;2021-12-11;20245;76181;435167;987;480377;52712210;47042290;13456750;30208;14376658
FR;0;2021-12-12;5631;23247;142289;262;159210;52717841;47065537;13599039;30470;14535868
FR;0;2021-12-13;21340;91181;587608;1698;649259;52739181;47156718;14186647;32168;15185127
FR;0;2021-12-14;27903;118681;765503;2654;847483;52767084;47275399;14952150;34822;16032610
FR;0;2021-12-15;28404;114525;694304;2265;769056;52795488;47389924;15646454;37087;16801666
FR;0;2021-12-16;28012;116044;763988;2558;844400;52823500;47505968;16410442;39645;17646066
FR;0;2021-12-17;31630;128813;807845;2709;892069;52855130;47634781;17218287;42354;18538135
FR;0;2021-12-18;24930;81712;469950;1178;522196;52880060;47716493;17688237;43532;19060331
FR;0;2021-12-19;8755;28763;169377;376;191108;52888815;47745256;17857614;43908;19251439
FR;0;2021-12-20;31718;97542;591452;1786;658730;52920533;47842798;18449066;45694;19910169
FR;0;2021-12-21;39446;112319;682388;2389;759561;52959979;47955117;19131454;48083;20669730
FR;0;2021-12-22;39514;99614;575735;2168;642129;52999493;48054731;19707189;50251;21311859
FR;0;2021-12-23;33766;79767;440970;1654;494388;53033259;48134498;20148159;51905;21806247
FR;0;2021-12-24;10686;26154;111015;398;126668;53043945;48160652;20259174;52303;21932915
FR;0;2021-12-25;773;3554;7586;25;9032;53044718;48164206;20266760;52328;21941947
FR;0;2021-12-26;4696;11897;52093;142;60138;53049414;48176103;20318853;52470;22002085
FR;0;2021-12-27;30441;84121;453525;1365;509151;53079855;48260224;20772378;53835;22511236
FR;0;2021-12-28;38355;99104;564142;1769;632241;53118210;48359328;21336520;55604;23143477
FR;0;2021-12-29;39863;88456;501174;1687;560978;53158073;48447784;21837694;57291;23704455
FR;0;2021-12-30;35913;75316;421008;1520;471142;53193986;48523100;22258702;58811;24175597
FR;0;2021-12-31;12043;25180;116863;405;131657;53206029;48548280;22375565;59216;24307254
FR;0;2022-01-01;1470;3214;8511;37;9941;53207499;48551494;22384076;59253;24317195
FR;0;2022-01-02;6091;12998;58414;125;66944;53213590;48564492;22442490;59378;24384139
FR;0;2022-01-03;35661;90266;494786;1593;551643;53249251;48654758;22937276;60971;24935782
FR;0;2022-01-04;41709;111131;641343;2306;714343;53290960;48765889;23578619;63277;25650125
FR;0;2022-01-05;60791;103609;569122;1982;634139;53351751;48869498;24147741;65259;26284264
FR;0;2022-01-06;44208;110401;638949;2695;711416;53395959;48979899;24786690;67954;26995680
FR;0;2022-01-07;50804;123379;710966;2807;790456;53446763;49103278;25497656;70761;27786136
FR;0;2022-01-08;44999;80352;423795;1212;472876;53491762;49183630;25921451;71973;28259012
FR;0;2022-01-09;15598;26655;128557;300;145680;53507360;49210285;26050008;72273;28404692
FR;0;2022-01-10;35310;93393;469265;1810;522709;53542670;49303678;26519273;74083;28927401
FR;0;2022-01-11;41816;100575;548200;2306;608455;53584486;49404253;27067473;76389;29535856
FR;0;2022-01-12;60319;95764;452638;1967;504319;53644805;49500017;27520111;78356;30040175
FR;0;2022-01-13;38186;92573;487312;2085;541014;53682991;49592590;28007423;80441;30581189
FR;0;2022-01-14;42546;103393;568554;2286;628977;53725537;49695983;28575977;82727;31210166
FR;0;2022-01-15;39382;65882;340118;985;377561;53764919;49761865;28916095;83712;31587727
FR;0;2022-01-16;11392;19246;87408;216;99429;53776311;49781111;29003503;83928;31687156
FR;0;2022-01-17;24705;60125;320256;1381;354159;53801016;49841236;29323759;85309;32041315
FR;0;2022-01-18;28279;68737;361045;1800;397534;53829295;49909973;29684804;87109;32438849
FR;0;2022-01-19;43182;67123;281255;1451;311063;53872477;49977096;29966059;88560;32749912
FR;0;2022-01-20;23590;59652;298971;1739;328475;53896067;50036748;30265030;90299;33078387
FR;0;2022-01-21;28177;68928;366340;2087;401182;53924244;50105676;30631370;92386;33479569
FR;0;2022-01-22;27618;47992;218779;839;241755;53951862;50153668;30850149;93225;33721324
FR;0;2022-01-23;6710;13007;48670;172;55180;53958572;50166675;30898819;93397;33776504
FR;0;2022-01-24;16260;47506;217277;1138;239325;53974832;50214181;31116096;94535;34015829
FR;0;2022-01-25;19008;54451;243013;1547;267062;53993840;50268632;31359109;96082;34282891
FR;0;2022-01-26;28143;60456;209256;1297;229428;54021983;50329088;31568365;97379;34512319
FR;0;2022-01-27;16316;46282;207625;1274;225902;54038299;50375370;31775990;98653;34738221
FR;0;2022-01-28;21565;77643;290030;1574;321428;54059864;50453013;32066020;100227;35059649
FR;0;2022-01-29;18412;52823;184111;688;204574;54078276;50505836;32250131;100915;35264223
FR;0;2022-01-30;4468;14513;39136;124;45094;54082744;50520349;32289267;101039;35309317
FR;0;2022-01-31;11248;43878;148185;739;164784;54093992;50564227;32437452;101778;35474101
FR;0;2022-02-01;13378;48327;174095;1142;191387;54107370;50612554;32611547;102920;35665488
FR;0;2022-02-02;20396;66310;171511;1034;190142;54127766;50678864;32783058;103954;35855630
FR;0;2022-02-03;11408;44665;157528;989;173319;54139174;50723529;32940586;104943;36028949
FR;0;2022-02-04;14608;66534;239222;1265;264166;54153782;50790063;33179808;106208;36293115
FR;0;2022-02-05;12885;51486;153535;523;172332;54166667;50841549;33333343;106731;36465447
FR;0;2022-02-06;2713;12196;28881;101;33831;54169380;50853745;33362224;106832;36499278
FR;0;2022-02-07;9519;46735;156848;586;176321;54178899;50900480;33519072;107418;36675599
FR;0;2022-02-08;9697;42998;166602;867;184388;54188596;50943478;33685674;108285;36859987
FR;0;2022-02-09;14298;58162;172327;870;193023;54202894;51001640;33858001;109155;37053010
FR;0;2022-02-10;8609;38872;150203;877;166672;54211503;51040512;34008204;110032;37219682
FR;0;2022-02-11;10849;55619;218466;1100;243054;54222352;51096131;34226670;111132;37462736
FR;0;2022-02-12;8377;40923;134709;461;151730;54230729;51137054;34361379;111593;37614466
FR;0;2022-02-13;1898;8593;26558;85;30917;54232627;51145647;34387937;111678;37645383
FR;0;2022-02-14;6971;35200;148352;482;166346;54239598;51180847;34536289;112160;37811729
FR;0;2022-02-15;6973;36096;146950;751;162529;54246571;51216943;34683239;112911;37974258
FR;0;2022-02-16;9364;42907;132513;720;146732;54255935;51259850;34815752;113631;38120990
FR;0;2022-02-17;5520;24259;87274;585;94840;54261455;51284109;34903026;114216;38215830
FR;0;2022-02-18;6982;33527;119630;804;129297;54268437;51317636;35022656;115020;38345127
FR;0;2022-02-19;5365;24533;70019;370;77326;54273802;51342169;35092675;115390;38422453
FR;0;2022-02-20;1143;4645;12161;39;13937;54274945;51346814;35104836;115429;38436390
FR;0;2022-02-21;4082;17873;61940;351;67169;54279027;51364687;35166776;115780;38503559
FR;0;2022-02-22;4437;18618;60807;575;64441;54283464;51383305;35227583;116355;38568000
FR;0;2022-02-23;6560;27316;66484;591;71884;54290024;51410621;35294067;116946;38639884
FR;0;2022-02-24;3818;15439;50411;517;53233;54293842;51426060;35344478;117463;38693117
FR;0;2022-02-25;5270;23926;76327;803;80057;54299112;51449986;35420805;118266;38773174
FR;0;2022-02-26;3984;17758;47401;359;51466;54303096;51467744;35468206;118625;38824640
FR;0;2022-02-27;878;3001;8028;47;8939;54303974;51470745;35476234;118672;38833579
FR;0;2022-02-28;3116;12504;40468;357;42903;54307090;51483249;35516702;119029;38876482
FR;0;2022-03-01;3711;12490;44174;435;44835;54310801;51495739;35560876;119464;38921317
FR;0;2022-03-02;5249;17706;47115;443;49045;54316050;51513445;35607991;119907;38970362
FR;0;2022-03-03;2747;9267;29871;366;29986;54318797;51522712;35637862;120273;39000348
FR;0;2022-03-04;3210;12351;40288;663;39436;54322007;51535063;35678150;120936;39039784
FR;0;2022-03-05;3064;9254;24947;310;25106;54325071;51544317;35703097;121246;39064890
FR;0;2022-03-06;515;1393;3194;43;3437;54325586;51545710;35706291;121289;39068327
FR;0;2022-03-07;2255;5585;18418;315;17686;54327841;51551295;35724709;121604;39086013
FR;0;2022-03-08;2066;6022;19430;359;17896;54329907;51557317;35744139;121963;39103909
FR;0;2022-03-09;3509;10456;22174;405;21266;54333416;51567773;35766313;122368;39125175
FR;0;2022-03-10;1748;5555;16968;342;15793;54335164;51573328;35783281;122710;39140968
FR;0;2022-03-11;2377;7524;24488;539;22251;54337541;51580852;35807769;123249;39163219
FR;0;2022-03-12;2659;6768;17157;306;16511;54340200;51587620;35824926;123555;39179730
FR;0;2022-03-13;390;785;2319;147;2269;54340590;51588405;35827245;123702;39181999
FR;0;2022-03-14;1510;4234;14961;4407;13814;54342100;51592639;35842206;128109;39195813
FR;0;2022-03-15;1651;5390;16351;7550;14550;54343751;51598029;35858557;135659;39210363
FR;0;2022-03-16;2982;7265;19410;13130;18080;54346733;51605294;35877967;148789;39228443
FR;0;2022-03-17;1409;3922;13125;10842;11970;54348142;51609216;35891092;159631;39240413
FR;0;2022-03-18;2228;5727;19976;18285;18068;54350370;51614943;35911068;177916;39258481
FR;0;2022-03-19;2287;4796;13110;9398;12412;54352657;51619739;35924178;187314;39270893
FR;0;2022-03-20;297;730;1916;1072;1928;54352954;51620469;35926094;188386;39272821
FR;0;2022-03-21;1360;3200;12711;14934;11931;54354314;51623669;35938805;203320;39284752
FR;0;2022-03-22;1473;3714;13784;20523;12541;54355787;51627383;35952589;223843;39297293
FR;0;2022-03-23;2658;6212;17696;23142;17208;54358445;51633595;35970285;246985;39314501
FR;0;2022-03-24;1378;3099;11578;17590;10653;54359823;51636694;35981863;264575;39325154
FR;0;2022-03-25;2056;5057;18534;27750;16867;54361879;51641751;36000397;292325;39342021
FR;0;2022-03-26;2222;4405;12071;12676;11512;54364101;51646156;36012468;305001;39353533
FR;0;2022-03-27;358;687;1902;1480;1935;54364459;51646843;36014370;306481;39355468
FR;0;2022-03-28;1430;3058;11110;17481;10603;54365889;51649901;36025480;323962;39366071
FR;0;2022-03-29;1432;3255;12893;27551;12033;54367321;51653156;36038373;351513;39378104
FR;0;2022-03-30;2835;5430;15665;27365;15062;54370156;51658586;36054038;378878;39393166
FR;0;2022-03-31;1606;3386;12967;24954;12300;54371762;51661972;36067005;403832;39405466
FR;0;2022-04-01;2601;4550;20036;30849;18669;54374363;51666522;36087041;434681;39424135
FR;0;2022-04-02;1514;2623;9044;10107;8702;54375877;51669145;36096085;444788;39432837
FR;0;2022-04-03;284;503;1561;1166;1577;54376161;51669648;36097646;445954;39434414
FR;0;2022-04-04;1682;2761;12337;19081;11532;54377843;51672409;36109983;465035;39445946
FR;0;2022-04-05;1692;3050;14313;34040;13163;54379535;51675459;36124296;499075;39459109
FR;0;2022-04-06;2079;3776;13510;26423;12774;54381614;51679235;36137806;525498;39471883
FR;0;2022-04-07;1460;3023;13642;33711;12851;54383074;51682258;36151448;559209;39484734
FR;0;2022-04-08;2036;4188;19186;43802;17797;54385110;51686446;36170634;603011;39502531
FR;0;2022-04-09;1360;2664;9302;13548;8853;54386470;51689110;36179936;616559;39511384
FR;0;2022-04-10;284;590;1978;1995;1996;54386754;51689700;36181914;618554;39513380
FR;0;2022-04-11;1224;2549;11843;23804;11445;54387978;51692249;36193757;642358;39524825
FR;0;2022-04-12;1626;2860;13980;40751;13349;54389604;51695109;36207737;683109;39538174
FR;0;2022-04-13;1904;3542;13378;33031;12994;54391508;51698651;36221115;716140;39551168
FR;0;2022-04-14;1462;2796;13158;36234;13003;54392970;51701447;36234273;752374;39564171
FR;0;2022-04-15;1831;3400;15584;35470;14846;54394801;51704847;36249857;787844;39579017
FR;0;2022-04-16;1035;1813;6381;8521;6232;54395836;51706660;36256238;796365;39585249
FR;0;2022-04-17;190;320;991;1171;1030;54396026;51706980;36257229;797536;39586279
FR;0;2022-04-18;164;487;2762;1068;2781;54396190;51707467;36259991;798604;39589060
FR;0;2022-04-19;1497;2977;12887;29488;12416;54397687;51710444;36272878;828092;39601476
FR;0;2022-04-20;1958;3413;13271;28963;12948;54399645;51713857;36286149;857055;39614424
FR;0;2022-04-21;1484;2795;12507;35027;12535;54401129;51716652;36298656;892082;39626959
FR;0;2022-04-22;1843;3561;16447;37511;15815;54402972;51720213;36315103;929593;39642774
FR;0;2022-04-23;1136;2043;7378;10648;7229;54404108;51722256;36322481;940241;39650003
FR;0;2022-04-24;248;446;1473;1588;1408;54404356;51722702;36323954;941829;39651411
FR;0;2022-04-25;1271;2485;10674;20944;10478;54405627;51725187;36334628;962773;39661889
FR;0;2022-04-26;1584;2972;13642;38529;13091;54407211;51728159;36348270;1001302;39674980
FR;0;2022-04-27;1928;3038;11510;30907;11571;54409139;51731197;36359780;1032209;39686551
FR;0;2022-04-28;1543;2686;12502;36011;12228;54410682;51733883;36372282;1068220;39698779
FR;0;2022-04-29;1978;3859;15534;37172;14888;54412660;51737742;36387816;1105392;39713667
FR;0;2022-04-30;1200;1809;6915;9693;6743;54413860;51739551;36394731;1115085;39720410
FR;0;2022-05-01;213;314;902;995;898;54414073;51739865;36395633;1116080;39721308
FR;0;2022-05-02;1308;2643;11103;18064;10899;54415381;51742508;36406736;1134144;39732207
FR;0;2022-05-03;1812;3149;13690;34535;13533;54417193;51745657;36420426;1168679;39745740
FR;0;2022-05-04;1860;3143;12135;25555;12248;54419053;51748800;36432561;1194234;39757988
FR;0;2022-05-05;1655;2766;13006;33332;12825;54420708;51751566;36445567;1227566;39770813
FR;0;2022-05-06;2090;3601;15303;36673;14789;54422798;51755167;36460870;1264239;39785602
FR;0;2022-05-07;1189;1763;6449;9602;6438;54423987;51756930;36467319;1273841;39792040
FR;0;2022-05-08;260;393;1169;1532;1228;54424247;51757323;36468488;1275373;39793268
FR;0;2022-05-09;1279;2232;9900;20200;9766;54425526;51759555;36478388;1295573;39803034
FR;0;2022-05-10;1689;2976;13494;38770;13037;54427215;51762531;36491882;1334343;39816071
FR;0;2022-05-11;1952;2828;10700;27796;10608;54429167;51765359;36502582;1362139;39826679
FR;0;2022-05-12;1541;2598;11304;35561;10972;54430708;51767957;36513886;1397700;39837651
FR;0;2022-05-13;1953;3159;13729;37714;13308;54432661;51771116;36527615;1435414;39850959
FR;0;2022-05-14;1137;1606;5933;10767;5791;54433798;51772722;36533548;1446181;39856750
FR;0;2022-05-15;277;446;1272;1431;1348;54434075;51773168;36534820;1447612;39858098
FR;0;2022-05-16;1170;1967;8654;20944;8649;54435245;51775135;36543474;1468556;39866747
FR;0;2022-05-17;1560;2528;11798;37722;11366;54436805;51777663;36555272;1506278;39878113
FR;0;2022-05-18;1778;2567;9648;27035;9623;54438583;51780230;36564920;1533313;39887736
FR;0;2022-05-19;1407;2578;10533;35685;10667;54439990;51782808;36575453;1568998;39898403
FR;0;2022-05-20;1861;3050;13378;39301;12862;54441851;51785858;36588831;1608299;39911265
FR;0;2022-05-21;1155;1687;5652;9894;5525;54443006;51787545;36594483;1618193;39916790
FR;0;2022-05-22;237;331;1022;1430;1009;54443243;51787876;36595505;1619623;39917799
FR;0;2022-05-23;1148;2026;8865;20302;8796;54444391;51789902;36604370;1639925;39926595
FR;0;2022-05-24;1520;2713;11324;38679;11176;54445911;51792615;36615694;1678604;39937771
FR;0;2022-05-25;1796;2760;9326;24772;9453;54447707;51795375;36625020;1703376;39947224
FR;0;2022-05-26;190;351;1648;1186;1658;54447897;51795726;36626668;1704562;39948882
FR;0;2022-05-27;1361;2403;9230;21252;8976;54449258;51798129;36635898;1725814;39957858
FR;0;2022-05-28;663;1243;3906;6781;3955;54449921;51799372;36639804;1732595;39961813
FR;0;2022-05-29;151;313;746;915;766;54450072;51799685;36640550;1733510;39962579
FR;0;2022-05-30;999;1922;6971;19225;6982;54451071;51801607;36647521;1752735;39969561
FR;0;2022-05-31;1475;2417;9785;35560;9617;54452546;51804024;36657306;1788295;39979178
FR;0;2022-06-01;1633;2803;10976;24364;10813;54454179;51806827;36668282;1812659;39989991
FR;0;2022-06-02;1441;2520;11281;35419;10814;54455620;51809347;36679563;1848078;40000805
FR;0;2022-06-03;1632;3001;13361;38668;12729;54457252;51812348;36692924;1886746;40013534
FR;0;2022-06-04;951;1506;5030;9099;5100;54458203;51813854;36697954;1895845;40018634
FR;0;2022-06-05;171;322;870;1103;880;54458374;51814176;36698824;1896948;40019514
FR;0;2022-06-06;199;485;2074;1245;2050;54458573;51814661;36700898;1898193;40021564
FR;0;2022-06-07;1344;2598;9809;35532;9391;54459917;51817259;36710707;1933725;40030955
FR;0;2022-06-08;1518;2617;9141;28685;8978;54461435;51819876;36719848;1962410;40039933
FR;0;2022-06-09;1260;2381;10574;39370;10203;54462695;51822257;36730422;2001780;40050136
FR;0;2022-06-10;1589;2849;13030;44688;12572;54464284;51825106;36743452;2046468;40062708
FR;0;2022-06-11;945;1717;5421;11607;5449;54465229;51826823;36748873;2058075;40068157
FR;0;2022-06-12;191;426;1065;1756;1128;54465420;51827249;36749938;2059831;40069285
FR;0;2022-06-13;1049;1959;7405;23121;7230;54466469;51829208;36757343;2082952;40076515
FR;0;2022-06-14;1291;2422;10391;44795;9744;54467760;51831630;36767734;2127747;40086259
FR;0;2022-06-15;1455;2323;9243;30823;8875;54469215;51833953;36776977;2158570;40095134
FR;0;2022-06-16;1146;1968;9844;39786;9255;54470361;51835921;36786821;2198356;40104389
FR;0;2022-06-17;1444;2786;12430;46528;11852;54471805;51838707;36799251;2244884;40116241
FR;0;2022-06-18;842;1499;4555;11114;4487;54472647;51840206;36803806;2255998;40120728
FR;0;2022-06-19;175;349;1053;1611;1124;54472822;51840555;36804859;2257609;40121852
FR;0;2022-06-20;996;1870;8849;26010;8510;54473818;51842425;36813708;2283619;40130362
FR;0;2022-06-21;1302;2358;10275;49814;9303;54475120;51844783;36823983;2333433;40139665
FR;0;2022-06-22;1357;2415;8868;38925;8352;54476477;51847198;36832851;2372358;40148017
FR;0;2022-06-23;1205;2286;10623;55008;9817;54477682;51849484;36843474;2427366;40157834
FR;0;2022-06-24;1460;2937;13563;68998;12230;54479142;51852421;36857037;2496364;40170064
FR;0;2022-06-25;917;1760;6204;19891;5960;54480059;51854181;36863241;2516255;40176024
FR;0;2022-06-26;225;448;1940;3685;1799;54480284;51854629;36865181;2519940;40177823
FR;0;2022-06-27;1108;1994;10433;48359;9577;54481392;51856623;36875614;2568299;40187400
FR;0;2022-06-28;1438;2778;14627;91161;13045;54482830;51859401;36890241;2659460;40200445
FR;0;2022-06-29;1679;2796;12234;71660;11175;54484509;51862197;36902475;2731120;40211620
FR;0;2022-06-30;1494;2572;14305;94983;12400;54486003;51864769;36916780;2826103;40224020
FR;0;2022-07-01;1880;3400;20719;115695;18065;54487883;51868169;36937499;2941798;40242085
FR;0;2022-07-02;1043;1831;8124;35696;7320;54488926;51870000;36945623;2977494;40249405
FR;0;2022-07-03;286;528;2070;6388;1868;54489212;51870528;36947693;2983882;40251273
FR;0;2022-07-04;1462;2558;14426;79097;12658;54490674;51873086;36962119;3062979;40263931
FR;0;2022-07-05;1653;3005;18579;132802;15755;54492327;51876091;36980698;3195781;40279686
FR;0;2022-07-06;1783;2656;15660;99194;13425;54494110;51878747;36996358;3294975;40293111
FR;0;2022-07-07;1653;2785;17796;125618;14572;54495763;51881532;37014154;3420593;40307683
FR;0;2022-07-08;1843;3101;20498;136635;16532;54497606;51884633;37034652;3557228;40324215
FR;0;2022-07-09;851;1436;7673;37731;6609;54498457;51886069;37042325;3594959;40330824
FR;0;2022-07-10;246;496;2330;6970;2110;54498703;51886565;37044655;3601929;40332934
FR;0;2022-07-11;1365;2360;14760;87891;12239;54500068;51888925;37059415;3689820;40345173
FR;0;2022-07-12;1729;3014;20223;143404;16406;54501797;51891939;37079638;3833224;40361579
FR;0;2022-07-13;1660;2596;15390;94022;12984;54503457;51894535;37095028;3927246;40374563
FR;0;2022-07-14;166;303;1830;5469;1708;54503623;51894838;37096858;3932715;40376271
FR;0;2022-07-15;1426;2448;14383;84076;11904;54505049;51897286;37111241;4016791;40388175
FR;0;2022-07-16;605;1133;5733;24842;4949;54505654;51898419;37116974;4041633;40393124
FR;0;2022-07-17;170;353;1660;4609;1495;54505824;51898772;37118634;4046242;40394619
FR;0;2022-07-18;1055;2058;10969;61489;9154;54506879;51900830;37129603;4107731;40403773
FR;0;2022-07-19;1382;2287;15184;103321;12029;54508261;51903117;37144787;4211052;40415802
FR;0;2022-07-20;1359;2187;12353;77148;10163;54509620;51905304;37157140;4288200;40425965
FR;0;2022-07-21;1234;2060;12651;87542;10100;54510854;51907364;37169791;4375742;40436065
FR;0;2022-07-22;1335;2321;14149;88670;11341;54512189;51909685;37183940;4464412;40447406
FR;0;2022-07-23;642;1227;5237;22232;4554;54512831;51910912;37189177;4486644;40451960
FR;0;2022-07-24;168;342;1342;3819;1184;54512999;51911254;37190519;4490463;40453144
FR;0;2022-07-25;989;1676;8943;47486;7320;54513988;51912930;37199462;4537949;40460464
FR;0;2022-07-26;1247;2112;12855;84170;10281;54515235;51915042;37212317;4622119;40470745
FR;0;2022-07-27;1159;1890;9735;59830;8066;54516394;51916932;37222052;4681949;40478811
FR;0;2022-07-28;966;1634;9578;61549;7539;54517360;51918566;37231630;4743498;40486350
