fra;vaccin;jour;n_dose1;n_dose2;n_dose3;n_dose4;n_complet;n_rappel;n_2_rappel;n_rappel_biv;n_3_rappel;n_cum_dose1;n_cum_dose2;n_cum_dose3;n_cum_dose4;n_cum_complet;n_cum_rappel;n_cum_2_rappel;n_cum_rappel_biv;n_cum_3_rappel
FR;1;2020-12-27;616;0;0;0;55;0;0;0;0;616;0;0;0;55;0;0;0;0
FR;1;2020-12-28;705;1;0;0;43;0;0;0;0;1321;1;0;0;98;0;0;0;0
FR;1;2020-12-29;389;0;0;0;19;0;0;0;0;1710;1;0;0;117;0;0;0;0
FR;1;2020-12-30;455;0;0;0;19;0;0;0;0;2165;1;0;0;136;0;0;0;0
FR;1;2020-12-31;450;1;0;0;21;0;0;0;0;2615;2;0;0;157;0;0;0;0
FR;1;2021-01-01;1193;2;0;0;66;0;0;0;0;3808;4;0;0;223;0;0;0;0
FR;1;2021-01-02;369;4;0;0;29;0;0;0;0;4177;8;0;0;252;0;0;0;0
FR;1;2021-01-03;418;0;0;0;23;0;0;0;0;4595;8;0;0;275;0;0;0;0
FR;1;2021-01-04;2143;5;0;0;51;0;0;0;0;6738;13;0;0;326;0;0;0;0
FR;1;2021-01-05;7776;6;0;0;128;0;0;0;0;14514;19;0;0;454;0;0;0;0
FR;1;2021-01-06;12479;23;0;0;128;0;0;0;0;26993;42;0;0;582;0;0;0;0
FR;1;2021-01-07;29480;24;0;0;159;0;0;0;0;56473;66;0;0;741;0;0;0;0
FR;1;2021-01-08;37170;35;0;0;204;0;0;0;0;93643;101;0;0;945;0;0;0;0
FR;1;2021-01-09;11220;9;0;0;77;0;0;0;0;104863;110;0;0;1022;0;0;0;0
FR;1;2021-01-10;6016;8;0;0;28;0;0;0;0;110879;118;0;0;1050;0;0;0;0
FR;1;2021-01-11;39956;39;0;0;232;0;0;0;0;150835;157;0;0;1282;0;0;0;0
FR;1;2021-01-12;62162;30;0;0;298;0;0;0;0;212997;187;0;0;1580;0;0;0;0
FR;1;2021-01-13;65147;62;0;0;433;0;0;0;0;278144;249;0;0;2013;0;0;0;0
FR;1;2021-01-14;81471;261;0;0;958;0;0;0;0;359615;510;0;0;2971;0;0;0;0
FR;1;2021-01-15;68638;101;0;0;529;0;0;0;0;428253;611;0;0;3500;0;0;0;0
FR;1;2021-01-16;19903;73;0;0;171;0;0;0;0;448156;684;0;0;3671;0;0;0;0
FR;1;2021-01-17;10909;54;0;0;130;0;0;0;0;459065;738;0;0;3801;0;0;0;0
FR;1;2021-01-18;82848;176;0;0;588;0;0;0;0;541913;914;0;0;4389;0;0;0;0
FR;1;2021-01-19;125935;209;0;0;838;0;0;0;0;667848;1123;0;0;5227;0;0;0;0
FR;1;2021-01-20;132437;190;0;0;779;0;0;0;0;800285;1313;0;0;6006;0;0;0;0
FR;1;2021-01-21;153085;196;0;0;896;0;0;0;0;953370;1509;0;0;6902;0;0;0;0
FR;1;2021-01-22;115971;239;0;0;775;0;0;0;0;1069341;1748;0;0;7677;0;0;0;0
FR;1;2021-01-23;36617;84;0;0;207;0;0;0;0;1105958;1832;0;0;7884;0;0;0;0
FR;1;2021-01-24;9589;128;0;0;187;0;0;0;0;1115547;1960;0;0;8071;0;0;0;0
FR;1;2021-01-25;74442;1453;0;0;1771;0;0;0;0;1189989;3413;0;0;9842;0;0;0;0
FR;1;2021-01-26;96471;3702;1;0;4143;0;0;0;0;1286460;7115;1;0;13985;0;0;0;0
FR;1;2021-01-27;103660;6440;0;0;7124;0;0;0;0;1390120;13555;1;0;21109;0;0;0;0
FR;1;2021-01-28;120627;16401;0;0;17190;0;0;0;0;1510747;29956;1;0;38299;0;0;0;0
FR;1;2021-01-29;88901;18791;0;0;19332;0;0;0;0;1599648;48747;1;0;57631;0;0;0;0
FR;1;2021-01-30;27995;4532;0;0;4656;0;0;0;0;1627643;53279;1;0;62287;0;0;0;0
FR;1;2021-01-31;5194;1898;0;0;1936;0;0;0;0;1632837;55177;1;0;64223;0;0;0;0
FR;1;2021-02-01;49752;23031;0;0;23273;0;0;0;0;1682589;78208;1;0;87496;0;0;0;0
FR;1;2021-02-02;67838;38183;0;0;38641;0;0;0;0;1750427;116391;1;0;126137;0;0;0;0
FR;1;2021-02-03;67104;40231;0;0;40666;0;0;0;0;1817531;156622;1;0;166803;0;0;0;0
FR;1;2021-02-04;77155;55109;0;0;55679;0;0;0;0;1894686;211731;1;0;222482;0;0;0;0
FR;1;2021-02-05;63435;48219;0;0;48624;0;0;0;0;1958121;259950;1;0;271106;0;0;0;0
FR;1;2021-02-06;19428;11423;0;0;11530;0;0;0;0;1977549;271373;1;0;282636;0;0;0;0
FR;1;2021-02-07;3669;6065;0;0;6092;0;0;0;0;1981218;277438;1;0;288728;0;0;0;0
FR;1;2021-02-08;36508;48767;0;0;49020;0;0;0;0;2017726;326205;1;0;337748;0;0;0;0
FR;1;2021-02-09;50826;78419;0;0;78945;0;0;0;0;2068552;404624;1;0;416693;0;0;0;0
FR;1;2021-02-10;52087;83425;0;0;83907;0;0;0;0;2120639;488049;1;0;500600;0;0;0;0
FR;1;2021-02-11;63396;105509;0;0;106418;0;0;0;0;2184035;593558;1;0;607018;0;0;0;0
FR;1;2021-02-12;55886;75809;0;0;76496;0;0;0;0;2239921;669367;1;0;683514;0;0;0;0
FR;1;2021-02-13;15470;19312;0;0;19424;0;0;0;0;2255391;688679;1;0;702938;0;0;0;0
FR;1;2021-02-14;3747;7322;0;0;7388;0;0;0;0;2259138;696001;1;0;710326;0;0;0;0
FR;1;2021-02-15;24175;73667;0;0;73924;0;0;0;0;2283313;769668;1;0;784250;0;0;0;0
FR;1;2021-02-16;32788;95519;0;0;95927;0;0;0;0;2316101;865187;1;0;880177;0;0;0;0
FR;1;2021-02-17;35139;102373;20;0;103030;0;0;0;0;2351240;967560;21;0;983207;0;0;0;0
FR;1;2021-02-18;49465;118540;0;0;119536;0;0;0;0;2400705;1086100;21;0;1102743;0;0;0;0
FR;1;2021-02-19;45400;87830;1;0;88775;0;0;0;0;2446105;1173930;22;0;1191518;0;0;0;0
FR;1;2021-02-20;13398;27027;0;0;27203;0;0;0;0;2459503;1200957;22;0;1218721;0;0;0;0
FR;1;2021-02-21;2471;5945;0;0;6013;0;0;0;0;2461974;1206902;22;0;1224734;0;0;0;0
FR;1;2021-02-22;24727;69391;2;0;69689;0;0;0;0;2486701;1276293;24;0;1294423;0;0;0;0
FR;1;2021-02-23;37441;81550;1;0;82253;0;0;0;0;2524142;1357843;25;0;1376676;0;0;0;0
FR;1;2021-02-24;40717;79373;1;0;80073;0;0;0;0;2564859;1437216;26;0;1456749;0;0;0;0
FR;1;2021-02-25;50175;87711;1;0;88808;0;0;0;0;2615034;1524927;27;0;1545557;0;0;0;0
FR;1;2021-02-26;47234;67560;1;0;68448;0;0;0;0;2662268;1592487;28;0;1614005;0;0;0;0
FR;1;2021-02-27;15691;21357;1;0;21569;0;0;0;0;2677959;1613844;29;0;1635574;0;0;0;0
FR;1;2021-02-28;3566;4104;2;0;4177;0;0;0;0;2681525;1617948;31;0;1639751;0;0;0;0
FR;1;2021-03-01;40231;50282;1;0;51018;0;0;0;0;2721756;1668230;32;0;1690769;0;0;0;0
FR;1;2021-03-02;55995;62420;3;0;63599;0;0;0;0;2777751;1730650;35;0;1754368;0;0;0;0
FR;1;2021-03-03;61271;60505;0;0;61944;0;0;0;0;2839022;1791155;35;0;1816312;0;0;0;0
FR;1;2021-03-04;73022;68392;3;0;70608;0;0;0;0;2912044;1859547;38;0;1886920;0;0;0;0
FR;1;2021-03-05;74786;58606;3;0;60506;0;0;0;0;2986830;1918153;41;0;1947426;0;0;0;0
FR;1;2021-03-06;82475;15734;2;0;17442;0;0;0;0;3069305;1933887;43;0;1964868;0;0;0;0
FR;1;2021-03-07;63734;3919;1;0;5463;0;0;0;0;3133039;1937806;44;0;1970331;0;0;0;0
FR;1;2021-03-08;60200;41136;2;0;42422;0;0;0;0;3193239;1978942;46;0;2012753;0;0;0;0
FR;1;2021-03-09;86015;47361;1;0;49360;0;0;0;0;3279254;2026303;47;0;2062113;0;0;0;0
FR;1;2021-03-10;90949;47741;5;0;50012;0;0;0;0;3370203;2074044;52;0;2112125;0;0;0;0
FR;1;2021-03-11;105107;54589;1;0;57666;0;0;0;0;3475310;2128633;53;0;2169791;0;0;0;0
FR;1;2021-03-12;104169;44877;1;0;47875;0;0;0;0;3579479;2173510;54;0;2217666;0;0;0;0
FR;1;2021-03-13;89225;12579;1;0;14796;0;0;0;0;3668704;2186089;55;0;2232462;0;0;0;0
FR;1;2021-03-14;44462;2658;1;0;3991;0;0;0;0;3713166;2188747;56;0;2236453;0;0;0;0
FR;1;2021-03-15;95538;27941;3;0;30292;0;0;0;0;3808704;2216688;59;0;2266745;0;0;0;0
FR;1;2021-03-16;123607;34031;5;0;37578;0;0;0;0;3932311;2250719;64;0;2304323;0;0;0;0
FR;1;2021-03-17;129327;33512;4;0;37566;0;0;0;0;4061638;2284231;68;0;2341889;0;0;0;0
FR;1;2021-03-18;142918;39153;5;0;43831;0;0;0;0;4204556;2323384;73;0;2385720;0;0;0;0
FR;1;2021-03-19;136282;32013;2;0;36605;0;0;0;0;4340838;2355397;75;0;2422325;0;0;0;0
FR;1;2021-03-20;76026;9746;1;0;11963;0;0;0;0;4416864;2365143;76;0;2434288;0;0;0;0
FR;1;2021-03-21;26522;1973;1;0;2962;0;0;0;0;4443386;2367116;77;0;2437250;0;0;0;0
FR;1;2021-03-22;114783;30213;2;0;34044;0;0;0;0;4558169;2397329;79;0;2471294;0;0;0;0
FR;1;2021-03-23;143063;38006;1;0;42797;0;0;0;0;4701232;2435335;80;0;2514091;0;0;0;0
FR;1;2021-03-24;142030;38402;0;0;43272;0;0;0;0;4843262;2473737;80;0;2557363;0;0;0;0
FR;1;2021-03-25;165044;39880;4;0;46044;0;0;0;0;5008306;2513617;84;0;2603407;0;0;0;0
FR;1;2021-03-26;166426;37407;5;1;44028;0;0;0;0;5174732;2551024;89;1;2647435;0;0;0;0
FR;1;2021-03-27;110909;15484;1;0;19495;0;0;0;0;5285641;2566508;90;1;2666930;0;0;0;0
FR;1;2021-03-28;42315;4431;3;0;5986;0;0;0;0;5327956;2570939;93;1;2672916;0;0;0;0
FR;1;2021-03-29;129852;48968;4;0;53635;0;0;0;0;5457808;2619907;97;1;2726551;0;0;0;0
FR;1;2021-03-30;167765;63827;5;0;70838;0;0;0;0;5625573;2683734;102;1;2797389;0;0;0;0
FR;1;2021-03-31;170973;68012;4;0;75538;0;0;0;0;5796546;2751746;106;1;2872927;0;0;0;0
FR;1;2021-04-01;194888;84123;10;0;93631;0;0;0;0;5991434;2835869;116;1;2966558;0;0;0;0
FR;1;2021-04-02;164477;86899;7;0;94723;0;0;0;0;6155911;2922768;123;1;3061281;0;0;0;0
FR;1;2021-04-03;88262;58202;6;0;61750;0;0;0;0;6244173;2980970;129;1;3123031;0;0;0;0
FR;1;2021-04-04;33666;17733;0;0;19233;0;0;0;0;6277839;2998703;129;1;3142264;0;0;0;0
FR;1;2021-04-05;46431;9566;11;0;11443;0;0;0;0;6324270;3008269;140;1;3153707;0;0;0;0
FR;1;2021-04-06;160352;105666;17;0;112153;0;0;0;0;6484622;3113935;157;1;3265860;0;0;0;0
FR;1;2021-04-07;197042;108092;16;0;116930;0;0;0;0;6681664;3222027;173;1;3382790;0;0;0;0
FR;1;2021-04-08;222192;114351;14;0;125710;0;0;0;0;6903856;3336378;187;1;3508500;0;0;0;0
FR;1;2021-04-09;214618;108044;21;0;118941;0;0;0;0;7118474;3444422;208;1;3627441;0;0;0;0
FR;1;2021-04-10;117210;73238;14;0;78385;0;0;0;0;7235684;3517660;222;1;3705826;0;0;0;0
FR;1;2021-04-11;40903;29892;6;0;31796;0;0;0;0;7276587;3547552;228;1;3737622;0;0;0;0
FR;1;2021-04-12;168507;104588;46;0;111836;0;0;0;0;7445094;3652140;274;1;3849458;0;0;0;0
FR;1;2021-04-13;203854;127767;97;1;137116;0;0;0;0;7648948;3779907;371;2;3986574;0;0;0;0
FR;1;2021-04-14;208685;123029;208;0;133261;0;0;0;0;7857633;3902936;579;2;4119835;0;0;0;0
FR;1;2021-04-15;221744;128239;313;0;139287;0;0;0;0;8079377;4031175;892;2;4259122;0;0;0;0
FR;1;2021-04-16;206111;125776;309;0;135446;0;0;0;0;8285488;4156951;1201;2;4394568;0;0;0;0
FR;1;2021-04-17;122112;67117;103;0;72179;0;0;0;0;8407600;4224068;1304;2;4466747;0;0;0;0
FR;1;2021-04-18;35980;21012;42;0;22720;0;0;0;0;8443580;4245080;1346;2;4489467;0;0;0;0
FR;1;2021-04-19;163783;121611;432;0;129161;0;0;0;0;8607363;4366691;1778;2;4618628;0;0;0;0
FR;1;2021-04-20;189490;149801;531;0;158930;0;0;0;0;8796853;4516492;2309;2;4777558;0;0;0;0
FR;1;2021-04-21;194062;147782;760;0;157313;0;0;0;0;8990915;4664274;3069;2;4934871;0;0;0;0
FR;1;2021-04-22;209084;164615;779;0;175847;0;0;0;0;9199999;4828889;3848;2;5110718;0;0;0;0
FR;1;2021-04-23;198999;158142;671;0;169163;0;0;0;0;9398998;4987031;4519;2;5279881;0;0;0;0
FR;1;2021-04-24;126354;95889;148;0;101958;0;0;0;0;9525352;5082920;4667;2;5381839;0;0;0;0
FR;1;2021-04-25;53641;30083;46;0;32840;0;0;0;0;9578993;5113003;4713;2;5414679;0;0;0;0
FR;1;2021-04-26;181174;140328;543;0;149048;0;0;0;0;9760167;5253331;5256;2;5563727;0;0;0;0
FR;1;2021-04-27;221405;162611;901;0;173986;0;0;0;0;9981572;5415942;6157;2;5737713;0;0;0;0
FR;1;2021-04-28;238355;156224;1314;1;168906;1;0;0;0;10219927;5572166;7471;3;5906619;1;0;0;0
FR;1;2021-04-29;270351;161674;1211;0;177281;0;0;0;0;10490278;5733840;8682;3;6083900;1;0;0;0
FR;1;2021-04-30;272029;149039;1074;0;165140;0;0;0;0;10762307;5882879;9756;3;6249040;1;0;0;0
FR;1;2021-05-01;141181;40614;173;0;48642;0;0;0;0;10903488;5923493;9929;3;6297682;1;0;0;0
FR;1;2021-05-02;81564;28239;81;0;32995;0;0;0;0;10985052;5951732;10010;3;6330677;1;0;0;0
FR;1;2021-05-03;250823;142091;803;0;155786;0;0;0;0;11235875;6093823;10813;3;6486463;1;0;0;0
FR;1;2021-05-04;265939;188041;1204;0;203615;0;0;0;0;11501814;6281864;12017;3;6690078;1;0;0;0
FR;1;2021-05-05;283954;186288;1268;0;202951;0;0;0;0;11785768;6468152;13285;3;6893029;1;0;0;0
FR;1;2021-05-06;310045;184589;1502;0;204343;0;0;0;0;12095813;6652741;14787;3;7097372;1;0;0;0
FR;1;2021-05-07;284152;196759;1127;0;214579;0;0;0;0;12379965;6849500;15914;3;7311951;1;0;0;0
FR;1;2021-05-08;191686;51615;285;0;62999;0;0;0;0;12571651;6901115;16199;3;7374950;1;0;0;0
FR;1;2021-05-09;114075;34215;236;0;41387;0;0;0;0;12685726;6935330;16435;3;7416337;1;0;0;0
FR;1;2021-05-10;258241;195095;1188;0;211091;0;0;0;0;12943967;7130425;17623;3;7627428;1;0;0;0
FR;1;2021-05-11;318945;211242;1465;0;231482;0;0;0;0;13262912;7341667;19088;3;7858910;1;0;0;0
FR;1;2021-05-12;356694;186103;1401;0;208409;0;0;0;0;13619606;7527770;20489;3;8067319;1;0;0;0
FR;1;2021-05-13;283472;47323;401;0;64247;0;0;0;0;13903078;7575093;20890;3;8131566;1;0;0;0
FR;1;2021-05-14;370544;128529;998;0;151949;0;0;0;0;14273622;7703622;21888;3;8283515;1;0;0;0
FR;1;2021-05-15;298126;66208;404;0;84916;0;0;0;0;14571748;7769830;22292;3;8368431;1;0;0;0
FR;1;2021-05-16;157795;15469;158;0;26037;0;0;0;0;14729543;7785299;22450;3;8394468;1;0;0;0
FR;1;2021-05-17;318957;116205;1441;0;138168;0;0;0;0;15048500;7901504;23891;3;8532636;1;0;0;0
FR;1;2021-05-18;383392;111698;1801;0;137648;0;0;0;0;15431892;8013202;25692;3;8670284;1;0;0;0
FR;1;2021-05-19;395316;101550;2185;0;128490;0;0;0;0;15827208;8114752;27877;3;8798774;1;0;0;0
FR;1;2021-05-20;421858;95619;2049;0;125087;0;0;0;0;16249066;8210371;29926;3;8923861;1;0;0;0
FR;1;2021-05-21;399844;97446;1765;0;125849;0;0;0;0;16648910;8307817;31691;3;9049710;1;0;0;0
FR;1;2021-05-22;275711;41922;604;0;60948;0;0;0;0;16924621;8349739;32295;3;9110658;1;0;0;0
FR;1;2021-05-23;123033;10969;224;0;20572;0;0;0;0;17047654;8360708;32519;3;9131230;1;0;0;0
FR;1;2021-05-24;244028;26265;569;0;43793;0;0;0;0;17291682;8386973;33088;3;9175023;1;0;0;0
FR;1;2021-05-25;366247;131472;2115;1;158406;0;0;0;0;17657929;8518445;35203;4;9333429;1;0;0;0
FR;1;2021-05-26;380855;127509;1996;0;155835;0;0;0;0;18038784;8645954;37199;4;9489264;1;0;0;0
FR;1;2021-05-27;406199;128330;1978;0;158814;0;0;0;0;18444983;8774284;39177;4;9648078;1;0;0;0
FR;1;2021-05-28;366078;145712;1702;0;174275;0;0;0;0;18811061;8919996;40879;4;9822353;1;0;0;0
FR;1;2021-05-29;253850;81137;527;0;100337;0;0;0;0;19064911;9001133;41406;4;9922690;1;0;0;0
FR;1;2021-05-30;100983;22599;158;0;30833;0;0;0;0;19165894;9023732;41564;4;9953523;1;0;0;0
FR;1;2021-05-31;314351;149255;1287;1;172516;1;0;0;0;19480245;9172987;42851;5;10126039;2;0;0;0
FR;1;2021-06-01;361702;166438;1733;1;194142;1;0;0;0;19841947;9339425;44584;6;10320181;3;0;0;0
FR;1;2021-06-02;365433;154503;1798;0;184047;0;0;0;0;20207380;9493928;46382;6;10504228;3;0;0;0
FR;1;2021-06-03;391493;147431;1654;0;178405;0;0;0;0;20598873;9641359;48036;6;10682633;3;0;0;0
FR;1;2021-06-04;364142;175894;1496;1;205186;1;0;0;0;20963015;9817253;49532;7;10887819;4;0;0;0
FR;1;2021-06-05;258533;112818;597;0;133182;0;0;0;0;21221548;9930071;50129;7;11021001;4;0;0;0
FR;1;2021-06-06;126831;37554;216;0;48193;0;0;0;0;21348379;9967625;50345;7;11069194;4;0;0;0
FR;1;2021-06-07;301131;207775;1368;0;233051;0;0;0;0;21649510;10175400;51713;7;11302245;4;0;0;0
FR;1;2021-06-08;330902;221003;1645;0;248968;0;0;0;0;21980412;10396403;53358;7;11551213;4;0;0;0
FR;1;2021-06-09;336655;210953;1614;0;239714;0;0;0;0;22317067;10607356;54972;7;11790927;4;0;0;0
FR;1;2021-06-10;343943;199524;1615;0;229272;0;0;0;0;22661010;10806880;56587;7;12020199;4;0;0;0
FR;1;2021-06-11;311941;234704;1300;1;262616;0;0;0;0;22972951;11041584;57887;8;12282815;4;0;0;0
FR;1;2021-06-12;244097;150608;438;0;172219;0;0;0;0;23217048;11192192;58325;8;12455034;4;0;0;0
FR;1;2021-06-13;100383;61036;188;0;70698;0;0;0;0;23317431;11253228;58513;8;12525732;4;0;0;0
FR;1;2021-06-14;207878;287591;1320;1;307400;0;0;0;0;23525309;11540819;59833;9;12833132;4;0;0;0
FR;1;2021-06-15;256906;281124;1400;1;304974;0;0;0;0;23782215;11821943;61233;10;13138106;4;0;0;0
FR;1;2021-06-16;273686;270706;1264;1;296142;0;0;0;0;24055901;12092649;62497;11;13434248;4;0;0;0
FR;1;2021-06-17;268254;245089;1241;1;271160;0;0;0;0;24324155;12337738;63738;12;13705408;4;0;0;0
FR;1;2021-06-18;260625;295194;1155;1;321022;0;0;0;0;24584780;12632932;64893;13;14026430;4;0;0;0
FR;1;2021-06-19;193468;209606;388;0;228268;0;0;0;0;24778248;12842538;65281;13;14254698;4;0;0;0
FR;1;2021-06-20;69724;89032;122;0;96874;0;0;0;0;24847972;12931570;65403;13;14351572;4;0;0;0
FR;1;2021-06-21;172399;319785;934;1;338496;1;0;0;0;25020371;13251355;66337;14;14690068;5;0;0;0
FR;1;2021-06-22;185897;348067;1102;10;369133;1;0;0;0;25206268;13599422;67439;24;15059201;6;0;0;0
FR;1;2021-06-23;204239;339643;1050;0;363541;0;0;0;0;25410507;13939065;68489;24;15422742;6;0;0;0
FR;1;2021-06-24;203554;282071;1176;0;306815;0;0;0;0;25614061;14221136;69665;24;15729557;6;0;0;0
FR;1;2021-06-25;182682;371698;1200;0;395703;0;0;0;0;25796743;14592834;70865;24;16125260;6;0;0;0
FR;1;2021-06-26;131414;278606;506;0;295982;0;0;0;0;25928157;14871440;71371;24;16421242;6;0;0;0
FR;1;2021-06-27;52421;122844;146;0;130382;0;0;0;0;25980578;14994284;71517;24;16551624;6;0;0;0
FR;1;2021-06-28;136681;368237;1066;0;386838;0;0;0;0;26117259;15362521;72583;24;16938462;6;0;0;0
FR;1;2021-06-29;154921;391153;1848;0;412250;0;0;0;0;26272180;15753674;74431;24;17350712;6;0;0;0
FR;1;2021-06-30;180076;381947;1668;4;406550;2;0;0;0;26452256;16135621;76099;28;17757262;8;0;0;0
FR;1;2021-07-01;201588;332504;1890;5;360582;0;0;0;0;26653844;16468125;77989;33;18117844;8;0;0;0
FR;1;2021-07-02;193891;367286;1765;5;395487;2;0;0;0;26847735;16835411;79754;38;18513331;10;0;0;0
FR;1;2021-07-03;124485;280408;704;3;299514;1;0;0;0;26972220;17115819;80458;41;18812845;11;0;0;0
FR;1;2021-07-04;53969;113728;244;0;122135;0;0;0;0;27026189;17229547;80702;41;18934980;11;0;0;0
FR;1;2021-07-05;153984;355767;1500;8;379107;0;0;0;0;27180173;17585314;82202;49;19314087;11;0;0;0
FR;1;2021-07-06;173532;382279;1603;45;408170;8;0;0;0;27353705;17967593;83805;94;19722257;19;0;0;0
FR;1;2021-07-07;190871;362299;1659;25;390639;2;0;0;0;27544576;18329892;85464;119;20112896;21;0;0;0
FR;1;2021-07-08;201592;322959;1827;20;353607;2;0;0;0;27746168;18652851;87291;139;20466503;23;0;0;0
FR;1;2021-07-09;189993;387759;1854;3;418164;1;0;0;0;27936161;19040610;89145;142;20884667;24;0;0;0
FR;1;2021-07-10;129965;281178;818;1;302603;1;0;0;0;28066126;19321788;89963;143;21187270;25;0;0;0
FR;1;2021-07-11;57688;102528;263;0;112411;0;0;0;0;28123814;19424316;90226;143;21299681;25;0;0;0
FR;1;2021-07-12;149931;416802;1588;4;442793;0;0;0;0;28273745;19841118;91814;147;21742474;25;0;0;0
FR;1;2021-07-13;234309;438990;1808;8;476177;0;0;0;0;28508054;20280108;93622;155;22218651;25;0;0;0
FR;1;2021-07-14;171931;151302;418;0;176933;0;0;0;0;28679985;20431410;94040;155;22395584;25;0;0;0
FR;1;2021-07-15;279707;424129;1859;1;467104;0;0;0;0;28959692;20855539;95899;156;22862688;25;0;0;0
FR;1;2021-07-16;290445;400527;1711;3;445167;1;0;0;0;29250137;21256066;97610;159;23307855;26;0;0;0
FR;1;2021-07-17;217360;281972;755;1;315442;0;0;0;0;29467497;21538038;98365;160;23623297;26;0;0;0
FR;1;2021-07-18;102030;107204;288;0;123092;0;0;0;0;29569527;21645242;98653;160;23746389;26;0;0;0
FR;1;2021-07-19;238250;378361;1498;3;414410;0;0;0;0;29807777;22023603;100151;163;24160799;26;0;0;0
FR;1;2021-07-20;305777;379723;1471;0;425545;0;0;0;0;30113554;22403326;101622;163;24586344;26;0;0;0
FR;1;2021-07-21;333309;352701;1413;4;404070;1;0;0;0;30446863;22756027;103035;167;24990414;27;0;0;0
FR;1;2021-07-22;364706;318526;1502;3;374939;2;0;0;0;30811569;23074553;104537;170;25365353;29;0;0;0
FR;1;2021-07-23;349410;342719;1589;4;398258;1;0;0;0;31160979;23417272;106126;174;25763611;30;0;0;0
FR;1;2021-07-24;238967;240734;697;1;278060;0;0;0;0;31399946;23658006;106823;175;26041671;30;0;0;0
FR;1;2021-07-25;112810;76010;223;0;93705;0;0;0;0;31512756;23734016;107046;175;26135376;30;0;0;0
FR;1;2021-07-26;299148;289269;1495;2;334981;1;0;0;0;31811904;24023285;108541;177;26470357;31;0;0;0
FR;1;2021-07-27;385860;267850;1459;4;324821;1;0;0;0;32197764;24291135;110000;181;26795178;32;0;0;0
FR;1;2021-07-28;390228;250915;1463;4;307202;1;0;0;0;32587992;24542050;111463;185;27102380;33;0;0;0
FR;1;2021-07-29;406160;227572;1541;2;284268;0;0;0;0;32994152;24769622;113004;187;27386648;33;0;0;0
FR;1;2021-07-30;370761;246488;1639;4;298324;1;0;0;0;33364913;25016110;114643;191;27684972;34;0;0;0
FR;1;2021-07-31;243393;165088;794;1;199411;0;0;0;0;33608306;25181198;115437;192;27884383;34;0;0;0
FR;1;2021-08-01;105607;47205;237;0;61200;0;0;0;0;33713913;25228403;115674;192;27945583;34;0;0;0
FR;1;2021-08-02;297437;212827;1480;2;250612;0;0;0;0;34011350;25441230;117154;194;28196195;34;0;0;0
FR;1;2021-08-03;331353;208675;1557;2;250644;1;0;0;0;34342703;25649905;118711;196;28446839;35;0;0;0
FR;1;2021-08-04;328062;183817;1440;5;223974;3;0;0;0;34670765;25833722;120151;201;28670813;38;0;0;0
FR;1;2021-08-05;301299;193084;1483;0;229379;0;0;0;0;34972064;26026806;121634;201;28900192;38;0;0;0
FR;1;2021-08-06;290999;224079;1560;3;261366;0;0;0;0;35263063;26250885;123194;204;29161558;38;0;0;0
FR;1;2021-08-07;182683;158762;655;5;181671;1;0;0;0;35445746;26409647;123849;209;29343229;39;0;0;0
FR;1;2021-08-08;68896;59101;253;0;67629;0;0;0;0;35514642;26468748;124102;209;29410858;39;0;0;0
FR;1;2021-08-09;222800;235146;1445;4;263853;2;0;0;0;35737442;26703894;125547;213;29674711;41;0;0;0
FR;1;2021-08-10;252763;239823;1492;2;271656;0;0;0;0;35990205;26943717;127039;215;29946367;41;0;0;0
FR;1;2021-08-11;236255;231715;1271;5;261227;0;0;0;0;36226460;27175432;128310;220;30207594;41;0;0;0
FR;1;2021-08-12;220804;239729;1491;3;267820;0;0;0;0;36447264;27415161;129801;223;30475414;41;0;0;0
FR;1;2021-08-13;201731;238488;1360;2;264030;2;0;0;0;36648995;27653649;131161;225;30739444;43;0;0;0
FR;1;2021-08-14;122875;174029;645;0;189533;0;0;0;0;36771870;27827678;131806;225;30928977;43;0;0;0
FR;1;2021-08-15;34711;46114;201;1;50332;0;0;0;0;36806581;27873792;132007;226;30979309;43;0;0;0
FR;1;2021-08-16;156966;289320;1424;0;309888;0;0;0;0;36963547;28163112;133431;226;31289197;43;0;0;0
FR;1;2021-08-17;171626;290949;1422;5;313348;0;0;0;0;37135173;28454061;134853;231;31602545;43;0;0;0
FR;1;2021-08-18;161449;286668;1394;6;307297;3;0;0;0;37296622;28740729;136247;237;31909842;46;0;0;0
FR;1;2021-08-19;148961;277410;1405;1;297252;0;0;0;0;37445583;29018139;137652;238;32207094;46;0;0;0
FR;1;2021-08-20;140532;308913;1535;2;328147;2;0;0;0;37586115;29327052;139187;240;32535241;48;0;0;0
FR;1;2021-08-21;84283;213207;589;0;224526;0;0;0;0;37670398;29540259;139776;240;32759767;48;0;0;0
FR;1;2021-08-22;28584;82692;233;0;86697;0;0;0;0;37698982;29622951;140009;240;32846464;48;0;0;0
FR;1;2021-08-23;118673;320937;1422;2;337674;0;0;0;0;37817655;29943888;141431;242;33184138;48;0;0;0
FR;1;2021-08-24;126686;319605;1604;5;337422;0;0;0;0;37944341;30263493;143035;247;33521560;48;0;0;0
FR;1;2021-08-25;121546;306415;1783;8;323589;2;0;0;0;38065887;30569908;144818;255;33845149;50;0;0;0
FR;1;2021-08-26;106643;286072;2164;10;302371;0;0;0;0;38172530;30855980;146982;265;34147520;50;0;0;0
FR;1;2021-08-27;107659;321592;2303;9;338854;1;0;0;0;38280189;31177572;149285;274;34486374;51;0;0;0
FR;1;2021-08-28;71029;220699;1102;0;231221;0;0;0;0;38351218;31398271;150387;274;34717595;51;0;0;0
FR;1;2021-08-29;24156;78203;469;1;82094;0;0;0;0;38375374;31476474;150856;275;34799689;51;0;0;0
FR;1;2021-08-30;96905;286272;4315;6;299758;4968;0;0;0;38472279;31762746;155171;281;35099447;5019;0;0;0
FR;1;2021-08-31;98131;276227;9295;15;289895;10064;2;0;0;38570410;32038973;164466;296;35389342;15083;2;0;0
FR;1;2021-09-01;112368;245287;21121;8;257673;22156;1;0;0;38682778;32284260;185587;304;35647015;37239;3;0;0
FR;1;2021-09-02;86758;197901;24536;18;208297;25520;0;0;0;38769536;32482161;210123;322;35855312;62759;3;0;0
FR;1;2021-09-03;82431;227484;26958;21;238923;28037;0;0;0;38851967;32709645;237081;343;36094235;90796;3;0;0
FR;1;2021-09-04;71630;189715;11141;11;199300;11712;7;0;0;38923597;32899360;248222;354;36293535;102508;10;0;0
FR;1;2021-09-05;18614;41144;4126;2;43850;4277;0;0;0;38942211;32940504;252348;356;36337385;106785;10;0;0
FR;1;2021-09-06;59825;151362;30182;15;158894;31205;2;0;0;39002036;33091866;282530;371;36496279;137990;12;0;0
FR;1;2021-09-07;57401;139621;30214;30;146738;31254;2;0;0;39059437;33231487;312744;401;36643017;169244;14;0;0
FR;1;2021-09-08;72356;173797;26926;22;182269;27968;4;0;0;39131793;33405284;339670;423;36825286;197212;18;0;0
FR;1;2021-09-09;54505;124425;28637;24;131182;29750;5;0;0;39186298;33529709;368307;447;36956468;226962;23;0;0
FR;1;2021-09-10;66223;152066;30452;24;161153;31693;5;0;0;39252521;33681775;398759;471;37117621;258655;28;0;0
FR;1;2021-09-11;52689;146636;9732;14;154129;10357;0;0;0;39305210;33828411;408491;485;37271750;269012;28;0;0
FR;1;2021-09-12;10799;29270;2490;1;30968;2660;2;0;0;39316009;33857681;410981;486;37302718;271672;30;0;0
FR;1;2021-09-13;51518;104401;38767;31;110934;40098;16;0;0;39367527;33962082;449748;517;37413652;311770;46;0;0
FR;1;2021-09-14;53343;96002;51291;67;102371;53289;41;0;0;39420870;34058084;501039;584;37516023;365059;87;0;0
FR;1;2021-09-15;60587;139223;50498;55;146391;47069;68;0;0;39481457;34197307;551537;639;37662414;412128;155;0;0
FR;1;2021-09-16;46646;81369;53354;70;86264;49611;61;0;0;39528103;34278676;604891;709;37748678;461739;216;0;0
FR;1;2021-09-17;53226;109326;45081;61;115660;42713;62;0;0;39581329;34388002;649972;770;37864338;504452;278;0;0
FR;1;2021-09-18;37887;118496;11796;19;124082;11278;19;0;0;39619216;34506498;661768;789;37988420;515730;297;0;0
FR;1;2021-09-19;6531;21025;2044;1;22129;1984;1;0;0;39625747;34527523;663812;790;38010549;517714;298;0;0
FR;1;2021-09-20;36544;74842;46231;65;78563;44198;30;0;0;39662291;34602365;710043;855;38089112;561912;328;0;0
FR;1;2021-09-21;34208;68097;56270;72;71133;52746;76;0;0;39696499;34670462;766313;927;38160245;614658;404;0;0
FR;1;2021-09-22;38847;118597;49884;76;123017;46936;39;0;0;39735346;34789059;816197;1003;38283262;661594;443;0;0
FR;1;2021-09-23;32039;62888;54515;85;65791;50922;76;0;0;39767385;34851947;870712;1088;38349053;712516;519;0;0
FR;1;2021-09-24;36803;90023;43677;89;94382;41957;57;0;0;39804188;34941970;914389;1177;38443435;754473;576;0;0
FR;1;2021-09-25;27655;96706;12307;27;101062;12186;19;0;0;39831843;35038676;926696;1204;38544497;766659;595;0;0
FR;1;2021-09-26;4390;15202;1777;5;16066;1700;4;0;0;39836233;35053878;928473;1209;38560563;768359;599;0;0
FR;1;2021-09-27;27356;60204;42914;89;63433;41644;79;0;1;39863589;35114082;971387;1298;38623996;810003;678;0;1
FR;1;2021-09-28;26914;49418;47207;76;52036;44494;40;0;0;39890503;35163500;1018594;1374;38676032;854497;718;0;1
FR;1;2021-09-29;35927;80255;47297;87;84642;45623;33;0;0;39926430;35243755;1065891;1461;38760674;900120;751;0;1
FR;1;2021-09-30;26077;46897;47527;80;49256;45476;52;0;0;39952507;35290652;1113418;1541;38809930;945596;803;0;1
FR;1;2021-10-01;47306;66911;44908;83;70794;44633;14;0;0;39999813;35357563;1158326;1624;38880724;990229;817;0;1
FR;1;2021-10-02;32383;62413;16114;32;67221;16325;6;0;0;40032196;35419976;1174440;1656;38947945;1006554;823;0;1
FR;1;2021-10-03;4343;8565;2043;3;9312;2040;4;0;0;40036539;35428541;1176483;1659;38957257;1008594;827;0;1
FR;1;2021-10-04;28980;44421;47114;79;46835;46982;31;0;0;40065519;35472962;1223597;1738;39004092;1055576;858;0;1
FR;1;2021-10-05;24576;41639;49894;116;43136;49351;47;0;0;40090095;35514601;1273491;1854;39047228;1104927;905;0;1
FR;1;2021-10-06;34659;61386;57510;101;64495;57264;25;0;0;40124754;35575987;1331001;1955;39111723;1162191;930;0;1
FR;1;2021-10-07;21082;39912;53052;74;41091;51997;32;0;0;40145836;35615899;1384053;2029;39152814;1214188;962;0;1
FR;1;2021-10-08;35672;59642;60411;83;62870;61169;28;0;0;40181508;35675541;1444464;2112;39215684;1275357;990;0;1
FR;1;2021-10-09;27466;48024;25498;29;52493;26028;10;0;0;40208974;35723565;1469962;2141;39268177;1301385;1000;0;1
FR;1;2021-10-10;3728;5810;2759;7;6289;2865;1;0;0;40212702;35729375;1472721;2148;39274466;1304250;1001;0;1
FR;1;2021-10-11;24858;38209;54589;88;40295;55264;48;0;0;40237560;35767584;1527310;2236;39314761;1359514;1049;0;1
FR;1;2021-10-12;23386;36586;58078;128;37086;59240;18;0;0;40260946;35804170;1585388;2364;39351847;1418754;1067;0;1
FR;1;2021-10-13;32974;47843;64177;125;50647;65704;22;0;1;40293920;35852013;1649565;2489;39402494;1484458;1089;0;2
FR;1;2021-10-14;21715;34765;53776;103;35673;54370;24;0;0;40315635;35886778;1703341;2592;39438167;1538828;1113;0;2
FR;1;2021-10-15;32755;48761;72338;165;50454;75035;22;0;0;40348390;35935539;1775679;2757;39488621;1613863;1135;0;2
FR;1;2021-10-16;26014;35284;34874;45;38300;36431;13;0;0;40374404;35970823;1810553;2802;39526921;1650294;1148;0;2
FR;1;2021-10-17;3161;4053;3418;2;4496;3319;3;0;0;40377565;35974876;1813971;2804;39531417;1653613;1151;0;2
FR;1;2021-10-18;24353;34875;66850;132;34913;69734;27;0;0;40401918;36009751;1880821;2936;39566330;1723347;1178;0;2
FR;1;2021-10-19;20724;35572;75677;135;33224;79609;40;0;0;40422642;36045323;1956498;3071;39599554;1802956;1218;0;2
FR;1;2021-10-20;29917;44201;96190;178;43277;99880;45;0;0;40452559;36089524;2052688;3249;39642831;1902836;1263;0;2
FR;1;2021-10-21;19804;35053;83200;107;31763;87064;29;0;0;40472363;36124577;2135888;3356;39674594;1989900;1292;0;2
FR;1;2021-10-22;29756;47760;103757;196;44554;109724;58;0;0;40502119;36172337;2239645;3552;39719148;2099624;1350;0;2
FR;1;2021-10-23;23056;35140;44875;57;36130;47385;11;0;0;40525175;36207477;2284520;3609;39755278;2147009;1361;0;2
FR;1;2021-10-24;2406;3842;3584;6;4042;3717;1;0;0;40527581;36211319;2288104;3615;39759320;2150726;1362;0;2
FR;1;2021-10-25;22504;30714;82031;143;29597;85839;36;0;0;40550085;36242033;2370135;3758;39788917;2236565;1398;0;2
FR;1;2021-10-26;19368;27644;86123;162;24739;90355;29;0;0;40569453;36269677;2456258;3920;39813656;2326920;1427;0;2
FR;1;2021-10-27;26224;39612;107826;252;37304;112741;45;0;0;40595677;36309289;2564084;4172;39850960;2439661;1472;0;2
FR;1;2021-10-28;18803;27109;86968;150;23483;91736;34;0;0;40614480;36336398;2651052;4322;39874443;2531397;1506;0;2
FR;1;2021-10-29;25936;40254;114844;202;35491;121680;49;0;0;40640416;36376652;2765896;4524;39909934;2653077;1555;0;2
FR;1;2021-10-30;17713;28718;49372;74;28303;51969;18;0;0;40658129;36405370;2815268;4598;39938237;2705046;1573;0;2
FR;1;2021-10-31;2088;3169;3452;2;3215;3686;2;0;0;40660217;36408539;2818720;4600;39941452;2708732;1575;0;2
FR;1;2021-11-01;8025;4274;3036;3;4358;3293;6;0;0;40668242;36412813;2821756;4603;39945810;2712025;1581;0;2
FR;1;2021-11-02;22917;33221;92416;156;29172;97873;39;0;1;40691159;36446034;2914172;4759;39974982;2809898;1620;0;3
FR;1;2021-11-03;26638;41548;117525;219;36998;123910;56;0;0;40717797;36487582;3031697;4978;40011980;2933808;1676;0;3
FR;1;2021-11-04;19629;30288;105825;213;24185;111969;42;0;0;40737426;36517870;3137522;5191;40036165;3045777;1718;0;3
FR;1;2021-11-05;27029;42297;138800;230;34177;147490;47;0;0;40764455;36560167;3276322;5421;40070342;3193267;1765;0;3
FR;1;2021-11-06;18865;29807;63501;123;27607;66521;24;0;0;40783320;36589974;3339823;5544;40097949;3259788;1789;0;3
FR;1;2021-11-07;1834;3267;4985;6;3024;5302;5;0;0;40785154;36593241;3344808;5550;40100973;3265090;1794;0;3
FR;1;2021-11-08;17881;32244;126019;224;25388;132656;47;0;0;40803035;36625485;3470827;5774;40126361;3397746;1841;0;3
FR;1;2021-11-09;19521;37601;159327;334;26128;169149;63;0;0;40822556;36663086;3630154;6108;40152489;3566895;1904;0;3
FR;1;2021-11-10;28894;49051;181928;441;39012;192548;82;0;0;40851450;36712137;3812082;6549;40191501;3759443;1986;0;3
FR;1;2021-11-11;4192;5930;12239;26;5106;13029;14;0;0;40855642;36718067;3824321;6575;40196607;3772472;2000;0;3
FR;1;2021-11-12;26025;46824;174849;244;35291;186550;76;0;0;40881667;36764891;3999170;6819;40231898;3959022;2076;0;3
FR;1;2021-11-13;18736;29143;76847;111;25370;81792;40;0;0;40900403;36794034;4076017;6930;40257268;4040814;2116;0;3
FR;1;2021-11-14;2051;3241;6827;5;2796;7358;6;0;0;40902454;36797275;4082844;6935;40260064;4048172;2122;0;3
FR;1;2021-11-15;18797;34710;156448;306;24617;166286;59;0;0;40921251;36831985;4239292;7241;40284681;4214458;2181;0;3
FR;1;2021-11-16;21369;37815;192162;380;23320;205079;99;0;1;40942620;36869800;4431454;7621;40308001;4419537;2280;0;4
FR;1;2021-11-17;28674;45550;193256;398;33024;205080;92;0;0;40971294;36915350;4624710;8019;40341025;4624617;2372;0;4
FR;1;2021-11-18;21147;39597;182541;459;25135;194669;85;0;0;40992441;36954947;4807251;8478;40366160;4819286;2457;0;4
FR;1;2021-11-19;30894;53320;230285;532;34816;246781;135;0;0;41023335;37008267;5037536;9010;40400976;5066067;2592;0;4
FR;1;2021-11-20;23775;33215;97001;202;26733;103656;40;0;0;41047110;37041482;5134537;9212;40427709;5169723;2632;0;4
FR;1;2021-11-21;2342;3907;9133;19;2956;9939;16;0;0;41049452;37045389;5143670;9231;40430665;5179662;2648;0;4
FR;1;2021-11-22;21426;30325;175933;467;16942;189481;79;0;0;41070878;37075714;5319603;9698;40447607;5369143;2727;0;4
FR;1;2021-11-23;24030;40973;221265;540;21321;238019;77;0;0;41094908;37116687;5540868;10238;40468928;5607162;2804;0;4
FR;1;2021-11-24;30298;49643;217402;701;31964;234585;67;0;0;41125206;37166330;5758270;10939;40500892;5841747;2871;0;4
FR;1;2021-11-25;23733;44044;244525;718;22073;264225;101;0;0;41148939;37210374;6002795;11657;40522965;6105972;2972;0;4
FR;1;2021-11-26;30618;66634;356842;836;33240;388625;154;0;0;41179557;37277008;6359637;12493;40556205;6494597;3126;0;4
FR;1;2021-11-27;21960;45263;202665;372;26150;222698;112;0;0;41201517;37322271;6562302;12865;40582355;6717295;3238;0;4
FR;1;2021-11-28;3180;9544;54803;63;3467;61016;37;0;0;41204697;37331815;6617105;12928;40585822;6778311;3275;0;4
FR;1;2021-11-29;17904;49467;326433;841;20774;354580;150;0;0;41222601;37381282;6943538;13769;40606596;7132891;3425;0;4
FR;1;2021-11-30;22790;64816;431195;952;23800;470840;266;0;0;41245391;37446098;7374733;14721;40630396;7603731;3691;0;4
FR;1;2021-12-01;25363;69038;442955;1131;28429;481820;271;0;0;41270754;37515136;7817688;15852;40658825;8085551;3962;0;4
FR;1;2021-12-02;20091;64302;489464;1230;18436;532970;274;0;0;41290845;37579438;8307152;17082;40677261;8618521;4236;0;4
FR;1;2021-12-03;22913;82303;542840;1310;30275;591855;308;0;0;41313758;37661741;8849992;18392;40707536;9210376;4544;0;4
FR;1;2021-12-04;16417;53784;299137;654;23209;328997;180;0;0;41330175;37715525;9149129;19046;40730745;9539373;4724;0;4
FR;1;2021-12-05;3635;13775;81548;143;4196;91046;85;0;0;41333810;37729300;9230677;19189;40734941;9630419;4809;0;4
FR;1;2021-12-06;25848;62421;415524;1066;22063;455253;356;0;0;41359658;37791721;9646201;20255;40757004;10085672;5165;0;4
FR;1;2021-12-07;20019;75458;523075;1536;24276;572736;372;0;0;41379677;37867179;10169276;21791;40781280;10658408;5537;0;4
FR;1;2021-12-08;21718;75486;458550;1545;30644;502208;378;0;0;41401395;37942665;10627826;23336;40811924;11160616;5915;0;4
FR;1;2021-12-09;19473;73944;493086;1624;24328;541102;398;0;0;41420868;38016609;11120912;24960;40836252;11701718;6313;0;4
FR;1;2021-12-10;23330;87515;547466;1585;32419;600103;392;0;1;41444198;38104124;11668378;26545;40868671;12301821;6705;0;5
FR;1;2021-12-11;16531;59085;302768;751;25944;335502;278;0;0;41460729;38163209;11971146;27296;40894615;12637323;6983;0;5
FR;1;2021-12-12;4397;15877;83240;179;5244;94045;96;0;0;41465126;38179086;12054386;27475;40899859;12731368;7079;0;5
FR;1;2021-12-13;15761;63399;367082;1094;23905;406368;236;0;0;41480887;38242485;12421468;28569;40923764;13137736;7315;0;5
FR;1;2021-12-14;20870;80114;464894;1748;28644;515351;506;0;1;41501757;38322599;12886362;30317;40952408;13653087;7821;0;6
FR;1;2021-12-15;21631;77296;409185;1309;33008;453261;311;0;1;41523388;38399895;13295547;31626;40985416;14106348;8132;0;7
FR;1;2021-12-16;20070;77052;451998;1577;27919;500738;324;0;0;41543458;38476947;13747545;33203;41013335;14607086;8456;0;7
FR;1;2021-12-17;22628;86368;480026;1737;34639;531048;372;0;0;41566086;38563315;14227571;34940;41047974;15138134;8828;0;7
FR;1;2021-12-18;17610;54551;257660;731;24686;288529;232;0;0;41583696;38617866;14485231;35671;41072660;15426663;9060;0;7
FR;1;2021-12-19;5563;16911;79205;194;5920;90680;117;0;0;41589259;38634777;14564436;35865;41078580;15517343;9177;0;7
FR;1;2021-12-20;20955;62874;316301;1082;26495;355333;284;0;0;41610214;38697651;14880737;36947;41105075;15872676;9461;0;7
FR;1;2021-12-21;26342;72860;372820;1422;30553;418147;338;0;0;41636556;38770511;15253557;38369;41135628;16290823;9799;0;7
FR;1;2021-12-22;24989;65650;310702;1217;29579;349627;361;0;1;41661545;38836161;15564259;39586;41165207;16640450;10160;0;8
FR;1;2021-12-23;21276;52111;241538;958;23344;273074;362;0;0;41682821;38888272;15805797;40544;41188551;16913524;10522;0;8
FR;1;2021-12-24;7130;18265;67172;258;9244;77062;154;0;1;41689951;38906537;15872969;40802;41197795;16990586;10676;0;9
FR;1;2021-12-25;509;2865;5593;15;1796;6538;55;0;0;41690460;38909402;15878562;40817;41199591;16997124;10731;0;9
FR;1;2021-12-26;2751;7568;26957;71;3492;31467;100;0;0;41693211;38916970;15905519;40888;41203083;17028591;10831;0;9
FR;1;2021-12-27;18312;53468;235146;705;25458;265805;365;0;0;41711523;38970438;16140665;41593;41228541;17294396;11196;0;9
FR;1;2021-12-28;23303;61877;292070;1026;26986;330242;595;0;1;41734826;39032315;16432735;42619;41255527;17624638;11791;0;10
FR;1;2021-12-29;22218;55374;255046;921;25257;288243;645;0;1;41757044;39087689;16687781;43540;41280784;17912881;12436;0;11
FR;1;2021-12-30;21240;46407;212184;857;22442;239633;718;0;0;41778284;39134096;16899965;44397;41303226;18152514;13154;0;11
FR;1;2021-12-31;7468;16536;61881;229;8716;70415;346;0;0;41785752;39150632;16961846;44626;41311942;18222929;13500;0;11
FR;1;2022-01-01;1167;2488;5668;30;1542;6577;73;0;0;41786919;39153120;16967514;44656;41313484;18229506;13573;0;11
FR;1;2022-01-02;3088;8074;28897;50;3671;33539;190;0;0;41790007;39161194;16996411;44706;41317155;18263045;13763;0;11
FR;1;2022-01-03;26778;54164;228287;790;27531;257748;964;0;1;41816785;39215358;17224698;45496;41344686;18520793;14727;0;12
FR;1;2022-01-04;26306;64976;299319;1241;29775;337365;1367;0;2;41843091;39280334;17524017;46737;41374461;18858158;16094;0;14
FR;1;2022-01-05;30564;64242;274927;1099;32511;310305;1264;0;0;41873655;39344576;17798944;47836;41406972;19168463;17358;0;14
FR;1;2022-01-06;26859;66191;306951;1404;29267;346623;1569;0;1;41900514;39410767;18105895;49240;41436239;19515086;18927;0;15
FR;1;2022-01-07;31580;74963;349878;1538;34389;394007;1822;0;1;41932094;39485730;18455773;50778;41470628;19909093;20749;0;16
FR;1;2022-01-08;23391;51356;222510;698;25571;251138;913;0;1;41955485;39537086;18678283;51476;41496199;20160231;21662;0;17
FR;1;2022-01-09;7092;17134;66035;163;8168;76142;336;0;0;41962577;39554220;18744318;51639;41504367;20236373;21998;0;17
FR;1;2022-01-10;21811;60580;236836;957;32916;267629;1258;0;1;41984388;39614800;18981154;52596;41537283;20504002;23256;0;18
FR;1;2022-01-11;26778;63432;282342;1280;31195;317858;1837;0;1;42011166;39678232;19263496;53876;41568478;20821860;25093;0;19
FR;1;2022-01-12;28966;62479;246302;1106;35040;278093;1686;0;3;42040132;39740711;19509798;54982;41603518;21099953;26779;0;22
FR;1;2022-01-13;24789;60149;262841;1253;30022;296160;1993;0;4;42064921;39800860;19772639;56235;41633540;21396113;28772;0;26
FR;1;2022-01-14;27971;66688;314050;1366;32109;351303;2475;0;1;42092892;39867548;20086689;57601;41665649;21747416;31247;0;27
FR;1;2022-01-15;19372;44407;199332;619;22464;223867;1363;0;1;42112264;39911955;20286021;58220;41688113;21971283;32610;0;28
FR;1;2022-01-16;5161;12958;51536;135;6021;59558;338;0;0;42117425;39924913;20337557;58355;41694134;22030841;32948;0;28
FR;1;2022-01-17;16884;39667;184860;783;20115;206840;1690;0;2;42134309;39964580;20522417;59138;41714249;22237681;34638;0;30
FR;1;2022-01-18;19461;45962;212457;1154;22989;237056;2458;0;1;42153770;40010542;20734874;60292;41737238;22474737;37096;0;31
FR;1;2022-01-19;20313;43943;176140;898;25467;197197;1977;0;4;42174083;40054485;20911014;61190;41762705;22671934;39073;0;35
FR;1;2022-01-20;16851;40560;183721;1147;20805;204766;2516;0;2;42190934;40095045;21094735;62337;41783510;22876700;41589;0;37
FR;1;2022-01-21;19920;47007;228982;1405;23886;253359;3106;0;1;42210854;40142052;21323717;63742;41807396;23130059;44695;0;38
FR;1;2022-01-22;13844;33334;144509;579;18435;161397;1404;0;2;42224698;40175386;21468226;64321;41825831;23291456;46099;0;40
FR;1;2022-01-23;3380;8764;33438;132;4576;38325;352;0;1;42228078;40184150;21501664;64453;41830407;23329781;46451;0;41
FR;1;2022-01-24;11817;32967;142241;718;17788;158277;2104;0;1;42239895;40217117;21643905;65171;41848195;23488058;48555;0;42
FR;1;2022-01-25;14214;38156;163432;1049;20281;181564;3182;0;1;42254109;40255273;21807337;66220;41868476;23669622;51737;0;43
FR;1;2022-01-26;14865;37721;150266;933;22635;166394;2515;0;1;42268974;40292994;21957603;67153;41891111;23836016;54252;0;44
FR;1;2022-01-27;12340;33334;143471;896;18500;158046;3230;0;3;42281314;40326328;22101074;68049;41909611;23994062;57482;0;47
FR;1;2022-01-28;16329;56905;198331;1144;32662;222390;4007;0;3;42297643;40383233;22299405;69193;41942273;24216452;61489;0;50
FR;1;2022-01-29;10270;35471;135213;525;19612;151540;1879;0;1;42307913;40418704;22434618;69718;41961885;24367992;63368;0;51
FR;1;2022-01-30;2484;9256;29687;86;4827;34450;434;0;1;42310397;40427960;22464305;69804;41966712;24402442;63802;0;52
FR;1;2022-01-31;8759;32462;104353;533;19470;117345;2340;0;3;42319156;40460422;22568658;70337;41986182;24519787;66142;0;55
FR;1;2022-02-01;11006;36446;127087;865;20631;141209;4321;0;1;42330162;40496868;22695745;71202;42006813;24660996;70463;0;56
FR;1;2022-02-02;12074;41573;130369;782;25263;145820;3774;0;9;42342236;40538441;22826114;71984;42032076;24806816;74237;0;65
FR;1;2022-02-03;9510;34051;117033;785;19117;130335;4284;0;4;42351746;40572492;22943147;72769;42051193;24937151;78521;0;69
FR;1;2022-02-04;11540;49618;172589;968;26908;192726;5480;0;5;42363286;40622110;23115736;73737;42078101;25129877;84001;0;74
FR;1;2022-02-05;8000;33922;117593;391;18171;133026;2414;0;3;42371286;40656032;23233329;74128;42096272;25262903;86415;0;77
FR;1;2022-02-06;1706;7995;22754;86;3873;26905;444;0;0;42372992;40664027;23256083;74214;42100145;25289808;86859;0;77
FR;1;2022-02-07;7364;35386;119113;460;18171;134971;3398;0;4;42380356;40699413;23375196;74674;42118316;25424779;90257;0;81
FR;1;2022-02-08;7770;31960;125671;696;14893;140661;4301;0;5;42388126;40731373;23500867;75370;42133209;25565440;94558;0;86
FR;1;2022-02-09;8693;36528;135266;702;17928;152510;3884;0;7;42396819;40767901;23636133;76072;42151137;25717950;98442;0;93
FR;1;2022-02-10;7027;30138;116383;677;13901;130171;4445;0;1;42403846;40798039;23752516;76749;42165038;25848121;102887;0;94
FR;1;2022-02-11;8662;41561;165150;878;18374;185374;5430;0;3;42412508;40839600;23917666;77627;42183412;26033495;108317;0;97
FR;1;2022-02-12;5346;27617;106714;379;12540;120899;2396;0;2;42417854;40867217;24024380;78006;42195952;26154394;110713;0;99
FR;1;2022-02-13;1269;5721;21721;66;2188;25339;402;0;3;42419123;40872938;24046101;78072;42198140;26179733;111115;0;102
FR;1;2022-02-14;5460;27229;118096;395;10645;133124;3385;0;4;42424583;40900167;24164197;78467;42208785;26312857;114500;0;106
FR;1;2022-02-15;5795;28869;118940;611;12218;132572;4882;0;1;42430378;40929036;24283137;79078;42221003;26445429;119382;0;107
FR;1;2022-02-16;5762;28495;110426;597;13762;123056;4153;0;3;42436140;40957531;24393563;79675;42234765;26568485;123535;0;110
FR;1;2022-02-17;4616;19746;73154;489;10127;80260;3999;0;3;42440756;40977277;24466717;80164;42244892;26648745;127534;0;113
FR;1;2022-02-18;5613;26800;99208;673;14171;108169;5519;0;2;42446369;41004077;24565925;80837;42259063;26756914;133053;0;115
FR;1;2022-02-19;3551;17178;59478;304;9571;66059;2266;0;0;42449920;41021255;24625403;81141;42268634;26822973;135319;0;115
FR;1;2022-02-20;793;3258;10706;36;1651;12333;360;0;1;42450713;41024513;24636109;81177;42270285;26835306;135679;0;116
FR;1;2022-02-21;3430;14599;52830;286;7919;57678;3126;0;2;42454143;41039112;24688939;81463;42278204;26892984;138805;0;118
FR;1;2022-02-22;3803;15549;51919;500;9046;55657;4070;0;1;42457946;41054661;24740858;81963;42287250;26948641;142875;0;119
FR;1;2022-02-23;4235;17827;57484;510;10747;62585;3569;0;3;42462181;41072488;24798342;82473;42297997;27011226;146444;0;122
FR;1;2022-02-24;3344;13144;43620;436;7838;46410;3658;0;2;42465525;41085632;24841962;82909;42305835;27057636;150102;0;124
FR;1;2022-02-25;4478;20131;64927;697;12249;68798;5768;0;4;42470003;41105763;24906889;83606;42318084;27126434;155870;0;128
FR;1;2022-02-26;2698;12805;41371;310;7652;45124;2494;0;2;42472701;41118568;24948260;83916;42325736;27171558;158364;0;130
FR;1;2022-02-27;644;2192;7131;42;1207;7994;433;0;0;42473345;41120760;24955391;83958;42326943;27179552;158797;0;130
FR;1;2022-02-28;2613;10500;34967;306;6080;37393;3124;0;0;42475958;41131260;24990358;84264;42333023;27216945;161921;0;130
FR;1;2022-03-01;3591;10762;38708;391;6366;39662;4550;0;4;42479549;41142022;25029066;84655;42339389;27256607;166471;0;134
FR;1;2022-03-02;3685;12200;41870;398;7467;43940;4110;0;1;42483234;41154222;25070936;85053;42346856;27300547;170581;0;135
FR;1;2022-03-03;2463;7990;26186;329;5245;26524;3380;0;1;42485697;41162212;25097122;85382;42352101;27327071;173961;0;136
FR;1;2022-03-04;2690;10545;35467;594;6976;34961;5280;0;3;42488387;41172757;25132589;85976;42359077;27362032;179241;0;139
FR;1;2022-03-05;1823;6369;21971;280;4207;22370;2571;0;1;42490210;41179126;25154560;86256;42363284;27384402;181812;0;140
FR;1;2022-03-06;359;959;2917;38;605;3120;327;0;0;42490569;41180085;25157477;86294;42363889;27387522;182139;0;140
FR;1;2022-03-07;1889;4724;16440;245;3046;15908;2831;0;4;42492458;41184809;25173917;86539;42366935;27403430;184970;0;144
FR;1;2022-03-08;1717;5259;17172;309;3670;16000;3472;0;3;42494175;41190068;25191089;86848;42370605;27419430;188442;0;147
FR;1;2022-03-09;1988;6704;19820;371;4779;19179;3423;0;4;42496163;41196772;25210909;87219;42375384;27438609;191865;0;151
FR;1;2022-03-10;1415;5017;15297;309;3668;14335;2944;0;2;42497578;41201789;25226206;87528;42379052;27452944;194809;0;153
FR;1;2022-03-11;1761;6410;21717;487;4445;19870;4739;0;1;42499339;41208199;25247923;88015;42383497;27472814;199548;0;154
FR;1;2022-03-12;1263;4653;15367;281;3094;14915;2687;0;2;42500602;41212852;25263290;88296;42386591;27487729;202235;0;156
FR;1;2022-03-13;257;613;2119;119;414;2065;468;0;0;42500859;41213465;25265409;88415;42387005;27489794;202703;0;156
FR;1;2022-03-14;1157;3679;13407;3882;2294;12528;6342;0;8;42502016;41217144;25278816;92297;42389299;27502322;209045;0;164
FR;1;2022-03-15;1409;5735;14665;6865;4319;13262;9847;0;8;42503425;41222879;25293481;99162;42393618;27515584;218892;0;172
FR;1;2022-03-16;1695;5090;17401;11521;3600;16465;14126;0;6;42505120;41227969;25310882;110683;42397218;27532049;233018;0;178
FR;1;2022-03-17;1178;3441;11733;9648;2366;10828;11732;0;8;42506298;41231410;25322615;120331;42399584;27542877;244750;0;186
FR;1;2022-03-18;1725;4930;17980;16508;3324;16419;19722;0;14;42508023;41236340;25340595;136839;42402908;27559296;264472;0;200
FR;1;2022-03-19;1126;3301;11891;8460;2277;11361;10142;0;6;42509149;41239641;25352486;145299;42405185;27570657;274614;0;206
FR;1;2022-03-20;224;560;1726;1015;362;1761;1224;0;2;42509373;41240201;25354212;146314;42405547;27572418;275838;0;208
FR;1;2022-03-21;1087;2768;11503;13462;1787;10854;15142;0;10;42510460;41242969;25365715;159776;42407334;27583272;290980;0;218
FR;1;2022-03-22;1282;3214;12264;18716;2155;11252;20619;0;5;42511742;41246183;25377979;178492;42409489;27594524;311599;0;223
FR;1;2022-03-23;1514;4360;16033;20111;2956;15714;21882;0;34;42513256;41250543;25394012;198603;42412445;27610238;333481;0;257
FR;1;2022-03-24;1120;2754;10405;16060;1910;9666;17565;0;15;42514376;41253297;25404417;214663;42414355;27619904;351046;0;272
FR;1;2022-03-25;1540;4363;16754;25315;2881;15406;27959;0;23;42515916;41257660;25421171;239978;42417236;27635310;379005;0;295
FR;1;2022-03-26;1110;3017;10856;11450;2065;10517;12862;0;20;42517026;41260677;25432027;251428;42419301;27645827;391867;0;315
FR;1;2022-03-27;236;546;1750;1383;334;1803;1594;0;1;42517262;41261223;25433777;252811;42419635;27647630;393461;0;316
FR;1;2022-03-28;1086;2490;9980;15885;1558;9602;17229;0;10;42518348;41263713;25443757;268696;42421193;27657232;410690;0;326
FR;1;2022-03-29;1142;2754;11561;25111;1603;10925;26508;0;30;42519490;41266467;25455318;293807;42422796;27668157;437198;0;356
FR;1;2022-03-30;1632;3655;14173;24233;2429;13713;25897;0;19;42521122;41270122;25469491;318040;42425225;27681870;463095;0;375
FR;1;2022-03-31;1281;3025;11701;22700;2052;11214;24021;0;40;42522403;41273147;25481192;340740;42427277;27693084;487116;0;415
FR;1;2022-04-01;2239;4025;18491;28534;2481;17361;30806;0;53;42524642;41277172;25499683;369274;42429758;27710445;517922;0;468
FR;1;2022-04-02;911;1894;8196;9240;1107;7959;10233;0;28;42525553;41279066;25507879;378514;42430865;27718404;528155;0;496
FR;1;2022-04-03;206;382;1433;1058;219;1435;1249;0;1;42525759;41279448;25509312;379572;42431084;27719839;529404;0;497
FR;1;2022-04-04;4173;2596;11380;17680;1684;10772;18899;0;30;42529932;41282044;25520692;397252;42432768;27730611;548303;0;527
FR;1;2022-04-05;2260;2721;13007;31222;1704;12033;32603;0;68;42532192;41284765;25533699;428474;42434472;27742644;580906;0;595
FR;1;2022-04-06;1891;3018;12205;23952;1926;11641;25250;0;62;42534083;41287783;25545904;452426;42436398;27754285;606156;0;657
FR;1;2022-04-07;1694;2752;12356;31106;1652;11822;32181;0;68;42535777;41290535;25558260;483532;42438050;27766107;638337;0;725
FR;1;2022-04-08;1847;3711;17570;40646;2098;16499;42699;0;76;42537624;41294246;25575830;524178;42440148;27782606;681036;0;801
FR;1;2022-04-09;827;2000;8406;12504;1078;8106;13502;0;26;42538451;41296246;25584236;536682;42441226;27790712;694538;0;827
FR;1;2022-04-10;201;654;1836;1855;419;1882;2075;0;6;42538652;41296900;25586072;538537;42441645;27792594;696613;0;833
FR;1;2022-04-11;1107;2257;10973;22371;1309;10688;23479;0;68;42539759;41299157;25597045;560908;42442954;27803282;720092;0;901
FR;1;2022-04-12;1352;2677;12827;38146;1591;12316;38897;0;119;42541111;41301834;25609872;599054;42444545;27815598;758989;0;1020
FR;1;2022-04-13;1282;2894;12278;30627;1790;12008;31399;0;85;42542393;41304728;25622150;629681;42446335;27827606;790388;0;1105
FR;1;2022-04-14;1232;2596;12118;33656;1599;12132;34093;0;87;42543625;41307324;25634268;663337;42447934;27839738;824481;0;1192
FR;1;2022-04-15;1503;3305;14408;33269;2121;13812;34672;0;107;42545128;41310629;25648676;696606;42450055;27853550;859153;0;1299
FR;1;2022-04-16;662;1410;5845;8003;767;5777;8757;0;31;42545790;41312039;25654521;704609;42450822;27859327;867910;0;1330
FR;1;2022-04-17;157;290;930;1121;177;975;1171;0;7;42545947;41312329;25655451;705730;42450999;27860302;869081;0;1337
FR;1;2022-04-18;168;482;2636;1002;297;2660;1187;0;5;42546115;41312811;25658087;706732;42451296;27862962;870268;0;1342
FR;1;2022-04-19;1259;2611;11788;27936;1502;11519;28791;0;69;42547374;41315422;25669875;734668;42452798;27874481;899059;0;1411
FR;1;2022-04-20;1359;2674;12180;26885;1678;12032;27710;0;82;42548733;41318096;25682055;761553;42454476;27886513;926769;0;1493
FR;1;2022-04-21;1244;2463;11553;33284;1511;11785;33621;0;107;42549977;41320559;25693608;794837;42455987;27898298;960390;0;1600
FR;1;2022-04-22;1527;3093;15217;35506;1927;14795;36704;0;120;42551504;41323652;25708825;830343;42457914;27913093;997094;0;1720
FR;1;2022-04-23;767;1588;6738;9894;925;6644;10578;0;30;42552271;41325240;25715563;840237;42458839;27919737;1007672;0;1750
FR;1;2022-04-24;196;378;1376;1523;242;1329;1748;0;7;42552467;41325618;25716939;841760;42459081;27921066;1009420;0;1757
FR;1;2022-04-25;1041;2132;9857;19735;1255;9757;20557;0;64;42553508;41327750;25726796;861495;42460336;27930823;1029977;0;1821
FR;1;2022-04-26;1351;2627;12608;36639;1608;12207;37227;0;163;42554859;41330377;25739404;898134;42461944;27943030;1067204;0;1984
FR;1;2022-04-27;1330;2408;10654;29290;1468;10790;29675;0;123;42556189;41332785;25750058;927424;42463412;27953820;1096879;0;2107
FR;1;2022-04-28;1284;2415;11565;34323;1521;11406;34473;0;127;42557473;41335200;25761623;961747;42464933;27965226;1131352;0;2234
FR;1;2022-04-29;1615;4296;14407;35563;3168;13859;36853;0;153;42559088;41339496;25776030;997310;42468101;27979085;1168205;0;2387
FR;1;2022-04-30;840;4252;6448;9173;3679;6292;9974;0;35;42559928;41343748;25782478;1006483;42471780;27985377;1178179;0;2422
FR;1;2022-05-01;178;288;832;951;190;826;1080;0;5;42560106;41344036;25783310;1007434;42471970;27986203;1179259;0;2427
FR;1;2022-05-02;2080;2617;10379;16953;1772;10304;17634;0;64;42562186;41346653;25793689;1024387;42473742;27996507;1196893;0;2491
FR;1;2022-05-03;1685;2879;12712;32915;1762;12604;33714;0;149;42563871;41349532;25806401;1057302;42475504;28009111;1230607;0;2640
FR;1;2022-05-04;1381;2746;11234;23826;1691;11394;24365;0;96;42565252;41352278;25817635;1081128;42477195;28020505;1254972;0;2736
FR;1;2022-05-05;1497;2735;12200;31862;1719;12123;32410;0;170;42566749;41355013;25829835;1112990;42478914;28032628;1287382;0;2906
FR;1;2022-05-06;1822;3238;14241;34940;1915;13825;36202;0;166;42568571;41358251;25844076;1147930;42480829;28046453;1323584;0;3072
FR;1;2022-05-07;860;1473;5979;9097;878;6013;9731;0;44;42569431;41359724;25850055;1157027;42481707;28052466;1333315;0;3116
FR;1;2022-05-08;190;329;1062;1472;221;1124;1548;0;8;42569621;41360053;25851117;1158499;42481928;28053590;1334863;0;3124
FR;1;2022-05-09;1167;2019;9251;19262;1159;9165;20035;0;93;42570788;41362072;25860368;1177761;42483087;28062755;1354898;0;3217
FR;1;2022-05-10;1509;3049;12616;37145;1959;12215;38043;0;177;42572297;41365121;25872984;1214906;42485046;28074970;1392941;0;3394
FR;1;2022-05-11;1440;2477;9912;26042;1695;9860;26559;0;138;42573737;41367598;25882896;1240948;42486741;28084830;1419500;0;3532
FR;1;2022-05-12;1325;2455;10526;33632;1546;10229;34275;0;188;42575062;41370053;25893422;1274580;42488287;28095059;1453775;0;3720
FR;1;2022-05-13;1618;2806;12770;35855;1684;12418;36950;0;149;42576680;41372859;25906192;1310435;42489971;28107477;1490725;0;3869
FR;1;2022-05-14;782;1324;5481;10217;809;5365;10732;0;51;42577462;41374183;25911673;1320652;42490780;28112842;1501457;0;3920
FR;1;2022-05-15;223;422;1182;1352;246;1252;1497;0;5;42577685;41374605;25912855;1322004;42491026;28114094;1502954;0;3925
FR;1;2022-05-16;971;1787;8079;20137;1005;8143;20550;0;117;42578656;41376392;25920934;1342141;42492031;28122237;1523504;0;4042
FR;1;2022-05-17;1296;2302;11125;36187;1385;10729;36973;0;172;42579952;41378694;25932059;1378328;42493416;28132966;1560477;0;4214
FR;1;2022-05-18;1312;2135;9041;25730;1367;8991;26289;0;99;42581264;41380829;25941100;1404058;42494783;28141957;1586766;0;4313
FR;1;2022-05-19;1204;2404;9856;33999;1413;9951;34202;0;150;42582468;41383233;25950956;1438057;42496196;28151908;1620968;0;4463
FR;1;2022-05-20;1563;2757;12532;37655;1720;12113;38515;0;151;42584031;41385990;25963488;1475712;42497916;28164021;1659483;0;4614
FR;1;2022-05-21;775;1387;5247;9374;879;5164;9944;0;37;42584806;41387377;25968735;1485086;42498795;28169185;1669427;0;4651
FR;1;2022-05-22;194;292;953;1397;204;952;1520;0;10;42585000;41387669;25969688;1486483;42498999;28170137;1670947;0;4661
FR;1;2022-05-23;972;1890;8372;19437;1177;8349;20054;0;79;42585972;41389559;25978060;1505920;42500176;28178486;1691001;0;4740
FR;1;2022-05-24;1288;2449;10727;37251;1441;10597;37824;0;173;42587260;41392008;25988787;1543171;42501617;28189083;1728825;0;4913
FR;1;2022-05-25;1272;2299;8792;23693;1424;8956;24055;0;111;42588532;41394307;25997579;1566864;42503041;28198039;1752880;0;5024
FR;1;2022-05-26;175;385;1584;1155;261;1579;1288;0;24;42588707;41394692;25999163;1568019;42503302;28199618;1754168;0;5048
FR;1;2022-05-27;1120;2192;8789;20457;1377;8537;21410;0;84;42589827;41396884;26007952;1588476;42504679;28208155;1775578;0;5132
FR;1;2022-05-28;486;1058;3692;6543;626;3729;6930;0;37;42590313;41397942;26011644;1595019;42505305;28211884;1782508;0;5169
FR;1;2022-05-29;121;257;707;896;149;718;1005;0;4;42590434;41398199;26012351;1595915;42505454;28212602;1783513;0;5173
FR;1;2022-05-30;831;1743;6559;18536;1044;6592;18990;0;85;42591265;41399942;26018910;1614451;42506498;28219194;1802503;0;5258
FR;1;2022-05-31;1266;2239;9248;34376;1370;9118;34976;0;159;42592531;41402181;26028158;1648827;42507868;28228312;1837479;0;5417
FR;1;2022-06-01;1332;2603;10439;23460;1750;10302;24307;0;116;42593863;41404784;26038597;1672287;42509618;28238614;1861786;0;5533
FR;1;2022-06-02;1227;2309;10663;34153;1447;10241;34986;0;162;42595090;41407093;26049260;1706440;42511065;28248855;1896772;0;5695
FR;1;2022-06-03;1446;2746;12737;37111;1737;12158;38287;0;157;42596536;41409839;26061997;1743551;42512802;28261013;1935059;0;5852
FR;1;2022-06-04;686;1262;4750;8677;759;4826;9167;0;62;42597222;41411101;26066747;1752228;42513561;28265839;1944226;0;5914
FR;1;2022-06-05;134;292;810;1049;150;834;1154;0;3;42597356;41411393;26067557;1753277;42513711;28266673;1945380;0;5917
FR;1;2022-06-06;817;1196;2028;1252;1018;2047;1427;0;9;42598173;41412589;26069585;1754529;42514729;28268720;1946807;0;5926
FR;1;2022-06-07;1262;2343;9184;34055;1439;8844;35154;0;143;42599435;41414932;26078769;1788584;42516168;28277564;1981961;0;6069
FR;1;2022-06-08;1138;2237;8678;27613;1401;8562;28483;0;107;42600573;41417169;26087447;1816197;42517569;28286126;2010444;0;6176
FR;1;2022-06-09;1075;2151;9985;37570;1282;9670;38337;0;148;42601648;41419320;26097432;1853767;42518851;28295796;2048781;0;6324
FR;1;2022-06-10;1336;2859;12423;43134;1824;12014;44363;0;200;42602984;41422179;26109855;1896901;42520675;28307810;2093144;0;6524
FR;1;2022-06-11;661;1450;5136;11085;797;5185;11614;0;50;42603645;41423629;26114991;1907986;42521472;28312995;2104758;0;6574
FR;1;2022-06-12;156;377;1019;1687;189;1076;1789;0;11;42603801;41424006;26116010;1909673;42521661;28314071;2106547;0;6585
FR;1;2022-06-13;946;1839;7014;22226;1134;6871;23067;0;84;42604747;41425845;26123024;1931899;42522795;28320942;2129614;0;6669
FR;1;2022-06-14;1117;2232;9840;42851;1311;9243;43943;0;186;42605864;41428077;26132864;1974750;42524106;28330185;2173557;0;6855
FR;1;2022-06-15;1093;2010;8786;29393;1361;8474;29941;0;169;42606957;41430087;26141650;2004143;42525467;28338659;2203498;0;7024
FR;1;2022-06-16;959;1840;9403;38509;1061;8881;39416;0;188;42607916;41431927;26151053;2042652;42526528;28347540;2242914;0;7212
FR;1;2022-06-17;1227;2568;11915;44864;1483;11381;46004;0;224;42609143;41434495;26162968;2087516;42528011;28358921;2288918;0;7436
FR;1;2022-06-18;563;1277;4319;10544;717;4258;11086;0;62;42609706;41435772;26167287;2098060;42528728;28363179;2300004;0;7498
FR;1;2022-06-19;137;325;1003;1543;173;1082;1609;0;12;42609843;41436097;26168290;2099603;42528901;28364261;2301613;0;7510
FR;1;2022-06-20;861;1706;8493;25049;1005;8157;25910;0;146;42610704;41437803;26176783;2124652;42529906;28372418;2327523;0;7656
FR;1;2022-06-21;1102;2139;9764;47758;1256;8855;49102;0;241;42611806;41439942;26186547;2172410;42531162;28381273;2376625;0;7897
FR;1;2022-06-22;1045;2069;8442;37161;1296;7963;38021;0;231;42612851;41442011;26194989;2209571;42532458;28389236;2414646;0;8128
FR;1;2022-06-23;1054;2180;10125;52815;1209;9409;53824;0;290;42613905;41444191;26205114;2262386;42533667;28398645;2468470;0;8418
FR;1;2022-06-24;1256;2719;12915;65969;1487;11700;67640;0;367;42615161;41446910;26218029;2328355;42535154;28410345;2536110;0;8785
FR;1;2022-06-25;685;1506;5931;18922;792;5713;19721;0;163;42615846;41448416;26223960;2347277;42535946;28416058;2555831;0;8948
FR;1;2022-06-26;167;406;1817;3494;191;1713;3730;0;34;42616013;41448822;26225777;2350771;42536137;28417771;2559561;0;8982
FR;1;2022-06-27;944;1777;9901;45979;942;9127;47114;0;300;42616957;41450599;26235678;2396750;42537079;28426898;2606675;0;9282
FR;1;2022-06-28;1215;2576;13843;86572;1381;12405;88261;0;569;42618172;41453175;26249521;2483322;42538460;28439303;2694936;0;9851
FR;1;2022-06-29;1242;2295;11481;67400;1259;10548;68447;0;487;42619414;41455470;26261002;2550722;42539719;28449851;2763383;0;10338
FR;1;2022-06-30;1289;2484;13518;89971;1434;11828;91769;0;645;42620703;41457954;26274520;2640693;42541153;28461679;2855152;0;10983
FR;1;2022-07-01;1658;3480;20315;109200;1990;17971;111596;0;859;42622361;41461434;26294835;2749893;42543143;28479650;2966748;0;11842
FR;1;2022-07-02;770;1527;8024;33775;751;7253;34802;0;315;42623131;41462961;26302859;2783668;42543894;28486903;3001550;0;12157
FR;1;2022-07-03;229;480;1943;6118;257;1759;6444;0;71;42623360;41463441;26304802;2789786;42544151;28488662;3007994;0;12228
FR;1;2022-07-04;1637;3176;13934;75414;2059;12360;77304;0;589;42624997;41466617;26318736;2865200;42546210;28501022;3085298;0;12817
FR;1;2022-07-05;1503;2856;17690;126369;1510;15147;128483;0;1060;42626500;41469473;26336426;2991569;42547720;28516169;3213781;0;13877
FR;1;2022-07-06;1375;2404;14888;93747;1382;12912;95183;0;815;42627875;41471877;26351314;3085316;42549102;28529081;3308964;0;14692
FR;1;2022-07-07;1442;2539;16937;119491;1407;14008;121586;0;1074;42629317;41474416;26368251;3204807;42550509;28543089;3430550;0;15766
FR;1;2022-07-08;1534;2823;19608;130003;1541;15971;132808;0;1220;42630851;41477239;26387859;3334810;42552050;28559060;3563358;0;16986
FR;1;2022-07-09;663;1281;7306;36020;699;6349;36809;0;392;42631514;41478520;26395165;3370830;42552749;28565409;3600167;0;17378
FR;1;2022-07-10;243;656;2240;6689;411;2032;7068;0;89;42631757;41479176;26397405;3377519;42553160;28567441;3607235;0;17467
FR;1;2022-07-11;1239;2242;14320;84452;1177;11942;86563;0;734;42632996;41481418;26411725;3461971;42554337;28579383;3693798;0;18201
FR;1;2022-07-12;1603;2804;19464;137424;1441;15902;139914;0;1485;42634599;41484222;26431189;3599395;42555778;28595285;3833712;0;19686
FR;1;2022-07-13;1460;2439;14790;89838;1316;12643;91523;0;1002;42636059;41486661;26445979;3689233;42557094;28607928;3925235;0;20688
FR;1;2022-07-14;161;350;1865;5290;195;1774;5437;0;74;42636220;41487011;26447844;3694523;42557289;28609702;3930672;0;20762
FR;1;2022-07-15;1266;2319;14362;80599;1206;12005;82603;0;960;42637486;41489330;26462206;3775122;42558495;28621707;4013275;0;21722
FR;1;2022-07-16;514;1063;5641;23949;555;4894;24590;0;302;42638000;41490393;26467847;3799071;42559050;28626601;4037865;0;22024
FR;1;2022-07-17;163;369;1656;4464;193;1501;4727;0;60;42638163;41490762;26469503;3803535;42559243;28628102;4042592;0;22084
FR;1;2022-07-18;974;2034;11301;59281;1144;9570;61006;0;715;42639137;41492796;26480804;3862816;42560387;28637672;4103598;0;22799
FR;1;2022-07-19;1233;2131;14693;99429;1195;11725;101426;0;1386;42640370;41494927;26495497;3962245;42561582;28649397;4205024;0;24185
FR;1;2022-07-20;1183;2007;12372;74374;1174;10283;75859;0;964;42641553;41496934;26507869;4036619;42562756;28659680;4280883;0;25149
FR;1;2022-07-21;1136;1954;12417;84546;1188;9993;85911;0;1211;42642689;41498888;26520286;4121165;42563944;28669673;4366794;0;26360
FR;1;2022-07-22;1271;2243;14102;85947;1255;11434;87686;0;1264;42643960;41501131;26534388;4207112;42565199;28681107;4454480;0;27624
FR;1;2022-07-23;548;1093;5236;21296;634;4610;21841;0;373;42644508;41502224;26539624;4228408;42565833;28685717;4476321;0;27997
FR;1;2022-07-24;148;306;1327;3700;153;1168;3925;0;65;42644656;41502530;26540951;4232108;42565986;28686885;4480246;0;28062
FR;1;2022-07-25;890;1632;9075;46123;982;7525;47496;0;680;42645546;41504162;26550026;4278231;42566968;28694410;4527742;0;28742
FR;1;2022-07-26;1136;1962;12681;81967;1119;10336;83581;0;1198;42646682;41506124;26562707;4360198;42568087;28704746;4611323;0;29940
FR;1;2022-07-27;1021;1730;9760;58521;1046;8139;59702;0;874;42647703;41507854;26572467;4418719;42569133;28712885;4671025;0;30814
FR;1;2022-07-28;982;1705;9857;61908;1113;7853;63135;0;967;42648685;41509559;26582324;4480627;42570246;28720738;4734160;0;31781
FR;1;2022-07-29;1113;1845;10460;62988;1171;8384;64302;0;1066;42649798;41511404;26592784;4543615;42571417;28729122;4798462;0;32847
FR;1;2022-07-30;395;726;3349;14491;442;2849;14851;0;279;42650193;41512130;26596133;4558106;42571859;28731971;4813313;0;33126
FR;1;2022-07-31;141;264;900;2335;159;766;2477;0;47;42650334;41512394;26597033;4560441;42572018;28732737;4815790;0;33173
FR;1;2022-08-01;856;1468;7257;28966;1083;6118;29959;0;519;42651190;41513862;26604290;4589407;42573101;28738855;4845749;0;33692
FR;1;2022-08-02;926;1486;8237;54037;999;6633;54687;0;1091;42652116;41515348;26612527;4643444;42574100;28745488;4900436;0;34783
FR;1;2022-08-03;738;1107;6156;37044;752;4938;37774;0;645;42652854;41516455;26618683;4680488;42574852;28750426;4938210;0;35428
FR;1;2022-08-04;651;1080;6262;41451;696;5057;42005;0;850;42653505;41517535;26624945;4721939;42575548;28755483;4980215;0;36278
FR;1;2022-08-05;742;1197;6766;43078;808;5436;43706;0;933;42654247;41518732;26631711;4765017;42576356;28760919;5023921;0;37211
FR;1;2022-08-06;277;462;1993;8999;302;1674;9191;0;218;42654524;41519194;26633704;4774016;42576658;28762593;5033112;0;37429
FR;1;2022-08-07;89;147;520;1556;103;436;1630;0;35;42654613;41519341;26634224;4775572;42576761;28763029;5034742;0;37464
FR;1;2022-08-08;567;1070;3805;21228;824;3139;21626;0;457;42655180;41520411;26638029;4796800;42577585;28766168;5056368;0;37921
FR;1;2022-08-09;665;1056;5682;38473;746;4557;38967;0;794;42655845;41521467;26643711;4835273;42578331;28770725;5095335;0;38715
FR;1;2022-08-10;566;1178;4434;26915;879;3635;27228;0;601;42656411;41522645;26648145;4862188;42579210;28774360;5122563;0;39316
FR;1;2022-08-11;564;917;4313;28210;629;3587;28538;0;634;42656975;41523562;26652458;4890398;42579839;28777947;5151101;0;39950
FR;1;2022-08-12;726;1040;4554;27170;717;3761;27582;0;668;42657701;41524602;26657012;4917568;42580556;28781708;5178683;0;40618
FR;1;2022-08-13;294;370;1248;5111;262;1066;5282;0;116;42657995;41524972;26658260;4922679;42580818;28782774;5183965;0;40734
FR;1;2022-08-14;67;115;277;871;96;236;941;0;24;42658062;41525087;26658537;4923550;42580914;28783010;5184906;0;40758
FR;1;2022-08-15;110;215;573;542;184;534;593;0;16;42658172;41525302;26659110;4924092;42581098;28783544;5185499;0;40774
FR;1;2022-08-16;549;953;3791;21488;712;3220;21689;0;582;42658721;41526255;26662901;4945580;42581810;28786764;5207188;0;41356
FR;1;2022-08-17;545;912;3769;22149;679;3195;22391;0;579;42659266;41527167;26666670;4967729;42582489;28789959;5229579;0;41935
FR;1;2022-08-18;562;896;3941;25451;697;3140;25673;0;630;42659828;41528063;26670611;4993180;42583186;28793099;5255252;0;42565
FR;1;2022-08-19;536;1049;4369;26547;748;3601;26855;0;732;42660364;41529112;26674980;5019727;42583934;28796700;5282107;0;43297
FR;1;2022-08-20;248;421;1290;5371;321;1107;5524;0;138;42660612;41529533;26676270;5025098;42584255;28797807;5287631;0;43435
FR;1;2022-08-21;84;112;287;990;77;253;1013;0;27;42660696;41529645;26676557;5026088;42584332;28798060;5288644;0;43462
FR;1;2022-08-22;511;899;3141;14956;673;2713;15232;0;411;42661207;41530544;26679698;5041044;42585005;28800773;5303876;0;43873
FR;1;2022-08-23;655;1063;4153;28322;747;3486;28402;0;830;42661862;41531607;26683851;5069366;42585752;28804259;5332278;0;44703
FR;1;2022-08-24;568;837;3402;19069;659;2772;19253;0;587;42662430;41532444;26687253;5088435;42586411;28807031;5351531;0;45290
FR;1;2022-08-25;566;933;3830;22919;652;3213;23148;0;655;42662996;41533377;26691083;5111354;42587063;28810244;5374679;0;45945
FR;1;2022-08-26;754;1137;4349;25157;811;3567;25532;0;745;42663750;41534514;26695432;5136511;42587874;28813811;5400211;0;46690
FR;1;2022-08-27;221;432;1324;5306;277;1191;5360;0;192;42663971;41534946;26696756;5141817;42588151;28815002;5405571;0;46882
FR;1;2022-08-28;113;147;298;899;106;280;948;0;33;42664084;41535093;26697054;5142716;42588257;28815282;5406519;0;46915
FR;1;2022-08-29;504;857;2976;14250;634;2516;14560;0;409;42664588;41535950;26700030;5156966;42588891;28817798;5421079;0;47324
FR;1;2022-08-30;744;1111;4626;27712;788;3776;28033;0;793;42665332;41537061;26704656;5184678;42589679;28821574;5449112;0;48117
FR;1;2022-08-31;586;834;3112;17238;612;2622;17500;0;483;42665918;41537895;26707768;5201916;42590291;28824196;5466612;0;48600
FR;1;2022-09-01;691;925;4333;21885;650;3693;22147;0;587;42666609;41538820;26712101;5223801;42590941;28827889;5488759;0;49187
FR;1;2022-09-02;802;1057;4885;27864;755;4082;28152;0;882;42667411;41539877;26716986;5251665;42591696;28831971;5516911;0;50069
FR;1;2022-09-03;318;509;1833;5876;348;1594;6105;0;174;42667729;41540386;26718819;5257541;42592044;28833565;5523016;0;50243
FR;1;2022-09-04;108;137;341;842;73;334;912;0;21;42667837;41540523;26719160;5258383;42592117;28833899;5523928;0;50264
FR;1;2022-09-05;680;835;3049;15698;658;2556;15981;0;499;42668517;41541358;26722209;5274081;42592775;28836455;5539909;0;50763
FR;1;2022-09-06;811;962;4571;31063;609;3711;31284;0;1002;42669328;41542320;26726780;5305144;42593384;28840166;5571193;0;51765
FR;1;2022-09-07;594;702;2921;16443;464;2424;16580;0;550;42669922;41543022;26729701;5321587;42593848;28842590;5587773;0;52315
FR;1;2022-09-08;581;793;3700;24222;540;3040;24303;0;796;42670503;41543815;26733401;5345809;42594388;28845630;5612076;0;53111
FR;1;2022-09-09;776;975;4308;26897;615;3597;27079;0;902;42671279;41544790;26737709;5372706;42595003;28849227;5639155;0;54013
FR;1;2022-09-10;345;564;1679;5589;394;1479;5781;0;203;42671624;41545354;26739388;5378295;42595397;28850706;5644936;0;54216
FR;1;2022-09-11;106;120;313;646;82;293;703;0;17;42671730;41545474;26739701;5378941;42595479;28850999;5645639;0;54233
FR;1;2022-09-12;479;605;2616;12954;426;2233;13234;0;462;42672209;41546079;26742317;5391895;42595905;28853232;5658873;0;54695
FR;1;2022-09-13;626;827;3868;25845;538;3382;25719;0;835;42672835;41546906;26746185;5417740;42596443;28856614;5684592;0;55530
FR;1;2022-09-14;614;721;2880;15695;505;2411;15931;0;537;42673449;41547627;26749065;5433435;42596948;28859025;5700523;0;56067
FR;1;2022-09-15;531;768;3342;23091;541;2847;23155;0;679;42673980;41548395;26752407;5456526;42597489;28861872;5723678;0;56746
FR;1;2022-09-16;725;944;4017;25347;628;3390;25548;0;891;42674705;41549339;26756424;5481873;42598117;28865262;5749226;0;57637
FR;1;2022-09-17;300;427;1397;5979;298;1222;6087;0;227;42675005;41549766;26757821;5487852;42598415;28866484;5755313;0;57864
FR;1;2022-09-18;99;126;310;923;103;278;979;0;33;42675104;41549892;26758131;5488775;42598518;28866762;5756292;0;57897
FR;1;2022-09-19;372;575;2140;12863;377;1835;13017;0;414;42675476;41550467;26760271;5501638;42598895;28868597;5769309;0;58311
FR;1;2022-09-20;562;833;3667;25830;581;3064;25870;0;854;42676038;41551300;26763938;5527468;42599476;28871661;5795179;0;59165
FR;1;2022-09-21;481;689;2628;15863;489;2256;15827;0;561;42676519;41551989;26766566;5543331;42599965;28873917;5811006;0;59726
FR;1;2022-09-22;546;771;3294;22967;510;2693;23155;0;744;42677065;41552760;26769860;5566298;42600475;28876610;5834161;0;60470
FR;1;2022-09-23;767;943;4353;28153;676;3633;28317;0;981;42677832;41553703;26774213;5594451;42601151;28880243;5862478;0;61451
FR;1;2022-09-24;352;539;1587;6694;379;1370;6867;0;300;42678184;41554242;26775800;5601145;42601530;28881613;5869345;0;61751
FR;1;2022-09-25;81;157;321;1072;110;293;1110;0;32;42678265;41554399;26776121;5602217;42601640;28881906;5870455;0;61783
FR;1;2022-09-26;383;652;2182;13073;429;1935;13167;0;412;42678648;41555051;26778303;5615290;42602069;28883841;5883622;0;62195
FR;1;2022-09-27;542;767;3458;25025;541;2794;25223;0;906;42679190;41555818;26781761;5640315;42602610;28886635;5908845;0;63101
FR;1;2022-09-28;525;720;2448;14971;507;2217;15060;0;597;42679715;41556538;26784209;5655286;42603117;28888852;5923905;0;63698
FR;1;2022-09-29;504;697;2997;20365;487;2522;20379;0;767;42680219;41557235;26787206;5675651;42603604;28891374;5944284;0;64465
FR;1;2022-09-30;694;991;3776;24429;698;3160;24677;0;970;42680913;41558226;26790982;5700080;42604302;28894534;5968961;0;65435
FR;1;2022-10-01;352;550;1904;5507;386;1658;5733;0;273;42681265;41558776;26792886;5705587;42604688;28896192;5974694;0;65708
FR;1;2022-10-02;56;120;204;568;82;204;589;0;29;42681321;41558896;26793090;5706155;42604770;28896396;5975283;0;65737
FR;1;2022-10-03;498;816;2225;10042;660;1985;10210;0;489;42681819;41559712;26795315;5716197;42605430;28898381;5985493;0;66226
FR;1;2022-10-04;593;735;2929;18922;503;2480;19010;0;1084;42682412;41560447;26798244;5735119;42605933;28900861;6004503;0;67310
FR;1;2022-10-05;455;724;2097;11113;496;1870;11242;0;723;42682867;41561171;26800341;5746232;42606429;28902731;6015745;0;68033
FR;1;2022-10-06;446;641;2496;15777;464;2061;15959;0;1061;42683313;41561812;26802837;5762009;42606893;28904792;6031704;0;69094
FR;1;2022-10-07;556;768;2693;16068;567;2310;16092;0;1161;42683869;41562580;26805530;5778077;42607460;28907102;6047796;0;70255
FR;1;2022-10-08;237;314;888;3171;247;776;3276;0;291;42684106;41562894;26806418;5781248;42607707;28907878;6051072;0;70546
FR;1;2022-10-09;76;87;151;461;77;135;487;0;51;42684182;41562981;26806569;5781709;42607784;28908013;6051559;0;70597
FR;1;2022-10-10;306;527;1322;4999;434;1239;5095;0;463;42684488;41563508;26807891;5786708;42608218;28909252;6056654;0;71060
FR;1;2022-10-11;323;453;1315;8085;339;1196;8186;0;757;42684811;41563961;26809206;5794793;42608557;28910448;6064840;0;71817
FR;1;2022-10-12;335;476;1076;5221;362;1073;5238;0;521;42685146;41564437;26810282;5800014;42608919;28911521;6070078;0;72338
FR;1;2022-10-13;331;445;1078;6099;354;935;6146;0;629;42685477;41564882;26811360;5806113;42609273;28912456;6076224;0;72967
FR;1;2022-10-14;409;548;1174;6710;463;1048;6778;0;676;42685886;41565430;26812534;5812823;42609736;28913504;6083002;0;73643
FR;1;2022-10-15;209;328;531;1860;280;514;1868;0;226;42686095;41565758;26813065;5814683;42610016;28914018;6084870;0;73869
FR;1;2022-10-16;47;65;111;296;46;118;315;0;48;42686142;41565823;26813176;5814979;42610062;28914136;6085185;0;73917
FR;1;2022-10-17;236;333;738;2653;265;694;2698;0;366;42686378;41566156;26813914;5817632;42610327;28914830;6087883;0;74283
FR;1;2022-10-18;263;318;954;4596;254;833;4698;0;866;42686641;41566474;26814868;5822228;42610581;28915663;6092581;0;75149
FR;1;2022-10-19;284;376;696;3185;309;665;3164;0;502;42686925;41566850;26815564;5825413;42610890;28916328;6095745;0;75651
FR;1;2022-10-20;286;348;902;4369;294;794;4404;0;771;42687211;41567198;26816466;5829782;42611184;28917122;6100149;0;76422
FR;1;2022-10-21;304;418;847;3804;370;742;3876;0;675;42687515;41567616;26817313;5833586;42611554;28917864;6104025;0;77097
FR;1;2022-10-22;135;183;306;1252;161;300;1217;0;210;42687650;41567799;26817619;5834838;42611715;28918164;6105242;0;77307
FR;1;2022-10-23;32;43;65;197;41;59;213;0;25;42687682;41567842;26817684;5835035;42611756;28918223;6105455;0;77332
FR;1;2022-10-24;272;236;479;1603;204;476;1660;0;306;42687954;41568078;26818163;5836638;42611960;28918699;6107115;0;77638
FR;1;2022-10-25;221;258;526;2651;227;447;2707;0;487;42688175;41568336;26818689;5839289;42612187;28919146;6109822;0;78125
FR;1;2022-10-26;235;249;393;1958;237;369;1965;0;435;42688410;41568585;26819082;5841247;42612424;28919515;6111787;0;78560
FR;1;2022-10-27;260;231;490;2167;203;509;2151;0;518;42688670;41568816;26819572;5843414;42612627;28920024;6113938;0;79078
FR;1;2022-10-28;312;329;533;2335;308;470;2402;0;478;42688982;41569145;26820105;5845749;42612935;28920494;6116340;0;79556
FR;1;2022-10-29;99;151;176;712;121;210;703;0;203;42689081;41569296;26820281;5846461;42613056;28920704;6117043;0;79759
FR;1;2022-10-30;38;46;62;184;38;56;189;0;38;42689119;41569342;26820343;5846645;42613094;28920760;6117232;0;79797
FR;1;2022-10-31;136;186;294;796;165;272;863;0;143;42689255;41569528;26820637;5847441;42613259;28921032;6118095;0;79940
FR;1;2022-11-01;53;131;767;115;113;767;134;0;19;42689308;41569659;26821404;5847556;42613372;28921799;6118229;0;79959
FR;1;2022-11-02;263;241;529;983;237;495;1046;0;356;42689571;41569900;26821933;5848539;42613609;28922294;6119275;0;80315
FR;1;2022-11-03;271;236;442;1379;221;403;1418;0;377;42689842;41570136;26822375;5849918;42613830;28922697;6120693;0;80692
FR;1;2022-11-04;232;261;424;1597;241;401;1637;0;438;42690074;41570397;26822799;5851515;42614071;28923098;6122330;0;81130
FR;1;2022-11-05;100;123;272;502;112;254;524;0;111;42690174;41570520;26823071;5852017;42614183;28923352;6122854;0;81241
FR;1;2022-11-06;36;46;32;131;45;35;129;0;33;42690210;41570566;26823103;5852148;42614228;28923387;6122983;0;81274
FR;1;2022-11-07;198;243;317;893;230;309;939;0;211;42690408;41570809;26823420;5853041;42614458;28923696;6123922;0;81485
FR;1;2022-11-08;208;255;470;1688;243;415;1717;0;524;42690616;41571064;26823890;5854729;42614701;28924111;6125639;0;82009
FR;1;2022-11-09;187;241;335;1104;229;301;1141;0;477;42690803;41571305;26824225;5855833;42614930;28924412;6126780;0;82486
FR;1;2022-11-10;213;318;432;1680;309;441;1668;0;605;42691016;41571623;26824657;5857513;42615239;28924853;6128448;0;83091
FR;1;2022-11-11;31;43;105;100;41;91;114;0;44;42691047;41571666;26824762;5857613;42615280;28924944;6128562;0;83135
FR;1;2022-11-12;93;146;257;375;133;256;390;0;101;42691140;41571812;26825019;5857988;42615413;28925200;6128952;0;83236
FR;1;2022-11-13;23;56;28;64;53;31;66;0;26;42691163;41571868;26825047;5858052;42615466;28925231;6129018;0;83262
FR;1;2022-11-14;171;182;263;768;170;267;838;0;235;42691334;41572050;26825310;5858820;42615636;28925498;6129856;0;83497
FR;1;2022-11-15;220;373;390;1299;372;368;1337;0;436;42691554;41572423;26825700;5860119;42616008;28925866;6131193;0;83933
FR;1;2022-11-16;191;254;334;982;248;348;1017;0;359;42691745;41572677;26826034;5861101;42616256;28926214;6132210;0;84292
FR;1;2022-11-17;168;201;295;1207;195;271;1211;0;387;42691913;41572878;26826329;5862308;42616451;28926485;6133421;0;84679
FR;1;2022-11-18;228;266;393;1314;258;382;1348;0;411;42692141;41573144;26826722;5863622;42616709;28926867;6134769;0;85090
FR;1;2022-11-19;120;113;248;441;112;213;474;0;102;42692261;41573257;26826970;5864063;42616821;28927080;6135243;0;85192
FR;1;2022-11-20;35;119;31;66;115;33;74;0;28;42692296;41573376;26827001;5864129;42616936;28927113;6135317;0;85220
FR;1;2022-11-21;175;170;270;640;143;286;677;0;211;42692471;41573546;26827271;5864769;42617079;28927399;6135994;0;85431
FR;1;2022-11-22;155;168;412;1155;151;396;1177;0;406;42692626;41573714;26827683;5865924;42617230;28927795;6137171;0;85837
FR;1;2022-11-23;178;181;245;761;165;246;784;0;241;42692804;41573895;26827928;5866685;42617395;28928041;6137955;0;86078
FR;1;2022-11-24;136;167;287;1203;148;299;1207;0;440;42692940;41574062;26828215;5867888;42617543;28928340;6139162;0;86518
FR;1;2022-11-25;208;241;426;1154;227;415;1186;0;392;42693148;41574303;26828641;5869042;42617770;28928755;6140348;0;86910
FR;1;2022-11-26;90;109;113;323;101;125;311;0;118;42693238;41574412;26828754;5869365;42617871;28928880;6140659;0;87028
FR;1;2022-11-27;21;37;19;72;27;31;78;0;49;42693259;41574449;26828773;5869437;42617898;28928911;6140737;0;87077
FR;1;2022-11-28;210;145;208;665;152;204;708;0;332;42693469;41574594;26828981;5870102;42618050;28929115;6141445;0;87409
FR;1;2022-11-29;171;141;269;1107;126;251;1119;0;458;42693640;41574735;26829250;5871209;42618176;28929366;6142564;0;87867
FR;1;2022-11-30;161;200;233;938;186;236;960;0;322;42693801;41574935;26829483;5872147;42618362;28929602;6143524;0;88189
FR;1;2022-12-01;162;157;713;1090;144;679;1138;0;379;42693963;41575092;26830196;5873237;42618506;28930281;6144662;0;88568
FR;1;2022-12-02;200;199;516;1185;194;512;1233;0;470;42694163;41575291;26830712;5874422;42618700;28930793;6145895;0;89038
FR;1;2022-12-03;102;108;261;532;96;239;529;0;180;42694265;41575399;26830973;5874954;42618796;28931032;6146424;0;89218
FR;1;2022-12-04;26;27;19;138;24;20;129;0;58;42694291;41575426;26830992;5875092;42618820;28931052;6146553;0;89276
FR;1;2022-12-05;141;145;300;867;142;294;899;0;316;42694432;41575571;26831292;5875959;42618962;28931346;6147452;0;89592
FR;1;2022-12-06;152;150;272;1448;137;276;1454;0;739;42694584;41575721;26831564;5877407;42619099;28931622;6148906;0;90331
FR;1;2022-12-07;154;157;250;1187;166;230;1203;0;576;42694738;41575878;26831814;5878594;42619265;28931852;6150109;0;90907
FR;1;2022-12-08;129;139;301;1756;131;258;1797;0;765;42694867;41576017;26832115;5880350;42619396;28932110;6151906;0;91672
FR;1;2022-12-09;202;195;352;1815;168;361;1835;0;721;42695069;41576212;26832467;5882165;42619564;28932471;6153741;0;92393
FR;1;2022-12-10;116;107;341;856;94;324;877;0;292;42695185;41576319;26832808;5883021;42619658;28932795;6154618;0;92685
FR;1;2022-12-11;31;30;32;218;27;30;200;0;62;42695216;41576349;26832840;5883239;42619685;28932825;6154818;0;92747
FR;1;2022-12-12;127;101;293;1099;97;281;1111;0;457;42695343;41576450;26833133;5884338;42619782;28933106;6155929;0;93204
FR;1;2022-12-13;122;122;288;1297;96;264;1310;0;618;42695465;41576572;26833421;5885635;42619878;28933370;6157239;0;93822
FR;1;2022-12-14;105;143;253;866;137;232;891;0;370;42695570;41576715;26833674;5886501;42620015;28933602;6158130;0;94192
FR;1;2022-12-15;136;160;446;1489;148;416;1515;0;692;42695706;41576875;26834120;5887990;42620163;28934018;6159645;0;94884
FR;1;2022-12-16;205;213;566;1342;217;550;1364;0;623;42695911;41577088;26834686;5889332;42620380;28934568;6161009;0;95507
FR;1;2022-12-17;88;91;223;467;80;218;475;0;204;42695999;41577179;26834909;5889799;42620460;28934786;6161484;0;95711
FR;1;2022-12-18;17;22;26;111;19;28;107;0;37;42696016;41577201;26834935;5889910;42620479;28934814;6161591;0;95748
FR;1;2022-12-19;150;128;248;791;136;219;834;0;381;42696166;41577329;26835183;5890701;42620615;28935033;6162425;0;96129
FR;1;2022-12-20;143;160;350;905;147;344;911;0;426;42696309;41577489;26835533;5891606;42620762;28935377;6163336;0;96555
FR;1;2022-12-21;136;105;214;638;115;180;646;0;388;42696445;41577594;26835747;5892244;42620877;28935557;6163982;0;96943
FR;1;2022-12-22;145;108;165;552;116;150;542;0;326;42696590;41577702;26835912;5892796;42620993;28935707;6164524;0;97269
FR;1;2022-12-23;128;152;453;419;135;444;425;0;182;42696718;41577854;26836365;5893215;42621128;28936151;6164949;0;97451
FR;1;2022-12-24;30;27;33;56;30;32;63;0;21;42696748;41577881;26836398;5893271;42621158;28936183;6165012;0;97472
FR;1;2022-12-25;4;10;20;12;11;14;15;0;11;42696752;41577891;26836418;5893283;42621169;28936197;6165027;0;97483
FR;1;2022-12-26;94;90;248;251;89;253;257;0;93;42696846;41577981;26836666;5893534;42621258;28936450;6165284;0;97576
FR;1;2022-12-27;117;159;309;387;150;315;402;0;180;42696963;41578140;26836975;5893921;42621408;28936765;6165686;0;97756
FR;1;2022-12-28;105;142;202;270;128;204;281;0;126;42697068;41578282;26837177;5894191;42621536;28936969;6165967;0;97882
FR;1;2022-12-29;105;102;154;282;102;153;303;0;114;42697173;41578384;26837331;5894473;42621638;28937122;6166270;0;97996
FR;1;2022-12-30;122;122;85;258;111;90;268;0;143;42697295;41578506;26837416;5894731;42621749;28937212;6166538;0;98139
FR;1;2022-12-31;38;34;28;74;39;25;74;0;25;42697333;41578540;26837444;5894805;42621788;28937237;6166612;0;98164
FR;1;2023-01-01;6;11;61;21;11;57;26;0;10;42697339;41578551;26837505;5894826;42621799;28937294;6166638;0;98174
FR;1;2023-01-02;90;110;662;169;118;642;191;0;64;42697429;41578661;26838167;5894995;42621917;28937936;6166829;0;98238
FR;1;2023-01-03;160;93;363;205;91;357;212;0;146;42697589;41578754;26838530;5895200;42622008;28938293;6167041;0;98384
FR;1;2023-01-04;92;83;243;198;85;244;207;0;192;42697681;41578837;26838773;5895398;42622093;28938537;6167248;0;98576
FR;1;2023-01-05;143;108;170;334;119;170;335;0;206;42697824;41578945;26838943;5895732;42622212;28938707;6167583;0;98782
FR;1;2023-01-06;197;139;222;325;142;208;350;0;230;42698021;41579084;26839165;5896057;42622354;28938915;6167933;0;99012
FR;1;2023-01-07;105;88;174;147;91;157;164;0;92;42698126;41579172;26839339;5896204;42622445;28939072;6168097;0;99104
FR;1;2023-01-08;26;18;27;59;17;23;63;0;24;42698152;41579190;26839366;5896263;42622462;28939095;6168160;0;99128
FR;1;2023-01-09;138;119;132;135;115;141;152;0;115;42698290;41579309;26839498;5896398;42622577;28939236;6168312;0;99243
FR;1;2023-01-10;115;115;268;263;115;272;264;0;192;42698405;41579424;26839766;5896661;42622692;28939508;6168576;0;99435
FR;1;2023-01-11;104;100;85;191;109;91;201;0;96;42698509;41579524;26839851;5896852;42622801;28939599;6168777;0;99531
FR;1;2023-01-12;122;106;210;240;101;210;265;0;166;42698631;41579630;26840061;5897092;42622902;28939809;6169042;0;99697
FR;1;2023-01-13;195;145;166;285;144;165;306;0;188;42698826;41579775;26840227;5897377;42623046;28939974;6169348;0;99885
FR;1;2023-01-14;89;61;161;104;63;171;103;0;62;42698915;41579836;26840388;5897481;42623109;28940145;6169451;0;99947
FR;1;2023-01-15;23;23;31;41;21;30;45;0;29;42698938;41579859;26840419;5897522;42623130;28940175;6169496;0;99976
FR;1;2023-01-16;111;102;310;155;96;314;133;0;100;42699049;41579961;26840729;5897677;42623226;28940489;6169629;0;100076
FR;1;2023-01-17;113;97;160;211;96;158;238;0;127;42699162;41580058;26840889;5897888;42623322;28940647;6169867;0;100203
FR;1;2023-01-18;99;87;93;143;86;89;183;0;121;42699261;41580145;26840982;5898031;42623408;28940736;6170050;0;100324
FR;1;2023-01-19;113;78;97;130;77;109;130;0;135;42699374;41580223;26841079;5898161;42623485;28940845;6170180;0;100459
FR;1;2023-01-20;166;141;161;271;142;189;260;0;199;42699540;41580364;26841240;5898432;42623627;28941034;6170440;0;100658
FR;1;2023-01-21;58;70;91;84;70;102;74;0;35;42699598;41580434;26841331;5898516;42623697;28941136;6170514;0;100693
FR;1;2023-01-22;8;8;12;19;6;8;23;0;14;42699606;41580442;26841343;5898535;42623703;28941144;6170537;0;100707
FR;1;2023-01-23;87;83;107;96;86;99;115;0;85;42699693;41580525;26841450;5898631;42623789;28941243;6170652;0;100792
FR;1;2023-01-24;121;74;71;122;87;69;131;0;183;42699814;41580599;26841521;5898753;42623876;28941312;6170783;0;100975
FR;1;2023-01-25;97;118;77;104;117;77;119;0;106;42699911;41580717;26841598;5898857;42623993;28941389;6170902;0;101081
FR;1;2023-01-26;105;104;61;152;93;66;173;0;107;42700016;41580821;26841659;5899009;42624086;28941455;6171075;0;101188
FR;1;2023-01-27;170;134;104;135;150;121;135;0;198;42700186;41580955;26841763;5899144;42624236;28941576;6171210;0;101386
FR;1;2023-01-28;73;74;55;40;77;52;48;0;28;42700259;41581029;26841818;5899184;42624313;28941628;6171258;0;101414
FR;1;2023-01-29;12;22;33;10;20;31;16;0;12;42700271;41581051;26841851;5899194;42624333;28941659;6171274;0;101426
FR;1;2023-01-30;144;107;64;72;109;70;80;0;51;42700415;41581158;26841915;5899266;42624442;28941729;6171354;0;101477
FR;1;2023-01-31;122;83;61;114;72;66;124;0;140;42700537;41581241;26841976;5899380;42624514;28941795;6171478;0;101617
FR;1;2023-02-01;117;128;336;102;126;332;127;0;77;42700654;41581369;26842312;5899482;42624640;28942127;6171605;0;101694
FR;1;2023-02-02;88;89;86;104;84;93;105;0;97;42700742;41581458;26842398;5899586;42624724;28942220;6171710;0;101791
FR;1;2023-02-03;153;142;128;98;142;135;103;0;92;42700895;41581600;26842526;5899684;42624866;28942355;6171813;0;101883
FR;1;2023-02-04;49;78;71;45;84;73;46;0;24;42700944;41581678;26842597;5899729;42624950;28942428;6171859;0;101907
FR;1;2023-02-05;6;8;18;6;7;21;7;0;8;42700950;41581686;26842615;5899735;42624957;28942449;6171866;0;101915
FR;1;2023-02-06;90;75;109;75;81;112;78;0;89;42701040;41581761;26842724;5899810;42625038;28942561;6171944;0;102004
FR;1;2023-02-07;89;74;91;74;76;85;93;0;110;42701129;41581835;26842815;5899884;42625114;28942646;6172037;0;102114
FR;1;2023-02-08;80;89;57;30;87;62;34;0;51;42701209;41581924;26842872;5899914;42625201;28942708;6172071;0;102165
FR;1;2023-02-09;64;64;76;58;74;75;66;0;79;42701273;41581988;26842948;5899972;42625275;28942783;6172137;0;102244
FR;1;2023-02-10;138;128;50;70;131;62;71;0;115;42701411;41582116;26842998;5900042;42625406;28942845;6172208;0;102359
FR;1;2023-02-11;44;49;76;25;46;85;27;0;11;42701455;41582165;26843074;5900067;42625452;28942930;6172235;0;102370
FR;1;2023-02-12;8;2;9;8;6;9;9;0;9;42701463;41582167;26843083;5900075;42625458;28942939;6172244;0;102379
FR;1;2023-02-13;76;95;37;35;97;44;32;0;31;42701539;41582262;26843120;5900110;42625555;28942983;6172276;0;102410
FR;1;2023-02-14;66;66;70;47;65;76;45;0;77;42701605;41582328;26843190;5900157;42625620;28943059;6172321;0;102487
FR;1;2023-02-15;72;92;68;52;101;73;60;0;81;42701677;41582420;26843258;5900209;42625721;28943132;6172381;0;102568
FR;1;2023-02-16;57;71;92;80;59;101;84;0;73;42701734;41582491;26843350;5900289;42625780;28943233;6172465;0;102641
FR;1;2023-02-17;101;119;155;61;123;160;69;0;46;42701835;41582610;26843505;5900350;42625903;28943393;6172534;0;102687
FR;1;2023-02-18;44;54;139;41;54;145;43;0;9;42701879;41582664;26843644;5900391;42625957;28943538;6172577;0;102696
FR;1;2023-02-19;14;0;5;4;3;4;4;0;5;42701893;41582664;26843649;5900395;42625960;28943542;6172581;0;102701
FR;1;2023-02-20;72;63;49;28;68;53;32;0;16;42701965;41582727;26843698;5900423;42626028;28943595;6172613;0;102717
FR;1;2023-02-21;63;74;54;49;78;57;47;0;38;42702028;41582801;26843752;5900472;42626106;28943652;6172660;0;102755
FR;1;2023-02-22;63;75;29;18;75;33;18;0;22;42702091;41582876;26843781;5900490;42626181;28943685;6172678;0;102777
FR;1;2023-02-23;50;77;47;32;74;57;29;0;54;42702141;41582953;26843828;5900522;42626255;28943742;6172707;0;102831
FR;1;2023-02-24;92;109;32;31;110;40;32;0;37;42702233;41583062;26843860;5900553;42626365;28943782;6172739;0;102868
FR;1;2023-02-25;40;47;67;22;54;67;24;0;25;42702273;41583109;26843927;5900575;42626419;28943849;6172763;0;102893
FR;1;2023-02-26;2;3;1;2;1;3;1;0;3;42702275;41583112;26843928;5900577;42626420;28943852;6172764;0;102896
FR;1;2023-02-27;86;74;58;34;73;66;32;0;19;42702361;41583186;26843986;5900611;42626493;28943918;6172796;0;102915
FR;1;2023-02-28;82;68;32;49;65;41;51;0;32;42702443;41583254;26844018;5900660;42626558;28943959;6172847;0;102947
FR;1;2023-03-01;65;69;126;39;68;126;49;0;41;42702508;41583323;26844144;5900699;42626626;28944085;6172896;0;102988
FR;1;2023-03-02;61;55;64;40;59;59;53;0;43;42702569;41583378;26844208;5900739;42626685;28944144;6172949;0;103031
FR;1;2023-03-03;94;100;44;48;100;42;51;0;44;42702663;41583478;26844252;5900787;42626785;28944186;6173000;0;103075
FR;1;2023-03-04;48;43;24;20;41;25;24;0;13;42702711;41583521;26844276;5900807;42626826;28944211;6173024;0;103088
FR;1;2023-03-05;4;2;1;0;3;1;1;0;0;42702715;41583523;26844277;5900807;42626829;28944212;6173025;0;103088
FR;1;2023-03-06;84;53;60;17;59;66;23;0;14;42702799;41583576;26844337;5900824;42626888;28944278;6173048;0;103102
FR;1;2023-03-07;51;69;36;39;66;34;49;0;71;42702850;41583645;26844373;5900863;42626954;28944312;6173097;0;103173
FR;1;2023-03-08;47;63;18;13;67;22;17;0;6;42702897;41583708;26844391;5900876;42627021;28944334;6173114;0;103179
FR;1;2023-03-09;35;51;32;18;47;35;27;0;27;42702932;41583759;26844423;5900894;42627068;28944369;6173141;0;103206
FR;1;2023-03-10;90;89;68;39;89;70;45;0;24;42703022;41583848;26844491;5900933;42627157;28944439;6173186;0;103230
FR;1;2023-03-11;45;36;17;4;30;23;7;0;6;42703067;41583884;26844508;5900937;42627187;28944462;6173193;0;103236
FR;1;2023-03-12;1;9;3;0;10;2;1;0;0;42703068;41583893;26844511;5900937;42627197;28944464;6173194;0;103236
FR;1;2023-03-13;41;47;17;10;44;24;9;0;18;42703109;41583940;26844528;5900947;42627241;28944488;6173203;0;103254
FR;1;2023-03-14;63;43;36;21;48;41;22;0;30;42703172;41583983;26844564;5900968;42627289;28944529;6173225;0;103284
FR;1;2023-03-15;39;51;25;11;52;34;11;0;19;42703211;41584034;26844589;5900979;42627341;28944563;6173236;0;103303
FR;1;2023-03-16;54;40;20;16;43;21;19;0;20;42703265;41584074;26844609;5900995;42627384;28944584;6173255;0;103323
FR;1;2023-03-17;105;78;13;21;93;16;25;0;31;42703370;41584152;26844622;5901016;42627477;28944600;6173280;0;103354
FR;1;2023-03-18;31;22;5;3;15;11;5;0;5;42703401;41584174;26844627;5901019;42627492;28944611;6173285;0;103359
FR;1;2023-03-19;6;1;0;2;2;0;3;0;0;42703407;41584175;26844627;5901021;42627494;28944611;6173288;0;103359
FR;1;2023-03-20;37;43;8;8;38;13;12;0;8;42703444;41584218;26844635;5901029;42627532;28944624;6173300;0;103367
FR;1;2023-03-21;71;49;12;10;55;15;13;0;25;42703515;41584267;26844647;5901039;42627587;28944639;6173313;0;103392
FR;1;2023-03-22;54;48;19;28;47;30;24;0;13;42703569;41584315;26844666;5901067;42627634;28944669;6173337;0;103405
FR;2;2020-12-27;0;0;0;0;0;0;0;0;0;0;0;0;0;0;0;0;0;0
FR;2;2020-12-28;0;0;0;0;0;0;0;0;0;0;0;0;0;0;0;0;0;0
FR;2;2020-12-29;0;0;0;0;0;0;0;0;0;0;0;0;0;0;0;0;0;0
FR;2;2020-12-30;0;0;0;0;0;0;0;0;0;0;0;0;0;0;0;0;0;0
FR;2;2020-12-31;0;0;0;0;0;0;0;0;0;0;0;0;0;0;0;0;0;0
FR;2;2021-01-01;0;0;0;0;0;0;0;0;0;0;0;0;0;0;0;0;0;0
FR;2;2021-01-02;0;0;0;0;0;0;0;0;0;0;0;0;0;0;0;0;0;0
FR;2;2021-01-03;0;0;0;0;0;0;0;0;0;0;0;0;0;0;0;0;0;0
FR;2;2021-01-04;0;0;0;0;0;0;0;0;0;0;0;0;0;0;0;0;0;0
FR;2;2021-01-05;0;0;0;0;0;0;0;0;0;0;0;0;0;0;0;0;0;0
FR;2;2021-01-06;0;0;0;0;0;0;0;0;0;0;0;0;0;0;0;0;0;0
FR;2;2021-01-07;0;0;0;0;0;0;0;0;0;0;0;0;0;0;0;0;0;0
FR;2;2021-01-08;0;0;0;0;0;0;0;0;0;0;0;0;0;0;0;0;0;0
FR;2;2021-01-09;0;0;0;0;0;0;0;0;0;0;0;0;0;0;0;0;0;0
FR;2;2021-01-10;0;0;0;0;0;0;0;0;0;0;0;0;0;0;0;0;0;0
FR;2;2021-01-11;0;0;0;0;0;0;0;0;0;0;0;0;0;0;0;0;0;0
FR;2;2021-01-12;0;0;0;0;0;0;0;0;0;0;0;0;0;0;0;0;0;0
FR;2;2021-01-13;0;0;0;0;0;0;0;0;0;0;0;0;0;0;0;0;0;0
FR;2;2021-01-14;1638;0;0;0;213;0;0;0;0;1638;0;0;0;213;0;0;0;0
FR;2;2021-01-15;398;0;0;0;28;0;0;0;0;2036;0;0;0;241;0;0;0;0
FR;2;2021-01-16;316;0;0;0;12;0;0;0;0;2352;0;0;0;253;0;0;0;0
FR;2;2021-01-17;84;0;0;0;7;0;0;0;0;2436;0;0;0;260;0;0;0;0
FR;2;2021-01-18;3075;3;0;0;27;0;0;0;0;5511;3;0;0;287;0;0;0;0
FR;2;2021-01-19;4681;2;0;0;31;0;0;0;0;10192;5;0;0;318;0;0;0;0
FR;2;2021-01-20;5137;6;0;0;58;0;0;0;0;15329;11;0;0;376;0;0;0;0
FR;2;2021-01-21;5345;9;0;0;55;0;0;0;0;20674;20;0;0;431;0;0;0;0
FR;2;2021-01-22;5118;19;0;0;70;0;0;0;0;25792;39;0;0;501;0;0;0;0
FR;2;2021-01-23;1875;2;0;0;16;0;0;0;0;27667;41;0;0;517;0;0;0;0
FR;2;2021-01-24;163;2;0;0;8;0;0;0;0;27830;43;0;0;525;0;0;0;0
FR;2;2021-01-25;3814;4;0;0;37;0;0;0;0;31644;47;0;0;562;0;0;0;0
FR;2;2021-01-26;3930;6;0;0;42;0;0;0;0;35574;53;0;0;604;0;0;0;0
FR;2;2021-01-27;3606;4;0;0;36;0;0;0;0;39180;57;0;0;640;0;0;0;0
FR;2;2021-01-28;3757;9;0;0;44;0;0;0;0;42937;66;0;0;684;0;0;0;0
FR;2;2021-01-29;3300;6;0;0;42;0;0;0;0;46237;72;0;0;726;0;0;0;0
FR;2;2021-01-30;1133;3;0;0;16;0;0;0;0;47370;75;0;0;742;0;0;0;0
FR;2;2021-01-31;46;2;0;0;9;0;0;0;0;47416;77;0;0;751;0;0;0;0
FR;2;2021-02-01;3408;13;0;0;44;0;0;0;0;50824;90;0;0;795;0;0;0;0
FR;2;2021-02-02;4496;19;0;0;53;0;0;0;0;55320;109;0;0;848;0;0;0;0
FR;2;2021-02-03;5223;11;0;0;82;0;0;0;0;60543;120;0;0;930;0;0;0;0
FR;2;2021-02-04;4941;11;0;0;36;0;0;0;0;65484;131;0;0;966;0;0;0;0
FR;2;2021-02-05;4817;17;0;0;50;0;0;0;0;70301;148;0;0;1016;0;0;0;0
FR;2;2021-02-06;2046;15;0;0;41;0;0;0;0;72347;163;0;0;1057;0;0;0;0
FR;2;2021-02-07;103;6;0;0;20;0;0;0;0;72450;169;0;0;1077;0;0;0;0
FR;2;2021-02-08;7559;26;0;0;85;0;0;0;0;80009;195;0;0;1162;0;0;0;0
FR;2;2021-02-09;8435;31;0;0;100;0;0;0;0;88444;226;0;0;1262;0;0;0;0
FR;2;2021-02-10;9349;63;0;0;183;0;0;0;0;97793;289;0;0;1445;0;0;0;0
FR;2;2021-02-11;10292;132;0;0;256;0;0;0;0;108085;421;0;0;1701;0;0;0;0
FR;2;2021-02-12;10059;276;0;0;430;0;0;0;0;118144;697;0;0;2131;0;0;0;0
FR;2;2021-02-13;3121;223;0;0;261;0;0;0;0;121265;920;0;0;2392;0;0;0;0
FR;2;2021-02-14;358;11;0;0;21;0;0;0;0;121623;931;0;0;2413;0;0;0;0
FR;2;2021-02-15;3460;3129;0;0;3176;0;0;0;0;125083;4060;0;0;5589;0;0;0;0
FR;2;2021-02-16;5076;4163;0;0;4236;0;0;0;0;130159;8223;0;0;9825;0;0;0;0
FR;2;2021-02-17;4259;4554;0;0;4631;0;0;0;0;134418;12777;0;0;14456;0;0;0;0
FR;2;2021-02-18;5406;5177;0;0;5247;0;0;0;0;139824;17954;0;0;19703;0;0;0;0
FR;2;2021-02-19;5329;4491;0;0;4592;0;0;0;0;145153;22445;0;0;24295;0;0;0;0
FR;2;2021-02-20;1872;1520;0;0;1537;0;0;0;0;147025;23965;0;0;25832;0;0;0;0
FR;2;2021-02-21;244;96;0;0;98;0;0;0;0;147269;24061;0;0;25930;0;0;0;0
FR;2;2021-02-22;3614;3782;0;0;3844;0;0;0;0;150883;27843;0;0;29774;0;0;0;0
FR;2;2021-02-23;4956;3740;0;0;3804;0;0;0;0;155839;31583;0;0;33578;0;0;0;0
FR;2;2021-02-24;5017;3558;0;0;3611;0;0;0;0;160856;35141;0;0;37189;0;0;0;0
FR;2;2021-02-25;5501;3495;0;0;3585;0;0;0;0;166357;38636;0;0;40774;0;0;0;0
FR;2;2021-02-26;4368;3179;0;0;3253;0;0;0;0;170725;41815;0;0;44027;0;0;0;0
FR;2;2021-02-27;1629;1067;0;0;1086;0;0;0;0;172354;42882;0;0;45113;0;0;0;0
FR;2;2021-02-28;179;17;0;0;28;0;0;0;0;172533;42899;0;0;45141;0;0;0;0
FR;2;2021-03-01;5193;3763;0;0;3852;0;0;0;0;177726;46662;0;0;48993;0;0;0;0
FR;2;2021-03-02;6542;4726;0;0;4827;0;0;0;0;184268;51388;0;0;53820;0;0;0;0
FR;2;2021-03-03;6544;4955;0;0;5096;0;0;0;0;190812;56343;0;0;58916;0;0;0;0
FR;2;2021-03-04;8412;4210;0;0;4396;0;0;0;0;199224;60553;0;0;63312;0;0;0;0
FR;2;2021-03-05;8037;4054;0;0;4237;0;0;0;0;207261;64607;0;0;67549;0;0;0;0
FR;2;2021-03-06;4790;1683;0;0;1783;0;0;0;0;212051;66290;0;0;69332;0;0;0;0
FR;2;2021-03-07;2373;32;0;0;76;0;0;0;0;214424;66322;0;0;69408;0;0;0;0
FR;2;2021-03-08;4166;8392;0;0;8549;0;0;0;0;218590;74714;0;0;77957;0;0;0;0
FR;2;2021-03-09;7494;8610;1;0;8868;0;0;0;0;226084;83324;1;0;86825;0;0;0;0
FR;2;2021-03-10;7108;9245;0;0;9472;0;0;0;0;233192;92569;1;0;96297;0;0;0;0
FR;2;2021-03-11;9379;9365;1;0;9685;0;0;0;0;242571;101934;2;0;105982;0;0;0;0
FR;2;2021-03-12;7988;8367;0;0;8669;0;0;0;0;250559;110301;2;0;114651;0;0;0;0
FR;2;2021-03-13;10057;2593;0;0;2914;0;0;0;0;260616;112894;2;0;117565;0;0;0;0
FR;2;2021-03-14;4841;380;0;0;539;0;0;0;0;265457;113274;2;0;118104;0;0;0;0
FR;2;2021-03-15;10919;3476;0;0;3765;0;0;0;0;276376;116750;2;0;121869;0;0;0;0
FR;2;2021-03-16;16770;4732;1;0;5282;0;0;0;0;293146;121482;3;0;127151;0;0;0;0
FR;2;2021-03-17;20242;3998;0;0;4672;0;0;0;0;313388;125480;3;0;131823;0;0;0;0
FR;2;2021-03-18;23375;5128;0;0;5957;0;0;0;0;336763;130608;3;0;137780;0;0;0;0
FR;2;2021-03-19;23316;4680;0;0;5442;0;0;0;0;360079;135288;3;0;143222;0;0;0;0
FR;2;2021-03-20;25452;1586;0;0;2343;0;0;0;0;385531;136874;3;0;145565;0;0;0;0
FR;2;2021-03-21;17674;153;0;0;731;0;0;0;0;403205;137027;3;0;146296;0;0;0;0
FR;2;2021-03-22;17791;3261;0;0;3930;0;0;0;0;420996;140288;3;0;150226;0;0;0;0
FR;2;2021-03-23;22706;4287;0;0;5141;0;0;0;0;443702;144575;3;0;155367;0;0;0;0
FR;2;2021-03-24;23964;5091;0;0;5928;0;0;0;0;467666;149666;3;0;161295;0;0;0;0
FR;2;2021-03-25;26762;5257;1;0;6454;0;0;0;0;494428;154923;4;0;167749;0;0;0;0
FR;2;2021-03-26;26992;4237;0;0;5383;0;0;0;0;521420;159160;4;0;173132;0;0;0;0
FR;2;2021-03-27;15923;1368;0;0;1898;0;0;0;0;537343;160528;4;0;175030;0;0;0;0
FR;2;2021-03-28;10563;136;0;0;428;0;0;0;0;547906;160664;4;0;175458;0;0;0;0
FR;2;2021-03-29;19004;4349;0;0;5049;0;0;0;0;566910;165013;4;0;180507;0;0;0;0
FR;2;2021-03-30;24597;6105;0;0;7045;0;0;0;0;591507;171118;4;0;187552;0;0;0;0
FR;2;2021-03-31;28562;5931;0;0;7223;0;0;0;0;620069;177049;4;0;194775;0;0;0;0
FR;2;2021-04-01;34559;8575;1;0;10268;0;0;0;0;654628;185624;5;0;205043;0;0;0;0
FR;2;2021-04-02;29992;7736;0;0;9164;0;0;0;0;684620;193360;5;0;214207;0;0;0;0
FR;2;2021-04-03;16959;4262;0;0;4944;0;0;0;0;701579;197622;5;0;219151;0;0;0;0
FR;2;2021-04-04;9309;1268;2;0;1676;0;0;0;0;710888;198890;7;0;220827;0;0;0;0
FR;2;2021-04-05;12448;797;0;0;1381;0;0;0;0;723336;199687;7;0;222208;0;0;0;0
FR;2;2021-04-06;27159;7358;0;0;8750;0;0;0;0;750495;207045;7;0;230958;0;0;0;0
FR;2;2021-04-07;30931;7070;1;0;8646;0;0;0;0;781426;214115;8;0;239604;0;0;0;0
FR;2;2021-04-08;36896;8591;1;0;10516;0;0;0;0;818322;222706;9;0;250120;0;0;0;0
FR;2;2021-04-09;33856;8390;28;0;10175;0;0;0;0;852178;231096;37;0;260295;0;0;0;0
FR;2;2021-04-10;19689;9268;1;0;10180;0;0;0;0;871867;240364;38;0;270475;0;0;0;0
FR;2;2021-04-11;7943;4240;1;0;4603;0;0;0;0;879810;244604;39;0;275078;0;0;0;0
FR;2;2021-04-12;17136;11029;0;0;11870;0;0;0;0;896946;255633;39;0;286948;0;0;0;0
FR;2;2021-04-13;19465;16038;1;0;17106;0;0;0;0;916411;271671;40;0;304054;0;0;0;0
FR;2;2021-04-14;18072;16447;7;0;17543;0;0;0;0;934483;288118;47;0;321597;0;0;0;0
FR;2;2021-04-15;22207;21886;27;0;23340;0;0;0;0;956690;310004;74;0;344937;0;0;0;0
FR;2;2021-04-16;20721;20645;45;0;21918;0;0;0;0;977411;330649;119;0;366855;0;0;0;0
FR;2;2021-04-17;13258;22495;5;0;23226;0;0;0;0;990669;353144;124;0;390081;0;0;0;0
FR;2;2021-04-18;5911;14398;6;0;14739;0;0;0;0;996580;367542;130;0;404820;0;0;0;0
FR;2;2021-04-19;16850;16395;24;0;17198;0;0;0;0;1013430;383937;154;0;422018;0;0;0;0
FR;2;2021-04-20;19328;21806;38;0;22868;0;0;0;0;1032758;405743;192;0;444886;0;0;0;0
FR;2;2021-04-21;20294;21899;76;0;23049;0;0;0;0;1053052;427642;268;0;467935;0;0;0;0
FR;2;2021-04-22;23824;24955;41;0;26367;0;0;0;0;1076876;452597;309;0;494302;0;0;0;0
FR;2;2021-04-23;24534;25499;76;0;27010;0;0;0;0;1101410;478096;385;0;521312;0;0;0;0
FR;2;2021-04-24;25305;15068;104;0;16506;0;0;0;0;1126715;493164;489;0;537818;0;0;0;0
FR;2;2021-04-25;9597;8622;5;0;9183;0;0;0;0;1136312;501786;494;0;547001;0;0;0;0
FR;2;2021-04-26;17169;17678;21;0;18564;0;0;0;0;1153481;519464;515;0;565565;0;0;0;0
FR;2;2021-04-27;19246;24098;40;0;25282;0;0;0;0;1172727;543562;555;0;590847;0;0;0;0
FR;2;2021-04-28;22343;26463;113;0;27864;0;0;0;0;1195070;570025;668;0;618711;0;0;0;0
FR;2;2021-04-29;25476;30496;70;0;32186;0;0;0;0;1220546;600521;738;0;650897;0;0;0;0
FR;2;2021-04-30;25540;27975;49;1;29625;0;0;0;0;1246086;628496;787;1;680522;0;0;0;0
FR;2;2021-05-01;14988;9854;6;0;10655;0;0;0;0;1261074;638350;793;1;691177;0;0;0;0
FR;2;2021-05-02;6642;9160;2;0;9506;0;0;0;0;1267716;647510;795;1;700683;0;0;0;0
FR;2;2021-05-03;20026;19126;40;0;20333;0;0;0;0;1287742;666636;835;1;721016;0;0;0;0
FR;2;2021-05-04;18288;29201;33;0;30347;0;0;0;0;1306030;695837;868;1;751363;0;0;0;0
FR;2;2021-05-05;18385;29524;48;0;30822;0;0;0;0;1324415;725361;916;1;782185;0;0;0;0
FR;2;2021-05-06;23553;35413;132;0;36986;0;0;0;0;1347968;760774;1048;1;819171;0;0;0;0
FR;2;2021-05-07;25349;33240;97;0;35097;0;0;0;0;1373317;794014;1145;1;854268;0;0;0;0
FR;2;2021-05-08;21343;10682;15;0;11769;0;0;0;0;1394660;804696;1160;1;866037;0;0;0;0
FR;2;2021-05-09;13170;7622;7;0;8297;0;0;0;0;1407830;812318;1167;1;874334;0;0;0;0
FR;2;2021-05-10;32947;21717;50;0;23574;0;0;0;0;1440777;834035;1217;1;897908;0;0;0;0
FR;2;2021-05-11;43616;20904;101;0;23529;0;0;0;0;1484393;854939;1318;1;921437;0;0;0;0
FR;2;2021-05-12;50070;19638;143;0;22519;0;0;0;0;1534463;874577;1461;1;943956;0;0;0;0
FR;2;2021-05-13;51301;5599;31;0;8467;0;0;0;0;1585764;880176;1492;1;952423;0;0;0;0
FR;2;2021-05-14;61361;12883;132;0;16537;0;0;0;0;1647125;893059;1624;1;968960;0;0;0;0
FR;2;2021-05-15;65938;7100;40;0;10650;0;0;0;0;1713063;900159;1664;1;979610;0;0;0;0
FR;2;2021-05-16;43588;2573;10;0;4944;0;0;0;0;1756651;902732;1674;1;984554;0;0;0;0
FR;2;2021-05-17;44756;12449;114;0;15356;0;0;0;0;1801407;915181;1788;1;999910;0;0;0;0
FR;2;2021-05-18;54650;12285;190;0;15968;0;0;0;0;1856057;927466;1978;1;1015878;0;0;0;0
FR;2;2021-05-19;57179;10459;281;0;14499;0;0;0;0;1913236;937925;2259;1;1030377;0;0;0;0
FR;2;2021-05-20;63451;10796;288;0;14892;0;0;0;0;1976687;948721;2547;1;1045269;0;0;0;0
FR;2;2021-05-21;64306;11605;230;0;16030;0;0;0;0;2040993;960326;2777;1;1061299;0;0;0;0
FR;2;2021-05-22;61488;4531;65;0;8501;0;0;0;0;2102481;964857;2842;1;1069800;0;0;0;0
FR;2;2021-05-23;37536;576;22;0;2913;0;0;0;0;2140017;965433;2864;1;1072713;0;0;0;0
FR;2;2021-05-24;17248;2052;35;0;3259;0;0;0;0;2157265;967485;2899;1;1075972;0;0;0;0
FR;2;2021-05-25;21121;12254;241;0;13855;0;0;0;0;2178386;979739;3140;1;1089827;0;0;0;0
FR;2;2021-05-26;19946;11539;230;0;13067;0;0;0;0;2198332;991278;3370;1;1102894;0;0;0;0
FR;2;2021-05-27;23001;12664;182;0;14402;0;0;0;0;2221333;1003942;3552;1;1117296;0;0;0;0
FR;2;2021-05-28;29397;15045;190;0;17225;0;0;0;0;2250730;1018987;3742;1;1134521;0;0;0;0
FR;2;2021-05-29;30425;8194;58;0;10103;0;0;0;0;2281155;1027181;3800;1;1144624;0;0;0;0
FR;2;2021-05-30;4648;1820;6;0;2155;0;0;0;0;2285803;1029001;3806;1;1146779;0;0;0;0
FR;2;2021-05-31;28590;18743;184;0;20822;0;0;0;0;2314393;1047744;3990;1;1167601;0;0;0;0
FR;2;2021-06-01;45744;19914;225;0;23150;0;0;0;0;2360137;1067658;4215;1;1190751;0;0;0;0
FR;2;2021-06-02;37483;19311;182;0;22317;0;0;0;0;2397620;1086969;4397;1;1213068;0;0;0;0
FR;2;2021-06-03;51282;23117;161;0;26970;0;0;0;0;2448902;1110086;4558;1;1240038;0;0;0;0
FR;2;2021-06-04;65518;24090;217;0;29056;0;0;0;0;2514420;1134176;4775;1;1269094;0;0;0;0
FR;2;2021-06-05;34607;24111;52;0;26966;0;0;0;0;2549027;1158287;4827;1;1296060;0;0;0;0
FR;2;2021-06-06;4958;6194;10;0;6613;0;0;0;0;2553985;1164481;4837;1;1302673;0;0;0;0
FR;2;2021-06-07;28177;23015;150;0;25430;0;0;0;0;2582162;1187496;4987;1;1328103;0;0;0;0
FR;2;2021-06-08;46379;22944;143;0;26910;0;0;0;0;2628541;1210440;5130;1;1355013;0;0;0;0
FR;2;2021-06-09;34297;20999;107;0;24131;0;0;0;0;2662838;1231439;5237;1;1379144;0;0;0;0
FR;2;2021-06-10;42644;19081;96;1;23003;0;0;0;0;2705482;1250520;5333;2;1402147;0;0;0;0
FR;2;2021-06-11;55305;25133;134;0;30232;0;0;0;0;2760787;1275653;5467;2;1432379;0;0;0;0
FR;2;2021-06-12;30566;19800;53;0;22654;0;0;0;0;2791353;1295453;5520;2;1455033;0;0;0;0
FR;2;2021-06-13;3334;9197;13;0;9586;0;0;0;0;2794687;1304650;5533;2;1464619;0;0;0;0
FR;2;2021-06-14;25304;24118;92;0;26698;0;0;0;0;2819991;1328768;5625;2;1491317;0;0;0;0
FR;2;2021-06-15;39049;22820;154;0;26568;0;0;0;0;2859040;1351588;5779;2;1517885;0;0;0;0
FR;2;2021-06-16;30168;21368;135;0;24522;0;0;0;0;2889208;1372956;5914;2;1542407;0;0;0;0
FR;2;2021-06-17;36913;25739;150;0;29601;0;0;0;0;2926121;1398695;6064;2;1572008;0;0;0;0
FR;2;2021-06-18;46860;28887;123;0;33589;0;0;0;0;2972981;1427582;6187;2;1605597;0;0;0;0
FR;2;2021-06-19;24527;24939;39;0;27713;0;0;0;0;2997508;1452521;6226;2;1633310;0;0;0;0
FR;2;2021-06-20;3745;10058;9;0;10557;0;0;0;0;3001253;1462579;6235;2;1643867;0;0;0;0
FR;2;2021-06-21;17538;42860;88;0;44872;0;0;0;0;3018791;1505439;6323;2;1688739;0;0;0;0
FR;2;2021-06-22;28366;49616;110;0;53044;0;0;0;0;3047157;1555055;6433;2;1741783;0;0;0;0
FR;2;2021-06-23;21790;49618;107;1;52467;1;0;0;0;3068947;1604673;6540;3;1794250;1;0;0;0
FR;2;2021-06-24;28380;50316;134;0;54047;0;0;0;0;3097327;1654989;6674;3;1848297;1;0;0;0
FR;2;2021-06-25;33402;60490;129;0;64879;0;0;0;0;3130729;1715479;6803;3;1913176;1;0;0;0
FR;2;2021-06-26;16395;59356;54;1;61748;0;0;0;0;3147124;1774835;6857;4;1974924;1;0;0;0
FR;2;2021-06-27;2566;29316;22;1;29898;0;0;0;0;3149690;1804151;6879;5;2004822;1;0;0;0
FR;2;2021-06-28;12641;54339;84;0;56315;0;0;0;0;3162331;1858490;6963;5;2061137;1;0;0;0
FR;2;2021-06-29;19857;59998;178;0;62941;0;0;0;0;3182188;1918488;7141;5;2124078;1;0;0;0
FR;2;2021-06-30;16337;58038;253;17;60723;0;0;0;0;3198525;1976526;7394;22;2184801;1;0;0;0
FR;2;2021-07-01;20497;59873;228;0;63200;0;0;0;0;3219022;2036399;7622;22;2248001;1;0;0;0
FR;2;2021-07-02;24083;62158;184;0;66372;0;0;0;0;3243105;2098557;7806;22;2314373;1;0;0;0
FR;2;2021-07-03;12123;57145;153;0;59484;0;0;0;0;3255228;2155702;7959;22;2373857;1;0;0;0
FR;2;2021-07-04;1961;23304;18;0;23871;0;0;0;0;3257189;2179006;7977;22;2397728;1;0;0;0
FR;2;2021-07-05;9179;29257;106;0;30893;0;0;0;0;3266368;2208263;8083;22;2428621;1;0;0;0
FR;2;2021-07-06;14584;36279;135;0;38958;0;0;0;0;3280952;2244542;8218;22;2467579;1;0;0;0
FR;2;2021-07-07;14420;33662;140;0;36416;0;0;0;0;3295372;2278204;8358;22;2503995;1;0;0;0
FR;2;2021-07-08;19723;40321;162;0;43978;0;0;0;0;3315095;2318525;8520;22;2547973;1;0;0;0
FR;2;2021-07-09;27105;54333;202;1;59483;0;0;0;0;3342200;2372858;8722;23;2607456;1;0;0;0
FR;2;2021-07-10;13388;33710;107;0;36394;0;0;0;0;3355588;2406568;8829;23;2643850;1;0;0;0
FR;2;2021-07-11;1812;4344;16;0;4773;0;0;0;0;3357400;2410912;8845;23;2648623;1;0;0;0
FR;2;2021-07-12;12971;37265;119;0;39921;0;0;0;0;3370371;2448177;8964;23;2688544;1;0;0;0
FR;2;2021-07-13;37120;53145;152;0;60281;0;0;0;0;3407491;2501322;9116;23;2748825;1;0;0;0
FR;2;2021-07-14;6628;3541;15;0;4889;0;0;0;0;3414119;2504863;9131;23;2753714;1;0;0;0
FR;2;2021-07-15;47244;47014;156;0;55212;0;0;0;0;3461363;2551877;9287;23;2808926;1;0;0;0
FR;2;2021-07-16;64320;55753;188;0;66736;0;0;0;0;3525683;2607630;9475;23;2875662;1;0;0;0
FR;2;2021-07-17;31603;23917;96;0;29374;0;0;0;0;3557286;2631547;9571;23;2905036;1;0;0;0
FR;2;2021-07-18;6091;4807;19;0;5953;0;0;0;0;3563377;2636354;9590;23;2910989;1;0;0;0
FR;2;2021-07-19;33007;28601;94;0;34214;0;0;0;0;3596384;2664955;9684;23;2945203;1;0;0;0
FR;2;2021-07-20;52000;44524;155;0;53160;0;0;0;0;3648384;2709479;9839;23;2998363;1;0;0;0
FR;2;2021-07-21;45257;34627;93;0;42132;0;0;0;0;3693641;2744106;9932;23;3040495;1;0;0;0
FR;2;2021-07-22;56280;41083;128;1;50357;0;0;0;0;3749921;2785189;10060;24;3090852;1;0;0;0
FR;2;2021-07-23;68304;48964;170;0;60256;0;0;0;0;3818225;2834153;10230;24;3151108;1;0;0;0
FR;2;2021-07-24;36178;21613;82;0;27471;0;0;0;0;3854403;2855766;10312;24;3178579;1;0;0;0
FR;2;2021-07-25;6751;2607;10;0;3865;0;0;0;0;3861154;2858373;10322;24;3182444;1;0;0;0
FR;2;2021-07-26;36320;22337;91;1;27840;0;0;0;0;3897474;2880710;10413;25;3210284;1;0;0;0
FR;2;2021-07-27;62391;34563;180;0;43709;0;0;0;0;3959865;2915273;10593;25;3253993;1;0;0;0
FR;2;2021-07-28;55327;26426;132;0;34514;0;0;0;0;4015192;2941699;10725;25;3288507;1;0;0;0
FR;2;2021-07-29;68481;32796;189;0;42477;0;0;0;0;4083673;2974495;10914;25;3330984;1;0;0;0
FR;2;2021-07-30;74468;37814;222;1;48608;0;0;0;0;4158141;3012309;11136;26;3379592;1;0;0;0
FR;2;2021-07-31;34778;16206;105;0;21404;0;0;0;0;4192919;3028515;11241;26;3400996;1;0;0;0
FR;2;2021-08-01;5416;2260;19;0;3123;0;0;0;0;4198335;3030775;11260;26;3404119;1;0;0;0
FR;2;2021-08-02;35896;16151;101;0;21053;0;0;0;0;4234231;3046926;11361;26;3425172;1;0;0;0
FR;2;2021-08-03;55988;28257;143;0;35460;0;0;0;0;4290219;3075183;11504;26;3460632;1;0;0;0
FR;2;2021-08-04;46639;20829;128;1;26937;0;0;0;0;4336858;3096012;11632;27;3487569;1;0;0;0
FR;2;2021-08-05;54641;31562;215;0;38739;0;0;0;0;4391499;3127574;11847;27;3526308;1;0;0;0
FR;2;2021-08-06;58098;42398;242;1;50226;0;0;0;0;4449597;3169972;12089;28;3576534;1;0;0;0
FR;2;2021-08-07;25152;17628;89;0;21318;0;0;0;0;4474749;3187600;12178;28;3597852;1;0;0;0
FR;2;2021-08-08;3840;3653;21;0;4311;0;0;0;0;4478589;3191253;12199;28;3602163;1;0;0;0
FR;2;2021-08-09;29308;21023;92;0;24850;0;0;0;0;4507897;3212276;12291;28;3627013;1;0;0;0
FR;2;2021-08-10;45012;33463;155;0;39225;0;0;0;0;4552909;3245739;12446;28;3666238;1;0;0;0
FR;2;2021-08-11;35277;25141;151;0;29742;0;0;0;0;4588186;3270880;12597;28;3695980;1;0;0;0
FR;2;2021-08-12;41905;35691;163;0;41229;0;0;0;0;4630091;3306571;12760;28;3737209;1;0;0;0
FR;2;2021-08-13;42608;37352;218;0;43039;0;0;0;0;4672699;3343923;12978;28;3780248;1;0;0;0
FR;2;2021-08-14;18524;22132;94;0;24763;0;0;0;0;4691223;3366055;13072;28;3805011;1;0;0;0
FR;2;2021-08-15;3865;3795;17;0;4382;0;0;0;0;4695088;3369850;13089;28;3809393;1;0;0;0
FR;2;2021-08-16;25094;27122;111;0;30444;0;0;0;0;4720182;3396972;13200;28;3839837;1;0;0;0
FR;2;2021-08-17;38269;43399;207;2;48384;0;0;0;0;4758451;3440371;13407;30;3888221;1;0;0;0
FR;2;2021-08-18;32254;36352;195;1;40695;0;0;0;0;4790705;3476723;13602;31;3928916;1;0;0;0
FR;2;2021-08-19;37435;46575;224;0;51778;0;0;0;0;4828140;3523298;13826;31;3980694;1;0;0;0
FR;2;2021-08-20;40568;55650;271;1;61576;0;0;0;0;4868708;3578948;14097;32;4042270;1;0;0;0
FR;2;2021-08-21;18120;24320;117;0;27112;0;0;0;0;4886828;3603268;14214;32;4069382;1;0;0;0
FR;2;2021-08-22;2909;4321;22;1;4853;1;0;0;0;4889737;3607589;14236;33;4074235;2;0;0;0
FR;2;2021-08-23;19249;35149;131;1;38038;0;0;0;0;4908986;3642738;14367;34;4112273;2;0;0;0
FR;2;2021-08-24;31952;56036;236;0;60693;0;0;0;0;4940938;3698774;14603;34;4172966;2;0;0;0
FR;2;2021-08-25;25934;43455;251;0;47404;0;0;0;0;4966872;3742229;14854;34;4220370;2;0;0;0
FR;2;2021-08-26;32362;55843;388;0;60582;0;0;0;0;4999234;3798072;15242;34;4280952;2;0;0;0
FR;2;2021-08-27;37004;65680;477;2;71406;0;0;0;0;5036238;3863752;15719;36;4352358;2;0;0;0
FR;2;2021-08-28;17819;28556;300;0;31617;0;0;0;0;5054057;3892308;16019;36;4383975;2;0;0;0
FR;2;2021-08-29;2656;5010;47;0;5621;0;0;0;0;5056713;3897318;16066;36;4389596;2;0;0;0
FR;2;2021-08-30;18418;37727;399;0;40148;756;0;0;0;5075131;3935045;16465;36;4429744;758;0;0;0
FR;2;2021-08-31;28077;57518;887;4;60949;1558;0;0;0;5103208;3992563;17352;40;4490693;2316;0;0;0
FR;2;2021-09-01;21594;39873;1309;0;42256;2128;0;0;0;5124802;4032436;18661;40;4532949;4444;0;0;0
FR;2;2021-09-02;25486;48670;1963;2;50945;3369;0;0;0;5150288;4081106;20624;42;4583894;7813;0;0;0
FR;2;2021-09-03;33414;64575;2988;3;67540;4886;1;0;0;5183702;4145681;23612;45;4651434;12699;1;0;0
FR;2;2021-09-04;16833;27766;1443;1;29557;2386;0;0;0;5200535;4173447;25055;46;4680991;15085;1;0;0
FR;2;2021-09-05;2265;3584;266;0;3941;412;0;0;0;5202800;4177031;25321;46;4684932;15497;1;0;0
FR;2;2021-09-06;14044;28693;1771;1;29759;2945;0;0;0;5216844;4205724;27092;47;4714691;18442;1;0;0
FR;2;2021-09-07;21111;41111;3022;13;42266;4944;0;0;0;5237955;4246835;30114;60;4756957;23386;1;0;0
FR;2;2021-09-08;17248;31921;2735;6;32739;4497;0;0;0;5255203;4278756;32849;66;4789696;27883;1;0;0
FR;2;2021-09-09;20982;40484;4437;3;41229;6842;0;0;0;5276185;4319240;37286;69;4830925;34725;1;0;0
FR;2;2021-09-10;28203;51314;5286;4;51885;8979;1;0;0;5304388;4370554;42572;73;4882810;43704;2;0;0
FR;2;2021-09-11;13655;22457;2405;5;23133;3987;0;0;0;5318043;4393011;44977;78;4905943;47691;2;0;0
FR;2;2021-09-12;1824;2773;292;0;2965;512;0;0;0;5319867;4395784;45269;78;4908908;48203;2;0;0
FR;2;2021-09-13;11659;21441;2474;4;21702;4051;0;0;0;5331526;4417225;47743;82;4930610;52254;2;0;0
FR;2;2021-09-14;18577;32720;5092;13;31679;9055;2;0;0;5350103;4449945;52835;95;4962289;61309;4;0;0
FR;2;2021-09-15;14917;28227;5168;3;26928;7748;9;0;0;5365020;4478172;58003;98;4989217;69057;13;0;0
FR;2;2021-09-16;16078;32798;6737;12;30179;10541;4;0;0;5381098;4510970;64740;110;5019396;79598;17;0;0
FR;2;2021-09-17;20916;47179;8782;10;42826;14631;6;0;0;5402014;4558149;73522;120;5062222;94229;23;0;0
FR;2;2021-09-18;9857;20960;3804;6;19596;6034;1;0;0;5411871;4579109;77326;126;5081818;100263;24;0;0
FR;2;2021-09-19;1166;2590;396;0;2533;631;0;0;0;5413037;4581699;77722;126;5084351;100894;24;0;0
FR;2;2021-09-20;7503;18703;3856;7;17026;6135;4;0;0;5420540;4600402;81578;133;5101377;107029;28;0;0
FR;2;2021-09-21;11215;29983;6495;5;26536;10744;3;0;0;5431755;4630385;88073;138;5127913;117773;31;0;0
FR;2;2021-09-22;9414;23546;5490;6;21194;8526;8;0;0;5441169;4653931;93563;144;5149107;126299;39;0;0
FR;2;2021-09-23;10730;28904;7881;10;24733;12646;10;0;0;5451899;4682835;101444;154;5173840;138945;49;0;0
FR;2;2021-09-24;15075;42945;10877;18;37280;17244;21;0;0;5466974;4725780;112321;172;5211120;156189;70;0;0
FR;2;2021-09-25;7258;18798;3965;9;17152;6120;3;0;0;5474232;4744578;116286;181;5228272;162309;73;0;0
FR;2;2021-09-26;1080;2544;495;0;2490;630;1;0;0;5475312;4747122;116781;181;5230762;162939;74;0;0
FR;2;2021-09-27;6311;16400;4287;8;14792;6533;2;0;0;5481623;4763522;121068;189;5245554;169472;76;0;0
FR;2;2021-09-28;9243;25572;7770;14;21721;12087;7;0;0;5490866;4789094;128838;203;5267275;181559;83;0;0
FR;2;2021-09-29;8081;20199;6067;25;17605;9261;8;0;0;5498947;4809293;134905;228;5284880;190820;91;0;0
FR;2;2021-09-30;9865;25837;9509;16;21638;14099;6;0;0;5508812;4835130;144414;244;5306518;204919;97;0;0
FR;2;2021-10-01;13978;35734;12921;25;30044;19328;9;0;0;5522790;4870864;157335;269;5336562;224247;106;0;0
FR;2;2021-10-02;6874;15932;4850;7;14226;7046;6;0;0;5529664;4886796;162185;276;5350788;231293;112;0;0
FR;2;2021-10-03;841;1910;492;1;1841;502;0;0;0;5530505;4888706;162677;277;5352629;231795;112;0;0
FR;2;2021-10-04;5826;13901;5516;5;12137;7854;6;0;0;5536331;4902607;168193;282;5364766;239649;118;0;0
FR;2;2021-10-05;9058;22568;11125;19;18529;15740;1;0;0;5545389;4925175;179318;301;5383295;255389;119;0;0
FR;2;2021-10-06;7785;17747;8243;11;15273;11091;4;0;0;5553174;4942922;187561;312;5398568;266480;123;0;0
FR;2;2021-10-07;9203;22213;12386;14;18005;16879;6;0;0;5562377;4965135;199947;326;5416573;283359;129;0;0
FR;2;2021-10-08;13432;32145;17349;28;26518;23610;11;0;0;5575809;4997280;217296;354;5443091;306969;140;0;0
FR;2;2021-10-09;6000;12847;6044;6;11381;7897;7;0;0;5581809;5010127;223340;360;5454472;314866;147;0;0
FR;2;2021-10-10;885;1592;436;2;1536;604;1;0;0;5582694;5011719;223776;362;5456008;315470;148;0;0
FR;2;2021-10-11;5607;11545;6455;17;9934;8828;3;0;0;5588301;5023264;230231;379;5465942;324298;151;0;0
FR;2;2021-10-12;8030;17789;12551;13;13920;16790;9;0;0;5596331;5041053;242782;392;5479862;341088;160;0;0
FR;2;2021-10-13;6947;14863;10256;12;11808;13659;7;0;0;5603278;5055916;253038;404;5491670;354747;167;0;0
FR;2;2021-10-14;8314;17940;14996;13;13558;19477;10;0;0;5611592;5073856;268034;417;5505228;374224;177;0;0
FR;2;2021-10-15;11856;26309;20902;26;19412;27981;4;0;0;5623448;5100165;288936;443;5524640;402205;181;0;0
FR;2;2021-10-16;5141;8732;1819;0;8173;3209;2;0;0;5628589;5108897;290755;443;5532813;405414;183;0;0
FR;2;2021-10-17;654;1149;185;0;1082;354;1;0;0;5629243;5110046;290940;443;5533895;405768;184;0;0
FR;2;2021-10-18;4564;7337;665;2;7243;1630;0;0;0;5633807;5117383;291605;445;5541138;407398;184;0;0
FR;2;2021-10-19;6239;9849;732;5;9656;2030;5;0;0;5640046;5127232;292337;450;5550794;409428;189;0;0
FR;2;2021-10-20;5170;8050;759;3;8172;1675;0;0;0;5645216;5135282;293096;453;5558966;411103;189;0;0
FR;2;2021-10-21;6090;9980;780;5;9837;2105;1;0;0;5651306;5145262;293876;458;5568803;413208;190;0;0
FR;2;2021-10-22;8452;14599;1151;4;14475;2891;2;0;0;5659758;5159861;295027;462;5583278;416099;192;0;0
FR;2;2021-10-23;3845;5994;587;0;6127;1235;3;0;0;5663603;5165855;295614;462;5589405;417334;195;0;0
FR;2;2021-10-24;494;882;101;0;900;204;0;0;0;5664097;5166737;295715;462;5590305;417538;195;0;0
FR;2;2021-10-25;3360;5343;307;1;5519;825;2;0;0;5667457;5172080;296022;463;5595824;418363;197;0;0
FR;2;2021-10-26;4177;7237;1133;4;7126;2022;5;0;0;5671634;5179317;297155;467;5602950;420385;202;0;0
FR;2;2021-10-27;3677;6587;1194;5;6448;1990;1;0;0;5675311;5185904;298349;472;5609398;422375;203;0;0
FR;2;2021-10-28;4597;7688;1737;3;7416;2746;1;0;0;5679908;5193592;300086;475;5616814;425121;204;0;0
FR;2;2021-10-29;5414;11082;2438;4;10692;3684;3;0;0;5685322;5204674;302524;479;5627506;428805;207;0;0
FR;2;2021-10-30;2749;4459;976;1;4454;1448;2;0;0;5688071;5209133;303500;480;5631960;430253;209;0;0
FR;2;2021-10-31;364;535;140;1;544;191;1;0;0;5688435;5209668;303640;481;5632504;430444;210;0;0
FR;2;2021-11-01;429;546;181;0;563;267;1;0;0;5688864;5210214;303821;481;5633067;430711;211;0;0
FR;2;2021-11-02;3294;6758;1184;0;6799;1771;5;0;0;5692158;5216972;305005;481;5639866;432482;216;0;0
FR;2;2021-11-03;3340;6226;1389;2;6311;1970;2;0;0;5695498;5223198;306394;483;5646177;434452;218;0;0
FR;2;2021-11-04;3987;7069;1769;4;7109;2495;3;0;0;5699485;5230267;308163;487;5653286;436947;221;0;0
FR;2;2021-11-05;5235;10502;2868;5;10215;3957;5;0;0;5704720;5240769;311031;492;5663501;440904;226;0;0
FR;2;2021-11-06;2597;4682;1407;0;4640;1824;2;0;0;5707317;5245451;312438;492;5668141;442728;228;0;0
FR;2;2021-11-07;506;862;221;0;869;291;2;0;0;5707823;5246313;312659;492;5669010;443019;230;0;0
FR;2;2021-11-08;2578;5348;1207;3;5268;1678;3;0;0;5710401;5251661;313866;495;5674278;444697;233;0;0
FR;2;2021-11-09;2749;6908;2402;5;6442;3182;2;0;0;5713150;5258569;316268;500;5680720;447879;235;0;0
FR;2;2021-11-10;2590;5669;5117;6;4761;6294;7;0;0;5715740;5264238;321385;506;5685481;454173;242;0;0
FR;2;2021-11-11;446;754;755;2;647;938;3;0;0;5716186;5264992;322140;508;5686128;455111;245;0;0
FR;2;2021-11-12;2953;8088;8982;8;6196;10933;9;0;0;5719139;5273080;331122;516;5692324;466044;254;0;0
FR;2;2021-11-13;1539;3373;3872;7;2722;4538;4;0;0;5720678;5276453;334994;523;5695046;470582;258;0;0
FR;2;2021-11-14;258;585;351;1;486;480;3;0;0;5720936;5277038;335345;524;5695532;471062;261;0;0
FR;2;2021-11-15;1621;3655;4449;8;2909;5329;16;0;0;5722557;5280693;339794;532;5698441;476391;277;0;0
FR;2;2021-11-16;2184;5878;8313;14;4155;10082;16;0;0;5724741;5286571;348107;546;5702596;486473;293;0;0
FR;2;2021-11-17;1740;4523;6634;8;3168;7852;5;0;0;5726481;5291094;354741;554;5705764;494325;298;0;0
FR;2;2021-11-18;2192;5920;9188;10;4018;11018;8;0;0;5728673;5297014;363929;564;5709782;505343;306;0;0
FR;2;2021-11-19;2701;7752;12981;19;4832;15480;12;0;0;5731374;5304766;376910;583;5714614;520823;318;0;0
FR;2;2021-11-20;1566;3333;5184;5;2351;6097;3;0;0;5732940;5308099;382094;588;5716965;526920;321;0;0
FR;2;2021-11-21;251;502;543;0;392;655;3;0;0;5733191;5308601;382637;588;5717357;527575;324;0;0
FR;2;2021-11-22;1278;2573;4485;5;1675;5398;9;0;0;5734469;5311174;387122;593;5719032;532973;333;0;0
FR;2;2021-11-23;1617;4276;8206;9;2536;9921;6;0;0;5736086;5315450;395328;602;5721568;542894;339;0;0
FR;2;2021-11-24;1421;3747;7486;14;2246;8736;9;0;0;5737507;5319197;402814;616;5723814;551630;348;0;0
FR;2;2021-11-25;1813;4863;11474;21;2682;13668;6;0;0;5739320;5324060;414288;637;5726496;565298;354;0;0
FR;2;2021-11-26;2541;7735;22676;31;3812;26091;14;0;0;5741861;5331795;436964;668;5730308;591389;368;0;0
FR;2;2021-11-27;1498;4144;12278;19;2127;14042;13;0;0;5743359;5335939;449242;687;5732435;605431;381;0;0
FR;2;2021-11-28;292;835;1976;3;477;2303;5;0;0;5743651;5336774;451218;690;5732912;607734;386;0;0
FR;2;2021-11-29;1449;4349;15099;23;2010;17269;25;0;0;5745100;5341123;466317;713;5734922;625003;411;0;0
FR;2;2021-11-30;1912;6655;26251;36;2638;30011;22;0;0;5747012;5347778;492568;749;5737560;655014;433;0;0
FR;2;2021-12-01;1916;6009;26210;31;2479;29519;20;0;0;5748928;5353787;518778;780;5740039;684533;453;0;0
FR;2;2021-12-02;1916;6780;37736;52;2112;41995;32;0;0;5750844;5360567;556514;832;5742151;726528;485;0;0
FR;2;2021-12-03;2558;10069;53644;111;3592;59392;30;0;0;5753402;5370636;610158;943;5745743;785920;515;0;0
FR;2;2021-12-04;1850;6275;37131;38;2185;40819;16;0;0;5755252;5376911;647289;981;5747928;826739;531;0;0
FR;2;2021-12-05;458;2242;14265;14;533;15990;7;0;0;5755710;5379153;661554;995;5748461;842729;538;0;0
FR;2;2021-12-06;2486;9850;77735;109;2700;84788;25;0;0;5758196;5389003;739289;1104;5751161;927517;563;0;0
FR;2;2021-12-07;3458;15287;122473;238;3742;133794;40;0;0;5761654;5404290;861762;1342;5754903;1061311;603;0;0
FR;2;2021-12-08;3725;15969;133225;330;3846;145414;54;0;0;5765379;5420259;994987;1672;5758749;1206725;657;0;0
FR;2;2021-12-09;4546;19628;170241;554;4169;185638;61;0;0;5769925;5439887;1165228;2226;5762918;1392363;718;0;0
FR;2;2021-12-10;4676;22806;188699;490;5012;206189;69;0;0;5774601;5462693;1353927;2716;5767930;1598552;787;0;0
FR;2;2021-12-11;3688;16621;132468;239;3663;144936;60;0;0;5778289;5479314;1486395;2955;5771593;1743488;847;0;0
FR;2;2021-12-12;1256;7119;59116;83;1015;65170;12;0;0;5779545;5486433;1545511;3038;5772608;1808658;859;0;0
FR;2;2021-12-13;5530;26811;220731;605;5223;243028;159;0;0;5785075;5513244;1766242;3643;5777831;2051686;1018;0;0
FR;2;2021-12-14;7019;37457;300806;909;6136;332277;190;0;0;5792094;5550701;2067048;4552;5783967;2383963;1208;0;0
FR;2;2021-12-15;6555;36214;285263;958;5866;315900;186;0;0;5798649;5586915;2352311;5510;5789833;2699863;1394;0;0
FR;2;2021-12-16;7765;37921;312177;982;6566;343816;186;0;0;5806414;5624836;2664488;6492;5796399;3043679;1580;0;0
FR;2;2021-12-17;8681;41189;327909;976;8019;360988;232;0;0;5815095;5666025;2992397;7468;5804418;3404667;1812;0;0
FR;2;2021-12-18;6514;26530;212374;448;4904;233676;120;0;0;5821609;5692555;3204771;7916;5809322;3638343;1932;0;0
FR;2;2021-12-19;2603;11403;90226;182;1655;100356;26;0;0;5824212;5703958;3294997;8098;5810977;3738699;1958;0;0
FR;2;2021-12-20;9548;33517;275258;707;6588;303404;209;0;0;5833760;5737475;3570255;8805;5817565;4042103;2167;0;0
FR;2;2021-12-21;11566;38271;309662;968;7371;341437;262;0;0;5845326;5775746;3879917;9773;5824936;4383540;2429;0;0
FR;2;2021-12-22;10461;32776;265146;952;6442;292502;316;0;1;5855787;5808522;4145063;10725;5831378;4676042;2745;0;1
FR;2;2021-12-23;9426;26618;199534;701;5874;221292;225;0;0;5865213;5835140;4344597;11426;5837252;4897334;2970;0;1
FR;2;2021-12-24;2783;7466;43866;140;2036;49561;78;0;0;5867996;5842606;4388463;11566;5839288;4946895;3048;0;1
FR;2;2021-12-25;201;671;2003;10;209;2478;15;0;0;5868197;5843277;4390466;11576;5839497;4949373;3063;0;1
FR;2;2021-12-26;1320;4215;25161;71;1052;28693;70;0;0;5869517;5847492;4415627;11647;5840549;4978066;3133;0;1
FR;2;2021-12-27;8076;29928;218435;659;6623;243386;294;0;0;5877593;5877420;4634062;12306;5847172;5221452;3427;0;1
FR;2;2021-12-28;9832;36287;272116;742;6982;302014;957;0;1;5887425;5913707;4906178;13048;5854154;5523466;4384;0;2
FR;2;2021-12-29;9498;32218;246150;765;6403;272695;1088;0;0;5896923;5945925;5152328;13813;5860557;5796161;5472;0;2
FR;2;2021-12-30;9464;28094;208838;663;5973;231478;1155;0;0;5906387;5974019;5361166;14476;5866530;6027639;6627;0;2
FR;2;2021-12-31;3011;8342;54991;176;2170;61234;392;0;0;5909398;5982361;5416157;14652;5868700;6088873;7019;0;2
FR;2;2022-01-01;231;693;2858;7;207;3353;29;0;0;5909629;5983054;5419015;14659;5868907;6092226;7048;0;2
FR;2;2022-01-02;1503;4853;29524;76;1165;33413;217;0;0;5911132;5987907;5448539;14735;5870072;6125639;7265;0;2
FR;2;2022-01-03;9606;35396;266544;806;8497;293922;1672;0;0;5920738;6023303;5715083;15541;5878569;6419561;8937;0;2
FR;2;2022-01-04;12856;45399;342101;1068;9970;377039;2458;0;1;5933594;6068702;6057184;16609;5888539;6796600;11395;0;3
FR;2;2022-01-05;11273;38629;294222;884;8634;323859;2154;0;2;5944867;6107331;6351406;17493;5897173;7120459;13549;0;5
FR;2;2022-01-06;13654;43490;331957;1298;9935;364769;2977;0;1;5958521;6150821;6683363;18791;5907108;7485228;16526;0;6
FR;2;2022-01-07;14224;47608;361123;1271;11229;396468;3159;0;0;5972745;6198429;7044486;20062;5918337;7881696;19685;0;6
FR;2;2022-01-08;7946;28136;201273;515;7209;221702;1528;0;2;5980691;6226565;7245759;20577;5925546;8103398;21213;0;8
FR;2;2022-01-09;2749;8948;62531;137;2070;69498;493;0;0;5983440;6235513;7308290;20714;5927616;8172896;21706;0;8
FR;2;2022-01-10;10100;31907;232510;859;8902;255085;2460;0;0;5993540;6267420;7540800;21573;5936518;8427981;24166;0;8
FR;2;2022-01-11;11466;36236;265945;1030;10056;290651;3380;0;1;6005006;6303656;7806745;22603;5946574;8718632;27546;0;9
FR;2;2022-01-12;8766;29783;206336;863;8714;226176;2798;0;5;6013772;6333439;8013081;23466;5955288;8944808;30344;0;14
FR;2;2022-01-13;9387;31334;224510;831;9038;244857;3463;0;4;6023159;6364773;8237591;24297;5964326;9189665;33807;0;18
FR;2;2022-01-14;9744;35576;254550;920;9842;277654;3979;0;1;6032903;6400349;8492141;25217;5974168;9467319;37786;0;19
FR;2;2022-01-15;5361;19444;140786;363;5320;153646;1929;0;0;6038264;6419793;8632927;25580;5979488;9620965;39715;0;19
FR;2;2022-01-16;1512;5457;35893;81;1619;39819;424;0;0;6039776;6425250;8668820;25661;5981107;9660784;40139;0;19
FR;2;2022-01-17;5546;19261;135421;601;6599;147261;2264;0;2;6045322;6444511;8804241;26262;5987706;9808045;42403;0;21
FR;2;2022-01-18;6422;21479;148647;647;7518;160470;3311;0;0;6051744;6465990;8952888;26909;5995224;9968515;45714;0;21
FR;2;2022-01-19;4398;16304;105112;552;6206;113702;2411;0;1;6056142;6482294;9058000;27461;6001430;10082217;48125;0;22
FR;2;2022-01-20;4873;17573;115304;603;7068;123695;3111;0;2;6061015;6499867;9173304;28064;6008498;10205912;51236;0;24
FR;2;2022-01-21;5198;20043;137356;679;7169;147776;3455;0;1;6066213;6519910;9310660;28743;6015667;10353688;54691;0;25
FR;2;2022-01-22;3033;10956;74264;260;3956;80338;1428;0;0;6069246;6530866;9384924;29003;6019623;10434026;56119;0;25
FR;2;2022-01-23;724;2707;15243;41;1055;16826;238;0;0;6069970;6533573;9400167;29044;6020678;10450852;56357;0;25
FR;2;2022-01-24;3292;12792;75084;431;5843;81019;1994;0;2;6073262;6546365;9475251;29475;6026521;10531871;58351;0;27
FR;2;2022-01-25;3575;14405;79636;496;6649;85462;2879;0;4;6076837;6560770;9554887;29971;6033170;10617333;61230;0;31
FR;2;2022-01-26;2515;10701;58986;363;5332;63034;1958;0;1;6079352;6571471;9613873;30334;6038502;10680367;63188;0;32
FR;2;2022-01-27;2684;11387;64184;391;5740;67970;2462;0;1;6082036;6582858;9678057;30725;6044242;10748337;65650;0;33
FR;2;2022-01-28;3551;18259;91730;430;8612;98908;3399;0;1;6085587;6601117;9769787;31155;6052854;10847245;69049;0;34
FR;2;2022-01-29;1896;9233;48856;164;4169;52929;1374;0;1;6087483;6610350;9818643;31319;6057023;10900174;70423;0;35
FR;2;2022-01-30;464;2208;9457;38;1052;10585;203;0;0;6087947;6612558;9828100;31357;6058075;10910759;70626;0;35
FR;2;2022-01-31;1891;9553;43834;209;4711;47322;1886;0;2;6089838;6622111;9871934;31566;6062786;10958081;72512;0;37
FR;2;2022-02-01;1916;10020;47030;279;4797;50080;2707;0;0;6091754;6632131;9918964;31845;6067583;11008161;75219;0;37
FR;2;2022-02-02;1614;8972;41124;250;4191;44148;2189;0;1;6093368;6641103;9960088;32095;6071774;11052309;77408;0;38
FR;2;2022-02-03;1732;8929;40526;205;4370;42910;2640;0;2;6095100;6650032;10000614;32300;6076144;11095219;80048;0;40
FR;2;2022-02-04;2151;15168;66649;299;7382;71317;3670;0;1;6097251;6665200;10067263;32599;6083526;11166536;83718;0;41
FR;2;2022-02-05;1360;8519;35948;132;4214;39222;1369;0;0;6098611;6673719;10103211;32731;6087740;11205758;85087;0;41
FR;2;2022-02-06;275;1761;6130;16;842;6899;217;0;0;6098886;6675480;10109341;32747;6088582;11212657;85304;0;41
FR;2;2022-02-07;1352;9544;37760;134;4536;41289;1888;0;2;6100238;6685024;10147101;32881;6093118;11253946;87192;0;43
FR;2;2022-02-08;1299;9833;40956;173;4645;43750;2741;0;1;6101537;6694857;10188057;33054;6097763;11297696;89933;0;44
FR;2;2022-02-09;1160;8841;37040;174;3804;40465;1901;0;2;6102697;6703698;10225097;33228;6101567;11338161;91834;0;46
FR;2;2022-02-10;1030;8001;33837;204;3605;36511;2051;0;1;6103727;6711699;10258934;33432;6105172;11374672;93885;0;47
FR;2;2022-02-11;1391;12086;53348;223;5282;57701;2888;0;0;6105118;6723785;10312282;33655;6110454;11432373;96773;0;47
FR;2;2022-02-12;753;6535;27989;86;2792;30808;1113;0;2;6105871;6730320;10340271;33741;6113246;11463181;97886;0;49
FR;2;2022-02-13;200;1340;4836;20;562;5577;141;0;0;6106071;6731660;10345107;33761;6113808;11468758;98027;0;49
FR;2;2022-02-14;836;6732;30274;91;2599;33233;1398;0;1;6106907;6738392;10375381;33852;6116407;11501991;99425;0;50
FR;2;2022-02-15;774;6473;28051;140;2801;29994;1965;0;2;6107681;6744865;10403432;33992;6119208;11531985;101390;0;52
FR;2;2022-02-16;657;5363;22069;124;2529;23635;1569;0;3;6108338;6750228;10425501;34116;6121737;11555620;102959;0;55
FR;2;2022-02-17;518;3786;14152;98;2131;14617;1406;0;2;6108856;6754014;10439653;34214;6123868;11570237;104365;0;57
FR;2;2022-02-18;723;5368;20443;134;3040;21130;1895;0;0;6109579;6759382;10460096;34348;6126908;11591367;106260;0;57
FR;2;2022-02-19;431;3061;10533;66;1699;11247;753;0;2;6110010;6762443;10470629;34414;6128607;11602614;107013;0;59
FR;2;2022-02-20;102;520;1463;3;314;1613;100;0;0;6110112;6762963;10472092;34417;6128921;11604227;107113;0;59
FR;2;2022-02-21;423;2685;9122;65;1569;9499;930;0;0;6110535;6765648;10481214;34482;6130490;11613726;108043;0;59
FR;2;2022-02-22;393;2568;8894;77;1622;8797;1180;0;0;6110928;6768216;10490108;34559;6132112;11622523;109223;0;59
FR;2;2022-02-23;432;2605;8992;82;1522;9269;1022;0;0;6111360;6770821;10499100;34641;6133634;11631792;110245;0;59
FR;2;2022-02-24;314;2039;6805;82;1251;6835;870;0;0;6111674;6772860;10505905;34723;6134885;11638627;111115;0;59
FR;2;2022-02-25;456;3210;11423;107;1979;11286;1560;0;3;6112130;6776070;10517328;34830;6136864;11649913;112675;0;62
FR;2;2022-02-26;297;1892;6038;49;1161;6345;587;0;1;6112427;6777962;10523366;34879;6138025;11656258;113262;0;63
FR;2;2022-02-27;76;313;907;5;214;950;98;0;0;6112503;6778275;10524273;34884;6138239;11657208;113360;0;63
FR;2;2022-02-28;332;1689;5525;53;1088;5531;733;0;0;6112835;6779964;10529798;34937;6139327;11662739;114093;0;63
FR;2;2022-03-01;279;1569;5484;46;952;5201;964;0;2;6113114;6781533;10535282;34983;6140279;11667940;115057;0;65
FR;2;2022-03-02;298;1446;5248;45;878;5092;815;0;1;6113412;6782979;10540530;35028;6141157;11673032;115872;0;66
FR;2;2022-03-03;226;1112;3709;42;721;3486;668;0;1;6113638;6784091;10544239;35070;6141878;11676518;116540;0;67
FR;2;2022-03-04;243;1469;4860;74;983;4506;950;0;1;6113881;6785560;10549099;35144;6142861;11681024;117490;0;68
FR;2;2022-03-05;174;906;2981;34;613;2725;561;0;0;6114055;6786466;10552080;35178;6143474;11683749;118051;0;68
FR;2;2022-03-06;42;188;280;5;110;320;52;0;0;6114097;6786654;10552360;35183;6143584;11684069;118103;0;68
FR;2;2022-03-07;157;659;1988;70;491;1778;472;0;0;6114254;6787313;10554348;35253;6144075;11685847;118575;0;68
FR;2;2022-03-08;144;670;2273;53;461;1908;619;0;0;6114398;6787983;10556621;35306;6144536;11687755;119194;0;68
FR;2;2022-03-09;156;709;2351;37;473;2052;617;0;0;6114554;6788692;10558972;35343;6145009;11689807;119811;0;68
FR;2;2022-03-10;123;603;1695;35;446;1470;456;0;1;6114677;6789295;10560667;35378;6145455;11691277;120267;0;69
FR;2;2022-03-11;172;757;2770;57;505;2369;737;0;1;6114849;6790052;10563437;35435;6145960;11693646;121004;0;70
FR;2;2022-03-12;149;485;1787;27;331;1557;450;0;0;6114998;6790537;10565224;35462;6146291;11695203;121454;0;70
FR;2;2022-03-13;25;75;203;30;45;204;69;0;0;6115023;6790612;10565427;35492;6146336;11695407;121523;0;70
FR;2;2022-03-14;129;470;1572;529;333;1301;951;0;0;6115152;6791082;10566999;36021;6146669;11696708;122474;0;70
FR;2;2022-03-15;139;441;1713;691;333;1333;1186;0;1;6115291;6791523;10568712;36712;6147002;11698041;123660;0;71
FR;2;2022-03-16;142;476;2013;1616;331;1593;2160;0;2;6115433;6791999;10570725;38328;6147333;11699634;125820;0;73
FR;2;2022-03-17;95;413;1412;1192;273;1148;1576;0;1;6115528;6792412;10572137;39520;6147606;11700782;127396;0;74
FR;2;2022-03-18;147;496;2025;1795;335;1668;2313;0;1;6115675;6792908;10574162;41315;6147941;11702450;129709;0;75
FR;2;2022-03-19;108;321;1210;941;219;1015;1259;0;0;6115783;6793229;10575372;42256;6148160;11703465;130968;0;75
FR;2;2022-03-20;13;77;191;59;39;168;115;0;0;6115796;6793306;10575563;42315;6148199;11703633;131083;0;75
FR;2;2022-03-21;98;307;1218;1483;181;1081;1760;0;1;6115894;6793613;10576781;43798;6148380;11704714;132843;0;76
FR;2;2022-03-22;118;391;1533;1830;244;1294;2219;0;0;6116012;6794004;10578314;45628;6148624;11706008;135062;0;76
FR;2;2022-03-23;137;361;1679;3032;232;1474;3374;0;6;6116149;6794365;10579993;48660;6148856;11707482;138436;0;82
FR;2;2022-03-24;117;293;1183;1548;186;1001;1814;0;8;6116266;6794658;10581176;50208;6149042;11708483;140250;0;90
FR;2;2022-03-25;119;361;1807;2451;238;1477;2837;0;8;6116385;6795019;10582983;52659;6149280;11709960;143087;0;98
FR;2;2022-03-26;79;247;1205;1222;138;953;1531;0;5;6116464;6795266;10584188;53881;6149418;11710913;144618;0;103
FR;2;2022-03-27;19;36;154;100;19;133;144;0;0;6116483;6795302;10584342;53981;6149437;11711046;144762;0;103
FR;2;2022-03-28;94;290;1139;1602;189;995;1835;0;6;6116577;6795592;10585481;55583;6149626;11712041;146597;0;109
FR;2;2022-03-29;108;258;1325;2467;167;1105;2760;0;4;6116685;6795850;10586806;58050;6149793;11713146;149357;0;113
FR;2;2022-03-30;91;312;1489;3185;163;1320;3422;0;2;6116776;6796162;10588295;61235;6149956;11714466;152779;0;115
FR;2;2022-03-31;104;284;1277;2332;171;1092;2616;0;3;6116880;6796446;10589572;63567;6150127;11715558;155395;0;118
FR;2;2022-04-01;123;324;1568;2349;164;1323;2667;0;7;6117003;6796770;10591140;65916;6150291;11716881;158062;0;125
FR;2;2022-04-02;81;161;845;891;83;737;1052;0;1;6117084;6796931;10591985;66807;6150374;11717618;159114;0;126
FR;2;2022-04-03;16;53;128;113;27;142;133;0;1;6117100;6796984;10592113;66920;6150401;11717760;159247;0;127
FR;2;2022-04-04;114;249;990;1447;151;799;1693;0;5;6117214;6797233;10593103;68367;6150552;11718559;160940;0;132
FR;2;2022-04-05;143;302;1322;2920;162;1150;3149;0;17;6117357;6797535;10594425;71287;6150714;11719709;164089;0;149
FR;2;2022-04-06;89;261;1308;2523;129;1131;2688;0;10;6117446;6797796;10595733;73810;6150843;11720840;166777;0;159
FR;2;2022-04-07;120;230;1303;2682;141;1042;2958;0;8;6117566;6798026;10597036;76492;6150984;11721882;169735;0;167
FR;2;2022-04-08;126;346;1636;3351;182;1328;3642;0;12;6117692;6798372;10598672;79843;6151166;11723210;173377;0;179
FR;2;2022-04-09;90;219;900;1046;144;732;1288;0;4;6117782;6798591;10599572;80889;6151310;11723942;174665;0;183
FR;2;2022-04-10;37;49;143;162;46;119;200;0;1;6117819;6798640;10599715;81051;6151356;11724061;174865;0;184
FR;2;2022-04-11;88;196;892;1560;122;782;1718;0;6;6117907;6798836;10600607;82611;6151478;11724843;176583;0;190
FR;2;2022-04-12;176;273;1183;2770;175;1062;2903;0;8;6118083;6799109;10601790;85381;6151653;11725905;179486;0;198
FR;2;2022-04-13;147;232;1125;2477;111;989;2671;0;11;6118230;6799341;10602915;87858;6151764;11726894;182157;0;209
FR;2;2022-04-14;115;227;1085;2677;114;919;2911;0;18;6118345;6799568;10604000;90535;6151878;11727813;185068;0;227
FR;2;2022-04-15;114;261;1221;2304;131;1078;2544;0;7;6118459;6799829;10605221;92839;6152009;11728891;187612;0;234
FR;2;2022-04-16;67;108;548;549;68;459;675;0;9;6118526;6799937;10605769;93388;6152077;11729350;188287;0;243
FR;2;2022-04-17;15;27;57;53;16;53;71;0;0;6118541;6799964;10605826;93441;6152093;11729403;188358;0;243
FR;2;2022-04-18;12;35;121;70;18;116;95;0;0;6118553;6799999;10605947;93511;6152111;11729519;188453;0;243
FR;2;2022-04-19;112;237;1120;1750;149;951;1934;0;9;6118665;6800236;10607067;95261;6152260;11730470;190387;0;252
FR;2;2022-04-20;95;243;1110;2172;127;934;2366;0;14;6118760;6800479;10608177;97433;6152387;11731404;192753;0;266
FR;2;2022-04-21;111;233;983;1912;125;838;2141;0;10;6118871;6800712;10609160;99345;6152512;11732242;194894;0;276
FR;2;2022-04-22;100;276;1242;2102;141;1023;2440;0;11;6118971;6800988;10610402;101447;6152653;11733265;197334;0;287
FR;2;2022-04-23;67;156;645;762;107;574;862;0;8;6119038;6801144;10611047;102209;6152760;11733839;198196;0;295
FR;2;2022-04-24;12;30;101;68;12;79;100;0;0;6119050;6801174;10611148;102277;6152772;11733918;198296;0;295
FR;2;2022-04-25;104;204;822;1329;103;711;1528;0;15;6119154;6801378;10611970;103606;6152875;11734629;199824;0;310
FR;2;2022-04-26;110;184;1041;2022;118;879;2219;0;18;6119264;6801562;10613011;105628;6152993;11735508;202043;0;328
FR;2;2022-04-27;98;181;860;1786;122;764;1808;0;7;6119362;6801743;10613871;107414;6153115;11736272;203851;0;335
FR;2;2022-04-28;93;214;949;1931;128;842;2087;0;12;6119455;6801957;10614820;109345;6153243;11737114;205938;0;347
FR;2;2022-04-29;81;282;1133;1697;131;1044;1876;0;11;6119536;6802239;10615953;111042;6153374;11738158;207814;0;358
FR;2;2022-04-30;66;127;471;540;80;430;628;0;9;6119602;6802366;10616424;111582;6153454;11738588;208442;0;367
FR;2;2022-05-01;24;24;84;49;20;85;61;0;1;6119626;6802390;10616508;111631;6153474;11738673;208503;0;368
FR;2;2022-05-02;115;232;763;1217;141;661;1375;0;5;6119741;6802622;10617271;112848;6153615;11739334;209878;0;373
FR;2;2022-05-03;152;233;999;1781;156;938;1895;0;14;6119893;6802855;10618270;114629;6153771;11740272;211773;0;387
FR;2;2022-05-04;90;226;926;1811;116;869;1822;0;13;6119983;6803081;10619196;116440;6153887;11741141;213595;0;400
FR;2;2022-05-05;127;197;856;1732;146;773;1848;0;10;6120110;6803278;10620052;118172;6154033;11741914;215443;0;410
FR;2;2022-05-06;133;246;1100;1855;139;1016;2052;0;16;6120243;6803524;10621152;120027;6154172;11742930;217495;0;426
FR;2;2022-05-07;40;99;470;504;61;406;593;0;4;6120283;6803623;10621622;120531;6154233;11743336;218088;0;430
FR;2;2022-05-08;48;54;107;71;41;102;101;0;0;6120331;6803677;10621729;120602;6154274;11743438;218189;0;430
FR;2;2022-05-09;101;174;654;986;103;604;1130;0;9;6120432;6803851;10622383;121588;6154377;11744042;219319;0;439
FR;2;2022-05-10;121;252;938;1841;155;893;1965;0;23;6120553;6804103;10623321;123429;6154532;11744935;221284;0;462
FR;2;2022-05-11;103;179;814;1879;117;793;1868;0;8;6120656;6804282;10624135;125308;6154649;11745728;223152;0;470
FR;2;2022-05-12;111;174;845;2096;116;803;2213;0;21;6120767;6804456;10624980;127404;6154765;11746531;225365;0;491
FR;2;2022-05-13;100;236;969;2097;122;900;2273;0;13;6120867;6804692;10625949;129501;6154887;11747431;227638;0;504
FR;2;2022-05-14;76;124;451;553;93;411;632;0;6;6120943;6804816;10626400;130054;6154980;11747842;228270;0;510
FR;2;2022-05-15;24;39;94;88;20;108;95;0;1;6120967;6804855;10626494;130142;6155000;11747950;228365;0;511
FR;2;2022-05-16;102;170;601;925;115;537;1037;0;11;6121069;6805025;10627095;131067;6155115;11748487;229402;0;522
FR;2;2022-05-17;95;184;690;1687;119;658;1739;0;8;6121164;6805209;10627785;132754;6155234;11749145;231141;0;530
FR;2;2022-05-18;80;181;643;1431;97;648;1486;0;10;6121244;6805390;10628428;134185;6155331;11749793;232627;0;540
FR;2;2022-05-19;73;161;709;1830;81;751;1816;0;12;6121317;6805551;10629137;136015;6155412;11750544;234443;0;552
FR;2;2022-05-20;107;181;874;1701;111;779;1849;0;17;6121424;6805732;10630011;137716;6155523;11751323;236292;0;569
FR;2;2022-05-21;48;96;398;517;71;339;581;0;8;6121472;6805828;10630409;138233;6155594;11751662;236873;0;577
FR;2;2022-05-22;8;23;69;37;18;57;56;0;0;6121480;6805851;10630478;138270;6155612;11751719;236929;0;577
FR;2;2022-05-23;86;133;498;931;100;469;967;0;7;6121566;6805984;10630976;139201;6155712;11752188;237896;0;584
FR;2;2022-05-24;87;164;627;1626;103;615;1680;0;17;6121653;6806148;10631603;140827;6155815;11752803;239576;0;601
FR;2;2022-05-25;72;146;539;1149;90;494;1260;0;5;6121725;6806294;10632142;141976;6155905;11753297;240836;0;606
FR;2;2022-05-26;12;31;77;45;13;85;56;0;1;6121737;6806325;10632219;142021;6155918;11753382;240892;0;607
FR;2;2022-05-27;44;124;456;818;68;438;893;0;9;6121781;6806449;10632675;142839;6155986;11753820;241785;0;616
FR;2;2022-05-28;28;60;221;244;29;221;266;0;1;6121809;6806509;10632896;143083;6156015;11754041;242051;0;617
FR;2;2022-05-29;13;34;43;25;22;51;28;0;0;6121822;6806543;10632939;143108;6156037;11754092;242079;0;617
FR;2;2022-05-30;65;109;425;755;60;410;806;0;6;6121887;6806652;10633364;143863;6156097;11754502;242885;0;623
FR;2;2022-05-31;76;135;564;1278;92;511;1304;0;12;6121963;6806787;10633928;145141;6156189;11755013;244189;0;635
FR;2;2022-06-01;59;160;564;1075;86;543;1170;0;6;6122022;6806947;10634492;146216;6156275;11755556;245359;0;641
FR;2;2022-06-02;92;178;626;1414;109;593;1520;0;12;6122114;6807125;10635118;147630;6156384;11756149;246879;0;653
FR;2;2022-06-03;71;157;668;1605;96;595;1694;0;19;6122185;6807282;10635786;149235;6156480;11756744;248573;0;672
FR;2;2022-06-04;69;93;283;434;66;269;476;0;11;6122254;6807375;10636069;149669;6156546;11757013;249049;0;683
FR;2;2022-06-05;12;17;63;58;16;47;75;0;1;6122266;6807392;10636132;149727;6156562;11757060;249124;0;684
FR;2;2022-06-06;12;40;93;76;29;92;81;0;4;6122278;6807432;10636225;149803;6156591;11757152;249205;0;688
FR;2;2022-06-07;99;222;667;1535;154;577;1661;0;10;6122377;6807654;10636892;151338;6156745;11757729;250866;0;698
FR;2;2022-06-08;70;119;476;1166;76;411;1262;0;5;6122447;6807773;10637368;152504;6156821;11758140;252128;0;703
FR;2;2022-06-09;93;166;613;1923;107;571;1927;0;18;6122540;6807939;10637981;154427;6156928;11758711;254055;0;721
FR;2;2022-06-10;93;168;650;1683;107;622;1774;0;23;6122633;6808107;10638631;156110;6157035;11759333;255829;0;744
FR;2;2022-06-11;44;85;287;529;42;258;583;0;5;6122677;6808192;10638918;156639;6157077;11759591;256412;0;749
FR;2;2022-06-12;18;38;58;78;27;60;78;0;0;6122695;6808230;10638976;156717;6157104;11759651;256490;0;749
FR;2;2022-06-13;39;121;395;953;63;379;1021;0;6;6122734;6808351;10639371;157670;6157167;11760030;257511;0;755
FR;2;2022-06-14;68;157;599;2088;101;537;2189;0;14;6122802;6808508;10639970;159758;6157268;11760567;259700;0;769
FR;2;2022-06-15;78;104;522;1504;84;444;1641;0;10;6122880;6808612;10640492;161262;6157352;11761011;261341;0;779
FR;2;2022-06-16;127;128;497;1411;123;424;1526;0;12;6123007;6808740;10640989;162673;6157475;11761435;262867;0;791
FR;2;2022-06-17;73;138;589;1817;88;516;1921;0;16;6123080;6808878;10641578;164490;6157563;11761951;264788;0;807
FR;2;2022-06-18;76;93;224;579;81;196;630;0;4;6123156;6808971;10641802;165069;6157644;11762147;265418;0;811
FR;2;2022-06-19;11;17;53;71;7;41;90;0;2;6123167;6808988;10641855;165140;6157651;11762188;265508;0;813
FR;2;2022-06-20;62;125;401;1028;72;392;1105;0;10;6123229;6809113;10642256;166168;6157723;11762580;266613;0;823
FR;2;2022-06-21;108;116;526;2127;105;455;2164;0;22;6123337;6809229;10642782;168295;6157828;11763035;268777;0;845
FR;2;2022-06-22;39;110;462;1889;57;415;1971;0;25;6123376;6809339;10643244;170184;6157885;11763450;270748;0;870
FR;2;2022-06-23;58;109;537;2282;68;452;2400;0;30;6123434;6809448;10643781;172466;6157953;11763902;273148;0;900
FR;2;2022-06-24;66;122;709;3199;65;571;3339;0;38;6123500;6809570;10644490;175665;6158018;11764473;276487;0;938
FR;2;2022-06-25;30;90;298;988;55;254;1041;0;13;6123530;6809660;10644788;176653;6158073;11764727;277528;0;951
FR;2;2022-06-26;30;27;131;194;29;97;236;0;5;6123560;6809687;10644919;176847;6158102;11764824;277764;0;956
FR;2;2022-06-27;79;137;582;2490;94;483;2623;0;39;6123639;6809824;10645501;179337;6158196;11765307;280387;0;995
FR;2;2022-06-28;110;140;812;4817;81;650;4894;0;54;6123749;6809964;10646313;184154;6158277;11765957;285281;0;1049
FR;2;2022-06-29;73;150;776;4436;80;637;4532;0;56;6123822;6810114;10647089;188590;6158357;11766594;289813;0;1105
FR;2;2022-06-30;72;133;834;5177;71;619;5398;0;79;6123894;6810247;10647923;193767;6158428;11767213;295211;0;1184
FR;2;2022-07-01;113;161;1152;6692;95;853;6944;0;92;6124007;6810408;10649075;200459;6158523;11768066;302155;0;1276
FR;2;2022-07-02;69;132;474;1977;82;392;2068;0;27;6124076;6810540;10649549;202436;6158605;11768458;304223;0;1303
FR;2;2022-07-03;23;30;147;334;21;131;357;0;8;6124099;6810570;10649696;202770;6158626;11768589;304580;0;1311
FR;2;2022-07-04;122;184;775;3785;113;612;3971;0;49;6124221;6810754;10650471;206555;6158739;11769201;308551;0;1360
FR;2;2022-07-05;119;187;1121;6818;121;828;6999;0;85;6124340;6810941;10651592;213373;6158860;11770029;315550;0;1445
FR;2;2022-07-06;92;152;951;5807;94;698;5933;0;84;6124432;6811093;10652543;219180;6158954;11770727;321483;0;1529
FR;2;2022-07-07;81;185;1021;6501;116;752;6732;0;101;6124513;6811278;10653564;225681;6159070;11771479;328215;0;1630
FR;2;2022-07-08;65;122;1095;7044;51;758;7235;0;123;6124578;6811400;10654659;232725;6159121;11772237;335450;0;1753
FR;2;2022-07-09;34;62;417;1869;31;299;1919;0;33;6124612;6811462;10655076;234594;6159152;11772536;337369;0;1786
FR;2;2022-07-10;7;17;97;315;8;83;327;0;5;6124619;6811479;10655173;234909;6159160;11772619;337696;0;1791
FR;2;2022-07-11;68;121;683;3826;76;541;3901;0;67;6124687;6811600;10655856;238735;6159236;11773160;341597;0;1858
FR;2;2022-07-12;102;180;1054;6517;107;809;6725;0;119;6124789;6811780;10656910;245252;6159343;11773969;348322;0;1977
FR;2;2022-07-13;65;127;879;4664;75;591;4830;0;78;6124854;6811907;10657789;249916;6159418;11774560;353152;0;2055
FR;2;2022-07-14;6;13;89;250;8;60;269;0;8;6124860;6811920;10657878;250166;6159426;11774620;353421;0;2063
FR;2;2022-07-15;61;129;739;3794;53;560;3960;0;75;6124921;6812049;10658617;253960;6159479;11775180;357381;0;2138
FR;2;2022-07-16;27;54;289;1031;30;242;1077;0;25;6124948;6812103;10658906;254991;6159509;11775422;358458;0;2163
FR;2;2022-07-17;5;12;78;201;6;67;207;0;6;6124953;6812115;10658984;255192;6159515;11775489;358665;0;2169
FR;2;2022-07-18;57;103;514;2510;61;385;2648;0;59;6125010;6812218;10659498;257702;6159576;11775874;361313;0;2228
FR;2;2022-07-19;66;133;770;4258;72;555;4447;0;72;6125076;6812351;10660268;261960;6159648;11776429;365760;0;2300
FR;2;2022-07-20;59;117;582;3179;68;430;3278;0;87;6125135;6812468;10660850;265139;6159716;11776859;369038;0;2387
FR;2;2022-07-21;60;110;673;3680;73;487;3797;0;105;6125195;6812578;10661523;268819;6159789;11777346;372835;0;2492
FR;2;2022-07-22;51;100;700;3550;48;507;3701;0;80;6125246;6812678;10662223;272369;6159837;11777853;376536;0;2572
FR;2;2022-07-23;38;97;290;1175;51;229;1228;0;37;6125284;6812775;10662513;273544;6159888;11778082;377764;0;2609
FR;2;2022-07-24;14;24;69;201;19;68;203;0;7;6125298;6812799;10662582;273745;6159907;11778150;377967;0;2616
FR;2;2022-07-25;50;71;405;1938;60;300;2000;0;56;6125348;6812870;10662987;275683;6159967;11778450;379967;0;2672
FR;2;2022-07-26;57;133;606;3423;67;476;3496;0;113;6125405;6813003;10663593;279106;6160034;11778926;383463;0;2785
FR;2;2022-07-27;42;81;457;2782;50;361;2801;0;89;6125447;6813084;10664050;281888;6160084;11779287;386264;0;2874
FR;2;2022-07-28;29;75;450;2487;36;357;2491;0;78;6125476;6813159;10664500;284375;6160120;11779644;388755;0;2952
FR;2;2022-07-29;68;88;535;2857;63;347;2978;0;73;6125544;6813247;10665035;287232;6160183;11779991;391733;0;3025
FR;2;2022-07-30;22;39;163;776;32;110;796;0;24;6125566;6813286;10665198;288008;6160215;11780101;392529;0;3049
FR;2;2022-07-31;6;13;27;104;12;21;110;0;2;6125572;6813299;10665225;288112;6160227;11780122;392639;0;3051
FR;2;2022-08-01;38;106;323;1261;73;260;1343;0;29;6125610;6813405;10665548;289373;6160300;11780382;393982;0;3080
FR;2;2022-08-02;49;75;325;2061;50;247;2097;0;78;6125659;6813480;10665873;291434;6160350;11780629;396079;0;3158
FR;2;2022-08-03;29;53;259;1611;25;187;1617;0;57;6125688;6813533;10666132;293045;6160375;11780816;397696;0;3215
FR;2;2022-08-04;40;65;306;1692;39;240;1701;0;66;6125728;6813598;10666438;294737;6160414;11781056;399397;0;3281
FR;2;2022-08-05;33;94;328;1881;67;236;1912;0;60;6125761;6813692;10666766;296618;6160481;11781292;401309;0;3341
FR;2;2022-08-06;22;41;106;365;29;82;372;0;10;6125783;6813733;10666872;296983;6160510;11781374;401681;0;3351
FR;2;2022-08-07;7;8;15;69;5;16;71;0;3;6125790;6813741;10666887;297052;6160515;11781390;401752;0;3354
FR;2;2022-08-08;19;35;220;877;22;148;915;0;33;6125809;6813776;10667107;297929;6160537;11781538;402667;0;3387
FR;2;2022-08-09;29;52;279;1474;41;238;1470;0;50;6125838;6813828;10667386;299403;6160578;11781776;404137;0;3437
FR;2;2022-08-10;16;22;213;1134;19;150;1155;0;46;6125854;6813850;10667599;300537;6160597;11781926;405292;0;3483
FR;2;2022-08-11;21;41;174;1038;26;117;1047;0;40;6125875;6813891;10667773;301575;6160623;11782043;406339;0;3523
FR;2;2022-08-12;36;50;184;1046;38;140;1069;0;35;6125911;6813941;10667957;302621;6160661;11782183;407408;0;3558
FR;2;2022-08-13;11;19;47;149;15;53;137;0;5;6125922;6813960;10668004;302770;6160676;11782236;407545;0;3563
FR;2;2022-08-14;1;2;12;52;1;11;54;0;1;6125923;6813962;10668016;302822;6160677;11782247;407599;0;3564
FR;2;2022-08-15;0;5;32;22;2;21;21;0;3;6125923;6813967;10668048;302844;6160679;11782268;407620;0;3567
FR;2;2022-08-16;27;33;144;681;34;120;678;0;33;6125950;6814000;10668192;303525;6160713;11782388;408298;0;3600
FR;2;2022-08-17;18;27;109;738;18;88;744;0;34;6125968;6814027;10668301;304263;6160731;11782476;409042;0;3634
FR;2;2022-08-18;14;30;160;836;14;107;852;0;42;6125982;6814057;10668461;305099;6160745;11782583;409894;0;3676
FR;2;2022-08-19;8;38;118;706;31;88;706;0;33;6125990;6814095;10668579;305805;6160776;11782671;410600;0;3709
FR;2;2022-08-20;6;26;61;197;16;52;201;0;8;6125996;6814121;10668640;306002;6160792;11782723;410801;0;3717
FR;2;2022-08-21;4;14;15;19;6;13;31;0;0;6126000;6814135;10668655;306021;6160798;11782736;410832;0;3717
FR;2;2022-08-22;11;25;116;395;17;73;451;0;13;6126011;6814160;10668771;306416;6160815;11782809;411283;0;3730
FR;2;2022-08-23;11;42;134;671;23;112;679;0;38;6126022;6814202;10668905;307087;6160838;11782921;411962;0;3768
FR;2;2022-08-24;11;28;87;466;21;80;472;0;18;6126033;6814230;10668992;307553;6160859;11783001;412434;0;3786
FR;2;2022-08-25;8;32;109;481;16;69;516;0;17;6126041;6814262;10669101;308034;6160875;11783070;412950;0;3803
FR;2;2022-08-26;16;46;117;720;36;91;713;0;32;6126057;6814308;10669218;308754;6160911;11783161;413663;0;3835
FR;2;2022-08-27;10;19;47;158;16;42;166;0;2;6126067;6814327;10669265;308912;6160927;11783203;413829;0;3837
FR;2;2022-08-28;1;5;5;15;1;7;16;0;1;6126068;6814332;10669270;308927;6160928;11783210;413845;0;3838
FR;2;2022-08-29;24;43;94;400;29;88;396;0;24;6126092;6814375;10669364;309327;6160957;11783298;414241;0;3862
FR;2;2022-08-30;31;54;154;791;34;119;798;0;29;6126123;6814429;10669518;310118;6160991;11783417;415039;0;3891
FR;2;2022-08-31;19;37;85;392;24;79;393;0;25;6126142;6814466;10669603;310510;6161015;11783496;415432;0;3916
FR;2;2022-09-01;19;43;139;600;25;122;609;0;36;6126161;6814509;10669742;311110;6161040;11783618;416041;0;3952
FR;2;2022-09-02;34;57;147;744;34;160;748;0;32;6126195;6814566;10669889;311854;6161074;11783778;416789;0;3984
FR;2;2022-09-03;17;20;83;205;11;67;213;0;7;6126212;6814586;10669972;312059;6161085;11783845;417002;0;3991
FR;2;2022-09-04;8;5;9;31;2;10;30;0;3;6126220;6814591;10669981;312090;6161087;11783855;417032;0;3994
FR;2;2022-09-05;29;32;126;367;24;98;397;0;24;6126249;6814623;10670107;312457;6161111;11783953;417429;0;4018
FR;2;2022-09-06;44;63;158;761;43;153;767;0;36;6126293;6814686;10670265;313218;6161154;11784106;418196;0;4054
FR;2;2022-09-07;21;22;74;375;18;49;387;0;22;6126314;6814708;10670339;313593;6161172;11784155;418583;0;4076
FR;2;2022-09-08;31;58;109;636;41;100;646;0;22;6126345;6814766;10670448;314229;6161213;11784255;419229;0;4098
FR;2;2022-09-09;18;24;126;754;21;74;747;0;46;6126363;6814790;10670574;314983;6161234;11784329;419976;0;4144
FR;2;2022-09-10;14;24;57;117;16;48;131;0;4;6126377;6814814;10670631;315100;6161250;11784377;420107;0;4148
FR;2;2022-09-11;12;5;11;11;3;13;13;0;0;6126389;6814819;10670642;315111;6161253;11784390;420120;0;4148
FR;2;2022-09-12;20;31;70;340;26;56;352;0;16;6126409;6814850;10670712;315451;6161279;11784446;420472;0;4164
FR;2;2022-09-13;15;34;125;670;13;99;674;0;40;6126424;6814884;10670837;316121;6161292;11784545;421146;0;4204
FR;2;2022-09-14;19;23;81;480;20;60;478;0;36;6126443;6814907;10670918;316601;6161312;11784605;421624;0;4240
FR;2;2022-09-15;23;44;126;486;26;102;493;0;47;6126466;6814951;10671044;317087;6161338;11784707;422117;0;4287
FR;2;2022-09-16;22;31;124;563;17;89;585;0;39;6126488;6814982;10671168;317650;6161355;11784796;422702;0;4326
FR;2;2022-09-17;6;20;56;160;15;52;147;0;13;6126494;6815002;10671224;317810;6161370;11784848;422849;0;4339
FR;2;2022-09-18;4;7;13;37;6;10;37;0;3;6126498;6815009;10671237;317847;6161376;11784858;422886;0;4342
FR;2;2022-09-19;26;24;114;353;16;87;381;0;22;6126524;6815033;10671351;318200;6161392;11784945;423267;0;4364
FR;2;2022-09-20;29;27;117;624;21;84;639;0;38;6126553;6815060;10671468;318824;6161413;11785029;423906;0;4402
FR;2;2022-09-21;15;30;100;393;15;78;418;0;22;6126568;6815090;10671568;319217;6161428;11785107;424324;0;4424
FR;2;2022-09-22;19;39;124;581;18;95;619;0;28;6126587;6815129;10671692;319798;6161446;11785202;424943;0;4452
FR;2;2022-09-23;21;38;135;555;22;111;570;0;39;6126608;6815167;10671827;320353;6161468;11785313;425513;0;4491
FR;2;2022-09-24;10;8;52;190;8;37;201;0;6;6126618;6815175;10671879;320543;6161476;11785350;425714;0;4497
FR;2;2022-09-25;9;11;14;29;11;11;33;0;5;6126627;6815186;10671893;320572;6161487;11785361;425747;0;4502
FR;2;2022-09-26;22;41;116;447;27;79;458;0;20;6126649;6815227;10672009;321019;6161514;11785440;426205;0;4522
FR;2;2022-09-27;30;46;162;906;35;108;861;0;52;6126679;6815273;10672171;321925;6161549;11785548;427066;0;4574
FR;2;2022-09-28;15;31;93;421;18;74;439;0;23;6126694;6815304;10672264;322346;6161567;11785622;427505;0;4597
FR;2;2022-09-29;26;48;115;618;23;110;630;0;33;6126720;6815352;10672379;322964;6161590;11785732;428135;0;4630
FR;2;2022-09-30;25;44;111;520;44;84;533;0;31;6126745;6815396;10672490;323484;6161634;11785816;428668;0;4661
FR;2;2022-10-01;11;20;51;128;20;36;129;0;8;6126756;6815416;10672541;323612;6161654;11785852;428797;0;4669
FR;2;2022-10-02;0;5;8;21;4;5;25;0;2;6126756;6815421;10672549;323633;6161658;11785857;428822;0;4671
FR;2;2022-10-03;22;35;85;291;30;69;306;0;22;6126778;6815456;10672634;323924;6161688;11785926;429128;0;4693
FR;2;2022-10-04;17;21;106;601;19;71;620;0;46;6126795;6815477;10672740;324525;6161707;11785997;429748;0;4739
FR;2;2022-10-05;20;30;75;491;25;67;488;0;54;6126815;6815507;10672815;325016;6161732;11786064;430236;0;4793
FR;2;2022-10-06;30;23;74;442;17;71;428;0;65;6126845;6815530;10672889;325458;6161749;11786135;430664;0;4858
FR;2;2022-10-07;21;30;86;499;27;66;503;0;42;6126866;6815560;10672975;325957;6161776;11786201;431167;0;4900
FR;2;2022-10-08;12;8;24;114;3;25;108;0;12;6126878;6815568;10672999;326071;6161779;11786226;431275;0;4912
FR;2;2022-10-09;1;8;15;17;6;11;22;0;5;6126879;6815576;10673014;326088;6161785;11786237;431297;0;4917
FR;2;2022-10-10;18;25;47;223;23;49;218;0;21;6126897;6815601;10673061;326311;6161808;11786286;431515;0;4938
FR;2;2022-10-11;16;15;48;253;11;39;241;0;52;6126913;6815616;10673109;326564;6161819;11786325;431756;0;4990
FR;2;2022-10-12;9;20;52;290;16;36;305;0;56;6126922;6815636;10673161;326854;6161835;11786361;432061;0;5046
FR;2;2022-10-13;11;14;48;271;9;48;261;0;26;6126933;6815650;10673209;327125;6161844;11786409;432322;0;5072
FR;2;2022-10-14;13;29;36;230;17;40;231;0;29;6126946;6815679;10673245;327355;6161861;11786449;432553;0;5101
FR;2;2022-10-15;4;11;22;111;5;17;113;0;15;6126950;6815690;10673267;327466;6161866;11786466;432666;0;5116
FR;2;2022-10-16;0;7;4;11;6;7;8;0;1;6126950;6815697;10673271;327477;6161872;11786473;432674;0;5117
FR;2;2022-10-17;15;19;31;121;18;26;131;0;29;6126965;6815716;10673302;327598;6161890;11786499;432805;0;5146
FR;2;2022-10-18;13;12;68;185;6;34;247;0;46;6126978;6815728;10673370;327783;6161896;11786533;433052;0;5192
FR;2;2022-10-19;8;17;38;184;12;31;222;0;52;6126986;6815745;10673408;327967;6161908;11786564;433274;0;5244
FR;2;2022-10-20;11;29;41;200;15;40;196;0;52;6126997;6815774;10673449;328167;6161923;11786604;433470;0;5296
FR;2;2022-10-21;6;15;60;233;6;53;222;0;31;6127003;6815789;10673509;328400;6161929;11786657;433692;0;5327
FR;2;2022-10-22;8;7;25;102;2;23;103;0;20;6127011;6815796;10673534;328502;6161931;11786680;433795;0;5347
FR;2;2022-10-23;0;3;1;5;3;0;6;0;2;6127011;6815799;10673535;328507;6161934;11786680;433801;0;5349
FR;2;2022-10-24;12;12;16;110;12;16;113;0;20;6127023;6815811;10673551;328617;6161946;11786696;433914;0;5369
FR;2;2022-10-25;12;7;23;138;6;15;145;0;51;6127035;6815818;10673574;328755;6161952;11786711;434059;0;5420
FR;2;2022-10-26;4;3;17;90;2;11;96;0;27;6127039;6815821;10673591;328845;6161954;11786722;434155;0;5447
FR;2;2022-10-27;7;10;18;88;10;20;71;0;27;6127046;6815831;10673609;328933;6161964;11786742;434226;0;5474
FR;2;2022-10-28;5;3;15;91;3;7;92;0;27;6127051;6815834;10673624;329024;6161967;11786749;434318;0;5501
FR;2;2022-10-29;7;8;18;33;6;14;37;0;8;6127058;6815842;10673642;329057;6161973;11786763;434355;0;5509
FR;2;2022-10-30;3;7;5;8;5;2;5;0;1;6127061;6815849;10673647;329065;6161978;11786765;434360;0;5510
FR;2;2022-10-31;2;8;6;49;6;10;48;0;11;6127063;6815857;10673653;329114;6161984;11786775;434408;0;5521
FR;2;2022-11-01;0;5;8;1;5;5;4;0;0;6127063;6815862;10673661;329115;6161989;11786780;434412;0;5521
FR;2;2022-11-02;6;5;12;44;5;12;45;0;11;6127069;6815867;10673673;329159;6161994;11786792;434457;0;5532
FR;2;2022-11-03;6;7;16;77;6;10;75;0;18;6127075;6815874;10673689;329236;6162000;11786802;434532;0;5550
FR;2;2022-11-04;7;12;15;85;10;14;93;0;10;6127082;6815886;10673704;329321;6162010;11786816;434625;0;5560
FR;2;2022-11-05;0;11;13;38;6;17;35;0;6;6127082;6815897;10673717;329359;6162016;11786833;434660;0;5566
FR;2;2022-11-06;0;2;2;1;0;4;0;0;2;6127082;6815899;10673719;329360;6162016;11786837;434660;0;5568
FR;2;2022-11-07;13;8;15;67;6;14;66;0;20;6127095;6815907;10673734;329427;6162022;11786851;434726;0;5588
FR;2;2022-11-08;13;8;18;58;6;14;65;0;27;6127108;6815915;10673752;329485;6162028;11786865;434791;0;5615
FR;2;2022-11-09;4;5;17;56;2;17;50;0;28;6127112;6815920;10673769;329541;6162030;11786882;434841;0;5643
FR;2;2022-11-10;7;10;17;74;7;14;76;0;14;6127119;6815930;10673786;329615;6162037;11786896;434917;0;5657
FR;2;2022-11-11;0;3;9;3;0;10;4;0;0;6127119;6815933;10673795;329618;6162037;11786906;434921;0;5657
FR;2;2022-11-12;2;5;7;19;4;7;19;0;4;6127121;6815938;10673802;329637;6162041;11786913;434940;0;5661
FR;2;2022-11-13;3;2;4;2;1;5;1;0;0;6127124;6815940;10673806;329639;6162042;11786918;434941;0;5661
FR;2;2022-11-14;7;6;13;29;3;10;33;0;7;6127131;6815946;10673819;329668;6162045;11786928;434974;0;5668
FR;2;2022-11-15;8;15;15;35;16;18;32;0;7;6127139;6815961;10673834;329703;6162061;11786946;435006;0;5675
FR;2;2022-11-16;3;4;4;45;4;4;46;0;18;6127142;6815965;10673838;329748;6162065;11786950;435052;0;5693
FR;2;2022-11-17;2;6;12;56;5;9;55;0;22;6127144;6815971;10673850;329804;6162070;11786959;435107;0;5715
FR;2;2022-11-18;3;4;7;41;4;6;44;0;10;6127147;6815975;10673857;329845;6162074;11786965;435151;0;5725
FR;2;2022-11-19;3;3;2;25;3;3;18;0;5;6127150;6815978;10673859;329870;6162077;11786968;435169;0;5730
FR;2;2022-11-20;0;2;6;9;2;6;10;0;26;6127150;6815980;10673865;329879;6162079;11786974;435179;0;5756
FR;2;2022-11-21;6;10;9;31;7;8;34;0;22;6127156;6815990;10673874;329910;6162086;11786982;435213;0;5778
FR;2;2022-11-22;8;8;20;65;6;21;70;0;71;6127164;6815998;10673894;329975;6162092;11787003;435283;0;5849
FR;2;2022-11-23;7;6;8;68;3;5;73;0;8;6127171;6816004;10673902;330043;6162095;11787008;435356;0;5857
FR;2;2022-11-24;2;2;11;50;2;7;57;0;10;6127173;6816006;10673913;330093;6162097;11787015;435413;0;5867
FR;2;2022-11-25;11;8;14;25;11;14;26;0;8;6127184;6816014;10673927;330118;6162108;11787029;435439;0;5875
FR;2;2022-11-26;1;5;4;8;4;7;6;0;0;6127185;6816019;10673931;330126;6162112;11787036;435445;0;5875
FR;2;2022-11-27;2;2;12;2;0;11;4;0;1;6127187;6816021;10673943;330128;6162112;11787047;435449;0;5876
FR;2;2022-11-28;0;2;8;35;1;6;37;0;5;6127187;6816023;10673951;330163;6162113;11787053;435486;0;5881
FR;2;2022-11-29;1;1;10;24;0;4;30;0;8;6127188;6816024;10673961;330187;6162113;11787057;435516;0;5889
FR;2;2022-11-30;2;2;10;47;1;11;44;0;21;6127190;6816026;10673971;330234;6162114;11787068;435560;0;5910
FR;2;2022-12-01;2;12;6;63;9;13;55;0;24;6127192;6816038;10673977;330297;6162123;11787081;435615;0;5934
FR;2;2022-12-02;1;2;12;51;2;10;51;0;27;6127193;6816040;10673989;330348;6162125;11787091;435666;0;5961
FR;2;2022-12-03;1;3;8;19;1;8;18;0;10;6127194;6816043;10673997;330367;6162126;11787099;435684;0;5971
FR;2;2022-12-04;0;0;0;4;0;0;4;0;2;6127194;6816043;10673997;330371;6162126;11787099;435688;0;5973
FR;2;2022-12-05;3;5;8;51;8;4;45;0;16;6127197;6816048;10674005;330422;6162134;11787103;435733;0;5989
FR;2;2022-12-06;3;4;14;45;3;6;48;0;17;6127200;6816052;10674019;330467;6162137;11787109;435781;0;6006
FR;2;2022-12-07;1;4;9;42;2;8;44;0;11;6127201;6816056;10674028;330509;6162139;11787117;435825;0;6017
FR;2;2022-12-08;0;2;11;44;0;6;49;0;16;6127201;6816058;10674039;330553;6162139;11787123;435874;0;6033
FR;2;2022-12-09;0;1;13;52;0;9;57;0;17;6127201;6816059;10674052;330605;6162139;11787132;435931;0;6050
FR;2;2022-12-10;0;2;15;50;0;6;52;0;9;6127201;6816061;10674067;330655;6162139;11787138;435983;0;6059
FR;2;2022-12-11;0;0;2;2;0;2;1;0;3;6127201;6816061;10674069;330657;6162139;11787140;435984;0;6062
FR;2;2022-12-12;1;0;6;37;0;6;36;0;11;6127202;6816061;10674075;330694;6162139;11787146;436020;0;6073
FR;2;2022-12-13;0;2;1;37;1;1;36;0;14;6127202;6816063;10674076;330731;6162140;11787147;436056;0;6087
FR;2;2022-12-14;0;5;8;26;5;3;31;0;14;6127202;6816068;10674084;330757;6162145;11787150;436087;0;6101
FR;2;2022-12-15;0;4;12;43;4;9;44;0;17;6127202;6816072;10674096;330800;6162149;11787159;436131;0;6118
FR;2;2022-12-16;2;4;27;56;3;20;62;0;16;6127204;6816076;10674123;330856;6162152;11787179;436193;0;6134
FR;2;2022-12-17;1;4;10;44;3;6;39;0;5;6127205;6816080;10674133;330900;6162155;11787185;436232;0;6139
FR;2;2022-12-18;1;0;0;0;0;0;0;0;1;6127206;6816080;10674133;330900;6162155;11787185;436232;0;6140
FR;2;2022-12-19;6;5;4;31;6;5;24;0;24;6127212;6816085;10674137;330931;6162161;11787190;436256;0;6164
FR;2;2022-12-20;0;2;6;37;0;7;38;0;24;6127212;6816087;10674143;330968;6162161;11787197;436294;0;6188
FR;2;2022-12-21;0;1;4;13;1;4;13;0;8;6127212;6816088;10674147;330981;6162162;11787201;436307;0;6196
FR;2;2022-12-22;0;5;17;32;2;6;45;0;10;6127212;6816093;10674164;331013;6162164;11787207;436352;0;6206
FR;2;2022-12-23;1;5;15;18;3;12;22;0;4;6127213;6816098;10674179;331031;6162167;11787219;436374;0;6210
FR;2;2022-12-24;0;0;1;1;0;1;1;0;0;6127213;6816098;10674180;331032;6162167;11787220;436375;0;6210
FR;2;2022-12-25;0;1;1;3;0;1;4;0;0;6127213;6816099;10674181;331035;6162167;11787221;436379;0;6210
FR;2;2022-12-26;0;0;7;11;0;5;11;0;3;6127213;6816099;10674188;331046;6162167;11787226;436390;0;6213
FR;2;2022-12-27;0;1;7;5;1;5;7;0;4;6127213;6816100;10674195;331051;6162168;11787231;436397;0;6217
FR;2;2022-12-28;0;2;4;13;2;3;14;0;5;6127213;6816102;10674199;331064;6162170;11787234;436411;0;6222
FR;2;2022-12-29;1;2;4;18;1;5;18;0;7;6127214;6816104;10674203;331082;6162171;11787239;436429;0;6229
FR;2;2022-12-30;1;0;2;8;0;2;7;0;1;6127215;6816104;10674205;331090;6162171;11787241;436436;0;6230
FR;2;2022-12-31;0;0;1;2;0;1;2;0;1;6127215;6816104;10674206;331092;6162171;11787242;436438;0;6231
FR;2;2023-01-01;0;0;0;0;0;0;0;0;0;6127215;6816104;10674206;331092;6162171;11787242;436438;0;6231
FR;2;2023-01-02;5;2;9;21;1;7;23;0;2;6127220;6816106;10674215;331113;6162172;11787249;436461;0;6233
FR;2;2023-01-03;1;0;6;13;0;7;11;0;6;6127221;6816106;10674221;331126;6162172;11787256;436472;0;6239
FR;2;2023-01-04;1;1;9;13;2;7;13;0;6;6127222;6816107;10674230;331139;6162174;11787263;436485;0;6245
FR;2;2023-01-05;0;2;7;6;2;4;7;0;3;6127222;6816109;10674237;331145;6162176;11787267;436492;0;6248
FR;2;2023-01-06;1;0;9;9;0;4;13;0;9;6127223;6816109;10674246;331154;6162176;11787271;436505;0;6257
FR;2;2023-01-07;0;0;4;10;0;4;8;0;5;6127223;6816109;10674250;331164;6162176;11787275;436513;0;6262
FR;2;2023-01-08;0;0;3;3;0;3;3;0;2;6127223;6816109;10674253;331167;6162176;11787278;436516;0;6264
FR;2;2023-01-09;0;2;8;9;2;3;13;0;5;6127223;6816111;10674261;331176;6162178;11787281;436529;0;6269
FR;2;2023-01-10;0;4;3;8;3;2;10;0;6;6127223;6816115;10674264;331184;6162181;11787283;436539;0;6275
FR;2;2023-01-11;3;0;4;7;0;3;9;0;3;6127226;6816115;10674268;331191;6162181;11787286;436548;0;6278
FR;2;2023-01-12;1;0;9;13;0;7;10;0;11;6127227;6816115;10674277;331204;6162181;11787293;436558;0;6289
FR;2;2023-01-13;0;1;4;7;1;2;10;0;3;6127227;6816116;10674281;331211;6162182;11787295;436568;0;6292
FR;2;2023-01-14;0;1;2;6;0;3;6;0;1;6127227;6816117;10674283;331217;6162182;11787298;436574;0;6293
FR;2;2023-01-15;0;0;0;0;0;0;0;0;0;6127227;6816117;10674283;331217;6162182;11787298;436574;0;6293
FR;2;2023-01-16;1;1;5;6;2;2;7;0;1;6127228;6816118;10674288;331223;6162184;11787300;436581;0;6294
FR;2;2023-01-17;1;0;5;4;0;5;3;0;0;6127229;6816118;10674293;331227;6162184;11787305;436584;0;6294
FR;2;2023-01-18;0;0;2;2;0;2;2;0;0;6127229;6816118;10674295;331229;6162184;11787307;436586;0;6294
FR;2;2023-01-19;0;0;1;6;0;1;6;0;6;6127229;6816118;10674296;331235;6162184;11787308;436592;0;6300
FR;2;2023-01-20;0;0;1;7;0;1;7;0;4;6127229;6816118;10674297;331242;6162184;11787309;436599;0;6304
FR;2;2023-01-21;0;0;0;3;0;0;0;0;0;6127229;6816118;10674297;331245;6162184;11787309;436599;0;6304
FR;2;2023-01-22;0;0;0;0;0;0;0;0;0;6127229;6816118;10674297;331245;6162184;11787309;436599;0;6304
FR;2;2023-01-23;0;0;3;3;0;2;3;0;1;6127229;6816118;10674300;331248;6162184;11787311;436602;0;6305
FR;2;2023-01-24;1;3;1;6;3;0;7;0;4;6127230;6816121;10674301;331254;6162187;11787311;436609;0;6309
FR;2;2023-01-25;1;0;0;6;1;0;6;0;0;6127231;6816121;10674301;331260;6162188;11787311;436615;0;6309
FR;2;2023-01-26;1;0;3;7;0;1;9;0;3;6127232;6816121;10674304;331267;6162188;11787312;436624;0;6312
FR;2;2023-01-27;0;2;3;3;1;2;3;0;2;6127232;6816123;10674307;331270;6162189;11787314;436627;0;6314
FR;2;2023-01-28;0;0;0;1;0;0;1;0;0;6127232;6816123;10674307;331271;6162189;11787314;436628;0;6314
FR;2;2023-01-29;0;0;1;0;0;0;1;0;0;6127232;6816123;10674308;331271;6162189;11787314;436629;0;6314
FR;2;2023-01-30;0;1;2;3;1;1;4;0;1;6127232;6816124;10674310;331274;6162190;11787315;436633;0;6315
FR;2;2023-01-31;1;0;3;2;0;2;3;0;0;6127233;6816124;10674313;331276;6162190;11787317;436636;0;6315
FR;2;2023-02-01;0;3;2;0;2;3;0;0;0;6127233;6816127;10674315;331276;6162192;11787320;436636;0;6315
FR;2;2023-02-02;0;1;3;4;1;3;6;0;4;6127233;6816128;10674318;331280;6162193;11787323;436642;0;6319
FR;2;2023-02-03;0;2;1;12;2;0;11;0;9;6127233;6816130;10674319;331292;6162195;11787323;436653;0;6328
FR;2;2023-02-04;0;1;1;0;0;2;0;0;0;6127233;6816131;10674320;331292;6162195;11787325;436653;0;6328
FR;2;2023-02-05;0;0;0;0;0;0;0;0;0;6127233;6816131;10674320;331292;6162195;11787325;436653;0;6328
FR;2;2023-02-06;0;3;2;2;2;3;2;0;0;6127233;6816134;10674322;331294;6162197;11787328;436655;0;6328
FR;2;2023-02-07;2;1;0;0;0;1;0;0;1;6127235;6816135;10674322;331294;6162197;11787329;436655;0;6329
FR;2;2023-02-08;0;0;3;2;0;2;4;0;1;6127235;6816135;10674325;331296;6162197;11787331;436659;0;6330
FR;2;2023-02-09;0;0;1;4;0;2;3;0;3;6127235;6816135;10674326;331300;6162197;11787333;436662;0;6333
FR;2;2023-02-10;0;0;1;3;0;1;2;0;6;6127235;6816135;10674327;331303;6162197;11787334;436664;0;6339
FR;2;2023-02-11;2;2;1;1;0;2;2;0;0;6127237;6816137;10674328;331304;6162197;11787336;436666;0;6339
FR;2;2023-02-12;0;0;0;0;0;0;0;0;0;6127237;6816137;10674328;331304;6162197;11787336;436666;0;6339
FR;2;2023-02-13;3;0;1;5;0;0;5;0;1;6127240;6816137;10674329;331309;6162197;11787336;436671;0;6340
FR;2;2023-02-14;1;1;1;1;1;0;2;0;0;6127241;6816138;10674330;331310;6162198;11787336;436673;0;6340
FR;2;2023-02-15;2;0;1;1;0;1;1;0;0;6127243;6816138;10674331;331311;6162198;11787337;436674;0;6340
FR;2;2023-02-16;0;1;1;1;1;1;1;0;2;6127243;6816139;10674332;331312;6162199;11787338;436675;0;6342
FR;2;2023-02-17;0;0;1;4;0;1;3;0;4;6127243;6816139;10674333;331316;6162199;11787339;436678;0;6346
FR;2;2023-02-18;0;0;4;1;0;4;0;0;1;6127243;6816139;10674337;331317;6162199;11787343;436678;0;6347
FR;2;2023-02-19;0;1;0;0;1;0;0;0;0;6127243;6816140;10674337;331317;6162200;11787343;436678;0;6347
FR;2;2023-02-20;0;0;0;1;0;0;1;0;2;6127243;6816140;10674337;331318;6162200;11787343;436679;0;6349
FR;2;2023-02-21;0;0;0;1;0;0;1;0;2;6127243;6816140;10674337;331319;6162200;11787343;436680;0;6351
FR;2;2023-02-22;1;0;0;3;0;0;3;0;0;6127244;6816140;10674337;331322;6162200;11787343;436683;0;6351
FR;2;2023-02-23;0;0;0;1;0;0;1;0;3;6127244;6816140;10674337;331323;6162200;11787343;436684;0;6354
FR;2;2023-02-24;1;0;1;2;0;0;3;0;0;6127245;6816140;10674338;331325;6162200;11787343;436687;0;6354
FR;2;2023-02-25;0;0;1;2;0;1;2;0;0;6127245;6816140;10674339;331327;6162200;11787344;436689;0;6354
FR;2;2023-02-26;0;0;0;0;0;0;0;0;0;6127245;6816140;10674339;331327;6162200;11787344;436689;0;6354
FR;2;2023-02-27;1;0;1;1;0;1;1;0;0;6127246;6816140;10674340;331328;6162200;11787345;436690;0;6354
FR;2;2023-02-28;0;0;0;0;0;0;0;0;2;6127246;6816140;10674340;331328;6162200;11787345;436690;0;6356
FR;2;2023-03-01;0;1;1;2;0;2;1;0;1;6127246;6816141;10674341;331330;6162200;11787347;436691;0;6357
FR;2;2023-03-02;0;2;1;1;2;0;1;0;1;6127246;6816143;10674342;331331;6162202;11787347;436692;0;6358
FR;2;2023-03-03;1;0;1;1;0;1;1;0;0;6127247;6816143;10674343;331332;6162202;11787348;436693;0;6358
FR;2;2023-03-04;0;0;0;0;0;0;0;0;0;6127247;6816143;10674343;331332;6162202;11787348;436693;0;6358
FR;2;2023-03-05;0;0;0;0;0;0;0;0;0;6127247;6816143;10674343;331332;6162202;11787348;436693;0;6358
FR;2;2023-03-06;0;0;1;0;0;1;0;0;2;6127247;6816143;10674344;331332;6162202;11787349;436693;0;6360
FR;2;2023-03-07;0;1;2;1;1;2;1;0;1;6127247;6816144;10674346;331333;6162203;11787351;436694;0;6361
FR;2;2023-03-08;0;0;0;0;0;0;0;0;2;6127247;6816144;10674346;331333;6162203;11787351;436694;0;6363
FR;2;2023-03-09;0;0;1;1;0;0;2;0;0;6127247;6816144;10674347;331334;6162203;11787351;436696;0;6363
FR;2;2023-03-10;0;0;1;0;0;1;0;0;0;6127247;6816144;10674348;331334;6162203;11787352;436696;0;6363
FR;2;2023-03-11;0;0;1;0;0;1;0;0;0;6127247;6816144;10674349;331334;6162203;11787353;436696;0;6363
FR;2;2023-03-12;0;0;0;0;0;0;0;0;0;6127247;6816144;10674349;331334;6162203;11787353;436696;0;6363
FR;2;2023-03-13;0;0;1;3;0;1;3;0;0;6127247;6816144;10674350;331337;6162203;11787354;436699;0;6363
FR;2;2023-03-14;1;0;0;0;0;0;0;0;0;6127248;6816144;10674350;331337;6162203;11787354;436699;0;6363
FR;2;2023-03-15;0;1;0;2;1;0;2;0;0;6127248;6816145;10674350;331339;6162204;11787354;436701;0;6363
FR;2;2023-03-16;0;0;0;0;0;0;1;0;0;6127248;6816145;10674350;331339;6162204;11787354;436702;0;6363
FR;2;2023-03-17;0;0;1;0;0;1;0;0;0;6127248;6816145;10674351;331339;6162204;11787355;436702;0;6363
FR;2;2023-03-18;0;0;0;0;0;0;0;0;1;6127248;6816145;10674351;331339;6162204;11787355;436702;0;6364
FR;2;2023-03-19;0;0;0;0;0;0;0;0;0;6127248;6816145;10674351;331339;6162204;11787355;436702;0;6364
FR;2;2023-03-20;0;0;1;0;0;1;0;0;0;6127248;6816145;10674352;331339;6162204;11787356;436702;0;6364
FR;2;2023-03-21;0;0;0;2;0;0;2;0;1;6127248;6816145;10674352;331341;6162204;11787356;436704;0;6365
FR;2;2023-03-22;0;0;0;0;0;0;0;0;1;6127248;6816145;10674352;331341;6162204;11787356;436704;0;6366
FR;3;2020-12-27;0;0;0;0;0;0;0;0;0;0;0;0;0;0;0;0;0;0
FR;3;2020-12-28;0;0;0;0;0;0;0;0;0;0;0;0;0;0;0;0;0;0
FR;3;2020-12-29;0;0;0;0;0;0;0;0;0;0;0;0;0;0;0;0;0;0
FR;3;2020-12-30;0;0;0;0;0;0;0;0;0;0;0;0;0;0;0;0;0;0
FR;3;2020-12-31;0;0;0;0;0;0;0;0;0;0;0;0;0;0;0;0;0;0
FR;3;2021-01-01;0;0;0;0;0;0;0;0;0;0;0;0;0;0;0;0;0;0
FR;3;2021-01-02;0;0;0;0;0;0;0;0;0;0;0;0;0;0;0;0;0;0
FR;3;2021-01-03;0;0;0;0;0;0;0;0;0;0;0;0;0;0;0;0;0;0
FR;3;2021-01-04;0;0;0;0;0;0;0;0;0;0;0;0;0;0;0;0;0;0
FR;3;2021-01-05;0;0;0;0;0;0;0;0;0;0;0;0;0;0;0;0;0;0
FR;3;2021-01-06;0;0;0;0;0;0;0;0;0;0;0;0;0;0;0;0;0;0
FR;3;2021-01-07;0;0;0;0;0;0;0;0;0;0;0;0;0;0;0;0;0;0
FR;3;2021-01-08;0;0;0;0;0;0;0;0;0;0;0;0;0;0;0;0;0;0
FR;3;2021-01-09;0;0;0;0;0;0;0;0;0;0;0;0;0;0;0;0;0;0
FR;3;2021-01-10;0;0;0;0;0;0;0;0;0;0;0;0;0;0;0;0;0;0
FR;3;2021-01-11;0;0;0;0;0;0;0;0;0;0;0;0;0;0;0;0;0;0
FR;3;2021-01-12;0;0;0;0;0;0;0;0;0;0;0;0;0;0;0;0;0;0
FR;3;2021-01-13;0;0;0;0;0;0;0;0;0;0;0;0;0;0;0;0;0;0
FR;3;2021-01-14;0;0;0;0;0;0;0;0;0;0;0;0;0;0;0;0;0;0
FR;3;2021-01-15;0;0;0;0;0;0;0;0;0;0;0;0;0;0;0;0;0;0
FR;3;2021-01-16;0;0;0;0;0;0;0;0;0;0;0;0;0;0;0;0;0;0
FR;3;2021-01-17;0;0;0;0;0;0;0;0;0;0;0;0;0;0;0;0;0;0
FR;3;2021-01-18;0;0;0;0;0;0;0;0;0;0;0;0;0;0;0;0;0;0
FR;3;2021-01-19;0;0;0;0;0;0;0;0;0;0;0;0;0;0;0;0;0;0
FR;3;2021-01-20;0;0;0;0;0;0;0;0;0;0;0;0;0;0;0;0;0;0
FR;3;2021-01-21;0;0;0;0;0;0;0;0;0;0;0;0;0;0;0;0;0;0
FR;3;2021-01-22;0;0;0;0;0;0;0;0;0;0;0;0;0;0;0;0;0;0
FR;3;2021-01-23;0;0;0;0;0;0;0;0;0;0;0;0;0;0;0;0;0;0
FR;3;2021-01-24;0;0;0;0;0;0;0;0;0;0;0;0;0;0;0;0;0;0
FR;3;2021-01-25;0;0;0;0;0;0;0;0;0;0;0;0;0;0;0;0;0;0
FR;3;2021-01-26;0;0;0;0;0;0;0;0;0;0;0;0;0;0;0;0;0;0
FR;3;2021-01-27;0;0;0;0;0;0;0;0;0;0;0;0;0;0;0;0;0;0
FR;3;2021-01-28;0;0;0;0;0;0;0;0;0;0;0;0;0;0;0;0;0;0
FR;3;2021-01-29;0;0;0;0;0;0;0;0;0;0;0;0;0;0;0;0;0;0
FR;3;2021-01-30;0;0;0;0;0;0;0;0;0;0;0;0;0;0;0;0;0;0
FR;3;2021-01-31;0;0;0;0;0;0;0;0;0;0;0;0;0;0;0;0;0;0
FR;3;2021-02-01;0;0;0;0;0;0;0;0;0;0;0;0;0;0;0;0;0;0
FR;3;2021-02-02;0;0;0;0;0;0;0;0;0;0;0;0;0;0;0;0;0;0
FR;3;2021-02-03;0;0;0;0;0;0;0;0;0;0;0;0;0;0;0;0;0;0
FR;3;2021-02-04;0;0;0;0;0;0;0;0;0;0;0;0;0;0;0;0;0;0
FR;3;2021-02-05;0;0;0;0;0;0;0;0;0;0;0;0;0;0;0;0;0;0
FR;3;2021-02-06;1477;0;0;0;106;0;0;0;0;1477;0;0;0;106;0;0;0;0
FR;3;2021-02-07;1423;2;0;0;87;0;0;0;0;2900;2;0;0;193;0;0;0;0
FR;3;2021-02-08;2789;1;0;0;177;0;0;0;0;5689;3;0;0;370;0;0;0;0
FR;3;2021-02-09;6786;0;0;0;502;0;0;0;0;12475;3;0;0;872;0;0;0;0
FR;3;2021-02-10;9612;0;0;0;695;0;0;0;0;22087;3;0;0;1567;0;0;0;0
FR;3;2021-02-11;13620;4;0;0;919;0;0;0;0;35707;7;0;0;2486;0;0;0;0
FR;3;2021-02-12;13410;0;0;0;907;0;0;0;0;49117;7;0;0;3393;0;0;0;0
FR;3;2021-02-13;3800;1;0;0;218;0;0;0;0;52917;8;0;0;3611;0;0;0;0
FR;3;2021-02-14;975;1;0;0;53;0;0;0;0;53892;9;0;0;3664;0;0;0;0
FR;3;2021-02-15;10497;2;0;0;719;0;0;0;0;64389;11;0;0;4383;0;0;0;0
FR;3;2021-02-16;12556;5;0;0;871;0;0;0;0;76945;16;0;0;5254;0;0;0;0
FR;3;2021-02-17;11159;1;0;0;716;0;0;0;0;88104;17;0;0;5970;0;0;0;0
FR;3;2021-02-18;14943;2;0;0;985;0;0;0;0;103047;19;0;0;6955;0;0;0;0
FR;3;2021-02-19;14364;1;0;0;846;0;0;0;0;117411;20;0;0;7801;0;0;0;0
FR;3;2021-02-20;3332;0;0;0;178;0;0;0;0;120743;20;0;0;7979;0;0;0;0
FR;3;2021-02-21;620;0;0;0;35;0;0;0;0;121363;20;0;0;8014;0;0;0;0
FR;3;2021-02-22;9171;1;0;0;654;0;0;0;0;130534;21;0;0;8668;0;0;0;0
FR;3;2021-02-23;11406;6;0;0;761;0;0;0;0;141940;27;0;0;9429;0;0;0;0
FR;3;2021-02-24;14305;1;0;0;829;0;0;0;0;156245;28;0;0;10258;0;0;0;0
FR;3;2021-02-25;44935;3;0;0;1814;0;0;0;0;201180;31;0;0;12072;0;0;0;0
FR;3;2021-02-26;61889;13;0;0;2201;0;0;0;0;263069;44;0;0;14273;0;0;0;0
FR;3;2021-02-27;34811;14;0;0;1028;0;0;0;0;297880;58;0;0;15301;0;0;0;0
FR;3;2021-02-28;2464;0;0;0;114;0;0;0;0;300344;58;0;0;15415;0;0;0;0
FR;3;2021-03-01;20520;21;0;0;1067;0;0;0;0;320864;79;0;0;16482;0;0;0;0
FR;3;2021-03-02;38878;25;0;0;1790;0;0;0;0;359742;104;0;0;18272;0;0;0;0
FR;3;2021-03-03;48750;18;0;0;2130;0;0;0;0;408492;122;0;0;20402;0;0;0;0
FR;3;2021-03-04;82228;25;0;0;3193;0;0;0;0;490720;147;0;0;23595;0;0;0;0
FR;3;2021-03-05;118139;42;0;0;4692;0;0;0;0;608859;189;0;0;28287;0;0;0;0
FR;3;2021-03-06;120727;65;1;0;3559;0;0;0;0;729586;254;1;0;31846;0;0;0;0
FR;3;2021-03-07;55186;23;0;0;1729;0;0;0;0;784772;277;1;0;33575;0;0;0;0
FR;3;2021-03-08;42814;29;0;0;2074;0;0;0;0;827586;306;1;0;35649;0;0;0;0
FR;3;2021-03-09;78978;51;0;0;3288;0;0;0;0;906564;357;1;0;38937;0;0;0;0
FR;3;2021-03-10;80985;67;0;0;3243;0;0;0;0;987549;424;1;0;42180;0;0;0;0
FR;3;2021-03-11;128447;66;0;0;4766;0;0;0;0;1115996;490;1;0;46946;0;0;0;0
FR;3;2021-03-12;182719;121;0;0;6278;0;0;0;0;1298715;611;1;0;53224;0;0;0;0
FR;3;2021-03-13;132162;91;0;0;3530;0;0;0;0;1430877;702;1;0;56754;0;0;0;0
FR;3;2021-03-14;14061;6;0;0;550;0;0;0;0;1444938;708;1;0;57304;0;0;0;0
FR;3;2021-03-15;52242;82;0;0;2097;0;0;0;0;1497180;790;1;0;59401;0;0;0;0
FR;3;2021-03-16;1221;51;0;0;105;0;0;0;0;1498401;841;1;0;59506;0;0;0;0
FR;3;2021-03-17;950;56;0;0;95;0;0;0;0;1499351;897;1;0;59601;0;0;0;0
FR;3;2021-03-18;1576;42;0;0;102;0;0;0;0;1500927;939;1;0;59703;0;0;0;0
FR;3;2021-03-19;70458;56;0;0;2060;0;0;0;0;1571385;995;1;0;61763;0;0;0;0
FR;3;2021-03-20;65241;51;0;0;1702;0;0;0;0;1636626;1046;1;0;63465;0;0;0;0
FR;3;2021-03-21;5761;8;0;0;199;0;0;0;0;1642387;1054;1;0;63664;0;0;0;0
FR;3;2021-03-22;37511;49;0;0;1052;0;0;0;0;1679898;1103;1;0;64716;0;0;0;0
FR;3;2021-03-23;84670;87;0;0;2288;0;0;0;0;1764568;1190;1;0;67004;0;0;0;0
FR;3;2021-03-24;90955;99;0;0;2491;0;0;0;0;1855523;1289;1;0;69495;0;0;0;0
FR;3;2021-03-25;150068;149;0;0;3792;0;0;0;0;2005591;1438;1;0;73287;0;0;0;0
FR;3;2021-03-26;165430;157;0;0;4148;0;0;0;0;2171021;1595;1;0;77435;0;0;0;0
FR;3;2021-03-27;68465;101;0;0;2004;0;0;0;0;2239486;1696;1;0;79439;0;0;0;0
FR;3;2021-03-28;6480;20;0;0;238;0;0;0;0;2245966;1716;1;0;79677;0;0;0;0
FR;3;2021-03-29;54170;82;0;0;1479;0;0;0;0;2300136;1798;1;0;81156;0;0;0;0
FR;3;2021-03-30;93185;103;0;0;2564;0;0;0;0;2393321;1901;1;0;83720;0;0;0;0
FR;3;2021-03-31;63546;110;0;0;1964;0;0;0;0;2456867;2011;1;0;85684;0;0;0;0
FR;3;2021-04-01;86136;115;0;0;2495;0;0;0;0;2543003;2126;1;0;88179;0;0;0;0
FR;3;2021-04-02;86915;187;0;0;2766;0;0;0;0;2629918;2313;1;0;90945;0;0;0;0
FR;3;2021-04-03;35876;133;0;0;1164;0;0;0;0;2665794;2446;1;0;92109;0;0;0;0
FR;3;2021-04-04;3577;19;0;0;164;0;0;0;0;2669371;2465;1;0;92273;0;0;0;0
FR;3;2021-04-05;4492;40;0;0;236;0;0;0;0;2673863;2505;1;0;92509;0;0;0;0
FR;3;2021-04-06;29762;104;0;0;1090;0;0;0;0;2703625;2609;1;0;93599;0;0;0;0
FR;3;2021-04-07;32350;113;0;0;1052;0;0;0;0;2735975;2722;1;0;94651;0;0;0;0
FR;3;2021-04-08;78827;273;0;0;2618;0;0;0;0;2814802;2995;1;0;97269;0;0;0;0
FR;3;2021-04-09;161764;454;0;0;5180;0;0;0;0;2976566;3449;1;0;102449;0;0;0;0
FR;3;2021-04-10;75765;364;0;0;2696;0;0;0;0;3052331;3813;1;0;105145;0;0;0;0
FR;3;2021-04-11;7316;47;0;0;306;0;0;0;0;3059647;3860;1;0;105451;0;0;0;0
FR;3;2021-04-12;51484;219;0;0;1738;0;0;0;0;3111131;4079;1;0;107189;0;0;0;0
FR;3;2021-04-13;86236;364;0;0;2911;0;0;0;0;3197367;4443;1;0;110100;0;0;0;0
FR;3;2021-04-14;67847;377;0;0;2429;0;0;0;0;3265214;4820;1;0;112529;0;0;0;0
FR;3;2021-04-15;93246;403;0;0;3441;0;0;0;0;3358460;5223;1;0;115970;0;0;0;0
FR;3;2021-04-16;112532;627;0;0;4342;0;0;0;0;3470992;5850;1;0;120312;0;0;0;0
FR;3;2021-04-17;53319;371;1;0;2277;0;0;0;0;3524311;6221;2;0;122589;0;0;0;0
FR;3;2021-04-18;9752;49;0;0;423;0;0;0;0;3534063;6270;2;0;123012;0;0;0;0
FR;3;2021-04-19;25117;287;0;0;1093;0;0;0;0;3559180;6557;2;0;124105;0;0;0;0
FR;3;2021-04-20;45676;438;0;0;1908;0;0;0;0;3604856;6995;2;0;126013;0;0;0;0
FR;3;2021-04-21;38988;552;0;0;1896;0;0;0;0;3643844;7547;2;0;127909;0;0;0;0
FR;3;2021-04-22;54723;875;0;0;2827;0;0;0;0;3698567;8422;2;0;130736;0;0;0;0
FR;3;2021-04-23;70493;1094;0;0;3696;0;0;0;0;3769060;9516;2;0;134432;0;0;0;0
FR;3;2021-04-24;37253;1101;0;0;2490;0;0;0;0;3806313;10617;2;0;136922;0;0;0;0
FR;3;2021-04-25;6213;158;0;0;446;0;0;0;0;3812526;10775;2;0;137368;0;0;0;0
FR;3;2021-04-26;19792;699;0;0;1434;0;0;0;0;3832318;11474;2;0;138802;0;0;0;0
FR;3;2021-04-27;34486;1336;0;0;2594;0;0;0;0;3866804;12810;2;0;141396;0;0;0;0
FR;3;2021-04-28;28971;2046;0;0;3163;0;0;0;0;3895775;14856;2;0;144559;0;0;0;0
FR;3;2021-04-29;45393;6123;0;0;7942;0;0;0;0;3941168;20979;2;0;152501;0;0;0;0
FR;3;2021-04-30;55465;9117;1;0;11512;0;0;0;0;3996633;30096;3;0;164013;0;0;0;0
FR;3;2021-05-01;9518;2064;0;0;2495;0;0;0;0;4006151;32160;3;0;166508;0;0;0;0
FR;3;2021-05-02;3081;465;0;0;610;0;0;0;0;4009232;32625;3;0;167118;0;0;0;0
FR;3;2021-05-03;13067;3940;0;0;4507;0;0;0;0;4022299;36565;3;0;171625;0;0;0;0
FR;3;2021-05-04;23123;8373;0;0;9440;0;0;0;0;4045422;44938;3;0;181065;0;0;0;0
FR;3;2021-05-05;18767;10833;0;0;11771;0;0;0;0;4064189;55771;3;0;192836;0;0;0;0
FR;3;2021-05-06;34632;21263;0;0;22813;0;0;0;0;4098821;77034;3;0;215649;0;0;0;0
FR;3;2021-05-07;44211;28901;0;0;31204;0;0;0;0;4143032;105935;3;0;246853;0;0;0;0
FR;3;2021-05-08;6786;9192;0;0;9558;0;0;0;0;4149818;115127;3;0;256411;0;0;0;0
FR;3;2021-05-09;1797;2666;0;0;2767;0;0;0;0;4151615;117793;3;0;259178;0;0;0;0
FR;3;2021-05-10;15001;12917;0;0;13610;0;0;0;0;4166616;130710;3;0;272788;0;0;0;0
FR;3;2021-05-11;27099;26275;0;0;27547;0;0;0;0;4193715;156985;3;0;300335;0;0;0;0
FR;3;2021-05-12;17273;28143;0;0;29081;0;0;0;0;4210988;185128;3;0;329416;0;0;0;0
FR;3;2021-05-13;2285;3510;0;0;3630;0;0;0;0;4213273;188638;3;0;333046;0;0;0;0
FR;3;2021-05-14;14521;26084;0;0;26865;0;0;0;0;4227794;214722;3;0;359911;0;0;0;0
FR;3;2021-05-15;7233;21086;0;0;21516;0;0;0;0;4235027;235808;3;0;381427;0;0;0;0
FR;3;2021-05-16;977;2646;0;0;2692;0;0;0;0;4236004;238454;3;0;384119;0;0;0;0
FR;3;2021-05-17;7967;20220;0;0;20664;0;0;0;0;4243971;258674;3;0;404783;0;0;0;0
FR;3;2021-05-18;13418;30158;0;0;30920;0;0;0;0;4257389;288832;3;0;435703;0;0;0;0
FR;3;2021-05-19;9277;30524;0;0;31118;0;0;0;0;4266666;319356;3;0;466821;0;0;0;0
FR;3;2021-05-20;12808;53829;3;0;54756;0;0;0;0;4279474;373185;6;0;521577;0;0;0;0
FR;3;2021-05-21;12771;66184;2;0;67115;0;0;0;0;4292245;439369;8;0;588692;0;0;0;0
FR;3;2021-05-22;4967;33780;1;0;34163;0;0;0;0;4297212;473149;9;0;622855;0;0;0;0
FR;3;2021-05-23;651;2664;0;0;2696;0;0;0;0;4297863;475813;9;0;625551;0;0;0;0
FR;3;2021-05-24;885;4784;0;0;4828;0;0;0;0;4298748;480597;9;0;630379;0;0;0;0
FR;3;2021-05-25;5314;46733;1;0;47137;0;0;0;0;4304062;527330;10;0;677516;0;0;0;0
FR;3;2021-05-26;4982;52190;1;0;52664;0;0;0;0;4309044;579520;11;0;730180;0;0;0;0
FR;3;2021-05-27;6338;79062;3;0;79673;0;0;0;0;4315382;658582;14;0;809853;0;0;0;0
FR;3;2021-05-28;7546;100336;2;0;101141;0;0;0;0;4322928;758918;16;0;910994;0;0;0;0
FR;3;2021-05-29;3350;61182;1;0;61564;0;0;0;0;4326278;820100;17;0;972558;0;0;0;0
FR;3;2021-05-30;551;8077;0;0;8126;0;0;0;0;4326829;828177;17;0;980684;0;0;0;0
FR;3;2021-05-31;2442;35484;3;0;35750;0;0;0;0;4329271;863661;20;0;1016434;0;0;0;0
FR;3;2021-06-01;3414;64904;10;0;65355;0;0;0;0;4332685;928565;30;0;1081789;0;0;0;0
FR;3;2021-06-02;2735;58932;6;0;59267;0;0;0;0;4335420;987497;36;0;1141056;0;0;0;0
FR;3;2021-06-03;3496;87201;10;0;87740;0;0;0;0;4338916;1074698;46;0;1228796;0;0;0;0
FR;3;2021-06-04;4125;105866;22;0;106531;0;0;0;0;4343041;1180564;68;0;1335327;0;0;0;0
FR;3;2021-06-05;1983;52607;4;0;52925;0;0;0;0;4345024;1233171;72;0;1388252;0;0;0;0
FR;3;2021-06-06;511;5268;1;0;5316;0;0;0;0;4345535;1238439;73;0;1393568;0;0;0;0
FR;3;2021-06-07;1487;30714;11;0;30895;0;0;0;0;4347022;1269153;84;0;1424463;0;0;0;0
FR;3;2021-06-08;2065;47426;18;0;47772;0;0;0;0;4349087;1316579;102;0;1472235;0;0;0;0
FR;3;2021-06-09;1796;41809;13;0;42114;0;0;0;0;4350883;1358388;115;0;1514349;0;0;0;0
FR;3;2021-06-10;2261;67659;17;0;68057;0;0;0;0;4353144;1426047;132;0;1582406;0;0;0;0
FR;3;2021-06-11;2492;96634;34;0;97110;0;0;0;0;4355636;1522681;166;0;1679516;0;0;0;0
FR;3;2021-06-12;1179;40558;6;0;40790;0;0;0;0;4356815;1563239;172;0;1720306;0;0;0;0
FR;3;2021-06-13;283;3606;3;0;3641;0;0;0;0;4357098;1566845;175;0;1723947;0;0;0;0
FR;3;2021-06-14;1051;42319;17;0;42488;0;0;0;0;4358149;1609164;192;0;1766435;0;0;0;0
FR;3;2021-06-15;1379;80350;20;0;80655;0;0;0;0;4359528;1689514;212;0;1847090;0;0;0;0
FR;3;2021-06-16;1263;65504;20;0;65777;0;0;0;0;4360791;1755018;232;0;1912867;0;0;0;0
FR;3;2021-06-17;1667;102293;41;0;102679;0;0;0;0;4362458;1857311;273;0;2015546;0;0;0;0
FR;3;2021-06-18;1873;118466;63;0;118936;0;0;0;0;4364331;1975777;336;0;2134482;0;0;0;0
FR;3;2021-06-19;804;39453;22;0;39648;0;0;0;0;4365135;2015230;358;0;2174130;0;0;0;0
FR;3;2021-06-20;162;3195;0;0;3224;0;0;0;0;4365297;2018425;358;0;2177354;0;0;0;0
FR;3;2021-06-21;775;39091;16;0;39249;0;0;0;0;4366072;2057516;374;0;2216603;0;0;0;0
FR;3;2021-06-22;1065;70094;52;0;70364;0;0;0;0;4367137;2127610;426;0;2286967;0;0;0;0
FR;3;2021-06-23;946;50833;39;0;51105;0;0;0;0;4368083;2178443;465;0;2338072;0;0;0;0
FR;3;2021-06-24;1314;77299;48;0;77672;0;0;0;0;4369397;2255742;513;0;2415744;0;0;0;0
FR;3;2021-06-25;1410;90853;73;0;91286;0;0;0;0;4370807;2346595;586;0;2507030;0;0;0;0
FR;3;2021-06-26;631;33113;29;0;33305;0;0;0;0;4371438;2379708;615;0;2540335;0;0;0;0
FR;3;2021-06-27;168;3779;1;0;3803;0;0;0;0;4371606;2383487;616;0;2544138;0;0;0;0
FR;3;2021-06-28;655;29932;27;0;30126;0;0;0;0;4372261;2413419;643;0;2574264;0;0;0;0
FR;3;2021-06-29;856;56653;95;0;56898;0;0;0;0;4373117;2470072;738;0;2631162;0;0;0;0
FR;3;2021-06-30;905;45215;93;0;45483;0;0;0;0;4374022;2515287;831;0;2676645;0;0;0;0
FR;3;2021-07-01;1164;66125;108;0;66474;0;0;0;0;4375186;2581412;939;0;2743119;0;0;0;0
FR;3;2021-07-02;1305;90529;170;0;91012;0;0;0;0;4376491;2671941;1109;0;2834131;0;0;0;0
FR;3;2021-07-03;602;31187;51;0;31388;0;0;0;0;4377093;2703128;1160;0;2865519;0;0;0;0
FR;3;2021-07-04;144;3967;3;0;3997;0;0;0;0;4377237;2707095;1163;0;2869516;0;0;0;0
FR;3;2021-07-05;613;33604;60;0;33805;0;0;0;0;4377850;2740699;1223;0;2903321;0;0;0;0
FR;3;2021-07-06;965;55935;88;0;56246;0;0;0;0;4378815;2796634;1311;0;2959567;0;0;0;0
FR;3;2021-07-07;874;42962;80;0;43260;0;0;0;0;4379689;2839596;1391;0;3002827;0;0;0;0
FR;3;2021-07-08;1127;60813;99;0;61223;0;0;0;0;4380816;2900409;1490;0;3064050;0;0;0;0
FR;3;2021-07-09;1261;68936;128;0;69401;0;0;0;0;4382077;2969345;1618;0;3133451;0;0;0;0
FR;3;2021-07-10;644;25021;59;0;25218;0;0;0;0;4382721;2994366;1677;0;3158669;0;0;0;0
FR;3;2021-07-11;132;3173;4;0;3198;0;0;0;0;4382853;2997539;1681;0;3161867;0;0;0;0
FR;3;2021-07-12;662;23600;59;0;23813;0;0;0;0;4383515;3021139;1740;0;3185680;0;0;0;0
FR;3;2021-07-13;1648;34426;90;0;34916;0;0;0;0;4385163;3055565;1830;0;3220596;0;0;0;0
FR;3;2021-07-14;272;2475;2;0;2532;0;0;0;0;4385435;3058040;1832;0;3223128;0;0;0;0
FR;3;2021-07-15;1941;30419;85;0;30994;0;0;0;0;4387376;3088459;1917;0;3254122;0;0;0;0
FR;3;2021-07-16;2520;38620;122;0;39354;0;0;0;0;4389896;3127079;2039;0;3293476;0;0;0;0
FR;3;2021-07-17;1051;13725;26;0;14033;0;0;0;0;4390947;3140804;2065;0;3307509;0;0;0;0
FR;3;2021-07-18;266;2549;3;0;2597;0;0;0;0;4391213;3143353;2068;0;3310106;0;0;0;0
FR;3;2021-07-19;1280;16885;38;0;17253;0;0;0;0;4392493;3160238;2106;0;3327359;0;0;0;0
FR;3;2021-07-20;1823;26929;98;0;27471;0;0;0;0;4394316;3187167;2204;0;3354830;0;0;0;0
FR;3;2021-07-21;1652;19474;44;0;19979;0;0;0;0;4395968;3206641;2248;0;3374809;0;0;0;0
FR;3;2021-07-22;1856;27646;83;0;28211;0;0;0;0;4397824;3234287;2331;0;3403020;0;0;0;0
FR;3;2021-07-23;2217;30211;117;0;30948;0;0;0;0;4400041;3264498;2448;0;3433968;0;0;0;0
FR;3;2021-07-24;828;6929;25;0;7152;0;0;0;0;4400869;3271427;2473;0;3441120;0;0;0;0
FR;3;2021-07-25;210;1287;1;0;1342;0;0;0;0;4401079;3272714;2474;0;3442462;0;0;0;0
FR;3;2021-07-26;933;10509;28;0;10817;0;0;0;0;4402012;3283223;2502;0;3453279;0;0;0;0
FR;3;2021-07-27;1171;16802;56;0;17165;0;0;0;0;4403183;3300025;2558;0;3470444;0;0;0;0
FR;3;2021-07-28;989;12000;40;0;12312;0;0;0;0;4404172;3312025;2598;0;3482756;0;0;0;0
FR;3;2021-07-29;1127;15681;63;0;16094;0;0;0;0;4405299;3327706;2661;0;3498850;0;0;0;0
FR;3;2021-07-30;1129;17990;79;0;18365;0;0;0;0;4406428;3345696;2740;0;3517215;0;0;0;0
FR;3;2021-07-31;407;3711;15;0;3837;0;0;0;0;4406835;3349407;2755;0;3521052;0;0;0;0
FR;3;2021-08-01;117;445;1;0;467;0;0;0;0;4406952;3349852;2756;0;3521519;0;0;0;0
FR;3;2021-08-02;424;5015;22;0;5136;0;0;0;0;4407376;3354867;2778;0;3526655;0;0;0;0
FR;3;2021-08-03;498;7467;27;0;7600;0;0;0;0;4407874;3362334;2805;0;3534255;0;0;0;0
FR;3;2021-08-04;440;4831;26;0;4976;0;0;0;0;4408314;3367165;2831;0;3539231;0;0;0;0
FR;3;2021-08-05;433;3654;13;0;3764;0;0;0;0;4408747;3370819;2844;0;3542995;0;0;0;0
FR;3;2021-08-06;456;4699;30;0;4800;0;0;0;0;4409203;3375518;2874;0;3547795;0;0;0;0
FR;3;2021-08-07;214;1900;11;0;1946;0;0;0;0;4409417;3377418;2885;0;3549741;0;0;0;0
FR;3;2021-08-08;251;423;2;0;456;0;0;0;0;4409668;3377841;2887;0;3550197;0;0;0;0
FR;3;2021-08-09;320;2376;11;0;2446;0;0;0;0;4409988;3380217;2898;0;3552643;0;0;0;0
FR;3;2021-08-10;369;3735;15;0;3823;0;0;0;0;4410357;3383952;2913;0;3556466;0;0;0;0
FR;3;2021-08-11;291;2639;15;0;2699;0;0;0;0;4410648;3386591;2928;0;3559165;0;0;0;0
FR;3;2021-08-12;279;2563;13;0;2651;0;0;0;0;4410927;3389154;2941;0;3561816;0;0;0;0
FR;3;2021-08-13;279;2255;16;0;2341;0;0;0;0;4411206;3391409;2957;0;3564157;0;0;0;0
FR;3;2021-08-14;172;874;1;0;905;0;0;0;0;4411378;3392283;2958;0;3565062;0;0;0;0
FR;3;2021-08-15;56;174;0;0;183;0;0;0;0;4411434;3392457;2958;0;3565245;0;0;0;0
FR;3;2021-08-16;126;1002;8;0;1041;0;0;0;0;4411560;3393459;2966;0;3566286;0;0;0;0
FR;3;2021-08-17;191;1430;8;0;1471;0;0;0;0;4411751;3394889;2974;0;3567757;0;0;0;0
FR;3;2021-08-18;204;1309;10;0;1351;0;0;0;0;4411955;3396198;2984;0;3569108;0;0;0;0
FR;3;2021-08-19;165;1373;10;0;1420;0;0;0;0;4412120;3397571;2994;0;3570528;0;0;0;0
FR;3;2021-08-20;167;1596;16;0;1658;0;0;0;0;4412287;3399167;3010;0;3572186;0;0;0;0
FR;3;2021-08-21;94;576;2;0;591;0;0;0;0;4412381;3399743;3012;0;3572777;0;0;0;0
FR;3;2021-08-22;42;192;1;0;195;0;0;0;0;4412423;3399935;3013;0;3572972;0;0;0;0
FR;3;2021-08-23;141;885;7;0;930;0;0;0;0;4412564;3400820;3020;0;3573902;0;0;0;0
FR;3;2021-08-24;125;924;10;0;956;0;0;0;0;4412689;3401744;3030;0;3574858;0;0;0;0
FR;3;2021-08-25;137;820;3;0;849;0;0;0;0;4412826;3402564;3033;0;3575707;0;0;0;0
FR;3;2021-08-26;172;824;9;0;872;0;0;0;0;4412998;3403388;3042;0;3576579;0;0;0;0
FR;3;2021-08-27;178;937;9;0;989;0;0;0;0;4413176;3404325;3051;0;3577568;0;0;0;0
FR;3;2021-08-28;101;373;4;0;390;0;0;0;0;4413277;3404698;3055;0;3577958;0;0;0;0
FR;3;2021-08-29;128;129;1;0;162;0;0;0;0;4413405;3404827;3056;0;3578120;0;0;0;0
FR;3;2021-08-30;100;560;0;0;469;108;0;0;0;4413505;3405387;3056;0;3578589;108;0;0;0
FR;3;2021-08-31;134;684;7;0;589;134;0;0;0;4413639;3406071;3063;0;3579178;242;0;0;0
FR;3;2021-09-01;122;456;5;0;378;106;0;0;0;4413761;3406527;3068;0;3579556;348;0;0;0
FR;3;2021-09-02;100;595;22;0;531;105;0;0;0;4413861;3407122;3090;0;3580087;453;0;0;0
FR;3;2021-09-03;116;552;17;0;477;116;0;0;0;4413977;3407674;3107;0;3580564;569;0;0;0
FR;3;2021-09-04;55;295;3;0;256;50;0;0;0;4414032;3407969;3110;0;3580820;619;0;0;0
FR;3;2021-09-05;52;65;5;0;55;25;0;0;0;4414084;3408034;3115;0;3580875;644;0;0;0
FR;3;2021-09-06;118;367;4;0;261;130;0;0;0;4414202;3408401;3119;0;3581136;774;0;0;0
FR;3;2021-09-07;125;431;14;0;347;116;0;0;0;4414327;3408832;3133;0;3581483;890;0;0;0
FR;3;2021-09-08;122;343;2;0;273;87;0;0;0;4414449;3409175;3135;0;3581756;977;0;0;0
FR;3;2021-09-09;94;377;8;0;297;103;0;0;0;4414543;3409552;3143;0;3582053;1080;0;0;0
FR;3;2021-09-10;101;402;3;0;332;93;0;0;0;4414644;3409954;3146;0;3582385;1173;0;0;0
FR;3;2021-09-11;78;232;4;0;177;65;0;0;0;4414722;3410186;3150;0;3582562;1238;0;0;0
FR;3;2021-09-12;37;48;1;0;37;16;0;0;0;4414759;3410234;3151;0;3582599;1254;0;0;0
FR;3;2021-09-13;78;298;7;0;215;102;1;0;0;4414837;3410532;3158;0;3582814;1356;1;0;0
FR;3;2021-09-14;75;272;6;0;192;94;0;0;0;4414912;3410804;3164;0;3583006;1450;1;0;0
FR;3;2021-09-15;64;252;3;0;257;6;0;0;0;4414976;3411056;3167;0;3583263;1456;1;0;0
FR;3;2021-09-16;65;320;6;0;331;6;0;0;0;4415041;3411376;3173;0;3583594;1462;1;0;0
FR;3;2021-09-17;52;327;3;0;339;6;0;0;0;4415093;3411703;3176;0;3583933;1468;1;0;0
FR;3;2021-09-18;37;172;1;0;176;1;0;0;0;4415130;3411875;3177;0;3584109;1469;1;0;0
FR;3;2021-09-19;29;31;2;0;34;1;0;0;0;4415159;3411906;3179;0;3584143;1470;1;0;0
FR;3;2021-09-20;82;188;0;0;196;1;0;0;0;4415241;3412094;3179;0;3584339;1471;1;0;0
FR;3;2021-09-21;60;273;7;0;277;8;0;0;0;4415301;3412367;3186;0;3584616;1479;1;0;0
FR;3;2021-09-22;67;229;6;0;242;7;0;0;0;4415368;3412596;3192;0;3584858;1486;1;0;0
FR;3;2021-09-23;37;257;11;0;261;7;0;0;0;4415405;3412853;3203;0;3585119;1493;1;0;0
FR;3;2021-09-24;29;315;12;0;313;18;0;0;0;4415434;3413168;3215;0;3585432;1511;1;0;0
FR;3;2021-09-25;31;144;3;0;150;3;0;0;0;4415465;3413312;3218;0;3585582;1514;1;0;0
FR;3;2021-09-26;16;57;1;0;59;1;0;0;0;4415481;3413369;3219;0;3585641;1515;1;0;0
FR;3;2021-09-27;49;282;3;0;285;5;0;0;0;4415530;3413651;3222;0;3585926;1520;1;0;0
FR;3;2021-09-28;49;245;6;0;253;8;0;0;0;4415579;3413896;3228;0;3586179;1528;1;0;0
FR;3;2021-09-29;40;218;10;0;222;15;0;0;0;4415619;3414114;3238;0;3586401;1543;1;0;0
FR;3;2021-09-30;40;200;8;0;204;11;0;0;0;4415659;3414314;3246;0;3586605;1554;1;0;0
FR;3;2021-10-01;23;159;6;0;161;8;0;0;0;4415682;3414473;3252;0;3586766;1562;1;0;0
FR;3;2021-10-02;17;88;0;0;89;0;0;0;0;4415699;3414561;3252;0;3586855;1562;1;0;0
FR;3;2021-10-03;19;19;1;0;19;2;0;0;0;4415718;3414580;3253;0;3586874;1564;1;0;0
FR;3;2021-10-04;33;157;4;0;162;4;0;0;0;4415751;3414737;3257;0;3587036;1568;1;0;0
FR;3;2021-10-05;17;148;10;0;153;12;0;0;0;4415768;3414885;3267;0;3587189;1580;1;0;0
FR;3;2021-10-06;34;144;9;0;152;10;0;0;0;4415802;3415029;3276;0;3587341;1590;1;0;0
FR;3;2021-10-07;20;132;6;0;130;6;0;0;0;4415822;3415161;3282;0;3587471;1596;1;0;0
FR;3;2021-10-08;25;136;10;0;141;9;0;0;0;4415847;3415297;3292;0;3587612;1605;1;0;0
FR;3;2021-10-09;17;72;1;0;73;1;0;0;0;4415864;3415369;3293;0;3587685;1606;1;0;0
FR;3;2021-10-10;13;17;2;0;16;3;0;0;0;4415877;3415386;3295;0;3587701;1609;1;0;0
FR;3;2021-10-11;17;116;4;0;121;5;0;0;0;4415894;3415502;3299;0;3587822;1614;1;0;0
FR;3;2021-10-12;22;99;6;0;99;6;0;0;0;4415916;3415601;3305;0;3587921;1620;1;0;0
FR;3;2021-10-13;25;114;9;0;121;7;0;0;0;4415941;3415715;3314;0;3588042;1627;1;0;0
FR;3;2021-10-14;19;138;3;0;139;4;0;0;0;4415960;3415853;3317;0;3588181;1631;1;0;0
FR;3;2021-10-15;23;140;8;0;139;13;0;0;0;4415983;3415993;3325;0;3588320;1644;1;0;0
FR;3;2021-10-16;13;66;6;0;65;8;0;0;0;4415996;3416059;3331;0;3588385;1652;1;0;0
FR;3;2021-10-17;12;24;0;0;26;0;0;0;0;4416008;3416083;3331;0;3588411;1652;1;0;0
FR;3;2021-10-18;18;112;2;0;117;2;0;0;0;4416026;3416195;3333;0;3588528;1654;1;0;0
FR;3;2021-10-19;18;112;19;0;113;21;0;0;0;4416044;3416307;3352;0;3588641;1675;1;0;0
FR;3;2021-10-20;27;125;6;0;127;7;0;0;0;4416071;3416432;3358;0;3588768;1682;1;0;0
FR;3;2021-10-21;28;120;17;0;120;13;0;0;0;4416099;3416552;3375;0;3588888;1695;1;0;0
FR;3;2021-10-22;25;103;18;0;102;21;0;0;0;4416124;3416655;3393;0;3588990;1716;1;0;0
FR;3;2021-10-23;17;53;3;0;53;2;0;0;0;4416141;3416708;3396;0;3589043;1718;1;0;0
FR;3;2021-10-24;7;36;0;0;34;0;0;0;0;4416148;3416744;3396;0;3589077;1718;1;0;0
FR;3;2021-10-25;27;141;7;0;145;7;0;0;0;4416175;3416885;3403;0;3589222;1725;1;0;0
FR;3;2021-10-26;25;96;22;0;93;19;0;0;0;4416200;3416981;3425;0;3589315;1744;1;0;0
FR;3;2021-10-27;19;91;9;0;93;9;0;0;0;4416219;3417072;3434;0;3589408;1753;1;0;0
FR;3;2021-10-28;23;114;33;0;111;36;0;0;0;4416242;3417186;3467;0;3589519;1789;1;0;0
FR;3;2021-10-29;12;98;64;0;92;54;0;0;0;4416254;3417284;3531;0;3589611;1843;1;0;0
FR;3;2021-10-30;11;62;11;1;62;10;0;0;0;4416265;3417346;3542;1;3589673;1853;1;0;0
FR;3;2021-10-31;8;25;1;0;25;1;0;0;0;4416273;3417371;3543;1;3589698;1854;1;0;0
FR;3;2021-11-01;11;22;2;0;23;1;0;0;0;4416284;3417393;3545;1;3589721;1855;1;0;0
FR;3;2021-11-02;11;100;10;0;100;12;0;0;0;4416295;3417493;3555;1;3589821;1867;1;0;0
FR;3;2021-11-03;22;105;10;0;113;10;0;0;0;4416317;3417598;3565;1;3589934;1877;1;0;0
FR;3;2021-11-04;20;88;6;0;93;5;0;0;0;4416337;3417686;3571;1;3590027;1882;1;0;0
FR;3;2021-11-05;19;119;9;1;125;6;1;0;0;4416356;3417805;3580;2;3590152;1888;2;0;0
FR;3;2021-11-06;11;54;3;0;56;3;0;0;0;4416367;3417859;3583;2;3590208;1891;2;0;0
FR;3;2021-11-07;6;23;1;0;24;1;0;0;0;4416373;3417882;3584;2;3590232;1892;2;0;0
FR;3;2021-11-08;12;124;7;0;129;5;0;0;0;4416385;3418006;3591;2;3590361;1897;2;0;0
FR;3;2021-11-09;15;123;6;0;125;6;0;0;0;4416400;3418129;3597;2;3590486;1903;2;0;0
FR;3;2021-11-10;15;130;15;0;128;16;0;0;0;4416415;3418259;3612;2;3590614;1919;2;0;0
FR;3;2021-11-11;12;49;3;0;51;3;0;0;0;4416427;3418308;3615;2;3590665;1922;2;0;0
FR;3;2021-11-12;15;126;6;0;128;5;0;0;0;4416442;3418434;3621;2;3590793;1927;2;0;0
FR;3;2021-11-13;7;66;9;0;61;10;0;0;0;4416449;3418500;3630;2;3590854;1937;2;0;0
FR;3;2021-11-14;3;24;1;0;24;1;0;0;0;4416452;3418524;3631;2;3590878;1938;2;0;0
FR;3;2021-11-15;7;161;11;0;158;12;0;0;0;4416459;3418685;3642;2;3591036;1950;2;0;0
FR;3;2021-11-16;9;125;11;0;120;10;0;0;0;4416468;3418810;3653;2;3591156;1960;2;0;0
FR;3;2021-11-17;8;133;11;0;134;8;0;0;0;4416476;3418943;3664;2;3591290;1968;2;0;0
FR;3;2021-11-18;16;131;10;0;132;11;0;0;0;4416492;3419074;3674;2;3591422;1979;2;0;0
FR;3;2021-11-19;12;178;23;0;173;28;0;0;0;4416504;3419252;3697;2;3591595;2007;2;0;0
FR;3;2021-11-20;6;101;6;0;102;6;0;0;0;4416510;3419353;3703;2;3591697;2013;2;0;0
FR;3;2021-11-21;3;25;4;0;24;4;0;0;0;4416513;3419378;3707;2;3591721;2017;2;0;0
FR;3;2021-11-22;11;185;11;0;185;11;0;0;0;4416524;3419563;3718;2;3591906;2028;2;0;0
FR;3;2021-11-23;9;181;16;0;179;15;0;0;0;4416533;3419744;3734;2;3592085;2043;2;0;0
FR;3;2021-11-24;11;180;9;0;172;17;0;0;0;4416544;3419924;3743;2;3592257;2060;2;0;0
FR;3;2021-11-25;12;197;11;0;196;11;0;0;0;4416556;3420121;3754;2;3592453;2071;2;0;0
FR;3;2021-11-26;10;251;35;0;250;33;1;0;0;4416566;3420372;3789;2;3592703;2104;3;0;0
FR;3;2021-11-27;8;124;20;0;123;21;0;0;0;4416574;3420496;3809;2;3592826;2125;3;0;0
FR;3;2021-11-28;3;56;7;0;57;7;0;0;0;4416577;3420552;3816;2;3592883;2132;3;0;0
FR;3;2021-11-29;5;214;22;0;209;23;1;0;0;4416582;3420766;3838;2;3593092;2155;4;0;0
FR;3;2021-11-30;9;282;31;0;281;33;1;0;0;4416591;3421048;3869;2;3593373;2188;5;0;0
FR;3;2021-12-01;30;316;38;0;314;40;2;0;0;4416621;3421364;3907;2;3593687;2228;7;0;0
FR;3;2021-12-02;9;338;33;0;334;36;0;0;0;4416630;3421702;3940;2;3594021;2264;7;0;0
FR;3;2021-12-03;6;364;37;0;360;38;0;0;0;4416636;3422066;3977;2;3594381;2302;7;0;0
FR;3;2021-12-04;3;201;26;0;197;28;0;0;0;4416639;3422267;4003;2;3594578;2330;7;0;0
FR;3;2021-12-05;1;61;5;0;61;5;0;0;0;4416640;3422328;4008;2;3594639;2335;7;0;0
FR;3;2021-12-06;7;351;14;0;350;15;0;0;0;4416647;3422679;4022;2;3594989;2350;7;0;0
FR;3;2021-12-07;6;412;20;0;406;24;1;0;0;4416653;3423091;4042;2;3595395;2374;8;0;0
FR;3;2021-12-08;8;375;29;0;367;30;1;0;0;4416661;3423466;4071;2;3595762;2404;9;0;0
FR;3;2021-12-09;3;424;17;0;411;22;1;0;0;4416664;3423890;4088;2;3596173;2426;10;0;0
FR;3;2021-12-10;10;443;29;0;440;25;0;0;0;4416674;3424333;4117;2;3596613;2451;10;0;0
FR;3;2021-12-11;4;299;10;0;296;9;2;0;0;4416678;3424632;4127;2;3596909;2460;12;0;0
FR;3;2021-12-12;1;96;3;0;96;3;0;0;0;4416679;3424728;4130;2;3597005;2463;12;0;0
FR;3;2021-12-13;2;432;19;0;426;21;0;0;0;4416681;3425160;4149;2;3597431;2484;12;0;0
FR;3;2021-12-14;8;551;18;0;539;21;1;0;0;4416689;3425711;4167;2;3597970;2505;13;0;0
FR;3;2021-12-15;10;523;17;0;510;21;0;0;0;4416699;3426234;4184;2;3598480;2526;13;0;0
FR;3;2021-12-16;10;529;19;0;523;18;3;0;0;4416709;3426763;4203;2;3599003;2544;16;0;0
FR;3;2021-12-17;5;593;18;0;589;19;0;0;0;4416714;3427356;4221;2;3599592;2563;16;0;0
FR;3;2021-12-18;5;344;4;0;338;5;1;0;0;4416719;3427700;4225;2;3599930;2568;17;0;0
FR;3;2021-12-19;3;176;2;0;174;2;0;0;0;4416722;3427876;4227;2;3600104;2570;17;0;0
FR;3;2021-12-20;10;567;23;0;561;28;0;0;0;4416732;3428443;4250;2;3600665;2598;17;0;0
FR;3;2021-12-21;5;660;10;0;652;13;2;0;0;4416737;3429103;4260;2;3601317;2611;19;0;0
FR;3;2021-12-22;10;614;9;0;608;10;1;0;0;4416747;3429717;4269;2;3601925;2621;20;0;0
FR;3;2021-12-23;4;539;8;0;537;8;0;0;0;4416751;3430256;4277;2;3602462;2629;20;0;0
FR;3;2021-12-24;2;233;3;0;228;6;0;0;0;4416753;3430489;4280;2;3602690;2635;20;0;0
FR;3;2021-12-25;0;24;0;0;24;0;0;0;0;4416753;3430513;4280;2;3602714;2635;20;0;0
FR;3;2021-12-26;0;87;1;0;87;1;0;0;0;4416753;3430600;4281;2;3602801;2636;20;0;0
FR;3;2021-12-27;7;456;17;0;453;20;1;0;0;4416760;3431056;4298;2;3603254;2656;21;0;0
FR;3;2021-12-28;3;573;6;0;572;5;0;0;0;4416763;3431629;4304;2;3603826;2661;21;0;0
FR;3;2021-12-29;5;488;14;0;483;16;0;0;0;4416768;3432117;4318;2;3604309;2677;21;0;0
FR;3;2021-12-30;3;517;7;0;510;10;2;0;0;4416771;3432634;4325;2;3604819;2687;23;0;0
FR;3;2021-12-31;0;182;5;0;178;7;0;0;0;4416771;3432816;4330;2;3604997;2694;23;0;0
FR;3;2022-01-01;0;26;0;0;24;2;0;0;0;4416771;3432842;4330;2;3605021;2696;23;0;0
FR;3;2022-01-02;0;77;0;0;77;0;0;0;0;4416771;3432919;4330;2;3605098;2696;23;0;0
FR;3;2022-01-03;5;489;17;0;479;21;3;0;0;4416776;3433408;4347;2;3605577;2717;26;0;0
FR;3;2022-01-04;7;536;9;0;535;8;0;0;0;4416783;3433944;4356;2;3606112;2725;26;0;0
FR;3;2022-01-05;5;487;10;0;479;14;1;0;0;4416788;3434431;4366;2;3606591;2739;27;0;0
FR;3;2022-01-06;6;464;9;0;459;10;1;0;0;4416794;3434895;4375;2;3607050;2749;28;0;0
FR;3;2022-01-07;2;490;11;0;484;13;1;0;1;4416796;3435385;4386;2;3607534;2762;29;0;1
FR;3;2022-01-08;6;251;4;0;248;5;0;0;0;4416802;3435636;4390;2;3607782;2767;29;0;1
FR;3;2022-01-09;0;116;0;0;116;0;0;0;0;4416802;3435752;4390;2;3607898;2767;29;0;1
FR;3;2022-01-10;2;421;12;0;419;12;0;0;0;4416804;3436173;4402;2;3608317;2779;29;0;1
FR;3;2022-01-11;3;456;1;0;455;1;0;0;0;4416807;3436629;4403;2;3608772;2780;29;0;1
FR;3;2022-01-12;4;393;9;0;390;10;2;0;0;4416811;3437022;4412;2;3609162;2790;31;0;1
FR;3;2022-01-13;3;382;11;0;380;12;1;0;0;4416814;3437404;4423;2;3609542;2802;32;0;1
FR;3;2022-01-14;4;420;10;0;414;13;1;0;0;4416818;3437824;4433;2;3609956;2815;33;0;1
FR;3;2022-01-15;0;275;2;0;271;3;0;0;0;4416818;3438099;4435;2;3610227;2818;33;0;1
FR;3;2022-01-16;1;108;1;0;106;1;1;0;0;4416819;3438207;4436;2;3610333;2819;34;0;1
FR;3;2022-01-17;2;318;8;0;315;9;1;0;0;4416821;3438525;4444;2;3610648;2828;35;0;1
FR;3;2022-01-18;2;359;1;0;355;2;1;0;0;4416823;3438884;4445;2;3611003;2830;36;0;1
FR;3;2022-01-19;2;322;5;0;316;10;0;0;0;4416825;3439206;4450;2;3611319;2840;36;0;1
FR;3;2022-01-20;1;351;5;0;350;3;2;0;0;4416826;3439557;4455;2;3611669;2843;38;0;1
FR;3;2022-01-21;4;338;5;0;332;7;2;0;0;4416830;3439895;4460;2;3612001;2850;40;0;1
FR;3;2022-01-22;2;218;1;0;214;2;3;0;0;4416832;3440113;4461;2;3612215;2852;43;0;1
FR;3;2022-01-23;0;77;0;0;75;1;1;0;0;4416832;3440190;4461;2;3612290;2853;44;0;1
FR;3;2022-01-24;3;316;1;0;308;6;2;0;0;4416835;3440506;4462;2;3612598;2859;46;0;1
FR;3;2022-01-25;0;171;0;0;168;0;1;0;0;4416835;3440677;4462;2;3612766;2859;47;0;1
FR;3;2022-01-26;0;77;0;0;77;0;0;0;0;4416835;3440754;4462;2;3612843;2859;47;0;1
FR;3;2022-01-27;0;52;0;0;52;0;0;0;0;4416835;3440806;4462;2;3612895;2859;47;0;1
FR;3;2022-01-28;0;115;0;0;114;0;0;0;0;4416835;3440921;4462;2;3613009;2859;47;0;1
FR;3;2022-01-29;0;97;0;0;97;0;0;0;0;4416835;3441018;4462;2;3613106;2859;47;0;1
FR;3;2022-01-30;0;50;0;0;50;0;0;0;0;4416835;3441068;4462;2;3613156;2859;47;0;1
FR;3;2022-01-31;0;91;0;0;91;0;0;0;0;4416835;3441159;4462;2;3613247;2859;47;0;1
FR;3;2022-02-01;0;98;0;0;96;1;0;0;0;4416835;3441257;4462;2;3613343;2860;47;0;1
FR;3;2022-02-02;0;85;0;0;83;0;0;0;0;4416835;3441342;4462;2;3613426;2860;47;0;1
FR;3;2022-02-03;0;91;0;0;89;0;0;0;0;4416835;3441433;4462;2;3613515;2860;47;0;1
FR;3;2022-02-04;0;113;0;0;110;0;1;0;0;4416835;3441546;4462;2;3613625;2860;48;0;1
FR;3;2022-02-05;0;70;0;0;70;0;0;0;0;4416835;3441616;4462;2;3613695;2860;48;0;1
FR;3;2022-02-06;0;10;0;0;10;0;0;0;0;4416835;3441626;4462;2;3613705;2860;48;0;1
FR;3;2022-02-07;0;75;0;0;75;0;0;0;0;4416835;3441701;4462;2;3613780;2860;48;0;1
FR;3;2022-02-08;0;0;0;0;0;0;0;0;0;4416835;3441701;4462;2;3613780;2860;48;0;1
FR;3;2022-02-09;0;0;0;0;0;0;0;0;0;4416835;3441701;4462;2;3613780;2860;48;0;1
FR;3;2022-02-10;0;0;0;0;0;0;0;0;0;4416835;3441701;4462;2;3613780;2860;48;0;1
FR;3;2022-02-11;0;0;0;0;0;0;0;0;0;4416835;3441701;4462;2;3613780;2860;48;0;1
FR;3;2022-02-12;0;0;0;0;0;0;0;0;0;4416835;3441701;4462;2;3613780;2860;48;0;1
FR;3;2022-02-13;0;0;0;0;0;0;0;0;0;4416835;3441701;4462;2;3613780;2860;48;0;1
FR;3;2022-02-14;0;0;0;0;0;0;0;0;0;4416835;3441701;4462;2;3613780;2860;48;0;1
FR;3;2022-02-15;0;0;0;0;0;0;0;0;0;4416835;3441701;4462;2;3613780;2860;48;0;1
FR;3;2022-02-16;0;0;0;0;0;0;0;0;0;4416835;3441701;4462;2;3613780;2860;48;0;1
FR;3;2022-02-17;0;0;0;0;0;0;0;0;0;4416835;3441701;4462;2;3613780;2860;48;0;1
FR;3;2022-02-18;0;0;0;0;0;0;0;0;0;4416835;3441701;4462;2;3613780;2860;48;0;1
FR;3;2022-02-19;0;0;0;0;0;0;0;0;0;4416835;3441701;4462;2;3613780;2860;48;0;1
FR;3;2022-02-20;0;0;0;0;0;0;0;0;0;4416835;3441701;4462;2;3613780;2860;48;0;1
FR;3;2022-02-21;2;0;0;0;0;0;0;0;0;4416837;3441701;4462;2;3613780;2860;48;0;1
FR;3;2022-02-22;0;0;0;0;0;0;0;0;0;4416837;3441701;4462;2;3613780;2860;48;0;1
FR;3;2022-02-23;0;0;0;0;0;0;0;0;0;4416837;3441701;4462;2;3613780;2860;48;0;1
FR;3;2022-02-24;0;0;0;0;0;0;0;0;0;4416837;3441701;4462;2;3613780;2860;48;0;1
FR;3;2022-02-25;0;0;0;0;0;0;0;0;0;4416837;3441701;4462;2;3613780;2860;48;0;1
FR;3;2022-02-26;0;0;0;0;0;0;0;0;0;4416837;3441701;4462;2;3613780;2860;48;0;1
FR;3;2022-02-27;0;0;0;0;0;0;0;0;0;4416837;3441701;4462;2;3613780;2860;48;0;1
FR;3;2022-02-28;1;0;0;0;0;0;0;0;0;4416838;3441701;4462;2;3613780;2860;48;0;1
FR;3;2022-03-01;1;0;0;0;0;0;0;0;0;4416839;3441701;4462;2;3613780;2860;48;0;1
FR;3;2022-03-02;0;0;0;0;0;0;0;0;0;4416839;3441701;4462;2;3613780;2860;48;0;1
FR;3;2022-03-03;0;0;0;0;0;0;0;0;0;4416839;3441701;4462;2;3613780;2860;48;0;1
FR;3;2022-03-04;0;0;0;0;0;0;0;0;0;4416839;3441701;4462;2;3613780;2860;48;0;1
FR;3;2022-03-05;0;0;0;0;0;0;0;0;0;4416839;3441701;4462;2;3613780;2860;48;0;1
FR;3;2022-03-06;1;0;0;0;0;0;0;0;0;4416840;3441701;4462;2;3613780;2860;48;0;1
FR;3;2022-03-07;0;0;0;0;0;0;0;0;0;4416840;3441701;4462;2;3613780;2860;48;0;1
FR;3;2022-03-08;1;0;0;0;0;0;0;0;0;4416841;3441701;4462;2;3613780;2860;48;0;1
FR;3;2022-03-09;0;0;0;0;0;0;0;0;0;4416841;3441701;4462;2;3613780;2860;48;0;1
FR;3;2022-03-10;0;0;0;0;0;0;0;0;0;4416841;3441701;4462;2;3613780;2860;48;0;1
FR;3;2022-03-11;0;0;0;0;0;0;0;0;0;4416841;3441701;4462;2;3613780;2860;48;0;1
FR;3;2022-03-12;0;0;0;0;0;0;0;0;0;4416841;3441701;4462;2;3613780;2860;48;0;1
FR;3;2022-03-13;0;0;0;0;0;0;0;0;0;4416841;3441701;4462;2;3613780;2860;48;0;1
FR;3;2022-03-14;0;0;0;0;0;0;0;0;0;4416841;3441701;4462;2;3613780;2860;48;0;1
FR;3;2022-03-15;0;0;0;0;0;0;0;0;0;4416841;3441701;4462;2;3613780;2860;48;0;1
FR;3;2022-03-16;0;0;0;0;0;0;0;0;0;4416841;3441701;4462;2;3613780;2860;48;0;1
FR;3;2022-03-17;0;0;0;0;0;0;0;0;0;4416841;3441701;4462;2;3613780;2860;48;0;1
FR;3;2022-03-18;0;0;0;0;0;0;0;0;0;4416841;3441701;4462;2;3613780;2860;48;0;1
FR;3;2022-03-19;0;0;0;0;0;0;0;0;0;4416841;3441701;4462;2;3613780;2860;48;0;1
FR;3;2022-03-20;1;0;0;0;0;0;0;0;0;4416842;3441701;4462;2;3613780;2860;48;0;1
FR;3;2022-03-21;0;0;0;0;0;0;0;0;0;4416842;3441701;4462;2;3613780;2860;48;0;1
FR;3;2022-03-22;0;0;0;0;0;0;0;0;0;4416842;3441701;4462;2;3613780;2860;48;0;1
FR;3;2022-03-23;1;0;0;0;0;0;0;0;0;4416843;3441701;4462;2;3613780;2860;48;0;1
FR;3;2022-03-24;0;0;0;0;0;0;0;0;0;4416843;3441701;4462;2;3613780;2860;48;0;1
FR;3;2022-03-25;1;0;0;0;0;0;0;0;0;4416844;3441701;4462;2;3613780;2860;48;0;1
FR;3;2022-03-26;0;0;0;0;0;0;0;0;0;4416844;3441701;4462;2;3613780;2860;48;0;1
FR;3;2022-03-27;0;0;0;0;0;0;0;0;0;4416844;3441701;4462;2;3613780;2860;48;0;1
FR;3;2022-03-28;0;0;0;0;0;0;0;0;0;4416844;3441701;4462;2;3613780;2860;48;0;1
FR;3;2022-03-29;0;0;0;0;0;0;0;0;0;4416844;3441701;4462;2;3613780;2860;48;0;1
FR;3;2022-03-30;0;0;0;0;0;0;0;0;0;4416844;3441701;4462;2;3613780;2860;48;0;1
FR;3;2022-03-31;0;0;0;0;0;0;0;0;0;4416844;3441701;4462;2;3613780;2860;48;0;1
FR;3;2022-04-01;0;0;0;0;0;0;0;0;0;4416844;3441701;4462;2;3613780;2860;48;0;1
FR;3;2022-04-02;0;0;0;0;0;0;0;0;0;4416844;3441701;4462;2;3613780;2860;48;0;1
FR;3;2022-04-03;0;0;0;0;0;0;0;0;0;4416844;3441701;4462;2;3613780;2860;48;0;1
FR;3;2022-04-04;0;0;0;0;0;0;0;0;0;4416844;3441701;4462;2;3613780;2860;48;0;1
FR;3;2022-04-05;0;0;0;0;0;0;0;0;0;4416844;3441701;4462;2;3613780;2860;48;0;1
FR;3;2022-04-06;0;0;0;0;0;0;0;0;0;4416844;3441701;4462;2;3613780;2860;48;0;1
FR;3;2022-04-07;0;0;0;0;0;0;0;0;0;4416844;3441701;4462;2;3613780;2860;48;0;1
FR;3;2022-04-08;0;0;0;0;0;0;0;0;0;4416844;3441701;4462;2;3613780;2860;48;0;1
FR;3;2022-04-09;0;0;0;0;0;0;0;0;0;4416844;3441701;4462;2;3613780;2860;48;0;1
FR;3;2022-04-10;0;0;0;0;0;0;0;0;0;4416844;3441701;4462;2;3613780;2860;48;0;1
FR;3;2022-04-11;0;0;0;0;0;0;0;0;0;4416844;3441701;4462;2;3613780;2860;48;0;1
FR;3;2022-04-12;0;0;0;0;0;0;0;0;0;4416844;3441701;4462;2;3613780;2860;48;0;1
FR;3;2022-04-13;0;0;0;0;0;0;0;0;0;4416844;3441701;4462;2;3613780;2860;48;0;1
FR;3;2022-04-14;0;0;0;0;0;0;0;0;0;4416844;3441701;4462;2;3613780;2860;48;0;1
FR;3;2022-04-15;1;0;0;0;0;0;0;0;0;4416845;3441701;4462;2;3613780;2860;48;0;1
FR;3;2022-04-16;0;0;0;0;0;0;0;0;0;4416845;3441701;4462;2;3613780;2860;48;0;1
FR;3;2022-04-17;0;0;0;0;0;0;0;0;0;4416845;3441701;4462;2;3613780;2860;48;0;1
FR;3;2022-04-18;0;0;0;0;0;0;0;0;0;4416845;3441701;4462;2;3613780;2860;48;0;1
FR;3;2022-04-19;0;0;0;0;0;0;0;0;0;4416845;3441701;4462;2;3613780;2860;48;0;1
FR;3;2022-04-20;0;0;0;0;0;0;0;0;0;4416845;3441701;4462;2;3613780;2860;48;0;1
FR;3;2022-04-21;0;0;0;0;0;0;0;0;0;4416845;3441701;4462;2;3613780;2860;48;0;1
FR;3;2022-04-22;0;0;0;0;0;0;0;0;0;4416845;3441701;4462;2;3613780;2860;48;0;1
FR;3;2022-04-23;0;0;0;0;0;0;0;0;0;4416845;3441701;4462;2;3613780;2860;48;0;1
FR;3;2022-04-24;0;0;0;0;0;0;0;0;0;4416845;3441701;4462;2;3613780;2860;48;0;1
FR;3;2022-04-25;0;0;0;0;0;0;0;0;0;4416845;3441701;4462;2;3613780;2860;48;0;1
FR;3;2022-04-26;0;0;0;0;0;0;0;0;0;4416845;3441701;4462;2;3613780;2860;48;0;1
FR;3;2022-04-27;0;0;0;0;0;0;0;0;0;4416845;3441701;4462;2;3613780;2860;48;0;1
FR;3;2022-04-28;0;0;0;0;0;0;0;0;0;4416845;3441701;4462;2;3613780;2860;48;0;1
FR;3;2022-04-29;0;0;0;0;0;0;0;0;0;4416845;3441701;4462;2;3613780;2860;48;0;1
FR;3;2022-04-30;0;0;0;0;0;0;0;0;0;4416845;3441701;4462;2;3613780;2860;48;0;1
FR;3;2022-05-01;0;0;0;0;0;0;0;0;0;4416845;3441701;4462;2;3613780;2860;48;0;1
FR;3;2022-05-02;0;0;0;0;0;0;0;0;0;4416845;3441701;4462;2;3613780;2860;48;0;1
FR;3;2022-05-03;0;0;0;0;0;0;0;0;0;4416845;3441701;4462;2;3613780;2860;48;0;1
FR;3;2022-05-04;0;0;0;0;0;0;0;0;0;4416845;3441701;4462;2;3613780;2860;48;0;1
FR;3;2022-05-05;0;0;0;0;0;0;0;0;0;4416845;3441701;4462;2;3613780;2860;48;0;1
FR;3;2022-05-06;0;0;0;0;0;0;0;0;0;4416845;3441701;4462;2;3613780;2860;48;0;1
FR;3;2022-05-07;0;0;0;0;0;0;0;0;0;4416845;3441701;4462;2;3613780;2860;48;0;1
FR;3;2022-05-08;0;0;0;0;0;0;0;0;0;4416845;3441701;4462;2;3613780;2860;48;0;1
FR;3;2022-05-09;0;0;0;0;0;0;0;0;0;4416845;3441701;4462;2;3613780;2860;48;0;1
FR;3;2022-05-10;0;0;0;0;0;0;0;0;0;4416845;3441701;4462;2;3613780;2860;48;0;1
FR;3;2022-05-11;0;0;0;0;0;0;0;0;0;4416845;3441701;4462;2;3613780;2860;48;0;1
FR;3;2022-05-12;0;0;0;0;0;0;0;0;0;4416845;3441701;4462;2;3613780;2860;48;0;1
FR;3;2022-05-13;0;0;0;0;0;0;0;0;0;4416845;3441701;4462;2;3613780;2860;48;0;1
FR;3;2022-05-14;1;0;0;0;0;0;0;0;0;4416846;3441701;4462;2;3613780;2860;48;0;1
FR;3;2022-05-15;0;0;0;0;0;0;0;0;0;4416846;3441701;4462;2;3613780;2860;48;0;1
FR;3;2022-05-16;0;0;0;0;0;0;0;0;0;4416846;3441701;4462;2;3613780;2860;48;0;1
FR;3;2022-05-17;0;0;0;0;0;0;0;0;0;4416846;3441701;4462;2;3613780;2860;48;0;1
FR;3;2022-05-18;0;0;0;0;0;0;0;0;0;4416846;3441701;4462;2;3613780;2860;48;0;1
FR;3;2022-05-19;0;0;0;0;0;0;0;0;0;4416846;3441701;4462;2;3613780;2860;48;0;1
FR;3;2022-05-20;0;0;0;0;0;0;0;0;0;4416846;3441701;4462;2;3613780;2860;48;0;1
FR;3;2022-05-21;0;0;0;0;0;0;0;0;0;4416846;3441701;4462;2;3613780;2860;48;0;1
FR;3;2022-05-22;0;0;0;0;0;0;0;0;0;4416846;3441701;4462;2;3613780;2860;48;0;1
FR;3;2022-05-23;0;0;0;0;0;0;0;0;0;4416846;3441701;4462;2;3613780;2860;48;0;1
FR;3;2022-05-24;0;0;0;0;0;0;0;0;0;4416846;3441701;4462;2;3613780;2860;48;0;1
FR;3;2022-05-25;0;0;0;0;0;0;0;0;0;4416846;3441701;4462;2;3613780;2860;48;0;1
FR;3;2022-05-26;0;0;0;0;0;0;0;0;0;4416846;3441701;4462;2;3613780;2860;48;0;1
FR;3;2022-05-27;0;0;0;0;0;0;0;0;0;4416846;3441701;4462;2;3613780;2860;48;0;1
FR;3;2022-05-28;0;0;0;0;0;0;0;0;0;4416846;3441701;4462;2;3613780;2860;48;0;1
FR;3;2022-05-29;0;0;0;0;0;0;0;0;0;4416846;3441701;4462;2;3613780;2860;48;0;1
FR;3;2022-05-30;0;0;0;0;0;0;0;0;0;4416846;3441701;4462;2;3613780;2860;48;0;1
FR;3;2022-05-31;0;0;0;0;0;0;0;0;0;4416846;3441701;4462;2;3613780;2860;48;0;1
FR;3;2022-06-01;0;0;0;0;0;0;0;0;0;4416846;3441701;4462;2;3613780;2860;48;0;1
FR;3;2022-06-02;0;0;0;0;0;0;0;0;0;4416846;3441701;4462;2;3613780;2860;48;0;1
FR;3;2022-06-03;0;0;0;0;0;0;0;0;0;4416846;3441701;4462;2;3613780;2860;48;0;1
FR;3;2022-06-04;0;0;0;0;0;0;0;0;0;4416846;3441701;4462;2;3613780;2860;48;0;1
FR;3;2022-06-05;0;0;0;0;0;0;0;0;0;4416846;3441701;4462;2;3613780;2860;48;0;1
FR;3;2022-06-06;0;0;0;0;0;0;0;0;0;4416846;3441701;4462;2;3613780;2860;48;0;1
FR;3;2022-06-07;0;0;0;0;0;0;0;0;0;4416846;3441701;4462;2;3613780;2860;48;0;1
FR;3;2022-06-08;0;0;0;0;0;0;0;0;0;4416846;3441701;4462;2;3613780;2860;48;0;1
FR;3;2022-06-09;0;0;0;0;0;0;0;0;0;4416846;3441701;4462;2;3613780;2860;48;0;1
FR;3;2022-06-10;0;0;0;0;0;0;0;0;0;4416846;3441701;4462;2;3613780;2860;48;0;1
FR;3;2022-06-11;0;0;0;0;0;0;0;0;0;4416846;3441701;4462;2;3613780;2860;48;0;1
FR;3;2022-06-12;0;0;0;0;0;0;0;0;0;4416846;3441701;4462;2;3613780;2860;48;0;1
FR;3;2022-06-13;1;0;0;0;0;0;0;0;0;4416847;3441701;4462;2;3613780;2860;48;0;1
FR;3;2022-06-14;0;0;0;0;0;0;0;0;0;4416847;3441701;4462;2;3613780;2860;48;0;1
FR;3;2022-06-15;0;0;0;0;0;0;0;0;0;4416847;3441701;4462;2;3613780;2860;48;0;1
FR;3;2022-06-16;0;0;0;0;0;0;0;0;0;4416847;3441701;4462;2;3613780;2860;48;0;1
FR;3;2022-06-17;0;0;0;0;0;0;0;0;0;4416847;3441701;4462;2;3613780;2860;48;0;1
FR;3;2022-06-18;0;0;0;0;0;0;0;0;0;4416847;3441701;4462;2;3613780;2860;48;0;1
FR;3;2022-06-19;0;0;0;0;0;0;0;0;0;4416847;3441701;4462;2;3613780;2860;48;0;1
FR;3;2022-06-20;0;0;0;0;0;0;0;0;0;4416847;3441701;4462;2;3613780;2860;48;0;1
FR;3;2022-06-21;0;0;0;0;0;0;0;0;0;4416847;3441701;4462;2;3613780;2860;48;0;1
FR;3;2022-06-22;0;0;0;0;0;0;0;0;0;4416847;3441701;4462;2;3613780;2860;48;0;1
FR;3;2022-06-23;0;0;0;0;0;0;0;0;0;4416847;3441701;4462;2;3613780;2860;48;0;1
FR;3;2022-06-24;0;0;0;0;0;0;0;0;0;4416847;3441701;4462;2;3613780;2860;48;0;1
FR;3;2022-06-25;0;0;0;0;0;0;0;0;0;4416847;3441701;4462;2;3613780;2860;48;0;1
FR;3;2022-06-26;0;0;0;0;0;0;0;0;0;4416847;3441701;4462;2;3613780;2860;48;0;1
FR;3;2022-06-27;0;0;0;0;0;0;0;0;0;4416847;3441701;4462;2;3613780;2860;48;0;1
FR;3;2022-06-28;0;0;0;0;0;0;0;0;0;4416847;3441701;4462;2;3613780;2860;48;0;1
FR;3;2022-06-29;1;0;0;0;0;0;0;0;0;4416848;3441701;4462;2;3613780;2860;48;0;1
FR;3;2022-06-30;0;0;0;0;0;0;0;0;0;4416848;3441701;4462;2;3613780;2860;48;0;1
FR;3;2022-07-01;0;0;0;0;0;0;0;0;0;4416848;3441701;4462;2;3613780;2860;48;0;1
FR;3;2022-07-02;0;0;0;0;0;0;0;0;0;4416848;3441701;4462;2;3613780;2860;48;0;1
FR;3;2022-07-03;0;0;0;0;0;0;0;0;0;4416848;3441701;4462;2;3613780;2860;48;0;1
FR;3;2022-07-04;0;0;0;0;0;0;0;0;0;4416848;3441701;4462;2;3613780;2860;48;0;1
FR;3;2022-07-05;0;0;0;0;0;0;0;0;0;4416848;3441701;4462;2;3613780;2860;48;0;1
FR;3;2022-07-06;0;0;0;0;0;0;0;0;0;4416848;3441701;4462;2;3613780;2860;48;0;1
FR;3;2022-07-07;0;0;0;0;0;0;0;0;0;4416848;3441701;4462;2;3613780;2860;48;0;1
FR;3;2022-07-08;0;0;0;0;0;0;0;0;0;4416848;3441701;4462;2;3613780;2860;48;0;1
FR;3;2022-07-09;0;0;0;0;0;0;0;0;0;4416848;3441701;4462;2;3613780;2860;48;0;1
FR;3;2022-07-10;0;0;0;0;0;0;0;0;0;4416848;3441701;4462;2;3613780;2860;48;0;1
FR;3;2022-07-11;0;0;0;0;0;0;0;0;0;4416848;3441701;4462;2;3613780;2860;48;0;1
FR;3;2022-07-12;0;0;0;0;0;0;0;0;0;4416848;3441701;4462;2;3613780;2860;48;0;1
FR;3;2022-07-13;0;0;0;0;0;0;0;0;0;4416848;3441701;4462;2;3613780;2860;48;0;1
FR;3;2022-07-14;0;0;0;0;0;0;0;0;0;4416848;3441701;4462;2;3613780;2860;48;0;1
FR;3;2022-07-15;0;0;0;0;0;0;0;0;0;4416848;3441701;4462;2;3613780;2860;48;0;1
FR;3;2022-07-16;0;0;0;0;0;0;0;0;0;4416848;3441701;4462;2;3613780;2860;48;0;1
FR;3;2022-07-17;0;0;0;0;0;0;0;0;0;4416848;3441701;4462;2;3613780;2860;48;0;1
FR;3;2022-07-18;0;0;0;0;0;0;0;0;0;4416848;3441701;4462;2;3613780;2860;48;0;1
FR;3;2022-07-19;0;0;0;0;0;0;0;0;0;4416848;3441701;4462;2;3613780;2860;48;0;1
FR;3;2022-07-20;0;0;0;0;0;0;0;0;0;4416848;3441701;4462;2;3613780;2860;48;0;1
FR;3;2022-07-21;0;0;0;0;0;0;0;0;0;4416848;3441701;4462;2;3613780;2860;48;0;1
FR;3;2022-07-22;0;0;0;0;0;0;0;0;0;4416848;3441701;4462;2;3613780;2860;48;0;1
FR;3;2022-07-23;0;0;0;0;0;0;0;0;0;4416848;3441701;4462;2;3613780;2860;48;0;1
FR;3;2022-07-24;0;0;0;0;0;0;0;0;0;4416848;3441701;4462;2;3613780;2860;48;0;1
FR;3;2022-07-25;0;0;0;0;0;0;0;0;0;4416848;3441701;4462;2;3613780;2860;48;0;1
FR;3;2022-07-26;0;0;0;0;0;0;0;0;0;4416848;3441701;4462;2;3613780;2860;48;0;1
FR;3;2022-07-27;0;0;0;0;0;0;0;0;0;4416848;3441701;4462;2;3613780;2860;48;0;1
FR;3;2022-07-28;0;0;0;0;0;0;0;0;0;4416848;3441701;4462;2;3613780;2860;48;0;1
FR;3;2022-07-29;0;0;0;0;0;0;0;0;0;4416848;3441701;4462;2;3613780;2860;48;0;1
FR;3;2022-07-30;0;0;0;0;0;0;0;0;0;4416848;3441701;4462;2;3613780;2860;48;0;1
FR;3;2022-07-31;0;0;0;0;0;0;0;0;0;4416848;3441701;4462;2;3613780;2860;48;0;1
FR;3;2022-08-01;0;0;0;0;0;0;0;0;0;4416848;3441701;4462;2;3613780;2860;48;0;1
FR;3;2022-08-02;0;0;0;0;0;0;0;0;0;4416848;3441701;4462;2;3613780;2860;48;0;1
FR;3;2022-08-03;0;0;0;0;0;0;0;0;0;4416848;3441701;4462;2;3613780;2860;48;0;1
FR;3;2022-08-04;0;0;0;0;0;0;0;0;0;4416848;3441701;4462;2;3613780;2860;48;0;1
FR;3;2022-08-05;0;0;0;0;0;0;0;0;0;4416848;3441701;4462;2;3613780;2860;48;0;1
FR;3;2022-08-06;0;0;0;0;0;0;0;0;0;4416848;3441701;4462;2;3613780;2860;48;0;1
FR;3;2022-08-07;0;0;0;0;0;0;0;0;0;4416848;3441701;4462;2;3613780;2860;48;0;1
FR;3;2022-08-08;0;0;0;0;0;0;0;0;0;4416848;3441701;4462;2;3613780;2860;48;0;1
FR;3;2022-08-09;0;0;0;0;0;0;0;0;0;4416848;3441701;4462;2;3613780;2860;48;0;1
FR;3;2022-08-10;0;0;0;0;0;0;0;0;0;4416848;3441701;4462;2;3613780;2860;48;0;1
FR;3;2022-08-11;0;0;0;0;0;0;0;0;0;4416848;3441701;4462;2;3613780;2860;48;0;1
FR;3;2022-08-12;0;0;0;0;0;0;0;0;0;4416848;3441701;4462;2;3613780;2860;48;0;1
FR;3;2022-08-13;0;0;0;0;0;0;0;0;0;4416848;3441701;4462;2;3613780;2860;48;0;1
FR;3;2022-08-14;0;0;0;0;0;0;0;0;0;4416848;3441701;4462;2;3613780;2860;48;0;1
FR;3;2022-08-15;0;0;0;0;0;0;0;0;0;4416848;3441701;4462;2;3613780;2860;48;0;1
FR;3;2022-08-16;0;0;0;0;0;0;0;0;0;4416848;3441701;4462;2;3613780;2860;48;0;1
FR;3;2022-08-17;0;0;0;0;0;0;0;0;0;4416848;3441701;4462;2;3613780;2860;48;0;1
FR;3;2022-08-18;0;0;0;0;0;0;0;0;0;4416848;3441701;4462;2;3613780;2860;48;0;1
FR;3;2022-08-19;0;0;0;0;0;0;0;0;0;4416848;3441701;4462;2;3613780;2860;48;0;1
FR;3;2022-08-20;0;0;0;0;0;0;0;0;0;4416848;3441701;4462;2;3613780;2860;48;0;1
FR;3;2022-08-21;0;0;0;0;0;0;0;0;0;4416848;3441701;4462;2;3613780;2860;48;0;1
FR;3;2022-08-22;0;0;0;0;0;0;0;0;0;4416848;3441701;4462;2;3613780;2860;48;0;1
FR;3;2022-08-23;0;0;0;0;0;0;0;0;0;4416848;3441701;4462;2;3613780;2860;48;0;1
FR;3;2022-08-24;0;0;0;0;0;0;0;0;0;4416848;3441701;4462;2;3613780;2860;48;0;1
FR;3;2022-08-25;0;0;0;0;0;0;0;0;0;4416848;3441701;4462;2;3613780;2860;48;0;1
FR;3;2022-08-26;0;0;0;0;0;0;0;0;0;4416848;3441701;4462;2;3613780;2860;48;0;1
FR;3;2022-08-27;0;0;0;0;0;0;0;0;0;4416848;3441701;4462;2;3613780;2860;48;0;1
FR;3;2022-08-28;0;0;0;0;0;0;0;0;0;4416848;3441701;4462;2;3613780;2860;48;0;1
FR;3;2022-08-29;0;0;0;0;0;0;0;0;0;4416848;3441701;4462;2;3613780;2860;48;0;1
FR;3;2022-08-30;0;0;0;0;0;0;0;0;0;4416848;3441701;4462;2;3613780;2860;48;0;1
FR;3;2022-08-31;0;0;0;0;0;0;0;0;0;4416848;3441701;4462;2;3613780;2860;48;0;1
FR;3;2022-09-01;0;0;0;0;0;0;0;0;0;4416848;3441701;4462;2;3613780;2860;48;0;1
FR;3;2022-09-02;0;0;0;0;0;0;0;0;0;4416848;3441701;4462;2;3613780;2860;48;0;1
FR;3;2022-09-03;0;0;0;0;0;0;0;0;0;4416848;3441701;4462;2;3613780;2860;48;0;1
FR;3;2022-09-04;0;0;0;0;0;0;0;0;0;4416848;3441701;4462;2;3613780;2860;48;0;1
FR;3;2022-09-05;0;0;0;0;0;0;0;0;0;4416848;3441701;4462;2;3613780;2860;48;0;1
FR;3;2022-09-06;0;0;0;0;0;0;0;0;0;4416848;3441701;4462;2;3613780;2860;48;0;1
FR;3;2022-09-07;0;0;0;0;0;0;0;0;0;4416848;3441701;4462;2;3613780;2860;48;0;1
FR;3;2022-09-08;0;0;0;0;0;0;0;0;0;4416848;3441701;4462;2;3613780;2860;48;0;1
FR;3;2022-09-09;0;0;0;0;0;0;0;0;0;4416848;3441701;4462;2;3613780;2860;48;0;1
FR;3;2022-09-10;0;0;0;0;0;0;0;0;0;4416848;3441701;4462;2;3613780;2860;48;0;1
FR;3;2022-09-11;0;0;0;0;0;0;0;0;0;4416848;3441701;4462;2;3613780;2860;48;0;1
FR;3;2022-09-12;0;0;0;0;0;0;0;0;0;4416848;3441701;4462;2;3613780;2860;48;0;1
FR;3;2022-09-13;0;0;0;0;0;0;0;0;0;4416848;3441701;4462;2;3613780;2860;48;0;1
FR;3;2022-09-14;0;0;0;0;0;0;0;0;0;4416848;3441701;4462;2;3613780;2860;48;0;1
FR;3;2022-09-15;0;0;0;0;0;0;0;0;0;4416848;3441701;4462;2;3613780;2860;48;0;1
FR;3;2022-09-16;0;0;0;0;0;0;0;0;0;4416848;3441701;4462;2;3613780;2860;48;0;1
FR;3;2022-09-17;0;0;0;0;0;0;0;0;0;4416848;3441701;4462;2;3613780;2860;48;0;1
FR;3;2022-09-18;0;0;0;0;0;0;0;0;0;4416848;3441701;4462;2;3613780;2860;48;0;1
FR;3;2022-09-19;0;0;0;0;0;0;0;0;0;4416848;3441701;4462;2;3613780;2860;48;0;1
FR;3;2022-09-20;0;0;0;0;0;0;0;0;0;4416848;3441701;4462;2;3613780;2860;48;0;1
FR;3;2022-09-21;0;0;0;0;0;0;0;0;0;4416848;3441701;4462;2;3613780;2860;48;0;1
FR;3;2022-09-22;0;0;0;0;0;0;0;0;0;4416848;3441701;4462;2;3613780;2860;48;0;1
FR;3;2022-09-23;0;0;0;0;0;0;0;0;0;4416848;3441701;4462;2;3613780;2860;48;0;1
FR;3;2022-09-24;0;0;0;0;0;0;0;0;0;4416848;3441701;4462;2;3613780;2860;48;0;1
FR;3;2022-09-25;0;0;0;0;0;0;0;0;0;4416848;3441701;4462;2;3613780;2860;48;0;1
FR;3;2022-09-26;0;0;0;0;0;0;0;0;0;4416848;3441701;4462;2;3613780;2860;48;0;1
FR;3;2022-09-27;0;0;0;0;0;0;0;0;0;4416848;3441701;4462;2;3613780;2860;48;0;1
FR;3;2022-09-28;0;0;0;0;0;0;0;0;0;4416848;3441701;4462;2;3613780;2860;48;0;1
FR;3;2022-09-29;0;0;0;0;0;0;0;0;0;4416848;3441701;4462;2;3613780;2860;48;0;1
FR;3;2022-09-30;0;0;0;0;0;0;0;0;0;4416848;3441701;4462;2;3613780;2860;48;0;1
FR;3;2022-10-01;0;0;0;0;0;0;0;0;0;4416848;3441701;4462;2;3613780;2860;48;0;1
FR;3;2022-10-02;0;0;0;0;0;0;0;0;0;4416848;3441701;4462;2;3613780;2860;48;0;1
FR;3;2022-10-03;0;0;0;0;0;0;0;0;0;4416848;3441701;4462;2;3613780;2860;48;0;1
FR;3;2022-10-04;0;0;0;0;0;0;0;0;0;4416848;3441701;4462;2;3613780;2860;48;0;1
FR;3;2022-10-05;0;0;0;0;0;0;0;0;0;4416848;3441701;4462;2;3613780;2860;48;0;1
FR;3;2022-10-06;0;0;0;0;0;0;0;0;0;4416848;3441701;4462;2;3613780;2860;48;0;1
FR;3;2022-10-07;0;0;0;0;0;0;0;0;0;4416848;3441701;4462;2;3613780;2860;48;0;1
FR;3;2022-10-08;0;0;0;0;0;0;0;0;0;4416848;3441701;4462;2;3613780;2860;48;0;1
FR;3;2022-10-09;0;0;0;0;0;0;0;0;0;4416848;3441701;4462;2;3613780;2860;48;0;1
FR;3;2022-10-10;0;0;0;0;0;0;0;0;0;4416848;3441701;4462;2;3613780;2860;48;0;1
FR;3;2022-10-11;0;0;0;0;0;0;0;0;0;4416848;3441701;4462;2;3613780;2860;48;0;1
FR;3;2022-10-12;0;0;0;0;0;0;0;0;0;4416848;3441701;4462;2;3613780;2860;48;0;1
FR;3;2022-10-13;0;0;0;0;0;0;0;0;0;4416848;3441701;4462;2;3613780;2860;48;0;1
FR;3;2022-10-14;0;0;0;0;0;0;0;0;0;4416848;3441701;4462;2;3613780;2860;48;0;1
FR;3;2022-10-15;0;0;0;0;0;0;0;0;0;4416848;3441701;4462;2;3613780;2860;48;0;1
FR;3;2022-10-16;0;0;0;0;0;0;0;0;0;4416848;3441701;4462;2;3613780;2860;48;0;1
FR;3;2022-10-17;0;0;0;0;0;0;0;0;0;4416848;3441701;4462;2;3613780;2860;48;0;1
FR;3;2022-10-18;0;0;0;0;0;0;0;0;0;4416848;3441701;4462;2;3613780;2860;48;0;1
FR;3;2022-10-19;0;0;0;0;0;0;0;0;0;4416848;3441701;4462;2;3613780;2860;48;0;1
FR;3;2022-10-20;0;0;0;0;0;0;0;0;0;4416848;3441701;4462;2;3613780;2860;48;0;1
FR;3;2022-10-21;0;0;0;0;0;0;0;0;0;4416848;3441701;4462;2;3613780;2860;48;0;1
FR;3;2022-10-22;0;0;0;0;0;0;0;0;0;4416848;3441701;4462;2;3613780;2860;48;0;1
FR;3;2022-10-23;0;0;0;0;0;0;0;0;0;4416848;3441701;4462;2;3613780;2860;48;0;1
FR;3;2022-10-24;0;0;0;0;0;0;0;0;0;4416848;3441701;4462;2;3613780;2860;48;0;1
FR;3;2022-10-25;0;0;0;0;0;0;0;0;0;4416848;3441701;4462;2;3613780;2860;48;0;1
FR;3;2022-10-26;0;0;0;0;0;0;0;0;0;4416848;3441701;4462;2;3613780;2860;48;0;1
FR;3;2022-10-27;0;0;0;0;0;0;0;0;0;4416848;3441701;4462;2;3613780;2860;48;0;1
FR;3;2022-10-28;0;0;0;0;0;0;0;0;0;4416848;3441701;4462;2;3613780;2860;48;0;1
FR;3;2022-10-29;0;0;0;0;0;0;0;0;0;4416848;3441701;4462;2;3613780;2860;48;0;1
FR;3;2022-10-30;0;0;0;0;0;0;0;0;0;4416848;3441701;4462;2;3613780;2860;48;0;1
FR;3;2022-10-31;0;0;0;0;0;0;0;0;0;4416848;3441701;4462;2;3613780;2860;48;0;1
FR;3;2022-11-01;0;0;0;0;0;0;0;0;0;4416848;3441701;4462;2;3613780;2860;48;0;1
FR;3;2022-11-02;0;0;0;0;0;0;0;0;0;4416848;3441701;4462;2;3613780;2860;48;0;1
FR;3;2022-11-03;0;0;0;0;0;0;0;0;0;4416848;3441701;4462;2;3613780;2860;48;0;1
FR;3;2022-11-04;0;0;0;0;0;0;0;0;0;4416848;3441701;4462;2;3613780;2860;48;0;1
FR;3;2022-11-05;0;0;0;0;0;0;0;0;0;4416848;3441701;4462;2;3613780;2860;48;0;1
FR;3;2022-11-06;0;0;0;0;0;0;0;0;0;4416848;3441701;4462;2;3613780;2860;48;0;1
FR;3;2022-11-07;0;0;0;0;0;0;0;0;0;4416848;3441701;4462;2;3613780;2860;48;0;1
FR;3;2022-11-08;1;0;0;0;0;0;0;0;0;4416849;3441701;4462;2;3613780;2860;48;0;1
FR;3;2022-11-09;0;0;0;0;0;0;0;0;0;4416849;3441701;4462;2;3613780;2860;48;0;1
FR;3;2022-11-10;0;0;0;0;0;0;0;0;0;4416849;3441701;4462;2;3613780;2860;48;0;1
FR;3;2022-11-11;0;0;0;0;0;0;0;0;0;4416849;3441701;4462;2;3613780;2860;48;0;1
FR;3;2022-11-12;0;0;0;0;0;0;0;0;0;4416849;3441701;4462;2;3613780;2860;48;0;1
FR;3;2022-11-13;0;0;0;0;0;0;0;0;0;4416849;3441701;4462;2;3613780;2860;48;0;1
FR;3;2022-11-14;0;0;0;0;0;0;0;0;0;4416849;3441701;4462;2;3613780;2860;48;0;1
FR;3;2022-11-15;0;0;0;0;0;0;0;0;0;4416849;3441701;4462;2;3613780;2860;48;0;1
FR;3;2022-11-16;0;0;0;0;0;0;0;0;0;4416849;3441701;4462;2;3613780;2860;48;0;1
FR;3;2022-11-17;0;0;0;0;0;0;0;0;0;4416849;3441701;4462;2;3613780;2860;48;0;1
FR;3;2022-11-18;0;0;0;0;0;0;0;0;0;4416849;3441701;4462;2;3613780;2860;48;0;1
FR;3;2022-11-19;0;0;0;0;0;0;0;0;0;4416849;3441701;4462;2;3613780;2860;48;0;1
FR;3;2022-11-20;0;0;0;0;0;0;0;0;0;4416849;3441701;4462;2;3613780;2860;48;0;1
FR;3;2022-11-21;0;0;0;0;0;0;0;0;0;4416849;3441701;4462;2;3613780;2860;48;0;1
FR;3;2022-11-22;0;0;0;0;0;0;0;0;0;4416849;3441701;4462;2;3613780;2860;48;0;1
FR;3;2022-11-23;0;0;0;0;0;0;0;0;0;4416849;3441701;4462;2;3613780;2860;48;0;1
FR;3;2022-11-24;0;0;0;0;0;0;0;0;0;4416849;3441701;4462;2;3613780;2860;48;0;1
FR;3;2022-11-25;0;0;0;0;0;0;0;0;0;4416849;3441701;4462;2;3613780;2860;48;0;1
FR;3;2022-11-26;0;0;0;0;0;0;0;0;0;4416849;3441701;4462;2;3613780;2860;48;0;1
FR;3;2022-11-27;0;0;0;0;0;0;0;0;0;4416849;3441701;4462;2;3613780;2860;48;0;1
FR;3;2022-11-28;0;0;0;0;0;0;0;0;0;4416849;3441701;4462;2;3613780;2860;48;0;1
FR;3;2022-11-29;0;0;0;0;0;0;0;0;0;4416849;3441701;4462;2;3613780;2860;48;0;1
FR;3;2022-11-30;0;0;0;0;0;0;0;0;0;4416849;3441701;4462;2;3613780;2860;48;0;1
FR;3;2022-12-01;0;0;0;0;0;0;0;0;0;4416849;3441701;4462;2;3613780;2860;48;0;1
FR;3;2022-12-02;0;0;0;0;0;0;0;0;0;4416849;3441701;4462;2;3613780;2860;48;0;1
FR;3;2022-12-03;0;0;0;0;0;0;0;0;0;4416849;3441701;4462;2;3613780;2860;48;0;1
FR;3;2022-12-04;0;0;0;0;0;0;0;0;0;4416849;3441701;4462;2;3613780;2860;48;0;1
FR;3;2022-12-05;0;0;0;0;0;0;0;0;0;4416849;3441701;4462;2;3613780;2860;48;0;1
FR;3;2022-12-06;0;0;0;0;0;0;0;0;0;4416849;3441701;4462;2;3613780;2860;48;0;1
FR;3;2022-12-07;0;0;0;0;0;0;0;0;0;4416849;3441701;4462;2;3613780;2860;48;0;1
FR;3;2022-12-08;0;0;0;0;0;0;0;0;0;4416849;3441701;4462;2;3613780;2860;48;0;1
FR;3;2022-12-09;0;0;0;0;0;0;0;0;0;4416849;3441701;4462;2;3613780;2860;48;0;1
FR;3;2022-12-10;0;0;0;0;0;0;0;0;0;4416849;3441701;4462;2;3613780;2860;48;0;1
FR;3;2022-12-11;0;0;0;0;0;0;0;0;0;4416849;3441701;4462;2;3613780;2860;48;0;1
FR;3;2022-12-12;0;0;0;0;0;0;0;0;0;4416849;3441701;4462;2;3613780;2860;48;0;1
FR;3;2022-12-13;0;0;0;0;0;0;0;0;0;4416849;3441701;4462;2;3613780;2860;48;0;1
FR;3;2022-12-14;0;0;0;0;0;0;0;0;0;4416849;3441701;4462;2;3613780;2860;48;0;1
FR;3;2022-12-15;0;0;0;0;0;0;0;0;0;4416849;3441701;4462;2;3613780;2860;48;0;1
FR;3;2022-12-16;0;0;0;0;0;0;0;0;0;4416849;3441701;4462;2;3613780;2860;48;0;1
FR;3;2022-12-17;0;0;0;0;0;0;0;0;0;4416849;3441701;4462;2;3613780;2860;48;0;1
FR;3;2022-12-18;0;0;0;0;0;0;0;0;0;4416849;3441701;4462;2;3613780;2860;48;0;1
FR;3;2022-12-19;0;0;0;0;0;0;0;0;0;4416849;3441701;4462;2;3613780;2860;48;0;1
FR;3;2022-12-20;0;0;0;0;0;0;0;0;0;4416849;3441701;4462;2;3613780;2860;48;0;1
FR;3;2022-12-21;0;0;0;0;0;0;0;0;0;4416849;3441701;4462;2;3613780;2860;48;0;1
FR;3;2022-12-22;0;0;0;0;0;0;0;0;0;4416849;3441701;4462;2;3613780;2860;48;0;1
FR;3;2022-12-23;0;0;0;0;0;0;0;0;0;4416849;3441701;4462;2;3613780;2860;48;0;1
FR;3;2022-12-24;0;0;0;0;0;0;0;0;0;4416849;3441701;4462;2;3613780;2860;48;0;1
FR;3;2022-12-25;0;0;0;0;0;0;0;0;0;4416849;3441701;4462;2;3613780;2860;48;0;1
FR;3;2022-12-26;0;0;0;0;0;0;0;0;0;4416849;3441701;4462;2;3613780;2860;48;0;1
FR;3;2022-12-27;0;0;0;0;0;0;0;0;0;4416849;3441701;4462;2;3613780;2860;48;0;1
FR;3;2022-12-28;0;0;0;0;0;0;0;0;0;4416849;3441701;4462;2;3613780;2860;48;0;1
FR;3;2022-12-29;0;0;0;0;0;0;0;0;0;4416849;3441701;4462;2;3613780;2860;48;0;1
FR;3;2022-12-30;0;0;0;0;0;0;0;0;0;4416849;3441701;4462;2;3613780;2860;48;0;1
FR;3;2022-12-31;0;0;0;0;0;0;0;0;0;4416849;3441701;4462;2;3613780;2860;48;0;1
FR;3;2023-01-01;0;0;0;0;0;0;0;0;0;4416849;3441701;4462;2;3613780;2860;48;0;1
FR;3;2023-01-02;0;0;0;0;0;0;0;0;0;4416849;3441701;4462;2;3613780;2860;48;0;1
FR;3;2023-01-03;0;0;0;0;0;0;0;0;0;4416849;3441701;4462;2;3613780;2860;48;0;1
FR;3;2023-01-04;0;0;0;0;0;0;0;0;0;4416849;3441701;4462;2;3613780;2860;48;0;1
FR;3;2023-01-05;0;0;0;0;0;0;0;0;0;4416849;3441701;4462;2;3613780;2860;48;0;1
FR;3;2023-01-06;0;0;0;0;0;0;0;0;0;4416849;3441701;4462;2;3613780;2860;48;0;1
FR;3;2023-01-07;0;0;0;0;0;0;0;0;0;4416849;3441701;4462;2;3613780;2860;48;0;1
FR;3;2023-01-08;0;0;0;0;0;0;0;0;0;4416849;3441701;4462;2;3613780;2860;48;0;1
FR;3;2023-01-09;0;0;0;0;0;0;0;0;0;4416849;3441701;4462;2;3613780;2860;48;0;1
FR;3;2023-01-10;0;0;0;0;0;0;0;0;0;4416849;3441701;4462;2;3613780;2860;48;0;1
FR;3;2023-01-11;0;0;0;0;0;0;0;0;0;4416849;3441701;4462;2;3613780;2860;48;0;1
FR;3;2023-01-12;0;0;0;0;0;0;0;0;0;4416849;3441701;4462;2;3613780;2860;48;0;1
FR;3;2023-01-13;0;0;0;0;0;0;0;0;0;4416849;3441701;4462;2;3613780;2860;48;0;1
FR;3;2023-01-14;0;0;0;0;0;0;0;0;0;4416849;3441701;4462;2;3613780;2860;48;0;1
FR;3;2023-01-15;0;0;0;0;0;0;0;0;0;4416849;3441701;4462;2;3613780;2860;48;0;1
FR;3;2023-01-16;0;0;0;0;0;0;0;0;0;4416849;3441701;4462;2;3613780;2860;48;0;1
FR;3;2023-01-17;0;0;0;0;0;0;0;0;0;4416849;3441701;4462;2;3613780;2860;48;0;1
FR;3;2023-01-18;0;0;0;0;0;0;0;0;0;4416849;3441701;4462;2;3613780;2860;48;0;1
FR;3;2023-01-19;0;0;0;0;0;0;0;0;0;4416849;3441701;4462;2;3613780;2860;48;0;1
FR;3;2023-01-20;0;0;0;0;0;0;0;0;0;4416849;3441701;4462;2;3613780;2860;48;0;1
FR;3;2023-01-21;0;0;0;0;0;0;0;0;0;4416849;3441701;4462;2;3613780;2860;48;0;1
FR;3;2023-01-22;0;0;0;0;0;0;0;0;0;4416849;3441701;4462;2;3613780;2860;48;0;1
FR;3;2023-01-23;0;0;0;0;0;0;0;0;0;4416849;3441701;4462;2;3613780;2860;48;0;1
FR;3;2023-01-24;0;0;0;0;0;0;0;0;0;4416849;3441701;4462;2;3613780;2860;48;0;1
FR;3;2023-01-25;1;0;0;0;0;0;0;0;0;4416850;3441701;4462;2;3613780;2860;48;0;1
FR;3;2023-01-26;0;0;0;0;0;0;0;0;0;4416850;3441701;4462;2;3613780;2860;48;0;1
FR;3;2023-01-27;0;0;0;0;0;0;0;0;0;4416850;3441701;4462;2;3613780;2860;48;0;1
FR;3;2023-01-28;0;0;0;0;0;0;0;0;0;4416850;3441701;4462;2;3613780;2860;48;0;1
FR;3;2023-01-29;0;0;0;0;0;0;0;0;0;4416850;3441701;4462;2;3613780;2860;48;0;1
FR;3;2023-01-30;0;0;0;0;0;0;0;0;0;4416850;3441701;4462;2;3613780;2860;48;0;1
FR;3;2023-01-31;0;0;0;0;0;0;0;0;0;4416850;3441701;4462;2;3613780;2860;48;0;1
FR;3;2023-02-01;0;0;0;0;0;0;0;0;0;4416850;3441701;4462;2;3613780;2860;48;0;1
FR;3;2023-02-02;0;0;0;0;0;0;0;0;0;4416850;3441701;4462;2;3613780;2860;48;0;1
FR;3;2023-02-03;0;0;0;0;0;0;0;0;0;4416850;3441701;4462;2;3613780;2860;48;0;1
FR;3;2023-02-04;0;0;0;0;0;0;0;0;0;4416850;3441701;4462;2;3613780;2860;48;0;1
FR;3;2023-02-05;0;0;0;0;0;0;0;0;0;4416850;3441701;4462;2;3613780;2860;48;0;1
FR;3;2023-02-06;0;0;0;0;0;0;0;0;0;4416850;3441701;4462;2;3613780;2860;48;0;1
FR;3;2023-02-07;0;0;0;0;0;0;0;0;0;4416850;3441701;4462;2;3613780;2860;48;0;1
FR;3;2023-02-08;0;0;0;0;0;0;0;0;0;4416850;3441701;4462;2;3613780;2860;48;0;1
FR;3;2023-02-09;0;0;0;0;0;0;0;0;0;4416850;3441701;4462;2;3613780;2860;48;0;1
FR;3;2023-02-10;0;0;0;0;0;0;0;0;0;4416850;3441701;4462;2;3613780;2860;48;0;1
FR;3;2023-02-11;0;0;0;0;0;0;0;0;0;4416850;3441701;4462;2;3613780;2860;48;0;1
FR;3;2023-02-12;0;0;0;0;0;0;0;0;0;4416850;3441701;4462;2;3613780;2860;48;0;1
FR;3;2023-02-13;0;0;0;0;0;0;0;0;0;4416850;3441701;4462;2;3613780;2860;48;0;1
FR;3;2023-02-14;0;0;0;0;0;0;0;0;0;4416850;3441701;4462;2;3613780;2860;48;0;1
FR;3;2023-02-15;0;0;0;0;0;0;0;0;0;4416850;3441701;4462;2;3613780;2860;48;0;1
FR;3;2023-02-16;0;0;0;0;0;0;0;0;0;4416850;3441701;4462;2;3613780;2860;48;0;1
FR;3;2023-02-17;0;0;0;0;0;0;0;0;0;4416850;3441701;4462;2;3613780;2860;48;0;1
FR;3;2023-02-18;0;0;0;0;0;0;0;0;0;4416850;3441701;4462;2;3613780;2860;48;0;1
FR;3;2023-02-19;0;0;0;0;0;0;0;0;0;4416850;3441701;4462;2;3613780;2860;48;0;1
FR;3;2023-02-20;0;0;0;0;0;0;0;0;0;4416850;3441701;4462;2;3613780;2860;48;0;1
FR;3;2023-02-21;0;0;0;0;0;0;0;0;0;4416850;3441701;4462;2;3613780;2860;48;0;1
FR;3;2023-02-22;0;0;0;0;0;0;0;0;0;4416850;3441701;4462;2;3613780;2860;48;0;1
FR;3;2023-02-23;0;0;0;0;0;0;0;0;0;4416850;3441701;4462;2;3613780;2860;48;0;1
FR;3;2023-02-24;0;0;0;0;0;0;0;0;0;4416850;3441701;4462;2;3613780;2860;48;0;1
FR;3;2023-02-25;0;0;0;0;0;0;0;0;0;4416850;3441701;4462;2;3613780;2860;48;0;1
FR;3;2023-02-26;0;0;0;0;0;0;0;0;0;4416850;3441701;4462;2;3613780;2860;48;0;1
FR;3;2023-02-27;0;0;0;0;0;0;0;0;0;4416850;3441701;4462;2;3613780;2860;48;0;1
FR;3;2023-02-28;0;0;0;0;0;0;0;0;0;4416850;3441701;4462;2;3613780;2860;48;0;1
FR;3;2023-03-01;0;0;0;0;0;0;0;0;0;4416850;3441701;4462;2;3613780;2860;48;0;1
FR;3;2023-03-02;0;0;0;0;0;0;0;0;0;4416850;3441701;4462;2;3613780;2860;48;0;1
FR;3;2023-03-03;0;0;0;0;0;0;0;0;0;4416850;3441701;4462;2;3613780;2860;48;0;1
FR;3;2023-03-04;0;0;0;0;0;0;0;0;0;4416850;3441701;4462;2;3613780;2860;48;0;1
FR;3;2023-03-05;0;0;0;0;0;0;0;0;0;4416850;3441701;4462;2;3613780;2860;48;0;1
FR;3;2023-03-06;0;0;0;0;0;0;0;0;0;4416850;3441701;4462;2;3613780;2860;48;0;1
FR;3;2023-03-07;0;0;0;0;0;0;0;0;0;4416850;3441701;4462;2;3613780;2860;48;0;1
FR;3;2023-03-08;0;0;0;0;0;0;0;0;0;4416850;3441701;4462;2;3613780;2860;48;0;1
FR;3;2023-03-09;0;0;0;0;0;0;0;0;0;4416850;3441701;4462;2;3613780;2860;48;0;1
FR;3;2023-03-10;0;0;0;0;0;0;0;0;0;4416850;3441701;4462;2;3613780;2860;48;0;1
FR;3;2023-03-11;0;0;0;0;0;0;0;0;0;4416850;3441701;4462;2;3613780;2860;48;0;1
FR;3;2023-03-12;0;0;0;0;0;0;0;0;0;4416850;3441701;4462;2;3613780;2860;48;0;1
FR;3;2023-03-13;0;0;0;0;0;0;0;0;0;4416850;3441701;4462;2;3613780;2860;48;0;1
FR;3;2023-03-14;0;0;0;0;0;0;0;0;0;4416850;3441701;4462;2;3613780;2860;48;0;1
FR;3;2023-03-15;0;0;0;0;0;0;0;0;0;4416850;3441701;4462;2;3613780;2860;48;0;1
FR;3;2023-03-16;0;0;0;0;0;0;0;0;0;4416850;3441701;4462;2;3613780;2860;48;0;1
FR;3;2023-03-17;0;0;0;0;0;0;0;0;0;4416850;3441701;4462;2;3613780;2860;48;0;1
FR;3;2023-03-18;0;0;0;0;0;0;0;0;0;4416850;3441701;4462;2;3613780;2860;48;0;1
FR;3;2023-03-19;0;0;0;0;0;0;0;0;0;4416850;3441701;4462;2;3613780;2860;48;0;1
FR;3;2023-03-20;0;0;0;0;0;0;0;0;0;4416850;3441701;4462;2;3613780;2860;48;0;1
FR;3;2023-03-21;0;0;0;0;0;0;0;0;0;4416850;3441701;4462;2;3613780;2860;48;0;1
FR;3;2023-03-22;0;0;0;0;0;0;0;0;0;4416850;3441701;4462;2;3613780;2860;48;0;1
FR;4;2020-12-27;0;0;0;0;0;0;0;0;0;0;0;0;0;0;0;0;0;0
FR;4;2020-12-28;0;0;0;0;0;0;0;0;0;0;0;0;0;0;0;0;0;0
FR;4;2020-12-29;0;0;0;0;0;0;0;0;0;0;0;0;0;0;0;0;0;0
FR;4;2020-12-30;0;0;0;0;0;0;0;0;0;0;0;0;0;0;0;0;0;0
FR;4;2020-12-31;0;0;0;0;0;0;0;0;0;0;0;0;0;0;0;0;0;0
FR;4;2021-01-01;0;0;0;0;0;0;0;0;0;0;0;0;0;0;0;0;0;0
FR;4;2021-01-02;0;0;0;0;0;0;0;0;0;0;0;0;0;0;0;0;0;0
FR;4;2021-01-03;0;0;0;0;0;0;0;0;0;0;0;0;0;0;0;0;0;0
FR;4;2021-01-04;0;0;0;0;0;0;0;0;0;0;0;0;0;0;0;0;0;0
FR;4;2021-01-05;0;0;0;0;0;0;0;0;0;0;0;0;0;0;0;0;0;0
FR;4;2021-01-06;0;0;0;0;0;0;0;0;0;0;0;0;0;0;0;0;0;0
FR;4;2021-01-07;0;0;0;0;0;0;0;0;0;0;0;0;0;0;0;0;0;0
FR;4;2021-01-08;0;0;0;0;0;0;0;0;0;0;0;0;0;0;0;0;0;0
FR;4;2021-01-09;0;0;0;0;0;0;0;0;0;0;0;0;0;0;0;0;0;0
FR;4;2021-01-10;0;0;0;0;0;0;0;0;0;0;0;0;0;0;0;0;0;0
FR;4;2021-01-11;0;0;0;0;0;0;0;0;0;0;0;0;0;0;0;0;0;0
FR;4;2021-01-12;0;0;0;0;0;0;0;0;0;0;0;0;0;0;0;0;0;0
FR;4;2021-01-13;0;0;0;0;0;0;0;0;0;0;0;0;0;0;0;0;0;0
FR;4;2021-01-14;0;0;0;0;0;0;0;0;0;0;0;0;0;0;0;0;0;0
FR;4;2021-01-15;0;0;0;0;0;0;0;0;0;0;0;0;0;0;0;0;0;0
FR;4;2021-01-16;0;0;0;0;0;0;0;0;0;0;0;0;0;0;0;0;0;0
FR;4;2021-01-17;0;0;0;0;0;0;0;0;0;0;0;0;0;0;0;0;0;0
FR;4;2021-01-18;0;0;0;0;0;0;0;0;0;0;0;0;0;0;0;0;0;0
FR;4;2021-01-19;0;0;0;0;0;0;0;0;0;0;0;0;0;0;0;0;0;0
FR;4;2021-01-20;0;0;0;0;0;0;0;0;0;0;0;0;0;0;0;0;0;0
FR;4;2021-01-21;0;0;0;0;0;0;0;0;0;0;0;0;0;0;0;0;0;0
FR;4;2021-01-22;0;0;0;0;0;0;0;0;0;0;0;0;0;0;0;0;0;0
FR;4;2021-01-23;0;0;0;0;0;0;0;0;0;0;0;0;0;0;0;0;0;0
FR;4;2021-01-24;0;0;0;0;0;0;0;0;0;0;0;0;0;0;0;0;0;0
FR;4;2021-01-25;0;0;0;0;0;0;0;0;0;0;0;0;0;0;0;0;0;0
FR;4;2021-01-26;0;0;0;0;0;0;0;0;0;0;0;0;0;0;0;0;0;0
FR;4;2021-01-27;0;0;0;0;0;0;0;0;0;0;0;0;0;0;0;0;0;0
FR;4;2021-01-28;0;0;0;0;0;0;0;0;0;0;0;0;0;0;0;0;0;0
FR;4;2021-01-29;0;0;0;0;0;0;0;0;0;0;0;0;0;0;0;0;0;0
FR;4;2021-01-30;0;0;0;0;0;0;0;0;0;0;0;0;0;0;0;0;0;0
FR;4;2021-01-31;0;0;0;0;0;0;0;0;0;0;0;0;0;0;0;0;0;0
FR;4;2021-02-01;0;0;0;0;0;0;0;0;0;0;0;0;0;0;0;0;0;0
FR;4;2021-02-02;0;0;0;0;0;0;0;0;0;0;0;0;0;0;0;0;0;0
FR;4;2021-02-03;0;0;0;0;0;0;0;0;0;0;0;0;0;0;0;0;0;0
FR;4;2021-02-04;0;0;0;0;0;0;0;0;0;0;0;0;0;0;0;0;0;0
FR;4;2021-02-05;0;0;0;0;0;0;0;0;0;0;0;0;0;0;0;0;0;0
FR;4;2021-02-06;0;0;0;0;0;0;0;0;0;0;0;0;0;0;0;0;0;0
FR;4;2021-02-07;0;0;0;0;0;0;0;0;0;0;0;0;0;0;0;0;0;0
FR;4;2021-02-08;0;0;0;0;0;0;0;0;0;0;0;0;0;0;0;0;0;0
FR;4;2021-02-09;0;0;0;0;0;0;0;0;0;0;0;0;0;0;0;0;0;0
FR;4;2021-02-10;0;0;0;0;0;0;0;0;0;0;0;0;0;0;0;0;0;0
FR;4;2021-02-11;0;0;0;0;0;0;0;0;0;0;0;0;0;0;0;0;0;0
FR;4;2021-02-12;0;0;0;0;0;0;0;0;0;0;0;0;0;0;0;0;0;0
FR;4;2021-02-13;0;0;0;0;0;0;0;0;0;0;0;0;0;0;0;0;0;0
FR;4;2021-02-14;0;0;0;0;0;0;0;0;0;0;0;0;0;0;0;0;0;0
FR;4;2021-02-15;0;0;0;0;0;0;0;0;0;0;0;0;0;0;0;0;0;0
FR;4;2021-02-16;0;0;0;0;0;0;0;0;0;0;0;0;0;0;0;0;0;0
FR;4;2021-02-17;0;0;0;0;0;0;0;0;0;0;0;0;0;0;0;0;0;0
FR;4;2021-02-18;0;0;0;0;0;0;0;0;0;0;0;0;0;0;0;0;0;0
FR;4;2021-02-19;0;0;0;0;0;0;0;0;0;0;0;0;0;0;0;0;0;0
FR;4;2021-02-20;0;0;0;0;0;0;0;0;0;0;0;0;0;0;0;0;0;0
FR;4;2021-02-21;0;0;0;0;0;0;0;0;0;0;0;0;0;0;0;0;0;0
FR;4;2021-02-22;0;0;0;0;0;0;0;0;0;0;0;0;0;0;0;0;0;0
FR;4;2021-02-23;0;0;0;0;0;0;0;0;0;0;0;0;0;0;0;0;0;0
FR;4;2021-02-24;0;0;0;0;0;0;0;0;0;0;0;0;0;0;0;0;0;0
FR;4;2021-02-25;0;0;0;0;0;0;0;0;0;0;0;0;0;0;0;0;0;0
FR;4;2021-02-26;0;0;0;0;0;0;0;0;0;0;0;0;0;0;0;0;0;0
FR;4;2021-02-27;0;0;0;0;0;0;0;0;0;0;0;0;0;0;0;0;0;0
FR;4;2021-02-28;0;0;0;0;0;0;0;0;0;0;0;0;0;0;0;0;0;0
FR;4;2021-03-01;0;0;0;0;0;0;0;0;0;0;0;0;0;0;0;0;0;0
FR;4;2021-03-02;0;0;0;0;0;0;0;0;0;0;0;0;0;0;0;0;0;0
FR;4;2021-03-03;0;0;0;0;0;0;0;0;0;0;0;0;0;0;0;0;0;0
FR;4;2021-03-04;0;0;0;0;0;0;0;0;0;0;0;0;0;0;0;0;0;0
FR;4;2021-03-05;0;0;0;0;0;0;0;0;0;0;0;0;0;0;0;0;0;0
FR;4;2021-03-06;0;0;0;0;0;0;0;0;0;0;0;0;0;0;0;0;0;0
FR;4;2021-03-07;0;0;0;0;0;0;0;0;0;0;0;0;0;0;0;0;0;0
FR;4;2021-03-08;0;0;0;0;0;0;0;0;0;0;0;0;0;0;0;0;0;0
FR;4;2021-03-09;0;0;0;0;0;0;0;0;0;0;0;0;0;0;0;0;0;0
FR;4;2021-03-10;0;0;0;0;0;0;0;0;0;0;0;0;0;0;0;0;0;0
FR;4;2021-03-11;0;0;0;0;0;0;0;0;0;0;0;0;0;0;0;0;0;0
FR;4;2021-03-12;0;0;0;0;0;0;0;0;0;0;0;0;0;0;0;0;0;0
FR;4;2021-03-13;0;0;0;0;0;0;0;0;0;0;0;0;0;0;0;0;0;0
FR;4;2021-03-14;0;0;0;0;0;0;0;0;0;0;0;0;0;0;0;0;0;0
FR;4;2021-03-15;0;0;0;0;0;0;0;0;0;0;0;0;0;0;0;0;0;0
FR;4;2021-03-16;0;0;0;0;0;0;0;0;0;0;0;0;0;0;0;0;0;0
FR;4;2021-03-17;0;0;0;0;0;0;0;0;0;0;0;0;0;0;0;0;0;0
FR;4;2021-03-18;0;0;0;0;0;0;0;0;0;0;0;0;0;0;0;0;0;0
FR;4;2021-03-19;0;0;0;0;0;0;0;0;0;0;0;0;0;0;0;0;0;0
FR;4;2021-03-20;0;0;0;0;0;0;0;0;0;0;0;0;0;0;0;0;0;0
FR;4;2021-03-21;0;0;0;0;0;0;0;0;0;0;0;0;0;0;0;0;0;0
FR;4;2021-03-22;0;0;0;0;0;0;0;0;0;0;0;0;0;0;0;0;0;0
FR;4;2021-03-23;0;0;0;0;0;0;0;0;0;0;0;0;0;0;0;0;0;0
FR;4;2021-03-24;0;0;0;0;0;0;0;0;0;0;0;0;0;0;0;0;0;0
FR;4;2021-03-25;0;0;0;0;0;0;0;0;0;0;0;0;0;0;0;0;0;0
FR;4;2021-03-26;0;0;0;0;0;0;0;0;0;0;0;0;0;0;0;0;0;0
FR;4;2021-03-27;0;0;0;0;0;0;0;0;0;0;0;0;0;0;0;0;0;0
FR;4;2021-03-28;0;0;0;0;0;0;0;0;0;0;0;0;0;0;0;0;0;0
FR;4;2021-03-29;0;0;0;0;0;0;0;0;0;0;0;0;0;0;0;0;0;0
FR;4;2021-03-30;0;0;0;0;0;0;0;0;0;0;0;0;0;0;0;0;0;0
FR;4;2021-03-31;0;0;0;0;0;0;0;0;0;0;0;0;0;0;0;0;0;0
FR;4;2021-04-01;0;0;0;0;0;0;0;0;0;0;0;0;0;0;0;0;0;0
FR;4;2021-04-02;0;0;0;0;0;0;0;0;0;0;0;0;0;0;0;0;0;0
FR;4;2021-04-03;0;0;0;0;0;0;0;0;0;0;0;0;0;0;0;0;0;0
FR;4;2021-04-04;0;0;0;0;0;0;0;0;0;0;0;0;0;0;0;0;0;0
FR;4;2021-04-05;0;0;0;0;0;0;0;0;0;0;0;0;0;0;0;0;0;0
FR;4;2021-04-06;0;0;0;0;0;0;0;0;0;0;0;0;0;0;0;0;0;0
FR;4;2021-04-07;0;0;0;0;0;0;0;0;0;0;0;0;0;0;0;0;0;0
FR;4;2021-04-08;0;0;0;0;0;0;0;0;0;0;0;0;0;0;0;0;0;0
FR;4;2021-04-09;0;0;0;0;0;0;0;0;0;0;0;0;0;0;0;0;0;0
FR;4;2021-04-10;0;0;0;0;0;0;0;0;0;0;0;0;0;0;0;0;0;0
FR;4;2021-04-11;0;0;0;0;0;0;0;0;0;0;0;0;0;0;0;0;0;0
FR;4;2021-04-12;0;0;0;0;0;0;0;0;0;0;0;0;0;0;0;0;0;0
FR;4;2021-04-13;0;0;0;0;0;0;0;0;0;0;0;0;0;0;0;0;0;0
FR;4;2021-04-14;0;0;0;0;0;0;0;0;0;0;0;0;0;0;0;0;0;0
FR;4;2021-04-15;0;0;0;0;0;0;0;0;0;0;0;0;0;0;0;0;0;0
FR;4;2021-04-16;0;0;0;0;0;0;0;0;0;0;0;0;0;0;0;0;0;0
FR;4;2021-04-17;0;0;0;0;0;0;0;0;0;0;0;0;0;0;0;0;0;0
FR;4;2021-04-18;0;0;0;0;0;0;0;0;0;0;0;0;0;0;0;0;0;0
FR;4;2021-04-19;0;0;0;0;0;0;0;0;0;0;0;0;0;0;0;0;0;0
FR;4;2021-04-20;0;0;0;0;0;0;0;0;0;0;0;0;0;0;0;0;0;0
FR;4;2021-04-21;0;0;0;0;0;0;0;0;0;0;0;0;0;0;0;0;0;0
FR;4;2021-04-22;0;0;0;0;0;0;0;0;0;0;0;0;0;0;0;0;0;0
FR;4;2021-04-23;3661;0;0;0;3623;0;0;0;0;3661;0;0;0;3623;0;0;0;0
FR;4;2021-04-24;1570;1;0;0;1559;0;0;0;0;5231;1;0;0;5182;0;0;0;0
FR;4;2021-04-25;125;0;0;0;125;0;0;0;0;5356;1;0;0;5307;0;0;0;0
FR;4;2021-04-26;2872;1;0;0;2861;0;0;0;0;8228;2;0;0;8168;0;0;0;0
FR;4;2021-04-27;9520;3;0;0;9501;0;0;0;0;17748;5;0;0;17669;0;0;0;0
FR;4;2021-04-28;9910;6;0;0;9885;0;0;0;0;27658;11;0;0;27554;0;0;0;0
FR;4;2021-04-29;15995;8;0;0;15979;0;0;0;0;43653;19;0;0;43533;0;0;0;0
FR;4;2021-04-30;19234;10;0;0;19205;0;0;0;0;62887;29;0;0;62738;0;0;0;0
FR;4;2021-05-01;1994;6;0;0;1992;0;0;0;0;64881;35;0;0;64730;0;0;0;0
FR;4;2021-05-02;484;0;0;0;482;0;0;0;0;65365;35;0;0;65212;0;0;0;0
FR;4;2021-05-03;5066;2;0;0;5059;0;0;0;0;70431;37;0;0;70271;0;0;0;0
FR;4;2021-05-04;8411;11;0;0;8400;0;0;0;0;78842;48;0;0;78671;0;0;0;0
FR;4;2021-05-05;6193;7;0;0;6188;0;0;0;0;85035;55;0;0;84859;0;0;0;0
FR;4;2021-05-06;11388;11;0;0;11385;0;0;0;0;96423;66;0;0;96244;0;0;0;0
FR;4;2021-05-07;19127;9;0;0;19088;0;0;0;0;115550;75;0;0;115332;0;0;0;0
FR;4;2021-05-08;2376;7;0;0;2380;0;0;0;0;117926;82;0;0;117712;0;0;0;0
FR;4;2021-05-09;692;3;0;0;693;0;0;0;0;118618;85;0;0;118405;0;0;0;0
FR;4;2021-05-10;7246;5;1;0;7243;0;0;0;0;125864;90;1;0;125648;0;0;0;0
FR;4;2021-05-11;14326;13;0;0;14306;0;0;0;0;140190;103;1;0;139954;0;0;0;0
FR;4;2021-05-12;10176;15;0;0;10179;0;0;0;0;150366;118;1;0;150133;0;0;0;0
FR;4;2021-05-13;1584;4;0;0;1585;0;0;0;0;151950;122;1;0;151718;0;0;0;0
FR;4;2021-05-14;7768;7;0;0;7763;0;0;0;0;159718;129;1;0;159481;0;0;0;0
FR;4;2021-05-15;3721;8;1;0;3720;0;0;0;0;163439;137;2;0;163201;0;0;0;0
FR;4;2021-05-16;417;1;0;0;417;0;0;0;0;163856;138;2;0;163618;0;0;0;0
FR;4;2021-05-17;4485;8;0;0;4484;0;0;0;0;168341;146;2;0;168102;0;0;0;0
FR;4;2021-05-18;8769;10;0;0;8769;0;0;0;0;177110;156;2;0;176871;0;0;0;0
FR;4;2021-05-19;5699;7;0;0;5701;0;0;0;0;182809;163;2;0;182572;0;0;0;0
FR;4;2021-05-20;9487;8;0;0;9479;0;0;0;0;192296;171;2;0;192051;0;0;0;0
FR;4;2021-05-21;12816;30;0;0;12823;0;0;0;0;205112;201;2;0;204874;0;0;0;0
FR;4;2021-05-22;5061;15;0;0;5068;0;0;0;0;210173;216;2;0;209942;0;0;0;0
FR;4;2021-05-23;498;4;0;0;501;0;0;0;0;210671;220;2;0;210443;0;0;0;0
FR;4;2021-05-24;1062;7;0;0;1066;0;0;0;0;211733;227;2;0;211509;0;0;0;0
FR;4;2021-05-25;7637;16;0;0;7643;0;0;0;0;219370;243;2;0;219152;0;0;0;0
FR;4;2021-05-26;7731;16;0;0;7739;0;0;0;0;227101;259;2;0;226891;0;0;0;0
FR;4;2021-05-27;14340;35;0;0;14349;0;0;0;0;241441;294;2;0;241240;0;0;0;0
FR;4;2021-05-28;26593;82;1;0;26634;0;0;0;0;268034;376;3;0;267874;0;0;0;0
FR;4;2021-05-29;11385;19;0;0;11385;0;0;0;0;279419;395;3;0;279259;0;0;0;0
FR;4;2021-05-30;974;7;0;0;973;0;0;0;0;280393;402;3;0;280232;0;0;0;0
FR;4;2021-05-31;12700;21;0;0;12700;0;0;0;0;293093;423;3;0;292932;0;0;0;0
FR;4;2021-06-01;20283;48;1;0;20301;0;0;0;0;313376;471;4;0;313233;0;0;0;0
FR;4;2021-06-02;14526;33;0;0;14538;0;0;0;0;327902;504;4;0;327771;0;0;0;0
FR;4;2021-06-03;19436;24;1;0;19434;0;0;0;0;347338;528;5;0;347205;0;0;0;0
FR;4;2021-06-04;22520;48;0;0;22538;0;0;0;0;369858;576;5;0;369743;0;0;0;0
FR;4;2021-06-05;9717;32;0;0;9721;0;0;0;0;379575;608;5;0;379464;0;0;0;0
FR;4;2021-06-06;1041;2;0;0;1037;0;0;0;0;380616;610;5;0;380501;0;0;0;0
FR;4;2021-06-07;9230;19;0;0;9238;0;0;0;0;389846;629;5;0;389739;0;0;0;0
FR;4;2021-06-08;14614;32;0;0;14626;0;0;0;0;404460;661;5;0;404365;0;0;0;0
FR;4;2021-06-09;12218;25;0;0;12226;0;0;0;0;416678;686;5;0;416591;0;0;0;0
FR;4;2021-06-10;15408;30;0;0;15416;0;0;0;0;432086;716;5;0;432007;0;0;0;0
FR;4;2021-06-11;16989;57;0;0;17016;0;0;0;0;449075;773;5;0;449023;0;0;0;0
FR;4;2021-06-12;7453;27;0;0;7478;0;0;0;0;456528;800;5;0;456501;0;0;0;0
FR;4;2021-06-13;908;3;0;0;910;0;0;0;0;457436;803;5;0;457411;0;0;0;0
FR;4;2021-06-14;6652;27;0;0;6662;0;0;0;0;464088;830;5;0;464073;0;0;0;0
FR;4;2021-06-15;10896;39;0;0;10913;0;0;0;0;474984;869;5;0;474986;0;0;0;0
FR;4;2021-06-16;8909;17;0;0;8917;0;0;0;0;483893;886;5;0;483903;0;0;0;0
FR;4;2021-06-17;10903;36;0;0;10915;0;0;0;0;494796;922;5;0;494818;0;0;0;0
FR;4;2021-06-18;12427;45;0;0;12454;0;0;0;0;507223;967;5;0;507272;0;0;0;0
FR;4;2021-06-19;5568;25;0;0;5588;0;0;0;0;512791;992;5;0;512860;0;0;0;0
FR;4;2021-06-20;828;5;0;0;832;0;0;0;0;513619;997;5;0;513692;0;0;0;0
FR;4;2021-06-21;5106;21;0;0;5106;0;0;0;0;518725;1018;5;0;518798;0;0;0;0
FR;4;2021-06-22;7914;29;2;0;7932;0;0;0;0;526639;1047;7;0;526730;0;0;0;0
FR;4;2021-06-23;7106;43;2;0;7133;0;0;0;0;533745;1090;9;0;533863;0;0;0;0
FR;4;2021-06-24;8656;46;1;0;8688;0;0;0;0;542401;1136;10;0;542551;0;0;0;0
FR;4;2021-06-25;10178;41;2;0;10210;0;0;0;0;552579;1177;12;0;552761;0;0;0;0
FR;4;2021-06-26;4854;21;0;0;4871;0;0;0;0;557433;1198;12;0;557632;0;0;0;0
FR;4;2021-06-27;769;4;0;0;771;0;0;0;0;558202;1202;12;0;558403;0;0;0;0
FR;4;2021-06-28;4835;16;1;0;4843;0;0;0;0;563037;1218;13;0;563246;0;0;0;0
FR;4;2021-06-29;7110;28;2;0;7119;0;0;0;0;570147;1246;15;0;570365;0;0;0;0
FR;4;2021-06-30;6728;40;2;0;6756;0;0;0;0;576875;1286;17;0;577121;0;0;0;0
FR;4;2021-07-01;8212;42;0;0;8234;0;0;0;0;585087;1328;17;0;585355;0;0;0;0
FR;4;2021-07-02;9430;53;1;0;9470;0;0;0;0;594517;1381;18;0;594825;0;0;0;0
FR;4;2021-07-03;4847;20;0;0;4862;0;0;0;0;599364;1401;18;0;599687;0;0;0;0
FR;4;2021-07-04;690;5;0;0;692;0;0;0;0;600054;1406;18;0;600379;0;0;0;0
FR;4;2021-07-05;4774;19;2;0;4785;0;0;0;0;604828;1425;20;0;605164;0;0;0;0
FR;4;2021-07-06;7729;29;4;0;7742;0;0;0;0;612557;1454;24;0;612906;0;0;0;0
FR;4;2021-07-07;7088;34;2;0;7100;0;0;0;0;619645;1488;26;0;620006;0;0;0;0
FR;4;2021-07-08;9235;40;2;0;9258;0;0;0;0;628880;1528;28;0;629264;0;0;0;0
FR;4;2021-07-09;10282;34;1;0;10305;0;0;0;0;639162;1562;29;0;639569;0;0;0;0
FR;4;2021-07-10;4639;14;2;0;4646;0;0;0;0;643801;1576;31;0;644215;0;0;0;0
FR;4;2021-07-11;586;4;1;0;584;0;0;0;0;644387;1580;32;0;644799;0;0;0;0
FR;4;2021-07-12;5878;29;0;0;5900;0;0;0;0;650265;1609;32;0;650699;0;0;0;0
FR;4;2021-07-13;14231;29;0;0;14249;0;0;0;0;664496;1638;32;0;664948;0;0;0;0
FR;4;2021-07-14;2291;15;0;0;2291;0;0;0;0;666787;1653;32;0;667239;0;0;0;0
FR;4;2021-07-15;18239;37;0;0;18256;0;0;0;0;685026;1690;32;0;685495;0;0;0;0
FR;4;2021-07-16;22838;71;2;0;22888;0;0;0;0;707864;1761;34;0;708383;0;0;0;0
FR;4;2021-07-17;9741;20;0;0;9749;0;0;0;0;717605;1781;34;0;718132;0;0;0;0
FR;4;2021-07-18;1359;5;0;0;1362;0;0;0;0;718964;1786;34;0;719494;0;0;0;0
FR;4;2021-07-19;12991;30;1;0;13016;0;0;0;0;731955;1816;35;0;732510;0;0;0;0
FR;4;2021-07-20;17343;26;1;0;17359;0;0;0;0;749298;1842;36;0;749869;0;0;0;0
FR;4;2021-07-21;15623;33;0;0;15643;0;0;0;0;764921;1875;36;0;765512;0;0;0;0
FR;4;2021-07-22;18247;45;2;0;18271;0;0;0;0;783168;1920;38;0;783783;0;0;0;0
FR;4;2021-07-23;20420;57;7;0;20453;0;0;0;0;803588;1977;45;0;804236;0;0;0;0
FR;4;2021-07-24;9290;34;0;0;9305;0;0;0;0;812878;2011;45;0;813541;0;0;0;0
FR;4;2021-07-25;1356;11;0;0;1358;0;0;0;0;814234;2022;45;0;814899;0;0;0;0
FR;4;2021-07-26;11050;23;0;0;11057;0;0;0;0;825284;2045;45;0;825956;0;0;0;0
FR;4;2021-07-27;14687;35;3;0;14707;0;0;0;0;839971;2080;48;0;840663;0;0;0;0
FR;4;2021-07-28;12937;26;2;0;12954;0;0;0;0;852908;2106;50;0;853617;0;0;0;0
FR;4;2021-07-29;14097;54;4;0;14139;0;0;0;0;867005;2160;54;0;867756;0;0;0;0
FR;4;2021-07-30;15502;46;2;0;15533;0;0;0;0;882507;2206;56;0;883289;0;0;0;0
FR;4;2021-07-31;6845;14;2;0;6855;0;0;0;0;889352;2220;58;0;890144;0;0;0;0
FR;4;2021-08-01;906;1;0;0;901;0;0;0;0;890258;2221;58;0;891045;0;0;0;0
FR;4;2021-08-02;7918;31;0;0;7919;0;0;0;0;898176;2252;58;0;898964;0;0;0;0
FR;4;2021-08-03;10805;31;2;0;10801;0;0;0;0;908981;2283;60;0;909765;0;0;0;0
FR;4;2021-08-04;9749;29;0;0;9748;0;0;0;0;918730;2312;60;0;919513;0;0;0;0
FR;4;2021-08-05;9831;42;0;0;9837;0;0;0;0;928561;2354;60;0;929350;0;0;0;0
FR;4;2021-08-06;10201;30;3;0;10198;0;0;0;0;938762;2384;63;0;939548;0;0;0;0
FR;4;2021-08-07;5100;30;1;0;5116;0;0;0;0;943862;2414;64;0;944664;0;0;0;0
FR;4;2021-08-08;1225;13;0;0;1228;0;0;0;0;945087;2427;64;0;945892;0;0;0;0
FR;4;2021-08-09;6350;31;0;0;6343;0;0;0;0;951437;2458;64;0;952235;0;0;0;0
FR;4;2021-08-10;8753;18;0;0;8724;0;0;0;0;960190;2476;64;0;960959;0;0;0;0
FR;4;2021-08-11;7945;34;4;0;7934;0;0;0;0;968135;2510;68;0;968893;0;0;0;0
FR;4;2021-08-12;8585;31;1;0;8573;0;0;0;0;976720;2541;69;0;977466;0;0;0;0
FR;4;2021-08-13;7561;25;0;1;7548;0;0;0;0;984281;2566;69;1;985014;0;0;0;0
FR;4;2021-08-14;3793;20;0;0;3777;0;0;0;0;988074;2586;69;1;988791;0;0;0;0
FR;4;2021-08-15;771;5;0;0;773;0;0;0;0;988845;2591;69;1;989564;0;0;0;0
FR;4;2021-08-16;4009;17;0;0;4004;0;0;0;0;992854;2608;69;1;993568;0;0;0;0
FR;4;2021-08-17;5634;17;1;0;5624;0;0;0;0;998488;2625;70;1;999192;0;0;0;0
FR;4;2021-08-18;5173;37;0;0;5190;0;0;0;0;1003661;2662;70;1;1004382;0;0;0;0
FR;4;2021-08-19;5488;34;3;0;5502;0;0;0;0;1009149;2696;73;1;1009884;0;0;0;0
FR;4;2021-08-20;5225;25;1;0;5235;0;0;0;0;1014374;2721;74;1;1015119;0;0;0;0
FR;4;2021-08-21;2311;23;1;0;2328;0;0;0;0;1016685;2744;75;1;1017447;0;0;0;0
FR;4;2021-08-22;414;2;0;0;415;0;0;0;0;1017099;2746;75;1;1017862;0;0;0;0
FR;4;2021-08-23;2936;21;1;0;2944;0;0;0;0;1020035;2767;76;1;1020806;0;0;0;0
FR;4;2021-08-24;3758;16;0;0;3761;0;0;0;0;1023793;2783;76;1;1024567;0;0;0;0
FR;4;2021-08-25;3545;25;1;0;3561;0;0;0;0;1027338;2808;77;1;1028128;0;0;0;0
FR;4;2021-08-26;3716;21;2;0;3728;0;0;0;0;1031054;2829;79;1;1031856;0;0;0;0
FR;4;2021-08-27;3617;31;2;0;3635;0;0;0;0;1034671;2860;81;1;1035491;0;0;0;0
FR;4;2021-08-28;1732;10;1;0;1737;0;0;0;0;1036403;2870;82;1;1037228;0;0;0;0
FR;4;2021-08-29;385;7;1;0;389;0;0;0;0;1036788;2877;83;1;1037617;0;0;0;0
FR;4;2021-08-30;2010;25;0;0;2018;16;0;0;0;1038798;2902;83;1;1039635;16;0;0;0
FR;4;2021-08-31;2487;21;0;0;2494;14;0;0;0;1041285;2923;83;1;1042129;30;0;0;0
FR;4;2021-09-01;2085;38;1;0;2096;22;0;0;0;1043370;2961;84;1;1044225;52;0;0;0
FR;4;2021-09-02;2309;31;4;0;2322;18;0;0;0;1045679;2992;88;1;1046547;70;0;0;0
FR;4;2021-09-03;2366;44;5;0;2375;36;0;0;0;1048045;3036;93;1;1048922;106;0;0;0
FR;4;2021-09-04;1374;18;0;0;1381;9;0;0;0;1049419;3054;93;1;1050303;115;0;0;0
FR;4;2021-09-05;434;2;0;0;434;2;0;0;0;1049853;3056;93;1;1050737;117;0;0;0
FR;4;2021-09-06;1713;62;0;0;1750;24;0;0;0;1051566;3118;93;1;1052487;141;0;0;0
FR;4;2021-09-07;1681;18;0;0;1690;8;0;0;0;1053247;3136;93;1;1054177;149;0;0;0
FR;4;2021-09-08;1286;26;3;0;1291;19;0;0;0;1054533;3162;96;1;1055468;168;0;0;0
FR;4;2021-09-09;1394;23;2;0;1404;9;0;0;0;1055927;3185;98;1;1056872;177;0;0;0
FR;4;2021-09-10;1521;31;2;0;1525;23;1;0;0;1057448;3216;100;1;1058397;200;1;0;0
FR;4;2021-09-11;746;11;0;0;749;3;0;0;0;1058194;3227;100;1;1059146;203;1;0;0
FR;4;2021-09-12;169;5;0;0;170;4;0;0;0;1058363;3232;100;1;1059316;207;1;0;0
FR;4;2021-09-13;1325;22;1;0;1328;16;0;0;0;1059688;3254;101;1;1060644;223;1;0;0
FR;4;2021-09-14;1507;9;2;0;1509;7;0;0;0;1061195;3263;103;1;1062153;230;1;0;0
FR;4;2021-09-15;1095;28;1;0;1098;25;0;0;0;1062290;3291;104;1;1063251;255;1;0;0
FR;4;2021-09-16;1106;22;2;0;1110;15;0;0;0;1063396;3313;106;1;1064361;270;1;0;0
FR;4;2021-09-17;898;21;1;0;905;12;0;0;0;1064294;3334;107;1;1065266;282;1;0;0
FR;4;2021-09-18;464;7;1;0;465;6;0;0;0;1064758;3341;108;1;1065731;288;1;0;0
FR;4;2021-09-19;182;3;0;0;183;2;0;0;0;1064940;3344;108;1;1065914;290;1;0;0
FR;4;2021-09-20;452;19;0;0;458;13;0;0;0;1065392;3363;108;1;1066372;303;1;0;0
FR;4;2021-09-21;434;11;0;0;436;7;0;0;0;1065826;3374;108;1;1066808;310;1;0;0
FR;4;2021-09-22;377;19;4;0;384;15;0;0;0;1066203;3393;112;1;1067192;325;1;0;0
FR;4;2021-09-23;488;15;1;0;489;14;0;0;0;1066691;3408;113;1;1067681;339;1;0;0
FR;4;2021-09-24;415;13;2;0;419;9;0;0;0;1067106;3421;115;1;1068100;348;1;0;0
FR;4;2021-09-25;281;10;1;0;282;5;0;0;0;1067387;3431;116;1;1068382;353;1;0;0
FR;4;2021-09-26;75;2;0;0;76;1;0;0;0;1067462;3433;116;1;1068458;354;1;0;0
FR;4;2021-09-27;270;10;1;0;271;8;0;0;0;1067732;3443;117;1;1068729;362;1;0;0
FR;4;2021-09-28;319;8;0;0;319;8;0;0;0;1068051;3451;117;1;1069048;370;1;0;0
FR;4;2021-09-29;378;19;1;0;380;13;0;0;0;1068429;3470;118;1;1069428;383;1;0;0
FR;4;2021-09-30;367;41;0;0;381;22;0;0;0;1068796;3511;118;1;1069809;405;1;0;0
FR;4;2021-10-01;411;56;0;0;413;50;0;0;0;1069207;3567;118;1;1070222;455;1;0;0
FR;4;2021-10-02;196;23;1;0;198;14;0;0;0;1069403;3590;119;1;1070420;469;1;0;0
FR;4;2021-10-03;86;1;0;0;87;0;0;0;0;1069489;3591;119;1;1070507;469;1;0;0
FR;4;2021-10-04;363;20;1;0;367;16;0;0;0;1069852;3611;120;1;1070874;485;1;0;0
FR;4;2021-10-05;286;19;2;0;288;15;0;0;0;1070138;3630;122;1;1071162;500;1;0;0
FR;4;2021-10-06;249;23;1;0;254;18;0;0;0;1070387;3653;123;1;1071416;518;1;0;0
FR;4;2021-10-07;268;25;2;0;273;13;0;0;0;1070655;3678;125;1;1071689;531;1;0;0
FR;4;2021-10-08;357;24;2;0;360;20;0;0;0;1071012;3702;127;1;1072049;551;1;0;0
FR;4;2021-10-09;194;6;6;0;195;7;0;0;0;1071206;3708;133;1;1072244;558;1;0;0
FR;4;2021-10-10;97;3;2;0;99;3;0;0;0;1071303;3711;135;1;1072343;561;1;0;0
FR;4;2021-10-11;252;15;1;0;253;14;0;0;0;1071555;3726;136;1;1072596;575;1;0;0
FR;4;2021-10-12;211;14;0;0;211;13;0;0;0;1071766;3740;136;1;1072807;588;1;0;0
FR;4;2021-10-13;221;28;1;0;224;25;0;0;0;1071987;3768;137;1;1073031;613;1;0;0
FR;4;2021-10-14;316;21;4;0;320;15;0;0;0;1072303;3789;141;1;1073351;628;1;0;0
FR;4;2021-10-15;324;24;5;0;325;25;0;0;0;1072627;3813;146;1;1073676;653;1;0;0
FR;4;2021-10-16;167;6;2;0;167;6;0;0;0;1072794;3819;148;1;1073843;659;1;0;0
FR;4;2021-10-17;70;2;0;0;71;1;0;0;0;1072864;3821;148;1;1073914;660;1;0;0
FR;4;2021-10-18;281;16;1;0;283;13;0;0;0;1073145;3837;149;1;1074197;673;1;0;0
FR;4;2021-10-19;216;14;2;0;216;15;0;0;0;1073361;3851;151;1;1074413;688;1;0;0
FR;4;2021-10-20;232;27;4;0;235;15;0;0;0;1073593;3878;155;1;1074648;703;1;0;0
FR;4;2021-10-21;244;18;0;0;246;14;0;0;0;1073837;3896;155;1;1074894;717;1;0;0
FR;4;2021-10-22;217;25;2;0;219;20;1;0;0;1074054;3921;157;1;1075113;737;2;0;0
FR;4;2021-10-23;117;16;1;0;118;15;0;0;0;1074171;3937;158;1;1075231;752;2;0;0
FR;4;2021-10-24;39;4;0;0;39;1;0;0;0;1074210;3941;158;1;1075270;753;2;0;0
FR;4;2021-10-25;218;7;2;0;218;9;0;0;0;1074428;3948;160;1;1075488;762;2;0;0
FR;4;2021-10-26;200;14;0;0;202;12;0;0;0;1074628;3962;160;1;1075690;774;2;0;0
FR;4;2021-10-27;196;12;4;0;196;12;2;0;0;1074824;3974;164;1;1075886;786;4;0;0
FR;4;2021-10-28;186;18;5;0;186;22;0;0;0;1075010;3992;169;1;1076072;808;4;0;0
FR;4;2021-10-29;227;18;2;0;228;16;0;0;0;1075237;4010;171;1;1076300;824;4;0;0
FR;4;2021-10-30;104;2;1;0;105;2;0;0;0;1075341;4012;172;1;1076405;826;4;0;0
FR;4;2021-10-31;59;3;2;0;60;3;0;0;0;1075400;4015;174;1;1076465;829;4;0;0
FR;4;2021-11-01;76;27;4;0;77;24;3;0;0;1075476;4042;178;1;1076542;853;7;0;0
FR;4;2021-11-02;164;21;2;0;165;21;0;0;0;1075640;4063;180;1;1076707;874;7;0;0
FR;4;2021-11-03;132;21;8;1;133;19;6;0;0;1075772;4084;188;2;1076840;893;13;0;0
FR;4;2021-11-04;187;15;1;0;188;12;1;0;0;1075959;4099;189;2;1077028;905;14;0;0
FR;4;2021-11-05;130;17;1;0;131;16;0;0;0;1076089;4116;190;2;1077159;921;14;0;0
FR;4;2021-11-06;82;6;1;0;82;6;0;0;0;1076171;4122;191;2;1077241;927;14;0;0
FR;4;2021-11-07;83;2;2;0;83;4;0;0;0;1076254;4124;193;2;1077324;931;14;0;0
FR;4;2021-11-08;162;20;1;0;163;20;0;0;0;1076416;4144;194;2;1077487;951;14;0;0
FR;4;2021-11-09;159;14;3;0;159;16;0;0;0;1076575;4158;197;2;1077646;967;14;0;0
FR;4;2021-11-10;121;30;7;0;121;33;2;0;0;1076696;4188;204;2;1077767;1000;16;0;0
FR;4;2021-11-11;100;10;1;0;100;11;0;0;0;1076796;4198;205;2;1077867;1011;16;0;0
FR;4;2021-11-12;107;19;2;0;108;18;1;0;0;1076903;4217;207;2;1077975;1029;17;0;0
FR;4;2021-11-13;74;15;2;0;75;14;0;0;0;1076977;4232;209;2;1078050;1043;17;0;0
FR;4;2021-11-14;55;5;4;0;56;8;0;0;0;1077032;4237;213;2;1078106;1051;17;0;0
FR;4;2021-11-15;99;26;2;0;101;24;2;0;0;1077131;4263;215;2;1078207;1075;19;0;0
FR;4;2021-11-16;111;14;3;0;111;17;0;0;0;1077242;4277;218;2;1078318;1092;19;0;0
FR;4;2021-11-17;122;30;4;0;122;30;1;0;0;1077364;4307;222;2;1078440;1122;20;0;0
FR;4;2021-11-18;103;34;14;0;105;43;1;0;0;1077467;4341;236;2;1078545;1165;21;0;0
FR;4;2021-11-19;89;21;3;0;89;22;1;0;0;1077556;4362;239;2;1078634;1187;22;0;0
FR;4;2021-11-20;78;8;1;0;78;8;0;0;0;1077634;4370;240;2;1078712;1195;22;0;0
FR;4;2021-11-21;69;7;2;0;69;9;0;0;0;1077703;4377;242;2;1078781;1204;22;0;0
FR;4;2021-11-22;109;28;9;0;110;33;2;0;0;1077812;4405;251;2;1078891;1237;24;0;0
FR;4;2021-11-23;78;31;6;0;79;29;2;0;0;1077890;4436;257;2;1078970;1266;26;0;0
FR;4;2021-11-24;91;23;12;0;93;25;4;0;0;1077981;4459;269;2;1079063;1291;30;0;0
FR;4;2021-11-25;96;28;19;0;97;35;5;0;0;1078077;4487;288;2;1079160;1326;35;0;0
FR;4;2021-11-26;86;43;12;0;90;45;3;0;0;1078163;4530;300;2;1079250;1371;38;0;0
FR;4;2021-11-27;42;22;15;0;42;25;10;0;0;1078205;4552;315;2;1079292;1396;48;0;0
FR;4;2021-11-28;53;8;0;0;54;7;0;0;0;1078258;4560;315;2;1079346;1403;48;0;0
FR;4;2021-11-29;90;31;16;0;90;40;2;0;0;1078348;4591;331;2;1079436;1443;50;0;0
FR;4;2021-11-30;77;37;13;0;77;42;2;0;0;1078425;4628;344;2;1079513;1485;52;0;0
FR;4;2021-12-01;88;60;19;0;88;67;11;0;0;1078513;4688;363;2;1079601;1552;63;0;0
FR;4;2021-12-02;114;48;21;0;118;56;3;0;0;1078627;4736;384;2;1079719;1608;66;0;0
FR;4;2021-12-03;105;36;15;0;105;44;4;0;0;1078732;4772;399;2;1079824;1652;70;0;0
FR;4;2021-12-04;73;31;18;0;75;44;1;0;0;1078805;4803;417;2;1079899;1696;71;0;0
FR;4;2021-12-05;64;7;1;0;65;7;0;0;0;1078869;4810;418;2;1079964;1703;71;0;0
FR;4;2021-12-06;112;46;20;0;112;60;3;0;0;1078981;4856;438;2;1080076;1763;74;0;0
FR;4;2021-12-07;85;37;9;0;88;36;3;0;0;1079066;4893;447;2;1080164;1799;77;0;0
FR;4;2021-12-08;73;31;17;0;75;38;7;0;0;1079139;4924;464;2;1080239;1837;84;0;0
FR;4;2021-12-09;65;32;10;1;65;39;3;0;0;1079204;4956;474;3;1080304;1876;87;0;0
FR;4;2021-12-10;64;64;20;0;65;68;10;0;0;1079268;5020;494;3;1080369;1944;97;0;0
FR;4;2021-12-11;29;34;7;0;29;34;3;0;0;1079297;5054;501;3;1080398;1978;100;0;0
FR;4;2021-12-12;30;12;3;0;30;15;0;0;0;1079327;5066;504;3;1080428;1993;100;0;0
FR;4;2021-12-13;78;40;14;0;80;49;2;0;0;1079405;5106;518;3;1080508;2042;102;0;0
FR;4;2021-12-14;61;43;18;0;62;55;2;0;0;1079466;5149;536;3;1080570;2097;104;0;0
FR;4;2021-12-15;68;65;29;0;68;86;6;0;0;1079534;5214;565;3;1080638;2183;110;0;0
FR;4;2021-12-16;35;45;18;0;36;58;3;0;0;1079569;5259;583;3;1080674;2241;113;0;0
FR;4;2021-12-17;39;55;11;0;39;59;6;0;0;1079608;5314;594;3;1080713;2300;119;0;0
FR;4;2021-12-18;49;31;3;0;50;33;0;0;0;1079657;5345;597;3;1080763;2333;119;0;0
FR;4;2021-12-19;16;4;1;0;17;4;0;0;0;1079673;5349;598;3;1080780;2337;119;0;0
FR;4;2021-12-20;45;38;10;0;46;41;6;0;0;1079718;5387;608;3;1080826;2378;125;0;0
FR;4;2021-12-21;31;32;17;0;33;39;5;0;0;1079749;5419;625;3;1080859;2417;130;0;0
FR;4;2021-12-22;37;39;10;0;38;39;7;0;0;1079786;5458;635;3;1080897;2456;137;0;0
FR;4;2021-12-23;40;45;8;0;40;49;2;0;0;1079826;5503;643;3;1080937;2505;139;0;0
FR;4;2021-12-24;24;28;10;0;26;31;4;0;0;1079850;5531;653;3;1080963;2536;143;0;0
FR;4;2021-12-25;7;3;3;0;7;4;2;0;0;1079857;5534;656;3;1080970;2540;145;0;0
FR;4;2021-12-26;5;3;1;0;6;2;0;0;0;1079862;5537;657;3;1080976;2542;145;0;0
FR;4;2021-12-27;31;41;9;0;32;43;4;0;0;1079893;5578;666;3;1081008;2585;149;0;0
FR;4;2021-12-28;27;28;7;0;29;29;4;0;0;1079920;5606;673;3;1081037;2614;153;0;0
FR;4;2021-12-29;56;25;11;0;57;30;5;0;0;1079976;5631;684;3;1081094;2644;158;0;0
FR;4;2021-12-30;48;19;12;0;51;22;5;0;0;1080024;5650;696;3;1081145;2666;163;0;0
FR;4;2021-12-31;20;6;8;0;21;11;2;0;0;1080044;5656;704;3;1081166;2677;165;0;0
FR;4;2022-01-01;6;4;5;0;6;7;1;0;0;1080050;5660;709;3;1081172;2684;166;0;0
FR;4;2022-01-02;43;5;16;0;43;20;1;0;0;1080093;5665;725;3;1081215;2704;167;0;0
FR;4;2022-01-03;45;55;25;1;47;65;10;0;0;1080138;5720;750;4;1081262;2769;177;0;0
FR;4;2022-01-04;40;28;16;0;41;33;8;0;0;1080178;5748;766;4;1081303;2802;185;0;0
FR;4;2022-01-05;52;24;19;0;58;27;9;0;0;1080230;5772;785;4;1081361;2829;194;0;0
FR;4;2022-01-06;52;24;24;0;52;40;8;0;0;1080282;5796;809;4;1081413;2869;202;0;0
FR;4;2022-01-07;31;20;16;0;33;21;12;0;0;1080313;5816;825;4;1081446;2890;214;0;0
FR;4;2022-01-08;13;6;10;0;14;12;3;0;0;1080326;5822;835;4;1081460;2902;217;0;0
FR;4;2022-01-09;20;2;3;0;21;4;0;0;0;1080346;5824;838;4;1081481;2906;217;0;0
FR;4;2022-01-10;52;22;19;0;52;36;4;0;0;1080398;5846;857;4;1081533;2942;221;0;0
FR;4;2022-01-11;30;31;12;0;34;35;1;0;0;1080428;5877;869;4;1081567;2977;222;0;0
FR;4;2022-01-12;35;21;13;0;37;23;9;0;0;1080463;5898;882;4;1081604;3000;231;0;0
FR;4;2022-01-13;55;20;27;0;56;38;8;0;0;1080518;5918;909;4;1081660;3038;239;0;0
FR;4;2022-01-14;25;32;13;0;26;35;7;0;0;1080543;5950;922;4;1081686;3073;246;0;0
FR;4;2022-01-15;15;6;8;0;16;12;1;0;0;1080558;5956;930;4;1081702;3085;247;0;0
FR;4;2022-01-16;13;9;14;0;13;22;1;0;0;1080571;5965;944;4;1081715;3107;248;0;0
FR;4;2022-01-17;27;20;15;0;27;29;5;0;0;1080598;5985;959;4;1081742;3136;253;0;0
FR;4;2022-01-18;17;14;10;0;17;21;3;0;0;1080615;5999;969;4;1081759;3157;256;0;0
FR;4;2022-01-19;33;23;13;0;33;34;1;0;0;1080648;6022;982;4;1081792;3191;257;0;0
FR;4;2022-01-20;34;34;13;0;36;39;5;0;0;1080682;6056;995;4;1081828;3230;262;0;0
FR;4;2022-01-21;13;12;20;1;13;17;15;0;1;1080695;6068;1015;5;1081841;3247;277;0;1
FR;4;2022-01-22;30;13;3;0;30;14;2;0;0;1080725;6081;1018;5;1081871;3261;279;0;1
FR;4;2022-01-23;8;2;7;0;8;9;0;0;0;1080733;6083;1025;5;1081879;3270;279;0;1
FR;4;2022-01-24;14;21;9;0;15;28;1;0;0;1080747;6104;1034;5;1081894;3298;280;0;1
FR;4;2022-01-25;22;32;10;1;23;38;3;0;0;1080769;6136;1044;6;1081917;3336;283;0;1
FR;4;2022-01-26;20;17;9;1;21;21;4;0;0;1080789;6153;1053;7;1081938;3357;287;0;1
FR;4;2022-01-27;22;19;8;0;23;25;1;0;0;1080811;6172;1061;7;1081961;3382;288;0;1
FR;4;2022-01-28;14;23;8;0;15;26;4;0;0;1080825;6195;1069;7;1081976;3408;292;0;1
FR;4;2022-01-29;17;6;5;0;17;10;0;0;0;1080842;6201;1074;7;1081993;3418;292;0;1
FR;4;2022-01-30;19;3;2;0;19;5;0;0;0;1080861;6204;1076;7;1082012;3423;292;0;1
FR;4;2022-01-31;22;28;8;0;22;32;2;0;0;1080883;6232;1084;7;1082034;3455;294;0;1
FR;4;2022-02-01;13;24;13;0;15;25;9;0;0;1080896;6256;1097;7;1082049;3480;303;0;1
FR;4;2022-02-02;19;12;14;2;20;20;7;0;0;1080915;6268;1111;9;1082069;3500;310;0;1
FR;4;2022-02-03;16;24;11;0;18;29;4;0;0;1080931;6292;1122;9;1082087;3529;314;0;1
FR;4;2022-02-04;7;5;7;0;7;9;3;0;0;1080938;6297;1129;9;1082094;3538;317;0;1
FR;4;2022-02-05;7;14;1;0;8;13;1;0;0;1080945;6311;1130;9;1082102;3551;318;0;1
FR;4;2022-02-06;8;4;4;0;8;7;1;0;0;1080953;6315;1134;9;1082110;3558;319;0;1
FR;4;2022-02-07;15;20;8;0;17;20;6;0;0;1080968;6335;1142;9;1082127;3578;325;0;1
FR;4;2022-02-08;20;21;13;1;22;22;10;0;0;1080988;6356;1155;10;1082149;3600;335;0;1
FR;4;2022-02-09;19;12;9;0;20;17;2;0;0;1081007;6368;1164;10;1082169;3617;337;0;1
FR;4;2022-02-10;23;23;10;0;24;25;7;0;0;1081030;6391;1174;10;1082193;3642;344;0;1
FR;4;2022-02-11;18;15;8;0;18;20;3;0;0;1081048;6406;1182;10;1082211;3662;347;0;1
FR;4;2022-02-12;24;6;3;0;26;7;0;0;0;1081072;6412;1185;10;1082237;3669;347;0;1
FR;4;2022-02-13;7;3;3;0;7;6;0;0;0;1081079;6415;1188;10;1082244;3675;347;0;1
FR;4;2022-02-14;21;10;10;0;21;16;4;0;0;1081100;6425;1198;10;1082265;3691;351;0;1
FR;4;2022-02-15;18;7;2;0;18;8;0;0;0;1081118;6432;1200;10;1082283;3699;351;0;1
FR;4;2022-02-16;17;10;11;0;17;17;3;0;0;1081135;6442;1211;10;1082300;3716;354;0;1
FR;4;2022-02-17;11;4;5;0;11;7;2;0;0;1081146;6446;1216;10;1082311;3723;356;0;1
FR;4;2022-02-18;16;15;8;0;16;21;2;0;0;1081162;6461;1224;10;1082327;3744;358;0;1
FR;4;2022-02-19;16;4;2;0;17;5;0;0;0;1081178;6465;1226;10;1082344;3749;358;0;1
FR;4;2022-02-20;8;3;0;0;9;2;0;0;0;1081186;6468;1226;10;1082353;3751;358;0;1
FR;4;2022-02-21;24;5;4;0;24;7;2;0;0;1081210;6473;1230;10;1082377;3758;360;0;1
FR;4;2022-02-22;8;5;10;0;9;10;4;0;0;1081218;6478;1240;10;1082386;3768;364;0;1
FR;4;2022-02-23;17;6;10;0;17;10;5;0;0;1081235;6484;1250;10;1082403;3778;369;0;1
FR;4;2022-02-24;11;5;4;0;11;7;2;0;0;1081246;6489;1254;10;1082414;3785;371;0;1
FR;4;2022-02-25;17;5;7;0;17;6;6;0;0;1081263;6494;1261;10;1082431;3791;377;0;1
FR;4;2022-02-26;27;3;1;0;27;4;0;0;0;1081290;6497;1262;10;1082458;3795;377;0;1
FR;4;2022-02-27;9;0;1;0;9;1;0;0;0;1081299;6497;1263;10;1082467;3796;377;0;1
FR;4;2022-02-28;18;3;2;0;19;3;1;0;0;1081317;6500;1265;10;1082486;3799;378;0;1
FR;4;2022-03-01;8;4;7;0;8;5;5;0;0;1081325;6504;1272;10;1082494;3804;383;0;1
FR;4;2022-03-02;16;3;5;0;17;6;1;0;0;1081341;6507;1277;10;1082511;3810;384;0;1
FR;4;2022-03-03;19;5;3;0;19;6;1;0;0;1081360;6512;1280;10;1082530;3816;385;0;1
FR;4;2022-03-04;7;8;2;1;7;6;3;0;0;1081367;6520;1282;11;1082537;3822;388;0;1
FR;4;2022-03-05;9;2;0;0;9;2;0;0;0;1081376;6522;1282;11;1082546;3824;388;0;1
FR;4;2022-03-06;4;0;1;0;4;1;0;0;0;1081380;6522;1283;11;1082550;3825;388;0;1
FR;4;2022-03-07;11;6;2;0;11;5;2;0;0;1081391;6528;1285;11;1082561;3830;390;0;1
FR;4;2022-03-08;15;3;0;0;15;3;0;0;0;1081406;6531;1285;11;1082576;3833;390;0;1
FR;4;2022-03-09;9;7;2;0;11;7;0;0;0;1081415;6538;1287;11;1082587;3840;390;0;1
FR;4;2022-03-10;6;1;6;0;6;3;4;0;0;1081421;6539;1293;11;1082593;3843;394;0;1
FR;4;2022-03-11;10;4;5;0;12;2;5;0;0;1081431;6543;1298;11;1082605;3845;399;0;1
FR;4;2022-03-12;10;2;0;0;11;0;0;0;0;1081441;6545;1298;11;1082616;3845;399;0;1
FR;4;2022-03-13;6;2;1;0;7;2;0;0;0;1081447;6547;1299;11;1082623;3847;399;0;1
FR;4;2022-03-14;4;3;1;0;5;3;0;0;0;1081451;6550;1300;11;1082628;3850;399;0;1
FR;4;2022-03-15;8;8;3;0;10;7;2;0;0;1081459;6558;1303;11;1082638;3857;401;0;1
FR;4;2022-03-16;7;3;4;0;7;4;3;0;0;1081466;6561;1307;11;1082645;3861;404;0;1
FR;4;2022-03-17;3;4;1;0;3;5;0;0;0;1081469;6565;1308;11;1082648;3866;404;0;1
FR;4;2022-03-18;9;3;0;0;9;3;0;0;0;1081478;6568;1308;11;1082657;3869;404;0;1
FR;4;2022-03-19;1;1;1;0;1;2;0;0;0;1081479;6569;1309;11;1082658;3871;404;0;1
FR;4;2022-03-20;3;1;2;0;3;2;1;0;0;1081482;6570;1311;11;1082661;3873;405;0;1
FR;4;2022-03-21;6;4;1;0;6;5;0;0;0;1081488;6574;1312;11;1082667;3878;405;0;1
FR;4;2022-03-22;4;2;2;0;4;3;1;0;0;1081492;6576;1314;11;1082671;3881;406;0;1
FR;4;2022-03-23;6;4;5;0;6;8;1;0;0;1081498;6580;1319;11;1082677;3889;407;0;1
FR;4;2022-03-24;2;5;3;1;2;7;2;0;0;1081500;6585;1322;12;1082679;3896;409;0;1
FR;4;2022-03-25;4;1;2;0;4;1;2;0;0;1081504;6586;1324;12;1082683;3897;411;0;1
FR;4;2022-03-26;5;5;0;0;5;5;0;0;0;1081509;6591;1324;12;1082688;3902;411;0;1
FR;4;2022-03-27;1;0;3;0;1;2;1;0;0;1081510;6591;1327;12;1082689;3904;412;0;1
FR;4;2022-03-28;6;1;3;0;7;3;0;0;0;1081516;6592;1330;12;1082696;3907;412;0;1
FR;4;2022-03-29;9;0;4;1;9;0;2;0;0;1081525;6592;1334;13;1082705;3907;414;0;1
FR;4;2022-03-30;3;4;0;0;3;4;0;0;0;1081528;6596;1334;13;1082708;3911;414;0;1
FR;4;2022-03-31;5;3;2;1;5;4;1;0;0;1081533;6599;1336;14;1082713;3915;415;0;1
FR;4;2022-04-01;15;3;5;0;15;6;2;0;0;1081548;6602;1341;14;1082728;3921;417;0;1
FR;4;2022-04-02;4;4;0;0;5;3;0;0;0;1081552;6606;1341;14;1082733;3924;417;0;1
FR;4;2022-04-03;0;1;0;0;0;1;0;0;0;1081552;6607;1341;14;1082733;3925;417;0;1
FR;4;2022-04-04;4;4;4;0;5;5;2;0;0;1081556;6611;1345;14;1082738;3930;419;0;1
FR;4;2022-04-05;4;3;3;1;5;3;3;0;0;1081560;6614;1348;15;1082743;3933;422;0;1
FR;4;2022-04-06;6;1;0;0;6;1;0;0;0;1081566;6615;1348;15;1082749;3934;422;0;1
FR;4;2022-04-07;3;2;3;2;3;5;0;0;0;1081569;6617;1351;17;1082752;3939;422;0;1
FR;4;2022-04-08;4;2;1;0;4;2;1;0;0;1081573;6619;1352;17;1082756;3941;423;0;1
FR;4;2022-04-09;0;0;1;1;0;1;1;0;0;1081573;6619;1353;18;1082756;3942;424;0;1
FR;4;2022-04-10;2;2;0;0;2;2;0;0;0;1081575;6621;1353;18;1082758;3944;424;0;1
FR;4;2022-04-11;4;3;4;0;4;5;2;0;0;1081579;6624;1357;18;1082762;3949;426;0;1
FR;4;2022-04-12;5;1;4;0;5;2;3;0;0;1081584;6625;1361;18;1082767;3951;429;0;1
FR;4;2022-04-13;5;8;2;1;5;10;1;0;0;1081589;6633;1363;19;1082772;3961;430;0;1
FR;4;2022-04-14;6;4;2;1;7;5;1;0;0;1081595;6637;1365;20;1082779;3966;431;0;1
FR;4;2022-04-15;7;9;1;0;7;10;0;0;0;1081602;6646;1366;20;1082786;3976;431;0;1
FR;4;2022-04-16;1;0;0;0;1;0;0;0;0;1081603;6646;1366;20;1082787;3976;431;0;1
FR;4;2022-04-17;3;2;1;0;3;3;0;0;0;1081606;6648;1367;20;1082790;3979;431;0;1
FR;4;2022-04-18;2;2;6;0;2;4;4;0;0;1081608;6650;1373;20;1082792;3983;435;0;1
FR;4;2022-04-19;3;0;1;0;3;0;1;0;0;1081611;6650;1374;20;1082795;3983;436;0;1
FR;4;2022-04-20;15;4;1;1;16;3;1;0;0;1081626;6654;1375;21;1082811;3986;437;0;1
FR;4;2022-04-21;7;1;0;0;7;1;0;0;0;1081633;6655;1375;21;1082818;3987;437;0;1
FR;4;2022-04-22;1;1;2;0;1;2;1;0;0;1081634;6656;1377;21;1082819;3989;438;0;1
FR;4;2022-04-23;2;3;3;0;2;6;0;0;0;1081636;6659;1380;21;1082821;3995;438;0;1
FR;4;2022-04-24;0;3;0;0;0;3;0;0;0;1081636;6662;1380;21;1082821;3998;438;0;1
FR;4;2022-04-25;3;5;3;0;3;8;0;0;0;1081639;6667;1383;21;1082824;4006;438;0;1
FR;4;2022-04-26;5;6;1;0;5;6;1;0;0;1081644;6673;1384;21;1082829;4012;439;0;1
FR;4;2022-04-27;4;1;1;2;5;1;2;0;0;1081648;6674;1385;23;1082834;4013;441;0;1
FR;4;2022-04-28;3;5;5;1;3;7;4;0;0;1081651;6679;1390;24;1082837;4020;445;0;1
FR;4;2022-04-29;6;3;0;0;6;2;0;0;0;1081657;6682;1390;24;1082843;4022;445;0;1
FR;4;2022-04-30;2;1;1;0;2;2;0;0;0;1081659;6683;1391;24;1082845;4024;445;0;1
FR;4;2022-05-01;0;0;0;0;0;0;0;0;0;1081659;6683;1391;24;1082845;4024;445;0;1
FR;4;2022-05-02;5;16;6;0;5;19;3;0;0;1081664;6699;1397;24;1082850;4043;448;0;1
FR;4;2022-05-03;2;6;2;0;2;7;1;0;0;1081666;6705;1399;24;1082852;4050;449;0;1
FR;4;2022-05-04;7;4;1;0;7;4;1;0;0;1081673;6709;1400;24;1082859;4054;450;0;1
FR;4;2022-05-05;5;2;1;1;6;1;2;0;0;1081678;6711;1401;25;1082865;4055;452;0;1
FR;4;2022-05-06;5;3;1;0;6;2;1;0;0;1081683;6714;1402;25;1082871;4057;453;0;1
FR;4;2022-05-07;0;1;0;0;0;1;0;0;0;1081683;6715;1402;25;1082871;4058;453;0;1
FR;4;2022-05-08;1;1;0;0;1;1;0;0;0;1081684;6716;1402;25;1082872;4059;453;0;1
FR;4;2022-05-09;5;1;0;1;5;1;1;0;0;1081689;6717;1402;26;1082877;4060;454;0;1
FR;4;2022-05-10;3;1;0;2;3;3;0;0;0;1081692;6718;1402;28;1082880;4063;454;0;1
FR;4;2022-05-11;4;2;4;0;4;5;1;0;0;1081696;6720;1406;28;1082884;4068;455;0;1
FR;4;2022-05-12;7;4;2;1;7;5;1;0;1;1081703;6724;1408;29;1082891;4073;456;0;2
FR;4;2022-05-13;1;0;2;0;1;2;0;0;0;1081704;6724;1410;29;1082892;4075;456;0;2
FR;4;2022-05-14;0;2;0;0;0;2;0;0;0;1081704;6726;1410;29;1082892;4077;456;0;2
FR;4;2022-05-15;2;2;0;0;4;0;0;0;0;1081706;6728;1410;29;1082896;4077;456;0;2
FR;4;2022-05-16;5;2;2;0;5;2;2;0;0;1081711;6730;1412;29;1082901;4079;458;0;2
FR;4;2022-05-17;5;1;2;0;5;3;0;0;0;1081716;6731;1414;29;1082906;4082;458;0;2
FR;4;2022-05-18;3;6;0;0;3;6;0;0;0;1081719;6737;1414;29;1082909;4088;458;0;2
FR;4;2022-05-19;2;3;3;0;2;5;1;0;0;1081721;6740;1417;29;1082911;4093;459;0;2
FR;4;2022-05-20;5;2;3;0;5;2;3;0;0;1081726;6742;1420;29;1082916;4095;462;0;2
FR;4;2022-05-21;2;0;1;0;2;1;0;0;0;1081728;6742;1421;29;1082918;4096;462;0;2
FR;4;2022-05-22;0;0;1;0;0;1;0;0;0;1081728;6742;1422;29;1082918;4097;462;0;2
FR;4;2022-05-23;0;0;2;0;0;0;2;0;0;1081728;6742;1424;29;1082918;4097;464;0;2
FR;4;2022-05-24;2;4;1;0;2;5;0;0;0;1081730;6746;1425;29;1082920;4102;464;0;2
FR;4;2022-05-25;1;4;1;0;3;3;0;0;0;1081731;6750;1426;29;1082923;4105;464;0;2
FR;4;2022-05-26;5;0;1;0;5;1;0;0;0;1081736;6750;1427;29;1082928;4106;464;0;2
FR;4;2022-05-27;0;2;1;1;0;3;1;0;0;1081736;6752;1428;30;1082928;4109;465;0;2
FR;4;2022-05-28;1;0;0;0;1;0;0;0;0;1081737;6752;1428;30;1082929;4109;465;0;2
FR;4;2022-05-29;1;0;1;0;1;1;0;0;0;1081738;6752;1429;30;1082930;4110;465;0;2
FR;4;2022-05-30;3;4;2;0;3;5;1;0;0;1081741;6756;1431;30;1082933;4115;466;0;2
FR;4;2022-05-31;2;1;0;0;2;1;0;0;0;1081743;6757;1431;30;1082935;4116;466;0;2
FR;4;2022-06-01;3;11;7;0;3;15;3;0;0;1081746;6768;1438;30;1082938;4131;469;0;2
FR;4;2022-06-02;6;7;3;0;6;7;2;0;0;1081752;6775;1441;30;1082944;4138;471;0;2
FR;4;2022-06-03;2;6;4;1;2;7;4;0;0;1081754;6781;1445;31;1082946;4145;475;0;2
FR;4;2022-06-04;0;1;1;1;0;1;2;0;0;1081754;6782;1446;32;1082946;4146;477;0;2
FR;4;2022-06-05;0;0;0;0;0;0;0;0;0;1081754;6782;1446;32;1082946;4146;477;0;2
FR;4;2022-06-06;8;0;3;0;8;2;1;0;0;1081762;6782;1449;32;1082954;4148;478;0;2
FR;4;2022-06-07;6;2;0;1;6;2;1;0;0;1081768;6784;1449;33;1082960;4150;479;0;2
FR;4;2022-06-08;0;5;3;0;1;7;0;0;0;1081768;6789;1452;33;1082961;4157;479;0;2
FR;4;2022-06-09;1;2;0;0;2;1;0;0;0;1081769;6791;1452;33;1082963;4158;479;0;2
FR;4;2022-06-10;4;0;3;0;4;1;2;0;0;1081773;6791;1455;33;1082967;4159;481;0;2
FR;4;2022-06-11;1;0;0;0;1;0;0;0;0;1081774;6791;1455;33;1082968;4159;481;0;2
FR;4;2022-06-12;4;0;1;0;4;1;0;0;0;1081778;6791;1456;33;1082972;4160;481;0;2
FR;4;2022-06-13;6;2;3;0;7;2;1;0;0;1081784;6793;1459;33;1082979;4162;482;0;2
FR;4;2022-06-14;4;3;0;0;5;2;0;0;0;1081788;6796;1459;33;1082984;4164;482;0;2
FR;4;2022-06-15;9;3;4;0;9;3;4;0;0;1081797;6799;1463;33;1082993;4167;486;0;2
FR;4;2022-06-16;2;3;1;1;3;2;1;0;1;1081799;6802;1464;34;1082996;4169;487;0;3
FR;4;2022-06-17;6;1;0;0;6;1;0;0;0;1081805;6803;1464;34;1083002;4170;487;0;3
FR;4;2022-06-18;0;0;0;0;0;0;0;0;0;1081805;6803;1464;34;1083002;4170;487;0;3
FR;4;2022-06-19;3;0;0;0;3;0;0;0;0;1081808;6803;1464;34;1083005;4170;487;0;3
FR;4;2022-06-20;6;2;2;1;6;3;2;0;0;1081814;6805;1466;35;1083011;4173;489;0;3
FR;4;2022-06-21;5;2;4;1;6;4;2;0;0;1081819;6807;1470;36;1083017;4177;491;0;3
FR;4;2022-06-22;3;2;1;3;4;2;1;0;0;1081822;6809;1471;39;1083021;4179;492;0;3
FR;4;2022-06-23;3;3;3;0;3;5;1;0;0;1081825;6812;1474;39;1083024;4184;493;0;3
FR;4;2022-06-24;3;0;2;0;3;0;2;0;0;1081828;6812;1476;39;1083027;4184;495;0;3
FR;4;2022-06-25;3;0;1;1;3;1;1;0;0;1081831;6812;1477;40;1083030;4185;496;0;3
FR;4;2022-06-26;0;0;2;0;0;2;0;0;0;1081831;6812;1479;40;1083030;4187;496;0;3
FR;4;2022-06-27;2;2;1;3;2;3;3;0;0;1081833;6814;1480;43;1083032;4190;499;0;3
FR;4;2022-06-28;0;4;2;1;0;5;2;0;0;1081833;6818;1482;44;1083032;4195;501;0;3
FR;4;2022-06-29;1;2;0;0;1;2;0;0;0;1081834;6820;1482;44;1083033;4197;501;0;3
FR;4;2022-06-30;2;0;0;0;2;0;0;0;0;1081836;6820;1482;44;1083035;4197;501;0;3
FR;4;2022-07-01;2;4;8;0;2;4;8;0;0;1081838;6824;1490;44;1083037;4201;509;0;3
FR;4;2022-07-02;0;1;0;0;1;0;0;0;0;1081838;6825;1490;44;1083038;4201;509;0;3
FR;4;2022-07-03;0;0;0;0;0;0;0;0;0;1081838;6825;1490;44;1083038;4201;509;0;3
FR;4;2022-07-04;4;1;0;0;4;1;0;0;0;1081842;6826;1490;44;1083042;4202;509;0;3
FR;4;2022-07-05;3;1;3;0;3;3;1;0;0;1081845;6827;1493;44;1083045;4205;510;0;3
FR;4;2022-07-06;5;0;1;1;5;0;1;0;1;1081850;6827;1494;45;1083050;4205;511;0;4
FR;4;2022-07-07;2;1;2;1;2;1;3;0;0;1081852;6828;1496;46;1083052;4206;514;0;4
FR;4;2022-07-08;4;1;0;0;4;1;0;0;0;1081856;6829;1496;46;1083056;4207;514;0;4
FR;4;2022-07-09;2;2;1;0;2;3;0;0;0;1081858;6831;1497;46;1083058;4210;514;0;4
FR;4;2022-07-10;2;0;1;0;2;0;0;0;0;1081860;6831;1498;46;1083060;4210;514;0;4
FR;4;2022-07-11;3;0;2;0;3;0;1;0;0;1081863;6831;1500;46;1083063;4210;515;0;4
FR;4;2022-07-12;0;0;2;0;0;2;0;0;0;1081863;6831;1502;46;1083063;4212;515;0;4
FR;4;2022-07-13;3;2;3;1;3;2;4;0;0;1081866;6833;1505;47;1083066;4214;519;0;4
FR;4;2022-07-14;6;0;1;0;6;0;1;0;0;1081872;6833;1506;47;1083072;4214;520;0;4
FR;4;2022-07-15;11;2;0;0;11;2;0;0;0;1081883;6835;1506;47;1083083;4216;520;0;4
FR;4;2022-07-16;5;0;0;2;5;0;2;0;0;1081888;6835;1506;49;1083088;4216;522;0;4
FR;4;2022-07-17;1;0;1;1;1;0;2;0;0;1081889;6835;1507;50;1083089;4216;524;0;4
FR;4;2022-07-18;3;3;2;0;3;3;2;0;0;1081892;6838;1509;50;1083092;4219;526;0;4
FR;4;2022-07-19;5;0;1;0;5;1;0;0;0;1081897;6838;1510;50;1083097;4220;526;0;4
FR;4;2022-07-20;12;1;1;0;13;1;0;0;0;1081909;6839;1511;50;1083110;4221;526;0;4
FR;4;2022-07-21;2;3;1;0;2;3;1;0;0;1081911;6842;1512;50;1083112;4224;527;0;4
FR;4;2022-07-22;5;1;3;0;5;2;2;0;0;1081916;6843;1515;50;1083117;4226;529;0;4
FR;4;2022-07-23;1;2;0;0;1;1;0;0;0;1081917;6845;1515;50;1083118;4227;529;0;4
FR;4;2022-07-24;1;0;0;0;1;0;0;0;0;1081918;6845;1515;50;1083119;4227;529;0;4
FR;4;2022-07-25;7;0;2;0;7;2;0;0;0;1081925;6845;1517;50;1083126;4229;529;0;4
FR;4;2022-07-26;2;0;0;0;2;0;0;0;0;1081927;6845;1517;50;1083128;4229;529;0;4
FR;4;2022-07-27;3;1;0;0;3;0;0;0;0;1081930;6846;1517;50;1083131;4229;529;0;4
FR;4;2022-07-28;13;0;0;0;13;0;0;0;0;1081943;6846;1517;50;1083144;4229;529;0;4
FR;4;2022-07-29;3;0;2;0;3;1;1;0;0;1081946;6846;1519;50;1083147;4230;530;0;4
FR;4;2022-07-30;5;0;2;0;5;0;2;0;0;1081951;6846;1521;50;1083152;4230;532;0;4
FR;4;2022-07-31;0;0;0;0;0;0;0;0;0;1081951;6846;1521;50;1083152;4230;532;0;4
FR;4;2022-08-01;4;0;3;0;4;2;1;0;0;1081955;6846;1524;50;1083156;4232;533;0;4
FR;4;2022-08-02;6;0;0;0;6;0;0;0;0;1081961;6846;1524;50;1083162;4232;533;0;4
FR;4;2022-08-03;2;2;1;0;2;2;1;0;0;1081963;6848;1525;50;1083164;4234;534;0;4
FR;4;2022-08-04;5;2;0;1;5;2;1;0;0;1081968;6850;1525;51;1083169;4236;535;0;4
FR;4;2022-08-05;3;1;1;0;3;1;1;0;0;1081971;6851;1526;51;1083172;4237;536;0;4
FR;4;2022-08-06;2;0;0;0;2;0;0;0;0;1081973;6851;1526;51;1083174;4237;536;0;4
FR;4;2022-08-07;5;0;0;0;5;0;0;0;0;1081978;6851;1526;51;1083179;4237;536;0;4
FR;4;2022-08-08;2;0;1;1;2;1;1;0;0;1081980;6851;1527;52;1083181;4238;537;0;4
FR;4;2022-08-09;1;1;2;2;1;2;3;0;0;1081981;6852;1529;54;1083182;4240;540;0;4
FR;4;2022-08-10;6;1;1;0;7;1;0;0;0;1081987;6853;1530;54;1083189;4241;540;0;4
FR;4;2022-08-11;2;0;1;0;2;1;0;0;0;1081989;6853;1531;54;1083191;4242;540;0;4
FR;4;2022-08-12;4;0;1;0;4;0;1;0;0;1081993;6853;1532;54;1083195;4242;541;0;4
FR;4;2022-08-13;1;0;0;0;1;0;0;0;0;1081994;6853;1532;54;1083196;4242;541;0;4
FR;4;2022-08-14;1;0;0;0;1;0;0;0;0;1081995;6853;1532;54;1083197;4242;541;0;4
FR;4;2022-08-15;1;2;3;0;1;2;3;0;0;1081996;6855;1535;54;1083198;4244;544;0;4
FR;4;2022-08-16;0;0;1;0;0;1;0;0;0;1081996;6855;1536;54;1083198;4245;544;0;4
FR;4;2022-08-17;3;0;0;0;3;0;0;0;0;1081999;6855;1536;54;1083201;4245;544;0;4
FR;4;2022-08-18;5;0;0;0;5;0;0;0;0;1082004;6855;1536;54;1083206;4245;544;0;4
FR;4;2022-08-19;5;0;0;0;5;0;0;0;0;1082009;6855;1536;54;1083211;4245;544;0;4
FR;4;2022-08-20;3;1;0;0;4;0;0;0;0;1082012;6856;1536;54;1083215;4245;544;0;4
FR;4;2022-08-21;1;0;0;0;1;0;0;0;0;1082013;6856;1536;54;1083216;4245;544;0;4
FR;4;2022-08-22;3;9;0;0;3;9;0;0;0;1082016;6865;1536;54;1083219;4254;544;0;4
FR;4;2022-08-23;3;3;3;0;3;4;2;0;0;1082019;6868;1539;54;1083222;4258;546;0;4
FR;4;2022-08-24;6;0;0;1;6;0;1;0;0;1082025;6868;1539;55;1083228;4258;547;0;4
FR;4;2022-08-25;1;3;2;0;1;4;1;0;0;1082026;6871;1541;55;1083229;4262;548;0;4
FR;4;2022-08-26;2;0;0;1;2;0;1;0;0;1082028;6871;1541;56;1083231;4262;549;0;4
FR;4;2022-08-27;1;0;0;0;1;0;0;0;0;1082029;6871;1541;56;1083232;4262;549;0;4
FR;4;2022-08-28;0;1;0;0;0;0;0;0;0;1082029;6872;1541;56;1083232;4262;549;0;4
FR;4;2022-08-29;8;0;0;0;8;0;0;0;0;1082037;6872;1541;56;1083240;4262;549;0;4
FR;4;2022-08-30;5;1;0;0;5;1;0;0;0;1082042;6873;1541;56;1083245;4263;549;0;4
FR;4;2022-08-31;2;1;0;0;2;1;0;0;0;1082044;6874;1541;56;1083247;4264;549;0;4
FR;4;2022-09-01;4;8;2;0;5;7;2;0;0;1082048;6882;1543;56;1083252;4271;551;0;4
FR;4;2022-09-02;2;2;1;0;3;2;0;0;0;1082050;6884;1544;56;1083255;4273;551;0;4
FR;4;2022-09-03;3;0;0;0;3;0;0;0;0;1082053;6884;1544;56;1083258;4273;551;0;4
FR;4;2022-09-04;1;0;0;0;1;0;0;0;0;1082054;6884;1544;56;1083259;4273;551;0;4
FR;4;2022-09-05;4;2;0;0;4;2;0;0;0;1082058;6886;1544;56;1083263;4275;551;0;4
FR;4;2022-09-06;1;0;0;0;1;0;0;0;0;1082059;6886;1544;56;1083264;4275;551;0;4
FR;4;2022-09-07;2;0;1;1;2;1;1;0;0;1082061;6886;1545;57;1083266;4276;552;0;4
FR;4;2022-09-08;3;0;0;0;3;0;0;0;0;1082064;6886;1545;57;1083269;4276;552;0;4
FR;4;2022-09-09;2;2;0;0;2;2;0;0;0;1082066;6888;1545;57;1083271;4278;552;0;4
FR;4;2022-09-10;0;1;0;3;0;2;2;0;0;1082066;6889;1545;60;1083271;4280;554;0;4
FR;4;2022-09-11;2;0;0;0;2;0;0;0;0;1082068;6889;1545;60;1083273;4280;554;0;4
FR;4;2022-09-12;1;1;1;0;1;1;1;0;0;1082069;6890;1546;60;1083274;4281;555;0;4
FR;4;2022-09-13;1;0;0;0;1;0;0;0;0;1082070;6890;1546;60;1083275;4281;555;0;4
FR;4;2022-09-14;4;0;0;0;4;0;0;0;0;1082074;6890;1546;60;1083279;4281;555;0;4
FR;4;2022-09-15;4;0;0;0;4;0;0;0;0;1082078;6890;1546;60;1083283;4281;555;0;4
FR;4;2022-09-16;1;0;0;0;1;0;0;0;0;1082079;6890;1546;60;1083284;4281;555;0;4
FR;4;2022-09-17;2;0;0;0;2;0;0;0;0;1082081;6890;1546;60;1083286;4281;555;0;4
FR;4;2022-09-18;0;1;0;0;0;1;0;0;0;1082081;6891;1546;60;1083286;4282;555;0;4
FR;4;2022-09-19;3;0;2;0;3;2;0;0;0;1082084;6891;1548;60;1083289;4284;555;0;4
FR;4;2022-09-20;4;0;0;0;4;0;0;0;0;1082088;6891;1548;60;1083293;4284;555;0;4
FR;4;2022-09-21;2;1;0;0;2;1;0;0;0;1082090;6892;1548;60;1083295;4285;555;0;4
FR;4;2022-09-22;2;1;0;0;2;1;0;0;0;1082092;6893;1548;60;1083297;4286;555;0;4
FR;4;2022-09-23;2;3;0;0;3;2;0;0;0;1082094;6896;1548;60;1083300;4288;555;0;4
FR;4;2022-09-24;1;0;0;0;1;0;0;0;0;1082095;6896;1548;60;1083301;4288;555;0;4
FR;4;2022-09-25;0;0;0;0;0;0;0;0;0;1082095;6896;1548;60;1083301;4288;555;0;4
FR;4;2022-09-26;2;0;1;0;2;0;1;0;0;1082097;6896;1549;60;1083303;4288;556;0;4
FR;4;2022-09-27;1;0;1;1;1;0;2;0;0;1082098;6896;1550;61;1083304;4288;558;0;4
FR;4;2022-09-28;3;0;2;0;3;2;0;0;0;1082101;6896;1552;61;1083307;4290;558;0;4
FR;4;2022-09-29;3;0;1;1;3;1;1;0;0;1082104;6896;1553;62;1083310;4291;559;0;4
FR;4;2022-09-30;1;1;0;0;1;1;0;0;0;1082105;6897;1553;62;1083311;4292;559;0;4
FR;4;2022-10-01;1;1;0;0;2;0;0;0;0;1082106;6898;1553;62;1083313;4292;559;0;4
FR;4;2022-10-02;0;1;0;0;0;1;0;0;0;1082106;6899;1553;62;1083313;4293;559;0;4
FR;4;2022-10-03;2;3;1;1;3;3;1;0;0;1082108;6902;1554;63;1083316;4296;560;0;4
FR;4;2022-10-04;3;0;0;0;3;0;0;0;0;1082111;6902;1554;63;1083319;4296;560;0;4
FR;4;2022-10-05;0;1;0;0;0;1;0;0;0;1082111;6903;1554;63;1083319;4297;560;0;4
FR;4;2022-10-06;2;0;0;0;2;0;0;0;0;1082113;6903;1554;63;1083321;4297;560;0;4
FR;4;2022-10-07;3;1;1;0;3;1;1;0;0;1082116;6904;1555;63;1083324;4298;561;0;4
FR;4;2022-10-08;4;1;0;0;4;0;0;0;0;1082120;6905;1555;63;1083328;4298;561;0;4
FR;4;2022-10-09;0;0;0;0;0;0;0;0;0;1082120;6905;1555;63;1083328;4298;561;0;4
FR;4;2022-10-10;5;0;2;3;5;2;1;0;2;1082125;6905;1557;66;1083333;4300;562;0;6
FR;4;2022-10-11;2;2;0;0;2;1;0;0;0;1082127;6907;1557;66;1083335;4301;562;0;6
FR;4;2022-10-12;1;0;0;0;1;0;0;0;0;1082128;6907;1557;66;1083336;4301;562;0;6
FR;4;2022-10-13;5;0;0;0;5;0;0;0;0;1082133;6907;1557;66;1083341;4301;562;0;6
FR;4;2022-10-14;1;0;0;0;1;0;0;0;0;1082134;6907;1557;66;1083342;4301;562;0;6
FR;4;2022-10-15;1;2;0;0;1;2;0;0;0;1082135;6909;1557;66;1083343;4303;562;0;6
FR;4;2022-10-16;0;0;0;0;0;0;0;0;0;1082135;6909;1557;66;1083343;4303;562;0;6
FR;4;2022-10-17;2;0;1;0;2;1;0;0;0;1082137;6909;1558;66;1083345;4304;562;0;6
FR;4;2022-10-18;1;0;0;1;1;0;1;0;0;1082138;6909;1558;67;1083346;4304;563;0;6
FR;4;2022-10-19;1;0;0;2;1;0;2;0;3;1082139;6909;1558;69;1083347;4304;565;0;9
FR;4;2022-10-20;4;1;0;0;4;1;0;0;0;1082143;6910;1558;69;1083351;4305;565;0;9
FR;4;2022-10-21;3;1;0;0;3;1;0;0;0;1082146;6911;1558;69;1083354;4306;565;0;9
FR;4;2022-10-22;1;0;0;0;1;0;0;0;0;1082147;6911;1558;69;1083355;4306;565;0;9
FR;4;2022-10-23;0;0;0;0;0;0;0;0;0;1082147;6911;1558;69;1083355;4306;565;0;9
FR;4;2022-10-24;3;0;0;0;3;0;0;0;0;1082150;6911;1558;69;1083358;4306;565;0;9
FR;4;2022-10-25;3;0;0;0;3;0;0;0;0;1082153;6911;1558;69;1083361;4306;565;0;9
FR;4;2022-10-26;2;1;0;0;2;1;0;0;0;1082155;6912;1558;69;1083363;4307;565;0;9
FR;4;2022-10-27;3;1;1;0;3;0;1;0;0;1082158;6913;1559;69;1083366;4307;566;0;9
FR;4;2022-10-28;0;0;0;0;0;0;0;0;0;1082158;6913;1559;69;1083366;4307;566;0;9
FR;4;2022-10-29;1;0;0;3;1;0;3;0;3;1082159;6913;1559;72;1083367;4307;569;0;12
FR;4;2022-10-30;1;0;0;0;1;0;0;0;0;1082160;6913;1559;72;1083368;4307;569;0;12
FR;4;2022-10-31;1;0;0;0;1;0;0;0;0;1082161;6913;1559;72;1083369;4307;569;0;12
FR;4;2022-11-01;1;6;0;0;1;6;0;0;0;1082162;6919;1559;72;1083370;4313;569;0;12
FR;4;2022-11-02;0;0;2;2;0;1;3;0;0;1082162;6919;1561;74;1083370;4314;572;0;12
FR;4;2022-11-03;1;0;0;0;1;0;0;0;0;1082163;6919;1561;74;1083371;4314;572;0;12
FR;4;2022-11-04;4;1;0;0;4;0;0;0;0;1082167;6920;1561;74;1083375;4314;572;0;12
FR;4;2022-11-05;0;0;0;0;0;0;0;0;0;1082167;6920;1561;74;1083375;4314;572;0;12
FR;4;2022-11-06;2;0;0;0;2;0;0;0;0;1082169;6920;1561;74;1083377;4314;572;0;12
FR;4;2022-11-07;2;0;0;0;2;0;0;0;0;1082171;6920;1561;74;1083379;4314;572;0;12
FR;4;2022-11-08;7;0;0;0;7;0;0;0;0;1082178;6920;1561;74;1083386;4314;572;0;12
FR;4;2022-11-09;0;0;0;0;0;0;0;0;0;1082178;6920;1561;74;1083386;4314;572;0;12
FR;4;2022-11-10;1;0;1;0;1;1;0;0;0;1082179;6920;1562;74;1083387;4315;572;0;12
FR;4;2022-11-11;1;0;0;0;1;0;0;0;0;1082180;6920;1562;74;1083388;4315;572;0;12
FR;4;2022-11-12;3;1;0;0;3;1;0;0;0;1082183;6921;1562;74;1083391;4316;572;0;12
FR;4;2022-11-13;2;0;0;0;2;0;0;0;0;1082185;6921;1562;74;1083393;4316;572;0;12
FR;4;2022-11-14;0;0;0;0;0;0;0;0;0;1082185;6921;1562;74;1083393;4316;572;0;12
FR;4;2022-11-15;3;1;0;0;3;1;0;0;0;1082188;6922;1562;74;1083396;4317;572;0;12
FR;4;2022-11-16;1;1;1;0;1;1;1;0;0;1082189;6923;1563;74;1083397;4318;573;0;12
FR;4;2022-11-17;0;2;0;0;0;2;0;0;0;1082189;6925;1563;74;1083397;4320;573;0;12
FR;4;2022-11-18;5;0;1;0;5;0;1;0;0;1082194;6925;1564;74;1083402;4320;574;0;12
FR;4;2022-11-19;0;0;0;0;0;0;0;0;0;1082194;6925;1564;74;1083402;4320;574;0;12
FR;4;2022-11-20;0;0;0;1;0;0;0;0;1;1082194;6925;1564;75;1083402;4320;574;0;13
FR;4;2022-11-21;0;0;0;0;0;0;0;0;0;1082194;6925;1564;75;1083402;4320;574;0;13
FR;4;2022-11-22;0;1;1;0;0;2;0;0;0;1082194;6926;1565;75;1083402;4322;574;0;13
FR;4;2022-11-23;1;0;0;0;1;0;0;0;1;1082195;6926;1565;75;1083403;4322;574;0;14
FR;4;2022-11-24;0;2;0;0;0;2;0;0;0;1082195;6928;1565;75;1083403;4324;574;0;14
FR;4;2022-11-25;3;4;0;0;3;4;0;0;0;1082198;6932;1565;75;1083406;4328;574;0;14
FR;4;2022-11-26;1;0;0;0;1;0;0;0;0;1082199;6932;1565;75;1083407;4328;574;0;14
FR;4;2022-11-27;0;0;0;0;0;0;0;0;0;1082199;6932;1565;75;1083407;4328;574;0;14
FR;4;2022-11-28;3;0;0;0;3;0;0;0;0;1082202;6932;1565;75;1083410;4328;574;0;14
FR;4;2022-11-29;3;0;0;0;3;0;0;0;0;1082205;6932;1565;75;1083413;4328;574;0;14
FR;4;2022-11-30;0;0;0;0;0;0;0;0;0;1082205;6932;1565;75;1083413;4328;574;0;14
FR;4;2022-12-01;1;2;2;0;2;2;1;0;0;1082206;6934;1567;75;1083415;4330;575;0;14
FR;4;2022-12-02;6;1;0;1;6;1;0;0;1;1082212;6935;1567;76;1083421;4331;575;0;15
FR;4;2022-12-03;1;0;0;0;1;0;0;0;0;1082213;6935;1567;76;1083422;4331;575;0;15
FR;4;2022-12-04;0;0;0;0;0;0;0;0;0;1082213;6935;1567;76;1083422;4331;575;0;15
FR;4;2022-12-05;2;1;0;0;2;1;0;0;0;1082215;6936;1567;76;1083424;4332;575;0;15
FR;4;2022-12-06;2;0;0;0;2;0;0;0;0;1082217;6936;1567;76;1083426;4332;575;0;15
FR;4;2022-12-07;2;3;1;0;2;4;0;0;0;1082219;6939;1568;76;1083428;4336;575;0;15
FR;4;2022-12-08;1;0;0;0;1;0;0;0;0;1082220;6939;1568;76;1083429;4336;575;0;15
FR;4;2022-12-09;2;0;1;0;2;0;1;0;0;1082222;6939;1569;76;1083431;4336;576;0;15
FR;4;2022-12-10;1;0;0;0;1;0;0;0;0;1082223;6939;1569;76;1083432;4336;576;0;15
FR;4;2022-12-11;0;0;0;0;0;0;0;0;0;1082223;6939;1569;76;1083432;4336;576;0;15
FR;4;2022-12-12;1;1;0;5;1;1;5;0;0;1082224;6940;1569;81;1083433;4337;581;0;15
FR;4;2022-12-13;1;0;0;0;1;0;0;0;0;1082225;6940;1569;81;1083434;4337;581;0;15
FR;4;2022-12-14;0;0;0;0;0;0;0;0;0;1082225;6940;1569;81;1083434;4337;581;0;15
FR;4;2022-12-15;1;1;0;0;1;1;0;0;0;1082226;6941;1569;81;1083435;4338;581;0;15
FR;4;2022-12-16;2;0;0;0;2;0;0;0;0;1082228;6941;1569;81;1083437;4338;581;0;15
FR;4;2022-12-17;0;0;1;0;0;0;1;0;0;1082228;6941;1570;81;1083437;4338;582;0;15
FR;4;2022-12-18;1;0;0;0;1;0;0;0;0;1082229;6941;1570;81;1083438;4338;582;0;15
FR;4;2022-12-19;1;0;0;0;1;0;0;0;0;1082230;6941;1570;81;1083439;4338;582;0;15
FR;4;2022-12-20;4;2;0;0;5;1;0;0;0;1082234;6943;1570;81;1083444;4339;582;0;15
FR;4;2022-12-21;4;0;0;0;4;0;0;0;0;1082238;6943;1570;81;1083448;4339;582;0;15
FR;4;2022-12-22;2;1;0;0;2;1;0;0;0;1082240;6944;1570;81;1083450;4340;582;0;15
FR;4;2022-12-23;3;0;0;0;3;0;0;0;0;1082243;6944;1570;81;1083453;4340;582;0;15
FR;4;2022-12-24;0;0;1;0;0;1;0;0;0;1082243;6944;1571;81;1083453;4341;582;0;15
FR;4;2022-12-25;0;0;0;0;0;0;0;0;0;1082243;6944;1571;81;1083453;4341;582;0;15
FR;4;2022-12-26;1;2;0;0;1;1;0;0;0;1082244;6946;1571;81;1083454;4342;582;0;15
FR;4;2022-12-27;1;1;0;0;1;1;0;0;0;1082245;6947;1571;81;1083455;4343;582;0;15
FR;4;2022-12-28;0;0;0;0;0;0;0;0;0;1082245;6947;1571;81;1083455;4343;582;0;15
FR;4;2022-12-29;0;1;0;0;1;0;0;0;0;1082245;6948;1571;81;1083456;4343;582;0;15
FR;4;2022-12-30;1;0;0;0;1;0;0;0;0;1082246;6948;1571;81;1083457;4343;582;0;15
FR;4;2022-12-31;0;0;0;0;0;0;0;0;0;1082246;6948;1571;81;1083457;4343;582;0;15
FR;4;2023-01-01;0;0;0;0;0;0;0;0;0;1082246;6948;1571;81;1083457;4343;582;0;15
FR;4;2023-01-02;2;0;2;0;2;1;1;0;0;1082248;6948;1573;81;1083459;4344;583;0;15
FR;4;2023-01-03;1;1;0;0;1;1;0;0;0;1082249;6949;1573;81;1083460;4345;583;0;15
FR;4;2023-01-04;0;0;0;0;0;0;0;0;0;1082249;6949;1573;81;1083460;4345;583;0;15
FR;4;2023-01-05;0;0;0;0;0;0;0;0;0;1082249;6949;1573;81;1083460;4345;583;0;15
FR;4;2023-01-06;1;1;3;0;1;4;0;0;0;1082250;6950;1576;81;1083461;4349;583;0;15
FR;4;2023-01-07;1;0;0;0;1;0;0;0;0;1082251;6950;1576;81;1083462;4349;583;0;15
FR;4;2023-01-08;1;0;0;0;1;0;0;0;0;1082252;6950;1576;81;1083463;4349;583;0;15
FR;4;2023-01-09;1;0;0;0;1;0;0;0;0;1082253;6950;1576;81;1083464;4349;583;0;15
FR;4;2023-01-10;2;0;0;0;2;0;0;0;0;1082255;6950;1576;81;1083466;4349;583;0;15
FR;4;2023-01-11;0;0;0;0;0;0;0;0;0;1082255;6950;1576;81;1083466;4349;583;0;15
FR;4;2023-01-12;2;2;0;0;2;2;0;0;0;1082257;6952;1576;81;1083468;4351;583;0;15
FR;4;2023-01-13;3;0;2;0;3;0;2;0;0;1082260;6952;1578;81;1083471;4351;585;0;15
FR;4;2023-01-14;0;0;1;0;0;0;1;0;0;1082260;6952;1579;81;1083471;4351;586;0;15
FR;4;2023-01-15;0;0;0;0;0;0;0;0;0;1082260;6952;1579;81;1083471;4351;586;0;15
FR;4;2023-01-16;2;0;0;0;2;0;0;0;0;1082262;6952;1579;81;1083473;4351;586;0;15
FR;4;2023-01-17;2;0;0;0;2;0;0;0;0;1082264;6952;1579;81;1083475;4351;586;0;15
FR;4;2023-01-18;3;0;0;0;3;0;0;0;0;1082267;6952;1579;81;1083478;4351;586;0;15
FR;4;2023-01-19;1;0;0;2;1;0;0;0;0;1082268;6952;1579;83;1083479;4351;586;0;15
FR;4;2023-01-20;0;0;0;0;0;0;0;0;0;1082268;6952;1579;83;1083479;4351;586;0;15
FR;4;2023-01-21;0;0;0;0;0;0;0;0;0;1082268;6952;1579;83;1083479;4351;586;0;15
FR;4;2023-01-22;0;0;0;0;0;0;0;0;0;1082268;6952;1579;83;1083479;4351;586;0;15
FR;4;2023-01-23;1;0;0;0;1;0;0;0;0;1082269;6952;1579;83;1083480;4351;586;0;15
FR;4;2023-01-24;2;1;0;0;2;1;0;0;0;1082271;6953;1579;83;1083482;4352;586;0;15
FR;4;2023-01-25;6;0;0;0;6;0;0;0;0;1082277;6953;1579;83;1083488;4352;586;0;15
FR;4;2023-01-26;0;0;0;0;0;0;0;0;0;1082277;6953;1579;83;1083488;4352;586;0;15
FR;4;2023-01-27;0;0;0;0;0;0;0;0;0;1082277;6953;1579;83;1083488;4352;586;0;15
FR;4;2023-01-28;0;0;0;0;0;0;0;0;0;1082277;6953;1579;83;1083488;4352;586;0;15
FR;4;2023-01-29;0;0;0;0;0;0;0;0;0;1082277;6953;1579;83;1083488;4352;586;0;15
FR;4;2023-01-30;0;0;0;0;0;0;0;0;0;1082277;6953;1579;83;1083488;4352;586;0;15
FR;4;2023-01-31;0;0;0;0;0;0;0;0;0;1082277;6953;1579;83;1083488;4352;586;0;15
FR;4;2023-02-01;0;0;0;0;0;0;0;0;0;1082277;6953;1579;83;1083488;4352;586;0;15
FR;4;2023-02-02;2;2;2;1;2;3;1;0;0;1082279;6955;1581;84;1083490;4355;587;0;15
FR;4;2023-02-03;0;0;0;0;0;0;0;0;0;1082279;6955;1581;84;1083490;4355;587;0;15
FR;4;2023-02-04;1;0;0;0;1;0;0;0;0;1082280;6955;1581;84;1083491;4355;587;0;15
FR;4;2023-02-05;0;0;0;0;0;0;0;0;0;1082280;6955;1581;84;1083491;4355;587;0;15
FR;4;2023-02-06;1;0;0;0;1;0;0;0;0;1082281;6955;1581;84;1083492;4355;587;0;15
FR;4;2023-02-07;2;0;0;0;2;0;0;0;0;1082283;6955;1581;84;1083494;4355;587;0;15
FR;4;2023-02-08;2;1;0;0;2;0;0;0;0;1082285;6956;1581;84;1083496;4355;587;0;15
FR;4;2023-02-09;1;1;0;0;1;1;0;0;0;1082286;6957;1581;84;1083497;4356;587;0;15
FR;4;2023-02-10;4;1;0;0;4;0;0;0;0;1082290;6958;1581;84;1083501;4356;587;0;15
FR;4;2023-02-11;1;0;0;0;1;0;0;0;0;1082291;6958;1581;84;1083502;4356;587;0;15
FR;4;2023-02-12;0;0;0;0;0;0;0;0;0;1082291;6958;1581;84;1083502;4356;587;0;15
FR;4;2023-02-13;2;0;0;0;2;0;0;0;0;1082293;6958;1581;84;1083504;4356;587;0;15
FR;4;2023-02-14;0;2;0;0;2;0;0;0;0;1082293;6960;1581;84;1083506;4356;587;0;15
FR;4;2023-02-15;2;0;0;0;2;0;0;0;0;1082295;6960;1581;84;1083508;4356;587;0;15
FR;4;2023-02-16;1;1;0;0;1;1;0;0;0;1082296;6961;1581;84;1083509;4357;587;0;15
FR;4;2023-02-17;1;0;0;0;1;0;0;0;0;1082297;6961;1581;84;1083510;4357;587;0;15
FR;4;2023-02-18;0;2;0;0;0;2;0;0;0;1082297;6963;1581;84;1083510;4359;587;0;15
FR;4;2023-02-19;0;0;0;0;0;0;0;0;0;1082297;6963;1581;84;1083510;4359;587;0;15
FR;4;2023-02-20;1;0;0;0;1;0;0;0;0;1082298;6963;1581;84;1083511;4359;587;0;15
FR;4;2023-02-21;2;0;0;0;2;0;0;0;0;1082300;6963;1581;84;1083513;4359;587;0;15
FR;4;2023-02-22;0;0;0;0;0;0;0;0;0;1082300;6963;1581;84;1083513;4359;587;0;15
FR;4;2023-02-23;0;0;0;0;0;0;0;0;0;1082300;6963;1581;84;1083513;4359;587;0;15
FR;4;2023-02-24;1;0;0;0;1;0;0;0;0;1082301;6963;1581;84;1083514;4359;587;0;15
FR;4;2023-02-25;2;1;0;0;2;1;0;0;0;1082303;6964;1581;84;1083516;4360;587;0;15
FR;4;2023-02-26;0;0;0;0;0;0;0;0;0;1082303;6964;1581;84;1083516;4360;587;0;15
FR;4;2023-02-27;0;0;0;0;0;0;0;0;0;1082303;6964;1581;84;1083516;4360;587;0;15
FR;4;2023-02-28;0;0;0;0;0;0;0;0;0;1082303;6964;1581;84;1083516;4360;587;0;15
FR;4;2023-03-01;1;0;0;0;1;0;0;0;0;1082304;6964;1581;84;1083517;4360;587;0;15
FR;4;2023-03-02;1;2;2;0;1;2;2;0;0;1082305;6966;1583;84;1083518;4362;589;0;15
FR;4;2023-03-03;0;0;0;0;0;0;0;0;0;1082305;6966;1583;84;1083518;4362;589;0;15
FR;4;2023-03-04;0;0;0;0;0;0;0;0;0;1082305;6966;1583;84;1083518;4362;589;0;15
FR;4;2023-03-05;0;0;0;0;0;0;0;0;0;1082305;6966;1583;84;1083518;4362;589;0;15
FR;4;2023-03-06;0;0;0;0;0;0;0;0;0;1082305;6966;1583;84;1083518;4362;589;0;15
FR;4;2023-03-07;0;0;0;0;0;0;0;0;0;1082305;6966;1583;84;1083518;4362;589;0;15
FR;4;2023-03-08;0;0;0;0;0;0;0;0;0;1082305;6966;1583;84;1083518;4362;589;0;15
FR;4;2023-03-09;0;0;0;0;0;0;0;0;0;1082305;6966;1583;84;1083518;4362;589;0;15
FR;4;2023-03-10;1;0;1;0;1;0;1;0;0;1082306;6966;1584;84;1083519;4362;590;0;15
FR;4;2023-03-11;0;0;0;0;0;0;0;0;0;1082306;6966;1584;84;1083519;4362;590;0;15
FR;4;2023-03-12;0;0;0;0;0;0;0;0;0;1082306;6966;1584;84;1083519;4362;590;0;15
FR;4;2023-03-13;0;0;0;0;0;0;0;0;0;1082306;6966;1584;84;1083519;4362;590;0;15
FR;4;2023-03-14;0;0;0;0;0;0;0;0;0;1082306;6966;1584;84;1083519;4362;590;0;15
FR;4;2023-03-15;1;0;0;0;1;0;0;0;0;1082307;6966;1584;84;1083520;4362;590;0;15
FR;4;2023-03-16;1;0;0;0;1;0;0;0;0;1082308;6966;1584;84;1083521;4362;590;0;15
FR;4;2023-03-17;0;0;0;0;0;0;0;0;0;1082308;6966;1584;84;1083521;4362;590;0;15
FR;4;2023-03-18;0;0;0;0;0;0;0;0;0;1082308;6966;1584;84;1083521;4362;590;0;15
FR;4;2023-03-19;0;0;0;0;0;0;0;0;0;1082308;6966;1584;84;1083521;4362;590;0;15
FR;4;2023-03-20;0;0;0;0;0;0;0;0;0;1082308;6966;1584;84;1083521;4362;590;0;15
FR;4;2023-03-21;1;0;0;0;1;0;0;0;0;1082309;6966;1584;84;1083522;4362;590;0;15
FR;4;2023-03-22;0;0;0;0;0;0;0;0;0;1082309;6966;1584;84;1083522;4362;590;0;15
FR;5;2020-12-27;0;0;0;0;0;0;0;0;0;0;0;0;0;0;0;0;0;0
FR;5;2020-12-28;0;0;0;0;0;0;0;0;0;0;0;0;0;0;0;0;0;0
FR;5;2020-12-29;0;0;0;0;0;0;0;0;0;0;0;0;0;0;0;0;0;0
FR;5;2020-12-30;0;0;0;0;0;0;0;0;0;0;0;0;0;0;0;0;0;0
FR;5;2020-12-31;0;0;0;0;0;0;0;0;0;0;0;0;0;0;0;0;0;0
FR;5;2021-01-01;0;0;0;0;0;0;0;0;0;0;0;0;0;0;0;0;0;0
FR;5;2021-01-02;0;0;0;0;0;0;0;0;0;0;0;0;0;0;0;0;0;0
FR;5;2021-01-03;0;0;0;0;0;0;0;0;0;0;0;0;0;0;0;0;0;0
FR;5;2021-01-04;0;0;0;0;0;0;0;0;0;0;0;0;0;0;0;0;0;0
FR;5;2021-01-05;0;0;0;0;0;0;0;0;0;0;0;0;0;0;0;0;0;0
FR;5;2021-01-06;0;0;0;0;0;0;0;0;0;0;0;0;0;0;0;0;0;0
FR;5;2021-01-07;0;0;0;0;0;0;0;0;0;0;0;0;0;0;0;0;0;0
FR;5;2021-01-08;0;0;0;0;0;0;0;0;0;0;0;0;0;0;0;0;0;0
FR;5;2021-01-09;0;0;0;0;0;0;0;0;0;0;0;0;0;0;0;0;0;0
FR;5;2021-01-10;0;0;0;0;0;0;0;0;0;0;0;0;0;0;0;0;0;0
FR;5;2021-01-11;0;0;0;0;0;0;0;0;0;0;0;0;0;0;0;0;0;0
FR;5;2021-01-12;0;0;0;0;0;0;0;0;0;0;0;0;0;0;0;0;0;0
FR;5;2021-01-13;0;0;0;0;0;0;0;0;0;0;0;0;0;0;0;0;0;0
FR;5;2021-01-14;0;0;0;0;0;0;0;0;0;0;0;0;0;0;0;0;0;0
FR;5;2021-01-15;0;0;0;0;0;0;0;0;0;0;0;0;0;0;0;0;0;0
FR;5;2021-01-16;0;0;0;0;0;0;0;0;0;0;0;0;0;0;0;0;0;0
FR;5;2021-01-17;0;0;0;0;0;0;0;0;0;0;0;0;0;0;0;0;0;0
FR;5;2021-01-18;0;0;0;0;0;0;0;0;0;0;0;0;0;0;0;0;0;0
FR;5;2021-01-19;0;0;0;0;0;0;0;0;0;0;0;0;0;0;0;0;0;0
FR;5;2021-01-20;0;0;0;0;0;0;0;0;0;0;0;0;0;0;0;0;0;0
FR;5;2021-01-21;0;0;0;0;0;0;0;0;0;0;0;0;0;0;0;0;0;0
FR;5;2021-01-22;0;0;0;0;0;0;0;0;0;0;0;0;0;0;0;0;0;0
FR;5;2021-01-23;0;0;0;0;0;0;0;0;0;0;0;0;0;0;0;0;0;0
FR;5;2021-01-24;0;0;0;0;0;0;0;0;0;0;0;0;0;0;0;0;0;0
FR;5;2021-01-25;0;0;0;0;0;0;0;0;0;0;0;0;0;0;0;0;0;0
FR;5;2021-01-26;0;0;0;0;0;0;0;0;0;0;0;0;0;0;0;0;0;0
FR;5;2021-01-27;0;0;0;0;0;0;0;0;0;0;0;0;0;0;0;0;0;0
FR;5;2021-01-28;0;0;0;0;0;0;0;0;0;0;0;0;0;0;0;0;0;0
FR;5;2021-01-29;0;0;0;0;0;0;0;0;0;0;0;0;0;0;0;0;0;0
FR;5;2021-01-30;0;0;0;0;0;0;0;0;0;0;0;0;0;0;0;0;0;0
FR;5;2021-01-31;0;0;0;0;0;0;0;0;0;0;0;0;0;0;0;0;0;0
FR;5;2021-02-01;0;0;0;0;0;0;0;0;0;0;0;0;0;0;0;0;0;0
FR;5;2021-02-02;0;0;0;0;0;0;0;0;0;0;0;0;0;0;0;0;0;0
FR;5;2021-02-03;0;0;0;0;0;0;0;0;0;0;0;0;0;0;0;0;0;0
FR;5;2021-02-04;0;0;0;0;0;0;0;0;0;0;0;0;0;0;0;0;0;0
FR;5;2021-02-05;0;0;0;0;0;0;0;0;0;0;0;0;0;0;0;0;0;0
FR;5;2021-02-06;0;0;0;0;0;0;0;0;0;0;0;0;0;0;0;0;0;0
FR;5;2021-02-07;0;0;0;0;0;0;0;0;0;0;0;0;0;0;0;0;0;0
FR;5;2021-02-08;0;0;0;0;0;0;0;0;0;0;0;0;0;0;0;0;0;0
FR;5;2021-02-09;0;0;0;0;0;0;0;0;0;0;0;0;0;0;0;0;0;0
FR;5;2021-02-10;0;0;0;0;0;0;0;0;0;0;0;0;0;0;0;0;0;0
FR;5;2021-02-11;0;0;0;0;0;0;0;0;0;0;0;0;0;0;0;0;0;0
FR;5;2021-02-12;0;0;0;0;0;0;0;0;0;0;0;0;0;0;0;0;0;0
FR;5;2021-02-13;0;0;0;0;0;0;0;0;0;0;0;0;0;0;0;0;0;0
FR;5;2021-02-14;0;0;0;0;0;0;0;0;0;0;0;0;0;0;0;0;0;0
FR;5;2021-02-15;0;0;0;0;0;0;0;0;0;0;0;0;0;0;0;0;0;0
FR;5;2021-02-16;0;0;0;0;0;0;0;0;0;0;0;0;0;0;0;0;0;0
FR;5;2021-02-17;0;0;0;0;0;0;0;0;0;0;0;0;0;0;0;0;0;0
FR;5;2021-02-18;0;0;0;0;0;0;0;0;0;0;0;0;0;0;0;0;0;0
FR;5;2021-02-19;0;0;0;0;0;0;0;0;0;0;0;0;0;0;0;0;0;0
FR;5;2021-02-20;0;0;0;0;0;0;0;0;0;0;0;0;0;0;0;0;0;0
FR;5;2021-02-21;0;0;0;0;0;0;0;0;0;0;0;0;0;0;0;0;0;0
FR;5;2021-02-22;0;0;0;0;0;0;0;0;0;0;0;0;0;0;0;0;0;0
FR;5;2021-02-23;0;0;0;0;0;0;0;0;0;0;0;0;0;0;0;0;0;0
FR;5;2021-02-24;0;0;0;0;0;0;0;0;0;0;0;0;0;0;0;0;0;0
FR;5;2021-02-25;0;0;0;0;0;0;0;0;0;0;0;0;0;0;0;0;0;0
FR;5;2021-02-26;0;0;0;0;0;0;0;0;0;0;0;0;0;0;0;0;0;0
FR;5;2021-02-27;0;0;0;0;0;0;0;0;0;0;0;0;0;0;0;0;0;0
FR;5;2021-02-28;0;0;0;0;0;0;0;0;0;0;0;0;0;0;0;0;0;0
FR;5;2021-03-01;0;0;0;0;0;0;0;0;0;0;0;0;0;0;0;0;0;0
FR;5;2021-03-02;0;0;0;0;0;0;0;0;0;0;0;0;0;0;0;0;0;0
FR;5;2021-03-03;0;0;0;0;0;0;0;0;0;0;0;0;0;0;0;0;0;0
FR;5;2021-03-04;0;0;0;0;0;0;0;0;0;0;0;0;0;0;0;0;0;0
FR;5;2021-03-05;0;0;0;0;0;0;0;0;0;0;0;0;0;0;0;0;0;0
FR;5;2021-03-06;0;0;0;0;0;0;0;0;0;0;0;0;0;0;0;0;0;0
FR;5;2021-03-07;0;0;0;0;0;0;0;0;0;0;0;0;0;0;0;0;0;0
FR;5;2021-03-08;0;0;0;0;0;0;0;0;0;0;0;0;0;0;0;0;0;0
FR;5;2021-03-09;0;0;0;0;0;0;0;0;0;0;0;0;0;0;0;0;0;0
FR;5;2021-03-10;0;0;0;0;0;0;0;0;0;0;0;0;0;0;0;0;0;0
FR;5;2021-03-11;0;0;0;0;0;0;0;0;0;0;0;0;0;0;0;0;0;0
FR;5;2021-03-12;0;0;0;0;0;0;0;0;0;0;0;0;0;0;0;0;0;0
FR;5;2021-03-13;0;0;0;0;0;0;0;0;0;0;0;0;0;0;0;0;0;0
FR;5;2021-03-14;0;0;0;0;0;0;0;0;0;0;0;0;0;0;0;0;0;0
FR;5;2021-03-15;0;0;0;0;0;0;0;0;0;0;0;0;0;0;0;0;0;0
FR;5;2021-03-16;0;0;0;0;0;0;0;0;0;0;0;0;0;0;0;0;0;0
FR;5;2021-03-17;0;0;0;0;0;0;0;0;0;0;0;0;0;0;0;0;0;0
FR;5;2021-03-18;0;0;0;0;0;0;0;0;0;0;0;0;0;0;0;0;0;0
FR;5;2021-03-19;0;0;0;0;0;0;0;0;0;0;0;0;0;0;0;0;0;0
FR;5;2021-03-20;0;0;0;0;0;0;0;0;0;0;0;0;0;0;0;0;0;0
FR;5;2021-03-21;0;0;0;0;0;0;0;0;0;0;0;0;0;0;0;0;0;0
FR;5;2021-03-22;0;0;0;0;0;0;0;0;0;0;0;0;0;0;0;0;0;0
FR;5;2021-03-23;0;0;0;0;0;0;0;0;0;0;0;0;0;0;0;0;0;0
FR;5;2021-03-24;0;0;0;0;0;0;0;0;0;0;0;0;0;0;0;0;0;0
FR;5;2021-03-25;0;0;0;0;0;0;0;0;0;0;0;0;0;0;0;0;0;0
FR;5;2021-03-26;0;0;0;0;0;0;0;0;0;0;0;0;0;0;0;0;0;0
FR;5;2021-03-27;0;0;0;0;0;0;0;0;0;0;0;0;0;0;0;0;0;0
FR;5;2021-03-28;0;0;0;0;0;0;0;0;0;0;0;0;0;0;0;0;0;0
FR;5;2021-03-29;0;0;0;0;0;0;0;0;0;0;0;0;0;0;0;0;0;0
FR;5;2021-03-30;0;0;0;0;0;0;0;0;0;0;0;0;0;0;0;0;0;0
FR;5;2021-03-31;0;0;0;0;0;0;0;0;0;0;0;0;0;0;0;0;0;0
FR;5;2021-04-01;0;0;0;0;0;0;0;0;0;0;0;0;0;0;0;0;0;0
FR;5;2021-04-02;0;0;0;0;0;0;0;0;0;0;0;0;0;0;0;0;0;0
FR;5;2021-04-03;0;0;0;0;0;0;0;0;0;0;0;0;0;0;0;0;0;0
FR;5;2021-04-04;0;0;0;0;0;0;0;0;0;0;0;0;0;0;0;0;0;0
FR;5;2021-04-05;0;0;0;0;0;0;0;0;0;0;0;0;0;0;0;0;0;0
FR;5;2021-04-06;0;0;0;0;0;0;0;0;0;0;0;0;0;0;0;0;0;0
FR;5;2021-04-07;0;0;0;0;0;0;0;0;0;0;0;0;0;0;0;0;0;0
FR;5;2021-04-08;0;0;0;0;0;0;0;0;0;0;0;0;0;0;0;0;0;0
FR;5;2021-04-09;0;0;0;0;0;0;0;0;0;0;0;0;0;0;0;0;0;0
FR;5;2021-04-10;0;0;0;0;0;0;0;0;0;0;0;0;0;0;0;0;0;0
FR;5;2021-04-11;0;0;0;0;0;0;0;0;0;0;0;0;0;0;0;0;0;0
FR;5;2021-04-12;0;0;0;0;0;0;0;0;0;0;0;0;0;0;0;0;0;0
FR;5;2021-04-13;0;0;0;0;0;0;0;0;0;0;0;0;0;0;0;0;0;0
FR;5;2021-04-14;0;0;0;0;0;0;0;0;0;0;0;0;0;0;0;0;0;0
FR;5;2021-04-15;0;0;0;0;0;0;0;0;0;0;0;0;0;0;0;0;0;0
FR;5;2021-04-16;0;0;0;0;0;0;0;0;0;0;0;0;0;0;0;0;0;0
FR;5;2021-04-17;0;0;0;0;0;0;0;0;0;0;0;0;0;0;0;0;0;0
FR;5;2021-04-18;0;0;0;0;0;0;0;0;0;0;0;0;0;0;0;0;0;0
FR;5;2021-04-19;0;0;0;0;0;0;0;0;0;0;0;0;0;0;0;0;0;0
FR;5;2021-04-20;0;0;0;0;0;0;0;0;0;0;0;0;0;0;0;0;0;0
FR;5;2021-04-21;0;0;0;0;0;0;0;0;0;0;0;0;0;0;0;0;0;0
FR;5;2021-04-22;0;0;0;0;0;0;0;0;0;0;0;0;0;0;0;0;0;0
FR;5;2021-04-23;0;0;0;0;0;0;0;0;0;0;0;0;0;0;0;0;0;0
FR;5;2021-04-24;0;0;0;0;0;0;0;0;0;0;0;0;0;0;0;0;0;0
FR;5;2021-04-25;0;0;0;0;0;0;0;0;0;0;0;0;0;0;0;0;0;0
FR;5;2021-04-26;0;0;0;0;0;0;0;0;0;0;0;0;0;0;0;0;0;0
FR;5;2021-04-27;0;0;0;0;0;0;0;0;0;0;0;0;0;0;0;0;0;0
FR;5;2021-04-28;0;0;0;0;0;0;0;0;0;0;0;0;0;0;0;0;0;0
FR;5;2021-04-29;0;0;0;0;0;0;0;0;0;0;0;0;0;0;0;0;0;0
FR;5;2021-04-30;0;0;0;0;0;0;0;0;0;0;0;0;0;0;0;0;0;0
FR;5;2021-05-01;0;0;0;0;0;0;0;0;0;0;0;0;0;0;0;0;0;0
FR;5;2021-05-02;0;0;0;0;0;0;0;0;0;0;0;0;0;0;0;0;0;0
FR;5;2021-05-03;0;0;0;0;0;0;0;0;0;0;0;0;0;0;0;0;0;0
FR;5;2021-05-04;0;0;0;0;0;0;0;0;0;0;0;0;0;0;0;0;0;0
FR;5;2021-05-05;0;0;0;0;0;0;0;0;0;0;0;0;0;0;0;0;0;0
FR;5;2021-05-06;0;0;0;0;0;0;0;0;0;0;0;0;0;0;0;0;0;0
FR;5;2021-05-07;0;0;0;0;0;0;0;0;0;0;0;0;0;0;0;0;0;0
FR;5;2021-05-08;0;0;0;0;0;0;0;0;0;0;0;0;0;0;0;0;0;0
FR;5;2021-05-09;0;0;0;0;0;0;0;0;0;0;0;0;0;0;0;0;0;0
FR;5;2021-05-10;0;0;0;0;0;0;0;0;0;0;0;0;0;0;0;0;0;0
FR;5;2021-05-11;0;0;0;0;0;0;0;0;0;0;0;0;0;0;0;0;0;0
FR;5;2021-05-12;0;0;0;0;0;0;0;0;0;0;0;0;0;0;0;0;0;0
FR;5;2021-05-13;0;0;0;0;0;0;0;0;0;0;0;0;0;0;0;0;0;0
FR;5;2021-05-14;0;0;0;0;0;0;0;0;0;0;0;0;0;0;0;0;0;0
FR;5;2021-05-15;0;0;0;0;0;0;0;0;0;0;0;0;0;0;0;0;0;0
FR;5;2021-05-16;0;0;0;0;0;0;0;0;0;0;0;0;0;0;0;0;0;0
FR;5;2021-05-17;0;0;0;0;0;0;0;0;0;0;0;0;0;0;0;0;0;0
FR;5;2021-05-18;0;0;0;0;0;0;0;0;0;0;0;0;0;0;0;0;0;0
FR;5;2021-05-19;0;0;0;0;0;0;0;0;0;0;0;0;0;0;0;0;0;0
FR;5;2021-05-20;0;0;0;0;0;0;0;0;0;0;0;0;0;0;0;0;0;0
FR;5;2021-05-21;0;0;0;0;0;0;0;0;0;0;0;0;0;0;0;0;0;0
FR;5;2021-05-22;0;0;0;0;0;0;0;0;0;0;0;0;0;0;0;0;0;0
FR;5;2021-05-23;0;0;0;0;0;0;0;0;0;0;0;0;0;0;0;0;0;0
FR;5;2021-05-24;0;0;0;0;0;0;0;0;0;0;0;0;0;0;0;0;0;0
FR;5;2021-05-25;0;0;0;0;0;0;0;0;0;0;0;0;0;0;0;0;0;0
FR;5;2021-05-26;0;0;0;0;0;0;0;0;0;0;0;0;0;0;0;0;0;0
FR;5;2021-05-27;0;0;0;0;0;0;0;0;0;0;0;0;0;0;0;0;0;0
FR;5;2021-05-28;0;0;0;0;0;0;0;0;0;0;0;0;0;0;0;0;0;0
FR;5;2021-05-29;0;0;0;0;0;0;0;0;0;0;0;0;0;0;0;0;0;0
FR;5;2021-05-30;0;0;0;0;0;0;0;0;0;0;0;0;0;0;0;0;0;0
FR;5;2021-05-31;0;0;0;0;0;0;0;0;0;0;0;0;0;0;0;0;0;0
FR;5;2021-06-01;0;0;0;0;0;0;0;0;0;0;0;0;0;0;0;0;0;0
FR;5;2021-06-02;0;0;0;0;0;0;0;0;0;0;0;0;0;0;0;0;0;0
FR;5;2021-06-03;0;0;0;0;0;0;0;0;0;0;0;0;0;0;0;0;0;0
FR;5;2021-06-04;0;0;0;0;0;0;0;0;0;0;0;0;0;0;0;0;0;0
FR;5;2021-06-05;0;0;0;0;0;0;0;0;0;0;0;0;0;0;0;0;0;0
FR;5;2021-06-06;0;0;0;0;0;0;0;0;0;0;0;0;0;0;0;0;0;0
FR;5;2021-06-07;0;0;0;0;0;0;0;0;0;0;0;0;0;0;0;0;0;0
FR;5;2021-06-08;0;0;0;0;0;0;0;0;0;0;0;0;0;0;0;0;0;0
FR;5;2021-06-09;0;0;0;0;0;0;0;0;0;0;0;0;0;0;0;0;0;0
FR;5;2021-06-10;0;0;0;0;0;0;0;0;0;0;0;0;0;0;0;0;0;0
FR;5;2021-06-11;0;0;0;0;0;0;0;0;0;0;0;0;0;0;0;0;0;0
FR;5;2021-06-12;0;0;0;0;0;0;0;0;0;0;0;0;0;0;0;0;0;0
FR;5;2021-06-13;0;0;0;0;0;0;0;0;0;0;0;0;0;0;0;0;0;0
FR;5;2021-06-14;0;0;0;0;0;0;0;0;0;0;0;0;0;0;0;0;0;0
FR;5;2021-06-15;0;0;0;0;0;0;0;0;0;0;0;0;0;0;0;0;0;0
FR;5;2021-06-16;0;0;0;0;0;0;0;0;0;0;0;0;0;0;0;0;0;0
FR;5;2021-06-17;0;0;0;0;0;0;0;0;0;0;0;0;0;0;0;0;0;0
FR;5;2021-06-18;0;0;0;0;0;0;0;0;0;0;0;0;0;0;0;0;0;0
FR;5;2021-06-19;0;0;0;0;0;0;0;0;0;0;0;0;0;0;0;0;0;0
FR;5;2021-06-20;0;0;0;0;0;0;0;0;0;0;0;0;0;0;0;0;0;0
FR;5;2021-06-21;0;0;0;0;0;0;0;0;0;0;0;0;0;0;0;0;0;0
FR;5;2021-06-22;0;0;0;0;0;0;0;0;0;0;0;0;0;0;0;0;0;0
FR;5;2021-06-23;0;0;0;0;0;0;0;0;0;0;0;0;0;0;0;0;0;0
FR;5;2021-06-24;0;0;0;0;0;0;0;0;0;0;0;0;0;0;0;0;0;0
FR;5;2021-06-25;0;0;0;0;0;0;0;0;0;0;0;0;0;0;0;0;0;0
FR;5;2021-06-26;0;0;0;0;0;0;0;0;0;0;0;0;0;0;0;0;0;0
FR;5;2021-06-27;0;0;0;0;0;0;0;0;0;0;0;0;0;0;0;0;0;0
FR;5;2021-06-28;0;0;0;0;0;0;0;0;0;0;0;0;0;0;0;0;0;0
FR;5;2021-06-29;0;0;0;0;0;0;0;0;0;0;0;0;0;0;0;0;0;0
FR;5;2021-06-30;0;0;0;0;0;0;0;0;0;0;0;0;0;0;0;0;0;0
FR;5;2021-07-01;0;0;0;0;0;0;0;0;0;0;0;0;0;0;0;0;0;0
FR;5;2021-07-02;0;0;0;0;0;0;0;0;0;0;0;0;0;0;0;0;0;0
FR;5;2021-07-03;0;0;0;0;0;0;0;0;0;0;0;0;0;0;0;0;0;0
FR;5;2021-07-04;0;0;0;0;0;0;0;0;0;0;0;0;0;0;0;0;0;0
FR;5;2021-07-05;0;0;0;0;0;0;0;0;0;0;0;0;0;0;0;0;0;0
FR;5;2021-07-06;0;0;0;0;0;0;0;0;0;0;0;0;0;0;0;0;0;0
FR;5;2021-07-07;0;0;0;0;0;0;0;0;0;0;0;0;0;0;0;0;0;0
FR;5;2021-07-08;0;0;0;0;0;0;0;0;0;0;0;0;0;0;0;0;0;0
FR;5;2021-07-09;0;0;0;0;0;0;0;0;0;0;0;0;0;0;0;0;0;0
FR;5;2021-07-10;0;0;0;0;0;0;0;0;0;0;0;0;0;0;0;0;0;0
FR;5;2021-07-11;0;0;0;0;0;0;0;0;0;0;0;0;0;0;0;0;0;0
FR;5;2021-07-12;0;0;0;0;0;0;0;0;0;0;0;0;0;0;0;0;0;0
FR;5;2021-07-13;0;0;0;0;0;0;0;0;0;0;0;0;0;0;0;0;0;0
FR;5;2021-07-14;0;0;0;0;0;0;0;0;0;0;0;0;0;0;0;0;0;0
FR;5;2021-07-15;0;0;0;0;0;0;0;0;0;0;0;0;0;0;0;0;0;0
FR;5;2021-07-16;0;0;0;0;0;0;0;0;0;0;0;0;0;0;0;0;0;0
FR;5;2021-07-17;0;0;0;0;0;0;0;0;0;0;0;0;0;0;0;0;0;0
FR;5;2021-07-18;0;0;0;0;0;0;0;0;0;0;0;0;0;0;0;0;0;0
FR;5;2021-07-19;0;0;0;0;0;0;0;0;0;0;0;0;0;0;0;0;0;0
FR;5;2021-07-20;0;0;0;0;0;0;0;0;0;0;0;0;0;0;0;0;0;0
FR;5;2021-07-21;0;0;0;0;0;0;0;0;0;0;0;0;0;0;0;0;0;0
FR;5;2021-07-22;0;0;0;0;0;0;0;0;0;0;0;0;0;0;0;0;0;0
FR;5;2021-07-23;0;0;0;0;0;0;0;0;0;0;0;0;0;0;0;0;0;0
FR;5;2021-07-24;0;0;0;0;0;0;0;0;0;0;0;0;0;0;0;0;0;0
FR;5;2021-07-25;0;0;0;0;0;0;0;0;0;0;0;0;0;0;0;0;0;0
FR;5;2021-07-26;0;0;0;0;0;0;0;0;0;0;0;0;0;0;0;0;0;0
FR;5;2021-07-27;0;0;0;0;0;0;0;0;0;0;0;0;0;0;0;0;0;0
FR;5;2021-07-28;0;0;0;0;0;0;0;0;0;0;0;0;0;0;0;0;0;0
FR;5;2021-07-29;0;0;0;0;0;0;0;0;0;0;0;0;0;0;0;0;0;0
FR;5;2021-07-30;0;0;0;0;0;0;0;0;0;0;0;0;0;0;0;0;0;0
FR;5;2021-07-31;0;0;0;0;0;0;0;0;0;0;0;0;0;0;0;0;0;0
FR;5;2021-08-01;0;0;0;0;0;0;0;0;0;0;0;0;0;0;0;0;0;0
FR;5;2021-08-02;0;0;0;0;0;0;0;0;0;0;0;0;0;0;0;0;0;0
FR;5;2021-08-03;0;0;0;0;0;0;0;0;0;0;0;0;0;0;0;0;0;0
FR;5;2021-08-04;0;0;0;0;0;0;0;0;0;0;0;0;0;0;0;0;0;0
FR;5;2021-08-05;0;0;0;0;0;0;0;0;0;0;0;0;0;0;0;0;0;0
FR;5;2021-08-06;0;0;0;0;0;0;0;0;0;0;0;0;0;0;0;0;0;0
FR;5;2021-08-07;0;0;0;0;0;0;0;0;0;0;0;0;0;0;0;0;0;0
FR;5;2021-08-08;0;0;0;0;0;0;0;0;0;0;0;0;0;0;0;0;0;0
FR;5;2021-08-09;0;0;0;0;0;0;0;0;0;0;0;0;0;0;0;0;0;0
FR;5;2021-08-10;0;0;0;0;0;0;0;0;0;0;0;0;0;0;0;0;0;0
FR;5;2021-08-11;0;0;0;0;0;0;0;0;0;0;0;0;0;0;0;0;0;0
FR;5;2021-08-12;0;0;0;0;0;0;0;0;0;0;0;0;0;0;0;0;0;0
FR;5;2021-08-13;0;0;0;0;0;0;0;0;0;0;0;0;0;0;0;0;0;0
FR;5;2021-08-14;0;0;0;0;0;0;0;0;0;0;0;0;0;0;0;0;0;0
FR;5;2021-08-15;0;0;0;0;0;0;0;0;0;0;0;0;0;0;0;0;0;0
FR;5;2021-08-16;0;0;0;0;0;0;0;0;0;0;0;0;0;0;0;0;0;0
FR;5;2021-08-17;0;0;0;0;0;0;0;0;0;0;0;0;0;0;0;0;0;0
FR;5;2021-08-18;0;0;0;0;0;0;0;0;0;0;0;0;0;0;0;0;0;0
FR;5;2021-08-19;0;0;0;0;0;0;0;0;0;0;0;0;0;0;0;0;0;0
FR;5;2021-08-20;0;0;0;0;0;0;0;0;0;0;0;0;0;0;0;0;0;0
FR;5;2021-08-21;0;0;0;0;0;0;0;0;0;0;0;0;0;0;0;0;0;0
FR;5;2021-08-22;0;0;0;0;0;0;0;0;0;0;0;0;0;0;0;0;0;0
FR;5;2021-08-23;0;0;0;0;0;0;0;0;0;0;0;0;0;0;0;0;0;0
FR;5;2021-08-24;0;0;0;0;0;0;0;0;0;0;0;0;0;0;0;0;0;0
FR;5;2021-08-25;0;0;0;0;0;0;0;0;0;0;0;0;0;0;0;0;0;0
FR;5;2021-08-26;0;0;0;0;0;0;0;0;0;0;0;0;0;0;0;0;0;0
FR;5;2021-08-27;0;0;0;0;0;0;0;0;0;0;0;0;0;0;0;0;0;0
FR;5;2021-08-28;0;0;0;0;0;0;0;0;0;0;0;0;0;0;0;0;0;0
FR;5;2021-08-29;0;0;0;0;0;0;0;0;0;0;0;0;0;0;0;0;0;0
FR;5;2021-08-30;0;0;0;0;0;0;0;0;0;0;0;0;0;0;0;0;0;0
FR;5;2021-08-31;0;0;0;0;0;0;0;0;0;0;0;0;0;0;0;0;0;0
FR;5;2021-09-01;0;0;0;0;0;0;0;0;0;0;0;0;0;0;0;0;0;0
FR;5;2021-09-02;0;0;0;0;0;0;0;0;0;0;0;0;0;0;0;0;0;0
FR;5;2021-09-03;0;0;0;0;0;0;0;0;0;0;0;0;0;0;0;0;0;0
FR;5;2021-09-04;0;0;0;0;0;0;0;0;0;0;0;0;0;0;0;0;0;0
FR;5;2021-09-05;0;0;0;0;0;0;0;0;0;0;0;0;0;0;0;0;0;0
FR;5;2021-09-06;0;0;0;0;0;0;0;0;0;0;0;0;0;0;0;0;0;0
FR;5;2021-09-07;0;0;0;0;0;0;0;0;0;0;0;0;0;0;0;0;0;0
FR;5;2021-09-08;0;0;0;0;0;0;0;0;0;0;0;0;0;0;0;0;0;0
FR;5;2021-09-09;0;0;0;0;0;0;0;0;0;0;0;0;0;0;0;0;0;0
FR;5;2021-09-10;0;0;0;0;0;0;0;0;0;0;0;0;0;0;0;0;0;0
FR;5;2021-09-11;0;0;0;0;0;0;0;0;0;0;0;0;0;0;0;0;0;0
FR;5;2021-09-12;0;0;0;0;0;0;0;0;0;0;0;0;0;0;0;0;0;0
FR;5;2021-09-13;0;0;0;0;0;0;0;0;0;0;0;0;0;0;0;0;0;0
FR;5;2021-09-14;0;0;0;0;0;0;0;0;0;0;0;0;0;0;0;0;0;0
FR;5;2021-09-15;0;0;0;0;0;0;0;0;0;0;0;0;0;0;0;0;0;0
FR;5;2021-09-16;0;0;0;0;0;0;0;0;0;0;0;0;0;0;0;0;0;0
FR;5;2021-09-17;0;0;0;0;0;0;0;0;0;0;0;0;0;0;0;0;0;0
FR;5;2021-09-18;0;0;0;0;0;0;0;0;0;0;0;0;0;0;0;0;0;0
FR;5;2021-09-19;0;0;0;0;0;0;0;0;0;0;0;0;0;0;0;0;0;0
FR;5;2021-09-20;0;0;0;0;0;0;0;0;0;0;0;0;0;0;0;0;0;0
FR;5;2021-09-21;0;0;0;0;0;0;0;0;0;0;0;0;0;0;0;0;0;0
FR;5;2021-09-22;0;0;0;0;0;0;0;0;0;0;0;0;0;0;0;0;0;0
FR;5;2021-09-23;0;0;0;0;0;0;0;0;0;0;0;0;0;0;0;0;0;0
FR;5;2021-09-24;0;0;0;0;0;0;0;0;0;0;0;0;0;0;0;0;0;0
FR;5;2021-09-25;0;0;0;0;0;0;0;0;0;0;0;0;0;0;0;0;0;0
FR;5;2021-09-26;0;0;0;0;0;0;0;0;0;0;0;0;0;0;0;0;0;0
FR;5;2021-09-27;0;0;0;0;0;0;0;0;0;0;0;0;0;0;0;0;0;0
FR;5;2021-09-28;0;0;0;0;0;0;0;0;0;0;0;0;0;0;0;0;0;0
FR;5;2021-09-29;0;0;0;0;0;0;0;0;0;0;0;0;0;0;0;0;0;0
FR;5;2021-09-30;0;0;0;0;0;0;0;0;0;0;0;0;0;0;0;0;0;0
FR;5;2021-10-01;0;0;0;0;0;0;0;0;0;0;0;0;0;0;0;0;0;0
FR;5;2021-10-02;0;0;0;0;0;0;0;0;0;0;0;0;0;0;0;0;0;0
FR;5;2021-10-03;0;0;0;0;0;0;0;0;0;0;0;0;0;0;0;0;0;0
FR;5;2021-10-04;0;0;0;0;0;0;0;0;0;0;0;0;0;0;0;0;0;0
FR;5;2021-10-05;0;0;0;0;0;0;0;0;0;0;0;0;0;0;0;0;0;0
FR;5;2021-10-06;0;0;0;0;0;0;0;0;0;0;0;0;0;0;0;0;0;0
FR;5;2021-10-07;0;0;0;0;0;0;0;0;0;0;0;0;0;0;0;0;0;0
FR;5;2021-10-08;0;0;0;0;0;0;0;0;0;0;0;0;0;0;0;0;0;0
FR;5;2021-10-09;0;0;0;0;0;0;0;0;0;0;0;0;0;0;0;0;0;0
FR;5;2021-10-10;0;0;0;0;0;0;0;0;0;0;0;0;0;0;0;0;0;0
FR;5;2021-10-11;0;0;0;0;0;0;0;0;0;0;0;0;0;0;0;0;0;0
FR;5;2021-10-12;0;0;0;0;0;0;0;0;0;0;0;0;0;0;0;0;0;0
FR;5;2021-10-13;0;0;0;0;0;0;0;0;0;0;0;0;0;0;0;0;0;0
FR;5;2021-10-14;0;0;0;0;0;0;0;0;0;0;0;0;0;0;0;0;0;0
FR;5;2021-10-15;0;0;0;0;0;0;0;0;0;0;0;0;0;0;0;0;0;0
FR;5;2021-10-16;0;0;0;0;0;0;0;0;0;0;0;0;0;0;0;0;0;0
FR;5;2021-10-17;0;0;0;0;0;0;0;0;0;0;0;0;0;0;0;0;0;0
FR;5;2021-10-18;0;0;0;0;0;0;0;0;0;0;0;0;0;0;0;0;0;0
FR;5;2021-10-19;0;0;0;0;0;0;0;0;0;0;0;0;0;0;0;0;0;0
FR;5;2021-10-20;0;0;0;0;0;0;0;0;0;0;0;0;0;0;0;0;0;0
FR;5;2021-10-21;0;0;0;0;0;0;0;0;0;0;0;0;0;0;0;0;0;0
FR;5;2021-10-22;0;0;0;0;0;0;0;0;0;0;0;0;0;0;0;0;0;0
FR;5;2021-10-23;0;0;0;0;0;0;0;0;0;0;0;0;0;0;0;0;0;0
FR;5;2021-10-24;0;0;0;0;0;0;0;0;0;0;0;0;0;0;0;0;0;0
FR;5;2021-10-25;0;0;0;0;0;0;0;0;0;0;0;0;0;0;0;0;0;0
FR;5;2021-10-26;0;0;0;0;0;0;0;0;0;0;0;0;0;0;0;0;0;0
FR;5;2021-10-27;0;0;0;0;0;0;0;0;0;0;0;0;0;0;0;0;0;0
FR;5;2021-10-28;0;0;0;0;0;0;0;0;0;0;0;0;0;0;0;0;0;0
FR;5;2021-10-29;0;0;0;0;0;0;0;0;0;0;0;0;0;0;0;0;0;0
FR;5;2021-10-30;0;0;0;0;0;0;0;0;0;0;0;0;0;0;0;0;0;0
FR;5;2021-10-31;0;0;0;0;0;0;0;0;0;0;0;0;0;0;0;0;0;0
FR;5;2021-11-01;0;0;0;0;0;0;0;0;0;0;0;0;0;0;0;0;0;0
FR;5;2021-11-02;0;0;0;0;0;0;0;0;0;0;0;0;0;0;0;0;0;0
FR;5;2021-11-03;0;0;0;0;0;0;0;0;0;0;0;0;0;0;0;0;0;0
FR;5;2021-11-04;0;0;0;0;0;0;0;0;0;0;0;0;0;0;0;0;0;0
FR;5;2021-11-05;0;0;0;0;0;0;0;0;0;0;0;0;0;0;0;0;0;0
FR;5;2021-11-06;0;0;0;0;0;0;0;0;0;0;0;0;0;0;0;0;0;0
FR;5;2021-11-07;0;0;0;0;0;0;0;0;0;0;0;0;0;0;0;0;0;0
FR;5;2021-11-08;0;0;0;0;0;0;0;0;0;0;0;0;0;0;0;0;0;0
FR;5;2021-11-09;0;0;0;0;0;0;0;0;0;0;0;0;0;0;0;0;0;0
FR;5;2021-11-10;0;0;0;0;0;0;0;0;0;0;0;0;0;0;0;0;0;0
FR;5;2021-11-11;0;0;0;0;0;0;0;0;0;0;0;0;0;0;0;0;0;0
FR;5;2021-11-12;0;0;0;0;0;0;0;0;0;0;0;0;0;0;0;0;0;0
FR;5;2021-11-13;0;0;0;0;0;0;0;0;0;0;0;0;0;0;0;0;0;0
FR;5;2021-11-14;0;0;0;0;0;0;0;0;0;0;0;0;0;0;0;0;0;0
FR;5;2021-11-15;0;0;0;0;0;0;0;0;0;0;0;0;0;0;0;0;0;0
FR;5;2021-11-16;0;0;0;0;0;0;0;0;0;0;0;0;0;0;0;0;0;0
FR;5;2021-11-17;0;0;0;0;0;0;0;0;0;0;0;0;0;0;0;0;0;0
FR;5;2021-11-18;0;0;0;0;0;0;0;0;0;0;0;0;0;0;0;0;0;0
FR;5;2021-11-19;0;0;0;0;0;0;0;0;0;0;0;0;0;0;0;0;0;0
FR;5;2021-11-20;0;0;0;0;0;0;0;0;0;0;0;0;0;0;0;0;0;0
FR;5;2021-11-21;0;0;0;0;0;0;0;0;0;0;0;0;0;0;0;0;0;0
FR;5;2021-11-22;0;0;0;0;0;0;0;0;0;0;0;0;0;0;0;0;0;0
FR;5;2021-11-23;0;0;0;0;0;0;0;0;0;0;0;0;0;0;0;0;0;0
FR;5;2021-11-24;0;0;0;0;0;0;0;0;0;0;0;0;0;0;0;0;0;0
FR;5;2021-11-25;0;0;0;0;0;0;0;0;0;0;0;0;0;0;0;0;0;0
FR;5;2021-11-26;0;0;0;0;0;0;0;0;0;0;0;0;0;0;0;0;0;0
FR;5;2021-11-27;0;0;0;0;0;0;0;0;0;0;0;0;0;0;0;0;0;0
FR;5;2021-11-28;0;0;0;0;0;0;0;0;0;0;0;0;0;0;0;0;0;0
FR;5;2021-11-29;0;0;0;0;0;0;0;0;0;0;0;0;0;0;0;0;0;0
FR;5;2021-11-30;0;0;0;0;0;0;0;0;0;0;0;0;0;0;0;0;0;0
FR;5;2021-12-01;0;0;0;0;0;0;0;0;0;0;0;0;0;0;0;0;0;0
FR;5;2021-12-02;0;0;0;0;0;0;0;0;0;0;0;0;0;0;0;0;0;0
FR;5;2021-12-03;0;0;0;0;0;0;0;0;0;0;0;0;0;0;0;0;0;0
FR;5;2021-12-04;0;0;0;0;0;0;0;0;0;0;0;0;0;0;0;0;0;0
FR;5;2021-12-05;0;0;0;0;0;0;0;0;0;0;0;0;0;0;0;0;0;0
FR;5;2021-12-06;0;0;0;0;0;0;0;0;0;0;0;0;0;0;0;0;0;0
FR;5;2021-12-07;0;0;0;0;0;0;0;0;0;0;0;0;0;0;0;0;0;0
FR;5;2021-12-08;0;0;0;0;0;0;0;0;0;0;0;0;0;0;0;0;0;0
FR;5;2021-12-09;0;0;0;0;0;0;0;0;0;0;0;0;0;0;0;0;0;0
FR;5;2021-12-10;0;0;0;0;0;0;0;0;0;0;0;0;0;0;0;0;0;0
FR;5;2021-12-11;0;0;0;0;0;0;0;0;0;0;0;0;0;0;0;0;0;0
FR;5;2021-12-12;0;0;0;0;0;0;0;0;0;0;0;0;0;0;0;0;0;0
FR;5;2021-12-13;0;0;0;0;0;0;0;0;0;0;0;0;0;0;0;0;0;0
FR;5;2021-12-14;33;45;77;0;27;88;1;0;0;33;45;77;0;27;88;1;0;0
FR;5;2021-12-15;196;44;37;0;42;49;0;0;0;229;89;114;0;69;137;1;0;0
FR;5;2021-12-16;181;21;44;0;38;48;0;0;0;410;110;158;0;107;185;1;0;0
FR;5;2021-12-17;313;16;72;0;34;74;2;0;0;723;126;230;0;141;259;3;0;0
FR;5;2021-12-18;766;24;22;0;67;29;0;0;0;1489;150;252;0;208;288;3;0;0
FR;5;2021-12-19;585;15;15;0;67;17;0;0;0;2074;165;267;0;275;305;3;0;0
FR;5;2021-12-20;1225;31;34;0;134;37;2;0;0;3299;196;301;0;409;342;5;0;0
FR;5;2021-12-21;1535;22;54;1;141;60;0;0;0;4834;218;355;1;550;402;5;0;0
FR;5;2021-12-22;4069;40;37;0;420;46;2;0;0;8903;258;392;1;970;448;7;0;0
FR;5;2021-12-23;3043;16;21;0;305;25;0;0;0;11946;274;413;1;1275;473;7;0;0
FR;5;2021-12-24;761;18;9;0;103;14;0;0;0;12707;292;422;1;1378;487;7;0;0
FR;5;2021-12-25;61;5;2;0;9;3;0;0;0;12768;297;424;1;1387;490;7;0;0
FR;5;2021-12-26;623;6;3;0;101;4;0;0;0;13391;303;427;1;1488;494;7;0;0
FR;5;2021-12-27;4085;25;21;0;458;23;1;0;0;17476;328;448;1;1946;517;8;0;0
FR;5;2021-12-28;5204;23;41;1;513;43;2;0;0;22680;351;489;2;2459;560;10;0;0
FR;5;2021-12-29;8105;34;66;1;886;69;0;0;0;30785;385;555;3;3345;629;10;0;0
FR;5;2021-12-30;5173;18;33;0;525;39;0;0;0;35958;403;588;3;3870;668;10;0;0
FR;5;2021-12-31;1554;8;10;0;182;11;0;0;0;37512;411;598;3;4052;679;10;0;0
FR;5;2022-01-01;186;2;2;0;24;3;0;0;0;37698;413;600;3;4076;682;10;0;0
FR;5;2022-01-02;1489;1;1;0;152;1;0;0;0;39187;414;601;3;4228;683;10;0;0
FR;5;2022-01-03;3068;36;34;0;322;33;1;0;0;42255;450;635;3;4550;716;11;0;0
FR;5;2022-01-04;3034;39;33;0;321;42;3;0;0;45289;489;668;3;4871;758;14;0;0
FR;5;2022-01-05;19324;203;97;1;2114;108;0;0;0;64613;692;765;4;6985;866;14;0;0
FR;5;2022-01-06;3748;134;122;0;507;142;2;0;0;68361;826;887;4;7492;1008;16;0;0
FR;5;2022-01-07;5006;202;48;2;704;56;1;0;0;73367;1028;935;6;8196;1064;17;0;0
FR;5;2022-01-08;13659;514;45;0;2003;52;0;0;0;87026;1542;980;6;10199;1116;17;0;0
FR;5;2022-01-09;5754;399;15;0;1112;20;1;0;0;92780;1941;995;6;11311;1136;18;0;0
FR;5;2022-01-10;3455;326;25;0;734;29;0;0;0;96235;2267;1020;6;12045;1165;18;0;0
FR;5;2022-01-11;3671;283;38;0;661;41;1;0;0;99906;2550;1058;6;12706;1206;19;0;0
FR;5;2022-01-12;22650;3005;89;0;5297;112;2;0;0;122556;5555;1147;6;18003;1318;21;0;0
FR;5;2022-01-13;4039;623;29;0;1051;31;2;0;0;126595;6178;1176;6;19054;1349;23;0;0
FR;5;2022-01-14;4843;583;45;0;1115;52;1;0;0;131438;6761;1221;6;20169;1401;24;0;0
FR;5;2022-01-15;14686;1747;38;3;3376;49;3;0;0;146124;8508;1259;9;23545;1450;27;0;0
FR;5;2022-01-16;4728;666;3;0;1261;5;0;0;0;150852;9174;1262;9;24806;1455;27;0;0
FR;5;2022-01-17;2297;718;26;0;986;29;0;0;0;153149;9892;1288;9;25792;1484;27;0;0
FR;5;2022-01-18;2431;870;30;0;1141;40;0;0;0;155580;10762;1318;9;26933;1524;27;0;0
FR;5;2022-01-19;18484;6423;74;2;8366;142;3;0;0;174064;17185;1392;11;35299;1666;30;0;0
FR;5;2022-01-20;1920;1067;25;0;1295;34;2;0;0;175984;18252;1417;11;36594;1700;32;0;0
FR;5;2022-01-21;3077;1372;47;1;1677;59;2;0;0;179061;19624;1464;12;38271;1759;34;0;0
FR;5;2022-01-22;10720;3454;33;1;4671;43;1;0;0;189781;23078;1497;13;42942;1802;35;0;0
FR;5;2022-01-23;2629;1415;6;0;1789;10;0;0;0;192410;24493;1503;13;44731;1812;35;0;0
FR;5;2022-01-24;1161;1340;19;0;1446;23;1;0;0;193571;25833;1522;13;46177;1835;36;0;0
FR;5;2022-01-25;1220;1549;20;2;1683;31;3;0;0;194791;27382;1542;15;47860;1866;39;0;0
FR;5;2022-01-26;10748;12032;50;1;13300;89;1;0;1;205539;39414;1592;16;61160;1955;40;0;1
FR;5;2022-01-27;1291;1693;10;0;1838;17;0;0;0;206830;41107;1602;16;62998;1972;40;0;1
FR;5;2022-01-28;1698;3346;16;0;3566;19;1;0;0;208528;44453;1618;16;66564;1991;41;0;1
FR;5;2022-01-29;6241;8041;68;0;8855;96;2;0;0;214769;52494;1686;16;75419;2087;43;0;1
FR;5;2022-01-30;1509;2950;5;0;3185;18;0;0;0;216278;55444;1691;16;78604;2105;43;0;1
FR;5;2022-01-31;589;1773;23;0;1837;24;3;0;0;216867;57217;1714;16;80441;2129;46;0;1
FR;5;2022-02-01;712;1706;10;0;1791;15;0;0;0;217579;58923;1724;16;82232;2144;46;0;1
FR;5;2022-02-02;6959;15655;52;0;16603;94;0;0;0;224538;74578;1776;16;98835;2238;46;0;1
FR;5;2022-02-03;492;1691;14;0;1748;13;5;0;0;225030;76269;1790;16;100583;2251;51;0;1
FR;5;2022-02-04;945;3002;19;0;3123;31;0;0;0;225975;79271;1809;16;103706;2282;51;0;1
FR;5;2022-02-05;3536;8919;23;0;9517;37;0;0;0;229511;88190;1832;16;113223;2319;51;0;1
FR;5;2022-02-06;737;2398;10;0;2556;19;0;0;0;230248;90588;1842;16;115779;2338;51;0;1
FR;5;2022-02-07;884;1596;23;0;1715;25;2;0;0;231132;92184;1865;16;117494;2363;53;0;1
FR;5;2022-02-08;725;1287;18;0;1407;20;2;0;0;231857;93471;1883;16;118901;2383;55;0;1
FR;5;2022-02-09;4544;12880;44;0;13608;76;1;0;0;236401;106351;1927;16;132509;2459;56;0;1
FR;5;2022-02-10;646;1059;14;0;1166;15;0;0;0;237047;107410;1941;16;133675;2474;56;0;1
FR;5;2022-02-11;793;2032;16;0;2163;21;1;0;0;237840;109442;1957;16;135838;2495;57;0;1
FR;5;2022-02-12;2286;6812;33;0;7279;53;0;0;0;240126;116254;1990;16;143117;2548;57;0;1
FR;5;2022-02-13;464;1541;8;0;1654;8;1;0;0;240590;117795;1998;16;144771;2556;58;0;1
FR;5;2022-02-14;678;1288;10;0;1407;13;1;0;0;241268;119083;2008;16;146178;2569;59;0;1
FR;5;2022-02-15;482;886;9;0;968;14;1;0;0;241750;119969;2017;16;147146;2583;60;0;1
FR;5;2022-02-16;2980;9124;41;1;9676;58;2;0;0;244730;129093;2058;17;156822;2641;62;0;1
FR;5;2022-02-17;436;809;6;0;876;7;1;0;0;245166;129902;2064;17;157698;2648;63;0;1
FR;5;2022-02-18;649;1408;13;0;1535;17;0;0;0;245815;131310;2077;17;159233;2665;63;0;1
FR;5;2022-02-19;1373;4315;16;0;4623;28;0;0;0;247188;135625;2093;17;163856;2693;63;0;1
FR;5;2022-02-20;247;879;6;0;941;8;0;0;0;247435;136504;2099;17;164797;2701;63;0;1
FR;5;2022-02-21;221;607;2;0;661;4;1;0;0;247656;137111;2101;17;165458;2705;64;0;1
FR;5;2022-02-22;262;545;17;0;591;17;1;0;0;247918;137656;2118;17;166049;2722;65;0;1
FR;5;2022-02-23;1909;6926;23;1;7346;43;0;0;0;249827;144582;2141;18;173395;2765;65;0;1
FR;5;2022-02-24;182;374;6;1;421;7;1;0;0;250009;144956;2147;19;173816;2772;66;0;1
FR;5;2022-02-25;336;951;13;0;1028;12;2;0;0;250345;145907;2160;19;174844;2784;68;0;1
FR;5;2022-02-26;972;3071;11;0;3333;15;2;0;0;251317;148978;2171;19;178177;2799;70;0;1
FR;5;2022-02-27;151;506;0;0;549;3;0;0;0;251468;149484;2171;19;178726;2802;70;0;1
FR;5;2022-02-28;162;369;1;0;408;1;0;0;0;251630;149853;2172;19;179134;2803;70;0;1
FR;5;2022-03-01;130;280;6;0;315;7;1;0;0;251760;150133;2178;19;179449;2810;71;0;1
FR;5;2022-03-02;1242;4156;28;3;4497;40;3;0;0;253002;154289;2206;22;183946;2850;74;0;1
FR;5;2022-03-03;121;251;5;0;271;10;1;0;0;253123;154540;2211;22;184217;2860;75;0;1
FR;5;2022-03-04;197;488;13;0;538;14;2;0;0;253320;155028;2224;22;184755;2874;77;0;1
FR;5;2022-03-05;677;1990;8;0;2243;16;2;0;0;253997;157018;2232;22;186998;2890;79;0;1
FR;5;2022-03-06;108;260;0;0;310;0;0;0;0;254105;157278;2232;22;187308;2890;79;0;1
FR;5;2022-03-07;71;228;5;0;254;3;2;0;0;254176;157506;2237;22;187562;2893;81;0;1
FR;5;2022-03-08;46;134;7;1;141;8;3;0;0;254222;157640;2244;23;187703;2901;84;0;1
FR;5;2022-03-09;910;3078;24;0;3407;36;0;0;0;255132;160718;2268;23;191110;2937;84;0;1
FR;5;2022-03-10;82;202;9;0;215;13;3;0;0;255214;160920;2277;23;191325;2950;87;0;1
FR;5;2022-03-11;148;369;13;1;426;15;0;0;0;255362;161289;2290;24;191751;2965;87;0;1
FR;5;2022-03-12;758;1613;13;1;1976;30;0;0;0;256120;162902;2303;25;193727;2995;87;0;1
FR;5;2022-03-13;78;102;0;0;135;0;0;0;0;256198;163004;2303;25;193862;2995;87;0;1
FR;5;2022-03-14;69;119;7;1;139;7;1;0;0;256267;163123;2310;26;194001;3002;88;0;1
FR;5;2022-03-15;83;99;4;0;119;7;1;0;0;256350;163222;2314;26;194120;3009;89;0;1
FR;5;2022-03-16;882;1827;15;3;2227;36;7;0;0;257232;165049;2329;29;196347;3045;96;0;1
FR;5;2022-03-17;68;123;8;4;151;10;4;0;0;257300;165172;2337;33;196498;3055;100;0;1
FR;5;2022-03-18;172;318;13;4;391;18;4;0;0;257472;165490;2350;37;196889;3073;104;0;1
FR;5;2022-03-19;752;1163;12;5;1555;33;8;0;0;258224;166653;2362;42;198444;3106;112;0;1
FR;5;2022-03-20;45;93;1;0;119;1;0;0;0;258269;166746;2363;42;198563;3107;112;0;1
FR;5;2022-03-21;71;120;10;6;136;15;8;0;0;258340;166866;2373;48;198699;3122;120;0;1
FR;5;2022-03-22;56;119;8;7;143;9;6;0;0;258396;166985;2381;55;198842;3131;126;0;1
FR;5;2022-03-23;805;1461;14;8;1878;36;9;0;0;259201;168446;2395;63;200720;3167;135;0;1
FR;5;2022-03-24;71;93;8;7;118;7;10;0;0;259272;168539;2403;70;200838;3174;145;0;1
FR;5;2022-03-25;222;293;14;8;388;18;9;0;0;259494;168832;2417;78;201226;3192;154;0;1
FR;5;2022-03-26;707;853;12;5;1273;26;6;0;1;260201;169685;2429;83;202499;3218;160;0;2
FR;5;2022-03-27;75;81;0;0;124;3;0;0;0;260276;169766;2429;83;202623;3221;160;0;2
FR;5;2022-03-28;81;93;1;2;132;3;2;0;0;260357;169859;2430;85;202755;3224;162;0;2
FR;5;2022-03-29;71;82;10;4;113;12;5;0;0;260428;169941;2440;89;202868;3236;167;0;2
FR;5;2022-03-30;823;1116;16;13;1604;29;14;0;0;261251;171057;2456;102;204472;3265;181;0;2
FR;5;2022-03-31;102;125;1;4;173;6;4;0;0;261353;171182;2457;106;204645;3271;185;0;2
FR;5;2022-04-01;114;86;7;12;135;11;12;0;1;261467;171268;2464;118;204780;3282;197;0;3
FR;5;2022-04-02;330;349;3;3;535;15;4;0;0;261797;171617;2467;121;205315;3297;201;0;3
FR;5;2022-04-03;54;59;1;0;88;1;0;0;0;261851;171676;2468;121;205403;3298;201;0;3
FR;5;2022-04-04;40;57;4;1;70;8;2;0;0;261891;171733;2472;122;205473;3306;203;0;3
FR;5;2022-04-05;53;60;6;6;75;9;5;0;0;261944;171793;2478;128;205548;3315;208;0;3
FR;5;2022-04-06;421;439;7;14;678;16;14;0;0;262365;172232;2485;142;206226;3331;222;0;3
FR;5;2022-04-07;45;69;5;7;89;7;10;0;0;262410;172301;2490;149;206315;3338;232;0;3
FR;5;2022-04-08;134;112;12;13;175;14;15;0;0;262544;172413;2502;162;206490;3352;247;0;3
FR;5;2022-04-09;311;324;2;5;511;17;5;0;0;262855;172737;2504;167;207001;3369;252;0;3
FR;5;2022-04-10;44;31;2;0;61;2;1;0;0;262899;172768;2506;167;207062;3371;253;0;3
FR;5;2022-04-11;50;60;3;2;78;4;3;0;0;262949;172828;2509;169;207140;3375;256;0;3
FR;5;2022-04-12;59;54;3;3;78;5;3;0;0;263008;172882;2512;172;207218;3380;259;0;3
FR;5;2022-04-13;382;413;3;8;606;16;8;0;0;263390;173295;2515;180;207824;3396;267;0;3
FR;5;2022-04-14;48;53;5;5;70;9;3;0;0;263438;173348;2520;185;207894;3405;270;0;3
FR;5;2022-04-15;91;111;4;4;152;5;6;0;0;263529;173459;2524;189;208046;3410;276;0;3
FR;5;2022-04-16;188;184;2;1;265;13;1;0;0;263717;173643;2526;190;208311;3423;277;0;3
FR;5;2022-04-17;12;11;1;0;17;1;0;0;0;263729;173654;2527;190;208328;3424;277;0;3
FR;5;2022-04-18;9;10;2;0;11;3;1;0;0;263738;173664;2529;190;208339;3427;278;0;3
FR;5;2022-04-19;75;71;6;1;96;6;4;0;0;263813;173735;2535;191;208435;3433;282;0;3
FR;5;2022-04-20;361;349;9;6;521;12;7;0;0;264174;174084;2544;197;208956;3445;289;0;3
FR;5;2022-04-21;42;64;9;10;71;12;14;0;0;264216;174148;2553;207;209027;3457;303;0;3
FR;5;2022-04-22;113;96;5;4;144;5;5;0;0;264329;174244;2558;211;209171;3462;308;0;3
FR;5;2022-04-23;209;193;4;2;284;11;3;0;0;264538;174437;2562;213;209455;3473;311;0;3
FR;5;2022-04-24;37;35;0;0;50;3;0;0;0;264575;174472;2562;213;209505;3476;311;0;3
FR;5;2022-04-25;69;65;1;1;102;4;1;0;0;264644;174537;2563;214;209607;3480;312;0;3
FR;5;2022-04-26;60;63;2;1;85;5;1;0;0;264704;174600;2565;215;209692;3485;313;0;3
FR;5;2022-04-27;335;316;3;7;463;14;8;0;0;265039;174916;2568;222;210155;3499;321;0;3
FR;5;2022-04-28;81;54;4;5;81;8;7;0;0;265120;174970;2572;227;210236;3507;328;0;3
FR;5;2022-04-29;117;84;5;19;118;12;17;0;0;265237;175054;2577;246;210354;3519;345;0;3
FR;5;2022-04-30;183;114;2;3;184;10;4;0;0;265420;175168;2579;249;210538;3529;349;0;3
FR;5;2022-05-01;11;7;0;0;11;0;0;0;0;265431;175175;2579;249;210549;3529;349;0;3
FR;5;2022-05-02;52;28;4;5;48;2;7;0;0;265483;175203;2583;254;210597;3531;356;0;3
FR;5;2022-05-03;87;57;2;4;84;11;4;0;0;265570;175260;2585;258;210681;3542;360;0;3
FR;5;2022-05-04;278;205;1;2;324;7;2;0;0;265848;175465;2586;260;211005;3549;362;0;3
FR;5;2022-05-05;62;32;3;4;46;5;4;0;0;265910;175497;2589;264;211051;3554;366;0;3
FR;5;2022-05-06;105;65;2;3;106;5;3;0;0;266015;175562;2591;267;211157;3559;369;0;3
FR;5;2022-05-07;171;117;2;10;180;13;7;0;0;266186;175679;2593;277;211337;3572;376;0;3
FR;5;2022-05-08;8;8;0;0;9;2;0;0;0;266194;175687;2593;277;211346;3574;376;0;3
FR;5;2022-05-09;44;34;15;3;51;16;4;0;0;266238;175721;2608;280;211397;3590;380;0;3
FR;5;2022-05-10;54;49;3;4;67;5;5;0;0;266292;175770;2611;284;211464;3595;385;0;3
FR;5;2022-05-11;327;237;12;7;344;21;11;0;0;266619;176007;2623;291;211808;3616;396;0;3
FR;5;2022-05-12;46;34;2;2;47;2;3;0;0;266665;176041;2625;293;211855;3618;399;0;3
FR;5;2022-05-13;109;83;3;8;120;8;7;0;0;266774;176124;2628;301;211975;3626;406;0;3
FR;5;2022-05-14;209;131;0;1;212;8;0;0;0;266983;176255;2628;302;212187;3634;406;0;3
FR;5;2022-05-15;22;9;2;0;18;1;1;0;0;267005;176264;2630;302;212205;3635;407;0;3
FR;5;2022-05-16;52;34;4;5;53;4;5;0;0;267057;176298;2634;307;212258;3639;412;0;3
FR;5;2022-05-17;72;40;5;0;68;2;3;0;0;267129;176338;2639;307;212326;3641;415;0;3
FR;5;2022-05-18;289;215;4;4;330;8;6;0;0;267418;176553;2643;311;212656;3649;421;0;3
FR;5;2022-05-19;45;35;5;3;42;3;4;0;0;267463;176588;2648;314;212698;3652;425;0;3
FR;5;2022-05-20;76;63;3;10;92;1;11;0;0;267539;176651;2651;324;212790;3653;436;0;3
FR;5;2022-05-21;242;166;2;3;268;17;1;0;0;267781;176817;2653;327;213058;3670;437;0;3
FR;5;2022-05-22;20;14;2;5;20;2;6;0;0;267801;176831;2655;332;213078;3672;443;0;3
FR;5;2022-05-23;42;31;4;3;42;6;3;0;0;267843;176862;2659;335;213120;3678;446;0;3
FR;5;2022-05-24;47;45;3;2;60;5;2;0;0;267890;176907;2662;337;213180;3683;448;0;3
FR;5;2022-05-25;329;257;4;1;385;16;1;0;0;268219;177164;2666;338;213565;3699;449;0;3
FR;5;2022-05-26;17;5;0;1;9;2;0;0;1;268236;177169;2666;339;213574;3701;449;0;4
FR;5;2022-05-27;99;54;4;4;89;9;3;0;0;268335;177223;2670;343;213663;3710;452;0;4
FR;5;2022-05-28;100;78;5;3;106;10;3;0;0;268435;177301;2675;346;213769;3720;455;0;4
FR;5;2022-05-29;14;14;1;0;18;2;0;0;0;268449;177315;2676;346;213787;3722;455;0;4
FR;5;2022-05-30;56;41;2;1;54;2;2;0;0;268505;177356;2678;347;213841;3724;457;0;4
FR;5;2022-05-31;57;43;1;8;62;1;8;0;0;268562;177399;2679;355;213903;3725;465;0;4
FR;5;2022-06-01;257;241;9;2;300;25;5;0;0;268819;177640;2688;357;214203;3750;470;0;4
FR;5;2022-06-02;63;61;5;0;73;9;1;0;0;268882;177701;2693;357;214276;3759;471;0;4
FR;5;2022-06-03;82;71;4;5;88;10;6;0;0;268964;177772;2697;362;214364;3769;477;0;4
FR;5;2022-06-04;157;109;2;1;187;9;1;0;0;269121;177881;2699;363;214551;3778;478;0;4
FR;5;2022-06-05;18;11;0;0;21;1;0;0;0;269139;177892;2699;363;214572;3779;478;0;4
FR;5;2022-06-06;16;12;0;1;15;0;1;0;0;269155;177904;2699;364;214587;3779;479;0;4
FR;5;2022-06-07;50;56;1;1;76;2;1;0;0;269205;177960;2700;365;214663;3781;480;0;4
FR;5;2022-06-08;283;225;3;4;332;17;2;0;0;269488;178185;2703;369;214995;3798;482;0;4
FR;5;2022-06-09;52;41;6;3;57;7;2;0;1;269540;178226;2709;372;215052;3805;484;0;5
FR;5;2022-06-10;81;72;1;1;105;6;1;0;0;269621;178298;2710;373;215157;3811;485;0;5
FR;5;2022-06-11;173;141;3;3;202;10;4;0;0;269794;178439;2713;376;215359;3821;489;0;5
FR;5;2022-06-12;17;16;0;0;19;2;0;0;0;269811;178455;2713;376;215378;3823;489;0;5
FR;5;2022-06-13;56;47;9;3;70;10;6;0;0;269867;178502;2722;379;215448;3833;495;0;5
FR;5;2022-06-14;59;56;1;4;64;6;4;0;0;269926;178558;2723;383;215512;3839;499;0;5
FR;5;2022-06-15;266;260;5;2;363;27;1;0;0;270192;178818;2728;385;215875;3866;500;0;5
FR;5;2022-06-16;47;30;5;2;44;5;2;0;0;270239;178848;2733;387;215919;3871;502;0;5
FR;5;2022-06-17;100;67;5;5;102;10;5;0;0;270339;178915;2738;392;216021;3881;507;0;5
FR;5;2022-06-18;146;95;10;2;152;26;2;0;1;270485;179010;2748;394;216173;3907;509;0;6
FR;5;2022-06-19;26;15;0;1;18;4;1;0;0;270511;179025;2748;395;216191;3911;510;0;6
FR;5;2022-06-20;56;50;8;0;62;11;2;0;0;270567;179075;2756;395;216253;3922;512;0;6
FR;5;2022-06-21;53;73;5;3;91;7;5;0;1;270620;179148;2761;398;216344;3929;517;0;7
FR;5;2022-06-22;224;248;7;9;348;33;10;0;0;270844;179396;2768;407;216692;3962;527;0;7
FR;5;2022-06-23;50;38;2;5;43;6;6;0;0;270894;179434;2770;412;216735;3968;533;0;7
FR;5;2022-06-24;91;70;12;5;101;16;8;0;0;270985;179504;2782;417;216836;3984;541;0;7
FR;5;2022-06-25;154;124;3;7;185;14;8;0;1;271139;179628;2785;424;217021;3998;549;0;8
FR;5;2022-06-26;26;19;2;0;29;5;0;0;0;271165;179647;2787;424;217050;4003;549;0;8
FR;5;2022-06-27;57;60;5;7;78;11;9;0;0;271222;179707;2792;431;217128;4014;558;0;8
FR;5;2022-06-28;70;49;8;2;69;14;5;0;0;271292;179756;2800;433;217197;4028;563;0;8
FR;5;2022-06-29;297;268;9;21;390;34;23;0;0;271589;180024;2809;454;217587;4062;586;0;8
FR;5;2022-06-30;89;57;10;12;89;17;11;0;0;271678;180081;2819;466;217676;4079;597;0;8
FR;5;2022-07-01;127;65;7;11;118;12;11;0;2;271805;180146;2826;477;217794;4091;608;0;10
FR;5;2022-07-02;191;132;4;0;210;22;0;0;0;271996;180278;2830;477;218004;4113;608;0;10
FR;5;2022-07-03;30;25;1;0;36;4;0;0;0;272026;180303;2831;477;218040;4117;608;0;10
FR;5;2022-07-04;103;65;2;5;102;7;5;0;1;272129;180368;2833;482;218142;4124;613;0;11
FR;5;2022-07-05;104;72;3;8;107;13;8;0;1;272233;180440;2836;490;218249;4137;621;0;12
FR;5;2022-07-06;277;168;9;36;289;27;36;0;0;272510;180608;2845;526;218538;4164;657;0;12
FR;5;2022-07-07;88;69;6;9;89;13;11;0;0;272598;180677;2851;535;218627;4177;668;0;12
FR;5;2022-07-08;152;120;7;14;146;25;13;0;1;272750;180797;2858;549;218773;4202;681;0;13
FR;5;2022-07-09;116;68;1;8;100;10;8;0;0;272866;180865;2859;557;218873;4212;689;0;13
FR;5;2022-07-10;15;6;0;0;10;1;0;0;0;272881;180871;2859;557;218883;4213;689;0;13
FR;5;2022-07-11;92;72;10;2;98;19;3;0;0;272973;180943;2869;559;218981;4232;692;0;13
FR;5;2022-07-12;67;63;5;10;81;7;12;0;0;273040;181006;2874;569;219062;4239;704;0;13
FR;5;2022-07-13;169;118;10;19;196;16;23;0;0;273209;181124;2884;588;219258;4255;727;0;13
FR;5;2022-07-14;8;4;0;0;7;0;0;0;0;273217;181128;2884;588;219265;4255;727;0;13
FR;5;2022-07-15;74;66;5;14;86;15;15;0;0;273291;181194;2889;602;219351;4270;742;0;13
FR;5;2022-07-16;54;44;3;0;71;3;2;0;0;273345;181238;2892;602;219422;4273;744;0;13
FR;5;2022-07-17;10;7;3;0;10;2;2;0;0;273355;181245;2895;602;219432;4275;746;0;13
FR;5;2022-07-18;60;47;0;4;70;4;3;0;0;273415;181292;2895;606;219502;4279;749;0;13
FR;5;2022-07-19;63;42;5;3;63;7;4;0;0;273478;181334;2900;609;219565;4286;753;0;13
FR;5;2022-07-20;119;106;4;11;141;14;9;0;0;273597;181440;2904;620;219706;4300;762;0;13
FR;5;2022-07-21;38;43;2;10;52;5;10;0;0;273635;181483;2906;630;219758;4305;772;0;13
FR;5;2022-07-22;48;69;11;13;75;23;11;0;1;273683;181552;2917;643;219833;4328;783;0;14
FR;5;2022-07-23;59;78;2;1;95;11;2;0;0;273742;181630;2919;644;219928;4339;785;0;14
FR;5;2022-07-24;11;9;3;1;12;3;1;0;0;273753;181639;2922;645;219940;4342;786;0;14
FR;5;2022-07-25;53;48;2;7;57;8;8;0;0;273806;181687;2924;652;219997;4350;794;0;14
FR;5;2022-07-26;58;52;5;41;70;6;44;0;0;273864;181739;2929;693;220067;4356;838;0;14
FR;5;2022-07-27;106;118;4;4;161;13;4;0;0;273970;181857;2933;697;220228;4369;842;0;14
FR;5;2022-07-28;39;35;2;2;47;6;1;0;0;274009;181892;2935;699;220275;4375;843;0;14
FR;5;2022-07-29;56;74;3;14;90;8;10;0;0;274065;181966;2938;713;220365;4383;853;0;14
FR;5;2022-07-30;55;53;5;1;76;7;2;0;0;274120;182019;2943;714;220441;4390;855;0;14
FR;5;2022-07-31;7;11;1;0;13;1;0;0;0;274127;182030;2944;714;220454;4391;855;0;14
FR;5;2022-08-01;39;53;1;2;64;6;2;0;0;274166;182083;2945;716;220518;4397;857;0;14
FR;5;2022-08-02;32;43;8;7;47;8;7;0;1;274198;182126;2953;723;220565;4405;864;0;15
FR;5;2022-08-03;54;51;4;10;70;9;8;0;0;274252;182177;2957;733;220635;4414;872;0;15
FR;5;2022-08-04;20;18;1;6;22;1;6;0;0;274272;182195;2958;739;220657;4415;878;0;15
FR;5;2022-08-05;35;26;3;3;39;3;3;0;0;274307;182221;2961;742;220696;4418;881;0;15
FR;5;2022-08-06;23;26;1;0;31;1;0;0;0;274330;182247;2962;742;220727;4419;881;0;15
FR;5;2022-08-07;2;2;1;0;1;1;1;0;0;274332;182249;2963;742;220728;4420;882;0;15
FR;5;2022-08-08;26;19;1;2;24;2;1;0;0;274358;182268;2964;744;220752;4422;883;0;15
FR;5;2022-08-09;26;28;3;3;35;3;3;0;0;274384;182296;2967;747;220787;4425;886;0;15
FR;5;2022-08-10;47;47;2;0;56;5;0;0;0;274431;182343;2969;747;220843;4430;886;0;15
FR;5;2022-08-11;19;36;2;2;42;5;2;0;0;274450;182379;2971;749;220885;4435;888;0;15
FR;5;2022-08-12;27;28;2;0;39;2;0;0;0;274477;182407;2973;749;220924;4437;888;0;15
FR;5;2022-08-13;16;18;0;0;24;0;0;0;0;274493;182425;2973;749;220948;4437;888;0;15
FR;5;2022-08-14;2;3;0;0;4;0;0;0;0;274495;182428;2973;749;220952;4437;888;0;15
FR;5;2022-08-15;2;5;0;0;5;0;0;0;0;274497;182433;2973;749;220957;4437;888;0;15
FR;5;2022-08-16;33;26;3;0;28;6;0;0;0;274530;182459;2976;749;220985;4443;888;0;15
FR;5;2022-08-17;52;55;2;1;72;1;1;0;0;274582;182514;2978;750;221057;4444;889;0;15
FR;5;2022-08-18;26;18;8;17;25;10;16;0;0;274608;182532;2986;767;221082;4454;905;0;15
FR;5;2022-08-19;26;34;1;2;43;2;2;0;0;274634;182566;2987;769;221125;4456;907;0;15
FR;5;2022-08-20;25;27;2;1;33;4;2;0;0;274659;182593;2989;770;221158;4460;909;0;15
FR;5;2022-08-21;7;4;1;0;7;1;0;0;0;274666;182597;2990;770;221165;4461;909;0;15
FR;5;2022-08-22;39;26;1;6;42;2;5;0;1;274705;182623;2991;776;221207;4463;914;0;16
FR;5;2022-08-23;27;26;1;1;32;2;1;0;0;274732;182649;2992;777;221239;4465;915;0;16
FR;5;2022-08-24;50;43;0;0;62;0;0;0;0;274782;182692;2992;777;221301;4465;915;0;16
FR;5;2022-08-25;27;26;3;1;31;2;0;0;1;274809;182718;2995;778;221332;4467;915;0;17
FR;5;2022-08-26;48;39;7;2;58;5;4;0;0;274857;182757;3002;780;221390;4472;919;0;17
FR;5;2022-08-27;46;28;1;0;46;3;1;0;0;274903;182785;3003;780;221436;4475;920;0;17
FR;5;2022-08-28;5;7;0;0;7;0;0;0;0;274908;182792;3003;780;221443;4475;920;0;17
FR;5;2022-08-29;58;44;1;1;66;4;1;0;0;274966;182836;3004;781;221509;4479;921;0;17
FR;5;2022-08-30;45;23;12;29;40;10;30;0;1;275011;182859;3016;810;221549;4489;951;0;18
FR;5;2022-08-31;53;47;6;1;58;11;1;0;0;275064;182906;3022;811;221607;4500;952;0;18
FR;5;2022-09-01;16;8;1;4;13;1;4;0;0;275080;182914;3023;815;221620;4501;956;0;18
FR;5;2022-09-02;42;23;8;2;35;9;3;0;0;275122;182937;3031;817;221655;4510;959;0;18
FR;5;2022-09-03;69;37;2;0;58;2;0;0;0;275191;182974;3033;817;221713;4512;959;0;18
FR;5;2022-09-04;12;7;1;0;8;3;0;0;0;275203;182981;3034;817;221721;4515;959;0;18
FR;5;2022-09-05;7;4;1;0;4;1;0;0;0;275210;182985;3035;817;221725;4516;959;0;18
FR;5;2022-09-06;23;14;3;15;17;2;14;0;2;275233;182999;3038;832;221742;4518;973;0;20
FR;5;2022-09-07;79;53;1;1;76;3;1;0;0;275312;183052;3039;833;221818;4521;974;0;20
FR;5;2022-09-08;10;4;0;4;7;0;4;0;0;275322;183056;3039;837;221825;4521;978;0;20
FR;5;2022-09-09;40;11;9;2;14;10;3;0;0;275362;183067;3048;839;221839;4531;981;0;20
FR;5;2022-09-10;40;45;1;1;50;8;1;0;0;275402;183112;3049;840;221889;4539;982;0;20
FR;5;2022-09-11;3;3;0;0;3;1;0;0;0;275405;183115;3049;840;221892;4540;982;0;20
FR;5;2022-09-12;7;5;2;2;7;2;2;0;0;275412;183120;3051;842;221899;4542;984;0;20
FR;5;2022-09-13;9;6;0;1;4;3;1;0;0;275421;183126;3051;843;221903;4545;985;0;20
FR;5;2022-09-14;52;47;4;6;55;9;5;0;0;275473;183173;3055;849;221958;4554;990;0;20
FR;5;2022-09-15;11;13;2;3;11;5;3;0;0;275484;183186;3057;852;221969;4559;993;0;20
FR;5;2022-09-16;25;33;1;4;38;3;3;0;0;275509;183219;3058;856;222007;4562;996;0;20
FR;5;2022-09-17;60;43;1;1;51;5;1;0;0;275569;183262;3059;857;222058;4567;997;0;20
FR;5;2022-09-18;9;6;0;1;10;1;0;0;0;275578;183268;3059;858;222068;4568;997;0;20
FR;5;2022-09-19;22;17;2;1;20;5;2;0;0;275600;183285;3061;859;222088;4573;999;0;20
FR;5;2022-09-20;15;11;3;3;15;1;4;0;0;275615;183296;3064;862;222103;4574;1003;0;20
FR;5;2022-09-21;68;45;9;0;65;13;0;0;0;275683;183341;3073;862;222168;4587;1003;0;20
FR;5;2022-09-22;12;6;4;24;6;4;23;0;1;275695;183347;3077;886;222174;4591;1026;0;21
FR;5;2022-09-23;20;25;2;3;23;8;3;0;0;275715;183372;3079;889;222197;4599;1029;0;21
FR;5;2022-09-24;44;51;1;8;65;5;8;0;0;275759;183423;3080;897;222262;4604;1037;0;21
FR;5;2022-09-25;6;12;0;0;13;1;0;0;0;275765;183435;3080;897;222275;4605;1037;0;21
FR;5;2022-09-26;15;7;0;2;12;0;1;0;1;275780;183442;3080;899;222287;4605;1038;0;22
FR;5;2022-09-27;7;12;4;9;14;4;9;0;1;275787;183454;3084;908;222301;4609;1047;0;23
FR;5;2022-09-28;65;66;5;0;90;7;0;0;0;275852;183520;3089;908;222391;4616;1047;0;23
FR;5;2022-09-29;17;9;1;0;15;1;1;0;1;275869;183529;3090;908;222406;4617;1048;0;24
FR;5;2022-09-30;28;46;2;2;53;4;3;0;0;275897;183575;3092;910;222459;4621;1051;0;24
FR;5;2022-10-01;40;35;5;5;48;8;7;0;0;275937;183610;3097;915;222507;4629;1058;0;24
FR;5;2022-10-02;1;9;1;0;10;1;0;0;0;275938;183619;3098;915;222517;4630;1058;0;24
FR;5;2022-10-03;7;6;3;0;5;4;0;0;0;275945;183625;3101;915;222522;4634;1058;0;24
FR;5;2022-10-04;11;8;1;3;11;2;3;0;0;275956;183633;3102;918;222533;4636;1061;0;24
FR;5;2022-10-05;57;62;2;2;79;13;2;0;0;276013;183695;3104;920;222612;4649;1063;0;24
FR;5;2022-10-06;12;10;1;4;15;2;4;0;0;276025;183705;3105;924;222627;4651;1067;0;24
FR;5;2022-10-07;21;31;1;0;34;5;0;0;0;276046;183736;3106;924;222661;4656;1067;0;24
FR;5;2022-10-08;33;51;1;0;54;7;0;0;0;276079;183787;3107;924;222715;4663;1067;0;24
FR;5;2022-10-09;7;10;0;0;11;1;0;0;0;276086;183797;3107;924;222726;4664;1067;0;24
FR;5;2022-10-10;14;6;0;1;8;1;1;0;0;276100;183803;3107;925;222734;4665;1068;0;24
FR;5;2022-10-11;6;13;2;1;14;2;2;0;0;276106;183816;3109;926;222748;4667;1070;0;24
FR;5;2022-10-12;39;57;3;2;69;8;2;0;0;276145;183873;3112;928;222817;4675;1072;0;24
FR;5;2022-10-13;11;16;2;0;18;4;0;0;0;276156;183889;3114;928;222835;4679;1072;0;24
FR;5;2022-10-14;21;21;1;0;20;5;0;0;0;276177;183910;3115;928;222855;4684;1072;0;24
FR;5;2022-10-15;19;26;10;0;25;11;2;0;0;276196;183936;3125;928;222880;4695;1074;0;24
FR;5;2022-10-16;3;1;0;0;1;1;0;0;0;276199;183937;3125;928;222881;4696;1074;0;24
FR;5;2022-10-17;8;8;2;1;8;3;1;0;2;276207;183945;3127;929;222889;4699;1075;0;26
FR;5;2022-10-18;6;7;0;2;8;0;2;0;0;276213;183952;3127;931;222897;4699;1077;0;26
FR;5;2022-10-19;38;43;8;0;52;11;0;0;1;276251;183995;3135;931;222949;4710;1077;0;27
FR;5;2022-10-20;18;15;2;1;16;3;1;0;0;276269;184010;3137;932;222965;4713;1078;0;27
FR;5;2022-10-21;22;15;6;0;19;8;1;0;2;276291;184025;3143;932;222984;4721;1079;0;29
FR;5;2022-10-22;35;29;2;12;32;5;12;0;0;276326;184054;3145;944;223016;4726;1091;0;29
FR;5;2022-10-23;9;3;0;0;4;0;0;0;0;276335;184057;3145;944;223020;4726;1091;0;29
FR;5;2022-10-24;14;7;6;7;9;9;8;0;0;276349;184064;3151;951;223029;4735;1099;0;29
FR;5;2022-10-25;12;9;6;3;9;8;3;0;2;276361;184073;3157;954;223038;4743;1102;0;31
FR;5;2022-10-26;34;22;6;0;29;10;0;0;0;276395;184095;3163;954;223067;4753;1102;0;31
FR;5;2022-10-27;16;4;4;0;11;4;0;0;0;276411;184099;3167;954;223078;4757;1102;0;31
FR;5;2022-10-28;19;13;5;3;14;6;4;0;0;276430;184112;3172;957;223092;4763;1106;0;31
FR;5;2022-10-29;21;13;0;0;17;3;0;0;0;276451;184125;3172;957;223109;4766;1106;0;31
FR;5;2022-10-30;1;4;2;0;4;3;0;0;0;276452;184129;3174;957;223113;4769;1106;0;31
FR;5;2022-10-31;14;11;2;1;12;3;1;0;0;276466;184140;3176;958;223125;4772;1107;0;31
FR;5;2022-11-01;3;3;0;1;3;0;1;0;0;276469;184143;3176;959;223128;4772;1108;0;31
FR;5;2022-11-02;23;17;5;4;23;5;5;0;0;276492;184160;3181;963;223151;4777;1113;0;31
FR;5;2022-11-03;22;4;1;1;11;1;1;0;0;276514;184164;3182;964;223162;4778;1114;0;31
FR;5;2022-11-04;19;18;1;0;18;2;0;0;0;276533;184182;3183;964;223180;4780;1114;0;31
FR;5;2022-11-05;25;16;1;0;21;1;0;0;0;276558;184198;3184;964;223201;4781;1114;0;31
FR;5;2022-11-06;1;7;0;0;7;0;0;0;0;276559;184205;3184;964;223208;4781;1114;0;31
FR;5;2022-11-07;9;3;3;0;3;3;0;0;0;276568;184208;3187;964;223211;4784;1114;0;31
FR;5;2022-11-08;12;7;1;2;8;1;1;0;0;276580;184215;3188;966;223219;4785;1115;0;31
FR;5;2022-11-09;30;29;6;1;32;6;1;0;0;276610;184244;3194;967;223251;4791;1116;0;31
FR;5;2022-11-10;11;16;1;0;17;1;0;0;0;276621;184260;3195;967;223268;4792;1116;0;31
FR;5;2022-11-11;2;4;0;1;6;0;1;0;0;276623;184264;3195;968;223274;4792;1117;0;31
FR;5;2022-11-12;19;10;5;9;18;6;9;0;2;276642;184274;3200;977;223292;4798;1126;0;33
FR;5;2022-11-13;2;2;0;1;2;0;1;0;0;276644;184276;3200;978;223294;4798;1127;0;33
FR;5;2022-11-14;8;11;0;1;10;3;0;0;0;276652;184287;3200;979;223304;4801;1127;0;33
FR;5;2022-11-15;8;6;4;3;6;4;3;0;0;276660;184293;3204;982;223310;4805;1130;0;33
FR;5;2022-11-16;29;28;2;1;33;5;0;0;0;276689;184321;3206;983;223343;4810;1130;0;33
FR;5;2022-11-17;6;15;4;0;15;5;0;0;0;276695;184336;3210;983;223358;4815;1130;0;33
FR;5;2022-11-18;16;17;7;0;19;9;0;0;0;276711;184353;3217;983;223377;4824;1130;0;33
FR;5;2022-11-19;18;27;2;0;28;6;0;0;0;276729;184380;3219;983;223405;4830;1130;0;33
FR;5;2022-11-20;6;3;0;0;5;0;0;0;0;276735;184383;3219;983;223410;4830;1130;0;33
FR;5;2022-11-21;8;5;0;2;4;2;1;0;0;276743;184388;3219;985;223414;4832;1131;0;33
FR;5;2022-11-22;9;3;0;1;4;0;1;0;0;276752;184391;3219;986;223418;4832;1132;0;33
FR;5;2022-11-23;34;25;6;1;27;13;0;0;0;276786;184416;3225;987;223445;4845;1132;0;33
FR;5;2022-11-24;3;7;2;0;8;1;1;0;0;276789;184423;3227;987;223453;4846;1133;0;33
FR;5;2022-11-25;15;20;2;0;25;3;0;0;1;276804;184443;3229;987;223478;4849;1133;0;34
FR;5;2022-11-26;22;19;4;0;20;8;0;0;0;276826;184462;3233;987;223498;4857;1133;0;34
FR;5;2022-11-27;7;0;1;0;3;1;0;0;0;276833;184462;3234;987;223501;4858;1133;0;34
FR;5;2022-11-28;7;15;3;0;15;5;0;0;0;276840;184477;3237;987;223516;4863;1133;0;34
FR;5;2022-11-29;10;9;1;0;11;3;0;0;1;276850;184486;3238;987;223527;4866;1133;0;35
FR;5;2022-11-30;35;48;12;0;56;17;1;0;0;276885;184534;3250;987;223583;4883;1134;0;35
FR;5;2022-12-01;5;10;2;0;10;3;0;0;0;276890;184544;3252;987;223593;4886;1134;0;35
FR;5;2022-12-02;1;5;2;1;4;3;1;0;0;276891;184549;3254;988;223597;4889;1135;0;35
FR;5;2022-12-03;3;3;8;1;5;8;1;0;0;276894;184552;3262;989;223602;4897;1136;0;35
FR;5;2022-12-04;3;2;1;0;2;2;0;0;0;276897;184554;3263;989;223604;4899;1136;0;35
FR;5;2022-12-05;1;1;0;0;0;1;0;0;0;276898;184555;3263;989;223604;4900;1136;0;35
FR;5;2022-12-06;5;1;0;0;1;0;0;0;1;276903;184556;3263;989;223605;4900;1136;0;36
FR;5;2022-12-07;5;8;1;0;8;1;0;0;0;276908;184564;3264;989;223613;4901;1136;0;36
FR;5;2022-12-08;2;2;0;0;2;0;0;0;0;276910;184566;3264;989;223615;4901;1136;0;36
FR;5;2022-12-09;3;8;0;0;6;2;0;0;0;276913;184574;3264;989;223621;4903;1136;0;36
FR;5;2022-12-10;4;7;2;1;8;2;1;0;0;276917;184581;3266;990;223629;4905;1137;0;36
FR;5;2022-12-11;2;0;0;0;0;0;0;0;0;276919;184581;3266;990;223629;4905;1137;0;36
FR;5;2022-12-12;0;0;0;0;0;0;0;0;0;276919;184581;3266;990;223629;4905;1137;0;36
FR;5;2022-12-13;2;3;0;0;4;1;0;0;0;276921;184584;3266;990;223633;4906;1137;0;36
FR;5;2022-12-14;2;2;0;9;2;1;8;0;3;276923;184586;3266;999;223635;4907;1145;0;39
FR;5;2022-12-15;0;2;0;0;2;0;0;0;0;276923;184588;3266;999;223637;4907;1145;0;39
FR;5;2022-12-16;3;2;2;0;3;3;0;0;0;276926;184590;3268;999;223640;4910;1145;0;39
FR;5;2022-12-17;3;3;3;0;3;2;1;0;0;276929;184593;3271;999;223643;4912;1146;0;39
FR;5;2022-12-18;3;0;0;1;0;0;1;0;1;276932;184593;3271;1000;223643;4912;1147;0;40
FR;5;2022-12-19;1;0;0;2;0;0;2;0;0;276933;184593;3271;1002;223643;4912;1149;0;40
FR;5;2022-12-20;0;1;3;0;1;3;0;0;0;276933;184594;3274;1002;223644;4915;1149;0;40
FR;5;2022-12-21;2;4;0;0;4;0;0;0;0;276935;184598;3274;1002;223648;4915;1149;0;40
FR;5;2022-12-22;2;2;0;0;2;0;0;0;0;276937;184600;3274;1002;223650;4915;1149;0;40
FR;5;2022-12-23;3;1;1;0;1;1;0;0;0;276940;184601;3275;1002;223651;4916;1149;0;40
FR;5;2022-12-24;0;1;0;0;1;0;0;0;0;276940;184602;3275;1002;223652;4916;1149;0;40
FR;5;2022-12-25;0;1;2;0;0;3;0;0;0;276940;184603;3277;1002;223652;4919;1149;0;40
FR;5;2022-12-26;2;2;0;0;2;0;0;0;0;276942;184605;3277;1002;223654;4919;1149;0;40
FR;5;2022-12-27;0;3;0;0;3;0;0;0;0;276942;184608;3277;1002;223657;4919;1149;0;40
FR;5;2022-12-28;5;3;3;0;3;3;2;0;0;276947;184611;3280;1002;223660;4922;1151;0;40
FR;5;2022-12-29;3;2;2;0;3;2;0;0;0;276950;184613;3282;1002;223663;4924;1151;0;40
FR;5;2022-12-30;3;2;1;0;2;1;0;0;0;276953;184615;3283;1002;223665;4925;1151;0;40
FR;5;2022-12-31;0;0;0;0;0;0;0;0;0;276953;184615;3283;1002;223665;4925;1151;0;40
FR;5;2023-01-01;0;0;0;0;0;0;0;0;0;276953;184615;3283;1002;223665;4925;1151;0;40
FR;5;2023-01-02;1;1;1;0;1;1;0;0;0;276954;184616;3284;1002;223666;4926;1151;0;40
FR;5;2023-01-03;3;1;0;0;2;0;0;0;0;276957;184617;3284;1002;223668;4926;1151;0;40
FR;5;2023-01-04;6;1;1;0;2;1;0;0;0;276963;184618;3285;1002;223670;4927;1151;0;40
FR;5;2023-01-05;0;3;0;0;3;0;0;0;0;276963;184621;3285;1002;223673;4927;1151;0;40
FR;5;2023-01-06;2;1;1;0;1;1;0;0;0;276965;184622;3286;1002;223674;4928;1151;0;40
FR;5;2023-01-07;5;1;1;0;1;2;0;0;0;276970;184623;3287;1002;223675;4930;1151;0;40
FR;5;2023-01-08;2;2;0;0;2;0;0;0;0;276972;184625;3287;1002;223677;4930;1151;0;40
FR;5;2023-01-09;4;0;1;0;1;1;0;0;0;276976;184625;3288;1002;223678;4931;1151;0;40
FR;5;2023-01-10;3;1;0;0;2;0;0;0;0;276979;184626;3288;1002;223680;4931;1151;0;40
FR;5;2023-01-11;7;5;2;0;4;3;0;0;0;276986;184631;3290;1002;223684;4934;1151;0;40
FR;5;2023-01-12;14;6;4;0;6;6;0;0;0;277000;184637;3294;1002;223690;4940;1151;0;40
FR;5;2023-01-13;55;16;15;0;31;17;0;0;0;277055;184653;3309;1002;223721;4957;1151;0;40
FR;5;2023-01-14;56;34;13;1;34;20;2;0;0;277111;184687;3322;1003;223755;4977;1153;0;40
FR;5;2023-01-15;13;9;0;0;5;4;0;0;0;277124;184696;3322;1003;223760;4981;1153;0;40
FR;5;2023-01-16;13;8;3;0;8;3;0;0;0;277137;184704;3325;1003;223768;4984;1153;0;40
FR;5;2023-01-17;12;8;3;0;4;7;0;0;0;277149;184712;3328;1003;223772;4991;1153;0;40
FR;5;2023-01-18;71;35;21;2;46;25;2;0;0;277220;184747;3349;1005;223818;5016;1155;0;40
FR;5;2023-01-19;13;6;8;0;5;10;1;0;0;277233;184753;3357;1005;223823;5026;1156;0;40
FR;5;2023-01-20;27;17;13;0;17;18;0;0;2;277260;184770;3370;1005;223840;5044;1156;0;42
FR;5;2023-01-21;34;23;18;1;31;21;1;0;0;277294;184793;3388;1006;223871;5065;1157;0;42
FR;5;2023-01-22;6;4;2;0;4;3;0;0;0;277300;184797;3390;1006;223875;5068;1157;0;42
FR;5;2023-01-23;6;5;3;0;3;5;0;0;0;277306;184802;3393;1006;223878;5073;1157;0;42
FR;5;2023-01-24;16;3;3;0;6;4;0;0;0;277322;184805;3396;1006;223884;5077;1157;0;42
FR;5;2023-01-25;33;31;12;2;27;23;2;0;0;277355;184836;3408;1008;223911;5100;1159;0;42
FR;5;2023-01-26;6;5;4;0;6;4;0;0;0;277361;184841;3412;1008;223917;5104;1159;0;42
FR;5;2023-01-27;18;13;8;0;17;8;1;0;0;277379;184854;3420;1008;223934;5112;1160;0;42
FR;5;2023-01-28;21;8;4;3;11;6;3;0;0;277400;184862;3424;1011;223945;5118;1163;0;42
FR;5;2023-01-29;0;3;0;0;2;1;0;0;0;277400;184865;3424;1011;223947;5119;1163;0;42
FR;5;2023-01-30;7;5;3;0;4;6;0;0;0;277407;184870;3427;1011;223951;5125;1163;0;42
FR;5;2023-01-31;3;7;2;0;5;4;0;0;0;277410;184877;3429;1011;223956;5129;1163;0;42
FR;5;2023-02-01;18;18;7;1;19;8;1;0;0;277428;184895;3436;1012;223975;5137;1164;0;42
FR;5;2023-02-02;7;8;1;0;7;2;0;0;0;277435;184903;3437;1012;223982;5139;1164;0;42
FR;5;2023-02-03;15;23;6;0;24;9;0;0;0;277450;184926;3443;1012;224006;5148;1164;0;42
FR;5;2023-02-04;15;23;5;0;25;6;0;0;0;277465;184949;3448;1012;224031;5154;1164;0;42
FR;5;2023-02-05;1;2;0;1;2;1;0;0;0;277466;184951;3448;1013;224033;5155;1164;0;42
FR;5;2023-02-06;11;11;7;0;12;7;0;0;0;277477;184962;3455;1013;224045;5162;1164;0;42
FR;5;2023-02-07;6;11;2;0;10;4;0;0;0;277483;184973;3457;1013;224055;5166;1164;0;42
FR;5;2023-02-08;29;34;8;0;38;10;0;0;0;277512;185007;3465;1013;224093;5176;1164;0;42
FR;5;2023-02-09;15;7;5;0;8;5;0;0;0;277527;185014;3470;1013;224101;5181;1164;0;42
FR;5;2023-02-10;11;22;5;0;24;7;0;0;0;277538;185036;3475;1013;224125;5188;1164;0;42
FR;5;2023-02-11;12;11;3;1;15;4;0;0;0;277550;185047;3478;1014;224140;5192;1164;0;42
FR;5;2023-02-12;3;7;1;0;8;1;0;0;0;277553;185054;3479;1014;224148;5193;1164;0;42
FR;5;2023-02-13;4;6;6;0;5;7;0;0;0;277557;185060;3485;1014;224153;5200;1164;0;42
FR;5;2023-02-14;11;8;2;0;9;3;0;0;0;277568;185068;3487;1014;224162;5203;1164;0;42
FR;5;2023-02-15;27;25;4;0;27;5;0;0;0;277595;185093;3491;1014;224189;5208;1164;0;42
FR;5;2023-02-16;8;4;3;0;8;3;0;0;0;277603;185097;3494;1014;224197;5211;1164;0;42
FR;5;2023-02-17;9;5;9;0;6;9;0;0;0;277612;185102;3503;1014;224203;5220;1164;0;42
FR;5;2023-02-18;9;14;3;1;16;3;1;0;0;277621;185116;3506;1015;224219;5223;1165;0;42
FR;5;2023-02-19;0;1;0;0;1;0;0;0;0;277621;185117;3506;1015;224220;5223;1165;0;42
FR;5;2023-02-20;6;6;4;0;6;5;0;0;0;277627;185123;3510;1015;224226;5228;1165;0;42
FR;5;2023-02-21;4;6;5;0;7;5;0;0;0;277631;185129;3515;1015;224233;5233;1165;0;42
FR;5;2023-02-22;10;16;5;0;15;5;1;0;0;277641;185145;3520;1015;224248;5238;1166;0;42
FR;5;2023-02-23;5;5;2;0;5;2;0;0;0;277646;185150;3522;1015;224253;5240;1166;0;42
FR;5;2023-02-24;17;22;1;0;21;3;0;0;0;277663;185172;3523;1015;224274;5243;1166;0;42
FR;5;2023-02-25;11;9;0;0;9;0;0;0;0;277674;185181;3523;1015;224283;5243;1166;0;42
FR;5;2023-02-26;1;1;0;0;1;0;0;0;0;277675;185182;3523;1015;224284;5243;1166;0;42
FR;5;2023-02-27;7;5;2;0;5;2;0;0;0;277682;185187;3525;1015;224289;5245;1166;0;42
FR;5;2023-02-28;4;8;2;0;8;4;0;0;0;277686;185195;3527;1015;224297;5249;1166;0;42
FR;5;2023-03-01;11;25;1;0;23;3;1;0;0;277697;185220;3528;1015;224320;5252;1167;0;42
FR;5;2023-03-02;6;13;3;0;12;5;0;0;0;277703;185233;3531;1015;224332;5257;1167;0;42
FR;5;2023-03-03;9;4;3;0;8;3;1;0;0;277712;185237;3534;1015;224340;5260;1168;0;42
FR;5;2023-03-04;6;17;7;0;16;8;0;0;0;277718;185254;3541;1015;224356;5268;1168;0;42
FR;5;2023-03-05;3;3;0;0;3;0;0;0;0;277721;185257;3541;1015;224359;5268;1168;0;42
FR;5;2023-03-06;2;8;1;0;6;3;0;0;0;277723;185265;3542;1015;224365;5271;1168;0;42
FR;5;2023-03-07;2;8;2;0;8;2;0;0;0;277725;185273;3544;1015;224373;5273;1168;0;42
FR;5;2023-03-08;9;21;1;0;22;1;0;0;0;277734;185294;3545;1015;224395;5274;1168;0;42
FR;5;2023-03-09;1;6;0;0;5;1;0;0;0;277735;185300;3545;1015;224400;5275;1168;0;42
FR;5;2023-03-10;3;6;2;1;7;2;1;0;0;277738;185306;3547;1016;224407;5277;1169;0;42
FR;5;2023-03-11;5;2;0;0;4;0;0;0;0;277743;185308;3547;1016;224411;5277;1169;0;42
FR;5;2023-03-12;0;1;0;0;1;0;0;0;0;277743;185309;3547;1016;224412;5277;1169;0;42
FR;5;2023-03-13;2;2;0;0;4;0;0;0;0;277745;185311;3547;1016;224416;5277;1169;0;42
FR;5;2023-03-14;6;1;1;1;5;1;1;0;0;277751;185312;3548;1017;224421;5278;1170;0;42
FR;5;2023-03-15;7;8;2;0;12;3;0;0;0;277758;185320;3550;1017;224433;5281;1170;0;42
FR;5;2023-03-16;2;6;0;0;6;0;0;0;0;277760;185326;3550;1017;224439;5281;1170;0;42
FR;5;2023-03-17;14;15;3;0;13;4;1;0;0;277774;185341;3553;1017;224452;5285;1171;0;42
FR;5;2023-03-18;4;9;0;0;9;1;0;0;0;277778;185350;3553;1017;224461;5286;1171;0;42
FR;5;2023-03-19;0;0;0;0;0;0;0;0;0;277778;185350;3553;1017;224461;5286;1171;0;42
FR;5;2023-03-20;3;6;0;0;7;0;0;0;0;277781;185356;3553;1017;224468;5286;1171;0;42
FR;5;2023-03-21;2;7;2;2;7;2;2;0;0;277783;185363;3555;1019;224475;5288;1173;0;42
FR;5;2023-03-22;7;12;3;0;10;4;0;0;0;277790;185375;3558;1019;224485;5292;1173;0;42
FR;6;2020-12-27;0;0;0;0;0;0;0;0;0;0;0;0;0;0;0;0;0;0
FR;6;2020-12-28;0;0;0;0;0;0;0;0;0;0;0;0;0;0;0;0;0;0
FR;6;2020-12-29;0;0;0;0;0;0;0;0;0;0;0;0;0;0;0;0;0;0
FR;6;2020-12-30;0;0;0;0;0;0;0;0;0;0;0;0;0;0;0;0;0;0
FR;6;2020-12-31;0;0;0;0;0;0;0;0;0;0;0;0;0;0;0;0;0;0
FR;6;2021-01-01;0;0;0;0;0;0;0;0;0;0;0;0;0;0;0;0;0;0
FR;6;2021-01-02;0;0;0;0;0;0;0;0;0;0;0;0;0;0;0;0;0;0
FR;6;2021-01-03;0;0;0;0;0;0;0;0;0;0;0;0;0;0;0;0;0;0
FR;6;2021-01-04;0;0;0;0;0;0;0;0;0;0;0;0;0;0;0;0;0;0
FR;6;2021-01-05;0;0;0;0;0;0;0;0;0;0;0;0;0;0;0;0;0;0
FR;6;2021-01-06;0;0;0;0;0;0;0;0;0;0;0;0;0;0;0;0;0;0
FR;6;2021-01-07;0;0;0;0;0;0;0;0;0;0;0;0;0;0;0;0;0;0
FR;6;2021-01-08;0;0;0;0;0;0;0;0;0;0;0;0;0;0;0;0;0;0
FR;6;2021-01-09;0;0;0;0;0;0;0;0;0;0;0;0;0;0;0;0;0;0
FR;6;2021-01-10;0;0;0;0;0;0;0;0;0;0;0;0;0;0;0;0;0;0
FR;6;2021-01-11;0;0;0;0;0;0;0;0;0;0;0;0;0;0;0;0;0;0
FR;6;2021-01-12;0;0;0;0;0;0;0;0;0;0;0;0;0;0;0;0;0;0
FR;6;2021-01-13;0;0;0;0;0;0;0;0;0;0;0;0;0;0;0;0;0;0
FR;6;2021-01-14;0;0;0;0;0;0;0;0;0;0;0;0;0;0;0;0;0;0
FR;6;2021-01-15;0;0;0;0;0;0;0;0;0;0;0;0;0;0;0;0;0;0
FR;6;2021-01-16;0;0;0;0;0;0;0;0;0;0;0;0;0;0;0;0;0;0
FR;6;2021-01-17;0;0;0;0;0;0;0;0;0;0;0;0;0;0;0;0;0;0
FR;6;2021-01-18;0;0;0;0;0;0;0;0;0;0;0;0;0;0;0;0;0;0
FR;6;2021-01-19;0;0;0;0;0;0;0;0;0;0;0;0;0;0;0;0;0;0
FR;6;2021-01-20;0;0;0;0;0;0;0;0;0;0;0;0;0;0;0;0;0;0
FR;6;2021-01-21;0;0;0;0;0;0;0;0;0;0;0;0;0;0;0;0;0;0
FR;6;2021-01-22;0;0;0;0;0;0;0;0;0;0;0;0;0;0;0;0;0;0
FR;6;2021-01-23;0;0;0;0;0;0;0;0;0;0;0;0;0;0;0;0;0;0
FR;6;2021-01-24;0;0;0;0;0;0;0;0;0;0;0;0;0;0;0;0;0;0
FR;6;2021-01-25;0;0;0;0;0;0;0;0;0;0;0;0;0;0;0;0;0;0
FR;6;2021-01-26;0;0;0;0;0;0;0;0;0;0;0;0;0;0;0;0;0;0
FR;6;2021-01-27;0;0;0;0;0;0;0;0;0;0;0;0;0;0;0;0;0;0
FR;6;2021-01-28;0;0;0;0;0;0;0;0;0;0;0;0;0;0;0;0;0;0
FR;6;2021-01-29;0;0;0;0;0;0;0;0;0;0;0;0;0;0;0;0;0;0
FR;6;2021-01-30;0;0;0;0;0;0;0;0;0;0;0;0;0;0;0;0;0;0
FR;6;2021-01-31;0;0;0;0;0;0;0;0;0;0;0;0;0;0;0;0;0;0
FR;6;2021-02-01;0;0;0;0;0;0;0;0;0;0;0;0;0;0;0;0;0;0
FR;6;2021-02-02;0;0;0;0;0;0;0;0;0;0;0;0;0;0;0;0;0;0
FR;6;2021-02-03;0;0;0;0;0;0;0;0;0;0;0;0;0;0;0;0;0;0
FR;6;2021-02-04;0;0;0;0;0;0;0;0;0;0;0;0;0;0;0;0;0;0
FR;6;2021-02-05;0;0;0;0;0;0;0;0;0;0;0;0;0;0;0;0;0;0
FR;6;2021-02-06;0;0;0;0;0;0;0;0;0;0;0;0;0;0;0;0;0;0
FR;6;2021-02-07;0;0;0;0;0;0;0;0;0;0;0;0;0;0;0;0;0;0
FR;6;2021-02-08;0;0;0;0;0;0;0;0;0;0;0;0;0;0;0;0;0;0
FR;6;2021-02-09;0;0;0;0;0;0;0;0;0;0;0;0;0;0;0;0;0;0
FR;6;2021-02-10;0;0;0;0;0;0;0;0;0;0;0;0;0;0;0;0;0;0
FR;6;2021-02-11;0;0;0;0;0;0;0;0;0;0;0;0;0;0;0;0;0;0
FR;6;2021-02-12;0;0;0;0;0;0;0;0;0;0;0;0;0;0;0;0;0;0
FR;6;2021-02-13;0;0;0;0;0;0;0;0;0;0;0;0;0;0;0;0;0;0
FR;6;2021-02-14;0;0;0;0;0;0;0;0;0;0;0;0;0;0;0;0;0;0
FR;6;2021-02-15;0;0;0;0;0;0;0;0;0;0;0;0;0;0;0;0;0;0
FR;6;2021-02-16;0;0;0;0;0;0;0;0;0;0;0;0;0;0;0;0;0;0
FR;6;2021-02-17;0;0;0;0;0;0;0;0;0;0;0;0;0;0;0;0;0;0
FR;6;2021-02-18;0;0;0;0;0;0;0;0;0;0;0;0;0;0;0;0;0;0
FR;6;2021-02-19;0;0;0;0;0;0;0;0;0;0;0;0;0;0;0;0;0;0
FR;6;2021-02-20;0;0;0;0;0;0;0;0;0;0;0;0;0;0;0;0;0;0
FR;6;2021-02-21;0;0;0;0;0;0;0;0;0;0;0;0;0;0;0;0;0;0
FR;6;2021-02-22;0;0;0;0;0;0;0;0;0;0;0;0;0;0;0;0;0;0
FR;6;2021-02-23;0;0;0;0;0;0;0;0;0;0;0;0;0;0;0;0;0;0
FR;6;2021-02-24;0;0;0;0;0;0;0;0;0;0;0;0;0;0;0;0;0;0
FR;6;2021-02-25;0;0;0;0;0;0;0;0;0;0;0;0;0;0;0;0;0;0
FR;6;2021-02-26;0;0;0;0;0;0;0;0;0;0;0;0;0;0;0;0;0;0
FR;6;2021-02-27;0;0;0;0;0;0;0;0;0;0;0;0;0;0;0;0;0;0
FR;6;2021-02-28;0;0;0;0;0;0;0;0;0;0;0;0;0;0;0;0;0;0
FR;6;2021-03-01;0;0;0;0;0;0;0;0;0;0;0;0;0;0;0;0;0;0
FR;6;2021-03-02;0;0;0;0;0;0;0;0;0;0;0;0;0;0;0;0;0;0
FR;6;2021-03-03;0;0;0;0;0;0;0;0;0;0;0;0;0;0;0;0;0;0
FR;6;2021-03-04;0;0;0;0;0;0;0;0;0;0;0;0;0;0;0;0;0;0
FR;6;2021-03-05;0;0;0;0;0;0;0;0;0;0;0;0;0;0;0;0;0;0
FR;6;2021-03-06;0;0;0;0;0;0;0;0;0;0;0;0;0;0;0;0;0;0
FR;6;2021-03-07;0;0;0;0;0;0;0;0;0;0;0;0;0;0;0;0;0;0
FR;6;2021-03-08;0;0;0;0;0;0;0;0;0;0;0;0;0;0;0;0;0;0
FR;6;2021-03-09;0;0;0;0;0;0;0;0;0;0;0;0;0;0;0;0;0;0
FR;6;2021-03-10;0;0;0;0;0;0;0;0;0;0;0;0;0;0;0;0;0;0
FR;6;2021-03-11;0;0;0;0;0;0;0;0;0;0;0;0;0;0;0;0;0;0
FR;6;2021-03-12;0;0;0;0;0;0;0;0;0;0;0;0;0;0;0;0;0;0
FR;6;2021-03-13;0;0;0;0;0;0;0;0;0;0;0;0;0;0;0;0;0;0
FR;6;2021-03-14;0;0;0;0;0;0;0;0;0;0;0;0;0;0;0;0;0;0
FR;6;2021-03-15;0;0;0;0;0;0;0;0;0;0;0;0;0;0;0;0;0;0
FR;6;2021-03-16;0;0;0;0;0;0;0;0;0;0;0;0;0;0;0;0;0;0
FR;6;2021-03-17;0;0;0;0;0;0;0;0;0;0;0;0;0;0;0;0;0;0
FR;6;2021-03-18;0;0;0;0;0;0;0;0;0;0;0;0;0;0;0;0;0;0
FR;6;2021-03-19;0;0;0;0;0;0;0;0;0;0;0;0;0;0;0;0;0;0
FR;6;2021-03-20;0;0;0;0;0;0;0;0;0;0;0;0;0;0;0;0;0;0
FR;6;2021-03-21;0;0;0;0;0;0;0;0;0;0;0;0;0;0;0;0;0;0
FR;6;2021-03-22;0;0;0;0;0;0;0;0;0;0;0;0;0;0;0;0;0;0
FR;6;2021-03-23;0;0;0;0;0;0;0;0;0;0;0;0;0;0;0;0;0;0
FR;6;2021-03-24;0;0;0;0;0;0;0;0;0;0;0;0;0;0;0;0;0;0
FR;6;2021-03-25;0;0;0;0;0;0;0;0;0;0;0;0;0;0;0;0;0;0
FR;6;2021-03-26;0;0;0;0;0;0;0;0;0;0;0;0;0;0;0;0;0;0
FR;6;2021-03-27;0;0;0;0;0;0;0;0;0;0;0;0;0;0;0;0;0;0
FR;6;2021-03-28;0;0;0;0;0;0;0;0;0;0;0;0;0;0;0;0;0;0
FR;6;2021-03-29;0;0;0;0;0;0;0;0;0;0;0;0;0;0;0;0;0;0
FR;6;2021-03-30;0;0;0;0;0;0;0;0;0;0;0;0;0;0;0;0;0;0
FR;6;2021-03-31;0;0;0;0;0;0;0;0;0;0;0;0;0;0;0;0;0;0
FR;6;2021-04-01;0;0;0;0;0;0;0;0;0;0;0;0;0;0;0;0;0;0
FR;6;2021-04-02;0;0;0;0;0;0;0;0;0;0;0;0;0;0;0;0;0;0
FR;6;2021-04-03;0;0;0;0;0;0;0;0;0;0;0;0;0;0;0;0;0;0
FR;6;2021-04-04;0;0;0;0;0;0;0;0;0;0;0;0;0;0;0;0;0;0
FR;6;2021-04-05;0;0;0;0;0;0;0;0;0;0;0;0;0;0;0;0;0;0
FR;6;2021-04-06;0;0;0;0;0;0;0;0;0;0;0;0;0;0;0;0;0;0
FR;6;2021-04-07;0;0;0;0;0;0;0;0;0;0;0;0;0;0;0;0;0;0
FR;6;2021-04-08;0;0;0;0;0;0;0;0;0;0;0;0;0;0;0;0;0;0
FR;6;2021-04-09;0;0;0;0;0;0;0;0;0;0;0;0;0;0;0;0;0;0
FR;6;2021-04-10;0;0;0;0;0;0;0;0;0;0;0;0;0;0;0;0;0;0
FR;6;2021-04-11;0;0;0;0;0;0;0;0;0;0;0;0;0;0;0;0;0;0
FR;6;2021-04-12;0;0;0;0;0;0;0;0;0;0;0;0;0;0;0;0;0;0
FR;6;2021-04-13;0;0;0;0;0;0;0;0;0;0;0;0;0;0;0;0;0;0
FR;6;2021-04-14;0;0;0;0;0;0;0;0;0;0;0;0;0;0;0;0;0;0
FR;6;2021-04-15;0;0;0;0;0;0;0;0;0;0;0;0;0;0;0;0;0;0
FR;6;2021-04-16;0;0;0;0;0;0;0;0;0;0;0;0;0;0;0;0;0;0
FR;6;2021-04-17;0;0;0;0;0;0;0;0;0;0;0;0;0;0;0;0;0;0
FR;6;2021-04-18;0;0;0;0;0;0;0;0;0;0;0;0;0;0;0;0;0;0
FR;6;2021-04-19;0;0;0;0;0;0;0;0;0;0;0;0;0;0;0;0;0;0
FR;6;2021-04-20;0;0;0;0;0;0;0;0;0;0;0;0;0;0;0;0;0;0
FR;6;2021-04-21;0;0;0;0;0;0;0;0;0;0;0;0;0;0;0;0;0;0
FR;6;2021-04-22;0;0;0;0;0;0;0;0;0;0;0;0;0;0;0;0;0;0
FR;6;2021-04-23;0;0;0;0;0;0;0;0;0;0;0;0;0;0;0;0;0;0
FR;6;2021-04-24;0;0;0;0;0;0;0;0;0;0;0;0;0;0;0;0;0;0
FR;6;2021-04-25;0;0;0;0;0;0;0;0;0;0;0;0;0;0;0;0;0;0
FR;6;2021-04-26;0;0;0;0;0;0;0;0;0;0;0;0;0;0;0;0;0;0
FR;6;2021-04-27;0;0;0;0;0;0;0;0;0;0;0;0;0;0;0;0;0;0
FR;6;2021-04-28;0;0;0;0;0;0;0;0;0;0;0;0;0;0;0;0;0;0
FR;6;2021-04-29;0;0;0;0;0;0;0;0;0;0;0;0;0;0;0;0;0;0
FR;6;2021-04-30;0;0;0;0;0;0;0;0;0;0;0;0;0;0;0;0;0;0
FR;6;2021-05-01;0;0;0;0;0;0;0;0;0;0;0;0;0;0;0;0;0;0
FR;6;2021-05-02;0;0;0;0;0;0;0;0;0;0;0;0;0;0;0;0;0;0
FR;6;2021-05-03;0;0;0;0;0;0;0;0;0;0;0;0;0;0;0;0;0;0
FR;6;2021-05-04;0;0;0;0;0;0;0;0;0;0;0;0;0;0;0;0;0;0
FR;6;2021-05-05;0;0;0;0;0;0;0;0;0;0;0;0;0;0;0;0;0;0
FR;6;2021-05-06;0;0;0;0;0;0;0;0;0;0;0;0;0;0;0;0;0;0
FR;6;2021-05-07;0;0;0;0;0;0;0;0;0;0;0;0;0;0;0;0;0;0
FR;6;2021-05-08;0;0;0;0;0;0;0;0;0;0;0;0;0;0;0;0;0;0
FR;6;2021-05-09;0;0;0;0;0;0;0;0;0;0;0;0;0;0;0;0;0;0
FR;6;2021-05-10;0;0;0;0;0;0;0;0;0;0;0;0;0;0;0;0;0;0
FR;6;2021-05-11;0;0;0;0;0;0;0;0;0;0;0;0;0;0;0;0;0;0
FR;6;2021-05-12;0;0;0;0;0;0;0;0;0;0;0;0;0;0;0;0;0;0
FR;6;2021-05-13;0;0;0;0;0;0;0;0;0;0;0;0;0;0;0;0;0;0
FR;6;2021-05-14;0;0;0;0;0;0;0;0;0;0;0;0;0;0;0;0;0;0
FR;6;2021-05-15;0;0;0;0;0;0;0;0;0;0;0;0;0;0;0;0;0;0
FR;6;2021-05-16;0;0;0;0;0;0;0;0;0;0;0;0;0;0;0;0;0;0
FR;6;2021-05-17;0;0;0;0;0;0;0;0;0;0;0;0;0;0;0;0;0;0
FR;6;2021-05-18;0;0;0;0;0;0;0;0;0;0;0;0;0;0;0;0;0;0
FR;6;2021-05-19;0;0;0;0;0;0;0;0;0;0;0;0;0;0;0;0;0;0
FR;6;2021-05-20;0;0;0;0;0;0;0;0;0;0;0;0;0;0;0;0;0;0
FR;6;2021-05-21;0;0;0;0;0;0;0;0;0;0;0;0;0;0;0;0;0;0
FR;6;2021-05-22;0;0;0;0;0;0;0;0;0;0;0;0;0;0;0;0;0;0
FR;6;2021-05-23;0;0;0;0;0;0;0;0;0;0;0;0;0;0;0;0;0;0
FR;6;2021-05-24;0;0;0;0;0;0;0;0;0;0;0;0;0;0;0;0;0;0
FR;6;2021-05-25;0;0;0;0;0;0;0;0;0;0;0;0;0;0;0;0;0;0
FR;6;2021-05-26;0;0;0;0;0;0;0;0;0;0;0;0;0;0;0;0;0;0
FR;6;2021-05-27;0;0;0;0;0;0;0;0;0;0;0;0;0;0;0;0;0;0
FR;6;2021-05-28;0;0;0;0;0;0;0;0;0;0;0;0;0;0;0;0;0;0
FR;6;2021-05-29;0;0;0;0;0;0;0;0;0;0;0;0;0;0;0;0;0;0
FR;6;2021-05-30;0;0;0;0;0;0;0;0;0;0;0;0;0;0;0;0;0;0
FR;6;2021-05-31;0;0;0;0;0;0;0;0;0;0;0;0;0;0;0;0;0;0
FR;6;2021-06-01;0;0;0;0;0;0;0;0;0;0;0;0;0;0;0;0;0;0
FR;6;2021-06-02;0;0;0;0;0;0;0;0;0;0;0;0;0;0;0;0;0;0
FR;6;2021-06-03;0;0;0;0;0;0;0;0;0;0;0;0;0;0;0;0;0;0
FR;6;2021-06-04;0;0;0;0;0;0;0;0;0;0;0;0;0;0;0;0;0;0
FR;6;2021-06-05;0;0;0;0;0;0;0;0;0;0;0;0;0;0;0;0;0;0
FR;6;2021-06-06;0;0;0;0;0;0;0;0;0;0;0;0;0;0;0;0;0;0
FR;6;2021-06-07;0;0;0;0;0;0;0;0;0;0;0;0;0;0;0;0;0;0
FR;6;2021-06-08;0;0;0;0;0;0;0;0;0;0;0;0;0;0;0;0;0;0
FR;6;2021-06-09;0;0;0;0;0;0;0;0;0;0;0;0;0;0;0;0;0;0
FR;6;2021-06-10;0;0;0;0;0;0;0;0;0;0;0;0;0;0;0;0;0;0
FR;6;2021-06-11;0;0;0;0;0;0;0;0;0;0;0;0;0;0;0;0;0;0
FR;6;2021-06-12;0;0;0;0;0;0;0;0;0;0;0;0;0;0;0;0;0;0
FR;6;2021-06-13;0;0;0;0;0;0;0;0;0;0;0;0;0;0;0;0;0;0
FR;6;2021-06-14;0;0;0;0;0;0;0;0;0;0;0;0;0;0;0;0;0;0
FR;6;2021-06-15;0;0;0;0;0;0;0;0;0;0;0;0;0;0;0;0;0;0
FR;6;2021-06-16;0;0;0;0;0;0;0;0;0;0;0;0;0;0;0;0;0;0
FR;6;2021-06-17;0;0;0;0;0;0;0;0;0;0;0;0;0;0;0;0;0;0
FR;6;2021-06-18;0;0;0;0;0;0;0;0;0;0;0;0;0;0;0;0;0;0
FR;6;2021-06-19;0;0;0;0;0;0;0;0;0;0;0;0;0;0;0;0;0;0
FR;6;2021-06-20;0;0;0;0;0;0;0;0;0;0;0;0;0;0;0;0;0;0
FR;6;2021-06-21;0;0;0;0;0;0;0;0;0;0;0;0;0;0;0;0;0;0
FR;6;2021-06-22;0;0;0;0;0;0;0;0;0;0;0;0;0;0;0;0;0;0
FR;6;2021-06-23;0;0;0;0;0;0;0;0;0;0;0;0;0;0;0;0;0;0
FR;6;2021-06-24;0;0;0;0;0;0;0;0;0;0;0;0;0;0;0;0;0;0
FR;6;2021-06-25;0;0;0;0;0;0;0;0;0;0;0;0;0;0;0;0;0;0
FR;6;2021-06-26;0;0;0;0;0;0;0;0;0;0;0;0;0;0;0;0;0;0
FR;6;2021-06-27;0;0;0;0;0;0;0;0;0;0;0;0;0;0;0;0;0;0
FR;6;2021-06-28;0;0;0;0;0;0;0;0;0;0;0;0;0;0;0;0;0;0
FR;6;2021-06-29;0;0;0;0;0;0;0;0;0;0;0;0;0;0;0;0;0;0
FR;6;2021-06-30;0;0;0;0;0;0;0;0;0;0;0;0;0;0;0;0;0;0
FR;6;2021-07-01;0;0;0;0;0;0;0;0;0;0;0;0;0;0;0;0;0;0
FR;6;2021-07-02;0;0;0;0;0;0;0;0;0;0;0;0;0;0;0;0;0;0
FR;6;2021-07-03;0;0;0;0;0;0;0;0;0;0;0;0;0;0;0;0;0;0
FR;6;2021-07-04;0;0;0;0;0;0;0;0;0;0;0;0;0;0;0;0;0;0
FR;6;2021-07-05;0;0;0;0;0;0;0;0;0;0;0;0;0;0;0;0;0;0
FR;6;2021-07-06;0;0;0;0;0;0;0;0;0;0;0;0;0;0;0;0;0;0
FR;6;2021-07-07;0;0;0;0;0;0;0;0;0;0;0;0;0;0;0;0;0;0
FR;6;2021-07-08;0;0;0;0;0;0;0;0;0;0;0;0;0;0;0;0;0;0
FR;6;2021-07-09;0;0;0;0;0;0;0;0;0;0;0;0;0;0;0;0;0;0
FR;6;2021-07-10;0;0;0;0;0;0;0;0;0;0;0;0;0;0;0;0;0;0
FR;6;2021-07-11;0;0;0;0;0;0;0;0;0;0;0;0;0;0;0;0;0;0
FR;6;2021-07-12;0;0;0;0;0;0;0;0;0;0;0;0;0;0;0;0;0;0
FR;6;2021-07-13;0;0;0;0;0;0;0;0;0;0;0;0;0;0;0;0;0;0
FR;6;2021-07-14;0;0;0;0;0;0;0;0;0;0;0;0;0;0;0;0;0;0
FR;6;2021-07-15;0;0;0;0;0;0;0;0;0;0;0;0;0;0;0;0;0;0
FR;6;2021-07-16;0;0;0;0;0;0;0;0;0;0;0;0;0;0;0;0;0;0
FR;6;2021-07-17;0;0;0;0;0;0;0;0;0;0;0;0;0;0;0;0;0;0
FR;6;2021-07-18;0;0;0;0;0;0;0;0;0;0;0;0;0;0;0;0;0;0
FR;6;2021-07-19;0;0;0;0;0;0;0;0;0;0;0;0;0;0;0;0;0;0
FR;6;2021-07-20;0;0;0;0;0;0;0;0;0;0;0;0;0;0;0;0;0;0
FR;6;2021-07-21;0;0;0;0;0;0;0;0;0;0;0;0;0;0;0;0;0;0
FR;6;2021-07-22;0;0;0;0;0;0;0;0;0;0;0;0;0;0;0;0;0;0
FR;6;2021-07-23;0;0;0;0;0;0;0;0;0;0;0;0;0;0;0;0;0;0
FR;6;2021-07-24;0;0;0;0;0;0;0;0;0;0;0;0;0;0;0;0;0;0
FR;6;2021-07-25;0;0;0;0;0;0;0;0;0;0;0;0;0;0;0;0;0;0
FR;6;2021-07-26;0;0;0;0;0;0;0;0;0;0;0;0;0;0;0;0;0;0
FR;6;2021-07-27;0;0;0;0;0;0;0;0;0;0;0;0;0;0;0;0;0;0
FR;6;2021-07-28;0;0;0;0;0;0;0;0;0;0;0;0;0;0;0;0;0;0
FR;6;2021-07-29;0;0;0;0;0;0;0;0;0;0;0;0;0;0;0;0;0;0
FR;6;2021-07-30;0;0;0;0;0;0;0;0;0;0;0;0;0;0;0;0;0;0
FR;6;2021-07-31;0;0;0;0;0;0;0;0;0;0;0;0;0;0;0;0;0;0
FR;6;2021-08-01;0;0;0;0;0;0;0;0;0;0;0;0;0;0;0;0;0;0
FR;6;2021-08-02;0;0;0;0;0;0;0;0;0;0;0;0;0;0;0;0;0;0
FR;6;2021-08-03;0;0;0;0;0;0;0;0;0;0;0;0;0;0;0;0;0;0
FR;6;2021-08-04;0;0;0;0;0;0;0;0;0;0;0;0;0;0;0;0;0;0
FR;6;2021-08-05;0;0;0;0;0;0;0;0;0;0;0;0;0;0;0;0;0;0
FR;6;2021-08-06;0;0;0;0;0;0;0;0;0;0;0;0;0;0;0;0;0;0
FR;6;2021-08-07;0;0;0;0;0;0;0;0;0;0;0;0;0;0;0;0;0;0
FR;6;2021-08-08;0;0;0;0;0;0;0;0;0;0;0;0;0;0;0;0;0;0
FR;6;2021-08-09;0;0;0;0;0;0;0;0;0;0;0;0;0;0;0;0;0;0
FR;6;2021-08-10;0;0;0;0;0;0;0;0;0;0;0;0;0;0;0;0;0;0
FR;6;2021-08-11;0;0;0;0;0;0;0;0;0;0;0;0;0;0;0;0;0;0
FR;6;2021-08-12;0;0;0;0;0;0;0;0;0;0;0;0;0;0;0;0;0;0
FR;6;2021-08-13;0;0;0;0;0;0;0;0;0;0;0;0;0;0;0;0;0;0
FR;6;2021-08-14;0;0;0;0;0;0;0;0;0;0;0;0;0;0;0;0;0;0
FR;6;2021-08-15;0;0;0;0;0;0;0;0;0;0;0;0;0;0;0;0;0;0
FR;6;2021-08-16;0;0;0;0;0;0;0;0;0;0;0;0;0;0;0;0;0;0
FR;6;2021-08-17;0;0;0;0;0;0;0;0;0;0;0;0;0;0;0;0;0;0
FR;6;2021-08-18;0;0;0;0;0;0;0;0;0;0;0;0;0;0;0;0;0;0
FR;6;2021-08-19;0;0;0;0;0;0;0;0;0;0;0;0;0;0;0;0;0;0
FR;6;2021-08-20;0;0;0;0;0;0;0;0;0;0;0;0;0;0;0;0;0;0
FR;6;2021-08-21;0;0;0;0;0;0;0;0;0;0;0;0;0;0;0;0;0;0
FR;6;2021-08-22;0;0;0;0;0;0;0;0;0;0;0;0;0;0;0;0;0;0
FR;6;2021-08-23;0;0;0;0;0;0;0;0;0;0;0;0;0;0;0;0;0;0
FR;6;2021-08-24;0;0;0;0;0;0;0;0;0;0;0;0;0;0;0;0;0;0
FR;6;2021-08-25;0;0;0;0;0;0;0;0;0;0;0;0;0;0;0;0;0;0
FR;6;2021-08-26;0;0;0;0;0;0;0;0;0;0;0;0;0;0;0;0;0;0
FR;6;2021-08-27;0;0;0;0;0;0;0;0;0;0;0;0;0;0;0;0;0;0
FR;6;2021-08-28;0;0;0;0;0;0;0;0;0;0;0;0;0;0;0;0;0;0
FR;6;2021-08-29;0;0;0;0;0;0;0;0;0;0;0;0;0;0;0;0;0;0
FR;6;2021-08-30;0;0;0;0;0;0;0;0;0;0;0;0;0;0;0;0;0;0
FR;6;2021-08-31;0;0;0;0;0;0;0;0;0;0;0;0;0;0;0;0;0;0
FR;6;2021-09-01;0;0;0;0;0;0;0;0;0;0;0;0;0;0;0;0;0;0
FR;6;2021-09-02;0;0;0;0;0;0;0;0;0;0;0;0;0;0;0;0;0;0
FR;6;2021-09-03;0;0;0;0;0;0;0;0;0;0;0;0;0;0;0;0;0;0
FR;6;2021-09-04;0;0;0;0;0;0;0;0;0;0;0;0;0;0;0;0;0;0
FR;6;2021-09-05;0;0;0;0;0;0;0;0;0;0;0;0;0;0;0;0;0;0
FR;6;2021-09-06;0;0;0;0;0;0;0;0;0;0;0;0;0;0;0;0;0;0
FR;6;2021-09-07;0;0;0;0;0;0;0;0;0;0;0;0;0;0;0;0;0;0
FR;6;2021-09-08;0;0;0;0;0;0;0;0;0;0;0;0;0;0;0;0;0;0
FR;6;2021-09-09;0;0;0;0;0;0;0;0;0;0;0;0;0;0;0;0;0;0
FR;6;2021-09-10;0;0;0;0;0;0;0;0;0;0;0;0;0;0;0;0;0;0
FR;6;2021-09-11;0;0;0;0;0;0;0;0;0;0;0;0;0;0;0;0;0;0
FR;6;2021-09-12;0;0;0;0;0;0;0;0;0;0;0;0;0;0;0;0;0;0
FR;6;2021-09-13;0;0;0;0;0;0;0;0;0;0;0;0;0;0;0;0;0;0
FR;6;2021-09-14;0;0;0;0;0;0;0;0;0;0;0;0;0;0;0;0;0;0
FR;6;2021-09-15;0;0;0;0;0;0;0;0;0;0;0;0;0;0;0;0;0;0
FR;6;2021-09-16;0;0;0;0;0;0;0;0;0;0;0;0;0;0;0;0;0;0
FR;6;2021-09-17;0;0;0;0;0;0;0;0;0;0;0;0;0;0;0;0;0;0
FR;6;2021-09-18;0;0;0;0;0;0;0;0;0;0;0;0;0;0;0;0;0;0
FR;6;2021-09-19;0;0;0;0;0;0;0;0;0;0;0;0;0;0;0;0;0;0
FR;6;2021-09-20;0;0;0;0;0;0;0;0;0;0;0;0;0;0;0;0;0;0
FR;6;2021-09-21;0;0;0;0;0;0;0;0;0;0;0;0;0;0;0;0;0;0
FR;6;2021-09-22;0;0;0;0;0;0;0;0;0;0;0;0;0;0;0;0;0;0
FR;6;2021-09-23;0;0;0;0;0;0;0;0;0;0;0;0;0;0;0;0;0;0
FR;6;2021-09-24;0;0;0;0;0;0;0;0;0;0;0;0;0;0;0;0;0;0
FR;6;2021-09-25;0;0;0;0;0;0;0;0;0;0;0;0;0;0;0;0;0;0
FR;6;2021-09-26;0;0;0;0;0;0;0;0;0;0;0;0;0;0;0;0;0;0
FR;6;2021-09-27;0;0;0;0;0;0;0;0;0;0;0;0;0;0;0;0;0;0
FR;6;2021-09-28;0;0;0;0;0;0;0;0;0;0;0;0;0;0;0;0;0;0
FR;6;2021-09-29;0;0;0;0;0;0;0;0;0;0;0;0;0;0;0;0;0;0
FR;6;2021-09-30;0;0;0;0;0;0;0;0;0;0;0;0;0;0;0;0;0;0
FR;6;2021-10-01;0;0;0;0;0;0;0;0;0;0;0;0;0;0;0;0;0;0
FR;6;2021-10-02;0;0;0;0;0;0;0;0;0;0;0;0;0;0;0;0;0;0
FR;6;2021-10-03;0;0;0;0;0;0;0;0;0;0;0;0;0;0;0;0;0;0
FR;6;2021-10-04;0;0;0;0;0;0;0;0;0;0;0;0;0;0;0;0;0;0
FR;6;2021-10-05;0;0;0;0;0;0;0;0;0;0;0;0;0;0;0;0;0;0
FR;6;2021-10-06;0;0;0;0;0;0;0;0;0;0;0;0;0;0;0;0;0;0
FR;6;2021-10-07;0;0;0;0;0;0;0;0;0;0;0;0;0;0;0;0;0;0
FR;6;2021-10-08;0;0;0;0;0;0;0;0;0;0;0;0;0;0;0;0;0;0
FR;6;2021-10-09;0;0;0;0;0;0;0;0;0;0;0;0;0;0;0;0;0;0
FR;6;2021-10-10;0;0;0;0;0;0;0;0;0;0;0;0;0;0;0;0;0;0
FR;6;2021-10-11;0;0;0;0;0;0;0;0;0;0;0;0;0;0;0;0;0;0
FR;6;2021-10-12;0;0;0;0;0;0;0;0;0;0;0;0;0;0;0;0;0;0
FR;6;2021-10-13;0;0;0;0;0;0;0;0;0;0;0;0;0;0;0;0;0;0
FR;6;2021-10-14;0;0;0;0;0;0;0;0;0;0;0;0;0;0;0;0;0;0
FR;6;2021-10-15;0;0;0;0;0;0;0;0;0;0;0;0;0;0;0;0;0;0
FR;6;2021-10-16;0;0;0;0;0;0;0;0;0;0;0;0;0;0;0;0;0;0
FR;6;2021-10-17;0;0;0;0;0;0;0;0;0;0;0;0;0;0;0;0;0;0
FR;6;2021-10-18;0;0;0;0;0;0;0;0;0;0;0;0;0;0;0;0;0;0
FR;6;2021-10-19;0;0;0;0;0;0;0;0;0;0;0;0;0;0;0;0;0;0
FR;6;2021-10-20;0;0;0;0;0;0;0;0;0;0;0;0;0;0;0;0;0;0
FR;6;2021-10-21;0;0;0;0;0;0;0;0;0;0;0;0;0;0;0;0;0;0
FR;6;2021-10-22;0;0;0;0;0;0;0;0;0;0;0;0;0;0;0;0;0;0
FR;6;2021-10-23;0;0;0;0;0;0;0;0;0;0;0;0;0;0;0;0;0;0
FR;6;2021-10-24;0;0;0;0;0;0;0;0;0;0;0;0;0;0;0;0;0;0
FR;6;2021-10-25;0;0;0;0;0;0;0;0;0;0;0;0;0;0;0;0;0;0
FR;6;2021-10-26;0;0;0;0;0;0;0;0;0;0;0;0;0;0;0;0;0;0
FR;6;2021-10-27;0;0;0;0;0;0;0;0;0;0;0;0;0;0;0;0;0;0
FR;6;2021-10-28;0;0;0;0;0;0;0;0;0;0;0;0;0;0;0;0;0;0
FR;6;2021-10-29;0;0;0;0;0;0;0;0;0;0;0;0;0;0;0;0;0;0
FR;6;2021-10-30;0;0;0;0;0;0;0;0;0;0;0;0;0;0;0;0;0;0
FR;6;2021-10-31;0;0;0;0;0;0;0;0;0;0;0;0;0;0;0;0;0;0
FR;6;2021-11-01;0;0;0;0;0;0;0;0;0;0;0;0;0;0;0;0;0;0
FR;6;2021-11-02;0;0;0;0;0;0;0;0;0;0;0;0;0;0;0;0;0;0
FR;6;2021-11-03;0;0;0;0;0;0;0;0;0;0;0;0;0;0;0;0;0;0
FR;6;2021-11-04;0;0;0;0;0;0;0;0;0;0;0;0;0;0;0;0;0;0
FR;6;2021-11-05;0;0;0;0;0;0;0;0;0;0;0;0;0;0;0;0;0;0
FR;6;2021-11-06;0;0;0;0;0;0;0;0;0;0;0;0;0;0;0;0;0;0
FR;6;2021-11-07;0;0;0;0;0;0;0;0;0;0;0;0;0;0;0;0;0;0
FR;6;2021-11-08;0;0;0;0;0;0;0;0;0;0;0;0;0;0;0;0;0;0
FR;6;2021-11-09;0;0;0;0;0;0;0;0;0;0;0;0;0;0;0;0;0;0
FR;6;2021-11-10;0;0;0;0;0;0;0;0;0;0;0;0;0;0;0;0;0;0
FR;6;2021-11-11;0;0;0;0;0;0;0;0;0;0;0;0;0;0;0;0;0;0
FR;6;2021-11-12;0;0;0;0;0;0;0;0;0;0;0;0;0;0;0;0;0;0
FR;6;2021-11-13;0;0;0;0;0;0;0;0;0;0;0;0;0;0;0;0;0;0
FR;6;2021-11-14;0;0;0;0;0;0;0;0;0;0;0;0;0;0;0;0;0;0
FR;6;2021-11-15;0;0;0;0;0;0;0;0;0;0;0;0;0;0;0;0;0;0
FR;6;2021-11-16;0;0;0;0;0;0;0;0;0;0;0;0;0;0;0;0;0;0
FR;6;2021-11-17;0;0;0;0;0;0;0;0;0;0;0;0;0;0;0;0;0;0
FR;6;2021-11-18;0;0;0;0;0;0;0;0;0;0;0;0;0;0;0;0;0;0
FR;6;2021-11-19;0;0;0;0;0;0;0;0;0;0;0;0;0;0;0;0;0;0
FR;6;2021-11-20;0;0;0;0;0;0;0;0;0;0;0;0;0;0;0;0;0;0
FR;6;2021-11-21;0;0;0;0;0;0;0;0;0;0;0;0;0;0;0;0;0;0
FR;6;2021-11-22;0;0;0;0;0;0;0;0;0;0;0;0;0;0;0;0;0;0
FR;6;2021-11-23;0;0;0;0;0;0;0;0;0;0;0;0;0;0;0;0;0;0
FR;6;2021-11-24;0;0;0;0;0;0;0;0;0;0;0;0;0;0;0;0;0;0
FR;6;2021-11-25;0;0;0;0;0;0;0;0;0;0;0;0;0;0;0;0;0;0
FR;6;2021-11-26;0;0;0;0;0;0;0;0;0;0;0;0;0;0;0;0;0;0
FR;6;2021-11-27;0;0;0;0;0;0;0;0;0;0;0;0;0;0;0;0;0;0
FR;6;2021-11-28;0;0;0;0;0;0;0;0;0;0;0;0;0;0;0;0;0;0
FR;6;2021-11-29;0;0;0;0;0;0;0;0;0;0;0;0;0;0;0;0;0;0
FR;6;2021-11-30;0;0;0;0;0;0;0;0;0;0;0;0;0;0;0;0;0;0
FR;6;2021-12-01;0;0;0;0;0;0;0;0;0;0;0;0;0;0;0;0;0;0
FR;6;2021-12-02;0;0;0;0;0;0;0;0;0;0;0;0;0;0;0;0;0;0
FR;6;2021-12-03;0;0;0;0;0;0;0;0;0;0;0;0;0;0;0;0;0;0
FR;6;2021-12-04;0;0;0;0;0;0;0;0;0;0;0;0;0;0;0;0;0;0
FR;6;2021-12-05;0;0;0;0;0;0;0;0;0;0;0;0;0;0;0;0;0;0
FR;6;2021-12-06;0;0;0;0;0;0;0;0;0;0;0;0;0;0;0;0;0;0
FR;6;2021-12-07;0;0;0;0;0;0;0;0;0;0;0;0;0;0;0;0;0;0
FR;6;2021-12-08;0;0;0;0;0;0;0;0;0;0;0;0;0;0;0;0;0;0
FR;6;2021-12-09;0;0;0;0;0;0;0;0;0;0;0;0;0;0;0;0;0;0
FR;6;2021-12-10;0;0;0;0;0;0;0;0;0;0;0;0;0;0;0;0;0;0
FR;6;2021-12-11;0;0;0;0;0;0;0;0;0;0;0;0;0;0;0;0;0;0
FR;6;2021-12-12;0;0;0;0;0;0;0;0;0;0;0;0;0;0;0;0;0;0
FR;6;2021-12-13;0;0;0;0;0;0;0;0;0;0;0;0;0;0;0;0;0;0
FR;6;2021-12-14;0;0;0;0;0;0;0;0;0;0;0;0;0;0;0;0;0;0
FR;6;2021-12-15;0;0;0;0;0;0;0;0;0;0;0;0;0;0;0;0;0;0
FR;6;2021-12-16;0;0;0;0;0;0;0;0;0;0;0;0;0;0;0;0;0;0
FR;6;2021-12-17;0;0;0;0;0;0;0;0;0;0;0;0;0;0;0;0;0;0
FR;6;2021-12-18;0;0;0;0;0;0;0;0;0;0;0;0;0;0;0;0;0;0
FR;6;2021-12-19;0;0;0;0;0;0;0;0;0;0;0;0;0;0;0;0;0;0
FR;6;2021-12-20;0;0;0;0;0;0;0;0;0;0;0;0;0;0;0;0;0;0
FR;6;2021-12-21;0;0;0;0;0;0;0;0;0;0;0;0;0;0;0;0;0;0
FR;6;2021-12-22;0;0;0;0;0;0;0;0;0;0;0;0;0;0;0;0;0;0
FR;6;2021-12-23;0;0;0;0;0;0;0;0;0;0;0;0;0;0;0;0;0;0
FR;6;2021-12-24;0;0;0;0;0;0;0;0;0;0;0;0;0;0;0;0;0;0
FR;6;2021-12-25;0;0;0;0;0;0;0;0;0;0;0;0;0;0;0;0;0;0
FR;6;2021-12-26;0;0;0;0;0;0;0;0;0;0;0;0;0;0;0;0;0;0
FR;6;2021-12-27;0;0;0;0;0;0;0;0;0;0;0;0;0;0;0;0;0;0
FR;6;2021-12-28;0;0;0;0;0;0;0;0;0;0;0;0;0;0;0;0;0;0
FR;6;2021-12-29;0;0;0;0;0;0;0;0;0;0;0;0;0;0;0;0;0;0
FR;6;2021-12-30;0;0;0;0;0;0;0;0;0;0;0;0;0;0;0;0;0;0
FR;6;2021-12-31;0;0;0;0;0;0;0;0;0;0;0;0;0;0;0;0;0;0
FR;6;2022-01-01;0;0;0;0;0;0;0;0;0;0;0;0;0;0;0;0;0;0
FR;6;2022-01-02;0;0;0;0;0;0;0;0;0;0;0;0;0;0;0;0;0;0
FR;6;2022-01-03;0;0;0;0;0;0;0;0;0;0;0;0;0;0;0;0;0;0
FR;6;2022-01-04;0;0;0;0;0;0;0;0;0;0;0;0;0;0;0;0;0;0
FR;6;2022-01-05;0;0;0;0;0;0;0;0;0;0;0;0;0;0;0;0;0;0
FR;6;2022-01-06;0;0;0;0;0;0;0;0;0;0;0;0;0;0;0;0;0;0
FR;6;2022-01-07;0;0;0;0;0;0;0;0;0;0;0;0;0;0;0;0;0;0
FR;6;2022-01-08;0;0;0;0;0;0;0;0;0;0;0;0;0;0;0;0;0;0
FR;6;2022-01-09;0;0;0;0;0;0;0;0;0;0;0;0;0;0;0;0;0;0
FR;6;2022-01-10;0;0;0;0;0;0;0;0;0;0;0;0;0;0;0;0;0;0
FR;6;2022-01-11;0;0;0;0;0;0;0;0;0;0;0;0;0;0;0;0;0;0
FR;6;2022-01-12;0;0;0;0;0;0;0;0;0;0;0;0;0;0;0;0;0;0
FR;6;2022-01-13;0;0;0;0;0;0;0;0;0;0;0;0;0;0;0;0;0;0
FR;6;2022-01-14;0;0;0;0;0;0;0;0;0;0;0;0;0;0;0;0;0;0
FR;6;2022-01-15;0;0;0;0;0;0;0;0;0;0;0;0;0;0;0;0;0;0
FR;6;2022-01-16;0;0;0;0;0;0;0;0;0;0;0;0;0;0;0;0;0;0
FR;6;2022-01-17;0;0;0;0;0;0;0;0;0;0;0;0;0;0;0;0;0;0
FR;6;2022-01-18;0;0;0;0;0;0;0;0;0;0;0;0;0;0;0;0;0;0
FR;6;2022-01-19;0;0;0;0;0;0;0;0;0;0;0;0;0;0;0;0;0;0
FR;6;2022-01-20;0;0;0;0;0;0;0;0;0;0;0;0;0;0;0;0;0;0
FR;6;2022-01-21;0;0;0;0;0;0;0;0;0;0;0;0;0;0;0;0;0;0
FR;6;2022-01-22;0;0;0;0;0;0;0;0;0;0;0;0;0;0;0;0;0;0
FR;6;2022-01-23;0;0;0;0;0;0;0;0;0;0;0;0;0;0;0;0;0;0
FR;6;2022-01-24;0;0;0;0;0;0;0;0;0;0;0;0;0;0;0;0;0;0
FR;6;2022-01-25;0;0;0;0;0;0;0;0;0;0;0;0;0;0;0;0;0;0
FR;6;2022-01-26;0;0;0;0;0;0;0;0;0;0;0;0;0;0;0;0;0;0
FR;6;2022-01-27;0;0;0;0;0;0;0;0;0;0;0;0;0;0;0;0;0;0
FR;6;2022-01-28;0;0;0;0;0;0;0;0;0;0;0;0;0;0;0;0;0;0
FR;6;2022-01-29;0;0;0;0;0;0;0;0;0;0;0;0;0;0;0;0;0;0
FR;6;2022-01-30;0;0;0;0;0;0;0;0;0;0;0;0;0;0;0;0;0;0
FR;6;2022-01-31;0;0;0;0;0;0;0;0;0;0;0;0;0;0;0;0;0;0
FR;6;2022-02-01;0;0;0;0;0;0;0;0;0;0;0;0;0;0;0;0;0;0
FR;6;2022-02-02;0;0;0;0;0;0;0;0;0;0;0;0;0;0;0;0;0;0
FR;6;2022-02-03;0;0;0;0;0;0;0;0;0;0;0;0;0;0;0;0;0;0
FR;6;2022-02-04;0;0;0;0;0;0;0;0;0;0;0;0;0;0;0;0;0;0
FR;6;2022-02-05;0;0;0;0;0;0;0;0;0;0;0;0;0;0;0;0;0;0
FR;6;2022-02-06;0;0;0;0;0;0;0;0;0;0;0;0;0;0;0;0;0;0
FR;6;2022-02-07;0;0;0;0;0;0;0;0;0;0;0;0;0;0;0;0;0;0
FR;6;2022-02-08;0;0;0;0;0;0;0;0;0;0;0;0;0;0;0;0;0;0
FR;6;2022-02-09;0;0;0;0;0;0;0;0;0;0;0;0;0;0;0;0;0;0
FR;6;2022-02-10;0;0;0;0;0;0;0;0;0;0;0;0;0;0;0;0;0;0
FR;6;2022-02-11;0;0;0;0;0;0;0;0;0;0;0;0;0;0;0;0;0;0
FR;6;2022-02-12;0;0;0;0;0;0;0;0;0;0;0;0;0;0;0;0;0;0
FR;6;2022-02-13;0;0;0;0;0;0;0;0;0;0;0;0;0;0;0;0;0;0
FR;6;2022-02-14;0;0;0;0;0;0;0;0;0;0;0;0;0;0;0;0;0;0
FR;6;2022-02-15;0;0;0;0;0;0;0;0;0;0;0;0;0;0;0;0;0;0
FR;6;2022-02-16;0;0;0;0;0;0;0;0;0;0;0;0;0;0;0;0;0;0
FR;6;2022-02-17;0;0;0;0;0;0;0;0;0;0;0;0;0;0;0;0;0;0
FR;6;2022-02-18;0;0;0;0;0;0;0;0;0;0;0;0;0;0;0;0;0;0
FR;6;2022-02-19;0;0;0;0;0;0;0;0;0;0;0;0;0;0;0;0;0;0
FR;6;2022-02-20;0;0;0;0;0;0;0;0;0;0;0;0;0;0;0;0;0;0
FR;6;2022-02-21;0;0;0;0;0;0;0;0;0;0;0;0;0;0;0;0;0;0
FR;6;2022-02-22;0;0;0;0;0;0;0;0;0;0;0;0;0;0;0;0;0;0
FR;6;2022-02-23;0;0;0;0;0;0;0;0;0;0;0;0;0;0;0;0;0;0
FR;6;2022-02-24;0;0;0;0;0;0;0;0;0;0;0;0;0;0;0;0;0;0
FR;6;2022-02-25;0;0;0;0;0;0;0;0;0;0;0;0;0;0;0;0;0;0
FR;6;2022-02-26;1;0;0;0;0;0;0;0;0;1;0;0;0;0;0;0;0;0
FR;6;2022-02-27;1;0;0;0;1;0;0;0;0;2;0;0;0;1;0;0;0;0
FR;6;2022-02-28;0;0;0;0;0;0;0;0;0;2;0;0;0;1;0;0;0;0
FR;6;2022-03-01;3;0;0;0;0;0;0;0;0;5;0;0;0;1;0;0;0;0
FR;6;2022-03-02;97;9;2;0;15;7;0;0;0;102;9;2;0;16;7;0;0;0
FR;6;2022-03-03;0;0;0;0;0;0;0;0;0;102;9;2;0;16;7;0;0;0
FR;6;2022-03-04;92;4;0;0;8;4;0;0;0;194;13;2;0;24;11;0;0;0
FR;6;2022-03-05;391;23;2;0;60;14;0;0;0;585;36;4;0;84;25;0;0;0
FR;6;2022-03-06;7;1;0;0;2;0;0;0;0;592;37;4;0;86;25;0;0;0
FR;6;2022-03-07;337;19;0;0;51;13;0;0;0;929;56;4;0;137;38;0;0;0
FR;6;2022-03-08;230;14;0;0;47;5;0;0;0;1159;70;4;0;184;43;0;0;0
FR;6;2022-03-09;519;29;2;0;84;21;1;0;0;1678;99;6;0;268;64;1;0;0
FR;6;2022-03-10;206;19;0;1;54;12;1;0;0;1884;118;6;1;322;76;2;0;0
FR;6;2022-03-11;331;22;6;0;53;21;0;0;0;2215;140;12;1;375;97;2;0;0
FR;6;2022-03-12;518;25;1;0;83;20;0;0;0;2733;165;13;1;458;117;2;0;0
FR;6;2022-03-13;40;2;0;0;2;1;0;0;0;2773;167;13;1;460;118;2;0;0
FR;6;2022-03-14;201;4;2;0;39;3;1;0;0;2974;171;15;1;499;121;3;0;0
FR;6;2022-03-15;112;11;2;0;28;9;0;0;0;3086;182;17;1;527;130;3;0;0
FR;6;2022-03-16;310;17;2;1;49;15;1;0;0;3396;199;19;2;576;145;4;0;0
FR;6;2022-03-17;117;6;1;2;14;4;2;0;0;3513;205;20;4;590;149;6;0;0
FR;6;2022-03-18;215;10;0;0;40;6;0;0;0;3728;215;20;4;630;155;6;0;0
FR;6;2022-03-19;307;19;2;0;90;9;0;0;0;4035;234;22;4;720;164;6;0;0
FR;6;2022-03-20;15;5;0;0;5;1;0;0;0;4050;239;22;4;725;165;6;0;0
FR;6;2022-03-21;132;23;1;0;47;4;0;0;0;4182;262;23;4;772;169;6;0;0
FR;6;2022-03-22;97;15;0;0;34;4;0;0;0;4279;277;23;4;806;173;6;0;0
FR;6;2022-03-23;226;108;3;0;154;14;1;0;0;4505;385;26;4;960;187;7;0;0
FR;6;2022-03-24;100;15;1;3;32;4;3;0;0;4605;400;27;7;992;191;10;0;0
FR;6;2022-03-25;203;141;2;1;179;15;2;0;0;4808;541;29;8;1171;206;12;0;0
FR;6;2022-03-26;331;295;7;1;385;19;1;0;0;5139;836;36;9;1556;225;13;0;0
FR;6;2022-03-27;32;30;1;0;37;1;1;0;0;5171;866;37;9;1593;226;14;0;0
FR;6;2022-03-28;201;208;8;1;234;17;3;0;0;5372;1074;45;10;1827;243;17;0;0
FR;6;2022-03-29;124;189;12;2;206;12;9;0;0;5496;1263;57;12;2033;255;26;0;0
FR;6;2022-03-30;305;476;10;2;548;22;6;0;0;5801;1739;67;14;2581;277;32;0;0
FR;6;2022-03-31;123;140;10;0;160;14;5;0;0;5924;1879;77;14;2741;291;37;0;0
FR;6;2022-04-01;195;150;11;2;178;23;3;0;0;6119;2029;88;16;2919;314;40;0;0
FR;6;2022-04-02;206;241;9;1;280;13;8;0;0;6325;2270;97;17;3199;327;48;0;0
FR;6;2022-04-03;17;21;0;0;26;1;0;0;0;6342;2291;97;17;3225;328;48;0;0
FR;6;2022-04-04;137;114;6;1;131;9;5;0;0;6479;2405;103;18;3356;337;53;0;0
FR;6;2022-04-05;146;88;15;1;105;11;8;0;0;6625;2493;118;19;3461;348;61;0;0
FR;6;2022-04-06;204;245;22;26;291;27;33;0;0;6829;2738;140;45;3752;375;94;0;0
FR;6;2022-04-07;127;96;15;9;115;17;14;0;0;6956;2834;155;54;3867;392;108;0;0
FR;6;2022-04-08;199;171;16;3;214;17;9;0;1;7155;3005;171;57;4081;409;117;0;1
FR;6;2022-04-09;145;139;6;12;171;13;4;0;0;7300;3144;177;69;4252;422;121;0;1
FR;6;2022-04-10;11;20;3;0;26;1;3;0;0;7311;3164;180;69;4278;423;124;0;1
FR;6;2022-04-11;101;106;4;0;129;5;3;0;0;7412;3270;184;69;4407;428;127;0;1
FR;6;2022-04-12;136;75;5;8;114;10;10;0;0;7548;3345;189;77;4521;438;137;0;1
FR;6;2022-04-13;162;175;7;5;208;13;8;0;0;7710;3520;196;82;4729;451;145;0;1
FR;6;2022-04-14;100;103;5;10;121;8;10;0;0;7810;3623;201;92;4850;459;155;0;1
FR;6;2022-04-15;158;149;11;7;167;19;14;0;1;7968;3772;212;99;5017;478;169;0;2
FR;6;2022-04-16;127;132;5;0;162;14;2;0;0;8095;3904;217;99;5179;492;171;0;2
FR;6;2022-04-17;8;9;4;0;10;4;0;0;0;8103;3913;221;99;5189;496;171;0;2
FR;6;2022-04-18;8;15;3;0;14;4;0;0;0;8111;3928;224;99;5203;500;171;0;2
FR;6;2022-04-19;97;112;4;3;130;3;7;0;0;8208;4040;228;102;5333;503;178;0;2
FR;6;2022-04-20;177;227;8;7;269;15;3;0;0;8385;4267;236;109;5602;518;181;0;2
FR;6;2022-04-21;111;93;8;4;110;11;7;0;0;8496;4360;244;113;5712;529;188;0;2
FR;6;2022-04-22;139;160;13;12;189;13;13;0;0;8635;4520;257;125;5901;542;201;0;2
FR;6;2022-04-23;106;129;1;1;161;7;1;0;0;8741;4649;258;126;6062;549;202;0;2
FR;6;2022-04-24;5;21;1;0;22;0;1;0;0;8746;4670;259;126;6084;549;203;0;2
FR;6;2022-04-25;90;128;3;8;150;11;9;0;0;8836;4798;262;134;6234;560;212;0;2
FR;6;2022-04-26;101;128;19;2;151;17;13;0;0;8937;4926;281;136;6385;577;225;0;2
FR;6;2022-04-27;197;159;21;1;222;27;11;0;1;9134;5085;302;137;6607;604;236;0;3
FR;6;2022-04-28;109;87;7;1;123;8;7;0;0;9243;5172;309;138;6730;612;243;0;3
FR;6;2022-04-29;191;169;16;2;215;20;6;0;0;9434;5341;325;140;6945;632;249;0;3
FR;6;2022-04-30;133;125;7;1;168;24;2;0;0;9567;5466;332;141;7113;656;251;0;3
FR;6;2022-05-01;7;6;0;0;8;0;0;0;0;9574;5472;332;141;7121;656;251;0;3
FR;6;2022-05-02;94;65;3;4;88;3;4;0;0;9668;5537;335;145;7209;659;255;0;3
FR;6;2022-05-03;136;93;11;2;125;7;9;0;0;9804;5630;346;147;7334;666;264;0;3
FR;6;2022-05-04;167;118;25;12;161;29;12;0;1;9971;5748;371;159;7495;695;276;0;4
FR;6;2022-05-05;101;70;8;3;97;12;6;0;0;10072;5818;379;162;7592;707;282;0;4
FR;6;2022-05-06;152;110;10;9;155;16;11;0;0;10224;5928;389;171;7747;723;293;0;4
FR;6;2022-05-07;139;93;13;3;136;23;8;0;0;10363;6021;402;174;7883;746;301;0;4
FR;6;2022-05-08;20;8;6;5;16;7;5;0;0;10383;6029;408;179;7899;753;306;0;4
FR;6;2022-05-09;86;78;9;7;95;13;6;0;0;10469;6107;417;186;7994;766;312;0;4
FR;6;2022-05-10;112;80;15;7;110;12;13;0;0;10581;6187;432;193;8104;778;325;0;4
FR;6;2022-05-11;130;124;11;14;163;20;6;0;0;10711;6311;443;207;8267;798;331;0;4
FR;6;2022-05-12;105;76;7;5;96;15;6;0;1;10816;6387;450;212;8363;813;337;0;5
FR;6;2022-05-13;155;97;17;21;137;22;16;0;0;10971;6484;467;233;8500;835;353;0;5
FR;6;2022-05-14;81;60;6;7;84;15;2;0;0;11052;6544;473;240;8584;850;355;0;5
FR;6;2022-05-15;12;7;0;0;14;0;0;0;0;11064;6551;473;240;8598;850;355;0;5
FR;6;2022-05-16;65;54;6;2;69;12;3;0;0;11129;6605;479;242;8667;862;358;0;5
FR;6;2022-05-17;123;77;5;7;92;11;8;0;0;11252;6682;484;249;8759;873;366;0;5
FR;6;2022-05-18;131;116;5;1;158;14;3;0;0;11383;6798;489;250;8917;887;369;0;5
FR;6;2022-05-19;124;57;6;8;96;9;8;0;0;11507;6855;495;258;9013;896;377;0;5
FR;6;2022-05-20;125;115;13;3;151;18;10;0;0;11632;6970;508;261;9164;914;387;0;5
FR;6;2022-05-21;92;69;14;3;93;12;8;0;0;11724;7039;522;264;9257;926;395;0;5
FR;6;2022-05-22;19;12;5;0;21;4;1;0;0;11743;7051;527;264;9278;930;396;0;5
FR;6;2022-05-23;77;72;4;2;90;7;2;0;0;11820;7123;531;266;9368;937;398;0;5
FR;6;2022-05-24;117;98;8;2;131;16;4;0;0;11937;7221;539;268;9499;953;402;0;5
FR;6;2022-05-25;140;129;6;3;171;11;6;0;0;12077;7350;545;271;9670;964;408;0;5
FR;6;2022-05-26;7;9;3;0;5;9;0;0;0;12084;7359;548;271;9675;973;408;0;5
FR;6;2022-05-27;127;105;15;11;136;18;18;0;1;12211;7464;563;282;9811;991;426;0;6
FR;6;2022-05-28;54;75;1;5;89;8;5;0;0;12265;7539;564;287;9900;999;431;0;6
FR;6;2022-05-29;8;10;0;0;10;1;0;0;0;12273;7549;564;287;9910;1000;431;0;6
FR;6;2022-05-30;70;70;7;4;86;4;9;0;0;12343;7619;571;291;9996;1004;440;0;6
FR;6;2022-05-31;87;102;10;2;121;14;7;0;0;12430;7721;581;293;10117;1018;447;0;6
FR;6;2022-06-01;97;89;10;1;111;11;6;0;0;12527;7810;591;294;10228;1029;453;0;6
FR;6;2022-06-02;91;60;6;3;80;9;6;0;0;12618;7870;597;297;10308;1038;459;0;6
FR;6;2022-06-03;126;102;13;7;128;21;8;0;0;12744;7972;610;304;10436;1059;467;0;6
FR;6;2022-06-04;63;51;10;0;64;12;3;0;0;12807;8023;620;304;10500;1071;470;0;6
FR;6;2022-06-05;16;15;2;1;18;4;1;0;0;12823;8038;622;305;10518;1075;471;0;6
FR;6;2022-06-06;9;6;0;0;8;0;0;0;0;12832;8044;622;305;10526;1075;471;0;6
FR;6;2022-06-07;79;90;3;4;117;8;6;0;0;12911;8134;625;309;10643;1083;477;0;6
FR;6;2022-06-08;92;110;13;5;130;20;6;0;0;13003;8244;638;314;10773;1103;483;0;6
FR;6;2022-06-09;75;81;15;3;106;15;8;0;0;13078;8325;653;317;10879;1118;491;0;6
FR;6;2022-06-10;116;93;26;10;120;22;13;0;0;13194;8418;679;327;10999;1140;504;0;6
FR;6;2022-06-11;83;62;6;10;82;12;11;0;0;13277;8480;685;337;11081;1152;515;0;6
FR;6;2022-06-12;6;14;1;0;16;2;0;0;0;13283;8494;686;337;11097;1154;515;0;6
FR;6;2022-06-13;74;59;18;1;68;7;4;0;0;13357;8553;704;338;11165;1161;519;0;6
FR;6;2022-06-14;98;100;8;5;116;16;8;0;0;13455;8653;712;343;11281;1177;527;0;6
FR;6;2022-06-15;80;86;7;8;114;15;10;0;0;13535;8739;719;351;11395;1192;537;0;6
FR;6;2022-06-16;53;40;11;7;45;14;6;0;0;13588;8779;730;358;11440;1206;543;0;6
FR;6;2022-06-17;86;85;3;13;109;11;5;0;0;13674;8864;733;371;11549;1217;548;0;6
FR;6;2022-06-18;71;62;13;0;88;21;1;0;0;13745;8926;746;371;11637;1238;549;0;6
FR;6;2022-06-19;6;6;3;0;7;4;1;0;0;13751;8932;749;371;11644;1242;550;0;6
FR;6;2022-06-20;42;41;4;1;55;6;1;0;0;13793;8973;753;372;11699;1248;551;0;6
FR;6;2022-06-21;59;73;10;7;83;17;7;0;0;13852;9046;763;379;11782;1265;558;0;6
FR;6;2022-06-22;86;85;8;2;98;17;3;0;0;13938;9131;771;381;11880;1282;561;0;6
FR;6;2022-06-23;64;39;13;7;41;15;10;0;0;14002;9170;784;388;11921;1297;571;0;6
FR;6;2022-06-24;77;85;7;14;95;20;16;0;0;14079;9255;791;402;12016;1317;587;0;6
FR;6;2022-06-25;67;61;4;3;77;8;5;0;0;14146;9316;795;405;12093;1325;592;0;6
FR;6;2022-06-26;6;7;1;0;10;1;0;0;0;14152;9323;796;405;12103;1326;592;0;6
FR;6;2022-06-27;51;50;4;9;62;12;7;0;0;14203;9373;800;414;12165;1338;599;0;6
FR;6;2022-06-28;68;47;6;3;53;15;5;0;0;14271;9420;806;417;12218;1353;604;0;6
FR;6;2022-06-29;98;117;26;37;115;19;35;0;5;14369;9537;832;454;12333;1372;639;0;11
FR;6;2022-06-30;84;60;33;10;61;12;7;0;0;14453;9597;865;464;12394;1384;646;0;11
FR;6;2022-07-01;115;94;25;33;102;18;27;0;1;14568;9691;890;497;12496;1402;673;0;12
FR;6;2022-07-02;58;67;26;2;64;37;6;0;0;14626;9758;916;499;12560;1439;679;0;12
FR;6;2022-07-03;11;4;4;3;5;4;3;0;0;14637;9762;920;502;12565;1443;682;0;12
FR;6;2022-07-04;61;43;3;23;55;13;20;0;0;14698;9805;923;525;12620;1456;702;0;12
FR;6;2022-07-05;65;53;19;67;60;27;63;0;0;14763;9858;942;592;12680;1483;765;0;12
FR;6;2022-07-06;94;64;7;11;78;12;17;0;0;14857;9922;949;603;12758;1495;782;0;12
FR;6;2022-07-07;99;79;42;37;99;14;34;0;4;14956;10001;991;640;12857;1509;816;0;16
FR;6;2022-07-08;139;87;42;27;115;10;25;0;3;15095;10088;1033;667;12972;1519;841;0;19
FR;6;2022-07-09;53;51;16;29;51;27;33;0;1;15148;10139;1049;696;13023;1546;874;0;20
FR;6;2022-07-10;3;7;8;0;9;9;0;0;0;15151;10146;1057;696;13032;1555;874;0;20
FR;6;2022-07-11;54;44;5;4;47;12;4;0;0;15205;10190;1062;700;13079;1567;878;0;20
FR;6;2022-07-12;70;72;12;23;87;12;27;0;0;15275;10262;1074;723;13166;1579;905;0;20
FR;6;2022-07-13;84;65;14;21;71;25;22;0;0;15359;10327;1088;744;13237;1604;927;0;20
FR;6;2022-07-14;4;3;1;0;4;1;0;0;0;15363;10330;1089;744;13241;1605;927;0;20
FR;6;2022-07-15;74;59;9;57;85;16;45;0;0;15437;10389;1098;801;13326;1621;972;0;20
FR;6;2022-07-16;27;31;17;0;37;17;3;0;0;15464;10420;1115;801;13363;1638;975;0;20
FR;6;2022-07-17;3;7;0;0;8;0;0;0;0;15467;10427;1115;801;13371;1638;975;0;20
FR;6;2022-07-18;37;62;11;14;60;15;14;0;6;15504;10489;1126;815;13431;1653;989;0;26
FR;6;2022-07-19;54;48;4;19;60;6;21;0;1;15558;10537;1130;834;13491;1659;1010;0;27
FR;6;2022-07-20;53;70;7;22;75;11;27;0;0;15611;10607;1137;856;13566;1670;1037;0;27
FR;6;2022-07-21;51;61;4;7;56;11;9;0;0;15662;10668;1141;863;13622;1681;1046;0;27
FR;6;2022-07-22;55;74;7;26;82;8;16;0;2;15717;10742;1148;889;13704;1689;1062;0;29
FR;6;2022-07-23;38;40;6;10;40;6;9;0;1;15755;10782;1154;899;13744;1695;1071;0;30
FR;6;2022-07-24;11;14;1;3;19;3;3;0;0;15766;10796;1155;902;13763;1698;1074;0;30
FR;6;2022-07-25;60;44;8;12;41;9;13;0;1;15826;10840;1163;914;13804;1707;1087;0;31
FR;6;2022-07-26;47;64;14;6;62;10;13;0;0;15873;10904;1177;920;13866;1717;1100;0;31
FR;6;2022-07-27;54;78;15;11;80;18;15;0;8;15927;10982;1192;931;13946;1735;1115;0;39
FR;6;2022-07-28;30;48;4;6;50;8;7;0;1;15957;11030;1196;937;13996;1743;1122;0;40
FR;6;2022-07-29;43;71;10;38;60;24;36;0;1;16000;11101;1206;975;14056;1767;1158;0;41
FR;6;2022-07-30;26;48;4;15;49;7;15;0;0;16026;11149;1210;990;14105;1774;1173;0;41
FR;6;2022-07-31;0;1;1;0;1;0;1;0;0;16026;11150;1211;990;14106;1774;1174;0;41
FR;6;2022-08-01;39;36;14;8;32;10;6;0;1;16065;11186;1225;998;14138;1784;1180;0;42
FR;6;2022-08-02;37;46;10;14;52;6;16;0;0;16102;11232;1235;1012;14190;1790;1196;0;42
FR;6;2022-08-03;29;52;7;16;53;11;19;0;0;16131;11284;1242;1028;14243;1801;1215;0;42
FR;6;2022-08-04;25;21;4;9;20;6;10;0;1;16156;11305;1246;1037;14263;1807;1225;0;43
FR;6;2022-08-05;43;45;1;7;54;5;7;0;0;16199;11350;1247;1044;14317;1812;1232;0;43
FR;6;2022-08-06;17;27;1;3;33;2;4;0;0;16216;11377;1248;1047;14350;1814;1236;0;43
FR;6;2022-08-07;1;2;0;0;2;0;0;0;0;16217;11379;1248;1047;14352;1814;1236;0;43
FR;6;2022-08-08;24;33;1;0;40;1;0;0;0;16241;11412;1249;1047;14392;1815;1236;0;43
FR;6;2022-08-09;22;30;6;3;29;3;3;0;0;16263;11442;1255;1050;14421;1818;1239;0;43
FR;6;2022-08-10;32;36;5;9;38;5;9;0;5;16295;11478;1260;1059;14459;1823;1248;0;48
FR;6;2022-08-11;32;33;1;1;40;1;0;0;1;16327;11511;1261;1060;14499;1824;1248;0;49
FR;6;2022-08-12;50;44;6;2;50;15;3;0;1;16377;11555;1267;1062;14549;1839;1251;0;50
FR;6;2022-08-13;9;20;0;0;22;1;0;0;0;16386;11575;1267;1062;14571;1840;1251;0;50
FR;6;2022-08-14;3;1;0;0;2;0;0;0;0;16389;11576;1267;1062;14573;1840;1251;0;50
FR;6;2022-08-15;2;3;1;0;4;0;1;0;0;16391;11579;1268;1062;14577;1840;1252;0;50
FR;6;2022-08-16;35;66;21;7;66;7;2;0;0;16426;11645;1289;1069;14643;1847;1254;0;50
FR;6;2022-08-17;32;44;10;9;41;10;6;0;7;16458;11689;1299;1078;14684;1857;1260;0;57
FR;6;2022-08-18;29;55;14;4;61;4;0;0;1;16487;11744;1313;1082;14745;1861;1260;0;58
FR;6;2022-08-19;30;45;5;4;47;3;2;0;1;16517;11789;1318;1086;14792;1864;1262;0;59
FR;6;2022-08-20;26;28;3;0;27;8;1;0;0;16543;11817;1321;1086;14819;1872;1263;0;59
FR;6;2022-08-21;1;5;2;0;5;0;0;0;0;16544;11822;1323;1086;14824;1872;1263;0;59
FR;6;2022-08-22;20;42;15;1;45;0;0;0;0;16564;11864;1338;1087;14869;1872;1263;0;59
FR;6;2022-08-23;34;45;6;7;47;6;4;0;2;16598;11909;1344;1094;14916;1878;1267;0;61
FR;6;2022-08-24;34;30;6;3;36;6;2;0;3;16632;11939;1350;1097;14952;1884;1269;0;64
FR;6;2022-08-25;25;27;1;1;29;5;1;0;0;16657;11966;1351;1098;14981;1889;1270;0;64
FR;6;2022-08-26;38;44;4;4;51;7;7;0;0;16695;12010;1355;1102;15032;1896;1277;0;64
FR;6;2022-08-27;19;21;7;3;22;8;4;0;0;16714;12031;1362;1105;15054;1904;1281;0;64
FR;6;2022-08-28;6;3;0;6;3;1;1;0;4;16720;12034;1362;1111;15057;1905;1282;0;68
FR;6;2022-08-29;26;22;2;6;29;3;6;0;0;16746;12056;1364;1117;15086;1908;1288;0;68
FR;6;2022-08-30;28;35;4;12;33;8;13;0;0;16774;12091;1368;1129;15119;1916;1301;0;68
FR;6;2022-08-31;35;38;2;11;46;3;12;0;0;16809;12129;1370;1140;15165;1919;1313;0;68
FR;6;2022-09-01;17;11;5;1;13;4;3;0;0;16826;12140;1375;1141;15178;1923;1316;0;68
FR;6;2022-09-02;19;14;2;1;13;3;2;0;0;16845;12154;1377;1142;15191;1926;1318;0;68
FR;6;2022-09-03;10;3;1;5;4;2;5;0;0;16855;12157;1378;1147;15195;1928;1323;0;68
FR;6;2022-09-04;4;1;0;0;1;0;0;0;0;16859;12158;1378;1147;15196;1928;1323;0;68
FR;6;2022-09-05;8;7;0;0;10;0;0;0;0;16867;12165;1378;1147;15206;1928;1323;0;68
FR;6;2022-09-06;7;9;7;12;8;6;15;0;0;16874;12174;1385;1159;15214;1934;1338;0;68
FR;6;2022-09-07;3;8;1;0;8;1;0;0;0;16877;12182;1386;1159;15222;1935;1338;0;68
FR;6;2022-09-08;6;4;0;2;3;1;2;0;0;16883;12186;1386;1161;15225;1936;1340;0;68
FR;6;2022-09-09;7;9;2;7;9;3;8;0;0;16890;12195;1388;1168;15234;1939;1348;0;68
FR;6;2022-09-10;3;4;1;0;3;1;1;0;0;16893;12199;1389;1168;15237;1940;1349;0;68
FR;6;2022-09-11;1;3;0;0;3;0;0;0;0;16894;12202;1389;1168;15240;1940;1349;0;68
FR;6;2022-09-12;10;4;1;0;3;3;0;0;0;16904;12206;1390;1168;15243;1943;1349;0;68
FR;6;2022-09-13;7;2;3;0;2;2;2;0;0;16911;12208;1393;1168;15245;1945;1351;0;68
FR;6;2022-09-14;9;8;2;0;7;4;0;0;0;16920;12216;1395;1168;15252;1949;1351;0;68
FR;6;2022-09-15;8;13;5;5;9;9;3;0;2;16928;12229;1400;1173;15261;1958;1354;0;70
FR;6;2022-09-16;25;39;1;1;47;4;1;0;2;16953;12268;1401;1174;15308;1962;1355;0;72
FR;6;2022-09-17;24;22;0;6;24;5;3;0;2;16977;12290;1401;1180;15332;1967;1358;0;74
FR;6;2022-09-18;5;4;0;0;4;1;0;0;0;16982;12294;1401;1180;15336;1968;1358;0;74
FR;6;2022-09-19;30;30;2;1;32;5;1;0;0;17012;12324;1403;1181;15368;1973;1359;0;74
FR;6;2022-09-20;34;25;1;4;30;6;2;0;1;17046;12349;1404;1185;15398;1979;1361;0;75
FR;6;2022-09-21;21;9;3;3;7;7;5;0;3;17067;12358;1407;1188;15405;1986;1366;0;78
FR;6;2022-09-22;19;28;1;22;32;3;21;0;1;17086;12386;1408;1210;15437;1989;1387;0;79
FR;6;2022-09-23;28;41;5;9;47;9;2;0;0;17114;12427;1413;1219;15484;1998;1389;0;79
FR;6;2022-09-24;16;16;4;2;21;6;2;0;0;17130;12443;1417;1221;15505;2004;1391;0;79
FR;6;2022-09-25;3;14;0;0;14;1;0;0;0;17133;12457;1417;1221;15519;2005;1391;0;79
FR;6;2022-09-26;16;13;0;18;12;5;18;0;2;17149;12470;1417;1239;15531;2010;1409;0;81
FR;6;2022-09-27;32;19;2;3;23;4;4;0;0;17181;12489;1419;1242;15554;2014;1413;0;81
FR;6;2022-09-28;27;10;9;11;16;5;17;0;2;17208;12499;1428;1253;15570;2019;1430;0;83
FR;6;2022-09-29;13;13;10;34;16;6;33;0;7;17221;12512;1438;1287;15586;2025;1463;0;90
FR;6;2022-09-30;34;24;5;6;33;5;3;0;0;17255;12536;1443;1293;15619;2030;1466;0;90
FR;6;2022-10-01;17;12;5;8;9;8;8;0;2;17272;12548;1448;1301;15628;2038;1474;0;92
FR;6;2022-10-02;4;0;0;0;1;0;0;0;0;17276;12548;1448;1301;15629;2038;1474;0;92
FR;6;2022-10-03;11;10;3;5;11;4;6;0;0;17287;12558;1451;1306;15640;2042;1480;0;92
FR;6;2022-10-04;19;17;4;28;21;3;30;0;3;17306;12575;1455;1334;15661;2045;1510;0;95
FR;6;2022-10-05;11;12;3;2;9;7;4;0;0;17317;12587;1458;1336;15670;2052;1514;0;95
FR;6;2022-10-06;19;13;4;6;17;2;10;0;0;17336;12600;1462;1342;15687;2054;1524;0;95
FR;6;2022-10-07;27;26;5;24;24;11;16;0;5;17363;12626;1467;1366;15711;2065;1540;0;100
FR;6;2022-10-08;18;13;0;0;16;0;0;0;0;17381;12639;1467;1366;15727;2065;1540;0;100
FR;6;2022-10-09;7;3;4;27;3;4;30;0;6;17388;12642;1471;1393;15730;2069;1570;0;106
FR;6;2022-10-10;15;14;1;16;16;6;13;0;0;17403;12656;1472;1409;15746;2075;1583;0;106
FR;6;2022-10-11;21;23;3;11;22;8;13;0;3;17424;12679;1475;1420;15768;2083;1596;0;109
FR;6;2022-10-12;20;16;7;19;18;3;24;0;7;17444;12695;1482;1439;15786;2086;1620;0;116
FR;6;2022-10-13;28;15;2;36;23;0;38;0;6;17472;12710;1484;1475;15809;2086;1658;0;122
FR;6;2022-10-14;29;23;5;49;23;11;45;0;13;17501;12733;1489;1524;15832;2097;1703;0;135
FR;6;2022-10-15;13;9;0;22;8;4;21;0;6;17514;12742;1489;1546;15840;2101;1724;0;141
FR;6;2022-10-16;4;5;0;6;2;3;6;0;0;17518;12747;1489;1552;15842;2104;1730;0;141
FR;6;2022-10-17;14;14;2;10;14;1;12;0;2;17532;12761;1491;1562;15856;2105;1742;0;143
FR;6;2022-10-18;12;19;9;26;19;4;18;0;11;17544;12780;1500;1588;15875;2109;1760;0;154
FR;6;2022-10-19;10;20;6;16;20;5;19;0;5;17554;12800;1506;1604;15895;2114;1779;0;159
FR;6;2022-10-20;16;15;12;57;18;5;67;0;13;17570;12815;1518;1661;15913;2119;1846;0;172
FR;6;2022-10-21;16;21;9;34;22;11;37;0;10;17586;12836;1527;1695;15935;2130;1883;0;182
FR;6;2022-10-22;19;14;1;4;17;3;4;0;0;17605;12850;1528;1699;15952;2133;1887;0;182
FR;6;2022-10-23;3;3;1;0;4;0;1;0;0;17608;12853;1529;1699;15956;2133;1888;0;182
FR;6;2022-10-24;12;14;2;7;14;6;5;0;2;17620;12867;1531;1706;15970;2139;1893;0;184
FR;6;2022-10-25;20;13;6;17;16;7;19;0;4;17640;12880;1537;1723;15986;2146;1912;0;188
FR;6;2022-10-26;17;9;4;13;12;4;15;0;5;17657;12889;1541;1736;15998;2150;1927;0;193
FR;6;2022-10-27;20;7;8;37;10;6;36;0;14;17677;12896;1549;1773;16008;2156;1963;0;207
FR;6;2022-10-28;21;27;3;4;28;6;5;0;1;17698;12923;1552;1777;16036;2162;1968;0;208
FR;6;2022-10-29;7;11;5;11;10;6;14;0;12;17705;12934;1557;1788;16046;2168;1982;0;220
FR;6;2022-10-30;2;5;0;0;5;0;0;0;0;17707;12939;1557;1788;16051;2168;1982;0;220
FR;6;2022-10-31;20;14;2;13;17;4;12;0;3;17727;12953;1559;1801;16068;2172;1994;0;223
FR;6;2022-11-01;2;1;1;0;1;1;0;0;0;17729;12954;1560;1801;16069;2173;1994;0;223
FR;6;2022-11-02;15;25;9;21;26;11;19;0;12;17744;12979;1569;1822;16095;2184;2013;0;235
FR;6;2022-11-03;17;17;11;39;20;8;43;0;9;17761;12996;1580;1861;16115;2192;2056;0;244
FR;6;2022-11-04;19;22;9;16;27;5;16;0;10;17780;13018;1589;1877;16142;2197;2072;0;254
FR;6;2022-11-05;9;16;2;4;17;4;6;0;0;17789;13034;1591;1881;16159;2201;2078;0;254
FR;6;2022-11-06;5;1;0;0;1;0;0;0;0;17794;13035;1591;1881;16160;2201;2078;0;254
FR;6;2022-11-07;18;10;6;17;12;4;18;0;11;17812;13045;1597;1898;16172;2205;2096;0;265
FR;6;2022-11-08;18;10;2;3;8;5;5;0;4;17830;13055;1599;1901;16180;2210;2101;0;269
FR;6;2022-11-09;16;22;1;6;21;4;5;0;4;17846;13077;1600;1907;16201;2214;2106;0;273
FR;6;2022-11-10;10;10;4;12;8;5;11;0;10;17856;13087;1604;1919;16209;2219;2117;0;283
FR;6;2022-11-11;4;1;0;0;1;1;0;0;0;17860;13088;1604;1919;16210;2220;2117;0;283
FR;6;2022-11-12;4;11;1;7;11;2;5;0;9;17864;13099;1605;1926;16221;2222;2122;0;292
FR;6;2022-11-13;1;1;0;1;1;0;1;0;0;17865;13100;1605;1927;16222;2222;2123;0;292
FR;6;2022-11-14;13;10;7;32;14;8;33;0;14;17878;13110;1612;1959;16236;2230;2156;0;306
FR;6;2022-11-15;7;18;1;11;16;4;7;0;2;17885;13128;1613;1970;16252;2234;2163;0;308
FR;6;2022-11-16;16;15;9;32;17;3;42;0;9;17901;13143;1622;2002;16269;2237;2205;0;317
FR;6;2022-11-17;10;8;1;29;8;2;28;0;5;17911;13151;1623;2031;16277;2239;2233;0;322
FR;6;2022-11-18;19;12;5;23;17;4;25;0;7;17930;13163;1628;2054;16294;2243;2258;0;329
FR;6;2022-11-19;5;13;0;2;11;3;2;0;1;17935;13176;1628;2056;16305;2246;2260;0;330
FR;6;2022-11-20;2;1;2;0;1;2;0;0;0;17937;13177;1630;2056;16306;2248;2260;0;330
FR;6;2022-11-21;22;13;1;14;14;6;11;0;3;17959;13190;1631;2070;16320;2254;2271;0;333
FR;6;2022-11-22;14;9;0;4;11;1;3;0;1;17973;13199;1631;2074;16331;2255;2274;0;334
FR;6;2022-11-23;14;15;15;23;17;9;31;0;8;17987;13214;1646;2097;16348;2264;2305;0;342
FR;6;2022-11-24;14;17;1;13;19;5;12;0;7;18001;13231;1647;2110;16367;2269;2317;0;349
FR;6;2022-11-25;23;15;5;50;15;5;47;0;5;18024;13246;1652;2160;16382;2274;2364;0;354
FR;6;2022-11-26;9;5;2;4;3;2;5;0;1;18033;13251;1654;2164;16385;2276;2369;0;355
FR;6;2022-11-27;1;4;0;0;4;0;0;0;0;18034;13255;1654;2164;16389;2276;2369;0;355
FR;6;2022-11-28;9;11;6;22;11;3;24;0;11;18043;13266;1660;2186;16400;2279;2393;0;366
FR;6;2022-11-29;15;10;1;12;14;1;8;0;7;18058;13276;1661;2198;16414;2280;2401;0;373
FR;6;2022-11-30;18;20;8;23;19;12;22;0;8;18076;13296;1669;2221;16433;2292;2423;0;381
FR;6;2022-12-01;12;9;7;20;11;4;24;0;9;18088;13305;1676;2241;16444;2296;2447;0;390
FR;6;2022-12-02;17;9;12;36;12;8;42;0;1;18105;13314;1688;2277;16456;2304;2489;0;391
FR;6;2022-12-03;13;3;13;20;6;5;28;0;13;18118;13317;1701;2297;16462;2309;2517;0;404
FR;6;2022-12-04;3;1;0;2;1;0;2;0;0;18121;13318;1701;2299;16463;2309;2519;0;404
FR;6;2022-12-05;11;10;7;16;10;4;19;0;8;18132;13328;1708;2315;16473;2313;2538;0;412
FR;6;2022-12-06;10;19;3;30;12;11;28;0;3;18142;13347;1711;2345;16485;2324;2566;0;415
FR;6;2022-12-07;17;8;10;56;10;8;57;0;30;18159;13355;1721;2401;16495;2332;2623;0;445
FR;6;2022-12-08;9;13;8;19;11;7;21;0;13;18168;13368;1729;2420;16506;2339;2644;0;458
FR;6;2022-12-09;15;9;5;29;12;4;30;0;6;18183;13377;1734;2449;16518;2343;2674;0;464
FR;6;2022-12-10;12;9;6;9;7;4;14;0;7;18195;13386;1740;2458;16525;2347;2688;0;471
FR;6;2022-12-11;4;2;1;0;2;1;0;0;0;18199;13388;1741;2458;16527;2348;2688;0;471
FR;6;2022-12-12;17;10;8;36;14;9;33;0;17;18216;13398;1749;2494;16541;2357;2721;0;488
FR;6;2022-12-13;17;21;12;66;16;18;65;0;14;18233;13419;1761;2560;16557;2375;2786;0;502
FR;6;2022-12-14;14;13;8;53;11;12;53;0;14;18247;13432;1769;2613;16568;2387;2839;0;516
FR;6;2022-12-15;12;15;14;38;13;9;44;0;9;18259;13447;1783;2651;16581;2396;2883;0;525
FR;6;2022-12-16;18;14;15;39;15;14;39;0;13;18277;13461;1798;2690;16596;2410;2922;0;538
FR;6;2022-12-17;11;10;15;28;9;15;29;0;8;18288;13471;1813;2718;16605;2425;2951;0;546
FR;6;2022-12-18;7;4;0;2;5;0;2;0;0;18295;13475;1813;2720;16610;2425;2953;0;546
FR;6;2022-12-19;12;8;9;29;8;12;29;0;15;18307;13483;1822;2749;16618;2437;2982;0;561
FR;6;2022-12-20;17;23;11;23;17;19;22;0;21;18324;13506;1833;2772;16635;2456;3004;0;582
FR;6;2022-12-21;23;16;9;19;13;13;17;0;5;18347;13522;1842;2791;16648;2469;3021;0;587
FR;6;2022-12-22;13;14;9;21;15;13;18;0;11;18360;13536;1851;2812;16663;2482;3039;0;598
FR;6;2022-12-23;10;19;12;7;14;18;7;0;3;18370;13555;1863;2819;16677;2500;3046;0;601
FR;6;2022-12-24;4;5;3;1;5;2;2;0;1;18374;13560;1866;2820;16682;2502;3048;0;602
FR;6;2022-12-25;0;0;0;0;0;0;0;0;0;18374;13560;1866;2820;16682;2502;3048;0;602
FR;6;2022-12-26;8;12;12;11;10;18;11;0;3;18382;13572;1878;2831;16692;2520;3059;0;605
FR;6;2022-12-27;16;13;15;8;11;19;8;0;0;18398;13585;1893;2839;16703;2539;3067;0;605
FR;6;2022-12-28;15;19;6;8;19;9;9;0;4;18413;13604;1899;2847;16722;2548;3076;0;609
FR;6;2022-12-29;15;12;7;8;10;9;9;0;7;18428;13616;1906;2855;16732;2557;3085;0;616
FR;6;2022-12-30;20;19;13;8;20;13;11;0;4;18448;13635;1919;2863;16752;2570;3096;0;620
FR;6;2022-12-31;5;2;6;1;4;7;1;0;1;18453;13637;1925;2864;16756;2577;3097;0;621
FR;6;2023-01-01;2;1;0;3;0;3;0;0;1;18455;13638;1925;2867;16756;2580;3097;0;622
FR;6;2023-01-02;9;14;2;3;10;7;3;0;0;18464;13652;1927;2870;16766;2587;3100;0;622
FR;6;2023-01-03;8;17;9;21;17;9;21;0;7;18472;13669;1936;2891;16783;2596;3121;0;629
FR;6;2023-01-04;9;10;4;10;9;8;6;0;14;18481;13679;1940;2901;16792;2604;3127;0;643
FR;6;2023-01-05;11;11;6;23;10;3;26;0;8;18492;13690;1946;2924;16802;2607;3153;0;651
FR;6;2023-01-06;16;24;15;30;21;17;29;0;15;18508;13714;1961;2954;16823;2624;3182;0;666
FR;6;2023-01-07;9;19;4;1;10;13;3;0;1;18517;13733;1965;2955;16833;2637;3185;0;667
FR;6;2023-01-08;2;7;4;11;6;4;11;0;3;18519;13740;1969;2966;16839;2641;3196;0;670
FR;6;2023-01-09;16;10;5;35;8;8;34;0;17;18535;13750;1974;3001;16847;2649;3230;0;687
FR;6;2023-01-10;13;15;13;23;13;10;26;0;9;18548;13765;1987;3024;16860;2659;3256;0;696
FR;6;2023-01-11;15;14;5;16;18;6;14;0;12;18563;13779;1992;3040;16878;2665;3270;0;708
FR;6;2023-01-12;7;13;2;5;10;3;5;0;12;18570;13792;1994;3045;16888;2668;3275;0;720
FR;6;2023-01-13;19;14;18;43;14;20;43;0;31;18589;13806;2012;3088;16902;2688;3318;0;751
FR;6;2023-01-14;20;8;6;2;9;9;2;0;0;18609;13814;2018;3090;16911;2697;3320;0;751
FR;6;2023-01-15;0;0;1;3;0;1;3;0;0;18609;13814;2019;3093;16911;2698;3323;0;751
FR;6;2023-01-16;22;12;2;1;10;6;3;0;2;18631;13826;2021;3094;16921;2704;3326;0;753
FR;6;2023-01-17;8;17;12;8;17;11;14;0;5;18639;13843;2033;3102;16938;2715;3340;0;758
FR;6;2023-01-18;22;15;9;7;17;10;8;0;1;18661;13858;2042;3109;16955;2725;3348;0;759
FR;6;2023-01-19;9;9;14;9;11;12;13;0;7;18670;13867;2056;3118;16966;2737;3361;0;766
FR;6;2023-01-20;17;13;9;32;15;7;34;0;27;18687;13880;2065;3150;16981;2744;3395;0;793
FR;6;2023-01-21;12;7;5;2;6;8;3;0;1;18699;13887;2070;3152;16987;2752;3398;0;794
FR;6;2023-01-22;0;0;1;1;0;1;1;0;0;18699;13887;2071;3153;16987;2753;3399;0;794
FR;6;2023-01-23;9;9;5;11;8;5;11;0;3;18708;13896;2076;3164;16995;2758;3410;0;797
FR;6;2023-01-24;14;15;15;13;15;14;18;0;6;18722;13911;2091;3177;17010;2772;3428;0;803
FR;6;2023-01-25;15;7;5;3;6;6;4;0;4;18737;13918;2096;3180;17016;2778;3432;0;807
FR;6;2023-01-26;13;15;3;11;12;8;13;0;9;18750;13933;2099;3191;17028;2786;3445;0;816
FR;6;2023-01-27;21;17;7;34;22;7;29;0;29;18771;13950;2106;3225;17050;2793;3474;0;845
FR;6;2023-01-28;15;15;7;4;17;6;5;0;1;18786;13965;2113;3229;17067;2799;3479;0;846
FR;6;2023-01-29;1;4;0;0;3;1;0;0;0;18787;13969;2113;3229;17070;2800;3479;0;846
FR;6;2023-01-30;2;15;8;4;15;8;3;0;8;18789;13984;2121;3233;17085;2808;3482;0;854
FR;6;2023-01-31;9;8;5;8;8;5;8;0;5;18798;13992;2126;3241;17093;2813;3490;0;859
FR;6;2023-02-01;20;18;4;4;17;4;8;0;4;18818;14010;2130;3245;17110;2817;3498;0;863
FR;6;2023-02-02;8;10;9;1;10;10;1;0;1;18826;14020;2139;3246;17120;2827;3499;0;864
FR;6;2023-02-03;16;15;11;18;16;11;19;0;13;18842;14035;2150;3264;17136;2838;3518;0;877
FR;6;2023-02-04;6;9;9;7;11;9;8;0;2;18848;14044;2159;3271;17147;2847;3526;0;879
FR;6;2023-02-05;0;0;0;4;0;0;4;0;0;18848;14044;2159;3275;17147;2847;3530;0;879
FR;6;2023-02-06;10;16;1;4;15;5;4;0;0;18858;14060;2160;3279;17162;2852;3534;0;879
FR;6;2023-02-07;8;9;4;8;9;7;7;0;3;18866;14069;2164;3287;17171;2859;3541;0;882
FR;6;2023-02-08;7;3;3;2;2;6;1;0;1;18873;14072;2167;3289;17173;2865;3542;0;883
FR;6;2023-02-09;6;11;1;6;8;8;2;0;2;18879;14083;2168;3295;17181;2873;3544;0;885
FR;6;2023-02-10;13;21;6;12;15;15;11;0;2;18892;14104;2174;3307;17196;2888;3555;0;887
FR;6;2023-02-11;12;8;7;4;9;3;9;0;5;18904;14112;2181;3311;17205;2891;3564;0;892
FR;6;2023-02-12;0;1;0;0;1;0;0;0;0;18904;14113;2181;3311;17206;2891;3564;0;892
FR;6;2023-02-13;5;6;0;0;6;1;0;0;0;18909;14119;2181;3311;17212;2892;3564;0;892
FR;6;2023-02-14;12;13;3;15;15;4;14;0;0;18921;14132;2184;3326;17227;2896;3578;0;892
FR;6;2023-02-15;8;11;3;2;11;2;2;0;4;18929;14143;2187;3328;17238;2898;3580;0;896
FR;6;2023-02-16;17;8;1;3;18;1;3;0;4;18946;14151;2188;3331;17256;2899;3583;0;900
FR;6;2023-02-17;9;15;3;9;12;8;9;0;5;18955;14166;2191;3340;17268;2907;3592;0;905
FR;6;2023-02-18;10;6;1;1;7;1;1;0;0;18965;14172;2192;3341;17275;2908;3593;0;905
FR;6;2023-02-19;0;0;0;0;0;0;0;0;0;18965;14172;2192;3341;17275;2908;3593;0;905
FR;6;2023-02-20;10;8;3;2;9;5;1;0;0;18975;14180;2195;3343;17284;2913;3594;0;905
FR;6;2023-02-21;9;8;8;5;6;7;8;0;1;18984;14188;2203;3348;17290;2920;3602;0;906
FR;6;2023-02-22;4;13;1;3;13;3;3;0;5;18988;14201;2204;3351;17303;2923;3605;0;911
FR;6;2023-02-23;7;11;6;2;10;6;4;0;1;18995;14212;2210;3353;17313;2929;3609;0;912
FR;6;2023-02-24;9;13;5;21;14;5;19;0;15;19004;14225;2215;3374;17327;2934;3628;0;927
FR;6;2023-02-25;4;5;1;1;6;1;1;0;0;19008;14230;2216;3375;17333;2935;3629;0;927
FR;6;2023-02-26;0;1;0;0;0;1;0;0;0;19008;14231;2216;3375;17333;2936;3629;0;927
FR;6;2023-02-27;10;8;3;1;3;9;0;0;2;19018;14239;2219;3376;17336;2945;3629;0;929
FR;6;2023-02-28;3;8;4;4;9;3;6;0;0;19021;14247;2223;3380;17345;2948;3635;0;929
FR;6;2023-03-01;6;10;3;2;10;4;2;0;0;19027;14257;2226;3382;17355;2952;3637;0;929
FR;6;2023-03-02;8;7;1;3;7;3;2;0;5;19035;14264;2227;3385;17362;2955;3639;0;934
FR;6;2023-03-03;14;12;5;7;11;9;6;0;7;19049;14276;2232;3392;17373;2964;3645;0;941
FR;6;2023-03-04;8;14;1;0;13;3;0;0;0;19057;14290;2233;3392;17386;2967;3645;0;941
FR;6;2023-03-05;4;0;0;0;0;0;0;0;0;19061;14290;2233;3392;17386;2967;3645;0;941
FR;6;2023-03-06;8;12;0;1;11;2;0;0;1;19069;14302;2233;3393;17397;2969;3645;0;942
FR;6;2023-03-07;4;5;0;1;4;2;0;0;5;19073;14307;2233;3394;17401;2971;3645;0;947
FR;6;2023-03-08;3;7;2;0;7;2;0;0;0;19076;14314;2235;3394;17408;2973;3645;0;947
FR;6;2023-03-09;7;6;0;1;6;2;1;0;0;19083;14320;2235;3395;17414;2975;3646;0;947
FR;6;2023-03-10;9;9;2;9;9;2;9;0;9;19092;14329;2237;3404;17423;2977;3655;0;956
FR;6;2023-03-11;13;12;2;0;12;2;2;0;0;19105;14341;2239;3404;17435;2979;3657;0;956
FR;6;2023-03-12;2;0;0;0;1;0;0;0;0;19107;14341;2239;3404;17436;2979;3657;0;956
FR;6;2023-03-13;7;12;4;1;13;2;1;0;2;19114;14353;2243;3405;17449;2981;3658;0;958
FR;6;2023-03-14;5;12;2;0;8;6;0;0;0;19119;14365;2245;3405;17457;2987;3658;0;958
FR;6;2023-03-15;6;4;2;3;5;3;3;0;1;19125;14369;2247;3408;17462;2990;3661;0;959
FR;6;2023-03-16;9;5;2;0;5;3;0;0;0;19134;14374;2249;3408;17467;2993;3661;0;959
FR;6;2023-03-17;10;12;5;5;8;8;5;0;3;19144;14386;2254;3413;17475;3001;3666;0;962
FR;6;2023-03-18;6;2;2;0;3;2;0;0;0;19150;14388;2256;3413;17478;3003;3666;0;962
FR;6;2023-03-19;0;0;1;0;0;0;0;0;0;19150;14388;2257;3413;17478;3003;3666;0;962
FR;6;2023-03-20;2;6;3;7;5;4;5;0;4;19152;14394;2260;3420;17483;3007;3671;0;966
FR;6;2023-03-21;1;1;5;2;1;3;4;0;0;19153;14395;2265;3422;17484;3010;3675;0;966
FR;6;2023-03-22;1;4;2;0;4;2;0;0;3;19154;14399;2267;3422;17488;3012;3675;0;969
FR;8;2020-12-27;0;0;0;0;0;0;0;0;0;0;0;0;0;0;0;0;0;0
FR;8;2020-12-28;0;0;0;0;0;0;0;0;0;0;0;0;0;0;0;0;0;0
FR;8;2020-12-29;0;0;0;0;0;0;0;0;0;0;0;0;0;0;0;0;0;0
FR;8;2020-12-30;0;0;0;0;0;0;0;0;0;0;0;0;0;0;0;0;0;0
FR;8;2020-12-31;0;0;0;0;0;0;0;0;0;0;0;0;0;0;0;0;0;0
FR;8;2021-01-01;0;0;0;0;0;0;0;0;0;0;0;0;0;0;0;0;0;0
FR;8;2021-01-02;0;0;0;0;0;0;0;0;0;0;0;0;0;0;0;0;0;0
FR;8;2021-01-03;0;0;0;0;0;0;0;0;0;0;0;0;0;0;0;0;0;0
FR;8;2021-01-04;0;0;0;0;0;0;0;0;0;0;0;0;0;0;0;0;0;0
FR;8;2021-01-05;0;0;0;0;0;0;0;0;0;0;0;0;0;0;0;0;0;0
FR;8;2021-01-06;0;0;0;0;0;0;0;0;0;0;0;0;0;0;0;0;0;0
FR;8;2021-01-07;0;0;0;0;0;0;0;0;0;0;0;0;0;0;0;0;0;0
FR;8;2021-01-08;0;0;0;0;0;0;0;0;0;0;0;0;0;0;0;0;0;0
FR;8;2021-01-09;0;0;0;0;0;0;0;0;0;0;0;0;0;0;0;0;0;0
FR;8;2021-01-10;0;0;0;0;0;0;0;0;0;0;0;0;0;0;0;0;0;0
FR;8;2021-01-11;0;0;0;0;0;0;0;0;0;0;0;0;0;0;0;0;0;0
FR;8;2021-01-12;0;0;0;0;0;0;0;0;0;0;0;0;0;0;0;0;0;0
FR;8;2021-01-13;0;0;0;0;0;0;0;0;0;0;0;0;0;0;0;0;0;0
FR;8;2021-01-14;0;0;0;0;0;0;0;0;0;0;0;0;0;0;0;0;0;0
FR;8;2021-01-15;0;0;0;0;0;0;0;0;0;0;0;0;0;0;0;0;0;0
FR;8;2021-01-16;0;0;0;0;0;0;0;0;0;0;0;0;0;0;0;0;0;0
FR;8;2021-01-17;0;0;0;0;0;0;0;0;0;0;0;0;0;0;0;0;0;0
FR;8;2021-01-18;0;0;0;0;0;0;0;0;0;0;0;0;0;0;0;0;0;0
FR;8;2021-01-19;0;0;0;0;0;0;0;0;0;0;0;0;0;0;0;0;0;0
FR;8;2021-01-20;0;0;0;0;0;0;0;0;0;0;0;0;0;0;0;0;0;0
FR;8;2021-01-21;0;0;0;0;0;0;0;0;0;0;0;0;0;0;0;0;0;0
FR;8;2021-01-22;0;0;0;0;0;0;0;0;0;0;0;0;0;0;0;0;0;0
FR;8;2021-01-23;0;0;0;0;0;0;0;0;0;0;0;0;0;0;0;0;0;0
FR;8;2021-01-24;0;0;0;0;0;0;0;0;0;0;0;0;0;0;0;0;0;0
FR;8;2021-01-25;0;0;0;0;0;0;0;0;0;0;0;0;0;0;0;0;0;0
FR;8;2021-01-26;0;0;0;0;0;0;0;0;0;0;0;0;0;0;0;0;0;0
FR;8;2021-01-27;0;0;0;0;0;0;0;0;0;0;0;0;0;0;0;0;0;0
FR;8;2021-01-28;0;0;0;0;0;0;0;0;0;0;0;0;0;0;0;0;0;0
FR;8;2021-01-29;0;0;0;0;0;0;0;0;0;0;0;0;0;0;0;0;0;0
FR;8;2021-01-30;0;0;0;0;0;0;0;0;0;0;0;0;0;0;0;0;0;0
FR;8;2021-01-31;0;0;0;0;0;0;0;0;0;0;0;0;0;0;0;0;0;0
FR;8;2021-02-01;0;0;0;0;0;0;0;0;0;0;0;0;0;0;0;0;0;0
FR;8;2021-02-02;0;0;0;0;0;0;0;0;0;0;0;0;0;0;0;0;0;0
FR;8;2021-02-03;0;0;0;0;0;0;0;0;0;0;0;0;0;0;0;0;0;0
FR;8;2021-02-04;0;0;0;0;0;0;0;0;0;0;0;0;0;0;0;0;0;0
FR;8;2021-02-05;0;0;0;0;0;0;0;0;0;0;0;0;0;0;0;0;0;0
FR;8;2021-02-06;0;0;0;0;0;0;0;0;0;0;0;0;0;0;0;0;0;0
FR;8;2021-02-07;0;0;0;0;0;0;0;0;0;0;0;0;0;0;0;0;0;0
FR;8;2021-02-08;0;0;0;0;0;0;0;0;0;0;0;0;0;0;0;0;0;0
FR;8;2021-02-09;0;0;0;0;0;0;0;0;0;0;0;0;0;0;0;0;0;0
FR;8;2021-02-10;0;0;0;0;0;0;0;0;0;0;0;0;0;0;0;0;0;0
FR;8;2021-02-11;0;0;0;0;0;0;0;0;0;0;0;0;0;0;0;0;0;0
FR;8;2021-02-12;0;0;0;0;0;0;0;0;0;0;0;0;0;0;0;0;0;0
FR;8;2021-02-13;0;0;0;0;0;0;0;0;0;0;0;0;0;0;0;0;0;0
FR;8;2021-02-14;0;0;0;0;0;0;0;0;0;0;0;0;0;0;0;0;0;0
FR;8;2021-02-15;0;0;0;0;0;0;0;0;0;0;0;0;0;0;0;0;0;0
FR;8;2021-02-16;0;0;0;0;0;0;0;0;0;0;0;0;0;0;0;0;0;0
FR;8;2021-02-17;0;0;0;0;0;0;0;0;0;0;0;0;0;0;0;0;0;0
FR;8;2021-02-18;0;0;0;0;0;0;0;0;0;0;0;0;0;0;0;0;0;0
FR;8;2021-02-19;0;0;0;0;0;0;0;0;0;0;0;0;0;0;0;0;0;0
FR;8;2021-02-20;0;0;0;0;0;0;0;0;0;0;0;0;0;0;0;0;0;0
FR;8;2021-02-21;0;0;0;0;0;0;0;0;0;0;0;0;0;0;0;0;0;0
FR;8;2021-02-22;0;0;0;0;0;0;0;0;0;0;0;0;0;0;0;0;0;0
FR;8;2021-02-23;0;0;0;0;0;0;0;0;0;0;0;0;0;0;0;0;0;0
FR;8;2021-02-24;0;0;0;0;0;0;0;0;0;0;0;0;0;0;0;0;0;0
FR;8;2021-02-25;0;0;0;0;0;0;0;0;0;0;0;0;0;0;0;0;0;0
FR;8;2021-02-26;0;0;0;0;0;0;0;0;0;0;0;0;0;0;0;0;0;0
FR;8;2021-02-27;0;0;0;0;0;0;0;0;0;0;0;0;0;0;0;0;0;0
FR;8;2021-02-28;0;0;0;0;0;0;0;0;0;0;0;0;0;0;0;0;0;0
FR;8;2021-03-01;0;0;0;0;0;0;0;0;0;0;0;0;0;0;0;0;0;0
FR;8;2021-03-02;0;0;0;0;0;0;0;0;0;0;0;0;0;0;0;0;0;0
FR;8;2021-03-03;0;0;0;0;0;0;0;0;0;0;0;0;0;0;0;0;0;0
FR;8;2021-03-04;0;0;0;0;0;0;0;0;0;0;0;0;0;0;0;0;0;0
FR;8;2021-03-05;0;0;0;0;0;0;0;0;0;0;0;0;0;0;0;0;0;0
FR;8;2021-03-06;0;0;0;0;0;0;0;0;0;0;0;0;0;0;0;0;0;0
FR;8;2021-03-07;0;0;0;0;0;0;0;0;0;0;0;0;0;0;0;0;0;0
FR;8;2021-03-08;0;0;0;0;0;0;0;0;0;0;0;0;0;0;0;0;0;0
FR;8;2021-03-09;0;0;0;0;0;0;0;0;0;0;0;0;0;0;0;0;0;0
FR;8;2021-03-10;0;0;0;0;0;0;0;0;0;0;0;0;0;0;0;0;0;0
FR;8;2021-03-11;0;0;0;0;0;0;0;0;0;0;0;0;0;0;0;0;0;0
FR;8;2021-03-12;0;0;0;0;0;0;0;0;0;0;0;0;0;0;0;0;0;0
FR;8;2021-03-13;0;0;0;0;0;0;0;0;0;0;0;0;0;0;0;0;0;0
FR;8;2021-03-14;0;0;0;0;0;0;0;0;0;0;0;0;0;0;0;0;0;0
FR;8;2021-03-15;0;0;0;0;0;0;0;0;0;0;0;0;0;0;0;0;0;0
FR;8;2021-03-16;0;0;0;0;0;0;0;0;0;0;0;0;0;0;0;0;0;0
FR;8;2021-03-17;0;0;0;0;0;0;0;0;0;0;0;0;0;0;0;0;0;0
FR;8;2021-03-18;0;0;0;0;0;0;0;0;0;0;0;0;0;0;0;0;0;0
FR;8;2021-03-19;0;0;0;0;0;0;0;0;0;0;0;0;0;0;0;0;0;0
FR;8;2021-03-20;0;0;0;0;0;0;0;0;0;0;0;0;0;0;0;0;0;0
FR;8;2021-03-21;0;0;0;0;0;0;0;0;0;0;0;0;0;0;0;0;0;0
FR;8;2021-03-22;0;0;0;0;0;0;0;0;0;0;0;0;0;0;0;0;0;0
FR;8;2021-03-23;0;0;0;0;0;0;0;0;0;0;0;0;0;0;0;0;0;0
FR;8;2021-03-24;0;0;0;0;0;0;0;0;0;0;0;0;0;0;0;0;0;0
FR;8;2021-03-25;0;0;0;0;0;0;0;0;0;0;0;0;0;0;0;0;0;0
FR;8;2021-03-26;0;0;0;0;0;0;0;0;0;0;0;0;0;0;0;0;0;0
FR;8;2021-03-27;0;0;0;0;0;0;0;0;0;0;0;0;0;0;0;0;0;0
FR;8;2021-03-28;0;0;0;0;0;0;0;0;0;0;0;0;0;0;0;0;0;0
FR;8;2021-03-29;0;0;0;0;0;0;0;0;0;0;0;0;0;0;0;0;0;0
FR;8;2021-03-30;0;0;0;0;0;0;0;0;0;0;0;0;0;0;0;0;0;0
FR;8;2021-03-31;0;0;0;0;0;0;0;0;0;0;0;0;0;0;0;0;0;0
FR;8;2021-04-01;0;0;0;0;0;0;0;0;0;0;0;0;0;0;0;0;0;0
FR;8;2021-04-02;0;0;0;0;0;0;0;0;0;0;0;0;0;0;0;0;0;0
FR;8;2021-04-03;0;0;0;0;0;0;0;0;0;0;0;0;0;0;0;0;0;0
FR;8;2021-04-04;0;0;0;0;0;0;0;0;0;0;0;0;0;0;0;0;0;0
FR;8;2021-04-05;0;0;0;0;0;0;0;0;0;0;0;0;0;0;0;0;0;0
FR;8;2021-04-06;0;0;0;0;0;0;0;0;0;0;0;0;0;0;0;0;0;0
FR;8;2021-04-07;0;0;0;0;0;0;0;0;0;0;0;0;0;0;0;0;0;0
FR;8;2021-04-08;0;0;0;0;0;0;0;0;0;0;0;0;0;0;0;0;0;0
FR;8;2021-04-09;0;0;0;0;0;0;0;0;0;0;0;0;0;0;0;0;0;0
FR;8;2021-04-10;0;0;0;0;0;0;0;0;0;0;0;0;0;0;0;0;0;0
FR;8;2021-04-11;0;0;0;0;0;0;0;0;0;0;0;0;0;0;0;0;0;0
FR;8;2021-04-12;0;0;0;0;0;0;0;0;0;0;0;0;0;0;0;0;0;0
FR;8;2021-04-13;0;0;0;0;0;0;0;0;0;0;0;0;0;0;0;0;0;0
FR;8;2021-04-14;0;0;0;0;0;0;0;0;0;0;0;0;0;0;0;0;0;0
FR;8;2021-04-15;0;0;0;0;0;0;0;0;0;0;0;0;0;0;0;0;0;0
FR;8;2021-04-16;0;0;0;0;0;0;0;0;0;0;0;0;0;0;0;0;0;0
FR;8;2021-04-17;0;0;0;0;0;0;0;0;0;0;0;0;0;0;0;0;0;0
FR;8;2021-04-18;0;0;0;0;0;0;0;0;0;0;0;0;0;0;0;0;0;0
FR;8;2021-04-19;0;0;0;0;0;0;0;0;0;0;0;0;0;0;0;0;0;0
FR;8;2021-04-20;0;0;0;0;0;0;0;0;0;0;0;0;0;0;0;0;0;0
FR;8;2021-04-21;0;0;0;0;0;0;0;0;0;0;0;0;0;0;0;0;0;0
FR;8;2021-04-22;0;0;0;0;0;0;0;0;0;0;0;0;0;0;0;0;0;0
FR;8;2021-04-23;0;0;0;0;0;0;0;0;0;0;0;0;0;0;0;0;0;0
FR;8;2021-04-24;0;0;0;0;0;0;0;0;0;0;0;0;0;0;0;0;0;0
FR;8;2021-04-25;0;0;0;0;0;0;0;0;0;0;0;0;0;0;0;0;0;0
FR;8;2021-04-26;0;0;0;0;0;0;0;0;0;0;0;0;0;0;0;0;0;0
FR;8;2021-04-27;0;0;0;0;0;0;0;0;0;0;0;0;0;0;0;0;0;0
FR;8;2021-04-28;0;0;0;0;0;0;0;0;0;0;0;0;0;0;0;0;0;0
FR;8;2021-04-29;0;0;0;0;0;0;0;0;0;0;0;0;0;0;0;0;0;0
FR;8;2021-04-30;0;0;0;0;0;0;0;0;0;0;0;0;0;0;0;0;0;0
FR;8;2021-05-01;0;0;0;0;0;0;0;0;0;0;0;0;0;0;0;0;0;0
FR;8;2021-05-02;0;0;0;0;0;0;0;0;0;0;0;0;0;0;0;0;0;0
FR;8;2021-05-03;0;0;0;0;0;0;0;0;0;0;0;0;0;0;0;0;0;0
FR;8;2021-05-04;0;0;0;0;0;0;0;0;0;0;0;0;0;0;0;0;0;0
FR;8;2021-05-05;0;0;0;0;0;0;0;0;0;0;0;0;0;0;0;0;0;0
FR;8;2021-05-06;0;0;0;0;0;0;0;0;0;0;0;0;0;0;0;0;0;0
FR;8;2021-05-07;0;0;0;0;0;0;0;0;0;0;0;0;0;0;0;0;0;0
FR;8;2021-05-08;0;0;0;0;0;0;0;0;0;0;0;0;0;0;0;0;0;0
FR;8;2021-05-09;0;0;0;0;0;0;0;0;0;0;0;0;0;0;0;0;0;0
FR;8;2021-05-10;0;0;0;0;0;0;0;0;0;0;0;0;0;0;0;0;0;0
FR;8;2021-05-11;0;0;0;0;0;0;0;0;0;0;0;0;0;0;0;0;0;0
FR;8;2021-05-12;0;0;0;0;0;0;0;0;0;0;0;0;0;0;0;0;0;0
FR;8;2021-05-13;0;0;0;0;0;0;0;0;0;0;0;0;0;0;0;0;0;0
FR;8;2021-05-14;0;0;0;0;0;0;0;0;0;0;0;0;0;0;0;0;0;0
FR;8;2021-05-15;0;0;0;0;0;0;0;0;0;0;0;0;0;0;0;0;0;0
FR;8;2021-05-16;0;0;0;0;0;0;0;0;0;0;0;0;0;0;0;0;0;0
FR;8;2021-05-17;0;0;0;0;0;0;0;0;0;0;0;0;0;0;0;0;0;0
FR;8;2021-05-18;0;0;0;0;0;0;0;0;0;0;0;0;0;0;0;0;0;0
FR;8;2021-05-19;0;0;0;0;0;0;0;0;0;0;0;0;0;0;0;0;0;0
FR;8;2021-05-20;0;0;0;0;0;0;0;0;0;0;0;0;0;0;0;0;0;0
FR;8;2021-05-21;0;0;0;0;0;0;0;0;0;0;0;0;0;0;0;0;0;0
FR;8;2021-05-22;0;0;0;0;0;0;0;0;0;0;0;0;0;0;0;0;0;0
FR;8;2021-05-23;0;0;0;0;0;0;0;0;0;0;0;0;0;0;0;0;0;0
FR;8;2021-05-24;0;0;0;0;0;0;0;0;0;0;0;0;0;0;0;0;0;0
FR;8;2021-05-25;0;0;0;0;0;0;0;0;0;0;0;0;0;0;0;0;0;0
FR;8;2021-05-26;0;0;0;0;0;0;0;0;0;0;0;0;0;0;0;0;0;0
FR;8;2021-05-27;0;0;0;0;0;0;0;0;0;0;0;0;0;0;0;0;0;0
FR;8;2021-05-28;0;0;0;0;0;0;0;0;0;0;0;0;0;0;0;0;0;0
FR;8;2021-05-29;0;0;0;0;0;0;0;0;0;0;0;0;0;0;0;0;0;0
FR;8;2021-05-30;0;0;0;0;0;0;0;0;0;0;0;0;0;0;0;0;0;0
FR;8;2021-05-31;0;0;0;0;0;0;0;0;0;0;0;0;0;0;0;0;0;0
FR;8;2021-06-01;0;0;0;0;0;0;0;0;0;0;0;0;0;0;0;0;0;0
FR;8;2021-06-02;0;0;0;0;0;0;0;0;0;0;0;0;0;0;0;0;0;0
FR;8;2021-06-03;0;0;0;0;0;0;0;0;0;0;0;0;0;0;0;0;0;0
FR;8;2021-06-04;0;0;0;0;0;0;0;0;0;0;0;0;0;0;0;0;0;0
FR;8;2021-06-05;0;0;0;0;0;0;0;0;0;0;0;0;0;0;0;0;0;0
FR;8;2021-06-06;0;0;0;0;0;0;0;0;0;0;0;0;0;0;0;0;0;0
FR;8;2021-06-07;0;0;0;0;0;0;0;0;0;0;0;0;0;0;0;0;0;0
FR;8;2021-06-08;0;0;0;0;0;0;0;0;0;0;0;0;0;0;0;0;0;0
FR;8;2021-06-09;0;0;0;0;0;0;0;0;0;0;0;0;0;0;0;0;0;0
FR;8;2021-06-10;0;0;0;0;0;0;0;0;0;0;0;0;0;0;0;0;0;0
FR;8;2021-06-11;0;0;0;0;0;0;0;0;0;0;0;0;0;0;0;0;0;0
FR;8;2021-06-12;0;0;0;0;0;0;0;0;0;0;0;0;0;0;0;0;0;0
FR;8;2021-06-13;0;0;0;0;0;0;0;0;0;0;0;0;0;0;0;0;0;0
FR;8;2021-06-14;0;0;0;0;0;0;0;0;0;0;0;0;0;0;0;0;0;0
FR;8;2021-06-15;0;0;0;0;0;0;0;0;0;0;0;0;0;0;0;0;0;0
FR;8;2021-06-16;0;0;0;0;0;0;0;0;0;0;0;0;0;0;0;0;0;0
FR;8;2021-06-17;0;0;0;0;0;0;0;0;0;0;0;0;0;0;0;0;0;0
FR;8;2021-06-18;0;0;0;0;0;0;0;0;0;0;0;0;0;0;0;0;0;0
FR;8;2021-06-19;0;0;0;0;0;0;0;0;0;0;0;0;0;0;0;0;0;0
FR;8;2021-06-20;0;0;0;0;0;0;0;0;0;0;0;0;0;0;0;0;0;0
FR;8;2021-06-21;0;0;0;0;0;0;0;0;0;0;0;0;0;0;0;0;0;0
FR;8;2021-06-22;0;0;0;0;0;0;0;0;0;0;0;0;0;0;0;0;0;0
FR;8;2021-06-23;0;0;0;0;0;0;0;0;0;0;0;0;0;0;0;0;0;0
FR;8;2021-06-24;0;0;0;0;0;0;0;0;0;0;0;0;0;0;0;0;0;0
FR;8;2021-06-25;0;0;0;0;0;0;0;0;0;0;0;0;0;0;0;0;0;0
FR;8;2021-06-26;0;0;0;0;0;0;0;0;0;0;0;0;0;0;0;0;0;0
FR;8;2021-06-27;0;0;0;0;0;0;0;0;0;0;0;0;0;0;0;0;0;0
FR;8;2021-06-28;0;0;0;0;0;0;0;0;0;0;0;0;0;0;0;0;0;0
FR;8;2021-06-29;0;0;0;0;0;0;0;0;0;0;0;0;0;0;0;0;0;0
FR;8;2021-06-30;0;0;0;0;0;0;0;0;0;0;0;0;0;0;0;0;0;0
FR;8;2021-07-01;0;0;0;0;0;0;0;0;0;0;0;0;0;0;0;0;0;0
FR;8;2021-07-02;0;0;0;0;0;0;0;0;0;0;0;0;0;0;0;0;0;0
FR;8;2021-07-03;0;0;0;0;0;0;0;0;0;0;0;0;0;0;0;0;0;0
FR;8;2021-07-04;0;0;0;0;0;0;0;0;0;0;0;0;0;0;0;0;0;0
FR;8;2021-07-05;0;0;0;0;0;0;0;0;0;0;0;0;0;0;0;0;0;0
FR;8;2021-07-06;0;0;0;0;0;0;0;0;0;0;0;0;0;0;0;0;0;0
FR;8;2021-07-07;0;0;0;0;0;0;0;0;0;0;0;0;0;0;0;0;0;0
FR;8;2021-07-08;0;0;0;0;0;0;0;0;0;0;0;0;0;0;0;0;0;0
FR;8;2021-07-09;0;0;0;0;0;0;0;0;0;0;0;0;0;0;0;0;0;0
FR;8;2021-07-10;0;0;0;0;0;0;0;0;0;0;0;0;0;0;0;0;0;0
FR;8;2021-07-11;0;0;0;0;0;0;0;0;0;0;0;0;0;0;0;0;0;0
FR;8;2021-07-12;0;0;0;0;0;0;0;0;0;0;0;0;0;0;0;0;0;0
FR;8;2021-07-13;0;0;0;0;0;0;0;0;0;0;0;0;0;0;0;0;0;0
FR;8;2021-07-14;0;0;0;0;0;0;0;0;0;0;0;0;0;0;0;0;0;0
FR;8;2021-07-15;0;0;0;0;0;0;0;0;0;0;0;0;0;0;0;0;0;0
FR;8;2021-07-16;0;0;0;0;0;0;0;0;0;0;0;0;0;0;0;0;0;0
FR;8;2021-07-17;0;0;0;0;0;0;0;0;0;0;0;0;0;0;0;0;0;0
FR;8;2021-07-18;0;0;0;0;0;0;0;0;0;0;0;0;0;0;0;0;0;0
FR;8;2021-07-19;0;0;0;0;0;0;0;0;0;0;0;0;0;0;0;0;0;0
FR;8;2021-07-20;0;0;0;0;0;0;0;0;0;0;0;0;0;0;0;0;0;0
FR;8;2021-07-21;0;0;0;0;0;0;0;0;0;0;0;0;0;0;0;0;0;0
FR;8;2021-07-22;0;0;0;0;0;0;0;0;0;0;0;0;0;0;0;0;0;0
FR;8;2021-07-23;0;0;0;0;0;0;0;0;0;0;0;0;0;0;0;0;0;0
FR;8;2021-07-24;0;0;0;0;0;0;0;0;0;0;0;0;0;0;0;0;0;0
FR;8;2021-07-25;0;0;0;0;0;0;0;0;0;0;0;0;0;0;0;0;0;0
FR;8;2021-07-26;0;0;0;0;0;0;0;0;0;0;0;0;0;0;0;0;0;0
FR;8;2021-07-27;0;0;0;0;0;0;0;0;0;0;0;0;0;0;0;0;0;0
FR;8;2021-07-28;0;0;0;0;0;0;0;0;0;0;0;0;0;0;0;0;0;0
FR;8;2021-07-29;0;0;0;0;0;0;0;0;0;0;0;0;0;0;0;0;0;0
FR;8;2021-07-30;0;0;0;0;0;0;0;0;0;0;0;0;0;0;0;0;0;0
FR;8;2021-07-31;0;0;0;0;0;0;0;0;0;0;0;0;0;0;0;0;0;0
FR;8;2021-08-01;0;0;0;0;0;0;0;0;0;0;0;0;0;0;0;0;0;0
FR;8;2021-08-02;0;0;0;0;0;0;0;0;0;0;0;0;0;0;0;0;0;0
FR;8;2021-08-03;0;0;0;0;0;0;0;0;0;0;0;0;0;0;0;0;0;0
FR;8;2021-08-04;0;0;0;0;0;0;0;0;0;0;0;0;0;0;0;0;0;0
FR;8;2021-08-05;0;0;0;0;0;0;0;0;0;0;0;0;0;0;0;0;0;0
FR;8;2021-08-06;0;0;0;0;0;0;0;0;0;0;0;0;0;0;0;0;0;0
FR;8;2021-08-07;0;0;0;0;0;0;0;0;0;0;0;0;0;0;0;0;0;0
FR;8;2021-08-08;0;0;0;0;0;0;0;0;0;0;0;0;0;0;0;0;0;0
FR;8;2021-08-09;0;0;0;0;0;0;0;0;0;0;0;0;0;0;0;0;0;0
FR;8;2021-08-10;0;0;0;0;0;0;0;0;0;0;0;0;0;0;0;0;0;0
FR;8;2021-08-11;0;0;0;0;0;0;0;0;0;0;0;0;0;0;0;0;0;0
FR;8;2021-08-12;0;0;0;0;0;0;0;0;0;0;0;0;0;0;0;0;0;0
FR;8;2021-08-13;0;0;0;0;0;0;0;0;0;0;0;0;0;0;0;0;0;0
FR;8;2021-08-14;0;0;0;0;0;0;0;0;0;0;0;0;0;0;0;0;0;0
FR;8;2021-08-15;0;0;0;0;0;0;0;0;0;0;0;0;0;0;0;0;0;0
FR;8;2021-08-16;0;0;0;0;0;0;0;0;0;0;0;0;0;0;0;0;0;0
FR;8;2021-08-17;0;0;0;0;0;0;0;0;0;0;0;0;0;0;0;0;0;0
FR;8;2021-08-18;0;0;0;0;0;0;0;0;0;0;0;0;0;0;0;0;0;0
FR;8;2021-08-19;0;0;0;0;0;0;0;0;0;0;0;0;0;0;0;0;0;0
FR;8;2021-08-20;0;0;0;0;0;0;0;0;0;0;0;0;0;0;0;0;0;0
FR;8;2021-08-21;0;0;0;0;0;0;0;0;0;0;0;0;0;0;0;0;0;0
FR;8;2021-08-22;0;0;0;0;0;0;0;0;0;0;0;0;0;0;0;0;0;0
FR;8;2021-08-23;0;0;0;0;0;0;0;0;0;0;0;0;0;0;0;0;0;0
FR;8;2021-08-24;0;0;0;0;0;0;0;0;0;0;0;0;0;0;0;0;0;0
FR;8;2021-08-25;0;0;0;0;0;0;0;0;0;0;0;0;0;0;0;0;0;0
FR;8;2021-08-26;0;0;0;0;0;0;0;0;0;0;0;0;0;0;0;0;0;0
FR;8;2021-08-27;0;0;0;0;0;0;0;0;0;0;0;0;0;0;0;0;0;0
FR;8;2021-08-28;0;0;0;0;0;0;0;0;0;0;0;0;0;0;0;0;0;0
FR;8;2021-08-29;0;0;0;0;0;0;0;0;0;0;0;0;0;0;0;0;0;0
FR;8;2021-08-30;0;0;0;0;0;0;0;0;0;0;0;0;0;0;0;0;0;0
FR;8;2021-08-31;0;0;0;0;0;0;0;0;0;0;0;0;0;0;0;0;0;0
FR;8;2021-09-01;0;0;0;0;0;0;0;0;0;0;0;0;0;0;0;0;0;0
FR;8;2021-09-02;0;0;0;0;0;0;0;0;0;0;0;0;0;0;0;0;0;0
FR;8;2021-09-03;0;0;0;0;0;0;0;0;0;0;0;0;0;0;0;0;0;0
FR;8;2021-09-04;0;0;0;0;0;0;0;0;0;0;0;0;0;0;0;0;0;0
FR;8;2021-09-05;0;0;0;0;0;0;0;0;0;0;0;0;0;0;0;0;0;0
FR;8;2021-09-06;0;0;0;0;0;0;0;0;0;0;0;0;0;0;0;0;0;0
FR;8;2021-09-07;0;0;0;0;0;0;0;0;0;0;0;0;0;0;0;0;0;0
FR;8;2021-09-08;0;0;0;0;0;0;0;0;0;0;0;0;0;0;0;0;0;0
FR;8;2021-09-09;0;0;0;0;0;0;0;0;0;0;0;0;0;0;0;0;0;0
FR;8;2021-09-10;0;0;0;0;0;0;0;0;0;0;0;0;0;0;0;0;0;0
FR;8;2021-09-11;0;0;0;0;0;0;0;0;0;0;0;0;0;0;0;0;0;0
FR;8;2021-09-12;0;0;0;0;0;0;0;0;0;0;0;0;0;0;0;0;0;0
FR;8;2021-09-13;0;0;0;0;0;0;0;0;0;0;0;0;0;0;0;0;0;0
FR;8;2021-09-14;0;0;0;0;0;0;0;0;0;0;0;0;0;0;0;0;0;0
FR;8;2021-09-15;0;0;0;0;0;0;0;0;0;0;0;0;0;0;0;0;0;0
FR;8;2021-09-16;0;0;0;0;0;0;0;0;0;0;0;0;0;0;0;0;0;0
FR;8;2021-09-17;0;0;0;0;0;0;0;0;0;0;0;0;0;0;0;0;0;0
FR;8;2021-09-18;0;0;0;0;0;0;0;0;0;0;0;0;0;0;0;0;0;0
FR;8;2021-09-19;0;0;0;0;0;0;0;0;0;0;0;0;0;0;0;0;0;0
FR;8;2021-09-20;0;0;0;0;0;0;0;0;0;0;0;0;0;0;0;0;0;0
FR;8;2021-09-21;0;0;0;0;0;0;0;0;0;0;0;0;0;0;0;0;0;0
FR;8;2021-09-22;0;0;0;0;0;0;0;0;0;0;0;0;0;0;0;0;0;0
FR;8;2021-09-23;0;0;0;0;0;0;0;0;0;0;0;0;0;0;0;0;0;0
FR;8;2021-09-24;0;0;0;0;0;0;0;0;0;0;0;0;0;0;0;0;0;0
FR;8;2021-09-25;0;0;0;0;0;0;0;0;0;0;0;0;0;0;0;0;0;0
FR;8;2021-09-26;0;0;0;0;0;0;0;0;0;0;0;0;0;0;0;0;0;0
FR;8;2021-09-27;0;0;0;0;0;0;0;0;0;0;0;0;0;0;0;0;0;0
FR;8;2021-09-28;0;0;0;0;0;0;0;0;0;0;0;0;0;0;0;0;0;0
FR;8;2021-09-29;0;0;0;0;0;0;0;0;0;0;0;0;0;0;0;0;0;0
FR;8;2021-09-30;0;0;0;0;0;0;0;0;0;0;0;0;0;0;0;0;0;0
FR;8;2021-10-01;0;0;0;0;0;0;0;0;0;0;0;0;0;0;0;0;0;0
FR;8;2021-10-02;0;0;0;0;0;0;0;0;0;0;0;0;0;0;0;0;0;0
FR;8;2021-10-03;0;0;0;0;0;0;0;0;0;0;0;0;0;0;0;0;0;0
FR;8;2021-10-04;0;0;0;0;0;0;0;0;0;0;0;0;0;0;0;0;0;0
FR;8;2021-10-05;0;0;0;0;0;0;0;0;0;0;0;0;0;0;0;0;0;0
FR;8;2021-10-06;0;0;0;0;0;0;0;0;0;0;0;0;0;0;0;0;0;0
FR;8;2021-10-07;0;0;0;0;0;0;0;0;0;0;0;0;0;0;0;0;0;0
FR;8;2021-10-08;0;0;0;0;0;0;0;0;0;0;0;0;0;0;0;0;0;0
FR;8;2021-10-09;0;0;0;0;0;0;0;0;0;0;0;0;0;0;0;0;0;0
FR;8;2021-10-10;0;0;0;0;0;0;0;0;0;0;0;0;0;0;0;0;0;0
FR;8;2021-10-11;0;0;0;0;0;0;0;0;0;0;0;0;0;0;0;0;0;0
FR;8;2021-10-12;0;0;0;0;0;0;0;0;0;0;0;0;0;0;0;0;0;0
FR;8;2021-10-13;0;0;0;0;0;0;0;0;0;0;0;0;0;0;0;0;0;0
FR;8;2021-10-14;0;0;0;0;0;0;0;0;0;0;0;0;0;0;0;0;0;0
FR;8;2021-10-15;0;0;0;0;0;0;0;0;0;0;0;0;0;0;0;0;0;0
FR;8;2021-10-16;0;0;0;0;0;0;0;0;0;0;0;0;0;0;0;0;0;0
FR;8;2021-10-17;0;0;0;0;0;0;0;0;0;0;0;0;0;0;0;0;0;0
FR;8;2021-10-18;0;0;0;0;0;0;0;0;0;0;0;0;0;0;0;0;0;0
FR;8;2021-10-19;0;0;0;0;0;0;0;0;0;0;0;0;0;0;0;0;0;0
FR;8;2021-10-20;0;0;0;0;0;0;0;0;0;0;0;0;0;0;0;0;0;0
FR;8;2021-10-21;0;0;0;0;0;0;0;0;0;0;0;0;0;0;0;0;0;0
FR;8;2021-10-22;0;0;0;0;0;0;0;0;0;0;0;0;0;0;0;0;0;0
FR;8;2021-10-23;0;0;0;0;0;0;0;0;0;0;0;0;0;0;0;0;0;0
FR;8;2021-10-24;0;0;0;0;0;0;0;0;0;0;0;0;0;0;0;0;0;0
FR;8;2021-10-25;0;0;0;0;0;0;0;0;0;0;0;0;0;0;0;0;0;0
FR;8;2021-10-26;0;0;0;0;0;0;0;0;0;0;0;0;0;0;0;0;0;0
FR;8;2021-10-27;0;0;0;0;0;0;0;0;0;0;0;0;0;0;0;0;0;0
FR;8;2021-10-28;0;0;0;0;0;0;0;0;0;0;0;0;0;0;0;0;0;0
FR;8;2021-10-29;0;0;0;0;0;0;0;0;0;0;0;0;0;0;0;0;0;0
FR;8;2021-10-30;0;0;0;0;0;0;0;0;0;0;0;0;0;0;0;0;0;0
FR;8;2021-10-31;0;0;0;0;0;0;0;0;0;0;0;0;0;0;0;0;0;0
FR;8;2021-11-01;0;0;0;0;0;0;0;0;0;0;0;0;0;0;0;0;0;0
FR;8;2021-11-02;0;0;0;0;0;0;0;0;0;0;0;0;0;0;0;0;0;0
FR;8;2021-11-03;0;0;0;0;0;0;0;0;0;0;0;0;0;0;0;0;0;0
FR;8;2021-11-04;0;0;0;0;0;0;0;0;0;0;0;0;0;0;0;0;0;0
FR;8;2021-11-05;0;0;0;0;0;0;0;0;0;0;0;0;0;0;0;0;0;0
FR;8;2021-11-06;0;0;0;0;0;0;0;0;0;0;0;0;0;0;0;0;0;0
FR;8;2021-11-07;0;0;0;0;0;0;0;0;0;0;0;0;0;0;0;0;0;0
FR;8;2021-11-08;0;0;0;0;0;0;0;0;0;0;0;0;0;0;0;0;0;0
FR;8;2021-11-09;0;0;0;0;0;0;0;0;0;0;0;0;0;0;0;0;0;0
FR;8;2021-11-10;0;0;0;0;0;0;0;0;0;0;0;0;0;0;0;0;0;0
FR;8;2021-11-11;0;0;0;0;0;0;0;0;0;0;0;0;0;0;0;0;0;0
FR;8;2021-11-12;0;0;0;0;0;0;0;0;0;0;0;0;0;0;0;0;0;0
FR;8;2021-11-13;0;0;0;0;0;0;0;0;0;0;0;0;0;0;0;0;0;0
FR;8;2021-11-14;0;0;0;0;0;0;0;0;0;0;0;0;0;0;0;0;0;0
FR;8;2021-11-15;0;0;0;0;0;0;0;0;0;0;0;0;0;0;0;0;0;0
FR;8;2021-11-16;0;0;0;0;0;0;0;0;0;0;0;0;0;0;0;0;0;0
FR;8;2021-11-17;0;0;0;0;0;0;0;0;0;0;0;0;0;0;0;0;0;0
FR;8;2021-11-18;0;0;0;0;0;0;0;0;0;0;0;0;0;0;0;0;0;0
FR;8;2021-11-19;0;0;0;0;0;0;0;0;0;0;0;0;0;0;0;0;0;0
FR;8;2021-11-20;0;0;0;0;0;0;0;0;0;0;0;0;0;0;0;0;0;0
FR;8;2021-11-21;0;0;0;0;0;0;0;0;0;0;0;0;0;0;0;0;0;0
FR;8;2021-11-22;0;0;0;0;0;0;0;0;0;0;0;0;0;0;0;0;0;0
FR;8;2021-11-23;0;0;0;0;0;0;0;0;0;0;0;0;0;0;0;0;0;0
FR;8;2021-11-24;0;0;0;0;0;0;0;0;0;0;0;0;0;0;0;0;0;0
FR;8;2021-11-25;0;0;0;0;0;0;0;0;0;0;0;0;0;0;0;0;0;0
FR;8;2021-11-26;0;0;0;0;0;0;0;0;0;0;0;0;0;0;0;0;0;0
FR;8;2021-11-27;0;0;0;0;0;0;0;0;0;0;0;0;0;0;0;0;0;0
FR;8;2021-11-28;0;0;0;0;0;0;0;0;0;0;0;0;0;0;0;0;0;0
FR;8;2021-11-29;0;0;0;0;0;0;0;0;0;0;0;0;0;0;0;0;0;0
FR;8;2021-11-30;0;0;0;0;0;0;0;0;0;0;0;0;0;0;0;0;0;0
FR;8;2021-12-01;0;0;0;0;0;0;0;0;0;0;0;0;0;0;0;0;0;0
FR;8;2021-12-02;0;0;0;0;0;0;0;0;0;0;0;0;0;0;0;0;0;0
FR;8;2021-12-03;0;0;0;0;0;0;0;0;0;0;0;0;0;0;0;0;0;0
FR;8;2021-12-04;0;0;0;0;0;0;0;0;0;0;0;0;0;0;0;0;0;0
FR;8;2021-12-05;0;0;0;0;0;0;0;0;0;0;0;0;0;0;0;0;0;0
FR;8;2021-12-06;0;0;0;0;0;0;0;0;0;0;0;0;0;0;0;0;0;0
FR;8;2021-12-07;0;0;0;0;0;0;0;0;0;0;0;0;0;0;0;0;0;0
FR;8;2021-12-08;0;0;0;0;0;0;0;0;0;0;0;0;0;0;0;0;0;0
FR;8;2021-12-09;0;0;0;0;0;0;0;0;0;0;0;0;0;0;0;0;0;0
FR;8;2021-12-10;0;0;0;0;0;0;0;0;0;0;0;0;0;0;0;0;0;0
FR;8;2021-12-11;0;0;0;0;0;0;0;0;0;0;0;0;0;0;0;0;0;0
FR;8;2021-12-12;0;0;0;0;0;0;0;0;0;0;0;0;0;0;0;0;0;0
FR;8;2021-12-13;0;0;0;0;0;0;0;0;0;0;0;0;0;0;0;0;0;0
FR;8;2021-12-14;0;0;0;0;0;0;0;0;0;0;0;0;0;0;0;0;0;0
FR;8;2021-12-15;0;0;0;0;0;0;0;0;0;0;0;0;0;0;0;0;0;0
FR;8;2021-12-16;0;0;0;0;0;0;0;0;0;0;0;0;0;0;0;0;0;0
FR;8;2021-12-17;0;0;0;0;0;0;0;0;0;0;0;0;0;0;0;0;0;0
FR;8;2021-12-18;0;0;0;0;0;0;0;0;0;0;0;0;0;0;0;0;0;0
FR;8;2021-12-19;0;0;0;0;0;0;0;0;0;0;0;0;0;0;0;0;0;0
FR;8;2021-12-20;0;0;0;0;0;0;0;0;0;0;0;0;0;0;0;0;0;0
FR;8;2021-12-21;0;0;0;0;0;0;0;0;0;0;0;0;0;0;0;0;0;0
FR;8;2021-12-22;0;0;0;0;0;0;0;0;0;0;0;0;0;0;0;0;0;0
FR;8;2021-12-23;0;0;0;0;0;0;0;0;0;0;0;0;0;0;0;0;0;0
FR;8;2021-12-24;0;0;0;0;0;0;0;0;0;0;0;0;0;0;0;0;0;0
FR;8;2021-12-25;0;0;0;0;0;0;0;0;0;0;0;0;0;0;0;0;0;0
FR;8;2021-12-26;0;0;0;0;0;0;0;0;0;0;0;0;0;0;0;0;0;0
FR;8;2021-12-27;0;0;0;0;0;0;0;0;0;0;0;0;0;0;0;0;0;0
FR;8;2021-12-28;0;0;0;0;0;0;0;0;0;0;0;0;0;0;0;0;0;0
FR;8;2021-12-29;0;0;0;0;0;0;0;0;0;0;0;0;0;0;0;0;0;0
FR;8;2021-12-30;0;0;0;0;0;0;0;0;0;0;0;0;0;0;0;0;0;0
FR;8;2021-12-31;0;0;0;0;0;0;0;0;0;0;0;0;0;0;0;0;0;0
FR;8;2022-01-01;0;0;0;0;0;0;0;0;0;0;0;0;0;0;0;0;0;0
FR;8;2022-01-02;0;0;0;0;0;0;0;0;0;0;0;0;0;0;0;0;0;0
FR;8;2022-01-03;0;0;0;0;0;0;0;0;0;0;0;0;0;0;0;0;0;0
FR;8;2022-01-04;0;0;0;0;0;0;0;0;0;0;0;0;0;0;0;0;0;0
FR;8;2022-01-05;0;0;0;0;0;0;0;0;0;0;0;0;0;0;0;0;0;0
FR;8;2022-01-06;0;0;0;0;0;0;0;0;0;0;0;0;0;0;0;0;0;0
FR;8;2022-01-07;0;0;0;0;0;0;0;0;0;0;0;0;0;0;0;0;0;0
FR;8;2022-01-08;0;0;0;0;0;0;0;0;0;0;0;0;0;0;0;0;0;0
FR;8;2022-01-09;0;0;0;0;0;0;0;0;0;0;0;0;0;0;0;0;0;0
FR;8;2022-01-10;0;0;0;0;0;0;0;0;0;0;0;0;0;0;0;0;0;0
FR;8;2022-01-11;0;0;0;0;0;0;0;0;0;0;0;0;0;0;0;0;0;0
FR;8;2022-01-12;0;0;0;0;0;0;0;0;0;0;0;0;0;0;0;0;0;0
FR;8;2022-01-13;0;0;0;0;0;0;0;0;0;0;0;0;0;0;0;0;0;0
FR;8;2022-01-14;0;0;0;0;0;0;0;0;0;0;0;0;0;0;0;0;0;0
FR;8;2022-01-15;0;0;0;0;0;0;0;0;0;0;0;0;0;0;0;0;0;0
FR;8;2022-01-16;0;0;0;0;0;0;0;0;0;0;0;0;0;0;0;0;0;0
FR;8;2022-01-17;0;0;0;0;0;0;0;0;0;0;0;0;0;0;0;0;0;0
FR;8;2022-01-18;0;0;0;0;0;0;0;0;0;0;0;0;0;0;0;0;0;0
FR;8;2022-01-19;0;0;0;0;0;0;0;0;0;0;0;0;0;0;0;0;0;0
FR;8;2022-01-20;0;0;0;0;0;0;0;0;0;0;0;0;0;0;0;0;0;0
FR;8;2022-01-21;0;0;0;0;0;0;0;0;0;0;0;0;0;0;0;0;0;0
FR;8;2022-01-22;0;0;0;0;0;0;0;0;0;0;0;0;0;0;0;0;0;0
FR;8;2022-01-23;0;0;0;0;0;0;0;0;0;0;0;0;0;0;0;0;0;0
FR;8;2022-01-24;0;0;0;0;0;0;0;0;0;0;0;0;0;0;0;0;0;0
FR;8;2022-01-25;0;0;0;0;0;0;0;0;0;0;0;0;0;0;0;0;0;0
FR;8;2022-01-26;0;0;0;0;0;0;0;0;0;0;0;0;0;0;0;0;0;0
FR;8;2022-01-27;0;0;0;0;0;0;0;0;0;0;0;0;0;0;0;0;0;0
FR;8;2022-01-28;0;0;0;0;0;0;0;0;0;0;0;0;0;0;0;0;0;0
FR;8;2022-01-29;0;0;0;0;0;0;0;0;0;0;0;0;0;0;0;0;0;0
FR;8;2022-01-30;0;0;0;0;0;0;0;0;0;0;0;0;0;0;0;0;0;0
FR;8;2022-01-31;0;0;0;0;0;0;0;0;0;0;0;0;0;0;0;0;0;0
FR;8;2022-02-01;0;0;0;0;0;0;0;0;0;0;0;0;0;0;0;0;0;0
FR;8;2022-02-02;0;0;0;0;0;0;0;0;0;0;0;0;0;0;0;0;0;0
FR;8;2022-02-03;0;0;0;0;0;0;0;0;0;0;0;0;0;0;0;0;0;0
FR;8;2022-02-04;0;0;0;0;0;0;0;0;0;0;0;0;0;0;0;0;0;0
FR;8;2022-02-05;0;0;0;0;0;0;0;0;0;0;0;0;0;0;0;0;0;0
FR;8;2022-02-06;0;0;0;0;0;0;0;0;0;0;0;0;0;0;0;0;0;0
FR;8;2022-02-07;0;0;0;0;0;0;0;0;0;0;0;0;0;0;0;0;0;0
FR;8;2022-02-08;0;0;0;0;0;0;0;0;0;0;0;0;0;0;0;0;0;0
FR;8;2022-02-09;0;0;0;0;0;0;0;0;0;0;0;0;0;0;0;0;0;0
FR;8;2022-02-10;0;0;0;0;0;0;0;0;0;0;0;0;0;0;0;0;0;0
FR;8;2022-02-11;0;0;0;0;0;0;0;0;0;0;0;0;0;0;0;0;0;0
FR;8;2022-02-12;0;0;0;0;0;0;0;0;0;0;0;0;0;0;0;0;0;0
FR;8;2022-02-13;0;0;0;0;0;0;0;0;0;0;0;0;0;0;0;0;0;0
FR;8;2022-02-14;0;0;0;0;0;0;0;0;0;0;0;0;0;0;0;0;0;0
FR;8;2022-02-15;0;0;0;0;0;0;0;0;0;0;0;0;0;0;0;0;0;0
FR;8;2022-02-16;0;0;0;0;0;0;0;0;0;0;0;0;0;0;0;0;0;0
FR;8;2022-02-17;0;0;0;0;0;0;0;0;0;0;0;0;0;0;0;0;0;0
FR;8;2022-02-18;0;0;0;0;0;0;0;0;0;0;0;0;0;0;0;0;0;0
FR;8;2022-02-19;0;0;0;0;0;0;0;0;0;0;0;0;0;0;0;0;0;0
FR;8;2022-02-20;0;0;0;0;0;0;0;0;0;0;0;0;0;0;0;0;0;0
FR;8;2022-02-21;0;0;0;0;0;0;0;0;0;0;0;0;0;0;0;0;0;0
FR;8;2022-02-22;0;0;0;0;0;0;0;0;0;0;0;0;0;0;0;0;0;0
FR;8;2022-02-23;0;0;0;0;0;0;0;0;0;0;0;0;0;0;0;0;0;0
FR;8;2022-02-24;0;0;0;0;0;0;0;0;0;0;0;0;0;0;0;0;0;0
FR;8;2022-02-25;0;0;0;0;0;0;0;0;0;0;0;0;0;0;0;0;0;0
FR;8;2022-02-26;0;0;0;0;0;0;0;0;0;0;0;0;0;0;0;0;0;0
FR;8;2022-02-27;0;0;0;0;0;0;0;0;0;0;0;0;0;0;0;0;0;0
FR;8;2022-02-28;0;0;0;0;0;0;0;0;0;0;0;0;0;0;0;0;0;0
FR;8;2022-03-01;0;0;0;0;0;0;0;0;0;0;0;0;0;0;0;0;0;0
FR;8;2022-03-02;0;0;0;0;0;0;0;0;0;0;0;0;0;0;0;0;0;0
FR;8;2022-03-03;0;0;0;0;0;0;0;0;0;0;0;0;0;0;0;0;0;0
FR;8;2022-03-04;0;0;0;0;0;0;0;0;0;0;0;0;0;0;0;0;0;0
FR;8;2022-03-05;0;0;0;0;0;0;0;0;0;0;0;0;0;0;0;0;0;0
FR;8;2022-03-06;0;0;0;0;0;0;0;0;0;0;0;0;0;0;0;0;0;0
FR;8;2022-03-07;0;0;0;0;0;0;0;0;0;0;0;0;0;0;0;0;0;0
FR;8;2022-03-08;0;0;0;0;0;0;0;0;0;0;0;0;0;0;0;0;0;0
FR;8;2022-03-09;0;0;0;0;0;0;0;0;0;0;0;0;0;0;0;0;0;0
FR;8;2022-03-10;0;0;0;0;0;0;0;0;0;0;0;0;0;0;0;0;0;0
FR;8;2022-03-11;0;0;0;0;0;0;0;0;0;0;0;0;0;0;0;0;0;0
FR;8;2022-03-12;0;0;0;0;0;0;0;0;0;0;0;0;0;0;0;0;0;0
FR;8;2022-03-13;0;0;0;0;0;0;0;0;0;0;0;0;0;0;0;0;0;0
FR;8;2022-03-14;0;0;0;0;0;0;0;0;0;0;0;0;0;0;0;0;0;0
FR;8;2022-03-15;0;0;0;0;0;0;0;0;0;0;0;0;0;0;0;0;0;0
FR;8;2022-03-16;0;0;0;0;0;0;0;0;0;0;0;0;0;0;0;0;0;0
FR;8;2022-03-17;0;0;0;0;0;0;0;0;0;0;0;0;0;0;0;0;0;0
FR;8;2022-03-18;0;0;0;0;0;0;0;0;0;0;0;0;0;0;0;0;0;0
FR;8;2022-03-19;0;0;0;0;0;0;0;0;0;0;0;0;0;0;0;0;0;0
FR;8;2022-03-20;0;0;0;0;0;0;0;0;0;0;0;0;0;0;0;0;0;0
FR;8;2022-03-21;0;0;0;0;0;0;0;0;0;0;0;0;0;0;0;0;0;0
FR;8;2022-03-22;0;0;0;0;0;0;0;0;0;0;0;0;0;0;0;0;0;0
FR;8;2022-03-23;0;0;0;0;0;0;0;0;0;0;0;0;0;0;0;0;0;0
FR;8;2022-03-24;0;0;0;0;0;0;0;0;0;0;0;0;0;0;0;0;0;0
FR;8;2022-03-25;0;0;0;0;0;0;0;0;0;0;0;0;0;0;0;0;0;0
FR;8;2022-03-26;0;0;0;0;0;0;0;0;0;0;0;0;0;0;0;0;0;0
FR;8;2022-03-27;0;0;0;0;0;0;0;0;0;0;0;0;0;0;0;0;0;0
FR;8;2022-03-28;0;0;0;0;0;0;0;0;0;0;0;0;0;0;0;0;0;0
FR;8;2022-03-29;0;0;0;0;0;0;0;0;0;0;0;0;0;0;0;0;0;0
FR;8;2022-03-30;0;0;0;0;0;0;0;0;0;0;0;0;0;0;0;0;0;0
FR;8;2022-03-31;0;0;0;0;0;0;0;0;0;0;0;0;0;0;0;0;0;0
FR;8;2022-04-01;0;0;0;0;0;0;0;0;0;0;0;0;0;0;0;0;0;0
FR;8;2022-04-02;0;0;0;0;0;0;0;0;0;0;0;0;0;0;0;0;0;0
FR;8;2022-04-03;0;0;0;0;0;0;0;0;0;0;0;0;0;0;0;0;0;0
FR;8;2022-04-04;0;0;0;0;0;0;0;0;0;0;0;0;0;0;0;0;0;0
FR;8;2022-04-05;0;0;0;0;0;0;0;0;0;0;0;0;0;0;0;0;0;0
FR;8;2022-04-06;0;0;0;0;0;0;0;0;0;0;0;0;0;0;0;0;0;0
FR;8;2022-04-07;0;0;0;0;0;0;0;0;0;0;0;0;0;0;0;0;0;0
FR;8;2022-04-08;0;0;0;0;0;0;0;0;0;0;0;0;0;0;0;0;0;0
FR;8;2022-04-09;0;0;0;0;0;0;0;0;0;0;0;0;0;0;0;0;0;0
FR;8;2022-04-10;0;0;0;0;0;0;0;0;0;0;0;0;0;0;0;0;0;0
FR;8;2022-04-11;0;0;0;0;0;0;0;0;0;0;0;0;0;0;0;0;0;0
FR;8;2022-04-12;0;0;0;0;0;0;0;0;0;0;0;0;0;0;0;0;0;0
FR;8;2022-04-13;0;0;0;0;0;0;0;0;0;0;0;0;0;0;0;0;0;0
FR;8;2022-04-14;0;0;0;0;0;0;0;0;0;0;0;0;0;0;0;0;0;0
FR;8;2022-04-15;0;0;0;0;0;0;0;0;0;0;0;0;0;0;0;0;0;0
FR;8;2022-04-16;0;0;0;0;0;0;0;0;0;0;0;0;0;0;0;0;0;0
FR;8;2022-04-17;0;0;0;0;0;0;0;0;0;0;0;0;0;0;0;0;0;0
FR;8;2022-04-18;0;0;0;0;0;0;0;0;0;0;0;0;0;0;0;0;0;0
FR;8;2022-04-19;0;0;0;0;0;0;0;0;0;0;0;0;0;0;0;0;0;0
FR;8;2022-04-20;0;0;0;0;0;0;0;0;0;0;0;0;0;0;0;0;0;0
FR;8;2022-04-21;0;0;0;0;0;0;0;0;0;0;0;0;0;0;0;0;0;0
FR;8;2022-04-22;0;0;0;0;0;0;0;0;0;0;0;0;0;0;0;0;0;0
FR;8;2022-04-23;0;0;0;0;0;0;0;0;0;0;0;0;0;0;0;0;0;0
FR;8;2022-04-24;0;0;0;0;0;0;0;0;0;0;0;0;0;0;0;0;0;0
FR;8;2022-04-25;0;0;0;0;0;0;0;0;0;0;0;0;0;0;0;0;0;0
FR;8;2022-04-26;0;0;0;0;0;0;0;0;0;0;0;0;0;0;0;0;0;0
FR;8;2022-04-27;0;0;0;0;0;0;0;0;0;0;0;0;0;0;0;0;0;0
FR;8;2022-04-28;0;0;0;0;0;0;0;0;0;0;0;0;0;0;0;0;0;0
FR;8;2022-04-29;0;0;0;0;0;0;0;0;0;0;0;0;0;0;0;0;0;0
FR;8;2022-04-30;0;0;0;0;0;0;0;0;0;0;0;0;0;0;0;0;0;0
FR;8;2022-05-01;0;0;0;0;0;0;0;0;0;0;0;0;0;0;0;0;0;0
FR;8;2022-05-02;0;0;0;0;0;0;0;0;0;0;0;0;0;0;0;0;0;0
FR;8;2022-05-03;0;0;0;0;0;0;0;0;0;0;0;0;0;0;0;0;0;0
FR;8;2022-05-04;0;0;0;0;0;0;0;0;0;0;0;0;0;0;0;0;0;0
FR;8;2022-05-05;0;0;0;0;0;0;0;0;0;0;0;0;0;0;0;0;0;0
FR;8;2022-05-06;0;0;0;0;0;0;0;0;0;0;0;0;0;0;0;0;0;0
FR;8;2022-05-07;0;0;0;0;0;0;0;0;0;0;0;0;0;0;0;0;0;0
FR;8;2022-05-08;0;0;0;0;0;0;0;0;0;0;0;0;0;0;0;0;0;0
FR;8;2022-05-09;0;0;0;0;0;0;0;0;0;0;0;0;0;0;0;0;0;0
FR;8;2022-05-10;0;0;0;0;0;0;0;0;0;0;0;0;0;0;0;0;0;0
FR;8;2022-05-11;0;0;0;0;0;0;0;0;0;0;0;0;0;0;0;0;0;0
FR;8;2022-05-12;0;0;0;0;0;0;0;0;0;0;0;0;0;0;0;0;0;0
FR;8;2022-05-13;0;0;0;0;0;0;0;0;0;0;0;0;0;0;0;0;0;0
FR;8;2022-05-14;0;0;0;0;0;0;0;0;0;0;0;0;0;0;0;0;0;0
FR;8;2022-05-15;0;0;0;0;0;0;0;0;0;0;0;0;0;0;0;0;0;0
FR;8;2022-05-16;0;0;0;0;0;0;0;0;0;0;0;0;0;0;0;0;0;0
FR;8;2022-05-17;0;0;0;0;0;0;0;0;0;0;0;0;0;0;0;0;0;0
FR;8;2022-05-18;0;0;0;0;0;0;0;0;0;0;0;0;0;0;0;0;0;0
FR;8;2022-05-19;0;0;0;0;0;0;0;0;0;0;0;0;0;0;0;0;0;0
FR;8;2022-05-20;0;0;0;0;0;0;0;0;0;0;0;0;0;0;0;0;0;0
FR;8;2022-05-21;0;0;0;0;0;0;0;0;0;0;0;0;0;0;0;0;0;0
FR;8;2022-05-22;0;0;0;0;0;0;0;0;0;0;0;0;0;0;0;0;0;0
FR;8;2022-05-23;0;0;0;0;0;0;0;0;0;0;0;0;0;0;0;0;0;0
FR;8;2022-05-24;0;0;0;0;0;0;0;0;0;0;0;0;0;0;0;0;0;0
FR;8;2022-05-25;0;0;0;0;0;0;0;0;0;0;0;0;0;0;0;0;0;0
FR;8;2022-05-26;0;0;0;0;0;0;0;0;0;0;0;0;0;0;0;0;0;0
FR;8;2022-05-27;0;0;0;0;0;0;0;0;0;0;0;0;0;0;0;0;0;0
FR;8;2022-05-28;0;0;0;0;0;0;0;0;0;0;0;0;0;0;0;0;0;0
FR;8;2022-05-29;0;0;0;0;0;0;0;0;0;0;0;0;0;0;0;0;0;0
FR;8;2022-05-30;0;0;0;0;0;0;0;0;0;0;0;0;0;0;0;0;0;0
FR;8;2022-05-31;0;0;0;0;0;0;0;0;0;0;0;0;0;0;0;0;0;0
FR;8;2022-06-01;0;0;0;0;0;0;0;0;0;0;0;0;0;0;0;0;0;0
FR;8;2022-06-02;0;0;0;0;0;0;0;0;0;0;0;0;0;0;0;0;0;0
FR;8;2022-06-03;0;0;0;0;0;0;0;0;0;0;0;0;0;0;0;0;0;0
FR;8;2022-06-04;0;0;0;0;0;0;0;0;0;0;0;0;0;0;0;0;0;0
FR;8;2022-06-05;0;0;0;0;0;0;0;0;0;0;0;0;0;0;0;0;0;0
FR;8;2022-06-06;0;0;0;0;0;0;0;0;0;0;0;0;0;0;0;0;0;0
FR;8;2022-06-07;0;0;0;0;0;0;0;0;0;0;0;0;0;0;0;0;0;0
FR;8;2022-06-08;0;0;0;0;0;0;0;0;0;0;0;0;0;0;0;0;0;0
FR;8;2022-06-09;0;0;0;0;0;0;0;0;0;0;0;0;0;0;0;0;0;0
FR;8;2022-06-10;0;0;0;0;0;0;0;0;0;0;0;0;0;0;0;0;0;0
FR;8;2022-06-11;0;0;0;0;0;0;0;0;0;0;0;0;0;0;0;0;0;0
FR;8;2022-06-12;0;0;0;0;0;0;0;0;0;0;0;0;0;0;0;0;0;0
FR;8;2022-06-13;0;0;0;0;0;0;0;0;0;0;0;0;0;0;0;0;0;0
FR;8;2022-06-14;0;0;0;0;0;0;0;0;0;0;0;0;0;0;0;0;0;0
FR;8;2022-06-15;0;0;0;0;0;0;0;0;0;0;0;0;0;0;0;0;0;0
FR;8;2022-06-16;0;0;0;0;0;0;0;0;0;0;0;0;0;0;0;0;0;0
FR;8;2022-06-17;0;0;0;0;0;0;0;0;0;0;0;0;0;0;0;0;0;0
FR;8;2022-06-18;0;0;0;0;0;0;0;0;0;0;0;0;0;0;0;0;0;0
FR;8;2022-06-19;0;0;0;0;0;0;0;0;0;0;0;0;0;0;0;0;0;0
FR;8;2022-06-20;0;0;0;0;0;0;0;0;0;0;0;0;0;0;0;0;0;0
FR;8;2022-06-21;0;0;0;0;0;0;0;0;0;0;0;0;0;0;0;0;0;0
FR;8;2022-06-22;0;0;0;0;0;0;0;0;0;0;0;0;0;0;0;0;0;0
FR;8;2022-06-23;0;0;0;0;0;0;0;0;0;0;0;0;0;0;0;0;0;0
FR;8;2022-06-24;0;0;0;0;0;0;0;0;0;0;0;0;0;0;0;0;0;0
FR;8;2022-06-25;0;0;0;0;0;0;0;0;0;0;0;0;0;0;0;0;0;0
FR;8;2022-06-26;0;0;0;0;0;0;0;0;0;0;0;0;0;0;0;0;0;0
FR;8;2022-06-27;0;0;0;0;0;0;0;0;0;0;0;0;0;0;0;0;0;0
FR;8;2022-06-28;0;0;0;0;0;0;0;0;0;0;0;0;0;0;0;0;0;0
FR;8;2022-06-29;0;0;0;0;0;0;0;0;0;0;0;0;0;0;0;0;0;0
FR;8;2022-06-30;0;0;0;0;0;0;0;0;0;0;0;0;0;0;0;0;0;0
FR;8;2022-07-01;0;0;0;0;0;0;0;0;0;0;0;0;0;0;0;0;0;0
FR;8;2022-07-02;0;0;0;0;0;0;0;0;0;0;0;0;0;0;0;0;0;0
FR;8;2022-07-03;0;0;0;0;0;0;0;0;0;0;0;0;0;0;0;0;0;0
FR;8;2022-07-04;0;0;0;0;0;0;0;0;0;0;0;0;0;0;0;0;0;0
FR;8;2022-07-05;0;0;0;0;0;0;0;0;0;0;0;0;0;0;0;0;0;0
FR;8;2022-07-06;0;0;0;0;0;0;0;0;0;0;0;0;0;0;0;0;0;0
FR;8;2022-07-07;0;0;0;0;0;0;0;0;0;0;0;0;0;0;0;0;0;0
FR;8;2022-07-08;0;0;0;0;0;0;0;0;0;0;0;0;0;0;0;0;0;0
FR;8;2022-07-09;0;0;0;0;0;0;0;0;0;0;0;0;0;0;0;0;0;0
FR;8;2022-07-10;0;0;0;0;0;0;0;0;0;0;0;0;0;0;0;0;0;0
FR;8;2022-07-11;0;0;0;0;0;0;0;0;0;0;0;0;0;0;0;0;0;0
FR;8;2022-07-12;0;0;0;0;0;0;0;0;0;0;0;0;0;0;0;0;0;0
FR;8;2022-07-13;0;0;0;0;0;0;0;0;0;0;0;0;0;0;0;0;0;0
FR;8;2022-07-14;0;0;0;0;0;0;0;0;0;0;0;0;0;0;0;0;0;0
FR;8;2022-07-15;0;0;0;0;0;0;0;0;0;0;0;0;0;0;0;0;0;0
FR;8;2022-07-16;0;0;0;0;0;0;0;0;0;0;0;0;0;0;0;0;0;0
FR;8;2022-07-17;0;0;0;0;0;0;0;0;0;0;0;0;0;0;0;0;0;0
FR;8;2022-07-18;0;0;0;0;0;0;0;0;0;0;0;0;0;0;0;0;0;0
FR;8;2022-07-19;0;0;0;0;0;0;0;0;0;0;0;0;0;0;0;0;0;0
FR;8;2022-07-20;0;0;0;0;0;0;0;0;0;0;0;0;0;0;0;0;0;0
FR;8;2022-07-21;0;0;0;0;0;0;0;0;0;0;0;0;0;0;0;0;0;0
FR;8;2022-07-22;0;0;0;0;0;0;0;0;0;0;0;0;0;0;0;0;0;0
FR;8;2022-07-23;0;0;0;0;0;0;0;0;0;0;0;0;0;0;0;0;0;0
FR;8;2022-07-24;0;0;0;0;0;0;0;0;0;0;0;0;0;0;0;0;0;0
FR;8;2022-07-25;0;0;0;0;0;0;0;0;0;0;0;0;0;0;0;0;0;0
FR;8;2022-07-26;0;0;0;0;0;0;0;0;0;0;0;0;0;0;0;0;0;0
FR;8;2022-07-27;0;0;0;0;0;0;0;0;0;0;0;0;0;0;0;0;0;0
FR;8;2022-07-28;0;0;0;0;0;0;0;0;0;0;0;0;0;0;0;0;0;0
FR;8;2022-07-29;0;0;0;0;0;0;0;0;0;0;0;0;0;0;0;0;0;0
FR;8;2022-07-30;0;0;0;0;0;0;0;0;0;0;0;0;0;0;0;0;0;0
FR;8;2022-07-31;0;0;0;0;0;0;0;0;0;0;0;0;0;0;0;0;0;0
FR;8;2022-08-01;0;0;0;0;0;0;0;0;0;0;0;0;0;0;0;0;0;0
FR;8;2022-08-02;0;0;0;0;0;0;0;0;0;0;0;0;0;0;0;0;0;0
FR;8;2022-08-03;0;0;0;0;0;0;0;0;0;0;0;0;0;0;0;0;0;0
FR;8;2022-08-04;0;0;0;0;0;0;0;0;0;0;0;0;0;0;0;0;0;0
FR;8;2022-08-05;0;0;0;0;0;0;0;0;0;0;0;0;0;0;0;0;0;0
FR;8;2022-08-06;0;0;0;0;0;0;0;0;0;0;0;0;0;0;0;0;0;0
FR;8;2022-08-07;0;0;0;0;0;0;0;0;0;0;0;0;0;0;0;0;0;0
FR;8;2022-08-08;0;0;0;0;0;0;0;0;0;0;0;0;0;0;0;0;0;0
FR;8;2022-08-09;0;0;0;0;0;0;0;0;0;0;0;0;0;0;0;0;0;0
FR;8;2022-08-10;0;0;0;0;0;0;0;0;0;0;0;0;0;0;0;0;0;0
FR;8;2022-08-11;0;0;0;0;0;0;0;0;0;0;0;0;0;0;0;0;0;0
FR;8;2022-08-12;0;0;0;0;0;0;0;0;0;0;0;0;0;0;0;0;0;0
FR;8;2022-08-13;0;0;0;0;0;0;0;0;0;0;0;0;0;0;0;0;0;0
FR;8;2022-08-14;0;0;0;0;0;0;0;0;0;0;0;0;0;0;0;0;0;0
FR;8;2022-08-15;0;0;0;0;0;0;0;0;0;0;0;0;0;0;0;0;0;0
FR;8;2022-08-16;0;0;0;0;0;0;0;0;0;0;0;0;0;0;0;0;0;0
FR;8;2022-08-17;0;0;0;0;0;0;0;0;0;0;0;0;0;0;0;0;0;0
FR;8;2022-08-18;0;0;0;0;0;0;0;0;0;0;0;0;0;0;0;0;0;0
FR;8;2022-08-19;0;0;0;0;0;0;0;0;0;0;0;0;0;0;0;0;0;0
FR;8;2022-08-20;0;0;0;0;0;0;0;0;0;0;0;0;0;0;0;0;0;0
FR;8;2022-08-21;0;0;0;0;0;0;0;0;0;0;0;0;0;0;0;0;0;0
FR;8;2022-08-22;0;0;0;0;0;0;0;0;0;0;0;0;0;0;0;0;0;0
FR;8;2022-08-23;0;0;0;0;0;0;0;0;0;0;0;0;0;0;0;0;0;0
FR;8;2022-08-24;0;0;0;0;0;0;0;0;0;0;0;0;0;0;0;0;0;0
FR;8;2022-08-25;0;0;0;0;0;0;0;0;0;0;0;0;0;0;0;0;0;0
FR;8;2022-08-26;0;0;0;0;0;0;0;0;0;0;0;0;0;0;0;0;0;0
FR;8;2022-08-27;0;0;0;0;0;0;0;0;0;0;0;0;0;0;0;0;0;0
FR;8;2022-08-28;0;0;0;0;0;0;0;0;0;0;0;0;0;0;0;0;0;0
FR;8;2022-08-29;0;0;0;0;0;0;0;0;0;0;0;0;0;0;0;0;0;0
FR;8;2022-08-30;0;0;0;0;0;0;0;0;0;0;0;0;0;0;0;0;0;0
FR;8;2022-08-31;0;0;0;0;0;0;0;0;0;0;0;0;0;0;0;0;0;0
FR;8;2022-09-01;0;0;0;0;0;0;0;0;0;0;0;0;0;0;0;0;0;0
FR;8;2022-09-02;0;0;0;0;0;0;0;0;0;0;0;0;0;0;0;0;0;0
FR;8;2022-09-03;0;0;0;0;0;0;0;0;0;0;0;0;0;0;0;0;0;0
FR;8;2022-09-04;0;0;0;0;0;0;0;0;0;0;0;0;0;0;0;0;0;0
FR;8;2022-09-05;0;0;0;0;0;0;0;0;0;0;0;0;0;0;0;0;0;0
FR;8;2022-09-06;0;0;0;0;0;0;0;0;0;0;0;0;0;0;0;0;0;0
FR;8;2022-09-07;0;0;0;0;0;0;0;0;0;0;0;0;0;0;0;0;0;0
FR;8;2022-09-08;0;0;0;0;0;0;0;0;0;0;0;0;0;0;0;0;0;0
FR;8;2022-09-09;0;0;0;0;0;0;0;0;0;0;0;0;0;0;0;0;0;0
FR;8;2022-09-10;0;0;0;0;0;0;0;0;0;0;0;0;0;0;0;0;0;0
FR;8;2022-09-11;0;0;0;0;0;0;0;0;0;0;0;0;0;0;0;0;0;0
FR;8;2022-09-12;0;0;0;0;0;0;0;0;0;0;0;0;0;0;0;0;0;0
FR;8;2022-09-13;0;0;0;0;0;0;0;0;0;0;0;0;0;0;0;0;0;0
FR;8;2022-09-14;0;0;0;0;0;0;0;0;0;0;0;0;0;0;0;0;0;0
FR;8;2022-09-15;0;0;0;0;0;0;0;0;0;0;0;0;0;0;0;0;0;0
FR;8;2022-09-16;0;0;0;0;0;0;0;0;0;0;0;0;0;0;0;0;0;0
FR;8;2022-09-17;0;0;0;0;0;0;0;0;0;0;0;0;0;0;0;0;0;0
FR;8;2022-09-18;0;0;0;0;0;0;0;0;0;0;0;0;0;0;0;0;0;0
FR;8;2022-09-19;0;0;0;0;0;0;0;0;0;0;0;0;0;0;0;0;0;0
FR;8;2022-09-20;0;0;0;0;0;0;0;0;0;0;0;0;0;0;0;0;0;0
FR;8;2022-09-21;0;0;0;0;0;0;0;0;0;0;0;0;0;0;0;0;0;0
FR;8;2022-09-22;0;0;0;0;0;0;0;0;0;0;0;0;0;0;0;0;0;0
FR;8;2022-09-23;0;0;0;0;0;0;0;0;0;0;0;0;0;0;0;0;0;0
FR;8;2022-09-24;0;0;0;0;0;0;0;0;0;0;0;0;0;0;0;0;0;0
FR;8;2022-09-25;0;0;0;0;0;0;0;0;0;0;0;0;0;0;0;0;0;0
FR;8;2022-09-26;0;0;0;0;0;0;0;0;0;0;0;0;0;0;0;0;0;0
FR;8;2022-09-27;0;0;0;0;0;0;0;0;0;0;0;0;0;0;0;0;0;0
FR;8;2022-09-28;0;0;0;0;0;0;0;0;0;0;0;0;0;0;0;0;0;0
FR;8;2022-09-29;0;0;0;0;0;0;0;0;0;0;0;0;0;0;0;0;0;0
FR;8;2022-09-30;0;0;0;0;0;0;0;0;0;0;0;0;0;0;0;0;0;0
FR;8;2022-10-01;0;0;0;0;0;0;0;0;0;0;0;0;0;0;0;0;0;0
FR;8;2022-10-02;0;0;0;0;0;0;0;0;0;0;0;0;0;0;0;0;0;0
FR;8;2022-10-03;0;0;0;0;0;0;0;0;0;0;0;0;0;0;0;0;0;0
FR;8;2022-10-04;0;0;0;0;0;0;0;0;0;0;0;0;0;0;0;0;0;0
FR;8;2022-10-05;0;0;0;0;0;0;0;0;0;0;0;0;0;0;0;0;0;0
FR;8;2022-10-06;10;17;113;861;8;83;866;1059;110;10;17;113;861;8;83;866;1059;110
FR;8;2022-10-07;73;102;842;8012;63;699;8066;9845;1073;83;119;955;8873;71;782;8932;10904;1183
FR;8;2022-10-08;36;115;610;4057;50;516;4109;5310;676;119;234;1565;12930;121;1298;13041;16214;1859
FR;8;2022-10-09;17;22;145;885;13;132;913;1234;185;136;256;1710;13815;134;1430;13954;17448;2044
FR;8;2022-10-10;120;192;1348;12724;106;1029;12965;16269;2253;256;448;3058;26539;240;2459;26919;33717;4297
FR;8;2022-10-11;183;264;2476;26927;136;2012;27198;33964;4717;439;712;5534;53466;376;4471;54117;67681;9014
FR;8;2022-10-12;158;258;1831;18236;152;1441;18472;23472;3535;597;970;7365;71702;528;5912;72589;91153;12549
FR;8;2022-10-13;208;281;2512;28077;178;1905;28441;35580;5206;805;1251;9877;99779;706;7817;101030;126733;17755
FR;8;2022-10-14;257;419;3271;36246;241;2556;36671;45576;6307;1062;1670;13148;136025;947;10373;137701;172309;24062
FR;8;2022-10-15;102;182;1203;8806;79;1002;8932;11783;1829;1164;1852;14351;144831;1026;11375;146633;184092;25891
FR;8;2022-10-16;34;54;248;1522;26;215;1557;2179;402;1198;1906;14599;146353;1052;11590;148190;186271;26293
FR;8;2022-10-17;158;311;2101;21800;174;1627;22109;28294;4536;1356;2217;16700;168153;1226;13217;170299;214565;30829
FR;8;2022-10-18;269;349;3356;37859;226;2654;38242;50784;9815;1625;2566;20056;206012;1452;15871;208541;265349;40644
FR;8;2022-10-19;199;313;2631;28300;182;2187;28619;38729;7862;1824;2879;22687;234312;1634;18058;237160;304078;48506
FR;8;2022-10-20;256;368;3577;41204;228;2653;41812;55705;11155;2080;3247;26264;275516;1862;20711;278972;359783;59661
FR;8;2022-10-21;325;489;4461;49420;276;3475;50018;66301;12711;2405;3736;30725;324936;2138;24186;328990;426084;72372
FR;8;2022-10-22;126;168;1230;10663;111;927;10850;14745;2949;2531;3904;31955;335599;2249;25113;339840;440829;75321
FR;8;2022-10-23;50;53;266;1761;48;197;1840;2609;571;2581;3957;32221;337360;2297;25310;341680;443438;75892
FR;8;2022-10-24;231;311;2475;24044;174;2074;24342;33551;7084;2812;4268;34696;361404;2471;27384;366022;476989;82976
FR;8;2022-10-25;307;415;4081;43458;257;3135;44057;61295;14000;3119;4683;38777;404862;2728;30519;410079;538284;96976
FR;8;2022-10-26;226;343;2885;28761;186;2381;29040;41471;9962;3345;5026;41662;433623;2914;32900;439119;579755;106938
FR;8;2022-10-27;276;415;3329;36200;243;2635;36676;51255;11879;3621;5441;44991;469823;3157;35535;475795;631010;118817
FR;8;2022-10-28;328;466;3829;39476;258;2864;40200;55130;11997;3949;5907;48820;509299;3415;38399;515995;686140;130814
FR;8;2022-10-29;113;165;1074;8230;94;803;8374;11861;2667;4062;6072;49894;517529;3509;39202;524369;698001;133481
FR;8;2022-10-30;40;53;210;1348;38;180;1394;2063;485;4102;6125;50104;518877;3547;39382;525763;700064;133966
FR;8;2022-10-31;196;259;1662;14537;144;1275;14802;21200;5105;4298;6384;51766;533414;3691;40657;540565;721264;139071
FR;8;2022-11-01;33;41;135;960;23;169;975;1620;473;4331;6425;51901;534374;3714;40826;541540;722884;139544
FR;8;2022-11-02;197;369;2377;23315;204;1981;23709;35058;9301;4528;6794;54278;557689;3918;42807;565249;757942;148845
FR;8;2022-11-03;311;418;3487;36969;258;2604;37612;54689;14374;4839;7212;57765;594658;4176;45411;602861;812631;163219
FR;8;2022-11-04;355;496;3783;40210;260;2976;40732;57998;14179;5194;7708;61548;634868;4436;48387;643593;870629;177398
FR;8;2022-11-05;113;185;1103;8767;119;850;8934;12889;3070;5307;7893;62651;643635;4555;49237;652527;883518;180468
FR;8;2022-11-06;45;56;224;1408;38;205;1441;2249;593;5352;7949;62875;645043;4593;49442;653968;885767;181061
FR;8;2022-11-07;231;280;2324;24843;207;1799;25432;37629;10330;5583;8229;65199;669886;4800;51241;679400;923396;191391
FR;8;2022-11-08;345;505;4340;48400;305;3266;49379;71627;18820;5928;8734;69539;718286;5105;54507;728779;995023;210211
FR;8;2022-11-09;263;369;2878;29178;211;2262;29863;44459;12250;6191;9103;72417;747464;5316;56769;758642;1039482;222461
FR;8;2022-11-10;367;537;3957;40285;306;3025;41199;60568;16204;6558;9640;76374;787749;5622;59794;799841;1100050;238665
FR;8;2022-11-11;39;62;243;1479;33;204;1525;2675;933;6597;9702;76617;789228;5655;59998;801366;1102725;239598
FR;8;2022-11-12;85;165;881;6433;79;687;6636;9894;2552;6682;9867;77498;795661;5734;60685;808002;1112619;242150
FR;8;2022-11-13;36;54;213;1109;35;173;1161;1923;583;6718;9921;77711;796770;5769;60858;809163;1114542;242733
FR;8;2022-11-14;231;307;2241;22449;168;1725;22999;35093;10294;6949;10228;79952;819219;5937;62583;832162;1149635;253027
FR;8;2022-11-15;344;425;3766;42357;260;2870;43264;64804;18536;7293;10653;83718;861576;6197;65453;875426;1214439;271563
FR;8;2022-11-16;302;350;2621;26548;219;2158;27021;41759;12495;7595;11003;86339;888124;6416;67611;902447;1256198;284058
FR;8;2022-11-17;371;430;3386;36871;292;2617;37451;56654;16487;7966;11433;89725;924995;6708;70228;939898;1312852;300545
FR;8;2022-11-18;343;465;4073;42322;286;2977;43175;63680;17424;8309;11898;93798;967317;6994;73205;983073;1376532;317969
FR;8;2022-11-19;121;180;1199;8974;118;844;9156;13833;3795;8430;12078;94997;976291;7112;74049;992229;1390365;321764
FR;8;2022-11-20;35;51;260;1585;35;217;1653;2663;788;8465;12129;95257;977876;7147;74266;993882;1393028;322552
FR;8;2022-11-21;217;303;2078;20108;178;1601;20640;32129;9821;8682;12432;97335;997984;7325;75867;1014522;1425157;332373
FR;8;2022-11-22;336;407;3472;37562;250;2671;38076;58165;17307;9018;12839;100807;1035546;7575;78538;1052598;1483322;349680
FR;8;2022-11-23;230;324;2412;24438;188;2015;24865;39211;12249;9248;13163;103219;1059984;7763;80553;1077463;1522533;361929
FR;8;2022-11-24;347;391;3373;34907;237;2581;35596;55342;17066;9595;13554;106592;1094891;8000;83134;1113059;1577875;378995
FR;8;2022-11-25;309;425;3633;37739;286;2625;38537;57851;16565;9904;13979;110225;1132630;8286;85759;1151596;1635726;395560
FR;8;2022-11-26;172;194;1177;8819;126;898;8976;13689;3784;10076;14173;111402;1141449;8412;86657;1160572;1649415;399344
FR;8;2022-11-27;45;43;227;1545;37;180;1561;2472;721;10121;14216;111629;1142994;8449;86837;1162133;1651887;400065
FR;8;2022-11-28;183;301;2308;23375;172;1703;24039;37316;11500;10304;14517;113937;1166369;8621;88540;1186172;1689203;411565
FR;8;2022-11-29;293;428;3978;44079;217;2943;44766;69133;21301;10597;14945;117915;1210448;8838;91483;1230938;1758336;432866
FR;8;2022-11-30;283;410;3376;34885;227;2544;35650;54718;16406;10880;15355;121291;1245333;9065;94027;1266588;1813054;449272
FR;8;2022-12-01;334;476;4473;49355;274;3129;50131;77676;24253;11214;15831;125764;1294688;9339;97156;1316719;1890730;473525
FR;8;2022-12-02;408;518;5437;58442;304;3740;59620;89799;26250;11622;16349;131201;1353130;9643;100896;1376339;1980529;499775
FR;8;2022-12-03;177;216;1917;16859;108;1325;17271;25839;7207;11799;16565;133118;1369989;9751;102221;1393610;2006368;506982
FR;8;2022-12-04;53;90;489;4056;59;404;4116;6288;1756;11852;16655;133607;1374045;9810;102625;1397726;2012656;508738
FR;8;2022-12-05;285;403;3845;42335;247;2509;43262;66862;20942;12137;17058;137452;1416380;10057;105134;1440988;2079518;529680
FR;8;2022-12-06;425;546;6295;74320;305;4211;75737;117925;37731;12562;17604;143747;1490700;10362;109345;1516725;2197443;567411
FR;8;2022-12-07;362;434;4906;55022;265;3240;56107;87678;28136;12924;18038;148653;1545722;10627;112585;1572832;2285121;595547
FR;8;2022-12-08;453;534;6444;75436;291;4191;77022;120458;38984;13377;18572;155097;1621158;10918;116776;1649854;2405579;634531
FR;8;2022-12-09;546;603;8018;90894;356;5210;92661;142984;44846;13923;19175;163115;1712052;11274;121986;1742515;2548563;679377
FR;8;2022-12-10;264;301;3339;31717;168;2089;32562;48736;13994;14187;19476;166454;1743769;11442;124075;1775077;2597299;693371
FR;8;2022-12-11;90;104;937;7865;66;644;8083;11892;3145;14277;19580;167391;1751634;11508;124719;1783160;2609191;696516
FR;8;2022-12-12;354;462;5854;64335;253;3727;65845;103355;33585;14631;20042;173245;1815969;11761;128446;1849005;2712546;730101
FR;8;2022-12-13;531;605;8427;99081;351;5193;101509;160101;53066;15162;20647;181672;1915050;12112;133639;1950514;2872647;783167
FR;8;2022-12-14;454;533;6360;70047;306;4209;71613;113460;37368;15616;21180;188032;1985097;12418;137848;2022127;2986107;820535
FR;8;2022-12-15;491;650;8152;91721;366;5131;93934;149218;49812;16107;21830;196184;2076818;12784;142979;2116061;3135325;870347
FR;8;2022-12-16;582;709;8867;100287;386;5703;102414;161887;53395;16689;22539;205051;2177105;13170;148682;2218475;3297212;923742
FR;8;2022-12-17;233;308;3145;30057;189;2004;30828;46767;13830;16922;22847;208196;2207162;13359;150686;2249303;3343979;937572
FR;8;2022-12-18;63;94;732;5974;49;499;6122;9296;2646;16985;22941;208928;2213136;13408;151185;2255425;3353275;940218
FR;8;2022-12-19;399;453;5344;53758;265;3367;55322;87745;28874;17384;23394;214272;2266894;13673;154552;2310747;3441020;969092
FR;8;2022-12-20;555;581;7345;76568;348;4753;78665;127097;43351;17939;23975;221617;2343462;14021;159305;2389412;3568117;1012443
FR;8;2022-12-21;423;481;4965;48776;287;3316;50064;81683;28105;18362;24456;226582;2392238;14308;162621;2439476;3649800;1040548
FR;8;2022-12-22;462;524;4585;44266;313;3185;45488;74763;25935;18824;24980;231167;2436504;14621;165806;2484964;3724563;1066483
FR;8;2022-12-23;317;389;2884;25015;252;2076;25675;42267;14399;19141;25369;234051;2461519;14873;167882;2510639;3766830;1080882
FR;8;2022-12-24;70;70;395;2551;41;295;2665;4151;1174;19211;25439;234446;2464070;14914;168177;2513304;3770981;1082056
FR;8;2022-12-25;29;29;105;546;22;82;567;912;260;19240;25468;234551;2464616;14936;168259;2513871;3771893;1082316
FR;8;2022-12-26;243;275;2158;16064;176;1500;16687;26763;8481;19483;25743;236709;2480680;15112;169759;2530558;3798656;1090797
FR;8;2022-12-27;392;453;3771;32395;263;2532;33488;55271;19104;19875;26196;240480;2513075;15375;172291;2564046;3853927;1109901
FR;8;2022-12-28;343;342;2941;24656;191;2055;25244;41730;14311;20218;26538;243421;2537731;15566;174346;2589290;3895657;1124212
FR;8;2022-12-29;299;406;3158;25511;225;2186;26463;43968;15189;20517;26944;246579;2563242;15791;176532;2615753;3939625;1139401
FR;8;2022-12-30;296;343;2444;18666;215;1702;19307;31705;10588;20813;27287;249023;2581908;16006;178234;2635060;3971330;1149989
FR;8;2022-12-31;92;117;453;2959;75;364;3102;4755;1269;20905;27404;249476;2584867;16081;178598;2638162;3976085;1151258
FR;8;2023-01-01;17;30;112;661;14;85;684;995;225;20922;27434;249588;2585528;16095;178683;2638846;3977080;1151483
FR;8;2023-01-02;266;404;2261;18204;236;1607;18666;32011;11653;21188;27838;251849;2603732;16331;180290;2657512;4009091;1163136
FR;8;2023-01-03;465;541;4248;42800;320;2911;43715;80830;33881;21653;28379;256097;2646532;16651;183201;2701227;4089921;1197017
FR;8;2023-01-04;409;472;3492;29975;290;2422;30732;58246;24905;22062;28851;259589;2676507;16941;185623;2731959;4148167;1221922
FR;8;2023-01-05;502;597;4369;41797;400;2932;42692;81967;36022;22564;29448;263958;2718304;17341;188555;2774651;4230134;1257944
FR;8;2023-01-06;511;670;5102;46724;406;3340;47739;89670;38260;23075;30118;269060;2765028;17747;191895;2822390;4319804;1296204
FR;8;2023-01-07;216;288;1703;12296;180;1197;12610;22342;8435;23291;30406;270763;2777324;17927;193092;2835000;4342146;1304639
FR;8;2023-01-08;68;105;443;2744;64;312;2839;5094;1926;23359;30511;271206;2780068;17991;193404;2837839;4347240;1306565
FR;8;2023-01-09;399;477;2617;21453;309;1840;22024;44541;20457;23758;30988;273823;2801521;18300;195244;2859863;4391781;1327022
FR;8;2023-01-10;461;620;4341;40151;384;3060;40920;84989;40626;24219;31608;278164;2841672;18684;198304;2900783;4476770;1367648
FR;8;2023-01-11;345;457;2944;24111;286;2109;24619;51460;24440;24564;32065;281108;2865783;18970;200413;2925402;4528230;1392088
FR;8;2023-01-12;409;539;3655;33151;330;2571;33774;70744;34031;24973;32604;284763;2898934;19300;202984;2959176;4598974;1426119
FR;8;2023-01-13;446;588;4044;34870;338;2858;35463;72823;34123;25419;33192;288807;2933804;19638;205842;2994639;4671797;1460242
FR;8;2023-01-14;177;228;1337;8857;123;953;9039;17175;7103;25596;33420;290144;2942661;19761;206795;3003678;4688972;1467345
FR;8;2023-01-15;63;87;329;1475;53;244;1581;3172;1335;25659;33507;290473;2944136;19814;207039;3005259;4692144;1468680
FR;8;2023-01-16;266;335;1997;15745;196;1431;16007;35192;17551;25925;33842;292470;2959881;20010;208470;3021266;4727336;1486231
FR;8;2023-01-17;360;451;3246;28163;280;2318;28669;64498;33104;26285;34293;295716;2988044;20290;210788;3049935;4791834;1519335
FR;8;2023-01-18;264;406;2183;16820;246;1661;17061;38315;19338;26549;34699;297899;3004864;20536;212449;3066996;4830149;1538673
FR;8;2023-01-19;354;413;2664;22292;251;1944;22638;51176;26222;26903;35112;300563;3027156;20787;214393;3089634;4881325;1564895
FR;8;2023-01-20;403;505;3173;24783;305;2339;25263;56528;28546;27306;35617;303736;3051939;21092;216732;3114897;4937853;1593441
FR;8;2023-01-21;147;189;1002;6112;102;731;6238;12892;5826;27453;35806;304738;3058051;21194;217463;3121135;4950745;1599267
FR;8;2023-01-22;31;51;155;833;22;137;878;1879;844;27484;35857;304893;3058884;21216;217600;3122013;4952624;1600111
FR;8;2023-01-23;213;296;1587;10610;161;1158;10828;26648;14414;27697;36153;306480;3069494;21377;218758;3132841;4979272;1614525
FR;8;2023-01-24;304;415;2405;19961;247;1792;20229;49837;27398;28001;36568;308885;3089455;21624;220550;3153070;5029109;1641923
FR;8;2023-01-25;238;375;1796;12089;228;1321;12490;29953;15876;28239;36943;310681;3101544;21852;221871;3165560;5059062;1657799
FR;8;2023-01-26;299;379;2211;16475;258;1633;16748;41448;22681;28538;37322;312892;3118019;22110;223504;3182308;5100510;1680480
FR;8;2023-01-27;311;486;2456;17843;292;1839;18077;44097;23757;28849;37808;315348;3135862;22402;225343;3200385;5144607;1704237
FR;8;2023-01-28;125;186;766;4327;123;599;4442;9719;4589;28974;37994;316114;3140189;22525;225942;3204827;5154326;1708826
FR;8;2023-01-29;26;43;86;438;28;67;470;1058;513;29000;38037;316200;3140627;22553;226009;3205297;5155384;1709339
FR;8;2023-01-30;207;313;1222;7952;184;1008;8114;20425;11054;29207;38350;317422;3148579;22737;227017;3213411;5175809;1720393
FR;8;2023-01-31;270;378;1909;13582;230;1416;13802;36191;20682;29477;38728;319331;3162161;22967;228433;3227213;5212000;1741075
FR;8;2023-02-01;244;343;1327;8011;221;1086;8132;21667;12171;29721;39071;320658;3170172;23188;229519;3235345;5233667;1753246
FR;8;2023-02-02;255;383;1564;11412;231;1273;11633;30954;17687;29976;39454;322222;3181584;23419;230792;3246978;5264621;1770933
FR;8;2023-02-03;279;445;1844;12101;283;1433;12284;32922;18825;30255;39899;324066;3193685;23702;232225;3259262;5297543;1789758
FR;8;2023-02-04;116;157;568;2951;108;460;2993;7179;3655;30371;40056;324634;3196636;23810;232685;3262255;5304722;1793413
FR;8;2023-02-05;10;53;65;224;31;60;239;571;264;30381;40109;324699;3196860;23841;232745;3262494;5305293;1793677
FR;8;2023-02-06;182;241;935;5158;169;700;5339;14974;8703;30563;40350;325634;3202018;24010;233445;3267833;5320267;1802380
FR;8;2023-02-07;234;385;1452;9394;259;1177;9532;27494;16377;30797;40735;327086;3211412;24269;234622;3277365;5347761;1818757
FR;8;2023-02-08;171;243;1016;5808;166;804;5953;16459;9421;30968;40978;328102;3217220;24435;235426;3283318;5364220;1828178
FR;8;2023-02-09;236;379;1170;7508;242;980;7694;22137;13135;31204;41357;329272;3224728;24677;236406;3291012;5386357;1841313
FR;8;2023-02-10;275;360;1394;7941;243;1154;8069;23089;13486;31479;41717;330666;3232669;24920;237560;3299081;5409446;1854799
FR;8;2023-02-11;87;144;467;2011;99;400;2087;5216;2660;31566;41861;331133;3234680;25019;237960;3301168;5414662;1857459
FR;8;2023-02-12;26;31;49;163;25;43;184;423;189;31592;41892;331182;3234843;25044;238003;3301352;5415085;1857648
FR;8;2023-02-13;129;204;666;3138;125;604;3232;9250;5277;31721;42096;331848;3237981;25169;238607;3304584;5424335;1862925
FR;8;2023-02-14;186;261;1061;5670;158;885;5823;17055;10050;31907;42357;332909;3243651;25327;239492;3310407;5441390;1872975
FR;8;2023-02-15;161;247;840;3871;140;718;4044;11794;6830;32068;42604;333749;3247522;25467;240210;3314451;5453184;1879805
FR;8;2023-02-16;168;302;994;4874;170;846;5032;14549;8421;32236;42906;334743;3252396;25637;241056;3319483;5467733;1888226
FR;8;2023-02-17;224;313;1099;5193;218;938;5418;15907;9293;32460;43219;335842;3257589;25855;241994;3324901;5483640;1897519
FR;8;2023-02-18;92;130;394;1488;85;311;1562;3893;1964;32552;43349;336236;3259077;25940;242305;3326463;5487533;1899483
FR;8;2023-02-19;22;36;43;132;31;35;134;332;159;32574;43385;336279;3259209;25971;242340;3326597;5487865;1899642
FR;8;2023-02-20;139;254;627;2646;158;582;2761;8061;4573;32713;43639;336906;3261855;26129;242922;3329358;5495926;1904215
FR;8;2023-02-21;173;306;958;4278;162;831;4466;13480;7906;32886;43945;337864;3266133;26291;243753;3333824;5509406;1912121
FR;8;2023-02-22;154;251;658;2761;167;617;2795;8584;5005;33040;44196;338522;3268894;26458;244370;3336619;5517990;1917126
FR;8;2023-02-23;149;258;822;3761;152;729;3940;11781;6833;33189;44454;339344;3272655;26610;245099;3340559;5529771;1923959
FR;8;2023-02-24;156;308;948;4084;190;820;4253;12327;7015;33345;44762;340292;3276739;26800;245919;3344812;5542098;1930974
FR;8;2023-02-25;56;98;343;1057;65;274;1111;2931;1488;33401;44860;340635;3277796;26865;246193;3345923;5545029;1932462
FR;8;2023-02-26;14;21;31;95;22;28;108;249;106;33415;44881;340666;3277891;26887;246221;3346031;5545278;1932568
FR;8;2023-02-27;89;218;502;1821;149;477;1888;6205;3704;33504;45099;341168;3279712;27036;246698;3347919;5551483;1936272
FR;8;2023-02-28;154;253;753;3320;148;714;3451;11546;7088;33658;45352;341921;3283032;27184;247412;3351370;5563029;1943360
FR;8;2023-03-01;123;189;509;1819;141;452;1965;6187;3623;33781;45541;342430;3284851;27325;247864;3353335;5569216;1946983
FR;8;2023-03-02;124;214;706;2755;129;598;2949;9666;5889;33905;45755;343136;3287606;27454;248462;3356284;5578882;1952872
FR;8;2023-03-03;180;318;889;3390;210;786;3515;11166;6554;34085;46073;344025;3290996;27664;249248;3359799;5590048;1959426
FR;8;2023-03-04;58;131;297;971;80;280;977;2608;1292;34143;46204;344322;3291967;27744;249528;3360776;5592656;1960718
FR;8;2023-03-05;12;18;20;46;14;24;46;179;98;34155;46222;344342;3292013;27758;249552;3360822;5592835;1960816
FR;8;2023-03-06;117;175;404;1299;102;384;1358;4361;2495;34272;46397;344746;3293312;27860;249936;3362180;5597196;1963311
FR;8;2023-03-07;115;207;556;2142;123;513;2216;7470;4551;34387;46604;345302;3295454;27983;250449;3364396;5604666;1967862
FR;8;2023-03-08;88;172;439;1307;105;390;1375;4627;2718;34475;46776;345741;3296761;28088;250839;3365771;5609293;1970580
FR;8;2023-03-09;116;195;542;1840;116;507;1905;6614;4032;34591;46971;346283;3298601;28204;251346;3367676;5615907;1974612
FR;8;2023-03-10;193;321;748;2363;201;673;2483;8407;5012;34784;47292;347031;3300964;28405;252019;3370159;5624314;1979624
FR;8;2023-03-11;52;106;262;720;72;224;757;2110;1077;34836;47398;347293;3301684;28477;252243;3370916;5626424;1980701
FR;8;2023-03-12;6;10;23;58;8;22;60;168;82;34842;47408;347316;3301742;28485;252265;3370976;5626592;1980783
FR;8;2023-03-13;77;133;375;952;85;332;1028;3268;1820;34919;47541;347691;3302694;28570;252597;3372004;5629860;1982603
FR;8;2023-03-14;107;204;547;1690;120;529;1766;6234;3733;35026;47745;348238;3304384;28690;253126;3373770;5636094;1986336
FR;8;2023-03-15;102;156;397;1052;112;353;1130;3882;2260;35128;47901;348635;3305436;28802;253479;3374900;5639976;1988596
FR;8;2023-03-16;98;184;493;1453;115;451;1533;5384;3215;35226;48085;349128;3306889;28917;253930;3376433;5645360;1991811
FR;8;2023-03-17;134;207;627;1798;123;541;1945;6668;3939;35360;48292;349755;3308687;29040;254471;3378378;5652028;1995750
FR;8;2023-03-18;72;105;241;518;64;231;565;1765;910;35432;48397;349996;3309205;29104;254702;3378943;5653793;1996660
FR;8;2023-03-19;2;14;20;36;14;12;42;97;42;35434;48411;350016;3309241;29118;254714;3378985;5653890;1996702
FR;8;2023-03-20;81;163;388;876;88;386;956;3386;1914;35515;48574;350404;3310117;29206;255100;3379941;5657276;1998616
FR;8;2023-03-21;122;187;551;1415;110;513;1554;5779;3471;35637;48761;350955;3311532;29316;255613;3381495;5663055;2002087
FR;8;2023-03-22;112;147;380;853;97;339;960;3342;1923;35749;48908;351335;3312385;29413;255952;3382455;5666397;2004010
FR;9;2020-12-27;0;0;0;0;0;0;0;0;0;0;0;0;0;0;0;0;0;0
FR;9;2020-12-28;0;0;0;0;0;0;0;0;0;0;0;0;0;0;0;0;0;0
FR;9;2020-12-29;0;0;0;0;0;0;0;0;0;0;0;0;0;0;0;0;0;0
FR;9;2020-12-30;0;0;0;0;0;0;0;0;0;0;0;0;0;0;0;0;0;0
FR;9;2020-12-31;0;0;0;0;0;0;0;0;0;0;0;0;0;0;0;0;0;0
FR;9;2021-01-01;0;0;0;0;0;0;0;0;0;0;0;0;0;0;0;0;0;0
FR;9;2021-01-02;0;0;0;0;0;0;0;0;0;0;0;0;0;0;0;0;0;0
FR;9;2021-01-03;0;0;0;0;0;0;0;0;0;0;0;0;0;0;0;0;0;0
FR;9;2021-01-04;0;0;0;0;0;0;0;0;0;0;0;0;0;0;0;0;0;0
FR;9;2021-01-05;0;0;0;0;0;0;0;0;0;0;0;0;0;0;0;0;0;0
FR;9;2021-01-06;0;0;0;0;0;0;0;0;0;0;0;0;0;0;0;0;0;0
FR;9;2021-01-07;0;0;0;0;0;0;0;0;0;0;0;0;0;0;0;0;0;0
FR;9;2021-01-08;0;0;0;0;0;0;0;0;0;0;0;0;0;0;0;0;0;0
FR;9;2021-01-09;0;0;0;0;0;0;0;0;0;0;0;0;0;0;0;0;0;0
FR;9;2021-01-10;0;0;0;0;0;0;0;0;0;0;0;0;0;0;0;0;0;0
FR;9;2021-01-11;0;0;0;0;0;0;0;0;0;0;0;0;0;0;0;0;0;0
FR;9;2021-01-12;0;0;0;0;0;0;0;0;0;0;0;0;0;0;0;0;0;0
FR;9;2021-01-13;0;0;0;0;0;0;0;0;0;0;0;0;0;0;0;0;0;0
FR;9;2021-01-14;0;0;0;0;0;0;0;0;0;0;0;0;0;0;0;0;0;0
FR;9;2021-01-15;0;0;0;0;0;0;0;0;0;0;0;0;0;0;0;0;0;0
FR;9;2021-01-16;0;0;0;0;0;0;0;0;0;0;0;0;0;0;0;0;0;0
FR;9;2021-01-17;0;0;0;0;0;0;0;0;0;0;0;0;0;0;0;0;0;0
FR;9;2021-01-18;0;0;0;0;0;0;0;0;0;0;0;0;0;0;0;0;0;0
FR;9;2021-01-19;0;0;0;0;0;0;0;0;0;0;0;0;0;0;0;0;0;0
FR;9;2021-01-20;0;0;0;0;0;0;0;0;0;0;0;0;0;0;0;0;0;0
FR;9;2021-01-21;0;0;0;0;0;0;0;0;0;0;0;0;0;0;0;0;0;0
FR;9;2021-01-22;0;0;0;0;0;0;0;0;0;0;0;0;0;0;0;0;0;0
FR;9;2021-01-23;0;0;0;0;0;0;0;0;0;0;0;0;0;0;0;0;0;0
FR;9;2021-01-24;0;0;0;0;0;0;0;0;0;0;0;0;0;0;0;0;0;0
FR;9;2021-01-25;0;0;0;0;0;0;0;0;0;0;0;0;0;0;0;0;0;0
FR;9;2021-01-26;0;0;0;0;0;0;0;0;0;0;0;0;0;0;0;0;0;0
FR;9;2021-01-27;0;0;0;0;0;0;0;0;0;0;0;0;0;0;0;0;0;0
FR;9;2021-01-28;0;0;0;0;0;0;0;0;0;0;0;0;0;0;0;0;0;0
FR;9;2021-01-29;0;0;0;0;0;0;0;0;0;0;0;0;0;0;0;0;0;0
FR;9;2021-01-30;0;0;0;0;0;0;0;0;0;0;0;0;0;0;0;0;0;0
FR;9;2021-01-31;0;0;0;0;0;0;0;0;0;0;0;0;0;0;0;0;0;0
FR;9;2021-02-01;0;0;0;0;0;0;0;0;0;0;0;0;0;0;0;0;0;0
FR;9;2021-02-02;0;0;0;0;0;0;0;0;0;0;0;0;0;0;0;0;0;0
FR;9;2021-02-03;0;0;0;0;0;0;0;0;0;0;0;0;0;0;0;0;0;0
FR;9;2021-02-04;0;0;0;0;0;0;0;0;0;0;0;0;0;0;0;0;0;0
FR;9;2021-02-05;0;0;0;0;0;0;0;0;0;0;0;0;0;0;0;0;0;0
FR;9;2021-02-06;0;0;0;0;0;0;0;0;0;0;0;0;0;0;0;0;0;0
FR;9;2021-02-07;0;0;0;0;0;0;0;0;0;0;0;0;0;0;0;0;0;0
FR;9;2021-02-08;0;0;0;0;0;0;0;0;0;0;0;0;0;0;0;0;0;0
FR;9;2021-02-09;0;0;0;0;0;0;0;0;0;0;0;0;0;0;0;0;0;0
FR;9;2021-02-10;0;0;0;0;0;0;0;0;0;0;0;0;0;0;0;0;0;0
FR;9;2021-02-11;0;0;0;0;0;0;0;0;0;0;0;0;0;0;0;0;0;0
FR;9;2021-02-12;0;0;0;0;0;0;0;0;0;0;0;0;0;0;0;0;0;0
FR;9;2021-02-13;0;0;0;0;0;0;0;0;0;0;0;0;0;0;0;0;0;0
FR;9;2021-02-14;0;0;0;0;0;0;0;0;0;0;0;0;0;0;0;0;0;0
FR;9;2021-02-15;0;0;0;0;0;0;0;0;0;0;0;0;0;0;0;0;0;0
FR;9;2021-02-16;0;0;0;0;0;0;0;0;0;0;0;0;0;0;0;0;0;0
FR;9;2021-02-17;0;0;0;0;0;0;0;0;0;0;0;0;0;0;0;0;0;0
FR;9;2021-02-18;0;0;0;0;0;0;0;0;0;0;0;0;0;0;0;0;0;0
FR;9;2021-02-19;0;0;0;0;0;0;0;0;0;0;0;0;0;0;0;0;0;0
FR;9;2021-02-20;0;0;0;0;0;0;0;0;0;0;0;0;0;0;0;0;0;0
FR;9;2021-02-21;0;0;0;0;0;0;0;0;0;0;0;0;0;0;0;0;0;0
FR;9;2021-02-22;0;0;0;0;0;0;0;0;0;0;0;0;0;0;0;0;0;0
FR;9;2021-02-23;0;0;0;0;0;0;0;0;0;0;0;0;0;0;0;0;0;0
FR;9;2021-02-24;0;0;0;0;0;0;0;0;0;0;0;0;0;0;0;0;0;0
FR;9;2021-02-25;0;0;0;0;0;0;0;0;0;0;0;0;0;0;0;0;0;0
FR;9;2021-02-26;0;0;0;0;0;0;0;0;0;0;0;0;0;0;0;0;0;0
FR;9;2021-02-27;0;0;0;0;0;0;0;0;0;0;0;0;0;0;0;0;0;0
FR;9;2021-02-28;0;0;0;0;0;0;0;0;0;0;0;0;0;0;0;0;0;0
FR;9;2021-03-01;0;0;0;0;0;0;0;0;0;0;0;0;0;0;0;0;0;0
FR;9;2021-03-02;0;0;0;0;0;0;0;0;0;0;0;0;0;0;0;0;0;0
FR;9;2021-03-03;0;0;0;0;0;0;0;0;0;0;0;0;0;0;0;0;0;0
FR;9;2021-03-04;0;0;0;0;0;0;0;0;0;0;0;0;0;0;0;0;0;0
FR;9;2021-03-05;0;0;0;0;0;0;0;0;0;0;0;0;0;0;0;0;0;0
FR;9;2021-03-06;0;0;0;0;0;0;0;0;0;0;0;0;0;0;0;0;0;0
FR;9;2021-03-07;0;0;0;0;0;0;0;0;0;0;0;0;0;0;0;0;0;0
FR;9;2021-03-08;0;0;0;0;0;0;0;0;0;0;0;0;0;0;0;0;0;0
FR;9;2021-03-09;0;0;0;0;0;0;0;0;0;0;0;0;0;0;0;0;0;0
FR;9;2021-03-10;0;0;0;0;0;0;0;0;0;0;0;0;0;0;0;0;0;0
FR;9;2021-03-11;0;0;0;0;0;0;0;0;0;0;0;0;0;0;0;0;0;0
FR;9;2021-03-12;0;0;0;0;0;0;0;0;0;0;0;0;0;0;0;0;0;0
FR;9;2021-03-13;0;0;0;0;0;0;0;0;0;0;0;0;0;0;0;0;0;0
FR;9;2021-03-14;0;0;0;0;0;0;0;0;0;0;0;0;0;0;0;0;0;0
FR;9;2021-03-15;0;0;0;0;0;0;0;0;0;0;0;0;0;0;0;0;0;0
FR;9;2021-03-16;0;0;0;0;0;0;0;0;0;0;0;0;0;0;0;0;0;0
FR;9;2021-03-17;0;0;0;0;0;0;0;0;0;0;0;0;0;0;0;0;0;0
FR;9;2021-03-18;0;0;0;0;0;0;0;0;0;0;0;0;0;0;0;0;0;0
FR;9;2021-03-19;0;0;0;0;0;0;0;0;0;0;0;0;0;0;0;0;0;0
FR;9;2021-03-20;0;0;0;0;0;0;0;0;0;0;0;0;0;0;0;0;0;0
FR;9;2021-03-21;0;0;0;0;0;0;0;0;0;0;0;0;0;0;0;0;0;0
FR;9;2021-03-22;0;0;0;0;0;0;0;0;0;0;0;0;0;0;0;0;0;0
FR;9;2021-03-23;0;0;0;0;0;0;0;0;0;0;0;0;0;0;0;0;0;0
FR;9;2021-03-24;0;0;0;0;0;0;0;0;0;0;0;0;0;0;0;0;0;0
FR;9;2021-03-25;0;0;0;0;0;0;0;0;0;0;0;0;0;0;0;0;0;0
FR;9;2021-03-26;0;0;0;0;0;0;0;0;0;0;0;0;0;0;0;0;0;0
FR;9;2021-03-27;0;0;0;0;0;0;0;0;0;0;0;0;0;0;0;0;0;0
FR;9;2021-03-28;0;0;0;0;0;0;0;0;0;0;0;0;0;0;0;0;0;0
FR;9;2021-03-29;0;0;0;0;0;0;0;0;0;0;0;0;0;0;0;0;0;0
FR;9;2021-03-30;0;0;0;0;0;0;0;0;0;0;0;0;0;0;0;0;0;0
FR;9;2021-03-31;0;0;0;0;0;0;0;0;0;0;0;0;0;0;0;0;0;0
FR;9;2021-04-01;0;0;0;0;0;0;0;0;0;0;0;0;0;0;0;0;0;0
FR;9;2021-04-02;0;0;0;0;0;0;0;0;0;0;0;0;0;0;0;0;0;0
FR;9;2021-04-03;0;0;0;0;0;0;0;0;0;0;0;0;0;0;0;0;0;0
FR;9;2021-04-04;0;0;0;0;0;0;0;0;0;0;0;0;0;0;0;0;0;0
FR;9;2021-04-05;0;0;0;0;0;0;0;0;0;0;0;0;0;0;0;0;0;0
FR;9;2021-04-06;0;0;0;0;0;0;0;0;0;0;0;0;0;0;0;0;0;0
FR;9;2021-04-07;0;0;0;0;0;0;0;0;0;0;0;0;0;0;0;0;0;0
FR;9;2021-04-08;0;0;0;0;0;0;0;0;0;0;0;0;0;0;0;0;0;0
FR;9;2021-04-09;0;0;0;0;0;0;0;0;0;0;0;0;0;0;0;0;0;0
FR;9;2021-04-10;0;0;0;0;0;0;0;0;0;0;0;0;0;0;0;0;0;0
FR;9;2021-04-11;0;0;0;0;0;0;0;0;0;0;0;0;0;0;0;0;0;0
FR;9;2021-04-12;0;0;0;0;0;0;0;0;0;0;0;0;0;0;0;0;0;0
FR;9;2021-04-13;0;0;0;0;0;0;0;0;0;0;0;0;0;0;0;0;0;0
FR;9;2021-04-14;0;0;0;0;0;0;0;0;0;0;0;0;0;0;0;0;0;0
FR;9;2021-04-15;0;0;0;0;0;0;0;0;0;0;0;0;0;0;0;0;0;0
FR;9;2021-04-16;0;0;0;0;0;0;0;0;0;0;0;0;0;0;0;0;0;0
FR;9;2021-04-17;0;0;0;0;0;0;0;0;0;0;0;0;0;0;0;0;0;0
FR;9;2021-04-18;0;0;0;0;0;0;0;0;0;0;0;0;0;0;0;0;0;0
FR;9;2021-04-19;0;0;0;0;0;0;0;0;0;0;0;0;0;0;0;0;0;0
FR;9;2021-04-20;0;0;0;0;0;0;0;0;0;0;0;0;0;0;0;0;0;0
FR;9;2021-04-21;0;0;0;0;0;0;0;0;0;0;0;0;0;0;0;0;0;0
FR;9;2021-04-22;0;0;0;0;0;0;0;0;0;0;0;0;0;0;0;0;0;0
FR;9;2021-04-23;0;0;0;0;0;0;0;0;0;0;0;0;0;0;0;0;0;0
FR;9;2021-04-24;0;0;0;0;0;0;0;0;0;0;0;0;0;0;0;0;0;0
FR;9;2021-04-25;0;0;0;0;0;0;0;0;0;0;0;0;0;0;0;0;0;0
FR;9;2021-04-26;0;0;0;0;0;0;0;0;0;0;0;0;0;0;0;0;0;0
FR;9;2021-04-27;0;0;0;0;0;0;0;0;0;0;0;0;0;0;0;0;0;0
FR;9;2021-04-28;0;0;0;0;0;0;0;0;0;0;0;0;0;0;0;0;0;0
FR;9;2021-04-29;0;0;0;0;0;0;0;0;0;0;0;0;0;0;0;0;0;0
FR;9;2021-04-30;0;0;0;0;0;0;0;0;0;0;0;0;0;0;0;0;0;0
FR;9;2021-05-01;0;0;0;0;0;0;0;0;0;0;0;0;0;0;0;0;0;0
FR;9;2021-05-02;0;0;0;0;0;0;0;0;0;0;0;0;0;0;0;0;0;0
FR;9;2021-05-03;0;0;0;0;0;0;0;0;0;0;0;0;0;0;0;0;0;0
FR;9;2021-05-04;0;0;0;0;0;0;0;0;0;0;0;0;0;0;0;0;0;0
FR;9;2021-05-05;0;0;0;0;0;0;0;0;0;0;0;0;0;0;0;0;0;0
FR;9;2021-05-06;0;0;0;0;0;0;0;0;0;0;0;0;0;0;0;0;0;0
FR;9;2021-05-07;0;0;0;0;0;0;0;0;0;0;0;0;0;0;0;0;0;0
FR;9;2021-05-08;0;0;0;0;0;0;0;0;0;0;0;0;0;0;0;0;0;0
FR;9;2021-05-09;0;0;0;0;0;0;0;0;0;0;0;0;0;0;0;0;0;0
FR;9;2021-05-10;0;0;0;0;0;0;0;0;0;0;0;0;0;0;0;0;0;0
FR;9;2021-05-11;0;0;0;0;0;0;0;0;0;0;0;0;0;0;0;0;0;0
FR;9;2021-05-12;0;0;0;0;0;0;0;0;0;0;0;0;0;0;0;0;0;0
FR;9;2021-05-13;0;0;0;0;0;0;0;0;0;0;0;0;0;0;0;0;0;0
FR;9;2021-05-14;0;0;0;0;0;0;0;0;0;0;0;0;0;0;0;0;0;0
FR;9;2021-05-15;0;0;0;0;0;0;0;0;0;0;0;0;0;0;0;0;0;0
FR;9;2021-05-16;0;0;0;0;0;0;0;0;0;0;0;0;0;0;0;0;0;0
FR;9;2021-05-17;0;0;0;0;0;0;0;0;0;0;0;0;0;0;0;0;0;0
FR;9;2021-05-18;0;0;0;0;0;0;0;0;0;0;0;0;0;0;0;0;0;0
FR;9;2021-05-19;0;0;0;0;0;0;0;0;0;0;0;0;0;0;0;0;0;0
FR;9;2021-05-20;0;0;0;0;0;0;0;0;0;0;0;0;0;0;0;0;0;0
FR;9;2021-05-21;0;0;0;0;0;0;0;0;0;0;0;0;0;0;0;0;0;0
FR;9;2021-05-22;0;0;0;0;0;0;0;0;0;0;0;0;0;0;0;0;0;0
FR;9;2021-05-23;0;0;0;0;0;0;0;0;0;0;0;0;0;0;0;0;0;0
FR;9;2021-05-24;0;0;0;0;0;0;0;0;0;0;0;0;0;0;0;0;0;0
FR;9;2021-05-25;0;0;0;0;0;0;0;0;0;0;0;0;0;0;0;0;0;0
FR;9;2021-05-26;0;0;0;0;0;0;0;0;0;0;0;0;0;0;0;0;0;0
FR;9;2021-05-27;0;0;0;0;0;0;0;0;0;0;0;0;0;0;0;0;0;0
FR;9;2021-05-28;0;0;0;0;0;0;0;0;0;0;0;0;0;0;0;0;0;0
FR;9;2021-05-29;0;0;0;0;0;0;0;0;0;0;0;0;0;0;0;0;0;0
FR;9;2021-05-30;0;0;0;0;0;0;0;0;0;0;0;0;0;0;0;0;0;0
FR;9;2021-05-31;0;0;0;0;0;0;0;0;0;0;0;0;0;0;0;0;0;0
FR;9;2021-06-01;0;0;0;0;0;0;0;0;0;0;0;0;0;0;0;0;0;0
FR;9;2021-06-02;0;0;0;0;0;0;0;0;0;0;0;0;0;0;0;0;0;0
FR;9;2021-06-03;0;0;0;0;0;0;0;0;0;0;0;0;0;0;0;0;0;0
FR;9;2021-06-04;0;0;0;0;0;0;0;0;0;0;0;0;0;0;0;0;0;0
FR;9;2021-06-05;0;0;0;0;0;0;0;0;0;0;0;0;0;0;0;0;0;0
FR;9;2021-06-06;0;0;0;0;0;0;0;0;0;0;0;0;0;0;0;0;0;0
FR;9;2021-06-07;0;0;0;0;0;0;0;0;0;0;0;0;0;0;0;0;0;0
FR;9;2021-06-08;0;0;0;0;0;0;0;0;0;0;0;0;0;0;0;0;0;0
FR;9;2021-06-09;0;0;0;0;0;0;0;0;0;0;0;0;0;0;0;0;0;0
FR;9;2021-06-10;0;0;0;0;0;0;0;0;0;0;0;0;0;0;0;0;0;0
FR;9;2021-06-11;0;0;0;0;0;0;0;0;0;0;0;0;0;0;0;0;0;0
FR;9;2021-06-12;0;0;0;0;0;0;0;0;0;0;0;0;0;0;0;0;0;0
FR;9;2021-06-13;0;0;0;0;0;0;0;0;0;0;0;0;0;0;0;0;0;0
FR;9;2021-06-14;0;0;0;0;0;0;0;0;0;0;0;0;0;0;0;0;0;0
FR;9;2021-06-15;0;0;0;0;0;0;0;0;0;0;0;0;0;0;0;0;0;0
FR;9;2021-06-16;0;0;0;0;0;0;0;0;0;0;0;0;0;0;0;0;0;0
FR;9;2021-06-17;0;0;0;0;0;0;0;0;0;0;0;0;0;0;0;0;0;0
FR;9;2021-06-18;0;0;0;0;0;0;0;0;0;0;0;0;0;0;0;0;0;0
FR;9;2021-06-19;0;0;0;0;0;0;0;0;0;0;0;0;0;0;0;0;0;0
FR;9;2021-06-20;0;0;0;0;0;0;0;0;0;0;0;0;0;0;0;0;0;0
FR;9;2021-06-21;0;0;0;0;0;0;0;0;0;0;0;0;0;0;0;0;0;0
FR;9;2021-06-22;0;0;0;0;0;0;0;0;0;0;0;0;0;0;0;0;0;0
FR;9;2021-06-23;0;0;0;0;0;0;0;0;0;0;0;0;0;0;0;0;0;0
FR;9;2021-06-24;0;0;0;0;0;0;0;0;0;0;0;0;0;0;0;0;0;0
FR;9;2021-06-25;0;0;0;0;0;0;0;0;0;0;0;0;0;0;0;0;0;0
FR;9;2021-06-26;0;0;0;0;0;0;0;0;0;0;0;0;0;0;0;0;0;0
FR;9;2021-06-27;0;0;0;0;0;0;0;0;0;0;0;0;0;0;0;0;0;0
FR;9;2021-06-28;0;0;0;0;0;0;0;0;0;0;0;0;0;0;0;0;0;0
FR;9;2021-06-29;0;0;0;0;0;0;0;0;0;0;0;0;0;0;0;0;0;0
FR;9;2021-06-30;0;0;0;0;0;0;0;0;0;0;0;0;0;0;0;0;0;0
FR;9;2021-07-01;0;0;0;0;0;0;0;0;0;0;0;0;0;0;0;0;0;0
FR;9;2021-07-02;0;0;0;0;0;0;0;0;0;0;0;0;0;0;0;0;0;0
FR;9;2021-07-03;0;0;0;0;0;0;0;0;0;0;0;0;0;0;0;0;0;0
FR;9;2021-07-04;0;0;0;0;0;0;0;0;0;0;0;0;0;0;0;0;0;0
FR;9;2021-07-05;0;0;0;0;0;0;0;0;0;0;0;0;0;0;0;0;0;0
FR;9;2021-07-06;0;0;0;0;0;0;0;0;0;0;0;0;0;0;0;0;0;0
FR;9;2021-07-07;0;0;0;0;0;0;0;0;0;0;0;0;0;0;0;0;0;0
FR;9;2021-07-08;0;0;0;0;0;0;0;0;0;0;0;0;0;0;0;0;0;0
FR;9;2021-07-09;0;0;0;0;0;0;0;0;0;0;0;0;0;0;0;0;0;0
FR;9;2021-07-10;0;0;0;0;0;0;0;0;0;0;0;0;0;0;0;0;0;0
FR;9;2021-07-11;0;0;0;0;0;0;0;0;0;0;0;0;0;0;0;0;0;0
FR;9;2021-07-12;0;0;0;0;0;0;0;0;0;0;0;0;0;0;0;0;0;0
FR;9;2021-07-13;0;0;0;0;0;0;0;0;0;0;0;0;0;0;0;0;0;0
FR;9;2021-07-14;0;0;0;0;0;0;0;0;0;0;0;0;0;0;0;0;0;0
FR;9;2021-07-15;0;0;0;0;0;0;0;0;0;0;0;0;0;0;0;0;0;0
FR;9;2021-07-16;0;0;0;0;0;0;0;0;0;0;0;0;0;0;0;0;0;0
FR;9;2021-07-17;0;0;0;0;0;0;0;0;0;0;0;0;0;0;0;0;0;0
FR;9;2021-07-18;0;0;0;0;0;0;0;0;0;0;0;0;0;0;0;0;0;0
FR;9;2021-07-19;0;0;0;0;0;0;0;0;0;0;0;0;0;0;0;0;0;0
FR;9;2021-07-20;0;0;0;0;0;0;0;0;0;0;0;0;0;0;0;0;0;0
FR;9;2021-07-21;0;0;0;0;0;0;0;0;0;0;0;0;0;0;0;0;0;0
FR;9;2021-07-22;0;0;0;0;0;0;0;0;0;0;0;0;0;0;0;0;0;0
FR;9;2021-07-23;0;0;0;0;0;0;0;0;0;0;0;0;0;0;0;0;0;0
FR;9;2021-07-24;0;0;0;0;0;0;0;0;0;0;0;0;0;0;0;0;0;0
FR;9;2021-07-25;0;0;0;0;0;0;0;0;0;0;0;0;0;0;0;0;0;0
FR;9;2021-07-26;0;0;0;0;0;0;0;0;0;0;0;0;0;0;0;0;0;0
FR;9;2021-07-27;0;0;0;0;0;0;0;0;0;0;0;0;0;0;0;0;0;0
FR;9;2021-07-28;0;0;0;0;0;0;0;0;0;0;0;0;0;0;0;0;0;0
FR;9;2021-07-29;0;0;0;0;0;0;0;0;0;0;0;0;0;0;0;0;0;0
FR;9;2021-07-30;0;0;0;0;0;0;0;0;0;0;0;0;0;0;0;0;0;0
FR;9;2021-07-31;0;0;0;0;0;0;0;0;0;0;0;0;0;0;0;0;0;0
FR;9;2021-08-01;0;0;0;0;0;0;0;0;0;0;0;0;0;0;0;0;0;0
FR;9;2021-08-02;0;0;0;0;0;0;0;0;0;0;0;0;0;0;0;0;0;0
FR;9;2021-08-03;0;0;0;0;0;0;0;0;0;0;0;0;0;0;0;0;0;0
FR;9;2021-08-04;0;0;0;0;0;0;0;0;0;0;0;0;0;0;0;0;0;0
FR;9;2021-08-05;0;0;0;0;0;0;0;0;0;0;0;0;0;0;0;0;0;0
FR;9;2021-08-06;0;0;0;0;0;0;0;0;0;0;0;0;0;0;0;0;0;0
FR;9;2021-08-07;0;0;0;0;0;0;0;0;0;0;0;0;0;0;0;0;0;0
FR;9;2021-08-08;0;0;0;0;0;0;0;0;0;0;0;0;0;0;0;0;0;0
FR;9;2021-08-09;0;0;0;0;0;0;0;0;0;0;0;0;0;0;0;0;0;0
FR;9;2021-08-10;0;0;0;0;0;0;0;0;0;0;0;0;0;0;0;0;0;0
FR;9;2021-08-11;0;0;0;0;0;0;0;0;0;0;0;0;0;0;0;0;0;0
FR;9;2021-08-12;0;0;0;0;0;0;0;0;0;0;0;0;0;0;0;0;0;0
FR;9;2021-08-13;0;0;0;0;0;0;0;0;0;0;0;0;0;0;0;0;0;0
FR;9;2021-08-14;0;0;0;0;0;0;0;0;0;0;0;0;0;0;0;0;0;0
FR;9;2021-08-15;0;0;0;0;0;0;0;0;0;0;0;0;0;0;0;0;0;0
FR;9;2021-08-16;0;0;0;0;0;0;0;0;0;0;0;0;0;0;0;0;0;0
FR;9;2021-08-17;0;0;0;0;0;0;0;0;0;0;0;0;0;0;0;0;0;0
FR;9;2021-08-18;0;0;0;0;0;0;0;0;0;0;0;0;0;0;0;0;0;0
FR;9;2021-08-19;0;0;0;0;0;0;0;0;0;0;0;0;0;0;0;0;0;0
FR;9;2021-08-20;0;0;0;0;0;0;0;0;0;0;0;0;0;0;0;0;0;0
FR;9;2021-08-21;0;0;0;0;0;0;0;0;0;0;0;0;0;0;0;0;0;0
FR;9;2021-08-22;0;0;0;0;0;0;0;0;0;0;0;0;0;0;0;0;0;0
FR;9;2021-08-23;0;0;0;0;0;0;0;0;0;0;0;0;0;0;0;0;0;0
FR;9;2021-08-24;0;0;0;0;0;0;0;0;0;0;0;0;0;0;0;0;0;0
FR;9;2021-08-25;0;0;0;0;0;0;0;0;0;0;0;0;0;0;0;0;0;0
FR;9;2021-08-26;0;0;0;0;0;0;0;0;0;0;0;0;0;0;0;0;0;0
FR;9;2021-08-27;0;0;0;0;0;0;0;0;0;0;0;0;0;0;0;0;0;0
FR;9;2021-08-28;0;0;0;0;0;0;0;0;0;0;0;0;0;0;0;0;0;0
FR;9;2021-08-29;0;0;0;0;0;0;0;0;0;0;0;0;0;0;0;0;0;0
FR;9;2021-08-30;0;0;0;0;0;0;0;0;0;0;0;0;0;0;0;0;0;0
FR;9;2021-08-31;0;0;0;0;0;0;0;0;0;0;0;0;0;0;0;0;0;0
FR;9;2021-09-01;0;0;0;0;0;0;0;0;0;0;0;0;0;0;0;0;0;0
FR;9;2021-09-02;0;0;0;0;0;0;0;0;0;0;0;0;0;0;0;0;0;0
FR;9;2021-09-03;0;0;0;0;0;0;0;0;0;0;0;0;0;0;0;0;0;0
FR;9;2021-09-04;0;0;0;0;0;0;0;0;0;0;0;0;0;0;0;0;0;0
FR;9;2021-09-05;0;0;0;0;0;0;0;0;0;0;0;0;0;0;0;0;0;0
FR;9;2021-09-06;0;0;0;0;0;0;0;0;0;0;0;0;0;0;0;0;0;0
FR;9;2021-09-07;0;0;0;0;0;0;0;0;0;0;0;0;0;0;0;0;0;0
FR;9;2021-09-08;0;0;0;0;0;0;0;0;0;0;0;0;0;0;0;0;0;0
FR;9;2021-09-09;0;0;0;0;0;0;0;0;0;0;0;0;0;0;0;0;0;0
FR;9;2021-09-10;0;0;0;0;0;0;0;0;0;0;0;0;0;0;0;0;0;0
FR;9;2021-09-11;0;0;0;0;0;0;0;0;0;0;0;0;0;0;0;0;0;0
FR;9;2021-09-12;0;0;0;0;0;0;0;0;0;0;0;0;0;0;0;0;0;0
FR;9;2021-09-13;0;0;0;0;0;0;0;0;0;0;0;0;0;0;0;0;0;0
FR;9;2021-09-14;0;0;0;0;0;0;0;0;0;0;0;0;0;0;0;0;0;0
FR;9;2021-09-15;0;0;0;0;0;0;0;0;0;0;0;0;0;0;0;0;0;0
FR;9;2021-09-16;0;0;0;0;0;0;0;0;0;0;0;0;0;0;0;0;0;0
FR;9;2021-09-17;0;0;0;0;0;0;0;0;0;0;0;0;0;0;0;0;0;0
FR;9;2021-09-18;0;0;0;0;0;0;0;0;0;0;0;0;0;0;0;0;0;0
FR;9;2021-09-19;0;0;0;0;0;0;0;0;0;0;0;0;0;0;0;0;0;0
FR;9;2021-09-20;0;0;0;0;0;0;0;0;0;0;0;0;0;0;0;0;0;0
FR;9;2021-09-21;0;0;0;0;0;0;0;0;0;0;0;0;0;0;0;0;0;0
FR;9;2021-09-22;0;0;0;0;0;0;0;0;0;0;0;0;0;0;0;0;0;0
FR;9;2021-09-23;0;0;0;0;0;0;0;0;0;0;0;0;0;0;0;0;0;0
FR;9;2021-09-24;0;0;0;0;0;0;0;0;0;0;0;0;0;0;0;0;0;0
FR;9;2021-09-25;0;0;0;0;0;0;0;0;0;0;0;0;0;0;0;0;0;0
FR;9;2021-09-26;0;0;0;0;0;0;0;0;0;0;0;0;0;0;0;0;0;0
FR;9;2021-09-27;0;0;0;0;0;0;0;0;0;0;0;0;0;0;0;0;0;0
FR;9;2021-09-28;0;0;0;0;0;0;0;0;0;0;0;0;0;0;0;0;0;0
FR;9;2021-09-29;0;0;0;0;0;0;0;0;0;0;0;0;0;0;0;0;0;0
FR;9;2021-09-30;0;0;0;0;0;0;0;0;0;0;0;0;0;0;0;0;0;0
FR;9;2021-10-01;0;0;0;0;0;0;0;0;0;0;0;0;0;0;0;0;0;0
FR;9;2021-10-02;0;0;0;0;0;0;0;0;0;0;0;0;0;0;0;0;0;0
FR;9;2021-10-03;0;0;0;0;0;0;0;0;0;0;0;0;0;0;0;0;0;0
FR;9;2021-10-04;0;0;0;0;0;0;0;0;0;0;0;0;0;0;0;0;0;0
FR;9;2021-10-05;0;0;0;0;0;0;0;0;0;0;0;0;0;0;0;0;0;0
FR;9;2021-10-06;0;0;0;0;0;0;0;0;0;0;0;0;0;0;0;0;0;0
FR;9;2021-10-07;0;0;0;0;0;0;0;0;0;0;0;0;0;0;0;0;0;0
FR;9;2021-10-08;0;0;0;0;0;0;0;0;0;0;0;0;0;0;0;0;0;0
FR;9;2021-10-09;0;0;0;0;0;0;0;0;0;0;0;0;0;0;0;0;0;0
FR;9;2021-10-10;0;0;0;0;0;0;0;0;0;0;0;0;0;0;0;0;0;0
FR;9;2021-10-11;0;0;0;0;0;0;0;0;0;0;0;0;0;0;0;0;0;0
FR;9;2021-10-12;0;0;0;0;0;0;0;0;0;0;0;0;0;0;0;0;0;0
FR;9;2021-10-13;0;0;0;0;0;0;0;0;0;0;0;0;0;0;0;0;0;0
FR;9;2021-10-14;0;0;0;0;0;0;0;0;0;0;0;0;0;0;0;0;0;0
FR;9;2021-10-15;0;0;0;0;0;0;0;0;0;0;0;0;0;0;0;0;0;0
FR;9;2021-10-16;0;0;0;0;0;0;0;0;0;0;0;0;0;0;0;0;0;0
FR;9;2021-10-17;0;0;0;0;0;0;0;0;0;0;0;0;0;0;0;0;0;0
FR;9;2021-10-18;0;0;0;0;0;0;0;0;0;0;0;0;0;0;0;0;0;0
FR;9;2021-10-19;0;0;0;0;0;0;0;0;0;0;0;0;0;0;0;0;0;0
FR;9;2021-10-20;0;0;0;0;0;0;0;0;0;0;0;0;0;0;0;0;0;0
FR;9;2021-10-21;0;0;0;0;0;0;0;0;0;0;0;0;0;0;0;0;0;0
FR;9;2021-10-22;0;0;0;0;0;0;0;0;0;0;0;0;0;0;0;0;0;0
FR;9;2021-10-23;0;0;0;0;0;0;0;0;0;0;0;0;0;0;0;0;0;0
FR;9;2021-10-24;0;0;0;0;0;0;0;0;0;0;0;0;0;0;0;0;0;0
FR;9;2021-10-25;0;0;0;0;0;0;0;0;0;0;0;0;0;0;0;0;0;0
FR;9;2021-10-26;0;0;0;0;0;0;0;0;0;0;0;0;0;0;0;0;0;0
FR;9;2021-10-27;0;0;0;0;0;0;0;0;0;0;0;0;0;0;0;0;0;0
FR;9;2021-10-28;0;0;0;0;0;0;0;0;0;0;0;0;0;0;0;0;0;0
FR;9;2021-10-29;0;0;0;0;0;0;0;0;0;0;0;0;0;0;0;0;0;0
FR;9;2021-10-30;0;0;0;0;0;0;0;0;0;0;0;0;0;0;0;0;0;0
FR;9;2021-10-31;0;0;0;0;0;0;0;0;0;0;0;0;0;0;0;0;0;0
FR;9;2021-11-01;0;0;0;0;0;0;0;0;0;0;0;0;0;0;0;0;0;0
FR;9;2021-11-02;0;0;0;0;0;0;0;0;0;0;0;0;0;0;0;0;0;0
FR;9;2021-11-03;0;0;0;0;0;0;0;0;0;0;0;0;0;0;0;0;0;0
FR;9;2021-11-04;0;0;0;0;0;0;0;0;0;0;0;0;0;0;0;0;0;0
FR;9;2021-11-05;0;0;0;0;0;0;0;0;0;0;0;0;0;0;0;0;0;0
FR;9;2021-11-06;0;0;0;0;0;0;0;0;0;0;0;0;0;0;0;0;0;0
FR;9;2021-11-07;0;0;0;0;0;0;0;0;0;0;0;0;0;0;0;0;0;0
FR;9;2021-11-08;0;0;0;0;0;0;0;0;0;0;0;0;0;0;0;0;0;0
FR;9;2021-11-09;0;0;0;0;0;0;0;0;0;0;0;0;0;0;0;0;0;0
FR;9;2021-11-10;0;0;0;0;0;0;0;0;0;0;0;0;0;0;0;0;0;0
FR;9;2021-11-11;0;0;0;0;0;0;0;0;0;0;0;0;0;0;0;0;0;0
FR;9;2021-11-12;0;0;0;0;0;0;0;0;0;0;0;0;0;0;0;0;0;0
FR;9;2021-11-13;0;0;0;0;0;0;0;0;0;0;0;0;0;0;0;0;0;0
FR;9;2021-11-14;0;0;0;0;0;0;0;0;0;0;0;0;0;0;0;0;0;0
FR;9;2021-11-15;0;0;0;0;0;0;0;0;0;0;0;0;0;0;0;0;0;0
FR;9;2021-11-16;0;0;0;0;0;0;0;0;0;0;0;0;0;0;0;0;0;0
FR;9;2021-11-17;0;0;0;0;0;0;0;0;0;0;0;0;0;0;0;0;0;0
FR;9;2021-11-18;0;0;0;0;0;0;0;0;0;0;0;0;0;0;0;0;0;0
FR;9;2021-11-19;0;0;0;0;0;0;0;0;0;0;0;0;0;0;0;0;0;0
FR;9;2021-11-20;0;0;0;0;0;0;0;0;0;0;0;0;0;0;0;0;0;0
FR;9;2021-11-21;0;0;0;0;0;0;0;0;0;0;0;0;0;0;0;0;0;0
FR;9;2021-11-22;0;0;0;0;0;0;0;0;0;0;0;0;0;0;0;0;0;0
FR;9;2021-11-23;0;0;0;0;0;0;0;0;0;0;0;0;0;0;0;0;0;0
FR;9;2021-11-24;0;0;0;0;0;0;0;0;0;0;0;0;0;0;0;0;0;0
FR;9;2021-11-25;0;0;0;0;0;0;0;0;0;0;0;0;0;0;0;0;0;0
FR;9;2021-11-26;0;0;0;0;0;0;0;0;0;0;0;0;0;0;0;0;0;0
FR;9;2021-11-27;0;0;0;0;0;0;0;0;0;0;0;0;0;0;0;0;0;0
FR;9;2021-11-28;0;0;0;0;0;0;0;0;0;0;0;0;0;0;0;0;0;0
FR;9;2021-11-29;0;0;0;0;0;0;0;0;0;0;0;0;0;0;0;0;0;0
FR;9;2021-11-30;0;0;0;0;0;0;0;0;0;0;0;0;0;0;0;0;0;0
FR;9;2021-12-01;0;0;0;0;0;0;0;0;0;0;0;0;0;0;0;0;0;0
FR;9;2021-12-02;0;0;0;0;0;0;0;0;0;0;0;0;0;0;0;0;0;0
FR;9;2021-12-03;0;0;0;0;0;0;0;0;0;0;0;0;0;0;0;0;0;0
FR;9;2021-12-04;0;0;0;0;0;0;0;0;0;0;0;0;0;0;0;0;0;0
FR;9;2021-12-05;0;0;0;0;0;0;0;0;0;0;0;0;0;0;0;0;0;0
FR;9;2021-12-06;0;0;0;0;0;0;0;0;0;0;0;0;0;0;0;0;0;0
FR;9;2021-12-07;0;0;0;0;0;0;0;0;0;0;0;0;0;0;0;0;0;0
FR;9;2021-12-08;0;0;0;0;0;0;0;0;0;0;0;0;0;0;0;0;0;0
FR;9;2021-12-09;0;0;0;0;0;0;0;0;0;0;0;0;0;0;0;0;0;0
FR;9;2021-12-10;0;0;0;0;0;0;0;0;0;0;0;0;0;0;0;0;0;0
FR;9;2021-12-11;0;0;0;0;0;0;0;0;0;0;0;0;0;0;0;0;0;0
FR;9;2021-12-12;0;0;0;0;0;0;0;0;0;0;0;0;0;0;0;0;0;0
FR;9;2021-12-13;0;0;0;0;0;0;0;0;0;0;0;0;0;0;0;0;0;0
FR;9;2021-12-14;0;0;0;0;0;0;0;0;0;0;0;0;0;0;0;0;0;0
FR;9;2021-12-15;0;0;0;0;0;0;0;0;0;0;0;0;0;0;0;0;0;0
FR;9;2021-12-16;0;0;0;0;0;0;0;0;0;0;0;0;0;0;0;0;0;0
FR;9;2021-12-17;0;0;0;0;0;0;0;0;0;0;0;0;0;0;0;0;0;0
FR;9;2021-12-18;0;0;0;0;0;0;0;0;0;0;0;0;0;0;0;0;0;0
FR;9;2021-12-19;0;0;0;0;0;0;0;0;0;0;0;0;0;0;0;0;0;0
FR;9;2021-12-20;0;0;0;0;0;0;0;0;0;0;0;0;0;0;0;0;0;0
FR;9;2021-12-21;0;0;0;0;0;0;0;0;0;0;0;0;0;0;0;0;0;0
FR;9;2021-12-22;0;0;0;0;0;0;0;0;0;0;0;0;0;0;0;0;0;0
FR;9;2021-12-23;0;0;0;0;0;0;0;0;0;0;0;0;0;0;0;0;0;0
FR;9;2021-12-24;0;0;0;0;0;0;0;0;0;0;0;0;0;0;0;0;0;0
FR;9;2021-12-25;0;0;0;0;0;0;0;0;0;0;0;0;0;0;0;0;0;0
FR;9;2021-12-26;0;0;0;0;0;0;0;0;0;0;0;0;0;0;0;0;0;0
FR;9;2021-12-27;0;0;0;0;0;0;0;0;0;0;0;0;0;0;0;0;0;0
FR;9;2021-12-28;0;0;0;0;0;0;0;0;0;0;0;0;0;0;0;0;0;0
FR;9;2021-12-29;0;0;0;0;0;0;0;0;0;0;0;0;0;0;0;0;0;0
FR;9;2021-12-30;0;0;0;0;0;0;0;0;0;0;0;0;0;0;0;0;0;0
FR;9;2021-12-31;0;0;0;0;0;0;0;0;0;0;0;0;0;0;0;0;0;0
FR;9;2022-01-01;0;0;0;0;0;0;0;0;0;0;0;0;0;0;0;0;0;0
FR;9;2022-01-02;0;0;0;0;0;0;0;0;0;0;0;0;0;0;0;0;0;0
FR;9;2022-01-03;0;0;0;0;0;0;0;0;0;0;0;0;0;0;0;0;0;0
FR;9;2022-01-04;0;0;0;0;0;0;0;0;0;0;0;0;0;0;0;0;0;0
FR;9;2022-01-05;0;0;0;0;0;0;0;0;0;0;0;0;0;0;0;0;0;0
FR;9;2022-01-06;0;0;0;0;0;0;0;0;0;0;0;0;0;0;0;0;0;0
FR;9;2022-01-07;0;0;0;0;0;0;0;0;0;0;0;0;0;0;0;0;0;0
FR;9;2022-01-08;0;0;0;0;0;0;0;0;0;0;0;0;0;0;0;0;0;0
FR;9;2022-01-09;0;0;0;0;0;0;0;0;0;0;0;0;0;0;0;0;0;0
FR;9;2022-01-10;0;0;0;0;0;0;0;0;0;0;0;0;0;0;0;0;0;0
FR;9;2022-01-11;0;0;0;0;0;0;0;0;0;0;0;0;0;0;0;0;0;0
FR;9;2022-01-12;0;0;0;0;0;0;0;0;0;0;0;0;0;0;0;0;0;0
FR;9;2022-01-13;0;0;0;0;0;0;0;0;0;0;0;0;0;0;0;0;0;0
FR;9;2022-01-14;0;0;0;0;0;0;0;0;0;0;0;0;0;0;0;0;0;0
FR;9;2022-01-15;0;0;0;0;0;0;0;0;0;0;0;0;0;0;0;0;0;0
FR;9;2022-01-16;0;0;0;0;0;0;0;0;0;0;0;0;0;0;0;0;0;0
FR;9;2022-01-17;0;0;0;0;0;0;0;0;0;0;0;0;0;0;0;0;0;0
FR;9;2022-01-18;0;0;0;0;0;0;0;0;0;0;0;0;0;0;0;0;0;0
FR;9;2022-01-19;0;0;0;0;0;0;0;0;0;0;0;0;0;0;0;0;0;0
FR;9;2022-01-20;0;0;0;0;0;0;0;0;0;0;0;0;0;0;0;0;0;0
FR;9;2022-01-21;0;0;0;0;0;0;0;0;0;0;0;0;0;0;0;0;0;0
FR;9;2022-01-22;0;0;0;0;0;0;0;0;0;0;0;0;0;0;0;0;0;0
FR;9;2022-01-23;0;0;0;0;0;0;0;0;0;0;0;0;0;0;0;0;0;0
FR;9;2022-01-24;0;0;0;0;0;0;0;0;0;0;0;0;0;0;0;0;0;0
FR;9;2022-01-25;0;0;0;0;0;0;0;0;0;0;0;0;0;0;0;0;0;0
FR;9;2022-01-26;0;0;0;0;0;0;0;0;0;0;0;0;0;0;0;0;0;0
FR;9;2022-01-27;0;0;0;0;0;0;0;0;0;0;0;0;0;0;0;0;0;0
FR;9;2022-01-28;0;0;0;0;0;0;0;0;0;0;0;0;0;0;0;0;0;0
FR;9;2022-01-29;0;0;0;0;0;0;0;0;0;0;0;0;0;0;0;0;0;0
FR;9;2022-01-30;0;0;0;0;0;0;0;0;0;0;0;0;0;0;0;0;0;0
FR;9;2022-01-31;0;0;0;0;0;0;0;0;0;0;0;0;0;0;0;0;0;0
FR;9;2022-02-01;0;0;0;0;0;0;0;0;0;0;0;0;0;0;0;0;0;0
FR;9;2022-02-02;0;0;0;0;0;0;0;0;0;0;0;0;0;0;0;0;0;0
FR;9;2022-02-03;0;0;0;0;0;0;0;0;0;0;0;0;0;0;0;0;0;0
FR;9;2022-02-04;0;0;0;0;0;0;0;0;0;0;0;0;0;0;0;0;0;0
FR;9;2022-02-05;0;0;0;0;0;0;0;0;0;0;0;0;0;0;0;0;0;0
FR;9;2022-02-06;0;0;0;0;0;0;0;0;0;0;0;0;0;0;0;0;0;0
FR;9;2022-02-07;0;0;0;0;0;0;0;0;0;0;0;0;0;0;0;0;0;0
FR;9;2022-02-08;0;0;0;0;0;0;0;0;0;0;0;0;0;0;0;0;0;0
FR;9;2022-02-09;0;0;0;0;0;0;0;0;0;0;0;0;0;0;0;0;0;0
FR;9;2022-02-10;0;0;0;0;0;0;0;0;0;0;0;0;0;0;0;0;0;0
FR;9;2022-02-11;0;0;0;0;0;0;0;0;0;0;0;0;0;0;0;0;0;0
FR;9;2022-02-12;0;0;0;0;0;0;0;0;0;0;0;0;0;0;0;0;0;0
FR;9;2022-02-13;0;0;0;0;0;0;0;0;0;0;0;0;0;0;0;0;0;0
FR;9;2022-02-14;0;0;0;0;0;0;0;0;0;0;0;0;0;0;0;0;0;0
FR;9;2022-02-15;0;0;0;0;0;0;0;0;0;0;0;0;0;0;0;0;0;0
FR;9;2022-02-16;0;0;0;0;0;0;0;0;0;0;0;0;0;0;0;0;0;0
FR;9;2022-02-17;0;0;0;0;0;0;0;0;0;0;0;0;0;0;0;0;0;0
FR;9;2022-02-18;0;0;0;0;0;0;0;0;0;0;0;0;0;0;0;0;0;0
FR;9;2022-02-19;0;0;0;0;0;0;0;0;0;0;0;0;0;0;0;0;0;0
FR;9;2022-02-20;0;0;0;0;0;0;0;0;0;0;0;0;0;0;0;0;0;0
FR;9;2022-02-21;0;0;0;0;0;0;0;0;0;0;0;0;0;0;0;0;0;0
FR;9;2022-02-22;0;0;0;0;0;0;0;0;0;0;0;0;0;0;0;0;0;0
FR;9;2022-02-23;0;0;0;0;0;0;0;0;0;0;0;0;0;0;0;0;0;0
FR;9;2022-02-24;0;0;0;0;0;0;0;0;0;0;0;0;0;0;0;0;0;0
FR;9;2022-02-25;0;0;0;0;0;0;0;0;0;0;0;0;0;0;0;0;0;0
FR;9;2022-02-26;0;0;0;0;0;0;0;0;0;0;0;0;0;0;0;0;0;0
FR;9;2022-02-27;0;0;0;0;0;0;0;0;0;0;0;0;0;0;0;0;0;0
FR;9;2022-02-28;0;0;0;0;0;0;0;0;0;0;0;0;0;0;0;0;0;0
FR;9;2022-03-01;0;0;0;0;0;0;0;0;0;0;0;0;0;0;0;0;0;0
FR;9;2022-03-02;0;0;0;0;0;0;0;0;0;0;0;0;0;0;0;0;0;0
FR;9;2022-03-03;0;0;0;0;0;0;0;0;0;0;0;0;0;0;0;0;0;0
FR;9;2022-03-04;0;0;0;0;0;0;0;0;0;0;0;0;0;0;0;0;0;0
FR;9;2022-03-05;0;0;0;0;0;0;0;0;0;0;0;0;0;0;0;0;0;0
FR;9;2022-03-06;0;0;0;0;0;0;0;0;0;0;0;0;0;0;0;0;0;0
FR;9;2022-03-07;0;0;0;0;0;0;0;0;0;0;0;0;0;0;0;0;0;0
FR;9;2022-03-08;0;0;0;0;0;0;0;0;0;0;0;0;0;0;0;0;0;0
FR;9;2022-03-09;0;0;0;0;0;0;0;0;0;0;0;0;0;0;0;0;0;0
FR;9;2022-03-10;0;0;0;0;0;0;0;0;0;0;0;0;0;0;0;0;0;0
FR;9;2022-03-11;0;0;0;0;0;0;0;0;0;0;0;0;0;0;0;0;0;0
FR;9;2022-03-12;0;0;0;0;0;0;0;0;0;0;0;0;0;0;0;0;0;0
FR;9;2022-03-13;0;0;0;0;0;0;0;0;0;0;0;0;0;0;0;0;0;0
FR;9;2022-03-14;0;0;0;0;0;0;0;0;0;0;0;0;0;0;0;0;0;0
FR;9;2022-03-15;0;0;0;0;0;0;0;0;0;0;0;0;0;0;0;0;0;0
FR;9;2022-03-16;0;0;0;0;0;0;0;0;0;0;0;0;0;0;0;0;0;0
FR;9;2022-03-17;0;0;0;0;0;0;0;0;0;0;0;0;0;0;0;0;0;0
FR;9;2022-03-18;0;0;0;0;0;0;0;0;0;0;0;0;0;0;0;0;0;0
FR;9;2022-03-19;0;0;0;0;0;0;0;0;0;0;0;0;0;0;0;0;0;0
FR;9;2022-03-20;0;0;0;0;0;0;0;0;0;0;0;0;0;0;0;0;0;0
FR;9;2022-03-21;0;0;0;0;0;0;0;0;0;0;0;0;0;0;0;0;0;0
FR;9;2022-03-22;0;0;0;0;0;0;0;0;0;0;0;0;0;0;0;0;0;0
FR;9;2022-03-23;0;0;0;0;0;0;0;0;0;0;0;0;0;0;0;0;0;0
FR;9;2022-03-24;0;0;0;0;0;0;0;0;0;0;0;0;0;0;0;0;0;0
FR;9;2022-03-25;0;0;0;0;0;0;0;0;0;0;0;0;0;0;0;0;0;0
FR;9;2022-03-26;0;0;0;0;0;0;0;0;0;0;0;0;0;0;0;0;0;0
FR;9;2022-03-27;0;0;0;0;0;0;0;0;0;0;0;0;0;0;0;0;0;0
FR;9;2022-03-28;0;0;0;0;0;0;0;0;0;0;0;0;0;0;0;0;0;0
FR;9;2022-03-29;0;0;0;0;0;0;0;0;0;0;0;0;0;0;0;0;0;0
FR;9;2022-03-30;0;0;0;0;0;0;0;0;0;0;0;0;0;0;0;0;0;0
FR;9;2022-03-31;0;0;0;0;0;0;0;0;0;0;0;0;0;0;0;0;0;0
FR;9;2022-04-01;0;0;0;0;0;0;0;0;0;0;0;0;0;0;0;0;0;0
FR;9;2022-04-02;0;0;0;0;0;0;0;0;0;0;0;0;0;0;0;0;0;0
FR;9;2022-04-03;0;0;0;0;0;0;0;0;0;0;0;0;0;0;0;0;0;0
FR;9;2022-04-04;0;0;0;0;0;0;0;0;0;0;0;0;0;0;0;0;0;0
FR;9;2022-04-05;0;0;0;0;0;0;0;0;0;0;0;0;0;0;0;0;0;0
FR;9;2022-04-06;0;0;0;0;0;0;0;0;0;0;0;0;0;0;0;0;0;0
FR;9;2022-04-07;0;0;0;0;0;0;0;0;0;0;0;0;0;0;0;0;0;0
FR;9;2022-04-08;0;0;0;0;0;0;0;0;0;0;0;0;0;0;0;0;0;0
FR;9;2022-04-09;0;0;0;0;0;0;0;0;0;0;0;0;0;0;0;0;0;0
FR;9;2022-04-10;0;0;0;0;0;0;0;0;0;0;0;0;0;0;0;0;0;0
FR;9;2022-04-11;0;0;0;0;0;0;0;0;0;0;0;0;0;0;0;0;0;0
FR;9;2022-04-12;0;0;0;0;0;0;0;0;0;0;0;0;0;0;0;0;0;0
FR;9;2022-04-13;0;0;0;0;0;0;0;0;0;0;0;0;0;0;0;0;0;0
FR;9;2022-04-14;0;0;0;0;0;0;0;0;0;0;0;0;0;0;0;0;0;0
FR;9;2022-04-15;0;0;0;0;0;0;0;0;0;0;0;0;0;0;0;0;0;0
FR;9;2022-04-16;0;0;0;0;0;0;0;0;0;0;0;0;0;0;0;0;0;0
FR;9;2022-04-17;0;0;0;0;0;0;0;0;0;0;0;0;0;0;0;0;0;0
FR;9;2022-04-18;0;0;0;0;0;0;0;0;0;0;0;0;0;0;0;0;0;0
FR;9;2022-04-19;0;0;0;0;0;0;0;0;0;0;0;0;0;0;0;0;0;0
FR;9;2022-04-20;0;0;0;0;0;0;0;0;0;0;0;0;0;0;0;0;0;0
FR;9;2022-04-21;0;0;0;0;0;0;0;0;0;0;0;0;0;0;0;0;0;0
FR;9;2022-04-22;0;0;0;0;0;0;0;0;0;0;0;0;0;0;0;0;0;0
FR;9;2022-04-23;0;0;0;0;0;0;0;0;0;0;0;0;0;0;0;0;0;0
FR;9;2022-04-24;0;0;0;0;0;0;0;0;0;0;0;0;0;0;0;0;0;0
FR;9;2022-04-25;0;0;0;0;0;0;0;0;0;0;0;0;0;0;0;0;0;0
FR;9;2022-04-26;0;0;0;0;0;0;0;0;0;0;0;0;0;0;0;0;0;0
FR;9;2022-04-27;0;0;0;0;0;0;0;0;0;0;0;0;0;0;0;0;0;0
FR;9;2022-04-28;0;0;0;0;0;0;0;0;0;0;0;0;0;0;0;0;0;0
FR;9;2022-04-29;0;0;0;0;0;0;0;0;0;0;0;0;0;0;0;0;0;0
FR;9;2022-04-30;0;0;0;0;0;0;0;0;0;0;0;0;0;0;0;0;0;0
FR;9;2022-05-01;0;0;0;0;0;0;0;0;0;0;0;0;0;0;0;0;0;0
FR;9;2022-05-02;0;0;0;0;0;0;0;0;0;0;0;0;0;0;0;0;0;0
FR;9;2022-05-03;0;0;0;0;0;0;0;0;0;0;0;0;0;0;0;0;0;0
FR;9;2022-05-04;0;0;0;0;0;0;0;0;0;0;0;0;0;0;0;0;0;0
FR;9;2022-05-05;0;0;0;0;0;0;0;0;0;0;0;0;0;0;0;0;0;0
FR;9;2022-05-06;0;0;0;0;0;0;0;0;0;0;0;0;0;0;0;0;0;0
FR;9;2022-05-07;0;0;0;0;0;0;0;0;0;0;0;0;0;0;0;0;0;0
FR;9;2022-05-08;0;0;0;0;0;0;0;0;0;0;0;0;0;0;0;0;0;0
FR;9;2022-05-09;0;0;0;0;0;0;0;0;0;0;0;0;0;0;0;0;0;0
FR;9;2022-05-10;0;0;0;0;0;0;0;0;0;0;0;0;0;0;0;0;0;0
FR;9;2022-05-11;0;0;0;0;0;0;0;0;0;0;0;0;0;0;0;0;0;0
FR;9;2022-05-12;0;0;0;0;0;0;0;0;0;0;0;0;0;0;0;0;0;0
FR;9;2022-05-13;0;0;0;0;0;0;0;0;0;0;0;0;0;0;0;0;0;0
FR;9;2022-05-14;0;0;0;0;0;0;0;0;0;0;0;0;0;0;0;0;0;0
FR;9;2022-05-15;0;0;0;0;0;0;0;0;0;0;0;0;0;0;0;0;0;0
FR;9;2022-05-16;0;0;0;0;0;0;0;0;0;0;0;0;0;0;0;0;0;0
FR;9;2022-05-17;0;0;0;0;0;0;0;0;0;0;0;0;0;0;0;0;0;0
FR;9;2022-05-18;0;0;0;0;0;0;0;0;0;0;0;0;0;0;0;0;0;0
FR;9;2022-05-19;0;0;0;0;0;0;0;0;0;0;0;0;0;0;0;0;0;0
FR;9;2022-05-20;0;0;0;0;0;0;0;0;0;0;0;0;0;0;0;0;0;0
FR;9;2022-05-21;0;0;0;0;0;0;0;0;0;0;0;0;0;0;0;0;0;0
FR;9;2022-05-22;0;0;0;0;0;0;0;0;0;0;0;0;0;0;0;0;0;0
FR;9;2022-05-23;0;0;0;0;0;0;0;0;0;0;0;0;0;0;0;0;0;0
FR;9;2022-05-24;0;0;0;0;0;0;0;0;0;0;0;0;0;0;0;0;0;0
FR;9;2022-05-25;0;0;0;0;0;0;0;0;0;0;0;0;0;0;0;0;0;0
FR;9;2022-05-26;0;0;0;0;0;0;0;0;0;0;0;0;0;0;0;0;0;0
FR;9;2022-05-27;0;0;0;0;0;0;0;0;0;0;0;0;0;0;0;0;0;0
FR;9;2022-05-28;0;0;0;0;0;0;0;0;0;0;0;0;0;0;0;0;0;0
FR;9;2022-05-29;0;0;0;0;0;0;0;0;0;0;0;0;0;0;0;0;0;0
FR;9;2022-05-30;0;0;0;0;0;0;0;0;0;0;0;0;0;0;0;0;0;0
FR;9;2022-05-31;0;0;0;0;0;0;0;0;0;0;0;0;0;0;0;0;0;0
FR;9;2022-06-01;0;0;0;0;0;0;0;0;0;0;0;0;0;0;0;0;0;0
FR;9;2022-06-02;0;0;0;0;0;0;0;0;0;0;0;0;0;0;0;0;0;0
FR;9;2022-06-03;0;0;0;0;0;0;0;0;0;0;0;0;0;0;0;0;0;0
FR;9;2022-06-04;0;0;0;0;0;0;0;0;0;0;0;0;0;0;0;0;0;0
FR;9;2022-06-05;0;0;0;0;0;0;0;0;0;0;0;0;0;0;0;0;0;0
FR;9;2022-06-06;0;0;0;0;0;0;0;0;0;0;0;0;0;0;0;0;0;0
FR;9;2022-06-07;0;0;0;0;0;0;0;0;0;0;0;0;0;0;0;0;0;0
FR;9;2022-06-08;0;0;0;0;0;0;0;0;0;0;0;0;0;0;0;0;0;0
FR;9;2022-06-09;0;0;0;0;0;0;0;0;0;0;0;0;0;0;0;0;0;0
FR;9;2022-06-10;0;0;0;0;0;0;0;0;0;0;0;0;0;0;0;0;0;0
FR;9;2022-06-11;0;0;0;0;0;0;0;0;0;0;0;0;0;0;0;0;0;0
FR;9;2022-06-12;0;0;0;0;0;0;0;0;0;0;0;0;0;0;0;0;0;0
FR;9;2022-06-13;0;0;0;0;0;0;0;0;0;0;0;0;0;0;0;0;0;0
FR;9;2022-06-14;0;0;0;0;0;0;0;0;0;0;0;0;0;0;0;0;0;0
FR;9;2022-06-15;0;0;0;0;0;0;0;0;0;0;0;0;0;0;0;0;0;0
FR;9;2022-06-16;0;0;0;0;0;0;0;0;0;0;0;0;0;0;0;0;0;0
FR;9;2022-06-17;0;0;0;0;0;0;0;0;0;0;0;0;0;0;0;0;0;0
FR;9;2022-06-18;0;0;0;0;0;0;0;0;0;0;0;0;0;0;0;0;0;0
FR;9;2022-06-19;0;0;0;0;0;0;0;0;0;0;0;0;0;0;0;0;0;0
FR;9;2022-06-20;0;0;0;0;0;0;0;0;0;0;0;0;0;0;0;0;0;0
FR;9;2022-06-21;0;0;0;0;0;0;0;0;0;0;0;0;0;0;0;0;0;0
FR;9;2022-06-22;0;0;0;0;0;0;0;0;0;0;0;0;0;0;0;0;0;0
FR;9;2022-06-23;0;0;0;0;0;0;0;0;0;0;0;0;0;0;0;0;0;0
FR;9;2022-06-24;0;0;0;0;0;0;0;0;0;0;0;0;0;0;0;0;0;0
FR;9;2022-06-25;0;0;0;0;0;0;0;0;0;0;0;0;0;0;0;0;0;0
FR;9;2022-06-26;0;0;0;0;0;0;0;0;0;0;0;0;0;0;0;0;0;0
FR;9;2022-06-27;0;0;0;0;0;0;0;0;0;0;0;0;0;0;0;0;0;0
FR;9;2022-06-28;0;0;0;0;0;0;0;0;0;0;0;0;0;0;0;0;0;0
FR;9;2022-06-29;0;0;0;0;0;0;0;0;0;0;0;0;0;0;0;0;0;0
FR;9;2022-06-30;0;0;0;0;0;0;0;0;0;0;0;0;0;0;0;0;0;0
FR;9;2022-07-01;0;0;0;0;0;0;0;0;0;0;0;0;0;0;0;0;0;0
FR;9;2022-07-02;0;0;0;0;0;0;0;0;0;0;0;0;0;0;0;0;0;0
FR;9;2022-07-03;0;0;0;0;0;0;0;0;0;0;0;0;0;0;0;0;0;0
FR;9;2022-07-04;0;0;0;0;0;0;0;0;0;0;0;0;0;0;0;0;0;0
FR;9;2022-07-05;0;0;0;0;0;0;0;0;0;0;0;0;0;0;0;0;0;0
FR;9;2022-07-06;0;0;0;0;0;0;0;0;0;0;0;0;0;0;0;0;0;0
FR;9;2022-07-07;0;0;0;0;0;0;0;0;0;0;0;0;0;0;0;0;0;0
FR;9;2022-07-08;0;0;0;0;0;0;0;0;0;0;0;0;0;0;0;0;0;0
FR;9;2022-07-09;0;0;0;0;0;0;0;0;0;0;0;0;0;0;0;0;0;0
FR;9;2022-07-10;0;0;0;0;0;0;0;0;0;0;0;0;0;0;0;0;0;0
FR;9;2022-07-11;0;0;0;0;0;0;0;0;0;0;0;0;0;0;0;0;0;0
FR;9;2022-07-12;0;0;0;0;0;0;0;0;0;0;0;0;0;0;0;0;0;0
FR;9;2022-07-13;0;0;0;0;0;0;0;0;0;0;0;0;0;0;0;0;0;0
FR;9;2022-07-14;0;0;0;0;0;0;0;0;0;0;0;0;0;0;0;0;0;0
FR;9;2022-07-15;0;0;0;0;0;0;0;0;0;0;0;0;0;0;0;0;0;0
FR;9;2022-07-16;0;0;0;0;0;0;0;0;0;0;0;0;0;0;0;0;0;0
FR;9;2022-07-17;0;0;0;0;0;0;0;0;0;0;0;0;0;0;0;0;0;0
FR;9;2022-07-18;0;0;0;0;0;0;0;0;0;0;0;0;0;0;0;0;0;0
FR;9;2022-07-19;0;0;0;0;0;0;0;0;0;0;0;0;0;0;0;0;0;0
FR;9;2022-07-20;0;0;0;0;0;0;0;0;0;0;0;0;0;0;0;0;0;0
FR;9;2022-07-21;0;0;0;0;0;0;0;0;0;0;0;0;0;0;0;0;0;0
FR;9;2022-07-22;0;0;0;0;0;0;0;0;0;0;0;0;0;0;0;0;0;0
FR;9;2022-07-23;0;0;0;0;0;0;0;0;0;0;0;0;0;0;0;0;0;0
FR;9;2022-07-24;0;0;0;0;0;0;0;0;0;0;0;0;0;0;0;0;0;0
FR;9;2022-07-25;0;0;0;0;0;0;0;0;0;0;0;0;0;0;0;0;0;0
FR;9;2022-07-26;0;0;0;0;0;0;0;0;0;0;0;0;0;0;0;0;0;0
FR;9;2022-07-27;0;0;0;0;0;0;0;0;0;0;0;0;0;0;0;0;0;0
FR;9;2022-07-28;0;0;0;0;0;0;0;0;0;0;0;0;0;0;0;0;0;0
FR;9;2022-07-29;0;0;0;0;0;0;0;0;0;0;0;0;0;0;0;0;0;0
FR;9;2022-07-30;0;0;0;0;0;0;0;0;0;0;0;0;0;0;0;0;0;0
FR;9;2022-07-31;0;0;0;0;0;0;0;0;0;0;0;0;0;0;0;0;0;0
FR;9;2022-08-01;0;0;0;0;0;0;0;0;0;0;0;0;0;0;0;0;0;0
FR;9;2022-08-02;0;0;0;0;0;0;0;0;0;0;0;0;0;0;0;0;0;0
FR;9;2022-08-03;0;0;0;0;0;0;0;0;0;0;0;0;0;0;0;0;0;0
FR;9;2022-08-04;0;0;0;0;0;0;0;0;0;0;0;0;0;0;0;0;0;0
FR;9;2022-08-05;0;0;0;0;0;0;0;0;0;0;0;0;0;0;0;0;0;0
FR;9;2022-08-06;0;0;0;0;0;0;0;0;0;0;0;0;0;0;0;0;0;0
FR;9;2022-08-07;0;0;0;0;0;0;0;0;0;0;0;0;0;0;0;0;0;0
FR;9;2022-08-08;0;0;0;0;0;0;0;0;0;0;0;0;0;0;0;0;0;0
FR;9;2022-08-09;0;0;0;0;0;0;0;0;0;0;0;0;0;0;0;0;0;0
FR;9;2022-08-10;0;0;0;0;0;0;0;0;0;0;0;0;0;0;0;0;0;0
FR;9;2022-08-11;0;0;0;0;0;0;0;0;0;0;0;0;0;0;0;0;0;0
FR;9;2022-08-12;0;0;0;0;0;0;0;0;0;0;0;0;0;0;0;0;0;0
FR;9;2022-08-13;0;0;0;0;0;0;0;0;0;0;0;0;0;0;0;0;0;0
FR;9;2022-08-14;0;0;0;0;0;0;0;0;0;0;0;0;0;0;0;0;0;0
FR;9;2022-08-15;0;0;0;0;0;0;0;0;0;0;0;0;0;0;0;0;0;0
FR;9;2022-08-16;0;0;0;0;0;0;0;0;0;0;0;0;0;0;0;0;0;0
FR;9;2022-08-17;0;0;0;0;0;0;0;0;0;0;0;0;0;0;0;0;0;0
FR;9;2022-08-18;0;0;0;0;0;0;0;0;0;0;0;0;0;0;0;0;0;0
FR;9;2022-08-19;0;0;0;0;0;0;0;0;0;0;0;0;0;0;0;0;0;0
FR;9;2022-08-20;0;0;0;0;0;0;0;0;0;0;0;0;0;0;0;0;0;0
FR;9;2022-08-21;0;0;0;0;0;0;0;0;0;0;0;0;0;0;0;0;0;0
FR;9;2022-08-22;0;0;0;0;0;0;0;0;0;0;0;0;0;0;0;0;0;0
FR;9;2022-08-23;0;0;0;0;0;0;0;0;0;0;0;0;0;0;0;0;0;0
FR;9;2022-08-24;0;0;0;0;0;0;0;0;0;0;0;0;0;0;0;0;0;0
FR;9;2022-08-25;0;0;0;0;0;0;0;0;0;0;0;0;0;0;0;0;0;0
FR;9;2022-08-26;0;0;0;0;0;0;0;0;0;0;0;0;0;0;0;0;0;0
FR;9;2022-08-27;0;0;0;0;0;0;0;0;0;0;0;0;0;0;0;0;0;0
FR;9;2022-08-28;0;0;0;0;0;0;0;0;0;0;0;0;0;0;0;0;0;0
FR;9;2022-08-29;0;0;0;0;0;0;0;0;0;0;0;0;0;0;0;0;0;0
FR;9;2022-08-30;0;0;0;0;0;0;0;0;0;0;0;0;0;0;0;0;0;0
FR;9;2022-08-31;0;0;0;0;0;0;0;0;0;0;0;0;0;0;0;0;0;0
FR;9;2022-09-01;0;0;0;0;0;0;0;0;0;0;0;0;0;0;0;0;0;0
FR;9;2022-09-02;0;0;0;0;0;0;0;0;0;0;0;0;0;0;0;0;0;0
FR;9;2022-09-03;0;0;0;0;0;0;0;0;0;0;0;0;0;0;0;0;0;0
FR;9;2022-09-04;0;0;0;0;0;0;0;0;0;0;0;0;0;0;0;0;0;0
FR;9;2022-09-05;0;0;0;0;0;0;0;0;0;0;0;0;0;0;0;0;0;0
FR;9;2022-09-06;0;0;0;0;0;0;0;0;0;0;0;0;0;0;0;0;0;0
FR;9;2022-09-07;0;0;0;0;0;0;0;0;0;0;0;0;0;0;0;0;0;0
FR;9;2022-09-08;0;0;0;0;0;0;0;0;0;0;0;0;0;0;0;0;0;0
FR;9;2022-09-09;0;0;0;0;0;0;0;0;0;0;0;0;0;0;0;0;0;0
FR;9;2022-09-10;0;0;0;0;0;0;0;0;0;0;0;0;0;0;0;0;0;0
FR;9;2022-09-11;0;0;0;0;0;0;0;0;0;0;0;0;0;0;0;0;0;0
FR;9;2022-09-12;0;0;0;0;0;0;0;0;0;0;0;0;0;0;0;0;0;0
FR;9;2022-09-13;0;0;0;0;0;0;0;0;0;0;0;0;0;0;0;0;0;0
FR;9;2022-09-14;0;0;0;0;0;0;0;0;0;0;0;0;0;0;0;0;0;0
FR;9;2022-09-15;0;0;0;0;0;0;0;0;0;0;0;0;0;0;0;0;0;0
FR;9;2022-09-16;0;0;0;0;0;0;0;0;0;0;0;0;0;0;0;0;0;0
FR;9;2022-09-17;0;0;0;0;0;0;0;0;0;0;0;0;0;0;0;0;0;0
FR;9;2022-09-18;0;0;0;0;0;0;0;0;0;0;0;0;0;0;0;0;0;0
FR;9;2022-09-19;0;0;0;0;0;0;0;0;0;0;0;0;0;0;0;0;0;0
FR;9;2022-09-20;0;0;0;0;0;0;0;0;0;0;0;0;0;0;0;0;0;0
FR;9;2022-09-21;0;0;0;0;0;0;0;0;0;0;0;0;0;0;0;0;0;0
FR;9;2022-09-22;0;0;0;0;0;0;0;0;0;0;0;0;0;0;0;0;0;0
FR;9;2022-09-23;0;0;0;0;0;0;0;0;0;0;0;0;0;0;0;0;0;0
FR;9;2022-09-24;0;0;0;0;0;0;0;0;0;0;0;0;0;0;0;0;0;0
FR;9;2022-09-25;0;0;0;0;0;0;0;0;0;0;0;0;0;0;0;0;0;0
FR;9;2022-09-26;0;0;0;0;0;0;0;0;0;0;0;0;0;0;0;0;0;0
FR;9;2022-09-27;0;0;0;0;0;0;0;0;0;0;0;0;0;0;0;0;0;0
FR;9;2022-09-28;0;0;0;0;0;0;0;0;0;0;0;0;0;0;0;0;0;0
FR;9;2022-09-29;1;1;8;33;0;6;35;43;2;1;1;8;33;0;6;35;43;2
FR;9;2022-09-30;5;13;60;606;7;47;613;713;51;6;14;68;639;7;53;648;756;53
FR;9;2022-10-01;10;1;43;327;2;26;335;396;35;16;15;111;966;9;79;983;1152;88
FR;9;2022-10-02;2;1;5;50;0;4;51;66;11;18;16;116;1016;9;83;1034;1218;99
FR;9;2022-10-03;13;17;151;1714;11;129;1708;2074;234;31;33;267;2730;20;212;2742;3292;333
FR;9;2022-10-04;22;48;353;3952;18;228;4020;4702;450;53;81;620;6682;38;440;6762;7994;783
FR;9;2022-10-05;29;20;269;2998;17;203;3011;3656;433;82;101;889;9680;55;643;9773;11650;1216
FR;9;2022-10-06;23;35;400;4598;18;301;4631;5609;672;105;136;1289;14278;73;944;14404;17259;1888
FR;9;2022-10-07;29;50;499;5705;19;384;5719;7028;923;134;186;1788;19983;92;1328;20123;24287;2811
FR;9;2022-10-08;10;18;128;1090;8;86;1108;1389;191;144;204;1916;21073;100;1414;21231;25676;3002
FR;9;2022-10-09;1;7;22;197;1;29;198;277;50;145;211;1938;21270;101;1443;21429;25953;3052
FR;9;2022-10-10;11;26;207;2572;14;181;2576;3296;533;156;237;2145;23842;115;1624;24005;29249;3585
FR;9;2022-10-11;31;40;424;5043;27;312;5024;6197;851;187;277;2569;28885;142;1936;29029;35446;4436
FR;9;2022-10-12;22;26;297;2987;16;212;3044;3830;572;209;303;2866;31872;158;2148;32073;39276;5008
FR;9;2022-10-13;25;42;374;3980;16;245;4036;5027;740;234;345;3240;35852;174;2393;36109;44303;5748
FR;9;2022-10-14;27;26;381;4430;12;293;4414;5556;838;261;371;3621;40282;186;2686;40523;49859;6586
FR;9;2022-10-15;14;8;101;1052;7;79;1029;1308;198;275;379;3722;41334;193;2765;41552;51167;6784
FR;9;2022-10-16;4;1;9;132;2;12;126;168;28;279;380;3731;41466;195;2777;41678;51335;6812
FR;9;2022-10-17;4;22;165;1875;11;127;1883;2492;475;283;402;3896;43341;206;2904;43561;53827;7287
FR;9;2022-10-18;36;28;316;3430;17;235;3454;4661;963;319;430;4212;46771;223;3139;47015;58488;8250
FR;9;2022-10-19;22;19;262;2688;17;174;2717;3732;826;341;449;4474;49459;240;3313;49732;62220;9076
FR;9;2022-10-20;22;22;308;3628;8;233;3639;4813;933;363;471;4782;53087;248;3546;53371;67033;10009
FR;9;2022-10-21;14;31;325;3532;10;228;3554;4655;865;377;502;5107;56619;258;3774;56925;71688;10874
FR;9;2022-10-22;10;11;90;914;8;62;919;1193;207;387;513;5197;57533;266;3836;57844;72881;11081
FR;9;2022-10-23;2;2;17;100;2;10;105;148;33;389;515;5214;57633;268;3846;57949;73029;11114
FR;9;2022-10-24;7;17;159;1363;6;106;1434;1942;397;396;532;5373;58996;274;3952;59383;74971;11511
FR;9;2022-10-25;18;22;228;2841;16;188;2851;3938;896;414;554;5601;61837;290;4140;62234;78909;12407
FR;9;2022-10-26;14;16;169;1800;13;123;1812;2527;590;428;570;5770;63637;303;4263;64046;81436;12997
FR;9;2022-10-27;9;26;230;2303;15;173;2337;3210;689;437;596;6000;65940;318;4436;66383;84646;13686
FR;9;2022-10-28;18;27;224;2277;17;151;2303;3142;681;455;623;6224;68217;335;4587;68686;87788;14367
FR;9;2022-10-29;12;8;55;505;5;46;496;662;119;467;631;6279;68722;340;4633;69182;88450;14486
FR;9;2022-10-30;2;1;8;58;1;8;58;82;16;469;632;6287;68780;341;4641;69240;88532;14502
FR;9;2022-10-31;13;7;105;660;9;59;695;996;240;482;639;6392;69440;350;4700;69935;89528;14742
FR;9;2022-11-01;1;1;15;43;0;11;49;71;11;483;640;6407;69483;350;4711;69984;89599;14753
FR;9;2022-11-02;7;12;102;1027;4;76;1045;1577;452;490;652;6509;70510;354;4787;71029;91176;15205
FR;9;2022-11-03;17;18;157;1599;16;92;1647;2348;599;507;670;6666;72109;370;4879;72676;93524;15804
FR;9;2022-11-04;21;19;193;1749;15;120;1798;2534;611;528;689;6859;73858;385;4999;74474;96058;16415
FR;9;2022-11-05;8;10;58;403;9;39;424;573;107;536;699;6917;74261;394;5038;74898;96631;16522
FR;9;2022-11-06;5;4;5;62;6;2;61;88;25;541;703;6922;74323;400;5040;74959;96719;16547
FR;9;2022-11-07;16;19;89;933;16;110;941;1489;432;557;722;7011;75256;416;5150;75900;98208;16979
FR;9;2022-11-08;10;19;170;1823;13;137;1815;2660;703;567;741;7181;77079;429;5287;77715;100868;17682
FR;9;2022-11-09;16;16;123;1261;9;98;1322;1878;453;583;757;7304;78340;438;5385;79037;102746;18135
FR;9;2022-11-10;13;22;162;1622;14;137;1620;2280;519;596;779;7466;79962;452;5522;80657;105026;18654
FR;9;2022-11-11;1;1;13;81;1;6;83;124;35;597;780;7479;80043;453;5528;80740;105150;18689
FR;9;2022-11-12;5;8;44;259;7;19;278;395;97;602;788;7523;80302;460;5547;81018;105545;18786
FR;9;2022-11-13;2;0;4;30;0;4;31;51;16;604;788;7527;80332;460;5551;81049;105596;18802
FR;9;2022-11-14;11;12;56;707;11;44;722;1108;339;615;800;7583;81039;471;5595;81771;106704;19141
FR;9;2022-11-15;18;16;148;1325;7;103;1333;2080;638;633;816;7731;82364;478;5698;83104;108784;19779
FR;9;2022-11-16;10;5;99;979;8;58;997;1490;431;643;821;7830;83343;486;5756;84101;110274;20210
FR;9;2022-11-17;9;17;126;1086;11;78;1111;1695;501;652;838;7956;84429;497;5834;85212;111969;20711
FR;9;2022-11-18;7;16;120;1440;5;78;1455;2027;492;659;854;8076;85869;502;5912;86667;113996;21203
FR;9;2022-11-19;3;5;50;364;1;27;351;489;106;662;859;8126;86233;503;5939;87018;114485;21309
FR;9;2022-11-20;1;0;5;37;0;3;35;54;16;663;859;8131;86270;503;5942;87053;114539;21325
FR;9;2022-11-21;9;12;66;636;5;51;639;960;263;672;871;8197;86906;508;5993;87692;115499;21588
FR;9;2022-11-22;15;12;121;1037;13;74;1067;1592;449;687;883;8318;87943;521;6067;88759;117091;22037
FR;9;2022-11-23;7;10;69;733;5;33;760;1170;372;694;893;8387;88676;526;6100;89519;118261;22409
FR;9;2022-11-24;8;19;93;979;14;68;992;1472;406;702;912;8480;89655;540;6168;90511;119733;22815
FR;9;2022-11-25;8;10;107;1180;8;82;1195;1781;503;710;922;8587;90835;548;6250;91706;121514;23318
FR;9;2022-11-26;6;6;35;217;7;24;214;310;68;716;928;8622;91052;555;6274;91920;121824;23386
FR;9;2022-11-27;1;1;6;42;0;2;46;82;34;717;929;8628;91094;555;6276;91966;121906;23420
FR;9;2022-11-28;5;7;103;698;7;60;726;1135;344;722;936;8731;91792;562;6336;92692;123041;23764
FR;9;2022-11-29;6;18;140;1299;6;89;1325;1940;521;728;954;8871;93091;568;6425;94017;124981;24285
FR;9;2022-11-30;9;12;99;1026;5;76;1049;1600;470;737;966;8970;94117;573;6501;95066;126581;24755
FR;9;2022-12-01;16;14;111;1330;8;80;1315;1939;540;753;980;9081;95447;581;6581;96381;128520;25295
FR;9;2022-12-02;10;13;193;1817;10;107;1818;2631;700;763;993;9274;97264;591;6688;98199;131151;25995
FR;9;2022-12-03;7;9;79;619;5;41;632;887;208;770;1002;9353;97883;596;6729;98831;132038;26203
FR;9;2022-12-04;11;4;15;105;5;8;105;153;40;781;1006;9368;97988;601;6737;98936;132191;26243
FR;9;2022-12-05;19;24;144;1406;17;98;1421;2110;584;800;1030;9512;99394;618;6835;100357;134301;26827
FR;9;2022-12-06;30;21;262;2441;21;147;2535;3798;1097;830;1051;9774;101835;639;6982;102892;138099;27924
FR;9;2022-12-07;15;22;181;1848;20;112;1890;2825;814;845;1073;9955;103683;659;7094;104782;140924;28738
FR;9;2022-12-08;14;22;222;2403;15;125;2466;3699;1091;859;1095;10177;106086;674;7219;107248;144623;29829
FR;9;2022-12-09;14;25;287;2888;10;143;2986;4337;1200;873;1120;10464;108974;684;7362;110234;148960;31029
FR;9;2022-12-10;12;13;122;1324;5;56;1347;1819;410;885;1133;10586;110298;689;7418;111581;150779;31439
FR;9;2022-12-11;5;5;21;277;6;10;283;363;66;890;1138;10607;110575;695;7428;111864;151142;31505
FR;9;2022-12-12;17;14;215;1958;12;109;2032;2891;745;907;1152;10822;112533;707;7537;113896;154033;32250
FR;9;2022-12-13;28;23;317;3085;15;151;3221;4720;1337;935;1175;11139;115618;722;7688;117117;158753;33587
FR;9;2022-12-14;15;10;191;2335;8;94;2405;3505;989;950;1185;11330;117953;730;7782;119522;162258;34576
FR;9;2022-12-15;17;24;257;2611;13;138;2682;4069;1238;967;1209;11587;120564;743;7920;122204;166327;35814
FR;9;2022-12-16;15;29;294;3072;21;165;3155;4603;1274;982;1238;11881;123636;764;8085;125359;170930;37088
FR;9;2022-12-17;8;11;106;1192;6;50;1207;1663;402;990;1249;11987;124828;770;8135;126566;172593;37490
FR;9;2022-12-18;1;7;30;245;6;14;251;333;67;991;1256;12017;125073;776;8149;126817;172926;37557
FR;9;2022-12-19;20;21;149;1599;15;78;1631;2507;789;1011;1277;12166;126672;791;8227;128448;175433;38346
FR;9;2022-12-20;21;19;232;2306;6;115;2349;3708;1233;1032;1296;12398;128978;797;8342;130797;179141;39579
FR;9;2022-12-21;6;14;139;1501;7;66;1554;2402;775;1038;1310;12537;130479;804;8408;132351;181543;40354
FR;9;2022-12-22;18;9;136;1401;9;78;1418;2119;615;1056;1319;12673;131880;813;8486;133769;183662;40969
FR;9;2022-12-23;11;15;76;728;9;50;730;1091;305;1067;1334;12749;132608;822;8536;134499;184753;41274
FR;9;2022-12-24;1;5;13;96;4;6;98;138;34;1068;1339;12762;132704;826;8542;134597;184891;41308
FR;9;2022-12-25;1;0;5;5;0;4;6;12;2;1069;1339;12767;132709;826;8546;134603;184903;41310
FR;9;2022-12-26;17;8;64;547;11;37;554;829;235;1086;1347;12831;133256;837;8583;135157;185732;41545
FR;9;2022-12-27;12;30;97;882;14;69;917;1422;430;1098;1377;12928;134138;851;8652;136074;187154;41975
FR;9;2022-12-28;8;9;82;749;8;40;768;1185;372;1106;1386;13010;134887;859;8692;136842;188339;42347
FR;9;2022-12-29;9;14;92;720;10;51;753;1134;323;1115;1400;13102;135607;869;8743;137595;189473;42670
FR;9;2022-12-30;12;17;77;592;9;47;612;899;237;1127;1417;13179;136199;878;8790;138207;190372;42907
FR;9;2022-12-31;2;3;17;136;2;12;139;190;38;1129;1420;13196;136335;880;8802;138346;190562;42945
FR;9;2023-01-01;0;2;3;19;1;4;19;31;8;1129;1422;13199;136354;881;8806;138365;190593;42953
FR;9;2023-01-02;10;11;56;592;4;40;585;949;320;1139;1433;13255;136946;885;8846;138950;191542;43273
FR;9;2023-01-03;19;19;119;1079;19;74;1099;1937;749;1158;1452;13374;138025;904;8920;140049;193479;44022
FR;9;2023-01-04;21;18;113;846;8;73;898;1609;633;1179;1470;13487;138871;912;8993;140947;195088;44655
FR;9;2023-01-05;5;20;115;1059;11;65;1091;2048;882;1184;1490;13602;139930;923;9058;142038;197136;45537
FR;9;2023-01-06;11;17;152;1370;3;73;1388;2410;938;1195;1507;13754;141300;926;9131;143426;199546;46475
FR;9;2023-01-07;6;13;58;436;14;36;427;687;220;1201;1520;13812;141736;940;9167;143853;200233;46695
FR;9;2023-01-08;4;11;15;92;9;12;91;137;32;1205;1531;13827;141828;949;9179;143944;200370;46727
FR;9;2023-01-09;16;15;87;623;9;62;615;1275;585;1221;1546;13914;142451;958;9241;144559;201645;47312
FR;9;2023-01-10;13;12;154;979;11;74;1033;1990;871;1234;1558;14068;143430;969;9315;145592;203635;48183
FR;9;2023-01-11;19;9;74;679;10;49;688;1385;642;1253;1567;14142;144109;979;9364;146280;205020;48825
FR;9;2023-01-12;20;9;92;845;3;77;823;1688;775;1273;1576;14234;144954;982;9441;147103;206708;49600
FR;9;2023-01-13;15;19;105;881;12;73;901;1742;753;1288;1595;14339;145835;994;9514;148004;208450;50353
FR;9;2023-01-14;8;9;54;294;5;32;299;584;247;1296;1604;14393;146129;999;9546;148303;209034;50600
FR;9;2023-01-15;1;3;15;37;0;9;41;82;32;1297;1607;14408;146166;999;9555;148344;209116;50632
FR;9;2023-01-16;6;15;54;366;13;24;383;785;371;1303;1622;14462;146532;1012;9579;148727;209901;51003
FR;9;2023-01-17;7;9;83;563;4;49;577;1244;609;1310;1631;14545;147095;1016;9628;149304;211145;51612
FR;9;2023-01-18;8;14;37;380;6;32;397;834;398;1318;1645;14582;147475;1022;9660;149701;211979;52010
FR;9;2023-01-19;10;9;58;475;8;30;476;1078;562;1328;1654;14640;147950;1030;9690;150177;213057;52572
FR;9;2023-01-20;15;19;96;578;16;57;595;1190;534;1343;1673;14736;148528;1046;9747;150772;214247;53106
FR;9;2023-01-21;8;15;20;192;11;13;190;347;140;1351;1688;14756;148720;1057;9760;150962;214594;53246
FR;9;2023-01-22;0;0;8;20;0;5;21;42;16;1351;1688;14764;148740;1057;9765;150983;214636;53262
FR;9;2023-01-23;4;14;27;253;8;25;242;563;287;1355;1702;14791;148993;1065;9790;151225;215199;53549
FR;9;2023-01-24;11;10;70;461;9;42;484;1162;633;1366;1712;14861;149454;1074;9832;151709;216361;54182
FR;9;2023-01-25;11;20;50;325;8;48;336;799;410;1377;1732;14911;149779;1082;9880;152045;217160;54592
FR;9;2023-01-26;7;17;64;391;8;50;390;967;515;1384;1749;14975;150170;1090;9930;152435;218127;55107
FR;9;2023-01-27;4;7;59;381;3;31;397;906;462;1388;1756;15034;150551;1093;9961;152832;219033;55569
FR;9;2023-01-28;3;6;31;128;5;27;120;265;116;1391;1762;15065;150679;1098;9988;152952;219298;55685
FR;9;2023-01-29;3;0;3;18;2;1;17;40;22;1394;1762;15068;150697;1100;9989;152969;219338;55707
FR;9;2023-01-30;3;6;31;192;5;11;211;501;272;1397;1768;15099;150889;1105;10000;153180;219839;55979
FR;9;2023-01-31;14;7;38;260;9;18;264;649;359;1411;1775;15137;151149;1114;10018;153444;220488;56338
FR;9;2023-02-01;4;7;26;173;4;20;179;519;309;1415;1782;15163;151322;1118;10038;153623;221007;56647
FR;9;2023-02-02;4;6;31;252;6;23;233;665;394;1419;1788;15194;151574;1124;10061;153856;221672;57041
FR;9;2023-02-03;8;11;42;289;8;37;275;677;355;1427;1799;15236;151863;1132;10098;154131;222349;57396
FR;9;2023-02-04;6;5;10;70;7;8;68;160;84;1433;1804;15246;151933;1139;10106;154199;222509;57480
FR;9;2023-02-05;1;1;4;7;0;4;7;17;6;1434;1805;15250;151940;1139;10110;154206;222526;57486
FR;9;2023-02-06;3;5;17;81;4;15;78;229;134;1437;1810;15267;152021;1143;10125;154284;222755;57620
FR;9;2023-02-07;3;5;29;139;3;20;134;402;242;1440;1815;15296;152160;1146;10145;154418;223157;57862
FR;9;2023-02-08;4;6;25;116;3;13;125;300;159;1444;1821;15321;152276;1149;10158;154543;223457;58021
FR;9;2023-02-09;8;2;20;138;3;14;123;336;195;1452;1823;15341;152414;1152;10172;154666;223793;58216
FR;9;2023-02-10;8;8;19;149;10;11;145;309;147;1460;1831;15360;152563;1162;10183;154811;224102;58363
FR;9;2023-02-11;5;4;14;42;3;9;47;84;28;1465;1835;15374;152605;1165;10192;154858;224186;58391
FR;9;2023-02-12;0;0;0;1;0;0;1;8;7;1465;1835;15374;152606;1165;10192;154859;224194;58398
FR;9;2023-02-13;3;8;5;50;8;4;45;107;55;1468;1843;15379;152656;1173;10196;154904;224301;58453
FR;9;2023-02-14;10;10;16;66;12;13;63;225;146;1478;1853;15395;152722;1185;10209;154967;224526;58599
FR;9;2023-02-15;1;5;16;52;3;12;50;162;99;1479;1858;15411;152774;1188;10221;155017;224688;58698
FR;9;2023-02-16;4;6;19;77;1;17;78;197;93;1483;1864;15430;152851;1189;10238;155095;224885;58791
FR;9;2023-02-17;6;4;15;62;5;11;64;178;99;1489;1868;15445;152913;1194;10249;155159;225063;58890
FR;9;2023-02-18;1;5;1;30;5;3;25;58;29;1490;1873;15446;152943;1199;10252;155184;225121;58919
FR;9;2023-02-19;1;0;0;1;0;0;1;3;2;1491;1873;15446;152944;1199;10252;155185;225124;58921
FR;9;2023-02-20;2;3;9;60;2;6;60;123;55;1493;1876;15455;153004;1201;10258;155245;225247;58976
FR;9;2023-02-21;6;9;9;62;7;8;59;151;82;1499;1885;15464;153066;1208;10266;155304;225398;59058
FR;9;2023-02-22;2;4;17;69;3;13;68;201;113;1501;1889;15481;153135;1211;10279;155372;225599;59171
FR;9;2023-02-23;5;3;17;63;1;12;69;146;61;1506;1892;15498;153198;1212;10291;155441;225745;59232
FR;9;2023-02-24;6;4;13;79;5;8;82;210;114;1512;1896;15511;153277;1217;10299;155523;225955;59346
FR;9;2023-02-25;2;2;10;14;4;4;23;43;16;1514;1898;15521;153291;1221;10303;155546;225998;59362
FR;9;2023-02-26;3;1;0;4;3;1;4;5;0;1517;1899;15521;153295;1224;10304;155550;226003;59362
FR;9;2023-02-27;2;3;5;17;3;2;19;49;26;1519;1902;15526;153312;1227;10306;155569;226052;59388
FR;9;2023-02-28;6;13;18;55;11;16;58;155;76;1525;1915;15544;153367;1238;10322;155627;226207;59464
FR;9;2023-03-01;0;6;4;20;5;4;20;75;48;1525;1921;15548;153387;1243;10326;155647;226282;59512
FR;9;2023-03-02;0;1;7;30;1;2;35;79;41;1525;1922;15555;153417;1244;10328;155682;226361;59553
FR;9;2023-03-03;1;4;8;47;3;6;48;121;67;1526;1926;15563;153464;1247;10334;155730;226482;59620
FR;9;2023-03-04;1;2;7;19;1;4;25;41;10;1527;1928;15570;153483;1248;10338;155755;226523;59630
FR;9;2023-03-05;0;1;1;0;1;0;1;8;7;1527;1929;15571;153483;1249;10338;155756;226531;59637
FR;9;2023-03-06;1;6;6;8;3;6;9;35;19;1528;1935;15577;153491;1252;10344;155765;226566;59656
FR;9;2023-03-07;2;3;8;20;0;8;24;68;34;1530;1938;15585;153511;1252;10352;155789;226634;59690
FR;9;2023-03-08;2;4;10;6;4;4;13;39;20;1532;1942;15595;153517;1256;10356;155802;226673;59710
FR;9;2023-03-09;1;3;9;11;2;6;17;64;41;1533;1945;15604;153528;1258;10362;155819;226737;59751
FR;9;2023-03-10;3;3;6;20;2;4;19;58;34;1536;1948;15610;153548;1260;10366;155838;226795;59785
FR;9;2023-03-11;2;3;4;8;2;1;11;15;3;1538;1951;15614;153556;1262;10367;155849;226810;59788
FR;9;2023-03-12;0;0;0;0;0;0;0;0;0;1538;1951;15614;153556;1262;10367;155849;226810;59788
FR;9;2023-03-13;2;3;4;13;2;4;14;49;29;1540;1954;15618;153569;1264;10371;155863;226859;59817
FR;9;2023-03-14;2;3;6;19;1;5;21;49;21;1542;1957;15624;153588;1265;10376;155884;226908;59838
FR;9;2023-03-15;0;5;4;15;3;4;17;47;24;1542;1962;15628;153603;1268;10380;155901;226955;59862
FR;9;2023-03-16;0;9;4;7;5;7;6;40;25;1542;1971;15632;153610;1273;10387;155907;226995;59887
FR;9;2023-03-17;0;7;4;19;3;7;17;62;31;1542;1978;15636;153629;1276;10394;155924;227057;59918
FR;9;2023-03-18;2;2;4;11;1;3;14;44;25;1544;1980;15640;153640;1277;10397;155938;227101;59943
FR;9;2023-03-19;0;1;0;0;1;0;0;0;0;1544;1981;15640;153640;1278;10397;155938;227101;59943
FR;9;2023-03-20;3;5;1;6;4;1;7;18;10;1547;1986;15641;153646;1282;10398;155945;227119;59953
FR;9;2023-03-21;1;1;6;5;1;1;11;24;12;1548;1987;15647;153651;1283;10399;155956;227143;59965
FR;9;2023-03-22;1;1;3;15;1;2;17;34;14;1549;1988;15650;153666;1284;10401;155973;227177;59979
FR;10;2020-12-27;0;0;0;0;0;0;0;0;0;0;0;0;0;0;0;0;0;0
FR;10;2020-12-28;0;0;0;0;0;0;0;0;0;0;0;0;0;0;0;0;0;0
FR;10;2020-12-29;0;0;0;0;0;0;0;0;0;0;0;0;0;0;0;0;0;0
FR;10;2020-12-30;0;0;0;0;0;0;0;0;0;0;0;0;0;0;0;0;0;0
FR;10;2020-12-31;0;0;0;0;0;0;0;0;0;0;0;0;0;0;0;0;0;0
FR;10;2021-01-01;0;0;0;0;0;0;0;0;0;0;0;0;0;0;0;0;0;0
FR;10;2021-01-02;0;0;0;0;0;0;0;0;0;0;0;0;0;0;0;0;0;0
FR;10;2021-01-03;0;0;0;0;0;0;0;0;0;0;0;0;0;0;0;0;0;0
FR;10;2021-01-04;0;0;0;0;0;0;0;0;0;0;0;0;0;0;0;0;0;0
FR;10;2021-01-05;0;0;0;0;0;0;0;0;0;0;0;0;0;0;0;0;0;0
FR;10;2021-01-06;0;0;0;0;0;0;0;0;0;0;0;0;0;0;0;0;0;0
FR;10;2021-01-07;0;0;0;0;0;0;0;0;0;0;0;0;0;0;0;0;0;0
FR;10;2021-01-08;0;0;0;0;0;0;0;0;0;0;0;0;0;0;0;0;0;0
FR;10;2021-01-09;0;0;0;0;0;0;0;0;0;0;0;0;0;0;0;0;0;0
FR;10;2021-01-10;0;0;0;0;0;0;0;0;0;0;0;0;0;0;0;0;0;0
FR;10;2021-01-11;0;0;0;0;0;0;0;0;0;0;0;0;0;0;0;0;0;0
FR;10;2021-01-12;0;0;0;0;0;0;0;0;0;0;0;0;0;0;0;0;0;0
FR;10;2021-01-13;0;0;0;0;0;0;0;0;0;0;0;0;0;0;0;0;0;0
FR;10;2021-01-14;0;0;0;0;0;0;0;0;0;0;0;0;0;0;0;0;0;0
FR;10;2021-01-15;0;0;0;0;0;0;0;0;0;0;0;0;0;0;0;0;0;0
FR;10;2021-01-16;0;0;0;0;0;0;0;0;0;0;0;0;0;0;0;0;0;0
FR;10;2021-01-17;0;0;0;0;0;0;0;0;0;0;0;0;0;0;0;0;0;0
FR;10;2021-01-18;0;0;0;0;0;0;0;0;0;0;0;0;0;0;0;0;0;0
FR;10;2021-01-19;0;0;0;0;0;0;0;0;0;0;0;0;0;0;0;0;0;0
FR;10;2021-01-20;0;0;0;0;0;0;0;0;0;0;0;0;0;0;0;0;0;0
FR;10;2021-01-21;0;0;0;0;0;0;0;0;0;0;0;0;0;0;0;0;0;0
FR;10;2021-01-22;0;0;0;0;0;0;0;0;0;0;0;0;0;0;0;0;0;0
FR;10;2021-01-23;0;0;0;0;0;0;0;0;0;0;0;0;0;0;0;0;0;0
FR;10;2021-01-24;0;0;0;0;0;0;0;0;0;0;0;0;0;0;0;0;0;0
FR;10;2021-01-25;0;0;0;0;0;0;0;0;0;0;0;0;0;0;0;0;0;0
FR;10;2021-01-26;0;0;0;0;0;0;0;0;0;0;0;0;0;0;0;0;0;0
FR;10;2021-01-27;0;0;0;0;0;0;0;0;0;0;0;0;0;0;0;0;0;0
FR;10;2021-01-28;0;0;0;0;0;0;0;0;0;0;0;0;0;0;0;0;0;0
FR;10;2021-01-29;0;0;0;0;0;0;0;0;0;0;0;0;0;0;0;0;0;0
FR;10;2021-01-30;0;0;0;0;0;0;0;0;0;0;0;0;0;0;0;0;0;0
FR;10;2021-01-31;0;0;0;0;0;0;0;0;0;0;0;0;0;0;0;0;0;0
FR;10;2021-02-01;0;0;0;0;0;0;0;0;0;0;0;0;0;0;0;0;0;0
FR;10;2021-02-02;0;0;0;0;0;0;0;0;0;0;0;0;0;0;0;0;0;0
FR;10;2021-02-03;0;0;0;0;0;0;0;0;0;0;0;0;0;0;0;0;0;0
FR;10;2021-02-04;0;0;0;0;0;0;0;0;0;0;0;0;0;0;0;0;0;0
FR;10;2021-02-05;0;0;0;0;0;0;0;0;0;0;0;0;0;0;0;0;0;0
FR;10;2021-02-06;0;0;0;0;0;0;0;0;0;0;0;0;0;0;0;0;0;0
FR;10;2021-02-07;0;0;0;0;0;0;0;0;0;0;0;0;0;0;0;0;0;0
FR;10;2021-02-08;0;0;0;0;0;0;0;0;0;0;0;0;0;0;0;0;0;0
FR;10;2021-02-09;0;0;0;0;0;0;0;0;0;0;0;0;0;0;0;0;0;0
FR;10;2021-02-10;0;0;0;0;0;0;0;0;0;0;0;0;0;0;0;0;0;0
FR;10;2021-02-11;0;0;0;0;0;0;0;0;0;0;0;0;0;0;0;0;0;0
FR;10;2021-02-12;0;0;0;0;0;0;0;0;0;0;0;0;0;0;0;0;0;0
FR;10;2021-02-13;0;0;0;0;0;0;0;0;0;0;0;0;0;0;0;0;0;0
FR;10;2021-02-14;0;0;0;0;0;0;0;0;0;0;0;0;0;0;0;0;0;0
FR;10;2021-02-15;0;0;0;0;0;0;0;0;0;0;0;0;0;0;0;0;0;0
FR;10;2021-02-16;0;0;0;0;0;0;0;0;0;0;0;0;0;0;0;0;0;0
FR;10;2021-02-17;0;0;0;0;0;0;0;0;0;0;0;0;0;0;0;0;0;0
FR;10;2021-02-18;0;0;0;0;0;0;0;0;0;0;0;0;0;0;0;0;0;0
FR;10;2021-02-19;0;0;0;0;0;0;0;0;0;0;0;0;0;0;0;0;0;0
FR;10;2021-02-20;0;0;0;0;0;0;0;0;0;0;0;0;0;0;0;0;0;0
FR;10;2021-02-21;0;0;0;0;0;0;0;0;0;0;0;0;0;0;0;0;0;0
FR;10;2021-02-22;0;0;0;0;0;0;0;0;0;0;0;0;0;0;0;0;0;0
FR;10;2021-02-23;0;0;0;0;0;0;0;0;0;0;0;0;0;0;0;0;0;0
FR;10;2021-02-24;0;0;0;0;0;0;0;0;0;0;0;0;0;0;0;0;0;0
FR;10;2021-02-25;0;0;0;0;0;0;0;0;0;0;0;0;0;0;0;0;0;0
FR;10;2021-02-26;0;0;0;0;0;0;0;0;0;0;0;0;0;0;0;0;0;0
FR;10;2021-02-27;0;0;0;0;0;0;0;0;0;0;0;0;0;0;0;0;0;0
FR;10;2021-02-28;0;0;0;0;0;0;0;0;0;0;0;0;0;0;0;0;0;0
FR;10;2021-03-01;0;0;0;0;0;0;0;0;0;0;0;0;0;0;0;0;0;0
FR;10;2021-03-02;0;0;0;0;0;0;0;0;0;0;0;0;0;0;0;0;0;0
FR;10;2021-03-03;0;0;0;0;0;0;0;0;0;0;0;0;0;0;0;0;0;0
FR;10;2021-03-04;0;0;0;0;0;0;0;0;0;0;0;0;0;0;0;0;0;0
FR;10;2021-03-05;0;0;0;0;0;0;0;0;0;0;0;0;0;0;0;0;0;0
FR;10;2021-03-06;0;0;0;0;0;0;0;0;0;0;0;0;0;0;0;0;0;0
FR;10;2021-03-07;0;0;0;0;0;0;0;0;0;0;0;0;0;0;0;0;0;0
FR;10;2021-03-08;0;0;0;0;0;0;0;0;0;0;0;0;0;0;0;0;0;0
FR;10;2021-03-09;0;0;0;0;0;0;0;0;0;0;0;0;0;0;0;0;0;0
FR;10;2021-03-10;0;0;0;0;0;0;0;0;0;0;0;0;0;0;0;0;0;0
FR;10;2021-03-11;0;0;0;0;0;0;0;0;0;0;0;0;0;0;0;0;0;0
FR;10;2021-03-12;0;0;0;0;0;0;0;0;0;0;0;0;0;0;0;0;0;0
FR;10;2021-03-13;0;0;0;0;0;0;0;0;0;0;0;0;0;0;0;0;0;0
FR;10;2021-03-14;0;0;0;0;0;0;0;0;0;0;0;0;0;0;0;0;0;0
FR;10;2021-03-15;0;0;0;0;0;0;0;0;0;0;0;0;0;0;0;0;0;0
FR;10;2021-03-16;0;0;0;0;0;0;0;0;0;0;0;0;0;0;0;0;0;0
FR;10;2021-03-17;0;0;0;0;0;0;0;0;0;0;0;0;0;0;0;0;0;0
FR;10;2021-03-18;0;0;0;0;0;0;0;0;0;0;0;0;0;0;0;0;0;0
FR;10;2021-03-19;0;0;0;0;0;0;0;0;0;0;0;0;0;0;0;0;0;0
FR;10;2021-03-20;0;0;0;0;0;0;0;0;0;0;0;0;0;0;0;0;0;0
FR;10;2021-03-21;0;0;0;0;0;0;0;0;0;0;0;0;0;0;0;0;0;0
FR;10;2021-03-22;0;0;0;0;0;0;0;0;0;0;0;0;0;0;0;0;0;0
FR;10;2021-03-23;0;0;0;0;0;0;0;0;0;0;0;0;0;0;0;0;0;0
FR;10;2021-03-24;0;0;0;0;0;0;0;0;0;0;0;0;0;0;0;0;0;0
FR;10;2021-03-25;0;0;0;0;0;0;0;0;0;0;0;0;0;0;0;0;0;0
FR;10;2021-03-26;0;0;0;0;0;0;0;0;0;0;0;0;0;0;0;0;0;0
FR;10;2021-03-27;0;0;0;0;0;0;0;0;0;0;0;0;0;0;0;0;0;0
FR;10;2021-03-28;0;0;0;0;0;0;0;0;0;0;0;0;0;0;0;0;0;0
FR;10;2021-03-29;0;0;0;0;0;0;0;0;0;0;0;0;0;0;0;0;0;0
FR;10;2021-03-30;0;0;0;0;0;0;0;0;0;0;0;0;0;0;0;0;0;0
FR;10;2021-03-31;0;0;0;0;0;0;0;0;0;0;0;0;0;0;0;0;0;0
FR;10;2021-04-01;0;0;0;0;0;0;0;0;0;0;0;0;0;0;0;0;0;0
FR;10;2021-04-02;0;0;0;0;0;0;0;0;0;0;0;0;0;0;0;0;0;0
FR;10;2021-04-03;0;0;0;0;0;0;0;0;0;0;0;0;0;0;0;0;0;0
FR;10;2021-04-04;0;0;0;0;0;0;0;0;0;0;0;0;0;0;0;0;0;0
FR;10;2021-04-05;0;0;0;0;0;0;0;0;0;0;0;0;0;0;0;0;0;0
FR;10;2021-04-06;0;0;0;0;0;0;0;0;0;0;0;0;0;0;0;0;0;0
FR;10;2021-04-07;0;0;0;0;0;0;0;0;0;0;0;0;0;0;0;0;0;0
FR;10;2021-04-08;0;0;0;0;0;0;0;0;0;0;0;0;0;0;0;0;0;0
FR;10;2021-04-09;0;0;0;0;0;0;0;0;0;0;0;0;0;0;0;0;0;0
FR;10;2021-04-10;0;0;0;0;0;0;0;0;0;0;0;0;0;0;0;0;0;0
FR;10;2021-04-11;0;0;0;0;0;0;0;0;0;0;0;0;0;0;0;0;0;0
FR;10;2021-04-12;0;0;0;0;0;0;0;0;0;0;0;0;0;0;0;0;0;0
FR;10;2021-04-13;0;0;0;0;0;0;0;0;0;0;0;0;0;0;0;0;0;0
FR;10;2021-04-14;0;0;0;0;0;0;0;0;0;0;0;0;0;0;0;0;0;0
FR;10;2021-04-15;0;0;0;0;0;0;0;0;0;0;0;0;0;0;0;0;0;0
FR;10;2021-04-16;0;0;0;0;0;0;0;0;0;0;0;0;0;0;0;0;0;0
FR;10;2021-04-17;0;0;0;0;0;0;0;0;0;0;0;0;0;0;0;0;0;0
FR;10;2021-04-18;0;0;0;0;0;0;0;0;0;0;0;0;0;0;0;0;0;0
FR;10;2021-04-19;0;0;0;0;0;0;0;0;0;0;0;0;0;0;0;0;0;0
FR;10;2021-04-20;0;0;0;0;0;0;0;0;0;0;0;0;0;0;0;0;0;0
FR;10;2021-04-21;0;0;0;0;0;0;0;0;0;0;0;0;0;0;0;0;0;0
FR;10;2021-04-22;0;0;0;0;0;0;0;0;0;0;0;0;0;0;0;0;0;0
FR;10;2021-04-23;0;0;0;0;0;0;0;0;0;0;0;0;0;0;0;0;0;0
FR;10;2021-04-24;0;0;0;0;0;0;0;0;0;0;0;0;0;0;0;0;0;0
FR;10;2021-04-25;0;0;0;0;0;0;0;0;0;0;0;0;0;0;0;0;0;0
FR;10;2021-04-26;0;0;0;0;0;0;0;0;0;0;0;0;0;0;0;0;0;0
FR;10;2021-04-27;0;0;0;0;0;0;0;0;0;0;0;0;0;0;0;0;0;0
FR;10;2021-04-28;0;0;0;0;0;0;0;0;0;0;0;0;0;0;0;0;0;0
FR;10;2021-04-29;0;0;0;0;0;0;0;0;0;0;0;0;0;0;0;0;0;0
FR;10;2021-04-30;0;0;0;0;0;0;0;0;0;0;0;0;0;0;0;0;0;0
FR;10;2021-05-01;0;0;0;0;0;0;0;0;0;0;0;0;0;0;0;0;0;0
FR;10;2021-05-02;0;0;0;0;0;0;0;0;0;0;0;0;0;0;0;0;0;0
FR;10;2021-05-03;0;0;0;0;0;0;0;0;0;0;0;0;0;0;0;0;0;0
FR;10;2021-05-04;0;0;0;0;0;0;0;0;0;0;0;0;0;0;0;0;0;0
FR;10;2021-05-05;0;0;0;0;0;0;0;0;0;0;0;0;0;0;0;0;0;0
FR;10;2021-05-06;0;0;0;0;0;0;0;0;0;0;0;0;0;0;0;0;0;0
FR;10;2021-05-07;0;0;0;0;0;0;0;0;0;0;0;0;0;0;0;0;0;0
FR;10;2021-05-08;0;0;0;0;0;0;0;0;0;0;0;0;0;0;0;0;0;0
FR;10;2021-05-09;0;0;0;0;0;0;0;0;0;0;0;0;0;0;0;0;0;0
FR;10;2021-05-10;0;0;0;0;0;0;0;0;0;0;0;0;0;0;0;0;0;0
FR;10;2021-05-11;0;0;0;0;0;0;0;0;0;0;0;0;0;0;0;0;0;0
FR;10;2021-05-12;0;0;0;0;0;0;0;0;0;0;0;0;0;0;0;0;0;0
FR;10;2021-05-13;0;0;0;0;0;0;0;0;0;0;0;0;0;0;0;0;0;0
FR;10;2021-05-14;0;0;0;0;0;0;0;0;0;0;0;0;0;0;0;0;0;0
FR;10;2021-05-15;0;0;0;0;0;0;0;0;0;0;0;0;0;0;0;0;0;0
FR;10;2021-05-16;0;0;0;0;0;0;0;0;0;0;0;0;0;0;0;0;0;0
FR;10;2021-05-17;0;0;0;0;0;0;0;0;0;0;0;0;0;0;0;0;0;0
FR;10;2021-05-18;0;0;0;0;0;0;0;0;0;0;0;0;0;0;0;0;0;0
FR;10;2021-05-19;0;0;0;0;0;0;0;0;0;0;0;0;0;0;0;0;0;0
FR;10;2021-05-20;0;0;0;0;0;0;0;0;0;0;0;0;0;0;0;0;0;0
FR;10;2021-05-21;0;0;0;0;0;0;0;0;0;0;0;0;0;0;0;0;0;0
FR;10;2021-05-22;0;0;0;0;0;0;0;0;0;0;0;0;0;0;0;0;0;0
FR;10;2021-05-23;0;0;0;0;0;0;0;0;0;0;0;0;0;0;0;0;0;0
FR;10;2021-05-24;0;0;0;0;0;0;0;0;0;0;0;0;0;0;0;0;0;0
FR;10;2021-05-25;0;0;0;0;0;0;0;0;0;0;0;0;0;0;0;0;0;0
FR;10;2021-05-26;0;0;0;0;0;0;0;0;0;0;0;0;0;0;0;0;0;0
FR;10;2021-05-27;0;0;0;0;0;0;0;0;0;0;0;0;0;0;0;0;0;0
FR;10;2021-05-28;0;0;0;0;0;0;0;0;0;0;0;0;0;0;0;0;0;0
FR;10;2021-05-29;0;0;0;0;0;0;0;0;0;0;0;0;0;0;0;0;0;0
FR;10;2021-05-30;0;0;0;0;0;0;0;0;0;0;0;0;0;0;0;0;0;0
FR;10;2021-05-31;0;0;0;0;0;0;0;0;0;0;0;0;0;0;0;0;0;0
FR;10;2021-06-01;0;0;0;0;0;0;0;0;0;0;0;0;0;0;0;0;0;0
FR;10;2021-06-02;0;0;0;0;0;0;0;0;0;0;0;0;0;0;0;0;0;0
FR;10;2021-06-03;0;0;0;0;0;0;0;0;0;0;0;0;0;0;0;0;0;0
FR;10;2021-06-04;0;0;0;0;0;0;0;0;0;0;0;0;0;0;0;0;0;0
FR;10;2021-06-05;0;0;0;0;0;0;0;0;0;0;0;0;0;0;0;0;0;0
FR;10;2021-06-06;0;0;0;0;0;0;0;0;0;0;0;0;0;0;0;0;0;0
FR;10;2021-06-07;0;0;0;0;0;0;0;0;0;0;0;0;0;0;0;0;0;0
FR;10;2021-06-08;0;0;0;0;0;0;0;0;0;0;0;0;0;0;0;0;0;0
FR;10;2021-06-09;0;0;0;0;0;0;0;0;0;0;0;0;0;0;0;0;0;0
FR;10;2021-06-10;0;0;0;0;0;0;0;0;0;0;0;0;0;0;0;0;0;0
FR;10;2021-06-11;0;0;0;0;0;0;0;0;0;0;0;0;0;0;0;0;0;0
FR;10;2021-06-12;0;0;0;0;0;0;0;0;0;0;0;0;0;0;0;0;0;0
FR;10;2021-06-13;0;0;0;0;0;0;0;0;0;0;0;0;0;0;0;0;0;0
FR;10;2021-06-14;0;0;0;0;0;0;0;0;0;0;0;0;0;0;0;0;0;0
FR;10;2021-06-15;0;0;0;0;0;0;0;0;0;0;0;0;0;0;0;0;0;0
FR;10;2021-06-16;0;0;0;0;0;0;0;0;0;0;0;0;0;0;0;0;0;0
FR;10;2021-06-17;0;0;0;0;0;0;0;0;0;0;0;0;0;0;0;0;0;0
FR;10;2021-06-18;0;0;0;0;0;0;0;0;0;0;0;0;0;0;0;0;0;0
FR;10;2021-06-19;0;0;0;0;0;0;0;0;0;0;0;0;0;0;0;0;0;0
FR;10;2021-06-20;0;0;0;0;0;0;0;0;0;0;0;0;0;0;0;0;0;0
FR;10;2021-06-21;0;0;0;0;0;0;0;0;0;0;0;0;0;0;0;0;0;0
FR;10;2021-06-22;0;0;0;0;0;0;0;0;0;0;0;0;0;0;0;0;0;0
FR;10;2021-06-23;0;0;0;0;0;0;0;0;0;0;0;0;0;0;0;0;0;0
FR;10;2021-06-24;0;0;0;0;0;0;0;0;0;0;0;0;0;0;0;0;0;0
FR;10;2021-06-25;0;0;0;0;0;0;0;0;0;0;0;0;0;0;0;0;0;0
FR;10;2021-06-26;0;0;0;0;0;0;0;0;0;0;0;0;0;0;0;0;0;0
FR;10;2021-06-27;0;0;0;0;0;0;0;0;0;0;0;0;0;0;0;0;0;0
FR;10;2021-06-28;0;0;0;0;0;0;0;0;0;0;0;0;0;0;0;0;0;0
FR;10;2021-06-29;0;0;0;0;0;0;0;0;0;0;0;0;0;0;0;0;0;0
FR;10;2021-06-30;0;0;0;0;0;0;0;0;0;0;0;0;0;0;0;0;0;0
FR;10;2021-07-01;0;0;0;0;0;0;0;0;0;0;0;0;0;0;0;0;0;0
FR;10;2021-07-02;0;0;0;0;0;0;0;0;0;0;0;0;0;0;0;0;0;0
FR;10;2021-07-03;0;0;0;0;0;0;0;0;0;0;0;0;0;0;0;0;0;0
FR;10;2021-07-04;0;0;0;0;0;0;0;0;0;0;0;0;0;0;0;0;0;0
FR;10;2021-07-05;0;0;0;0;0;0;0;0;0;0;0;0;0;0;0;0;0;0
FR;10;2021-07-06;0;0;0;0;0;0;0;0;0;0;0;0;0;0;0;0;0;0
FR;10;2021-07-07;0;0;0;0;0;0;0;0;0;0;0;0;0;0;0;0;0;0
FR;10;2021-07-08;0;0;0;0;0;0;0;0;0;0;0;0;0;0;0;0;0;0
FR;10;2021-07-09;0;0;0;0;0;0;0;0;0;0;0;0;0;0;0;0;0;0
FR;10;2021-07-10;0;0;0;0;0;0;0;0;0;0;0;0;0;0;0;0;0;0
FR;10;2021-07-11;0;0;0;0;0;0;0;0;0;0;0;0;0;0;0;0;0;0
FR;10;2021-07-12;0;0;0;0;0;0;0;0;0;0;0;0;0;0;0;0;0;0
FR;10;2021-07-13;0;0;0;0;0;0;0;0;0;0;0;0;0;0;0;0;0;0
FR;10;2021-07-14;0;0;0;0;0;0;0;0;0;0;0;0;0;0;0;0;0;0
FR;10;2021-07-15;0;0;0;0;0;0;0;0;0;0;0;0;0;0;0;0;0;0
FR;10;2021-07-16;0;0;0;0;0;0;0;0;0;0;0;0;0;0;0;0;0;0
FR;10;2021-07-17;0;0;0;0;0;0;0;0;0;0;0;0;0;0;0;0;0;0
FR;10;2021-07-18;0;0;0;0;0;0;0;0;0;0;0;0;0;0;0;0;0;0
FR;10;2021-07-19;0;0;0;0;0;0;0;0;0;0;0;0;0;0;0;0;0;0
FR;10;2021-07-20;0;0;0;0;0;0;0;0;0;0;0;0;0;0;0;0;0;0
FR;10;2021-07-21;0;0;0;0;0;0;0;0;0;0;0;0;0;0;0;0;0;0
FR;10;2021-07-22;0;0;0;0;0;0;0;0;0;0;0;0;0;0;0;0;0;0
FR;10;2021-07-23;0;0;0;0;0;0;0;0;0;0;0;0;0;0;0;0;0;0
FR;10;2021-07-24;0;0;0;0;0;0;0;0;0;0;0;0;0;0;0;0;0;0
FR;10;2021-07-25;0;0;0;0;0;0;0;0;0;0;0;0;0;0;0;0;0;0
FR;10;2021-07-26;0;0;0;0;0;0;0;0;0;0;0;0;0;0;0;0;0;0
FR;10;2021-07-27;0;0;0;0;0;0;0;0;0;0;0;0;0;0;0;0;0;0
FR;10;2021-07-28;0;0;0;0;0;0;0;0;0;0;0;0;0;0;0;0;0;0
FR;10;2021-07-29;0;0;0;0;0;0;0;0;0;0;0;0;0;0;0;0;0;0
FR;10;2021-07-30;0;0;0;0;0;0;0;0;0;0;0;0;0;0;0;0;0;0
FR;10;2021-07-31;0;0;0;0;0;0;0;0;0;0;0;0;0;0;0;0;0;0
FR;10;2021-08-01;0;0;0;0;0;0;0;0;0;0;0;0;0;0;0;0;0;0
FR;10;2021-08-02;0;0;0;0;0;0;0;0;0;0;0;0;0;0;0;0;0;0
FR;10;2021-08-03;0;0;0;0;0;0;0;0;0;0;0;0;0;0;0;0;0;0
FR;10;2021-08-04;0;0;0;0;0;0;0;0;0;0;0;0;0;0;0;0;0;0
FR;10;2021-08-05;0;0;0;0;0;0;0;0;0;0;0;0;0;0;0;0;0;0
FR;10;2021-08-06;0;0;0;0;0;0;0;0;0;0;0;0;0;0;0;0;0;0
FR;10;2021-08-07;0;0;0;0;0;0;0;0;0;0;0;0;0;0;0;0;0;0
FR;10;2021-08-08;0;0;0;0;0;0;0;0;0;0;0;0;0;0;0;0;0;0
FR;10;2021-08-09;0;0;0;0;0;0;0;0;0;0;0;0;0;0;0;0;0;0
FR;10;2021-08-10;0;0;0;0;0;0;0;0;0;0;0;0;0;0;0;0;0;0
FR;10;2021-08-11;0;0;0;0;0;0;0;0;0;0;0;0;0;0;0;0;0;0
FR;10;2021-08-12;0;0;0;0;0;0;0;0;0;0;0;0;0;0;0;0;0;0
FR;10;2021-08-13;0;0;0;0;0;0;0;0;0;0;0;0;0;0;0;0;0;0
FR;10;2021-08-14;0;0;0;0;0;0;0;0;0;0;0;0;0;0;0;0;0;0
FR;10;2021-08-15;0;0;0;0;0;0;0;0;0;0;0;0;0;0;0;0;0;0
FR;10;2021-08-16;0;0;0;0;0;0;0;0;0;0;0;0;0;0;0;0;0;0
FR;10;2021-08-17;0;0;0;0;0;0;0;0;0;0;0;0;0;0;0;0;0;0
FR;10;2021-08-18;0;0;0;0;0;0;0;0;0;0;0;0;0;0;0;0;0;0
FR;10;2021-08-19;0;0;0;0;0;0;0;0;0;0;0;0;0;0;0;0;0;0
FR;10;2021-08-20;0;0;0;0;0;0;0;0;0;0;0;0;0;0;0;0;0;0
FR;10;2021-08-21;0;0;0;0;0;0;0;0;0;0;0;0;0;0;0;0;0;0
FR;10;2021-08-22;0;0;0;0;0;0;0;0;0;0;0;0;0;0;0;0;0;0
FR;10;2021-08-23;0;0;0;0;0;0;0;0;0;0;0;0;0;0;0;0;0;0
FR;10;2021-08-24;0;0;0;0;0;0;0;0;0;0;0;0;0;0;0;0;0;0
FR;10;2021-08-25;0;0;0;0;0;0;0;0;0;0;0;0;0;0;0;0;0;0
FR;10;2021-08-26;0;0;0;0;0;0;0;0;0;0;0;0;0;0;0;0;0;0
FR;10;2021-08-27;0;0;0;0;0;0;0;0;0;0;0;0;0;0;0;0;0;0
FR;10;2021-08-28;0;0;0;0;0;0;0;0;0;0;0;0;0;0;0;0;0;0
FR;10;2021-08-29;0;0;0;0;0;0;0;0;0;0;0;0;0;0;0;0;0;0
FR;10;2021-08-30;0;0;0;0;0;0;0;0;0;0;0;0;0;0;0;0;0;0
FR;10;2021-08-31;0;0;0;0;0;0;0;0;0;0;0;0;0;0;0;0;0;0
FR;10;2021-09-01;0;0;0;0;0;0;0;0;0;0;0;0;0;0;0;0;0;0
FR;10;2021-09-02;0;0;0;0;0;0;0;0;0;0;0;0;0;0;0;0;0;0
FR;10;2021-09-03;0;0;0;0;0;0;0;0;0;0;0;0;0;0;0;0;0;0
FR;10;2021-09-04;0;0;0;0;0;0;0;0;0;0;0;0;0;0;0;0;0;0
FR;10;2021-09-05;0;0;0;0;0;0;0;0;0;0;0;0;0;0;0;0;0;0
FR;10;2021-09-06;0;0;0;0;0;0;0;0;0;0;0;0;0;0;0;0;0;0
FR;10;2021-09-07;0;0;0;0;0;0;0;0;0;0;0;0;0;0;0;0;0;0
FR;10;2021-09-08;0;0;0;0;0;0;0;0;0;0;0;0;0;0;0;0;0;0
FR;10;2021-09-09;0;0;0;0;0;0;0;0;0;0;0;0;0;0;0;0;0;0
FR;10;2021-09-10;0;0;0;0;0;0;0;0;0;0;0;0;0;0;0;0;0;0
FR;10;2021-09-11;0;0;0;0;0;0;0;0;0;0;0;0;0;0;0;0;0;0
FR;10;2021-09-12;0;0;0;0;0;0;0;0;0;0;0;0;0;0;0;0;0;0
FR;10;2021-09-13;0;0;0;0;0;0;0;0;0;0;0;0;0;0;0;0;0;0
FR;10;2021-09-14;0;0;0;0;0;0;0;0;0;0;0;0;0;0;0;0;0;0
FR;10;2021-09-15;0;0;0;0;0;0;0;0;0;0;0;0;0;0;0;0;0;0
FR;10;2021-09-16;0;0;0;0;0;0;0;0;0;0;0;0;0;0;0;0;0;0
FR;10;2021-09-17;0;0;0;0;0;0;0;0;0;0;0;0;0;0;0;0;0;0
FR;10;2021-09-18;0;0;0;0;0;0;0;0;0;0;0;0;0;0;0;0;0;0
FR;10;2021-09-19;0;0;0;0;0;0;0;0;0;0;0;0;0;0;0;0;0;0
FR;10;2021-09-20;0;0;0;0;0;0;0;0;0;0;0;0;0;0;0;0;0;0
FR;10;2021-09-21;0;0;0;0;0;0;0;0;0;0;0;0;0;0;0;0;0;0
FR;10;2021-09-22;0;0;0;0;0;0;0;0;0;0;0;0;0;0;0;0;0;0
FR;10;2021-09-23;0;0;0;0;0;0;0;0;0;0;0;0;0;0;0;0;0;0
FR;10;2021-09-24;0;0;0;0;0;0;0;0;0;0;0;0;0;0;0;0;0;0
FR;10;2021-09-25;0;0;0;0;0;0;0;0;0;0;0;0;0;0;0;0;0;0
FR;10;2021-09-26;0;0;0;0;0;0;0;0;0;0;0;0;0;0;0;0;0;0
FR;10;2021-09-27;0;0;0;0;0;0;0;0;0;0;0;0;0;0;0;0;0;0
FR;10;2021-09-28;0;0;0;0;0;0;0;0;0;0;0;0;0;0;0;0;0;0
FR;10;2021-09-29;0;0;0;0;0;0;0;0;0;0;0;0;0;0;0;0;0;0
FR;10;2021-09-30;0;0;0;0;0;0;0;0;0;0;0;0;0;0;0;0;0;0
FR;10;2021-10-01;0;0;0;0;0;0;0;0;0;0;0;0;0;0;0;0;0;0
FR;10;2021-10-02;0;0;0;0;0;0;0;0;0;0;0;0;0;0;0;0;0;0
FR;10;2021-10-03;0;0;0;0;0;0;0;0;0;0;0;0;0;0;0;0;0;0
FR;10;2021-10-04;0;0;0;0;0;0;0;0;0;0;0;0;0;0;0;0;0;0
FR;10;2021-10-05;0;0;0;0;0;0;0;0;0;0;0;0;0;0;0;0;0;0
FR;10;2021-10-06;0;0;0;0;0;0;0;0;0;0;0;0;0;0;0;0;0;0
FR;10;2021-10-07;0;0;0;0;0;0;0;0;0;0;0;0;0;0;0;0;0;0
FR;10;2021-10-08;0;0;0;0;0;0;0;0;0;0;0;0;0;0;0;0;0;0
FR;10;2021-10-09;0;0;0;0;0;0;0;0;0;0;0;0;0;0;0;0;0;0
FR;10;2021-10-10;0;0;0;0;0;0;0;0;0;0;0;0;0;0;0;0;0;0
FR;10;2021-10-11;0;0;0;0;0;0;0;0;0;0;0;0;0;0;0;0;0;0
FR;10;2021-10-12;0;0;0;0;0;0;0;0;0;0;0;0;0;0;0;0;0;0
FR;10;2021-10-13;0;0;0;0;0;0;0;0;0;0;0;0;0;0;0;0;0;0
FR;10;2021-10-14;0;0;0;0;0;0;0;0;0;0;0;0;0;0;0;0;0;0
FR;10;2021-10-15;0;0;0;0;0;0;0;0;0;0;0;0;0;0;0;0;0;0
FR;10;2021-10-16;0;0;0;0;0;0;0;0;0;0;0;0;0;0;0;0;0;0
FR;10;2021-10-17;0;0;0;0;0;0;0;0;0;0;0;0;0;0;0;0;0;0
FR;10;2021-10-18;0;0;0;0;0;0;0;0;0;0;0;0;0;0;0;0;0;0
FR;10;2021-10-19;0;0;0;0;0;0;0;0;0;0;0;0;0;0;0;0;0;0
FR;10;2021-10-20;0;0;0;0;0;0;0;0;0;0;0;0;0;0;0;0;0;0
FR;10;2021-10-21;0;0;0;0;0;0;0;0;0;0;0;0;0;0;0;0;0;0
FR;10;2021-10-22;0;0;0;0;0;0;0;0;0;0;0;0;0;0;0;0;0;0
FR;10;2021-10-23;0;0;0;0;0;0;0;0;0;0;0;0;0;0;0;0;0;0
FR;10;2021-10-24;0;0;0;0;0;0;0;0;0;0;0;0;0;0;0;0;0;0
FR;10;2021-10-25;0;0;0;0;0;0;0;0;0;0;0;0;0;0;0;0;0;0
FR;10;2021-10-26;0;0;0;0;0;0;0;0;0;0;0;0;0;0;0;0;0;0
FR;10;2021-10-27;0;0;0;0;0;0;0;0;0;0;0;0;0;0;0;0;0;0
FR;10;2021-10-28;0;0;0;0;0;0;0;0;0;0;0;0;0;0;0;0;0;0
FR;10;2021-10-29;0;0;0;0;0;0;0;0;0;0;0;0;0;0;0;0;0;0
FR;10;2021-10-30;0;0;0;0;0;0;0;0;0;0;0;0;0;0;0;0;0;0
FR;10;2021-10-31;0;0;0;0;0;0;0;0;0;0;0;0;0;0;0;0;0;0
FR;10;2021-11-01;0;0;0;0;0;0;0;0;0;0;0;0;0;0;0;0;0;0
FR;10;2021-11-02;0;0;0;0;0;0;0;0;0;0;0;0;0;0;0;0;0;0
FR;10;2021-11-03;0;0;0;0;0;0;0;0;0;0;0;0;0;0;0;0;0;0
FR;10;2021-11-04;0;0;0;0;0;0;0;0;0;0;0;0;0;0;0;0;0;0
FR;10;2021-11-05;0;0;0;0;0;0;0;0;0;0;0;0;0;0;0;0;0;0
FR;10;2021-11-06;0;0;0;0;0;0;0;0;0;0;0;0;0;0;0;0;0;0
FR;10;2021-11-07;0;0;0;0;0;0;0;0;0;0;0;0;0;0;0;0;0;0
FR;10;2021-11-08;0;0;0;0;0;0;0;0;0;0;0;0;0;0;0;0;0;0
FR;10;2021-11-09;0;0;0;0;0;0;0;0;0;0;0;0;0;0;0;0;0;0
FR;10;2021-11-10;0;0;0;0;0;0;0;0;0;0;0;0;0;0;0;0;0;0
FR;10;2021-11-11;0;0;0;0;0;0;0;0;0;0;0;0;0;0;0;0;0;0
FR;10;2021-11-12;0;0;0;0;0;0;0;0;0;0;0;0;0;0;0;0;0;0
FR;10;2021-11-13;0;0;0;0;0;0;0;0;0;0;0;0;0;0;0;0;0;0
FR;10;2021-11-14;0;0;0;0;0;0;0;0;0;0;0;0;0;0;0;0;0;0
FR;10;2021-11-15;0;0;0;0;0;0;0;0;0;0;0;0;0;0;0;0;0;0
FR;10;2021-11-16;0;0;0;0;0;0;0;0;0;0;0;0;0;0;0;0;0;0
FR;10;2021-11-17;0;0;0;0;0;0;0;0;0;0;0;0;0;0;0;0;0;0
FR;10;2021-11-18;0;0;0;0;0;0;0;0;0;0;0;0;0;0;0;0;0;0
FR;10;2021-11-19;0;0;0;0;0;0;0;0;0;0;0;0;0;0;0;0;0;0
FR;10;2021-11-20;0;0;0;0;0;0;0;0;0;0;0;0;0;0;0;0;0;0
FR;10;2021-11-21;0;0;0;0;0;0;0;0;0;0;0;0;0;0;0;0;0;0
FR;10;2021-11-22;0;0;0;0;0;0;0;0;0;0;0;0;0;0;0;0;0;0
FR;10;2021-11-23;0;0;0;0;0;0;0;0;0;0;0;0;0;0;0;0;0;0
FR;10;2021-11-24;0;0;0;0;0;0;0;0;0;0;0;0;0;0;0;0;0;0
FR;10;2021-11-25;0;0;0;0;0;0;0;0;0;0;0;0;0;0;0;0;0;0
FR;10;2021-11-26;0;0;0;0;0;0;0;0;0;0;0;0;0;0;0;0;0;0
FR;10;2021-11-27;0;0;0;0;0;0;0;0;0;0;0;0;0;0;0;0;0;0
FR;10;2021-11-28;0;0;0;0;0;0;0;0;0;0;0;0;0;0;0;0;0;0
FR;10;2021-11-29;0;0;0;0;0;0;0;0;0;0;0;0;0;0;0;0;0;0
FR;10;2021-11-30;0;0;0;0;0;0;0;0;0;0;0;0;0;0;0;0;0;0
FR;10;2021-12-01;0;0;0;0;0;0;0;0;0;0;0;0;0;0;0;0;0;0
FR;10;2021-12-02;0;0;0;0;0;0;0;0;0;0;0;0;0;0;0;0;0;0
FR;10;2021-12-03;0;0;0;0;0;0;0;0;0;0;0;0;0;0;0;0;0;0
FR;10;2021-12-04;0;0;0;0;0;0;0;0;0;0;0;0;0;0;0;0;0;0
FR;10;2021-12-05;0;0;0;0;0;0;0;0;0;0;0;0;0;0;0;0;0;0
FR;10;2021-12-06;0;0;0;0;0;0;0;0;0;0;0;0;0;0;0;0;0;0
FR;10;2021-12-07;0;0;0;0;0;0;0;0;0;0;0;0;0;0;0;0;0;0
FR;10;2021-12-08;0;0;0;0;0;0;0;0;0;0;0;0;0;0;0;0;0;0
FR;10;2021-12-09;0;0;0;0;0;0;0;0;0;0;0;0;0;0;0;0;0;0
FR;10;2021-12-10;0;0;0;0;0;0;0;0;0;0;0;0;0;0;0;0;0;0
FR;10;2021-12-11;0;0;0;0;0;0;0;0;0;0;0;0;0;0;0;0;0;0
FR;10;2021-12-12;0;0;0;0;0;0;0;0;0;0;0;0;0;0;0;0;0;0
FR;10;2021-12-13;0;0;0;0;0;0;0;0;0;0;0;0;0;0;0;0;0;0
FR;10;2021-12-14;0;0;0;0;0;0;0;0;0;0;0;0;0;0;0;0;0;0
FR;10;2021-12-15;0;0;0;0;0;0;0;0;0;0;0;0;0;0;0;0;0;0
FR;10;2021-12-16;0;0;0;0;0;0;0;0;0;0;0;0;0;0;0;0;0;0
FR;10;2021-12-17;0;0;0;0;0;0;0;0;0;0;0;0;0;0;0;0;0;0
FR;10;2021-12-18;0;0;0;0;0;0;0;0;0;0;0;0;0;0;0;0;0;0
FR;10;2021-12-19;0;0;0;0;0;0;0;0;0;0;0;0;0;0;0;0;0;0
FR;10;2021-12-20;0;0;0;0;0;0;0;0;0;0;0;0;0;0;0;0;0;0
FR;10;2021-12-21;0;0;0;0;0;0;0;0;0;0;0;0;0;0;0;0;0;0
FR;10;2021-12-22;0;0;0;0;0;0;0;0;0;0;0;0;0;0;0;0;0;0
FR;10;2021-12-23;0;0;0;0;0;0;0;0;0;0;0;0;0;0;0;0;0;0
FR;10;2021-12-24;0;0;0;0;0;0;0;0;0;0;0;0;0;0;0;0;0;0
FR;10;2021-12-25;0;0;0;0;0;0;0;0;0;0;0;0;0;0;0;0;0;0
FR;10;2021-12-26;0;0;0;0;0;0;0;0;0;0;0;0;0;0;0;0;0;0
FR;10;2021-12-27;0;0;0;0;0;0;0;0;0;0;0;0;0;0;0;0;0;0
FR;10;2021-12-28;0;0;0;0;0;0;0;0;0;0;0;0;0;0;0;0;0;0
FR;10;2021-12-29;0;0;0;0;0;0;0;0;0;0;0;0;0;0;0;0;0;0
FR;10;2021-12-30;0;0;0;0;0;0;0;0;0;0;0;0;0;0;0;0;0;0
FR;10;2021-12-31;0;0;0;0;0;0;0;0;0;0;0;0;0;0;0;0;0;0
FR;10;2022-01-01;0;0;0;0;0;0;0;0;0;0;0;0;0;0;0;0;0;0
FR;10;2022-01-02;0;0;0;0;0;0;0;0;0;0;0;0;0;0;0;0;0;0
FR;10;2022-01-03;0;0;0;0;0;0;0;0;0;0;0;0;0;0;0;0;0;0
FR;10;2022-01-04;0;0;0;0;0;0;0;0;0;0;0;0;0;0;0;0;0;0
FR;10;2022-01-05;0;0;0;0;0;0;0;0;0;0;0;0;0;0;0;0;0;0
FR;10;2022-01-06;0;0;0;0;0;0;0;0;0;0;0;0;0;0;0;0;0;0
FR;10;2022-01-07;0;0;0;0;0;0;0;0;0;0;0;0;0;0;0;0;0;0
FR;10;2022-01-08;0;0;0;0;0;0;0;0;0;0;0;0;0;0;0;0;0;0
FR;10;2022-01-09;0;0;0;0;0;0;0;0;0;0;0;0;0;0;0;0;0;0
FR;10;2022-01-10;0;0;0;0;0;0;0;0;0;0;0;0;0;0;0;0;0;0
FR;10;2022-01-11;0;0;0;0;0;0;0;0;0;0;0;0;0;0;0;0;0;0
FR;10;2022-01-12;0;0;0;0;0;0;0;0;0;0;0;0;0;0;0;0;0;0
FR;10;2022-01-13;0;0;0;0;0;0;0;0;0;0;0;0;0;0;0;0;0;0
FR;10;2022-01-14;0;0;0;0;0;0;0;0;0;0;0;0;0;0;0;0;0;0
FR;10;2022-01-15;0;0;0;0;0;0;0;0;0;0;0;0;0;0;0;0;0;0
FR;10;2022-01-16;0;0;0;0;0;0;0;0;0;0;0;0;0;0;0;0;0;0
FR;10;2022-01-17;0;0;0;0;0;0;0;0;0;0;0;0;0;0;0;0;0;0
FR;10;2022-01-18;0;0;0;0;0;0;0;0;0;0;0;0;0;0;0;0;0;0
FR;10;2022-01-19;0;0;0;0;0;0;0;0;0;0;0;0;0;0;0;0;0;0
FR;10;2022-01-20;0;0;0;0;0;0;0;0;0;0;0;0;0;0;0;0;0;0
FR;10;2022-01-21;0;0;0;0;0;0;0;0;0;0;0;0;0;0;0;0;0;0
FR;10;2022-01-22;0;0;0;0;0;0;0;0;0;0;0;0;0;0;0;0;0;0
FR;10;2022-01-23;0;0;0;0;0;0;0;0;0;0;0;0;0;0;0;0;0;0
FR;10;2022-01-24;0;0;0;0;0;0;0;0;0;0;0;0;0;0;0;0;0;0
FR;10;2022-01-25;0;0;0;0;0;0;0;0;0;0;0;0;0;0;0;0;0;0
FR;10;2022-01-26;0;0;0;0;0;0;0;0;0;0;0;0;0;0;0;0;0;0
FR;10;2022-01-27;0;0;0;0;0;0;0;0;0;0;0;0;0;0;0;0;0;0
FR;10;2022-01-28;0;0;0;0;0;0;0;0;0;0;0;0;0;0;0;0;0;0
FR;10;2022-01-29;0;0;0;0;0;0;0;0;0;0;0;0;0;0;0;0;0;0
FR;10;2022-01-30;0;0;0;0;0;0;0;0;0;0;0;0;0;0;0;0;0;0
FR;10;2022-01-31;0;0;0;0;0;0;0;0;0;0;0;0;0;0;0;0;0;0
FR;10;2022-02-01;0;0;0;0;0;0;0;0;0;0;0;0;0;0;0;0;0;0
FR;10;2022-02-02;0;0;0;0;0;0;0;0;0;0;0;0;0;0;0;0;0;0
FR;10;2022-02-03;0;0;0;0;0;0;0;0;0;0;0;0;0;0;0;0;0;0
FR;10;2022-02-04;0;0;0;0;0;0;0;0;0;0;0;0;0;0;0;0;0;0
FR;10;2022-02-05;0;0;0;0;0;0;0;0;0;0;0;0;0;0;0;0;0;0
FR;10;2022-02-06;0;0;0;0;0;0;0;0;0;0;0;0;0;0;0;0;0;0
FR;10;2022-02-07;0;0;0;0;0;0;0;0;0;0;0;0;0;0;0;0;0;0
FR;10;2022-02-08;0;0;0;0;0;0;0;0;0;0;0;0;0;0;0;0;0;0
FR;10;2022-02-09;0;0;0;0;0;0;0;0;0;0;0;0;0;0;0;0;0;0
FR;10;2022-02-10;0;0;0;0;0;0;0;0;0;0;0;0;0;0;0;0;0;0
FR;10;2022-02-11;0;0;0;0;0;0;0;0;0;0;0;0;0;0;0;0;0;0
FR;10;2022-02-12;0;0;0;0;0;0;0;0;0;0;0;0;0;0;0;0;0;0
FR;10;2022-02-13;0;0;0;0;0;0;0;0;0;0;0;0;0;0;0;0;0;0
FR;10;2022-02-14;0;0;0;0;0;0;0;0;0;0;0;0;0;0;0;0;0;0
FR;10;2022-02-15;0;0;0;0;0;0;0;0;0;0;0;0;0;0;0;0;0;0
FR;10;2022-02-16;0;0;0;0;0;0;0;0;0;0;0;0;0;0;0;0;0;0
FR;10;2022-02-17;0;0;0;0;0;0;0;0;0;0;0;0;0;0;0;0;0;0
FR;10;2022-02-18;0;0;0;0;0;0;0;0;0;0;0;0;0;0;0;0;0;0
FR;10;2022-02-19;0;0;0;0;0;0;0;0;0;0;0;0;0;0;0;0;0;0
FR;10;2022-02-20;0;0;0;0;0;0;0;0;0;0;0;0;0;0;0;0;0;0
FR;10;2022-02-21;0;0;0;0;0;0;0;0;0;0;0;0;0;0;0;0;0;0
FR;10;2022-02-22;0;0;0;0;0;0;0;0;0;0;0;0;0;0;0;0;0;0
FR;10;2022-02-23;0;0;0;0;0;0;0;0;0;0;0;0;0;0;0;0;0;0
FR;10;2022-02-24;0;0;0;0;0;0;0;0;0;0;0;0;0;0;0;0;0;0
FR;10;2022-02-25;0;0;0;0;0;0;0;0;0;0;0;0;0;0;0;0;0;0
FR;10;2022-02-26;0;0;0;0;0;0;0;0;0;0;0;0;0;0;0;0;0;0
FR;10;2022-02-27;0;0;0;0;0;0;0;0;0;0;0;0;0;0;0;0;0;0
FR;10;2022-02-28;0;0;0;0;0;0;0;0;0;0;0;0;0;0;0;0;0;0
FR;10;2022-03-01;0;0;0;0;0;0;0;0;0;0;0;0;0;0;0;0;0;0
FR;10;2022-03-02;0;0;0;0;0;0;0;0;0;0;0;0;0;0;0;0;0;0
FR;10;2022-03-03;0;0;0;0;0;0;0;0;0;0;0;0;0;0;0;0;0;0
FR;10;2022-03-04;0;0;0;0;0;0;0;0;0;0;0;0;0;0;0;0;0;0
FR;10;2022-03-05;0;0;0;0;0;0;0;0;0;0;0;0;0;0;0;0;0;0
FR;10;2022-03-06;0;0;0;0;0;0;0;0;0;0;0;0;0;0;0;0;0;0
FR;10;2022-03-07;0;0;0;0;0;0;0;0;0;0;0;0;0;0;0;0;0;0
FR;10;2022-03-08;0;0;0;0;0;0;0;0;0;0;0;0;0;0;0;0;0;0
FR;10;2022-03-09;0;0;0;0;0;0;0;0;0;0;0;0;0;0;0;0;0;0
FR;10;2022-03-10;0;0;0;0;0;0;0;0;0;0;0;0;0;0;0;0;0;0
FR;10;2022-03-11;0;0;0;0;0;0;0;0;0;0;0;0;0;0;0;0;0;0
FR;10;2022-03-12;0;0;0;0;0;0;0;0;0;0;0;0;0;0;0;0;0;0
FR;10;2022-03-13;0;0;0;0;0;0;0;0;0;0;0;0;0;0;0;0;0;0
FR;10;2022-03-14;0;0;0;0;0;0;0;0;0;0;0;0;0;0;0;0;0;0
FR;10;2022-03-15;0;0;0;0;0;0;0;0;0;0;0;0;0;0;0;0;0;0
FR;10;2022-03-16;0;0;0;0;0;0;0;0;0;0;0;0;0;0;0;0;0;0
FR;10;2022-03-17;0;0;0;0;0;0;0;0;0;0;0;0;0;0;0;0;0;0
FR;10;2022-03-18;0;0;0;0;0;0;0;0;0;0;0;0;0;0;0;0;0;0
FR;10;2022-03-19;0;0;0;0;0;0;0;0;0;0;0;0;0;0;0;0;0;0
FR;10;2022-03-20;0;0;0;0;0;0;0;0;0;0;0;0;0;0;0;0;0;0
FR;10;2022-03-21;0;0;0;0;0;0;0;0;0;0;0;0;0;0;0;0;0;0
FR;10;2022-03-22;0;0;0;0;0;0;0;0;0;0;0;0;0;0;0;0;0;0
FR;10;2022-03-23;0;0;0;0;0;0;0;0;0;0;0;0;0;0;0;0;0;0
FR;10;2022-03-24;0;0;0;0;0;0;0;0;0;0;0;0;0;0;0;0;0;0
FR;10;2022-03-25;0;0;0;0;0;0;0;0;0;0;0;0;0;0;0;0;0;0
FR;10;2022-03-26;0;0;0;0;0;0;0;0;0;0;0;0;0;0;0;0;0;0
FR;10;2022-03-27;0;0;0;0;0;0;0;0;0;0;0;0;0;0;0;0;0;0
FR;10;2022-03-28;0;0;0;0;0;0;0;0;0;0;0;0;0;0;0;0;0;0
FR;10;2022-03-29;0;0;0;0;0;0;0;0;0;0;0;0;0;0;0;0;0;0
FR;10;2022-03-30;0;0;0;0;0;0;0;0;0;0;0;0;0;0;0;0;0;0
FR;10;2022-03-31;0;0;0;0;0;0;0;0;0;0;0;0;0;0;0;0;0;0
FR;10;2022-04-01;0;0;0;0;0;0;0;0;0;0;0;0;0;0;0;0;0;0
FR;10;2022-04-02;0;0;0;0;0;0;0;0;0;0;0;0;0;0;0;0;0;0
FR;10;2022-04-03;0;0;0;0;0;0;0;0;0;0;0;0;0;0;0;0;0;0
FR;10;2022-04-04;0;0;0;0;0;0;0;0;0;0;0;0;0;0;0;0;0;0
FR;10;2022-04-05;0;0;0;0;0;0;0;0;0;0;0;0;0;0;0;0;0;0
FR;10;2022-04-06;0;0;0;0;0;0;0;0;0;0;0;0;0;0;0;0;0;0
FR;10;2022-04-07;0;0;0;0;0;0;0;0;0;0;0;0;0;0;0;0;0;0
FR;10;2022-04-08;0;0;0;0;0;0;0;0;0;0;0;0;0;0;0;0;0;0
FR;10;2022-04-09;0;0;0;0;0;0;0;0;0;0;0;0;0;0;0;0;0;0
FR;10;2022-04-10;0;0;0;0;0;0;0;0;0;0;0;0;0;0;0;0;0;0
FR;10;2022-04-11;0;0;0;0;0;0;0;0;0;0;0;0;0;0;0;0;0;0
FR;10;2022-04-12;0;0;0;0;0;0;0;0;0;0;0;0;0;0;0;0;0;0
FR;10;2022-04-13;0;0;0;0;0;0;0;0;0;0;0;0;0;0;0;0;0;0
FR;10;2022-04-14;0;0;0;0;0;0;0;0;0;0;0;0;0;0;0;0;0;0
FR;10;2022-04-15;0;0;0;0;0;0;0;0;0;0;0;0;0;0;0;0;0;0
FR;10;2022-04-16;0;0;0;0;0;0;0;0;0;0;0;0;0;0;0;0;0;0
FR;10;2022-04-17;0;0;0;0;0;0;0;0;0;0;0;0;0;0;0;0;0;0
FR;10;2022-04-18;0;0;0;0;0;0;0;0;0;0;0;0;0;0;0;0;0;0
FR;10;2022-04-19;0;0;0;0;0;0;0;0;0;0;0;0;0;0;0;0;0;0
FR;10;2022-04-20;0;0;0;0;0;0;0;0;0;0;0;0;0;0;0;0;0;0
FR;10;2022-04-21;0;0;0;0;0;0;0;0;0;0;0;0;0;0;0;0;0;0
FR;10;2022-04-22;0;0;0;0;0;0;0;0;0;0;0;0;0;0;0;0;0;0
FR;10;2022-04-23;0;0;0;0;0;0;0;0;0;0;0;0;0;0;0;0;0;0
FR;10;2022-04-24;0;0;0;0;0;0;0;0;0;0;0;0;0;0;0;0;0;0
FR;10;2022-04-25;0;0;0;0;0;0;0;0;0;0;0;0;0;0;0;0;0;0
FR;10;2022-04-26;0;0;0;0;0;0;0;0;0;0;0;0;0;0;0;0;0;0
FR;10;2022-04-27;0;0;0;0;0;0;0;0;0;0;0;0;0;0;0;0;0;0
FR;10;2022-04-28;0;0;0;0;0;0;0;0;0;0;0;0;0;0;0;0;0;0
FR;10;2022-04-29;0;0;0;0;0;0;0;0;0;0;0;0;0;0;0;0;0;0
FR;10;2022-04-30;0;0;0;0;0;0;0;0;0;0;0;0;0;0;0;0;0;0
FR;10;2022-05-01;0;0;0;0;0;0;0;0;0;0;0;0;0;0;0;0;0;0
FR;10;2022-05-02;0;0;0;0;0;0;0;0;0;0;0;0;0;0;0;0;0;0
FR;10;2022-05-03;0;0;0;0;0;0;0;0;0;0;0;0;0;0;0;0;0;0
FR;10;2022-05-04;0;0;0;0;0;0;0;0;0;0;0;0;0;0;0;0;0;0
FR;10;2022-05-05;0;0;0;0;0;0;0;0;0;0;0;0;0;0;0;0;0;0
FR;10;2022-05-06;0;0;0;0;0;0;0;0;0;0;0;0;0;0;0;0;0;0
FR;10;2022-05-07;0;0;0;0;0;0;0;0;0;0;0;0;0;0;0;0;0;0
FR;10;2022-05-08;0;0;0;0;0;0;0;0;0;0;0;0;0;0;0;0;0;0
FR;10;2022-05-09;0;0;0;0;0;0;0;0;0;0;0;0;0;0;0;0;0;0
FR;10;2022-05-10;0;0;0;0;0;0;0;0;0;0;0;0;0;0;0;0;0;0
FR;10;2022-05-11;0;0;0;0;0;0;0;0;0;0;0;0;0;0;0;0;0;0
FR;10;2022-05-12;0;0;0;0;0;0;0;0;0;0;0;0;0;0;0;0;0;0
FR;10;2022-05-13;0;0;0;0;0;0;0;0;0;0;0;0;0;0;0;0;0;0
FR;10;2022-05-14;0;0;0;0;0;0;0;0;0;0;0;0;0;0;0;0;0;0
FR;10;2022-05-15;0;0;0;0;0;0;0;0;0;0;0;0;0;0;0;0;0;0
FR;10;2022-05-16;0;0;0;0;0;0;0;0;0;0;0;0;0;0;0;0;0;0
FR;10;2022-05-17;0;0;0;0;0;0;0;0;0;0;0;0;0;0;0;0;0;0
FR;10;2022-05-18;0;0;0;0;0;0;0;0;0;0;0;0;0;0;0;0;0;0
FR;10;2022-05-19;0;0;0;0;0;0;0;0;0;0;0;0;0;0;0;0;0;0
FR;10;2022-05-20;0;0;0;0;0;0;0;0;0;0;0;0;0;0;0;0;0;0
FR;10;2022-05-21;0;0;0;0;0;0;0;0;0;0;0;0;0;0;0;0;0;0
FR;10;2022-05-22;0;0;0;0;0;0;0;0;0;0;0;0;0;0;0;0;0;0
FR;10;2022-05-23;0;0;0;0;0;0;0;0;0;0;0;0;0;0;0;0;0;0
FR;10;2022-05-24;0;0;0;0;0;0;0;0;0;0;0;0;0;0;0;0;0;0
FR;10;2022-05-25;0;0;0;0;0;0;0;0;0;0;0;0;0;0;0;0;0;0
FR;10;2022-05-26;0;0;0;0;0;0;0;0;0;0;0;0;0;0;0;0;0;0
FR;10;2022-05-27;0;0;0;0;0;0;0;0;0;0;0;0;0;0;0;0;0;0
FR;10;2022-05-28;0;0;0;0;0;0;0;0;0;0;0;0;0;0;0;0;0;0
FR;10;2022-05-29;0;0;0;0;0;0;0;0;0;0;0;0;0;0;0;0;0;0
FR;10;2022-05-30;0;0;0;0;0;0;0;0;0;0;0;0;0;0;0;0;0;0
FR;10;2022-05-31;0;0;0;0;0;0;0;0;0;0;0;0;0;0;0;0;0;0
FR;10;2022-06-01;0;0;0;0;0;0;0;0;0;0;0;0;0;0;0;0;0;0
FR;10;2022-06-02;0;0;0;0;0;0;0;0;0;0;0;0;0;0;0;0;0;0
FR;10;2022-06-03;0;0;0;0;0;0;0;0;0;0;0;0;0;0;0;0;0;0
FR;10;2022-06-04;0;0;0;0;0;0;0;0;0;0;0;0;0;0;0;0;0;0
FR;10;2022-06-05;0;0;0;0;0;0;0;0;0;0;0;0;0;0;0;0;0;0
FR;10;2022-06-06;0;0;0;0;0;0;0;0;0;0;0;0;0;0;0;0;0;0
FR;10;2022-06-07;0;0;0;0;0;0;0;0;0;0;0;0;0;0;0;0;0;0
FR;10;2022-06-08;0;0;0;0;0;0;0;0;0;0;0;0;0;0;0;0;0;0
FR;10;2022-06-09;0;0;0;0;0;0;0;0;0;0;0;0;0;0;0;0;0;0
FR;10;2022-06-10;0;0;0;0;0;0;0;0;0;0;0;0;0;0;0;0;0;0
FR;10;2022-06-11;0;0;0;0;0;0;0;0;0;0;0;0;0;0;0;0;0;0
FR;10;2022-06-12;0;0;0;0;0;0;0;0;0;0;0;0;0;0;0;0;0;0
FR;10;2022-06-13;0;0;0;0;0;0;0;0;0;0;0;0;0;0;0;0;0;0
FR;10;2022-06-14;0;0;0;0;0;0;0;0;0;0;0;0;0;0;0;0;0;0
FR;10;2022-06-15;0;0;0;0;0;0;0;0;0;0;0;0;0;0;0;0;0;0
FR;10;2022-06-16;0;0;0;0;0;0;0;0;0;0;0;0;0;0;0;0;0;0
FR;10;2022-06-17;0;0;0;0;0;0;0;0;0;0;0;0;0;0;0;0;0;0
FR;10;2022-06-18;0;0;0;0;0;0;0;0;0;0;0;0;0;0;0;0;0;0
FR;10;2022-06-19;0;0;0;0;0;0;0;0;0;0;0;0;0;0;0;0;0;0
FR;10;2022-06-20;0;0;0;0;0;0;0;0;0;0;0;0;0;0;0;0;0;0
FR;10;2022-06-21;0;0;0;0;0;0;0;0;0;0;0;0;0;0;0;0;0;0
FR;10;2022-06-22;0;0;0;0;0;0;0;0;0;0;0;0;0;0;0;0;0;0
FR;10;2022-06-23;0;0;0;0;0;0;0;0;0;0;0;0;0;0;0;0;0;0
FR;10;2022-06-24;0;0;0;0;0;0;0;0;0;0;0;0;0;0;0;0;0;0
FR;10;2022-06-25;0;0;0;0;0;0;0;0;0;0;0;0;0;0;0;0;0;0
FR;10;2022-06-26;0;0;0;0;0;0;0;0;0;0;0;0;0;0;0;0;0;0
FR;10;2022-06-27;0;0;0;0;0;0;0;0;0;0;0;0;0;0;0;0;0;0
FR;10;2022-06-28;0;0;0;0;0;0;0;0;0;0;0;0;0;0;0;0;0;0
FR;10;2022-06-29;0;0;0;0;0;0;0;0;0;0;0;0;0;0;0;0;0;0
FR;10;2022-06-30;0;0;0;0;0;0;0;0;0;0;0;0;0;0;0;0;0;0
FR;10;2022-07-01;0;0;0;0;0;0;0;0;0;0;0;0;0;0;0;0;0;0
FR;10;2022-07-02;0;0;0;0;0;0;0;0;0;0;0;0;0;0;0;0;0;0
FR;10;2022-07-03;0;0;0;0;0;0;0;0;0;0;0;0;0;0;0;0;0;0
FR;10;2022-07-04;0;0;0;0;0;0;0;0;0;0;0;0;0;0;0;0;0;0
FR;10;2022-07-05;0;0;0;0;0;0;0;0;0;0;0;0;0;0;0;0;0;0
FR;10;2022-07-06;0;0;0;0;0;0;0;0;0;0;0;0;0;0;0;0;0;0
FR;10;2022-07-07;0;0;0;0;0;0;0;0;0;0;0;0;0;0;0;0;0;0
FR;10;2022-07-08;0;0;0;0;0;0;0;0;0;0;0;0;0;0;0;0;0;0
FR;10;2022-07-09;0;0;0;0;0;0;0;0;0;0;0;0;0;0;0;0;0;0
FR;10;2022-07-10;0;0;0;0;0;0;0;0;0;0;0;0;0;0;0;0;0;0
FR;10;2022-07-11;0;0;0;0;0;0;0;0;0;0;0;0;0;0;0;0;0;0
FR;10;2022-07-12;0;0;0;0;0;0;0;0;0;0;0;0;0;0;0;0;0;0
FR;10;2022-07-13;0;0;0;0;0;0;0;0;0;0;0;0;0;0;0;0;0;0
FR;10;2022-07-14;0;0;0;0;0;0;0;0;0;0;0;0;0;0;0;0;0;0
FR;10;2022-07-15;0;0;0;0;0;0;0;0;0;0;0;0;0;0;0;0;0;0
FR;10;2022-07-16;0;0;0;0;0;0;0;0;0;0;0;0;0;0;0;0;0;0
FR;10;2022-07-17;0;0;0;0;0;0;0;0;0;0;0;0;0;0;0;0;0;0
FR;10;2022-07-18;0;0;0;0;0;0;0;0;0;0;0;0;0;0;0;0;0;0
FR;10;2022-07-19;0;0;0;0;0;0;0;0;0;0;0;0;0;0;0;0;0;0
FR;10;2022-07-20;0;0;0;0;0;0;0;0;0;0;0;0;0;0;0;0;0;0
FR;10;2022-07-21;0;0;0;0;0;0;0;0;0;0;0;0;0;0;0;0;0;0
FR;10;2022-07-22;0;0;0;0;0;0;0;0;0;0;0;0;0;0;0;0;0;0
FR;10;2022-07-23;0;0;0;0;0;0;0;0;0;0;0;0;0;0;0;0;0;0
FR;10;2022-07-24;0;0;0;0;0;0;0;0;0;0;0;0;0;0;0;0;0;0
FR;10;2022-07-25;0;0;0;0;0;0;0;0;0;0;0;0;0;0;0;0;0;0
FR;10;2022-07-26;0;0;0;0;0;0;0;0;0;0;0;0;0;0;0;0;0;0
FR;10;2022-07-27;0;0;0;0;0;0;0;0;0;0;0;0;0;0;0;0;0;0
FR;10;2022-07-28;0;0;0;0;0;0;0;0;0;0;0;0;0;0;0;0;0;0
FR;10;2022-07-29;0;0;0;0;0;0;0;0;0;0;0;0;0;0;0;0;0;0
FR;10;2022-07-30;0;0;0;0;0;0;0;0;0;0;0;0;0;0;0;0;0;0
FR;10;2022-07-31;0;0;0;0;0;0;0;0;0;0;0;0;0;0;0;0;0;0
FR;10;2022-08-01;0;0;0;0;0;0;0;0;0;0;0;0;0;0;0;0;0;0
FR;10;2022-08-02;0;0;0;0;0;0;0;0;0;0;0;0;0;0;0;0;0;0
FR;10;2022-08-03;0;0;0;0;0;0;0;0;0;0;0;0;0;0;0;0;0;0
FR;10;2022-08-04;0;0;0;0;0;0;0;0;0;0;0;0;0;0;0;0;0;0
FR;10;2022-08-05;0;0;0;0;0;0;0;0;0;0;0;0;0;0;0;0;0;0
FR;10;2022-08-06;0;0;0;0;0;0;0;0;0;0;0;0;0;0;0;0;0;0
FR;10;2022-08-07;0;0;0;0;0;0;0;0;0;0;0;0;0;0;0;0;0;0
FR;10;2022-08-08;0;0;0;0;0;0;0;0;0;0;0;0;0;0;0;0;0;0
FR;10;2022-08-09;0;0;0;0;0;0;0;0;0;0;0;0;0;0;0;0;0;0
FR;10;2022-08-10;0;0;0;0;0;0;0;0;0;0;0;0;0;0;0;0;0;0
FR;10;2022-08-11;0;0;0;0;0;0;0;0;0;0;0;0;0;0;0;0;0;0
FR;10;2022-08-12;0;0;0;0;0;0;0;0;0;0;0;0;0;0;0;0;0;0
FR;10;2022-08-13;0;0;0;0;0;0;0;0;0;0;0;0;0;0;0;0;0;0
FR;10;2022-08-14;0;0;0;0;0;0;0;0;0;0;0;0;0;0;0;0;0;0
FR;10;2022-08-15;0;0;0;0;0;0;0;0;0;0;0;0;0;0;0;0;0;0
FR;10;2022-08-16;0;0;0;0;0;0;0;0;0;0;0;0;0;0;0;0;0;0
FR;10;2022-08-17;0;0;0;0;0;0;0;0;0;0;0;0;0;0;0;0;0;0
FR;10;2022-08-18;0;0;0;0;0;0;0;0;0;0;0;0;0;0;0;0;0;0
FR;10;2022-08-19;0;0;0;0;0;0;0;0;0;0;0;0;0;0;0;0;0;0
FR;10;2022-08-20;0;0;0;0;0;0;0;0;0;0;0;0;0;0;0;0;0;0
FR;10;2022-08-21;0;0;0;0;0;0;0;0;0;0;0;0;0;0;0;0;0;0
FR;10;2022-08-22;0;0;0;0;0;0;0;0;0;0;0;0;0;0;0;0;0;0
FR;10;2022-08-23;0;0;0;0;0;0;0;0;0;0;0;0;0;0;0;0;0;0
FR;10;2022-08-24;0;0;0;0;0;0;0;0;0;0;0;0;0;0;0;0;0;0
FR;10;2022-08-25;0;0;0;0;0;0;0;0;0;0;0;0;0;0;0;0;0;0
FR;10;2022-08-26;0;0;0;0;0;0;0;0;0;0;0;0;0;0;0;0;0;0
FR;10;2022-08-27;0;0;0;0;0;0;0;0;0;0;0;0;0;0;0;0;0;0
FR;10;2022-08-28;0;0;0;0;0;0;0;0;0;0;0;0;0;0;0;0;0;0
FR;10;2022-08-29;0;0;0;0;0;0;0;0;0;0;0;0;0;0;0;0;0;0
FR;10;2022-08-30;0;0;0;0;0;0;0;0;0;0;0;0;0;0;0;0;0;0
FR;10;2022-08-31;0;0;0;0;0;0;0;0;0;0;0;0;0;0;0;0;0;0
FR;10;2022-09-01;0;0;0;0;0;0;0;0;0;0;0;0;0;0;0;0;0;0
FR;10;2022-09-02;0;0;0;0;0;0;0;0;0;0;0;0;0;0;0;0;0;0
FR;10;2022-09-03;0;0;0;0;0;0;0;0;0;0;0;0;0;0;0;0;0;0
FR;10;2022-09-04;0;0;0;0;0;0;0;0;0;0;0;0;0;0;0;0;0;0
FR;10;2022-09-05;0;0;0;0;0;0;0;0;0;0;0;0;0;0;0;0;0;0
FR;10;2022-09-06;0;0;0;0;0;0;0;0;0;0;0;0;0;0;0;0;0;0
FR;10;2022-09-07;0;0;0;0;0;0;0;0;0;0;0;0;0;0;0;0;0;0
FR;10;2022-09-08;0;0;0;0;0;0;0;0;0;0;0;0;0;0;0;0;0;0
FR;10;2022-09-09;0;0;0;0;0;0;0;0;0;0;0;0;0;0;0;0;0;0
FR;10;2022-09-10;0;0;0;0;0;0;0;0;0;0;0;0;0;0;0;0;0;0
FR;10;2022-09-11;0;0;0;0;0;0;0;0;0;0;0;0;0;0;0;0;0;0
FR;10;2022-09-12;0;0;0;0;0;0;0;0;0;0;0;0;0;0;0;0;0;0
FR;10;2022-09-13;0;0;0;0;0;0;0;0;0;0;0;0;0;0;0;0;0;0
FR;10;2022-09-14;0;0;0;0;0;0;0;0;0;0;0;0;0;0;0;0;0;0
FR;10;2022-09-15;0;0;0;0;0;0;0;0;0;0;0;0;0;0;0;0;0;0
FR;10;2022-09-16;0;0;0;0;0;0;0;0;0;0;0;0;0;0;0;0;0;0
FR;10;2022-09-17;0;0;0;0;0;0;0;0;0;0;0;0;0;0;0;0;0;0
FR;10;2022-09-18;0;0;0;0;0;0;0;0;0;0;0;0;0;0;0;0;0;0
FR;10;2022-09-19;0;0;0;0;0;0;0;0;0;0;0;0;0;0;0;0;0;0
FR;10;2022-09-20;0;0;0;0;0;0;0;0;0;0;0;0;0;0;0;0;0;0
FR;10;2022-09-21;0;0;0;0;0;0;0;0;0;0;0;0;0;0;0;0;0;0
FR;10;2022-09-22;0;0;0;0;0;0;0;0;0;0;0;0;0;0;0;0;0;0
FR;10;2022-09-23;0;0;0;0;0;0;0;0;0;0;0;0;0;0;0;0;0;0
FR;10;2022-09-24;0;0;0;0;0;0;0;0;0;0;0;0;0;0;0;0;0;0
FR;10;2022-09-25;0;0;0;0;0;0;0;0;0;0;0;0;0;0;0;0;0;0
FR;10;2022-09-26;0;0;0;0;0;0;0;0;0;0;0;0;0;0;0;0;0;0
FR;10;2022-09-27;0;0;0;0;0;0;0;0;0;0;0;0;0;0;0;0;0;0
FR;10;2022-09-28;0;0;0;0;0;0;0;0;0;0;0;0;0;0;0;0;0;0
FR;10;2022-09-29;0;0;0;0;0;0;0;0;0;0;0;0;0;0;0;0;0;0
FR;10;2022-09-30;0;0;0;0;0;0;0;0;0;0;0;0;0;0;0;0;0;0
FR;10;2022-10-01;0;0;0;0;0;0;0;0;0;0;0;0;0;0;0;0;0;0
FR;10;2022-10-02;0;0;0;0;0;0;0;0;0;0;0;0;0;0;0;0;0;0
FR;10;2022-10-03;0;0;0;0;0;0;0;0;0;0;0;0;0;0;0;0;0;0
FR;10;2022-10-04;0;0;0;0;0;0;0;0;0;0;0;0;0;0;0;0;0;0
FR;10;2022-10-05;0;0;0;0;0;0;0;0;0;0;0;0;0;0;0;0;0;0
FR;10;2022-10-06;0;0;0;0;0;0;0;0;0;0;0;0;0;0;0;0;0;0
FR;10;2022-10-07;0;0;0;0;0;0;0;0;0;0;0;0;0;0;0;0;0;0
FR;10;2022-10-08;0;0;0;0;0;0;0;0;0;0;0;0;0;0;0;0;0;0
FR;10;2022-10-09;0;0;0;0;0;0;0;0;0;0;0;0;0;0;0;0;0;0
FR;10;2022-10-10;0;0;0;0;0;0;0;0;0;0;0;0;0;0;0;0;0;0
FR;10;2022-10-11;0;0;0;0;0;0;0;0;0;0;0;0;0;0;0;0;0;0
FR;10;2022-10-12;0;0;0;0;0;0;0;0;0;0;0;0;0;0;0;0;0;0
FR;10;2022-10-13;0;0;0;0;0;0;0;0;0;0;0;0;0;0;0;0;0;0
FR;10;2022-10-14;0;0;0;0;0;0;0;0;0;0;0;0;0;0;0;0;0;0
FR;10;2022-10-15;0;0;0;0;0;0;0;0;0;0;0;0;0;0;0;0;0;0
FR;10;2022-10-16;0;0;0;0;0;0;0;0;0;0;0;0;0;0;0;0;0;0
FR;10;2022-10-17;0;0;0;0;0;0;0;0;0;0;0;0;0;0;0;0;0;0
FR;10;2022-10-18;0;0;0;0;0;0;0;0;0;0;0;0;0;0;0;0;0;0
FR;10;2022-10-19;0;0;0;0;0;0;0;0;0;0;0;0;0;0;0;0;0;0
FR;10;2022-10-20;0;0;0;0;0;0;0;0;0;0;0;0;0;0;0;0;0;0
FR;10;2022-10-21;0;0;0;0;0;0;0;0;0;0;0;0;0;0;0;0;0;0
FR;10;2022-10-22;0;0;0;0;0;0;0;0;0;0;0;0;0;0;0;0;0;0
FR;10;2022-10-23;0;0;0;0;0;0;0;0;0;0;0;0;0;0;0;0;0;0
FR;10;2022-10-24;0;0;0;0;0;0;0;0;0;0;0;0;0;0;0;0;0;0
FR;10;2022-10-25;0;0;0;0;0;0;0;0;0;0;0;0;0;0;0;0;0;0
FR;10;2022-10-26;0;0;0;0;0;0;0;0;0;0;0;0;0;0;0;0;0;0
FR;10;2022-10-27;0;0;0;0;0;0;0;0;0;0;0;0;0;0;0;0;0;0
FR;10;2022-10-28;0;0;0;0;0;0;0;0;0;0;0;0;0;0;0;0;0;0
FR;10;2022-10-29;0;0;0;0;0;0;0;0;0;0;0;0;0;0;0;0;0;0
FR;10;2022-10-30;0;0;0;0;0;0;0;0;0;0;0;0;0;0;0;0;0;0
FR;10;2022-10-31;0;0;0;0;0;0;0;0;0;0;0;0;0;0;0;0;0;0
FR;10;2022-11-01;0;0;0;0;0;0;0;0;0;0;0;0;0;0;0;0;0;0
FR;10;2022-11-02;0;0;0;0;0;0;0;0;0;0;0;0;0;0;0;0;0;0
FR;10;2022-11-03;0;0;0;0;0;0;0;0;0;0;0;0;0;0;0;0;0;0
FR;10;2022-11-04;0;0;0;0;0;0;0;0;0;0;0;0;0;0;0;0;0;0
FR;10;2022-11-05;0;0;0;0;0;0;0;0;0;0;0;0;0;0;0;0;0;0
FR;10;2022-11-06;0;0;0;0;0;0;0;0;0;0;0;0;0;0;0;0;0;0
FR;10;2022-11-07;0;0;0;0;0;0;0;0;0;0;0;0;0;0;0;0;0;0
FR;10;2022-11-08;0;0;0;0;0;0;0;0;0;0;0;0;0;0;0;0;0;0
FR;10;2022-11-09;0;0;0;0;0;0;0;0;0;0;0;0;0;0;0;0;0;0
FR;10;2022-11-10;0;0;0;0;0;0;0;0;0;0;0;0;0;0;0;0;0;0
FR;10;2022-11-11;0;0;0;0;0;0;0;0;0;0;0;0;0;0;0;0;0;0
FR;10;2022-11-12;0;0;0;0;0;0;0;0;0;0;0;0;0;0;0;0;0;0
FR;10;2022-11-13;0;0;0;0;0;0;0;0;0;0;0;0;0;0;0;0;0;0
FR;10;2022-11-14;0;0;0;0;0;0;0;0;0;0;0;0;0;0;0;0;0;0
FR;10;2022-11-15;0;0;0;0;0;0;0;0;0;0;0;0;0;0;0;0;0;0
FR;10;2022-11-16;0;0;0;0;0;0;0;0;0;0;0;0;0;0;0;0;0;0
FR;10;2022-11-17;0;0;0;0;0;0;0;0;0;0;0;0;0;0;0;0;0;0
FR;10;2022-11-18;0;0;0;0;0;0;0;0;0;0;0;0;0;0;0;0;0;0
FR;10;2022-11-19;0;0;0;0;0;0;0;0;0;0;0;0;0;0;0;0;0;0
FR;10;2022-11-20;0;0;0;0;0;0;0;0;0;0;0;0;0;0;0;0;0;0
FR;10;2022-11-21;0;0;0;0;0;0;0;0;0;0;0;0;0;0;0;0;0;0
FR;10;2022-11-22;0;0;0;0;0;0;0;0;0;0;0;0;0;0;0;0;0;0
FR;10;2022-11-23;0;0;0;0;0;0;0;0;0;0;0;0;0;0;0;0;0;0
FR;10;2022-11-24;0;0;0;0;0;0;0;0;0;0;0;0;0;0;0;0;0;0
FR;10;2022-11-25;0;0;0;0;0;0;0;0;0;0;0;0;0;0;0;0;0;0
FR;10;2022-11-26;0;0;0;0;0;0;0;0;0;0;0;0;0;0;0;0;0;0
FR;10;2022-11-27;0;0;0;0;0;0;0;0;0;0;0;0;0;0;0;0;0;0
FR;10;2022-11-28;0;0;0;0;0;0;0;0;0;0;0;0;0;0;0;0;0;0
FR;10;2022-11-29;0;0;0;0;0;0;0;0;0;0;0;0;0;0;0;0;0;0
FR;10;2022-11-30;0;0;0;0;0;0;0;0;0;0;0;0;0;0;0;0;0;0
FR;10;2022-12-01;0;0;0;0;0;0;0;0;0;0;0;0;0;0;0;0;0;0
FR;10;2022-12-02;0;0;0;0;0;0;0;0;0;0;0;0;0;0;0;0;0;0
FR;10;2022-12-03;0;0;0;0;0;0;0;0;0;0;0;0;0;0;0;0;0;0
FR;10;2022-12-04;0;0;0;0;0;0;0;0;0;0;0;0;0;0;0;0;0;0
FR;10;2022-12-05;0;0;0;0;0;0;0;0;0;0;0;0;0;0;0;0;0;0
FR;10;2022-12-06;0;0;0;0;0;0;0;0;0;0;0;0;0;0;0;0;0;0
FR;10;2022-12-07;0;0;0;0;0;0;0;0;0;0;0;0;0;0;0;0;0;0
FR;10;2022-12-08;0;0;0;0;0;0;0;0;0;0;0;0;0;0;0;0;0;0
FR;10;2022-12-09;0;0;0;0;0;0;0;0;0;0;0;0;0;0;0;0;0;0
FR;10;2022-12-10;0;0;0;0;0;0;0;0;0;0;0;0;0;0;0;0;0;0
FR;10;2022-12-11;0;0;0;0;0;0;0;0;0;0;0;0;0;0;0;0;0;0
FR;10;2022-12-12;0;0;0;0;0;0;0;0;0;0;0;0;0;0;0;0;0;0
FR;10;2022-12-13;0;0;0;0;0;0;0;0;0;0;0;0;0;0;0;0;0;0
FR;10;2022-12-14;0;0;0;0;0;0;0;0;0;0;0;0;0;0;0;0;0;0
FR;10;2022-12-15;0;0;0;0;0;0;0;0;0;0;0;0;0;0;0;0;0;0
FR;10;2022-12-16;0;0;0;0;0;0;0;0;0;0;0;0;0;0;0;0;0;0
FR;10;2022-12-17;0;0;0;0;0;0;0;0;0;0;0;0;0;0;0;0;0;0
FR;10;2022-12-18;0;0;0;0;0;0;0;0;0;0;0;0;0;0;0;0;0;0
FR;10;2022-12-19;0;0;0;0;0;0;0;0;0;0;0;0;0;0;0;0;0;0
FR;10;2022-12-20;0;0;0;0;0;0;0;0;0;0;0;0;0;0;0;0;0;0
FR;10;2022-12-21;0;0;1;0;0;1;0;0;0;0;0;1;0;0;1;0;0;0
FR;10;2022-12-22;0;0;0;1;0;0;1;0;0;0;0;1;1;0;1;1;0;0
FR;10;2022-12-23;0;0;1;14;0;2;14;0;7;0;0;2;15;0;3;15;0;7
FR;10;2022-12-24;0;0;0;3;0;0;3;0;1;0;0;2;18;0;3;18;0;8
FR;10;2022-12-25;0;0;0;0;0;0;0;0;0;0;0;2;18;0;3;18;0;8
FR;10;2022-12-26;3;1;11;35;0;8;39;0;5;3;1;13;53;0;11;57;0;13
FR;10;2022-12-27;1;1;14;35;1;11;38;0;10;4;2;27;88;1;22;95;0;23
FR;10;2022-12-28;0;0;2;15;0;1;14;0;3;4;2;29;103;1;23;109;0;26
FR;10;2022-12-29;0;0;6;48;0;1;48;0;17;4;2;35;151;1;24;157;0;43
FR;10;2022-12-30;0;1;5;33;0;8;31;0;6;4;3;40;184;1;32;188;0;49
FR;10;2022-12-31;0;0;3;12;0;4;10;0;4;4;3;43;196;1;36;198;0;53
FR;10;2023-01-01;0;0;1;6;0;0;7;0;2;4;3;44;202;1;36;205;0;55
FR;10;2023-01-02;0;4;4;37;1;6;36;0;21;4;7;48;239;2;42;241;0;76
FR;10;2023-01-03;1;2;6;63;2;5;64;0;25;5;9;54;302;4;47;305;0;101
FR;10;2023-01-04;0;1;7;52;0;6;53;0;53;5;10;61;354;4;53;358;0;154
FR;10;2023-01-05;1;2;15;74;0;11;76;0;37;6;12;76;428;4;64;434;0;191
FR;10;2023-01-06;2;3;16;107;2;13;107;0;52;8;15;92;535;6;77;541;0;243
FR;10;2023-01-07;3;1;3;41;1;3;40;0;13;11;16;95;576;7;80;581;0;256
FR;10;2023-01-08;1;0;0;9;0;0;7;0;5;12;16;95;585;7;80;588;0;261
FR;10;2023-01-09;3;2;7;66;1;6;66;0;26;15;18;102;651;8;86;654;0;287
FR;10;2023-01-10;6;1;21;118;0;13;124;0;57;21;19;123;769;8;99;778;0;344
FR;10;2023-01-11;5;4;19;77;1;16;79;0;38;26;23;142;846;9;115;857;0;382
FR;10;2023-01-12;13;1;7;77;2;3;80;0;51;39;24;149;923;11;118;937;0;433
FR;10;2023-01-13;0;6;15;122;1;8;129;0;77;39;30;164;1045;12;126;1066;0;510
FR;10;2023-01-14;2;1;8;43;0;5;47;0;3;41;31;172;1088;12;131;1113;0;513
FR;10;2023-01-15;0;0;2;10;0;1;7;0;8;41;31;174;1098;12;132;1120;0;521
FR;10;2023-01-16;0;1;11;70;1;7;73;0;68;41;32;185;1168;13;139;1193;0;589
FR;10;2023-01-17;0;7;22;109;2;11;118;0;61;41;39;207;1277;15;150;1311;0;650
FR;10;2023-01-18;2;1;13;92;1;9;104;0;15;43;40;220;1369;16;159;1415;0;665
FR;10;2023-01-19;6;6;24;142;3;22;135;0;56;49;46;244;1511;19;181;1550;0;721
FR;10;2023-01-20;2;1;11;111;0;9;106;0;73;51;47;255;1622;19;190;1656;0;794
FR;10;2023-01-21;2;1;5;26;0;5;23;0;15;53;48;260;1648;19;195;1679;0;809
FR;10;2023-01-22;0;0;0;5;0;0;5;0;0;53;48;260;1653;19;195;1684;0;809
FR;10;2023-01-23;1;2;5;62;1;5;59;0;23;54;50;265;1715;20;200;1743;0;832
FR;10;2023-01-24;6;6;27;148;2;19;152;0;75;60;56;292;1863;22;219;1895;0;907
FR;10;2023-01-25;2;1;9;81;1;5;82;0;55;62;57;301;1944;23;224;1977;0;962
FR;10;2023-01-26;4;5;33;147;1;22;159;0;52;66;62;334;2091;24;246;2136;0;1014
FR;10;2023-01-27;1;1;16;117;1;6;118;0;78;67;63;350;2208;25;252;2254;0;1092
FR;10;2023-01-28;0;1;3;18;1;1;21;0;15;67;64;353;2226;26;253;2275;0;1107
FR;10;2023-01-29;0;0;1;0;0;1;0;0;1;67;64;354;2226;26;254;2275;0;1108
FR;10;2023-01-30;2;1;11;60;1;5;63;0;40;69;65;365;2286;27;259;2338;0;1148
FR;10;2023-01-31;5;2;24;121;3;17;121;0;51;74;67;389;2407;30;276;2459;0;1199
FR;10;2023-02-01;0;2;11;49;2;10;49;0;28;74;69;400;2456;32;286;2508;0;1227
FR;10;2023-02-02;3;0;21;104;0;16;108;0;47;77;69;421;2560;32;302;2616;0;1274
FR;10;2023-02-03;6;5;18;48;4;11;51;0;64;83;74;439;2608;36;313;2667;0;1338
FR;10;2023-02-04;1;0;1;8;0;0;10;0;6;84;74;440;2616;36;313;2677;0;1344
FR;10;2023-02-05;7;1;2;3;2;1;4;0;5;91;75;442;2619;38;314;2681;0;1349
FR;10;2023-02-06;1;0;9;28;0;8;22;0;46;92;75;451;2647;38;322;2703;0;1395
FR;10;2023-02-07;2;2;2;12;1;3;12;0;13;94;77;453;2659;39;325;2715;0;1408
FR;10;2023-02-08;1;3;3;15;2;4;15;0;12;95;80;456;2674;41;329;2730;0;1420
FR;10;2023-02-09;2;1;11;91;2;7;97;0;41;97;81;467;2765;43;336;2827;0;1461
FR;10;2023-02-10;8;3;12;29;0;6;37;0;25;105;84;479;2794;43;342;2864;0;1486
FR;10;2023-02-11;1;0;2;2;0;2;2;0;1;106;84;481;2796;43;344;2866;0;1487
FR;10;2023-02-12;1;1;0;0;1;0;0;0;0;107;85;481;2796;44;344;2866;0;1487
FR;10;2023-02-13;3;1;9;15;0;7;18;0;10;110;86;490;2811;44;351;2884;0;1497
FR;10;2023-02-14;2;4;11;49;3;9;50;0;17;112;90;501;2860;47;360;2934;0;1514
FR;10;2023-02-15;7;3;2;10;2;3;8;0;8;119;93;503;2870;49;363;2942;0;1522
FR;10;2023-02-16;0;0;8;17;0;5;18;0;8;119;93;511;2887;49;368;2960;0;1530
FR;10;2023-02-17;13;5;7;28;5;2;22;0;17;132;98;518;2915;54;370;2982;0;1547
FR;10;2023-02-18;2;0;3;11;0;3;10;0;6;134;98;521;2926;54;373;2992;0;1553
FR;10;2023-02-19;0;0;0;0;0;0;0;0;0;134;98;521;2926;54;373;2992;0;1553
FR;10;2023-02-20;2;1;2;25;1;1;23;0;23;136;99;523;2951;55;374;3015;0;1576
FR;10;2023-02-21;2;3;12;27;1;6;35;0;30;138;102;535;2978;56;380;3050;0;1606
FR;10;2023-02-22;5;4;2;7;3;3;6;0;1;143;106;537;2985;59;383;3056;0;1607
FR;10;2023-02-23;3;2;17;31;2;14;37;0;12;146;108;554;3016;61;397;3093;0;1619
FR;10;2023-02-24;1;2;8;27;0;5;27;0;29;147;110;562;3043;61;402;3120;0;1648
FR;10;2023-02-25;0;0;2;3;0;2;3;0;7;147;110;564;3046;61;404;3123;0;1655
FR;10;2023-02-26;0;0;0;0;0;0;0;0;0;147;110;564;3046;61;404;3123;0;1655
FR;10;2023-02-27;3;3;2;20;4;2;21;0;15;150;113;566;3066;65;406;3144;0;1670
FR;10;2023-02-28;3;2;3;10;2;1;11;0;10;153;115;569;3076;67;407;3155;0;1680
FR;10;2023-03-01;2;1;6;12;1;5;12;0;14;155;116;575;3088;68;412;3167;0;1694
FR;10;2023-03-02;2;1;10;22;2;6;22;0;31;157;117;585;3110;70;418;3189;0;1725
FR;10;2023-03-03;7;2;5;21;0;6;20;0;18;164;119;590;3131;70;424;3209;0;1743
FR;10;2023-03-04;0;1;0;6;1;0;6;0;2;164;120;590;3137;71;424;3215;0;1745
FR;10;2023-03-05;0;0;0;1;0;0;0;0;2;164;120;590;3138;71;424;3215;0;1747
FR;10;2023-03-06;2;2;8;8;3;7;9;0;8;166;122;598;3146;74;431;3224;0;1755
FR;10;2023-03-07;2;3;0;11;1;2;11;0;8;168;125;598;3157;75;433;3235;0;1763
FR;10;2023-03-08;1;4;4;13;3;3;15;0;9;169;129;602;3170;78;436;3250;0;1772
FR;10;2023-03-09;0;3;1;9;1;2;8;0;8;169;132;603;3179;79;438;3258;0;1780
FR;10;2023-03-10;1;2;1;8;2;1;9;0;9;170;134;604;3187;81;439;3267;0;1789
FR;10;2023-03-11;2;1;5;4;0;3;7;0;2;172;135;609;3191;81;442;3274;0;1791
FR;10;2023-03-12;0;0;0;0;0;0;0;0;0;172;135;609;3191;81;442;3274;0;1791
FR;10;2023-03-13;0;2;2;3;2;2;3;0;5;172;137;611;3194;83;444;3277;0;1796
FR;10;2023-03-14;2;0;6;25;0;4;27;0;21;174;137;617;3219;83;448;3304;0;1817
FR;10;2023-03-15;0;2;2;5;1;4;4;0;6;174;139;619;3224;84;452;3308;0;1823
FR;10;2023-03-16;3;1;6;12;0;4;15;0;11;177;140;625;3236;84;456;3323;0;1834
FR;10;2023-03-17;3;5;7;17;4;4;20;0;19;180;145;632;3253;88;460;3343;0;1853
FR;10;2023-03-18;0;1;1;3;0;2;2;0;3;180;146;633;3256;88;462;3345;0;1856
FR;10;2023-03-19;6;0;0;0;0;0;0;0;0;186;146;633;3256;88;462;3345;0;1856
FR;10;2023-03-20;5;4;0;8;3;1;9;0;5;191;150;633;3264;91;463;3354;0;1861
FR;10;2023-03-21;1;2;2;7;0;3;9;0;14;192;152;635;3271;91;466;3363;0;1875
FR;10;2023-03-22;0;0;3;4;0;3;3;0;3;192;152;638;3275;91;469;3366;0;1878
FR;11;2020-12-27;0;0;0;0;0;0;0;0;0;0;0;0;0;0;0;0;0;0
FR;11;2020-12-28;0;0;0;0;0;0;0;0;0;0;0;0;0;0;0;0;0;0
FR;11;2020-12-29;0;0;0;0;0;0;0;0;0;0;0;0;0;0;0;0;0;0
FR;11;2020-12-30;0;0;0;0;0;0;0;0;0;0;0;0;0;0;0;0;0;0
FR;11;2020-12-31;0;0;0;0;0;0;0;0;0;0;0;0;0;0;0;0;0;0
FR;11;2021-01-01;0;0;0;0;0;0;0;0;0;0;0;0;0;0;0;0;0;0
FR;11;2021-01-02;0;0;0;0;0;0;0;0;0;0;0;0;0;0;0;0;0;0
FR;11;2021-01-03;0;0;0;0;0;0;0;0;0;0;0;0;0;0;0;0;0;0
FR;11;2021-01-04;0;0;0;0;0;0;0;0;0;0;0;0;0;0;0;0;0;0
FR;11;2021-01-05;0;0;0;0;0;0;0;0;0;0;0;0;0;0;0;0;0;0
FR;11;2021-01-06;0;0;0;0;0;0;0;0;0;0;0;0;0;0;0;0;0;0
FR;11;2021-01-07;0;0;0;0;0;0;0;0;0;0;0;0;0;0;0;0;0;0
FR;11;2021-01-08;0;0;0;0;0;0;0;0;0;0;0;0;0;0;0;0;0;0
FR;11;2021-01-09;0;0;0;0;0;0;0;0;0;0;0;0;0;0;0;0;0;0
FR;11;2021-01-10;0;0;0;0;0;0;0;0;0;0;0;0;0;0;0;0;0;0
FR;11;2021-01-11;0;0;0;0;0;0;0;0;0;0;0;0;0;0;0;0;0;0
FR;11;2021-01-12;0;0;0;0;0;0;0;0;0;0;0;0;0;0;0;0;0;0
FR;11;2021-01-13;0;0;0;0;0;0;0;0;0;0;0;0;0;0;0;0;0;0
FR;11;2021-01-14;0;0;0;0;0;0;0;0;0;0;0;0;0;0;0;0;0;0
FR;11;2021-01-15;0;0;0;0;0;0;0;0;0;0;0;0;0;0;0;0;0;0
FR;11;2021-01-16;0;0;0;0;0;0;0;0;0;0;0;0;0;0;0;0;0;0
FR;11;2021-01-17;0;0;0;0;0;0;0;0;0;0;0;0;0;0;0;0;0;0
FR;11;2021-01-18;0;0;0;0;0;0;0;0;0;0;0;0;0;0;0;0;0;0
FR;11;2021-01-19;0;0;0;0;0;0;0;0;0;0;0;0;0;0;0;0;0;0
FR;11;2021-01-20;0;0;0;0;0;0;0;0;0;0;0;0;0;0;0;0;0;0
FR;11;2021-01-21;0;0;0;0;0;0;0;0;0;0;0;0;0;0;0;0;0;0
FR;11;2021-01-22;0;0;0;0;0;0;0;0;0;0;0;0;0;0;0;0;0;0
FR;11;2021-01-23;0;0;0;0;0;0;0;0;0;0;0;0;0;0;0;0;0;0
FR;11;2021-01-24;0;0;0;0;0;0;0;0;0;0;0;0;0;0;0;0;0;0
FR;11;2021-01-25;0;0;0;0;0;0;0;0;0;0;0;0;0;0;0;0;0;0
FR;11;2021-01-26;0;0;0;0;0;0;0;0;0;0;0;0;0;0;0;0;0;0
FR;11;2021-01-27;0;0;0;0;0;0;0;0;0;0;0;0;0;0;0;0;0;0
FR;11;2021-01-28;0;0;0;0;0;0;0;0;0;0;0;0;0;0;0;0;0;0
FR;11;2021-01-29;0;0;0;0;0;0;0;0;0;0;0;0;0;0;0;0;0;0
FR;11;2021-01-30;0;0;0;0;0;0;0;0;0;0;0;0;0;0;0;0;0;0
FR;11;2021-01-31;0;0;0;0;0;0;0;0;0;0;0;0;0;0;0;0;0;0
FR;11;2021-02-01;0;0;0;0;0;0;0;0;0;0;0;0;0;0;0;0;0;0
FR;11;2021-02-02;0;0;0;0;0;0;0;0;0;0;0;0;0;0;0;0;0;0
FR;11;2021-02-03;0;0;0;0;0;0;0;0;0;0;0;0;0;0;0;0;0;0
FR;11;2021-02-04;0;0;0;0;0;0;0;0;0;0;0;0;0;0;0;0;0;0
FR;11;2021-02-05;0;0;0;0;0;0;0;0;0;0;0;0;0;0;0;0;0;0
FR;11;2021-02-06;0;0;0;0;0;0;0;0;0;0;0;0;0;0;0;0;0;0
FR;11;2021-02-07;0;0;0;0;0;0;0;0;0;0;0;0;0;0;0;0;0;0
FR;11;2021-02-08;0;0;0;0;0;0;0;0;0;0;0;0;0;0;0;0;0;0
FR;11;2021-02-09;0;0;0;0;0;0;0;0;0;0;0;0;0;0;0;0;0;0
FR;11;2021-02-10;0;0;0;0;0;0;0;0;0;0;0;0;0;0;0;0;0;0
FR;11;2021-02-11;0;0;0;0;0;0;0;0;0;0;0;0;0;0;0;0;0;0
FR;11;2021-02-12;0;0;0;0;0;0;0;0;0;0;0;0;0;0;0;0;0;0
FR;11;2021-02-13;0;0;0;0;0;0;0;0;0;0;0;0;0;0;0;0;0;0
FR;11;2021-02-14;0;0;0;0;0;0;0;0;0;0;0;0;0;0;0;0;0;0
FR;11;2021-02-15;0;0;0;0;0;0;0;0;0;0;0;0;0;0;0;0;0;0
FR;11;2021-02-16;0;0;0;0;0;0;0;0;0;0;0;0;0;0;0;0;0;0
FR;11;2021-02-17;0;0;0;0;0;0;0;0;0;0;0;0;0;0;0;0;0;0
FR;11;2021-02-18;0;0;0;0;0;0;0;0;0;0;0;0;0;0;0;0;0;0
FR;11;2021-02-19;0;0;0;0;0;0;0;0;0;0;0;0;0;0;0;0;0;0
FR;11;2021-02-20;0;0;0;0;0;0;0;0;0;0;0;0;0;0;0;0;0;0
FR;11;2021-02-21;0;0;0;0;0;0;0;0;0;0;0;0;0;0;0;0;0;0
FR;11;2021-02-22;0;0;0;0;0;0;0;0;0;0;0;0;0;0;0;0;0;0
FR;11;2021-02-23;0;0;0;0;0;0;0;0;0;0;0;0;0;0;0;0;0;0
FR;11;2021-02-24;0;0;0;0;0;0;0;0;0;0;0;0;0;0;0;0;0;0
FR;11;2021-02-25;0;0;0;0;0;0;0;0;0;0;0;0;0;0;0;0;0;0
FR;11;2021-02-26;0;0;0;0;0;0;0;0;0;0;0;0;0;0;0;0;0;0
FR;11;2021-02-27;0;0;0;0;0;0;0;0;0;0;0;0;0;0;0;0;0;0
FR;11;2021-02-28;0;0;0;0;0;0;0;0;0;0;0;0;0;0;0;0;0;0
FR;11;2021-03-01;0;0;0;0;0;0;0;0;0;0;0;0;0;0;0;0;0;0
FR;11;2021-03-02;0;0;0;0;0;0;0;0;0;0;0;0;0;0;0;0;0;0
FR;11;2021-03-03;0;0;0;0;0;0;0;0;0;0;0;0;0;0;0;0;0;0
FR;11;2021-03-04;0;0;0;0;0;0;0;0;0;0;0;0;0;0;0;0;0;0
FR;11;2021-03-05;0;0;0;0;0;0;0;0;0;0;0;0;0;0;0;0;0;0
FR;11;2021-03-06;0;0;0;0;0;0;0;0;0;0;0;0;0;0;0;0;0;0
FR;11;2021-03-07;0;0;0;0;0;0;0;0;0;0;0;0;0;0;0;0;0;0
FR;11;2021-03-08;0;0;0;0;0;0;0;0;0;0;0;0;0;0;0;0;0;0
FR;11;2021-03-09;0;0;0;0;0;0;0;0;0;0;0;0;0;0;0;0;0;0
FR;11;2021-03-10;0;0;0;0;0;0;0;0;0;0;0;0;0;0;0;0;0;0
FR;11;2021-03-11;0;0;0;0;0;0;0;0;0;0;0;0;0;0;0;0;0;0
FR;11;2021-03-12;0;0;0;0;0;0;0;0;0;0;0;0;0;0;0;0;0;0
FR;11;2021-03-13;0;0;0;0;0;0;0;0;0;0;0;0;0;0;0;0;0;0
FR;11;2021-03-14;0;0;0;0;0;0;0;0;0;0;0;0;0;0;0;0;0;0
FR;11;2021-03-15;0;0;0;0;0;0;0;0;0;0;0;0;0;0;0;0;0;0
FR;11;2021-03-16;0;0;0;0;0;0;0;0;0;0;0;0;0;0;0;0;0;0
FR;11;2021-03-17;0;0;0;0;0;0;0;0;0;0;0;0;0;0;0;0;0;0
FR;11;2021-03-18;0;0;0;0;0;0;0;0;0;0;0;0;0;0;0;0;0;0
FR;11;2021-03-19;0;0;0;0;0;0;0;0;0;0;0;0;0;0;0;0;0;0
FR;11;2021-03-20;0;0;0;0;0;0;0;0;0;0;0;0;0;0;0;0;0;0
FR;11;2021-03-21;0;0;0;0;0;0;0;0;0;0;0;0;0;0;0;0;0;0
FR;11;2021-03-22;0;0;0;0;0;0;0;0;0;0;0;0;0;0;0;0;0;0
FR;11;2021-03-23;0;0;0;0;0;0;0;0;0;0;0;0;0;0;0;0;0;0
FR;11;2021-03-24;0;0;0;0;0;0;0;0;0;0;0;0;0;0;0;0;0;0
FR;11;2021-03-25;0;0;0;0;0;0;0;0;0;0;0;0;0;0;0;0;0;0
FR;11;2021-03-26;0;0;0;0;0;0;0;0;0;0;0;0;0;0;0;0;0;0
FR;11;2021-03-27;0;0;0;0;0;0;0;0;0;0;0;0;0;0;0;0;0;0
FR;11;2021-03-28;0;0;0;0;0;0;0;0;0;0;0;0;0;0;0;0;0;0
FR;11;2021-03-29;0;0;0;0;0;0;0;0;0;0;0;0;0;0;0;0;0;0
FR;11;2021-03-30;0;0;0;0;0;0;0;0;0;0;0;0;0;0;0;0;0;0
FR;11;2021-03-31;0;0;0;0;0;0;0;0;0;0;0;0;0;0;0;0;0;0
FR;11;2021-04-01;0;0;0;0;0;0;0;0;0;0;0;0;0;0;0;0;0;0
FR;11;2021-04-02;0;0;0;0;0;0;0;0;0;0;0;0;0;0;0;0;0;0
FR;11;2021-04-03;0;0;0;0;0;0;0;0;0;0;0;0;0;0;0;0;0;0
FR;11;2021-04-04;0;0;0;0;0;0;0;0;0;0;0;0;0;0;0;0;0;0
FR;11;2021-04-05;0;0;0;0;0;0;0;0;0;0;0;0;0;0;0;0;0;0
FR;11;2021-04-06;0;0;0;0;0;0;0;0;0;0;0;0;0;0;0;0;0;0
FR;11;2021-04-07;0;0;0;0;0;0;0;0;0;0;0;0;0;0;0;0;0;0
FR;11;2021-04-08;0;0;0;0;0;0;0;0;0;0;0;0;0;0;0;0;0;0
FR;11;2021-04-09;0;0;0;0;0;0;0;0;0;0;0;0;0;0;0;0;0;0
FR;11;2021-04-10;0;0;0;0;0;0;0;0;0;0;0;0;0;0;0;0;0;0
FR;11;2021-04-11;0;0;0;0;0;0;0;0;0;0;0;0;0;0;0;0;0;0
FR;11;2021-04-12;0;0;0;0;0;0;0;0;0;0;0;0;0;0;0;0;0;0
FR;11;2021-04-13;0;0;0;0;0;0;0;0;0;0;0;0;0;0;0;0;0;0
FR;11;2021-04-14;0;0;0;0;0;0;0;0;0;0;0;0;0;0;0;0;0;0
FR;11;2021-04-15;0;0;0;0;0;0;0;0;0;0;0;0;0;0;0;0;0;0
FR;11;2021-04-16;0;0;0;0;0;0;0;0;0;0;0;0;0;0;0;0;0;0
FR;11;2021-04-17;0;0;0;0;0;0;0;0;0;0;0;0;0;0;0;0;0;0
FR;11;2021-04-18;0;0;0;0;0;0;0;0;0;0;0;0;0;0;0;0;0;0
FR;11;2021-04-19;0;0;0;0;0;0;0;0;0;0;0;0;0;0;0;0;0;0
FR;11;2021-04-20;0;0;0;0;0;0;0;0;0;0;0;0;0;0;0;0;0;0
FR;11;2021-04-21;0;0;0;0;0;0;0;0;0;0;0;0;0;0;0;0;0;0
FR;11;2021-04-22;0;0;0;0;0;0;0;0;0;0;0;0;0;0;0;0;0;0
FR;11;2021-04-23;0;0;0;0;0;0;0;0;0;0;0;0;0;0;0;0;0;0
FR;11;2021-04-24;0;0;0;0;0;0;0;0;0;0;0;0;0;0;0;0;0;0
FR;11;2021-04-25;0;0;0;0;0;0;0;0;0;0;0;0;0;0;0;0;0;0
FR;11;2021-04-26;0;0;0;0;0;0;0;0;0;0;0;0;0;0;0;0;0;0
FR;11;2021-04-27;0;0;0;0;0;0;0;0;0;0;0;0;0;0;0;0;0;0
FR;11;2021-04-28;0;0;0;0;0;0;0;0;0;0;0;0;0;0;0;0;0;0
FR;11;2021-04-29;0;0;0;0;0;0;0;0;0;0;0;0;0;0;0;0;0;0
FR;11;2021-04-30;0;0;0;0;0;0;0;0;0;0;0;0;0;0;0;0;0;0
FR;11;2021-05-01;0;0;0;0;0;0;0;0;0;0;0;0;0;0;0;0;0;0
FR;11;2021-05-02;0;0;0;0;0;0;0;0;0;0;0;0;0;0;0;0;0;0
FR;11;2021-05-03;0;0;0;0;0;0;0;0;0;0;0;0;0;0;0;0;0;0
FR;11;2021-05-04;0;0;0;0;0;0;0;0;0;0;0;0;0;0;0;0;0;0
FR;11;2021-05-05;0;0;0;0;0;0;0;0;0;0;0;0;0;0;0;0;0;0
FR;11;2021-05-06;0;0;0;0;0;0;0;0;0;0;0;0;0;0;0;0;0;0
FR;11;2021-05-07;0;0;0;0;0;0;0;0;0;0;0;0;0;0;0;0;0;0
FR;11;2021-05-08;0;0;0;0;0;0;0;0;0;0;0;0;0;0;0;0;0;0
FR;11;2021-05-09;0;0;0;0;0;0;0;0;0;0;0;0;0;0;0;0;0;0
FR;11;2021-05-10;0;0;0;0;0;0;0;0;0;0;0;0;0;0;0;0;0;0
FR;11;2021-05-11;0;0;0;0;0;0;0;0;0;0;0;0;0;0;0;0;0;0
FR;11;2021-05-12;0;0;0;0;0;0;0;0;0;0;0;0;0;0;0;0;0;0
FR;11;2021-05-13;0;0;0;0;0;0;0;0;0;0;0;0;0;0;0;0;0;0
FR;11;2021-05-14;0;0;0;0;0;0;0;0;0;0;0;0;0;0;0;0;0;0
FR;11;2021-05-15;0;0;0;0;0;0;0;0;0;0;0;0;0;0;0;0;0;0
FR;11;2021-05-16;0;0;0;0;0;0;0;0;0;0;0;0;0;0;0;0;0;0
FR;11;2021-05-17;0;0;0;0;0;0;0;0;0;0;0;0;0;0;0;0;0;0
FR;11;2021-05-18;0;0;0;0;0;0;0;0;0;0;0;0;0;0;0;0;0;0
FR;11;2021-05-19;0;0;0;0;0;0;0;0;0;0;0;0;0;0;0;0;0;0
FR;11;2021-05-20;0;0;0;0;0;0;0;0;0;0;0;0;0;0;0;0;0;0
FR;11;2021-05-21;0;0;0;0;0;0;0;0;0;0;0;0;0;0;0;0;0;0
FR;11;2021-05-22;0;0;0;0;0;0;0;0;0;0;0;0;0;0;0;0;0;0
FR;11;2021-05-23;0;0;0;0;0;0;0;0;0;0;0;0;0;0;0;0;0;0
FR;11;2021-05-24;0;0;0;0;0;0;0;0;0;0;0;0;0;0;0;0;0;0
FR;11;2021-05-25;0;0;0;0;0;0;0;0;0;0;0;0;0;0;0;0;0;0
FR;11;2021-05-26;0;0;0;0;0;0;0;0;0;0;0;0;0;0;0;0;0;0
FR;11;2021-05-27;0;0;0;0;0;0;0;0;0;0;0;0;0;0;0;0;0;0
FR;11;2021-05-28;0;0;0;0;0;0;0;0;0;0;0;0;0;0;0;0;0;0
FR;11;2021-05-29;0;0;0;0;0;0;0;0;0;0;0;0;0;0;0;0;0;0
FR;11;2021-05-30;0;0;0;0;0;0;0;0;0;0;0;0;0;0;0;0;0;0
FR;11;2021-05-31;0;0;0;0;0;0;0;0;0;0;0;0;0;0;0;0;0;0
FR;11;2021-06-01;0;0;0;0;0;0;0;0;0;0;0;0;0;0;0;0;0;0
FR;11;2021-06-02;0;0;0;0;0;0;0;0;0;0;0;0;0;0;0;0;0;0
FR;11;2021-06-03;0;0;0;0;0;0;0;0;0;0;0;0;0;0;0;0;0;0
FR;11;2021-06-04;0;0;0;0;0;0;0;0;0;0;0;0;0;0;0;0;0;0
FR;11;2021-06-05;0;0;0;0;0;0;0;0;0;0;0;0;0;0;0;0;0;0
FR;11;2021-06-06;0;0;0;0;0;0;0;0;0;0;0;0;0;0;0;0;0;0
FR;11;2021-06-07;0;0;0;0;0;0;0;0;0;0;0;0;0;0;0;0;0;0
FR;11;2021-06-08;0;0;0;0;0;0;0;0;0;0;0;0;0;0;0;0;0;0
FR;11;2021-06-09;0;0;0;0;0;0;0;0;0;0;0;0;0;0;0;0;0;0
FR;11;2021-06-10;0;0;0;0;0;0;0;0;0;0;0;0;0;0;0;0;0;0
FR;11;2021-06-11;0;0;0;0;0;0;0;0;0;0;0;0;0;0;0;0;0;0
FR;11;2021-06-12;0;0;0;0;0;0;0;0;0;0;0;0;0;0;0;0;0;0
FR;11;2021-06-13;0;0;0;0;0;0;0;0;0;0;0;0;0;0;0;0;0;0
FR;11;2021-06-14;0;0;0;0;0;0;0;0;0;0;0;0;0;0;0;0;0;0
FR;11;2021-06-15;0;0;0;0;0;0;0;0;0;0;0;0;0;0;0;0;0;0
FR;11;2021-06-16;0;0;0;0;0;0;0;0;0;0;0;0;0;0;0;0;0;0
FR;11;2021-06-17;0;0;0;0;0;0;0;0;0;0;0;0;0;0;0;0;0;0
FR;11;2021-06-18;0;0;0;0;0;0;0;0;0;0;0;0;0;0;0;0;0;0
FR;11;2021-06-19;0;0;0;0;0;0;0;0;0;0;0;0;0;0;0;0;0;0
FR;11;2021-06-20;0;0;0;0;0;0;0;0;0;0;0;0;0;0;0;0;0;0
FR;11;2021-06-21;0;0;0;0;0;0;0;0;0;0;0;0;0;0;0;0;0;0
FR;11;2021-06-22;0;0;0;0;0;0;0;0;0;0;0;0;0;0;0;0;0;0
FR;11;2021-06-23;0;0;0;0;0;0;0;0;0;0;0;0;0;0;0;0;0;0
FR;11;2021-06-24;0;0;0;0;0;0;0;0;0;0;0;0;0;0;0;0;0;0
FR;11;2021-06-25;0;0;0;0;0;0;0;0;0;0;0;0;0;0;0;0;0;0
FR;11;2021-06-26;0;0;0;0;0;0;0;0;0;0;0;0;0;0;0;0;0;0
FR;11;2021-06-27;0;0;0;0;0;0;0;0;0;0;0;0;0;0;0;0;0;0
FR;11;2021-06-28;0;0;0;0;0;0;0;0;0;0;0;0;0;0;0;0;0;0
FR;11;2021-06-29;0;0;0;0;0;0;0;0;0;0;0;0;0;0;0;0;0;0
FR;11;2021-06-30;0;0;0;0;0;0;0;0;0;0;0;0;0;0;0;0;0;0
FR;11;2021-07-01;0;0;0;0;0;0;0;0;0;0;0;0;0;0;0;0;0;0
FR;11;2021-07-02;0;0;0;0;0;0;0;0;0;0;0;0;0;0;0;0;0;0
FR;11;2021-07-03;0;0;0;0;0;0;0;0;0;0;0;0;0;0;0;0;0;0
FR;11;2021-07-04;0;0;0;0;0;0;0;0;0;0;0;0;0;0;0;0;0;0
FR;11;2021-07-05;0;0;0;0;0;0;0;0;0;0;0;0;0;0;0;0;0;0
FR;11;2021-07-06;0;0;0;0;0;0;0;0;0;0;0;0;0;0;0;0;0;0
FR;11;2021-07-07;0;0;0;0;0;0;0;0;0;0;0;0;0;0;0;0;0;0
FR;11;2021-07-08;0;0;0;0;0;0;0;0;0;0;0;0;0;0;0;0;0;0
FR;11;2021-07-09;0;0;0;0;0;0;0;0;0;0;0;0;0;0;0;0;0;0
FR;11;2021-07-10;0;0;0;0;0;0;0;0;0;0;0;0;0;0;0;0;0;0
FR;11;2021-07-11;0;0;0;0;0;0;0;0;0;0;0;0;0;0;0;0;0;0
FR;11;2021-07-12;0;0;0;0;0;0;0;0;0;0;0;0;0;0;0;0;0;0
FR;11;2021-07-13;0;0;0;0;0;0;0;0;0;0;0;0;0;0;0;0;0;0
FR;11;2021-07-14;0;0;0;0;0;0;0;0;0;0;0;0;0;0;0;0;0;0
FR;11;2021-07-15;0;0;0;0;0;0;0;0;0;0;0;0;0;0;0;0;0;0
FR;11;2021-07-16;0;0;0;0;0;0;0;0;0;0;0;0;0;0;0;0;0;0
FR;11;2021-07-17;0;0;0;0;0;0;0;0;0;0;0;0;0;0;0;0;0;0
FR;11;2021-07-18;0;0;0;0;0;0;0;0;0;0;0;0;0;0;0;0;0;0
FR;11;2021-07-19;0;0;0;0;0;0;0;0;0;0;0;0;0;0;0;0;0;0
FR;11;2021-07-20;0;0;0;0;0;0;0;0;0;0;0;0;0;0;0;0;0;0
FR;11;2021-07-21;0;0;0;0;0;0;0;0;0;0;0;0;0;0;0;0;0;0
FR;11;2021-07-22;0;0;0;0;0;0;0;0;0;0;0;0;0;0;0;0;0;0
FR;11;2021-07-23;0;0;0;0;0;0;0;0;0;0;0;0;0;0;0;0;0;0
FR;11;2021-07-24;0;0;0;0;0;0;0;0;0;0;0;0;0;0;0;0;0;0
FR;11;2021-07-25;0;0;0;0;0;0;0;0;0;0;0;0;0;0;0;0;0;0
FR;11;2021-07-26;0;0;0;0;0;0;0;0;0;0;0;0;0;0;0;0;0;0
FR;11;2021-07-27;0;0;0;0;0;0;0;0;0;0;0;0;0;0;0;0;0;0
FR;11;2021-07-28;0;0;0;0;0;0;0;0;0;0;0;0;0;0;0;0;0;0
FR;11;2021-07-29;0;0;0;0;0;0;0;0;0;0;0;0;0;0;0;0;0;0
FR;11;2021-07-30;0;0;0;0;0;0;0;0;0;0;0;0;0;0;0;0;0;0
FR;11;2021-07-31;0;0;0;0;0;0;0;0;0;0;0;0;0;0;0;0;0;0
FR;11;2021-08-01;0;0;0;0;0;0;0;0;0;0;0;0;0;0;0;0;0;0
FR;11;2021-08-02;0;0;0;0;0;0;0;0;0;0;0;0;0;0;0;0;0;0
FR;11;2021-08-03;0;0;0;0;0;0;0;0;0;0;0;0;0;0;0;0;0;0
FR;11;2021-08-04;0;0;0;0;0;0;0;0;0;0;0;0;0;0;0;0;0;0
FR;11;2021-08-05;0;0;0;0;0;0;0;0;0;0;0;0;0;0;0;0;0;0
FR;11;2021-08-06;0;0;0;0;0;0;0;0;0;0;0;0;0;0;0;0;0;0
FR;11;2021-08-07;0;0;0;0;0;0;0;0;0;0;0;0;0;0;0;0;0;0
FR;11;2021-08-08;0;0;0;0;0;0;0;0;0;0;0;0;0;0;0;0;0;0
FR;11;2021-08-09;0;0;0;0;0;0;0;0;0;0;0;0;0;0;0;0;0;0
FR;11;2021-08-10;0;0;0;0;0;0;0;0;0;0;0;0;0;0;0;0;0;0
FR;11;2021-08-11;0;0;0;0;0;0;0;0;0;0;0;0;0;0;0;0;0;0
FR;11;2021-08-12;0;0;0;0;0;0;0;0;0;0;0;0;0;0;0;0;0;0
FR;11;2021-08-13;0;0;0;0;0;0;0;0;0;0;0;0;0;0;0;0;0;0
FR;11;2021-08-14;0;0;0;0;0;0;0;0;0;0;0;0;0;0;0;0;0;0
FR;11;2021-08-15;0;0;0;0;0;0;0;0;0;0;0;0;0;0;0;0;0;0
FR;11;2021-08-16;0;0;0;0;0;0;0;0;0;0;0;0;0;0;0;0;0;0
FR;11;2021-08-17;0;0;0;0;0;0;0;0;0;0;0;0;0;0;0;0;0;0
FR;11;2021-08-18;0;0;0;0;0;0;0;0;0;0;0;0;0;0;0;0;0;0
FR;11;2021-08-19;0;0;0;0;0;0;0;0;0;0;0;0;0;0;0;0;0;0
FR;11;2021-08-20;0;0;0;0;0;0;0;0;0;0;0;0;0;0;0;0;0;0
FR;11;2021-08-21;0;0;0;0;0;0;0;0;0;0;0;0;0;0;0;0;0;0
FR;11;2021-08-22;0;0;0;0;0;0;0;0;0;0;0;0;0;0;0;0;0;0
FR;11;2021-08-23;0;0;0;0;0;0;0;0;0;0;0;0;0;0;0;0;0;0
FR;11;2021-08-24;0;0;0;0;0;0;0;0;0;0;0;0;0;0;0;0;0;0
FR;11;2021-08-25;0;0;0;0;0;0;0;0;0;0;0;0;0;0;0;0;0;0
FR;11;2021-08-26;0;0;0;0;0;0;0;0;0;0;0;0;0;0;0;0;0;0
FR;11;2021-08-27;0;0;0;0;0;0;0;0;0;0;0;0;0;0;0;0;0;0
FR;11;2021-08-28;0;0;0;0;0;0;0;0;0;0;0;0;0;0;0;0;0;0
FR;11;2021-08-29;0;0;0;0;0;0;0;0;0;0;0;0;0;0;0;0;0;0
FR;11;2021-08-30;0;0;0;0;0;0;0;0;0;0;0;0;0;0;0;0;0;0
FR;11;2021-08-31;0;0;0;0;0;0;0;0;0;0;0;0;0;0;0;0;0;0
FR;11;2021-09-01;0;0;0;0;0;0;0;0;0;0;0;0;0;0;0;0;0;0
FR;11;2021-09-02;0;0;0;0;0;0;0;0;0;0;0;0;0;0;0;0;0;0
FR;11;2021-09-03;0;0;0;0;0;0;0;0;0;0;0;0;0;0;0;0;0;0
FR;11;2021-09-04;0;0;0;0;0;0;0;0;0;0;0;0;0;0;0;0;0;0
FR;11;2021-09-05;0;0;0;0;0;0;0;0;0;0;0;0;0;0;0;0;0;0
FR;11;2021-09-06;0;0;0;0;0;0;0;0;0;0;0;0;0;0;0;0;0;0
FR;11;2021-09-07;0;0;0;0;0;0;0;0;0;0;0;0;0;0;0;0;0;0
FR;11;2021-09-08;0;0;0;0;0;0;0;0;0;0;0;0;0;0;0;0;0;0
FR;11;2021-09-09;0;0;0;0;0;0;0;0;0;0;0;0;0;0;0;0;0;0
FR;11;2021-09-10;0;0;0;0;0;0;0;0;0;0;0;0;0;0;0;0;0;0
FR;11;2021-09-11;0;0;0;0;0;0;0;0;0;0;0;0;0;0;0;0;0;0
FR;11;2021-09-12;0;0;0;0;0;0;0;0;0;0;0;0;0;0;0;0;0;0
FR;11;2021-09-13;0;0;0;0;0;0;0;0;0;0;0;0;0;0;0;0;0;0
FR;11;2021-09-14;0;0;0;0;0;0;0;0;0;0;0;0;0;0;0;0;0;0
FR;11;2021-09-15;0;0;0;0;0;0;0;0;0;0;0;0;0;0;0;0;0;0
FR;11;2021-09-16;0;0;0;0;0;0;0;0;0;0;0;0;0;0;0;0;0;0
FR;11;2021-09-17;0;0;0;0;0;0;0;0;0;0;0;0;0;0;0;0;0;0
FR;11;2021-09-18;0;0;0;0;0;0;0;0;0;0;0;0;0;0;0;0;0;0
FR;11;2021-09-19;0;0;0;0;0;0;0;0;0;0;0;0;0;0;0;0;0;0
FR;11;2021-09-20;0;0;0;0;0;0;0;0;0;0;0;0;0;0;0;0;0;0
FR;11;2021-09-21;0;0;0;0;0;0;0;0;0;0;0;0;0;0;0;0;0;0
FR;11;2021-09-22;0;0;0;0;0;0;0;0;0;0;0;0;0;0;0;0;0;0
FR;11;2021-09-23;0;0;0;0;0;0;0;0;0;0;0;0;0;0;0;0;0;0
FR;11;2021-09-24;0;0;0;0;0;0;0;0;0;0;0;0;0;0;0;0;0;0
FR;11;2021-09-25;0;0;0;0;0;0;0;0;0;0;0;0;0;0;0;0;0;0
FR;11;2021-09-26;0;0;0;0;0;0;0;0;0;0;0;0;0;0;0;0;0;0
FR;11;2021-09-27;0;0;0;0;0;0;0;0;0;0;0;0;0;0;0;0;0;0
FR;11;2021-09-28;0;0;0;0;0;0;0;0;0;0;0;0;0;0;0;0;0;0
FR;11;2021-09-29;0;0;0;0;0;0;0;0;0;0;0;0;0;0;0;0;0;0
FR;11;2021-09-30;0;0;0;0;0;0;0;0;0;0;0;0;0;0;0;0;0;0
FR;11;2021-10-01;0;0;0;0;0;0;0;0;0;0;0;0;0;0;0;0;0;0
FR;11;2021-10-02;0;0;0;0;0;0;0;0;0;0;0;0;0;0;0;0;0;0
FR;11;2021-10-03;0;0;0;0;0;0;0;0;0;0;0;0;0;0;0;0;0;0
FR;11;2021-10-04;0;0;0;0;0;0;0;0;0;0;0;0;0;0;0;0;0;0
FR;11;2021-10-05;0;0;0;0;0;0;0;0;0;0;0;0;0;0;0;0;0;0
FR;11;2021-10-06;0;0;0;0;0;0;0;0;0;0;0;0;0;0;0;0;0;0
FR;11;2021-10-07;0;0;0;0;0;0;0;0;0;0;0;0;0;0;0;0;0;0
FR;11;2021-10-08;0;0;0;0;0;0;0;0;0;0;0;0;0;0;0;0;0;0
FR;11;2021-10-09;0;0;0;0;0;0;0;0;0;0;0;0;0;0;0;0;0;0
FR;11;2021-10-10;0;0;0;0;0;0;0;0;0;0;0;0;0;0;0;0;0;0
FR;11;2021-10-11;0;0;0;0;0;0;0;0;0;0;0;0;0;0;0;0;0;0
FR;11;2021-10-12;0;0;0;0;0;0;0;0;0;0;0;0;0;0;0;0;0;0
FR;11;2021-10-13;0;0;0;0;0;0;0;0;0;0;0;0;0;0;0;0;0;0
FR;11;2021-10-14;0;0;0;0;0;0;0;0;0;0;0;0;0;0;0;0;0;0
FR;11;2021-10-15;0;0;0;0;0;0;0;0;0;0;0;0;0;0;0;0;0;0
FR;11;2021-10-16;0;0;0;0;0;0;0;0;0;0;0;0;0;0;0;0;0;0
FR;11;2021-10-17;0;0;0;0;0;0;0;0;0;0;0;0;0;0;0;0;0;0
FR;11;2021-10-18;0;0;0;0;0;0;0;0;0;0;0;0;0;0;0;0;0;0
FR;11;2021-10-19;0;0;0;0;0;0;0;0;0;0;0;0;0;0;0;0;0;0
FR;11;2021-10-20;0;0;0;0;0;0;0;0;0;0;0;0;0;0;0;0;0;0
FR;11;2021-10-21;0;0;0;0;0;0;0;0;0;0;0;0;0;0;0;0;0;0
FR;11;2021-10-22;0;0;0;0;0;0;0;0;0;0;0;0;0;0;0;0;0;0
FR;11;2021-10-23;0;0;0;0;0;0;0;0;0;0;0;0;0;0;0;0;0;0
FR;11;2021-10-24;0;0;0;0;0;0;0;0;0;0;0;0;0;0;0;0;0;0
FR;11;2021-10-25;0;0;0;0;0;0;0;0;0;0;0;0;0;0;0;0;0;0
FR;11;2021-10-26;0;0;0;0;0;0;0;0;0;0;0;0;0;0;0;0;0;0
FR;11;2021-10-27;0;0;0;0;0;0;0;0;0;0;0;0;0;0;0;0;0;0
FR;11;2021-10-28;0;0;0;0;0;0;0;0;0;0;0;0;0;0;0;0;0;0
FR;11;2021-10-29;0;0;0;0;0;0;0;0;0;0;0;0;0;0;0;0;0;0
FR;11;2021-10-30;0;0;0;0;0;0;0;0;0;0;0;0;0;0;0;0;0;0
FR;11;2021-10-31;0;0;0;0;0;0;0;0;0;0;0;0;0;0;0;0;0;0
FR;11;2021-11-01;0;0;0;0;0;0;0;0;0;0;0;0;0;0;0;0;0;0
FR;11;2021-11-02;0;0;0;0;0;0;0;0;0;0;0;0;0;0;0;0;0;0
FR;11;2021-11-03;0;0;0;0;0;0;0;0;0;0;0;0;0;0;0;0;0;0
FR;11;2021-11-04;0;0;0;0;0;0;0;0;0;0;0;0;0;0;0;0;0;0
FR;11;2021-11-05;0;0;0;0;0;0;0;0;0;0;0;0;0;0;0;0;0;0
FR;11;2021-11-06;0;0;0;0;0;0;0;0;0;0;0;0;0;0;0;0;0;0
FR;11;2021-11-07;0;0;0;0;0;0;0;0;0;0;0;0;0;0;0;0;0;0
FR;11;2021-11-08;0;0;0;0;0;0;0;0;0;0;0;0;0;0;0;0;0;0
FR;11;2021-11-09;0;0;0;0;0;0;0;0;0;0;0;0;0;0;0;0;0;0
FR;11;2021-11-10;0;0;0;0;0;0;0;0;0;0;0;0;0;0;0;0;0;0
FR;11;2021-11-11;0;0;0;0;0;0;0;0;0;0;0;0;0;0;0;0;0;0
FR;11;2021-11-12;0;0;0;0;0;0;0;0;0;0;0;0;0;0;0;0;0;0
FR;11;2021-11-13;0;0;0;0;0;0;0;0;0;0;0;0;0;0;0;0;0;0
FR;11;2021-11-14;0;0;0;0;0;0;0;0;0;0;0;0;0;0;0;0;0;0
FR;11;2021-11-15;0;0;0;0;0;0;0;0;0;0;0;0;0;0;0;0;0;0
FR;11;2021-11-16;0;0;0;0;0;0;0;0;0;0;0;0;0;0;0;0;0;0
FR;11;2021-11-17;0;0;0;0;0;0;0;0;0;0;0;0;0;0;0;0;0;0
FR;11;2021-11-18;0;0;0;0;0;0;0;0;0;0;0;0;0;0;0;0;0;0
FR;11;2021-11-19;0;0;0;0;0;0;0;0;0;0;0;0;0;0;0;0;0;0
FR;11;2021-11-20;0;0;0;0;0;0;0;0;0;0;0;0;0;0;0;0;0;0
FR;11;2021-11-21;0;0;0;0;0;0;0;0;0;0;0;0;0;0;0;0;0;0
FR;11;2021-11-22;0;0;0;0;0;0;0;0;0;0;0;0;0;0;0;0;0;0
FR;11;2021-11-23;0;0;0;0;0;0;0;0;0;0;0;0;0;0;0;0;0;0
FR;11;2021-11-24;0;0;0;0;0;0;0;0;0;0;0;0;0;0;0;0;0;0
FR;11;2021-11-25;0;0;0;0;0;0;0;0;0;0;0;0;0;0;0;0;0;0
FR;11;2021-11-26;0;0;0;0;0;0;0;0;0;0;0;0;0;0;0;0;0;0
FR;11;2021-11-27;0;0;0;0;0;0;0;0;0;0;0;0;0;0;0;0;0;0
FR;11;2021-11-28;0;0;0;0;0;0;0;0;0;0;0;0;0;0;0;0;0;0
FR;11;2021-11-29;0;0;0;0;0;0;0;0;0;0;0;0;0;0;0;0;0;0
FR;11;2021-11-30;0;0;0;0;0;0;0;0;0;0;0;0;0;0;0;0;0;0
FR;11;2021-12-01;0;0;0;0;0;0;0;0;0;0;0;0;0;0;0;0;0;0
FR;11;2021-12-02;0;0;0;0;0;0;0;0;0;0;0;0;0;0;0;0;0;0
FR;11;2021-12-03;0;0;0;0;0;0;0;0;0;0;0;0;0;0;0;0;0;0
FR;11;2021-12-04;0;0;0;0;0;0;0;0;0;0;0;0;0;0;0;0;0;0
FR;11;2021-12-05;0;0;0;0;0;0;0;0;0;0;0;0;0;0;0;0;0;0
FR;11;2021-12-06;0;0;0;0;0;0;0;0;0;0;0;0;0;0;0;0;0;0
FR;11;2021-12-07;0;0;0;0;0;0;0;0;0;0;0;0;0;0;0;0;0;0
FR;11;2021-12-08;0;0;0;0;0;0;0;0;0;0;0;0;0;0;0;0;0;0
FR;11;2021-12-09;0;0;0;0;0;0;0;0;0;0;0;0;0;0;0;0;0;0
FR;11;2021-12-10;0;0;0;0;0;0;0;0;0;0;0;0;0;0;0;0;0;0
FR;11;2021-12-11;0;0;0;0;0;0;0;0;0;0;0;0;0;0;0;0;0;0
FR;11;2021-12-12;0;0;0;0;0;0;0;0;0;0;0;0;0;0;0;0;0;0
FR;11;2021-12-13;0;0;0;0;0;0;0;0;0;0;0;0;0;0;0;0;0;0
FR;11;2021-12-14;0;0;0;0;0;0;0;0;0;0;0;0;0;0;0;0;0;0
FR;11;2021-12-15;0;0;0;0;0;0;0;0;0;0;0;0;0;0;0;0;0;0
FR;11;2021-12-16;0;0;0;0;0;0;0;0;0;0;0;0;0;0;0;0;0;0
FR;11;2021-12-17;0;0;0;0;0;0;0;0;0;0;0;0;0;0;0;0;0;0
FR;11;2021-12-18;0;0;0;0;0;0;0;0;0;0;0;0;0;0;0;0;0;0
FR;11;2021-12-19;0;0;0;0;0;0;0;0;0;0;0;0;0;0;0;0;0;0
FR;11;2021-12-20;0;0;0;0;0;0;0;0;0;0;0;0;0;0;0;0;0;0
FR;11;2021-12-21;0;0;0;0;0;0;0;0;0;0;0;0;0;0;0;0;0;0
FR;11;2021-12-22;0;0;0;0;0;0;0;0;0;0;0;0;0;0;0;0;0;0
FR;11;2021-12-23;0;0;0;0;0;0;0;0;0;0;0;0;0;0;0;0;0;0
FR;11;2021-12-24;0;0;0;0;0;0;0;0;0;0;0;0;0;0;0;0;0;0
FR;11;2021-12-25;0;0;0;0;0;0;0;0;0;0;0;0;0;0;0;0;0;0
FR;11;2021-12-26;0;0;0;0;0;0;0;0;0;0;0;0;0;0;0;0;0;0
FR;11;2021-12-27;0;0;0;0;0;0;0;0;0;0;0;0;0;0;0;0;0;0
FR;11;2021-12-28;0;0;0;0;0;0;0;0;0;0;0;0;0;0;0;0;0;0
FR;11;2021-12-29;0;0;0;0;0;0;0;0;0;0;0;0;0;0;0;0;0;0
FR;11;2021-12-30;0;0;0;0;0;0;0;0;0;0;0;0;0;0;0;0;0;0
FR;11;2021-12-31;0;0;0;0;0;0;0;0;0;0;0;0;0;0;0;0;0;0
FR;11;2022-01-01;0;0;0;0;0;0;0;0;0;0;0;0;0;0;0;0;0;0
FR;11;2022-01-02;0;0;0;0;0;0;0;0;0;0;0;0;0;0;0;0;0;0
FR;11;2022-01-03;0;0;0;0;0;0;0;0;0;0;0;0;0;0;0;0;0;0
FR;11;2022-01-04;0;0;0;0;0;0;0;0;0;0;0;0;0;0;0;0;0;0
FR;11;2022-01-05;0;0;0;0;0;0;0;0;0;0;0;0;0;0;0;0;0;0
FR;11;2022-01-06;0;0;0;0;0;0;0;0;0;0;0;0;0;0;0;0;0;0
FR;11;2022-01-07;0;0;0;0;0;0;0;0;0;0;0;0;0;0;0;0;0;0
FR;11;2022-01-08;0;0;0;0;0;0;0;0;0;0;0;0;0;0;0;0;0;0
FR;11;2022-01-09;0;0;0;0;0;0;0;0;0;0;0;0;0;0;0;0;0;0
FR;11;2022-01-10;0;0;0;0;0;0;0;0;0;0;0;0;0;0;0;0;0;0
FR;11;2022-01-11;0;0;0;0;0;0;0;0;0;0;0;0;0;0;0;0;0;0
FR;11;2022-01-12;0;0;0;0;0;0;0;0;0;0;0;0;0;0;0;0;0;0
FR;11;2022-01-13;0;0;0;0;0;0;0;0;0;0;0;0;0;0;0;0;0;0
FR;11;2022-01-14;0;0;0;0;0;0;0;0;0;0;0;0;0;0;0;0;0;0
FR;11;2022-01-15;0;0;0;0;0;0;0;0;0;0;0;0;0;0;0;0;0;0
FR;11;2022-01-16;0;0;0;0;0;0;0;0;0;0;0;0;0;0;0;0;0;0
FR;11;2022-01-17;0;0;0;0;0;0;0;0;0;0;0;0;0;0;0;0;0;0
FR;11;2022-01-18;0;0;0;0;0;0;0;0;0;0;0;0;0;0;0;0;0;0
FR;11;2022-01-19;0;0;0;0;0;0;0;0;0;0;0;0;0;0;0;0;0;0
FR;11;2022-01-20;0;0;0;0;0;0;0;0;0;0;0;0;0;0;0;0;0;0
FR;11;2022-01-21;0;0;0;0;0;0;0;0;0;0;0;0;0;0;0;0;0;0
FR;11;2022-01-22;0;0;0;0;0;0;0;0;0;0;0;0;0;0;0;0;0;0
FR;11;2022-01-23;0;0;0;0;0;0;0;0;0;0;0;0;0;0;0;0;0;0
FR;11;2022-01-24;0;0;0;0;0;0;0;0;0;0;0;0;0;0;0;0;0;0
FR;11;2022-01-25;0;0;0;0;0;0;0;0;0;0;0;0;0;0;0;0;0;0
FR;11;2022-01-26;0;0;0;0;0;0;0;0;0;0;0;0;0;0;0;0;0;0
FR;11;2022-01-27;0;0;0;0;0;0;0;0;0;0;0;0;0;0;0;0;0;0
FR;11;2022-01-28;0;0;0;0;0;0;0;0;0;0;0;0;0;0;0;0;0;0
FR;11;2022-01-29;0;0;0;0;0;0;0;0;0;0;0;0;0;0;0;0;0;0
FR;11;2022-01-30;0;0;0;0;0;0;0;0;0;0;0;0;0;0;0;0;0;0
FR;11;2022-01-31;0;0;0;0;0;0;0;0;0;0;0;0;0;0;0;0;0;0
FR;11;2022-02-01;0;0;0;0;0;0;0;0;0;0;0;0;0;0;0;0;0;0
FR;11;2022-02-02;0;0;0;0;0;0;0;0;0;0;0;0;0;0;0;0;0;0
FR;11;2022-02-03;0;0;0;0;0;0;0;0;0;0;0;0;0;0;0;0;0;0
FR;11;2022-02-04;0;0;0;0;0;0;0;0;0;0;0;0;0;0;0;0;0;0
FR;11;2022-02-05;0;0;0;0;0;0;0;0;0;0;0;0;0;0;0;0;0;0
FR;11;2022-02-06;0;0;0;0;0;0;0;0;0;0;0;0;0;0;0;0;0;0
FR;11;2022-02-07;0;0;0;0;0;0;0;0;0;0;0;0;0;0;0;0;0;0
FR;11;2022-02-08;0;0;0;0;0;0;0;0;0;0;0;0;0;0;0;0;0;0
FR;11;2022-02-09;0;0;0;0;0;0;0;0;0;0;0;0;0;0;0;0;0;0
FR;11;2022-02-10;0;0;0;0;0;0;0;0;0;0;0;0;0;0;0;0;0;0
FR;11;2022-02-11;0;0;0;0;0;0;0;0;0;0;0;0;0;0;0;0;0;0
FR;11;2022-02-12;0;0;0;0;0;0;0;0;0;0;0;0;0;0;0;0;0;0
FR;11;2022-02-13;0;0;0;0;0;0;0;0;0;0;0;0;0;0;0;0;0;0
FR;11;2022-02-14;0;0;0;0;0;0;0;0;0;0;0;0;0;0;0;0;0;0
FR;11;2022-02-15;0;0;0;0;0;0;0;0;0;0;0;0;0;0;0;0;0;0
FR;11;2022-02-16;0;0;0;0;0;0;0;0;0;0;0;0;0;0;0;0;0;0
FR;11;2022-02-17;0;0;0;0;0;0;0;0;0;0;0;0;0;0;0;0;0;0
FR;11;2022-02-18;0;0;0;0;0;0;0;0;0;0;0;0;0;0;0;0;0;0
FR;11;2022-02-19;0;0;0;0;0;0;0;0;0;0;0;0;0;0;0;0;0;0
FR;11;2022-02-20;0;0;0;0;0;0;0;0;0;0;0;0;0;0;0;0;0;0
FR;11;2022-02-21;0;0;0;0;0;0;0;0;0;0;0;0;0;0;0;0;0;0
FR;11;2022-02-22;0;0;0;0;0;0;0;0;0;0;0;0;0;0;0;0;0;0
FR;11;2022-02-23;0;0;0;0;0;0;0;0;0;0;0;0;0;0;0;0;0;0
FR;11;2022-02-24;0;0;0;0;0;0;0;0;0;0;0;0;0;0;0;0;0;0
FR;11;2022-02-25;0;0;0;0;0;0;0;0;0;0;0;0;0;0;0;0;0;0
FR;11;2022-02-26;0;0;0;0;0;0;0;0;0;0;0;0;0;0;0;0;0;0
FR;11;2022-02-27;0;0;0;0;0;0;0;0;0;0;0;0;0;0;0;0;0;0
FR;11;2022-02-28;0;0;0;0;0;0;0;0;0;0;0;0;0;0;0;0;0;0
FR;11;2022-03-01;0;0;0;0;0;0;0;0;0;0;0;0;0;0;0;0;0;0
FR;11;2022-03-02;0;0;0;0;0;0;0;0;0;0;0;0;0;0;0;0;0;0
FR;11;2022-03-03;0;0;0;0;0;0;0;0;0;0;0;0;0;0;0;0;0;0
FR;11;2022-03-04;0;0;0;0;0;0;0;0;0;0;0;0;0;0;0;0;0;0
FR;11;2022-03-05;0;0;0;0;0;0;0;0;0;0;0;0;0;0;0;0;0;0
FR;11;2022-03-06;0;0;0;0;0;0;0;0;0;0;0;0;0;0;0;0;0;0
FR;11;2022-03-07;0;0;0;0;0;0;0;0;0;0;0;0;0;0;0;0;0;0
FR;11;2022-03-08;0;0;0;0;0;0;0;0;0;0;0;0;0;0;0;0;0;0
FR;11;2022-03-09;0;0;0;0;0;0;0;0;0;0;0;0;0;0;0;0;0;0
FR;11;2022-03-10;0;0;0;0;0;0;0;0;0;0;0;0;0;0;0;0;0;0
FR;11;2022-03-11;0;0;0;0;0;0;0;0;0;0;0;0;0;0;0;0;0;0
FR;11;2022-03-12;0;0;0;0;0;0;0;0;0;0;0;0;0;0;0;0;0;0
FR;11;2022-03-13;0;0;0;0;0;0;0;0;0;0;0;0;0;0;0;0;0;0
FR;11;2022-03-14;0;0;0;0;0;0;0;0;0;0;0;0;0;0;0;0;0;0
FR;11;2022-03-15;0;0;0;0;0;0;0;0;0;0;0;0;0;0;0;0;0;0
FR;11;2022-03-16;0;0;0;0;0;0;0;0;0;0;0;0;0;0;0;0;0;0
FR;11;2022-03-17;0;0;0;0;0;0;0;0;0;0;0;0;0;0;0;0;0;0
FR;11;2022-03-18;0;0;0;0;0;0;0;0;0;0;0;0;0;0;0;0;0;0
FR;11;2022-03-19;0;0;0;0;0;0;0;0;0;0;0;0;0;0;0;0;0;0
FR;11;2022-03-20;0;0;0;0;0;0;0;0;0;0;0;0;0;0;0;0;0;0
FR;11;2022-03-21;0;0;0;0;0;0;0;0;0;0;0;0;0;0;0;0;0;0
FR;11;2022-03-22;0;0;0;0;0;0;0;0;0;0;0;0;0;0;0;0;0;0
FR;11;2022-03-23;0;0;0;0;0;0;0;0;0;0;0;0;0;0;0;0;0;0
FR;11;2022-03-24;0;0;0;0;0;0;0;0;0;0;0;0;0;0;0;0;0;0
FR;11;2022-03-25;0;0;0;0;0;0;0;0;0;0;0;0;0;0;0;0;0;0
FR;11;2022-03-26;0;0;0;0;0;0;0;0;0;0;0;0;0;0;0;0;0;0
FR;11;2022-03-27;0;0;0;0;0;0;0;0;0;0;0;0;0;0;0;0;0;0
FR;11;2022-03-28;0;0;0;0;0;0;0;0;0;0;0;0;0;0;0;0;0;0
FR;11;2022-03-29;0;0;0;0;0;0;0;0;0;0;0;0;0;0;0;0;0;0
FR;11;2022-03-30;0;0;0;0;0;0;0;0;0;0;0;0;0;0;0;0;0;0
FR;11;2022-03-31;0;0;0;0;0;0;0;0;0;0;0;0;0;0;0;0;0;0
FR;11;2022-04-01;0;0;0;0;0;0;0;0;0;0;0;0;0;0;0;0;0;0
FR;11;2022-04-02;0;0;0;0;0;0;0;0;0;0;0;0;0;0;0;0;0;0
FR;11;2022-04-03;0;0;0;0;0;0;0;0;0;0;0;0;0;0;0;0;0;0
FR;11;2022-04-04;0;0;0;0;0;0;0;0;0;0;0;0;0;0;0;0;0;0
FR;11;2022-04-05;0;0;0;0;0;0;0;0;0;0;0;0;0;0;0;0;0;0
FR;11;2022-04-06;0;0;0;0;0;0;0;0;0;0;0;0;0;0;0;0;0;0
FR;11;2022-04-07;0;0;0;0;0;0;0;0;0;0;0;0;0;0;0;0;0;0
FR;11;2022-04-08;0;0;0;0;0;0;0;0;0;0;0;0;0;0;0;0;0;0
FR;11;2022-04-09;0;0;0;0;0;0;0;0;0;0;0;0;0;0;0;0;0;0
FR;11;2022-04-10;0;0;0;0;0;0;0;0;0;0;0;0;0;0;0;0;0;0
FR;11;2022-04-11;0;0;0;0;0;0;0;0;0;0;0;0;0;0;0;0;0;0
FR;11;2022-04-12;0;0;0;0;0;0;0;0;0;0;0;0;0;0;0;0;0;0
FR;11;2022-04-13;0;0;0;0;0;0;0;0;0;0;0;0;0;0;0;0;0;0
FR;11;2022-04-14;0;0;0;0;0;0;0;0;0;0;0;0;0;0;0;0;0;0
FR;11;2022-04-15;0;0;0;0;0;0;0;0;0;0;0;0;0;0;0;0;0;0
FR;11;2022-04-16;0;0;0;0;0;0;0;0;0;0;0;0;0;0;0;0;0;0
FR;11;2022-04-17;0;0;0;0;0;0;0;0;0;0;0;0;0;0;0;0;0;0
FR;11;2022-04-18;0;0;0;0;0;0;0;0;0;0;0;0;0;0;0;0;0;0
FR;11;2022-04-19;0;0;0;0;0;0;0;0;0;0;0;0;0;0;0;0;0;0
FR;11;2022-04-20;0;0;0;0;0;0;0;0;0;0;0;0;0;0;0;0;0;0
FR;11;2022-04-21;0;0;0;0;0;0;0;0;0;0;0;0;0;0;0;0;0;0
FR;11;2022-04-22;0;0;0;0;0;0;0;0;0;0;0;0;0;0;0;0;0;0
FR;11;2022-04-23;0;0;0;0;0;0;0;0;0;0;0;0;0;0;0;0;0;0
FR;11;2022-04-24;0;0;0;0;0;0;0;0;0;0;0;0;0;0;0;0;0;0
FR;11;2022-04-25;0;0;0;0;0;0;0;0;0;0;0;0;0;0;0;0;0;0
FR;11;2022-04-26;0;0;0;0;0;0;0;0;0;0;0;0;0;0;0;0;0;0
FR;11;2022-04-27;0;0;0;0;0;0;0;0;0;0;0;0;0;0;0;0;0;0
FR;11;2022-04-28;0;0;0;0;0;0;0;0;0;0;0;0;0;0;0;0;0;0
FR;11;2022-04-29;0;0;0;0;0;0;0;0;0;0;0;0;0;0;0;0;0;0
FR;11;2022-04-30;0;0;0;0;0;0;0;0;0;0;0;0;0;0;0;0;0;0
FR;11;2022-05-01;0;0;0;0;0;0;0;0;0;0;0;0;0;0;0;0;0;0
FR;11;2022-05-02;0;0;0;0;0;0;0;0;0;0;0;0;0;0;0;0;0;0
FR;11;2022-05-03;0;0;0;0;0;0;0;0;0;0;0;0;0;0;0;0;0;0
FR;11;2022-05-04;0;0;0;0;0;0;0;0;0;0;0;0;0;0;0;0;0;0
FR;11;2022-05-05;0;0;0;0;0;0;0;0;0;0;0;0;0;0;0;0;0;0
FR;11;2022-05-06;0;0;0;0;0;0;0;0;0;0;0;0;0;0;0;0;0;0
FR;11;2022-05-07;0;0;0;0;0;0;0;0;0;0;0;0;0;0;0;0;0;0
FR;11;2022-05-08;0;0;0;0;0;0;0;0;0;0;0;0;0;0;0;0;0;0
FR;11;2022-05-09;0;0;0;0;0;0;0;0;0;0;0;0;0;0;0;0;0;0
FR;11;2022-05-10;0;0;0;0;0;0;0;0;0;0;0;0;0;0;0;0;0;0
FR;11;2022-05-11;0;0;0;0;0;0;0;0;0;0;0;0;0;0;0;0;0;0
FR;11;2022-05-12;0;0;0;0;0;0;0;0;0;0;0;0;0;0;0;0;0;0
FR;11;2022-05-13;0;0;0;0;0;0;0;0;0;0;0;0;0;0;0;0;0;0
FR;11;2022-05-14;0;0;0;0;0;0;0;0;0;0;0;0;0;0;0;0;0;0
FR;11;2022-05-15;0;0;0;0;0;0;0;0;0;0;0;0;0;0;0;0;0;0
FR;11;2022-05-16;0;0;0;0;0;0;0;0;0;0;0;0;0;0;0;0;0;0
FR;11;2022-05-17;0;0;0;0;0;0;0;0;0;0;0;0;0;0;0;0;0;0
FR;11;2022-05-18;0;0;0;0;0;0;0;0;0;0;0;0;0;0;0;0;0;0
FR;11;2022-05-19;0;0;0;0;0;0;0;0;0;0;0;0;0;0;0;0;0;0
FR;11;2022-05-20;0;0;0;0;0;0;0;0;0;0;0;0;0;0;0;0;0;0
FR;11;2022-05-21;0;0;0;0;0;0;0;0;0;0;0;0;0;0;0;0;0;0
FR;11;2022-05-22;0;0;0;0;0;0;0;0;0;0;0;0;0;0;0;0;0;0
FR;11;2022-05-23;0;0;0;0;0;0;0;0;0;0;0;0;0;0;0;0;0;0
FR;11;2022-05-24;0;0;0;0;0;0;0;0;0;0;0;0;0;0;0;0;0;0
FR;11;2022-05-25;0;0;0;0;0;0;0;0;0;0;0;0;0;0;0;0;0;0
FR;11;2022-05-26;0;0;0;0;0;0;0;0;0;0;0;0;0;0;0;0;0;0
FR;11;2022-05-27;0;0;0;0;0;0;0;0;0;0;0;0;0;0;0;0;0;0
FR;11;2022-05-28;0;0;0;0;0;0;0;0;0;0;0;0;0;0;0;0;0;0
FR;11;2022-05-29;0;0;0;0;0;0;0;0;0;0;0;0;0;0;0;0;0;0
FR;11;2022-05-30;0;0;0;0;0;0;0;0;0;0;0;0;0;0;0;0;0;0
FR;11;2022-05-31;0;0;0;0;0;0;0;0;0;0;0;0;0;0;0;0;0;0
FR;11;2022-06-01;0;0;0;0;0;0;0;0;0;0;0;0;0;0;0;0;0;0
FR;11;2022-06-02;0;0;0;0;0;0;0;0;0;0;0;0;0;0;0;0;0;0
FR;11;2022-06-03;0;0;0;0;0;0;0;0;0;0;0;0;0;0;0;0;0;0
FR;11;2022-06-04;0;0;0;0;0;0;0;0;0;0;0;0;0;0;0;0;0;0
FR;11;2022-06-05;0;0;0;0;0;0;0;0;0;0;0;0;0;0;0;0;0;0
FR;11;2022-06-06;0;0;0;0;0;0;0;0;0;0;0;0;0;0;0;0;0;0
FR;11;2022-06-07;0;0;0;0;0;0;0;0;0;0;0;0;0;0;0;0;0;0
FR;11;2022-06-08;0;0;0;0;0;0;0;0;0;0;0;0;0;0;0;0;0;0
FR;11;2022-06-09;0;0;0;0;0;0;0;0;0;0;0;0;0;0;0;0;0;0
FR;11;2022-06-10;0;0;0;0;0;0;0;0;0;0;0;0;0;0;0;0;0;0
FR;11;2022-06-11;0;0;0;0;0;0;0;0;0;0;0;0;0;0;0;0;0;0
FR;11;2022-06-12;0;0;0;0;0;0;0;0;0;0;0;0;0;0;0;0;0;0
FR;11;2022-06-13;0;0;0;0;0;0;0;0;0;0;0;0;0;0;0;0;0;0
FR;11;2022-06-14;0;0;0;0;0;0;0;0;0;0;0;0;0;0;0;0;0;0
FR;11;2022-06-15;0;0;0;0;0;0;0;0;0;0;0;0;0;0;0;0;0;0
FR;11;2022-06-16;0;0;0;0;0;0;0;0;0;0;0;0;0;0;0;0;0;0
FR;11;2022-06-17;0;0;0;0;0;0;0;0;0;0;0;0;0;0;0;0;0;0
FR;11;2022-06-18;0;0;0;0;0;0;0;0;0;0;0;0;0;0;0;0;0;0
FR;11;2022-06-19;0;0;0;0;0;0;0;0;0;0;0;0;0;0;0;0;0;0
FR;11;2022-06-20;0;0;0;0;0;0;0;0;0;0;0;0;0;0;0;0;0;0
FR;11;2022-06-21;0;0;0;0;0;0;0;0;0;0;0;0;0;0;0;0;0;0
FR;11;2022-06-22;0;0;0;0;0;0;0;0;0;0;0;0;0;0;0;0;0;0
FR;11;2022-06-23;0;0;0;0;0;0;0;0;0;0;0;0;0;0;0;0;0;0
FR;11;2022-06-24;0;0;0;0;0;0;0;0;0;0;0;0;0;0;0;0;0;0
FR;11;2022-06-25;0;0;0;0;0;0;0;0;0;0;0;0;0;0;0;0;0;0
FR;11;2022-06-26;0;0;0;0;0;0;0;0;0;0;0;0;0;0;0;0;0;0
FR;11;2022-06-27;0;0;0;0;0;0;0;0;0;0;0;0;0;0;0;0;0;0
FR;11;2022-06-28;0;0;0;0;0;0;0;0;0;0;0;0;0;0;0;0;0;0
FR;11;2022-06-29;0;0;0;0;0;0;0;0;0;0;0;0;0;0;0;0;0;0
FR;11;2022-06-30;0;0;0;0;0;0;0;0;0;0;0;0;0;0;0;0;0;0
FR;11;2022-07-01;0;0;0;0;0;0;0;0;0;0;0;0;0;0;0;0;0;0
FR;11;2022-07-02;0;0;0;0;0;0;0;0;0;0;0;0;0;0;0;0;0;0
FR;11;2022-07-03;0;0;0;0;0;0;0;0;0;0;0;0;0;0;0;0;0;0
FR;11;2022-07-04;0;0;0;0;0;0;0;0;0;0;0;0;0;0;0;0;0;0
FR;11;2022-07-05;0;0;0;0;0;0;0;0;0;0;0;0;0;0;0;0;0;0
FR;11;2022-07-06;0;0;0;0;0;0;0;0;0;0;0;0;0;0;0;0;0;0
FR;11;2022-07-07;0;0;0;0;0;0;0;0;0;0;0;0;0;0;0;0;0;0
FR;11;2022-07-08;0;0;0;0;0;0;0;0;0;0;0;0;0;0;0;0;0;0
FR;11;2022-07-09;0;0;0;0;0;0;0;0;0;0;0;0;0;0;0;0;0;0
FR;11;2022-07-10;0;0;0;0;0;0;0;0;0;0;0;0;0;0;0;0;0;0
FR;11;2022-07-11;0;0;0;0;0;0;0;0;0;0;0;0;0;0;0;0;0;0
FR;11;2022-07-12;0;0;0;0;0;0;0;0;0;0;0;0;0;0;0;0;0;0
FR;11;2022-07-13;0;0;0;0;0;0;0;0;0;0;0;0;0;0;0;0;0;0
FR;11;2022-07-14;0;0;0;0;0;0;0;0;0;0;0;0;0;0;0;0;0;0
FR;11;2022-07-15;0;0;0;0;0;0;0;0;0;0;0;0;0;0;0;0;0;0
FR;11;2022-07-16;0;0;0;0;0;0;0;0;0;0;0;0;0;0;0;0;0;0
FR;11;2022-07-17;0;0;0;0;0;0;0;0;0;0;0;0;0;0;0;0;0;0
FR;11;2022-07-18;0;0;0;0;0;0;0;0;0;0;0;0;0;0;0;0;0;0
FR;11;2022-07-19;0;0;0;0;0;0;0;0;0;0;0;0;0;0;0;0;0;0
FR;11;2022-07-20;0;0;0;0;0;0;0;0;0;0;0;0;0;0;0;0;0;0
FR;11;2022-07-21;0;0;0;0;0;0;0;0;0;0;0;0;0;0;0;0;0;0
FR;11;2022-07-22;0;0;0;0;0;0;0;0;0;0;0;0;0;0;0;0;0;0
FR;11;2022-07-23;0;0;0;0;0;0;0;0;0;0;0;0;0;0;0;0;0;0
FR;11;2022-07-24;0;0;0;0;0;0;0;0;0;0;0;0;0;0;0;0;0;0
FR;11;2022-07-25;0;0;0;0;0;0;0;0;0;0;0;0;0;0;0;0;0;0
FR;11;2022-07-26;0;0;0;0;0;0;0;0;0;0;0;0;0;0;0;0;0;0
FR;11;2022-07-27;0;0;0;0;0;0;0;0;0;0;0;0;0;0;0;0;0;0
FR;11;2022-07-28;0;0;0;0;0;0;0;0;0;0;0;0;0;0;0;0;0;0
FR;11;2022-07-29;0;0;0;0;0;0;0;0;0;0;0;0;0;0;0;0;0;0
FR;11;2022-07-30;0;0;0;0;0;0;0;0;0;0;0;0;0;0;0;0;0;0
FR;11;2022-07-31;0;0;0;0;0;0;0;0;0;0;0;0;0;0;0;0;0;0
FR;11;2022-08-01;0;0;0;0;0;0;0;0;0;0;0;0;0;0;0;0;0;0
FR;11;2022-08-02;0;0;0;0;0;0;0;0;0;0;0;0;0;0;0;0;0;0
FR;11;2022-08-03;0;0;0;0;0;0;0;0;0;0;0;0;0;0;0;0;0;0
FR;11;2022-08-04;0;0;0;0;0;0;0;0;0;0;0;0;0;0;0;0;0;0
FR;11;2022-08-05;0;0;0;0;0;0;0;0;0;0;0;0;0;0;0;0;0;0
FR;11;2022-08-06;0;0;0;0;0;0;0;0;0;0;0;0;0;0;0;0;0;0
FR;11;2022-08-07;0;0;0;0;0;0;0;0;0;0;0;0;0;0;0;0;0;0
FR;11;2022-08-08;0;0;0;0;0;0;0;0;0;0;0;0;0;0;0;0;0;0
FR;11;2022-08-09;0;0;0;0;0;0;0;0;0;0;0;0;0;0;0;0;0;0
FR;11;2022-08-10;0;0;0;0;0;0;0;0;0;0;0;0;0;0;0;0;0;0
FR;11;2022-08-11;0;0;0;0;0;0;0;0;0;0;0;0;0;0;0;0;0;0
FR;11;2022-08-12;0;0;0;0;0;0;0;0;0;0;0;0;0;0;0;0;0;0
FR;11;2022-08-13;0;0;0;0;0;0;0;0;0;0;0;0;0;0;0;0;0;0
FR;11;2022-08-14;0;0;0;0;0;0;0;0;0;0;0;0;0;0;0;0;0;0
FR;11;2022-08-15;0;0;0;0;0;0;0;0;0;0;0;0;0;0;0;0;0;0
FR;11;2022-08-16;0;0;0;0;0;0;0;0;0;0;0;0;0;0;0;0;0;0
FR;11;2022-08-17;0;0;0;0;0;0;0;0;0;0;0;0;0;0;0;0;0;0
FR;11;2022-08-18;0;0;0;0;0;0;0;0;0;0;0;0;0;0;0;0;0;0
FR;11;2022-08-19;0;0;0;0;0;0;0;0;0;0;0;0;0;0;0;0;0;0
FR;11;2022-08-20;0;0;0;0;0;0;0;0;0;0;0;0;0;0;0;0;0;0
FR;11;2022-08-21;0;0;0;0;0;0;0;0;0;0;0;0;0;0;0;0;0;0
FR;11;2022-08-22;0;0;0;0;0;0;0;0;0;0;0;0;0;0;0;0;0;0
FR;11;2022-08-23;0;0;0;0;0;0;0;0;0;0;0;0;0;0;0;0;0;0
FR;11;2022-08-24;0;0;0;0;0;0;0;0;0;0;0;0;0;0;0;0;0;0
FR;11;2022-08-25;0;0;0;0;0;0;0;0;0;0;0;0;0;0;0;0;0;0
FR;11;2022-08-26;0;0;0;0;0;0;0;0;0;0;0;0;0;0;0;0;0;0
FR;11;2022-08-27;0;0;0;0;0;0;0;0;0;0;0;0;0;0;0;0;0;0
FR;11;2022-08-28;0;0;0;0;0;0;0;0;0;0;0;0;0;0;0;0;0;0
FR;11;2022-08-29;0;0;0;0;0;0;0;0;0;0;0;0;0;0;0;0;0;0
FR;11;2022-08-30;0;0;0;0;0;0;0;0;0;0;0;0;0;0;0;0;0;0
FR;11;2022-08-31;0;0;0;0;0;0;0;0;0;0;0;0;0;0;0;0;0;0
FR;11;2022-09-01;0;0;0;0;0;0;0;0;0;0;0;0;0;0;0;0;0;0
FR;11;2022-09-02;0;0;0;0;0;0;0;0;0;0;0;0;0;0;0;0;0;0
FR;11;2022-09-03;0;0;0;0;0;0;0;0;0;0;0;0;0;0;0;0;0;0
FR;11;2022-09-04;0;0;0;0;0;0;0;0;0;0;0;0;0;0;0;0;0;0
FR;11;2022-09-05;0;0;0;0;0;0;0;0;0;0;0;0;0;0;0;0;0;0
FR;11;2022-09-06;0;0;0;0;0;0;0;0;0;0;0;0;0;0;0;0;0;0
FR;11;2022-09-07;0;0;0;0;0;0;0;0;0;0;0;0;0;0;0;0;0;0
FR;11;2022-09-08;0;0;0;0;0;0;0;0;0;0;0;0;0;0;0;0;0;0
FR;11;2022-09-09;0;0;0;0;0;0;0;0;0;0;0;0;0;0;0;0;0;0
FR;11;2022-09-10;0;0;0;0;0;0;0;0;0;0;0;0;0;0;0;0;0;0
FR;11;2022-09-11;0;0;0;0;0;0;0;0;0;0;0;0;0;0;0;0;0;0
FR;11;2022-09-12;0;0;0;0;0;0;0;0;0;0;0;0;0;0;0;0;0;0
FR;11;2022-09-13;0;0;0;0;0;0;0;0;0;0;0;0;0;0;0;0;0;0
FR;11;2022-09-14;0;0;0;0;0;0;0;0;0;0;0;0;0;0;0;0;0;0
FR;11;2022-09-15;0;0;0;0;0;0;0;0;0;0;0;0;0;0;0;0;0;0
FR;11;2022-09-16;0;0;0;0;0;0;0;0;0;0;0;0;0;0;0;0;0;0
FR;11;2022-09-17;0;0;0;0;0;0;0;0;0;0;0;0;0;0;0;0;0;0
FR;11;2022-09-18;0;0;0;0;0;0;0;0;0;0;0;0;0;0;0;0;0;0
FR;11;2022-09-19;0;0;0;0;0;0;0;0;0;0;0;0;0;0;0;0;0;0
FR;11;2022-09-20;0;0;0;0;0;0;0;0;0;0;0;0;0;0;0;0;0;0
FR;11;2022-09-21;0;0;0;0;0;0;0;0;0;0;0;0;0;0;0;0;0;0
FR;11;2022-09-22;0;0;0;0;0;0;0;0;0;0;0;0;0;0;0;0;0;0
FR;11;2022-09-23;0;0;0;0;0;0;0;0;0;0;0;0;0;0;0;0;0;0
FR;11;2022-09-24;0;0;0;0;0;0;0;0;0;0;0;0;0;0;0;0;0;0
FR;11;2022-09-25;0;0;0;0;0;0;0;0;0;0;0;0;0;0;0;0;0;0
FR;11;2022-09-26;0;0;0;0;0;0;0;0;0;0;0;0;0;0;0;0;0;0
FR;11;2022-09-27;0;0;0;0;0;0;0;0;0;0;0;0;0;0;0;0;0;0
FR;11;2022-09-28;0;0;0;0;0;0;0;0;0;0;0;0;0;0;0;0;0;0
FR;11;2022-09-29;0;0;0;0;0;0;0;0;0;0;0;0;0;0;0;0;0;0
FR;11;2022-09-30;0;0;0;0;0;0;0;0;0;0;0;0;0;0;0;0;0;0
FR;11;2022-10-01;0;0;0;0;0;0;0;0;0;0;0;0;0;0;0;0;0;0
FR;11;2022-10-02;0;0;0;0;0;0;0;0;0;0;0;0;0;0;0;0;0;0
FR;11;2022-10-03;0;0;0;0;0;0;0;0;0;0;0;0;0;0;0;0;0;0
FR;11;2022-10-04;0;0;0;0;0;0;0;0;0;0;0;0;0;0;0;0;0;0
FR;11;2022-10-05;0;0;0;0;0;0;0;0;0;0;0;0;0;0;0;0;0;0
FR;11;2022-10-06;0;0;0;0;0;0;0;0;0;0;0;0;0;0;0;0;0;0
FR;11;2022-10-07;0;0;0;0;0;0;0;0;0;0;0;0;0;0;0;0;0;0
FR;11;2022-10-08;0;0;0;0;0;0;0;0;0;0;0;0;0;0;0;0;0;0
FR;11;2022-10-09;0;0;0;0;0;0;0;0;0;0;0;0;0;0;0;0;0;0
FR;11;2022-10-10;0;0;0;0;0;0;0;0;0;0;0;0;0;0;0;0;0;0
FR;11;2022-10-11;0;0;0;0;0;0;0;0;0;0;0;0;0;0;0;0;0;0
FR;11;2022-10-12;0;0;0;0;0;0;0;0;0;0;0;0;0;0;0;0;0;0
FR;11;2022-10-13;0;0;0;0;0;0;0;0;0;0;0;0;0;0;0;0;0;0
FR;11;2022-10-14;0;0;0;0;0;0;0;0;0;0;0;0;0;0;0;0;0;0
FR;11;2022-10-15;0;0;0;0;0;0;0;0;0;0;0;0;0;0;0;0;0;0
FR;11;2022-10-16;0;0;0;0;0;0;0;0;0;0;0;0;0;0;0;0;0;0
FR;11;2022-10-17;0;0;0;0;0;0;0;0;0;0;0;0;0;0;0;0;0;0
FR;11;2022-10-18;0;0;0;0;0;0;0;0;0;0;0;0;0;0;0;0;0;0
FR;11;2022-10-19;0;0;0;0;0;0;0;0;0;0;0;0;0;0;0;0;0;0
FR;11;2022-10-20;0;0;0;0;0;0;0;0;0;0;0;0;0;0;0;0;0;0
FR;11;2022-10-21;0;0;0;0;0;0;0;0;0;0;0;0;0;0;0;0;0;0
FR;11;2022-10-22;0;0;0;0;0;0;0;0;0;0;0;0;0;0;0;0;0;0
FR;11;2022-10-23;0;0;0;0;0;0;0;0;0;0;0;0;0;0;0;0;0;0
FR;11;2022-10-24;0;0;0;0;0;0;0;0;0;0;0;0;0;0;0;0;0;0
FR;11;2022-10-25;0;0;0;0;0;0;0;0;0;0;0;0;0;0;0;0;0;0
FR;11;2022-10-26;0;0;0;0;0;0;0;0;0;0;0;0;0;0;0;0;0;0
FR;11;2022-10-27;0;0;0;0;0;0;0;0;0;0;0;0;0;0;0;0;0;0
FR;11;2022-10-28;0;0;0;0;0;0;0;0;0;0;0;0;0;0;0;0;0;0
FR;11;2022-10-29;0;0;0;0;0;0;0;0;0;0;0;0;0;0;0;0;0;0
FR;11;2022-10-30;0;0;0;0;0;0;0;0;0;0;0;0;0;0;0;0;0;0
FR;11;2022-10-31;0;0;0;0;0;0;0;0;0;0;0;0;0;0;0;0;0;0
FR;11;2022-11-01;0;0;0;0;0;0;0;0;0;0;0;0;0;0;0;0;0;0
FR;11;2022-11-02;0;0;0;0;0;0;0;0;0;0;0;0;0;0;0;0;0;0
FR;11;2022-11-03;0;0;0;0;0;0;0;0;0;0;0;0;0;0;0;0;0;0
FR;11;2022-11-04;0;0;0;0;0;0;0;0;0;0;0;0;0;0;0;0;0;0
FR;11;2022-11-05;0;0;0;0;0;0;0;0;0;0;0;0;0;0;0;0;0;0
FR;11;2022-11-06;0;0;0;0;0;0;0;0;0;0;0;0;0;0;0;0;0;0
FR;11;2022-11-07;0;0;0;0;0;0;0;0;0;0;0;0;0;0;0;0;0;0
FR;11;2022-11-08;0;0;0;0;0;0;0;0;0;0;0;0;0;0;0;0;0;0
FR;11;2022-11-09;0;0;0;0;0;0;0;0;0;0;0;0;0;0;0;0;0;0
FR;11;2022-11-10;0;0;0;0;0;0;0;0;0;0;0;0;0;0;0;0;0;0
FR;11;2022-11-11;0;0;0;0;0;0;0;0;0;0;0;0;0;0;0;0;0;0
FR;11;2022-11-12;0;0;0;0;0;0;0;0;0;0;0;0;0;0;0;0;0;0
FR;11;2022-11-13;0;0;0;0;0;0;0;0;0;0;0;0;0;0;0;0;0;0
FR;11;2022-11-14;0;0;0;0;0;0;0;0;0;0;0;0;0;0;0;0;0;0
FR;11;2022-11-15;0;0;0;0;0;0;0;0;0;0;0;0;0;0;0;0;0;0
FR;11;2022-11-16;0;0;0;0;0;0;0;0;0;0;0;0;0;0;0;0;0;0
FR;11;2022-11-17;0;0;0;0;0;0;0;0;0;0;0;0;0;0;0;0;0;0
FR;11;2022-11-18;0;0;0;0;0;0;0;0;0;0;0;0;0;0;0;0;0;0
FR;11;2022-11-19;0;0;0;0;0;0;0;0;0;0;0;0;0;0;0;0;0;0
FR;11;2022-11-20;0;0;0;0;0;0;0;0;0;0;0;0;0;0;0;0;0;0
FR;11;2022-11-21;0;0;0;0;0;0;0;0;0;0;0;0;0;0;0;0;0;0
FR;11;2022-11-22;0;0;0;0;0;0;0;0;0;0;0;0;0;0;0;0;0;0
FR;11;2022-11-23;0;0;0;0;0;0;0;0;0;0;0;0;0;0;0;0;0;0
FR;11;2022-11-24;0;0;0;0;0;0;0;0;0;0;0;0;0;0;0;0;0;0
FR;11;2022-11-25;0;0;0;0;0;0;0;0;0;0;0;0;0;0;0;0;0;0
FR;11;2022-11-26;0;0;0;0;0;0;0;0;0;0;0;0;0;0;0;0;0;0
FR;11;2022-11-27;0;0;0;0;0;0;0;0;0;0;0;0;0;0;0;0;0;0
FR;11;2022-11-28;0;0;0;0;0;0;0;0;0;0;0;0;0;0;0;0;0;0
FR;11;2022-11-29;0;0;0;0;0;0;0;0;0;0;0;0;0;0;0;0;0;0
FR;11;2022-11-30;0;0;0;0;0;0;0;0;0;0;0;0;0;0;0;0;0;0
FR;11;2022-12-01;0;0;0;0;0;0;0;0;0;0;0;0;0;0;0;0;0;0
FR;11;2022-12-02;0;0;0;0;0;0;0;0;0;0;0;0;0;0;0;0;0;0
FR;11;2022-12-03;0;0;0;0;0;0;0;0;0;0;0;0;0;0;0;0;0;0
FR;11;2022-12-04;0;0;0;0;0;0;0;0;0;0;0;0;0;0;0;0;0;0
FR;11;2022-12-05;0;0;0;0;0;0;0;0;0;0;0;0;0;0;0;0;0;0
FR;11;2022-12-06;0;0;0;0;0;0;0;0;0;0;0;0;0;0;0;0;0;0
FR;11;2022-12-07;0;0;0;0;0;0;0;0;0;0;0;0;0;0;0;0;0;0
FR;11;2022-12-08;0;0;0;0;0;0;0;0;0;0;0;0;0;0;0;0;0;0
FR;11;2022-12-09;0;0;0;0;0;0;0;0;0;0;0;0;0;0;0;0;0;0
FR;11;2022-12-10;0;0;0;0;0;0;0;0;0;0;0;0;0;0;0;0;0;0
FR;11;2022-12-11;0;0;0;0;0;0;0;0;0;0;0;0;0;0;0;0;0;0
FR;11;2022-12-12;0;0;0;0;0;0;0;0;0;0;0;0;0;0;0;0;0;0
FR;11;2022-12-13;0;0;0;0;0;0;0;0;0;0;0;0;0;0;0;0;0;0
FR;11;2022-12-14;0;0;0;0;0;0;0;0;0;0;0;0;0;0;0;0;0;0
FR;11;2022-12-15;0;0;0;0;0;0;0;0;0;0;0;0;0;0;0;0;0;0
FR;11;2022-12-16;0;0;0;0;0;0;0;0;0;0;0;0;0;0;0;0;0;0
FR;11;2022-12-17;0;0;0;0;0;0;0;0;0;0;0;0;0;0;0;0;0;0
FR;11;2022-12-18;0;0;0;0;0;0;0;0;0;0;0;0;0;0;0;0;0;0
FR;11;2022-12-19;0;0;0;0;0;0;0;0;0;0;0;0;0;0;0;0;0;0
FR;11;2022-12-20;0;0;0;0;0;0;0;0;0;0;0;0;0;0;0;0;0;0
FR;11;2022-12-21;0;0;0;0;0;0;0;0;0;0;0;0;0;0;0;0;0;0
FR;11;2022-12-22;0;0;0;0;0;0;0;0;0;0;0;0;0;0;0;0;0;0
FR;11;2022-12-23;0;0;0;0;0;0;0;0;0;0;0;0;0;0;0;0;0;0
FR;11;2022-12-24;0;0;0;0;0;0;0;0;0;0;0;0;0;0;0;0;0;0
FR;11;2022-12-25;0;0;0;0;0;0;0;0;0;0;0;0;0;0;0;0;0;0
FR;11;2022-12-26;0;0;0;0;0;0;0;0;0;0;0;0;0;0;0;0;0;0
FR;11;2022-12-27;0;0;0;0;0;0;0;0;0;0;0;0;0;0;0;0;0;0
FR;11;2022-12-28;0;0;0;0;0;0;0;0;0;0;0;0;0;0;0;0;0;0
FR;11;2022-12-29;0;0;0;0;0;0;0;0;0;0;0;0;0;0;0;0;0;0
FR;11;2022-12-30;0;0;0;0;0;0;0;0;0;0;0;0;0;0;0;0;0;0
FR;11;2022-12-31;0;0;0;0;0;0;0;0;0;0;0;0;0;0;0;0;0;0
FR;11;2023-01-01;0;0;0;0;0;0;0;0;0;0;0;0;0;0;0;0;0;0
FR;11;2023-01-02;0;0;0;0;0;0;0;0;0;0;0;0;0;0;0;0;0;0
FR;11;2023-01-03;0;0;0;0;0;0;0;0;0;0;0;0;0;0;0;0;0;0
FR;11;2023-01-04;0;0;0;0;0;0;0;0;0;0;0;0;0;0;0;0;0;0
FR;11;2023-01-05;0;0;0;0;0;0;0;0;0;0;0;0;0;0;0;0;0;0
FR;11;2023-01-06;0;0;0;0;0;0;0;0;0;0;0;0;0;0;0;0;0;0
FR;11;2023-01-07;0;0;0;0;0;0;0;0;0;0;0;0;0;0;0;0;0;0
FR;11;2023-01-08;0;0;0;0;0;0;0;0;0;0;0;0;0;0;0;0;0;0
FR;11;2023-01-09;0;0;0;0;0;0;0;0;0;0;0;0;0;0;0;0;0;0
FR;11;2023-01-10;0;0;0;0;0;0;0;0;0;0;0;0;0;0;0;0;0;0
FR;11;2023-01-11;0;0;0;0;0;0;0;0;0;0;0;0;0;0;0;0;0;0
FR;11;2023-01-12;0;0;0;0;0;0;0;0;0;0;0;0;0;0;0;0;0;0
FR;11;2023-01-13;0;0;0;0;0;0;0;0;0;0;0;0;0;0;0;0;0;0
FR;11;2023-01-14;0;0;0;0;0;0;0;0;0;0;0;0;0;0;0;0;0;0
FR;11;2023-01-15;0;0;0;0;0;0;0;0;0;0;0;0;0;0;0;0;0;0
FR;11;2023-01-16;0;0;0;0;0;0;0;0;0;0;0;0;0;0;0;0;0;0
FR;11;2023-01-17;0;0;0;0;0;0;0;0;0;0;0;0;0;0;0;0;0;0
FR;11;2023-01-18;0;0;0;0;0;0;0;0;0;0;0;0;0;0;0;0;0;0
FR;11;2023-01-19;0;0;0;0;0;0;0;0;0;0;0;0;0;0;0;0;0;0
FR;11;2023-01-20;0;0;0;0;0;0;0;0;0;0;0;0;0;0;0;0;0;0
FR;11;2023-01-21;0;0;0;0;0;0;0;0;0;0;0;0;0;0;0;0;0;0
FR;11;2023-01-22;0;0;0;0;0;0;0;0;0;0;0;0;0;0;0;0;0;0
FR;11;2023-01-23;0;0;0;0;0;0;0;0;0;0;0;0;0;0;0;0;0;0
FR;11;2023-01-24;0;0;0;0;0;0;0;0;0;0;0;0;0;0;0;0;0;0
FR;11;2023-01-25;0;0;0;0;0;0;0;0;0;0;0;0;0;0;0;0;0;0
FR;11;2023-01-26;0;0;0;0;0;0;0;0;0;0;0;0;0;0;0;0;0;0
FR;11;2023-01-27;0;0;0;0;0;0;0;0;0;0;0;0;0;0;0;0;0;0
FR;11;2023-01-28;0;0;0;0;0;0;0;0;0;0;0;0;0;0;0;0;0;0
FR;11;2023-01-29;0;0;0;0;0;0;0;0;0;0;0;0;0;0;0;0;0;0
FR;11;2023-01-30;0;0;0;0;0;0;0;0;0;0;0;0;0;0;0;0;0;0
FR;11;2023-01-31;0;0;0;0;0;0;0;0;0;0;0;0;0;0;0;0;0;0
FR;11;2023-02-01;0;0;0;0;0;0;0;0;0;0;0;0;0;0;0;0;0;0
FR;11;2023-02-02;0;0;0;0;0;0;0;0;0;0;0;0;0;0;0;0;0;0
FR;11;2023-02-03;0;0;0;0;0;0;0;0;0;0;0;0;0;0;0;0;0;0
FR;11;2023-02-04;0;0;0;0;0;0;0;0;0;0;0;0;0;0;0;0;0;0
FR;11;2023-02-05;0;0;0;0;0;0;0;0;0;0;0;0;0;0;0;0;0;0
FR;11;2023-02-06;1;0;0;0;0;0;0;0;0;1;0;0;0;0;0;0;0;0
FR;11;2023-02-07;0;0;0;0;0;0;0;0;0;1;0;0;0;0;0;0;0;0
FR;11;2023-02-08;2;0;0;0;0;0;0;0;0;3;0;0;0;0;0;0;0;0
FR;11;2023-02-09;2;0;0;0;0;0;0;0;0;5;0;0;0;0;0;0;0;0
FR;11;2023-02-10;0;0;0;0;0;0;0;0;0;5;0;0;0;0;0;0;0;0
FR;11;2023-02-11;0;0;0;0;0;0;0;0;0;5;0;0;0;0;0;0;0;0
FR;11;2023-02-12;0;0;0;0;0;0;0;0;0;5;0;0;0;0;0;0;0;0
FR;11;2023-02-13;2;0;0;0;0;0;0;0;0;7;0;0;0;0;0;0;0;0
FR;11;2023-02-14;0;0;0;0;0;0;0;0;0;7;0;0;0;0;0;0;0;0
FR;11;2023-02-15;2;0;0;0;0;0;0;0;0;9;0;0;0;0;0;0;0;0
FR;11;2023-02-16;0;0;0;0;0;0;0;0;0;9;0;0;0;0;0;0;0;0
FR;11;2023-02-17;0;0;0;0;0;0;0;0;0;9;0;0;0;0;0;0;0;0
FR;11;2023-02-18;0;0;0;0;0;0;0;0;0;9;0;0;0;0;0;0;0;0
FR;11;2023-02-19;0;0;0;0;0;0;0;0;0;9;0;0;0;0;0;0;0;0
FR;11;2023-02-20;0;0;0;0;0;0;0;0;0;9;0;0;0;0;0;0;0;0
FR;11;2023-02-21;1;0;0;0;0;0;0;0;0;10;0;0;0;0;0;0;0;0
FR;11;2023-02-22;0;0;0;0;0;0;0;0;0;10;0;0;0;0;0;0;0;0
FR;11;2023-02-23;0;0;0;0;0;0;0;0;0;10;0;0;0;0;0;0;0;0
FR;11;2023-02-24;0;0;0;0;0;0;0;0;0;10;0;0;0;0;0;0;0;0
FR;11;2023-02-25;0;0;0;0;0;0;0;0;0;10;0;0;0;0;0;0;0;0
FR;11;2023-02-26;0;0;2;0;0;2;0;0;0;10;0;2;0;0;2;0;0;0
FR;11;2023-02-27;0;0;0;0;0;0;0;0;0;10;0;2;0;0;2;0;0;0
FR;11;2023-02-28;1;1;0;0;1;0;0;0;0;11;1;2;0;1;2;0;0;0
FR;11;2023-03-01;0;1;0;0;1;0;0;0;0;11;2;2;0;2;2;0;0;0
FR;11;2023-03-02;0;0;0;0;0;0;0;0;0;11;2;2;0;2;2;0;0;0
FR;11;2023-03-03;0;0;0;0;0;0;0;0;0;11;2;2;0;2;2;0;0;0
FR;11;2023-03-04;2;1;0;0;1;0;0;0;0;13;3;2;0;3;2;0;0;0
FR;11;2023-03-05;0;0;0;0;0;0;0;0;0;13;3;2;0;3;2;0;0;0
FR;11;2023-03-06;4;0;1;0;0;1;0;0;0;17;3;3;0;3;3;0;0;0
FR;11;2023-03-07;0;1;0;0;1;0;0;0;0;17;4;3;0;4;3;0;0;0
FR;11;2023-03-08;1;1;0;0;1;0;0;0;0;18;5;3;0;5;3;0;0;0
FR;11;2023-03-09;0;0;0;0;0;0;0;0;0;18;5;3;0;5;3;0;0;0
FR;11;2023-03-10;0;0;0;0;0;0;0;0;0;18;5;3;0;5;3;0;0;0
FR;11;2023-03-11;2;0;0;0;0;0;0;0;0;20;5;3;0;5;3;0;0;0
FR;11;2023-03-12;0;1;0;0;1;0;0;0;0;20;6;3;0;6;3;0;0;0
FR;11;2023-03-13;0;0;0;0;0;0;0;0;0;20;6;3;0;6;3;0;0;0
FR;11;2023-03-14;0;0;0;0;0;0;0;0;0;20;6;3;0;6;3;0;0;0
FR;11;2023-03-15;0;1;0;0;1;0;0;0;0;20;7;3;0;7;3;0;0;0
FR;11;2023-03-16;0;0;0;0;0;0;0;0;0;20;7;3;0;7;3;0;0;0
FR;11;2023-03-17;0;0;0;0;0;0;0;0;0;20;7;3;0;7;3;0;0;0
FR;11;2023-03-18;1;0;0;0;0;0;0;0;0;21;7;3;0;7;3;0;0;0
FR;11;2023-03-19;0;0;0;0;0;0;0;0;0;21;7;3;0;7;3;0;0;0
FR;11;2023-03-20;0;0;0;0;0;0;0;0;0;21;7;3;0;7;3;0;0;0
FR;11;2023-03-21;1;0;0;0;0;0;0;0;0;22;7;3;0;7;3;0;0;0
FR;11;2023-03-22;1;0;0;0;0;0;0;0;0;23;7;3;0;7;3;0;0;0
FR;12;2020-12-27;0;0;0;0;0;0;0;0;0;0;0;0;0;0;0;0;0;0
FR;12;2020-12-28;0;0;0;0;0;0;0;0;0;0;0;0;0;0;0;0;0;0
FR;12;2020-12-29;0;0;0;0;0;0;0;0;0;0;0;0;0;0;0;0;0;0
FR;12;2020-12-30;0;0;0;0;0;0;0;0;0;0;0;0;0;0;0;0;0;0
FR;12;2020-12-31;0;0;0;0;0;0;0;0;0;0;0;0;0;0;0;0;0;0
FR;12;2021-01-01;0;0;0;0;0;0;0;0;0;0;0;0;0;0;0;0;0;0
FR;12;2021-01-02;0;0;0;0;0;0;0;0;0;0;0;0;0;0;0;0;0;0
FR;12;2021-01-03;0;0;0;0;0;0;0;0;0;0;0;0;0;0;0;0;0;0
FR;12;2021-01-04;0;0;0;0;0;0;0;0;0;0;0;0;0;0;0;0;0;0
FR;12;2021-01-05;0;0;0;0;0;0;0;0;0;0;0;0;0;0;0;0;0;0
FR;12;2021-01-06;0;0;0;0;0;0;0;0;0;0;0;0;0;0;0;0;0;0
FR;12;2021-01-07;0;0;0;0;0;0;0;0;0;0;0;0;0;0;0;0;0;0
FR;12;2021-01-08;0;0;0;0;0;0;0;0;0;0;0;0;0;0;0;0;0;0
FR;12;2021-01-09;0;0;0;0;0;0;0;0;0;0;0;0;0;0;0;0;0;0
FR;12;2021-01-10;0;0;0;0;0;0;0;0;0;0;0;0;0;0;0;0;0;0
FR;12;2021-01-11;0;0;0;0;0;0;0;0;0;0;0;0;0;0;0;0;0;0
FR;12;2021-01-12;0;0;0;0;0;0;0;0;0;0;0;0;0;0;0;0;0;0
FR;12;2021-01-13;0;0;0;0;0;0;0;0;0;0;0;0;0;0;0;0;0;0
FR;12;2021-01-14;0;0;0;0;0;0;0;0;0;0;0;0;0;0;0;0;0;0
FR;12;2021-01-15;0;0;0;0;0;0;0;0;0;0;0;0;0;0;0;0;0;0
FR;12;2021-01-16;0;0;0;0;0;0;0;0;0;0;0;0;0;0;0;0;0;0
FR;12;2021-01-17;0;0;0;0;0;0;0;0;0;0;0;0;0;0;0;0;0;0
FR;12;2021-01-18;0;0;0;0;0;0;0;0;0;0;0;0;0;0;0;0;0;0
FR;12;2021-01-19;0;0;0;0;0;0;0;0;0;0;0;0;0;0;0;0;0;0
FR;12;2021-01-20;0;0;0;0;0;0;0;0;0;0;0;0;0;0;0;0;0;0
FR;12;2021-01-21;0;0;0;0;0;0;0;0;0;0;0;0;0;0;0;0;0;0
FR;12;2021-01-22;0;0;0;0;0;0;0;0;0;0;0;0;0;0;0;0;0;0
FR;12;2021-01-23;0;0;0;0;0;0;0;0;0;0;0;0;0;0;0;0;0;0
FR;12;2021-01-24;0;0;0;0;0;0;0;0;0;0;0;0;0;0;0;0;0;0
FR;12;2021-01-25;0;0;0;0;0;0;0;0;0;0;0;0;0;0;0;0;0;0
FR;12;2021-01-26;0;0;0;0;0;0;0;0;0;0;0;0;0;0;0;0;0;0
FR;12;2021-01-27;0;0;0;0;0;0;0;0;0;0;0;0;0;0;0;0;0;0
FR;12;2021-01-28;0;0;0;0;0;0;0;0;0;0;0;0;0;0;0;0;0;0
FR;12;2021-01-29;0;0;0;0;0;0;0;0;0;0;0;0;0;0;0;0;0;0
FR;12;2021-01-30;0;0;0;0;0;0;0;0;0;0;0;0;0;0;0;0;0;0
FR;12;2021-01-31;0;0;0;0;0;0;0;0;0;0;0;0;0;0;0;0;0;0
FR;12;2021-02-01;0;0;0;0;0;0;0;0;0;0;0;0;0;0;0;0;0;0
FR;12;2021-02-02;0;0;0;0;0;0;0;0;0;0;0;0;0;0;0;0;0;0
FR;12;2021-02-03;0;0;0;0;0;0;0;0;0;0;0;0;0;0;0;0;0;0
FR;12;2021-02-04;0;0;0;0;0;0;0;0;0;0;0;0;0;0;0;0;0;0
FR;12;2021-02-05;0;0;0;0;0;0;0;0;0;0;0;0;0;0;0;0;0;0
FR;12;2021-02-06;0;0;0;0;0;0;0;0;0;0;0;0;0;0;0;0;0;0
FR;12;2021-02-07;0;0;0;0;0;0;0;0;0;0;0;0;0;0;0;0;0;0
FR;12;2021-02-08;0;0;0;0;0;0;0;0;0;0;0;0;0;0;0;0;0;0
FR;12;2021-02-09;0;0;0;0;0;0;0;0;0;0;0;0;0;0;0;0;0;0
FR;12;2021-02-10;0;0;0;0;0;0;0;0;0;0;0;0;0;0;0;0;0;0
FR;12;2021-02-11;0;0;0;0;0;0;0;0;0;0;0;0;0;0;0;0;0;0
FR;12;2021-02-12;0;0;0;0;0;0;0;0;0;0;0;0;0;0;0;0;0;0
FR;12;2021-02-13;0;0;0;0;0;0;0;0;0;0;0;0;0;0;0;0;0;0
FR;12;2021-02-14;0;0;0;0;0;0;0;0;0;0;0;0;0;0;0;0;0;0
FR;12;2021-02-15;0;0;0;0;0;0;0;0;0;0;0;0;0;0;0;0;0;0
FR;12;2021-02-16;0;0;0;0;0;0;0;0;0;0;0;0;0;0;0;0;0;0
FR;12;2021-02-17;0;0;0;0;0;0;0;0;0;0;0;0;0;0;0;0;0;0
FR;12;2021-02-18;0;0;0;0;0;0;0;0;0;0;0;0;0;0;0;0;0;0
FR;12;2021-02-19;0;0;0;0;0;0;0;0;0;0;0;0;0;0;0;0;0;0
FR;12;2021-02-20;0;0;0;0;0;0;0;0;0;0;0;0;0;0;0;0;0;0
FR;12;2021-02-21;0;0;0;0;0;0;0;0;0;0;0;0;0;0;0;0;0;0
FR;12;2021-02-22;0;0;0;0;0;0;0;0;0;0;0;0;0;0;0;0;0;0
FR;12;2021-02-23;0;0;0;0;0;0;0;0;0;0;0;0;0;0;0;0;0;0
FR;12;2021-02-24;0;0;0;0;0;0;0;0;0;0;0;0;0;0;0;0;0;0
FR;12;2021-02-25;0;0;0;0;0;0;0;0;0;0;0;0;0;0;0;0;0;0
FR;12;2021-02-26;0;0;0;0;0;0;0;0;0;0;0;0;0;0;0;0;0;0
FR;12;2021-02-27;0;0;0;0;0;0;0;0;0;0;0;0;0;0;0;0;0;0
FR;12;2021-02-28;0;0;0;0;0;0;0;0;0;0;0;0;0;0;0;0;0;0
FR;12;2021-03-01;0;0;0;0;0;0;0;0;0;0;0;0;0;0;0;0;0;0
FR;12;2021-03-02;0;0;0;0;0;0;0;0;0;0;0;0;0;0;0;0;0;0
FR;12;2021-03-03;0;0;0;0;0;0;0;0;0;0;0;0;0;0;0;0;0;0
FR;12;2021-03-04;0;0;0;0;0;0;0;0;0;0;0;0;0;0;0;0;0;0
FR;12;2021-03-05;0;0;0;0;0;0;0;0;0;0;0;0;0;0;0;0;0;0
FR;12;2021-03-06;0;0;0;0;0;0;0;0;0;0;0;0;0;0;0;0;0;0
FR;12;2021-03-07;0;0;0;0;0;0;0;0;0;0;0;0;0;0;0;0;0;0
FR;12;2021-03-08;0;0;0;0;0;0;0;0;0;0;0;0;0;0;0;0;0;0
FR;12;2021-03-09;0;0;0;0;0;0;0;0;0;0;0;0;0;0;0;0;0;0
FR;12;2021-03-10;0;0;0;0;0;0;0;0;0;0;0;0;0;0;0;0;0;0
FR;12;2021-03-11;0;0;0;0;0;0;0;0;0;0;0;0;0;0;0;0;0;0
FR;12;2021-03-12;0;0;0;0;0;0;0;0;0;0;0;0;0;0;0;0;0;0
FR;12;2021-03-13;0;0;0;0;0;0;0;0;0;0;0;0;0;0;0;0;0;0
FR;12;2021-03-14;0;0;0;0;0;0;0;0;0;0;0;0;0;0;0;0;0;0
FR;12;2021-03-15;0;0;0;0;0;0;0;0;0;0;0;0;0;0;0;0;0;0
FR;12;2021-03-16;0;0;0;0;0;0;0;0;0;0;0;0;0;0;0;0;0;0
FR;12;2021-03-17;0;0;0;0;0;0;0;0;0;0;0;0;0;0;0;0;0;0
FR;12;2021-03-18;0;0;0;0;0;0;0;0;0;0;0;0;0;0;0;0;0;0
FR;12;2021-03-19;0;0;0;0;0;0;0;0;0;0;0;0;0;0;0;0;0;0
FR;12;2021-03-20;0;0;0;0;0;0;0;0;0;0;0;0;0;0;0;0;0;0
FR;12;2021-03-21;0;0;0;0;0;0;0;0;0;0;0;0;0;0;0;0;0;0
FR;12;2021-03-22;0;0;0;0;0;0;0;0;0;0;0;0;0;0;0;0;0;0
FR;12;2021-03-23;0;0;0;0;0;0;0;0;0;0;0;0;0;0;0;0;0;0
FR;12;2021-03-24;0;0;0;0;0;0;0;0;0;0;0;0;0;0;0;0;0;0
FR;12;2021-03-25;0;0;0;0;0;0;0;0;0;0;0;0;0;0;0;0;0;0
FR;12;2021-03-26;0;0;0;0;0;0;0;0;0;0;0;0;0;0;0;0;0;0
FR;12;2021-03-27;0;0;0;0;0;0;0;0;0;0;0;0;0;0;0;0;0;0
FR;12;2021-03-28;0;0;0;0;0;0;0;0;0;0;0;0;0;0;0;0;0;0
FR;12;2021-03-29;0;0;0;0;0;0;0;0;0;0;0;0;0;0;0;0;0;0
FR;12;2021-03-30;0;0;0;0;0;0;0;0;0;0;0;0;0;0;0;0;0;0
FR;12;2021-03-31;0;0;0;0;0;0;0;0;0;0;0;0;0;0;0;0;0;0
FR;12;2021-04-01;0;0;0;0;0;0;0;0;0;0;0;0;0;0;0;0;0;0
FR;12;2021-04-02;0;0;0;0;0;0;0;0;0;0;0;0;0;0;0;0;0;0
FR;12;2021-04-03;0;0;0;0;0;0;0;0;0;0;0;0;0;0;0;0;0;0
FR;12;2021-04-04;0;0;0;0;0;0;0;0;0;0;0;0;0;0;0;0;0;0
FR;12;2021-04-05;0;0;0;0;0;0;0;0;0;0;0;0;0;0;0;0;0;0
FR;12;2021-04-06;0;0;0;0;0;0;0;0;0;0;0;0;0;0;0;0;0;0
FR;12;2021-04-07;0;0;0;0;0;0;0;0;0;0;0;0;0;0;0;0;0;0
FR;12;2021-04-08;0;0;0;0;0;0;0;0;0;0;0;0;0;0;0;0;0;0
FR;12;2021-04-09;0;0;0;0;0;0;0;0;0;0;0;0;0;0;0;0;0;0
FR;12;2021-04-10;0;0;0;0;0;0;0;0;0;0;0;0;0;0;0;0;0;0
FR;12;2021-04-11;0;0;0;0;0;0;0;0;0;0;0;0;0;0;0;0;0;0
FR;12;2021-04-12;0;0;0;0;0;0;0;0;0;0;0;0;0;0;0;0;0;0
FR;12;2021-04-13;0;0;0;0;0;0;0;0;0;0;0;0;0;0;0;0;0;0
FR;12;2021-04-14;0;0;0;0;0;0;0;0;0;0;0;0;0;0;0;0;0;0
FR;12;2021-04-15;0;0;0;0;0;0;0;0;0;0;0;0;0;0;0;0;0;0
FR;12;2021-04-16;0;0;0;0;0;0;0;0;0;0;0;0;0;0;0;0;0;0
FR;12;2021-04-17;0;0;0;0;0;0;0;0;0;0;0;0;0;0;0;0;0;0
FR;12;2021-04-18;0;0;0;0;0;0;0;0;0;0;0;0;0;0;0;0;0;0
FR;12;2021-04-19;0;0;0;0;0;0;0;0;0;0;0;0;0;0;0;0;0;0
FR;12;2021-04-20;0;0;0;0;0;0;0;0;0;0;0;0;0;0;0;0;0;0
FR;12;2021-04-21;0;0;0;0;0;0;0;0;0;0;0;0;0;0;0;0;0;0
FR;12;2021-04-22;0;0;0;0;0;0;0;0;0;0;0;0;0;0;0;0;0;0
FR;12;2021-04-23;0;0;0;0;0;0;0;0;0;0;0;0;0;0;0;0;0;0
FR;12;2021-04-24;0;0;0;0;0;0;0;0;0;0;0;0;0;0;0;0;0;0
FR;12;2021-04-25;0;0;0;0;0;0;0;0;0;0;0;0;0;0;0;0;0;0
FR;12;2021-04-26;0;0;0;0;0;0;0;0;0;0;0;0;0;0;0;0;0;0
FR;12;2021-04-27;0;0;0;0;0;0;0;0;0;0;0;0;0;0;0;0;0;0
FR;12;2021-04-28;0;0;0;0;0;0;0;0;0;0;0;0;0;0;0;0;0;0
FR;12;2021-04-29;0;0;0;0;0;0;0;0;0;0;0;0;0;0;0;0;0;0
FR;12;2021-04-30;0;0;0;0;0;0;0;0;0;0;0;0;0;0;0;0;0;0
FR;12;2021-05-01;0;0;0;0;0;0;0;0;0;0;0;0;0;0;0;0;0;0
FR;12;2021-05-02;0;0;0;0;0;0;0;0;0;0;0;0;0;0;0;0;0;0
FR;12;2021-05-03;0;0;0;0;0;0;0;0;0;0;0;0;0;0;0;0;0;0
FR;12;2021-05-04;0;0;0;0;0;0;0;0;0;0;0;0;0;0;0;0;0;0
FR;12;2021-05-05;0;0;0;0;0;0;0;0;0;0;0;0;0;0;0;0;0;0
FR;12;2021-05-06;0;0;0;0;0;0;0;0;0;0;0;0;0;0;0;0;0;0
FR;12;2021-05-07;0;0;0;0;0;0;0;0;0;0;0;0;0;0;0;0;0;0
FR;12;2021-05-08;0;0;0;0;0;0;0;0;0;0;0;0;0;0;0;0;0;0
FR;12;2021-05-09;0;0;0;0;0;0;0;0;0;0;0;0;0;0;0;0;0;0
FR;12;2021-05-10;0;0;0;0;0;0;0;0;0;0;0;0;0;0;0;0;0;0
FR;12;2021-05-11;0;0;0;0;0;0;0;0;0;0;0;0;0;0;0;0;0;0
FR;12;2021-05-12;0;0;0;0;0;0;0;0;0;0;0;0;0;0;0;0;0;0
FR;12;2021-05-13;0;0;0;0;0;0;0;0;0;0;0;0;0;0;0;0;0;0
FR;12;2021-05-14;0;0;0;0;0;0;0;0;0;0;0;0;0;0;0;0;0;0
FR;12;2021-05-15;0;0;0;0;0;0;0;0;0;0;0;0;0;0;0;0;0;0
FR;12;2021-05-16;0;0;0;0;0;0;0;0;0;0;0;0;0;0;0;0;0;0
FR;12;2021-05-17;0;0;0;0;0;0;0;0;0;0;0;0;0;0;0;0;0;0
FR;12;2021-05-18;0;0;0;0;0;0;0;0;0;0;0;0;0;0;0;0;0;0
FR;12;2021-05-19;0;0;0;0;0;0;0;0;0;0;0;0;0;0;0;0;0;0
FR;12;2021-05-20;0;0;0;0;0;0;0;0;0;0;0;0;0;0;0;0;0;0
FR;12;2021-05-21;0;0;0;0;0;0;0;0;0;0;0;0;0;0;0;0;0;0
FR;12;2021-05-22;0;0;0;0;0;0;0;0;0;0;0;0;0;0;0;0;0;0
FR;12;2021-05-23;0;0;0;0;0;0;0;0;0;0;0;0;0;0;0;0;0;0
FR;12;2021-05-24;0;0;0;0;0;0;0;0;0;0;0;0;0;0;0;0;0;0
FR;12;2021-05-25;0;0;0;0;0;0;0;0;0;0;0;0;0;0;0;0;0;0
FR;12;2021-05-26;0;0;0;0;0;0;0;0;0;0;0;0;0;0;0;0;0;0
FR;12;2021-05-27;0;0;0;0;0;0;0;0;0;0;0;0;0;0;0;0;0;0
FR;12;2021-05-28;0;0;0;0;0;0;0;0;0;0;0;0;0;0;0;0;0;0
FR;12;2021-05-29;0;0;0;0;0;0;0;0;0;0;0;0;0;0;0;0;0;0
FR;12;2021-05-30;0;0;0;0;0;0;0;0;0;0;0;0;0;0;0;0;0;0
FR;12;2021-05-31;0;0;0;0;0;0;0;0;0;0;0;0;0;0;0;0;0;0
FR;12;2021-06-01;0;0;0;0;0;0;0;0;0;0;0;0;0;0;0;0;0;0
FR;12;2021-06-02;0;0;0;0;0;0;0;0;0;0;0;0;0;0;0;0;0;0
FR;12;2021-06-03;0;0;0;0;0;0;0;0;0;0;0;0;0;0;0;0;0;0
FR;12;2021-06-04;0;0;0;0;0;0;0;0;0;0;0;0;0;0;0;0;0;0
FR;12;2021-06-05;0;0;0;0;0;0;0;0;0;0;0;0;0;0;0;0;0;0
FR;12;2021-06-06;0;0;0;0;0;0;0;0;0;0;0;0;0;0;0;0;0;0
FR;12;2021-06-07;0;0;0;0;0;0;0;0;0;0;0;0;0;0;0;0;0;0
FR;12;2021-06-08;0;0;0;0;0;0;0;0;0;0;0;0;0;0;0;0;0;0
FR;12;2021-06-09;0;0;0;0;0;0;0;0;0;0;0;0;0;0;0;0;0;0
FR;12;2021-06-10;0;0;0;0;0;0;0;0;0;0;0;0;0;0;0;0;0;0
FR;12;2021-06-11;0;0;0;0;0;0;0;0;0;0;0;0;0;0;0;0;0;0
FR;12;2021-06-12;0;0;0;0;0;0;0;0;0;0;0;0;0;0;0;0;0;0
FR;12;2021-06-13;0;0;0;0;0;0;0;0;0;0;0;0;0;0;0;0;0;0
FR;12;2021-06-14;0;0;0;0;0;0;0;0;0;0;0;0;0;0;0;0;0;0
FR;12;2021-06-15;0;0;0;0;0;0;0;0;0;0;0;0;0;0;0;0;0;0
FR;12;2021-06-16;0;0;0;0;0;0;0;0;0;0;0;0;0;0;0;0;0;0
FR;12;2021-06-17;0;0;0;0;0;0;0;0;0;0;0;0;0;0;0;0;0;0
FR;12;2021-06-18;0;0;0;0;0;0;0;0;0;0;0;0;0;0;0;0;0;0
FR;12;2021-06-19;0;0;0;0;0;0;0;0;0;0;0;0;0;0;0;0;0;0
FR;12;2021-06-20;0;0;0;0;0;0;0;0;0;0;0;0;0;0;0;0;0;0
FR;12;2021-06-21;0;0;0;0;0;0;0;0;0;0;0;0;0;0;0;0;0;0
FR;12;2021-06-22;0;0;0;0;0;0;0;0;0;0;0;0;0;0;0;0;0;0
FR;12;2021-06-23;0;0;0;0;0;0;0;0;0;0;0;0;0;0;0;0;0;0
FR;12;2021-06-24;0;0;0;0;0;0;0;0;0;0;0;0;0;0;0;0;0;0
FR;12;2021-06-25;0;0;0;0;0;0;0;0;0;0;0;0;0;0;0;0;0;0
FR;12;2021-06-26;0;0;0;0;0;0;0;0;0;0;0;0;0;0;0;0;0;0
FR;12;2021-06-27;0;0;0;0;0;0;0;0;0;0;0;0;0;0;0;0;0;0
FR;12;2021-06-28;0;0;0;0;0;0;0;0;0;0;0;0;0;0;0;0;0;0
FR;12;2021-06-29;0;0;0;0;0;0;0;0;0;0;0;0;0;0;0;0;0;0
FR;12;2021-06-30;0;0;0;0;0;0;0;0;0;0;0;0;0;0;0;0;0;0
FR;12;2021-07-01;0;0;0;0;0;0;0;0;0;0;0;0;0;0;0;0;0;0
FR;12;2021-07-02;0;0;0;0;0;0;0;0;0;0;0;0;0;0;0;0;0;0
FR;12;2021-07-03;0;0;0;0;0;0;0;0;0;0;0;0;0;0;0;0;0;0
FR;12;2021-07-04;0;0;0;0;0;0;0;0;0;0;0;0;0;0;0;0;0;0
FR;12;2021-07-05;0;0;0;0;0;0;0;0;0;0;0;0;0;0;0;0;0;0
FR;12;2021-07-06;0;0;0;0;0;0;0;0;0;0;0;0;0;0;0;0;0;0
FR;12;2021-07-07;0;0;0;0;0;0;0;0;0;0;0;0;0;0;0;0;0;0
FR;12;2021-07-08;0;0;0;0;0;0;0;0;0;0;0;0;0;0;0;0;0;0
FR;12;2021-07-09;0;0;0;0;0;0;0;0;0;0;0;0;0;0;0;0;0;0
FR;12;2021-07-10;0;0;0;0;0;0;0;0;0;0;0;0;0;0;0;0;0;0
FR;12;2021-07-11;0;0;0;0;0;0;0;0;0;0;0;0;0;0;0;0;0;0
FR;12;2021-07-12;0;0;0;0;0;0;0;0;0;0;0;0;0;0;0;0;0;0
FR;12;2021-07-13;0;0;0;0;0;0;0;0;0;0;0;0;0;0;0;0;0;0
FR;12;2021-07-14;0;0;0;0;0;0;0;0;0;0;0;0;0;0;0;0;0;0
FR;12;2021-07-15;0;0;0;0;0;0;0;0;0;0;0;0;0;0;0;0;0;0
FR;12;2021-07-16;0;0;0;0;0;0;0;0;0;0;0;0;0;0;0;0;0;0
FR;12;2021-07-17;0;0;0;0;0;0;0;0;0;0;0;0;0;0;0;0;0;0
FR;12;2021-07-18;0;0;0;0;0;0;0;0;0;0;0;0;0;0;0;0;0;0
FR;12;2021-07-19;0;0;0;0;0;0;0;0;0;0;0;0;0;0;0;0;0;0
FR;12;2021-07-20;0;0;0;0;0;0;0;0;0;0;0;0;0;0;0;0;0;0
FR;12;2021-07-21;0;0;0;0;0;0;0;0;0;0;0;0;0;0;0;0;0;0
FR;12;2021-07-22;0;0;0;0;0;0;0;0;0;0;0;0;0;0;0;0;0;0
FR;12;2021-07-23;0;0;0;0;0;0;0;0;0;0;0;0;0;0;0;0;0;0
FR;12;2021-07-24;0;0;0;0;0;0;0;0;0;0;0;0;0;0;0;0;0;0
FR;12;2021-07-25;0;0;0;0;0;0;0;0;0;0;0;0;0;0;0;0;0;0
FR;12;2021-07-26;0;0;0;0;0;0;0;0;0;0;0;0;0;0;0;0;0;0
FR;12;2021-07-27;0;0;0;0;0;0;0;0;0;0;0;0;0;0;0;0;0;0
FR;12;2021-07-28;0;0;0;0;0;0;0;0;0;0;0;0;0;0;0;0;0;0
FR;12;2021-07-29;0;0;0;0;0;0;0;0;0;0;0;0;0;0;0;0;0;0
FR;12;2021-07-30;0;0;0;0;0;0;0;0;0;0;0;0;0;0;0;0;0;0
FR;12;2021-07-31;0;0;0;0;0;0;0;0;0;0;0;0;0;0;0;0;0;0
FR;12;2021-08-01;0;0;0;0;0;0;0;0;0;0;0;0;0;0;0;0;0;0
FR;12;2021-08-02;0;0;0;0;0;0;0;0;0;0;0;0;0;0;0;0;0;0
FR;12;2021-08-03;0;0;0;0;0;0;0;0;0;0;0;0;0;0;0;0;0;0
FR;12;2021-08-04;0;0;0;0;0;0;0;0;0;0;0;0;0;0;0;0;0;0
FR;12;2021-08-05;0;0;0;0;0;0;0;0;0;0;0;0;0;0;0;0;0;0
FR;12;2021-08-06;0;0;0;0;0;0;0;0;0;0;0;0;0;0;0;0;0;0
FR;12;2021-08-07;0;0;0;0;0;0;0;0;0;0;0;0;0;0;0;0;0;0
FR;12;2021-08-08;0;0;0;0;0;0;0;0;0;0;0;0;0;0;0;0;0;0
FR;12;2021-08-09;0;0;0;0;0;0;0;0;0;0;0;0;0;0;0;0;0;0
FR;12;2021-08-10;0;0;0;0;0;0;0;0;0;0;0;0;0;0;0;0;0;0
FR;12;2021-08-11;0;0;0;0;0;0;0;0;0;0;0;0;0;0;0;0;0;0
FR;12;2021-08-12;0;0;0;0;0;0;0;0;0;0;0;0;0;0;0;0;0;0
FR;12;2021-08-13;0;0;0;0;0;0;0;0;0;0;0;0;0;0;0;0;0;0
FR;12;2021-08-14;0;0;0;0;0;0;0;0;0;0;0;0;0;0;0;0;0;0
FR;12;2021-08-15;0;0;0;0;0;0;0;0;0;0;0;0;0;0;0;0;0;0
FR;12;2021-08-16;0;0;0;0;0;0;0;0;0;0;0;0;0;0;0;0;0;0
FR;12;2021-08-17;0;0;0;0;0;0;0;0;0;0;0;0;0;0;0;0;0;0
FR;12;2021-08-18;0;0;0;0;0;0;0;0;0;0;0;0;0;0;0;0;0;0
FR;12;2021-08-19;0;0;0;0;0;0;0;0;0;0;0;0;0;0;0;0;0;0
FR;12;2021-08-20;0;0;0;0;0;0;0;0;0;0;0;0;0;0;0;0;0;0
FR;12;2021-08-21;0;0;0;0;0;0;0;0;0;0;0;0;0;0;0;0;0;0
FR;12;2021-08-22;0;0;0;0;0;0;0;0;0;0;0;0;0;0;0;0;0;0
FR;12;2021-08-23;0;0;0;0;0;0;0;0;0;0;0;0;0;0;0;0;0;0
FR;12;2021-08-24;0;0;0;0;0;0;0;0;0;0;0;0;0;0;0;0;0;0
FR;12;2021-08-25;0;0;0;0;0;0;0;0;0;0;0;0;0;0;0;0;0;0
FR;12;2021-08-26;0;0;0;0;0;0;0;0;0;0;0;0;0;0;0;0;0;0
FR;12;2021-08-27;0;0;0;0;0;0;0;0;0;0;0;0;0;0;0;0;0;0
FR;12;2021-08-28;0;0;0;0;0;0;0;0;0;0;0;0;0;0;0;0;0;0
FR;12;2021-08-29;0;0;0;0;0;0;0;0;0;0;0;0;0;0;0;0;0;0
FR;12;2021-08-30;0;0;0;0;0;0;0;0;0;0;0;0;0;0;0;0;0;0
FR;12;2021-08-31;0;0;0;0;0;0;0;0;0;0;0;0;0;0;0;0;0;0
FR;12;2021-09-01;0;0;0;0;0;0;0;0;0;0;0;0;0;0;0;0;0;0
FR;12;2021-09-02;0;0;0;0;0;0;0;0;0;0;0;0;0;0;0;0;0;0
FR;12;2021-09-03;0;0;0;0;0;0;0;0;0;0;0;0;0;0;0;0;0;0
FR;12;2021-09-04;0;0;0;0;0;0;0;0;0;0;0;0;0;0;0;0;0;0
FR;12;2021-09-05;0;0;0;0;0;0;0;0;0;0;0;0;0;0;0;0;0;0
FR;12;2021-09-06;0;0;0;0;0;0;0;0;0;0;0;0;0;0;0;0;0;0
FR;12;2021-09-07;0;0;0;0;0;0;0;0;0;0;0;0;0;0;0;0;0;0
FR;12;2021-09-08;0;0;0;0;0;0;0;0;0;0;0;0;0;0;0;0;0;0
FR;12;2021-09-09;0;0;0;0;0;0;0;0;0;0;0;0;0;0;0;0;0;0
FR;12;2021-09-10;0;0;0;0;0;0;0;0;0;0;0;0;0;0;0;0;0;0
FR;12;2021-09-11;0;0;0;0;0;0;0;0;0;0;0;0;0;0;0;0;0;0
FR;12;2021-09-12;0;0;0;0;0;0;0;0;0;0;0;0;0;0;0;0;0;0
FR;12;2021-09-13;0;0;0;0;0;0;0;0;0;0;0;0;0;0;0;0;0;0
FR;12;2021-09-14;0;0;0;0;0;0;0;0;0;0;0;0;0;0;0;0;0;0
FR;12;2021-09-15;0;0;0;0;0;0;0;0;0;0;0;0;0;0;0;0;0;0
FR;12;2021-09-16;0;0;0;0;0;0;0;0;0;0;0;0;0;0;0;0;0;0
FR;12;2021-09-17;0;0;0;0;0;0;0;0;0;0;0;0;0;0;0;0;0;0
FR;12;2021-09-18;0;0;0;0;0;0;0;0;0;0;0;0;0;0;0;0;0;0
FR;12;2021-09-19;0;0;0;0;0;0;0;0;0;0;0;0;0;0;0;0;0;0
FR;12;2021-09-20;0;0;0;0;0;0;0;0;0;0;0;0;0;0;0;0;0;0
FR;12;2021-09-21;0;0;0;0;0;0;0;0;0;0;0;0;0;0;0;0;0;0
FR;12;2021-09-22;0;0;0;0;0;0;0;0;0;0;0;0;0;0;0;0;0;0
FR;12;2021-09-23;0;0;0;0;0;0;0;0;0;0;0;0;0;0;0;0;0;0
FR;12;2021-09-24;0;0;0;0;0;0;0;0;0;0;0;0;0;0;0;0;0;0
FR;12;2021-09-25;0;0;0;0;0;0;0;0;0;0;0;0;0;0;0;0;0;0
FR;12;2021-09-26;0;0;0;0;0;0;0;0;0;0;0;0;0;0;0;0;0;0
FR;12;2021-09-27;0;0;0;0;0;0;0;0;0;0;0;0;0;0;0;0;0;0
FR;12;2021-09-28;0;0;0;0;0;0;0;0;0;0;0;0;0;0;0;0;0;0
FR;12;2021-09-29;0;0;0;0;0;0;0;0;0;0;0;0;0;0;0;0;0;0
FR;12;2021-09-30;0;0;0;0;0;0;0;0;0;0;0;0;0;0;0;0;0;0
FR;12;2021-10-01;0;0;0;0;0;0;0;0;0;0;0;0;0;0;0;0;0;0
FR;12;2021-10-02;0;0;0;0;0;0;0;0;0;0;0;0;0;0;0;0;0;0
FR;12;2021-10-03;0;0;0;0;0;0;0;0;0;0;0;0;0;0;0;0;0;0
FR;12;2021-10-04;0;0;0;0;0;0;0;0;0;0;0;0;0;0;0;0;0;0
FR;12;2021-10-05;0;0;0;0;0;0;0;0;0;0;0;0;0;0;0;0;0;0
FR;12;2021-10-06;0;0;0;0;0;0;0;0;0;0;0;0;0;0;0;0;0;0
FR;12;2021-10-07;0;0;0;0;0;0;0;0;0;0;0;0;0;0;0;0;0;0
FR;12;2021-10-08;0;0;0;0;0;0;0;0;0;0;0;0;0;0;0;0;0;0
FR;12;2021-10-09;0;0;0;0;0;0;0;0;0;0;0;0;0;0;0;0;0;0
FR;12;2021-10-10;0;0;0;0;0;0;0;0;0;0;0;0;0;0;0;0;0;0
FR;12;2021-10-11;0;0;0;0;0;0;0;0;0;0;0;0;0;0;0;0;0;0
FR;12;2021-10-12;0;0;0;0;0;0;0;0;0;0;0;0;0;0;0;0;0;0
FR;12;2021-10-13;0;0;0;0;0;0;0;0;0;0;0;0;0;0;0;0;0;0
FR;12;2021-10-14;0;0;0;0;0;0;0;0;0;0;0;0;0;0;0;0;0;0
FR;12;2021-10-15;0;0;0;0;0;0;0;0;0;0;0;0;0;0;0;0;0;0
FR;12;2021-10-16;0;0;0;0;0;0;0;0;0;0;0;0;0;0;0;0;0;0
FR;12;2021-10-17;0;0;0;0;0;0;0;0;0;0;0;0;0;0;0;0;0;0
FR;12;2021-10-18;0;0;0;0;0;0;0;0;0;0;0;0;0;0;0;0;0;0
FR;12;2021-10-19;0;0;0;0;0;0;0;0;0;0;0;0;0;0;0;0;0;0
FR;12;2021-10-20;0;0;0;0;0;0;0;0;0;0;0;0;0;0;0;0;0;0
FR;12;2021-10-21;0;0;0;0;0;0;0;0;0;0;0;0;0;0;0;0;0;0
FR;12;2021-10-22;0;0;0;0;0;0;0;0;0;0;0;0;0;0;0;0;0;0
FR;12;2021-10-23;0;0;0;0;0;0;0;0;0;0;0;0;0;0;0;0;0;0
FR;12;2021-10-24;0;0;0;0;0;0;0;0;0;0;0;0;0;0;0;0;0;0
FR;12;2021-10-25;0;0;0;0;0;0;0;0;0;0;0;0;0;0;0;0;0;0
FR;12;2021-10-26;0;0;0;0;0;0;0;0;0;0;0;0;0;0;0;0;0;0
FR;12;2021-10-27;0;0;0;0;0;0;0;0;0;0;0;0;0;0;0;0;0;0
FR;12;2021-10-28;0;0;0;0;0;0;0;0;0;0;0;0;0;0;0;0;0;0
FR;12;2021-10-29;0;0;0;0;0;0;0;0;0;0;0;0;0;0;0;0;0;0
FR;12;2021-10-30;0;0;0;0;0;0;0;0;0;0;0;0;0;0;0;0;0;0
FR;12;2021-10-31;0;0;0;0;0;0;0;0;0;0;0;0;0;0;0;0;0;0
FR;12;2021-11-01;0;0;0;0;0;0;0;0;0;0;0;0;0;0;0;0;0;0
FR;12;2021-11-02;0;0;0;0;0;0;0;0;0;0;0;0;0;0;0;0;0;0
FR;12;2021-11-03;0;0;0;0;0;0;0;0;0;0;0;0;0;0;0;0;0;0
FR;12;2021-11-04;0;0;0;0;0;0;0;0;0;0;0;0;0;0;0;0;0;0
FR;12;2021-11-05;0;0;0;0;0;0;0;0;0;0;0;0;0;0;0;0;0;0
FR;12;2021-11-06;0;0;0;0;0;0;0;0;0;0;0;0;0;0;0;0;0;0
FR;12;2021-11-07;0;0;0;0;0;0;0;0;0;0;0;0;0;0;0;0;0;0
FR;12;2021-11-08;0;0;0;0;0;0;0;0;0;0;0;0;0;0;0;0;0;0
FR;12;2021-11-09;0;0;0;0;0;0;0;0;0;0;0;0;0;0;0;0;0;0
FR;12;2021-11-10;0;0;0;0;0;0;0;0;0;0;0;0;0;0;0;0;0;0
FR;12;2021-11-11;0;0;0;0;0;0;0;0;0;0;0;0;0;0;0;0;0;0
FR;12;2021-11-12;0;0;0;0;0;0;0;0;0;0;0;0;0;0;0;0;0;0
FR;12;2021-11-13;0;0;0;0;0;0;0;0;0;0;0;0;0;0;0;0;0;0
FR;12;2021-11-14;0;0;0;0;0;0;0;0;0;0;0;0;0;0;0;0;0;0
FR;12;2021-11-15;0;0;0;0;0;0;0;0;0;0;0;0;0;0;0;0;0;0
FR;12;2021-11-16;0;0;0;0;0;0;0;0;0;0;0;0;0;0;0;0;0;0
FR;12;2021-11-17;0;0;0;0;0;0;0;0;0;0;0;0;0;0;0;0;0;0
FR;12;2021-11-18;0;0;0;0;0;0;0;0;0;0;0;0;0;0;0;0;0;0
FR;12;2021-11-19;0;0;0;0;0;0;0;0;0;0;0;0;0;0;0;0;0;0
FR;12;2021-11-20;0;0;0;0;0;0;0;0;0;0;0;0;0;0;0;0;0;0
FR;12;2021-11-21;0;0;0;0;0;0;0;0;0;0;0;0;0;0;0;0;0;0
FR;12;2021-11-22;0;0;0;0;0;0;0;0;0;0;0;0;0;0;0;0;0;0
FR;12;2021-11-23;0;0;0;0;0;0;0;0;0;0;0;0;0;0;0;0;0;0
FR;12;2021-11-24;0;0;0;0;0;0;0;0;0;0;0;0;0;0;0;0;0;0
FR;12;2021-11-25;0;0;0;0;0;0;0;0;0;0;0;0;0;0;0;0;0;0
FR;12;2021-11-26;0;0;0;0;0;0;0;0;0;0;0;0;0;0;0;0;0;0
FR;12;2021-11-27;0;0;0;0;0;0;0;0;0;0;0;0;0;0;0;0;0;0
FR;12;2021-11-28;0;0;0;0;0;0;0;0;0;0;0;0;0;0;0;0;0;0
FR;12;2021-11-29;0;0;0;0;0;0;0;0;0;0;0;0;0;0;0;0;0;0
FR;12;2021-11-30;0;0;0;0;0;0;0;0;0;0;0;0;0;0;0;0;0;0
FR;12;2021-12-01;0;0;0;0;0;0;0;0;0;0;0;0;0;0;0;0;0;0
FR;12;2021-12-02;0;0;0;0;0;0;0;0;0;0;0;0;0;0;0;0;0;0
FR;12;2021-12-03;0;0;0;0;0;0;0;0;0;0;0;0;0;0;0;0;0;0
FR;12;2021-12-04;0;0;0;0;0;0;0;0;0;0;0;0;0;0;0;0;0;0
FR;12;2021-12-05;0;0;0;0;0;0;0;0;0;0;0;0;0;0;0;0;0;0
FR;12;2021-12-06;0;0;0;0;0;0;0;0;0;0;0;0;0;0;0;0;0;0
FR;12;2021-12-07;0;0;0;0;0;0;0;0;0;0;0;0;0;0;0;0;0;0
FR;12;2021-12-08;0;0;0;0;0;0;0;0;0;0;0;0;0;0;0;0;0;0
FR;12;2021-12-09;0;0;0;0;0;0;0;0;0;0;0;0;0;0;0;0;0;0
FR;12;2021-12-10;0;0;0;0;0;0;0;0;0;0;0;0;0;0;0;0;0;0
FR;12;2021-12-11;0;0;0;0;0;0;0;0;0;0;0;0;0;0;0;0;0;0
FR;12;2021-12-12;0;0;0;0;0;0;0;0;0;0;0;0;0;0;0;0;0;0
FR;12;2021-12-13;0;0;0;0;0;0;0;0;0;0;0;0;0;0;0;0;0;0
FR;12;2021-12-14;0;0;0;0;0;0;0;0;0;0;0;0;0;0;0;0;0;0
FR;12;2021-12-15;0;0;0;0;0;0;0;0;0;0;0;0;0;0;0;0;0;0
FR;12;2021-12-16;0;0;0;0;0;0;0;0;0;0;0;0;0;0;0;0;0;0
FR;12;2021-12-17;0;0;0;0;0;0;0;0;0;0;0;0;0;0;0;0;0;0
FR;12;2021-12-18;0;0;0;0;0;0;0;0;0;0;0;0;0;0;0;0;0;0
FR;12;2021-12-19;0;0;0;0;0;0;0;0;0;0;0;0;0;0;0;0;0;0
FR;12;2021-12-20;0;0;0;0;0;0;0;0;0;0;0;0;0;0;0;0;0;0
FR;12;2021-12-21;0;0;0;0;0;0;0;0;0;0;0;0;0;0;0;0;0;0
FR;12;2021-12-22;0;0;0;0;0;0;0;0;0;0;0;0;0;0;0;0;0;0
FR;12;2021-12-23;0;0;0;0;0;0;0;0;0;0;0;0;0;0;0;0;0;0
FR;12;2021-12-24;0;0;0;0;0;0;0;0;0;0;0;0;0;0;0;0;0;0
FR;12;2021-12-25;0;0;0;0;0;0;0;0;0;0;0;0;0;0;0;0;0;0
FR;12;2021-12-26;0;0;0;0;0;0;0;0;0;0;0;0;0;0;0;0;0;0
FR;12;2021-12-27;0;0;0;0;0;0;0;0;0;0;0;0;0;0;0;0;0;0
FR;12;2021-12-28;0;0;0;0;0;0;0;0;0;0;0;0;0;0;0;0;0;0
FR;12;2021-12-29;0;0;0;0;0;0;0;0;0;0;0;0;0;0;0;0;0;0
FR;12;2021-12-30;0;0;0;0;0;0;0;0;0;0;0;0;0;0;0;0;0;0
FR;12;2021-12-31;0;0;0;0;0;0;0;0;0;0;0;0;0;0;0;0;0;0
FR;12;2022-01-01;0;0;0;0;0;0;0;0;0;0;0;0;0;0;0;0;0;0
FR;12;2022-01-02;0;0;0;0;0;0;0;0;0;0;0;0;0;0;0;0;0;0
FR;12;2022-01-03;0;0;0;0;0;0;0;0;0;0;0;0;0;0;0;0;0;0
FR;12;2022-01-04;0;0;0;0;0;0;0;0;0;0;0;0;0;0;0;0;0;0
FR;12;2022-01-05;0;0;0;0;0;0;0;0;0;0;0;0;0;0;0;0;0;0
FR;12;2022-01-06;0;0;0;0;0;0;0;0;0;0;0;0;0;0;0;0;0;0
FR;12;2022-01-07;0;0;0;0;0;0;0;0;0;0;0;0;0;0;0;0;0;0
FR;12;2022-01-08;0;0;0;0;0;0;0;0;0;0;0;0;0;0;0;0;0;0
FR;12;2022-01-09;0;0;0;0;0;0;0;0;0;0;0;0;0;0;0;0;0;0
FR;12;2022-01-10;0;0;0;0;0;0;0;0;0;0;0;0;0;0;0;0;0;0
FR;12;2022-01-11;0;0;0;0;0;0;0;0;0;0;0;0;0;0;0;0;0;0
FR;12;2022-01-12;0;0;0;0;0;0;0;0;0;0;0;0;0;0;0;0;0;0
FR;12;2022-01-13;0;0;0;0;0;0;0;0;0;0;0;0;0;0;0;0;0;0
FR;12;2022-01-14;0;0;0;0;0;0;0;0;0;0;0;0;0;0;0;0;0;0
FR;12;2022-01-15;0;0;0;0;0;0;0;0;0;0;0;0;0;0;0;0;0;0
FR;12;2022-01-16;0;0;0;0;0;0;0;0;0;0;0;0;0;0;0;0;0;0
FR;12;2022-01-17;0;0;0;0;0;0;0;0;0;0;0;0;0;0;0;0;0;0
FR;12;2022-01-18;0;0;0;0;0;0;0;0;0;0;0;0;0;0;0;0;0;0
FR;12;2022-01-19;0;0;0;0;0;0;0;0;0;0;0;0;0;0;0;0;0;0
FR;12;2022-01-20;0;0;0;0;0;0;0;0;0;0;0;0;0;0;0;0;0;0
FR;12;2022-01-21;0;0;0;0;0;0;0;0;0;0;0;0;0;0;0;0;0;0
FR;12;2022-01-22;0;0;0;0;0;0;0;0;0;0;0;0;0;0;0;0;0;0
FR;12;2022-01-23;0;0;0;0;0;0;0;0;0;0;0;0;0;0;0;0;0;0
FR;12;2022-01-24;0;0;0;0;0;0;0;0;0;0;0;0;0;0;0;0;0;0
FR;12;2022-01-25;0;0;0;0;0;0;0;0;0;0;0;0;0;0;0;0;0;0
FR;12;2022-01-26;0;0;0;0;0;0;0;0;0;0;0;0;0;0;0;0;0;0
FR;12;2022-01-27;0;0;0;0;0;0;0;0;0;0;0;0;0;0;0;0;0;0
FR;12;2022-01-28;0;0;0;0;0;0;0;0;0;0;0;0;0;0;0;0;0;0
FR;12;2022-01-29;0;0;0;0;0;0;0;0;0;0;0;0;0;0;0;0;0;0
FR;12;2022-01-30;0;0;0;0;0;0;0;0;0;0;0;0;0;0;0;0;0;0
FR;12;2022-01-31;0;0;0;0;0;0;0;0;0;0;0;0;0;0;0;0;0;0
FR;12;2022-02-01;0;0;0;0;0;0;0;0;0;0;0;0;0;0;0;0;0;0
FR;12;2022-02-02;0;0;0;0;0;0;0;0;0;0;0;0;0;0;0;0;0;0
FR;12;2022-02-03;0;0;0;0;0;0;0;0;0;0;0;0;0;0;0;0;0;0
FR;12;2022-02-04;0;0;0;0;0;0;0;0;0;0;0;0;0;0;0;0;0;0
FR;12;2022-02-05;0;0;0;0;0;0;0;0;0;0;0;0;0;0;0;0;0;0
FR;12;2022-02-06;0;0;0;0;0;0;0;0;0;0;0;0;0;0;0;0;0;0
FR;12;2022-02-07;0;0;0;0;0;0;0;0;0;0;0;0;0;0;0;0;0;0
FR;12;2022-02-08;0;0;0;0;0;0;0;0;0;0;0;0;0;0;0;0;0;0
FR;12;2022-02-09;0;0;0;0;0;0;0;0;0;0;0;0;0;0;0;0;0;0
FR;12;2022-02-10;0;0;0;0;0;0;0;0;0;0;0;0;0;0;0;0;0;0
FR;12;2022-02-11;0;0;0;0;0;0;0;0;0;0;0;0;0;0;0;0;0;0
FR;12;2022-02-12;0;0;0;0;0;0;0;0;0;0;0;0;0;0;0;0;0;0
FR;12;2022-02-13;0;0;0;0;0;0;0;0;0;0;0;0;0;0;0;0;0;0
FR;12;2022-02-14;0;0;0;0;0;0;0;0;0;0;0;0;0;0;0;0;0;0
FR;12;2022-02-15;0;0;0;0;0;0;0;0;0;0;0;0;0;0;0;0;0;0
FR;12;2022-02-16;0;0;0;0;0;0;0;0;0;0;0;0;0;0;0;0;0;0
FR;12;2022-02-17;0;0;0;0;0;0;0;0;0;0;0;0;0;0;0;0;0;0
FR;12;2022-02-18;0;0;0;0;0;0;0;0;0;0;0;0;0;0;0;0;0;0
FR;12;2022-02-19;0;0;0;0;0;0;0;0;0;0;0;0;0;0;0;0;0;0
FR;12;2022-02-20;0;0;0;0;0;0;0;0;0;0;0;0;0;0;0;0;0;0
FR;12;2022-02-21;0;0;0;0;0;0;0;0;0;0;0;0;0;0;0;0;0;0
FR;12;2022-02-22;0;0;0;0;0;0;0;0;0;0;0;0;0;0;0;0;0;0
FR;12;2022-02-23;0;0;0;0;0;0;0;0;0;0;0;0;0;0;0;0;0;0
FR;12;2022-02-24;0;0;0;0;0;0;0;0;0;0;0;0;0;0;0;0;0;0
FR;12;2022-02-25;0;0;0;0;0;0;0;0;0;0;0;0;0;0;0;0;0;0
FR;12;2022-02-26;0;0;0;0;0;0;0;0;0;0;0;0;0;0;0;0;0;0
FR;12;2022-02-27;0;0;0;0;0;0;0;0;0;0;0;0;0;0;0;0;0;0
FR;12;2022-02-28;0;0;0;0;0;0;0;0;0;0;0;0;0;0;0;0;0;0
FR;12;2022-03-01;0;0;0;0;0;0;0;0;0;0;0;0;0;0;0;0;0;0
FR;12;2022-03-02;0;0;0;0;0;0;0;0;0;0;0;0;0;0;0;0;0;0
FR;12;2022-03-03;0;0;0;0;0;0;0;0;0;0;0;0;0;0;0;0;0;0
FR;12;2022-03-04;0;0;0;0;0;0;0;0;0;0;0;0;0;0;0;0;0;0
FR;12;2022-03-05;0;0;0;0;0;0;0;0;0;0;0;0;0;0;0;0;0;0
FR;12;2022-03-06;0;0;0;0;0;0;0;0;0;0;0;0;0;0;0;0;0;0
FR;12;2022-03-07;0;0;0;0;0;0;0;0;0;0;0;0;0;0;0;0;0;0
FR;12;2022-03-08;0;0;0;0;0;0;0;0;0;0;0;0;0;0;0;0;0;0
FR;12;2022-03-09;0;0;0;0;0;0;0;0;0;0;0;0;0;0;0;0;0;0
FR;12;2022-03-10;0;0;0;0;0;0;0;0;0;0;0;0;0;0;0;0;0;0
FR;12;2022-03-11;0;0;0;0;0;0;0;0;0;0;0;0;0;0;0;0;0;0
FR;12;2022-03-12;0;0;0;0;0;0;0;0;0;0;0;0;0;0;0;0;0;0
FR;12;2022-03-13;0;0;0;0;0;0;0;0;0;0;0;0;0;0;0;0;0;0
FR;12;2022-03-14;0;0;0;0;0;0;0;0;0;0;0;0;0;0;0;0;0;0
FR;12;2022-03-15;0;0;0;0;0;0;0;0;0;0;0;0;0;0;0;0;0;0
FR;12;2022-03-16;0;0;0;0;0;0;0;0;0;0;0;0;0;0;0;0;0;0
FR;12;2022-03-17;0;0;0;0;0;0;0;0;0;0;0;0;0;0;0;0;0;0
FR;12;2022-03-18;0;0;0;0;0;0;0;0;0;0;0;0;0;0;0;0;0;0
FR;12;2022-03-19;0;0;0;0;0;0;0;0;0;0;0;0;0;0;0;0;0;0
FR;12;2022-03-20;0;0;0;0;0;0;0;0;0;0;0;0;0;0;0;0;0;0
FR;12;2022-03-21;0;0;0;0;0;0;0;0;0;0;0;0;0;0;0;0;0;0
FR;12;2022-03-22;0;0;0;0;0;0;0;0;0;0;0;0;0;0;0;0;0;0
FR;12;2022-03-23;0;0;0;0;0;0;0;0;0;0;0;0;0;0;0;0;0;0
FR;12;2022-03-24;0;0;0;0;0;0;0;0;0;0;0;0;0;0;0;0;0;0
FR;12;2022-03-25;0;0;0;0;0;0;0;0;0;0;0;0;0;0;0;0;0;0
FR;12;2022-03-26;0;0;0;0;0;0;0;0;0;0;0;0;0;0;0;0;0;0
FR;12;2022-03-27;0;0;0;0;0;0;0;0;0;0;0;0;0;0;0;0;0;0
FR;12;2022-03-28;0;0;0;0;0;0;0;0;0;0;0;0;0;0;0;0;0;0
FR;12;2022-03-29;0;0;0;0;0;0;0;0;0;0;0;0;0;0;0;0;0;0
FR;12;2022-03-30;0;0;0;0;0;0;0;0;0;0;0;0;0;0;0;0;0;0
FR;12;2022-03-31;0;0;0;0;0;0;0;0;0;0;0;0;0;0;0;0;0;0
FR;12;2022-04-01;0;0;0;0;0;0;0;0;0;0;0;0;0;0;0;0;0;0
FR;12;2022-04-02;0;0;0;0;0;0;0;0;0;0;0;0;0;0;0;0;0;0
FR;12;2022-04-03;0;0;0;0;0;0;0;0;0;0;0;0;0;0;0;0;0;0
FR;12;2022-04-04;0;0;0;0;0;0;0;0;0;0;0;0;0;0;0;0;0;0
FR;12;2022-04-05;0;0;0;0;0;0;0;0;0;0;0;0;0;0;0;0;0;0
FR;12;2022-04-06;0;0;0;0;0;0;0;0;0;0;0;0;0;0;0;0;0;0
FR;12;2022-04-07;0;0;0;0;0;0;0;0;0;0;0;0;0;0;0;0;0;0
FR;12;2022-04-08;0;0;0;0;0;0;0;0;0;0;0;0;0;0;0;0;0;0
FR;12;2022-04-09;0;0;0;0;0;0;0;0;0;0;0;0;0;0;0;0;0;0
FR;12;2022-04-10;0;0;0;0;0;0;0;0;0;0;0;0;0;0;0;0;0;0
FR;12;2022-04-11;0;0;0;0;0;0;0;0;0;0;0;0;0;0;0;0;0;0
FR;12;2022-04-12;0;0;0;0;0;0;0;0;0;0;0;0;0;0;0;0;0;0
FR;12;2022-04-13;0;0;0;0;0;0;0;0;0;0;0;0;0;0;0;0;0;0
FR;12;2022-04-14;0;0;0;0;0;0;0;0;0;0;0;0;0;0;0;0;0;0
FR;12;2022-04-15;0;0;0;0;0;0;0;0;0;0;0;0;0;0;0;0;0;0
FR;12;2022-04-16;0;0;0;0;0;0;0;0;0;0;0;0;0;0;0;0;0;0
FR;12;2022-04-17;0;0;0;0;0;0;0;0;0;0;0;0;0;0;0;0;0;0
FR;12;2022-04-18;0;0;0;0;0;0;0;0;0;0;0;0;0;0;0;0;0;0
FR;12;2022-04-19;0;0;0;0;0;0;0;0;0;0;0;0;0;0;0;0;0;0
FR;12;2022-04-20;0;0;0;0;0;0;0;0;0;0;0;0;0;0;0;0;0;0
FR;12;2022-04-21;0;0;0;0;0;0;0;0;0;0;0;0;0;0;0;0;0;0
FR;12;2022-04-22;0;0;0;0;0;0;0;0;0;0;0;0;0;0;0;0;0;0
FR;12;2022-04-23;0;0;0;0;0;0;0;0;0;0;0;0;0;0;0;0;0;0
FR;12;2022-04-24;0;0;0;0;0;0;0;0;0;0;0;0;0;0;0;0;0;0
FR;12;2022-04-25;0;0;0;0;0;0;0;0;0;0;0;0;0;0;0;0;0;0
FR;12;2022-04-26;0;0;0;0;0;0;0;0;0;0;0;0;0;0;0;0;0;0
FR;12;2022-04-27;0;0;0;0;0;0;0;0;0;0;0;0;0;0;0;0;0;0
FR;12;2022-04-28;0;0;0;0;0;0;0;0;0;0;0;0;0;0;0;0;0;0
FR;12;2022-04-29;0;0;0;0;0;0;0;0;0;0;0;0;0;0;0;0;0;0
FR;12;2022-04-30;0;0;0;0;0;0;0;0;0;0;0;0;0;0;0;0;0;0
FR;12;2022-05-01;0;0;0;0;0;0;0;0;0;0;0;0;0;0;0;0;0;0
FR;12;2022-05-02;0;0;0;0;0;0;0;0;0;0;0;0;0;0;0;0;0;0
FR;12;2022-05-03;0;0;0;0;0;0;0;0;0;0;0;0;0;0;0;0;0;0
FR;12;2022-05-04;0;0;0;0;0;0;0;0;0;0;0;0;0;0;0;0;0;0
FR;12;2022-05-05;0;0;0;0;0;0;0;0;0;0;0;0;0;0;0;0;0;0
FR;12;2022-05-06;0;0;0;0;0;0;0;0;0;0;0;0;0;0;0;0;0;0
FR;12;2022-05-07;0;0;0;0;0;0;0;0;0;0;0;0;0;0;0;0;0;0
FR;12;2022-05-08;0;0;0;0;0;0;0;0;0;0;0;0;0;0;0;0;0;0
FR;12;2022-05-09;0;0;0;0;0;0;0;0;0;0;0;0;0;0;0;0;0;0
FR;12;2022-05-10;0;0;0;0;0;0;0;0;0;0;0;0;0;0;0;0;0;0
FR;12;2022-05-11;0;0;0;0;0;0;0;0;0;0;0;0;0;0;0;0;0;0
FR;12;2022-05-12;0;0;0;0;0;0;0;0;0;0;0;0;0;0;0;0;0;0
FR;12;2022-05-13;0;0;0;0;0;0;0;0;0;0;0;0;0;0;0;0;0;0
FR;12;2022-05-14;0;0;0;0;0;0;0;0;0;0;0;0;0;0;0;0;0;0
FR;12;2022-05-15;0;0;0;0;0;0;0;0;0;0;0;0;0;0;0;0;0;0
FR;12;2022-05-16;0;0;0;0;0;0;0;0;0;0;0;0;0;0;0;0;0;0
FR;12;2022-05-17;0;0;0;0;0;0;0;0;0;0;0;0;0;0;0;0;0;0
FR;12;2022-05-18;0;0;0;0;0;0;0;0;0;0;0;0;0;0;0;0;0;0
FR;12;2022-05-19;0;0;0;0;0;0;0;0;0;0;0;0;0;0;0;0;0;0
FR;12;2022-05-20;0;0;0;0;0;0;0;0;0;0;0;0;0;0;0;0;0;0
FR;12;2022-05-21;0;0;0;0;0;0;0;0;0;0;0;0;0;0;0;0;0;0
FR;12;2022-05-22;0;0;0;0;0;0;0;0;0;0;0;0;0;0;0;0;0;0
FR;12;2022-05-23;0;0;0;0;0;0;0;0;0;0;0;0;0;0;0;0;0;0
FR;12;2022-05-24;0;0;0;0;0;0;0;0;0;0;0;0;0;0;0;0;0;0
FR;12;2022-05-25;0;0;0;0;0;0;0;0;0;0;0;0;0;0;0;0;0;0
FR;12;2022-05-26;0;0;0;0;0;0;0;0;0;0;0;0;0;0;0;0;0;0
FR;12;2022-05-27;0;0;0;0;0;0;0;0;0;0;0;0;0;0;0;0;0;0
FR;12;2022-05-28;0;0;0;0;0;0;0;0;0;0;0;0;0;0;0;0;0;0
FR;12;2022-05-29;0;0;0;0;0;0;0;0;0;0;0;0;0;0;0;0;0;0
FR;12;2022-05-30;0;0;0;0;0;0;0;0;0;0;0;0;0;0;0;0;0;0
FR;12;2022-05-31;0;0;0;0;0;0;0;0;0;0;0;0;0;0;0;0;0;0
FR;12;2022-06-01;0;0;0;0;0;0;0;0;0;0;0;0;0;0;0;0;0;0
FR;12;2022-06-02;0;0;0;0;0;0;0;0;0;0;0;0;0;0;0;0;0;0
FR;12;2022-06-03;0;0;0;0;0;0;0;0;0;0;0;0;0;0;0;0;0;0
FR;12;2022-06-04;0;0;0;0;0;0;0;0;0;0;0;0;0;0;0;0;0;0
FR;12;2022-06-05;0;0;0;0;0;0;0;0;0;0;0;0;0;0;0;0;0;0
FR;12;2022-06-06;0;0;0;0;0;0;0;0;0;0;0;0;0;0;0;0;0;0
FR;12;2022-06-07;0;0;0;0;0;0;0;0;0;0;0;0;0;0;0;0;0;0
FR;12;2022-06-08;0;0;0;0;0;0;0;0;0;0;0;0;0;0;0;0;0;0
FR;12;2022-06-09;0;0;0;0;0;0;0;0;0;0;0;0;0;0;0;0;0;0
FR;12;2022-06-10;0;0;0;0;0;0;0;0;0;0;0;0;0;0;0;0;0;0
FR;12;2022-06-11;0;0;0;0;0;0;0;0;0;0;0;0;0;0;0;0;0;0
FR;12;2022-06-12;0;0;0;0;0;0;0;0;0;0;0;0;0;0;0;0;0;0
FR;12;2022-06-13;0;0;0;0;0;0;0;0;0;0;0;0;0;0;0;0;0;0
FR;12;2022-06-14;0;0;0;0;0;0;0;0;0;0;0;0;0;0;0;0;0;0
FR;12;2022-06-15;0;0;0;0;0;0;0;0;0;0;0;0;0;0;0;0;0;0
FR;12;2022-06-16;0;0;0;0;0;0;0;0;0;0;0;0;0;0;0;0;0;0
FR;12;2022-06-17;0;0;0;0;0;0;0;0;0;0;0;0;0;0;0;0;0;0
FR;12;2022-06-18;0;0;0;0;0;0;0;0;0;0;0;0;0;0;0;0;0;0
FR;12;2022-06-19;0;0;0;0;0;0;0;0;0;0;0;0;0;0;0;0;0;0
FR;12;2022-06-20;0;0;0;0;0;0;0;0;0;0;0;0;0;0;0;0;0;0
FR;12;2022-06-21;0;0;0;0;0;0;0;0;0;0;0;0;0;0;0;0;0;0
FR;12;2022-06-22;0;0;0;0;0;0;0;0;0;0;0;0;0;0;0;0;0;0
FR;12;2022-06-23;0;0;0;0;0;0;0;0;0;0;0;0;0;0;0;0;0;0
FR;12;2022-06-24;0;0;0;0;0;0;0;0;0;0;0;0;0;0;0;0;0;0
FR;12;2022-06-25;0;0;0;0;0;0;0;0;0;0;0;0;0;0;0;0;0;0
FR;12;2022-06-26;0;0;0;0;0;0;0;0;0;0;0;0;0;0;0;0;0;0
FR;12;2022-06-27;0;0;0;0;0;0;0;0;0;0;0;0;0;0;0;0;0;0
FR;12;2022-06-28;0;0;0;0;0;0;0;0;0;0;0;0;0;0;0;0;0;0
FR;12;2022-06-29;0;0;0;0;0;0;0;0;0;0;0;0;0;0;0;0;0;0
FR;12;2022-06-30;0;0;0;0;0;0;0;0;0;0;0;0;0;0;0;0;0;0
FR;12;2022-07-01;0;0;0;0;0;0;0;0;0;0;0;0;0;0;0;0;0;0
FR;12;2022-07-02;0;0;0;0;0;0;0;0;0;0;0;0;0;0;0;0;0;0
FR;12;2022-07-03;0;0;0;0;0;0;0;0;0;0;0;0;0;0;0;0;0;0
FR;12;2022-07-04;0;0;0;0;0;0;0;0;0;0;0;0;0;0;0;0;0;0
FR;12;2022-07-05;0;0;0;0;0;0;0;0;0;0;0;0;0;0;0;0;0;0
FR;12;2022-07-06;0;0;0;0;0;0;0;0;0;0;0;0;0;0;0;0;0;0
FR;12;2022-07-07;0;0;0;0;0;0;0;0;0;0;0;0;0;0;0;0;0;0
FR;12;2022-07-08;0;0;0;0;0;0;0;0;0;0;0;0;0;0;0;0;0;0
FR;12;2022-07-09;0;0;0;0;0;0;0;0;0;0;0;0;0;0;0;0;0;0
FR;12;2022-07-10;0;0;0;0;0;0;0;0;0;0;0;0;0;0;0;0;0;0
FR;12;2022-07-11;0;0;0;0;0;0;0;0;0;0;0;0;0;0;0;0;0;0
FR;12;2022-07-12;0;0;0;0;0;0;0;0;0;0;0;0;0;0;0;0;0;0
FR;12;2022-07-13;0;0;0;0;0;0;0;0;0;0;0;0;0;0;0;0;0;0
FR;12;2022-07-14;0;0;0;0;0;0;0;0;0;0;0;0;0;0;0;0;0;0
FR;12;2022-07-15;0;0;0;0;0;0;0;0;0;0;0;0;0;0;0;0;0;0
FR;12;2022-07-16;0;0;0;0;0;0;0;0;0;0;0;0;0;0;0;0;0;0
FR;12;2022-07-17;0;0;0;0;0;0;0;0;0;0;0;0;0;0;0;0;0;0
FR;12;2022-07-18;0;0;0;0;0;0;0;0;0;0;0;0;0;0;0;0;0;0
FR;12;2022-07-19;0;0;0;0;0;0;0;0;0;0;0;0;0;0;0;0;0;0
FR;12;2022-07-20;0;0;0;0;0;0;0;0;0;0;0;0;0;0;0;0;0;0
FR;12;2022-07-21;0;0;0;0;0;0;0;0;0;0;0;0;0;0;0;0;0;0
FR;12;2022-07-22;0;0;0;0;0;0;0;0;0;0;0;0;0;0;0;0;0;0
FR;12;2022-07-23;0;0;0;0;0;0;0;0;0;0;0;0;0;0;0;0;0;0
FR;12;2022-07-24;0;0;0;0;0;0;0;0;0;0;0;0;0;0;0;0;0;0
FR;12;2022-07-25;0;0;0;0;0;0;0;0;0;0;0;0;0;0;0;0;0;0
FR;12;2022-07-26;0;0;0;0;0;0;0;0;0;0;0;0;0;0;0;0;0;0
FR;12;2022-07-27;0;0;0;0;0;0;0;0;0;0;0;0;0;0;0;0;0;0
FR;12;2022-07-28;0;0;0;0;0;0;0;0;0;0;0;0;0;0;0;0;0;0
FR;12;2022-07-29;0;0;0;0;0;0;0;0;0;0;0;0;0;0;0;0;0;0
FR;12;2022-07-30;0;0;0;0;0;0;0;0;0;0;0;0;0;0;0;0;0;0
FR;12;2022-07-31;0;0;0;0;0;0;0;0;0;0;0;0;0;0;0;0;0;0
FR;12;2022-08-01;0;0;0;0;0;0;0;0;0;0;0;0;0;0;0;0;0;0
FR;12;2022-08-02;0;0;0;0;0;0;0;0;0;0;0;0;0;0;0;0;0;0
FR;12;2022-08-03;0;0;0;0;0;0;0;0;0;0;0;0;0;0;0;0;0;0
FR;12;2022-08-04;0;0;0;0;0;0;0;0;0;0;0;0;0;0;0;0;0;0
FR;12;2022-08-05;0;0;0;0;0;0;0;0;0;0;0;0;0;0;0;0;0;0
FR;12;2022-08-06;0;0;0;0;0;0;0;0;0;0;0;0;0;0;0;0;0;0
FR;12;2022-08-07;0;0;0;0;0;0;0;0;0;0;0;0;0;0;0;0;0;0
FR;12;2022-08-08;0;0;0;0;0;0;0;0;0;0;0;0;0;0;0;0;0;0
FR;12;2022-08-09;0;0;0;0;0;0;0;0;0;0;0;0;0;0;0;0;0;0
FR;12;2022-08-10;0;0;0;0;0;0;0;0;0;0;0;0;0;0;0;0;0;0
FR;12;2022-08-11;0;0;0;0;0;0;0;0;0;0;0;0;0;0;0;0;0;0
FR;12;2022-08-12;0;0;0;0;0;0;0;0;0;0;0;0;0;0;0;0;0;0
FR;12;2022-08-13;0;0;0;0;0;0;0;0;0;0;0;0;0;0;0;0;0;0
FR;12;2022-08-14;0;0;0;0;0;0;0;0;0;0;0;0;0;0;0;0;0;0
FR;12;2022-08-15;0;0;0;0;0;0;0;0;0;0;0;0;0;0;0;0;0;0
FR;12;2022-08-16;0;0;0;0;0;0;0;0;0;0;0;0;0;0;0;0;0;0
FR;12;2022-08-17;0;0;0;0;0;0;0;0;0;0;0;0;0;0;0;0;0;0
FR;12;2022-08-18;0;0;0;0;0;0;0;0;0;0;0;0;0;0;0;0;0;0
FR;12;2022-08-19;0;0;0;0;0;0;0;0;0;0;0;0;0;0;0;0;0;0
FR;12;2022-08-20;0;0;0;0;0;0;0;0;0;0;0;0;0;0;0;0;0;0
FR;12;2022-08-21;0;0;0;0;0;0;0;0;0;0;0;0;0;0;0;0;0;0
FR;12;2022-08-22;0;0;0;0;0;0;0;0;0;0;0;0;0;0;0;0;0;0
FR;12;2022-08-23;0;0;0;0;0;0;0;0;0;0;0;0;0;0;0;0;0;0
FR;12;2022-08-24;0;0;0;0;0;0;0;0;0;0;0;0;0;0;0;0;0;0
FR;12;2022-08-25;0;0;0;0;0;0;0;0;0;0;0;0;0;0;0;0;0;0
FR;12;2022-08-26;0;0;0;0;0;0;0;0;0;0;0;0;0;0;0;0;0;0
FR;12;2022-08-27;0;0;0;0;0;0;0;0;0;0;0;0;0;0;0;0;0;0
FR;12;2022-08-28;0;0;0;0;0;0;0;0;0;0;0;0;0;0;0;0;0;0
FR;12;2022-08-29;0;0;0;0;0;0;0;0;0;0;0;0;0;0;0;0;0;0
FR;12;2022-08-30;0;0;0;0;0;0;0;0;0;0;0;0;0;0;0;0;0;0
FR;12;2022-08-31;0;0;0;0;0;0;0;0;0;0;0;0;0;0;0;0;0;0
FR;12;2022-09-01;0;0;0;0;0;0;0;0;0;0;0;0;0;0;0;0;0;0
FR;12;2022-09-02;0;0;0;0;0;0;0;0;0;0;0;0;0;0;0;0;0;0
FR;12;2022-09-03;0;0;0;0;0;0;0;0;0;0;0;0;0;0;0;0;0;0
FR;12;2022-09-04;0;0;0;0;0;0;0;0;0;0;0;0;0;0;0;0;0;0
FR;12;2022-09-05;0;0;0;0;0;0;0;0;0;0;0;0;0;0;0;0;0;0
FR;12;2022-09-06;0;0;0;0;0;0;0;0;0;0;0;0;0;0;0;0;0;0
FR;12;2022-09-07;0;0;0;0;0;0;0;0;0;0;0;0;0;0;0;0;0;0
FR;12;2022-09-08;0;0;0;0;0;0;0;0;0;0;0;0;0;0;0;0;0;0
FR;12;2022-09-09;0;0;0;0;0;0;0;0;0;0;0;0;0;0;0;0;0;0
FR;12;2022-09-10;0;0;0;0;0;0;0;0;0;0;0;0;0;0;0;0;0;0
FR;12;2022-09-11;0;0;0;0;0;0;0;0;0;0;0;0;0;0;0;0;0;0
FR;12;2022-09-12;0;0;0;0;0;0;0;0;0;0;0;0;0;0;0;0;0;0
FR;12;2022-09-13;0;0;0;0;0;0;0;0;0;0;0;0;0;0;0;0;0;0
FR;12;2022-09-14;0;0;0;0;0;0;0;0;0;0;0;0;0;0;0;0;0;0
FR;12;2022-09-15;0;0;0;0;0;0;0;0;0;0;0;0;0;0;0;0;0;0
FR;12;2022-09-16;0;0;0;0;0;0;0;0;0;0;0;0;0;0;0;0;0;0
FR;12;2022-09-17;0;0;0;0;0;0;0;0;0;0;0;0;0;0;0;0;0;0
FR;12;2022-09-18;0;0;0;0;0;0;0;0;0;0;0;0;0;0;0;0;0;0
FR;12;2022-09-19;0;0;0;0;0;0;0;0;0;0;0;0;0;0;0;0;0;0
FR;12;2022-09-20;0;0;0;0;0;0;0;0;0;0;0;0;0;0;0;0;0;0
FR;12;2022-09-21;0;0;0;0;0;0;0;0;0;0;0;0;0;0;0;0;0;0
FR;12;2022-09-22;0;0;0;0;0;0;0;0;0;0;0;0;0;0;0;0;0;0
FR;12;2022-09-23;0;0;0;0;0;0;0;0;0;0;0;0;0;0;0;0;0;0
FR;12;2022-09-24;0;0;0;0;0;0;0;0;0;0;0;0;0;0;0;0;0;0
FR;12;2022-09-25;0;0;0;0;0;0;0;0;0;0;0;0;0;0;0;0;0;0
FR;12;2022-09-26;0;0;0;0;0;0;0;0;0;0;0;0;0;0;0;0;0;0
FR;12;2022-09-27;0;0;0;0;0;0;0;0;0;0;0;0;0;0;0;0;0;0
FR;12;2022-09-28;0;0;0;0;0;0;0;0;0;0;0;0;0;0;0;0;0;0
FR;12;2022-09-29;0;0;0;0;0;0;0;0;0;0;0;0;0;0;0;0;0;0
FR;12;2022-09-30;0;0;0;0;0;0;0;0;0;0;0;0;0;0;0;0;0;0
FR;12;2022-10-01;0;0;0;0;0;0;0;0;0;0;0;0;0;0;0;0;0;0
FR;12;2022-10-02;0;0;0;0;0;0;0;0;0;0;0;0;0;0;0;0;0;0
FR;12;2022-10-03;0;0;0;0;0;0;0;0;0;0;0;0;0;0;0;0;0;0
FR;12;2022-10-04;0;0;0;0;0;0;0;0;0;0;0;0;0;0;0;0;0;0
FR;12;2022-10-05;0;0;0;0;0;0;0;0;0;0;0;0;0;0;0;0;0;0
FR;12;2022-10-06;0;0;0;0;0;0;0;0;0;0;0;0;0;0;0;0;0;0
FR;12;2022-10-07;0;0;0;0;0;0;0;0;0;0;0;0;0;0;0;0;0;0
FR;12;2022-10-08;0;0;0;0;0;0;0;0;0;0;0;0;0;0;0;0;0;0
FR;12;2022-10-09;0;0;0;0;0;0;0;0;0;0;0;0;0;0;0;0;0;0
FR;12;2022-10-10;0;0;0;0;0;0;0;0;0;0;0;0;0;0;0;0;0;0
FR;12;2022-10-11;0;0;0;0;0;0;0;0;0;0;0;0;0;0;0;0;0;0
FR;12;2022-10-12;0;0;0;0;0;0;0;0;0;0;0;0;0;0;0;0;0;0
FR;12;2022-10-13;0;0;0;0;0;0;0;0;0;0;0;0;0;0;0;0;0;0
FR;12;2022-10-14;0;0;0;0;0;0;0;0;0;0;0;0;0;0;0;0;0;0
FR;12;2022-10-15;0;0;0;0;0;0;0;0;0;0;0;0;0;0;0;0;0;0
FR;12;2022-10-16;0;0;0;0;0;0;0;0;0;0;0;0;0;0;0;0;0;0
FR;12;2022-10-17;0;0;0;0;0;0;0;0;0;0;0;0;0;0;0;0;0;0
FR;12;2022-10-18;0;0;0;0;0;0;0;0;0;0;0;0;0;0;0;0;0;0
FR;12;2022-10-19;0;0;0;0;0;0;0;0;0;0;0;0;0;0;0;0;0;0
FR;12;2022-10-20;0;0;0;0;0;0;0;0;0;0;0;0;0;0;0;0;0;0
FR;12;2022-10-21;0;0;0;0;0;0;0;0;0;0;0;0;0;0;0;0;0;0
FR;12;2022-10-22;0;0;0;0;0;0;0;0;0;0;0;0;0;0;0;0;0;0
FR;12;2022-10-23;0;0;0;0;0;0;0;0;0;0;0;0;0;0;0;0;0;0
FR;12;2022-10-24;0;0;0;0;0;0;0;0;0;0;0;0;0;0;0;0;0;0
FR;12;2022-10-25;0;0;0;0;0;0;0;0;0;0;0;0;0;0;0;0;0;0
FR;12;2022-10-26;0;0;0;0;0;0;0;0;0;0;0;0;0;0;0;0;0;0
FR;12;2022-10-27;0;0;0;0;0;0;0;0;0;0;0;0;0;0;0;0;0;0
FR;12;2022-10-28;0;0;0;0;0;0;0;0;0;0;0;0;0;0;0;0;0;0
FR;12;2022-10-29;0;0;0;0;0;0;0;0;0;0;0;0;0;0;0;0;0;0
FR;12;2022-10-30;0;0;0;0;0;0;0;0;0;0;0;0;0;0;0;0;0;0
FR;12;2022-10-31;0;0;0;0;0;0;0;0;0;0;0;0;0;0;0;0;0;0
FR;12;2022-11-01;0;0;0;0;0;0;0;0;0;0;0;0;0;0;0;0;0;0
FR;12;2022-11-02;0;0;0;0;0;0;0;0;0;0;0;0;0;0;0;0;0;0
FR;12;2022-11-03;0;0;0;0;0;0;0;0;0;0;0;0;0;0;0;0;0;0
FR;12;2022-11-04;0;0;0;0;0;0;0;0;0;0;0;0;0;0;0;0;0;0
FR;12;2022-11-05;0;0;0;0;0;0;0;0;0;0;0;0;0;0;0;0;0;0
FR;12;2022-11-06;0;0;0;0;0;0;0;0;0;0;0;0;0;0;0;0;0;0
FR;12;2022-11-07;0;0;0;0;0;0;0;0;0;0;0;0;0;0;0;0;0;0
FR;12;2022-11-08;0;0;0;0;0;0;0;0;0;0;0;0;0;0;0;0;0;0
FR;12;2022-11-09;0;0;0;0;0;0;0;0;0;0;0;0;0;0;0;0;0;0
FR;12;2022-11-10;0;0;0;0;0;0;0;0;0;0;0;0;0;0;0;0;0;0
FR;12;2022-11-11;0;0;0;0;0;0;0;0;0;0;0;0;0;0;0;0;0;0
FR;12;2022-11-12;0;0;0;0;0;0;0;0;0;0;0;0;0;0;0;0;0;0
FR;12;2022-11-13;0;0;0;0;0;0;0;0;0;0;0;0;0;0;0;0;0;0
FR;12;2022-11-14;0;0;0;0;0;0;0;0;0;0;0;0;0;0;0;0;0;0
FR;12;2022-11-15;0;0;0;0;0;0;0;0;0;0;0;0;0;0;0;0;0;0
FR;12;2022-11-16;0;0;0;0;0;0;0;0;0;0;0;0;0;0;0;0;0;0
FR;12;2022-11-17;0;0;0;0;0;0;0;0;0;0;0;0;0;0;0;0;0;0
FR;12;2022-11-18;0;0;0;0;0;0;0;0;0;0;0;0;0;0;0;0;0;0
FR;12;2022-11-19;0;0;0;0;0;0;0;0;0;0;0;0;0;0;0;0;0;0
FR;12;2022-11-20;0;0;0;0;0;0;0;0;0;0;0;0;0;0;0;0;0;0
FR;12;2022-11-21;0;0;0;0;0;0;0;0;0;0;0;0;0;0;0;0;0;0
FR;12;2022-11-22;0;0;0;0;0;0;0;0;0;0;0;0;0;0;0;0;0;0
FR;12;2022-11-23;0;0;0;0;0;0;0;0;0;0;0;0;0;0;0;0;0;0
FR;12;2022-11-24;0;0;0;0;0;0;0;0;0;0;0;0;0;0;0;0;0;0
FR;12;2022-11-25;0;0;0;0;0;0;0;0;0;0;0;0;0;0;0;0;0;0
FR;12;2022-11-26;0;0;0;0;0;0;0;0;0;0;0;0;0;0;0;0;0;0
FR;12;2022-11-27;0;0;0;0;0;0;0;0;0;0;0;0;0;0;0;0;0;0
FR;12;2022-11-28;0;0;0;0;0;0;0;0;0;0;0;0;0;0;0;0;0;0
FR;12;2022-11-29;0;0;0;0;0;0;0;0;0;0;0;0;0;0;0;0;0;0
FR;12;2022-11-30;0;0;0;0;0;0;0;0;0;0;0;0;0;0;0;0;0;0
FR;12;2022-12-01;0;0;0;0;0;0;0;0;0;0;0;0;0;0;0;0;0;0
FR;12;2022-12-02;0;0;0;0;0;0;0;0;0;0;0;0;0;0;0;0;0;0
FR;12;2022-12-03;0;0;0;0;0;0;0;0;0;0;0;0;0;0;0;0;0;0
FR;12;2022-12-04;0;0;0;0;0;0;0;0;0;0;0;0;0;0;0;0;0;0
FR;12;2022-12-05;0;0;0;0;0;0;0;0;0;0;0;0;0;0;0;0;0;0
FR;12;2022-12-06;0;0;0;0;0;0;0;0;0;0;0;0;0;0;0;0;0;0
FR;12;2022-12-07;0;0;0;0;0;0;0;0;0;0;0;0;0;0;0;0;0;0
FR;12;2022-12-08;0;0;0;0;0;0;0;0;0;0;0;0;0;0;0;0;0;0
FR;12;2022-12-09;0;0;0;0;0;0;0;0;0;0;0;0;0;0;0;0;0;0
FR;12;2022-12-10;0;0;0;0;0;0;0;0;0;0;0;0;0;0;0;0;0;0
FR;12;2022-12-11;0;0;0;0;0;0;0;0;0;0;0;0;0;0;0;0;0;0
FR;12;2022-12-12;0;0;0;0;0;0;0;0;0;0;0;0;0;0;0;0;0;0
FR;12;2022-12-13;0;0;0;0;0;0;0;0;0;0;0;0;0;0;0;0;0;0
FR;12;2022-12-14;0;0;0;0;0;0;0;0;0;0;0;0;0;0;0;0;0;0
FR;12;2022-12-15;0;0;0;0;0;0;0;0;0;0;0;0;0;0;0;0;0;0
FR;12;2022-12-16;0;0;0;0;0;0;0;0;0;0;0;0;0;0;0;0;0;0
FR;12;2022-12-17;0;0;0;0;0;0;0;0;0;0;0;0;0;0;0;0;0;0
FR;12;2022-12-18;0;0;0;0;0;0;0;0;0;0;0;0;0;0;0;0;0;0
FR;12;2022-12-19;0;0;0;0;0;0;0;0;0;0;0;0;0;0;0;0;0;0
FR;12;2022-12-20;0;0;0;0;0;0;0;0;0;0;0;0;0;0;0;0;0;0
FR;12;2022-12-21;0;0;0;0;0;0;0;0;0;0;0;0;0;0;0;0;0;0
FR;12;2022-12-22;0;0;0;0;0;0;0;0;0;0;0;0;0;0;0;0;0;0
FR;12;2022-12-23;0;0;0;0;0;0;0;0;0;0;0;0;0;0;0;0;0;0
FR;12;2022-12-24;0;0;0;0;0;0;0;0;0;0;0;0;0;0;0;0;0;0
FR;12;2022-12-25;0;0;0;0;0;0;0;0;0;0;0;0;0;0;0;0;0;0
FR;12;2022-12-26;0;0;0;0;0;0;0;0;0;0;0;0;0;0;0;0;0;0
FR;12;2022-12-27;0;0;0;0;0;0;0;0;0;0;0;0;0;0;0;0;0;0
FR;12;2022-12-28;0;0;0;0;0;0;0;0;0;0;0;0;0;0;0;0;0;0
FR;12;2022-12-29;0;0;0;0;0;0;0;0;0;0;0;0;0;0;0;0;0;0
FR;12;2022-12-30;0;0;0;0;0;0;0;0;0;0;0;0;0;0;0;0;0;0
FR;12;2022-12-31;0;0;0;0;0;0;0;0;0;0;0;0;0;0;0;0;0;0
FR;12;2023-01-01;0;0;0;0;0;0;0;0;0;0;0;0;0;0;0;0;0;0
FR;12;2023-01-02;0;0;0;0;0;0;0;0;0;0;0;0;0;0;0;0;0;0
FR;12;2023-01-03;0;0;0;0;0;0;0;0;0;0;0;0;0;0;0;0;0;0
FR;12;2023-01-04;0;0;0;0;0;0;0;0;0;0;0;0;0;0;0;0;0;0
FR;12;2023-01-05;0;0;0;0;0;0;0;0;0;0;0;0;0;0;0;0;0;0
FR;12;2023-01-06;0;0;0;0;0;0;0;0;0;0;0;0;0;0;0;0;0;0
FR;12;2023-01-07;0;0;0;0;0;0;0;0;0;0;0;0;0;0;0;0;0;0
FR;12;2023-01-08;0;0;0;0;0;0;0;0;0;0;0;0;0;0;0;0;0;0
FR;12;2023-01-09;0;0;0;0;0;0;0;0;0;0;0;0;0;0;0;0;0;0
FR;12;2023-01-10;0;0;0;0;0;0;0;0;0;0;0;0;0;0;0;0;0;0
FR;12;2023-01-11;0;0;0;0;0;0;0;0;0;0;0;0;0;0;0;0;0;0
FR;12;2023-01-12;0;0;0;0;0;0;0;0;0;0;0;0;0;0;0;0;0;0
FR;12;2023-01-13;0;0;0;0;0;0;0;0;0;0;0;0;0;0;0;0;0;0
FR;12;2023-01-14;0;0;0;0;0;0;0;0;0;0;0;0;0;0;0;0;0;0
FR;12;2023-01-15;0;0;0;0;0;0;0;0;0;0;0;0;0;0;0;0;0;0
FR;12;2023-01-16;0;0;0;0;0;0;0;0;0;0;0;0;0;0;0;0;0;0
FR;12;2023-01-17;0;0;0;0;0;0;0;0;0;0;0;0;0;0;0;0;0;0
FR;12;2023-01-18;0;0;0;0;0;0;0;0;0;0;0;0;0;0;0;0;0;0
FR;12;2023-01-19;0;0;0;0;0;0;0;0;0;0;0;0;0;0;0;0;0;0
FR;12;2023-01-20;0;0;0;0;0;0;0;0;0;0;0;0;0;0;0;0;0;0
FR;12;2023-01-21;0;0;0;0;0;0;0;0;0;0;0;0;0;0;0;0;0;0
FR;12;2023-01-22;0;0;0;0;0;0;0;0;0;0;0;0;0;0;0;0;0;0
FR;12;2023-01-23;0;0;0;0;0;0;0;0;0;0;0;0;0;0;0;0;0;0
FR;12;2023-01-24;0;0;0;0;0;0;0;0;0;0;0;0;0;0;0;0;0;0
FR;12;2023-01-25;0;0;0;0;0;0;0;0;0;0;0;0;0;0;0;0;0;0
FR;12;2023-01-26;0;0;0;0;0;0;0;0;0;0;0;0;0;0;0;0;0;0
FR;12;2023-01-27;0;0;0;0;0;0;0;0;0;0;0;0;0;0;0;0;0;0
FR;12;2023-01-28;0;0;0;0;0;0;0;0;0;0;0;0;0;0;0;0;0;0
FR;12;2023-01-29;0;0;0;0;0;0;0;0;0;0;0;0;0;0;0;0;0;0
FR;12;2023-01-30;0;0;0;0;0;0;0;0;0;0;0;0;0;0;0;0;0;0
FR;12;2023-01-31;0;0;0;0;0;0;0;0;0;0;0;0;0;0;0;0;0;0
FR;12;2023-02-01;0;0;0;0;0;0;0;0;0;0;0;0;0;0;0;0;0;0
FR;12;2023-02-02;0;0;0;1;0;0;0;2;2;0;0;0;1;0;0;0;2;2
FR;12;2023-02-03;0;1;6;57;0;4;58;141;77;0;1;6;58;0;4;58;143;79
FR;12;2023-02-04;1;3;6;51;1;5;52;110;52;1;4;12;109;1;9;110;253;131
FR;12;2023-02-05;0;0;0;0;0;0;0;1;1;1;4;12;109;1;9;110;254;132
FR;12;2023-02-06;3;2;13;63;0;11;69;154;69;4;6;25;172;1;20;179;408;201
FR;12;2023-02-07;2;7;18;95;4;13;98;237;121;6;13;43;267;5;33;277;645;322
FR;12;2023-02-08;1;3;10;62;1;10;69;170;89;7;16;53;329;6;43;346;815;411
FR;12;2023-02-09;5;3;12;73;2;13;76;246;154;12;19;65;402;8;56;422;1061;565
FR;12;2023-02-10;4;2;22;140;4;12;150;327;162;16;21;87;542;12;68;572;1388;727
FR;12;2023-02-11;0;2;8;59;1;3;58;123;60;16;23;95;601;13;71;630;1511;787
FR;12;2023-02-12;0;0;0;3;0;0;3;7;3;16;23;95;604;13;71;633;1518;790
FR;12;2023-02-13;0;0;17;78;0;8;85;217;114;16;23;112;682;13;79;718;1735;904
FR;12;2023-02-14;3;5;17;96;5;14;99;229;108;19;28;129;778;18;93;817;1964;1012
FR;12;2023-02-15;3;5;19;85;0;13;86;236;132;22;33;148;863;18;106;903;2200;1144
FR;12;2023-02-16;5;3;16;107;3;13;103;247;129;27;36;164;970;21;119;1006;2447;1273
FR;12;2023-02-17;2;4;12;115;3;11;110;280;153;29;40;176;1085;24;130;1116;2727;1426
FR;12;2023-02-18;1;4;10;51;2;12;52;102;36;30;44;186;1136;26;142;1168;2829;1462
FR;12;2023-02-19;0;0;0;2;0;0;1;2;1;30;44;186;1138;26;142;1169;2831;1463
FR;12;2023-02-20;10;1;11;65;6;10;69;217;131;40;45;197;1203;32;152;1238;3048;1594
FR;12;2023-02-21;6;6;19;98;4;14;94;280;167;46;51;216;1301;36;166;1332;3328;1761
FR;12;2023-02-22;2;4;19;74;2;20;78;231;125;48;55;235;1375;38;186;1410;3559;1886
FR;12;2023-02-23;4;3;20;88;2;16;87;265;155;52;58;255;1463;40;202;1497;3824;2041
FR;12;2023-02-24;3;7;20;135;3;17;142;360;189;55;65;275;1598;43;219;1639;4184;2230
FR;12;2023-02-25;7;1;19;92;1;10;106;200;77;62;66;294;1690;44;229;1745;4384;2307
FR;12;2023-02-26;0;0;0;0;0;0;0;2;2;62;66;294;1690;44;229;1745;4386;2309
FR;12;2023-02-27;6;10;20;92;8;16;95;270;156;68;76;314;1782;52;245;1840;4656;2465
FR;12;2023-02-28;6;9;21;125;0;23;128;385;227;74;85;335;1907;52;268;1968;5041;2692
FR;12;2023-03-01;4;7;23;78;2;18;91;292;175;78;92;358;1985;54;286;2059;5333;2867
FR;12;2023-03-02;7;9;21;108;6;18;115;302;163;85;101;379;2093;60;304;2174;5635;3030
FR;12;2023-03-03;10;8;45;142;7;39;148;418;220;95;109;424;2235;67;343;2322;6053;3250
FR;12;2023-03-04;3;2;12;55;0;10;53;119;49;98;111;436;2290;67;353;2375;6172;3299
FR;12;2023-03-05;0;1;1;2;1;1;2;8;5;98;112;437;2292;68;354;2377;6180;3304
FR;12;2023-03-06;4;5;26;74;2;19;82;267;157;102;117;463;2366;70;373;2459;6447;3461
FR;12;2023-03-07;6;10;29;128;9;24;130;352;189;108;127;492;2494;79;397;2589;6799;3650
FR;12;2023-03-08;4;7;27;71;5;22;77;249;137;112;134;519;2565;84;419;2666;7048;3787
FR;12;2023-03-09;3;8;18;91;4;22;85;323;197;115;142;537;2656;88;441;2751;7371;3984
FR;12;2023-03-10;11;7;23;137;9;23;133;367;208;126;149;560;2793;97;464;2884;7738;4192
FR;12;2023-03-11;1;4;15;45;4;9;50;131;71;127;153;575;2838;101;473;2934;7869;4263
FR;12;2023-03-12;0;2;0;2;0;2;1;5;2;127;155;575;2840;101;475;2935;7874;4265
FR;12;2023-03-13;3;4;32;101;1;28;103;292;154;130;159;607;2941;102;503;3038;8166;4419
FR;12;2023-03-14;2;7;16;85;2;15;83;322;210;132;166;623;3026;104;518;3121;8488;4629
FR;12;2023-03-15;1;4;20;65;2;19;68;224;124;133;170;643;3091;106;537;3189;8712;4753
FR;12;2023-03-16;4;5;20;98;5;13;114;297;156;137;175;663;3189;111;550;3303;9009;4909
FR;12;2023-03-17;3;11;30;112;4;28;113;388;224;140;186;693;3301;115;578;3416;9397;5133
FR;12;2023-03-18;1;4;19;49;4;15;55;134;60;141;190;712;3350;119;593;3471;9531;5193
FR;12;2023-03-19;0;0;0;6;0;0;5;10;5;141;190;712;3356;119;593;3476;9541;5198
FR;12;2023-03-20;9;7;27;87;6;23;90;258;134;150;197;739;3443;125;616;3566;9799;5332
FR;12;2023-03-21;2;7;42;81;3;36;93;351;205;152;204;781;3524;128;652;3659;10150;5537
FR;12;2023-03-22;6;4;35;49;4;28;57;236;137;158;208;816;3573;132;680;3716;10386;5674
FR;0;2020-12-27;616;0;0;0;55;0;0;0;0;616;0;0;0;55;0;0;0;0
FR;0;2020-12-28;705;1;0;0;43;0;0;0;0;1321;1;0;0;98;0;0;0;0
FR;0;2020-12-29;389;0;0;0;19;0;0;0;0;1710;1;0;0;117;0;0;0;0
FR;0;2020-12-30;455;0;0;0;19;0;0;0;0;2165;1;0;0;136;0;0;0;0
FR;0;2020-12-31;450;1;0;0;21;0;0;0;0;2615;2;0;0;157;0;0;0;0
FR;0;2021-01-01;1193;2;0;0;66;0;0;0;0;3808;4;0;0;223;0;0;0;0
FR;0;2021-01-02;369;4;0;0;29;0;0;0;0;4177;8;0;0;252;0;0;0;0
FR;0;2021-01-03;418;0;0;0;23;0;0;0;0;4595;8;0;0;275;0;0;0;0
FR;0;2021-01-04;2143;5;0;0;51;0;0;0;0;6738;13;0;0;326;0;0;0;0
FR;0;2021-01-05;7776;6;0;0;128;0;0;0;0;14514;19;0;0;454;0;0;0;0
FR;0;2021-01-06;12479;23;0;0;128;0;0;0;0;26993;42;0;0;582;0;0;0;0
FR;0;2021-01-07;29480;24;0;0;159;0;0;0;0;56473;66;0;0;741;0;0;0;0
FR;0;2021-01-08;37170;35;0;0;204;0;0;0;0;93643;101;0;0;945;0;0;0;0
FR;0;2021-01-09;11220;9;0;0;77;0;0;0;0;104863;110;0;0;1022;0;0;0;0
FR;0;2021-01-10;6016;8;0;0;28;0;0;0;0;110879;118;0;0;1050;0;0;0;0
FR;0;2021-01-11;39956;39;0;0;232;0;0;0;0;150835;157;0;0;1282;0;0;0;0
FR;0;2021-01-12;62162;30;0;0;298;0;0;0;0;212997;187;0;0;1580;0;0;0;0
FR;0;2021-01-13;65147;62;0;0;433;0;0;0;0;278144;249;0;0;2013;0;0;0;0
FR;0;2021-01-14;83109;261;0;0;1171;0;0;0;0;361253;510;0;0;3184;0;0;0;0
FR;0;2021-01-15;69036;101;0;0;557;0;0;0;0;430289;611;0;0;3741;0;0;0;0
FR;0;2021-01-16;20219;73;0;0;183;0;0;0;0;450508;684;0;0;3924;0;0;0;0
FR;0;2021-01-17;10993;54;0;0;137;0;0;0;0;461501;738;0;0;4061;0;0;0;0
FR;0;2021-01-18;85923;179;0;0;615;0;0;0;0;547424;917;0;0;4676;0;0;0;0
FR;0;2021-01-19;130616;211;0;0;869;0;0;0;0;678040;1128;0;0;5545;0;0;0;0
FR;0;2021-01-20;137574;196;0;0;837;0;0;0;0;815614;1324;0;0;6382;0;0;0;0
FR;0;2021-01-21;158430;205;0;0;951;0;0;0;0;974044;1529;0;0;7333;0;0;0;0
FR;0;2021-01-22;121089;258;0;0;845;0;0;0;0;1095133;1787;0;0;8178;0;0;0;0
FR;0;2021-01-23;38492;86;0;0;223;0;0;0;0;1133625;1873;0;0;8401;0;0;0;0
FR;0;2021-01-24;9752;130;0;0;195;0;0;0;0;1143377;2003;0;0;8596;0;0;0;0
FR;0;2021-01-25;78256;1457;0;0;1808;0;0;0;0;1221633;3460;0;0;10404;0;0;0;0
FR;0;2021-01-26;100401;3708;1;0;4185;0;0;0;0;1322034;7168;1;0;14589;0;0;0;0
FR;0;2021-01-27;107266;6444;0;0;7160;0;0;0;0;1429300;13612;1;0;21749;0;0;0;0
FR;0;2021-01-28;124384;16410;0;0;17234;0;0;0;0;1553684;30022;1;0;38983;0;0;0;0
FR;0;2021-01-29;92201;18797;0;0;19374;0;0;0;0;1645885;48819;1;0;58357;0;0;0;0
FR;0;2021-01-30;29128;4535;0;0;4672;0;0;0;0;1675013;53354;1;0;63029;0;0;0;0
FR;0;2021-01-31;5240;1900;0;0;1945;0;0;0;0;1680253;55254;1;0;64974;0;0;0;0
FR;0;2021-02-01;53160;23044;0;0;23317;0;0;0;0;1733413;78298;1;0;88291;0;0;0;0
FR;0;2021-02-02;72334;38202;0;0;38694;0;0;0;0;1805747;116500;1;0;126985;0;0;0;0
FR;0;2021-02-03;72327;40242;0;0;40748;0;0;0;0;1878074;156742;1;0;167733;0;0;0;0
FR;0;2021-02-04;82096;55120;0;0;55715;0;0;0;0;1960170;211862;1;0;223448;0;0;0;0
FR;0;2021-02-05;68252;48236;0;0;48674;0;0;0;0;2028422;260098;1;0;272122;0;0;0;0
FR;0;2021-02-06;22951;11438;0;0;11677;0;0;0;0;2051373;271536;1;0;283799;0;0;0;0
FR;0;2021-02-07;5195;6073;0;0;6199;0;0;0;0;2056568;277609;1;0;289998;0;0;0;0
FR;0;2021-02-08;46856;48794;0;0;49282;0;0;0;0;2103424;326403;1;0;339280;0;0;0;0
FR;0;2021-02-09;66047;78450;0;0;79547;0;0;0;0;2169471;404853;1;0;418827;0;0;0;0
FR;0;2021-02-10;71048;83488;0;0;84785;0;0;0;0;2240519;488341;1;0;503612;0;0;0;0
FR;0;2021-02-11;87308;105645;0;0;107593;0;0;0;0;2327827;593986;1;0;611205;0;0;0;0
FR;0;2021-02-12;79355;76085;0;0;77833;0;0;0;0;2407182;670071;1;0;689038;0;0;0;0
FR;0;2021-02-13;22391;19536;0;0;19903;0;0;0;0;2429573;689607;1;0;708941;0;0;0;0
FR;0;2021-02-14;5080;7334;0;0;7462;0;0;0;0;2434653;696941;1;0;716403;0;0;0;0
FR;0;2021-02-15;38132;76798;0;0;77819;0;0;0;0;2472785;773739;1;0;794222;0;0;0;0
FR;0;2021-02-16;50420;99687;0;0;101034;0;0;0;0;2523205;873426;1;0;895256;0;0;0;0
FR;0;2021-02-17;50557;106928;20;0;108377;0;0;0;0;2573762;980354;21;0;1003633;0;0;0;0
FR;0;2021-02-18;69814;123719;0;0;125768;0;0;0;0;2643576;1104073;21;0;1129401;0;0;0;0
FR;0;2021-02-19;65093;92322;1;0;94213;0;0;0;0;2708669;1196395;22;0;1223614;0;0;0;0
FR;0;2021-02-20;18602;28547;0;0;28918;0;0;0;0;2727271;1224942;22;0;1252532;0;0;0;0
FR;0;2021-02-21;3335;6041;0;0;6146;0;0;0;0;2730606;1230983;22;0;1258678;0;0;0;0
FR;0;2021-02-22;37512;73174;2;0;74187;0;0;0;0;2768118;1304157;24;0;1332865;0;0;0;0
FR;0;2021-02-23;53803;85296;1;0;86818;0;0;0;0;2821921;1389453;25;0;1419683;0;0;0;0
FR;0;2021-02-24;60039;82932;1;0;84513;0;0;0;0;2881960;1472385;26;0;1504196;0;0;0;0
FR;0;2021-02-25;100611;91209;1;0;94207;0;0;0;0;2982571;1563594;27;0;1598403;0;0;0;0
FR;0;2021-02-26;113491;70752;1;0;73902;0;0;0;0;3096062;1634346;28;0;1672305;0;0;0;0
FR;0;2021-02-27;52131;22438;1;0;23683;0;0;0;0;3148193;1656784;29;0;1695988;0;0;0;0
FR;0;2021-02-28;6209;4121;2;0;4319;0;0;0;0;3154402;1660905;31;0;1700307;0;0;0;0
FR;0;2021-03-01;65944;54066;1;0;55937;0;0;0;0;3220346;1714971;32;0;1756244;0;0;0;0
FR;0;2021-03-02;101415;67171;3;0;70216;0;0;0;0;3321761;1782142;35;0;1826460;0;0;0;0
FR;0;2021-03-03;116565;65478;0;0;69170;0;0;0;0;3438326;1847620;35;0;1895630;0;0;0;0
FR;0;2021-03-04;163662;72627;3;0;78197;0;0;0;0;3601988;1920247;38;0;1973827;0;0;0;0
FR;0;2021-03-05;200962;62702;3;0;69435;0;0;0;0;3802950;1982949;41;0;2043262;0;0;0;0
FR;0;2021-03-06;207992;17482;3;0;22784;0;0;0;0;4010942;2000431;44;0;2066046;0;0;0;0
FR;0;2021-03-07;121293;3974;1;0;7268;0;0;0;0;4132235;2004405;45;0;2073314;0;0;0;0
FR;0;2021-03-08;107180;49557;2;0;53045;0;0;0;0;4239415;2053962;47;0;2126359;0;0;0;0
FR;0;2021-03-09;172487;56022;2;0;61516;0;0;0;0;4411902;2109984;49;0;2187875;0;0;0;0
FR;0;2021-03-10;179042;57053;5;0;62727;0;0;0;0;4590944;2167037;54;0;2250602;0;0;0;0
FR;0;2021-03-11;242933;64020;2;0;72117;0;0;0;0;4833877;2231057;56;0;2322719;0;0;0;0
FR;0;2021-03-12;294876;53365;1;0;62822;0;0;0;0;5128753;2284422;57;0;2385541;0;0;0;0
FR;0;2021-03-13;231445;15263;1;0;21241;0;0;0;0;5360198;2299685;58;0;2406782;0;0;0;0
FR;0;2021-03-14;63364;3044;1;0;5080;0;0;0;0;5423562;2302729;59;0;2411862;0;0;0;0
FR;0;2021-03-15;158699;31499;3;0;36154;0;0;0;0;5582261;2334228;62;0;2448016;0;0;0;0
FR;0;2021-03-16;141598;38814;6;0;42965;0;0;0;0;5723859;2373042;68;0;2490981;0;0;0;0
FR;0;2021-03-17;150519;37566;4;0;42333;0;0;0;0;5874378;2410608;72;0;2533314;0;0;0;0
FR;0;2021-03-18;167869;44323;5;0;49890;0;0;0;0;6042247;2454931;77;0;2583204;0;0;0;0
FR;0;2021-03-19;230056;36749;2;0;44107;0;0;0;0;6272303;2491680;79;0;2627311;0;0;0;0
FR;0;2021-03-20;166719;11383;1;0;16008;0;0;0;0;6439022;2503063;80;0;2643319;0;0;0;0
FR;0;2021-03-21;49957;2134;1;0;3892;0;0;0;0;6488979;2505197;81;0;2647211;0;0;0;0
FR;0;2021-03-22;170085;33523;2;0;39026;0;0;0;0;6659064;2538720;83;0;2686237;0;0;0;0
FR;0;2021-03-23;250439;42380;1;0;50226;0;0;0;0;6909503;2581100;84;0;2736463;0;0;0;0
FR;0;2021-03-24;256949;43592;0;0;51691;0;0;0;0;7166452;2624692;84;0;2788154;0;0;0;0
FR;0;2021-03-25;341874;45286;5;0;56290;0;0;0;0;7508326;2669978;89;0;2844444;0;0;0;0
FR;0;2021-03-26;358848;41801;5;1;53559;0;0;0;0;7867174;2711779;94;1;2898003;0;0;0;0
FR;0;2021-03-27;195297;16953;1;0;23397;0;0;0;0;8062471;2728732;95;1;2921400;0;0;0;0
FR;0;2021-03-28;59358;4587;3;0;6652;0;0;0;0;8121829;2733319;98;1;2928052;0;0;0;0
FR;0;2021-03-29;203026;53399;4;0;60163;0;0;0;0;8324855;2786718;102;1;2988215;0;0;0;0
FR;0;2021-03-30;285547;70035;5;0;80447;0;0;0;0;8610402;2856753;107;1;3068662;0;0;0;0
FR;0;2021-03-31;263081;74053;4;0;84725;0;0;0;0;8873483;2930806;111;1;3153387;0;0;0;0
FR;0;2021-04-01;315584;92813;11;0;106395;0;0;0;0;9189067;3023619;122;1;3259782;0;0;0;0
FR;0;2021-04-02;281384;94822;7;0;106653;0;0;0;0;9470451;3118441;129;1;3366435;0;0;0;0
FR;0;2021-04-03;141097;62597;6;0;67858;0;0;0;0;9611548;3181038;135;1;3434293;0;0;0;0
FR;0;2021-04-04;46552;19020;2;0;21073;0;0;0;0;9658100;3200058;137;1;3455366;0;0;0;0
FR;0;2021-04-05;63371;10403;11;0;13060;0;0;0;0;9721471;3210461;148;1;3468426;0;0;0;0
FR;0;2021-04-06;217273;113128;17;0;121993;0;0;0;0;9938744;3323589;165;1;3590419;0;0;0;0
FR;0;2021-04-07;260323;115275;17;0;126628;0;0;0;0;10199067;3438864;182;1;3717047;0;0;0;0
FR;0;2021-04-08;337915;123215;15;0;138844;0;0;0;0;10536982;3562079;197;1;3855891;0;0;0;0
FR;0;2021-04-09;410238;116889;49;0;134297;0;0;0;0;10947220;3678968;246;1;3990188;0;0;0;0
FR;0;2021-04-10;212664;82870;15;0;91261;0;0;0;0;11159884;3761838;261;1;4081449;0;0;0;0
FR;0;2021-04-11;56162;34179;7;0;36705;0;0;0;0;11216046;3796017;268;1;4118154;0;0;0;0
FR;0;2021-04-12;237127;115836;46;0;125444;0;0;0;0;11453173;3911853;314;1;4243598;0;0;0;0
FR;0;2021-04-13;309555;144169;98;1;157133;0;0;0;0;11762728;4056022;412;2;4400731;0;0;0;0
FR;0;2021-04-14;294604;139853;215;0;153233;0;0;0;0;12057332;4195875;627;2;4553964;0;0;0;0
FR;0;2021-04-15;337198;150528;340;0;166069;0;0;0;0;12394530;4346403;967;2;4720033;0;0;0;0
FR;0;2021-04-16;339364;147048;354;0;161706;0;0;0;0;12733894;4493451;1321;2;4881739;0;0;0;0
FR;0;2021-04-17;188689;89983;109;0;97682;0;0;0;0;12922583;4583434;1430;2;4979421;0;0;0;0
FR;0;2021-04-18;51643;35459;48;0;37882;0;0;0;0;12974226;4618893;1478;2;5017303;0;0;0;0
FR;0;2021-04-19;205750;138293;456;0;147452;0;0;0;0;13179976;4757186;1934;2;5164755;0;0;0;0
FR;0;2021-04-20;254494;172045;569;0;183706;0;0;0;0;13434470;4929231;2503;2;5348461;0;0;0;0
FR;0;2021-04-21;253344;170233;836;0;182258;0;0;0;0;13687814;5099464;3339;2;5530719;0;0;0;0
FR;0;2021-04-22;287631;190445;820;0;205041;0;0;0;0;13975445;5289909;4159;2;5735760;0;0;0;0
FR;0;2021-04-23;297687;184735;747;0;203492;0;0;0;0;14273132;5474644;4906;2;5939252;0;0;0;0
FR;0;2021-04-24;190482;112059;252;0;122513;0;0;0;0;14463614;5586703;5158;2;6061765;0;0;0;0
FR;0;2021-04-25;69576;38863;51;0;42594;0;0;0;0;14533190;5625566;5209;2;6104359;0;0;0;0
FR;0;2021-04-26;221007;158706;564;0;171907;0;0;0;0;14754197;5784272;5773;2;6276266;0;0;0;0
FR;0;2021-04-27;284657;188048;941;0;211363;0;0;0;0;15038854;5972320;6714;2;6487629;0;0;0;0
FR;0;2021-04-28;299579;184739;1427;1;209818;1;0;0;0;15338433;6157059;8141;3;6697447;1;0;0;0
FR;0;2021-04-29;357215;198301;1281;0;233388;0;0;0;0;15695648;6355360;9422;3;6930835;1;0;0;0
FR;0;2021-04-30;372268;186141;1124;1;225482;0;0;0;0;16067916;6541501;10546;4;7156317;1;0;0;0
FR;0;2021-05-01;167681;52538;179;0;63784;0;0;0;0;16235597;6594039;10725;4;7220101;1;0;0;0
FR;0;2021-05-02;91771;37864;83;0;43593;0;0;0;0;16327368;6631903;10808;4;7263694;1;0;0;0
FR;0;2021-05-03;288982;165159;843;0;185685;0;0;0;0;16616350;6797062;11651;4;7449379;1;0;0;0
FR;0;2021-05-04;315761;225626;1237;0;251802;0;0;0;0;16932111;7022688;12888;4;7701181;1;0;0;0
FR;0;2021-05-05;327299;226652;1316;0;251732;0;0;0;0;17259410;7249340;14204;4;7952913;1;0;0;0
FR;0;2021-05-06;379618;241276;1634;0;275527;0;0;0;0;17639028;7490616;15838;4;8228440;1;0;0;0
FR;0;2021-05-07;372839;258910;1224;0;299969;0;0;0;0;18011867;7749526;17062;4;8528409;1;0;0;0
FR;0;2021-05-08;222191;71496;300;0;86706;0;0;0;0;18234058;7821022;17362;4;8615115;1;0;0;0
FR;0;2021-05-09;129734;44506;243;0;53144;0;0;0;0;18363792;7865528;17605;4;8668259;1;0;0;0
FR;0;2021-05-10;313435;229734;1239;0;255518;0;0;0;0;18677227;8095262;18844;4;8923777;1;0;0;0
FR;0;2021-05-11;403986;258434;1566;0;296864;0;0;0;0;19081213;8353696;20410;4;9220641;1;0;0;0
FR;0;2021-05-12;434213;233899;1544;0;270188;0;0;0;0;19515426;8587595;21954;4;9490829;1;0;0;0
FR;0;2021-05-13;338642;56436;432;0;77929;0;0;0;0;19854068;8644031;22386;4;9568758;1;0;0;0
FR;0;2021-05-14;454194;167503;1130;0;203114;0;0;0;0;20308262;8811534;23516;4;9771872;1;0;0;0
FR;0;2021-05-15;375018;94402;445;0;120802;0;0;0;0;20683280;8905936;23961;4;9892674;1;0;0;0
FR;0;2021-05-16;202777;20689;168;0;34090;0;0;0;0;20886057;8926625;24129;4;9926764;1;0;0;0
FR;0;2021-05-17;376165;148882;1555;0;178672;0;0;0;0;21262222;9075507;25684;4;10105436;1;0;0;0
FR;0;2021-05-18;460229;154151;1991;0;193305;0;0;0;0;21722451;9229658;27675;4;10298741;1;0;0;0
FR;0;2021-05-19;467471;142540;2466;0;179808;0;0;0;0;22189922;9372198;30141;4;10478549;1;0;0;0
FR;0;2021-05-20;507604;160252;2340;0;204214;0;0;0;0;22697526;9532450;32481;4;10682763;1;0;0;0
FR;0;2021-05-21;489737;175265;1997;0;221817;0;0;0;0;23187263;9707715;34478;4;10904580;1;0;0;0
FR;0;2021-05-22;347227;80248;670;0;108680;0;0;0;0;23534490;9787963;35148;4;11013260;1;0;0;0
FR;0;2021-05-23;161718;14213;246;0;26682;0;0;0;0;23696208;9802176;35394;4;11039942;1;0;0;0
FR;0;2021-05-24;263223;33108;604;0;52946;0;0;0;0;23959431;9835284;35998;4;11092888;1;0;0;0
FR;0;2021-05-25;400319;190475;2357;1;227041;0;0;0;0;24359750;10025759;38355;5;11319929;1;0;0;0
FR;0;2021-05-26;413514;191254;2227;0;229305;0;0;0;0;24773264;10217013;40582;5;11549234;1;0;0;0
FR;0;2021-05-27;449878;220092;2163;0;267239;0;0;0;0;25223142;10437105;42745;5;11816473;1;0;0;0
FR;0;2021-05-28;429614;261175;1895;0;319275;0;0;0;0;25652756;10698280;44640;5;12135748;1;0;0;0
FR;0;2021-05-29;299010;150532;586;0;183389;0;0;0;0;25951766;10848812;45226;5;12319137;1;0;0;0
FR;0;2021-05-30;107156;32503;164;0;42087;0;0;0;0;26058922;10881315;45390;5;12361224;1;0;0;0
FR;0;2021-05-31;358083;203503;1474;1;241788;1;0;0;0;26417005;11084818;46864;6;12603012;2;0;0;0
FR;0;2021-06-01;431143;251304;1969;1;302948;1;0;0;0;26848148;11336122;48833;7;12905960;3;0;0;0
FR;0;2021-06-02;420177;232779;1986;0;280169;0;0;0;0;27268325;11568901;50819;7;13186129;3;0;0;0
FR;0;2021-06-03;465707;257773;1826;0;312549;0;0;0;0;27734032;11826674;52645;7;13498678;3;0;0;0
FR;0;2021-06-04;456305;305898;1735;1;363311;1;0;0;0;28190337;12132572;54380;8;13861989;4;0;0;0
FR;0;2021-06-05;304840;189568;653;0;222794;0;0;0;0;28495177;12322140;55033;8;14084783;4;0;0;0
FR;0;2021-06-06;133341;49018;227;0;61159;0;0;0;0;28628518;12371158;55260;8;14145942;4;0;0;0
FR;0;2021-06-07;340025;261523;1529;0;298614;0;0;0;0;28968543;12632681;56789;8;14444556;4;0;0;0
FR;0;2021-06-08;393960;291405;1806;0;338276;0;0;0;0;29362503;12924086;58595;8;14782832;4;0;0;0
FR;0;2021-06-09;384966;273786;1734;0;318185;0;0;0;0;29747469;13197872;60329;8;15101017;4;0;0;0
FR;0;2021-06-10;404256;286294;1728;1;335748;0;0;0;0;30151725;13484166;62057;9;15436765;4;0;0;0
FR;0;2021-06-11;386727;356528;1468;1;406974;0;0;0;0;30538452;13840694;63525;10;15843739;4;0;0;0
FR;0;2021-06-12;283295;210993;497;0;243141;0;0;0;0;30821747;14051687;64022;10;16086880;4;0;0;0
FR;0;2021-06-13;104908;73842;204;0;84835;0;0;0;0;30926655;14125529;64226;10;16171715;4;0;0;0
FR;0;2021-06-14;240885;354055;1429;1;383248;0;0;0;0;31167540;14479584;65655;11;16554963;4;0;0;0
FR;0;2021-06-15;308230;384333;1574;1;423110;0;0;0;0;31475770;14863917;67229;12;16978073;4;0;0;0
FR;0;2021-06-16;314026;357595;1419;1;395358;0;0;0;0;31789796;15221512;68648;13;17373431;4;0;0;0
FR;0;2021-06-17;317737;373157;1432;1;414355;0;0;0;0;32107533;15594669;70080;14;17787786;4;0;0;0
FR;0;2021-06-18;321785;442592;1341;1;486001;0;0;0;0;32429318;16037261;71421;15;18273787;4;0;0;0
FR;0;2021-06-19;224367;274023;449;0;301217;0;0;0;0;32653685;16311284;71870;15;18575004;4;0;0;0
FR;0;2021-06-20;74459;102290;131;0;111487;0;0;0;0;32728144;16413574;72001;15;18686491;4;0;0;0
FR;0;2021-06-21;195818;401757;1038;1;427723;1;0;0;0;32923962;16815331;73039;16;19114214;5;0;0;0
FR;0;2021-06-22;223242;467806;1266;10;500473;1;0;0;0;33147204;17283137;74305;26;19614687;6;0;0;0
FR;0;2021-06-23;234081;440137;1198;1;474246;1;0;0;0;33381285;17723274;75503;27;20088933;7;0;0;0
FR;0;2021-06-24;241904;409732;1359;0;447222;0;0;0;0;33623189;18133006;76862;27;20536155;7;0;0;0
FR;0;2021-06-25;227672;523082;1404;0;562078;0;0;0;0;33850861;18656088;78266;27;21098233;7;0;0;0
FR;0;2021-06-26;153294;371096;589;1;395906;0;0;0;0;34004155;19027184;78855;28;21494139;7;0;0;0
FR;0;2021-06-27;55924;155943;169;1;164854;0;0;0;0;34060079;19183127;79024;29;21658993;7;0;0;0
FR;0;2021-06-28;154812;452524;1178;0;478122;0;0;0;0;34214891;19635651;80202;29;22137115;7;0;0;0
FR;0;2021-06-29;182744;507832;2123;0;539208;0;0;0;0;34397635;20143483;82325;29;22676323;7;0;0;0
FR;0;2021-06-30;204046;485240;2016;21;519512;2;0;0;0;34601681;20628723;84341;50;23195835;9;0;0;0
FR;0;2021-07-01;231461;458544;2226;5;498490;0;0;0;0;34833142;21087267;86567;55;23694325;9;0;0;0
FR;0;2021-07-02;228709;520026;2120;5;562341;2;0;0;0;35061851;21607293;88687;60;24256666;11;0;0;0
FR;0;2021-07-03;142057;368760;908;3;395248;1;0;0;0;35203908;21976053;89595;63;24651914;12;0;0;0
FR;0;2021-07-04;56764;141004;265;0;150695;0;0;0;0;35260672;22117057;89860;63;24802609;12;0;0;0
FR;0;2021-07-05;168550;418647;1668;8;448590;0;0;0;0;35429222;22535704;91528;71;25251199;12;0;0;0
FR;0;2021-07-06;196810;474522;1830;45;511116;8;0;0;0;35626032;23010226;93358;116;25762315;20;0;0;0
FR;0;2021-07-07;213253;438957;1881;25;477415;2;0;0;0;35839285;23449183;95239;141;26239730;22;0;0;0
FR;0;2021-07-08;231677;424133;2090;20;468066;2;0;0;0;36070962;23873316;97329;161;26707796;24;0;0;0
FR;0;2021-07-09;228641;511062;2185;4;557353;1;0;0;0;36299603;24384378;99514;165;27265149;25;0;0;0
FR;0;2021-07-10;148636;339923;986;1;368861;1;0;0;0;36448239;24724301;100500;166;27634010;26;0;0;0
FR;0;2021-07-11;60218;110049;284;0;120966;0;0;0;0;36508457;24834350;100784;166;27754976;26;0;0;0
FR;0;2021-07-12;169442;477696;1766;4;512427;0;0;0;0;36677899;25312046;102550;170;28267403;26;0;0;0
FR;0;2021-07-13;287308;526590;2050;8;585623;0;0;0;0;36965207;25838636;104600;178;28853026;26;0;0;0
FR;0;2021-07-14;181122;157333;435;0;186645;0;0;0;0;37146329;25995969;105035;178;29039671;26;0;0;0
FR;0;2021-07-15;347131;501599;2100;1;571566;0;0;0;0;37493460;26497568;107135;179;29611237;26;0;0;0
FR;0;2021-07-16;380123;494971;2023;3;574145;1;0;0;0;37873583;26992539;109158;182;30185382;27;0;0;0
FR;0;2021-07-17;259755;319634;877;1;368598;0;0;0;0;38133338;27312173;110035;183;30553980;27;0;0;0
FR;0;2021-07-18;109746;114565;310;0;133004;0;0;0;0;38243084;27426738;110345;183;30686984;27;0;0;0
FR;0;2021-07-19;285528;423877;1631;3;478893;0;0;0;0;38528612;27850615;111976;186;31165877;27;0;0;0
FR;0;2021-07-20;376943;451202;1725;0;523535;0;0;0;0;38905555;28301817;113701;186;31689412;27;0;0;0
FR;0;2021-07-21;395841;406835;1550;4;481824;1;0;0;0;39301396;28708652;115251;190;32171236;28;0;0;0
FR;0;2021-07-22;441089;387300;1715;4;471778;2;0;0;0;39742485;29095952;116966;194;32643014;30;0;0;0
FR;0;2021-07-23;440351;421951;1883;4;509915;1;0;0;0;40182836;29517903;118849;198;33152929;31;0;0;0
FR;0;2021-07-24;285263;269310;804;1;321988;0;0;0;0;40468099;29787213;119653;199;33474917;31;0;0;0
FR;0;2021-07-25;121127;79915;234;0;100270;0;0;0;0;40589226;29867128;119887;199;33575187;31;0;0;0
FR;0;2021-07-26;347451;322138;1614;3;384695;1;0;0;0;40936677;30189266;121501;202;33959882;32;0;0;0
FR;0;2021-07-27;464109;319250;1698;4;400402;1;0;0;0;41400786;30508516;123199;206;34360284;33;0;0;0
FR;0;2021-07-28;459481;289367;1637;4;366982;1;0;0;0;41860267;30797883;124836;210;34727266;34;0;0;0
FR;0;2021-07-29;489865;276103;1797;2;356978;0;0;0;0;42350132;31073986;126633;212;35084244;34;0;0;0
FR;0;2021-07-30;461860;302338;1942;5;380830;1;0;0;0;42811992;31376324;128575;217;35465074;35;0;0;0
FR;0;2021-07-31;285423;185019;916;1;231507;0;0;0;0;43097415;31561343;129491;218;35696581;35;0;0;0
FR;0;2021-08-01;112046;49911;257;0;65691;0;0;0;0;43209461;31611254;129748;218;35762272;35;0;0;0
FR;0;2021-08-02;341675;234024;1603;2;284720;0;0;0;0;43551136;31845278;131351;220;36046992;35;0;0;0
FR;0;2021-08-03;398644;244430;1729;2;304505;1;0;0;0;43949780;32089708;133080;222;36351497;36;0;0;0
FR;0;2021-08-04;384890;209506;1594;6;265635;3;0;0;0;44334670;32299214;134674;228;36617132;39;0;0;0
FR;0;2021-08-05;366204;228342;1711;0;281719;0;0;0;0;44700874;32527556;136385;228;36898851;39;0;0;0
FR;0;2021-08-06;359754;271206;1835;4;326590;0;0;0;0;45060628;32798762;138220;232;37225441;39;0;0;0
FR;0;2021-08-07;213149;178320;756;5;210051;1;0;0;0;45273777;32977082;138976;237;37435492;40;0;0;0
FR;0;2021-08-08;74212;63190;276;0;73624;0;0;0;0;45347989;33040272;139252;237;37509116;40;0;0;0
FR;0;2021-08-09;258778;258576;1548;4;297492;2;0;0;0;45606767;33298848;140800;241;37806608;42;0;0;0
FR;0;2021-08-10;306897;277039;1662;2;323428;0;0;0;0;45913664;33575887;142462;243;38130036;42;0;0;0
FR;0;2021-08-11;279768;259529;1441;5;301602;0;0;0;0;46193432;33835416;143903;248;38431638;42;0;0;0
FR;0;2021-08-12;271573;278014;1668;3;320273;0;0;0;0;46465005;34113430;145571;251;38751911;42;0;0;0
FR;0;2021-08-13;252179;278120;1594;3;316958;2;0;0;0;46717184;34391550;147165;254;39068869;44;0;0;0
FR;0;2021-08-14;145364;197055;740;0;218978;0;0;0;0;46862548;34588605;147905;254;39287847;44;0;0;0
FR;0;2021-08-15;39403;50088;218;1;55670;0;0;0;0;46901951;34638693;148123;255;39343517;44;0;0;0
FR;0;2021-08-16;186195;317461;1543;0;345377;0;0;0;0;47088146;34956154;149666;255;39688894;44;0;0;0
FR;0;2021-08-17;215720;335795;1638;7;368827;0;0;0;0;47303866;35291949;151304;262;40057721;44;0;0;0
FR;0;2021-08-18;199080;324366;1599;7;354533;3;0;0;0;47502946;35616315;152903;269;40412254;47;0;0;0
FR;0;2021-08-19;192049;325392;1642;1;355952;0;0;0;0;47694995;35941707;154545;270;40768206;47;0;0;0
FR;0;2021-08-20;186492;366184;1823;3;396616;2;0;0;0;47881487;36307891;156368;273;41164822;49;0;0;0
FR;0;2021-08-21;104808;238126;709;0;254557;0;0;0;0;47986295;36546017;157077;273;41419379;49;0;0;0
FR;0;2021-08-22;31949;87207;256;1;92160;1;0;0;0;48018244;36633224;157333;274;41511539;50;0;0;0
FR;0;2021-08-23;140999;356992;1561;3;379586;0;0;0;0;48159243;36990216;158894;277;41891125;50;0;0;0
FR;0;2021-08-24;162521;376581;1850;5;402832;0;0;0;0;48321764;37366797;160744;282;42293957;50;0;0;0
FR;0;2021-08-25;151162;350715;2038;8;375403;2;0;0;0;48472926;37717512;162782;290;42669360;52;0;0;0
FR;0;2021-08-26;142893;342760;2563;10;367553;0;0;0;0;48615819;38060272;165345;300;43036913;52;0;0;0
FR;0;2021-08-27;148458;388240;2791;11;414884;1;0;0;0;48764277;38448512;168136;311;43451797;53;0;0;0
FR;0;2021-08-28;90681;249638;1407;0;264965;0;0;0;0;48854958;38698150;169543;311;43716762;53;0;0;0
FR;0;2021-08-29;27325;83349;518;1;88266;0;0;0;0;48882283;38781499;170061;312;43805028;53;0;0;0
FR;0;2021-08-30;117433;324584;4714;6;342393;5848;0;0;0;48999716;39106083;174775;318;44147421;5901;0;0;0
FR;0;2021-08-31;128829;334450;10189;19;353927;11770;2;0;0;49128545;39440533;184964;337;44501348;17671;2;0;0
FR;0;2021-09-01;136169;285654;22436;8;302403;24412;1;0;0;49264714;39726187;207400;345;44803751;42083;3;0;0
FR;0;2021-09-02;114653;247197;26525;20;262095;29012;0;0;0;49379367;39973384;233925;365;45065846;71095;3;0;0
FR;0;2021-09-03;118327;292655;29968;24;309315;33075;1;0;0;49497694;40266039;263893;389;45375161;104170;4;0;0
FR;0;2021-09-04;89892;217794;12587;12;230494;14157;7;0;0;49587586;40483833;276480;401;45605655;118327;11;0;0
FR;0;2021-09-05;21365;44795;4397;2;48280;4716;0;0;0;49608951;40528628;280877;403;45653935;123043;11;0;0
FR;0;2021-09-06;75700;180484;31957;16;190664;34304;2;0;0;49684651;40709112;312834;419;45844599;157347;13;0;0
FR;0;2021-09-07;80318;181181;33250;43;191041;36322;2;0;0;49764969;40890293;346084;462;46035640;193669;15;0;0
FR;0;2021-09-08;91012;206087;29666;28;216572;32571;4;0;0;49855981;41096380;375750;490;46252212;226240;19;0;0
FR;0;2021-09-09;76975;165309;33084;27;174112;36704;5;0;0;49932956;41261689;408834;517;46426324;262944;24;0;0
FR;0;2021-09-10;96048;203813;35743;28;214895;40788;7;0;0;50029004;41465502;444577;545;46641219;303732;31;0;0
FR;0;2021-09-11;67168;169336;12141;19;178188;14412;0;0;0;50096172;41634838;456718;564;46819407;318144;31;0;0
FR;0;2021-09-12;12829;32096;2783;1;34140;3192;2;0;0;50109001;41666934;459501;565;46853547;321336;33;0;0
FR;0;2021-09-13;64580;126162;41249;35;134179;44267;17;0;0;50173581;41793096;500750;600;46987726;365603;50;0;0
FR;0;2021-09-14;73502;129003;56391;80;135751;62445;43;0;0;50247083;41922099;557141;680;47123477;428048;93;0;0
FR;0;2021-09-15;76663;167730;55670;58;174674;54848;77;0;0;50323746;42089829;612811;738;47298151;482896;170;0;0
FR;0;2021-09-16;63895;114509;60099;82;117884;60173;65;0;0;50387641;42204338;672910;820;47416035;543069;235;0;0
FR;0;2021-09-17;75092;156853;53867;71;159730;57362;68;0;0;50462733;42361191;726777;891;47575765;600431;303;0;0
FR;0;2021-09-18;48245;139635;15602;25;144319;17319;20;0;0;50510978;42500826;742379;916;47720084;617750;323;0;0
FR;0;2021-09-19;7908;23649;2442;1;24879;2618;1;0;0;50518886;42524475;744821;917;47744963;620368;324;0;0
FR;0;2021-09-20;44581;93752;50087;72;96243;50347;34;0;0;50563467;42618227;794908;989;47841206;670715;358;0;0
FR;0;2021-09-21;45917;98364;62772;77;98382;63505;79;0;0;50609384;42716591;857680;1066;47939588;734220;437;0;0
FR;0;2021-09-22;48705;142391;55384;82;144837;55484;47;0;0;50658089;42858982;913064;1148;48084425;789704;484;0;0
FR;0;2021-09-23;43294;92064;62408;95;91274;63589;86;0;0;50701383;42951046;975472;1243;48175699;853293;570;0;0
FR;0;2021-09-24;52322;133296;54568;107;132394;59228;78;0;0;50753705;43084342;1030040;1350;48308093;912521;648;0;0
FR;0;2021-09-25;35225;115658;16276;36;118646;18314;22;0;0;50788930;43200000;1046316;1386;48426739;930835;670;0;0
FR;0;2021-09-26;5561;17805;2273;5;18691;2332;5;0;0;50794491;43217805;1048589;1391;48445430;933167;675;0;0
FR;0;2021-09-27;33986;76896;47205;97;78781;48190;81;0;1;50828477;43294701;1095794;1488;48524211;981357;756;0;1
FR;0;2021-09-28;36525;75243;54983;90;74329;56597;47;0;0;50865002;43369944;1150777;1578;48598540;1037954;803;0;1
FR;0;2021-09-29;44426;100691;53375;112;102849;54912;41;0;0;50909428;43470635;1204152;1690;48701389;1092866;844;0;1
FR;0;2021-09-30;36349;72975;57044;96;71479;59608;58;0;0;50945777;43543610;1261196;1786;48772868;1152474;902;0;1
FR;0;2021-10-01;61718;102860;57835;108;101412;64019;23;0;0;51007495;43646470;1319031;1894;48874280;1216493;925;0;1
FR;0;2021-10-02;39470;78456;20965;39;81734;23385;12;0;0;51046965;43724926;1339996;1933;48956014;1239878;937;0;1
FR;0;2021-10-03;5289;10495;2536;4;11259;2544;4;0;0;51052254;43735421;1342532;1937;48967273;1242422;941;0;1
FR;0;2021-10-04;35202;58499;52635;84;59501;54856;37;0;0;51087456;43793920;1395167;2021;49026774;1297278;978;0;1
FR;0;2021-10-05;33937;64374;61031;135;62106;65118;48;0;0;51121393;43858294;1456198;2156;49088880;1362396;1026;0;1
FR;0;2021-10-06;42727;79300;65763;112;80174;68383;29;0;0;51164120;43937594;1521961;2268;49169054;1430779;1055;0;1
FR;0;2021-10-07;30573;62282;65446;88;59499;68895;38;0;0;51194693;43999876;1587407;2356;49228553;1499674;1093;0;1
FR;0;2021-10-08;49486;91947;77772;111;89889;84808;39;0;0;51244179;44091823;1665179;2467;49318442;1584482;1132;0;1
FR;0;2021-10-09;33677;60949;31549;35;64142;33933;17;0;0;51277856;44152772;1696728;2502;49382584;1618415;1149;0;1
FR;0;2021-10-10;4723;7422;3199;9;7940;3475;2;0;0;51282579;44160194;1699927;2511;49390524;1621890;1151;0;1
FR;0;2021-10-11;30734;49885;61049;105;50603;64111;51;0;0;51313313;44210079;1760976;2616;49441127;1686001;1202;0;1
FR;0;2021-10-12;31649;54488;70635;141;51316;76049;27;0;0;51344962;44264567;1831611;2757;49492443;1762050;1229;0;1
FR;0;2021-10-13;40167;62848;74443;137;62800;79395;29;0;1;51385129;44327415;1906054;2894;49555243;1841445;1258;0;2
FR;0;2021-10-14;30364;52864;68779;116;49690;73866;34;0;0;51415493;44380279;1974833;3010;49604933;1915311;1292;0;2
FR;0;2021-10-15;44958;75234;93253;191;70330;103054;26;0;0;51460451;44455513;2068086;3201;49675263;2018365;1318;0;2
FR;0;2021-10-16;31335;44088;36701;45;46705;39654;15;0;0;51491786;44499601;2104787;3246;49721968;2058019;1333;0;2
FR;0;2021-10-17;3897;5228;3603;2;5675;3674;4;0;0;51495683;44504829;2108390;3248;49727643;2061693;1337;0;2
FR;0;2021-10-18;29216;42340;67518;134;42556;71379;27;0;0;51524899;44547169;2175908;3382;49770199;2133072;1364;0;2
FR;0;2021-10-19;27197;45547;76430;140;43209;81675;45;0;0;51552096;44592716;2252338;3522;49813408;2214747;1409;0;2
FR;0;2021-10-20;35346;52403;96959;181;51811;101577;45;0;0;51587442;44645119;2349297;3703;49865219;2316324;1454;0;2
FR;0;2021-10-21;26166;45171;83997;112;41966;89196;30;0;0;51613608;44690290;2433294;3815;49907185;2405520;1484;0;2
FR;0;2021-10-22;38450;62487;104928;200;59350;112656;61;0;0;51652058;44752777;2538222;4015;49966535;2518176;1545;0;2
FR;0;2021-10-23;27035;41203;45466;57;42428;48637;14;0;0;51679093;44793980;2583688;4072;50008963;2566813;1559;0;2
FR;0;2021-10-24;2946;4764;3685;6;5015;3922;1;0;0;51682039;44798744;2587373;4078;50013978;2570735;1560;0;2
FR;0;2021-10-25;26109;36205;82347;144;35479;86680;38;0;0;51708148;44834949;2669720;4222;50049457;2657415;1598;0;2
FR;0;2021-10-26;23770;34991;87278;166;32160;92408;34;0;0;51731918;44869940;2756998;4388;50081617;2749823;1632;0;2
FR;0;2021-10-27;30116;46302;109033;257;44041;114752;48;0;0;51762034;44916242;2866031;4645;50125658;2864575;1680;0;2
FR;0;2021-10-28;23609;34929;88743;153;31196;94540;35;0;0;51785643;44951171;2954774;4798;50156854;2959115;1715;0;2
FR;0;2021-10-29;31589;51452;117348;206;46503;125434;52;0;0;51817232;45002623;3072122;5004;50203357;3084549;1767;0;2
FR;0;2021-10-30;20577;33241;50360;76;32924;53429;20;0;0;51837809;45035864;3122482;5080;50236281;3137978;1787;0;2
FR;0;2021-10-31;2519;3732;3595;3;3844;3881;3;0;0;51840328;45039596;3126077;5083;50240125;3141859;1790;0;2
FR;0;2021-11-01;8541;4869;3223;3;5021;3585;10;0;0;51848869;45044465;3129300;5086;50245146;3145444;1800;0;2
FR;0;2021-11-02;26386;40100;93612;156;36236;99677;44;0;1;51875255;45084565;3222912;5242;50281382;3245121;1844;0;3
FR;0;2021-11-03;30132;47900;118932;222;43555;125909;64;0;0;51905387;45132465;3341844;5464;50324937;3371030;1908;0;3
FR;0;2021-11-04;23823;37460;107601;217;31575;114481;46;0;0;51929210;45169925;3449445;5681;50356512;3485511;1954;0;3
FR;0;2021-11-05;32413;52935;141678;236;44648;151469;53;0;0;51961623;45222860;3591123;5917;50401160;3636980;2007;0;3
FR;0;2021-11-06;21555;34549;64912;123;32385;68354;26;0;0;51983178;45257409;3656035;6040;50433545;3705334;2033;0;3
FR;0;2021-11-07;2429;4154;5209;6;4000;5598;7;0;0;51985607;45261563;3661244;6046;50437545;3710932;2040;0;3
FR;0;2021-11-08;20633;37736;127234;227;30948;134359;50;0;0;52006240;45299299;3788478;6273;50468493;3845291;2090;0;3
FR;0;2021-11-09;22444;44646;161738;339;32854;172353;65;0;0;52028684;45343945;3950216;6612;50501347;4017644;2155;0;3
FR;0;2021-11-10;31620;54880;187067;447;44022;198891;91;0;0;52060304;45398825;4137283;7059;50545369;4216535;2246;0;3
FR;0;2021-11-11;4750;6743;12998;28;5904;13981;17;0;0;52065054;45405568;4150281;7087;50551273;4230516;2263;0;3
FR;0;2021-11-12;29100;55057;183839;252;41723;197506;86;0;0;52094154;45460625;4334120;7339;50592996;4428022;2349;0;3
FR;0;2021-11-13;20356;32597;80730;118;28228;86354;44;0;0;52114510;45493222;4414850;7457;50621224;4514376;2393;0;3
FR;0;2021-11-14;2367;3855;7183;6;3362;7847;9;0;0;52116877;45497077;4422033;7463;50624586;4522223;2402;0;3
FR;0;2021-11-15;20524;38552;160910;314;27785;171651;77;0;0;52137401;45535629;4582943;7777;50652371;4693874;2479;0;3
FR;0;2021-11-16;23673;43832;200489;394;27706;215188;115;0;1;52161074;45579461;4783432;8171;50680077;4909062;2594;0;4
FR;0;2021-11-17;30544;50236;199905;406;36448;212970;98;0;0;52191618;45629697;4983337;8577;50716525;5122032;2692;0;4
FR;0;2021-11-18;23458;45682;191753;469;29390;205741;94;0;0;52215076;45675379;5175090;9046;50745915;5327773;2786;0;4
FR;0;2021-11-19;33696;61271;243292;551;39910;262311;148;0;0;52248772;45736650;5418382;9597;50785825;5590084;2934;0;4
FR;0;2021-11-20;25425;36657;102192;207;29264;109767;43;0;0;52274197;45773307;5520574;9804;50815089;5699851;2977;0;4
FR;0;2021-11-21;2665;4441;9682;19;3441;10607;19;0;0;52276862;45777748;5530256;9823;50818530;5710458;2996;0;4
FR;0;2021-11-22;22824;33111;180438;472;18912;194923;90;0;0;52299686;45810859;5710694;10295;50837442;5905381;3086;0;4
FR;0;2021-11-23;25734;45461;229493;549;24115;247984;85;0;0;52325420;45856320;5940187;10844;50861557;6153365;3171;0;4
FR;0;2021-11-24;31821;53593;224909;715;34475;243363;80;0;0;52357241;45909913;6165096;11559;50896032;6396728;3251;0;4
FR;0;2021-11-25;25654;49132;256029;739;25048;277939;112;0;0;52382895;45959045;6421125;12298;50921080;6674667;3363;0;4
FR;0;2021-11-26;33255;74663;379565;867;37392;414794;172;0;0;52416150;46033708;6800690;13165;50958472;7089461;3535;0;4
FR;0;2021-11-27;23508;49553;214978;391;28442;236786;135;0;0;52439658;46083261;7015668;13556;50986914;7326247;3670;0;4
FR;0;2021-11-28;3528;10443;56786;66;4055;63333;42;0;0;52443186;46093704;7072454;13622;50990969;7389580;3712;0;4
FR;0;2021-11-29;19448;54061;341570;864;23083;371912;178;0;0;52462634;46147765;7414024;14486;51014052;7761492;3890;0;4
FR;0;2021-11-30;24788;71790;457490;988;26796;500926;291;0;0;52487422;46219555;7871514;15474;51040848;8262418;4181;0;4
FR;0;2021-12-01;27397;75423;469222;1162;31310;511446;304;0;0;52514819;46294978;8340736;16636;51072158;8773864;4485;0;4
FR;0;2021-12-02;22130;71468;527254;1282;21000;575057;309;0;0;52536949;46366446;8867990;17918;51093158;9348921;4794;0;4
FR;0;2021-12-03;25582;92772;596536;1421;34332;651329;342;0;0;52562531;46459218;9464526;19339;51127490;10000250;5136;0;4
FR;0;2021-12-04;18343;60291;336312;692;25666;369888;197;0;0;52580874;46519509;9800838;20031;51153156;10370138;5333;0;4
FR;0;2021-12-05;4158;16085;95819;157;4855;107048;92;0;0;52585032;46535594;9896657;20188;51158011;10477186;5425;0;4
FR;0;2021-12-06;28453;72668;493293;1175;25225;540116;384;0;0;52613485;46608262;10389950;21363;51183236;11017302;5809;0;4
FR;0;2021-12-07;23568;91194;645577;1774;28512;706590;416;0;0;52637053;46699456;11035527;23137;51211748;11723892;6225;0;4
FR;0;2021-12-08;25524;91861;591821;1875;34932;647690;440;0;0;52662577;46791317;11627348;25012;51246680;12371582;6665;0;4
FR;0;2021-12-09;24087;94028;663354;2179;28973;726801;463;0;0;52686664;46885345;12290702;27191;51275653;13098383;7128;0;4
FR;0;2021-12-10;28080;110828;736214;2075;37936;806385;471;0;1;52714744;46996173;13026916;29266;51313589;13904768;7599;0;5
FR;0;2021-12-11;20252;76039;435253;990;29932;480481;343;0;0;52734996;47072212;13462169;30256;51343521;14385249;7942;0;5
FR;0;2021-12-12;5684;23104;142362;262;6385;159233;108;0;0;52740680;47095316;13604531;30518;51349906;14544482;8050;0;5
FR;0;2021-12-13;21371;90682;587846;1699;29634;649466;397;0;0;52762051;47185998;14192377;32217;51379540;15193948;8447;0;5
FR;0;2021-12-14;27991;118210;765813;2657;35408;847792;700;0;1;52790042;47304208;14958190;34874;51414948;16041740;9147;0;6
FR;0;2021-12-15;28460;114142;694531;2267;39494;769317;503;0;1;52818502;47418350;15652721;37141;51454442;16811057;9650;0;7
FR;0;2021-12-16;28061;115568;764256;2559;35082;844678;516;0;0;52846563;47533918;16416977;39700;51489524;17655735;10166;0;7
FR;0;2021-12-17;31666;128221;808036;2713;43320;892188;612;0;0;52878229;47662139;17225013;42413;51532844;18547923;10778;0;7
FR;0;2021-12-18;24944;81480;470063;1179;30045;522272;353;0;0;52903173;47743619;17695076;43592;51562889;19070195;11131;0;7
FR;0;2021-12-19;8770;28509;169449;376;7833;191059;143;0;0;52911943;47772128;17864525;43968;51570722;19261254;11274;0;7
FR;0;2021-12-20;31783;97027;591626;1789;33824;658843;501;0;0;52943726;47869155;18456151;45757;51604546;19920097;11775;0;7
FR;0;2021-12-21;39479;111845;682563;2391;38750;759696;607;0;0;52983205;47981000;19138714;48148;51643296;20679793;12382;0;7
FR;0;2021-12-22;39566;99119;575904;2169;37087;642224;687;0;2;53022771;48080119;19714618;50317;51680383;21322017;13069;0;9
FR;0;2021-12-23;33789;79329;441109;1659;30100;494448;589;0;0;53056560;48159448;20155727;51976;51710483;21816465;13658;0;9
FR;0;2021-12-24;10700;26010;111060;398;11637;126674;236;0;1;53067260;48185458;20266787;52374;51722120;21943139;13894;0;10
FR;0;2021-12-25;778;3568;7601;25;2045;9023;72;0;0;53068038;48189026;20274388;52399;51724165;21952162;13966;0;10
FR;0;2021-12-26;4699;11879;52123;142;4738;60167;170;0;0;53072737;48200905;20326511;52541;51728903;22012329;14136;0;10
FR;0;2021-12-27;30511;83918;453628;1364;33024;509277;665;0;0;53103248;48284823;20780139;53905;51761927;22521606;14801;0;10
FR;0;2021-12-28;38369;98788;564240;1769;35082;632333;1558;0;2;53141617;48383611;21344379;55674;51797009;23153939;16359;0;12
FR;0;2021-12-29;39882;88139;501287;1687;33086;561053;1738;0;1;53181499;48471750;21845666;57361;51830095;23714992;18097;0;13
FR;0;2021-12-30;35928;75055;421074;1520;29501;471182;1880;0;0;53217427;48546805;22266740;58881;51859596;24186174;19977;0;13
FR;0;2021-12-31;12053;25074;116895;405;11267;131678;740;0;0;53229480;48571879;22383635;59286;51870863;24317852;20717;0;13
FR;0;2022-01-01;1590;3213;8533;37;1803;9942;103;0;0;53231070;48575092;22392168;59323;51872666;24327794;20820;0;13
FR;0;2022-01-02;6123;13010;58438;126;5108;66973;408;0;0;53237193;48588102;22450606;59449;51877774;24394767;21228;0;13
FR;0;2022-01-03;39502;90140;494907;1597;36876;551789;2650;0;1;53276695;48678242;22945513;61046;51914650;24946556;23878;0;14
FR;0;2022-01-04;42243;110978;641478;2309;40642;714487;3836;0;3;53318938;48789220;23586991;63355;51955292;25661043;27714;0;17
FR;0;2022-01-05;61218;103585;569275;1984;43796;634313;3428;0;2;53380156;48892805;24156266;65339;51999088;26295356;31142;0;19
FR;0;2022-01-06;44319;110303;639063;2702;40220;711584;4557;0;2;53424475;49003108;24795329;68041;52039308;27006940;35699;0;21
FR;0;2022-01-07;50843;123283;711076;2811;46839;790565;4995;0;2;53475318;49126391;25506405;70852;52086147;27797505;40694;0;23
FR;0;2022-01-08;45015;80263;423842;1213;35045;472909;2444;0;3;53520333;49206654;25930247;72065;52121192;28270414;43138;0;26
FR;0;2022-01-09;15615;26599;128584;300;11487;145664;830;0;0;53535948;49233253;26058831;72365;52132679;28416078;43968;0;26
FR;0;2022-01-10;35420;93256;469402;1816;43023;522791;3722;0;1;53571368;49326509;26528233;74181;52175702;28938869;47690;0;27
FR;0;2022-01-11;41948;100438;548338;2310;42401;608586;5219;0;2;53613316;49426947;27076571;76491;52218103;29547455;52909;0;29
FR;0;2022-01-12;60421;95681;452749;1969;49478;504414;4497;0;8;53673737;49522628;27529320;78460;52267581;30051869;57406;0;37
FR;0;2022-01-13;38273;92508;487418;2084;40547;541098;5467;0;8;53712010;49615136;28016738;80544;52308128;30592967;62873;0;45
FR;0;2022-01-14;42587;103299;568668;2286;43506;629057;6463;0;2;53754597;49718435;28585406;82830;52351634;31222024;69336;0;47
FR;0;2022-01-15;39434;65879;340166;985;31447;377577;3296;0;1;53794031;49784314;28925572;83815;52383081;31599601;72632;0;48
FR;0;2022-01-16;11415;19198;87447;216;9020;99405;764;0;0;53805446;49803512;29013019;84031;52392101;31699006;73396;0;48
FR;0;2022-01-17;24756;59984;320330;1384;28042;354168;3960;0;4;53830202;49863496;29333349;85415;52420143;32053174;77356;0;52
FR;0;2022-01-18;28333;68684;361145;1801;32020;397589;5773;0;1;53858535;49932180;29694494;87216;52452163;32450763;83129;0;53
FR;0;2022-01-19;43230;67015;281344;1452;40388;311085;4392;0;5;53901765;49999195;29975838;88668;52492551;32761848;87521;0;58
FR;0;2022-01-20;23679;59585;299068;1750;29554;328537;5636;0;4;53925444;50058780;30274906;90418;52522105;33090385;93157;0;62
FR;0;2022-01-21;28212;68772;366410;2086;33077;401218;6580;0;3;53953656;50127552;30641316;92504;52555182;33491603;99737;0;65
FR;0;2022-01-22;27629;47975;218810;840;27306;241794;2838;0;2;53981285;50175527;30860126;93344;52582488;33733397;102575;0;67
FR;0;2022-01-23;6741;12965;48694;173;7503;55171;591;0;1;53988026;50188492;30908820;93517;52589991;33788568;103166;0;68
FR;0;2022-01-24;16287;47436;217354;1149;25400;239353;4102;0;3;54004313;50235928;31126174;94666;52615391;34027921;107268;0;71
FR;0;2022-01-25;19031;54313;243098;1548;28804;267095;6068;0;5;54023344;50290241;31369272;96214;52644195;34295016;113336;0;76
FR;0;2022-01-26;28148;60548;209311;1298;41365;229538;4478;0;3;54051492;50350789;31578583;97512;52685560;34524554;117814;0;79
FR;0;2022-01-27;16337;46485;207673;1287;26153;226058;5693;0;4;54067829;50397274;31786256;98799;52711713;34750612;123507;0;83
FR;0;2022-01-28;21592;78648;290085;1574;44969;321343;7411;0;4;54089421;50475922;32076341;100373;52756682;35071955;130918;0;87
FR;0;2022-01-29;18424;52848;184142;689;32750;204575;3255;0;2;54107845;50528770;32260483;101062;52789432;35276530;134173;0;89
FR;0;2022-01-30;4476;14467;39151;124;9133;45058;637;0;1;54112321;50543237;32299634;101186;52798565;35321588;134810;0;90
FR;0;2022-01-31;11261;43907;148218;742;26131;164723;4231;0;5;54123582;50587144;32447852;101928;52824696;35486311;139041;0;95
FR;0;2022-02-01;13647;48294;174140;1144;27330;191330;7037;0;1;54137229;50635438;32621992;103072;52852026;35677641;146078;0;96
FR;0;2022-02-02;20666;66297;171559;1034;46160;190082;5970;0;10;54157895;50701735;32793551;104106;52898186;35867723;152048;0;106
FR;0;2022-02-03;11750;44786;157584;990;25342;173287;6933;0;6;54169645;50746521;32951135;105096;52923528;36041010;158981;0;112
FR;0;2022-02-04;14643;67906;239264;1267;37530;264083;9154;0;6;54184288;50814427;33190399;106363;52961058;36305093;168135;0;118
FR;0;2022-02-05;12903;51444;153565;523;31980;172298;3784;0;3;54197191;50865871;33343964;106886;52993038;36477391;171919;0;121
FR;0;2022-02-06;2726;12168;28898;102;7289;33830;662;0;0;54199917;50878039;33372862;106988;53000327;36511221;172581;0;121
FR;0;2022-02-07;9615;46621;156904;594;24514;176305;5294;0;6;54209532;50924660;33529766;107582;53024841;36687526;177875;0;127
FR;0;2022-02-08;9814;43101;166658;870;20967;184453;7054;0;6;54219346;50967761;33696424;108452;53045808;36871979;184929;0;133
FR;0;2022-02-09;14416;58261;172359;876;35360;193068;5788;0;9;54233762;51026022;33868783;109328;53081168;37065047;190717;0;142
FR;0;2022-02-10;8726;39221;150244;881;18696;166722;6503;0;2;54242488;51065243;34019027;110209;53099864;37231769;197220;0;144
FR;0;2022-02-11;10864;55694;218522;1101;25837;243116;8322;0;3;54253352;51120937;34237549;111310;53125701;37474885;205542;0;147
FR;0;2022-02-12;8409;40970;134739;465;22637;151767;3509;0;4;54261761;51161907;34372288;111775;53148338;37626652;209051;0;151
FR;0;2022-02-13;1940;8605;26568;86;4411;30930;544;0;3;54263701;51170512;34398856;111861;53152749;37657582;209595;0;154
FR;0;2022-02-14;6995;35259;148390;486;14672;166386;4788;0;5;54270696;51205771;34547246;112347;53167421;37823968;214383;0;159
FR;0;2022-02-15;7069;36235;147002;751;16005;162588;6848;0;3;54277765;51242006;34694248;113098;53183426;37986556;221231;0;162
FR;0;2022-02-16;9416;42992;132547;722;25984;146766;5727;0;6;54287181;51284998;34826795;113820;53209410;38133322;226958;0;168
FR;0;2022-02-17;5581;24345;87317;587;13145;94891;5408;0;5;54292762;51309343;34914112;114407;53222555;38228213;232366;0;173
FR;0;2022-02-18;7001;33591;119672;807;18762;129337;7416;0;2;54299763;51342934;35033784;115214;53241317;38357550;239782;0;175
FR;0;2022-02-19;5371;24558;70029;370;15910;77339;3019;0;2;54305134;51367492;35103813;115584;53257227;38434889;242801;0;177
FR;0;2022-02-20;1150;4660;12175;39;2915;13956;460;0;1;54306284;51372152;35115988;115623;53260142;38448845;243261;0;178
FR;0;2022-02-21;4100;17896;61958;351;10173;67188;4059;0;2;54310384;51390048;35177946;115974;53270315;38516033;247320;0;180
FR;0;2022-02-22;4466;18667;60840;577;11268;64481;5255;0;1;54314850;51408715;35238786;116551;53281583;38580514;252575;0;181
FR;0;2022-02-23;6593;27364;66509;593;19632;71907;4596;0;3;54321443;51436079;35305295;117144;53301215;38652421;257171;0;184
FR;0;2022-02-24;3851;15562;50435;519;9521;53259;4531;0;2;54325294;51451641;35355730;117663;53310736;38705680;261702;0;186
FR;0;2022-02-25;5287;24297;76370;804;15273;80102;7336;0;7;54330581;51475938;35432100;118467;53326009;38785782;269038;0;193
FR;0;2022-02-26;3995;17771;47421;359;12173;51488;3083;0;3;54334576;51493709;35479521;118826;53338182;38837270;272121;0;196
FR;0;2022-02-27;881;3011;8039;47;1980;8948;531;0;0;54335457;51496720;35487560;118873;53340162;38846218;272652;0;196
FR;0;2022-02-28;3126;12561;40495;359;7595;42928;3858;0;0;54338583;51509281;35528055;119232;53347757;38889146;276510;0;196
FR;0;2022-03-01;4012;12615;44205;437;7641;44875;5520;0;6;54342595;51521896;35572260;119669;53355398;38934021;282030;0;202
FR;0;2022-03-02;5338;17814;47153;446;12874;49085;4929;0;2;54347933;51539710;35619413;120115;53368272;38983106;286959;0;204
FR;0;2022-03-03;2829;9358;29903;371;6256;30026;4050;0;2;54350762;51549068;35649316;120486;53374528;39013132;291009;0;206
FR;0;2022-03-04;3229;12514;40342;669;8512;39491;6235;0;4;54353991;51561582;35689658;121155;53383040;39052623;297244;0;210
FR;0;2022-03-05;3074;9290;24962;314;7132;25127;3134;0;1;54357065;51570872;35714620;121469;53390172;39077750;300378;0;211
FR;0;2022-03-06;521;1408;3198;43;1031;3441;379;0;0;54357586;51572280;35717818;121512;53391203;39081191;300757;0;211
FR;0;2022-03-07;2465;5636;18435;315;3853;17707;3307;0;4;54360051;51577916;35736253;121827;53395056;39098898;304064;0;215
FR;0;2022-03-08;2153;6080;19452;363;4334;17924;4094;0;3;54362204;51583996;35755705;122190;53399390;39116822;308158;0;218
FR;0;2022-03-09;3582;10527;22199;408;8754;21295;4041;0;4;54365786;51594523;35777904;122598;53408144;39138117;312199;0;222
FR;0;2022-03-10;1832;5842;17007;345;4389;15833;3408;0;3;54367618;51600365;35794911;122943;53412533;39153950;315607;0;225
FR;0;2022-03-11;2422;7562;24511;545;5441;22277;5481;0;2;54370040;51607927;35819422;123488;53417974;39176227;321088;0;227
FR;0;2022-03-12;2698;6778;17168;309;5495;16522;3137;0;2;54372738;51614705;35836590;123797;53423469;39192749;324225;0;229
FR;0;2022-03-13;406;794;2323;149;603;2272;537;0;0;54373144;51615499;35838913;123946;53424072;39195021;324762;0;229
FR;0;2022-03-14;1560;4275;14989;4412;2810;13842;7295;0;8;54374704;51619774;35853902;128358;53426882;39208863;332057;0;237
FR;0;2022-03-15;1751;6294;16387;7556;4809;14618;11036;0;9;54376455;51626068;35870289;135914;53431691;39223481;343093;0;246
FR;0;2022-03-16;3036;7413;19435;13141;6214;18113;16297;0;8;54379491;51633481;35889724;149055;53437905;39241594;359390;0;254
FR;0;2022-03-17;1461;3987;13155;10846;2807;11995;13314;0;9;54380952;51637468;35902879;159901;53440712;39253589;372704;0;263
FR;0;2022-03-18;2268;5757;20018;18307;4099;18114;22039;0;15;54383220;51643225;35922897;178208;53444811;39271703;394743;0;278
FR;0;2022-03-19;2294;4805;13116;9406;4142;12420;11409;0;6;54385514;51648030;35936013;187614;53448953;39284123;406152;0;284
FR;0;2022-03-20;301;736;1920;1074;528;1933;1340;0;2;54385815;51648766;35937933;188688;53449481;39286056;407492;0;286
FR;0;2022-03-21;1394;3222;12733;14951;2157;11959;16910;0;11;54387209;51651988;35950666;203639;53451638;39298015;424402;0;297
FR;0;2022-03-22;1557;3741;13807;20553;2580;12562;22845;0;5;54388766;51655729;35964473;224192;53454218;39310577;447247;0;302
FR;0;2022-03-23;2689;6294;17734;23151;5226;17246;25267;0;40;54391455;51662023;35982207;247343;53459444;39327823;472514;0;342
FR;0;2022-03-24;1410;3160;11600;17619;2248;10685;19394;0;23;54392865;51665183;35993807;264962;53461692;39338508;491908;0;365
FR;0;2022-03-25;2089;5159;18579;27775;3690;16917;30809;0;31;54394954;51670342;36012386;292737;53465382;39355425;522717;0;396
FR;0;2022-03-26;2232;4417;12080;12678;3866;11520;14400;0;26;54397186;51674759;36024466;305415;53469248;39366945;537117;0;422
FR;0;2022-03-27;363;693;1908;1483;515;1942;1740;0;1;54397549;51675452;36026374;306898;53469763;39368887;538857;0;423
FR;0;2022-03-28;1468;3082;11131;17490;2120;10620;19069;0;16;54399017;51678534;36037505;324388;53471883;39379507;557926;0;439
FR;0;2022-03-29;1454;3283;12912;27585;2098;12054;29284;0;34;54400471;51681817;36050417;351973;53473981;39391561;587210;0;473
FR;0;2022-03-30;2854;5563;15688;27433;4747;15088;29339;0;21;54403325;51687380;36066105;379406;53478728;39406649;616549;0;494
FR;0;2022-03-31;1615;3577;12991;25037;2561;12330;26647;0;43;54404940;51690957;36079096;404443;53481289;39418979;643196;0;537
FR;0;2022-04-01;2686;4588;20082;30897;2973;18724;33490;0;61;54407626;51695545;36099178;435340;53484262;39437703;676686;0;598
FR;0;2022-04-02;1532;2649;9053;10135;2010;8727;11297;0;29;54409158;51698194;36108231;445475;53486272;39446430;687983;0;627
FR;0;2022-04-03;293;516;1562;1171;360;1580;1382;0;2;54409451;51698710;36109793;446646;53486632;39448010;689365;0;629
FR;0;2022-04-04;4468;3020;12384;19129;2041;11593;20601;0;35;54413919;51701730;36122177;465775;53488673;39459603;709966;0;664
FR;0;2022-04-05;2606;3174;14353;34150;2051;13206;35768;0;85;54416525;51704904;36136530;499925;53490724;39472809;745734;0;749
FR;0;2022-04-06;2611;3964;13542;26515;3030;12816;27985;0;72;54419136;51708868;36150072;526440;53493754;39485625;773719;0;821
FR;0;2022-04-07;1989;3149;13682;33806;2000;12893;35163;0;76;54421125;51712017;36163754;560246;53495754;39498518;808882;0;897
FR;0;2022-04-08;2310;4342;19235;44013;2673;17860;46366;0;89;54423435;51716359;36182989;604259;53498427;39516378;855248;0;986
FR;0;2022-04-09;1373;2682;9315;13568;1904;8869;14800;0;30;54424808;51719041;36192304;617827;53500331;39525247;870048;0;1016
FR;0;2022-04-10;295;756;1984;2017;554;2006;2279;0;7;54425103;51719797;36194288;619844;53500885;39527253;872327;0;1023
FR;0;2022-04-11;1350;2622;11876;23933;1642;11484;25205;0;74;54426453;51722419;36206164;643777;53502527;39538737;897532;0;1097
FR;0;2022-04-12;1728;3080;14022;40927;1963;13395;41816;0;127;54428181;51725499;36220186;684704;53504490;39552132;939348;0;1224
FR;0;2022-04-13;1978;3722;13415;33118;2720;13036;34087;0;96;54430159;51729221;36233601;717822;53507210;39565168;973435;0;1320
FR;0;2022-04-14;1501;2983;13215;36349;1911;13073;37018;0;105;54431660;51732204;36246816;754171;53509121;39578241;1010453;0;1425
FR;0;2022-04-15;1874;3835;15645;35584;2578;14924;37236;0;115;54433534;51736039;36262461;789755;53511699;39593165;1047689;0;1540
FR;0;2022-04-16;1045;1834;6400;8553;1263;6263;9435;0;40;54434579;51737873;36268861;798308;53512962;39599428;1057124;0;1580
FR;0;2022-04-17;195;339;993;1174;223;1036;1242;0;7;54434774;51738212;36269854;799482;53513185;39600464;1058366;0;1587
FR;0;2022-04-18;199;544;2768;1072;342;2787;1287;0;5;54434973;51738756;36272622;800554;53513527;39603251;1059653;0;1592
FR;0;2022-04-19;1546;3031;12919;29690;1880;12479;30737;0;78;54436519;51741787;36285541;830244;53515407;39615730;1090390;0;1670
FR;0;2022-04-20;2007;3497;13308;29071;2611;12996;30087;0;96;54438526;51745284;36298849;859315;53518018;39628726;1120477;0;1766
FR;0;2022-04-21;1515;2854;12553;35210;1824;12647;35783;0;117;54440041;51748138;36311402;894525;53519842;39641373;1156260;0;1883
FR;0;2022-04-22;1880;3626;16479;37624;2402;15838;39163;0;131;54441921;51751764;36327881;932149;53522244;39657211;1195423;0;2014
FR;0;2022-04-23;1151;2069;7391;10659;1479;7242;11444;0;38;54443072;51753833;36335272;942808;53523723;39664453;1206867;0;2052
FR;0;2022-04-24;250;467;1478;1591;326;1414;1849;0;7;54443322;51754300;36336750;944399;53524049;39665867;1208716;0;2059
FR;0;2022-04-25;1307;2534;10686;21073;1613;10491;22095;0;79;54444629;51756834;36347436;965472;53525662;39676358;1230811;0;2138
FR;0;2022-04-26;1627;3008;13671;38664;1967;13114;39461;0;181;54446256;51759842;36361107;1004136;53527629;39689472;1270272;0;2319
FR;0;2022-04-27;1964;3065;11539;31086;2280;11596;31504;0;131;54448220;51762907;36372646;1035222;53529909;39701068;1301776;0;2450
FR;0;2022-04-28;1570;2775;12530;36261;1856;12271;36578;0;139;54449790;51765682;36385176;1071483;53531765;39713339;1338354;0;2589
FR;0;2022-04-29;2010;4834;15561;37281;3638;14937;38752;0;164;54451800;51770516;36400737;1108764;53535403;39728276;1377106;0;2753
FR;0;2022-04-30;1224;4619;6929;9717;4113;6758;10608;0;44;54453024;51775135;36407666;1118481;53539516;39735034;1387714;0;2797
FR;0;2022-05-01;220;325;916;1000;229;911;1141;0;6;54453244;51775460;36408582;1119481;53539745;39735945;1388855;0;2803
FR;0;2022-05-02;2346;2958;11155;18179;2054;10989;19023;0;69;54455590;51778418;36419737;1137660;53541799;39746934;1407878;0;2872
FR;0;2022-05-03;2062;3268;13726;34702;2129;13567;35623;0;163;54457652;51781686;36433463;1172362;53543928;39760501;1443501;0;3035
FR;0;2022-05-04;1923;3299;12187;25651;2299;12303;26202;0;110;54459575;51784985;36445650;1198013;53546227;39772804;1469703;0;3145
FR;0;2022-05-05;1792;3036;13068;33602;2014;12914;34270;0;180;54461367;51788021;36458718;1231615;53548241;39785718;1503973;0;3325
FR;0;2022-05-06;2217;3662;15354;36807;2321;14864;38269;0;182;54463584;51791683;36474072;1268422;53550562;39800582;1542242;0;3507
FR;0;2022-05-07;1210;1783;6464;9614;1255;6456;10339;0;48;54464794;51793466;36480536;1278036;53551817;39807038;1552581;0;3555
FR;0;2022-05-08;267;400;1175;1548;288;1236;1654;0;8;54465061;51793866;36481711;1279584;53552105;39808274;1554235;0;3563
FR;0;2022-05-09;1403;2306;9929;20259;1413;9799;21176;0;102;54466464;51796172;36491640;1299843;53553518;39818073;1575411;0;3665
FR;0;2022-05-10;1799;3431;13572;38999;2294;13128;40026;0;200;54468263;51799603;36505212;1338842;53555812;39831201;1615437;0;3865
FR;0;2022-05-11;2004;3019;10753;27942;2323;10699;28445;0;146;54470267;51802622;36515965;1366784;53558135;39841900;1643882;0;4011
FR;0;2022-05-12;1594;2743;11382;35736;1812;11054;36498;0;211;54471861;51805365;36527347;1402520;53559947;39852954;1680380;0;4222
FR;0;2022-05-13;1983;3222;13761;37981;2064;13350;39246;0;162;54473844;51808587;36541108;1440501;53562011;39866304;1719626;0;4384
FR;0;2022-05-14;1149;1641;5938;10778;1198;5801;11366;0;57;54474993;51810228;36547046;1451279;53563209;39872105;1730992;0;4441
FR;0;2022-05-15;283;479;1278;1440;302;1361;1593;0;6;54475276;51810707;36548324;1452719;53563511;39873466;1732585;0;4447
FR;0;2022-05-16;1195;2047;8692;21069;1247;8698;21597;0;128;54476471;51812754;36557016;1473788;53564758;39882164;1754182;0;4575
FR;0;2022-05-17;1591;2604;11827;37881;1669;11403;38723;0;180;54478062;51815358;36568843;1511669;53566427;39893567;1792905;0;4755
FR;0;2022-05-18;1815;2653;9693;27166;1955;9667;27784;0;109;54479877;51818011;36578536;1538835;53568382;39903234;1820689;0;4864
FR;0;2022-05-19;1448;2660;10579;35840;1634;10719;36031;0;162;54481325;51820671;36589115;1574675;53570016;39913953;1856720;0;5026
FR;0;2022-05-20;1876;3118;13425;39369;2079;12913;40388;0;168;54483201;51823789;36602540;1614044;53572095;39926866;1897108;0;5194
FR;0;2022-05-21;1159;1718;5662;9897;1313;5533;10534;0;45;54484360;51825507;36608202;1623941;53573408;39932399;1907642;0;5239
FR;0;2022-05-22;241;341;1030;1439;263;1016;1583;0;10;54484601;51825848;36609232;1625380;53573671;39933415;1909225;0;5249
FR;0;2022-05-23;1177;2126;8880;20373;1409;8831;21028;0;86;54485778;51827974;36618112;1645753;53575080;39942246;1930253;0;5335
FR;0;2022-05-24;1541;2760;11366;38881;1737;11238;39510;0;190;54487319;51830734;36629478;1684634;53576817;39953484;1969763;0;5525
FR;0;2022-05-25;1814;2835;9342;24846;2073;9480;25322;0;116;54489133;51833569;36638820;1709480;53578890;39962964;1995085;0;5641
FR;0;2022-05-26;216;430;1665;1201;293;1676;1344;0;26;54489349;51833999;36640485;1710681;53579183;39964640;1996429;0;5667
FR;0;2022-05-27;1390;2477;9265;21291;1670;9005;22325;0;94;54490739;51836476;36649750;1731972;53580853;39973645;2018754;0;5761
FR;0;2022-05-28;669;1271;3919;6795;851;3968;7204;0;38;54491408;51837747;36653669;1738767;53581704;39977613;2025958;0;5799
FR;0;2022-05-29;157;315;752;921;200;773;1033;0;4;54491565;51838062;36654421;1739688;53581904;39978386;2026991;0;5803
FR;0;2022-05-30;1025;1967;6995;19296;1247;7013;19808;0;91;54492590;51840029;36661416;1758984;53583151;39985399;2046799;0;5894
FR;0;2022-05-31;1488;2520;9823;35664;1647;9645;36295;0;171;54494078;51842549;36671239;1794648;53584798;39995044;2083094;0;6065
FR;0;2022-06-01;1748;3104;11029;24538;2250;10896;25491;0;122;54495826;51845653;36682268;1819186;53587048;40005940;2108585;0;6187
FR;0;2022-06-02;1479;2615;11303;35570;1715;10859;36515;0;174;54497305;51848268;36693571;1854756;53588763;40016799;2145100;0;6361
FR;0;2022-06-03;1727;3082;13426;38729;2051;12791;39999;0;176;54499032;51851350;36706997;1893485;53590814;40029590;2185099;0;6537
FR;0;2022-06-04;975;1516;5046;9113;1076;5117;9649;0;73;54500007;51852866;36712043;1902598;53591890;40034707;2194748;0;6610
FR;0;2022-06-05;180;335;875;1108;205;886;1230;0;4;54500187;51853201;36712918;1903706;53592095;40035593;2195978;0;6614
FR;0;2022-06-06;862;1254;2124;1329;1078;2141;1510;0;13;54501049;51854455;36715042;1905035;53593173;40037734;2197488;0;6627
FR;0;2022-06-07;1496;2713;9855;35596;1792;9433;36823;0;153;54502545;51857168;36724897;1940631;53594965;40047167;2234311;0;6780
FR;0;2022-06-08;1583;2696;9173;28788;1940;9017;29753;0;112;54504128;51859864;36734070;1969419;53596905;40056184;2264064;0;6892
FR;0;2022-06-09;1296;2441;10619;39499;1554;10264;40274;0;167;54505424;51862305;36744689;2008918;53598459;40066448;2304338;0;7059
FR;0;2022-06-10;1630;3192;13103;44828;2160;12665;46153;0;223;54507054;51865497;36757792;2053746;53600619;40079113;2350491;0;7282
FR;0;2022-06-11;962;1738;5432;11627;1124;5465;12212;0;55;54508016;51867235;36763224;2065373;53601743;40084578;2362703;0;7337
FR;0;2022-06-12;201;445;1079;1765;255;1141;1867;0;11;54508217;51867680;36764303;2067138;53601998;40085719;2364570;0;7348
FR;0;2022-06-13;1122;2068;7439;23183;1342;7269;24099;0;90;54509339;51869748;36771742;2090321;53603340;40092988;2388669;0;7438
FR;0;2022-06-14;1346;2548;10448;44948;1597;9804;46144;0;200;54510685;51872296;36782190;2135269;53604937;40102792;2434813;0;7638
FR;0;2022-06-15;1526;2463;9324;30907;1931;8963;31597;0;179;54512211;51874759;36791514;2166176;53606868;40111755;2466410;0;7817
FR;0;2022-06-16;1188;2041;9917;39931;1276;9326;40952;0;201;54513399;51876800;36801431;2206107;53608144;40121081;2507362;0;8018
FR;0;2022-06-17;1492;2859;12512;46699;1788;11919;47935;0;240;54514891;51879659;36813943;2252806;53609932;40133000;2555297;0;8258
FR;0;2022-06-18;856;1527;4566;11125;1038;4501;11719;0;67;54515747;51881186;36818509;2263931;53610970;40137501;2567016;0;8325
FR;0;2022-06-19;183;363;1059;1615;208;1131;1701;0;14;54515930;51881549;36819568;2265546;53611178;40138632;2568717;0;8339
FR;0;2022-06-20;1027;1924;8908;26079;1200;8569;27020;0;156;54516957;51883473;36828476;2291625;53612378;40147201;2595737;0;8495
FR;0;2022-06-21;1327;2403;10309;49896;1541;9338;51280;0;264;54518284;51885876;36838785;2341521;53613919;40156539;2647017;0;8759
FR;0;2022-06-22;1397;2514;8920;39064;1803;8430;40006;0;256;54519681;51888390;36847705;2380585;53615722;40164969;2687023;0;9015
FR;0;2022-06-23;1229;2369;10680;55109;1364;9887;56241;0;320;54520910;51890759;36858385;2435694;53617086;40174856;2743264;0;9335
FR;0;2022-06-24;1493;2996;13645;69187;1751;12307;71005;0;405;54522403;51893755;36872030;2504881;53618837;40187163;2814269;0;9740
FR;0;2022-06-25;939;1781;6237;19921;1112;5990;20776;0;177;54523342;51895536;36878267;2524802;53619949;40193153;2835045;0;9917
FR;0;2022-06-26;229;459;1953;3688;259;1818;3966;0;39;54523571;51895995;36880220;2528490;53620208;40194971;2839011;0;9956
FR;0;2022-06-27;1133;2026;10493;48488;1178;9636;49756;0;339;54524704;51898021;36890713;2576978;53621386;40204607;2888767;0;10295
FR;0;2022-06-28;1463;2816;14671;91395;1584;13089;93167;0;623;54526167;51900837;36905384;2668373;53622970;40217696;2981934;0;10918
FR;0;2022-06-29;1712;2832;12292;71894;1845;11240;73037;0;548;54527879;51903669;36917676;2740267;53624815;40228936;3054971;0;11466
FR;0;2022-06-30;1536;2734;14395;95170;1657;12476;97185;0;724;54529415;51906403;36932071;2835437;53626472;40241412;3152156;0;12190
FR;0;2022-07-01;2015;3804;21507;115936;2307;18858;118586;0;954;54531430;51910207;36953578;2951373;53628779;40260270;3270742;0;13144
FR;0;2022-07-02;1088;1859;8528;35754;1108;7704;36876;0;342;54532518;51912066;36962106;2987127;53629887;40267974;3307618;0;13486
FR;0;2022-07-03;293;539;2095;6455;319;1898;6804;0;79;54532811;51912605;36964201;2993582;53630206;40269872;3314422;0;13565
FR;0;2022-07-04;1927;3469;14714;79227;2333;12993;81300;0;639;54534738;51916074;36978915;3072809;53632539;40282865;3395722;0;14204
FR;0;2022-07-05;1794;3169;18836;133262;1801;16018;135554;0;1146;54536532;51919243;36997751;3206071;53634340;40298883;3531276;0;15350
FR;0;2022-07-06;1843;2788;15856;99602;1848;13649;101170;0;900;54538375;51922031;37013607;3305673;53636188;40312532;3632446;0;16250
FR;0;2022-07-07;1712;2873;18008;126039;1713;14788;128366;0;1179;54540087;51924904;37031615;3431712;53637901;40327320;3760812;0;17429
FR;0;2022-07-08;1894;3153;20752;137088;1857;16765;140081;0;1347;54541981;51928057;37052367;3568800;53639758;40344085;3900893;0;18776
FR;0;2022-07-09;868;1464;7741;37926;883;6688;38769;0;426;54542849;51929521;37060108;3606726;53640641;40350773;3939662;0;19202
FR;0;2022-07-10;270;686;2346;7004;440;2125;7395;0;94;54543119;51930207;37062454;3613730;53641081;40352898;3947057;0;19296
FR;0;2022-07-11;1456;2479;15020;88284;1401;12514;90472;0;801;54544575;51932686;37077474;3702014;53642482;40365412;4037529;0;20097
FR;0;2022-07-12;1842;3119;20537;143974;1716;16732;146678;0;1604;54546417;51935805;37098011;3845988;53644198;40382144;4184207;0;21701
FR;0;2022-07-13;1781;2751;15696;94543;1661;13277;96402;0;1080;54548198;51938556;37113707;3940531;53645859;40395421;4280609;0;22781
FR;0;2022-07-14;185;370;1956;5540;220;1835;5707;0;82;54548383;51938926;37115663;3946071;53646079;40397256;4286316;0;22863
FR;0;2022-07-15;1486;2575;15115;84464;1441;12598;86623;0;1035;54549869;51941501;37130778;4030535;53647520;40409854;4372939;0;23898
FR;0;2022-07-16;627;1192;5950;24982;698;5156;25674;0;327;54550496;51942693;37136728;4055517;53648218;40415010;4398613;0;24225
FR;0;2022-07-17;182;395;1738;4666;218;1570;4938;0;66;54550678;51943088;37138466;4060183;53648436;40416580;4403551;0;24291
FR;0;2022-07-18;1131;2249;11828;61809;1338;9977;63673;0;780;54551809;51945337;37150294;4121992;53649774;40426557;4467224;0;25071
FR;0;2022-07-19;1421;2354;15473;103709;1395;12294;105898;0;1459;54553230;51947691;37165767;4225701;53651169;40438851;4573122;0;26530
FR;0;2022-07-20;1426;2301;12966;77586;1471;10739;79173;0;1051;54554656;51949992;37178733;4303287;53652640;40449590;4652295;0;27581
FR;0;2022-07-21;1287;2171;13097;88243;1371;10499;89728;0;1316;54555943;51952163;37191830;4391530;53654011;40460089;4742023;0;28897
FR;0;2022-07-22;1430;2487;14823;89536;1465;11974;91416;0;1347;54557373;51954650;37206653;4481066;53655476;40472063;4833439;0;30244
FR;0;2022-07-23;684;1310;5534;22482;821;4857;23080;0;411;54558057;51955960;37212187;4503548;53656297;40476920;4856519;0;30655
FR;0;2022-07-24;185;353;1400;3905;204;1242;4132;0;72;54558242;51956313;37213587;4507453;53656501;40478162;4860651;0;30727
FR;0;2022-07-25;1060;1795;9492;48080;1147;7844;49517;0;737;54559302;51958108;37223079;4555533;53657648;40486006;4910168;0;31464
FR;0;2022-07-26;1300;2211;13306;85437;1320;10828;87134;0;1311;54560602;51960319;37236385;4640970;53658968;40496834;4997302;0;32775
FR;0;2022-07-27;1226;2008;10236;61318;1340;8531;62522;0;971;54561828;51962327;37246621;4702288;53660308;40505365;5059824;0;33746
FR;0;2022-07-28;1093;1863;10313;64403;1259;8224;65634;0;1046;54562921;51964190;37256934;4766691;53661567;40513589;5125458;0;34792
FR;0;2022-07-29;1283;2078;11010;65897;1387;8764;67327;0;1140;54564204;51966268;37267944;4832588;53662954;40522353;5192785;0;35932
FR;0;2022-07-30;503;866;3523;15283;604;2973;15666;0;303;54564707;51967134;37271467;4847871;53663558;40525326;5208451;0;36235
FR;0;2022-07-31;154;289;929;2439;185;788;2588;0;49;54564861;51967423;37272396;4850310;53663743;40526114;5211039;0;36284
FR;0;2022-08-01;976;1663;7598;30237;1256;6396;31311;0;549;54565837;51969086;37279994;4880547;53664999;40532510;5242350;0;36833
FR;0;2022-08-02;1050;1650;8580;56119;1154;6894;56807;0;1170;54566887;51970736;37288574;4936666;53666153;40539404;5299157;0;38003
FR;0;2022-08-03;852;1265;6428;38681;902;5148;39419;0;702;54567739;51972001;37295002;4975347;53667055;40544552;5338576;0;38705
FR;0;2022-08-04;741;1186;6573;43159;782;5306;43723;0;917;54568480;51973187;37301575;5018506;53667837;40549858;5382299;0;39622
FR;0;2022-08-05;856;1363;7099;44969;971;5681;45629;0;993;54569336;51974550;37308674;5063475;53668808;40555539;5427928;0;40615
FR;0;2022-08-06;341;556;2101;9367;397;1759;9567;0;228;54569677;51975106;37310775;5072842;53669205;40557298;5437495;0;40843
FR;0;2022-08-07;104;159;536;1625;116;453;1702;0;38;54569781;51975265;37311311;5074467;53669321;40557751;5439197;0;40881
FR;0;2022-08-08;638;1157;4028;22108;912;3291;22543;0;490;54570419;51976422;37315339;5096575;53670233;40561042;5461740;0;41371
FR;0;2022-08-09;743;1167;5972;39955;852;4803;40446;0;844;54571162;51977589;37321311;5136530;53671085;40565845;5502186;0;42215
FR;0;2022-08-10;667;1284;4655;28058;999;3796;28392;0;652;54571829;51978873;37325966;5164588;53672084;40569641;5530578;0;42867
FR;0;2022-08-11;638;1027;4491;29251;739;3711;29587;0;676;54572467;51979900;37330457;5193839;53672823;40573352;5560165;0;43543
FR;0;2022-08-12;843;1162;4747;28218;848;3918;28655;0;704;54573310;51981062;37335204;5222057;53673671;40577270;5588820;0;44247
FR;0;2022-08-13;331;427;1295;5260;324;1120;5419;0;121;54573641;51981489;37336499;5227317;53673995;40578390;5594239;0;44368
FR;0;2022-08-14;74;121;289;923;104;247;995;0;25;54573715;51981610;37336788;5228240;53674099;40578637;5595234;0;44393
FR;0;2022-08-15;115;230;609;564;196;557;618;0;19;54573830;51981840;37337397;5228804;53674295;40579194;5595852;0;44412
FR;0;2022-08-16;644;1078;3960;22176;840;3354;22369;0;615;54574474;51982918;37341357;5250980;53675135;40582548;5618221;0;45027
FR;0;2022-08-17;650;1038;3890;22897;813;3294;23142;0;620;54575124;51983956;37345247;5273877;53675948;40585842;5641363;0;45647
FR;0;2022-08-18;636;999;4123;26308;802;3261;26541;0;673;54575760;51984955;37349370;5300185;53676750;40589103;5667904;0;46320
FR;0;2022-08-19;605;1166;4493;27259;874;3694;27565;0;766;54576365;51986121;37353863;5327444;53677624;40592797;5695469;0;47086
FR;0;2022-08-20;308;503;1356;5569;401;1171;5728;0;146;54576673;51986624;37355219;5333013;53678025;40593968;5701197;0;47232
FR;0;2022-08-21;97;135;305;1009;96;267;1044;0;27;54576770;51986759;37355524;5334022;53678121;40594235;5702241;0;47259
FR;0;2022-08-22;584;1001;3273;15358;780;2797;15688;0;425;54577354;51987760;37358797;5349380;53678901;40597032;5717929;0;47684
FR;0;2022-08-23;730;1179;4297;29001;852;3610;29088;0;870;54578084;51988939;37363094;5378381;53679753;40600642;5747017;0;48554
FR;0;2022-08-24;669;938;3495;19539;784;2858;19728;0;608;54578753;51989877;37366589;5397920;53680537;40603500;5766745;0;49162
FR;0;2022-08-25;627;1021;3945;23402;729;3293;23666;0;673;54579380;51990898;37370534;5421322;53681266;40606793;5790411;0;49835
FR;0;2022-08-26;858;1266;4477;25884;958;3670;26257;0;777;54580238;51992164;37375011;5447206;53682224;40610463;5816668;0;50612
FR;0;2022-08-27;297;500;1379;5467;362;1244;5531;0;194;54580535;51992664;37376390;5452673;53682586;40611707;5822199;0;50806
FR;0;2022-08-28;125;163;303;920;117;288;965;0;38;54580660;51992827;37376693;5453593;53682703;40611995;5823164;0;50844
FR;0;2022-08-29;620;966;3073;14657;766;2611;14963;0;433;54581280;51993793;37379766;5468250;53683469;40614606;5838127;0;51277
FR;0;2022-08-30;853;1224;4796;28544;900;3914;28874;0;823;54582133;51995017;37384562;5496794;53684369;40618520;5867001;0;52100
FR;0;2022-08-31;695;957;3205;17642;742;2716;17906;0;508;54582828;51995974;37387767;5514436;53685111;40621236;5884907;0;52608
FR;0;2022-09-01;747;995;4480;22490;706;3827;22765;0;623;54583575;51996969;37392247;5536926;53685817;40625063;5907672;0;53231
FR;0;2022-09-02;899;1153;5043;28611;840;4256;28905;0;914;54584474;51998122;37397290;5565537;53686657;40629319;5936577;0;54145
FR;0;2022-09-03;417;569;1919;6086;424;1665;6323;0;181;54584891;51998691;37399209;5571623;53687081;40630984;5942900;0;54326
FR;0;2022-09-04;133;150;351;873;85;347;942;0;24;54585024;51998841;37399560;5572496;53687166;40631331;5943842;0;54350
FR;0;2022-09-05;728;880;3176;16065;700;2657;16378;0;523;54585752;51999721;37402736;5588561;53687866;40633988;5960220;0;54873
FR;0;2022-09-06;886;1048;4739;31851;678;3872;32080;0;1040;54586638;52000769;37407475;5620412;53688544;40637860;5992300;0;55913
FR;0;2022-09-07;699;785;2998;16821;568;2478;16970;0;572;54587337;52001554;37410473;5637233;53689112;40640338;6009270;0;56485
FR;0;2022-09-08;631;859;3809;24864;594;3141;24955;0;818;54587968;52002413;37414282;5662097;53689706;40643479;6034225;0;57303
FR;0;2022-09-09;843;1021;4445;27660;661;3686;27837;0;948;54588811;52003434;37418727;5689757;53690367;40647165;6062062;0;58251
FR;0;2022-09-10;402;638;1738;5710;463;1538;5916;0;207;54589213;52004072;37420465;5695467;53690830;40648703;6067978;0;58458
FR;0;2022-09-11;124;131;324;657;93;307;716;0;17;54589337;52004203;37420789;5696124;53690923;40649010;6068694;0;58475
FR;0;2022-09-12;517;646;2690;13296;463;2295;13589;0;478;54589854;52004849;37423479;5709420;53691386;40651305;6082283;0;58953
FR;0;2022-09-13;658;869;3996;26516;558;3486;26396;0;875;54590512;52005718;37427475;5735936;53691944;40654791;6108679;0;59828
FR;0;2022-09-14;698;799;2967;16181;591;2484;16414;0;573;54591210;52006517;37430442;5752117;53692535;40657275;6125093;0;60401
FR;0;2022-09-15;577;838;3475;23585;591;2963;23654;0;728;54591787;52007355;37433917;5775702;53693126;40660238;6148747;0;61129
FR;0;2022-09-16;798;1047;4143;25915;731;3486;26137;0;932;54592585;52008402;37438060;5801617;53693857;40663724;6174884;0;62061
FR;0;2022-09-17;392;512;1454;6146;390;1284;6238;0;242;54592977;52008914;37439514;5807763;53694247;40665008;6181122;0;62303
FR;0;2022-09-18;117;144;323;961;123;291;1016;0;36;54593094;52009058;37439837;5808724;53694370;40665299;6182138;0;62339
FR;0;2022-09-19;453;646;2260;13218;448;1934;13401;0;436;54593547;52009704;37442097;5821942;53694818;40667233;6195539;0;62775
FR;0;2022-09-20;644;896;3788;26462;651;3155;26516;0;893;54594191;52010600;37445885;5848404;53695469;40670388;6222055;0;63668
FR;0;2022-09-21;587;774;2740;16259;578;2355;16250;0;586;54594778;52011374;37448625;5864663;53696047;40672743;6238305;0;64254
FR;0;2022-09-22;598;845;3423;23594;568;2796;23818;0;774;54595376;52012219;37452048;5888257;53696615;40675539;6262123;0;65028
FR;0;2022-09-23;838;1050;4495;28720;771;3763;28892;0;1020;54596214;52013269;37456543;5916977;53697386;40679302;6291015;0;66048
FR;0;2022-09-24;423;614;1644;6894;474;1418;7078;0;306;54596637;52013883;37458187;5923871;53697860;40680720;6298093;0;66354
FR;0;2022-09-25;99;194;335;1101;148;306;1143;0;37;54596736;52014077;37458522;5924972;53698008;40681026;6299236;0;66391
FR;0;2022-09-26;438;713;2299;13540;482;2019;13645;0;435;54597174;52014790;37460821;5938512;53698490;40683045;6312881;0;66826
FR;0;2022-09-27;612;844;3627;25944;614;2910;26099;0;959;54597786;52015634;37464448;5964456;53699104;40685955;6338980;0;67785
FR;0;2022-09-28;635;827;2557;15403;634;2305;15516;0;622;54598421;52016461;37467005;5979859;53699738;40688260;6354496;0;68407
FR;0;2022-09-29;564;768;3132;21051;544;2646;21079;43;810;54598985;52017229;37470137;6000910;53700282;40690906;6375575;43;69217
FR;0;2022-09-30;787;1119;3954;25563;836;3301;25829;713;1052;54599772;52018348;37474091;6026473;53701118;40694207;6401404;756;70269
FR;0;2022-10-01;431;619;2008;5975;467;1736;6212;396;318;54600203;52018967;37476099;6032448;53701585;40695943;6407616;1152;70587
FR;0;2022-10-02;63;136;218;639;97;215;665;66;42;54600266;52019103;37476317;6033087;53701682;40696158;6408281;1218;70629
FR;0;2022-10-03;553;887;2468;12053;720;2194;12231;2074;745;54600819;52019990;37478785;6045140;53702402;40698352;6420512;3292;71374
FR;0;2022-10-04;665;829;3393;23506;575;2784;23683;4702;1583;54601484;52020819;37482178;6068646;53702977;40701136;6444195;7994;72957
FR;0;2022-10-05;572;849;2446;14606;626;2161;14747;3656;1210;54602056;52021668;37484624;6083252;53703603;40703297;6458942;11650;74167
FR;0;2022-10-06;542;739;3088;21688;541;2520;21898;6668;1908;54602598;52022407;37487712;6104940;53704144;40705817;6480840;18318;76075
FR;0;2022-10-07;730;1008;4127;30308;737;3476;30397;16873;3204;54603328;52023415;37491839;6135248;53704881;40709293;6511237;35191;79279
FR;0;2022-10-08;350;520;1651;8432;382;1410;8601;6699;1170;54603678;52023935;37493490;6143680;53705263;40710703;6519838;41890;80449
FR;0;2022-10-09;109;137;337;1587;111;312;1650;1511;297;54603787;52024072;37493827;6145267;53705374;40711015;6521488;43401;80746
FR;0;2022-10-10;489;790;2927;20538;606;2507;20869;19565;3272;54604276;52024862;37496754;6165805;53705980;40713522;6542357;62966;84018
FR;0;2022-10-11;582;810;4268;40320;551;3570;40664;40161;6380;54604858;52025672;37501022;6206125;53706531;40717092;6583021;103127;90398
FR;0;2022-10-12;584;853;3266;26755;634;2773;27085;27302;4691;54605442;52026525;37504288;6232880;53707165;40719865;6610106;130429;95089
FR;0;2022-10-13;619;813;4016;38463;603;3137;38922;40607;6607;54606061;52027338;37508304;6271343;53707768;40723002;6649028;171036;101696
FR;0;2022-10-14;757;1066;4868;47665;777;3953;48139;51132;7863;54606818;52028404;37513172;6319008;53708545;40726955;6697167;222168;109559
FR;0;2022-10-15;362;566;1867;11851;405;1629;11965;13091;2274;54607180;52028970;37515039;6330859;53708950;40728584;6709132;235259;111833
FR;0;2022-10-16;92;133;372;1967;83;356;2012;2347;479;54607272;52029103;37515411;6332826;53709033;40728940;6711144;237606;112312
FR;0;2022-10-17;437;707;3040;26460;492;2479;26834;30786;5410;54607709;52029810;37518451;6359286;53709525;40731419;6737978;268392;117722
FR;0;2022-10-18;600;733;4703;46099;531;3760;46662;55445;11701;54608309;52030543;37523154;6405385;53710056;40735179;6784640;323837;129423
FR;0;2022-10-19;562;788;3641;34375;593;3073;34743;42461;9251;54608871;52031331;37526795;6439760;53710649;40738252;6819383;366298;138674
FR;0;2022-10-20;613;798;4842;49459;583;3729;50119;60518;12924;54609484;52032129;37531637;6489219;53711232;40741981;6869502;426816;151598
FR;0;2022-10-21;690;990;5708;57023;706;4518;57708;70956;14294;54610174;52033119;37537345;6546242;53711938;40746499;6927210;497772;165892
FR;0;2022-10-22;334;412;1654;12947;332;1320;13105;15938;3386;54610508;52033531;37538999;6559189;53712270;40747819;6940315;513710;169278
FR;0;2022-10-23;96;107;350;2063;102;266;2165;2757;631;54610604;52033638;37539349;6561252;53712372;40748085;6942480;516467;169909
FR;0;2022-10-24;551;597;3137;27134;422;2687;27562;35493;7809;54611155;52034235;37542486;6588386;53712794;40750772;6970042;551960;177718
FR;0;2022-10-25;593;724;4870;49108;534;3800;49782;65233;15440;54611748;52034959;37547356;6637494;53713328;40754572;7019824;617193;193158
FR;0;2022-10-26;532;643;3474;32622;481;2899;32928;43998;11019;54612280;52035602;37550830;6670116;53713809;40757471;7052752;661191;204177
FR;0;2022-10-27;591;694;4080;40795;495;3347;41272;54465;13127;54612871;52036296;37554910;6710911;53714304;40760818;7094024;715656;217304
FR;0;2022-10-28;703;865;4609;44186;628;3504;45006;58272;13184;54613574;52037161;37559519;6755097;53714932;40764322;7139030;773928;230488
FR;0;2022-10-29;260;356;1328;9494;254;1082;9627;12523;3012;54613834;52037517;37560847;6764591;53715186;40765404;7148657;786451;233500
FR;0;2022-10-30;87;116;287;1598;92;249;1646;2145;540;54613921;52037633;37561134;6766189;53715278;40765653;7150303;788596;234040
FR;0;2022-10-31;382;485;2071;16056;354;1623;16421;22196;5502;54614303;52038118;37563205;6782245;53715632;40767276;7166724;810792;239542
FR;0;2022-11-01;93;188;926;1120;146;959;1163;1691;503;54614396;52038306;37564131;6783365;53715778;40768235;7167887;812483;240045
FR;0;2022-11-02;511;669;3036;25396;499;2581;25872;36635;10132;54614907;52038975;37567167;6808761;53716277;40770816;7193759;849118;250177
FR;0;2022-11-03;645;700;4114;40064;533;3118;40796;57037;15377;54615552;52039675;37571281;6848825;53716810;40773934;7234555;906155;265554
FR;0;2022-11-04;657;829;4425;43657;575;3518;44276;60532;15248;54616209;52040504;37575706;6892482;53717385;40777452;7278831;966687;280802
FR;0;2022-11-05;255;361;1449;9714;284;1165;9923;13462;3294;54616464;52040865;37577155;6902196;53717669;40778617;7288754;980149;284096
FR;0;2022-11-06;94;116;263;1602;99;246;1631;2337;653;54616558;52040981;37577418;6903798;53717768;40778863;7290385;982486;284749
FR;0;2022-11-07;487;563;2754;26753;476;2239;27396;39118;11004;54617045;52041544;37580172;6930551;53718244;40781102;7317781;1021604;295753
FR;0;2022-11-08;614;804;5001;51974;590;3838;52982;74287;20078;54617659;52042348;37585173;6982525;53718834;40784940;7370763;1095891;315831
FR;0;2022-11-09;516;682;3360;31606;504;2688;32382;46337;13212;54618175;52043030;37588533;7014131;53719338;40787628;7403145;1142228;329043
FR;0;2022-11-10;622;913;4574;43673;662;3624;44574;62848;17352;54618797;52043943;37593107;7057804;53720000;40791252;7447719;1205076;346395
FR;0;2022-11-11;78;114;370;1664;83;312;1727;2799;1012;54618875;52044057;37593477;7059468;53720083;40791564;7449446;1207875;347407
FR;0;2022-11-12;211;346;1195;7102;255;978;7337;10289;2765;54619086;52044403;37594672;7066570;53720338;40792542;7456783;1218164;350172
FR;0;2022-11-13;69;115;249;1207;94;213;1261;1974;625;54619155;52044518;37594921;7067777;53720432;40792755;7458044;1220138;350797
FR;0;2022-11-14;441;528;2580;23986;376;2057;24625;36201;10889;54619596;52045046;37597501;7091763;53720808;40794812;7482669;1256339;361686
FR;0;2022-11-15;608;854;4324;45030;680;3368;45976;66884;19619;54620204;52045900;37601825;7136793;53721488;40798180;7528645;1323223;381305
FR;0;2022-11-16;552;657;3070;28587;530;2577;29124;43249;13312;54620756;52046557;37604895;7165380;53722018;40800757;7557769;1366472;394617
FR;0;2022-11-17;566;679;3824;39249;526;2984;39856;58349;17402;54621322;52047236;37608719;7204629;53722544;40803741;7597625;1424821;412019
FR;0;2022-11-18;621;780;4606;45140;594;3456;46048;65707;18344;54621943;52048016;37613325;7249769;53723138;40807197;7643673;1490528;430363
FR;0;2022-11-19;270;341;1501;9806;273;1096;10001;14322;4009;54622213;52048357;37614826;7259575;53723411;40808293;7653674;1504850;434372
FR;0;2022-11-20;79;176;304;1698;158;261;1772;2717;859;54622292;52048533;37615130;7261273;53723569;40808554;7655446;1507567;435231
FR;0;2022-11-21;437;513;2424;21431;351;1954;22002;33089;10320;54622729;52049046;37617554;7282704;53723920;40810508;7677448;1540656;445551
FR;0;2022-11-22;537;608;4026;39824;435;3165;40394;59757;18234;54623266;52049654;37621580;7322528;53724355;40813673;7717842;1600413;463785
FR;0;2022-11-23;471;561;2755;26024;406;2321;26513;40381;12879;54623737;52050215;37624335;7348552;53724761;40815994;7744355;1640794;476664
FR;0;2022-11-24;510;605;3767;37152;428;2963;37865;56814;17929;54624247;52050820;37628102;7385704;53725189;40818957;7782220;1697608;494593
FR;0;2022-11-25;577;723;4187;40148;575;3148;40991;59632;17474;54624824;52051543;37632289;7425852;53725764;40822105;7823211;1757240;512067
FR;0;2022-11-26;301;338;1335;9371;262;1064;9512;13999;3971;54625125;52051881;37633624;7435223;53726026;40823169;7832723;1771239;516038
FR;0;2022-11-27;77;87;265;1661;71;225;1689;2554;805;54625202;52051968;37633889;7436884;53726097;40823394;7834412;1773793;516843
FR;0;2022-11-28;417;481;2636;24795;361;1981;25534;38451;12192;54625619;52052449;37636525;7461679;53726458;40825375;7859946;1812244;529035
FR;0;2022-11-29;499;607;4399;46521;377;3291;47248;71073;22296;54626118;52053056;37640924;7508200;53726835;40828666;7907194;1883317;551331
FR;0;2022-11-30;508;692;3738;36919;494;2896;37726;56318;17227;54626626;52053748;37644662;7545119;53727329;40831562;7944920;1939635;568558
FR;0;2022-12-01;532;680;5314;51858;458;3910;52664;79615;25205;54627158;52054428;37649976;7596977;53727787;40835472;7997584;2019250;593763
FR;0;2022-12-02;643;747;6172;61533;532;4381;62765;92430;27449;54627801;52055175;37656148;7658510;53728319;40839853;8060349;2111680;621212
FR;0;2022-12-03;304;342;2286;18050;222;1626;18479;26726;7618;54628105;52055517;37658434;7676560;53728541;40841479;8078828;2138406;628830
FR;0;2022-12-04;96;124;524;4305;91;434;4356;6441;1856;54628201;52055641;37658958;7680865;53728632;40841913;8083184;2144847;630686
FR;0;2022-12-05;462;589;4304;44675;426;2911;45646;68972;21866;54628663;52056230;37663262;7725540;53729058;40844824;8128830;2213819;652552
FR;0;2022-12-06;627;741;6846;78284;481;4651;79802;121723;39588;54629290;52056971;37670108;7803824;53729539;40849475;8208632;2335542;692140
FR;0;2022-12-07;556;636;5358;58155;473;3603;59301;90503;29567;54629846;52057607;37675466;7861979;53730012;40853078;8267933;2426045;721707
FR;0;2022-12-08;608;712;6986;79658;451;4587;81355;124157;40869;54630454;52058319;37682452;7941637;53730463;40857665;8349288;2550202;762576
FR;0;2022-12-09;782;841;8676;95678;554;5729;97570;147321;46790;54631236;52059160;37691128;8037315;53731017;40863394;8446858;2697523;809366
FR;0;2022-12-10;409;439;3825;33957;283;2481;34853;50555;14712;54631645;52059599;37694953;8071272;53731300;40865875;8481711;2748078;824078
FR;0;2022-12-11;132;141;993;8362;101;687;8567;12255;3276;54631777;52059740;37695946;8079634;53731401;40866562;8490278;2760333;827354
FR;0;2022-12-12;517;588;6376;67470;377;4133;69062;106246;34815;54632294;52060328;37702322;8147104;53731778;40870695;8559340;2866579;862169
FR;0;2022-12-13;701;776;9045;103566;484;5628;106141;164821;55049;54632995;52061104;37711367;8250670;53732262;40876323;8665481;3031400;917218
FR;0;2022-12-14;590;706;6820;73336;469;4551;75001;116965;38758;54633585;52061810;37718187;8324006;53732731;40880874;8740482;3148365;955976
FR;0;2022-12-15;657;856;8882;95902;547;5705;98219;153287;51768;54634242;52062666;37727069;8419908;53733278;40886579;8838701;3301652;1007744
FR;0;2022-12-16;827;971;9771;104796;647;6455;107034;166490;55321;54635069;52063637;37736840;8524704;53733925;40893034;8945735;3468142;1063065
FR;0;2022-12-17;344;427;3503;31788;290;2295;32580;48430;14449;54635413;52064064;37740343;8556492;53734215;40895329;8978315;3516572;1077514
FR;0;2022-12-18;93;127;788;6333;80;541;6483;9629;2752;54635506;52064191;37741131;8562825;53734295;40895870;8984798;3526201;1080266
FR;0;2022-12-19;589;615;5754;56210;431;3681;57842;90252;30083;54636095;52064806;37746885;8619035;53734726;40899551;9042640;3616453;1110349
FR;0;2022-12-20;740;788;7947;79839;524;5242;81985;130805;45055;54636835;52065594;37754832;8698874;53735250;40904793;9124625;3747258;1155404
FR;0;2022-12-21;594;621;5332;50947;431;3580;52294;84085;29281;54637429;52066215;37760164;8749821;53735681;40908373;9176919;3831343;1184685
FR;0;2022-12-22;642;663;4912;46273;459;3433;47512;76882;26897;54638071;52066878;37765076;8796094;53736140;40911806;9224431;3908225;1211582
FR;0;2022-12-23;473;581;3442;26201;417;2603;26873;43358;14900;54638544;52067459;37768518;8822295;53736557;40914409;9251304;3951583;1226482
FR;0;2022-12-24;105;108;446;2708;81;337;2832;4289;1231;54638649;52067567;37768964;8825003;53736638;40914746;9254136;3955872;1227713
FR;0;2022-12-25;34;41;133;566;33;104;592;924;273;54638683;52067608;37769097;8825569;53736671;40914850;9254728;3956796;1227986
FR;0;2022-12-26;368;390;2500;16919;289;1822;17559;27592;8820;54639051;52067998;37771597;8842488;53736960;40916672;9272287;3984388;1236806
FR;0;2022-12-27;539;661;4213;33712;444;2952;34860;56693;19728;54639590;52068659;37775810;8876200;53737404;40919624;9307147;4041081;1256534
FR;0;2022-12-28;476;517;3240;25711;351;2315;26332;42915;14821;54640066;52069176;37779050;8901911;53737755;40921939;9333479;4083996;1271355
FR;0;2022-12-29;432;539;3423;26587;352;2407;27594;45102;15657;54640498;52069715;37782473;8928498;53738107;40924346;9361073;4129098;1287012
FR;0;2022-12-30;455;504;2627;19565;358;1863;20236;32604;10979;54640953;52070219;37785100;8948063;53738465;40926209;9381309;4161702;1297991
FR;0;2022-12-31;137;156;508;3184;120;413;3328;4945;1338;54641090;52070375;37785608;8951247;53738585;40926622;9384637;4166647;1299329
FR;0;2023-01-01;25;44;177;710;26;149;736;1026;246;54641115;52070419;37785785;8951957;53738611;40926771;9385373;4167673;1299575
FR;0;2023-01-02;383;546;2997;19026;373;2311;19505;32960;12060;54641498;52070965;37788782;8970983;53738984;40929082;9404878;4200633;1311635
FR;0;2023-01-03;658;674;4751;44181;452;3364;45122;82767;34814;54642156;52071639;37793533;9015164;53739436;40932446;9450000;4283400;1346449
FR;0;2023-01-04;538;586;3869;31094;396;2761;31909;59855;25803;54642694;52072225;37797402;9046258;53739832;40935207;9481909;4343255;1372252
FR;0;2023-01-05;662;743;4682;43293;545;3185;44227;84015;37158;54643356;52072968;37802084;9089551;53740377;40938392;9526136;4427270;1409410
FR;0;2023-01-06;741;855;5520;48565;576;3660;49626;92080;39504;54644097;52073823;37807604;9138116;53740953;40942052;9575762;4519350;1448914
FR;0;2023-01-07;345;410;1947;12931;298;1412;13252;23029;8766;54644442;52074233;37809551;9151047;53741251;40943464;9589014;4542379;1457680
FR;0;2023-01-08;104;143;492;2918;99;354;3014;5231;1992;54644546;52074376;37810043;9153965;53741350;40943818;9592028;4547610;1459672
FR;0;2023-01-09;577;625;2857;22321;446;2061;22904;45816;21205;54645123;52075001;37812900;9176286;53741796;40945879;9614932;4593426;1480877
FR;0;2023-01-10;613;768;4800;41542;530;3431;42377;86979;41761;54645736;52075769;37817700;9217828;53742326;40949310;9657309;4680405;1522638
FR;0;2023-01-11;498;589;3133;25081;428;2277;25610;52845;25231;54646234;52076358;37820833;9242909;53742754;40951587;9682919;4733250;1547869
FR;0;2023-01-12;588;676;3979;34331;454;2879;34957;72432;35046;54646822;52077034;37824812;9277240;53743208;40954466;9717876;4805682;1582915
FR;0;2023-01-13;733;789;4369;36208;544;3143;36854;74565;35175;54647555;52077823;37829181;9313448;53743752;40957609;9754730;4880247;1618090
FR;0;2023-01-14;352;342;1582;9307;234;1193;9499;17759;7416;54647907;52078165;37830763;9322755;53743986;40958802;9764229;4898006;1625506
FR;0;2023-01-15;100;122;378;1566;79;289;1677;3254;1404;54648007;52078287;37831141;9324321;53744065;40959091;9765906;4901260;1626910
FR;0;2023-01-16;421;474;2382;16343;328;1787;16606;35977;18093;54648428;52078761;37833523;9340664;53744393;40960878;9782512;4937237;1645003
FR;0;2023-01-17;503;589;3531;29058;405;2559;29619;65742;33906;54648931;52079350;37837054;9369722;53744798;40963437;9812131;5002979;1678909
FR;0;2023-01-18;469;558;2358;17446;405;1828;17757;39149;19873;54649400;52079908;37839412;9387168;53745203;40965265;9829888;5042128;1698782
FR;0;2023-01-19;506;521;2866;23056;356;2128;23399;52254;26988;54649906;52080429;37842278;9410224;53745559;40967393;9853287;5094382;1725770
FR;0;2023-01-20;630;696;3464;25782;495;2620;26265;57718;29385;54650536;52081125;37845742;9436006;53746054;40970013;9879552;5152100;1755155
FR;0;2023-01-21;261;305;1141;6420;220;880;6529;13239;6017;54650797;52081430;37846883;9442426;53746274;40970893;9886081;5165339;1761172
FR;0;2023-01-22;45;63;178;878;32;154;928;1921;874;54650842;52081493;37847061;9443304;53746306;40971047;9887009;5167260;1762046
FR;0;2023-01-23;321;409;1737;11035;268;1299;11258;27211;14813;54651163;52081902;37848798;9454339;53746574;40972346;9898267;5194471;1776859
FR;0;2023-01-24;475;527;2592;20711;371;1941;21021;50999;28299;54651638;52082429;37851390;9475050;53746945;40974287;9919288;5245470;1805158
FR;0;2023-01-25;404;552;1949;12610;394;1480;13039;30752;16451;54652042;52082981;37853339;9487660;53747339;40975767;9932327;5276222;1821609
FR;0;2023-01-26;435;525;2379;17183;378;1784;17492;42415;23367;54652477;52083506;37855718;9504843;53747717;40977551;9949819;5318637;1844976
FR;0;2023-01-27;525;660;2653;18513;486;2014;18760;45003;24526;54653002;52084166;37858371;9523356;53748203;40979565;9968579;5363640;1869502
FR;0;2023-01-28;237;290;866;4521;234;691;4640;9984;4749;54653239;52084456;37859237;9527877;53748437;40980256;9973219;5373624;1874251
FR;0;2023-01-29;42;72;124;466;55;102;504;1098;548;54653281;52084528;37859361;9528343;53748492;40980358;9973723;5374722;1874799
FR;0;2023-01-30;365;448;1341;8283;319;1109;8475;20926;11426;54653646;52084976;37860702;9536626;53748811;40981467;9982198;5395648;1886225
FR;0;2023-01-31;424;485;2042;14087;327;1528;14322;36840;21237;54654070;52085461;37862744;9550713;53749138;40982995;9996520;5432488;1907462
FR;0;2023-02-01;403;519;1713;8340;391;1463;8496;22186;12589;54654473;52085980;37864457;9559053;53749529;40984458;10005016;5454674;1920051
FR;0;2023-02-02;367;499;1717;11879;341;1423;12087;31621;18232;54654840;52086479;37866174;9570932;53749870;40985881;10017103;5486295;1938283
FR;0;2023-02-03;477;644;2056;12623;479;1640;12801;33740;19435;54655317;52087123;37868230;9583555;53750349;40987521;10029904;5520035;1957718
FR;0;2023-02-04;195;276;671;3132;237;563;3177;7449;3823;54655512;52087399;37868901;9586687;53750586;40988084;10033081;5527484;1961541
FR;0;2023-02-05;25;65;89;245;42;87;261;589;284;54655537;52087464;37868990;9586932;53750628;40988171;10033342;5528073;1961825
FR;0;2023-02-06;302;353;1093;5411;284;861;5592;15357;9041;54655839;52087817;37870083;9592343;53750912;40989032;10038934;5543430;1970866
FR;0;2023-02-07;348;494;1598;9722;364;1310;9876;28133;16867;54656187;52088311;37871681;9602065;53751276;40990342;10048810;5571563;1987733
FR;0;2023-02-08;297;382;1125;6035;301;911;6201;16929;9734;54656484;52088693;37872806;9608100;53751577;40991253;10055011;5588492;1997467
FR;0;2023-02-09;339;468;1296;7878;340;1105;8061;22719;13609;54656823;52089161;37874102;9615978;53751917;40992358;10063072;5611211;2011076
FR;0;2023-02-10;461;545;1509;8344;431;1268;8485;23725;13943;54657284;52089706;37875611;9624322;53752348;40993626;10071557;5634936;2025019
FR;0;2023-02-11;164;220;578;2145;174;508;2232;5423;2765;54657448;52089926;37876189;9626467;53752522;40994134;10073789;5640359;2027784
FR;0;2023-02-12;38;42;59;175;41;53;197;438;208;54657486;52089968;37876248;9626642;53752563;40994187;10073986;5640797;2027992
FR;0;2023-02-13;227;320;741;3321;243;675;3417;9574;5488;54657713;52090288;37876989;9629963;53752806;40994862;10077403;5650371;2033480
FR;0;2023-02-14;291;370;1181;5944;270;1004;6096;17509;10398;54658004;52090658;37878170;9635907;53753076;40995866;10083499;5667880;2043878
FR;0;2023-02-15;285;388;953;4073;286;827;4251;12192;7154;54658289;52091046;37879123;9639980;53753362;40996693;10087750;5680072;2051032
FR;0;2023-02-16;260;396;1134;5159;261;988;5319;14993;8730;54658549;52091442;37880257;9645139;53753623;40997681;10093069;5695065;2059762
FR;0;2023-02-17;365;465;1301;5472;373;1140;5695;16365;9617;54658914;52091907;37881558;9650611;53753996;40998821;10098764;5711430;2069379
FR;0;2023-02-18;159;215;555;1624;169;484;1694;4053;2045;54659073;52092122;37882113;9652235;53754165;40999305;10100458;5715483;2071424
FR;0;2023-02-19;37;38;48;139;36;39;140;337;167;54659110;52092160;37882161;9652374;53754201;40999344;10100598;5715820;2071591
FR;0;2023-02-20;242;336;705;2827;251;662;2947;8401;4800;54659352;52092496;37882866;9655201;53754452;41000006;10103545;5724221;2076391
FR;0;2023-02-21;266;412;1065;4520;267;928;4710;13911;8226;54659618;52092908;37883931;9659721;53754719;41000934;10108255;5738132;2084617
FR;0;2023-02-22;241;367;731;2935;278;694;2972;9016;5271;54659859;52093275;37884662;9662656;53754997;41001628;10111227;5747148;2089888
FR;0;2023-02-23;223;359;931;3978;246;836;4167;12192;7119;54660082;52093634;37885593;9666634;53755243;41002464;10115394;5759340;2097007
FR;0;2023-02-24;286;465;1028;4379;344;898;4558;12897;7399;54660368;52094099;37886621;9671013;53755587;41003362;10119952;5772237;2104406
FR;0;2023-02-25;122;163;443;1191;141;360;1270;3174;1613;54660490;52094262;37887064;9672204;53755728;41003722;10121222;5775411;2106019
FR;0;2023-02-26;20;27;34;101;27;35;113;256;111;54660510;52094289;37887098;9672305;53755755;41003757;10121335;5775667;2106130
FR;0;2023-02-27;204;321;593;1986;245;575;2056;6524;3922;54660714;52094610;37887691;9674291;53756000;41004332;10123391;5782191;2110052
FR;0;2023-02-28;259;362;833;3563;244;802;3705;12086;7435;54660973;52094972;37888524;9677854;53756244;41005134;10127096;5794277;2117487
FR;0;2023-03-01;212;309;673;1972;252;614;2141;6554;3902;54661185;52095281;37889197;9679826;53756496;41005748;10129237;5800831;2121389
FR;0;2023-03-02;209;304;815;2959;219;693;3179;10047;6173;54661394;52095585;37890012;9682785;53756715;41006441;10132416;5810878;2127562
FR;0;2023-03-03;316;448;1000;3656;339;892;3790;11705;6910;54661710;52096033;37891012;9686441;53757054;41007333;10136206;5822583;2134472
FR;0;2023-03-04;126;211;348;1071;153;330;1085;2768;1366;54661836;52096244;37891360;9687512;53757207;41007663;10137291;5825351;2135838
FR;0;2023-03-05;23;25;23;49;22;26;50;195;112;54661859;52096269;37891383;9687561;53757229;41007689;10137341;5825546;2135950
FR;0;2023-03-06;222;261;507;1407;186;489;1481;4663;2696;54662081;52096530;37891890;9688968;53757415;41008178;10138822;5830209;2138646
FR;0;2023-03-07;182;307;633;2342;213;587;2431;7890;4859;54662263;52096837;37892523;9691310;53757628;41008765;10141253;5838099;2143505
FR;0;2023-03-08;155;279;501;1410;214;444;1497;4915;2892;54662418;52097116;37893024;9692720;53757842;41009209;10142750;5843014;2146397
FR;0;2023-03-09;163;272;603;1971;181;575;2045;7001;4305;54662581;52097388;37893627;9694691;53758023;41009784;10144795;5850015;2150702
FR;0;2023-03-10;311;437;852;2577;320;776;2700;8832;5296;54662892;52097825;37894479;9697268;53758343;41010560;10147495;5858847;2155998
FR;0;2023-03-11;122;164;306;781;124;263;834;2256;1159;54663014;52097989;37894785;9698049;53758467;41010823;10148329;5861103;2157157
FR;0;2023-03-12;9;23;26;60;21;26;62;173;84;54663023;52098012;37894811;9698109;53758488;41010849;10148391;5861276;2157241
FR;0;2023-03-13;132;203;435;1083;151;393;1161;3609;2028;54663155;52098215;37895246;9699192;53758639;41011242;10149552;5864885;2159269
FR;0;2023-03-14;188;270;614;1841;184;601;1920;6605;4015;54663343;52098485;37895860;9701033;53758823;41011843;10151472;5871490;2163284
FR;0;2023-03-15;156;232;452;1153;190;420;1235;4153;2434;54663499;52098717;37896312;9702186;53759013;41012263;10152707;5875643;2165718
FR;0;2023-03-16;171;250;545;1586;180;499;1688;5721;3427;54663670;52098967;37896857;9703772;53759193;41012762;10154395;5881364;2169145
FR;0;2023-03-17;269;335;690;1972;248;609;2126;7118;4247;54663939;52099302;37897547;9705744;53759441;41013371;10156521;5888482;2173392
FR;0;2023-03-18;117;145;272;584;96;265;641;1943;1004;54664056;52099447;37897819;9706328;53759537;41013636;10157162;5890425;2174396
FR;0;2023-03-19;14;16;21;44;17;12;50;107;47;54664070;52099463;37897840;9706372;53759554;41013648;10157212;5890532;2174443
FR;0;2023-03-20;140;234;428;992;151;429;1079;3662;2075;54664210;52099697;37898268;9707364;53759705;41014077;10158291;5894194;2176518
FR;0;2023-03-21;202;254;620;1524;178;573;1688;6154;3728;54664412;52099951;37898888;9708888;53759883;41014650;10159979;5900348;2180246
FR;0;2023-03-22;182;216;445;949;163;408;1061;3612;2094;54664594;52100167;37899333;9709837;53760046;41015058;10161040;5903960;2182340
